,21.0,22.0,23.0,24.0,25.0,26.0,27.0,28.0,29.0,30.0,31.0,32.0,33.0,34.0,35.0,36.0,37.0,38.0,39.0,40.0,71.0,72.0,73.0,74.0,75.0,76.0,77.0,78.0,79.0,80.0,91.0,92.0,93.0,94.0,95.0,96.0,97.0,98.0,99.0,100.0,61.0,62.0,63.0,64.0,65.0,66.0,67.0,68.0,69.0,70.0,41.0,42.0,43.0,44.0,45.0,46.0,47.0,48.0,49.0,50.0,51.0,52.0,53.0,54.0,55.0,56.0,57.0,58.0,59.0,60.0,1.0,2.0,3.0,4.0,5.0,6.0,7.0,8.0,9.0,10.0,11.0,12.0,13.0,14.0,15.0,16.0,17.0,18.0,19.0,20.0,81.0,82.0,83.0,84.0,85.0,86.0,87.0,88.0,89.0,90.0
0,1019.841796875,1017.2550659179688,1018.0223999023438,1026.654296875,1026.1275634765625,1029.0750732421875,1023.1089477539062,1023.9216918945312,1015.9441528320312,1021.0380859375,1025.405029296875,1019.11767578125,1022.9945068359376,1020.1768188476562,1022.2448120117188,1026.7205810546875,1022.9688110351562,1022.5924072265624,1018.9408569335938,1018.7984619140624,1031.207275390625,1032.393798828125,1012.1074829101562,1037.750732421875,1026.502197265625,1019.9811401367188,1022.9480590820312,1028.968994140625,1011.6344604492188,1029.145751953125,1021.5764770507812,1017.2882080078124,1023.9295043945312,1020.6842041015624,1024.251220703125,1016.5064086914062,1024.6707763671875,1015.337158203125,1018.5478515625,1022.419921875,1025.5640869140625,1021.4923706054688,1025.752685546875,1023.2546997070312,1030.267822265625,1012.5655517578124,1030.12109375,1019.283203125,1022.3299560546876,1010.1800537109376,1025.8720703125,1027.20166015625,1019.5689697265624,1026.0736083984375,1027.16015625,1018.78369140625,1015.9481811523438,1017.8041381835938,1023.2951049804688,1029.3807373046875,1020.5818481445312,1031.957763671875,1025.184326171875,1025.9273681640625,1014.2581787109376,1021.0170288085938,1017.1079711914062,1016.815185546875,1026.142578125,1021.3458251953124,1016.7223510742188,1022.4426879882812,1004.9794311523438,1021.8270874023438,1021.0738525390624,1027.233642578125,1021.982177734375,1026.6968994140625,1021.3357543945312,1011.521484375,1027.6552734375,1025.8275146484375,1018.9283447265624,1022.4689331054688,1021.2160034179688,1028.7734375,1028.113037109375,1020.5866088867188,1019.3829345703124,1027.8642578125,1022.7041625976562,1021.423828125,1025.7188720703125,1019.6683959960938,1017.2039184570312,1022.044189453125,1015.1929321289062,1027.799072265625,1010.275390625,1016.53125
1,1020.8228149414062,1023.8108520507812,1016.6298828125,1022.9806518554688,1022.1052856445312,1021.2119140625,1022.6295166015624,1014.0761108398438,1024.62890625,1018.916015625,1023.46044921875,1024.1156005859375,1022.5529174804688,1023.0634765625,1013.4679565429688,1020.1986083984376,1010.6099243164062,1022.4051513671876,1022.02880859375,1032.06689453125,1015.3491821289062,1033.5360107421875,1022.2794799804688,1019.296875,1026.757080078125,1027.9248046875,1025.2882080078125,1021.8980102539062,1026.809326171875,1025.432373046875,1028.7047119140625,1017.8866577148438,1027.3480224609375,1020.9371948242188,1022.19384765625,1024.144287109375,1023.6283569335938,1022.3416137695312,1023.8815307617188,1021.72021484375,1022.5416259765624,1021.0783081054688,1024.44970703125,1017.5576171875,1011.8719482421876,1008.2388305664062,1030.267822265625,1024.971435546875,1020.9691162109376,1013.6111450195312,1015.4620361328124,1023.3265991210938,1021.3651733398438,1019.4317016601562,1019.8345336914062,1022.4769287109376,1024.99462890625,1012.8871459960938,1031.0162353515625,1022.7066040039062,1020.0886840820312,1030.25634765625,1020.1489868164062,1020.6548461914062,1035.890380859375,1024.0399169921875,1031.01318359375,1022.2875366210938,1022.631591796875,1033.1689453125,1022.6494140625,1022.62841796875,1009.003662109375,1024.99755859375,1023.4071655273438,1023.7308959960938,1007.3905639648438,1025.90234375,1022.3161010742188,1026.6939697265625,1014.5045776367188,1024.224609375,1022.32421875,1027.37255859375,1026.1573486328125,1034.2432861328125,1031.4434814453125,1021.136962890625,1017.7630004882812,1025.743896484375,1013.4256591796876,1018.3764038085938,1021.216064453125,1025.3277587890625,1027.8460693359375,1014.6015625,1016.3914184570312,1025.2587890625,1026.63818359375,1020.59912109375
2,1030.947998046875,1021.6012573242188,1019.0209350585938,1024.768798828125,1028.594482421875,1025.2420654296875,1029.8245849609375,1026.8021240234375,1012.7512817382812,1019.4161376953124,1023.3585815429688,1016.8811645507812,1019.5888671875,1026.7801513671875,1022.5250244140624,1019.5737915039062,1029.8782958984375,1025.11083984375,1018.5241088867188,1022.11376953125,1018.4899291992188,1030.6541748046875,1021.6639404296876,1017.6343994140624,1017.91943359375,1026.6143798828125,1028.500732421875,1020.953369140625,1025.29052734375,1027.7347412109375,1025.1397705078125,1027.384521484375,1022.2328491210938,1022.1210327148438,1018.594482421875,1031.5123291015625,1028.11865234375,1022.0791625976562,1013.6133422851562,1017.7625732421876,1022.9353637695312,1019.499755859375,1012.7593383789062,1027.3935546875,1021.8153686523438,1021.8651123046876,1035.938232421875,1011.65478515625,1025.344482421875,1017.3760375976562,1019.5079345703124,1018.3703002929688,1024.985595703125,1015.3218383789062,1013.1537475585938,1037.4290771484375,1024.5050048828125,1018.0148315429688,1031.376708984375,1019.7603759765624,1027.128173828125,1026.7022705078125,1028.128662109375,1027.5556640625,1023.4209594726562,1017.976806640625,1032.381591796875,1033.7874755859375,1024.0009765625,1027.7027587890625,1022.7182006835938,1027.3114013671875,1021.6205444335938,1021.2872924804688,1018.5194091796876,1010.52001953125,1033.183349609375,1020.5684204101562,1030.6263427734375,1026.22607421875,1030.715576171875,1015.935546875,1015.4584350585938,1026.305908203125,1013.0845336914062,1010.1000366210938,1023.2750244140624,1022.1728515625,1018.5430908203124,1026.98193359375,1015.4623413085938,1022.6041870117188,1022.8026123046876,1019.2977905273438,1023.3087158203124,1024.3231201171875,1021.8593139648438,1022.786376953125,1024.7347412109375,1018.218017578125
3,1023.5827026367188,1026.7537841796875,1011.171630859375,1022.9229125976562,1023.3302001953124,1014.7921752929688,1024.1895751953125,1022.9230346679688,1015.4383544921876,1013.418701171875,1017.870361328125,1019.1504516601562,1016.3853149414062,1021.712890625,1018.7420043945312,1033.41650390625,1023.5789794921876,1016.5986328125,1016.9038696289062,1022.6895141601562,1024.64501953125,1015.44873046875,1024.3560791015625,1021.6067504882812,1027.9090576171875,1012.6427001953124,1012.6580810546876,1027.0880126953125,1021.9420776367188,1029.5936279296875,1014.4113159179688,1022.169921875,1025.3040771484375,1018.1593627929688,1024.5076904296875,1016.7640380859376,1024.63134765625,1020.3519287109376,1026.557373046875,1025.158935546875,1022.6408081054688,1008.4548950195312,1021.7488403320312,1012.9065551757812,1025.4290771484375,1020.3363647460938,1023.5767211914062,1021.6780395507812,1023.0049438476562,1023.838134765625,1022.0831298828124,1018.3190307617188,1011.3839721679688,1013.1287231445312,1020.3334350585938,1028.447265625,1016.9213256835938,1016.7442016601562,1026.2669677734375,1027.512451171875,1032.6260986328125,1017.6405029296876,1030.328857421875,1016.9525146484376,1018.396240234375,1020.9713134765624,1021.7899780273438,1033.5291748046875,1022.3427734375,1025.763427734375,1022.1198120117188,1023.708740234375,1024.684814453125,1024.51318359375,1014.5494384765624,1034.420654296875,1019.4255981445312,1021.0376586914062,1023.9227905273438,1021.7748413085938,1028.0054931640625,1013.004638671875,1019.7613525390624,1022.0120849609376,1020.4981689453124,1014.6971435546876,1022.5321044921876,1030.5322265625,1017.2734985351562,1021.9498901367188,1012.5437622070312,1016.7108154296876,1014.7899169921876,1023.0540161132812,1030.320556640625,1022.5606079101562,1017.8527221679688,1018.2717895507812,1030.094482421875,1021.53662109375
4,1021.9202880859376,1021.1367797851562,1012.8309326171876,1023.2112426757812,1014.9959716796876,1027.2489013671875,1029.0394287109375,1022.629638671875,1024.1893310546875,1020.8753662109376,1022.3001098632812,1030.2745361328125,1014.8635864257812,1015.7562255859376,1013.0843505859376,1014.19189453125,1020.7581176757812,1021.19091796875,1021.8028564453124,1020.4320068359376,1022.2572021484376,1021.0419311523438,1015.2401123046876,1023.3800659179688,1020.656494140625,1026.1160888671875,1020.7349853515624,1025.78515625,1029.684326171875,1023.6717529296876,1024.2757568359375,1017.3731079101562,1007.8311157226562,1030.21826171875,1022.407470703125,1023.5177001953124,1013.68408203125,1026.603759765625,1015.644775390625,1025.6104736328125,1025.056640625,1015.3803100585938,1021.9540405273438,1015.8544921875,1016.1143798828124,1011.5284423828124,1030.8714599609375,1017.5855712890624,1022.513916015625,1021.112548828125,1011.7738037109376,1024.7406005859375,1027.225830078125,1019.6351318359376,1025.5958251953125,1017.7682495117188,1012.3168334960938,1024.728515625,1023.0675048828124,1023.603515625,1021.084716796875,1027.51220703125,1023.24658203125,1025.63916015625,1030.237548828125,1017.817626953125,1022.4928588867188,1025.8914794921875,1018.1831665039062,1024.7012939453125,1021.2062377929688,1019.854736328125,1024.3800048828125,1022.2500610351562,1029.7923583984375,1025.3414306640625,1026.177734375,1028.7398681640625,1021.244384765625,1020.1713256835938,1027.4783935546875,1019.501220703125,1022.4609985351562,1016.7205810546876,1008.1909790039062,1021.0079956054688,1023.7523193359376,1019.728759765625,1027.6480712890625,1014.1114501953124,1020.57177734375,1018.3978271484376,1019.2674560546876,1034.9134521484375,1024.984619140625,1020.3917846679688,1024.6702880859375,1014.4239501953124,1027.7474365234375,1015.4775390625
5,1013.9889526367188,1017.4072875976562,1020.492919921875,1017.135498046875,1021.7319946289062,1022.702392578125,1018.311279296875,1026.5169677734375,1014.2202758789062,1018.2083129882812,1012.387451171875,1018.4132080078124,1023.6288452148438,1024.3280029296875,1024.7059326171875,1023.5353393554688,1024.055419921875,1013.3358154296876,1011.5584106445312,1020.787353515625,1013.8222045898438,1018.7799682617188,1022.2826538085938,1019.5091552734376,1019.0833129882812,1021.5765991210938,1017.479736328125,1014.6311645507812,1016.6934814453124,1023.3265991210938,1026.2667236328125,1026.8880615234375,1024.8511962890625,1017.580078125,1028.519775390625,1023.1226806640624,1015.0621337890624,1010.2322998046876,1030.5399169921875,1026.148681640625,1026.831298828125,1019.7308959960938,1014.3285522460938,1016.714111328125,1024.0008544921875,1028.6920166015625,1019.6077880859376,1024.51220703125,1024.642333984375,1010.6223754882812,1020.5721435546876,1018.7025756835938,1020.506103515625,1012.4852294921876,1021.4765625,1018.1390991210938,1019.8716430664062,1020.5084228515624,1028.00048828125,1027.3935546875,1025.1695556640625,1017.7064208984376,1017.0277099609376,1017.2540283203124,1024.689453125,1020.0758666992188,1014.3272705078124,1016.4502563476562,1028.502685546875,1026.9779052734375,1019.1329345703124,1028.556396484375,1020.4102783203124,1026.1336669921875,1016.9825439453124,1025.90966796875,1020.6668701171876,1021.869140625,1023.8805541992188,1025.8001708984375,1029.687255859375,1023.1649169921876,1026.12353515625,1024.8896484375,1023.4843139648438,1023.1595458984376,1017.4869995117188,1022.675048828125,1015.6635131835938,1013.6047973632812,1016.9820556640624,1022.5807495117188,1023.0635375976562,1017.5509033203124,1013.7334594726562,1026.116455078125,1020.6986694335938,1029.388916015625,1018.1229858398438,1020.50634765625
6,1024.9205322265625,1010.0775146484376,1012.043701171875,1031.0308837890625,1026.6551513671875,1018.7426147460938,1024.1885986328125,1015.687255859375,1009.8570556640624,1013.5750732421876,1019.9649658203124,1013.9478149414062,1017.0376586914062,1024.106689453125,1012.25048828125,1019.6116333007812,1014.8557739257812,1023.74462890625,1018.2623901367188,1015.089111328125,1025.5986328125,1011.7405395507812,1024.3514404296875,1019.9775390625,1031.148681640625,1008.0235595703124,1011.1076049804688,1032.906494140625,1012.2185668945312,1030.609619140625,1016.0556640625,1018.99853515625,1018.037841796875,1019.6796264648438,1021.5750732421876,1014.5240478515624,1016.9579467773438,1026.7254638671875,1025.0185546875,1017.711669921875,1024.5137939453125,1029.487060546875,1016.2057495117188,1015.6236572265624,1023.9620361328124,1027.870849609375,1024.8118896484375,1011.9937133789062,1023.921142578125,1021.6344604492188,1015.13232421875,1028.9256591796875,1020.92529296875,1013.558349609375,1025.0257568359375,1019.6795654296876,1009.4105224609376,1021.4053955078124,1025.814453125,1025.8873291015625,1017.1043090820312,1017.1668090820312,1025.765380859375,1029.524169921875,1022.8768920898438,1020.1471557617188,1014.7032470703124,1026.2578125,1031.14794921875,1012.93310546875,1019.2747192382812,1021.9426879882812,1019.1456298828124,1022.5523681640624,1023.4834594726562,1012.8666381835938,1024.7620849609375,1024.6373291015625,1017.6964721679688,1011.0607299804688,1026.3447265625,1025.1480712890625,1020.0637817382812,1028.8958740234375,1021.8287353515624,1020.6621704101562,1015.0164794921876,1025.4678955078125,1017.052978515625,1027.7630615234375,1018.252685546875,1019.0368041992188,1020.6395263671876,1011.2792358398438,1016.5916748046876,1024.62939453125,1026.9931640625,1016.9144287109376,1028.6595458984375,1025.0946044921875
7,1016.9819946289062,1022.5171508789062,1012.4234619140624,1024.579833984375,1012.5960693359376,1021.8257446289062,1015.7894897460938,1015.4296875,1016.8419189453124,1013.7925415039062,1016.3685302734376,1023.6493530273438,1010.2972412109376,1014.8909912109376,1014.9951171875,1026.348388671875,1017.7398681640624,1018.10888671875,1021.4429931640624,1021.1337890625,1029.4647216796875,1012.3869018554688,1017.3875732421876,1025.071533203125,1011.7943725585938,1022.9098510742188,1021.3631591796876,1019.4600219726562,1021.4028930664062,1015.8250732421876,1019.036376953125,1018.6943359375,1017.3231811523438,1019.1231689453124,1016.550048828125,1020.5875854492188,1020.8767700195312,1019.4594116210938,1023.5183715820312,1018.8528442382812,1024.0177001953125,1016.5555419921876,1020.6759033203124,1023.9779663085938,1013.7672729492188,1018.3179321289062,1023.1951293945312,1022.523681640625,1015.7927856445312,1011.3350219726562,1018.0213012695312,1016.4981689453124,1020.068115234375,1008.1077270507812,1018.8811645507812,1019.2031860351562,1019.1141967773438,1026.0030517578125,1030.266845703125,1020.781005859375,1019.3050537109376,1021.6099243164062,1026.0294189453125,1016.8497924804688,1016.7886962890624,1016.617919921875,1015.89501953125,1018.3885498046876,1022.612060546875,1016.8557739257812,1024.925048828125,1017.1341552734376,1016.1370239257812,1012.3265991210938,1019.2384643554688,1017.8012084960938,1022.0694580078124,1022.0535888671876,1024.283203125,1020.9759521484376,1014.8984375,1024.0103759765625,1017.1492919921876,1024.33056640625,1018.3485717773438,1013.6561889648438,1018.677734375,1021.8934936523438,1019.886474609375,1015.5507202148438,1027.515380859375,1017.8795776367188,1013.81494140625,1021.3923950195312,1014.0448608398438,1024.2764892578125,1024.791015625,1025.2366943359375,1019.7803955078124,1027.971435546875
8,1020.1621704101562,1022.3583984375,1006.5191650390624,1018.49951171875,1009.5560913085938,1021.5704345703124,1024.4757080078125,1016.984619140625,1008.7383422851562,1014.869873046875,1019.583984375,1022.777099609375,1022.977783203125,1020.0316162109376,1020.0999145507812,1021.4940185546876,1011.5693359375,1012.61767578125,1019.7894287109376,1020.896484375,1029.986083984375,1020.0445556640624,1017.1900024414062,1026.40380859375,1022.1222534179688,1008.5000610351562,1018.333251953125,1017.607421875,1010.4486083984376,1023.4970092773438,1019.734130859375,1011.8425903320312,1018.943115234375,1015.5244140625,1017.8136596679688,1014.828857421875,1012.9827270507812,1019.324462890625,1021.7965087890624,1018.099365234375,1009.7838134765624,1016.5890502929688,1014.861083984375,1021.155029296875,1016.390625,1018.3131103515624,1019.94921875,1027.9136962890625,1021.4840087890624,1017.29443359375,1019.4520263671876,1023.395263671875,1020.8753051757812,1025.2943115234375,1017.45068359375,1023.377685546875,1008.7255859375,1022.1047973632812,1014.8115844726562,1018.0208740234376,1022.6604614257812,1020.9360961914062,1025.5540771484375,1017.4921264648438,1021.413818359375,1021.7373046875,1022.4522094726562,1024.380615234375,1011.9280395507812,1015.4598388671876,1018.6258544921876,1021.002197265625,1015.5722045898438,1028.8192138671875,1018.8353271484376,1025.909423828125,1016.2171630859376,1025.6015625,1032.0,1019.6663818359376,1027.5965576171875,1021.5125122070312,1018.3368530273438,1013.681884765625,1014.5995483398438,1015.031005859375,1019.5264282226562,1021.9804077148438,1019.7645874023438,1022.1131591796876,1018.05859375,1020.0050048828124,1019.0048828125,1013.8577880859376,1020.181640625,1017.442138671875,1017.9052734375,1013.87646484375,1015.9213256835938,1024.382080078125
9,1017.18701171875,1010.0405883789062,1013.9594116210938,1020.4598388671876,1017.183837890625,1022.8355712890624,1019.8701171875,1023.2802734375,1013.718994140625,1012.0554809570312,1023.2681884765624,1018.4920043945312,1017.6455688476562,1015.9717407226562,1014.4766845703124,1015.59521484375,1020.0391235351562,1024.3380126953125,1013.5049438476562,1013.3820190429688,1029.6351318359375,1015.9249877929688,1008.2493896484376,1021.0997314453124,1020.2898559570312,1019.6257934570312,1013.1983642578124,1022.3951416015624,1023.3148803710938,1020.2255859375,1016.8155517578124,1009.165283203125,1017.8687133789062,1018.2842407226562,1015.781982421875,1018.24755859375,1017.3696899414062,1023.369873046875,1022.1167602539062,1023.5160522460938,1015.6010131835938,1015.956298828125,1011.9180908203124,1012.738037109375,1009.0126342773438,1028.20654296875,1020.033935546875,1016.4667358398438,1017.8084716796876,1018.9201049804688,1017.4039916992188,1020.92333984375,1016.7841186523438,1024.2266845703125,1018.8857421875,1022.7886962890624,1017.9232177734376,1019.1635131835938,1019.6616821289062,1013.1340942382812,1023.7833862304688,1021.3424682617188,1035.0303955078125,1017.2550048828124,1023.0458374023438,1026.627685546875,1022.4185791015624,1021.8136596679688,1018.1705322265624,1020.6478271484376,1007.1380615234376,1023.9429321289062,1021.5092163085938,1029.3387451171875,1015.4954833984376,1020.3533935546876,1020.6185913085938,1019.7601318359376,1026.147705078125,1014.7388916015624,1015.8524169921876,1039.5928955078125,1022.8475952148438,1013.1211547851562,1017.2213134765624,1009.3414306640624,1015.3815307617188,1034.7613525390625,1023.19970703125,1021.9105224609376,1014.261474609375,1016.4532470703124,1020.8364868164062,1022.8070068359376,1018.1976928710938,1021.7039794921876,1016.0560302734376,1022.2650146484376,1022.6190185546876,1013.8981323242188
10,1018.3530883789062,1021.6859741210938,1015.0534057617188,1017.7241821289062,1015.1067504882812,1015.7719116210938,1013.4169311523438,1028.388671875,1014.5274047851562,1020.4000854492188,1022.303466796875,1020.510009765625,1022.307861328125,1021.3856811523438,1019.8961791992188,1017.8073120117188,1022.510009765625,1013.8267211914062,1019.3987426757812,1009.399658203125,1012.8265991210938,1013.4920043945312,1013.8713989257812,1029.5714111328125,1017.917236328125,1017.08203125,1010.875732421875,1007.4146728515624,1015.1998291015624,1025.00146484375,1016.977783203125,1014.4223022460938,1009.5304565429688,1024.495849609375,1008.1797485351562,1013.9152221679688,1020.669677734375,1019.7241821289062,1017.74658203125,1009.5458984375,1017.7158813476562,1012.0195922851562,1017.6010131835938,1010.5208740234376,1016.4710083007812,1014.4476928710938,1018.1912231445312,1016.5062866210938,1008.8157958984376,1008.099365234375,1016.8546142578124,1012.5923461914062,1013.286865234375,1020.9757690429688,1023.633544921875,1026.1253662109375,1010.8073120117188,1021.0115356445312,1020.001708984375,1014.1089477539062,1018.30810546875,1020.7415771484376,1011.6856689453124,1012.9832763671876,1018.0094604492188,1014.2159423828124,1016.4143676757812,1021.7181396484376,1015.4578247070312,1025.684814453125,1015.6905517578124,1026.5838623046875,1014.1997680664062,1011.8045043945312,1013.8402099609376,1010.897216796875,1015.5310668945312,1028.736328125,1033.8619384765625,1017.673095703125,1010.9782104492188,1017.5008544921876,1013.8406372070312,1009.9994506835938,1016.1722412109376,1009.1365966796876,1020.2450561523438,1016.87255859375,1014.1442260742188,1009.5775146484376,1018.117919921875,1011.6957397460938,1016.9266967773438,1020.5530395507812,1018.2424926757812,1012.7283325195312,1012.7888793945312,1025.0909423828125,1017.6129760742188,1019.1643676757812
11,1020.84375,1019.196044921875,1010.8201293945312,1018.6023559570312,1007.3642578125,1016.22265625,1014.3475952148438,1015.0751953125,1010.3037109375,1011.324462890625,1006.8924560546876,1011.8522338867188,1016.541748046875,1013.5272216796876,1012.0372924804688,1013.7120361328124,1016.9773559570312,1005.8159790039062,1012.5873413085938,1007.0523681640624,1022.0830688476562,1014.3195190429688,1017.1156616210938,1030.12255859375,1029.197021484375,1014.7424926757812,1017.8258056640624,1021.1066284179688,1013.028076171875,1021.1290893554688,1016.4160766601562,1008.0214233398438,1008.1178588867188,1012.7696533203124,1016.4579467773438,1019.373046875,1015.4672241210938,1020.2119140625,1015.1393432617188,1021.3330688476562,1022.4610595703124,1010.3074340820312,1014.2518920898438,1016.5602416992188,1009.7372436523438,1026.696533203125,1015.5872802734376,1015.9956665039062,1016.2913208007812,1007.5359497070312,1024.3719482421875,1007.943603515625,1010.1129760742188,1013.6839599609376,1024.327392578125,1018.990478515625,1014.0448608398438,1013.5994873046876,1019.9004516601562,1016.4840087890624,1006.7260131835938,1015.9007568359376,1032.4888916015625,1021.372802734375,1015.487060546875,1027.646728515625,1022.5094604492188,1010.2540893554688,1016.4295654296876,1016.486328125,1011.6652221679688,1014.973388671875,1006.3779907226562,1017.076416015625,1014.1681518554688,1016.6843872070312,1008.0291748046876,1022.85107421875,1035.4908447265625,1022.2077026367188,1015.7443237304688,1020.4379272460938,1016.4620971679688,1018.84716796875,1020.4124755859376,1008.9098510742188,1011.3316650390624,1019.8331298828124,1017.9859008789062,1023.0114135742188,1014.6892700195312,1009.0166625976562,1025.5086669921875,1016.3651123046876,1005.742919921875,1007.8444213867188,1022.501953125,1010.9301147460938,1011.0374755859376,1023.3662719726562
12,1016.3837890625,1022.2685546875,1007.7609252929688,1010.373779296875,1010.5714721679688,1013.9127197265624,1019.1522216796876,1013.2416381835938,1013.22802734375,1011.9716186523438,1019.7807006835938,1012.8599243164062,1018.3528442382812,1023.5350341796876,1009.27001953125,1011.5191650390624,1014.77783203125,1009.9046020507812,1009.5972900390624,1012.4696655273438,1022.818115234375,1008.6245727539062,1016.5017700195312,1017.3032836914062,1028.019775390625,1013.9829711914062,1009.6353149414062,1020.77392578125,1016.5817260742188,1014.9638671875,1018.3004760742188,1008.56787109375,1007.0945434570312,1019.9114379882812,1023.5581665039062,1022.1253051757812,1012.060791015625,1014.3509521484376,1020.3079223632812,1020.138427734375,1011.1534423828124,1010.1854248046876,1012.4471435546876,1014.11572265625,1013.4277954101562,1016.6992797851562,1009.599609375,1011.0924072265624,1006.9489135742188,1010.982421875,1016.727783203125,1027.6024169921875,1018.1349487304688,1013.4414672851562,1003.4782104492188,1017.3502197265624,1011.1466674804688,1018.365234375,1018.05126953125,1009.1688232421876,1012.1315307617188,1013.6990356445312,1017.8978271484376,1011.193603515625,1008.942138671875,1019.9678344726562,1020.2200927734376,1019.8081665039062,1018.109375,1023.5223999023438,1011.2413330078124,1016.1676635742188,1010.517578125,1019.06201171875,1009.8565673828124,1012.4835205078124,1019.4053955078124,1026.205810546875,1019.7490234375,1022.4615478515624,1018.3317260742188,1021.2491455078124,1013.2643432617188,1016.1536865234376,1022.8934326171876,1014.0482177734376,1012.9404907226562,1021.740478515625,1010.7645874023438,1012.6930541992188,1005.1181640625,1011.2330322265624,1009.932373046875,1011.084716796875,1019.8206176757812,1011.3162841796876,1016.6212768554688,1026.5423583984375,1007.4137573242188,1011.1362915039062
13,1015.951416015625,1020.4326782226562,1007.91748046875,1014.84521484375,1010.576904296875,1015.6568603515624,1022.532958984375,1021.7623291015624,1008.9120483398438,1007.5012817382812,1020.049560546875,1007.962890625,1017.7697143554688,1007.2410278320312,1012.9552001953124,1020.969970703125,1019.13037109375,1006.0184936523438,1014.886962890625,1012.2164916992188,1029.2197265625,1008.04296875,1019.8436889648438,1023.5541381835938,1027.4515380859375,1023.97705078125,1010.9625244140624,1013.4510498046876,1008.09375,1017.3599243164062,1017.8697509765624,1007.5984497070312,1011.5639038085938,1006.99267578125,1014.7725830078124,1018.5315551757812,1009.6387329101562,1018.0084838867188,1019.716064453125,1012.4464721679688,1016.3392944335938,1009.4873657226562,1007.9526977539062,1011.6912231445312,1007.1685791015624,1018.4957885742188,1014.8092651367188,1015.1560668945312,1019.72314453125,1002.2178344726562,1021.2272338867188,1013.4977416992188,1013.873779296875,1022.2882080078124,1022.03369140625,1017.9329223632812,1005.0645751953124,1019.3240356445312,1017.9407958984376,1007.2074584960938,1021.201904296875,1023.9107666015624,1016.651611328125,1006.86962890625,1009.486328125,1014.421142578125,1025.9185791015625,1014.5369873046876,1013.6050415039062,1021.138916015625,1008.10546875,1015.177001953125,1008.8948364257812,1016.2342529296876,1005.3291625976562,1016.4338989257812,1007.2758178710938,1025.198486328125,1022.999267578125,1013.9780883789062,1016.5973510742188,1014.4937744140624,1010.1968994140624,1010.406494140625,1008.9315185546876,1013.5773315429688,1015.6985473632812,1008.4622192382812,1009.7935791015624,1017.0869750976562,1012.5219116210938,1012.5639038085938,1015.7948608398438,1014.3613891601562,1027.29248046875,1018.3038940429688,1015.4132690429688,1028.1492919921875,1014.6361694335938,1021.887939453125
14,1014.6250610351562,1019.8670654296876,1007.796875,1013.9778442382812,1008.8003540039062,1016.3652954101562,1023.51123046875,1023.7514038085938,1005.6251220703124,1006.0596313476562,1012.0658569335938,1007.673095703125,1011.6505126953124,1028.4464111328125,1010.3226318359376,1010.0381469726562,1020.0130615234376,1013.9581909179688,1011.3763427734376,1006.3700561523438,1022.85205078125,1008.12841796875,1013.4979248046876,1016.52734375,1019.0665893554688,1018.6755981445312,1012.9913330078124,1017.9348754882812,1009.2257080078124,1015.8257446289062,1015.3131103515624,1008.0914306640624,1010.7285766601562,1018.1380004882812,1008.252685546875,1013.3244018554688,1014.7229614257812,1011.2528076171876,1020.2623291015624,1015.0237426757812,1014.0311889648438,1013.018798828125,1008.918212890625,1011.0752563476562,1005.3710327148438,1008.7029418945312,1008.9684448242188,1012.381591796875,1020.4470825195312,1006.1602172851562,1010.626220703125,1017.2725830078124,1009.7505493164062,1007.7169189453124,1024.72900390625,1012.9684448242188,1007.0138549804688,1011.7916870117188,1018.9024047851562,1006.6117553710938,1010.7788696289062,1021.0419921875,1016.08642578125,1008.3850708007812,1013.3175048828124,1021.2545166015624,1009.28955078125,1014.963623046875,1012.1764526367188,1007.0125122070312,1006.7840576171876,1014.2965087890624,1006.8662109375,1007.5254516601562,1008.06396484375,1008.8878173828124,1010.259765625,1029.6102294921875,1011.97509765625,1013.8597412109376,1014.7688598632812,1016.3810424804688,1018.1536865234376,1007.8319702148438,1020.1355590820312,1011.411865234375,1012.9942626953124,1018.9786987304688,1007.7984008789062,1016.5794677734376,1013.746337890625,1006.7725830078124,1013.9324340820312,1014.6539306640624,1022.8973999023438,1009.3154296875,1017.5563354492188,1013.3242797851562,1013.98486328125,1013.6741333007812
15,1013.3295288085938,1016.2548217773438,1004.627197265625,1009.5341796875,1005.2523193359376,1010.7503051757812,1014.63818359375,1028.5174560546875,1009.55908203125,1008.3626708984376,1010.383056640625,1019.7111206054688,1013.6010131835938,1011.760009765625,1008.084716796875,1006.7385864257812,1016.9976806640624,1007.5599975585938,1011.3006591796876,1010.746337890625,1025.2232666015625,1006.2904052734376,1023.59326171875,1017.384521484375,1021.7576293945312,1013.3487548828124,1009.0684814453124,1021.2263793945312,1008.6751098632812,1012.7970581054688,1013.1973266601562,1008.21533203125,1010.9537963867188,1023.4244384765624,1011.5752563476562,1014.4713134765624,1012.9453125,1021.3546142578124,1016.2110595703124,1013.54638671875,1015.4681396484376,1007.0843505859376,1012.9840087890624,1010.638671875,1009.4865112304688,1020.393310546875,1016.1702270507812,1010.8499755859376,1009.2947998046876,1005.510009765625,1009.7889404296876,1017.789794921875,1009.8693237304688,1015.2899780273438,1022.0220947265624,1018.1113891601562,1002.7316284179688,1012.91015625,1007.734619140625,1011.44091796875,1017.9713745117188,1011.5291137695312,1023.0722045898438,1006.7879638671876,1009.1986083984376,1006.6744384765624,1017.0014038085938,1017.6902465820312,1007.5690307617188,1019.7869262695312,1005.2445068359376,1010.703125,1005.802978515625,1009.8692626953124,1010.29052734375,1018.3655395507812,1012.089599609375,1010.2212524414062,1011.281982421875,1019.8433227539062,1003.9955444335938,1014.76171875,1019.22119140625,1014.3432006835938,1010.562744140625,1012.6812133789062,1015.046142578125,1016.48193359375,1007.8331298828124,1016.5706176757812,1009.52587890625,1005.3368530273438,1010.9688110351562,1016.6240844726562,1016.7986450195312,1018.240966796875,1010.2711791992188,1019.9471435546876,1014.30517578125,1015.41845703125
16,1012.6578979492188,1007.487548828125,1004.8232421875,1012.0044555664062,1004.4976196289062,1012.977294921875,1029.4105224609375,1022.5474243164062,1004.1245727539062,1004.6569213867188,1011.8804931640624,1005.6094360351562,1013.5256958007812,1014.94189453125,1006.997314453125,1011.8870239257812,1009.244873046875,1008.4055786132812,1006.1228637695312,1006.689208984375,1025.942138671875,1006.364501953125,1014.1351928710938,1021.4627685546876,1015.8983154296876,1008.4634399414062,1009.84375,1014.0774536132812,1005.0558471679688,1009.7913208007812,1012.4168090820312,1005.965087890625,1009.7896728515624,1016.8275146484376,1004.5904541015624,1013.1229248046876,1010.736083984375,1004.0604248046876,1007.8983764648438,1017.2906494140624,1014.9102783203124,1011.2003173828124,1005.3308715820312,1007.0702514648438,1003.5919189453124,1010.0344848632812,1012.5921020507812,1015.0422973632812,1013.2713623046876,1003.5225219726562,1009.0347900390624,1015.2269897460938,1006.0867919921876,1016.8626708984376,1016.1146240234376,1008.0656127929688,1006.3027954101562,1010.2970581054688,1008.0404052734376,1005.4306030273438,1008.7666015625,1011.8241577148438,1020.614501953125,1007.85693359375,1011.623046875,1020.401611328125,1018.013916015625,1014.5223999023438,1010.12451171875,1021.5064697265624,1007.8652954101562,1013.0784912109376,1001.80908203125,1016.5048828125,1009.7157592773438,1008.866943359375,1008.6524047851562,1012.2604370117188,1016.9231567382812,1021.9089965820312,1010.0452880859376,1008.0684814453124,1025.132080078125,1016.4675903320312,1024.8729248046875,1013.9495239257812,1007.1762084960938,1024.9974365234375,1005.2633666992188,1010.2890014648438,1015.0784912109376,1008.6557006835938,1005.8374633789062,1007.2733154296876,1013.5978393554688,1013.4480590820312,1016.3935546875,1016.8775634765624,1011.90283203125,1011.727783203125
17,1009.9108276367188,1009.783447265625,1004.5381469726562,1005.3125610351562,1010.36181640625,1019.05810546875,1024.4844970703125,1019.5377197265624,1004.44677734375,1008.0814208984376,1010.0823364257812,1014.3926391601562,1015.82568359375,1012.3155517578124,1007.757080078125,1012.58154296875,1014.1143798828124,1011.0370483398438,1007.772216796875,1006.2576904296876,1017.688720703125,1004.6316528320312,1014.0152587890624,1015.4226684570312,1016.5695190429688,1007.130126953125,1006.2265014648438,1006.080078125,1006.07080078125,1009.502685546875,1012.1378173828124,1006.5908813476562,1003.0108642578124,1014.104248046875,1013.0477905273438,1019.1738891601562,1007.4700927734376,1003.229248046875,1010.528076171875,1010.4405517578124,1013.0370483398438,1008.6525268554688,1007.041015625,1004.3549194335938,1010.2960205078124,1018.5856323242188,1009.2019653320312,1016.6395874023438,1011.7073974609376,1004.4149780273438,1012.4837646484376,1017.7903442382812,1005.972412109375,1017.7149047851562,1011.748779296875,1013.0474853515624,1004.2537841796876,1008.203369140625,1013.2799072265624,1005.8614501953124,1007.5369873046876,1010.3348388671876,1025.0347900390625,1004.704833984375,1008.4237670898438,1015.9036865234376,1014.9400634765624,1010.3436889648438,1011.0758666992188,1015.3224487304688,1004.3087768554688,1010.844970703125,1006.16015625,1008.8352661132812,1007.8754272460938,1005.8154907226562,1004.4993286132812,1013.0904541015624,1017.2468872070312,1024.913818359375,1009.3037109375,1014.1481323242188,1017.618408203125,1015.0328979492188,1013.8221435546876,1010.7716064453124,1011.1541137695312,1016.264404296875,1004.1361083984376,1007.8838500976562,1007.7553100585938,1010.018310546875,1016.4668579101562,1021.5697021484376,1016.943603515625,1007.2493896484376,1015.5377807617188,1011.3187866210938,1012.2686767578124,1013.7313232421876
18,1009.2756958007812,1012.80810546875,1005.7482299804688,1009.5140991210938,1007.7847900390624,1009.7164916992188,1016.8001708984376,1019.681640625,1005.069091796875,1006.8182983398438,1004.9812622070312,1013.7772827148438,1014.9588623046876,1007.626953125,1007.1231689453124,1011.0105590820312,1009.126708984375,1004.4862670898438,1004.1566162109376,1003.9036254882812,1010.3540649414062,1004.3038940429688,1013.663330078125,1012.6036987304688,1020.2302856445312,1009.143798828125,1007.1947021484376,1016.1024169921876,1006.6599731445312,1007.8017578125,1012.1328735351562,1006.4044189453124,1008.88037109375,1011.4823608398438,1008.1250610351562,1017.2467651367188,1007.8670043945312,1008.6746826171876,1005.8564453125,1004.99462890625,1008.6826782226562,1009.1973876953124,1005.7567749023438,1005.9480590820312,1004.9696655273438,1019.4940795898438,1006.98583984375,1006.7013549804688,1006.350341796875,1003.3005981445312,1005.5382690429688,1012.10595703125,1009.0543823242188,1013.1309204101562,1008.5634155273438,1010.7024536132812,1006.7664184570312,1009.4574584960938,1008.7440795898438,1008.5284423828124,1006.395751953125,1008.781982421875,1020.565185546875,1009.9598388671876,1007.4600219726562,1023.85546875,1017.5166625976562,1010.2083740234376,1008.4053344726562,1015.4591674804688,1001.8386840820312,1011.0321044921876,1004.5787353515624,1008.4310913085938,1006.9421997070312,1007.0486450195312,1006.9359130859376,1022.9714965820312,1011.7734375,1020.3026123046876,1001.6356201171876,1011.6115112304688,1011.0814819335938,1007.5606689453124,1016.7166137695312,1010.9024047851562,1010.7015380859376,1022.8834228515624,1002.821044921875,1008.251220703125,1009.1324462890624,1005.5252075195312,1011.9189453125,1010.8494873046876,1011.5935668945312,1011.0596923828124,1011.2003784179688,1007.5831909179688,1015.3035888671876,1008.9522705078124
19,1006.7493896484376,1014.8103637695312,1004.7731323242188,1005.1221923828124,1007.1764526367188,1015.0399780273438,1023.86767578125,1011.2366943359376,1003.21923828125,1005.6739501953124,1003.8627319335938,1007.6500854492188,1010.0003662109376,1009.6825561523438,1004.37353515625,1020.2307739257812,1006.19287109375,1002.1234741210938,1004.4956665039062,1005.8181762695312,1026.2489013671875,1001.4760131835938,1008.3547973632812,1011.394775390625,1013.2338256835938,1009.0706176757812,1002.8671875,1007.8605346679688,1002.8865966796876,1009.0444946289062,1009.0336303710938,1005.8034057617188,1009.6288452148438,1006.6046142578124,1006.9452514648438,1019.2694091796876,1004.8110961914062,1011.5115966796876,1007.9303588867188,1008.8528442382812,1004.62939453125,1009.8255615234376,1005.0465087890624,1005.26123046875,1003.3939819335938,1011.5795288085938,1008.1787719726562,1009.6094360351562,1006.5208740234376,1002.4957885742188,1011.7300415039062,1012.2201538085938,1010.1010131835938,1008.3055419921876,1006.1422729492188,1011.0405883789062,1004.7169799804688,1005.4219970703124,1011.5673828125,1003.9051513671876,1003.2666625976562,1011.89013671875,1010.2588500976562,1003.245361328125,1014.1776733398438,1026.062744140625,1015.5591430664062,1009.6284790039062,1009.0137939453124,1007.0174560546876,1001.6770629882812,1007.1156616210938,1001.3291625976562,1007.4662475585938,1004.2342529296876,1003.9832153320312,1005.3701171875,1013.341796875,1014.5021362304688,1021.4186401367188,1005.7403564453124,1008.7180786132812,1012.8045043945312,1008.6843872070312,1009.7173461914062,1006.4330444335938,1008.1633911132812,1017.1824340820312,1004.4718017578124,1013.336669921875,1008.3509521484376,1005.7783813476562,1005.4725341796876,1016.293701171875,1018.2025756835938,1010.0361938476562,1006.6466064453124,1013.9053955078124,1008.88818359375,1011.78857421875
20,1005.8919677734376,1012.02880859375,1003.2665405273438,1007.3843994140624,1002.4400024414062,1009.6287231445312,1023.339111328125,1010.8470458984376,1004.032958984375,1004.6466064453124,1004.2255859375,1008.916748046875,1010.8429565429688,1007.3767700195312,1004.0487670898438,1009.8869018554688,1010.5667114257812,1004.548095703125,1004.4191284179688,1006.7864990234376,1016.0226440429688,1002.6383666992188,1006.8851928710938,1014.4999389648438,1008.5339965820312,1010.3870239257812,1003.2950439453124,1007.7785034179688,1007.1162719726562,1006.8038330078124,1009.3557739257812,1004.274658203125,1005.5892333984376,1011.8063354492188,1006.9060668945312,1017.2639770507812,1007.0514526367188,1007.0726928710938,1007.4491577148438,1006.5106201171876,1010.1593017578124,1005.6383056640624,1002.8352661132812,1003.2822875976562,1005.6766357421876,1013.8165893554688,1009.4035034179688,1010.4517822265624,1004.8397216796876,1003.7522583007812,1007.08203125,1008.15966796875,1006.966796875,1005.3416137695312,1008.9403686523438,1008.1243896484376,1002.8889770507812,1007.5185546875,1010.7271728515624,1003.2692260742188,1006.5811767578124,1006.7217407226562,1004.7945556640624,1007.3872680664062,1011.7271728515624,1019.9266967773438,1017.2796630859376,1006.8427734375,1008.6658935546876,1009.2381591796876,1002.0678100585938,1009.6947021484376,1001.51513671875,1005.6040649414062,1006.079345703125,1004.64501953125,1004.8267211914062,1019.5945434570312,1012.1348876953124,1016.6898803710938,1003.5050048828124,1006.4147338867188,1018.4374389648438,1003.2900390625,1014.7677612304688,1005.6316528320312,1009.0551147460938,1017.0426025390624,1003.5407104492188,1011.472412109375,1003.93310546875,1001.9994506835938,1011.8073120117188,1015.3684692382812,1005.2919311523438,1010.4326782226562,1006.0343017578124,1012.5088500976562,1006.378173828125,1004.0296020507812
21,1005.5213012695312,1012.0865478515624,1001.6928100585938,1007.5670166015624,1003.4111328125,1010.8448486328124,1021.8075561523438,1011.9186401367188,1004.2476806640624,1003.6233520507812,1003.45703125,1011.3561401367188,1009.7753295898438,1011.059814453125,1009.364013671875,1010.0264282226562,1010.3490600585938,1002.0712280273438,1004.220947265625,1003.39501953125,1013.0503540039062,1003.044677734375,1005.801513671875,1007.0333862304688,1004.57421875,1003.3898315429688,1005.44189453125,1004.6535034179688,1002.9732055664062,1005.9083862304688,1010.9585571289062,1001.7427368164062,1007.0048217773438,1012.2333374023438,1004.963134765625,1013.0267333984376,1004.994873046875,1004.5407104492188,1004.8565673828124,1005.4459228515624,1003.1581420898438,1007.1361083984376,1002.2754516601562,1002.4197998046876,1002.2173461914062,1014.149658203125,1012.035888671875,1009.0379028320312,1005.8043212890624,1002.4722290039062,1005.50048828125,1009.6214599609376,1007.7464599609376,1008.522216796875,1007.4629516601562,1006.072021484375,1003.1560668945312,1006.9627685546876,1009.663330078125,1004.9243774414062,1003.3570556640624,1009.8411254882812,1014.8054809570312,1005.8648071289062,1008.1814575195312,1020.4044189453124,1008.6234741210938,1005.3588256835938,1010.447021484375,1018.1392211914062,1003.1027221679688,1008.2652587890624,1000.9780883789062,1007.1243896484376,1003.1906127929688,1005.188232421875,1004.704833984375,1026.72900390625,1010.736572265625,1011.52783203125,1006.758544921875,1015.7539672851562,1009.7638549804688,1006.1715698242188,1012.3958740234376,1008.7059326171876,1006.7520141601562,1016.8943481445312,1002.2047729492188,1009.4268798828124,1005.9615478515624,1006.3229370117188,1009.981689453125,1018.5071411132812,1007.2722778320312,1008.4874267578124,1010.3377075195312,1005.5872192382812,1009.577880859375,1006.7889404296876
22,1003.9461669921876,1005.3350830078124,1002.9727783203124,1004.5339965820312,1001.1201171875,1010.50439453125,1020.7142333984376,1016.3853149414062,1003.5806884765624,1003.2972412109376,1001.6852416992188,1007.5338134765624,1011.3860473632812,1005.302734375,1007.8255004882812,1013.4763793945312,1010.098876953125,1001.2382202148438,1003.1498413085938,1002.91650390625,1015.1729736328124,1001.1261596679688,1002.573974609375,1011.260009765625,1006.8327026367188,1002.5502319335938,1002.135009765625,1007.4569702148438,1000.975830078125,1002.486572265625,1007.7938842773438,1003.0471801757812,1005.0790405273438,1014.828125,1004.4591064453124,1017.2820434570312,1007.7194213867188,1001.7599487304688,1005.5234985351562,1003.6354370117188,1003.5234375,1005.71044921875,1001.1755981445312,1001.1129150390624,1002.9893798828124,1006.2120361328124,1003.3057250976562,1005.5293579101562,1003.5745849609376,1000.90576171875,1003.8296508789062,1010.0038452148438,1004.1761474609376,1004.39501953125,1008.8582153320312,1007.07763671875,1003.4945678710938,1008.7277221679688,1005.4683837890624,1003.4947509765624,1002.983642578125,1011.39990234375,1007.7753295898438,1002.0213623046876,1003.97607421875,1021.771728515625,1013.4729614257812,1008.5403442382812,1007.8286743164062,1010.9230346679688,1001.1414794921876,1006.00341796875,1001.5885009765624,1006.1497802734376,1004.9361572265624,1004.980712890625,1002.522216796875,1014.5183715820312,1008.3389282226562,1013.072021484375,1003.7797241210938,1008.0419921875,1012.81884765625,1005.737548828125,1011.6510620117188,1007.5928955078124,1004.06689453125,1011.1700439453124,1003.0390014648438,1005.9943237304688,1004.8580932617188,1002.0092163085938,1018.6937255859376,1006.3951416015624,1004.9965209960938,1010.0843505859376,1012.026123046875,1007.8760375976562,1009.8953857421876,1004.8797607421876
23,1004.723388671875,1009.642578125,1001.6033935546876,1004.4034423828124,1003.3740234375,1004.5840454101562,1023.8731689453124,1006.8804931640624,1001.5429077148438,1003.67333984375,1002.1593017578124,1008.37451171875,1010.4114990234376,1005.9896240234376,1005.6192626953124,1008.732421875,1007.3775024414062,1001.705322265625,1002.174072265625,1001.9301147460938,1013.0955200195312,1001.6824951171876,1003.8765258789062,1009.1607666015624,1005.4144287109376,1005.3717041015624,1001.8209228515624,1007.4671020507812,1001.4794921875,1003.1802368164062,1004.1553344726562,1002.3970336914062,1004.075439453125,1013.047607421875,1005.2992553710938,1016.927978515625,1003.509033203125,1004.1387939453124,1010.2921142578124,1004.322998046875,1007.1683349609376,1002.5707397460938,1002.2689819335938,1000.9373779296876,1001.2233276367188,1009.70849609375,1010.8138427734376,1007.1834106445312,1003.1912841796876,1000.95068359375,1005.3541870117188,1006.5133666992188,1006.3633422851562,1006.7413940429688,1005.8330688476562,1009.057861328125,1001.2451171875,1006.8421020507812,1003.4161376953124,1001.779541015625,1002.4700317382812,1008.28515625,1014.1517944335938,1004.8579711914062,1006.3307495117188,1015.4398803710938,1011.2672729492188,1003.97265625,1005.1690063476562,1009.0325927734376,1003.3602905273438,1003.9951171875,1000.7007446289062,1005.0011596679688,1002.0693359375,1002.0585327148438,1001.6324462890624,1011.9146118164062,1009.6282958984376,1013.8662719726562,1003.9840698242188,1005.3389282226562,1013.4259643554688,1004.0227661132812,1009.0848388671876,1004.5946655273438,1005.8792724609376,1011.2862548828124,1003.7604370117188,1008.8572387695312,1005.5690307617188,1002.7868041992188,1010.1302490234376,1012.755126953125,1010.6229858398438,1007.7748413085938,1007.26708984375,1005.4415893554688,1005.5581665039062,1008.2061767578124
24,1003.5879516601562,1007.5361938476562,1001.8648681640624,1002.5842895507812,1004.1886596679688,1009.0556640625,1019.6970825195312,1011.5665283203124,1001.5103149414062,1003.7521362304688,1002.6337890625,1004.6664428710938,1006.3547973632812,1007.285400390625,1004.6477661132812,1005.8060913085938,1002.507080078125,1002.2813720703124,1001.9734497070312,1002.1491088867188,1011.3916625976562,1000.7538452148438,1003.7923583984376,1009.7821655273438,1005.192138671875,1003.2305297851562,1001.4683227539062,1005.03271484375,1002.1401977539062,1003.3705444335938,1008.438232421875,1001.3310546875,1001.3524169921876,1013.55712890625,1001.6569213867188,1013.7809448242188,1006.1238403320312,1003.9701538085938,1010.7974243164062,1003.3673095703124,1002.656982421875,1004.6007080078124,1001.698486328125,1001.7020874023438,1002.7583618164062,1010.2035522460938,1008.0299682617188,1006.3659057617188,1001.9054565429688,1000.2490844726562,1004.44677734375,1005.081298828125,1003.8303833007812,1008.9500122070312,1003.8987426757812,1003.383056640625,1001.5708618164062,1006.4727172851562,1006.0404052734376,1001.0404663085938,1001.8573608398438,1008.9514770507812,1018.506103515625,1003.7979125976562,1004.8334350585938,1013.87646484375,1014.275634765625,1004.8937377929688,1005.86083984375,1013.4078979492188,1001.3836059570312,1003.2493286132812,1000.87646484375,1005.9989624023438,1002.048828125,1003.9940795898438,1003.2625732421876,1019.6851806640624,1009.341064453125,1010.9617919921876,1003.212646484375,1006.3117065429688,1005.6219482421876,1002.886962890625,1003.9512939453124,1004.34716796875,1005.9639282226562,1008.4788818359376,1001.4258422851562,1008.8255004882812,1006.220703125,1003.3295288085938,1014.9900512695312,1008.7683715820312,1009.2162475585938,1006.7545166015624,1009.6184692382812,1005.4111938476562,1005.3009033203124,1005.4886474609376
25,1003.154052734375,1008.6497192382812,1001.4482421875,1001.3578491210938,1001.1083374023438,1004.897705078125,1017.023681640625,1007.386962890625,1001.8885498046876,1002.6980590820312,1000.9671020507812,1006.2702026367188,1007.70263671875,1004.4428100585938,1002.489990234375,1009.2536010742188,1005.9847412109376,1001.0713500976562,1001.8156127929688,1001.555419921875,1016.3749389648438,1000.6917724609376,1002.33837890625,1010.3416748046876,1005.043701171875,1002.3005981445312,1001.2406616210938,1006.8218994140624,1001.8714599609376,1001.2944946289062,1006.3626708984376,1002.848388671875,1002.743408203125,1007.9631958007812,1004.3460693359376,1021.656494140625,1003.0304565429688,1002.9030151367188,1007.0615844726562,1003.5433959960938,1004.2977294921876,1003.8903198242188,1000.9341430664062,1002.5487670898438,1002.4029541015624,1005.7596435546876,1006.4134521484376,1004.1826782226562,1002.051513671875,1000.3228759765624,1004.8915405273438,1007.6498413085938,1003.6107177734376,1006.03076171875,1004.6115112304688,1003.20654296875,1002.177734375,1002.3126831054688,1005.6642456054688,1001.3626708984376,1002.8045043945312,1005.3313598632812,1011.3737182617188,1003.443603515625,1004.5167846679688,1011.9547119140624,1010.3567504882812,1002.67333984375,1005.414794921875,1015.560546875,1000.70849609375,1006.6133422851562,1000.4698486328124,1005.5243530273438,1003.2099609375,1003.0037231445312,1001.6047973632812,1023.9395141601562,1004.7593994140624,1009.337158203125,1002.0294799804688,1005.7568969726562,1010.6388549804688,1001.9021606445312,1005.8387451171876,1003.7416381835938,1005.4461059570312,1005.7514038085938,1004.2183837890624,1008.2109375,1005.1602172851562,1002.2343139648438,1003.8093872070312,1007.1602783203124,1005.1256713867188,1006.570068359375,1006.613037109375,1005.3406372070312,1005.2945556640624,1002.037841796875
26,1002.576416015625,1007.4232177734376,1001.381103515625,1002.24951171875,1001.171630859375,1008.0650634765624,1015.9935913085938,1008.2620239257812,1000.8223266601562,1002.5372314453124,1000.8159790039062,1002.839111328125,1009.63330078125,1005.4743041992188,1003.9579467773438,1002.3983764648438,1003.7616577148438,1000.775390625,1001.2863159179688,1001.5382080078124,1015.199951171875,1000.439453125,1002.3902587890624,1007.0260620117188,1002.325927734375,1003.073486328125,1001.4871826171876,1004.1841430664062,1000.941650390625,1001.9900512695312,1004.4890747070312,1001.9554443359376,1001.6634521484376,1005.0503540039062,1001.5371704101562,1010.714111328125,1005.0925903320312,1001.143798828125,1004.9724731445312,1001.9744262695312,1003.8468017578124,1002.5750732421876,1001.605224609375,1000.8358764648438,1000.7030029296876,1007.0706787109376,1004.7971801757812,1003.6038208007812,1001.5731811523438,1000.194091796875,1002.53857421875,1007.4037475585938,1004.6206665039062,1004.80029296875,1002.532958984375,1004.670166015625,1002.4994506835938,1003.6223754882812,1004.9256591796876,1002.16796875,1001.6880493164062,1009.2015380859376,1007.9006958007812,1001.055908203125,1002.76220703125,1009.69091796875,1006.523681640625,1004.152587890625,1003.4720458984376,1009.6812133789062,1001.0014038085938,1002.7670288085938,1000.829345703125,1005.275146484375,1001.6920166015624,1000.8151245117188,1001.9110107421876,1018.0133056640624,1009.275390625,1010.7199096679688,1003.8386840820312,1006.3299560546876,1009.6342163085938,1002.2081909179688,1007.6033935546876,1006.2325439453124,1003.4276123046876,1007.7271118164062,1002.8958740234376,1004.5958862304688,1005.2730102539062,1003.1500244140624,1006.5985717773438,1006.8153076171876,1004.1636962890624,1004.8912353515624,1006.033935546875,1005.5647583007812,1005.6295776367188,1003.9315185546876
27,1002.0997924804688,1004.6136474609376,1001.0932006835938,1002.1848754882812,1001.4113159179688,1005.6698608398438,1020.4009399414062,1003.04833984375,1000.5206298828124,1001.0831909179688,1000.5219116210938,1003.9924926757812,1006.0352172851562,1005.072021484375,1003.789306640625,1003.3904418945312,1003.0543212890624,1000.8295288085938,1001.1156005859376,1001.0941162109376,1006.8923950195312,1000.383056640625,1002.702880859375,1004.7593383789062,1003.7391357421876,1002.0025024414062,1001.3597412109376,1003.6036376953124,1001.48681640625,1002.0342407226562,1005.044189453125,1001.399658203125,1001.853515625,1008.6397705078124,1001.4422607421876,1019.5215454101562,1004.6026611328124,1001.2212524414062,1004.4961547851562,1003.1036987304688,1001.8562622070312,1002.7929077148438,1001.5157470703124,1000.91650390625,1000.8925170898438,1009.0982666015624,1004.93310546875,1003.2169799804688,1000.7647094726562,1000.2670288085938,1002.8710327148438,1004.7756958007812,1002.0826416015624,1004.104736328125,1004.1039428710938,1002.38916015625,1001.2955322265624,1003.096435546875,1002.5955200195312,1001.6206665039062,1001.2216796875,1007.9027709960938,1007.21826171875,1001.16162109375,1002.632080078125,1009.5220947265624,1006.8622436523438,1004.0799560546876,1004.0831909179688,1009.830078125,1000.7124633789062,1005.9261474609376,1001.7265014648438,1003.042724609375,1001.8124389648438,1002.9398803710938,1000.7879638671876,1021.8816528320312,1007.069580078125,1008.9249877929688,1001.744384765625,1006.980224609375,1009.9395751953124,1002.1033325195312,1005.1400146484376,1002.1820678710938,1003.3743286132812,1006.400634765625,1001.716064453125,1007.718994140625,1005.0136108398438,1001.14404296875,1004.6126098632812,1006.7843627929688,1003.9521484375,1005.2591552734376,1007.6891479492188,1002.2164916992188,1004.5215454101562,1004.1962280273438
28,1002.359130859375,1003.6649169921876,1001.2647705078124,1002.6983642578124,1000.4051513671876,1003.3583374023438,1022.9995727539062,1005.7407836914062,1000.54150390625,1001.1465454101562,1000.3267822265624,1003.2962036132812,1005.4500732421876,1003.3969116210938,1001.4852294921876,1004.095947265625,1003.3070678710938,1001.061767578125,1000.810302734375,1000.6503295898438,1011.6256103515624,1000.7528076171876,1003.4447021484376,1002.5237426757812,1003.15966796875,1001.7051391601562,1001.2991333007812,1003.3343505859376,1000.3287963867188,1002.0435180664062,1003.0979614257812,1001.0880737304688,1001.4537353515624,1008.7113647460938,1002.2742919921876,1009.945068359375,1003.3616943359376,1001.630126953125,1002.622802734375,1001.4869384765624,1002.7275390625,1002.4635009765624,1001.0387573242188,1001.430908203125,1001.0181274414062,1008.32470703125,1002.9797973632812,1001.7962036132812,1000.8297729492188,1000.3628540039062,1002.0584716796876,1003.1417846679688,1003.0712280273438,1002.7520751953124,1001.7551879882812,1002.5455322265624,1001.0591430664062,1005.0435180664062,1003.0492553710938,1002.1972045898438,1001.1053466796876,1006.506591796875,1001.6597900390624,1001.1448974609376,1001.0923461914062,1004.6762084960938,1005.4866943359376,1003.947021484375,1003.8071899414062,1003.0170288085938,1000.4442138671876,1003.8759765625,1000.5173950195312,1003.3006591796876,1001.1112060546876,1002.2026977539062,1001.566650390625,1012.9530639648438,1006.8152465820312,1003.9930419921876,1001.7332153320312,1004.3594360351562,1006.1621704101562,1001.3021850585938,1005.96240234375,1003.1449584960938,1002.7974243164062,1007.6027221679688,1000.912353515625,1003.643310546875,1002.46630859375,1002.1699829101562,1005.0502319335938,1007.2584228515624,1005.2356567382812,1002.5565795898438,1005.7107543945312,1001.1771850585938,1004.2026977539062,1002.5126342773438
29,1002.0447387695312,1003.9216918945312,1000.7439575195312,1001.4357299804688,1000.2962646484376,1005.2720947265624,1014.5543212890624,1002.79638671875,1000.739501953125,1001.6142578125,1000.4806518554688,1002.4586181640624,1003.9935302734376,1002.2974243164062,1001.9762573242188,1001.7998657226562,1001.4176635742188,1001.0209350585938,1000.3642578125,1000.5217895507812,1008.8754272460938,1000.3800048828124,1002.14697265625,1005.4620361328124,1001.8353271484376,1001.3681640625,1000.6296997070312,1002.331298828125,1000.7769165039062,1001.9326782226562,1002.6729736328124,1000.8554077148438,1000.6510620117188,1006.7022094726562,1001.568359375,1011.7802734375,1002.8699340820312,1001.11669921875,1002.6967163085938,1000.955810546875,1001.5476684570312,1001.8685913085938,1000.8416137695312,1000.7471313476562,1000.54345703125,1004.2278442382812,1001.3035278320312,1001.79931640625,1001.0997314453124,1000.2378540039062,1003.3182373046876,1003.0921630859376,1002.5701293945312,1004.885498046875,1001.9593505859376,1002.5986328125,1001.0408325195312,1004.1201782226562,1004.337890625,1001.6810302734376,1001.0870361328124,1005.0149536132812,1002.5850830078124,1000.9061889648438,1001.81298828125,1005.0189819335938,1006.567626953125,1002.1463012695312,1004.1277465820312,1004.524658203125,1000.4658813476562,1002.1873779296876,1000.4349975585938,1003.9663696289062,1001.5699462890624,1002.0860595703124,1001.46142578125,1007.36376953125,1005.5872802734376,1001.0103149414062,1001.4024658203124,1001.4441528320312,1005.057373046875,1001.30078125,1003.5724487304688,1004.831787109375,1003.197998046875,1005.8522338867188,1000.6475219726562,1002.5233154296876,1000.8231201171876,1001.5062255859376,1008.0243530273438,1006.89697265625,1003.2404174804688,1001.3343505859376,1002.2749633789062,1001.2850952148438,1005.8911743164062,1003.554931640625
30,1001.6205444335938,1002.5087890625,1000.952880859375,1001.2070922851562,1000.5846557617188,1002.0087890625,1010.6192016601562,1002.62548828125,1000.2695922851562,1001.3453979492188,1000.2562866210938,1003.9429931640624,1004.1234130859376,1002.9269409179688,1002.0204467773438,1002.2188720703124,1002.5342407226562,1000.6851806640624,1000.2490844726562,1000.3070068359376,1009.6986083984376,1000.2976684570312,1001.2631225585938,1003.9469604492188,1001.9124755859376,1001.6420288085938,1001.0449829101562,1001.516357421875,1000.2958374023438,1002.1805419921876,1003.7793579101562,1000.7173461914062,1001.1739501953124,1005.1931762695312,1001.5009155273438,1007.798095703125,1002.5394897460938,1000.3012084960938,1003.3776245117188,1001.162353515625,1001.8628540039062,1001.6463623046876,1000.7765502929688,1001.1051025390624,1000.432861328125,1007.582763671875,1002.6654663085938,1002.6756591796876,1000.2320556640624,1000.1890258789062,1001.7578735351562,1004.401123046875,1003.3312377929688,1000.831787109375,1002.62109375,1002.1633911132812,1001.0640869140624,1002.7044677734376,1004.1546630859376,1001.0056762695312,1000.3836669921876,1006.8954467773438,1004.860595703125,1000.9518432617188,1001.4974975585938,1011.800537109375,1003.5309448242188,1002.2637329101562,1001.8771362304688,1006.4459838867188,1000.3304443359376,1002.068115234375,1000.3763427734376,1003.4940795898438,1001.3473510742188,1002.5419921875,1000.8552856445312,1014.4718017578124,1005.0122680664062,1003.7547607421876,1000.6546020507812,1005.1275024414062,1004.675537109375,1000.75390625,1004.7216796875,1003.3059692382812,1002.4144897460938,1006.947265625,1000.548828125,1002.3338623046876,1001.6727905273438,1000.7788696289062,1003.7084350585938,1003.4148559570312,1002.7635498046876,1004.3790893554688,1003.2703247070312,1000.6495971679688,1004.8623046875,1003.1265258789062
31,1001.3001708984376,1001.0640258789062,1000.8054809570312,1000.7540893554688,1000.3062744140624,1002.2247314453124,1017.2220458984376,1003.6224975585938,1000.7957763671876,1000.9986572265624,1000.3692016601562,1001.3541259765624,1003.3804931640624,1004.2086181640624,1001.162353515625,1002.472900390625,1002.6201782226562,1000.7196044921876,1000.2405395507812,1000.4883422851562,1010.805419921875,1000.1182250976562,1002.3411254882812,1002.2803344726562,1001.676513671875,1001.3983154296876,1000.5899658203124,1002.5838623046876,1000.4403076171876,1000.811279296875,1002.9365844726562,1000.7357788085938,1001.2492065429688,1005.9657592773438,1000.4207763671876,1009.5112915039062,1002.4231567382812,1000.7590942382812,1005.1869506835938,1001.073486328125,1001.1947631835938,1001.8006591796876,1000.4049682617188,1001.0009765625,1000.7334594726562,1005.2811889648438,1002.8543701171876,1000.8746948242188,1000.2383422851562,1000.094482421875,1002.0029907226562,1002.73583984375,1002.7803344726562,1002.2120361328124,1001.5211181640624,1001.1415405273438,1000.5781860351562,1001.9183349609376,1002.78955078125,1000.9217529296876,1000.8574829101562,1004.3745727539062,1003.5428466796876,1000.7020263671876,1001.1439819335938,1008.5679931640624,1003.8499755859376,1002.2078857421876,1001.7788696289062,1004.9898681640624,1000.3201293945312,1001.2105712890624,1000.3218994140624,1002.132568359375,1001.243408203125,1000.85693359375,1001.0279541015624,1009.2293701171876,1003.584228515625,1004.9557495117188,1001.1153564453124,1005.7405395507812,1005.446533203125,1000.1943969726562,1002.5673217773438,1002.248046875,1002.328857421875,1003.5016479492188,1000.5083618164062,1002.1765747070312,1001.2776489257812,1000.3212890625,1006.2598876953124,1004.8606567382812,1001.640380859375,1003.2590942382812,1003.44189453125,1001.2940673828124,1003.0938110351562,1002.6888427734376
32,1001.6163940429688,1001.8612670898438,1000.8656616210938,1000.8519897460938,1000.1419677734376,1002.4541625976562,1014.5136108398438,1004.0557861328124,1000.3833618164062,1000.8681030273438,1000.3682250976562,1001.4506225585938,1003.46923828125,1001.5746459960938,1001.6525268554688,1001.2215576171876,1001.330810546875,1000.4302978515624,1000.4194946289062,1000.2142944335938,1010.9244384765624,1000.1870727539062,1001.2393188476562,1004.0386352539062,1001.2986450195312,1001.0921020507812,1000.4783325195312,1002.1434326171876,1000.2139282226562,1001.302490234375,1001.8952026367188,1000.7535400390624,1000.6290283203124,1004.3226318359376,1000.6740112304688,1008.7735595703124,1002.9068603515624,1000.6036987304688,1002.7261352539062,1001.3346557617188,1001.208984375,1000.8993530273438,1000.2439575195312,1000.5442504882812,1000.5748291015624,1005.9351196289062,1001.0119018554688,1001.1316528320312,1000.2079467773438,1000.1101684570312,1001.7881469726562,1002.8986206054688,1001.816650390625,1001.7020874023438,1002.6467895507812,1001.4197387695312,1000.3184204101562,1002.1307983398438,1001.9263916015624,1000.6449584960938,1000.8033447265624,1008.2313232421876,1008.218994140625,1001.0203247070312,1000.6578369140624,1004.2764282226562,1003.63134765625,1002.1649169921876,1000.7488403320312,1005.067138671875,1000.123291015625,1000.772705078125,1000.3384399414062,1003.1509399414062,1001.0357666015624,1001.419921875,1000.603759765625,1012.8486938476562,1004.6377563476562,1003.7955322265624,1000.7597045898438,1004.0244140625,1005.0188598632812,1000.4967651367188,1001.9940185546876,1001.0795288085938,1001.8118896484376,1003.210205078125,1000.6885375976562,1001.8607788085938,1001.0487060546876,1000.6182250976562,1001.0340576171876,1003.3087158203124,1002.0364990234376,1003.0357055664062,1002.5418701171876,1002.1033935546876,1003.504638671875,1001.4819946289062
33,1001.4078979492188,1001.4335327148438,1000.6122436523438,1001.0139770507812,1000.2633666992188,1001.4270629882812,1011.1322021484376,1004.5377807617188,1000.322265625,1000.459228515625,1000.3599853515624,1001.6361083984376,1004.41357421875,1002.3721923828124,1001.2451782226562,1001.5923461914062,1001.4904174804688,1000.306884765625,1000.465576171875,1000.30078125,1002.8613891601562,1000.1544799804688,1000.5877075195312,1002.1976928710938,1000.8092041015624,1000.6609497070312,1000.3738403320312,1000.98291015625,1000.2811279296876,1000.4266967773438,1002.9166259765624,1000.4616088867188,1000.6403198242188,1004.737548828125,1000.6248168945312,1011.6486206054688,1002.8997192382812,1000.90478515625,1002.1248779296876,1000.9779052734376,1001.1744384765624,1000.8346557617188,1000.4544677734376,1000.600830078125,1000.1764526367188,1005.2073974609376,1001.4493408203124,1000.71728515625,1000.266357421875,1000.0670166015624,1001.079345703125,1001.5372924804688,1001.858642578125,1001.6231079101562,1001.5003662109376,1001.413330078125,1000.66748046875,1001.7858276367188,1002.6820068359376,1000.331298828125,1000.4723510742188,1005.2427978515624,1001.9205932617188,1000.5692749023438,1000.5716552734376,1005.7156982421876,1001.9247436523438,1001.7457885742188,1001.879150390625,1001.51416015625,1000.1476440429688,1000.6818237304688,1000.158447265625,1002.6329345703124,1000.4348754882812,1001.0347900390624,1000.7591552734376,1011.14599609375,1003.3109741210938,1003.5570678710938,1000.88671875,1001.4196166992188,1002.7772827148438,1000.5260620117188,1003.0513916015624,1001.8604736328124,1001.8350830078124,1002.6414794921876,1000.38916015625,1002.6834716796876,1000.6680297851562,1000.4373779296876,1001.5274658203124,1001.8510131835938,1001.2830810546876,1003.0891723632812,1001.0400390625,1001.0160522460938,1003.7916870117188,1002.6937866210938
34,1000.7661743164062,1002.1961059570312,1000.8357543945312,1000.3028564453124,1000.21484375,1000.729736328125,1015.1782836914062,1002.4632568359376,1000.2970581054688,1000.5606079101562,1000.1510009765624,1001.19091796875,1002.4591674804688,1001.5877075195312,1000.9986572265624,1001.0166625976562,1001.7959594726562,1000.4479370117188,1000.3432006835938,1000.0874633789062,1004.03369140625,1000.1465454101562,1000.8428344726562,1001.6885375976562,1000.709228515625,1000.3356323242188,1000.332763671875,1001.75341796875,1000.1798706054688,1000.4740600585938,1001.4442138671876,1000.6322021484376,1000.8719482421876,1004.6024169921876,1000.4097290039062,1007.9005737304688,1002.4326171875,1000.5475463867188,1001.7289428710938,1000.5768432617188,1000.6923217773438,1000.8450317382812,1000.3438720703124,1000.2515258789062,1000.5455932617188,1001.903564453125,1001.2045288085938,1000.6617431640624,1000.0704956054688,1000.1309204101562,1001.2373046875,1002.0682983398438,1001.0713500976562,1000.9544677734376,1001.31884765625,1001.159423828125,1000.3809204101562,1001.896484375,1001.4690551757812,1000.5059204101562,1000.1605834960938,1002.8712158203124,1004.7750244140624,1000.3052368164062,1000.5612182617188,1005.6942749023438,1002.1121826171876,1002.000732421875,1001.0811767578124,1003.2380981445312,1000.1942138671876,1000.8858032226562,1000.13232421875,1002.2518310546876,1000.5528564453124,1000.5468139648438,1000.1151733398438,1008.758544921875,1002.5192260742188,1001.0145874023438,1000.7735595703124,1003.3562622070312,1002.9186401367188,1000.4992065429688,1002.4928588867188,1002.218994140625,1001.4307861328124,1006.0491333007812,1000.0867919921876,1001.7944946289062,1000.9638061523438,1000.2843017578124,1001.1312255859376,1001.057373046875,1000.7291870117188,1002.7465209960938,1001.5359497070312,1000.28125,1003.2272338867188,1001.080078125
35,1001.2554321289062,1001.102294921875,1000.5467529296876,1000.8681030273438,1000.1334228515624,1001.6831665039062,1010.6019287109376,1001.3580932617188,1000.318603515625,1000.4450073242188,1000.20849609375,1001.2137451171876,1002.3245239257812,1001.64453125,1000.0965576171876,1000.818115234375,1000.9609375,1000.1620483398438,1000.31787109375,1000.1259765625,1002.0201416015624,1000.1336059570312,1000.7899169921876,1001.8134155273438,1000.5819702148438,1000.2950439453124,1000.2569580078124,1000.7005004882812,1000.1834106445312,1000.8201293945312,1001.2261962890624,1000.51513671875,1000.7766723632812,1003.8971557617188,1000.3251342773438,1005.9212646484376,1001.7486572265624,1000.5123291015624,1003.4031372070312,1000.6790771484376,1000.5523071289062,1000.498291015625,1000.1879272460938,1000.1470947265624,1000.2164916992188,1003.5064697265624,1001.2440795898438,1000.5496826171876,1000.0419311523438,1000.1087036132812,1000.9810791015624,1001.7022094726562,1001.3211059570312,1001.6920776367188,1000.7915649414062,1001.2843017578124,1000.2882080078124,1001.9896850585938,1001.1895751953124,1000.452392578125,1000.2362060546876,1005.22314453125,1004.2474975585938,1000.2735595703124,1000.6082153320312,1005.0953369140624,1002.3219604492188,1000.6557006835938,1001.2058715820312,1002.4734497070312,1000.0797119140624,1000.5355834960938,1000.2822875976562,1002.1561279296876,1000.260498046875,1000.2854614257812,1000.3927612304688,1004.7886962890624,1002.2247924804688,1001.9046630859376,1000.5648193359376,1002.155517578125,1003.5591430664062,1000.4386596679688,1001.3999633789062,1000.7091674804688,1001.5244750976562,1005.4996337890624,1000.220947265625,1000.6617431640624,1001.0608520507812,1000.2566528320312,1002.3892211914062,1002.4727172851562,1001.1685791015624,1002.9742431640624,1002.410888671875,1000.673828125,1002.3523559570312,1000.7741088867188
36,1000.6651000976562,1000.5899047851562,1000.3019409179688,1000.5098876953124,1000.0164794921876,1000.564208984375,1019.3771362304688,1002.0927124023438,1000.2382202148438,1000.5047607421876,1000.0675048828124,1001.3007202148438,1001.846435546875,1001.0576782226562,1000.411865234375,1000.6498413085938,1001.1410522460938,1000.106201171875,1000.219970703125,1000.1004638671876,1002.8424072265624,1000.0593872070312,1000.7655639648438,1001.3567504882812,1000.525390625,1000.1516723632812,1000.1158447265624,1001.1651000976562,1000.1162719726562,1000.5242309570312,1001.0242309570312,1000.1991577148438,1000.2860717773438,1003.9447021484376,1000.20263671875,1006.1290283203124,1001.3580932617188,1000.3902587890624,1001.8065795898438,1000.1492309570312,1000.5792846679688,1001.7600708007812,1000.22216796875,1000.1793823242188,1000.22119140625,1002.3507080078124,1000.580322265625,1000.9220581054688,1000.1249389648438,1000.0861206054688,1001.5995483398438,1002.0254516601562,1001.159912109375,1000.8333129882812,1000.8726196289062,1000.7554931640624,1000.5252685546876,1002.0701904296876,1000.3709716796876,1000.3427124023438,1000.0383911132812,1002.5333251953124,1001.6510620117188,1000.2506713867188,1000.2709350585938,1006.2168579101562,1002.0150146484376,1000.7926635742188,1000.9917602539062,1002.4205932617188,1000.0702514648438,1000.2649536132812,1000.1331176757812,1002.043212890625,1000.2216186523438,1000.2405395507812,1000.20849609375,1009.9269409179688,1002.2636108398438,1001.432373046875,1000.468994140625,1000.1151123046876,1004.008056640625,1000.262451171875,1000.8722534179688,1000.5811157226562,1001.9610595703124,1003.7122192382812,1000.1373901367188,1001.6293334960938,1000.924560546875,1000.1176147460938,1001.23583984375,1002.04443359375,1000.4934692382812,1000.8355102539062,1002.189697265625,1000.840576171875,1001.417724609375,1001.4183349609376
37,1000.6492309570312,1000.4660034179688,1000.499267578125,1000.2771606445312,1000.0406494140624,1001.0975341796876,1010.8659057617188,1000.923095703125,1000.1551513671876,1000.3524780273438,1000.06591796875,1000.492919921875,1002.1168823242188,1001.3286743164062,1000.1259155273438,1000.3373413085938,1001.5524291992188,1000.081298828125,1000.0806884765624,1000.097900390625,1003.1868896484376,1000.0335693359376,1000.6206665039062,1001.4334106445312,1000.3854370117188,1000.0916748046876,1000.1380004882812,1000.995361328125,1000.1172485351562,1000.482177734375,1001.3111572265624,1000.2262573242188,1000.205810546875,1004.090087890625,1000.2101440429688,1008.177001953125,1001.9846801757812,1000.2086181640624,1001.5401000976562,1000.1924438476562,1000.3500366210938,1000.8790283203124,1000.1109619140624,1000.1414184570312,1000.212646484375,1000.9152221679688,1000.8029174804688,1000.5758666992188,1000.0464477539062,1000.0477905273438,1000.9264526367188,1001.2864990234376,1000.6797485351562,1000.3074951171876,1000.7308959960938,1000.6419677734376,1000.3245239257812,1002.1917114257812,1000.3353271484376,1000.2894287109376,1000.1402587890624,1001.875,1001.8027954101562,1000.100830078125,1000.3538208007812,1007.137939453125,1000.5621948242188,1000.58349609375,1000.8551635742188,1002.6295776367188,1000.0669555664062,1000.06640625,1000.023681640625,1002.443359375,1000.1932983398438,1000.2752075195312,1000.2719116210938,1004.7949829101562,1002.9989624023438,1000.6260986328124,1000.1946411132812,1000.742431640625,1001.6788940429688,1000.188720703125,1001.5957641601562,1001.4288940429688,1001.3882446289062,1002.510498046875,1000.1281127929688,1001.0838012695312,1000.81640625,1000.0841064453124,1000.9940185546876,1000.9528198242188,1000.3963012695312,1001.4263305664062,1001.2366943359376,1000.68359375,1001.6600952148438,1000.986572265625
38,1000.6617431640624,1000.0387573242188,1000.3590698242188,1000.3067626953124,1000.0186767578124,1000.213623046875,1012.2406616210938,1000.4287109375,1000.1168823242188,1000.277099609375,1000.05419921875,1000.562744140625,1001.7618408203124,1001.0780029296876,1000.3975219726562,1000.4575805664062,1000.7418823242188,1000.0137939453124,1000.209228515625,1000.0547485351562,1001.0552978515624,1000.0286865234376,1000.5645141601562,1000.8915405273438,1000.0257568359376,1000.0419921875,1000.0040893554688,1000.5205688476562,1000.1182861328124,1000.6109008789062,1001.9744873046876,1000.2304077148438,1000.06982421875,1002.723388671875,1000.1654663085938,1003.9700927734376,1001.0916748046876,1000.1802368164062,1001.7177734375,1000.369140625,1000.1600952148438,1000.5098266601562,1000.0590209960938,1000.0963134765624,1000.1035766601562,1002.2770385742188,1000.2594604492188,1000.6021728515624,1000.0269165039062,1000.0313110351562,1000.5834350585938,1001.3605346679688,1000.9883422851562,1000.554443359375,1000.5502319335938,1000.3886108398438,1000.1738891601562,1001.2066040039062,1000.6622314453124,1000.2782592773438,1000.0386352539062,1002.7892456054688,1000.8958129882812,1000.124267578125,1000.275390625,1004.3111572265624,1000.98486328125,1000.6304931640624,1000.550048828125,1001.6414184570312,1000.07177734375,1000.1991577148438,1000.0179443359376,1002.2153930664062,1000.12060546875,1000.1072387695312,1000.1253051757812,1006.4892578125,1000.9447631835938,1000.81005859375,1000.305419921875,1000.5773315429688,1001.761962890625,1000.166259765625,1000.3472900390624,1001.1093139648438,1001.5914306640624,1001.1170043945312,1000.0445556640624,1001.0538940429688,1000.3952026367188,1000.0824584960938,1001.43017578125,1000.88037109375,1000.2796630859376,1000.5958251953124,1001.2607421875,1000.2139892578124,1002.5166625976562,1000.9893798828124
39,1000.7394409179688,1000.3925170898438,1000.262451171875,1000.407470703125,1000.0255737304688,1000.0914916992188,1012.98291015625,1000.5743408203124,1000.0863037109376,1000.1876831054688,1000.0560302734376,1000.366455078125,1001.49951171875,1001.020751953125,1000.3003540039062,1000.378173828125,1000.9970703125,1000.0615234375,1000.096923828125,1000.0576782226562,1001.4794311523438,1000.0431518554688,1000.314208984375,1001.06591796875,1000.2252197265624,1000.1566162109376,1000.0521850585938,1000.42041015625,1000.0726318359376,1000.3176879882812,1000.6637573242188,1000.1790161132812,1000.0914306640624,1002.9059448242188,1000.061767578125,1002.6618041992188,1001.9613037109376,1000.0706176757812,1002.2163696289062,1000.2003784179688,1000.2496948242188,1000.3075561523438,1000.0706176757812,1000.1156005859376,1000.0966796875,1001.6922607421876,1000.3223266601562,1000.438720703125,1000.0174560546876,1000.0354614257812,1000.4808959960938,1000.4541015625,1000.8575439453124,1000.4058227539062,1000.873291015625,1000.2182006835938,1000.0995483398438,1001.1876220703124,1000.3760375976562,1000.2406616210938,1000.0308227539062,1002.6544189453124,1000.6228637695312,1000.046875,1000.1103515625,1002.4030151367188,1001.4817504882812,1000.5821533203124,1000.2534790039062,1001.3018188476562,1000.0587158203124,1000.0910034179688,1000.0913696289062,1001.6578979492188,1000.044189453125,1000.2376098632812,1000.029052734375,1004.8460693359376,1000.5006713867188,1000.9521484375,1000.1934204101562,1000.4640502929688,1000.8980712890624,1000.1090087890624,1001.075927734375,1000.5783081054688,1001.2903442382812,1001.4400024414062,1000.0371704101562,1000.74853515625,1000.4608764648438,1000.0513916015624,1000.6043090820312,1000.9236450195312,1000.4567260742188,1000.5485229492188,1000.9544677734376,1000.2315063476562,1002.5191040039062,1000.5003051757812
40,1000.4515991210938,1000.1528930664062,1000.1707763671876,1000.2919311523438,1000.0073852539062,1000.3384399414062,1005.6185913085938,1000.261962890625,1000.0663452148438,1000.1129150390624,1000.0328979492188,1000.4669189453124,1000.9638671875,1000.7994384765624,1000.1683959960938,1000.3179321289062,1000.5675048828124,1000.0362548828124,1000.037353515625,1000.0382690429688,1001.1800537109376,1000.0057373046876,1000.364501953125,1001.3985595703124,1000.0971069335938,1000.0484619140624,1000.0328979492188,1000.3067016601562,1000.026123046875,1000.3701171875,1000.7947998046876,1000.1495971679688,1000.1444091796876,1001.9898681640624,1000.05224609375,1004.0047607421876,1001.3624267578124,1000.1624755859376,1000.4953002929688,1000.1370849609376,1000.3057250976562,1000.5054321289062,1000.0949096679688,1000.056884765625,1000.0467529296876,1001.4800415039062,1000.2296142578124,1000.4512939453124,1000.0026245117188,1000.010009765625,1000.3527221679688,1000.8441162109376,1000.795166015625,1000.5086669921876,1000.715087890625,1000.206298828125,1000.1677856445312,1001.343994140625,1000.4222412109376,1000.3163452148438,1000.0226440429688,1001.90966796875,1000.2880859375,1000.034423828125,1000.2080688476562,1001.4231567382812,1001.5489501953124,1000.834716796875,1000.3388671875,1000.9384765625,1000.0360717773438,1000.144287109375,1000.0106811523438,1002.1968994140624,1000.0382690429688,1000.0835571289062,1000.0711059570312,1004.843505859375,1001.05322265625,1000.4060668945312,1000.2420654296876,1000.369384765625,1002.1538696289062,1000.0335083007812,1001.0401000976562,1000.6422729492188,1001.3164672851562,1000.7313232421876,1000.0471801757812,1000.5826416015624,1000.290771484375,1000.0448608398438,1000.430908203125,1000.5374755859376,1000.1159057617188,1000.532470703125,1000.9163818359376,1000.0632934570312,1000.8755493164062,1000.3046875
41,1000.2781982421876,1000.1292724609376,1000.1517944335938,1000.3297119140624,1000.0052490234376,1000.1649780273438,1006.5897216796876,1000.3173828125,1000.0630493164062,1000.0991821289062,1000.0418701171876,1000.4921264648438,1001.1318359375,1000.5391235351562,1000.1649780273438,1000.2281494140624,1000.7099609375,1000.0184326171876,1000.0693359375,1000.03662109375,1001.538330078125,1000.0413208007812,1000.2613525390624,1000.94775390625,1000.1470336914062,1000.0597534179688,1000.0662841796876,1000.3983154296876,1000.017822265625,1000.2451171875,1001.2142333984376,1000.0440673828124,1000.1468505859376,1002.8433227539062,1000.0333862304688,1005.313232421875,1001.3547973632812,1000.0657348632812,1001.2089233398438,1000.0857543945312,1000.1065673828124,1000.204345703125,1000.0318603515624,1000.0121459960938,1000.03515625,1001.8524169921876,1000.2109985351562,1000.3763427734376,1000.0062255859376,1000.0308837890624,1000.526123046875,1000.5756225585938,1000.5440063476562,1000.0601196289062,1000.485595703125,1000.1438598632812,1000.0643310546876,1001.1643676757812,1000.2727661132812,1000.2626953125,1000.0173950195312,1001.9031982421876,1000.4017944335938,1000.0654296875,1000.1748046875,1002.2988891601562,1001.54296875,1000.2183837890624,1000.375732421875,1001.369140625,1000.0339965820312,1000.0933227539062,1000.03955078125,1001.7180786132812,1000.0347900390624,1000.0524291992188,1000.1122436523438,1004.2127685546876,1000.6784057617188,1000.410888671875,1000.47509765625,1000.0618896484376,1002.3858642578124,1000.1151123046876,1000.5285034179688,1000.58935546875,1001.4107666015624,1000.39501953125,1000.0519409179688,1000.5617065429688,1000.42236328125,1000.0205688476562,1000.4287109375,1000.6625366210938,1000.0468139648438,1000.3800048828124,1000.69287109375,1000.1904907226562,1001.1088256835938,1000.2223510742188
42,1000.361083984375,1000.1495971679688,1000.0440673828124,1000.0845336914062,1000.0076293945312,1000.0453491210938,1003.0133056640624,1000.4422607421876,1000.0686645507812,1000.1337280273438,1000.0390014648438,1000.248291015625,1000.89697265625,1000.3316040039062,1000.0921630859376,1000.1533203125,1000.6536865234376,1000.0121459960938,1000.0325317382812,1000.0164184570312,1000.8868408203124,1000.013671875,1000.245361328125,1000.5980224609376,1000.0692138671876,1000.010498046875,1000.0330810546876,1000.1626586914062,1000.0175170898438,1000.1788940429688,1000.6852416992188,1000.089599609375,1000.0689086914062,1002.2095947265624,1000.0945434570312,1002.1962280273438,1001.0868530273438,1000.016357421875,1001.0923461914062,1000.0446166992188,1000.3223266601562,1000.1243286132812,1000.0682983398438,1000.0098266601562,1000.02685546875,1001.4261474609376,1000.0510864257812,1000.3681030273438,1000.0021362304688,1000.0071411132812,1000.4589233398438,1000.6055908203124,1000.5967407226562,1000.090576171875,1000.3145751953124,1000.2360229492188,1000.1328125,1000.91259765625,1000.2140502929688,1000.0874633789062,1000.0130615234376,1002.1947021484376,1000.2233276367188,1000.0639038085938,1000.0185546875,1001.4820556640624,1000.3955688476562,1000.3717041015624,1000.1187744140624,1000.6005249023438,1000.026123046875,1000.0718383789062,1000.0269775390624,1000.9846801757812,1000.039306640625,1000.0479736328124,1000.0267333984376,1006.277099609375,1000.2109985351562,1000.5514526367188,1000.07421875,1000.2169799804688,1001.25390625,1000.04736328125,1000.6688232421876,1000.2635498046876,1001.310546875,1000.3795776367188,1000.0061645507812,1000.3726196289062,1000.1587524414062,1000.0674438476562,1000.3513793945312,1000.5484619140624,1000.0637817382812,1000.1839599609376,1000.5413818359376,1000.109619140625,1001.0272216796876,1000.328369140625
43,1000.2071533203124,1000.057861328125,1000.2230834960938,1000.0978393554688,1000.0007934570312,1000.1687622070312,1007.1585083007812,1000.2007446289062,1000.0330200195312,1000.1068725585938,1000.0155639648438,1000.1736450195312,1000.5398559570312,1000.4046020507812,1000.0535278320312,1000.0942993164062,1000.334228515625,1000.0064697265624,1000.0166625976562,1000.017333984375,1000.1341552734376,1000.0197143554688,1000.1505737304688,1000.46875,1000.0325317382812,1000.0076904296876,1000.0193481445312,1000.212158203125,1000.0108642578124,1000.1357421875,1000.2796020507812,1000.0819091796876,1000.031494140625,1001.7110595703124,1000.0233764648438,1003.0635986328124,1000.8572387695312,1000.0306396484376,1000.5008544921876,1000.0623168945312,1000.1878051757812,1000.2109375,1000.0272216796876,1000.00244140625,1000.0458374023438,1001.1298217773438,1000.1762084960938,1000.289794921875,1000.0029907226562,1000.0072631835938,1000.5087280273438,1000.2099609375,1000.6962280273438,1000.0779418945312,1000.1461791992188,1000.0723876953124,1000.0513916015624,1000.7214965820312,1000.2861328125,1000.0878295898438,1000.0040283203124,1001.269775390625,1000.287841796875,1000.0296020507812,1000.0636596679688,1001.5364990234376,1000.4323120117188,1000.1892700195312,1000.2901611328124,1000.6970825195312,1000.0171508789062,1000.0144653320312,1000.0103759765624,1001.3147583007812,1000.028564453125,1000.01953125,1000.007080078125,1004.4725341796876,1000.2006225585938,1000.4088134765624,1000.1882934570312,1000.318603515625,1001.0791015625,1000.0480346679688,1000.2879028320312,1000.2167358398438,1001.0020141601562,1000.2626342773438,1000.0092163085938,1000.2821655273438,1000.150634765625,1000.0338134765624,1000.2986450195312,1000.4803466796876,1000.02978515625,1000.232421875,1000.3736572265624,1000.1002197265624,1000.9393310546876,1000.2548217773438
44,1000.4630737304688,1000.023193359375,1000.118896484375,1000.0977783203124,1000.0044555664062,1000.04248046875,1003.2494506835938,1000.11376953125,1000.0379638671876,1000.06884765625,1000.0120239257812,1000.1253662109376,1000.6460571289062,1000.1412963867188,1000.0435791015624,1000.0050659179688,1000.3180541992188,1000.0032958984376,1000.0459594726562,1000.0059814453124,1000.2866821289062,1000.0015869140624,1000.1019897460938,1000.4502563476562,1000.0294799804688,1000.0116577148438,1000.00341796875,1000.1630859375,1000.0106811523438,1000.1429443359376,1000.572021484375,1000.0127563476562,1000.019287109375,1002.609375,1000.0191650390624,1001.8719482421876,1000.7754516601562,1000.0377807617188,1000.384033203125,1000.0147094726562,1000.0933227539062,1000.0357055664062,1000.0225830078124,1000.0081787109376,1000.0331420898438,1000.8643188476562,1000.1444702148438,1000.1575927734376,1000.0010375976562,1000.010498046875,1000.2554931640624,1000.3139038085938,1000.5101318359376,1000.0697631835938,1000.06396484375,1000.0387573242188,1000.1094970703124,1000.5642700195312,1000.2402954101562,1000.163330078125,1000.0152587890624,1001.2444458007812,1000.107177734375,1000.0328979492188,1000.079833984375,1001.3238525390624,1000.451416015625,1000.242431640625,1000.1471557617188,1000.6299438476562,1000.0144653320312,1000.0032348632812,1000.0294189453124,1001.3753051757812,1000.006103515625,1000.0260009765624,1000.0239868164062,1004.8079833984376,1000.1166381835938,1000.2432861328124,1000.047607421875,1000.2599487304688,1000.9314575195312,1000.0662841796876,1000.2935180664062,1000.3257446289062,1001.042724609375,1000.2985229492188,1000.013427734375,1000.1344604492188,1000.245361328125,1000.0093994140624,1000.1900634765624,1000.6070556640624,1000.0616455078124,1000.1063232421876,1000.0684204101562,1000.122802734375,1001.2625732421876,1000.19873046875
45,1000.3873291015624,1000.021728515625,1000.0623168945312,1000.018310546875,1000.0004272460938,1000.0521240234376,1005.5091552734376,1000.1436767578124,1000.041748046875,1000.0460205078124,1000.01220703125,1000.12939453125,1000.8743286132812,1000.385986328125,1000.0159301757812,1000.0361328125,1000.4221801757812,1000.00732421875,1000.0205688476562,1000.0065307617188,1000.1925659179688,1000.0009155273438,1000.1209716796876,1000.5206298828124,1000.0093383789062,1000.00439453125,1000.0032348632812,1000.2075805664062,1000.0108642578124,1000.1544799804688,1000.3222045898438,1000.0242309570312,1000.0913696289062,1001.9016723632812,1000.0337524414062,1003.0235595703124,1000.7107543945312,1000.010009765625,1000.2686157226562,1000.0147705078124,1000.0242919921876,1000.093017578125,1000.0140380859376,1000.0001220703124,1000.0316772460938,1001.0541381835938,1000.0984497070312,1000.1317749023438,1000.0001220703124,1000.0020141601562,1000.3553466796876,1000.3211059570312,1000.4526977539062,1000.0782470703124,1000.0819091796876,1000.0458374023438,1000.0919189453124,1000.57958984375,1000.0745849609376,1000.061767578125,1000.0017700195312,1000.9261474609376,1000.1219482421876,1000.008544921875,1000.066162109375,1000.8209838867188,1000.2544555664062,1000.1068115234376,1000.1517944335938,1000.4608154296876,1000.0061645507812,1000.0220336914062,1000.0189208984376,1001.508056640625,1000.0109252929688,1000.0008544921876,1000.0034790039062,1003.9205322265624,1000.141845703125,1000.1399536132812,1000.0650024414062,1000.0911865234376,1000.9534301757812,1000.0330810546876,1000.2479858398438,1000.2514038085938,1000.9400024414062,1000.41748046875,1000.00439453125,1000.1564331054688,1000.1510009765624,1000.0135498046876,1000.2007446289062,1000.2068481445312,1000.0128784179688,1000.0625,1000.2540893554688,1000.0563354492188,1000.9574584960938,1000.1173095703124
46,1000.363525390625,1000.0263671875,1000.0352783203124,1000.0353393554688,1000.0,1000.0438232421876,1003.6864624023438,1000.113037109375,1000.029296875,1000.084716796875,1000.0039672851562,1000.114013671875,1000.2186279296876,1000.3106689453124,1000.0292358398438,1000.0743408203124,1000.3837280273438,1000.0,1000.0076293945312,1000.0004272460938,1000.0692138671876,1000.0035400390624,1000.0565185546876,1000.4755859375,1000.013916015625,1000.013671875,1000.001953125,1000.1463623046876,1000.0009765625,1000.1090698242188,1000.3556518554688,1000.001953125,1000.0894165039062,1002.0303955078124,1000.0044555664062,1002.2355346679688,1000.6307983398438,1000.0104370117188,1000.400146484375,1000.00439453125,1000.010986328125,1000.060302734375,1000.0051879882812,1000.00244140625,1000.0208740234376,1000.7692260742188,1000.0838623046876,1000.329833984375,1000.000244140625,1000.0023193359376,1000.5418090820312,1000.1886596679688,1000.3488159179688,1000.0466918945312,1000.1021728515624,1000.0286865234376,1000.0327758789062,1000.7140502929688,1000.0625610351562,1000.0877075195312,1000.0076904296876,1000.9219970703124,1000.1211547851562,1000.024169921875,1000.0298461914062,1001.00048828125,1000.1511840820312,1000.2254028320312,1000.1409301757812,1000.4983520507812,1000.007568359375,1000.0108642578124,1000.0132446289062,1001.0153198242188,1000.000732421875,1000.0317993164062,1000.005859375,1003.4851684570312,1000.1727294921876,1000.2357788085938,1000.01513671875,1000.0491943359376,1000.75048828125,1000.0330200195312,1000.2031860351562,1000.2178344726562,1000.700927734375,1000.1707763671876,1000.0,1000.1088256835938,1000.1102905273438,1000.0009155273438,1000.0565185546876,1000.344970703125,1000.003662109375,1000.1105346679688,1000.2965698242188,1000.0460815429688,1000.6524658203124,1000.0621337890624
47,1000.131591796875,1000.013671875,1000.0415649414062,1000.0455322265624,1000.0005493164062,1000.0166015625,1002.0986328125,1000.06591796875,1000.046875,1000.0670166015624,1000.0003051757812,1000.0965576171876,1000.1617431640624,1000.1259155273438,1000.0164794921876,1000.0202026367188,1000.493896484375,1000.0032958984376,1000.00146484375,1000.001220703125,1000.0839233398438,1000.0029296875,1000.0982055664062,1000.2393188476562,1000.0139770507812,1000.0032958984376,1000.0017700195312,1000.1472778320312,1000.0008544921876,1000.06201171875,1000.1048583984376,1000.0115966796876,1000.0282592773438,1001.7525634765624,1000.003662109375,1002.3240966796876,1000.784423828125,1000.006591796875,1000.2484741210938,1000.0220947265624,1000.0086059570312,1000.0878295898438,1000.004638671875,1000.0012817382812,1000.0103759765624,1000.7026977539062,1000.0252685546876,1000.3682250976562,1000.0000610351562,1000.0010375976562,1000.36767578125,1000.0867309570312,1000.3178100585938,1000.0216674804688,1000.1309204101562,1000.0261840820312,1000.0363159179688,1000.3218383789062,1000.09228515625,1000.0582885742188,1000.0004272460938,1000.5578002929688,1000.1512451171876,1000.023681640625,1000.0369873046876,1001.0338745117188,1000.2227172851562,1000.1300048828124,1000.04052734375,1000.4061279296876,1000.003173828125,1000.0248413085938,1000.0065307617188,1000.9803466796876,1000.0061645507812,1000.0048217773438,1000.005126953125,1002.7214965820312,1000.0657348632812,1000.1560668945312,1000.0169067382812,1000.0714721679688,1000.39501953125,1000.0201416015624,1000.2579345703124,1000.1788940429688,1000.8311157226562,1000.1347045898438,1000.0006713867188,1000.1209106445312,1000.0518798828124,1000.0010375976562,1000.1553344726562,1000.1497192382812,1000.0172729492188,1000.0220336914062,1000.2005004882812,1000.0545043945312,1000.4268798828124,1000.1968383789062
48,1000.1748046875,1000.0040283203124,1000.0576171875,1000.0206909179688,1000.0,1000.0225830078124,1002.2945556640624,1000.0391845703124,1000.0320434570312,1000.0274047851562,1000.0003051757812,1000.0159912109376,1000.1741943359376,1000.0589599609376,1000.006591796875,1000.0182495117188,1000.2866821289062,1000.0008544921876,1000.0037231445312,1000.0001831054688,1000.2055053710938,1000.0010375976562,1000.0885009765624,1000.3212280273438,1000.0090942382812,1000.0050659179688,1000.0006103515624,1000.0640258789062,1000.0005493164062,1000.0404663085938,1000.1767578125,1000.0044555664062,1000.0369262695312,1001.4755249023438,1000.0053100585938,1001.123291015625,1000.702880859375,1000.0130615234376,1000.0659790039062,1000.0224609375,1000.0128173828124,1000.02001953125,1000.0013427734376,1000.000732421875,1000.0079956054688,1000.4668579101562,1000.0604858398438,1000.108154296875,1000.0000610351562,1000.0018920898438,1000.2372436523438,1000.0431518554688,1000.2031860351562,1000.047119140625,1000.0986938476562,1000.0021362304688,1000.0252075195312,1000.5065307617188,1000.0521240234376,1000.0389404296876,1000.0003051757812,1000.4814453125,1000.0811157226562,1000.011962890625,1000.0210571289062,1001.3856811523438,1000.2230834960938,1000.0999755859376,1000.0595092773438,1000.2919921875,1000.0031127929688,1000.0087280273438,1000.0059814453124,1000.6841430664062,1000.0000610351562,1000.0006713867188,1000.0025634765624,1004.5659790039062,1000.0271606445312,1000.0986938476562,1000.0076293945312,1000.0247192382812,1000.339111328125,1000.0094604492188,1000.203857421875,1000.1047973632812,1000.6423950195312,1000.081787109375,1000.0001831054688,1000.0825805664062,1000.0667114257812,1000.0000610351562,1000.2537231445312,1000.3441162109376,1000.003662109375,1000.0358276367188,1000.0807495117188,1000.0222778320312,1000.4976806640624,1000.1289672851562
49,1000.03076171875,1000.0062255859376,1000.0084228515624,1000.0228271484376,999.9998168945312,1000.0172729492188,1002.681396484375,1000.0238037109376,1000.0304565429688,1000.0372924804688,1000.0000610351562,1000.1281127929688,1000.2531127929688,1000.05615234375,1000.0144653320312,1000.0370483398438,1000.278564453125,1000.0,1000.00830078125,1000.0000610351562,1000.12060546875,1000.0006713867188,1000.0433959960938,1000.2819213867188,1000.0055541992188,1000.0021362304688,1000.0,1000.0722045898438,1000.0001831054688,1000.0252075195312,1000.0930786132812,1000.0068359375,1000.0048828125,1001.5478515625,1000.004638671875,1000.927734375,1000.4781494140624,1000.005126953125,1000.1932983398438,1000.0089721679688,1000.0054321289062,1000.0146484375,1000.0006103515624,1000.0018310546876,1000.0025024414062,1000.4921875,1000.0407104492188,1000.0595092773438,1000.0,1000.0008544921876,1000.2080688476562,1000.0930786132812,1000.24951171875,1000.0526733398438,1000.0213012695312,1000.0101928710938,1000.0140380859376,1000.5897827148438,1000.0236206054688,1000.0321655273438,1000.0,1000.564453125,1000.104248046875,1000.0056762695312,1000.0238647460938,1000.9876708984376,1000.127197265625,1000.1158447265624,1000.0225830078124,1000.3955078125,1000.0006103515624,1000.004638671875,1000.0029907226562,1000.5999145507812,1000.0005493164062,1000.0025634765624,1000.0,1002.1740112304688,1000.0603637695312,1000.1483154296876,1000.0198364257812,1000.0338134765624,1000.5062255859376,1000.0120239257812,1000.2216186523438,1000.0661010742188,1000.6424560546876,1000.0480346679688,1000.0001220703124,1000.06494140625,1000.0636596679688,1000.0003051757812,1000.2210693359376,1000.2266235351562,1000.0100708007812,1000.0155029296876,1000.0814208984376,1000.0228271484376,1000.3333740234376,1000.0987548828124
50,1000.0543212890624,1000.0028686523438,1000.0316772460938,1000.0169067382812,1000.0000610351562,1000.00732421875,1001.4859008789062,1000.0188598632812,1000.0250854492188,1000.0476684570312,1000.000244140625,1000.0038452148438,1000.1458129882812,1000.0472412109376,1000.0049438476562,1000.0264282226562,1000.2056274414062,1000.00048828125,1000.0020141601562,1000.0,1000.1798706054688,1000.0,1000.0785522460938,1000.1796264648438,1000.00244140625,1000.00048828125,1000.0,1000.0316162109376,1000.0001220703124,1000.014892578125,1000.0492553710938,1000.00390625,1000.0054321289062,1001.3555297851562,1000.00146484375,1001.0199584960938,1000.408935546875,1000.0018920898438,1000.0646362304688,1000.0003662109376,1000.0040283203124,1000.0241088867188,1000.0010986328124,1000.0,1000.0009155273438,1000.422607421875,1000.0189208984376,1000.109130859375,999.9998779296876,1000.0001220703124,1000.2315673828124,1000.063232421875,1000.2509765625,1000.020751953125,1000.040771484375,1000.0,1000.0043334960938,1000.4265747070312,1000.0252685546876,1000.0345458984376,1000.0001220703124,1000.2752685546876,1000.0300903320312,1000.0003051757812,1000.0242919921876,1000.6741943359376,1000.130615234375,1000.1124267578124,1000.0155029296876,1000.3323974609376,1000.0010986328124,1000.0003662109376,1000.0013427734376,1000.43994140625,1000.0,1000.0062866210938,1000.0,1002.8496704101562,1000.0602416992188,1000.1226806640624,1000.0123291015624,1000.0155639648438,1000.3441162109376,1000.0172729492188,1000.148681640625,1000.10400390625,1000.4317626953124,1000.1156005859376,1000.0001220703124,1000.03662109375,1000.0584106445312,1000.0,1000.0554809570312,1000.1524658203124,1000.0025024414062,1000.0049438476562,1000.0894165039062,1000.0354614257812,1000.5863037109376,1000.1210327148438
51,1000.0548706054688,1000.002685546875,1000.0235595703124,1000.0122680664062,1000.0,1000.0016479492188,1002.2545776367188,1000.0310668945312,1000.012939453125,1000.0277099609376,1000.0,1000.03466796875,1000.1624145507812,1000.017578125,1000.000732421875,1000.0205078125,1000.15576171875,1000.0,1000.0005493164062,1000.0001220703124,1000.0576171875,1000.0006103515624,1000.045166015625,1000.1397094726562,1000.0010375976562,999.9999389648438,1000.0,1000.0584716796876,1000.0,1000.0043334960938,1000.015869140625,1000.0028076171876,1000.0006103515624,1001.2286376953124,1000.0015258789062,1000.7584228515624,1000.4360961914062,1000.0010375976562,1000.0802612304688,1000.0020141601562,1000.0009765625,1000.0294189453124,1000.0003051757812,1000.0,1000.0010375976562,1000.329833984375,1000.0103149414062,1000.0435180664062,999.9998168945312,1000.0015258789062,1000.1370849609376,1000.0485229492188,1000.2355346679688,1000.0115356445312,1000.0140380859376,1000.001220703125,1000.0014038085938,1000.2279052734376,1000.0228271484376,1000.03076171875,1000.0,1000.138916015625,1000.0228881835938,1000.0028076171876,1000.0106201171876,1000.8252563476562,1000.10400390625,1000.0789794921876,1000.0166625976562,1000.181396484375,1000.0000610351562,1000.002685546875,1000.0010986328124,1000.4736328125,1000.0001220703124,1000.0009765625,1000.000244140625,1002.3375854492188,1000.0582885742188,1000.0625610351562,1000.000244140625,1000.02392578125,1000.12451171875,1000.0140380859376,1000.113525390625,1000.0317993164062,1000.5186157226562,1000.0263671875,1000.0,1000.0491943359376,1000.043212890625,999.9999389648438,1000.2052001953124,1000.1431274414062,1000.0018920898438,1000.0070190429688,1000.0646362304688,1000.0076904296876,1000.4653930664062,1000.0330810546876
52,1000.0247802734376,1000.00146484375,1000.0016479492188,1000.00146484375,999.9999389648438,1000.0004272460938,1002.6021728515624,1000.0120239257812,1000.0104370117188,1000.0230712890624,1000.0,1000.0494995117188,1000.1070556640624,1000.0154418945312,1000.0025634765624,1000.0082397460938,1000.2259521484376,1000.0,1000.000244140625,1000.0,1000.0285034179688,1000.0001831054688,1000.0364990234376,1000.1079711914062,1000.0,1000.0,1000.0,1000.0128784179688,1000.0,1000.0177612304688,1000.0575561523438,1000.0011596679688,1000.00146484375,1001.3294067382812,1000.001220703125,1000.5169677734376,1000.3888549804688,1000.0009155273438,1000.0311889648438,1000.0009155273438,1000.01806640625,1000.0465087890624,1000.0000610351562,1000.0,1000.0006103515624,1000.3013305664062,1000.003173828125,1000.0776977539062,999.9998168945312,1000.000244140625,1000.0922241210938,1000.0287475585938,1000.2257690429688,1000.00244140625,1000.02001953125,1000.003662109375,1000.0045166015624,1000.3036499023438,1000.0072631835938,1000.0184936523438,1000.0,1000.2123413085938,1000.0416870117188,1000.0003662109376,1000.0227661132812,1000.3662109375,1000.0468139648438,1000.0586547851562,1000.0133056640624,1000.1658935546876,1000.0000610351562,1000.0,1000.0001831054688,1000.5717163085938,999.9999389648438,1000.0001220703124,1000.0001220703124,1001.765869140625,1000.0390625,1000.0639038085938,1000.0033569335938,1000.0087890625,1000.0918579101562,1000.0072021484376,1000.0568237304688,1000.0409545898438,1000.47119140625,1000.0437622070312,1000.0,1000.023681640625,1000.0291137695312,1000.0000610351562,1000.0903930664062,1000.2047729492188,1000.0006103515624,1000.0089111328124,1000.0322265625,1000.0043334960938,1000.2568359375,1000.0375366210938
53,1000.0523071289062,1000.0001831054688,1000.0029907226562,1000.0026245117188,1000.0,1000.0,1001.43505859375,1000.0166015625,1000.0186157226562,1000.0362548828124,999.9998779296876,1000.0160522460938,1000.0542602539062,1000.0052490234376,1000.0005493164062,1000.00048828125,1000.1887817382812,1000.0,1000.0000610351562,1000.0,1000.0498657226562,1000.0,1000.0324096679688,1000.0692749023438,1000.0000610351562,1000.0000610351562,999.9996948242188,1000.001708984375,1000.0,1000.0226440429688,1000.019775390625,1000.0014038085938,1000.001220703125,1001.1333618164062,1000.0003662109376,1000.2634887695312,1000.364501953125,1000.000244140625,1000.0538940429688,1000.0001831054688,1000.0089111328124,1000.0126342773438,999.9999389648438,1000.0,1000.000244140625,1000.1314697265624,1000.0098266601562,1000.1040649414062,999.999267578125,1000.0,1000.1640625,1000.0266723632812,1000.1693725585938,1000.0017700195312,1000.0043334960938,1000.0023803710938,1000.000732421875,1000.1264038085938,1000.0074462890624,1000.0138549804688,1000.0,1000.1921997070312,1000.0359497070312,1000.0001831054688,1000.0197143554688,1000.2186279296876,1000.0518798828124,1000.05224609375,1000.0057983398438,1000.1906127929688,1000.0,1000.00048828125,1000.001220703125,1000.4651489257812,1000.0,1000.0,1000.0000610351562,1001.2613525390624,1000.0138549804688,1000.0406494140624,1000.0003662109376,1000.0084838867188,1000.137451171875,1000.0043334960938,1000.0760498046876,1000.0421142578124,1000.447265625,1000.0132446289062,1000.0,1000.0069580078124,1000.0140380859376,1000.0,1000.1077880859376,1000.144775390625,1000.0009155273438,1000.0057983398438,1000.0157470703124,1000.00537109375,1000.3448486328124,1000.003173828125
54,1000.014404296875,1000.0007934570312,1000.0023803710938,1000.00048828125,999.9998168945312,1000.0006103515624,1001.4286499023438,1000.0042114257812,1000.0098266601562,1000.0196533203124,999.9996948242188,1000.0134887695312,1000.0490112304688,1000.0051879882812,1000.0006713867188,1000.0042114257812,1000.1920166015624,999.9999389648438,1000.0001831054688,999.9998168945312,1000.0197143554688,1000.0,1000.026611328125,1000.0740966796876,1000.0001220703124,1000.0,1000.0,1000.0136108398438,999.9994506835938,1000.0023193359376,1000.0123291015624,1000.0011596679688,1000.0050048828124,1000.8716430664062,1000.0,1000.523193359375,1000.3395385742188,1000.0001831054688,1000.01708984375,1000.0003051757812,1000.0081176757812,1000.0060424804688,999.999755859375,1000.0,1000.000244140625,1000.2709350585938,1000.0107421875,1000.0462646484376,999.9976806640624,1000.0,1000.0963134765624,1000.0152587890624,1000.1608276367188,1000.0010375976562,1000.0098266601562,1000.0013427734376,1000.0025024414062,1000.16455078125,1000.0099487304688,1000.0029907226562,999.9999389648438,1000.1778564453124,1000.0324096679688,1000.0000610351562,1000.0047607421876,1000.5533447265624,1000.0401611328124,1000.0431518554688,1000.0118408203124,1000.2074584960938,1000.0,1000.0000610351562,1000.0010375976562,1000.3798217773438,999.9999389648438,1000.0,999.9998779296876,1001.2525634765624,1000.0060424804688,1000.0457763671876,1000.0056762695312,1000.0070190429688,1000.0693359375,1000.0042114257812,1000.029541015625,1000.0404052734376,1000.4082641601562,1000.0051879882812,999.9999389648438,1000.004638671875,1000.0020751953124,999.9998168945312,1000.0296020507812,1000.1460571289062,1000.000244140625,1000.0011596679688,1000.001953125,1000.0049438476562,1000.2462768554688,1000.006591796875
55,1000.0125122070312,1000.0004272460938,1000.0003051757812,1000.0003051757812,999.9998168945312,1000.000732421875,1001.0953369140624,1000.0010375976562,1000.0115966796876,1000.0288696289062,999.999755859375,1000.0046997070312,1000.0415649414062,1000.0006713867188,1000.0,1000.0020141601562,1000.0868530273438,999.9998168945312,1000.0,999.9995727539062,1000.0076904296876,1000.0,1000.017578125,1000.0823364257812,999.9993286132812,1000.0,999.9998779296876,1000.010009765625,999.999267578125,1000.009521484375,1000.0091552734376,1000.0001220703124,1000.000244140625,1000.5941162109376,1000.0,1000.1951904296876,1000.2745971679688,1000.0001831054688,1000.0006713867188,1000.000732421875,1000.0044555664062,1000.0007934570312,1000.0,1000.0,1000.0,1000.2938232421876,1000.0028686523438,1000.0618286132812,999.999267578125,1000.0,1000.0841674804688,1000.012939453125,1000.2030029296876,1000.000732421875,1000.0008544921876,1000.0005493164062,1000.0,1000.1397094726562,1000.0026245117188,1000.0061645507812,999.9998168945312,1000.3445434570312,1000.0271606445312,1000.0,1000.0062255859376,1000.17333984375,1000.0502319335938,1000.0360107421876,1000.0037231445312,1000.1321411132812,1000.0,1000.0,1000.0003662109376,1000.3587646484376,999.9998779296876,1000.0,999.9998168945312,1000.7665405273438,1000.0054321289062,1000.0175170898438,1000.0005493164062,1000.0040283203124,1000.04052734375,1000.0037841796876,1000.0375366210938,1000.0389404296876,1000.5247802734376,1000.0057373046876,999.9994506835938,1000.0057373046876,1000.0003051757812,999.9995727539062,1000.0653686523438,1000.1373291015624,1000.0001220703124,1000.0016479492188,1000.009765625,1000.0018310546876,1000.2089233398438,1000.0049438476562
56,1000.0028686523438,999.9998168945312,1000.0003051757812,1000.0003662109376,999.9993286132812,1000.0000610351562,1001.0909423828124,1000.0000610351562,1000.006103515625,1000.019775390625,999.9990844726562,1000.0006713867188,1000.0282592773438,1000.012939453125,1000.0,1000.0001831054688,1000.1043090820312,999.9996337890624,1000.0,999.9999389648438,1000.00439453125,999.9998168945312,1000.0119018554688,1000.0642700195312,999.999755859375,1000.0,999.9998779296876,1000.0027465820312,999.9996948242188,1000.0,1000.0053100585938,1000.0010375976562,1000.00048828125,1000.8602905273438,1000.0001220703124,1000.3944091796876,1000.3464965820312,1000.0,1000.0138549804688,1000.0000610351562,1000.0009155273438,1000.0020141601562,999.9999389648438,999.999755859375,1000.0003051757812,1000.1053466796876,1000.002685546875,1000.0517578125,999.9983520507812,999.9999389648438,1000.0741577148438,1000.01025390625,1000.1776123046876,1000.0000610351562,1000.000732421875,1000.0003662109376,1000.0004272460938,1000.1959228515624,1000.0020141601562,1000.0025634765624,999.999755859375,1000.0891723632812,1000.0213012695312,1000.0,1000.0010986328124,1000.4595947265624,1000.0208129882812,1000.0181274414062,1000.0029907226562,1000.150634765625,1000.0,999.9999389648438,1000.0000610351562,1000.3397216796876,999.9996948242188,1000.0,999.9996337890624,1000.9805908203124,1000.0003051757812,1000.0413208007812,1000.0000610351562,1000.0037231445312,1000.0382080078124,1000.0035400390624,1000.0316772460938,1000.0250854492188,1000.3768310546876,1000.0032958984376,999.999755859375,1000.0054931640624,1000.00244140625,999.9995727539062,1000.0314331054688,1000.042724609375,1000.0,1000.0001220703124,1000.0086059570312,1000.0,1000.1536865234376,1000.0108642578124
57,1000.002197265625,1000.0,1000.0001220703124,1000.000244140625,999.9993286132812,1000.0,1000.673583984375,1000.0008544921876,1000.0065307617188,1000.0179443359376,999.9995727539062,1000.000244140625,1000.0436401367188,1000.0064086914062,1000.0,1000.0001831054688,1000.1080322265624,999.9994506835938,1000.0,999.9996948242188,1000.0093383789062,1000.0,1000.0120239257812,1000.0432739257812,1000.0,1000.0,999.9996948242188,1000.0014038085938,999.9993896484376,1000.0005493164062,1000.0015258789062,1000.000244140625,1000.0006103515624,1000.7646484375,1000.0,1000.134521484375,1000.2708740234376,1000.0,1000.0039672851562,1000.001220703125,1000.001953125,1000.000244140625,999.999755859375,999.9990844726562,1000.0,1000.2124633789062,1000.00244140625,1000.016845703125,999.9976806640624,1000.0,1000.0545654296876,1000.0013427734376,1000.1254272460938,1000.0001220703124,1000.0023803710938,999.9999389648438,1000.0000610351562,1000.1636352539062,1000.0011596679688,1000.00390625,999.9992065429688,1000.0671997070312,1000.0145263671876,1000.0,1000.0009155273438,1000.2859497070312,1000.0486450195312,1000.0462646484376,1000.0013427734376,1000.11669921875,999.9993896484376,999.9999389648438,1000.0000610351562,1000.2137451171876,999.9995727539062,999.9998168945312,999.9999389648438,1000.9402465820312,1000.0015258789062,1000.0008544921876,1000.0,1000.00146484375,1000.037109375,1000.0010986328124,1000.025146484375,1000.0094604492188,1000.4078369140624,1000.0001220703124,999.999755859375,1000.0008544921876,1000.0004272460938,999.9984130859376,1000.028076171875,1000.0702514648438,1000.0,1000.000244140625,1000.0027465820312,1000.0001220703124,1000.2064208984376,1000.0001220703124
58,1000.00048828125,1000.0,1000.0,1000.0,999.9984130859376,1000.0000610351562,1000.715576171875,1000.0003051757812,1000.007568359375,1000.0208740234376,999.9994506835938,1000.0003662109376,1000.0276489257812,1000.0037841796876,999.9999389648438,1000.0000610351562,1000.0822143554688,999.9990234375,1000.0,999.9991455078124,1000.0029907226562,999.9998779296876,1000.0065307617188,1000.048583984375,999.9999389648438,999.9996948242188,999.9996948242188,1000.0003051757812,999.999755859375,1000.0003662109376,1000.001953125,1000.000244140625,1000.0000610351562,1000.4741821289062,1000.0,1000.0770874023438,1000.2516479492188,1000.0,1000.0037841796876,1000.0000610351562,1000.000244140625,1000.0006713867188,999.9998168945312,999.99755859375,1000.0,1000.1155395507812,1000.0001831054688,1000.0258178710938,999.9962768554688,999.9999389648438,1000.07568359375,1000.0039672851562,1000.084716796875,1000.0,1000.000244140625,1000.0000610351562,1000.0,1000.1182861328124,1000.0009765625,1000.001953125,999.9989013671876,1000.0328369140624,1000.0125122070312,999.9999389648438,1000.000244140625,1000.2476806640624,1000.0128784179688,1000.0218505859376,1000.00048828125,1000.1139526367188,1000.0,999.9999389648438,1000.0,1000.2622680664062,999.9994506835938,999.9998168945312,999.9998779296876,1001.007080078125,1000.0001831054688,1000.0035400390624,999.9998168945312,1000.0006713867188,1000.069091796875,1000.00048828125,1000.0084838867188,1000.0208129882812,1000.3661499023438,1000.0000610351562,999.9992065429688,1000.00439453125,1000.0001831054688,999.9987182617188,1000.012939453125,1000.07421875,1000.0,1000.0003051757812,1000.0035400390624,1000.0003051757812,1000.11376953125,1000.0022583007812
59,1000.0000610351562,999.9999389648438,1000.0001220703124,1000.0,999.9983520507812,1000.0,1000.4340209960938,1000.0003662109376,1000.005615234375,1000.0120239257812,999.9993896484376,1000.0001831054688,1000.0072631835938,1000.0018920898438,1000.0,1000.0001831054688,1000.07373046875,999.9987182617188,999.99951171875,999.9995727539062,1000.0006103515624,999.9994506835938,1000.0072631835938,1000.0486450195312,999.9999389648438,999.9998168945312,999.99951171875,1000.001220703125,999.9986572265624,1000.0,1000.0003662109376,1000.0,1000.0,1000.3470458984376,1000.0,1000.0404052734376,1000.2838134765624,999.9998779296876,1000.0010986328124,999.9999389648438,1000.0,1000.0003051757812,999.9996337890624,999.9984130859376,999.9998168945312,1000.1170043945312,1000.0,1000.012939453125,999.99609375,999.9998779296876,1000.0682373046876,1000.0001831054688,1000.1133422851562,1000.0,1000.0015258789062,1000.0,999.9993286132812,1000.120361328125,1000.001708984375,1000.00048828125,999.9979248046876,1000.0421142578124,1000.0219116210938,1000.0,1000.0010986328124,1000.1464233398438,1000.0087890625,1000.02197265625,1000.0007934570312,1000.1212768554688,1000.0,999.9996337890624,1000.0,1000.27880859375,999.999267578125,999.9996948242188,999.9998779296876,1000.82080078125,1000.0009155273438,1000.0003051757812,999.9999389648438,1000.0012817382812,1000.0178833007812,1000.0013427734376,1000.0073852539062,1000.014892578125,1000.2806396484376,1000.0,999.9994506835938,1000.0010375976562,1000.0,999.9993286132812,1000.0035400390624,1000.040771484375,1000.0,1000.0000610351562,1000.0027465820312,1000.0001220703124,1000.2207641601562,1000.0005493164062
60,1000.00048828125,999.9993286132812,1000.0,1000.0,999.9990234375,1000.0,1000.6045532226562,1000.0001831054688,1000.00341796875,1000.0083618164062,999.998779296875,1000.000244140625,1000.0225219726562,1000.0007934570312,999.9996948242188,1000.0000610351562,1000.0532836914062,999.9987182617188,999.99951171875,999.999755859375,1000.0,999.99951171875,1000.0081176757812,1000.0314331054688,999.9998168945312,999.9991455078124,999.9994506835938,1000.0,999.9989013671876,1000.0,1000.000732421875,1000.0000610351562,1000.0,1000.4893188476562,1000.0,1000.0879516601562,1000.2100219726562,999.9999389648438,1000.00048828125,1000.0,1000.0,1000.0,999.9996948242188,999.998291015625,999.9993286132812,1000.081298828125,1000.0,1000.01025390625,999.9953002929688,999.9998168945312,1000.04638671875,1000.0,1000.1004028320312,1000.0,1000.000244140625,1000.0,999.999755859375,1000.0853881835938,1000.001953125,1000.0009155273438,999.9978637695312,1000.0180053710938,1000.0152587890624,999.9996337890624,1000.0003051757812,1000.1556396484376,1000.0161743164062,1000.01416015625,1000.0000610351562,1000.090576171875,999.9993286132812,999.99951171875,1000.0,1000.1828002929688,999.999267578125,999.9985961914062,999.9999389648438,1000.4362182617188,1000.0,1000.0004272460938,999.9998779296876,1000.0006103515624,1000.0236206054688,1000.000732421875,1000.0159912109376,1000.0187377929688,1000.3784790039062,1000.0,999.9979858398438,1000.0000610351562,1000.0,999.997314453125,1000.00537109375,1000.0244140625,1000.0,1000.0000610351562,1000.0009155273438,1000.0,1000.1520385742188,1000.0009155273438
61,1000.0,999.9998779296876,1000.0,1000.0,999.9988403320312,1000.0,1000.2821655273438,1000.0000610351562,1000.0042724609376,1000.00732421875,999.99755859375,1000.0,1000.035888671875,1000.000244140625,999.99951171875,1000.0,1000.0379638671876,999.9985961914062,999.9984130859376,999.9990844726562,1000.0001220703124,999.9986572265624,1000.0059814453124,1000.0283813476562,999.99951171875,999.9993286132812,999.99853515625,1000.0001220703124,999.99853515625,1000.0000610351562,1000.0006103515624,1000.0,1000.0,1000.3947143554688,999.999755859375,1000.0435180664062,1000.2158813476562,999.9999389648438,1000.0001220703124,999.9999389648438,1000.0,999.9998168945312,999.998291015625,999.9988403320312,999.9995727539062,1000.0537719726562,1000.0,1000.011474609375,999.99560546875,999.9990844726562,1000.026123046875,1000.0,1000.0847778320312,999.9996948242188,1000.0,999.9999389648438,999.9998168945312,1000.0570678710938,1000.0018310546876,1000.0012817382812,999.9973754882812,1000.0252075195312,1000.0137329101562,999.9990844726562,1000.0,1000.1427612304688,1000.01611328125,1000.005126953125,1000.0,1000.0650024414062,999.9999389648438,999.9993286132812,1000.0000610351562,1000.1586303710938,999.9990844726562,999.9989013671876,999.9992065429688,1000.2813720703124,1000.0,1000.0001831054688,999.999755859375,1000.0004272460938,1000.0206909179688,1000.0005493164062,1000.0072631835938,1000.0042114257812,1000.269287109375,1000.0,999.9984741210938,1000.000244140625,1000.0,999.9968872070312,1000.0097045898438,1000.0264892578124,1000.0,1000.0,1000.000732421875,1000.0,1000.1449584960938,1000.0
62,1000.0,999.99951171875,999.9996337890624,1000.0,999.9982299804688,1000.0,1000.2539672851562,1000.0,1000.003173828125,1000.0071411132812,999.998291015625,1000.0,1000.0055541992188,1000.0,999.9972534179688,1000.0,1000.0318603515624,999.9979858398438,999.9984130859376,999.999267578125,1000.0,999.99853515625,1000.0037841796876,1000.0275268554688,999.9995727539062,999.99951171875,999.9986572265624,1000.0,999.9989013671876,999.9999389648438,1000.0,1000.0,999.999755859375,1000.2603149414062,999.9998779296876,1000.0223388671876,1000.1798706054688,999.9998779296876,1000.0010375976562,999.9996948242188,1000.0,999.9998168945312,999.999267578125,999.9972534179688,999.9998168945312,1000.047607421875,1000.0,1000.0139770507812,999.994873046875,999.99951171875,1000.0247192382812,1000.0,1000.0841064453124,999.9989624023438,1000.0,999.999755859375,999.9996948242188,1000.0694580078124,1000.0009765625,1000.0001831054688,999.9971923828124,1000.0056762695312,1000.0023803710938,999.9983520507812,1000.0,1000.0382080078124,1000.0018920898438,1000.007080078125,1000.0000610351562,1000.0777587890624,999.99951171875,999.9979858398438,1000.0000610351562,1000.1787109375,999.9987182617188,999.9989013671876,999.9990234375,1000.4848022460938,1000.0,1000.0006713867188,999.99951171875,1000.0000610351562,1000.0067138671876,1000.0008544921876,1000.0114135742188,1000.00537109375,1000.230224609375,1000.0,999.9974365234376,1000.0,999.9998779296876,999.9982299804688,1000.0029907226562,1000.0234375,999.9999389648438,1000.0,1000.0004272460938,999.9999389648438,1000.0918579101562,999.9999389648438
63,1000.0,999.9993286132812,999.9996948242188,1000.0,999.9971313476562,999.9999389648438,1000.3025512695312,1000.0,1000.0037231445312,1000.009765625,999.9983520507812,999.9998779296876,1000.0000610351562,1000.0,999.999267578125,1000.0,1000.0081787109376,999.9978637695312,999.99853515625,999.9979248046876,1000.0,999.9987182617188,1000.0037841796876,1000.0325317382812,999.9990844726562,999.9993286132812,999.99755859375,1000.0,999.9981079101562,999.9999389648438,1000.0,1000.0,999.9999389648438,1000.2218627929688,999.9993286132812,1000.0280151367188,1000.1834716796876,999.9996948242188,1000.0001220703124,999.9998779296876,1000.0,1000.0,999.9990234375,999.9976806640624,999.9993896484376,1000.0280151367188,999.9999389648438,1000.0035400390624,999.9937133789062,999.9976806640624,1000.0322265625,1000.0,1000.0892333984376,999.9993286132812,1000.0,999.9998779296876,999.998779296875,1000.06103515625,1000.0006103515624,1000.0,999.995849609375,1000.0155639648438,1000.0028076171876,999.9988403320312,999.9999389648438,1000.054931640625,1000.004150390625,1000.0054321289062,1000.0,1000.056640625,999.9998779296876,999.9986572265624,1000.0,1000.1455078125,999.9969482421876,999.9991455078124,999.9985961914062,1000.5986938476562,1000.0,1000.00048828125,999.9983520507812,999.9999389648438,1000.0029296875,1000.000244140625,1000.006103515625,1000.001708984375,1000.2582397460938,1000.0,999.9974975585938,1000.0,999.9998168945312,999.9981079101562,1000.0020751953124,1000.0247192382812,999.9996337890624,1000.0,1000.0,1000.0,1000.1535034179688,1000.0
64,1000.0,999.999267578125,999.9998779296876,999.99951171875,999.995849609375,999.9998779296876,1000.1021728515624,1000.0,1000.0030517578124,1000.0073852539062,999.996826171875,1000.0,1000.0030517578124,1000.0,999.9984741210938,1000.0,1000.0068969726562,999.9965209960938,999.9981689453124,999.9979248046876,999.9998168945312,999.9979248046876,1000.00390625,1000.0205078125,999.9981689453124,999.9966430664062,999.9971313476562,1000.0000610351562,999.998046875,1000.0,1000.0000610351562,1000.0,999.9998168945312,1000.2745361328124,999.99951171875,1000.0069580078124,1000.1930541992188,999.9994506835938,1000.0,999.9993286132812,999.9994506835938,999.9993286132812,999.997314453125,999.9972534179688,999.9990234375,1000.0549926757812,999.999755859375,1000.0012817382812,999.9937744140624,999.9986572265624,1000.0198974609376,1000.0,1000.0755004882812,999.9993286132812,999.9999389648438,999.9998779296876,999.9990844726562,1000.0372314453124,1000.0005493164062,1000.0,999.9967651367188,1000.0001220703124,1000.00390625,999.9993896484376,999.9998779296876,1000.0750732421876,1000.0009765625,1000.0044555664062,1000.0,1000.0537719726562,999.9979858398438,999.9983520507812,1000.0,1000.160400390625,999.997802734375,999.9985961914062,999.998291015625,1000.3809814453124,1000.0,1000.0,999.9973754882812,1000.0,1000.0010986328124,1000.000244140625,1000.010009765625,1000.0011596679688,1000.20361328125,1000.0,999.997314453125,1000.0,999.9996337890624,999.9962768554688,1000.0003051757812,1000.0474243164062,999.9995727539062,999.9998779296876,1000.0,999.9996948242188,1000.08642578125,1000.0
65,999.9998779296876,999.999267578125,999.9998779296876,999.9996337890624,999.9971923828124,999.9989013671876,1000.1616821289062,1000.0,1000.0025024414062,1000.0070190429688,999.9952392578124,999.9996948242188,1000.0032348632812,1000.0,999.998779296875,1000.0,1000.017333984375,999.9970703125,999.998046875,999.9978637695312,999.9999389648438,999.9981079101562,1000.00244140625,1000.018310546875,999.9985961914062,999.9982299804688,999.998046875,999.9999389648438,999.9963989257812,1000.0,1000.0000610351562,999.9998779296876,1000.0,1000.226318359375,999.999267578125,1000.0028686523438,1000.1644897460938,999.9981689453124,1000.0000610351562,999.9993896484376,1000.0,999.999755859375,999.998046875,999.9977416992188,999.9990234375,1000.0294189453124,999.9999389648438,1000.0025024414062,999.9942016601562,999.9990234375,1000.0204467773438,1000.0,1000.024658203125,999.9988403320312,999.9998168945312,999.9990234375,999.9970092773438,1000.0322875976562,1000.0,1000.0,999.9962158203124,1000.0020751953124,1000.00537109375,999.9987182617188,999.999755859375,1000.0574340820312,1000.0028686523438,1000.0040283203124,1000.0,1000.04833984375,999.9990234375,999.9976806640624,1000.0,1000.124755859375,999.9967651367188,999.998046875,999.9984741210938,1000.1484375,1000.0,1000.0,999.9981689453124,1000.0000610351562,1000.0006103515624,1000.000244140625,1000.0021362304688,1000.0016479492188,1000.2316284179688,1000.0,999.9972534179688,999.9999389648438,999.999267578125,999.9962768554688,1000.0012817382812,1000.0170288085938,999.9996948242188,999.999755859375,999.9998779296876,999.9995727539062,1000.1085815429688,1000.0
66,999.9991455078124,999.9993286132812,999.9987182617188,999.9990234375,999.9949951171876,999.9993286132812,1000.1958618164062,1000.0,1000.0023193359376,1000.0054321289062,999.9935913085938,999.9998168945312,1000.00048828125,1000.0,999.9979858398438,1000.0,1000.00732421875,999.9966430664062,999.9963989257812,999.9974975585938,1000.0,999.9972534179688,1000.0016479492188,1000.0111694335938,999.9979248046876,999.9988403320312,999.9970092773438,999.9998168945312,999.9959106445312,999.9993896484376,1000.0,999.9998779296876,999.9998779296876,1000.1652221679688,999.9992065429688,1000.0057983398438,1000.143798828125,999.9985961914062,1000.0,999.998779296875,999.9996948242188,999.9999389648438,999.996337890625,999.9972534179688,999.9986572265624,1000.0341796875,999.999755859375,1000.0004272460938,999.9927978515624,999.9993896484376,1000.0183715820312,1000.0,1000.1110229492188,999.999267578125,999.9998168945312,999.9988403320312,999.9977416992188,1000.0296020507812,1000.0,1000.0,999.9960327148438,1000.0000610351562,1000.0012817382812,999.9982299804688,999.9998779296876,1000.0176391601562,1000.0032348632812,1000.000732421875,1000.0,1000.0570678710938,999.9990844726562,999.9959716796876,1000.0,1000.1148681640624,999.9949951171876,999.9979248046876,999.9990844726562,1000.4071655273438,999.9994506835938,1000.0,999.9978637695312,1000.0,1000.0004272460938,1000.0001220703124,1000.00439453125,1000.0011596679688,1000.2129516601562,1000.0,999.9960327148438,1000.0,999.9987182617188,999.9953002929688,1000.000732421875,1000.029052734375,999.9992065429688,999.9998168945312,999.9999389648438,999.9989624023438,1000.0668334960938,999.9999389648438
67,999.9993896484376,999.998779296875,999.9985961914062,999.9974975585938,999.99609375,999.9989624023438,1000.0496826171876,1000.0,1000.0025634765624,1000.00439453125,999.9949340820312,999.9998168945312,1000.0006103515624,999.9999389648438,999.99755859375,999.9996948242188,1000.0059204101562,999.9955444335938,999.996826171875,999.9964599609376,999.9999389648438,999.9977416992188,1000.0017700195312,1000.0284423828124,999.9974975585938,999.9977416992188,999.99609375,1000.0,999.9953002929688,999.9995727539062,999.9992065429688,1000.0,999.9996948242188,1000.2651977539062,999.9989624023438,1000.0075073242188,1000.1329956054688,999.9981079101562,999.9993896484376,999.9984130859376,999.999755859375,999.9995727539062,999.9974365234376,999.9959106445312,999.9985961914062,1000.0236206054688,999.9996948242188,1000.0003662109376,999.992431640625,999.999267578125,1000.0130615234376,999.9998779296876,1000.064697265625,999.998291015625,999.9993896484376,999.9989624023438,999.9974365234376,1000.0394287109376,999.9999389648438,1000.0,999.9945068359376,1000.0003051757812,1000.001953125,999.9976196289062,999.9999389648438,1000.01123046875,1000.0018310546876,1000.0022583007812,999.9995727539062,1000.0592651367188,999.9982299804688,999.9974365234376,999.9998779296876,1000.0970458984376,999.99658203125,999.99755859375,999.9979858398438,1000.3521728515624,999.9996948242188,1000.0,999.9971923828124,1000.0,1000.0,1000.0000610351562,1000.0048217773438,1000.0006103515624,1000.2266235351562,999.9996337890624,999.9959716796876,1000.0,999.998779296875,999.9953002929688,1000.0,1000.0191040039062,999.9993896484376,999.9993896484376,999.999755859375,999.9998168945312,1000.0770263671876,999.9998779296876
68,999.9981689453124,999.9990234375,999.9985961914062,999.9985961914062,999.9949951171876,999.9989013671876,1000.1590576171876,999.9990844726562,1000.002197265625,1000.0046997070312,999.9945678710938,999.9998168945312,1000.0001220703124,999.9998168945312,999.9953002929688,1000.0,1000.0032348632812,999.9961547851562,999.993896484375,999.99609375,999.9998168945312,999.99560546875,1000.00048828125,1000.0170288085938,999.9976196289062,999.99609375,999.99560546875,999.9999389648438,999.994873046875,999.9998168945312,999.9996948242188,999.9999389648438,999.9984130859376,1000.1221923828124,999.9976806640624,1000.0050659179688,1000.140625,999.9974365234376,1000.0,999.9972534179688,999.9991455078124,999.9995727539062,999.9956665039062,999.994384765625,999.9982299804688,1000.0123291015624,999.999755859375,1000.0001220703124,999.9917602539062,999.9981079101562,1000.01513671875,999.9999389648438,1000.0765380859376,999.9982299804688,999.9996337890624,999.9986572265624,999.99755859375,1000.0209350585938,1000.0,999.9999389648438,999.994384765625,1000.0001220703124,1000.002197265625,999.9970703125,999.999267578125,1000.0089721679688,1000.0,1000.0009765625,999.9996948242188,1000.0447387695312,999.9970703125,999.99658203125,1000.0,1000.0990600585938,999.9962768554688,999.9979248046876,999.9972534179688,1000.4703979492188,999.9993896484376,1000.0,999.996337890625,999.999755859375,1000.0,1000.0000610351562,1000.0038452148438,1000.0005493164062,1000.1902465820312,999.9992065429688,999.9945068359376,999.9998779296876,999.9979248046876,999.9947509765624,1000.0,1000.0172119140624,999.9993286132812,999.9987182617188,999.9998779296876,999.9991455078124,1000.0437622070312,999.9992065429688
69,999.998779296875,999.9983520507812,999.9990234375,999.9985961914062,999.9945678710938,999.997802734375,1000.0903930664062,999.9993286132812,1000.001953125,1000.0047607421876,999.9945678710938,999.9996337890624,1000.0,999.9999389648438,999.9960327148438,999.9999389648438,1000.0020141601562,999.9957885742188,999.9950561523438,999.995849609375,999.9993896484376,999.9959106445312,1000.0004272460938,1000.01171875,999.9967041015624,999.9953002929688,999.9949951171876,999.999755859375,999.9947509765624,999.9993896484376,999.99951171875,1000.0,999.99853515625,1000.1254272460938,999.9978637695312,1000.0005493164062,1000.1419677734376,999.9971313476562,999.9998779296876,999.9962158203124,999.9990234375,999.9983520507812,999.9961547851562,999.9942016601562,999.99658203125,1000.0192260742188,999.999755859375,1000.0005493164062,999.9916381835938,999.9972534179688,1000.01123046875,999.9990844726562,1000.0968627929688,999.9981689453124,999.9991455078124,999.9981689453124,999.9967651367188,1000.0279541015624,1000.0,999.9998779296876,999.9932861328124,1000.0,1000.0011596679688,999.9972534179688,999.9993286132812,1000.0038452148438,1000.0,1000.0000610351562,999.9984741210938,1000.0403442382812,999.9968872070312,999.9970703125,999.9999389648438,1000.1160278320312,999.9951171875,999.9970092773438,999.9970092773438,1000.2357177734376,999.9993896484376,1000.0,999.9957885742188,1000.0,1000.0,1000.0000610351562,1000.0033569335938,1000.0001831054688,1000.1881103515624,999.999267578125,999.99365234375,1000.0,999.9989013671876,999.9954833984376,1000.0006713867188,1000.0103149414062,999.9988403320312,999.9995727539062,999.9996948242188,999.9984741210938,1000.0403442382812,999.9999389648438
70,999.99853515625,999.9978637695312,999.9985961914062,999.9992065429688,999.9949340820312,999.9976196289062,1000.0810546875,999.9998168945312,1000.001708984375,1000.003662109375,999.9943237304688,999.9994506835938,1000.0,999.9988403320312,999.9949340820312,999.9996337890624,1000.0012817382812,999.9955444335938,999.993896484375,999.9944458007812,999.9996337890624,999.9945068359376,1000.0004272460938,1000.0111083984376,999.9962768554688,999.9955444335938,999.9942016601562,999.9995727539062,999.9946899414062,999.9973754882812,999.9995727539062,1000.0,999.9990234375,1000.1185913085938,999.9968872070312,1000.000244140625,1000.1256713867188,999.9974365234376,999.9995727539062,999.9967651367188,999.9994506835938,999.9984741210938,999.9956665039062,999.995361328125,999.997314453125,1000.0205688476562,999.9982299804688,1000.0,999.9910278320312,999.9979248046876,1000.0130615234376,999.9971313476562,1000.04638671875,999.9971313476562,999.9992065429688,999.9979858398438,999.996337890625,1000.02197265625,999.9990844726562,999.9998168945312,999.993896484375,1000.0,1000.0012817382812,999.995849609375,999.9990234375,1000.006103515625,1000.0009765625,1000.0003051757812,999.9985961914062,1000.0471801757812,999.9970703125,999.9969482421876,999.999755859375,1000.089111328125,999.99462890625,999.9948120117188,999.9967041015624,1000.3197631835938,999.9996337890624,999.9996948242188,999.9951171875,999.9998779296876,1000.0,1000.0,1000.0023803710938,1000.0004272460938,1000.1348266601562,999.9988403320312,999.9939575195312,1000.0,999.9981079101562,999.9942016601562,1000.0000610351562,1000.011962890625,999.9984130859376,999.9993896484376,999.9989624023438,999.998291015625,1000.04296875,999.9995727539062
71,999.9992065429688,999.9978637695312,999.9978637695312,999.9985961914062,999.9931640625,999.9971313476562,1000.0842895507812,999.9987182617188,1000.0015869140624,1000.0039672851562,999.9928588867188,999.9992065429688,1000.0,999.9992065429688,999.9947509765624,999.9999389648438,1000.00146484375,999.995361328125,999.9933471679688,999.994140625,999.9985961914062,999.99462890625,1000.00048828125,1000.0076904296876,999.9950561523438,999.9956665039062,999.99462890625,999.9989624023438,999.9925537109376,999.9984741210938,999.9993896484376,999.9999389648438,999.998046875,1000.1015014648438,999.996337890625,1000.0000610351562,1000.1250610351562,999.9954223632812,999.9986572265624,999.9937744140624,999.9979248046876,999.9983520507812,999.9949951171876,999.9937744140624,999.9954223632812,1000.0100708007812,999.998291015625,1000.0004272460938,999.9910278320312,999.9963989257812,1000.0076293945312,999.9988403320312,1000.0287475585938,999.9970703125,999.997314453125,999.9970703125,999.99560546875,1000.0208129882812,999.99951171875,1000.0,999.9918823242188,1000.0000610351562,1000.0016479492188,999.9949951171876,999.998046875,1000.0051879882812,1000.0,1000.0001220703124,999.9979858398438,1000.0414428710938,999.9964599609376,999.9954833984376,999.9996337890624,1000.1104125976562,999.9928588867188,999.9969482421876,999.9951171875,1000.264892578125,999.9984741210938,999.9998168945312,999.9942626953124,999.9993286132812,1000.0,1000.0000610351562,1000.0010375976562,1000.0001220703124,1000.1551513671876,999.9976196289062,999.9943237304688,999.9996948242188,999.9974975585938,999.9940795898438,1000.0,1000.0079956054688,999.9981079101562,999.9989624023438,999.9989624023438,999.9976196289062,1000.0405883789062,999.99951171875
72,999.9974365234376,999.9959106445312,999.9978637695312,999.9979248046876,999.993408203125,999.996826171875,1000.098388671875,999.9989624023438,1000.0013427734376,1000.0037841796876,999.9923706054688,999.9990234375,999.999755859375,999.9992065429688,999.9943237304688,999.9998168945312,1000.0009155273438,999.9939575195312,999.9940185546876,999.9931640625,999.9991455078124,999.99365234375,1000.0007934570312,1000.0069580078124,999.9955444335938,999.9947509765624,999.99267578125,999.9992065429688,999.9923095703124,999.9976806640624,999.998779296875,999.9998168945312,999.997314453125,1000.0892333984376,999.9956665039062,1000.0007934570312,1000.1271362304688,999.9948120117188,999.9989013671876,999.9957885742188,999.9985961914062,999.9982299804688,999.9957275390624,999.99365234375,999.9949340820312,1000.0137329101562,999.9982299804688,1000.0,999.9912109375,999.996337890625,1000.006103515625,999.9989013671876,1000.0353393554688,999.9960327148438,999.9976806640624,999.9964599609376,999.995849609375,1000.0259399414062,999.9996337890624,999.9991455078124,999.9922485351562,1000.0,1000.0010986328124,999.9949951171876,999.9984741210938,1000.0008544921876,1000.0,1000.0001220703124,999.9990844726562,1000.0350341796876,999.9962158203124,999.9951782226562,999.9998168945312,1000.0801391601562,999.9925537109376,999.99609375,999.9954223632812,1000.24072265625,999.9984130859376,999.999755859375,999.9949951171876,999.9986572265624,999.9999389648438,1000.0,1000.0006713867188,1000.0001220703124,1000.1513671875,999.9979248046876,999.9933471679688,999.9992065429688,999.9976806640624,999.9937133789062,1000.0,1000.0078735351562,999.9981079101562,999.9984741210938,999.9990234375,999.9977416992188,1000.0236206054688,999.9992065429688
73,999.9973754882812,999.9964599609376,999.996826171875,999.996826171875,999.992919921875,999.9974365234376,1000.03662109375,999.9979858398438,1000.00146484375,1000.0032958984376,999.9920043945312,999.9985961914062,999.9999389648438,999.9977416992188,999.9938354492188,999.9998779296876,1000.0012817382812,999.9946899414062,999.9921875,999.9928588867188,999.9981689453124,999.9940795898438,1000.0003662109376,1000.005126953125,999.9937133789062,999.9933471679688,999.9940185546876,999.9989624023438,999.9932250976562,999.9972534179688,999.9991455078124,999.9998779296876,999.9970703125,1000.1100463867188,999.995361328125,1000.0001220703124,1000.111328125,999.9954833984376,999.9989624023438,999.99560546875,999.9985961914062,999.996826171875,999.9943237304688,999.9928588867188,999.994384765625,1000.0099487304688,999.9973754882812,1000.0,999.9898071289062,999.9955444335938,1000.005859375,999.9976806640624,1000.0350341796876,999.996826171875,999.9973754882812,999.994140625,999.9949340820312,1000.0208740234376,999.9988403320312,999.9996337890624,999.9920654296876,1000.0,1000.0007934570312,999.9942016601562,999.9981079101562,1000.0026245117188,999.999755859375,1000.0001220703124,999.9981689453124,1000.0283813476562,999.9957275390624,999.9949951171876,999.9994506835938,1000.0658569335938,999.9915771484376,999.9949340820312,999.9940185546876,1000.2029418945312,999.9981689453124,999.999267578125,999.9934692382812,999.9992065429688,999.9998168945312,1000.0,1000.0003051757812,1000.0000610351562,1000.1348876953124,999.9984741210938,999.99365234375,999.9992065429688,999.9963989257812,999.9929809570312,1000.0,1000.0059814453124,999.9955444335938,999.9972534179688,999.9987182617188,999.9963989257812,1000.0258178710938,999.9984741210938
74,999.9970703125,999.9967651367188,999.9976196289062,999.996337890625,999.9923706054688,999.9965209960938,1000.0154418945312,999.9989013671876,1000.0012817382812,1000.00244140625,999.9916381835938,999.998291015625,999.9993286132812,999.9959716796876,999.9942626953124,999.9995727539062,1000.0006103515624,999.9938354492188,999.99267578125,999.9927978515624,999.9979858398438,999.9933471679688,1000.0000610351562,1000.0051879882812,999.9935913085938,999.9940795898438,999.9933471679688,999.9989624023438,999.9922485351562,999.9971313476562,999.9990844726562,999.9996948242188,999.99609375,1000.105712890625,999.99560546875,1000.0,1000.1243896484376,999.9954833984376,999.9973754882812,999.9940185546876,999.9971923828124,999.9977416992188,999.993408203125,999.9920654296876,999.9944458007812,1000.009765625,999.9972534179688,1000.0,999.9901123046876,999.9952392578124,1000.0062866210938,999.9974365234376,1000.0180053710938,999.99609375,999.996826171875,999.9962768554688,999.9940185546876,1000.0206298828124,999.9993896484376,999.9994506835938,999.9903564453124,1000.0,1000.0004272460938,999.9937133789062,999.9962768554688,1000.0001831054688,999.9999389648438,1000.0000610351562,999.9978637695312,1000.0341796875,999.9937133789062,999.9957885742188,999.9995727539062,1000.0858154296876,999.9924926757812,999.9951171875,999.9942626953124,1000.2264404296876,999.99853515625,999.9993896484376,999.9939575195312,999.998779296875,999.9996337890624,1000.0,1000.0003662109376,1000.0000610351562,1000.1395874023438,999.9972534179688,999.9939575195312,999.9993896484376,999.9959106445312,999.9924926757812,1000.0,1000.0059204101562,999.995849609375,999.9978637695312,999.9984130859376,999.9974365234376,1000.024658203125,999.9984130859376
75,999.9954833984376,999.9959716796876,999.9962768554688,999.9959716796876,999.991943359375,999.9957275390624,1000.0296630859376,999.9960327148438,1000.001220703125,1000.0029907226562,999.9904174804688,999.9990234375,999.9993896484376,999.9959106445312,999.9923706054688,999.99951171875,1000.0005493164062,999.9932250976562,999.9924926757812,999.9924926757812,999.997314453125,999.9927978515624,1000.0,1000.0061645507812,999.99267578125,999.99267578125,999.99267578125,999.9976196289062,999.99169921875,999.9946899414062,999.9982299804688,999.9998168945312,999.9952392578124,1000.039794921875,999.9948120117188,1000.0,1000.1121826171876,999.9945678710938,999.9968872070312,999.9931030273438,999.9976806640624,999.99609375,999.993408203125,999.9910888671876,999.9944458007812,1000.0096435546876,999.9968872070312,1000.0,999.9900512695312,999.9944458007812,1000.0042114257812,999.997314453125,1000.0119018554688,999.9949340820312,999.9979248046876,999.99658203125,999.9942016601562,1000.0191040039062,999.9984130859376,999.9989624023438,999.9913940429688,1000.0,1000.0004272460938,999.9935913085938,999.9971923828124,1000.0,999.9996948242188,1000.0,999.9972534179688,1000.02734375,999.9949951171876,999.9943237304688,999.9996337890624,1000.0825805664062,999.9928588867188,999.9939575195312,999.9934692382812,1000.1826782226562,999.9989013671876,999.9992065429688,999.991943359375,999.9987182617188,999.9998168945312,1000.0,1000.0005493164062,1000.0000610351562,1000.13330078125,999.9968872070312,999.9933471679688,999.99853515625,999.9962768554688,999.9923706054688,999.9998779296876,1000.0037231445312,999.9959716796876,999.9970092773438,999.9973754882812,999.9963989257812,1000.02685546875,999.998779296875
76,999.9959716796876,999.9959716796876,999.9945678710938,999.9951782226562,999.9909057617188,999.9935913085938,1000.026123046875,999.9984130859376,1000.001220703125,1000.0025634765624,999.99169921875,999.9986572265624,999.9987182617188,999.9957275390624,999.99365234375,999.9989013671876,1000.0006713867188,999.9925537109376,999.9921875,999.9906616210938,999.997314453125,999.9924926757812,1000.0001220703124,1000.0045166015624,999.9916381835938,999.9921875,999.9927368164062,999.9981079101562,999.9904174804688,999.994384765625,999.9981689453124,999.999755859375,999.9950561523438,1000.1065063476562,999.994384765625,1000.0,1000.1201171875,999.9932250976562,999.9971923828124,999.9935302734376,999.9969482421876,999.9956665039062,999.9916381835938,999.9912109375,999.9924926757812,1000.007080078125,999.9967041015624,1000.0,999.9885864257812,999.9944458007812,1000.0045776367188,999.9959716796876,1000.0218505859376,999.9954223632812,999.9968872070312,999.99609375,999.9931030273438,1000.0104370117188,999.99853515625,999.9991455078124,999.9896850585938,999.9998168945312,1000.0006103515624,999.9932250976562,999.996826171875,1000.0001831054688,999.999755859375,1000.0000610351562,999.99658203125,1000.0266723632812,999.9948120117188,999.9932250976562,999.99951171875,1000.0728759765624,999.9901733398438,999.99365234375,999.9915771484376,1000.1873779296876,999.9981689453124,999.9985961914062,999.9920043945312,999.9995727539062,999.9996948242188,1000.0,1000.000244140625,1000.0000610351562,1000.1344604492188,999.9962158203124,999.9923706054688,999.998291015625,999.9954223632812,999.9920654296876,999.9996337890624,1000.0056762695312,999.9955444335938,999.9967651367188,999.9979858398438,999.99609375,1000.0122680664062,999.9976806640624
77,999.9957885742188,999.99462890625,999.9959716796876,999.9948120117188,999.9910278320312,999.9949340820312,1000.02197265625,999.9969482421876,1000.0009765625,1000.002197265625,999.9915771484376,999.997802734375,999.9983520507812,999.9948120117188,999.9920654296876,999.9994506835938,1000.000244140625,999.9925537109376,999.9912109375,999.9913330078124,999.997802734375,999.9931030273438,1000.0,1000.0037231445312,999.9929809570312,999.991943359375,999.991455078125,999.9972534179688,999.991455078125,999.9957885742188,999.9981079101562,999.99951171875,999.9959106445312,1000.053955078125,999.9943237304688,1000.0,1000.1021118164062,999.9928588867188,999.9970703125,999.992919921875,999.9969482421876,999.9951782226562,999.992919921875,999.9907836914062,999.9935913085938,1000.006103515625,999.996337890625,1000.0,999.9892578125,999.9945068359376,1000.0029907226562,999.9970092773438,1000.0180053710938,999.9952392578124,999.99609375,999.9956665039062,999.99365234375,1000.00830078125,999.9984130859376,999.9982299804688,999.9901733398438,999.999755859375,1000.000244140625,999.9927978515624,999.9946899414062,1000.0000610351562,999.9996337890624,1000.0,999.996337890625,1000.0300903320312,999.9947509765624,999.9930419921876,999.9993286132812,1000.070556640625,999.9904174804688,999.9940795898438,999.992919921875,1000.1405029296876,999.996826171875,999.9978637695312,999.9915161132812,999.9978637695312,999.9995727539062,1000.0,1000.0000610351562,1000.0000610351562,1000.1290893554688,999.9939575195312,999.991943359375,999.997314453125,999.9951171875,999.9912719726562,999.9991455078124,1000.00244140625,999.9957885742188,999.9968872070312,999.9968872070312,999.99609375,1000.01220703125,999.9962768554688
78,999.993896484375,999.994384765625,999.9945068359376,999.9945678710938,999.9898071289062,999.9943237304688,1000.02099609375,999.9959106445312,1000.0012817382812,1000.0023803710938,999.9912719726562,999.99658203125,999.9969482421876,999.9954223632812,999.9915771484376,999.9993286132812,1000.0003662109376,999.9920654296876,999.9900512695312,999.9903564453124,999.9972534179688,999.991455078125,1000.0,1000.0048217773438,999.9927368164062,999.9911499023438,999.9916381835938,999.9976196289062,999.9908447265624,999.9943237304688,999.996826171875,999.999755859375,999.9948120117188,1000.0578002929688,999.9948120117188,999.9999389648438,1000.1071166992188,999.9918823242188,999.9971313476562,999.9928588867188,999.9956665039062,999.9954833984376,999.99267578125,999.9909057617188,999.9917602539062,1000.0057983398438,999.9957885742188,999.9998779296876,999.9894409179688,999.9927368164062,1000.0034790039062,999.995361328125,1000.0150756835938,999.9947509765624,999.9951171875,999.9953002929688,999.9927368164062,1000.0087890625,999.9978637695312,999.9981079101562,999.9901123046876,999.99853515625,1000.0003051757812,999.9929809570312,999.9961547851562,1000.0,999.9996948242188,1000.0,999.995361328125,1000.027099609375,999.9934692382812,999.9931640625,999.9990234375,1000.05419921875,999.9902954101562,999.9934692382812,999.992431640625,1000.1124877929688,999.9967041015624,999.9984130859376,999.9920043945312,999.9986572265624,999.9995727539062,1000.0,1000.0001220703124,1000.0,1000.1290893554688,999.9959716796876,999.991455078125,999.99755859375,999.9961547851562,999.9915771484376,999.9994506835938,1000.0029296875,999.9945068359376,999.9959106445312,999.9964599609376,999.9931640625,1000.0132446289062,999.9971923828124
79,999.9947509765624,999.9942626953124,999.993896484375,999.993896484375,999.989990234375,999.993408203125,1000.0179443359376,999.9964599609376,1000.0011596679688,1000.0020751953124,999.990478515625,999.9967041015624,999.997314453125,999.9938354492188,999.9913330078124,999.9990844726562,1000.0003662109376,999.9918823242188,999.99072265625,999.9900512695312,999.9971923828124,999.99072265625,1000.0,1000.0039672851562,999.9922485351562,999.9904174804688,999.9910278320312,999.9964599609376,999.9903564453124,999.9937744140624,999.9971313476562,999.9996337890624,999.9927978515624,1000.06201171875,999.994140625,1000.0,1000.10302734375,999.9920043945312,999.99658203125,999.9925537109376,999.9957275390624,999.99462890625,999.990966796875,999.9902954101562,999.9915161132812,1000.0048828125,999.9938354492188,999.9996337890624,999.9889526367188,999.9926147460938,1000.0030517578124,999.9959716796876,1000.0123901367188,999.9948120117188,999.9940795898438,999.9930419921876,999.9907836914062,1000.0055541992188,999.9974365234376,999.9970092773438,999.9896850585938,999.99853515625,1000.0003051757812,999.9918212890624,999.9954223632812,1000.0000610351562,999.9996337890624,1000.0,999.9948120117188,1000.0289916992188,999.993408203125,999.9921264648438,999.9993286132812,1000.0565795898438,999.9899291992188,999.9924926757812,999.9912109375,1000.1607666015624,999.9956665039062,999.9977416992188,999.9920043945312,999.9984741210938,999.99951171875,1000.0,1000.0001220703124,1000.0,1000.1137084960938,999.994873046875,999.9908447265624,999.9947509765624,999.9947509765624,999.9908447265624,999.9990844726562,1000.0013427734376,999.9937133789062,999.9954833984376,999.9959716796876,999.99462890625,1000.0137939453124,999.9963989257812
80,999.9935302734376,999.9937133789062,999.9935302734376,999.99169921875,999.9896850585938,999.9932250976562,1000.0057373046876,999.9964599609376,1000.0009765625,1000.0020141601562,999.989990234375,999.9965209960938,999.9974365234376,999.994873046875,999.990234375,999.9988403320312,1000.0003662109376,999.9918823242188,999.9906005859376,999.9898681640624,999.9947509765624,999.9900512695312,1000.0,1000.0033569335938,999.9927368164062,999.9910278320312,999.9908447265624,999.9945068359376,999.9898071289062,999.9931030273438,999.996337890625,999.9990844726562,999.9945678710938,1000.0464477539062,999.9912719726562,999.9998168945312,1000.102783203125,999.99169921875,999.9944458007812,999.990478515625,999.9953002929688,999.9949340820312,999.9918823242188,999.989990234375,999.9912109375,1000.00439453125,999.9957275390624,999.9998779296876,999.98779296875,999.9924926757812,1000.0027465820312,999.9945678710938,1000.0128784179688,999.9930419921876,999.9950561523438,999.9921264648438,999.991455078125,1000.0082397460938,999.9969482421876,999.9964599609376,999.9891357421876,999.9996948242188,1000.0001220703124,999.9918823242188,999.9947509765624,1000.0,999.9986572265624,1000.0,999.9933471679688,1000.0245361328124,999.9938354492188,999.9915161132812,999.998779296875,1000.0521240234376,999.9894409179688,999.9920043945312,999.9917602539062,1000.1049194335938,999.9957885742188,999.99755859375,999.9913940429688,999.997314453125,999.9979248046876,1000.0,1000.0,1000.0,1000.1159057617188,999.9949951171876,999.990234375,999.9954223632812,999.993896484375,999.9906616210938,999.998779296875,1000.0023803710938,999.99365234375,999.9950561523438,999.9943237304688,999.9942016601562,1000.0086059570312,999.99609375
81,999.9934692382812,999.9918823242188,999.9939575195312,999.9930419921876,999.9896240234376,999.991455078125,1000.0081787109376,999.99560546875,1000.0009765625,1000.0020141601562,999.989501953125,999.9959716796876,999.9976196289062,999.9942626953124,999.9902954101562,999.9982299804688,1000.0,999.9918212890624,999.989501953125,999.98974609375,999.9954833984376,999.9904174804688,1000.0,1000.0039672851562,999.9917602539062,999.9896850585938,999.989501953125,999.9953002929688,999.9890747070312,999.9927978515624,999.9960327148438,999.9990234375,999.9938354492188,1000.0389404296876,999.9926147460938,999.9999389648438,1000.0978393554688,999.9913940429688,999.9948120117188,999.990966796875,999.9946899414062,999.993896484375,999.990234375,999.9895629882812,999.9920654296876,1000.0037231445312,999.994140625,999.9998779296876,999.9886474609376,999.9921875,1000.0020751953124,999.9951782226562,1000.0070190429688,999.9901733398438,999.9953002929688,999.9926147460938,999.9906005859376,1000.00830078125,999.9950561523438,999.9963989257812,999.9891967773438,999.9989624023438,1000.0001220703124,999.9910888671876,999.9924926757812,1000.0,999.9984130859376,1000.0,999.993896484375,1000.0249633789062,999.9920654296876,999.9915771484376,999.9976806640624,1000.0515747070312,999.9894409179688,999.9925537109376,999.9912719726562,1000.0865478515624,999.9946899414062,999.9954833984376,999.9911499023438,999.9973754882812,999.9983520507812,1000.0,1000.0000610351562,1000.0,1000.1121215820312,999.9946899414062,999.9902954101562,999.9957275390624,999.9938354492188,999.9905395507812,999.9985961914062,1000.0023803710938,999.9929809570312,999.9935913085938,999.9946899414062,999.9927978515624,1000.0110473632812,999.99609375
82,999.9925537109376,999.9929809570312,999.9940185546876,999.9917602539062,999.9896850585938,999.9923706054688,1000.01220703125,999.9943237304688,1000.0008544921876,1000.001953125,999.9892578125,999.9953002929688,999.9953002929688,999.9931030273438,999.990234375,999.99853515625,1000.0000610351562,999.9915161132812,999.9889526367188,999.989501953125,999.9945068359376,999.9898681640624,1000.0,1000.0031127929688,999.9906616210938,999.990234375,999.99072265625,999.9946899414062,999.9893188476562,999.9925537109376,999.9957275390624,999.999267578125,999.9939575195312,1000.0584716796876,999.9926147460938,999.9993286132812,1000.091796875,999.9911499023438,999.993896484375,999.9918823242188,999.9945678710938,999.9935913085938,999.99072265625,999.9886474609376,999.9905395507812,1000.004150390625,999.994384765625,999.9998779296876,999.9888305664062,999.991943359375,1000.0015258789062,999.9944458007812,1000.0057373046876,999.9927978515624,999.9953002929688,999.991943359375,999.9904174804688,1000.0046997070312,999.995361328125,999.9960327148438,999.9890747070312,999.9992065429688,1000.0000610351562,999.9908447265624,999.9937744140624,999.9996337890624,999.9994506835938,1000.0,999.9927978515624,1000.021240234375,999.9904174804688,999.9910278320312,999.997802734375,1000.0492553710938,999.9894409179688,999.9930419921876,999.9899291992188,1000.0975341796876,999.9952392578124,999.99609375,999.9906616210938,999.9952392578124,999.9966430664062,1000.0,1000.0000610351562,1000.0,1000.1137084960938,999.9946899414062,999.9896240234376,999.995361328125,999.9926147460938,999.9896240234376,999.9971923828124,1000.0016479492188,999.9920654296876,999.9927978515624,999.993408203125,999.9923095703124,1000.0068969726562,999.9942626953124
83,999.9922485351562,999.9923095703124,999.9913330078124,999.991943359375,999.9886474609376,999.9918212890624,1000.0047607421876,999.99365234375,1000.0008544921876,1000.0018920898438,999.9883422851562,999.9937744140624,999.9954223632812,999.9929809570312,999.9907836914062,999.9978637695312,1000.0001220703124,999.990478515625,999.9888916015624,999.9896850585938,999.9946899414062,999.989990234375,1000.0,1000.0033569335938,999.9903564453124,999.9896240234376,999.9902954101562,999.9930419921876,999.9898071289062,999.9912719726562,999.9953002929688,999.9990844726562,999.9930419921876,1000.0293579101562,999.9923095703124,999.9993286132812,1000.0938110351562,999.991455078125,999.9940185546876,999.990234375,999.9934692382812,999.9921875,999.9901733398438,999.9884033203124,999.9904174804688,1000.003662109375,999.9934692382812,999.9998779296876,999.988037109375,999.9921875,1000.001708984375,999.994384765625,1000.0054931640624,999.9907836914062,999.994873046875,999.9911499023438,999.990966796875,1000.0049438476562,999.9945068359376,999.9962158203124,999.98828125,999.99853515625,1000.0000610351562,999.9912719726562,999.99365234375,999.9999389648438,999.9971923828124,1000.0,999.992431640625,1000.020751953125,999.9921875,999.9905395507812,999.9982299804688,1000.0444946289062,999.989013671875,999.9917602539062,999.9906616210938,1000.1043090820312,999.9950561523438,999.9962158203124,999.989990234375,999.9949951171876,999.99755859375,1000.0,1000.0,1000.0,1000.1094360351562,999.9935913085938,999.989501953125,999.9943237304688,999.9932250976562,999.9896240234376,999.9969482421876,1000.0015869140624,999.9929809570312,999.9927978515624,999.9920043945312,999.993408203125,1000.00634765625,999.99609375
84,999.9926147460938,999.9918212890624,999.9913330078124,999.9910888671876,999.9890747070312,999.9906005859376,1000.0076904296876,999.993896484375,1000.0009765625,1000.0016479492188,999.98876953125,999.9940185546876,999.993896484375,999.992431640625,999.9893798828124,999.998046875,1000.0,999.990966796875,999.9894409179688,999.9898071289062,999.9934692382812,999.9893188476562,1000.0,1000.0030517578124,999.990478515625,999.98974609375,999.98974609375,999.99365234375,999.9896850585938,999.9913330078124,999.993896484375,999.9979248046876,999.9918212890624,1000.0259399414062,999.991943359375,999.999267578125,1000.091552734375,999.9906616210938,999.9943237304688,999.9901733398438,999.9929809570312,999.9916381835938,999.99072265625,999.98876953125,999.9901733398438,1000.0032348632812,999.9932861328124,999.999755859375,999.9879760742188,999.9909057617188,1000.0021362304688,999.9931640625,1000.0054321289062,999.9898681640624,999.9939575195312,999.9915161132812,999.9898071289062,1000.005126953125,999.993896484375,999.994140625,999.9886474609376,999.9974365234376,1000.0001220703124,999.9899291992188,999.9927978515624,999.999755859375,999.9976806640624,1000.0,999.9918823242188,1000.0192260742188,999.9924926757812,999.9906616210938,999.997802734375,1000.0447998046876,999.9889526367188,999.9909057617188,999.9900512695312,1000.0855712890624,999.9933471679688,999.9946899414062,999.9898681640624,999.9967651367188,999.9971923828124,1000.0,1000.0,1000.0,1000.1105346679688,999.9929809570312,999.9901123046876,999.993896484375,999.9915771484376,999.990234375,999.9969482421876,1000.00146484375,999.9918212890624,999.9932861328124,999.9933471679688,999.9918212890624,1000.0042114257812,999.9935913085938
85,999.9915161132812,999.99267578125,999.99072265625,999.9907836914062,999.9885864257812,999.9915161132812,1000.0062255859376,999.9933471679688,1000.0008544921876,1000.0015869140624,999.9882202148438,999.99462890625,999.9951782226562,999.9923706054688,999.9895629882812,999.9977416992188,1000.0,999.9888916015624,999.9890747070312,999.9891967773438,999.9931640625,999.988525390625,1000.0,1000.0025024414062,999.9898681640624,999.9885864257812,999.9893188476562,999.9927368164062,999.9891967773438,999.9908447265624,999.9927368164062,999.9985961914062,999.9923095703124,1000.0228881835938,999.9906616210938,999.9995727539062,1000.0939331054688,999.9912719726562,999.9943237304688,999.9902954101562,999.9918823242188,999.9909057617188,999.9899291992188,999.9882202148438,999.9901733398438,1000.0029296875,999.9920043945312,999.9996948242188,999.9876098632812,999.9913330078124,1000.0020141601562,999.9933471679688,1000.0048828125,999.99169921875,999.9931640625,999.9896850585938,999.989990234375,1000.0042114257812,999.9927368164062,999.9949951171876,999.9885864257812,999.99755859375,1000.0000610351562,999.9900512695312,999.9918212890624,999.9993896484376,999.9971313476562,1000.0,999.992919921875,1000.0189208984376,999.9911499023438,999.9898071289062,999.997802734375,1000.0477294921876,999.989013671875,999.99072265625,999.98974609375,1000.0895385742188,999.99267578125,999.9955444335938,999.9891967773438,999.9945678710938,999.9962158203124,1000.0,1000.0,1000.0,1000.1089477539062,999.993408203125,999.98974609375,999.9935302734376,999.9920654296876,999.989013671875,999.9963989257812,1000.0007934570312,999.9918212890624,999.9932250976562,999.9908447265624,999.9923706054688,1000.0054931640624,999.994873046875
86,999.991455078125,999.990234375,999.991943359375,999.9912109375,999.98828125,999.9906616210938,1000.0040893554688,999.9913330078124,1000.0008544921876,1000.0015869140624,999.9879760742188,999.9933471679688,999.9945678710938,999.991455078125,999.9891967773438,999.99658203125,1000.0,999.989990234375,999.989013671875,999.9896850585938,999.994384765625,999.9886474609376,1000.0,1000.0023193359376,999.9895629882812,999.9884033203124,999.9892578125,999.9916381835938,999.9888916015624,999.9912109375,999.9931640625,999.9981079101562,999.9926147460938,1000.0155029296876,999.9902954101562,999.9989624023438,1000.0883178710938,999.9902954101562,999.9932250976562,999.9901123046876,999.9921264648438,999.991943359375,999.9902954101562,999.9888916015624,999.98974609375,1000.0025634765624,999.9907836914062,999.9995727539062,999.9874267578124,999.9900512695312,1000.001953125,999.9929809570312,1000.0047607421876,999.9907836914062,999.9940795898438,999.9905395507812,999.9888916015624,1000.003662109375,999.9923706054688,999.9945678710938,999.9884033203124,999.996826171875,1000.0,999.9893798828124,999.9926147460938,999.999267578125,999.9967041015624,1000.0,999.9907836914062,1000.020751953125,999.9916381835938,999.9892578125,999.99755859375,1000.041015625,999.989013671875,999.9895629882812,999.9891967773438,1000.0953979492188,999.9932861328124,999.9952392578124,999.9891357421876,999.9951171875,999.9956665039062,1000.0,1000.0,1000.0,1000.0994262695312,999.9930419921876,999.9892578125,999.9921264648438,999.9917602539062,999.989013671875,999.9952392578124,1000.0013427734376,999.9902954101562,999.9924926757812,999.9925537109376,999.9920654296876,1000.00537109375,999.9929809570312
87,999.9904174804688,999.9913330078124,999.99072265625,999.9901733398438,999.9887084960938,999.9899291992188,1000.0021362304688,999.9920043945312,1000.0007934570312,1000.0014038085938,999.9877319335938,999.9943237304688,999.9923706054688,999.9911499023438,999.9887084960938,999.9953002929688,1000.0,999.9894409179688,999.9884643554688,999.9888305664062,999.9945068359376,999.9884033203124,1000.0,1000.0022583007812,999.9887084960938,999.9879760742188,999.989501953125,999.9918823242188,999.9892578125,999.989990234375,999.9909057617188,999.9977416992188,999.9913940429688,1000.0182495117188,999.990234375,999.999267578125,1000.0889892578124,999.9893188476562,999.9920654296876,999.9896850585938,999.9913330078124,999.9911499023438,999.98974609375,999.9882202148438,999.9899291992188,1000.0025634765624,999.9910278320312,999.999267578125,999.9871826171876,999.9902954101562,1000.0012817382812,999.99267578125,1000.0050048828124,999.9891967773438,999.993408203125,999.990234375,999.9895629882812,1000.0034790039062,999.9927368164062,999.9945678710938,999.9879150390624,999.9967041015624,1000.0,999.9895629882812,999.9922485351562,999.9994506835938,999.9955444335938,1000.0,999.9913940429688,1000.017333984375,999.9908447265624,999.9884643554688,999.9974365234376,1000.044189453125,999.9885864257812,999.9903564453124,999.9896850585938,1000.0768432617188,999.9928588867188,999.993408203125,999.9891357421876,999.9940795898438,999.9945678710938,1000.0,1000.0,1000.0,1000.1005859375,999.9923095703124,999.9894409179688,999.9927368164062,999.9913330078124,999.98779296875,999.9946899414062,1000.0009155273438,999.99072265625,999.992919921875,999.9913940429688,999.990966796875,1000.0034790039062,999.9927368164062
88,999.9906005859376,999.9900512695312,999.9909057617188,999.9906005859376,999.9878540039062,999.9900512695312,1000.0031127929688,999.9920654296876,1000.000732421875,1000.00146484375,999.9879150390624,999.99169921875,999.993408203125,999.9909057617188,999.9888305664062,999.9961547851562,1000.0,999.9884643554688,999.9884643554688,999.9883422851562,999.9931640625,999.9884033203124,1000.0,1000.002197265625,999.989501953125,999.9881591796876,999.9884033203124,999.9905395507812,999.98876953125,999.9901733398438,999.9902954101562,999.9982299804688,999.98974609375,1000.0180053710938,999.9903564453124,999.9984741210938,1000.087890625,999.9891357421876,999.9927368164062,999.9891967773438,999.9906005859376,999.9906616210938,999.98974609375,999.9873657226562,999.989013671875,1000.0025024414062,999.990478515625,999.999267578125,999.9872436523438,999.9891967773438,1000.0014038085938,999.9913330078124,1000.0036010742188,999.9892578125,999.9928588867188,999.989990234375,999.98876953125,1000.003173828125,999.9921875,999.994140625,999.988037109375,999.9964599609376,1000.0,999.9896240234376,999.9918823242188,999.9989624023438,999.99560546875,1000.0,999.990478515625,1000.016845703125,999.9911499023438,999.9886474609376,999.9961547851562,1000.0368041992188,999.9879760742188,999.9891357421876,999.9888305664062,1000.072998046875,999.9929809570312,999.9940795898438,999.9888916015624,999.9940185546876,999.99560546875,1000.0,1000.0,1000.0,1000.1000366210938,999.9911499023438,999.9892578125,999.9920043945312,999.989990234375,999.9887084960938,999.994384765625,1000.0003662109376,999.9891967773438,999.9909057617188,999.9915771484376,999.9911499023438,1000.00341796875,999.9937133789062
89,999.9898681640624,999.9899291992188,999.9902954101562,999.9899291992188,999.9880981445312,999.9899291992188,1000.0006713867188,999.9910278320312,1000.000732421875,1000.0014038085938,999.9877319335938,999.9922485351562,999.9921875,999.991455078125,999.9884643554688,999.9950561523438,1000.0,999.9889526367188,999.9879150390624,999.988525390625,999.9935913085938,999.9881591796876,1000.0,1000.0016479492188,999.9885864257812,999.98779296875,999.9888916015624,999.9906616210938,999.9883422851562,999.9900512695312,999.9902954101562,999.9970703125,999.9903564453124,1000.0133056640624,999.9902954101562,999.9971313476562,1000.08447265625,999.989501953125,999.991455078125,999.988525390625,999.991455078125,999.9902954101562,999.9888305664062,999.9872436523438,999.9886474609376,1000.002197265625,999.99072265625,999.9995727539062,999.9866943359376,999.9891967773438,1000.0015258789062,999.9909057617188,1000.003662109375,999.9889526367188,999.9923706054688,999.9891967773438,999.9886474609376,1000.0032348632812,999.9918212890624,999.9929809570312,999.9876098632812,999.994384765625,1000.0,999.9898071289062,999.9905395507812,999.9996337890624,999.9942626953124,1000.0,999.989990234375,1000.0157470703124,999.9903564453124,999.9881591796876,999.9970092773438,1000.0343017578124,999.9878540039062,999.9898681640624,999.9885864257812,1000.0551147460938,999.9923706054688,999.99365234375,999.9884643554688,999.9943237304688,999.9922485351562,1000.0,1000.0,1000.0,1000.0982666015624,999.9921264648438,999.9885864257812,999.991943359375,999.9904174804688,999.9887084960938,999.9922485351562,1000.0006103515624,999.9900512695312,999.9915771484376,999.9906616210938,999.9912719726562,1000.0034790039062,999.99072265625
90,999.9899291992188,999.9896850585938,999.9895629882812,999.9898071289062,999.9876708984376,999.9893188476562,1000.000732421875,999.9916381835938,1000.000732421875,1000.00146484375,999.9869384765624,999.9906616210938,999.992919921875,999.9907836914062,999.988525390625,999.994873046875,1000.0,999.9896240234376,999.9879150390624,999.9884643554688,999.9923706054688,999.988037109375,1000.0,1000.0017700195312,999.988525390625,999.9879760742188,999.9885864257812,999.9896850585938,999.9878540039062,999.9893798828124,999.9905395507812,999.9972534179688,999.9905395507812,1000.0106201171876,999.989013671875,999.9974365234376,1000.0859375,999.9884033203124,999.9906005859376,999.9889526367188,999.990478515625,999.9902954101562,999.98876953125,999.9873046875,999.9891967773438,1000.0021362304688,999.9911499023438,999.9994506835938,999.986572265625,999.9891357421876,1000.0015258789062,999.9893798828124,1000.0039672851562,999.9891357421876,999.9923095703124,999.9896240234376,999.9879150390624,1000.0026245117188,999.99169921875,999.9942626953124,999.9872436523438,999.9957885742188,1000.0,999.9894409179688,999.9910888671876,999.9990234375,999.9937744140624,1000.0,999.98974609375,1000.0150756835938,999.9896850585938,999.988525390625,999.996826171875,1000.0413208007812,999.9873657226562,999.9888916015624,999.9888916015624,1000.0556030273438,999.9911499023438,999.991455078125,999.98876953125,999.9931640625,999.994384765625,1000.0,1000.0,1000.0,1000.0987548828124,999.9915771484376,999.98828125,999.9906616210938,999.9892578125,999.98828125,999.992431640625,1000.0003051757812,999.9901123046876,999.99072265625,999.9902954101562,999.9895629882812,1000.0034790039062,999.9915771484376
91,999.9891967773438,999.9898071289062,999.9891967773438,999.9891967773438,999.9871826171876,999.9888305664062,1000.0010375976562,999.990966796875,1000.000732421875,1000.001220703125,999.9869995117188,999.9917602539062,999.9923095703124,999.9898681640624,999.9885864257812,999.9952392578124,1000.0,999.9887084960938,999.9881591796876,999.9883422851562,999.991943359375,999.9872436523438,1000.0,1000.0016479492188,999.9884033203124,999.9876098632812,999.988525390625,999.990478515625,999.98779296875,999.989501953125,999.99072265625,999.996826171875,999.9906005859376,1000.0095825195312,999.9884033203124,999.9971313476562,1000.0831298828124,999.988525390625,999.9913330078124,999.9884033203124,999.9901123046876,999.9896240234376,999.9881591796876,999.9873046875,999.9884643554688,1000.0018310546876,999.989990234375,999.999267578125,999.9867553710938,999.9886474609376,1000.0013427734376,999.9913940429688,1000.0027465820312,999.98876953125,999.9915161132812,999.9888916015624,999.98828125,1000.0022583007812,999.98974609375,999.9935302734376,999.987060546875,999.9944458007812,1000.0,999.9888305664062,999.9910278320312,999.9985961914062,999.9933471679688,1000.0,999.98974609375,1000.0147705078124,999.9893798828124,999.9879150390624,999.9967651367188,1000.0379638671876,999.9872436523438,999.98779296875,999.9884643554688,1000.0587158203124,999.9900512695312,999.9926147460938,999.9884643554688,999.993408203125,999.9938354492188,1000.0,1000.0,1000.0,1000.094970703125,999.9902954101562,999.9879760742188,999.9909057617188,999.9895629882812,999.9877319335938,999.9921264648438,1000.0003662109376,999.9892578125,999.9904174804688,999.9904174804688,999.9900512695312,1000.0029296875,999.9915161132812
92,999.9891357421876,999.98876953125,999.989501953125,999.9895629882812,999.9871215820312,999.9888305664062,1000.0001831054688,999.990478515625,1000.0006713867188,1000.0013427734376,999.98681640625,999.9911499023438,999.9923706054688,999.989990234375,999.988037109375,999.9923706054688,1000.0,999.9887084960938,999.9872436523438,999.9873657226562,999.9923095703124,999.987548828125,1000.0,1000.0015869140624,999.9878540039062,999.987548828125,999.98828125,999.9893188476562,999.9879760742188,999.9888305664062,999.990234375,999.9963989257812,999.9900512695312,1000.01025390625,999.989013671875,999.9964599609376,1000.0829467773438,999.9881591796876,999.990478515625,999.9880981445312,999.9898681640624,999.98876953125,999.9880981445312,999.9871215820312,999.9887084960938,1000.0016479492188,999.990234375,999.9991455078124,999.9865112304688,999.9887084960938,1000.0012817382812,999.9912719726562,1000.0025024414062,999.988525390625,999.9910278320312,999.9888916015624,999.9880981445312,1000.0025024414062,999.9900512695312,999.9931640625,999.9871826171876,999.9943237304688,1000.0,999.9880981445312,999.9896240234376,999.9977416992188,999.992919921875,1000.0,999.9891357421876,1000.0147094726562,999.9891357421876,999.9881591796876,999.9957275390624,1000.0368041992188,999.9866943359376,999.98876953125,999.9881591796876,1000.048583984375,999.9908447265624,999.9918823242188,999.9884033203124,999.992919921875,999.9918823242188,1000.0,1000.0,1000.0,1000.0958862304688,999.9901123046876,999.9877319335938,999.9905395507812,999.9898681640624,999.9874267578124,999.9913940429688,1000.0003051757812,999.9888305664062,999.9904174804688,999.9900512695312,999.9892578125,1000.0025634765624,999.9900512695312
93,999.9891967773438,999.9885864257812,999.9902954101562,999.9892578125,999.9869995117188,999.9884643554688,1000.0004272460938,999.990966796875,1000.0006103515624,1000.0011596679688,999.9869995117188,999.9894409179688,999.99169921875,999.9896850585938,999.9879150390624,999.9930419921876,1000.0,999.9882202148438,999.9873046875,999.9869995117188,999.9906616210938,999.9871826171876,1000.0,1000.0017700195312,999.98779296875,999.9869995117188,999.9882202148438,999.98974609375,999.98779296875,999.9888305664062,999.9895629882812,999.9959106445312,999.9899291992188,1000.0068359375,999.9887084960938,999.9962158203124,1000.081787109375,999.9877319335938,999.9898071289062,999.9878540039062,999.9884033203124,999.9896850585938,999.9874267578124,999.9868774414062,999.9883422851562,1000.001953125,999.9896850585938,999.9992065429688,999.986572265625,999.9879150390624,1000.0012817382812,999.9910278320312,1000.0020751953124,999.9884643554688,999.990966796875,999.9884033203124,999.9871826171876,1000.001708984375,999.9898681640624,999.9924926757812,999.9869995117188,999.99365234375,1000.0,999.9885864257812,999.9896240234376,999.9973754882812,999.9922485351562,1000.0,999.9884033203124,1000.0137939453124,999.9884643554688,999.9878540039062,999.9961547851562,1000.035888671875,999.9869384765624,999.9884033203124,999.9879760742188,1000.0576171875,999.9909057617188,999.9923706054688,999.9871215820312,999.992431640625,999.993408203125,1000.0,1000.0,1000.0,1000.0924682617188,999.9903564453124,999.9879760742188,999.9907836914062,999.9893188476562,999.987548828125,999.9915161132812,1000.0004272460938,999.9887084960938,999.9904174804688,999.9901733398438,999.9893798828124,1000.0029296875,999.9901123046876
94,999.9890747070312,999.9887084960938,999.9883422851562,999.9893798828124,999.9871215820312,999.9874267578124,1000.00048828125,999.9898681640624,1000.0006103515624,1000.001220703125,999.9864501953124,999.9904174804688,999.99169921875,999.9895629882812,999.9876098632812,999.9938354492188,1000.0,999.9878540039062,999.9873657226562,999.9874877929688,999.9911499023438,999.9871826171876,1000.0,1000.0013427734376,999.9883422851562,999.9871215820312,999.9878540039062,999.9902954101562,999.9876708984376,999.98828125,999.9898681640624,999.9962158203124,999.989501953125,1000.0081787109376,999.98876953125,999.99560546875,1000.0828857421876,999.98828125,999.9905395507812,999.9879760742188,999.9885864257812,999.9891357421876,999.9874267578124,999.9869384765624,999.9884033203124,1000.0018310546876,999.9898681640624,999.9990234375,999.986328125,999.988037109375,1000.0010986328124,999.9901733398438,1000.002197265625,999.9883422851562,999.9893188476562,999.9881591796876,999.9873657226562,1000.0015869140624,999.9891967773438,999.9906616210938,999.98681640625,999.993896484375,1000.0,999.9869995117188,999.9896240234376,999.9971923828124,999.9915161132812,1000.0,999.9885864257812,1000.0130004882812,999.9884643554688,999.9879760742188,999.9961547851562,1000.0322265625,999.9867553710938,999.9880981445312,999.9879760742188,1000.03466796875,999.9903564453124,999.990966796875,999.987548828125,999.9912719726562,999.992919921875,1000.0,1000.0,1000.0,1000.0935668945312,999.9901123046876,999.9879150390624,999.9902954101562,999.9888305664062,999.9872436523438,999.990478515625,1000.0003051757812,999.9883422851562,999.990478515625,999.9893798828124,999.9895629882812,1000.0023803710938,999.9901123046876
95,999.9887084960938,999.9886474609376,999.9892578125,999.9885864257812,999.9869384765624,999.9878540039062,1000.000244140625,999.990234375,1000.0006713867188,1000.001220703125,999.9862670898438,999.9905395507812,999.9913940429688,999.9892578125,999.9872436523438,999.9932250976562,1000.0,999.98828125,999.9873657226562,999.9868774414062,999.990234375,999.987060546875,1000.0,1000.0015869140624,999.9876708984376,999.9868774414062,999.9879150390624,999.9896850585938,999.9876708984376,999.988525390625,999.9887084960938,999.995849609375,999.989501953125,1000.0068969726562,999.9874877929688,999.9943237304688,1000.0823364257812,999.98779296875,999.9901123046876,999.9873657226562,999.98876953125,999.98876953125,999.987548828125,999.9864501953124,999.9884643554688,1000.0015869140624,999.989501953125,999.9985961914062,999.986328125,999.9880981445312,1000.0010375976562,999.989501953125,1000.0017700195312,999.9885864257812,999.9900512695312,999.9882202148438,999.9873046875,1000.00146484375,999.9893188476562,999.9913940429688,999.9865112304688,999.9913330078124,1000.0,999.9883422851562,999.9898681640624,999.9971923828124,999.9903564453124,1000.0,999.9876098632812,1000.0135498046876,999.98779296875,999.9873046875,999.9956665039062,1000.0343627929688,999.9865112304688,999.98779296875,999.9877319335938,1000.0447998046876,999.9893188476562,999.9904174804688,999.9874877929688,999.9909057617188,999.9929809570312,1000.0,1000.0,1000.0,1000.0916748046876,999.9898681640624,999.9871826171876,999.9898071289062,999.9884643554688,999.9866333007812,999.9895629882812,1000.0001831054688,999.9884033203124,999.9893798828124,999.9893798828124,999.9891967773438,1000.0023803710938,999.9901733398438
96,999.9877319335938,999.9880981445312,999.9888916015624,999.9880981445312,999.9863891601562,999.9876708984376,1000.0000610351562,999.9898681640624,1000.0006103515624,1000.0010986328124,999.9865112304688,999.9899291992188,999.990234375,999.9893188476562,999.9871215820312,999.99365234375,1000.0,999.987548828125,999.9871826171876,999.9872436523438,999.989990234375,999.9867553710938,1000.0,1000.0013427734376,999.98779296875,999.9867553710938,999.9876098632812,999.9891967773438,999.9874877929688,999.9881591796876,999.9890747070312,999.9957885742188,999.9888305664062,1000.0061645507812,999.9879150390624,999.9939575195312,1000.0811157226562,999.9872436523438,999.9889526367188,999.9873657226562,999.9879760742188,999.9886474609376,999.987548828125,999.9866943359376,999.9880981445312,1000.0015258789062,999.9893188476562,999.9986572265624,999.986083984375,999.988037109375,1000.0007934570312,999.989013671875,1000.001708984375,999.988037109375,999.990234375,999.9881591796876,999.9869995117188,1000.0015869140624,999.9887084960938,999.991455078125,999.98681640625,999.9928588867188,1000.0,999.98779296875,999.9886474609376,999.9935913085938,999.9916381835938,1000.0,999.9883422851562,1000.0106201171876,999.9877319335938,999.9873657226562,999.9959106445312,1000.0324096679688,999.9866943359376,999.9879150390624,999.9873657226562,1000.0391235351562,999.9891967773438,999.9896850585938,999.98779296875,999.9904174804688,999.9918823242188,1000.0,1000.0,1000.0,1000.0899658203124,999.98876953125,999.987060546875,999.9899291992188,999.9884033203124,999.986572265625,999.990478515625,1000.0001831054688,999.9883422851562,999.9896240234376,999.988525390625,999.9894409179688,1000.0021362304688,999.9901733398438
97,999.9883422851562,999.9883422851562,999.98876953125,999.9879760742188,999.9864501953124,999.9873657226562,1000.0000610351562,999.9888305664062,1000.0006103515624,1000.0011596679688,999.9861450195312,999.9901733398438,999.9908447265624,999.9883422851562,999.9869995117188,999.9932861328124,1000.0,999.9874877929688,999.9869384765624,999.9868774414062,999.9899291992188,999.9868774414062,1000.0,1000.0012817382812,999.9872436523438,999.9866333007812,999.9873046875,999.9888916015624,999.9871826171876,999.9874877929688,999.9884033203124,999.9959716796876,999.9886474609376,1000.0050048828124,999.9879150390624,999.9937133789062,1000.0806884765624,999.9871826171876,999.9891357421876,999.9876098632812,999.9879760742188,999.9886474609376,999.9872436523438,999.9865112304688,999.9879760742188,1000.00146484375,999.9891357421876,999.9985961914062,999.9861450195312,999.9877319335938,1000.0009765625,999.9891357421876,1000.0014038085938,999.9876708984376,999.9893798828124,999.9874877929688,999.9871215820312,1000.00146484375,999.9884643554688,999.9900512695312,999.9864501953124,999.9926147460938,1000.0,999.9874877929688,999.9885864257812,999.9962768554688,999.9898681640624,1000.0,999.9876708984376,1000.0115356445312,999.9874877929688,999.9874267578124,999.9954833984376,1000.032470703125,999.986572265625,999.9873046875,999.9873657226562,1000.0336303710938,999.9883422851562,999.9904174804688,999.9872436523438,999.9898071289062,999.9912109375,1000.0,1000.0,1000.0,1000.0906982421876,999.9891357421876,999.9869384765624,999.9890747070312,999.9874877929688,999.9862670898438,999.989990234375,1000.0000610351562,999.98779296875,999.9891357421876,999.9879150390624,999.9892578125,1000.0018920898438,999.9892578125
98,999.988037109375,999.9878540039062,999.988525390625,999.9878540039062,999.9862060546876,999.9873657226562,1000.0000610351562,999.9883422851562,1000.0006103515624,1000.0010986328124,999.9862670898438,999.9894409179688,999.9899291992188,999.9882202148438,999.9869384765624,999.9921875,1000.0,999.9872436523438,999.98681640625,999.9868774414062,999.9898681640624,999.9866333007812,1000.0,1000.0013427734376,999.9872436523438,999.9866943359376,999.987548828125,999.9886474609376,999.9867553710938,999.9879150390624,999.9886474609376,999.9954833984376,999.9886474609376,1000.0050048828124,999.9874267578124,999.9930419921876,1000.0791015625,999.9874267578124,999.9886474609376,999.9871826171876,999.9877319335938,999.989013671875,999.98681640625,999.9863891601562,999.9878540039062,1000.0015869140624,999.9888916015624,999.9984130859376,999.9859619140624,999.9876098632812,1000.0009765625,999.9893188476562,1000.0014038085938,999.9876098632812,999.9890747070312,999.9874877929688,999.9868774414062,1000.0012817382812,999.98828125,999.9895629882812,999.9862060546876,999.9912109375,1000.0,999.9871826171876,999.9887084960938,999.9952392578124,999.9894409179688,1000.0,999.9878540039062,1000.01171875,999.9871215820312,999.9871215820312,999.9954223632812,1000.03076171875,999.9863891601562,999.9873657226562,999.9871826171876,1000.025390625,999.9884643554688,999.9901123046876,999.9873046875,999.9901123046876,999.990966796875,1000.0,1000.0,1000.0,1000.0902099609376,999.9887084960938,999.9868774414062,999.9884643554688,999.9879150390624,999.9865112304688,999.9892578125,1000.0000610351562,999.9874877929688,999.989013671875,999.988525390625,999.9887084960938,1000.0020141601562,999.9896850585938
99,999.9880981445312,999.9876098632812,999.98828125,999.9877319335938,999.9863891601562,999.9873046875,1000.0,999.9888305664062,1000.0006103515624,1000.0010986328124,999.9862060546876,999.9889526367188,999.9898681640624,999.9882202148438,999.9869384765624,999.9927368164062,1000.0,999.9869384765624,999.98681640625,999.9869384765624,999.9885864257812,999.9864501953124,1000.0,1000.001220703125,999.9871215820312,999.9866333007812,999.987060546875,999.9885864257812,999.9871826171876,999.9874877929688,999.9884033203124,999.9952392578124,999.9876098632812,1000.003662109375,999.9873657226562,999.9923706054688,1000.0795288085938,999.9872436523438,999.9884643554688,999.9872436523438,999.9879150390624,999.98828125,999.987060546875,999.986328125,999.9873046875,1000.0013427734376,999.9884643554688,999.99853515625,999.9860229492188,999.9876708984376,1000.0009155273438,999.9887084960938,1000.001220703125,999.9871215820312,999.9891967773438,999.9872436523438,999.9866943359376,1000.001220703125,999.9884643554688,999.990966796875,999.9863891601562,999.9898071289062,1000.0,999.9866943359376,999.9878540039062,999.9939575195312,999.9898681640624,1000.0,999.9874267578124,1000.01171875,999.9871215820312,999.9872436523438,999.9953002929688,1000.0318603515624,999.9862670898438,999.9868774414062,999.9869995117188,1000.0298461914062,999.9885864257812,999.989501953125,999.9872436523438,999.989990234375,999.9906005859376,1000.0,1000.0,1000.0,1000.0888061523438,999.9884643554688,999.9866333007812,999.9887084960938,999.9874877929688,999.9860229492188,999.9891967773438,1000.0000610351562,999.9874267578124,999.9885864257812,999.9884033203124,999.9888305664062,1000.001708984375,999.9898681640624
100,999.9873046875,999.9869995117188,999.9879150390624,999.9879150390624,999.9862670898438,999.9871826171876,1000.0,999.9879760742188,1000.0006103515624,1000.0010375976562,999.9861450195312,999.98828125,999.9898071289062,999.9876098632812,999.9866333007812,999.9922485351562,1000.0,999.987060546875,999.986572265625,999.9866333007812,999.98876953125,999.9863891601562,1000.0,1000.001220703125,999.987060546875,999.986328125,999.9867553710938,999.9884643554688,999.9871826171876,999.9873046875,999.9881591796876,999.99560546875,999.98828125,1000.00439453125,999.98681640625,999.9923095703124,1000.0786743164062,999.987060546875,999.988037109375,999.9871215820312,999.9876708984376,999.9886474609376,999.9868774414062,999.9861450195312,999.9873046875,1000.0012817382812,999.9881591796876,999.9981079101562,999.9859619140624,999.9874267578124,1000.0008544921876,999.9876098632812,1000.0011596679688,999.9871215820312,999.9882202148438,999.9869384765624,999.9865112304688,1000.0011596679688,999.9883422851562,999.9902954101562,999.9859008789062,999.9899291992188,1000.0,999.98681640625,999.98828125,999.9925537109376,999.9896240234376,1000.0,999.9873046875,1000.010986328125,999.98681640625,999.9868774414062,999.994873046875,1000.0305786132812,999.9861450195312,999.987060546875,999.9869384765624,1000.02734375,999.9885864257812,999.9898071289062,999.9869384765624,999.9894409179688,999.989990234375,1000.0,1000.0,1000.0,1000.089111328125,999.988037109375,999.9864501953124,999.9889526367188,999.9874267578124,999.9864501953124,999.9896850585938,1000.0,999.9874877929688,999.9883422851562,999.98779296875,999.9887084960938,1000.001708984375,999.989013671875
101,999.9871215820312,999.987060546875,999.9879760742188,999.9877319335938,999.986083984375,999.9867553710938,1000.0,999.9880981445312,1000.0005493164062,1000.0010375976562,999.9860229492188,999.9889526367188,999.98876953125,999.9879760742188,999.9866333007812,999.9916381835938,1000.0,999.987060546875,999.98681640625,999.9863891601562,999.9887084960938,999.9862060546876,1000.0,1000.0010986328124,999.9871215820312,999.9861450195312,999.9862060546876,999.988037109375,999.98681640625,999.9869995117188,999.9874877929688,999.9945678710938,999.9876098632812,1000.0042724609376,999.9866943359376,999.990478515625,1000.0772705078124,999.9866333007812,999.9876098632812,999.987060546875,999.9874267578124,999.98779296875,999.9866943359376,999.9862670898438,999.9867553710938,1000.001220703125,999.9887084960938,999.9979248046876,999.98583984375,999.9873046875,1000.0009155273438,999.9883422851562,1000.001220703125,999.9869995117188,999.9884033203124,999.9873657226562,999.9862060546876,1000.0009765625,999.988037109375,999.9893188476562,999.9862060546876,999.9898071289062,1000.0,999.9866943359376,999.9879150390624,999.9932250976562,999.9888916015624,1000.0,999.9871826171876,1000.0111083984376,999.9867553710938,999.986572265625,999.9949951171876,1000.0299072265624,999.9862060546876,999.9871215820312,999.98681640625,1000.028076171875,999.9885864257812,999.9896850585938,999.9865112304688,999.9888916015624,999.9895629882812,1000.0,1000.0,1000.0,1000.087646484375,999.9879150390624,999.986572265625,999.9888305664062,999.987548828125,999.9861450195312,999.9887084960938,1000.0,999.9868774414062,999.9884033203124,999.9881591796876,999.9879760742188,1000.0016479492188,999.9894409179688
102,999.9873657226562,999.9869384765624,999.9873657226562,999.9876098632812,999.9862060546876,999.9866333007812,1000.0,999.9885864257812,1000.0006103515624,1000.0010375976562,999.9860229492188,999.9884033203124,999.9890747070312,999.9872436523438,999.9863891601562,999.99072265625,1000.0,999.9866333007812,999.9866943359376,999.986572265625,999.9884643554688,999.9862670898438,1000.0,1000.0010986328124,999.9866943359376,999.986083984375,999.9866333007812,999.9881591796876,999.9867553710938,999.9871215820312,999.9877319335938,999.9949340820312,999.9879150390624,1000.00341796875,999.9863891601562,999.9901123046876,1000.0762329101562,999.9866943359376,999.98779296875,999.9864501953124,999.9874267578124,999.9881591796876,999.9864501953124,999.9862060546876,999.9871215820312,1000.0011596679688,999.988037109375,999.998291015625,999.9859008789062,999.9871826171876,1000.0007934570312,999.9881591796876,1000.0010375976562,999.9872436523438,999.9876098632812,999.9869995117188,999.9863891601562,1000.0010375976562,999.9879150390624,999.9896240234376,999.9861450195312,999.9881591796876,1000.0,999.9864501953124,999.9877319335938,999.9931030273438,999.98876953125,1000.0,999.987060546875,1000.0109252929688,999.9868774414062,999.9866333007812,999.9946899414062,1000.0285034179688,999.986328125,999.9867553710938,999.9867553710938,1000.0205078125,999.9883422851562,999.9890747070312,999.986572265625,999.9889526367188,999.9885864257812,1000.0,1000.0,1000.0,1000.0880737304688,999.9879760742188,999.9864501953124,999.9889526367188,999.987060546875,999.9860229492188,999.9886474609376,1000.0,999.9872436523438,999.9880981445312,999.9873046875,999.9877319335938,1000.00146484375,999.9890747070312
103,999.9871215820312,999.987060546875,999.987548828125,999.9873657226562,999.986083984375,999.9866333007812,1000.0,999.9881591796876,1000.0006103515624,1000.0010375976562,999.9859008789062,999.9883422851562,999.98828125,999.9873046875,999.9864501953124,999.9912109375,1000.0,999.9865112304688,999.986572265625,999.9866943359376,999.9883422851562,999.9862060546876,1000.0,1000.0010986328124,999.9866943359376,999.9859619140624,999.986572265625,999.9882202148438,999.9866333007812,999.9866943359376,999.9872436523438,999.994873046875,999.9869995117188,1000.00341796875,999.9864501953124,999.9909057617188,1000.0767822265624,999.9866333007812,999.9873657226562,999.986572265625,999.9874267578124,999.9876098632812,999.986572265625,999.986083984375,999.9866943359376,1000.001220703125,999.9876098632812,999.9979248046876,999.9857177734376,999.9869384765624,1000.0006713867188,999.9879150390624,1000.0010375976562,999.9871215820312,999.98779296875,999.9867553710938,999.9862060546876,1000.0009155273438,999.9879760742188,999.988525390625,999.9861450195312,999.9895629882812,1000.0,999.9867553710938,999.9871215820312,999.9918212890624,999.9884643554688,1000.0,999.987060546875,1000.0104370117188,999.9865112304688,999.9867553710938,999.9946899414062,1000.0281372070312,999.9861450195312,999.9871215820312,999.98681640625,1000.02001953125,999.988037109375,999.989013671875,999.986572265625,999.9883422851562,999.9893798828124,1000.0,1000.0,1000.0,1000.0857543945312,999.9876098632812,999.9864501953124,999.9884643554688,999.9872436523438,999.9860229492188,999.9884033203124,1000.0,999.9865112304688,999.9880981445312,999.9873657226562,999.9878540039062,1000.00146484375,999.9890747070312
104,999.9873657226562,999.9871215820312,999.9873657226562,999.9874267578124,999.986083984375,999.986572265625,1000.0,999.988037109375,1000.0005493164062,1000.0009765625,999.98583984375,999.9881591796876,999.98876953125,999.9871826171876,999.9864501953124,999.9901733398438,1000.0,999.9864501953124,999.986328125,999.9866943359376,999.9877319335938,999.9862670898438,1000.0,1000.0010986328124,999.9866943359376,999.9860229492188,999.9866943359376,999.98779296875,999.9863891601562,999.9866943359376,999.9866333007812,999.9948120117188,999.9874877929688,1000.003173828125,999.9864501953124,999.9901123046876,1000.0767822265624,999.9864501953124,999.9877319335938,999.9865112304688,999.9872436523438,999.9876098632812,999.9861450195312,999.9860229492188,999.986328125,1000.0011596679688,999.9871826171876,999.9981689453124,999.9857177734376,999.9867553710938,1000.000732421875,999.9876098632812,1000.0007934570312,999.9866333007812,999.9880981445312,999.98681640625,999.9862060546876,1000.0007934570312,999.9874267578124,999.988525390625,999.9857788085938,999.9888916015624,1000.0,999.9863891601562,999.9871826171876,999.9921264648438,999.9882202148438,1000.0,999.9869995117188,1000.0097045898438,999.986328125,999.9866333007812,999.9945068359376,1000.0275268554688,999.9859008789062,999.9868774414062,999.9866333007812,1000.02294921875,999.9872436523438,999.9887084960938,999.9865112304688,999.9886474609376,999.9892578125,1000.0,1000.0,1000.0,1000.0865478515624,999.9871215820312,999.9861450195312,999.9876708984376,999.9871826171876,999.9860229492188,999.9879150390624,1000.0,999.9869384765624,999.9877319335938,999.9872436523438,999.9874877929688,1000.00146484375,999.9884643554688
105,999.987060546875,999.9867553710938,999.987060546875,999.9866333007812,999.9859619140624,999.9862060546876,1000.0,999.988037109375,1000.0005493164062,1000.0010375976562,999.98583984375,999.988037109375,999.98876953125,999.9869995117188,999.9862060546876,999.9906005859376,1000.0,999.9865112304688,999.986328125,999.986572265625,999.9881591796876,999.9862670898438,1000.0,1000.0010986328124,999.986328125,999.98583984375,999.9862670898438,999.9876708984376,999.9862670898438,999.986572265625,999.9869995117188,999.9947509765624,999.9873046875,1000.0028686523438,999.9864501953124,999.9907836914062,1000.0758056640624,999.9865112304688,999.987060546875,999.986083984375,999.9868774414062,999.9874267578124,999.9862670898438,999.9860229492188,999.9866333007812,1000.0010986328124,999.9871215820312,999.998046875,999.9857177734376,999.9866333007812,1000.000732421875,999.9874267578124,1000.0008544921876,999.9865112304688,999.9874877929688,999.9866943359376,999.9861450195312,1000.0008544921876,999.987548828125,999.9874877929688,999.9860229492188,999.9884643554688,1000.0,999.9865112304688,999.9869995117188,999.9908447265624,999.9881591796876,1000.0,999.9866943359376,1000.0098266601562,999.9865112304688,999.9864501953124,999.99462890625,1000.0283203125,999.9861450195312,999.987060546875,999.9865112304688,1000.020751953125,999.9874267578124,999.9887084960938,999.9863891601562,999.98828125,999.9884033203124,1000.0,1000.0,1000.0,1000.0860595703124,999.9873657226562,999.9861450195312,999.9880981445312,999.98681640625,999.9860229492188,999.9877319335938,1000.0,999.986572265625,999.9877319335938,999.9869995117188,999.9873657226562,1000.0014038085938,999.9886474609376
106,999.9869384765624,999.9866333007812,999.9867553710938,999.9869384765624,999.98583984375,999.9863891601562,1000.0,999.9872436523438,1000.0005493164062,1000.0009765625,999.98583984375,999.987548828125,999.9886474609376,999.9868774414062,999.986083984375,999.989501953125,1000.0,999.986328125,999.9862670898438,999.986328125,999.9877319335938,999.9862670898438,1000.0,1000.0010375976562,999.9862060546876,999.9859619140624,999.986328125,999.9874267578124,999.986328125,999.9865112304688,999.9869384765624,999.9945678710938,999.9871215820312,1000.0023803710938,999.9863891601562,999.989990234375,1000.0760498046876,999.986328125,999.987060546875,999.986083984375,999.9871826171876,999.987060546875,999.9861450195312,999.9860229492188,999.986328125,1000.0010986328124,999.9876708984376,999.9979248046876,999.9856567382812,999.986572265625,1000.000732421875,999.9869995117188,1000.0008544921876,999.9866333007812,999.9877319335938,999.986572265625,999.986083984375,1000.0008544921876,999.9871826171876,999.988037109375,999.9857788085938,999.9876098632812,1000.0,999.9862060546876,999.9869995117188,999.9909057617188,999.98779296875,1000.0,999.9868774414062,1000.0100708007812,999.9862670898438,999.9861450195312,999.99462890625,1000.0279541015624,999.98583984375,999.986572265625,999.986328125,1000.0221557617188,999.9873657226562,999.9883422851562,999.9862670898438,999.9879760742188,999.9884033203124,1000.0,1000.0,1000.0,1000.0861206054688,999.9874267578124,999.9860229492188,999.9873657226562,999.9868774414062,999.9857788085938,999.987060546875,1000.0,999.9863891601562,999.9871826171876,999.9868774414062,999.9871826171876,1000.0012817382812,999.9881591796876
107,999.9867553710938,999.9865112304688,999.987060546875,999.9863891601562,999.9859008789062,999.9864501953124,1000.0,999.9872436523438,1000.0005493164062,1000.0009765625,999.9857788085938,999.9877319335938,999.98828125,999.9866333007812,999.9862670898438,999.9899291992188,1000.0,999.9863891601562,999.9862670898438,999.9864501953124,999.9874267578124,999.9860229492188,1000.0,1000.0010375976562,999.9862670898438,999.9857788085938,999.9861450195312,999.9874267578124,999.9862060546876,999.9862060546876,999.9869384765624,999.9945068359376,999.9868774414062,1000.0023193359376,999.9861450195312,999.98974609375,1000.0755004882812,999.986083984375,999.986572265625,999.9862060546876,999.9867553710938,999.9871826171876,999.9859008789062,999.9857788085938,999.9862670898438,1000.0010986328124,999.9873046875,999.9979248046876,999.9856567382812,999.9864501953124,1000.000732421875,999.9871215820312,1000.0008544921876,999.9862670898438,999.9874267578124,999.986572265625,999.9860229492188,1000.0007934570312,999.9877319335938,999.9876708984376,999.9857788085938,999.98779296875,1000.0,999.9862060546876,999.9872436523438,999.9899291992188,999.9877319335938,1000.0,999.9867553710938,1000.009765625,999.9861450195312,999.986083984375,999.994384765625,1000.0276489257812,999.9859619140624,999.9863891601562,999.9865112304688,1000.020263671875,999.9866943359376,999.9879760742188,999.986083984375,999.987548828125,999.9879760742188,1000.0,1000.0,1000.0,1000.0855712890624,999.986572265625,999.9860229492188,999.9873657226562,999.9869384765624,999.9857788085938,999.9874267578124,1000.0,999.9863891601562,999.987060546875,999.9865112304688,999.9871215820312,1000.001220703125,999.9880981445312
108,999.986572265625,999.9866943359376,999.9869384765624,999.9865112304688,999.98583984375,999.9863891601562,1000.0,999.9871215820312,1000.0005493164062,1000.0009765625,999.98583984375,999.9874877929688,999.9886474609376,999.9866943359376,999.986083984375,999.9896240234376,1000.0,999.9862670898438,999.9862060546876,999.9862060546876,999.9872436523438,999.9859619140624,1000.0,1000.0009765625,999.9860229492188,999.9857788085938,999.9862060546876,999.987060546875,999.9862670898438,999.9863891601562,999.9863891601562,999.994384765625,999.9867553710938,1000.0023193359376,999.9860229492188,999.9893798828124,1000.0756225585938,999.9861450195312,999.9869384765624,999.9859619140624,999.986572265625,999.9869995117188,999.9859008789062,999.98583984375,999.986328125,1000.0010986328124,999.987060546875,999.997802734375,999.985595703125,999.9861450195312,1000.000732421875,999.9869995117188,1000.000732421875,999.9864501953124,999.9873657226562,999.9867553710938,999.986083984375,1000.0006713867188,999.9871826171876,999.9874877929688,999.98583984375,999.9882202148438,1000.0,999.986083984375,999.9873657226562,999.9893188476562,999.987548828125,1000.0,999.9865112304688,1000.0098876953124,999.986083984375,999.9862060546876,999.9945068359376,1000.0274658203124,999.98583984375,999.9863891601562,999.9861450195312,1000.0175170898438,999.9868774414062,999.9876708984376,999.9863891601562,999.9873657226562,999.9876708984376,1000.0,1000.0,1000.0,1000.085693359375,999.9871826171876,999.9859619140624,999.9874877929688,999.9866333007812,999.9857788085938,999.98681640625,1000.0,999.986572265625,999.9869995117188,999.9864501953124,999.9866943359376,1000.0012817382812,999.98779296875
109,999.9865112304688,999.9863891601562,999.9863891601562,999.9866943359376,999.98583984375,999.9862670898438,1000.0,999.9867553710938,1000.0005493164062,1000.0009765625,999.9857788085938,999.9871215820312,999.98779296875,999.9867553710938,999.9859619140624,999.9884033203124,1000.0,999.9862060546876,999.9862060546876,999.9861450195312,999.9874877929688,999.9859008789062,1000.0,1000.0009765625,999.9860229492188,999.9857177734376,999.986083984375,999.987060546875,999.9861450195312,999.986328125,999.9865112304688,999.994384765625,999.986572265625,1000.0017700195312,999.9859619140624,999.98974609375,1000.0751342773438,999.9859619140624,999.9869384765624,999.9861450195312,999.9864501953124,999.98681640625,999.9857788085938,999.9857788085938,999.9859008789062,1000.0010986328124,999.9869384765624,999.9978637695312,999.985595703125,999.9862060546876,1000.0006103515624,999.98681640625,1000.000732421875,999.9862060546876,999.9871826171876,999.9862060546876,999.986083984375,1000.000732421875,999.9869995117188,999.9874877929688,999.9857177734376,999.9873657226562,1000.0,999.9862670898438,999.9866333007812,999.989013671875,999.9872436523438,1000.0,999.9864501953124,1000.0101318359376,999.9862060546876,999.9859619140624,999.9943237304688,1000.0274658203124,999.98583984375,999.9865112304688,999.9862670898438,1000.0198974609376,999.9869384765624,999.98779296875,999.9862670898438,999.9873657226562,999.9873657226562,1000.0,1000.0,1000.0,1000.0851440429688,999.987060546875,999.9857788085938,999.9871215820312,999.9862670898438,999.9857177734376,999.9873046875,1000.0,999.986328125,999.9866333007812,999.9864501953124,999.98681640625,1000.001220703125,999.9876098632812
110,999.986572265625,999.986083984375,999.9866333007812,999.9865112304688,999.985595703125,999.9859619140624,1000.0,999.987060546875,1000.0005493164062,1000.0009155273438,999.9856567382812,999.9871826171876,999.9879760742188,999.986328125,999.9859619140624,999.9884033203124,1000.0,999.9861450195312,999.9861450195312,999.986083984375,999.987548828125,999.9860229492188,1000.0,1000.0010375976562,999.9860229492188,999.9856567382812,999.9859008789062,999.9869995117188,999.9862670898438,999.9862670898438,999.986083984375,999.9942626953124,999.9863891601562,1000.0020141601562,999.9859619140624,999.9896240234376,1000.07470703125,999.986083984375,999.98681640625,999.986083984375,999.9864501953124,999.9865112304688,999.98583984375,999.9857788085938,999.9861450195312,1000.0010375976562,999.9865112304688,999.9977416992188,999.9855346679688,999.9862060546876,1000.0006713867188,999.9867553710938,1000.0006713867188,999.9861450195312,999.9871826171876,999.9862670898438,999.9859008789062,1000.000732421875,999.9866943359376,999.9871215820312,999.9856567382812,999.9874267578124,1000.0,999.9859008789062,999.9867553710938,999.9892578125,999.9874267578124,1000.0,999.986328125,1000.0094604492188,999.986083984375,999.986083984375,999.9940795898438,1000.0272216796876,999.98583984375,999.9862670898438,999.9862670898438,1000.0179443359376,999.98681640625,999.9878540039062,999.9861450195312,999.9872436523438,999.9874877929688,1000.0,1000.0,1000.0,1000.08447265625,999.98681640625,999.9857788085938,999.987060546875,999.9863891601562,999.9856567382812,999.9873046875,1000.0,999.9861450195312,999.9866943359376,999.9864501953124,999.9867553710938,1000.0011596679688,999.9876098632812
111,999.9862670898438,999.9862670898438,999.986328125,999.986328125,999.9857788085938,999.98583984375,1000.0,999.9869384765624,1000.0005493164062,1000.0009765625,999.9857177734376,999.9871826171876,999.9876098632812,999.9862670898438,999.9859619140624,999.988525390625,1000.0,999.986083984375,999.9859619140624,999.986083984375,999.9871826171876,999.9859619140624,1000.0,1000.0009765625,999.9859619140624,999.9855346679688,999.98583984375,999.98681640625,999.9859008789062,999.986083984375,999.9862670898438,999.9942016601562,999.986328125,1000.001708984375,999.9859008789062,999.9887084960938,1000.0750122070312,999.9859619140624,999.9865112304688,999.9860229492188,999.986572265625,999.9866333007812,999.9857788085938,999.9857177734376,999.986083984375,1000.0010375976562,999.9864501953124,999.997802734375,999.9854736328124,999.9859619140624,1000.0006713867188,999.9866333007812,1000.0006713867188,999.9859008789062,999.9871215820312,999.986083984375,999.9859008789062,1000.0006713867188,999.9866333007812,999.9869384765624,999.9856567382812,999.9867553710938,1000.0,999.986083984375,999.9866943359376,999.9892578125,999.9869995117188,1000.0,999.9867553710938,1000.0093994140624,999.9860229492188,999.9859619140624,999.994140625,1000.0269165039062,999.9857788085938,999.9862670898438,999.9860229492188,1000.018798828125,999.986572265625,999.9872436523438,999.9860229492188,999.987060546875,999.987060546875,1000.0,1000.0,1000.0,1000.0842895507812,999.9865112304688,999.9857177734376,999.9868774414062,999.9861450195312,999.985595703125,999.9869995117188,1000.0,999.986083984375,999.9865112304688,999.986328125,999.98681640625,1000.0011596679688,999.9868774414062
112,999.9862060546876,999.9860229492188,999.9865112304688,999.9862670898438,999.9857177734376,999.9859619140624,1000.0,999.9869384765624,1000.0005493164062,1000.0009155273438,999.9856567382812,999.9868774414062,999.9877319335938,999.9863891601562,999.9857788085938,999.9876708984376,1000.0,999.9860229492188,999.9859619140624,999.9861450195312,999.9869995117188,999.98583984375,1000.0,1000.0009765625,999.9859619140624,999.9856567382812,999.9859008789062,999.9867553710938,999.9859008789062,999.9860229492188,999.9862060546876,999.9942016601562,999.986083984375,1000.0015869140624,999.9859008789062,999.9884643554688,1000.0746459960938,999.9857788085938,999.986572265625,999.9860229492188,999.9862670898438,999.9863891601562,999.985595703125,999.9857788085938,999.9859619140624,1000.0009765625,999.986572265625,999.99755859375,999.9854736328124,999.9861450195312,1000.0006103515624,999.9864501953124,1000.0006103515624,999.9860229492188,999.9866943359376,999.9861450195312,999.9857788085938,1000.0006713867188,999.9867553710938,999.987060546875,999.9857177734376,999.9868774414062,1000.0,999.9859008789062,999.9864501953124,999.9888305664062,999.9869995117188,1000.0,999.9863891601562,1000.0088500976562,999.98583984375,999.9859619140624,999.993896484375,1000.0269165039062,999.9857177734376,999.9860229492188,999.9859619140624,1000.0157470703124,999.9867553710938,999.9874267578124,999.9859619140624,999.98681640625,999.9872436523438,1000.0,1000.0,1000.0,1000.08447265625,999.9864501953124,999.9857788085938,999.9869995117188,999.9862670898438,999.9856567382812,999.9869995117188,1000.0,999.9861450195312,999.986572265625,999.9862060546876,999.9863891601562,1000.0010986328124,999.9873046875
113,999.9861450195312,999.986328125,999.9864501953124,999.9861450195312,999.9856567382812,999.9859619140624,1000.0,999.9867553710938,1000.0005493164062,1000.0009155273438,999.9856567382812,999.987060546875,999.98779296875,999.9861450195312,999.98583984375,999.988037109375,1000.0,999.9859008789062,999.9859008789062,999.9860229492188,999.9869384765624,999.9857788085938,1000.0,1000.0009765625,999.9859008789062,999.985595703125,999.9859008789062,999.9867553710938,999.9857177734376,999.9859008789062,999.986083984375,999.994140625,999.986328125,1000.0016479492188,999.98583984375,999.988525390625,1000.0741577148438,999.98583984375,999.986328125,999.9859008789062,999.9862670898438,999.9862670898438,999.9857788085938,999.9857177734376,999.9859619140624,1000.0009765625,999.986572265625,999.9974975585938,999.9854736328124,999.9857788085938,1000.0006103515624,999.9862670898438,1000.0006103515624,999.9860229492188,999.9866943359376,999.9859619140624,999.98583984375,1000.0006713867188,999.986328125,999.9866943359376,999.9856567382812,999.9869384765624,1000.0,999.9860229492188,999.9862060546876,999.9882202148438,999.9869384765624,1000.0,999.986328125,1000.0090942382812,999.98583984375,999.98583984375,999.994140625,1000.02685546875,999.9856567382812,999.9861450195312,999.9859619140624,1000.0145874023438,999.9865112304688,999.9869384765624,999.9859008789062,999.9868774414062,999.9872436523438,1000.0,1000.0,1000.0,1000.0839233398438,999.986328125,999.9856567382812,999.986572265625,999.986083984375,999.985595703125,999.9868774414062,1000.0,999.9861450195312,999.9864501953124,999.986083984375,999.9864501953124,1000.0010986328124,999.9869995117188
114,999.9862060546876,999.9859619140624,999.9862060546876,999.98583984375,999.9857177734376,999.98583984375,1000.0,999.9866943359376,1000.0005493164062,1000.0009155273438,999.9856567382812,999.9869384765624,999.9877319335938,999.9862060546876,999.98583984375,999.9879150390624,1000.0,999.9857177734376,999.9857788085938,999.9860229492188,999.9864501953124,999.9857788085938,1000.0,1000.0009765625,999.9859619140624,999.985595703125,999.9857788085938,999.9869384765624,999.9856567382812,999.98583984375,999.9860229492188,999.9942016601562,999.986083984375,1000.00146484375,999.9857788085938,999.9876098632812,1000.0743408203124,999.9857788085938,999.9861450195312,999.9857788085938,999.986328125,999.9861450195312,999.9856567382812,999.9856567382812,999.9859008789062,1000.0009765625,999.986328125,999.9976806640624,999.9854125976562,999.9860229492188,1000.0006103515624,999.986328125,1000.0006103515624,999.98583984375,999.9866333007812,999.9859008789062,999.9856567382812,1000.0006103515624,999.9863891601562,999.9865112304688,999.985595703125,999.98681640625,1000.0,999.9859008789062,999.986328125,999.988037109375,999.98681640625,1000.0,999.9861450195312,1000.0090942382812,999.9857788085938,999.9857177734376,999.9939575195312,1000.02685546875,999.985595703125,999.9859008789062,999.98583984375,1000.0154418945312,999.9867553710938,999.9869995117188,999.9859619140624,999.9866333007812,999.9871215820312,1000.0,1000.0,1000.0,1000.0836181640624,999.9862670898438,999.9857177734376,999.986572265625,999.9859619140624,999.985595703125,999.9866943359376,1000.0,999.9859008789062,999.986083984375,999.986083984375,999.986328125,1000.0010375976562,999.987060546875
115,999.9859008789062,999.9860229492188,999.9861450195312,999.9859008789062,999.985595703125,999.98583984375,1000.0,999.986572265625,1000.0005493164062,1000.0009155273438,999.985595703125,999.98681640625,999.9872436523438,999.986083984375,999.9856567382812,999.9881591796876,1000.0,999.9857177734376,999.9857788085938,999.9859619140624,999.9865112304688,999.9856567382812,1000.0,1000.0009765625,999.9857788085938,999.9855346679688,999.9857177734376,999.9866943359376,999.9857177734376,999.98583984375,999.9857788085938,999.9940795898438,999.986083984375,1000.0015869140624,999.9857788085938,999.988037109375,1000.0741577148438,999.98583984375,999.9862670898438,999.9859008789062,999.9862670898438,999.9860229492188,999.985595703125,999.9856567382812,999.9857788085938,1000.0010375976562,999.9864501953124,999.9974975585938,999.9854125976562,999.9859619140624,1000.0006103515624,999.9862060546876,1000.0006103515624,999.98583984375,999.986572265625,999.9859008789062,999.9857177734376,1000.0006103515624,999.986328125,999.986572265625,999.985595703125,999.9864501953124,1000.0,999.98583984375,999.9860229492188,999.988037109375,999.98681640625,1000.0,999.9862060546876,1000.0089111328124,999.9857177734376,999.9857177734376,999.9939575195312,1000.0263671875,999.9856567382812,999.9859008789062,999.9857788085938,1000.01318359375,999.986572265625,999.9868774414062,999.98583984375,999.9862670898438,999.9865112304688,1000.0,1000.0,1000.0,1000.0838623046876,999.9861450195312,999.985595703125,999.986572265625,999.986083984375,999.9855346679688,999.9865112304688,1000.0,999.9859619140624,999.9860229492188,999.9859619140624,999.986083984375,1000.0010375976562,999.9866943359376
116,999.9859619140624,999.9857788085938,999.9861450195312,999.9859008789062,999.985595703125,999.9857788085938,1000.0,999.9861450195312,1000.0005493164062,1000.0009155273438,999.9855346679688,999.9866333007812,999.9868774414062,999.98583984375,999.9856567382812,999.9873657226562,1000.0,999.98583984375,999.9856567382812,999.9857788085938,999.9864501953124,999.9856567382812,1000.0,1000.0009765625,999.98583984375,999.9854736328124,999.9857177734376,999.9864501953124,999.9857177734376,999.9857788085938,999.9859619140624,999.9940795898438,999.9859619140624,1000.0015258789062,999.9857788085938,999.9877319335938,1000.073974609375,999.9857177734376,999.986083984375,999.9857177734376,999.9862670898438,999.986083984375,999.9856567382812,999.985595703125,999.9857788085938,1000.0009765625,999.9862670898438,999.9974975585938,999.9854125976562,999.9857788085938,1000.0005493164062,999.986083984375,1000.0005493164062,999.9857177734376,999.9863891601562,999.9857177734376,999.985595703125,1000.0006103515624,999.9862670898438,999.986572265625,999.9855346679688,999.9866333007812,1000.0,999.9857788085938,999.9862060546876,999.9874267578124,999.986572265625,1000.0,999.9861450195312,1000.0087280273438,999.9857177734376,999.9857788085938,999.9937744140624,1000.026123046875,999.9855346679688,999.9859008789062,999.9857788085938,1000.014404296875,999.9862060546876,999.98681640625,999.9857788085938,999.9864501953124,999.9869384765624,1000.0,1000.0,1000.0,1000.0838012695312,999.9862060546876,999.985595703125,999.9863891601562,999.9859619140624,999.9854736328124,999.9863891601562,1000.0,999.9859619140624,999.986083984375,999.9859619140624,999.9861450195312,1000.0010986328124,999.9866333007812
117,999.9859008789062,999.98583984375,999.9859619140624,999.9859008789062,999.9855346679688,999.9857177734376,1000.0,999.9862060546876,1000.0005493164062,1000.0009155273438,999.9855346679688,999.9867553710938,999.9872436523438,999.9859619140624,999.9856567382812,999.9871826171876,1000.0,999.9857788085938,999.9857177734376,999.9857177734376,999.9863891601562,999.9857177734376,1000.0,1000.0009765625,999.9857177734376,999.9854736328124,999.9856567382812,999.9863891601562,999.9856567382812,999.9857177734376,999.9859008789062,999.9939575195312,999.9859619140624,1000.0015258789062,999.9856567382812,999.9873046875,1000.0738525390624,999.9857177734376,999.9860229492188,999.98583984375,999.9860229492188,999.9861450195312,999.9855346679688,999.9855346679688,999.9857788085938,1000.0009155273438,999.986083984375,999.9973754882812,999.9854736328124,999.9857788085938,1000.0006103515624,999.9860229492188,1000.0006103515624,999.9857177734376,999.986328125,999.98583984375,999.985595703125,1000.0006103515624,999.9862670898438,999.9861450195312,999.9854736328124,999.9866333007812,1000.0,999.9856567382812,999.9861450195312,999.9871826171876,999.9864501953124,1000.0,999.9862670898438,1000.0086059570312,999.9857788085938,999.9857788085938,999.993896484375,1000.0260009765624,999.985595703125,999.9859008789062,999.9856567382812,1000.0137329101562,999.986328125,999.9863891601562,999.9857177734376,999.9863891601562,999.9866943359376,1000.0,1000.0,1000.0,1000.0830688476562,999.986083984375,999.985595703125,999.9863891601562,999.9857177734376,999.9855346679688,999.986328125,1000.0,999.9857788085938,999.986083984375,999.9859619140624,999.9861450195312,1000.0010375976562,999.9866333007812
118,999.9859008789062,999.98583984375,999.98583984375,999.98583984375,999.9855346679688,999.9857177734376,1000.0,999.9861450195312,1000.0005493164062,1000.0009155273438,999.9854736328124,999.9868774414062,999.98681640625,999.98583984375,999.9856567382812,999.9867553710938,1000.0,999.9856567382812,999.985595703125,999.9857788085938,999.986328125,999.9855346679688,1000.0,1000.0009155273438,999.9857177734376,999.9854736328124,999.9856567382812,999.9862060546876,999.9856567382812,999.9857788085938,999.98583984375,999.9938354492188,999.98583984375,1000.0015258789062,999.985595703125,999.9877319335938,1000.07373046875,999.9856567382812,999.9860229492188,999.9857177734376,999.9860229492188,999.9857788085938,999.9855346679688,999.985595703125,999.9857177734376,1000.0009765625,999.9861450195312,999.9974365234376,999.9854736328124,999.9857788085938,1000.0005493164062,999.9859619140624,1000.0005493164062,999.9857177734376,999.9865112304688,999.9856567382812,999.985595703125,1000.0006103515624,999.986083984375,999.9862060546876,999.9854736328124,999.9863891601562,1000.0,999.9857177734376,999.9859008789062,999.9873046875,999.9863891601562,1000.0,999.9860229492188,1000.008544921875,999.9857177734376,999.9857788085938,999.9938354492188,1000.0257568359376,999.985595703125,999.9857788085938,999.9856567382812,1000.0132446289062,999.9861450195312,999.9863891601562,999.9857788085938,999.9861450195312,999.9866333007812,1000.0,1000.0,1000.0,1000.0831909179688,999.986083984375,999.985595703125,999.9862060546876,999.9859008789062,999.9854736328124,999.9862060546876,1000.0,999.9857788085938,999.9860229492188,999.9859008789062,999.9860229492188,1000.0010375976562,999.986572265625
119,999.9859008789062,999.9857788085938,999.9859008789062,999.98583984375,999.9855346679688,999.9856567382812,1000.0,999.9862060546876,1000.0005493164062,1000.0009155273438,999.9854736328124,999.9866943359376,999.9869384765624,999.9859619140624,999.985595703125,999.9871826171876,1000.0,999.9855346679688,999.985595703125,999.9856567382812,999.9861450195312,999.9856567382812,1000.0,1000.0009765625,999.9857177734376,999.9854736328124,999.9856567382812,999.9863891601562,999.985595703125,999.9857177734376,999.9857788085938,999.993896484375,999.9857788085938,1000.001220703125,999.985595703125,999.9872436523438,1000.07373046875,999.985595703125,999.9859008789062,999.9856567382812,999.98583984375,999.9859008789062,999.9854736328124,999.9855346679688,999.9857177734376,1000.0009765625,999.986083984375,999.9973754882812,999.9854736328124,999.9857177734376,1000.0005493164062,999.9859619140624,1000.0005493164062,999.9857177734376,999.9863891601562,999.9856567382812,999.9856567382812,1000.0005493164062,999.986083984375,999.9860229492188,999.9854736328124,999.986328125,1000.0,999.9856567382812,999.9859619140624,999.9871826171876,999.986328125,1000.0,999.9859008789062,1000.0086059570312,999.9857177734376,999.9856567382812,999.9938354492188,1000.02587890625,999.9854736328124,999.985595703125,999.985595703125,1000.0133056640624,999.9861450195312,999.9864501953124,999.9856567382812,999.986083984375,999.986328125,1000.0,1000.0,1000.0,1000.0830688476562,999.9860229492188,999.9854736328124,999.9860229492188,999.9857788085938,999.9854736328124,999.986328125,1000.0,999.9857788085938,999.9859008789062,999.9857177734376,999.9861450195312,1000.0010375976562,999.9866333007812
120,999.98583984375,999.9856567382812,999.9859008789062,999.9857177734376,999.9854736328124,999.9856567382812,1000.0,999.9860229492188,1000.0005493164062,1000.0009155273438,999.9854736328124,999.986572265625,999.9868774414062,999.98583984375,999.985595703125,999.9869995117188,1000.0,999.9856567382812,999.985595703125,999.9857177734376,999.986083984375,999.985595703125,1000.0,1000.0009155273438,999.985595703125,999.9854736328124,999.985595703125,999.986328125,999.9855346679688,999.985595703125,999.9857177734376,999.9937133789062,999.9857177734376,1000.001220703125,999.985595703125,999.9874267578124,1000.0736694335938,999.9856567382812,999.9859619140624,999.9856567382812,999.9859008789062,999.9859619140624,999.9855346679688,999.9855346679688,999.9856567382812,1000.0009155273438,999.9860229492188,999.9972534179688,999.9854736328124,999.9856567382812,1000.0005493164062,999.9857177734376,1000.0005493164062,999.9856567382812,999.9859619140624,999.9857177734376,999.985595703125,1000.0005493164062,999.986083984375,999.9859619140624,999.9854736328124,999.9863891601562,1000.0,999.9856567382812,999.98583984375,999.9871826171876,999.9862060546876,1000.0,999.9859619140624,1000.0086059570312,999.985595703125,999.9855346679688,999.9937744140624,1000.025634765625,999.9855346679688,999.9857177734376,999.985595703125,1000.0115356445312,999.9860229492188,999.9862670898438,999.9856567382812,999.9859619140624,999.9863891601562,1000.0,1000.0,1000.0,1000.0831909179688,999.9859008789062,999.9855346679688,999.9861450195312,999.98583984375,999.9854125976562,999.9863891601562,1000.0,999.9856567382812,999.9860229492188,999.9857177734376,999.9860229492188,1000.0010375976562,999.9866943359376
121,999.9857177734376,999.9856567382812,999.98583984375,999.9856567382812,999.9854736328124,999.9856567382812,1000.0,999.9859008789062,1000.0005493164062,1000.0009155273438,999.9854736328124,999.9864501953124,999.9866333007812,999.9859008789062,999.9855346679688,999.9866333007812,1000.0,999.9856567382812,999.9855346679688,999.9856567382812,999.9859008789062,999.985595703125,1000.0,1000.0009155273438,999.985595703125,999.9854125976562,999.9855346679688,999.9862060546876,999.985595703125,999.9857177734376,999.9857177734376,999.9937133789062,999.9857177734376,1000.0012817382812,999.985595703125,999.9868774414062,1000.0735473632812,999.985595703125,999.9857788085938,999.985595703125,999.98583984375,999.9857788085938,999.9854736328124,999.9855346679688,999.985595703125,1000.0009155273438,999.986083984375,999.9972534179688,999.9854736328124,999.9857177734376,1000.0005493164062,999.9857177734376,1000.0005493164062,999.9855346679688,999.9859619140624,999.985595703125,999.9855346679688,1000.0006103515624,999.9859619140624,999.9860229492188,999.9854125976562,999.986083984375,1000.0,999.9856567382812,999.98583984375,999.9871215820312,999.9862060546876,1000.0,999.9860229492188,1000.0084228515624,999.985595703125,999.985595703125,999.9937133789062,1000.025390625,999.9854736328124,999.9857177734376,999.985595703125,1000.0126342773438,999.986083984375,999.9861450195312,999.9856567382812,999.9859619140624,999.9862060546876,1000.0,1000.0,1000.0,1000.0829467773438,999.9857788085938,999.9854125976562,999.9859008789062,999.98583984375,999.9854125976562,999.9860229492188,1000.0,999.985595703125,999.9857177734376,999.9857788085938,999.9860229492188,1000.0009765625,999.9865112304688
122,999.9857177734376,999.9856567382812,999.98583984375,999.9855346679688,999.9854736328124,999.985595703125,1000.0,999.9859619140624,1000.0005493164062,1000.0009155273438,999.9854736328124,999.986328125,999.9863891601562,999.9857177734376,999.9854736328124,999.9866943359376,1000.0,999.985595703125,999.9855346679688,999.985595703125,999.9859619140624,999.985595703125,1000.0,1000.0009155273438,999.9856567382812,999.9854125976562,999.9855346679688,999.986083984375,999.9855346679688,999.9856567382812,999.985595703125,999.9937133789062,999.9856567382812,1000.0011596679688,999.985595703125,999.9869384765624,1000.07373046875,999.985595703125,999.9859619140624,999.985595703125,999.98583984375,999.9859619140624,999.9854736328124,999.9854736328124,999.985595703125,1000.0009155273438,999.9859619140624,999.9972534179688,999.9854736328124,999.985595703125,1000.0005493164062,999.9857788085938,1000.0005493164062,999.985595703125,999.9860229492188,999.9855346679688,999.9854736328124,1000.0005493164062,999.98583984375,999.98583984375,999.9854736328124,999.9861450195312,1000.0,999.985595703125,999.9857177734376,999.9869995117188,999.9862670898438,1000.0,999.9859619140624,1000.0083618164062,999.985595703125,999.9856567382812,999.9937133789062,1000.0255126953124,999.9855346679688,999.9856567382812,999.985595703125,1000.0107421875,999.98583984375,999.9859619140624,999.9856567382812,999.9859619140624,999.9862060546876,1000.0,1000.0,1000.0,1000.0830078125,999.98583984375,999.9854736328124,999.9859008789062,999.9856567382812,999.9854736328124,999.986083984375,1000.0,999.9856567382812,999.9857788085938,999.9856567382812,999.9859619140624,1000.0009155273438,999.986328125
123,999.9857177734376,999.985595703125,999.9857788085938,999.9855346679688,999.9854736328124,999.9855346679688,1000.0,999.98583984375,1000.0005493164062,1000.0009155273438,999.9854736328124,999.9864501953124,999.9863891601562,999.9859008789062,999.9854736328124,999.986572265625,1000.0,999.985595703125,999.9855346679688,999.985595703125,999.9857788085938,999.9855346679688,1000.0,1000.0009155273438,999.985595703125,999.9854125976562,999.9855346679688,999.9861450195312,999.9855346679688,999.985595703125,999.9856567382812,999.9937133789062,999.9856567382812,1000.0011596679688,999.985595703125,999.9868774414062,1000.0734252929688,999.9855346679688,999.98583984375,999.9855346679688,999.9857177734376,999.9857788085938,999.9854736328124,999.9854736328124,999.9855346679688,1000.0009155273438,999.9857788085938,999.9972534179688,999.9854736328124,999.9856567382812,1000.0005493164062,999.9857177734376,1000.0005493164062,999.985595703125,999.9860229492188,999.9854736328124,999.9854736328124,1000.0005493164062,999.9859008789062,999.9857788085938,999.9854125976562,999.986083984375,1000.0,999.9855346679688,999.9857177734376,999.9871215820312,999.9859619140624,1000.0,999.9857788085938,1000.00830078125,999.9855346679688,999.985595703125,999.99365234375,1000.0254516601562,999.9854736328124,999.9857177734376,999.9854736328124,1000.01025390625,999.9859008789062,999.9860229492188,999.9855346679688,999.9859008789062,999.9861450195312,1000.0,1000.0,1000.0,1000.0828857421876,999.9857788085938,999.9854736328124,999.9859619140624,999.9856567382812,999.9854125976562,999.9860229492188,1000.0,999.985595703125,999.9857177734376,999.9857177734376,999.98583984375,1000.0009765625,999.986328125
124,999.9856567382812,999.9856567382812,999.9856567382812,999.985595703125,999.9854125976562,999.9855346679688,1000.0,999.9857788085938,1000.0005493164062,1000.0009155273438,999.9854125976562,999.9860229492188,999.986328125,999.9857177734376,999.9855346679688,999.9866943359376,1000.0,999.9854736328124,999.9854736328124,999.985595703125,999.9857788085938,999.9854736328124,1000.0,1000.0009155273438,999.985595703125,999.9854125976562,999.9855346679688,999.9859619140624,999.9854736328124,999.985595703125,999.9854736328124,999.9937133789062,999.985595703125,1000.0010986328124,999.9855346679688,999.98681640625,1000.0736083984376,999.9854736328124,999.98583984375,999.9855346679688,999.9856567382812,999.9856567382812,999.9854125976562,999.9854736328124,999.9855346679688,1000.0009155273438,999.9857788085938,999.9972534179688,999.9854736328124,999.9855346679688,1000.0005493164062,999.9857177734376,1000.0005493164062,999.9855346679688,999.9860229492188,999.9854736328124,999.9854736328124,1000.0005493164062,999.98583984375,999.9856567382812,999.9854125976562,999.9860229492188,1000.0,999.9855346679688,999.9856567382812,999.986572265625,999.9860229492188,1000.0,999.9857177734376,1000.0082397460938,999.985595703125,999.985595703125,999.99365234375,1000.025390625,999.9854736328124,999.985595703125,999.9855346679688,1000.0089721679688,999.9857788085938,999.9859008789062,999.9855346679688,999.9857177734376,999.9859619140624,1000.0,1000.0,1000.0,1000.0827026367188,999.9856567382812,999.9854125976562,999.9859008789062,999.9855346679688,999.9854125976562,999.986083984375,1000.0,999.9856567382812,999.9856567382812,999.985595703125,999.9857788085938,1000.0009765625,999.9861450195312
125,999.9856567382812,999.985595703125,999.9855346679688,999.9854736328124,999.9854736328124,999.9854736328124,1000.0,999.98583984375,1000.0005493164062,1000.0009155273438,999.9854125976562,999.9861450195312,999.9863891601562,999.9856567382812,999.9854736328124,999.9864501953124,1000.0,999.9855346679688,999.9854736328124,999.985595703125,999.9857788085938,999.9854736328124,1000.0,1000.0009155273438,999.9855346679688,999.9854125976562,999.9854736328124,999.9859008789062,999.9854736328124,999.985595703125,999.9856567382812,999.99365234375,999.985595703125,1000.0010986328124,999.9855346679688,999.9863891601562,1000.0735473632812,999.9854736328124,999.9857788085938,999.9855346679688,999.9857177734376,999.9856567382812,999.9854736328124,999.9854736328124,999.9854736328124,1000.0009155273438,999.9857788085938,999.9971313476562,999.9854736328124,999.9855346679688,1000.0005493164062,999.9856567382812,1000.0005493164062,999.9855346679688,999.9859619140624,999.9854736328124,999.9854736328124,1000.0005493164062,999.9857788085938,999.9857788085938,999.9854125976562,999.9859008789062,1000.0,999.9855346679688,999.9857177734376,999.9866333007812,999.9859008789062,1000.0,999.9857788085938,1000.0082397460938,999.9855346679688,999.9855346679688,999.9935913085938,1000.0253295898438,999.9854125976562,999.9855346679688,999.9854736328124,1000.0092163085938,999.9857788085938,999.9859619140624,999.9854736328124,999.9857788085938,999.9859008789062,1000.0,1000.0,1000.0,1000.0826416015624,999.9856567382812,999.9854125976562,999.9857788085938,999.985595703125,999.9854125976562,999.9859619140624,1000.0,999.985595703125,999.9856567382812,999.985595703125,999.9857788085938,1000.0009765625,999.986083984375
126,999.9856567382812,999.9855346679688,999.985595703125,999.9855346679688,999.9854125976562,999.9855346679688,1000.0,999.98583984375,1000.0005493164062,1000.0009155273438,999.9854125976562,999.9860229492188,999.9862670898438,999.9857177734376,999.9854125976562,999.986572265625,1000.0,999.9854736328124,999.9854736328124,999.9855346679688,999.98583984375,999.9854125976562,1000.0,1000.0009155273438,999.9854736328124,999.9854125976562,999.9854736328124,999.9857788085938,999.9854736328124,999.9855346679688,999.9855346679688,999.9935913085938,999.9855346679688,1000.0010986328124,999.9854736328124,999.9865112304688,1000.0734252929688,999.9854736328124,999.9857177734376,999.9855346679688,999.9856567382812,999.985595703125,999.9854125976562,999.9854736328124,999.9854736328124,1000.0009155273438,999.9857788085938,999.9971313476562,999.9854736328124,999.9854736328124,1000.0005493164062,999.9856567382812,1000.0005493164062,999.9855346679688,999.9859619140624,999.9854736328124,999.9854736328124,1000.0005493164062,999.9857177734376,999.9857177734376,999.9854125976562,999.9859008789062,1000.0,999.985595703125,999.985595703125,999.9863891601562,999.9857788085938,1000.0,999.9856567382812,1000.0082397460938,999.9855346679688,999.9855346679688,999.9935913085938,1000.0253295898438,999.9854125976562,999.9855346679688,999.9854736328124,1000.0091552734376,999.9857788085938,999.9857788085938,999.9854736328124,999.9857788085938,999.9860229492188,1000.0,1000.0,1000.0,1000.0825805664062,999.985595703125,999.9854125976562,999.9857177734376,999.9855346679688,999.9854125976562,999.98583984375,1000.0,999.9855346679688,999.9857177734376,999.985595703125,999.9856567382812,1000.0009155273438,999.986083984375
127,999.985595703125,999.9855346679688,999.9856567382812,999.9855346679688,999.9854125976562,999.9854736328124,1000.0,999.9857177734376,1000.0005493164062,1000.0009155273438,999.9854125976562,999.9859619140624,999.9859619140624,999.985595703125,999.9854125976562,999.9863891601562,1000.0,999.9854736328124,999.9854736328124,999.9854736328124,999.9856567382812,999.9854125976562,1000.0,1000.0009155273438,999.9854125976562,999.9854125976562,999.9854736328124,999.9857788085938,999.9854736328124,999.9854736328124,999.9854736328124,999.9935302734376,999.9855346679688,1000.0010986328124,999.9854736328124,999.9863891601562,1000.0733032226562,999.9854736328124,999.9857177734376,999.9854736328124,999.9857177734376,999.985595703125,999.9854125976562,999.9854125976562,999.9854736328124,1000.0009155273438,999.9856567382812,999.9971923828124,999.9854736328124,999.9854125976562,1000.0005493164062,999.9855346679688,1000.0005493164062,999.9854736328124,999.98583984375,999.9854736328124,999.9854125976562,1000.0005493164062,999.9857788085938,999.9857177734376,999.9854125976562,999.9857788085938,1000.0,999.9855346679688,999.985595703125,999.9866333007812,999.9857788085938,1000.0,999.9857177734376,1000.0081787109376,999.9854736328124,999.9855346679688,999.9935302734376,1000.025146484375,999.9854125976562,999.9855346679688,999.9854125976562,1000.0073852539062,999.9857177734376,999.9857788085938,999.9854736328124,999.9857788085938,999.98583984375,1000.0,1000.0,1000.0,1000.08251953125,999.985595703125,999.9854125976562,999.9856567382812,999.9855346679688,999.9854125976562,999.9857788085938,1000.0,999.9855346679688,999.9857177734376,999.9854736328124,999.9855346679688,1000.0009155273438,999.986083984375
128,999.985595703125,999.9854736328124,999.985595703125,999.9854736328124,999.9854125976562,999.9854125976562,1000.0,999.9857177734376,1000.0005493164062,1000.0009155273438,999.9854125976562,999.9859619140624,999.9859619140624,999.9854736328124,999.9854125976562,999.9862060546876,1000.0,999.9854736328124,999.9854736328124,999.9854736328124,999.9856567382812,999.9854736328124,1000.0,1000.0009155273438,999.9854736328124,999.9854125976562,999.9854125976562,999.9857177734376,999.9854736328124,999.9854736328124,999.985595703125,999.9935913085938,999.9854736328124,1000.0010375976562,999.9854736328124,999.986572265625,1000.0733032226562,999.9854125976562,999.9856567382812,999.9854736328124,999.9855346679688,999.9855346679688,999.9854125976562,999.9854125976562,999.9854736328124,1000.0009155273438,999.9857177734376,999.9971923828124,999.9854736328124,999.9854125976562,1000.0005493164062,999.985595703125,1000.0005493164062,999.9854736328124,999.9856567382812,999.9854125976562,999.9854736328124,1000.0005493164062,999.985595703125,999.9857177734376,999.9854125976562,999.9859008789062,1000.0,999.9854736328124,999.985595703125,999.986572265625,999.98583984375,1000.0,999.985595703125,1000.0081787109376,999.9854736328124,999.9855346679688,999.9935302734376,1000.0250854492188,999.9854125976562,999.9855346679688,999.9854125976562,1000.0079956054688,999.9857177734376,999.9857177734376,999.9854125976562,999.985595703125,999.9857788085938,1000.0,1000.0,1000.0,1000.0823974609376,999.9855346679688,999.9854125976562,999.9856567382812,999.9855346679688,999.9854125976562,999.9857788085938,1000.0,999.9855346679688,999.985595703125,999.9855346679688,999.9856567382812,1000.0009155273438,999.986083984375
129,999.985595703125,999.9854736328124,999.985595703125,999.9854736328124,999.9854125976562,999.9854125976562,1000.0,999.9857177734376,1000.0005493164062,1000.0009155273438,999.9854125976562,999.9859008789062,999.9857788085938,999.9854736328124,999.9854125976562,999.986083984375,1000.0,999.9854736328124,999.9854736328124,999.9854736328124,999.9856567382812,999.9854125976562,1000.0,1000.0009155273438,999.9854736328124,999.9854125976562,999.9854125976562,999.9857788085938,999.9854736328124,999.9854736328124,999.9855346679688,999.9935913085938,999.9854736328124,1000.0010375976562,999.9854736328124,999.986328125,1000.0733032226562,999.9854125976562,999.9856567382812,999.9854736328124,999.9855346679688,999.985595703125,999.9854125976562,999.9854125976562,999.9854736328124,1000.0009155273438,999.985595703125,999.9971313476562,999.9854736328124,999.9854736328124,1000.0005493164062,999.9854736328124,1000.0005493164062,999.9854736328124,999.9857788085938,999.9854736328124,999.9854736328124,1000.0005493164062,999.9856567382812,999.985595703125,999.9854125976562,999.98583984375,1000.0,999.9854736328124,999.985595703125,999.9861450195312,999.9857177734376,1000.0,999.9856567382812,1000.0081787109376,999.9854736328124,999.9854736328124,999.9935913085938,1000.0250244140624,999.9854125976562,999.9854736328124,999.9854736328124,1000.0075073242188,999.9856567382812,999.9857177734376,999.9854125976562,999.985595703125,999.9857788085938,1000.0,1000.0,1000.0,1000.082275390625,999.985595703125,999.9854125976562,999.9856567382812,999.9854736328124,999.9854125976562,999.9857788085938,1000.0,999.9854736328124,999.985595703125,999.9854736328124,999.985595703125,1000.0009765625,999.98583984375
130,999.985595703125,999.9854125976562,999.9855346679688,999.9854736328124,999.9854125976562,999.9854125976562,1000.0,999.985595703125,1000.0005493164062,1000.0009155273438,999.9854125976562,999.9859619140624,999.9857788085938,999.9854736328124,999.9854125976562,999.9859619140624,1000.0,999.9854736328124,999.9854125976562,999.9854125976562,999.985595703125,999.9854736328124,1000.0,1000.0009155273438,999.9854125976562,999.9854125976562,999.9854125976562,999.9856567382812,999.9854125976562,999.9854125976562,999.9854736328124,999.9934692382812,999.9854736328124,1000.0009765625,999.9854736328124,999.9862060546876,1000.0733032226562,999.9854125976562,999.9855346679688,999.9854736328124,999.9854736328124,999.9854736328124,999.9854125976562,999.9854125976562,999.9854736328124,1000.0009155273438,999.985595703125,999.9970703125,999.9854736328124,999.9854125976562,1000.0005493164062,999.9855346679688,1000.0005493164062,999.9854736328124,999.9856567382812,999.9854125976562,999.9854125976562,1000.0005493164062,999.985595703125,999.985595703125,999.9854125976562,999.9857788085938,1000.0,999.9854736328124,999.9855346679688,999.9863891601562,999.9857177734376,1000.0,999.9856567382812,1000.0081176757812,999.9854736328124,999.9854736328124,999.9935302734376,1000.0250244140624,999.9854125976562,999.9854736328124,999.9854125976562,1000.0076293945312,999.9857177734376,999.9857177734376,999.9854125976562,999.985595703125,999.98583984375,1000.0,1000.0,1000.0,1000.0823364257812,999.9854736328124,999.9854125976562,999.985595703125,999.9854736328124,999.9854125976562,999.9857788085938,1000.0,999.9854736328124,999.9855346679688,999.9854736328124,999.9855346679688,1000.0009155273438,999.9859619140624
131,999.9855346679688,999.9854125976562,999.9855346679688,999.9854736328124,999.9854125976562,999.9854125976562,1000.0,999.985595703125,1000.0005493164062,1000.0009155273438,999.9854125976562,999.9859008789062,999.9857788085938,999.9854736328124,999.9854125976562,999.9859619140624,1000.0,999.9854125976562,999.9854125976562,999.9854125976562,999.9855346679688,999.9854125976562,1000.0,1000.0009155273438,999.9854125976562,999.9854125976562,999.9854125976562,999.9856567382812,999.9854125976562,999.9854736328124,999.9854125976562,999.9935302734376,999.9854736328124,1000.0010375976562,999.9854736328124,999.9861450195312,1000.0733032226562,999.9854125976562,999.985595703125,999.9854125976562,999.9855346679688,999.9855346679688,999.9854125976562,999.9854125976562,999.9854125976562,1000.0009155273438,999.985595703125,999.9970703125,999.9854736328124,999.9854125976562,1000.0005493164062,999.9855346679688,1000.0005493164062,999.9854125976562,999.9856567382812,999.9854125976562,999.9854125976562,1000.0005493164062,999.985595703125,999.9856567382812,999.9854125976562,999.9857177734376,1000.0,999.9854736328124,999.9855346679688,999.9861450195312,999.9856567382812,1000.0,999.985595703125,1000.0081176757812,999.9854736328124,999.9854736328124,999.9934692382812,1000.02490234375,999.9854125976562,999.9854736328124,999.9854125976562,1000.0075073242188,999.9855346679688,999.985595703125,999.9854125976562,999.9854736328124,999.985595703125,1000.0,1000.0,1000.0,1000.0823364257812,999.9854736328124,999.9854125976562,999.985595703125,999.9854736328124,999.9854125976562,999.9857788085938,1000.0,999.9854736328124,999.9854736328124,999.9854736328124,999.985595703125,1000.0009765625,999.9857788085938
132,999.9854736328124,999.9854125976562,999.9855346679688,999.9854125976562,999.9854125976562,999.9854125976562,1000.0,999.985595703125,1000.0005493164062,1000.0009155273438,999.9854125976562,999.9857788085938,999.9857177734376,999.9854736328124,999.9854125976562,999.9859008789062,1000.0,999.9854125976562,999.9854125976562,999.9854125976562,999.9854736328124,999.9854125976562,1000.0,1000.0009155273438,999.9854125976562,999.9854125976562,999.9854125976562,999.985595703125,999.9854125976562,999.9854125976562,999.9854736328124,999.9934692382812,999.9854736328124,1000.0009765625,999.9854125976562,999.9857788085938,1000.0733032226562,999.9854125976562,999.9855346679688,999.9854125976562,999.9855346679688,999.9855346679688,999.9854125976562,999.9854125976562,999.9854125976562,1000.0009155273438,999.985595703125,999.9970703125,999.9854736328124,999.9854125976562,1000.0005493164062,999.9854736328124,1000.0005493164062,999.9854736328124,999.9856567382812,999.9854125976562,999.9854125976562,1000.0005493164062,999.985595703125,999.9855346679688,999.9854125976562,999.9857177734376,1000.0,999.9854736328124,999.9855346679688,999.9862670898438,999.985595703125,1000.0,999.985595703125,1000.0081176757812,999.9854125976562,999.9854125976562,999.9934692382812,1000.02490234375,999.9854125976562,999.9854736328124,999.9854125976562,1000.0076293945312,999.9855346679688,999.9856567382812,999.9854125976562,999.9854736328124,999.985595703125,1000.0,1000.0,1000.0,1000.0823364257812,999.9854736328124,999.9854125976562,999.985595703125,999.9854736328124,999.9854125976562,999.9857177734376,1000.0,999.9854736328124,999.985595703125,999.9854736328124,999.9854736328124,1000.0009765625,999.9859008789062
133,999.9854736328124,999.9854125976562,999.9855346679688,999.9854736328124,999.9854125976562,999.9854125976562,1000.0,999.985595703125,1000.0005493164062,1000.0009155273438,999.9854125976562,999.98583984375,999.9856567382812,999.9854736328124,999.9854125976562,999.9857788085938,1000.0,999.9854125976562,999.9854125976562,999.9854125976562,999.9855346679688,999.9854125976562,1000.0,1000.0009155273438,999.9854125976562,999.9854125976562,999.9854125976562,999.985595703125,999.9854125976562,999.9854125976562,999.9854125976562,999.9934692382812,999.9854736328124,1000.0009765625,999.9854125976562,999.9859008789062,1000.0733032226562,999.9854125976562,999.9854736328124,999.9854125976562,999.9854736328124,999.9854736328124,999.9854125976562,999.9854125976562,999.9854125976562,1000.0009155273438,999.9855346679688,999.9970703125,999.9854736328124,999.9854125976562,1000.00048828125,999.9854736328124,1000.0005493164062,999.9854125976562,999.9855346679688,999.9854125976562,999.9854125976562,1000.0005493164062,999.9854736328124,999.9854736328124,999.9854125976562,999.9857177734376,1000.0,999.9854125976562,999.9854736328124,999.9861450195312,999.985595703125,1000.0,999.9855346679688,1000.008056640625,999.9854125976562,999.9854736328124,999.9934692382812,1000.0249633789062,999.9854125976562,999.9854736328124,999.9854125976562,1000.0078125,999.9854736328124,999.9856567382812,999.9854125976562,999.9854736328124,999.9856567382812,1000.0,1000.0,1000.0,1000.082275390625,999.9854736328124,999.9854125976562,999.9855346679688,999.9854736328124,999.9854125976562,999.9856567382812,1000.0,999.9854125976562,999.9854736328124,999.9854125976562,999.9854736328124,1000.0009765625,999.9857177734376
134,999.9854736328124,999.9854125976562,999.9854736328124,999.9854125976562,999.9854125976562,999.9854125976562,1000.0,999.9855346679688,1000.0005493164062,1000.0009155273438,999.9854125976562,999.9856567382812,999.9857177734376,999.9854736328124,999.9854125976562,999.9857788085938,1000.0,999.9854125976562,999.9854125976562,999.9854125976562,999.9855346679688,999.9854125976562,1000.0,1000.0009155273438,999.9854125976562,999.9854125976562,999.9854125976562,999.985595703125,999.9854125976562,999.9854125976562,999.9854125976562,999.993408203125,999.9854125976562,1000.0009765625,999.9854125976562,999.9859008789062,1000.0732421875,999.9854125976562,999.9854736328124,999.9854125976562,999.9854736328124,999.9854736328124,999.9854125976562,999.9854125976562,999.9854125976562,1000.0009155273438,999.9855346679688,999.9970703125,999.9854736328124,999.9854125976562,1000.0005493164062,999.9854736328124,1000.0005493164062,999.9854125976562,999.9855346679688,999.9854125976562,999.9854125976562,1000.0005493164062,999.9854736328124,999.9855346679688,999.9854125976562,999.9857177734376,1000.0,999.9854125976562,999.9854736328124,999.9859008789062,999.9855346679688,1000.0,999.9855346679688,1000.008056640625,999.9854125976562,999.9854125976562,999.9934692382812,1000.0247802734376,999.9854125976562,999.9854125976562,999.9854125976562,1000.007080078125,999.9854736328124,999.985595703125,999.9854125976562,999.9854736328124,999.9856567382812,1000.0,1000.0,1000.0,1000.082275390625,999.9854125976562,999.9854125976562,999.9855346679688,999.9854125976562,999.9854125976562,999.985595703125,1000.0,999.9854125976562,999.9855346679688,999.9854125976562,999.9854125976562,1000.0009765625,999.9857177734376
135,999.9854736328124,999.9854125976562,999.9855346679688,999.9854125976562,999.9854125976562,999.9854125976562,1000.0,999.9855346679688,1000.0005493164062,1000.0009155273438,999.9854125976562,999.9857177734376,999.9857177734376,999.9854736328124,999.9854125976562,999.9859008789062,1000.0,999.9854125976562,999.9854125976562,999.9854125976562,999.9854736328124,999.9854125976562,1000.0,1000.0009155273438,999.9854125976562,999.9854125976562,999.9854125976562,999.985595703125,999.9854125976562,999.9854125976562,999.9854125976562,999.993408203125,999.9854125976562,1000.0009765625,999.9854736328124,999.98583984375,1000.0733032226562,999.9854125976562,999.9854736328124,999.9854125976562,999.9854736328124,999.9854125976562,999.9854125976562,999.9854125976562,999.9854125976562,1000.0009155273438,999.9855346679688,999.9970703125,999.9854736328124,999.9854125976562,1000.0005493164062,999.9854125976562,1000.0005493164062,999.9854125976562,999.9855346679688,999.9854125976562,999.9854125976562,1000.0005493164062,999.9854736328124,999.9855346679688,999.9854125976562,999.985595703125,1000.0,999.9854125976562,999.9854736328124,999.9859008789062,999.9855346679688,1000.0,999.9854736328124,1000.008056640625,999.9854125976562,999.9854125976562,999.9934692382812,1000.0248413085938,999.9854125976562,999.9854736328124,999.9854125976562,1000.0062866210938,999.9854736328124,999.985595703125,999.9854125976562,999.9854736328124,999.9855346679688,1000.0,1000.0,1000.0,1000.082275390625,999.9854125976562,999.9854125976562,999.9854736328124,999.9854125976562,999.9854125976562,999.985595703125,1000.0,999.9854125976562,999.9855346679688,999.9854736328124,999.9854125976562,1000.0009765625,999.9857177734376
136,999.9854736328124,999.9854125976562,999.9854736328124,999.9854125976562,999.9854125976562,999.9854125976562,1000.0,999.9854736328124,1000.0005493164062,1000.0009155273438,999.9854125976562,999.9855346679688,999.9857177734376,999.9854736328124,999.9854125976562,999.9857177734376,1000.0,999.9854125976562,999.9854125976562,999.9854125976562,999.9854736328124,999.9854125976562,1000.0,1000.0009155273438,999.9854125976562,999.9854125976562,999.9854125976562,999.9855346679688,999.9854125976562,999.9854125976562,999.9854125976562,999.993408203125,999.9854125976562,1000.0009155273438,999.9854125976562,999.9857788085938,1000.0733032226562,999.9854125976562,999.9855346679688,999.9854125976562,999.9854125976562,999.9854736328124,999.9854125976562,999.9854125976562,999.9854125976562,1000.0009155273438,999.9855346679688,999.9970092773438,999.9854736328124,999.9854125976562,1000.0005493164062,999.9854125976562,1000.0005493164062,999.9854125976562,999.9855346679688,999.9854125976562,999.9854125976562,1000.0005493164062,999.9854736328124,999.9855346679688,999.9854125976562,999.985595703125,1000.0,999.9854125976562,999.9854736328124,999.98583984375,999.9855346679688,1000.0,999.9854736328124,1000.008056640625,999.9854125976562,999.9854125976562,999.9934692382812,1000.0248413085938,999.9854125976562,999.9854125976562,999.9854125976562,1000.0067749023438,999.9854736328124,999.9855346679688,999.9854125976562,999.9854125976562,999.9855346679688,1000.0,1000.0,1000.0,1000.082275390625,999.9854125976562,999.9854125976562,999.9854125976562,999.9854125976562,999.9854125976562,999.985595703125,1000.0,999.9854125976562,999.9854125976562,999.9854125976562,999.9854125976562,1000.0009765625,999.9857177734376
137,999.9854125976562,999.9854125976562,999.9854736328124,999.9854125976562,999.9854125976562,999.9854125976562,1000.0,999.9854736328124,1000.0005493164062,1000.0009155273438,999.9854125976562,999.985595703125,999.9856567382812,999.9854125976562,999.9854125976562,999.9856567382812,1000.0,999.9854125976562,999.9854125976562,999.9854125976562,999.9854736328124,999.9854125976562,1000.0,1000.0009155273438,999.9854125976562,999.9854125976562,999.9854125976562,999.9854736328124,999.9854125976562,999.9854125976562,999.9854125976562,999.993408203125,999.9854125976562,1000.0009765625,999.9854125976562,999.9857788085938,1000.0732421875,999.9854125976562,999.9854736328124,999.9854125976562,999.9854125976562,999.9854125976562,999.9854125976562,999.9854125976562,999.9854125976562,1000.0009155273438,999.9854736328124,999.9970092773438,999.9854736328124,999.9854125976562,1000.0005493164062,999.9854125976562,1000.0005493164062,999.9854125976562,999.9855346679688,999.9854125976562,999.9854125976562,1000.0005493164062,999.9854125976562,999.9855346679688,999.9854125976562,999.9855346679688,1000.0,999.9854125976562,999.9854736328124,999.9859008789062,999.9854736328124,1000.0,999.9854736328124,1000.0079956054688,999.9854125976562,999.9854125976562,999.9934692382812,1000.0247802734376,999.9854125976562,999.9854125976562,999.9854125976562,1000.0068969726562,999.9854736328124,999.9855346679688,999.9854125976562,999.9854125976562,999.9854736328124,1000.0,1000.0,1000.0,1000.0822143554688,999.9854125976562,999.9854125976562,999.9854736328124,999.9854125976562,999.9854125976562,999.9855346679688,1000.0,999.9854125976562,999.9854736328124,999.9854125976562,999.9854125976562,1000.0009765625,999.9856567382812
138,999.9854736328124,999.9854125976562,999.9854736328124,999.9854125976562,999.9854125976562,999.9854125976562,1000.0,999.9854736328124,1000.0005493164062,1000.0009155273438,999.9854125976562,999.985595703125,999.9856567382812,999.9854125976562,999.9854125976562,999.9857177734376,1000.0,999.9854125976562,999.9854125976562,999.9854125976562,999.9854736328124,999.9854125976562,1000.0,1000.0009155273438,999.9854125976562,999.9854125976562,999.9854125976562,999.9854736328124,999.9854125976562,999.9854125976562,999.9854125976562,999.993408203125,999.9854125976562,1000.0009765625,999.9854125976562,999.9856567382812,1000.0732421875,999.9854125976562,999.9854736328124,999.9854125976562,999.9854125976562,999.9854125976562,999.9854125976562,999.9854125976562,999.9854125976562,1000.0009155273438,999.9854736328124,999.9970092773438,999.9854736328124,999.9854125976562,1000.0005493164062,999.9854125976562,1000.0005493164062,999.9854125976562,999.9855346679688,999.9854125976562,999.9854125976562,1000.0005493164062,999.9854736328124,999.9854736328124,999.9854125976562,999.9854736328124,1000.0,999.9854125976562,999.9854125976562,999.9857788085938,999.9854736328124,1000.0,999.9854736328124,1000.0079956054688,999.9854125976562,999.9854125976562,999.9934692382812,1000.0247192382812,999.9854125976562,999.9854125976562,999.9854125976562,1000.0066528320312,999.9854736328124,999.9854736328124,999.9854125976562,999.9854736328124,999.9854736328124,1000.0,1000.0,1000.0,1000.0822143554688,999.9854125976562,999.9854125976562,999.9854125976562,999.9854125976562,999.9854125976562,999.9854736328124,1000.0,999.9854125976562,999.9854736328124,999.9854125976562,999.9854125976562,1000.0009765625,999.985595703125
139,999.9854125976562,999.9854125976562,999.9854125976562,999.9854125976562,999.9854125976562,999.9854125976562,1000.0,999.9854736328124,1000.0005493164062,1000.0009155273438,999.9854125976562,999.9855346679688,999.985595703125,999.9854125976562,999.9854125976562,999.9856567382812,1000.0,999.9854125976562,999.9854125976562,999.9854125976562,999.9854736328124,999.9854125976562,1000.0,1000.0009155273438,999.9854125976562,999.9854125976562,999.9854125976562,999.9854736328124,999.9854125976562,999.9854125976562,999.9854125976562,999.993408203125,999.9854125976562,1000.0009765625,999.9854125976562,999.9857177734376,1000.0732421875,999.9854125976562,999.9854125976562,999.9854125976562,999.9854125976562,999.9854125976562,999.9854125976562,999.9854125976562,999.9854125976562,1000.0009155273438,999.9854736328124,999.9970092773438,999.9854736328124,999.9854125976562,1000.0005493164062,999.9854125976562,1000.0005493164062,999.9854125976562,999.9854736328124,999.9854125976562,999.9854125976562,1000.0005493164062,999.9854736328124,999.9854125976562,999.9854125976562,999.9854736328124,1000.0,999.9854125976562,999.9854125976562,999.98583984375,999.9854736328124,1000.0,999.9854736328124,1000.0079956054688,999.9854125976562,999.9854125976562,999.993408203125,1000.0247192382812,999.9854125976562,999.9854125976562,999.9854125976562,1000.0064086914062,999.9854736328124,999.9854736328124,999.9854125976562,999.9854736328124,999.9854736328124,1000.0,1000.0,1000.0,1000.0822143554688,999.9854125976562,999.9854125976562,999.9854736328124,999.9854125976562,999.9854125976562,999.985595703125,1000.0,999.9854125976562,999.9854736328124,999.9854125976562,999.9854125976562,1000.0009765625,999.985595703125
140,999.9854125976562,999.9854125976562,999.9854125976562,999.9854125976562,999.9854125976562,999.9854125976562,1000.0,999.9854736328124,1000.0005493164062,1000.0009155273438,999.9854125976562,999.9855346679688,999.985595703125,999.9854125976562,999.9854125976562,999.985595703125,1000.0,999.9854125976562,999.9854125976562,999.9854125976562,999.9854125976562,999.9854125976562,1000.0,1000.0009155273438,999.9854125976562,999.9854125976562,999.9854125976562,999.9854736328124,999.9854125976562,999.9854125976562,999.9854125976562,999.993408203125,999.9854125976562,1000.0009155273438,999.9854125976562,999.9857177734376,1000.0732421875,999.9854125976562,999.9854125976562,999.9854125976562,999.9854125976562,999.9854125976562,999.9854125976562,999.9854125976562,999.9854125976562,1000.0009155273438,999.9854736328124,999.9970092773438,999.9854736328124,999.9854125976562,1000.0005493164062,999.9854125976562,1000.0005493164062,999.9854125976562,999.9855346679688,999.9854125976562,999.9854125976562,1000.0005493164062,999.9854125976562,999.9854125976562,999.9854125976562,999.9854736328124,1000.0,999.9854125976562,999.9854125976562,999.9857177734376,999.9854736328124,1000.0,999.9854125976562,1000.0079956054688,999.9854125976562,999.9854125976562,999.993408203125,1000.0247192382812,999.9854125976562,999.9854125976562,999.9854125976562,1000.0064697265624,999.9854125976562,999.9854736328124,999.9854125976562,999.9854125976562,999.9854736328124,1000.0,1000.0,1000.0,1000.082275390625,999.9854125976562,999.9854125976562,999.9854736328124,999.9854125976562,999.9854125976562,999.9855346679688,1000.0,999.9854125976562,999.9854125976562,999.9854125976562,999.9854125976562,1000.0009765625,999.985595703125
141,999.9854125976562,999.9854125976562,999.9854125976562,999.9854125976562,999.9854125976562,999.9854125976562,1000.0,999.9854125976562,1000.0005493164062,1000.0009155273438,999.9854125976562,999.9855346679688,999.9854736328124,999.9854125976562,999.9854125976562,999.9855346679688,1000.0,999.9854125976562,999.9854125976562,999.9854125976562,999.9854125976562,999.9854125976562,1000.0,1000.0009155273438,999.9854125976562,999.9854125976562,999.9854125976562,999.9854736328124,999.9854125976562,999.9854125976562,999.9854125976562,999.993408203125,999.9854125976562,1000.0009155273438,999.9854125976562,999.9857177734376,1000.0732421875,999.9854125976562,999.9854125976562,999.9854125976562,999.9854125976562,999.9854125976562,999.9854125976562,999.9854125976562,999.9854125976562,1000.0009155273438,999.9854736328124,999.9969482421876,999.9854736328124,999.9854125976562,1000.0005493164062,999.9854125976562,1000.0005493164062,999.9854125976562,999.9855346679688,999.9854125976562,999.9854125976562,1000.0005493164062,999.9854125976562,999.9854125976562,999.9854125976562,999.9854736328124,1000.0,999.9854125976562,999.9854125976562,999.9857788085938,999.9854736328124,1000.0,999.9854125976562,1000.0079956054688,999.9854125976562,999.9854125976562,999.993408203125,1000.0247192382812,999.9854125976562,999.9854125976562,999.9854125976562,1000.0060424804688,999.9854125976562,999.9854736328124,999.9854125976562,999.9854125976562,999.9854736328124,1000.0,1000.0,1000.0,1000.0822143554688,999.9854125976562,999.9854125976562,999.9854125976562,999.9854125976562,999.9854125976562,999.9855346679688,1000.0,999.9854125976562,999.9854125976562,999.9854125976562,999.9854125976562,1000.0009765625,999.9855346679688
142,999.9854125976562,999.9854125976562,999.9854125976562,999.9854125976562,999.9854125976562,999.9854125976562,1000.0,999.9854125976562,1000.0005493164062,1000.0009155273438,999.9854125976562,999.9854736328124,999.9854736328124,999.9854125976562,999.9854125976562,999.9854736328124,1000.0,999.9854125976562,999.9854125976562,999.9854125976562,999.9854125976562,999.9854125976562,1000.0,1000.0009155273438,999.9854125976562,999.9854125976562,999.9854125976562,999.9854736328124,999.9854125976562,999.9854125976562,999.9854125976562,999.993408203125,999.9854125976562,1000.0009155273438,999.9854125976562,999.9855346679688,1000.0732421875,999.9854125976562,999.9854125976562,999.9854125976562,999.9854125976562,999.9854125976562,999.9854125976562,999.9854125976562,999.9854125976562,1000.0009155273438,999.9854736328124,999.9969482421876,999.9854736328124,999.9854125976562,1000.0005493164062,999.9854125976562,1000.0005493164062,999.9854125976562,999.9854736328124,999.9854125976562,999.9854125976562,1000.0005493164062,999.9854125976562,999.9854125976562,999.9854125976562,999.9854736328124,1000.0,999.9854125976562,999.9854125976562,999.9857177734376,999.9854736328124,1000.0,999.9854125976562,1000.0079956054688,999.9854125976562,999.9854125976562,999.993408203125,1000.024658203125,999.9854125976562,999.9854125976562,999.9854125976562,1000.0060424804688,999.9854125976562,999.9854736328124,999.9854125976562,999.9854125976562,999.9854736328124,1000.0,1000.0,1000.0,1000.0822143554688,999.9854125976562,999.9854125976562,999.9854125976562,999.9854125976562,999.9854125976562,999.9854736328124,1000.0,999.9854125976562,999.9854125976562,999.9854125976562,999.9854125976562,1000.0009765625,999.9855346679688
143,999.9854125976562,999.9854125976562,999.9854125976562,999.9854125976562,999.9854125976562,999.9854125976562,1000.0,999.9854125976562,1000.0005493164062,1000.0009155273438,999.9854125976562,999.9854736328124,999.9854736328124,999.9854125976562,999.9854125976562,999.9854736328124,1000.0,999.9854125976562,999.9854125976562,999.9854125976562,999.9854125976562,999.9854125976562,1000.0,1000.0009155273438,999.9854125976562,999.9854125976562,999.9854125976562,999.9854736328124,999.9854125976562,999.9854125976562,999.9854125976562,999.993408203125,999.9854125976562,1000.0009155273438,999.9854125976562,999.9855346679688,1000.0732421875,999.9854125976562,999.9854125976562,999.9854125976562,999.9854125976562,999.9854125976562,999.9854125976562,999.9854125976562,999.9854125976562,1000.0009155273438,999.9854125976562,999.9969482421876,999.9854736328124,999.9854125976562,1000.0005493164062,999.9854125976562,1000.0005493164062,999.9854125976562,999.9854736328124,999.9854125976562,999.9854125976562,1000.0005493164062,999.9854125976562,999.9854125976562,999.9854125976562,999.9854125976562,1000.0,999.9854125976562,999.9854125976562,999.9855346679688,999.9854125976562,1000.0,999.9854125976562,1000.0079956054688,999.9854125976562,999.9854125976562,999.993408203125,1000.024658203125,999.9854125976562,999.9854125976562,999.9854125976562,1000.005859375,999.9854125976562,999.9854125976562,999.9854125976562,999.9854125976562,999.9854125976562,1000.0,1000.0,1000.0,1000.0822143554688,999.9854125976562,999.9854125976562,999.9854125976562,999.9854125976562,999.9854125976562,999.9855346679688,1000.0,999.9854125976562,999.9854125976562,999.9854125976562,999.9854125976562,1000.0009765625,999.9854736328124
144,999.9854125976562,999.9854125976562,999.9854125976562,999.9854125976562,999.9854125976562,999.9854125976562,1000.0,999.9854125976562,1000.0005493164062,1000.0009155273438,999.9854125976562,999.9854736328124,999.9854736328124,999.9854125976562,999.9854125976562,999.9855346679688,1000.0,999.9854125976562,999.9854125976562,999.9854125976562,999.9854125976562,999.9854125976562,1000.0,1000.0009155273438,999.9854125976562,999.9854125976562,999.9854125976562,999.9854736328124,999.9854125976562,999.9854125976562,999.9854125976562,999.993408203125,999.9854125976562,1000.0009155273438,999.9854125976562,999.9854736328124,1000.0732421875,999.9854125976562,999.9854125976562,999.9854125976562,999.9854125976562,999.9854125976562,999.9854125976562,999.9854125976562,999.9854125976562,1000.0009155273438,999.9854125976562,999.9969482421876,999.9854736328124,999.9854125976562,1000.0005493164062,999.9854125976562,1000.0005493164062,999.9854125976562,999.9854125976562,999.9854125976562,999.9854125976562,1000.0005493164062,999.9854125976562,999.9854125976562,999.9854125976562,999.9854125976562,1000.0,999.9854125976562,999.9854125976562,999.9856567382812,999.9854736328124,1000.0,999.9854125976562,1000.0079345703124,999.9854125976562,999.9854125976562,999.993408203125,1000.024658203125,999.9854125976562,999.9854125976562,999.9854125976562,1000.0059204101562,999.9854125976562,999.9854125976562,999.9854125976562,999.9854125976562,999.9854125976562,1000.0,1000.0,1000.0,1000.0822143554688,999.9854125976562,999.9854125976562,999.9854125976562,999.9854125976562,999.9854125976562,999.9854736328124,1000.0,999.9854125976562,999.9854125976562,999.9854125976562,999.9854125976562,1000.0009765625,999.9854736328124
145,999.9854125976562,999.9854125976562,999.9854125976562,999.9854125976562,999.9854125976562,999.9854125976562,1000.0,999.9854125976562,1000.0005493164062,1000.0009155273438,999.9854125976562,999.9854736328124,999.9854125976562,999.9854125976562,999.9854125976562,999.9854736328124,1000.0,999.9854125976562,999.9854125976562,999.9854125976562,999.9854125976562,999.9854125976562,1000.0,1000.0009155273438,999.9854125976562,999.9854125976562,999.9854125976562,999.9854125976562,999.9854125976562,999.9854125976562,999.9854125976562,999.993408203125,999.9854125976562,1000.0009155273438,999.9854125976562,999.9855346679688,1000.0732421875,999.9854125976562,999.9854125976562,999.9854125976562,999.9854125976562,999.9854125976562,999.9854125976562,999.9854125976562,999.9854125976562,1000.0009155273438,999.9854125976562,999.9969482421876,999.9854736328124,999.9854125976562,1000.0005493164062,999.9854125976562,1000.0005493164062,999.9854125976562,999.9854125976562,999.9854125976562,999.9854125976562,1000.0005493164062,999.9854125976562,999.9854125976562,999.9854125976562,999.9854125976562,1000.0,999.9854125976562,999.9854125976562,999.985595703125,999.9854125976562,1000.0,999.9854125976562,1000.0079956054688,999.9854125976562,999.9854125976562,999.993408203125,1000.0245971679688,999.9854125976562,999.9854125976562,999.9854125976562,1000.0057983398438,999.9854125976562,999.9854125976562,999.9854125976562,999.9854125976562,999.9854125976562,1000.0,1000.0,1000.0,1000.0822143554688,999.9854125976562,999.9854125976562,999.9854125976562,999.9854125976562,999.9854125976562,999.9854736328124,1000.0,999.9854125976562,999.9854125976562,999.9854125976562,999.9854125976562,1000.0009765625,999.9854736328124
146,999.9854125976562,999.9854125976562,999.9854125976562,999.9854125976562,999.9854125976562,999.9854125976562,1000.0,999.9854125976562,1000.0005493164062,1000.0009155273438,999.9854125976562,999.9854125976562,999.9854125976562,999.9854125976562,999.9854125976562,999.9854736328124,1000.0,999.9854125976562,999.9854125976562,999.9854125976562,999.9854125976562,999.9854125976562,1000.0,1000.0009155273438,999.9854125976562,999.9854125976562,999.9854125976562,999.9854125976562,999.9854125976562,999.9854125976562,999.9854125976562,999.993408203125,999.9854125976562,1000.0009155273438,999.9854125976562,999.9855346679688,1000.0732421875,999.9854125976562,999.9854125976562,999.9854125976562,999.9854125976562,999.9854125976562,999.9854125976562,999.9854125976562,999.9854125976562,1000.0009155273438,999.9854125976562,999.9969482421876,999.9854736328124,999.9854125976562,1000.0005493164062,999.9854125976562,1000.0005493164062,999.9854125976562,999.9854125976562,999.9854125976562,999.9854125976562,1000.0005493164062,999.9854125976562,999.9854125976562,999.9854125976562,999.9854125976562,1000.0,999.9854125976562,999.9854125976562,999.9855346679688,999.9854125976562,1000.0,999.9854125976562,1000.0079956054688,999.9854125976562,999.9854125976562,999.993408203125,1000.024658203125,999.9854125976562,999.9854125976562,999.9854125976562,1000.0056762695312,999.9854125976562,999.9854125976562,999.9854125976562,999.9854125976562,999.9854125976562,1000.0,1000.0,1000.0,1000.0822143554688,999.9854125976562,999.9854125976562,999.9854125976562,999.9854125976562,999.9854125976562,999.9854736328124,1000.0,999.9854125976562,999.9854125976562,999.9854125976562,999.9854125976562,1000.0009765625,999.9854736328124
147,999.9854125976562,999.9854125976562,999.9854125976562,999.9854125976562,999.9854125976562,999.9854125976562,1000.0,999.9854125976562,1000.0005493164062,1000.0009155273438,999.9854125976562,999.9854125976562,999.9854125976562,999.9854125976562,999.9854125976562,999.9854736328124,1000.0,999.9854125976562,999.9854125976562,999.9854125976562,999.9854125976562,999.9854125976562,1000.0,1000.0009155273438,999.9854125976562,999.9854125976562,999.9854125976562,999.9854125976562,999.9854125976562,999.9854125976562,999.9854125976562,999.993408203125,999.9854125976562,1000.0009155273438,999.9854125976562,999.9854736328124,1000.0732421875,999.9854125976562,999.9854125976562,999.9854125976562,999.9854125976562,999.9854125976562,999.9854125976562,999.9854125976562,999.9854125976562,1000.0009155273438,999.9854125976562,999.9969482421876,999.9854736328124,999.9854125976562,1000.0005493164062,999.9854125976562,1000.0005493164062,999.9854125976562,999.9854125976562,999.9854125976562,999.9854125976562,1000.0005493164062,999.9854125976562,999.9854125976562,999.9854125976562,999.9854125976562,1000.0,999.9854125976562,999.9854125976562,999.9855346679688,999.9854125976562,1000.0,999.9854125976562,1000.0079956054688,999.9854125976562,999.9854125976562,999.993408203125,1000.0245971679688,999.9854125976562,999.9854125976562,999.9854125976562,1000.005615234375,999.9854125976562,999.9854125976562,999.9854125976562,999.9854125976562,999.9854125976562,1000.0,1000.0,1000.0,1000.0822143554688,999.9854125976562,999.9854125976562,999.9854125976562,999.9854125976562,999.9854125976562,999.9854736328124,1000.0,999.9854125976562,999.9854125976562,999.9854125976562,999.9854125976562,1000.0009765625,999.9854736328124
148,999.9854125976562,999.9854125976562,999.9854125976562,999.9854125976562,999.9854125976562,999.9854125976562,1000.0,999.9854125976562,1000.0005493164062,1000.0009155273438,999.9854125976562,999.9854125976562,999.9854125976562,999.9854125976562,999.9854125976562,999.9854125976562,1000.0,999.9854125976562,999.9854125976562,999.9854125976562,999.9854125976562,999.9854125976562,1000.0,1000.0009155273438,999.9854125976562,999.9854125976562,999.9854125976562,999.9854125976562,999.9854125976562,999.9854125976562,999.9854125976562,999.993408203125,999.9854125976562,1000.0009155273438,999.9854125976562,999.9855346679688,1000.0732421875,999.9854125976562,999.9854125976562,999.9854125976562,999.9854125976562,999.9854125976562,999.9854125976562,999.9854125976562,999.9854125976562,1000.0009155273438,999.9854125976562,999.9969482421876,999.9854736328124,999.9854125976562,1000.0005493164062,999.9854125976562,1000.0005493164062,999.9854125976562,999.9854125976562,999.9854125976562,999.9854125976562,1000.0005493164062,999.9854125976562,999.9854125976562,999.9854125976562,999.9854125976562,1000.0,999.9854125976562,999.9854125976562,999.9854736328124,999.9854125976562,1000.0,999.9854125976562,1000.0079956054688,999.9854125976562,999.9854125976562,999.993408203125,1000.0245971679688,999.9854125976562,999.9854125976562,999.9854125976562,1000.005615234375,999.9854125976562,999.9854125976562,999.9854125976562,999.9854125976562,999.9854125976562,1000.0,1000.0,1000.0,1000.0822143554688,999.9854125976562,999.9854125976562,999.9854125976562,999.9854125976562,999.9854125976562,999.9854125976562,1000.0,999.9854125976562,999.9854125976562,999.9854125976562,999.9854125976562,1000.0009765625,999.9854125976562
149,999.9854125976562,999.9854125976562,999.9854125976562,999.9854125976562,999.9854125976562,999.9854125976562,1000.0,999.9854125976562,1000.0005493164062,1000.0009155273438,999.9854125976562,999.9854125976562,999.9854125976562,999.9854125976562,999.9854125976562,999.9854125976562,1000.0,999.9854125976562,999.9854125976562,999.9854125976562,999.9854125976562,999.9854125976562,1000.0,1000.0009155273438,999.9854125976562,999.9854125976562,999.9854125976562,999.9854125976562,999.9854125976562,999.9854125976562,999.9854125976562,999.993408203125,999.9854125976562,1000.0009155273438,999.9854125976562,999.9854736328124,1000.0732421875,999.9854125976562,999.9854125976562,999.9854125976562,999.9854125976562,999.9854125976562,999.9854125976562,999.9854125976562,999.9854125976562,1000.0009155273438,999.9854125976562,999.9969482421876,999.9854736328124,999.9854125976562,1000.0005493164062,999.9854125976562,1000.0005493164062,999.9854125976562,999.9854125976562,999.9854125976562,999.9854125976562,1000.0005493164062,999.9854125976562,999.9854125976562,999.9854125976562,999.9854125976562,1000.0,999.9854125976562,999.9854125976562,999.9854736328124,999.9854125976562,1000.0,999.9854125976562,1000.0079956054688,999.9854125976562,999.9854125976562,999.993408203125,1000.0245971679688,999.9854125976562,999.9854125976562,999.9854125976562,1000.0055541992188,999.9854125976562,999.9854125976562,999.9854125976562,999.9854125976562,999.9854125976562,1000.0,1000.0,1000.0,1000.0822143554688,999.9854125976562,999.9854125976562,999.9854125976562,999.9854125976562,999.9854125976562,999.9854125976562,1000.0,999.9854125976562,999.9854125976562,999.9854125976562,999.9854125976562,1000.0009765625,999.9854125976562
150,999.9854125976562,999.9854125976562,999.9854125976562,999.9854125976562,999.9854125976562,999.9854125976562,1000.0,999.9854125976562,1000.0005493164062,1000.0009155273438,999.9854125976562,999.9854125976562,999.9854125976562,999.9854125976562,999.9854125976562,999.9854125976562,1000.0,999.9854125976562,999.9854125976562,999.9854125976562,999.9854125976562,999.9854125976562,1000.0,1000.0009155273438,999.9854125976562,999.9854125976562,999.9854125976562,999.9854125976562,999.9854125976562,999.9854125976562,999.9854125976562,999.993408203125,999.9854125976562,1000.0009155273438,999.9854125976562,999.9854125976562,1000.0732421875,999.9854125976562,999.9854125976562,999.9854125976562,999.9854125976562,999.9854125976562,999.9854125976562,999.9854125976562,999.9854125976562,1000.0009155273438,999.9854125976562,999.9969482421876,999.9854736328124,999.9854125976562,1000.0005493164062,999.9854125976562,1000.0005493164062,999.9854125976562,999.9854125976562,999.9854125976562,999.9854125976562,1000.0005493164062,999.9854125976562,999.9854125976562,999.9854125976562,999.9854125976562,1000.0,999.9854125976562,999.9854125976562,999.9854736328124,999.9854125976562,1000.0,999.9854125976562,1000.0079956054688,999.9854125976562,999.9854125976562,999.993408203125,1000.0245971679688,999.9854125976562,999.9854125976562,999.9854125976562,1000.0054931640624,999.9854125976562,999.9854125976562,999.9854125976562,999.9854125976562,999.9854125976562,1000.0,1000.0,1000.0,1000.0822143554688,999.9854125976562,999.9854125976562,999.9854125976562,999.9854125976562,999.9854125976562,999.9854125976562,1000.0,999.9854125976562,999.9854125976562,999.9854125976562,999.9854125976562,1000.0009765625,999.9854125976562
151,999.9854125976562,999.9854125976562,999.9854125976562,999.9854125976562,999.9854125976562,999.9854125976562,1000.0,999.9854125976562,1000.0005493164062,1000.0009155273438,999.9854125976562,999.9854125976562,999.9854125976562,999.9854125976562,999.9854125976562,999.9854125976562,1000.0,999.9854125976562,999.9854125976562,999.9854125976562,999.9854125976562,999.9854125976562,1000.0,1000.0009155273438,999.9854125976562,999.9854125976562,999.9854125976562,999.9854125976562,999.9854125976562,999.9854125976562,999.9854125976562,999.993408203125,999.9854125976562,1000.0009155273438,999.9854125976562,999.9854125976562,1000.0732421875,999.9854125976562,999.9854125976562,999.9854125976562,999.9854125976562,999.9854125976562,999.9854125976562,999.9854125976562,999.9854125976562,1000.0009155273438,999.9854125976562,999.9969482421876,999.9854736328124,999.9854125976562,1000.0005493164062,999.9854125976562,1000.0005493164062,999.9854125976562,999.9854125976562,999.9854125976562,999.9854125976562,1000.0005493164062,999.9854125976562,999.9854125976562,999.9854125976562,999.9854125976562,1000.0,999.9854125976562,999.9854125976562,999.9854736328124,999.9854125976562,1000.0,999.9854125976562,1000.0079956054688,999.9854125976562,999.9854125976562,999.993408203125,1000.0245971679688,999.9854125976562,999.9854125976562,999.9854125976562,1000.0054321289062,999.9854125976562,999.9854125976562,999.9854125976562,999.9854125976562,999.9854125976562,1000.0,1000.0,1000.0,1000.0822143554688,999.9854125976562,999.9854125976562,999.9854125976562,999.9854125976562,999.9854125976562,999.9854125976562,1000.0,999.9854125976562,999.9854125976562,999.9854125976562,999.9854125976562,1000.0009765625,999.9854125976562
152,999.9854125976562,999.9854125976562,999.9854125976562,999.9854125976562,999.9854125976562,999.9854125976562,1000.0,999.9854125976562,1000.0005493164062,1000.0009155273438,999.9854125976562,999.9854125976562,999.9854125976562,999.9854125976562,999.9854125976562,999.9854125976562,1000.0,999.9854125976562,999.9854125976562,999.9854125976562,999.9854125976562,999.9854125976562,1000.0,1000.0009155273438,999.9854125976562,999.9854125976562,999.9854125976562,999.9854125976562,999.9854125976562,999.9854125976562,999.9854125976562,999.993408203125,999.9854125976562,1000.0009155273438,999.9854125976562,999.9854736328124,1000.0732421875,999.9854125976562,999.9854125976562,999.9854125976562,999.9854125976562,999.9854125976562,999.9854125976562,999.9854125976562,999.9854125976562,1000.0009155273438,999.9854125976562,999.9969482421876,999.9854736328124,999.9854125976562,1000.0005493164062,999.9854125976562,1000.0005493164062,999.9854125976562,999.9854125976562,999.9854125976562,999.9854125976562,1000.0005493164062,999.9854125976562,999.9854125976562,999.9854125976562,999.9854125976562,1000.0,999.9854125976562,999.9854125976562,999.9854736328124,999.9854125976562,1000.0,999.9854125976562,1000.0079956054688,999.9854125976562,999.9854125976562,999.993408203125,1000.0245971679688,999.9854125976562,999.9854125976562,999.9854125976562,1000.0054321289062,999.9854125976562,999.9854125976562,999.9854125976562,999.9854125976562,999.9854125976562,1000.0,1000.0,1000.0,1000.0822143554688,999.9854125976562,999.9854125976562,999.9854125976562,999.9854125976562,999.9854125976562,999.9854125976562,1000.0,999.9854125976562,999.9854125976562,999.9854125976562,999.9854125976562,1000.0009765625,999.9854125976562
153,999.9854125976562,999.9854125976562,999.9854125976562,999.9854125976562,999.9854125976562,999.9854125976562,1000.0,999.9854125976562,1000.0005493164062,1000.0009155273438,999.9854125976562,999.9854125976562,999.9854125976562,999.9854125976562,999.9854125976562,999.9854125976562,1000.0,999.9854125976562,999.9854125976562,999.9854125976562,999.9854125976562,999.9854125976562,1000.0,1000.0009155273438,999.9854125976562,999.9854125976562,999.9854125976562,999.9854125976562,999.9854125976562,999.9854125976562,999.9854125976562,999.993408203125,999.9854125976562,1000.0009155273438,999.9854125976562,999.9854125976562,1000.0732421875,999.9854125976562,999.9854125976562,999.9854125976562,999.9854125976562,999.9854125976562,999.9854125976562,999.9854125976562,999.9854125976562,1000.0009155273438,999.9854125976562,999.9969482421876,999.9854736328124,999.9854125976562,1000.0005493164062,999.9854125976562,1000.0005493164062,999.9854125976562,999.9854125976562,999.9854125976562,999.9854125976562,1000.0005493164062,999.9854125976562,999.9854125976562,999.9854125976562,999.9854125976562,1000.0,999.9854125976562,999.9854125976562,999.9854125976562,999.9854125976562,1000.0,999.9854125976562,1000.0079956054688,999.9854125976562,999.9854125976562,999.993408203125,1000.0245971679688,999.9854125976562,999.9854125976562,999.9854125976562,1000.0053100585938,999.9854125976562,999.9854125976562,999.9854125976562,999.9854125976562,999.9854125976562,1000.0,1000.0,1000.0,1000.0822143554688,999.9854125976562,999.9854125976562,999.9854125976562,999.9854125976562,999.9854125976562,999.9854125976562,1000.0,999.9854125976562,999.9854125976562,999.9854125976562,999.9854125976562,1000.0009765625,999.9854125976562
154,999.9854125976562,999.9854125976562,999.9854125976562,999.9854125976562,999.9854125976562,999.9854125976562,1000.0,999.9854125976562,1000.0005493164062,1000.0009155273438,999.9854125976562,999.9854125976562,999.9854125976562,999.9854125976562,999.9854125976562,999.9854125976562,1000.0,999.9854125976562,999.9854125976562,999.9854125976562,999.9854125976562,999.9854125976562,1000.0,1000.0009155273438,999.9854125976562,999.9854125976562,999.9854125976562,999.9854125976562,999.9854125976562,999.9854125976562,999.9854125976562,999.993408203125,999.9854125976562,1000.0009155273438,999.9854125976562,999.9854125976562,1000.0732421875,999.9854125976562,999.9854125976562,999.9854125976562,999.9854125976562,999.9854125976562,999.9854125976562,999.9854125976562,999.9854125976562,1000.0009155273438,999.9854125976562,999.9969482421876,999.9854736328124,999.9854125976562,1000.0005493164062,999.9854125976562,1000.0005493164062,999.9854125976562,999.9854125976562,999.9854125976562,999.9854125976562,1000.0005493164062,999.9854125976562,999.9854125976562,999.9854125976562,999.9854125976562,1000.0,999.9854125976562,999.9854125976562,999.9854125976562,999.9854125976562,1000.0,999.9854125976562,1000.0079956054688,999.9854125976562,999.9854125976562,999.993408203125,1000.0245971679688,999.9854125976562,999.9854125976562,999.9854125976562,1000.0053100585938,999.9854125976562,999.9854125976562,999.9854125976562,999.9854125976562,999.9854125976562,1000.0,1000.0,1000.0,1000.0822143554688,999.9854125976562,999.9854125976562,999.9854125976562,999.9854125976562,999.9854125976562,999.9854125976562,1000.0,999.9854125976562,999.9854125976562,999.9854125976562,999.9854125976562,1000.0009765625,999.9854125976562
155,999.9854125976562,999.9854125976562,999.9854125976562,999.9854125976562,999.9854125976562,999.9854125976562,1000.0,999.9854125976562,1000.0005493164062,1000.0009155273438,999.9854125976562,999.9854125976562,999.9854125976562,999.9854125976562,999.9854125976562,999.9854125976562,1000.0,999.9854125976562,999.9854125976562,999.9854125976562,999.9854125976562,999.9854125976562,1000.0,1000.0009155273438,999.9854125976562,999.9854125976562,999.9854125976562,999.9854125976562,999.9854125976562,999.9854125976562,999.9854125976562,999.993408203125,999.9854125976562,1000.0009155273438,999.9854125976562,999.9854125976562,1000.0732421875,999.9854125976562,999.9854125976562,999.9854125976562,999.9854125976562,999.9854125976562,999.9854125976562,999.9854125976562,999.9854125976562,1000.0009155273438,999.9854125976562,999.9969482421876,999.9854736328124,999.9854125976562,1000.0005493164062,999.9854125976562,1000.0005493164062,999.9854125976562,999.9854125976562,999.9854125976562,999.9854125976562,1000.0005493164062,999.9854125976562,999.9854125976562,999.9854125976562,999.9854125976562,1000.0,999.9854125976562,999.9854125976562,999.9854125976562,999.9854125976562,1000.0,999.9854125976562,1000.0079956054688,999.9854125976562,999.9854125976562,999.993408203125,1000.0245971679688,999.9854125976562,999.9854125976562,999.9854125976562,1000.0053100585938,999.9854125976562,999.9854125976562,999.9854125976562,999.9854125976562,999.9854125976562,1000.0,1000.0,1000.0,1000.0822143554688,999.9854125976562,999.9854125976562,999.9854125976562,999.9854125976562,999.9854125976562,999.9854125976562,1000.0,999.9854125976562,999.9854125976562,999.9854125976562,999.9854125976562,1000.0009765625,999.9854125976562
156,999.9854125976562,999.9854125976562,999.9854125976562,999.9854125976562,999.9854125976562,999.9854125976562,1000.0,999.9854125976562,1000.0005493164062,1000.0009155273438,999.9854125976562,999.9854125976562,999.9854125976562,999.9854125976562,999.9854125976562,999.9854125976562,1000.0,999.9854125976562,999.9854125976562,999.9854125976562,999.9854125976562,999.9854125976562,1000.0,1000.0009155273438,999.9854125976562,999.9854125976562,999.9854125976562,999.9854125976562,999.9854125976562,999.9854125976562,999.9854125976562,999.993408203125,999.9854125976562,1000.0009155273438,999.9854125976562,999.9854125976562,1000.0732421875,999.9854125976562,999.9854125976562,999.9854125976562,999.9854125976562,999.9854125976562,999.9854125976562,999.9854125976562,999.9854125976562,1000.0009155273438,999.9854125976562,999.9969482421876,999.9854736328124,999.9854125976562,1000.0005493164062,999.9854125976562,1000.0005493164062,999.9854125976562,999.9854125976562,999.9854125976562,999.9854125976562,1000.0005493164062,999.9854125976562,999.9854125976562,999.9854125976562,999.9854125976562,1000.0,999.9854125976562,999.9854125976562,999.9854125976562,999.9854125976562,1000.0,999.9854125976562,1000.0079956054688,999.9854125976562,999.9854125976562,999.993408203125,1000.0245971679688,999.9854125976562,999.9854125976562,999.9854125976562,1000.0052490234376,999.9854125976562,999.9854125976562,999.9854125976562,999.9854125976562,999.9854125976562,1000.0,1000.0,1000.0,1000.0822143554688,999.9854125976562,999.9854125976562,999.9854125976562,999.9854125976562,999.9854125976562,999.9854125976562,1000.0,999.9854125976562,999.9854125976562,999.9854125976562,999.9854125976562,1000.0009765625,999.9854125976562
157,999.9854125976562,999.9854125976562,999.9854125976562,999.9854125976562,999.9854125976562,999.9854125976562,1000.0,999.9854125976562,1000.0005493164062,1000.0009155273438,999.9854125976562,999.9854125976562,999.9854125976562,999.9854125976562,999.9854125976562,999.9854125976562,1000.0,999.9854125976562,999.9854125976562,999.9854125976562,999.9854125976562,999.9854125976562,1000.0,1000.0009155273438,999.9854125976562,999.9854125976562,999.9854125976562,999.9854125976562,999.9854125976562,999.9854125976562,999.9854125976562,999.993408203125,999.9854125976562,1000.0009155273438,999.9854125976562,999.9854125976562,1000.0732421875,999.9854125976562,999.9854125976562,999.9854125976562,999.9854125976562,999.9854125976562,999.9854125976562,999.9854125976562,999.9854125976562,1000.0009155273438,999.9854125976562,999.9969482421876,999.9854736328124,999.9854125976562,1000.0005493164062,999.9854125976562,1000.0005493164062,999.9854125976562,999.9854125976562,999.9854125976562,999.9854125976562,1000.0005493164062,999.9854125976562,999.9854125976562,999.9854125976562,999.9854125976562,1000.0,999.9854125976562,999.9854125976562,999.9854125976562,999.9854125976562,1000.0,999.9854125976562,1000.0079956054688,999.9854125976562,999.9854125976562,999.993408203125,1000.0245971679688,999.9854125976562,999.9854125976562,999.9854125976562,1000.0052490234376,999.9854125976562,999.9854125976562,999.9854125976562,999.9854125976562,999.9854125976562,1000.0,1000.0,1000.0,1000.0822143554688,999.9854125976562,999.9854125976562,999.9854125976562,999.9854125976562,999.9854125976562,999.9854125976562,1000.0,999.9854125976562,999.9854125976562,999.9854125976562,999.9854125976562,1000.0009765625,999.9854125976562
158,999.9854125976562,999.9854125976562,999.9854125976562,999.9854125976562,999.9854125976562,999.9854125976562,1000.0,999.9854125976562,1000.0005493164062,1000.0009155273438,999.9854125976562,999.9854125976562,999.9854125976562,999.9854125976562,999.9854125976562,999.9854125976562,1000.0,999.9854125976562,999.9854125976562,999.9854125976562,999.9854125976562,999.9854125976562,1000.0,1000.0009155273438,999.9854125976562,999.9854125976562,999.9854125976562,999.9854125976562,999.9854125976562,999.9854125976562,999.9854125976562,999.993408203125,999.9854125976562,1000.0009155273438,999.9854125976562,999.9854125976562,1000.0732421875,999.9854125976562,999.9854125976562,999.9854125976562,999.9854125976562,999.9854125976562,999.9854125976562,999.9854125976562,999.9854125976562,1000.0009155273438,999.9854125976562,999.9969482421876,999.9854736328124,999.9854125976562,1000.0005493164062,999.9854125976562,1000.0005493164062,999.9854125976562,999.9854125976562,999.9854125976562,999.9854125976562,1000.0005493164062,999.9854125976562,999.9854125976562,999.9854125976562,999.9854125976562,1000.0,999.9854125976562,999.9854125976562,999.9854125976562,999.9854125976562,1000.0,999.9854125976562,1000.0079956054688,999.9854125976562,999.9854125976562,999.993408203125,1000.0245971679688,999.9854125976562,999.9854125976562,999.9854125976562,1000.0051879882812,999.9854125976562,999.9854125976562,999.9854125976562,999.9854125976562,999.9854125976562,1000.0,1000.0,1000.0,1000.0822143554688,999.9854125976562,999.9854125976562,999.9854125976562,999.9854125976562,999.9854125976562,999.9854125976562,1000.0,999.9854125976562,999.9854125976562,999.9854125976562,999.9854125976562,1000.0009765625,999.9854125976562
159,999.9854125976562,999.9854125976562,999.9854125976562,999.9854125976562,999.9854125976562,999.9854125976562,1000.0,999.9854125976562,1000.0005493164062,1000.0009155273438,999.9854125976562,999.9854125976562,999.9854125976562,999.9854125976562,999.9854125976562,999.9854125976562,1000.0,999.9854125976562,999.9854125976562,999.9854125976562,999.9854125976562,999.9854125976562,1000.0,1000.0009155273438,999.9854125976562,999.9854125976562,999.9854125976562,999.9854125976562,999.9854125976562,999.9854125976562,999.9854125976562,999.993408203125,999.9854125976562,1000.0009155273438,999.9854125976562,999.9854125976562,1000.0732421875,999.9854125976562,999.9854125976562,999.9854125976562,999.9854125976562,999.9854125976562,999.9854125976562,999.9854125976562,999.9854125976562,1000.0009155273438,999.9854125976562,999.9969482421876,999.9854736328124,999.9854125976562,1000.0005493164062,999.9854125976562,1000.0005493164062,999.9854125976562,999.9854125976562,999.9854125976562,999.9854125976562,1000.0005493164062,999.9854125976562,999.9854125976562,999.9854125976562,999.9854125976562,1000.0,999.9854125976562,999.9854125976562,999.9854125976562,999.9854125976562,1000.0,999.9854125976562,1000.0079956054688,999.9854125976562,999.9854125976562,999.993408203125,1000.0245971679688,999.9854125976562,999.9854125976562,999.9854125976562,1000.0051879882812,999.9854125976562,999.9854125976562,999.9854125976562,999.9854125976562,999.9854125976562,1000.0,1000.0,1000.0,1000.0822143554688,999.9854125976562,999.9854125976562,999.9854125976562,999.9854125976562,999.9854125976562,999.9854125976562,1000.0,999.9854125976562,999.9854125976562,999.9854125976562,999.9854125976562,1000.0009765625,999.9854125976562
160,999.9854125976562,999.9854125976562,999.9854125976562,999.9854125976562,999.9854125976562,999.9854125976562,1000.0,999.9854125976562,1000.0005493164062,1000.0009155273438,999.9854125976562,999.9854125976562,999.9854125976562,999.9854125976562,999.9854125976562,999.9854125976562,1000.0,999.9854125976562,999.9854125976562,999.9854125976562,999.9854125976562,999.9854125976562,1000.0,1000.0009155273438,999.9854125976562,999.9854125976562,999.9854125976562,999.9854125976562,999.9854125976562,999.9854125976562,999.9854125976562,999.993408203125,999.9854125976562,1000.0009155273438,999.9854125976562,999.9854125976562,1000.0732421875,999.9854125976562,999.9854125976562,999.9854125976562,999.9854125976562,999.9854125976562,999.9854125976562,999.9854125976562,999.9854125976562,1000.0009155273438,999.9854125976562,999.9969482421876,999.9854736328124,999.9854125976562,1000.0005493164062,999.9854125976562,1000.0005493164062,999.9854125976562,999.9854125976562,999.9854125976562,999.9854125976562,1000.0005493164062,999.9854125976562,999.9854125976562,999.9854125976562,999.9854125976562,1000.0,999.9854125976562,999.9854125976562,999.9854125976562,999.9854125976562,1000.0,999.9854125976562,1000.0079956054688,999.9854125976562,999.9854125976562,999.993408203125,1000.0245971679688,999.9854125976562,999.9854125976562,999.9854125976562,1000.005126953125,999.9854125976562,999.9854125976562,999.9854125976562,999.9854125976562,999.9854125976562,1000.0,1000.0,1000.0,1000.0822143554688,999.9854125976562,999.9854125976562,999.9854125976562,999.9854125976562,999.9854125976562,999.9854125976562,1000.0,999.9854125976562,999.9854125976562,999.9854125976562,999.9854125976562,1000.0009765625,999.9854125976562
161,999.9854125976562,999.9854125976562,999.9854125976562,999.9854125976562,999.9854125976562,999.9854125976562,1000.0,999.9854125976562,1000.0005493164062,1000.0009155273438,999.9854125976562,999.9854125976562,999.9854125976562,999.9854125976562,999.9854125976562,999.9854125976562,1000.0,999.9854125976562,999.9854125976562,999.9854125976562,999.9854125976562,999.9854125976562,1000.0,1000.0009155273438,999.9854125976562,999.9854125976562,999.9854125976562,999.9854125976562,999.9854125976562,999.9854125976562,999.9854125976562,999.993408203125,999.9854125976562,1000.0009155273438,999.9854125976562,999.9854125976562,1000.0732421875,999.9854125976562,999.9854125976562,999.9854125976562,999.9854125976562,999.9854125976562,999.9854125976562,999.9854125976562,999.9854125976562,1000.0009155273438,999.9854125976562,999.9969482421876,999.9854736328124,999.9854125976562,1000.0005493164062,999.9854125976562,1000.0005493164062,999.9854125976562,999.9854125976562,999.9854125976562,999.9854125976562,1000.0005493164062,999.9854125976562,999.9854125976562,999.9854125976562,999.9854125976562,1000.0,999.9854125976562,999.9854125976562,999.9854125976562,999.9854125976562,1000.0,999.9854125976562,1000.0079956054688,999.9854125976562,999.9854125976562,999.993408203125,1000.0245971679688,999.9854125976562,999.9854125976562,999.9854125976562,1000.005126953125,999.9854125976562,999.9854125976562,999.9854125976562,999.9854125976562,999.9854125976562,1000.0,1000.0,1000.0,1000.0822143554688,999.9854125976562,999.9854125976562,999.9854125976562,999.9854125976562,999.9854125976562,999.9854125976562,1000.0,999.9854125976562,999.9854125976562,999.9854125976562,999.9854125976562,1000.0009765625,999.9854125976562
162,999.9854125976562,999.9854125976562,999.9854125976562,999.9854125976562,999.9854125976562,999.9854125976562,1000.0,999.9854125976562,1000.0005493164062,1000.0009155273438,999.9854125976562,999.9854125976562,999.9854125976562,999.9854125976562,999.9854125976562,999.9854125976562,1000.0,999.9854125976562,999.9854125976562,999.9854125976562,999.9854125976562,999.9854125976562,1000.0,1000.0009155273438,999.9854125976562,999.9854125976562,999.9854125976562,999.9854125976562,999.9854125976562,999.9854125976562,999.9854125976562,999.993408203125,999.9854125976562,1000.0009155273438,999.9854125976562,999.9854125976562,1000.0732421875,999.9854125976562,999.9854125976562,999.9854125976562,999.9854125976562,999.9854125976562,999.9854125976562,999.9854125976562,999.9854125976562,1000.0009155273438,999.9854125976562,999.9969482421876,999.9854736328124,999.9854125976562,1000.0005493164062,999.9854125976562,1000.0005493164062,999.9854125976562,999.9854125976562,999.9854125976562,999.9854125976562,1000.0005493164062,999.9854125976562,999.9854125976562,999.9854125976562,999.9854125976562,1000.0,999.9854125976562,999.9854125976562,999.9854125976562,999.9854125976562,1000.0,999.9854125976562,1000.0079956054688,999.9854125976562,999.9854125976562,999.993408203125,1000.0245971679688,999.9854125976562,999.9854125976562,999.9854125976562,1000.005126953125,999.9854125976562,999.9854125976562,999.9854125976562,999.9854125976562,999.9854125976562,1000.0,1000.0,1000.0,1000.0822143554688,999.9854125976562,999.9854125976562,999.9854125976562,999.9854125976562,999.9854125976562,999.9854125976562,1000.0,999.9854125976562,999.9854125976562,999.9854125976562,999.9854125976562,1000.0009765625,999.9854125976562
163,999.9854125976562,999.9854125976562,999.9854125976562,999.9854125976562,999.9854125976562,999.9854125976562,1000.0,999.9854125976562,1000.0005493164062,1000.0009155273438,999.9854125976562,999.9854125976562,999.9854125976562,999.9854125976562,999.9854125976562,999.9854125976562,1000.0,999.9854125976562,999.9854125976562,999.9854125976562,999.9854125976562,999.9854125976562,1000.0,1000.0009155273438,999.9854125976562,999.9854125976562,999.9854125976562,999.9854125976562,999.9854125976562,999.9854125976562,999.9854125976562,999.993408203125,999.9854125976562,1000.0009155273438,999.9854125976562,999.9854125976562,1000.0732421875,999.9854125976562,999.9854125976562,999.9854125976562,999.9854125976562,999.9854125976562,999.9854125976562,999.9854125976562,999.9854125976562,1000.0009155273438,999.9854125976562,999.9969482421876,999.9854736328124,999.9854125976562,1000.0005493164062,999.9854125976562,1000.0005493164062,999.9854125976562,999.9854125976562,999.9854125976562,999.9854125976562,1000.0005493164062,999.9854125976562,999.9854125976562,999.9854125976562,999.9854125976562,1000.0,999.9854125976562,999.9854125976562,999.9854125976562,999.9854125976562,1000.0,999.9854125976562,1000.0079956054688,999.9854125976562,999.9854125976562,999.993408203125,1000.0245971679688,999.9854125976562,999.9854125976562,999.9854125976562,1000.005126953125,999.9854125976562,999.9854125976562,999.9854125976562,999.9854125976562,999.9854125976562,1000.0,1000.0,1000.0,1000.0822143554688,999.9854125976562,999.9854125976562,999.9854125976562,999.9854125976562,999.9854125976562,999.9854125976562,1000.0,999.9854125976562,999.9854125976562,999.9854125976562,999.9854125976562,1000.0009765625,999.9854125976562
164,999.9854125976562,999.9854125976562,999.9854125976562,999.9854125976562,999.9854125976562,999.9854125976562,1000.0,999.9854125976562,1000.0005493164062,1000.0009155273438,999.9854125976562,999.9854125976562,999.9854125976562,999.9854125976562,999.9854125976562,999.9854125976562,1000.0,999.9854125976562,999.9854125976562,999.9854125976562,999.9854125976562,999.9854125976562,1000.0,1000.0009155273438,999.9854125976562,999.9854125976562,999.9854125976562,999.9854125976562,999.9854125976562,999.9854125976562,999.9854125976562,999.993408203125,999.9854125976562,1000.0009155273438,999.9854125976562,999.9854125976562,1000.0732421875,999.9854125976562,999.9854125976562,999.9854125976562,999.9854125976562,999.9854125976562,999.9854125976562,999.9854125976562,999.9854125976562,1000.0009155273438,999.9854125976562,999.9969482421876,999.9854736328124,999.9854125976562,1000.0005493164062,999.9854125976562,1000.0005493164062,999.9854125976562,999.9854125976562,999.9854125976562,999.9854125976562,1000.0005493164062,999.9854125976562,999.9854125976562,999.9854125976562,999.9854125976562,1000.0,999.9854125976562,999.9854125976562,999.9854125976562,999.9854125976562,1000.0,999.9854125976562,1000.0079956054688,999.9854125976562,999.9854125976562,999.993408203125,1000.0245971679688,999.9854125976562,999.9854125976562,999.9854125976562,1000.005126953125,999.9854125976562,999.9854125976562,999.9854125976562,999.9854125976562,999.9854125976562,1000.0,1000.0,1000.0,1000.0822143554688,999.9854125976562,999.9854125976562,999.9854125976562,999.9854125976562,999.9854125976562,999.9854125976562,1000.0,999.9854125976562,999.9854125976562,999.9854125976562,999.9854125976562,1000.0009765625,999.9854125976562
165,999.9854125976562,999.9854125976562,999.9854125976562,999.9854125976562,999.9854125976562,999.9854125976562,1000.0,999.9854125976562,1000.0005493164062,1000.0009155273438,999.9854125976562,999.9854125976562,999.9854125976562,999.9854125976562,999.9854125976562,999.9854125976562,1000.0,999.9854125976562,999.9854125976562,999.9854125976562,999.9854125976562,999.9854125976562,1000.0,1000.0009155273438,999.9854125976562,999.9854125976562,999.9854125976562,999.9854125976562,999.9854125976562,999.9854125976562,999.9854125976562,999.993408203125,999.9854125976562,1000.0009155273438,999.9854125976562,999.9854125976562,1000.0732421875,999.9854125976562,999.9854125976562,999.9854125976562,999.9854125976562,999.9854125976562,999.9854125976562,999.9854125976562,999.9854125976562,1000.0009155273438,999.9854125976562,999.9969482421876,999.9854736328124,999.9854125976562,1000.0005493164062,999.9854125976562,1000.0005493164062,999.9854125976562,999.9854125976562,999.9854125976562,999.9854125976562,1000.0005493164062,999.9854125976562,999.9854125976562,999.9854125976562,999.9854125976562,1000.0,999.9854125976562,999.9854125976562,999.9854125976562,999.9854125976562,1000.0,999.9854125976562,1000.0079956054688,999.9854125976562,999.9854125976562,999.993408203125,1000.0245971679688,999.9854125976562,999.9854125976562,999.9854125976562,1000.005126953125,999.9854125976562,999.9854125976562,999.9854125976562,999.9854125976562,999.9854125976562,1000.0,1000.0,1000.0,1000.0822143554688,999.9854125976562,999.9854125976562,999.9854125976562,999.9854125976562,999.9854125976562,999.9854125976562,1000.0,999.9854125976562,999.9854125976562,999.9854125976562,999.9854125976562,1000.0009765625,999.9854125976562
166,999.9854125976562,999.9854125976562,999.9854125976562,999.9854125976562,999.9854125976562,999.9854125976562,1000.0,999.9854125976562,1000.0005493164062,1000.0009155273438,999.9854125976562,999.9854125976562,999.9854125976562,999.9854125976562,999.9854125976562,999.9854125976562,1000.0,999.9854125976562,999.9854125976562,999.9854125976562,999.9854125976562,999.9854125976562,1000.0,1000.0009155273438,999.9854125976562,999.9854125976562,999.9854125976562,999.9854125976562,999.9854125976562,999.9854125976562,999.9854125976562,999.993408203125,999.9854125976562,1000.0009155273438,999.9854125976562,999.9854125976562,1000.0732421875,999.9854125976562,999.9854125976562,999.9854125976562,999.9854125976562,999.9854125976562,999.9854125976562,999.9854125976562,999.9854125976562,1000.0009155273438,999.9854125976562,999.9969482421876,999.9854736328124,999.9854125976562,1000.0005493164062,999.9854125976562,1000.0005493164062,999.9854125976562,999.9854125976562,999.9854125976562,999.9854125976562,1000.0005493164062,999.9854125976562,999.9854125976562,999.9854125976562,999.9854125976562,1000.0,999.9854125976562,999.9854125976562,999.9854125976562,999.9854125976562,1000.0,999.9854125976562,1000.0079956054688,999.9854125976562,999.9854125976562,999.993408203125,1000.0245971679688,999.9854125976562,999.9854125976562,999.9854125976562,1000.0050659179688,999.9854125976562,999.9854125976562,999.9854125976562,999.9854125976562,999.9854125976562,1000.0,1000.0,1000.0,1000.0822143554688,999.9854125976562,999.9854125976562,999.9854125976562,999.9854125976562,999.9854125976562,999.9854125976562,1000.0,999.9854125976562,999.9854125976562,999.9854125976562,999.9854125976562,1000.0009765625,999.9854125976562
167,999.9854125976562,999.9854125976562,999.9854125976562,999.9854125976562,999.9854125976562,999.9854125976562,1000.0,999.9854125976562,1000.0005493164062,1000.0009155273438,999.9854125976562,999.9854125976562,999.9854125976562,999.9854125976562,999.9854125976562,999.9854125976562,1000.0,999.9854125976562,999.9854125976562,999.9854125976562,999.9854125976562,999.9854125976562,1000.0,1000.0009155273438,999.9854125976562,999.9854125976562,999.9854125976562,999.9854125976562,999.9854125976562,999.9854125976562,999.9854125976562,999.993408203125,999.9854125976562,1000.0009155273438,999.9854125976562,999.9854125976562,1000.0732421875,999.9854125976562,999.9854125976562,999.9854125976562,999.9854125976562,999.9854125976562,999.9854125976562,999.9854125976562,999.9854125976562,1000.0009155273438,999.9854125976562,999.9969482421876,999.9854736328124,999.9854125976562,1000.0005493164062,999.9854125976562,1000.0005493164062,999.9854125976562,999.9854125976562,999.9854125976562,999.9854125976562,1000.0005493164062,999.9854125976562,999.9854125976562,999.9854125976562,999.9854125976562,1000.0,999.9854125976562,999.9854125976562,999.9854125976562,999.9854125976562,1000.0,999.9854125976562,1000.0079956054688,999.9854125976562,999.9854125976562,999.993408203125,1000.0245971679688,999.9854125976562,999.9854125976562,999.9854125976562,1000.0050659179688,999.9854125976562,999.9854125976562,999.9854125976562,999.9854125976562,999.9854125976562,1000.0,1000.0,1000.0,1000.0822143554688,999.9854125976562,999.9854125976562,999.9854125976562,999.9854125976562,999.9854125976562,999.9854125976562,1000.0,999.9854125976562,999.9854125976562,999.9854125976562,999.9854125976562,1000.0009765625,999.9854125976562
168,999.9854125976562,999.9854125976562,999.9854125976562,999.9854125976562,999.9854125976562,999.9854125976562,1000.0,999.9854125976562,1000.0005493164062,1000.0009155273438,999.9854125976562,999.9854125976562,999.9854125976562,999.9854125976562,999.9854125976562,999.9854125976562,1000.0,999.9854125976562,999.9854125976562,999.9854125976562,999.9854125976562,999.9854125976562,1000.0,1000.0009155273438,999.9854125976562,999.9854125976562,999.9854125976562,999.9854125976562,999.9854125976562,999.9854125976562,999.9854125976562,999.993408203125,999.9854125976562,1000.0009155273438,999.9854125976562,999.9854125976562,1000.0732421875,999.9854125976562,999.9854125976562,999.9854125976562,999.9854125976562,999.9854125976562,999.9854125976562,999.9854125976562,999.9854125976562,1000.0009155273438,999.9854125976562,999.9969482421876,999.9854736328124,999.9854125976562,1000.0005493164062,999.9854125976562,1000.0005493164062,999.9854125976562,999.9854125976562,999.9854125976562,999.9854125976562,1000.0005493164062,999.9854125976562,999.9854125976562,999.9854125976562,999.9854125976562,1000.0,999.9854125976562,999.9854125976562,999.9854125976562,999.9854125976562,1000.0,999.9854125976562,1000.0079956054688,999.9854125976562,999.9854125976562,999.993408203125,1000.0245971679688,999.9854125976562,999.9854125976562,999.9854125976562,1000.0050659179688,999.9854125976562,999.9854125976562,999.9854125976562,999.9854125976562,999.9854125976562,1000.0,1000.0,1000.0,1000.0822143554688,999.9854125976562,999.9854125976562,999.9854125976562,999.9854125976562,999.9854125976562,999.9854125976562,1000.0,999.9854125976562,999.9854125976562,999.9854125976562,999.9854125976562,1000.0009765625,999.9854125976562
169,999.9854125976562,999.9854125976562,999.9854125976562,999.9854125976562,999.9854125976562,999.9854125976562,1000.0,999.9854125976562,1000.0005493164062,1000.0009155273438,999.9854125976562,999.9854125976562,999.9854125976562,999.9854125976562,999.9854125976562,999.9854125976562,1000.0,999.9854125976562,999.9854125976562,999.9854125976562,999.9854125976562,999.9854125976562,1000.0,1000.0009155273438,999.9854125976562,999.9854125976562,999.9854125976562,999.9854125976562,999.9854125976562,999.9854125976562,999.9854125976562,999.993408203125,999.9854125976562,1000.0009155273438,999.9854125976562,999.9854125976562,1000.0732421875,999.9854125976562,999.9854125976562,999.9854125976562,999.9854125976562,999.9854125976562,999.9854125976562,999.9854125976562,999.9854125976562,1000.0009155273438,999.9854125976562,999.9969482421876,999.9854736328124,999.9854125976562,1000.0005493164062,999.9854125976562,1000.0005493164062,999.9854125976562,999.9854125976562,999.9854125976562,999.9854125976562,1000.0005493164062,999.9854125976562,999.9854125976562,999.9854125976562,999.9854125976562,1000.0,999.9854125976562,999.9854125976562,999.9854125976562,999.9854125976562,1000.0,999.9854125976562,1000.0079956054688,999.9854125976562,999.9854125976562,999.993408203125,1000.0245971679688,999.9854125976562,999.9854125976562,999.9854125976562,1000.0050659179688,999.9854125976562,999.9854125976562,999.9854125976562,999.9854125976562,999.9854125976562,1000.0,1000.0,1000.0,1000.0822143554688,999.9854125976562,999.9854125976562,999.9854125976562,999.9854125976562,999.9854125976562,999.9854125976562,1000.0,999.9854125976562,999.9854125976562,999.9854125976562,999.9854125976562,1000.0009765625,999.9854125976562
170,999.9854125976562,999.9854125976562,999.9854125976562,999.9854125976562,999.9854125976562,999.9854125976562,1000.0,999.9854125976562,1000.0005493164062,1000.0009155273438,999.9854125976562,999.9854125976562,999.9854125976562,999.9854125976562,999.9854125976562,999.9854125976562,1000.0,999.9854125976562,999.9854125976562,999.9854125976562,999.9854125976562,999.9854125976562,1000.0,1000.0009155273438,999.9854125976562,999.9854125976562,999.9854125976562,999.9854125976562,999.9854125976562,999.9854125976562,999.9854125976562,999.993408203125,999.9854125976562,1000.0009155273438,999.9854125976562,999.9854125976562,1000.0732421875,999.9854125976562,999.9854125976562,999.9854125976562,999.9854125976562,999.9854125976562,999.9854125976562,999.9854125976562,999.9854125976562,1000.0009155273438,999.9854125976562,999.9969482421876,999.9854736328124,999.9854125976562,1000.0005493164062,999.9854125976562,1000.0005493164062,999.9854125976562,999.9854125976562,999.9854125976562,999.9854125976562,1000.0005493164062,999.9854125976562,999.9854125976562,999.9854125976562,999.9854125976562,1000.0,999.9854125976562,999.9854125976562,999.9854125976562,999.9854125976562,1000.0,999.9854125976562,1000.0079956054688,999.9854125976562,999.9854125976562,999.993408203125,1000.0245971679688,999.9854125976562,999.9854125976562,999.9854125976562,1000.0050659179688,999.9854125976562,999.9854125976562,999.9854125976562,999.9854125976562,999.9854125976562,1000.0,1000.0,1000.0,1000.0822143554688,999.9854125976562,999.9854125976562,999.9854125976562,999.9854125976562,999.9854125976562,999.9854125976562,1000.0,999.9854125976562,999.9854125976562,999.9854125976562,999.9854125976562,1000.0009765625,999.9854125976562
171,999.9854125976562,999.9854125976562,999.9854125976562,999.9854125976562,999.9854125976562,999.9854125976562,1000.0,999.9854125976562,1000.0005493164062,1000.0009155273438,999.9854125976562,999.9854125976562,999.9854125976562,999.9854125976562,999.9854125976562,999.9854125976562,1000.0,999.9854125976562,999.9854125976562,999.9854125976562,999.9854125976562,999.9854125976562,1000.0,1000.0009155273438,999.9854125976562,999.9854125976562,999.9854125976562,999.9854125976562,999.9854125976562,999.9854125976562,999.9854125976562,999.993408203125,999.9854125976562,1000.0009155273438,999.9854125976562,999.9854125976562,1000.0732421875,999.9854125976562,999.9854125976562,999.9854125976562,999.9854125976562,999.9854125976562,999.9854125976562,999.9854125976562,999.9854125976562,1000.0009155273438,999.9854125976562,999.9969482421876,999.9854736328124,999.9854125976562,1000.0005493164062,999.9854125976562,1000.0005493164062,999.9854125976562,999.9854125976562,999.9854125976562,999.9854125976562,1000.0005493164062,999.9854125976562,999.9854125976562,999.9854125976562,999.9854125976562,1000.0,999.9854125976562,999.9854125976562,999.9854125976562,999.9854125976562,1000.0,999.9854125976562,1000.0079956054688,999.9854125976562,999.9854125976562,999.993408203125,1000.0245971679688,999.9854125976562,999.9854125976562,999.9854125976562,1000.0050659179688,999.9854125976562,999.9854125976562,999.9854125976562,999.9854125976562,999.9854125976562,1000.0,1000.0,1000.0,1000.0822143554688,999.9854125976562,999.9854125976562,999.9854125976562,999.9854125976562,999.9854125976562,999.9854125976562,1000.0,999.9854125976562,999.9854125976562,999.9854125976562,999.9854125976562,1000.0009765625,999.9854125976562
172,999.9854125976562,999.9854125976562,999.9854125976562,999.9854125976562,999.9854125976562,999.9854125976562,1000.0,999.9854125976562,1000.0005493164062,1000.0009155273438,999.9854125976562,999.9854125976562,999.9854125976562,999.9854125976562,999.9854125976562,999.9854125976562,1000.0,999.9854125976562,999.9854125976562,999.9854125976562,999.9854125976562,999.9854125976562,1000.0,1000.0009155273438,999.9854125976562,999.9854125976562,999.9854125976562,999.9854125976562,999.9854125976562,999.9854125976562,999.9854125976562,999.993408203125,999.9854125976562,1000.0009155273438,999.9854125976562,999.9854125976562,1000.0732421875,999.9854125976562,999.9854125976562,999.9854125976562,999.9854125976562,999.9854125976562,999.9854125976562,999.9854125976562,999.9854125976562,1000.0009155273438,999.9854125976562,999.9969482421876,999.9854736328124,999.9854125976562,1000.0005493164062,999.9854125976562,1000.0005493164062,999.9854125976562,999.9854125976562,999.9854125976562,999.9854125976562,1000.0005493164062,999.9854125976562,999.9854125976562,999.9854125976562,999.9854125976562,1000.0,999.9854125976562,999.9854125976562,999.9854125976562,999.9854125976562,1000.0,999.9854125976562,1000.0079956054688,999.9854125976562,999.9854125976562,999.993408203125,1000.0245971679688,999.9854125976562,999.9854125976562,999.9854125976562,1000.0050659179688,999.9854125976562,999.9854125976562,999.9854125976562,999.9854125976562,999.9854125976562,1000.0,1000.0,1000.0,1000.0822143554688,999.9854125976562,999.9854125976562,999.9854125976562,999.9854125976562,999.9854125976562,999.9854125976562,1000.0,999.9854125976562,999.9854125976562,999.9854125976562,999.9854125976562,1000.0009765625,999.9854125976562
173,999.9854125976562,999.9854125976562,999.9854125976562,999.9854125976562,999.9854125976562,999.9854125976562,1000.0,999.9854125976562,1000.0005493164062,1000.0009155273438,999.9854125976562,999.9854125976562,999.9854125976562,999.9854125976562,999.9854125976562,999.9854125976562,1000.0,999.9854125976562,999.9854125976562,999.9854125976562,999.9854125976562,999.9854125976562,1000.0,1000.0009155273438,999.9854125976562,999.9854125976562,999.9854125976562,999.9854125976562,999.9854125976562,999.9854125976562,999.9854125976562,999.993408203125,999.9854125976562,1000.0009155273438,999.9854125976562,999.9854125976562,1000.0732421875,999.9854125976562,999.9854125976562,999.9854125976562,999.9854125976562,999.9854125976562,999.9854125976562,999.9854125976562,999.9854125976562,1000.0009155273438,999.9854125976562,999.9969482421876,999.9854736328124,999.9854125976562,1000.0005493164062,999.9854125976562,1000.0005493164062,999.9854125976562,999.9854125976562,999.9854125976562,999.9854125976562,1000.0005493164062,999.9854125976562,999.9854125976562,999.9854125976562,999.9854125976562,1000.0,999.9854125976562,999.9854125976562,999.9854125976562,999.9854125976562,1000.0,999.9854125976562,1000.0079956054688,999.9854125976562,999.9854125976562,999.993408203125,1000.0245971679688,999.9854125976562,999.9854125976562,999.9854125976562,1000.0050659179688,999.9854125976562,999.9854125976562,999.9854125976562,999.9854125976562,999.9854125976562,1000.0,1000.0,1000.0,1000.0822143554688,999.9854125976562,999.9854125976562,999.9854125976562,999.9854125976562,999.9854125976562,999.9854125976562,1000.0,999.9854125976562,999.9854125976562,999.9854125976562,999.9854125976562,1000.0009765625,999.9854125976562
174,999.9854125976562,999.9854125976562,999.9854125976562,999.9854125976562,999.9854125976562,999.9854125976562,1000.0,999.9854125976562,1000.0005493164062,1000.0009155273438,999.9854125976562,999.9854125976562,999.9854125976562,999.9854125976562,999.9854125976562,999.9854125976562,1000.0,999.9854125976562,999.9854125976562,999.9854125976562,999.9854125976562,999.9854125976562,1000.0,1000.0009155273438,999.9854125976562,999.9854125976562,999.9854125976562,999.9854125976562,999.9854125976562,999.9854125976562,999.9854125976562,999.993408203125,999.9854125976562,1000.0009155273438,999.9854125976562,999.9854125976562,1000.0732421875,999.9854125976562,999.9854125976562,999.9854125976562,999.9854125976562,999.9854125976562,999.9854125976562,999.9854125976562,999.9854125976562,1000.0009155273438,999.9854125976562,999.9969482421876,999.9854736328124,999.9854125976562,1000.0005493164062,999.9854125976562,1000.0005493164062,999.9854125976562,999.9854125976562,999.9854125976562,999.9854125976562,1000.0005493164062,999.9854125976562,999.9854125976562,999.9854125976562,999.9854125976562,1000.0,999.9854125976562,999.9854125976562,999.9854125976562,999.9854125976562,1000.0,999.9854125976562,1000.0079956054688,999.9854125976562,999.9854125976562,999.993408203125,1000.0245971679688,999.9854125976562,999.9854125976562,999.9854125976562,1000.0050659179688,999.9854125976562,999.9854125976562,999.9854125976562,999.9854125976562,999.9854125976562,1000.0,1000.0,1000.0,1000.0822143554688,999.9854125976562,999.9854125976562,999.9854125976562,999.9854125976562,999.9854125976562,999.9854125976562,1000.0,999.9854125976562,999.9854125976562,999.9854125976562,999.9854125976562,1000.0009765625,999.9854125976562
175,999.9854125976562,999.9854125976562,999.9854125976562,999.9854125976562,999.9854125976562,999.9854125976562,1000.0,999.9854125976562,1000.0005493164062,1000.0009155273438,999.9854125976562,999.9854125976562,999.9854125976562,999.9854125976562,999.9854125976562,999.9854125976562,1000.0,999.9854125976562,999.9854125976562,999.9854125976562,999.9854125976562,999.9854125976562,1000.0,1000.0009155273438,999.9854125976562,999.9854125976562,999.9854125976562,999.9854125976562,999.9854125976562,999.9854125976562,999.9854125976562,999.993408203125,999.9854125976562,1000.0009155273438,999.9854125976562,999.9854125976562,1000.0732421875,999.9854125976562,999.9854125976562,999.9854125976562,999.9854125976562,999.9854125976562,999.9854125976562,999.9854125976562,999.9854125976562,1000.0009155273438,999.9854125976562,999.9969482421876,999.9854736328124,999.9854125976562,1000.0005493164062,999.9854125976562,1000.0005493164062,999.9854125976562,999.9854125976562,999.9854125976562,999.9854125976562,1000.0005493164062,999.9854125976562,999.9854125976562,999.9854125976562,999.9854125976562,1000.0,999.9854125976562,999.9854125976562,999.9854125976562,999.9854125976562,1000.0,999.9854125976562,1000.0079956054688,999.9854125976562,999.9854125976562,999.993408203125,1000.0245971679688,999.9854125976562,999.9854125976562,999.9854125976562,1000.0050659179688,999.9854125976562,999.9854125976562,999.9854125976562,999.9854125976562,999.9854125976562,1000.0,1000.0,1000.0,1000.0822143554688,999.9854125976562,999.9854125976562,999.9854125976562,999.9854125976562,999.9854125976562,999.9854125976562,1000.0,999.9854125976562,999.9854125976562,999.9854125976562,999.9854125976562,1000.0009765625,999.9854125976562
176,999.9854125976562,999.9854125976562,999.9854125976562,999.9854125976562,999.9854125976562,999.9854125976562,1000.0,999.9854125976562,1000.0005493164062,1000.0009155273438,999.9854125976562,999.9854125976562,999.9854125976562,999.9854125976562,999.9854125976562,999.9854125976562,1000.0,999.9854125976562,999.9854125976562,999.9854125976562,999.9854125976562,999.9854125976562,1000.0,1000.0009155273438,999.9854125976562,999.9854125976562,999.9854125976562,999.9854125976562,999.9854125976562,999.9854125976562,999.9854125976562,999.993408203125,999.9854125976562,1000.0009155273438,999.9854125976562,999.9854125976562,1000.0732421875,999.9854125976562,999.9854125976562,999.9854125976562,999.9854125976562,999.9854125976562,999.9854125976562,999.9854125976562,999.9854125976562,1000.0009155273438,999.9854125976562,999.9969482421876,999.9854736328124,999.9854125976562,1000.0005493164062,999.9854125976562,1000.0005493164062,999.9854125976562,999.9854125976562,999.9854125976562,999.9854125976562,1000.0005493164062,999.9854125976562,999.9854125976562,999.9854125976562,999.9854125976562,1000.0,999.9854125976562,999.9854125976562,999.9854125976562,999.9854125976562,1000.0,999.9854125976562,1000.0079956054688,999.9854125976562,999.9854125976562,999.993408203125,1000.0245971679688,999.9854125976562,999.9854125976562,999.9854125976562,1000.0050048828124,999.9854125976562,999.9854125976562,999.9854125976562,999.9854125976562,999.9854125976562,1000.0,1000.0,1000.0,1000.0822143554688,999.9854125976562,999.9854125976562,999.9854125976562,999.9854125976562,999.9854125976562,999.9854125976562,1000.0,999.9854125976562,999.9854125976562,999.9854125976562,999.9854125976562,1000.0009765625,999.9854125976562
177,999.9854125976562,999.9854125976562,999.9854125976562,999.9854125976562,999.9854125976562,999.9854125976562,1000.0,999.9854125976562,1000.0005493164062,1000.0009155273438,999.9854125976562,999.9854125976562,999.9854125976562,999.9854125976562,999.9854125976562,999.9854125976562,1000.0,999.9854125976562,999.9854125976562,999.9854125976562,999.9854125976562,999.9854125976562,1000.0,1000.0009155273438,999.9854125976562,999.9854125976562,999.9854125976562,999.9854125976562,999.9854125976562,999.9854125976562,999.9854125976562,999.993408203125,999.9854125976562,1000.0009155273438,999.9854125976562,999.9854125976562,1000.0732421875,999.9854125976562,999.9854125976562,999.9854125976562,999.9854125976562,999.9854125976562,999.9854125976562,999.9854125976562,999.9854125976562,1000.0009155273438,999.9854125976562,999.9969482421876,999.9854736328124,999.9854125976562,1000.0005493164062,999.9854125976562,1000.0005493164062,999.9854125976562,999.9854125976562,999.9854125976562,999.9854125976562,1000.0005493164062,999.9854125976562,999.9854125976562,999.9854125976562,999.9854125976562,1000.0,999.9854125976562,999.9854125976562,999.9854125976562,999.9854125976562,1000.0,999.9854125976562,1000.0079956054688,999.9854125976562,999.9854125976562,999.993408203125,1000.0245971679688,999.9854125976562,999.9854125976562,999.9854125976562,1000.0050659179688,999.9854125976562,999.9854125976562,999.9854125976562,999.9854125976562,999.9854125976562,1000.0,1000.0,1000.0,1000.0822143554688,999.9854125976562,999.9854125976562,999.9854125976562,999.9854125976562,999.9854125976562,999.9854125976562,1000.0,999.9854125976562,999.9854125976562,999.9854125976562,999.9854125976562,1000.0009765625,999.9854125976562
178,999.9854125976562,999.9854125976562,999.9854125976562,999.9854125976562,999.9854125976562,999.9854125976562,1000.0,999.9854125976562,1000.0005493164062,1000.0009155273438,999.9854125976562,999.9854125976562,999.9854125976562,999.9854125976562,999.9854125976562,999.9854125976562,1000.0,999.9854125976562,999.9854125976562,999.9854125976562,999.9854125976562,999.9854125976562,1000.0,1000.0009155273438,999.9854125976562,999.9854125976562,999.9854125976562,999.9854125976562,999.9854125976562,999.9854125976562,999.9854125976562,999.993408203125,999.9854125976562,1000.0009155273438,999.9854125976562,999.9854125976562,1000.0732421875,999.9854125976562,999.9854125976562,999.9854125976562,999.9854125976562,999.9854125976562,999.9854125976562,999.9854125976562,999.9854125976562,1000.0009155273438,999.9854125976562,999.9969482421876,999.9854736328124,999.9854125976562,1000.0005493164062,999.9854125976562,1000.0005493164062,999.9854125976562,999.9854125976562,999.9854125976562,999.9854125976562,1000.0005493164062,999.9854125976562,999.9854125976562,999.9854125976562,999.9854125976562,1000.0,999.9854125976562,999.9854125976562,999.9854125976562,999.9854125976562,1000.0,999.9854125976562,1000.0079956054688,999.9854125976562,999.9854125976562,999.993408203125,1000.0245971679688,999.9854125976562,999.9854125976562,999.9854125976562,1000.0050048828124,999.9854125976562,999.9854125976562,999.9854125976562,999.9854125976562,999.9854125976562,1000.0,1000.0,1000.0,1000.0822143554688,999.9854125976562,999.9854125976562,999.9854125976562,999.9854125976562,999.9854125976562,999.9854125976562,1000.0,999.9854125976562,999.9854125976562,999.9854125976562,999.9854125976562,1000.0009765625,999.9854125976562
179,999.9854125976562,999.9854125976562,999.9854125976562,999.9854125976562,999.9854125976562,999.9854125976562,1000.0,999.9854125976562,1000.0005493164062,1000.0009155273438,999.9854125976562,999.9854125976562,999.9854125976562,999.9854125976562,999.9854125976562,999.9854125976562,1000.0,999.9854125976562,999.9854125976562,999.9854125976562,999.9854125976562,999.9854125976562,1000.0,1000.0009155273438,999.9854125976562,999.9854125976562,999.9854125976562,999.9854125976562,999.9854125976562,999.9854125976562,999.9854125976562,999.993408203125,999.9854125976562,1000.0009155273438,999.9854125976562,999.9854125976562,1000.0732421875,999.9854125976562,999.9854125976562,999.9854125976562,999.9854125976562,999.9854125976562,999.9854125976562,999.9854125976562,999.9854125976562,1000.0009155273438,999.9854125976562,999.9969482421876,999.9854736328124,999.9854125976562,1000.0005493164062,999.9854125976562,1000.0005493164062,999.9854125976562,999.9854125976562,999.9854125976562,999.9854125976562,1000.0005493164062,999.9854125976562,999.9854125976562,999.9854125976562,999.9854125976562,1000.0,999.9854125976562,999.9854125976562,999.9854125976562,999.9854125976562,1000.0,999.9854125976562,1000.0079956054688,999.9854125976562,999.9854125976562,999.993408203125,1000.0245971679688,999.9854125976562,999.9854125976562,999.9854125976562,1000.0050048828124,999.9854125976562,999.9854125976562,999.9854125976562,999.9854125976562,999.9854125976562,1000.0,1000.0,1000.0,1000.0822143554688,999.9854125976562,999.9854125976562,999.9854125976562,999.9854125976562,999.9854125976562,999.9854125976562,1000.0,999.9854125976562,999.9854125976562,999.9854125976562,999.9854125976562,1000.0009765625,999.9854125976562
180,999.9854125976562,999.9854125976562,999.9854125976562,999.9854125976562,999.9854125976562,999.9854125976562,1000.0,999.9854125976562,1000.0005493164062,1000.0009155273438,999.9854125976562,999.9854125976562,999.9854125976562,999.9854125976562,999.9854125976562,999.9854125976562,1000.0,999.9854125976562,999.9854125976562,999.9854125976562,999.9854125976562,999.9854125976562,1000.0,1000.0009155273438,999.9854125976562,999.9854125976562,999.9854125976562,999.9854125976562,999.9854125976562,999.9854125976562,999.9854125976562,999.993408203125,999.9854125976562,1000.0009155273438,999.9854125976562,999.9854125976562,1000.0732421875,999.9854125976562,999.9854125976562,999.9854125976562,999.9854125976562,999.9854125976562,999.9854125976562,999.9854125976562,999.9854125976562,1000.0009155273438,999.9854125976562,999.9969482421876,999.9854736328124,999.9854125976562,1000.0005493164062,999.9854125976562,1000.0005493164062,999.9854125976562,999.9854125976562,999.9854125976562,999.9854125976562,1000.0005493164062,999.9854125976562,999.9854125976562,999.9854125976562,999.9854125976562,1000.0,999.9854125976562,999.9854125976562,999.9854125976562,999.9854125976562,1000.0,999.9854125976562,1000.0079956054688,999.9854125976562,999.9854125976562,999.993408203125,1000.0245971679688,999.9854125976562,999.9854125976562,999.9854125976562,1000.0050048828124,999.9854125976562,999.9854125976562,999.9854125976562,999.9854125976562,999.9854125976562,1000.0,1000.0,1000.0,1000.0822143554688,999.9854125976562,999.9854125976562,999.9854125976562,999.9854125976562,999.9854125976562,999.9854125976562,1000.0,999.9854125976562,999.9854125976562,999.9854125976562,999.9854125976562,1000.0009765625,999.9854125976562
181,999.9854125976562,999.9854125976562,999.9854125976562,999.9854125976562,999.9854125976562,999.9854125976562,1000.0,999.9854125976562,1000.0005493164062,1000.0009155273438,999.9854125976562,999.9854125976562,999.9854125976562,999.9854125976562,999.9854125976562,999.9854125976562,1000.0,999.9854125976562,999.9854125976562,999.9854125976562,999.9854125976562,999.9854125976562,1000.0,1000.0009155273438,999.9854125976562,999.9854125976562,999.9854125976562,999.9854125976562,999.9854125976562,999.9854125976562,999.9854125976562,999.993408203125,999.9854125976562,1000.0009155273438,999.9854125976562,999.9854125976562,1000.0732421875,999.9854125976562,999.9854125976562,999.9854125976562,999.9854125976562,999.9854125976562,999.9854125976562,999.9854125976562,999.9854125976562,1000.0009155273438,999.9854125976562,999.9969482421876,999.9854736328124,999.9854125976562,1000.0005493164062,999.9854125976562,1000.0005493164062,999.9854125976562,999.9854125976562,999.9854125976562,999.9854125976562,1000.0005493164062,999.9854125976562,999.9854125976562,999.9854125976562,999.9854125976562,1000.0,999.9854125976562,999.9854125976562,999.9854125976562,999.9854125976562,1000.0,999.9854125976562,1000.0079956054688,999.9854125976562,999.9854125976562,999.993408203125,1000.0245971679688,999.9854125976562,999.9854125976562,999.9854125976562,1000.0050048828124,999.9854125976562,999.9854125976562,999.9854125976562,999.9854125976562,999.9854125976562,1000.0,1000.0,1000.0,1000.0822143554688,999.9854125976562,999.9854125976562,999.9854125976562,999.9854125976562,999.9854125976562,999.9854125976562,1000.0,999.9854125976562,999.9854125976562,999.9854125976562,999.9854125976562,1000.0009765625,999.9854125976562
182,999.9854125976562,999.9854125976562,999.9854125976562,999.9854125976562,999.9854125976562,999.9854125976562,1000.0,999.9854125976562,1000.0005493164062,1000.0009155273438,999.9854125976562,999.9854125976562,999.9854125976562,999.9854125976562,999.9854125976562,999.9854125976562,1000.0,999.9854125976562,999.9854125976562,999.9854125976562,999.9854125976562,999.9854125976562,1000.0,1000.0009155273438,999.9854125976562,999.9854125976562,999.9854125976562,999.9854125976562,999.9854125976562,999.9854125976562,999.9854125976562,999.993408203125,999.9854125976562,1000.0009155273438,999.9854125976562,999.9854125976562,1000.0732421875,999.9854125976562,999.9854125976562,999.9854125976562,999.9854125976562,999.9854125976562,999.9854125976562,999.9854125976562,999.9854125976562,1000.0009155273438,999.9854125976562,999.9969482421876,999.9854736328124,999.9854125976562,1000.0005493164062,999.9854125976562,1000.0005493164062,999.9854125976562,999.9854125976562,999.9854125976562,999.9854125976562,1000.0005493164062,999.9854125976562,999.9854125976562,999.9854125976562,999.9854125976562,1000.0,999.9854125976562,999.9854125976562,999.9854125976562,999.9854125976562,1000.0,999.9854125976562,1000.0079956054688,999.9854125976562,999.9854125976562,999.993408203125,1000.0245971679688,999.9854125976562,999.9854125976562,999.9854125976562,1000.0050048828124,999.9854125976562,999.9854125976562,999.9854125976562,999.9854125976562,999.9854125976562,1000.0,1000.0,1000.0,1000.0822143554688,999.9854125976562,999.9854125976562,999.9854125976562,999.9854125976562,999.9854125976562,999.9854125976562,1000.0,999.9854125976562,999.9854125976562,999.9854125976562,999.9854125976562,1000.0009765625,999.9854125976562
183,999.9854125976562,999.9854125976562,999.9854125976562,999.9854125976562,999.9854125976562,999.9854125976562,1000.0,999.9854125976562,1000.0005493164062,1000.0009155273438,999.9854125976562,999.9854125976562,999.9854125976562,999.9854125976562,999.9854125976562,999.9854125976562,1000.0,999.9854125976562,999.9854125976562,999.9854125976562,999.9854125976562,999.9854125976562,1000.0,1000.0009155273438,999.9854125976562,999.9854125976562,999.9854125976562,999.9854125976562,999.9854125976562,999.9854125976562,999.9854125976562,999.993408203125,999.9854125976562,1000.0009155273438,999.9854125976562,999.9854125976562,1000.0732421875,999.9854125976562,999.9854125976562,999.9854125976562,999.9854125976562,999.9854125976562,999.9854125976562,999.9854125976562,999.9854125976562,1000.0009155273438,999.9854125976562,999.9969482421876,999.9854736328124,999.9854125976562,1000.0005493164062,999.9854125976562,1000.0005493164062,999.9854125976562,999.9854125976562,999.9854125976562,999.9854125976562,1000.0005493164062,999.9854125976562,999.9854125976562,999.9854125976562,999.9854125976562,1000.0,999.9854125976562,999.9854125976562,999.9854125976562,999.9854125976562,1000.0,999.9854125976562,1000.0079956054688,999.9854125976562,999.9854125976562,999.993408203125,1000.0245971679688,999.9854125976562,999.9854125976562,999.9854125976562,1000.0050048828124,999.9854125976562,999.9854125976562,999.9854125976562,999.9854125976562,999.9854125976562,1000.0,1000.0,1000.0,1000.0822143554688,999.9854125976562,999.9854125976562,999.9854125976562,999.9854125976562,999.9854125976562,999.9854125976562,1000.0,999.9854125976562,999.9854125976562,999.9854125976562,999.9854125976562,1000.0009765625,999.9854125976562
184,999.9854125976562,999.9854125976562,999.9854125976562,999.9854125976562,999.9854125976562,999.9854125976562,1000.0,999.9854125976562,1000.0005493164062,1000.0009155273438,999.9854125976562,999.9854125976562,999.9854125976562,999.9854125976562,999.9854125976562,999.9854125976562,1000.0,999.9854125976562,999.9854125976562,999.9854125976562,999.9854125976562,999.9854125976562,1000.0,1000.0009155273438,999.9854125976562,999.9854125976562,999.9854125976562,999.9854125976562,999.9854125976562,999.9854125976562,999.9854125976562,999.993408203125,999.9854125976562,1000.0009155273438,999.9854125976562,999.9854125976562,1000.0732421875,999.9854125976562,999.9854125976562,999.9854125976562,999.9854125976562,999.9854125976562,999.9854125976562,999.9854125976562,999.9854125976562,1000.0009155273438,999.9854125976562,999.9969482421876,999.9854736328124,999.9854125976562,1000.0005493164062,999.9854125976562,1000.0005493164062,999.9854125976562,999.9854125976562,999.9854125976562,999.9854125976562,1000.0005493164062,999.9854125976562,999.9854125976562,999.9854125976562,999.9854125976562,1000.0,999.9854125976562,999.9854125976562,999.9854125976562,999.9854125976562,1000.0,999.9854125976562,1000.0079956054688,999.9854125976562,999.9854125976562,999.993408203125,1000.0245971679688,999.9854125976562,999.9854125976562,999.9854125976562,1000.0050048828124,999.9854125976562,999.9854125976562,999.9854125976562,999.9854125976562,999.9854125976562,1000.0,1000.0,1000.0,1000.0822143554688,999.9854125976562,999.9854125976562,999.9854125976562,999.9854125976562,999.9854125976562,999.9854125976562,1000.0,999.9854125976562,999.9854125976562,999.9854125976562,999.9854125976562,1000.0009765625,999.9854125976562
185,999.9854125976562,999.9854125976562,999.9854125976562,999.9854125976562,999.9854125976562,999.9854125976562,1000.0,999.9854125976562,1000.0005493164062,1000.0009155273438,999.9854125976562,999.9854125976562,999.9854125976562,999.9854125976562,999.9854125976562,999.9854125976562,1000.0,999.9854125976562,999.9854125976562,999.9854125976562,999.9854125976562,999.9854125976562,1000.0,1000.0009155273438,999.9854125976562,999.9854125976562,999.9854125976562,999.9854125976562,999.9854125976562,999.9854125976562,999.9854125976562,999.993408203125,999.9854125976562,1000.0009155273438,999.9854125976562,999.9854125976562,1000.0732421875,999.9854125976562,999.9854125976562,999.9854125976562,999.9854125976562,999.9854125976562,999.9854125976562,999.9854125976562,999.9854125976562,1000.0009155273438,999.9854125976562,999.9969482421876,999.9854736328124,999.9854125976562,1000.0005493164062,999.9854125976562,1000.0005493164062,999.9854125976562,999.9854125976562,999.9854125976562,999.9854125976562,1000.0005493164062,999.9854125976562,999.9854125976562,999.9854125976562,999.9854125976562,1000.0,999.9854125976562,999.9854125976562,999.9854125976562,999.9854125976562,1000.0,999.9854125976562,1000.0079956054688,999.9854125976562,999.9854125976562,999.993408203125,1000.0245971679688,999.9854125976562,999.9854125976562,999.9854125976562,1000.0050048828124,999.9854125976562,999.9854125976562,999.9854125976562,999.9854125976562,999.9854125976562,1000.0,1000.0,1000.0,1000.0822143554688,999.9854125976562,999.9854125976562,999.9854125976562,999.9854125976562,999.9854125976562,999.9854125976562,1000.0,999.9854125976562,999.9854125976562,999.9854125976562,999.9854125976562,1000.0009765625,999.9854125976562
186,999.9854125976562,999.9854125976562,999.9854125976562,999.9854125976562,999.9854125976562,999.9854125976562,1000.0,999.9854125976562,1000.0005493164062,1000.0009155273438,999.9854125976562,999.9854125976562,999.9854125976562,999.9854125976562,999.9854125976562,999.9854125976562,1000.0,999.9854125976562,999.9854125976562,999.9854125976562,999.9854125976562,999.9854125976562,1000.0,1000.0009155273438,999.9854125976562,999.9854125976562,999.9854125976562,999.9854125976562,999.9854125976562,999.9854125976562,999.9854125976562,999.993408203125,999.9854125976562,1000.0009155273438,999.9854125976562,999.9854125976562,1000.0732421875,999.9854125976562,999.9854125976562,999.9854125976562,999.9854125976562,999.9854125976562,999.9854125976562,999.9854125976562,999.9854125976562,1000.0009155273438,999.9854125976562,999.9969482421876,999.9854736328124,999.9854125976562,1000.0005493164062,999.9854125976562,1000.0005493164062,999.9854125976562,999.9854125976562,999.9854125976562,999.9854125976562,1000.0005493164062,999.9854125976562,999.9854125976562,999.9854125976562,999.9854125976562,1000.0,999.9854125976562,999.9854125976562,999.9854125976562,999.9854125976562,1000.0,999.9854125976562,1000.0079956054688,999.9854125976562,999.9854125976562,999.993408203125,1000.0245971679688,999.9854125976562,999.9854125976562,999.9854125976562,1000.0050048828124,999.9854125976562,999.9854125976562,999.9854125976562,999.9854125976562,999.9854125976562,1000.0,1000.0,1000.0,1000.0822143554688,999.9854125976562,999.9854125976562,999.9854125976562,999.9854125976562,999.9854125976562,999.9854125976562,1000.0,999.9854125976562,999.9854125976562,999.9854125976562,999.9854125976562,1000.0009765625,999.9854125976562
187,999.9854125976562,999.9854125976562,999.9854125976562,999.9854125976562,999.9854125976562,999.9854125976562,1000.0,999.9854125976562,1000.0005493164062,1000.0009155273438,999.9854125976562,999.9854125976562,999.9854125976562,999.9854125976562,999.9854125976562,999.9854125976562,1000.0,999.9854125976562,999.9854125976562,999.9854125976562,999.9854125976562,999.9854125976562,1000.0,1000.0009155273438,999.9854125976562,999.9854125976562,999.9854125976562,999.9854125976562,999.9854125976562,999.9854125976562,999.9854125976562,999.993408203125,999.9854125976562,1000.0009155273438,999.9854125976562,999.9854125976562,1000.0732421875,999.9854125976562,999.9854125976562,999.9854125976562,999.9854125976562,999.9854125976562,999.9854125976562,999.9854125976562,999.9854125976562,1000.0009155273438,999.9854125976562,999.9969482421876,999.9854736328124,999.9854125976562,1000.0005493164062,999.9854125976562,1000.0005493164062,999.9854125976562,999.9854125976562,999.9854125976562,999.9854125976562,1000.0005493164062,999.9854125976562,999.9854125976562,999.9854125976562,999.9854125976562,1000.0,999.9854125976562,999.9854125976562,999.9854125976562,999.9854125976562,1000.0,999.9854125976562,1000.0079956054688,999.9854125976562,999.9854125976562,999.993408203125,1000.0245971679688,999.9854125976562,999.9854125976562,999.9854125976562,1000.0050048828124,999.9854125976562,999.9854125976562,999.9854125976562,999.9854125976562,999.9854125976562,1000.0,1000.0,1000.0,1000.0822143554688,999.9854125976562,999.9854125976562,999.9854125976562,999.9854125976562,999.9854125976562,999.9854125976562,1000.0,999.9854125976562,999.9854125976562,999.9854125976562,999.9854125976562,1000.0009765625,999.9854125976562
188,999.9854125976562,999.9854125976562,999.9854125976562,999.9854125976562,999.9854125976562,999.9854125976562,1000.0,999.9854125976562,1000.0005493164062,1000.0009155273438,999.9854125976562,999.9854125976562,999.9854125976562,999.9854125976562,999.9854125976562,999.9854125976562,1000.0,999.9854125976562,999.9854125976562,999.9854125976562,999.9854125976562,999.9854125976562,1000.0,1000.0009155273438,999.9854125976562,999.9854125976562,999.9854125976562,999.9854125976562,999.9854125976562,999.9854125976562,999.9854125976562,999.993408203125,999.9854125976562,1000.0009155273438,999.9854125976562,999.9854125976562,1000.0732421875,999.9854125976562,999.9854125976562,999.9854125976562,999.9854125976562,999.9854125976562,999.9854125976562,999.9854125976562,999.9854125976562,1000.0009155273438,999.9854125976562,999.9969482421876,999.9854736328124,999.9854125976562,1000.0005493164062,999.9854125976562,1000.0005493164062,999.9854125976562,999.9854125976562,999.9854125976562,999.9854125976562,1000.0005493164062,999.9854125976562,999.9854125976562,999.9854125976562,999.9854125976562,1000.0,999.9854125976562,999.9854125976562,999.9854125976562,999.9854125976562,1000.0,999.9854125976562,1000.0079956054688,999.9854125976562,999.9854125976562,999.993408203125,1000.0245971679688,999.9854125976562,999.9854125976562,999.9854125976562,1000.0050048828124,999.9854125976562,999.9854125976562,999.9854125976562,999.9854125976562,999.9854125976562,1000.0,1000.0,1000.0,1000.0822143554688,999.9854125976562,999.9854125976562,999.9854125976562,999.9854125976562,999.9854125976562,999.9854125976562,1000.0,999.9854125976562,999.9854125976562,999.9854125976562,999.9854125976562,1000.0009765625,999.9854125976562
189,999.9854125976562,999.9854125976562,999.9854125976562,999.9854125976562,999.9854125976562,999.9854125976562,1000.0,999.9854125976562,1000.0005493164062,1000.0009155273438,999.9854125976562,999.9854125976562,999.9854125976562,999.9854125976562,999.9854125976562,999.9854125976562,1000.0,999.9854125976562,999.9854125976562,999.9854125976562,999.9854125976562,999.9854125976562,1000.0,1000.0009155273438,999.9854125976562,999.9854125976562,999.9854125976562,999.9854125976562,999.9854125976562,999.9854125976562,999.9854125976562,999.993408203125,999.9854125976562,1000.0009155273438,999.9854125976562,999.9854125976562,1000.0732421875,999.9854125976562,999.9854125976562,999.9854125976562,999.9854125976562,999.9854125976562,999.9854125976562,999.9854125976562,999.9854125976562,1000.0009155273438,999.9854125976562,999.9969482421876,999.9854736328124,999.9854125976562,1000.0005493164062,999.9854125976562,1000.0005493164062,999.9854125976562,999.9854125976562,999.9854125976562,999.9854125976562,1000.0005493164062,999.9854125976562,999.9854125976562,999.9854125976562,999.9854125976562,1000.0,999.9854125976562,999.9854125976562,999.9854125976562,999.9854125976562,1000.0,999.9854125976562,1000.0079956054688,999.9854125976562,999.9854125976562,999.993408203125,1000.0245971679688,999.9854125976562,999.9854125976562,999.9854125976562,1000.0050048828124,999.9854125976562,999.9854125976562,999.9854125976562,999.9854125976562,999.9854125976562,1000.0,1000.0,1000.0,1000.0822143554688,999.9854125976562,999.9854125976562,999.9854125976562,999.9854125976562,999.9854125976562,999.9854125976562,1000.0,999.9854125976562,999.9854125976562,999.9854125976562,999.9854125976562,1000.0009765625,999.9854125976562
190,999.9854125976562,999.9854125976562,999.9854125976562,999.9854125976562,999.9854125976562,999.9854125976562,1000.0,999.9854125976562,1000.0005493164062,1000.0009155273438,999.9854125976562,999.9854125976562,999.9854125976562,999.9854125976562,999.9854125976562,999.9854125976562,1000.0,999.9854125976562,999.9854125976562,999.9854125976562,999.9854125976562,999.9854125976562,1000.0,1000.0009155273438,999.9854125976562,999.9854125976562,999.9854125976562,999.9854125976562,999.9854125976562,999.9854125976562,999.9854125976562,999.993408203125,999.9854125976562,1000.0009155273438,999.9854125976562,999.9854125976562,1000.0732421875,999.9854125976562,999.9854125976562,999.9854125976562,999.9854125976562,999.9854125976562,999.9854125976562,999.9854125976562,999.9854125976562,1000.0009155273438,999.9854125976562,999.9969482421876,999.9854736328124,999.9854125976562,1000.0005493164062,999.9854125976562,1000.0005493164062,999.9854125976562,999.9854125976562,999.9854125976562,999.9854125976562,1000.0005493164062,999.9854125976562,999.9854125976562,999.9854125976562,999.9854125976562,1000.0,999.9854125976562,999.9854125976562,999.9854125976562,999.9854125976562,1000.0,999.9854125976562,1000.0079956054688,999.9854125976562,999.9854125976562,999.993408203125,1000.0245971679688,999.9854125976562,999.9854125976562,999.9854125976562,1000.0050048828124,999.9854125976562,999.9854125976562,999.9854125976562,999.9854125976562,999.9854125976562,1000.0,1000.0,1000.0,1000.0822143554688,999.9854125976562,999.9854125976562,999.9854125976562,999.9854125976562,999.9854125976562,999.9854125976562,1000.0,999.9854125976562,999.9854125976562,999.9854125976562,999.9854125976562,1000.0009765625,999.9854125976562
191,999.9854125976562,999.9854125976562,999.9854125976562,999.9854125976562,999.9854125976562,999.9854125976562,1000.0,999.9854125976562,1000.0005493164062,1000.0009155273438,999.9854125976562,999.9854125976562,999.9854125976562,999.9854125976562,999.9854125976562,999.9854125976562,1000.0,999.9854125976562,999.9854125976562,999.9854125976562,999.9854125976562,999.9854125976562,1000.0,1000.0009155273438,999.9854125976562,999.9854125976562,999.9854125976562,999.9854125976562,999.9854125976562,999.9854125976562,999.9854125976562,999.993408203125,999.9854125976562,1000.0009155273438,999.9854125976562,999.9854125976562,1000.0732421875,999.9854125976562,999.9854125976562,999.9854125976562,999.9854125976562,999.9854125976562,999.9854125976562,999.9854125976562,999.9854125976562,1000.0009155273438,999.9854125976562,999.9969482421876,999.9854736328124,999.9854125976562,1000.0005493164062,999.9854125976562,1000.0005493164062,999.9854125976562,999.9854125976562,999.9854125976562,999.9854125976562,1000.0005493164062,999.9854125976562,999.9854125976562,999.9854125976562,999.9854125976562,1000.0,999.9854125976562,999.9854125976562,999.9854125976562,999.9854125976562,1000.0,999.9854125976562,1000.0079956054688,999.9854125976562,999.9854125976562,999.993408203125,1000.0245971679688,999.9854125976562,999.9854125976562,999.9854125976562,1000.0050048828124,999.9854125976562,999.9854125976562,999.9854125976562,999.9854125976562,999.9854125976562,1000.0,1000.0,1000.0,1000.0822143554688,999.9854125976562,999.9854125976562,999.9854125976562,999.9854125976562,999.9854125976562,999.9854125976562,1000.0,999.9854125976562,999.9854125976562,999.9854125976562,999.9854125976562,1000.0009765625,999.9854125976562
192,999.9854125976562,999.9854125976562,999.9854125976562,999.9854125976562,999.9854125976562,999.9854125976562,1000.0,999.9854125976562,1000.0005493164062,1000.0009155273438,999.9854125976562,999.9854125976562,999.9854125976562,999.9854125976562,999.9854125976562,999.9854125976562,1000.0,999.9854125976562,999.9854125976562,999.9854125976562,999.9854125976562,999.9854125976562,1000.0,1000.0009155273438,999.9854125976562,999.9854125976562,999.9854125976562,999.9854125976562,999.9854125976562,999.9854125976562,999.9854125976562,999.993408203125,999.9854125976562,1000.0009155273438,999.9854125976562,999.9854125976562,1000.0732421875,999.9854125976562,999.9854125976562,999.9854125976562,999.9854125976562,999.9854125976562,999.9854125976562,999.9854125976562,999.9854125976562,1000.0009155273438,999.9854125976562,999.9969482421876,999.9854736328124,999.9854125976562,1000.0005493164062,999.9854125976562,1000.0005493164062,999.9854125976562,999.9854125976562,999.9854125976562,999.9854125976562,1000.0005493164062,999.9854125976562,999.9854125976562,999.9854125976562,999.9854125976562,1000.0,999.9854125976562,999.9854125976562,999.9854125976562,999.9854125976562,1000.0,999.9854125976562,1000.0079956054688,999.9854125976562,999.9854125976562,999.993408203125,1000.0245971679688,999.9854125976562,999.9854125976562,999.9854125976562,1000.0050048828124,999.9854125976562,999.9854125976562,999.9854125976562,999.9854125976562,999.9854125976562,1000.0,1000.0,1000.0,1000.0822143554688,999.9854125976562,999.9854125976562,999.9854125976562,999.9854125976562,999.9854125976562,999.9854125976562,1000.0,999.9854125976562,999.9854125976562,999.9854125976562,999.9854125976562,1000.0009765625,999.9854125976562
193,999.9854125976562,999.9854125976562,999.9854125976562,999.9854125976562,999.9854125976562,999.9854125976562,1000.0,999.9854125976562,1000.0005493164062,1000.0009155273438,999.9854125976562,999.9854125976562,999.9854125976562,999.9854125976562,999.9854125976562,999.9854125976562,1000.0,999.9854125976562,999.9854125976562,999.9854125976562,999.9854125976562,999.9854125976562,1000.0,1000.0009155273438,999.9854125976562,999.9854125976562,999.9854125976562,999.9854125976562,999.9854125976562,999.9854125976562,999.9854125976562,999.993408203125,999.9854125976562,1000.0009155273438,999.9854125976562,999.9854125976562,1000.0732421875,999.9854125976562,999.9854125976562,999.9854125976562,999.9854125976562,999.9854125976562,999.9854125976562,999.9854125976562,999.9854125976562,1000.0009155273438,999.9854125976562,999.9969482421876,999.9854736328124,999.9854125976562,1000.0005493164062,999.9854125976562,1000.0005493164062,999.9854125976562,999.9854125976562,999.9854125976562,999.9854125976562,1000.0005493164062,999.9854125976562,999.9854125976562,999.9854125976562,999.9854125976562,1000.0,999.9854125976562,999.9854125976562,999.9854125976562,999.9854125976562,1000.0,999.9854125976562,1000.0079956054688,999.9854125976562,999.9854125976562,999.993408203125,1000.0245971679688,999.9854125976562,999.9854125976562,999.9854125976562,1000.0050048828124,999.9854125976562,999.9854125976562,999.9854125976562,999.9854125976562,999.9854125976562,1000.0,1000.0,1000.0,1000.0822143554688,999.9854125976562,999.9854125976562,999.9854125976562,999.9854125976562,999.9854125976562,999.9854125976562,1000.0,999.9854125976562,999.9854125976562,999.9854125976562,999.9854125976562,1000.0009765625,999.9854125976562
194,999.9854125976562,999.9854125976562,999.9854125976562,999.9854125976562,999.9854125976562,999.9854125976562,1000.0,999.9854125976562,1000.0005493164062,1000.0009155273438,999.9854125976562,999.9854125976562,999.9854125976562,999.9854125976562,999.9854125976562,999.9854125976562,1000.0,999.9854125976562,999.9854125976562,999.9854125976562,999.9854125976562,999.9854125976562,1000.0,1000.0009155273438,999.9854125976562,999.9854125976562,999.9854125976562,999.9854125976562,999.9854125976562,999.9854125976562,999.9854125976562,999.993408203125,999.9854125976562,1000.0009155273438,999.9854125976562,999.9854125976562,1000.0732421875,999.9854125976562,999.9854125976562,999.9854125976562,999.9854125976562,999.9854125976562,999.9854125976562,999.9854125976562,999.9854125976562,1000.0009155273438,999.9854125976562,999.9969482421876,999.9854736328124,999.9854125976562,1000.0005493164062,999.9854125976562,1000.0005493164062,999.9854125976562,999.9854125976562,999.9854125976562,999.9854125976562,1000.0005493164062,999.9854125976562,999.9854125976562,999.9854125976562,999.9854125976562,1000.0,999.9854125976562,999.9854125976562,999.9854125976562,999.9854125976562,1000.0,999.9854125976562,1000.0079956054688,999.9854125976562,999.9854125976562,999.993408203125,1000.0245971679688,999.9854125976562,999.9854125976562,999.9854125976562,1000.0050048828124,999.9854125976562,999.9854125976562,999.9854125976562,999.9854125976562,999.9854125976562,1000.0,1000.0,1000.0,1000.0822143554688,999.9854125976562,999.9854125976562,999.9854125976562,999.9854125976562,999.9854125976562,999.9854125976562,1000.0,999.9854125976562,999.9854125976562,999.9854125976562,999.9854125976562,1000.0009765625,999.9854125976562
195,999.9854125976562,999.9854125976562,999.9854125976562,999.9854125976562,999.9854125976562,999.9854125976562,1000.0,999.9854125976562,1000.0005493164062,1000.0009155273438,999.9854125976562,999.9854125976562,999.9854125976562,999.9854125976562,999.9854125976562,999.9854125976562,1000.0,999.9854125976562,999.9854125976562,999.9854125976562,999.9854125976562,999.9854125976562,1000.0,1000.0009155273438,999.9854125976562,999.9854125976562,999.9854125976562,999.9854125976562,999.9854125976562,999.9854125976562,999.9854125976562,999.993408203125,999.9854125976562,1000.0009155273438,999.9854125976562,999.9854125976562,1000.0732421875,999.9854125976562,999.9854125976562,999.9854125976562,999.9854125976562,999.9854125976562,999.9854125976562,999.9854125976562,999.9854125976562,1000.0009155273438,999.9854125976562,999.9969482421876,999.9854736328124,999.9854125976562,1000.0005493164062,999.9854125976562,1000.0005493164062,999.9854125976562,999.9854125976562,999.9854125976562,999.9854125976562,1000.0005493164062,999.9854125976562,999.9854125976562,999.9854125976562,999.9854125976562,1000.0,999.9854125976562,999.9854125976562,999.9854125976562,999.9854125976562,1000.0,999.9854125976562,1000.0079956054688,999.9854125976562,999.9854125976562,999.993408203125,1000.0245971679688,999.9854125976562,999.9854125976562,999.9854125976562,1000.0050048828124,999.9854125976562,999.9854125976562,999.9854125976562,999.9854125976562,999.9854125976562,1000.0,1000.0,1000.0,1000.0822143554688,999.9854125976562,999.9854125976562,999.9854125976562,999.9854125976562,999.9854125976562,999.9854125976562,1000.0,999.9854125976562,999.9854125976562,999.9854125976562,999.9854125976562,1000.0009765625,999.9854125976562
196,999.9854125976562,999.9854125976562,999.9854125976562,999.9854125976562,999.9854125976562,999.9854125976562,1000.0,999.9854125976562,1000.0005493164062,1000.0009155273438,999.9854125976562,999.9854125976562,999.9854125976562,999.9854125976562,999.9854125976562,999.9854125976562,1000.0,999.9854125976562,999.9854125976562,999.9854125976562,999.9854125976562,999.9854125976562,1000.0,1000.0009155273438,999.9854125976562,999.9854125976562,999.9854125976562,999.9854125976562,999.9854125976562,999.9854125976562,999.9854125976562,999.993408203125,999.9854125976562,1000.0009155273438,999.9854125976562,999.9854125976562,1000.0732421875,999.9854125976562,999.9854125976562,999.9854125976562,999.9854125976562,999.9854125976562,999.9854125976562,999.9854125976562,999.9854125976562,1000.0009155273438,999.9854125976562,999.9969482421876,999.9854736328124,999.9854125976562,1000.0005493164062,999.9854125976562,1000.0005493164062,999.9854125976562,999.9854125976562,999.9854125976562,999.9854125976562,1000.0005493164062,999.9854125976562,999.9854125976562,999.9854125976562,999.9854125976562,1000.0,999.9854125976562,999.9854125976562,999.9854125976562,999.9854125976562,1000.0,999.9854125976562,1000.0079956054688,999.9854125976562,999.9854125976562,999.993408203125,1000.0245971679688,999.9854125976562,999.9854125976562,999.9854125976562,1000.0050048828124,999.9854125976562,999.9854125976562,999.9854125976562,999.9854125976562,999.9854125976562,1000.0,1000.0,1000.0,1000.0822143554688,999.9854125976562,999.9854125976562,999.9854125976562,999.9854125976562,999.9854125976562,999.9854125976562,1000.0,999.9854125976562,999.9854125976562,999.9854125976562,999.9854125976562,1000.0009765625,999.9854125976562
197,999.9854125976562,999.9854125976562,999.9854125976562,999.9854125976562,999.9854125976562,999.9854125976562,1000.0,999.9854125976562,1000.0005493164062,1000.0009155273438,999.9854125976562,999.9854125976562,999.9854125976562,999.9854125976562,999.9854125976562,999.9854125976562,1000.0,999.9854125976562,999.9854125976562,999.9854125976562,999.9854125976562,999.9854125976562,1000.0,1000.0009155273438,999.9854125976562,999.9854125976562,999.9854125976562,999.9854125976562,999.9854125976562,999.9854125976562,999.9854125976562,999.993408203125,999.9854125976562,1000.0009155273438,999.9854125976562,999.9854125976562,1000.0732421875,999.9854125976562,999.9854125976562,999.9854125976562,999.9854125976562,999.9854125976562,999.9854125976562,999.9854125976562,999.9854125976562,1000.0009155273438,999.9854125976562,999.9969482421876,999.9854736328124,999.9854125976562,1000.0005493164062,999.9854125976562,1000.0005493164062,999.9854125976562,999.9854125976562,999.9854125976562,999.9854125976562,1000.0005493164062,999.9854125976562,999.9854125976562,999.9854125976562,999.9854125976562,1000.0,999.9854125976562,999.9854125976562,999.9854125976562,999.9854125976562,1000.0,999.9854125976562,1000.0079956054688,999.9854125976562,999.9854125976562,999.993408203125,1000.0245971679688,999.9854125976562,999.9854125976562,999.9854125976562,1000.0050048828124,999.9854125976562,999.9854125976562,999.9854125976562,999.9854125976562,999.9854125976562,1000.0,1000.0,1000.0,1000.0822143554688,999.9854125976562,999.9854125976562,999.9854125976562,999.9854125976562,999.9854125976562,999.9854125976562,1000.0,999.9854125976562,999.9854125976562,999.9854125976562,999.9854125976562,1000.0009765625,999.9854125976562
198,999.9854125976562,999.9854125976562,999.9854125976562,999.9854125976562,999.9854125976562,999.9854125976562,1000.0,999.9854125976562,1000.0005493164062,1000.0009155273438,999.9854125976562,999.9854125976562,999.9854125976562,999.9854125976562,999.9854125976562,999.9854125976562,1000.0,999.9854125976562,999.9854125976562,999.9854125976562,999.9854125976562,999.9854125976562,1000.0,1000.0009155273438,999.9854125976562,999.9854125976562,999.9854125976562,999.9854125976562,999.9854125976562,999.9854125976562,999.9854125976562,999.993408203125,999.9854125976562,1000.0009155273438,999.9854125976562,999.9854125976562,1000.0732421875,999.9854125976562,999.9854125976562,999.9854125976562,999.9854125976562,999.9854125976562,999.9854125976562,999.9854125976562,999.9854125976562,1000.0009155273438,999.9854125976562,999.9969482421876,999.9854736328124,999.9854125976562,1000.0005493164062,999.9854125976562,1000.0005493164062,999.9854125976562,999.9854125976562,999.9854125976562,999.9854125976562,1000.0005493164062,999.9854125976562,999.9854125976562,999.9854125976562,999.9854125976562,1000.0,999.9854125976562,999.9854125976562,999.9854125976562,999.9854125976562,1000.0,999.9854125976562,1000.0079956054688,999.9854125976562,999.9854125976562,999.993408203125,1000.0245971679688,999.9854125976562,999.9854125976562,999.9854125976562,1000.0050048828124,999.9854125976562,999.9854125976562,999.9854125976562,999.9854125976562,999.9854125976562,1000.0,1000.0,1000.0,1000.0822143554688,999.9854125976562,999.9854125976562,999.9854125976562,999.9854125976562,999.9854125976562,999.9854125976562,1000.0,999.9854125976562,999.9854125976562,999.9854125976562,999.9854125976562,1000.0009765625,999.9854125976562
199,999.9854125976562,999.9854125976562,999.9854125976562,999.9854125976562,999.9854125976562,999.9854125976562,1000.0,999.9854125976562,1000.0005493164062,1000.0009155273438,999.9854125976562,999.9854125976562,999.9854125976562,999.9854125976562,999.9854125976562,999.9854125976562,1000.0,999.9854125976562,999.9854125976562,999.9854125976562,999.9854125976562,999.9854125976562,1000.0,1000.0009155273438,999.9854125976562,999.9854125976562,999.9854125976562,999.9854125976562,999.9854125976562,999.9854125976562,999.9854125976562,999.993408203125,999.9854125976562,1000.0009155273438,999.9854125976562,999.9854125976562,1000.0732421875,999.9854125976562,999.9854125976562,999.9854125976562,999.9854125976562,999.9854125976562,999.9854125976562,999.9854125976562,999.9854125976562,1000.0009155273438,999.9854125976562,999.9969482421876,999.9854736328124,999.9854125976562,1000.0005493164062,999.9854125976562,1000.0005493164062,999.9854125976562,999.9854125976562,999.9854125976562,999.9854125976562,1000.0005493164062,999.9854125976562,999.9854125976562,999.9854125976562,999.9854125976562,1000.0,999.9854125976562,999.9854125976562,999.9854125976562,999.9854125976562,1000.0,999.9854125976562,1000.0079956054688,999.9854125976562,999.9854125976562,999.993408203125,1000.0245971679688,999.9854125976562,999.9854125976562,999.9854125976562,1000.0050048828124,999.9854125976562,999.9854125976562,999.9854125976562,999.9854125976562,999.9854125976562,1000.0,1000.0,1000.0,1000.0822143554688,999.9854125976562,999.9854125976562,999.9854125976562,999.9854125976562,999.9854125976562,999.9854125976562,1000.0,999.9854125976562,999.9854125976562,999.9854125976562,999.9854125976562,1000.0009765625,999.9854125976562
200,999.9854125976562,999.9854125976562,999.9854125976562,999.9854125976562,999.9854125976562,999.9854125976562,1000.0,999.9854125976562,1000.0005493164062,1000.0009155273438,999.9854125976562,999.9854125976562,999.9854125976562,999.9854125976562,999.9854125976562,999.9854125976562,1000.0,999.9854125976562,999.9854125976562,999.9854125976562,999.9854125976562,999.9854125976562,1000.0,1000.0009155273438,999.9854125976562,999.9854125976562,999.9854125976562,999.9854125976562,999.9854125976562,999.9854125976562,999.9854125976562,999.993408203125,999.9854125976562,1000.0009155273438,999.9854125976562,999.9854125976562,1000.0732421875,999.9854125976562,999.9854125976562,999.9854125976562,999.9854125976562,999.9854125976562,999.9854125976562,999.9854125976562,999.9854125976562,1000.0009155273438,999.9854125976562,999.9969482421876,999.9854736328124,999.9854125976562,1000.0005493164062,999.9854125976562,1000.0005493164062,999.9854125976562,999.9854125976562,999.9854125976562,999.9854125976562,1000.0005493164062,999.9854125976562,999.9854125976562,999.9854125976562,999.9854125976562,1000.0,999.9854125976562,999.9854125976562,999.9854125976562,999.9854125976562,1000.0,999.9854125976562,1000.0079956054688,999.9854125976562,999.9854125976562,999.993408203125,1000.0245971679688,999.9854125976562,999.9854125976562,999.9854125976562,1000.0050048828124,999.9854125976562,999.9854125976562,999.9854125976562,999.9854125976562,999.9854125976562,1000.0,1000.0,1000.0,1000.0822143554688,999.9854125976562,999.9854125976562,999.9854125976562,999.9854125976562,999.9854125976562,999.9854125976562,1000.0,999.9854125976562,999.9854125976562,999.9854125976562,999.9854125976562,1000.0009765625,999.9854125976562
201,999.9854125976562,999.9854125976562,999.9854125976562,999.9854125976562,999.9854125976562,999.9854125976562,1000.0,999.9854125976562,1000.0005493164062,1000.0009155273438,999.9854125976562,999.9854125976562,999.9854125976562,999.9854125976562,999.9854125976562,999.9854125976562,1000.0,999.9854125976562,999.9854125976562,999.9854125976562,999.9854125976562,999.9854125976562,1000.0,1000.0009155273438,999.9854125976562,999.9854125976562,999.9854125976562,999.9854125976562,999.9854125976562,999.9854125976562,999.9854125976562,999.993408203125,999.9854125976562,1000.0009155273438,999.9854125976562,999.9854125976562,1000.0732421875,999.9854125976562,999.9854125976562,999.9854125976562,999.9854125976562,999.9854125976562,999.9854125976562,999.9854125976562,999.9854125976562,1000.0009155273438,999.9854125976562,999.9969482421876,999.9854736328124,999.9854125976562,1000.0005493164062,999.9854125976562,1000.0005493164062,999.9854125976562,999.9854125976562,999.9854125976562,999.9854125976562,1000.0005493164062,999.9854125976562,999.9854125976562,999.9854125976562,999.9854125976562,1000.0,999.9854125976562,999.9854125976562,999.9854125976562,999.9854125976562,1000.0,999.9854125976562,1000.0079956054688,999.9854125976562,999.9854125976562,999.993408203125,1000.0245971679688,999.9854125976562,999.9854125976562,999.9854125976562,1000.0050048828124,999.9854125976562,999.9854125976562,999.9854125976562,999.9854125976562,999.9854125976562,1000.0,1000.0,1000.0,1000.0822143554688,999.9854125976562,999.9854125976562,999.9854125976562,999.9854125976562,999.9854125976562,999.9854125976562,1000.0,999.9854125976562,999.9854125976562,999.9854125976562,999.9854125976562,1000.0009765625,999.9854125976562
202,999.9854125976562,999.9854125976562,999.9854125976562,999.9854125976562,999.9854125976562,999.9854125976562,1000.0,999.9854125976562,1000.0005493164062,1000.0009155273438,999.9854125976562,999.9854125976562,999.9854125976562,999.9854125976562,999.9854125976562,999.9854125976562,1000.0,999.9854125976562,999.9854125976562,999.9854125976562,999.9854125976562,999.9854125976562,1000.0,1000.0009155273438,999.9854125976562,999.9854125976562,999.9854125976562,999.9854125976562,999.9854125976562,999.9854125976562,999.9854125976562,999.993408203125,999.9854125976562,1000.0009155273438,999.9854125976562,999.9854125976562,1000.0732421875,999.9854125976562,999.9854125976562,999.9854125976562,999.9854125976562,999.9854125976562,999.9854125976562,999.9854125976562,999.9854125976562,1000.0009155273438,999.9854125976562,999.9969482421876,999.9854736328124,999.9854125976562,1000.0005493164062,999.9854125976562,1000.0005493164062,999.9854125976562,999.9854125976562,999.9854125976562,999.9854125976562,1000.0005493164062,999.9854125976562,999.9854125976562,999.9854125976562,999.9854125976562,1000.0,999.9854125976562,999.9854125976562,999.9854125976562,999.9854125976562,1000.0,999.9854125976562,1000.0079956054688,999.9854125976562,999.9854125976562,999.993408203125,1000.0245971679688,999.9854125976562,999.9854125976562,999.9854125976562,1000.0050048828124,999.9854125976562,999.9854125976562,999.9854125976562,999.9854125976562,999.9854125976562,1000.0,1000.0,1000.0,1000.0822143554688,999.9854125976562,999.9854125976562,999.9854125976562,999.9854125976562,999.9854125976562,999.9854125976562,1000.0,999.9854125976562,999.9854125976562,999.9854125976562,999.9854125976562,1000.0009765625,999.9854125976562
203,999.9854125976562,999.9854125976562,999.9854125976562,999.9854125976562,999.9854125976562,999.9854125976562,1000.0,999.9854125976562,1000.0005493164062,1000.0009155273438,999.9854125976562,999.9854125976562,999.9854125976562,999.9854125976562,999.9854125976562,999.9854125976562,1000.0,999.9854125976562,999.9854125976562,999.9854125976562,999.9854125976562,999.9854125976562,1000.0,1000.0009155273438,999.9854125976562,999.9854125976562,999.9854125976562,999.9854125976562,999.9854125976562,999.9854125976562,999.9854125976562,999.993408203125,999.9854125976562,1000.0009155273438,999.9854125976562,999.9854125976562,1000.0732421875,999.9854125976562,999.9854125976562,999.9854125976562,999.9854125976562,999.9854125976562,999.9854125976562,999.9854125976562,999.9854125976562,1000.0009155273438,999.9854125976562,999.9969482421876,999.9854736328124,999.9854125976562,1000.0005493164062,999.9854125976562,1000.0005493164062,999.9854125976562,999.9854125976562,999.9854125976562,999.9854125976562,1000.0005493164062,999.9854125976562,999.9854125976562,999.9854125976562,999.9854125976562,1000.0,999.9854125976562,999.9854125976562,999.9854125976562,999.9854125976562,1000.0,999.9854125976562,1000.0079956054688,999.9854125976562,999.9854125976562,999.993408203125,1000.0245971679688,999.9854125976562,999.9854125976562,999.9854125976562,1000.0050048828124,999.9854125976562,999.9854125976562,999.9854125976562,999.9854125976562,999.9854125976562,1000.0,1000.0,1000.0,1000.0822143554688,999.9854125976562,999.9854125976562,999.9854125976562,999.9854125976562,999.9854125976562,999.9854125976562,1000.0,999.9854125976562,999.9854125976562,999.9854125976562,999.9854125976562,1000.0009765625,999.9854125976562
204,999.9854125976562,999.9854125976562,999.9854125976562,999.9854125976562,999.9854125976562,999.9854125976562,1000.0,999.9854125976562,1000.0005493164062,1000.0009155273438,999.9854125976562,999.9854125976562,999.9854125976562,999.9854125976562,999.9854125976562,999.9854125976562,1000.0,999.9854125976562,999.9854125976562,999.9854125976562,999.9854125976562,999.9854125976562,1000.0,1000.0009155273438,999.9854125976562,999.9854125976562,999.9854125976562,999.9854125976562,999.9854125976562,999.9854125976562,999.9854125976562,999.993408203125,999.9854125976562,1000.0009155273438,999.9854125976562,999.9854125976562,1000.0732421875,999.9854125976562,999.9854125976562,999.9854125976562,999.9854125976562,999.9854125976562,999.9854125976562,999.9854125976562,999.9854125976562,1000.0009155273438,999.9854125976562,999.9969482421876,999.9854736328124,999.9854125976562,1000.0005493164062,999.9854125976562,1000.0005493164062,999.9854125976562,999.9854125976562,999.9854125976562,999.9854125976562,1000.0005493164062,999.9854125976562,999.9854125976562,999.9854125976562,999.9854125976562,1000.0,999.9854125976562,999.9854125976562,999.9854125976562,999.9854125976562,1000.0,999.9854125976562,1000.0079956054688,999.9854125976562,999.9854125976562,999.993408203125,1000.0245971679688,999.9854125976562,999.9854125976562,999.9854125976562,1000.0050048828124,999.9854125976562,999.9854125976562,999.9854125976562,999.9854125976562,999.9854125976562,1000.0,1000.0,1000.0,1000.0822143554688,999.9854125976562,999.9854125976562,999.9854125976562,999.9854125976562,999.9854125976562,999.9854125976562,1000.0,999.9854125976562,999.9854125976562,999.9854125976562,999.9854125976562,1000.0009765625,999.9854125976562
205,999.9854125976562,999.9854125976562,999.9854125976562,999.9854125976562,999.9854125976562,999.9854125976562,1000.0,999.9854125976562,1000.0005493164062,1000.0009155273438,999.9854125976562,999.9854125976562,999.9854125976562,999.9854125976562,999.9854125976562,999.9854125976562,1000.0,999.9854125976562,999.9854125976562,999.9854125976562,999.9854125976562,999.9854125976562,1000.0,1000.0009155273438,999.9854125976562,999.9854125976562,999.9854125976562,999.9854125976562,999.9854125976562,999.9854125976562,999.9854125976562,999.993408203125,999.9854125976562,1000.0009155273438,999.9854125976562,999.9854125976562,1000.0732421875,999.9854125976562,999.9854125976562,999.9854125976562,999.9854125976562,999.9854125976562,999.9854125976562,999.9854125976562,999.9854125976562,1000.0009155273438,999.9854125976562,999.9969482421876,999.9854736328124,999.9854125976562,1000.0005493164062,999.9854125976562,1000.0005493164062,999.9854125976562,999.9854125976562,999.9854125976562,999.9854125976562,1000.0005493164062,999.9854125976562,999.9854125976562,999.9854125976562,999.9854125976562,1000.0,999.9854125976562,999.9854125976562,999.9854125976562,999.9854125976562,1000.0,999.9854125976562,1000.0079956054688,999.9854125976562,999.9854125976562,999.993408203125,1000.0245971679688,999.9854125976562,999.9854125976562,999.9854125976562,1000.0050048828124,999.9854125976562,999.9854125976562,999.9854125976562,999.9854125976562,999.9854125976562,1000.0,1000.0,1000.0,1000.0822143554688,999.9854125976562,999.9854125976562,999.9854125976562,999.9854125976562,999.9854125976562,999.9854125976562,1000.0,999.9854125976562,999.9854125976562,999.9854125976562,999.9854125976562,1000.0009765625,999.9854125976562
206,999.9854125976562,999.9854125976562,999.9854125976562,999.9854125976562,999.9854125976562,999.9854125976562,1000.0,999.9854125976562,1000.0005493164062,1000.0009155273438,999.9854125976562,999.9854125976562,999.9854125976562,999.9854125976562,999.9854125976562,999.9854125976562,1000.0,999.9854125976562,999.9854125976562,999.9854125976562,999.9854125976562,999.9854125976562,1000.0,1000.0009155273438,999.9854125976562,999.9854125976562,999.9854125976562,999.9854125976562,999.9854125976562,999.9854125976562,999.9854125976562,999.993408203125,999.9854125976562,1000.0009155273438,999.9854125976562,999.9854125976562,1000.0732421875,999.9854125976562,999.9854125976562,999.9854125976562,999.9854125976562,999.9854125976562,999.9854125976562,999.9854125976562,999.9854125976562,1000.0009155273438,999.9854125976562,999.9969482421876,999.9854736328124,999.9854125976562,1000.0005493164062,999.9854125976562,1000.0005493164062,999.9854125976562,999.9854125976562,999.9854125976562,999.9854125976562,1000.0005493164062,999.9854125976562,999.9854125976562,999.9854125976562,999.9854125976562,1000.0,999.9854125976562,999.9854125976562,999.9854125976562,999.9854125976562,1000.0,999.9854125976562,1000.0079956054688,999.9854125976562,999.9854125976562,999.993408203125,1000.0245971679688,999.9854125976562,999.9854125976562,999.9854125976562,1000.0050048828124,999.9854125976562,999.9854125976562,999.9854125976562,999.9854125976562,999.9854125976562,1000.0,1000.0,1000.0,1000.0822143554688,999.9854125976562,999.9854125976562,999.9854125976562,999.9854125976562,999.9854125976562,999.9854125976562,1000.0,999.9854125976562,999.9854125976562,999.9854125976562,999.9854125976562,1000.0009765625,999.9854125976562
207,999.9854125976562,999.9854125976562,999.9854125976562,999.9854125976562,999.9854125976562,999.9854125976562,1000.0,999.9854125976562,1000.0005493164062,1000.0009155273438,999.9854125976562,999.9854125976562,999.9854125976562,999.9854125976562,999.9854125976562,999.9854125976562,1000.0,999.9854125976562,999.9854125976562,999.9854125976562,999.9854125976562,999.9854125976562,1000.0,1000.0009155273438,999.9854125976562,999.9854125976562,999.9854125976562,999.9854125976562,999.9854125976562,999.9854125976562,999.9854125976562,999.993408203125,999.9854125976562,1000.0009155273438,999.9854125976562,999.9854125976562,1000.0732421875,999.9854125976562,999.9854125976562,999.9854125976562,999.9854125976562,999.9854125976562,999.9854125976562,999.9854125976562,999.9854125976562,1000.0009155273438,999.9854125976562,999.9969482421876,999.9854736328124,999.9854125976562,1000.0005493164062,999.9854125976562,1000.0005493164062,999.9854125976562,999.9854125976562,999.9854125976562,999.9854125976562,1000.0005493164062,999.9854125976562,999.9854125976562,999.9854125976562,999.9854125976562,1000.0,999.9854125976562,999.9854125976562,999.9854125976562,999.9854125976562,1000.0,999.9854125976562,1000.0079956054688,999.9854125976562,999.9854125976562,999.993408203125,1000.0245971679688,999.9854125976562,999.9854125976562,999.9854125976562,1000.0050048828124,999.9854125976562,999.9854125976562,999.9854125976562,999.9854125976562,999.9854125976562,1000.0,1000.0,1000.0,1000.0822143554688,999.9854125976562,999.9854125976562,999.9854125976562,999.9854125976562,999.9854125976562,999.9854125976562,1000.0,999.9854125976562,999.9854125976562,999.9854125976562,999.9854125976562,1000.0009765625,999.9854125976562
208,999.9854125976562,999.9854125976562,999.9854125976562,999.9854125976562,999.9854125976562,999.9854125976562,1000.0,999.9854125976562,1000.0005493164062,1000.0009155273438,999.9854125976562,999.9854125976562,999.9854125976562,999.9854125976562,999.9854125976562,999.9854125976562,1000.0,999.9854125976562,999.9854125976562,999.9854125976562,999.9854125976562,999.9854125976562,1000.0,1000.0009155273438,999.9854125976562,999.9854125976562,999.9854125976562,999.9854125976562,999.9854125976562,999.9854125976562,999.9854125976562,999.993408203125,999.9854125976562,1000.0009155273438,999.9854125976562,999.9854125976562,1000.0732421875,999.9854125976562,999.9854125976562,999.9854125976562,999.9854125976562,999.9854125976562,999.9854125976562,999.9854125976562,999.9854125976562,1000.0009155273438,999.9854125976562,999.9969482421876,999.9854736328124,999.9854125976562,1000.0005493164062,999.9854125976562,1000.0005493164062,999.9854125976562,999.9854125976562,999.9854125976562,999.9854125976562,1000.0005493164062,999.9854125976562,999.9854125976562,999.9854125976562,999.9854125976562,1000.0,999.9854125976562,999.9854125976562,999.9854125976562,999.9854125976562,1000.0,999.9854125976562,1000.0079956054688,999.9854125976562,999.9854125976562,999.993408203125,1000.0245971679688,999.9854125976562,999.9854125976562,999.9854125976562,1000.0050048828124,999.9854125976562,999.9854125976562,999.9854125976562,999.9854125976562,999.9854125976562,1000.0,1000.0,1000.0,1000.0822143554688,999.9854125976562,999.9854125976562,999.9854125976562,999.9854125976562,999.9854125976562,999.9854125976562,1000.0,999.9854125976562,999.9854125976562,999.9854125976562,999.9854125976562,1000.0009765625,999.9854125976562
209,999.9854125976562,999.9854125976562,999.9854125976562,999.9854125976562,999.9854125976562,999.9854125976562,1000.0,999.9854125976562,1000.0005493164062,1000.0009155273438,999.9854125976562,999.9854125976562,999.9854125976562,999.9854125976562,999.9854125976562,999.9854125976562,1000.0,999.9854125976562,999.9854125976562,999.9854125976562,999.9854125976562,999.9854125976562,1000.0,1000.0009155273438,999.9854125976562,999.9854125976562,999.9854125976562,999.9854125976562,999.9854125976562,999.9854125976562,999.9854125976562,999.993408203125,999.9854125976562,1000.0009155273438,999.9854125976562,999.9854125976562,1000.0732421875,999.9854125976562,999.9854125976562,999.9854125976562,999.9854125976562,999.9854125976562,999.9854125976562,999.9854125976562,999.9854125976562,1000.0009155273438,999.9854125976562,999.9969482421876,999.9854736328124,999.9854125976562,1000.0005493164062,999.9854125976562,1000.0005493164062,999.9854125976562,999.9854125976562,999.9854125976562,999.9854125976562,1000.0005493164062,999.9854125976562,999.9854125976562,999.9854125976562,999.9854125976562,1000.0,999.9854125976562,999.9854125976562,999.9854125976562,999.9854125976562,1000.0,999.9854125976562,1000.0079956054688,999.9854125976562,999.9854125976562,999.993408203125,1000.0245971679688,999.9854125976562,999.9854125976562,999.9854125976562,1000.0050048828124,999.9854125976562,999.9854125976562,999.9854125976562,999.9854125976562,999.9854125976562,1000.0,1000.0,1000.0,1000.0822143554688,999.9854125976562,999.9854125976562,999.9854125976562,999.9854125976562,999.9854125976562,999.9854125976562,1000.0,999.9854125976562,999.9854125976562,999.9854125976562,999.9854125976562,1000.0009765625,999.9854125976562
210,999.9854125976562,999.9854125976562,999.9854125976562,999.9854125976562,999.9854125976562,999.9854125976562,1000.0,999.9854125976562,1000.0005493164062,1000.0009155273438,999.9854125976562,999.9854125976562,999.9854125976562,999.9854125976562,999.9854125976562,999.9854125976562,1000.0,999.9854125976562,999.9854125976562,999.9854125976562,999.9854125976562,999.9854125976562,1000.0,1000.0009155273438,999.9854125976562,999.9854125976562,999.9854125976562,999.9854125976562,999.9854125976562,999.9854125976562,999.9854125976562,999.993408203125,999.9854125976562,1000.0009155273438,999.9854125976562,999.9854125976562,1000.0732421875,999.9854125976562,999.9854125976562,999.9854125976562,999.9854125976562,999.9854125976562,999.9854125976562,999.9854125976562,999.9854125976562,1000.0009155273438,999.9854125976562,999.9969482421876,999.9854736328124,999.9854125976562,1000.0005493164062,999.9854125976562,1000.0005493164062,999.9854125976562,999.9854125976562,999.9854125976562,999.9854125976562,1000.0005493164062,999.9854125976562,999.9854125976562,999.9854125976562,999.9854125976562,1000.0,999.9854125976562,999.9854125976562,999.9854125976562,999.9854125976562,1000.0,999.9854125976562,1000.0079956054688,999.9854125976562,999.9854125976562,999.993408203125,1000.0245971679688,999.9854125976562,999.9854125976562,999.9854125976562,1000.0050048828124,999.9854125976562,999.9854125976562,999.9854125976562,999.9854125976562,999.9854125976562,1000.0,1000.0,1000.0,1000.0822143554688,999.9854125976562,999.9854125976562,999.9854125976562,999.9854125976562,999.9854125976562,999.9854125976562,1000.0,999.9854125976562,999.9854125976562,999.9854125976562,999.9854125976562,1000.0009765625,999.9854125976562
211,999.9854125976562,999.9854125976562,999.9854125976562,999.9854125976562,999.9854125976562,999.9854125976562,1000.0,999.9854125976562,1000.0005493164062,1000.0009155273438,999.9854125976562,999.9854125976562,999.9854125976562,999.9854125976562,999.9854125976562,999.9854125976562,1000.0,999.9854125976562,999.9854125976562,999.9854125976562,999.9854125976562,999.9854125976562,1000.0,1000.0009155273438,999.9854125976562,999.9854125976562,999.9854125976562,999.9854125976562,999.9854125976562,999.9854125976562,999.9854125976562,999.993408203125,999.9854125976562,1000.0009155273438,999.9854125976562,999.9854125976562,1000.0732421875,999.9854125976562,999.9854125976562,999.9854125976562,999.9854125976562,999.9854125976562,999.9854125976562,999.9854125976562,999.9854125976562,1000.0009155273438,999.9854125976562,999.9969482421876,999.9854736328124,999.9854125976562,1000.0005493164062,999.9854125976562,1000.0005493164062,999.9854125976562,999.9854125976562,999.9854125976562,999.9854125976562,1000.0005493164062,999.9854125976562,999.9854125976562,999.9854125976562,999.9854125976562,1000.0,999.9854125976562,999.9854125976562,999.9854125976562,999.9854125976562,1000.0,999.9854125976562,1000.0079956054688,999.9854125976562,999.9854125976562,999.993408203125,1000.0245971679688,999.9854125976562,999.9854125976562,999.9854125976562,1000.0050048828124,999.9854125976562,999.9854125976562,999.9854125976562,999.9854125976562,999.9854125976562,1000.0,1000.0,1000.0,1000.0822143554688,999.9854125976562,999.9854125976562,999.9854125976562,999.9854125976562,999.9854125976562,999.9854125976562,1000.0,999.9854125976562,999.9854125976562,999.9854125976562,999.9854125976562,1000.0009765625,999.9854125976562
212,999.9854125976562,999.9854125976562,999.9854125976562,999.9854125976562,999.9854125976562,999.9854125976562,1000.0,999.9854125976562,1000.0005493164062,1000.0009155273438,999.9854125976562,999.9854125976562,999.9854125976562,999.9854125976562,999.9854125976562,999.9854125976562,1000.0,999.9854125976562,999.9854125976562,999.9854125976562,999.9854125976562,999.9854125976562,1000.0,1000.0009155273438,999.9854125976562,999.9854125976562,999.9854125976562,999.9854125976562,999.9854125976562,999.9854125976562,999.9854125976562,999.993408203125,999.9854125976562,1000.0009155273438,999.9854125976562,999.9854125976562,1000.0732421875,999.9854125976562,999.9854125976562,999.9854125976562,999.9854125976562,999.9854125976562,999.9854125976562,999.9854125976562,999.9854125976562,1000.0009155273438,999.9854125976562,999.9969482421876,999.9854736328124,999.9854125976562,1000.0005493164062,999.9854125976562,1000.0005493164062,999.9854125976562,999.9854125976562,999.9854125976562,999.9854125976562,1000.0005493164062,999.9854125976562,999.9854125976562,999.9854125976562,999.9854125976562,1000.0,999.9854125976562,999.9854125976562,999.9854125976562,999.9854125976562,1000.0,999.9854125976562,1000.0079956054688,999.9854125976562,999.9854125976562,999.993408203125,1000.0245971679688,999.9854125976562,999.9854125976562,999.9854125976562,1000.0050048828124,999.9854125976562,999.9854125976562,999.9854125976562,999.9854125976562,999.9854125976562,1000.0,1000.0,1000.0,1000.0822143554688,999.9854125976562,999.9854125976562,999.9854125976562,999.9854125976562,999.9854125976562,999.9854125976562,1000.0,999.9854125976562,999.9854125976562,999.9854125976562,999.9854125976562,1000.0009765625,999.9854125976562
213,999.9854125976562,999.9854125976562,999.9854125976562,999.9854125976562,999.9854125976562,999.9854125976562,1000.0,999.9854125976562,1000.0005493164062,1000.0009155273438,999.9854125976562,999.9854125976562,999.9854125976562,999.9854125976562,999.9854125976562,999.9854125976562,1000.0,999.9854125976562,999.9854125976562,999.9854125976562,999.9854125976562,999.9854125976562,1000.0,1000.0009155273438,999.9854125976562,999.9854125976562,999.9854125976562,999.9854125976562,999.9854125976562,999.9854125976562,999.9854125976562,999.993408203125,999.9854125976562,1000.0009155273438,999.9854125976562,999.9854125976562,1000.0732421875,999.9854125976562,999.9854125976562,999.9854125976562,999.9854125976562,999.9854125976562,999.9854125976562,999.9854125976562,999.9854125976562,1000.0009155273438,999.9854125976562,999.9969482421876,999.9854736328124,999.9854125976562,1000.0005493164062,999.9854125976562,1000.0005493164062,999.9854125976562,999.9854125976562,999.9854125976562,999.9854125976562,1000.0005493164062,999.9854125976562,999.9854125976562,999.9854125976562,999.9854125976562,1000.0,999.9854125976562,999.9854125976562,999.9854125976562,999.9854125976562,1000.0,999.9854125976562,1000.0079956054688,999.9854125976562,999.9854125976562,999.993408203125,1000.0245971679688,999.9854125976562,999.9854125976562,999.9854125976562,1000.0050048828124,999.9854125976562,999.9854125976562,999.9854125976562,999.9854125976562,999.9854125976562,1000.0,1000.0,1000.0,1000.0822143554688,999.9854125976562,999.9854125976562,999.9854125976562,999.9854125976562,999.9854125976562,999.9854125976562,1000.0,999.9854125976562,999.9854125976562,999.9854125976562,999.9854125976562,1000.0009765625,999.9854125976562
214,999.9854125976562,999.9854125976562,999.9854125976562,999.9854125976562,999.9854125976562,999.9854125976562,1000.0,999.9854125976562,1000.0005493164062,1000.0009155273438,999.9854125976562,999.9854125976562,999.9854125976562,999.9854125976562,999.9854125976562,999.9854125976562,1000.0,999.9854125976562,999.9854125976562,999.9854125976562,999.9854125976562,999.9854125976562,1000.0,1000.0009155273438,999.9854125976562,999.9854125976562,999.9854125976562,999.9854125976562,999.9854125976562,999.9854125976562,999.9854125976562,999.993408203125,999.9854125976562,1000.0009155273438,999.9854125976562,999.9854125976562,1000.0732421875,999.9854125976562,999.9854125976562,999.9854125976562,999.9854125976562,999.9854125976562,999.9854125976562,999.9854125976562,999.9854125976562,1000.0009155273438,999.9854125976562,999.9969482421876,999.9854736328124,999.9854125976562,1000.0005493164062,999.9854125976562,1000.0005493164062,999.9854125976562,999.9854125976562,999.9854125976562,999.9854125976562,1000.0005493164062,999.9854125976562,999.9854125976562,999.9854125976562,999.9854125976562,1000.0,999.9854125976562,999.9854125976562,999.9854125976562,999.9854125976562,1000.0,999.9854125976562,1000.0079956054688,999.9854125976562,999.9854125976562,999.993408203125,1000.0245971679688,999.9854125976562,999.9854125976562,999.9854125976562,1000.0050048828124,999.9854125976562,999.9854125976562,999.9854125976562,999.9854125976562,999.9854125976562,1000.0,1000.0,1000.0,1000.0822143554688,999.9854125976562,999.9854125976562,999.9854125976562,999.9854125976562,999.9854125976562,999.9854125976562,1000.0,999.9854125976562,999.9854125976562,999.9854125976562,999.9854125976562,1000.0009765625,999.9854125976562
215,999.9854125976562,999.9854125976562,999.9854125976562,999.9854125976562,999.9854125976562,999.9854125976562,1000.0,999.9854125976562,1000.0005493164062,1000.0009155273438,999.9854125976562,999.9854125976562,999.9854125976562,999.9854125976562,999.9854125976562,999.9854125976562,1000.0,999.9854125976562,999.9854125976562,999.9854125976562,999.9854125976562,999.9854125976562,1000.0,1000.0009155273438,999.9854125976562,999.9854125976562,999.9854125976562,999.9854125976562,999.9854125976562,999.9854125976562,999.9854125976562,999.993408203125,999.9854125976562,1000.0009155273438,999.9854125976562,999.9854125976562,1000.0732421875,999.9854125976562,999.9854125976562,999.9854125976562,999.9854125976562,999.9854125976562,999.9854125976562,999.9854125976562,999.9854125976562,1000.0009155273438,999.9854125976562,999.9969482421876,999.9854736328124,999.9854125976562,1000.0005493164062,999.9854125976562,1000.0005493164062,999.9854125976562,999.9854125976562,999.9854125976562,999.9854125976562,1000.0005493164062,999.9854125976562,999.9854125976562,999.9854125976562,999.9854125976562,1000.0,999.9854125976562,999.9854125976562,999.9854125976562,999.9854125976562,1000.0,999.9854125976562,1000.0079956054688,999.9854125976562,999.9854125976562,999.993408203125,1000.0245971679688,999.9854125976562,999.9854125976562,999.9854125976562,1000.0050048828124,999.9854125976562,999.9854125976562,999.9854125976562,999.9854125976562,999.9854125976562,1000.0,1000.0,1000.0,1000.0822143554688,999.9854125976562,999.9854125976562,999.9854125976562,999.9854125976562,999.9854125976562,999.9854125976562,1000.0,999.9854125976562,999.9854125976562,999.9854125976562,999.9854125976562,1000.0009765625,999.9854125976562
216,999.9854125976562,999.9854125976562,999.9854125976562,999.9854125976562,999.9854125976562,999.9854125976562,1000.0,999.9854125976562,1000.0005493164062,1000.0009155273438,999.9854125976562,999.9854125976562,999.9854125976562,999.9854125976562,999.9854125976562,999.9854125976562,1000.0,999.9854125976562,999.9854125976562,999.9854125976562,999.9854125976562,999.9854125976562,1000.0,1000.0009155273438,999.9854125976562,999.9854125976562,999.9854125976562,999.9854125976562,999.9854125976562,999.9854125976562,999.9854125976562,999.993408203125,999.9854125976562,1000.0009155273438,999.9854125976562,999.9854125976562,1000.0732421875,999.9854125976562,999.9854125976562,999.9854125976562,999.9854125976562,999.9854125976562,999.9854125976562,999.9854125976562,999.9854125976562,1000.0009155273438,999.9854125976562,999.9969482421876,999.9854736328124,999.9854125976562,1000.0005493164062,999.9854125976562,1000.0005493164062,999.9854125976562,999.9854125976562,999.9854125976562,999.9854125976562,1000.0005493164062,999.9854125976562,999.9854125976562,999.9854125976562,999.9854125976562,1000.0,999.9854125976562,999.9854125976562,999.9854125976562,999.9854125976562,1000.0,999.9854125976562,1000.0079956054688,999.9854125976562,999.9854125976562,999.993408203125,1000.0245971679688,999.9854125976562,999.9854125976562,999.9854125976562,1000.0050048828124,999.9854125976562,999.9854125976562,999.9854125976562,999.9854125976562,999.9854125976562,1000.0,1000.0,1000.0,1000.0822143554688,999.9854125976562,999.9854125976562,999.9854125976562,999.9854125976562,999.9854125976562,999.9854125976562,1000.0,999.9854125976562,999.9854125976562,999.9854125976562,999.9854125976562,1000.0009765625,999.9854125976562
217,999.9854125976562,999.9854125976562,999.9854125976562,999.9854125976562,999.9854125976562,999.9854125976562,1000.0,999.9854125976562,1000.0005493164062,1000.0009155273438,999.9854125976562,999.9854125976562,999.9854125976562,999.9854125976562,999.9854125976562,999.9854125976562,1000.0,999.9854125976562,999.9854125976562,999.9854125976562,999.9854125976562,999.9854125976562,1000.0,1000.0009155273438,999.9854125976562,999.9854125976562,999.9854125976562,999.9854125976562,999.9854125976562,999.9854125976562,999.9854125976562,999.993408203125,999.9854125976562,1000.0009155273438,999.9854125976562,999.9854125976562,1000.0732421875,999.9854125976562,999.9854125976562,999.9854125976562,999.9854125976562,999.9854125976562,999.9854125976562,999.9854125976562,999.9854125976562,1000.0009155273438,999.9854125976562,999.9969482421876,999.9854736328124,999.9854125976562,1000.0005493164062,999.9854125976562,1000.0005493164062,999.9854125976562,999.9854125976562,999.9854125976562,999.9854125976562,1000.0005493164062,999.9854125976562,999.9854125976562,999.9854125976562,999.9854125976562,1000.0,999.9854125976562,999.9854125976562,999.9854125976562,999.9854125976562,1000.0,999.9854125976562,1000.0079956054688,999.9854125976562,999.9854125976562,999.993408203125,1000.0245971679688,999.9854125976562,999.9854125976562,999.9854125976562,1000.0050048828124,999.9854125976562,999.9854125976562,999.9854125976562,999.9854125976562,999.9854125976562,1000.0,1000.0,1000.0,1000.0822143554688,999.9854125976562,999.9854125976562,999.9854125976562,999.9854125976562,999.9854125976562,999.9854125976562,1000.0,999.9854125976562,999.9854125976562,999.9854125976562,999.9854125976562,1000.0009765625,999.9854125976562
218,999.9854125976562,999.9854125976562,999.9854125976562,999.9854125976562,999.9854125976562,999.9854125976562,1000.0,999.9854125976562,1000.0005493164062,1000.0009155273438,999.9854125976562,999.9854125976562,999.9854125976562,999.9854125976562,999.9854125976562,999.9854125976562,1000.0,999.9854125976562,999.9854125976562,999.9854125976562,999.9854125976562,999.9854125976562,1000.0,1000.0009155273438,999.9854125976562,999.9854125976562,999.9854125976562,999.9854125976562,999.9854125976562,999.9854125976562,999.9854125976562,999.993408203125,999.9854125976562,1000.0009155273438,999.9854125976562,999.9854125976562,1000.0732421875,999.9854125976562,999.9854125976562,999.9854125976562,999.9854125976562,999.9854125976562,999.9854125976562,999.9854125976562,999.9854125976562,1000.0009155273438,999.9854125976562,999.9969482421876,999.9854736328124,999.9854125976562,1000.0005493164062,999.9854125976562,1000.0005493164062,999.9854125976562,999.9854125976562,999.9854125976562,999.9854125976562,1000.0005493164062,999.9854125976562,999.9854125976562,999.9854125976562,999.9854125976562,1000.0,999.9854125976562,999.9854125976562,999.9854125976562,999.9854125976562,1000.0,999.9854125976562,1000.0079956054688,999.9854125976562,999.9854125976562,999.993408203125,1000.0245971679688,999.9854125976562,999.9854125976562,999.9854125976562,1000.0050048828124,999.9854125976562,999.9854125976562,999.9854125976562,999.9854125976562,999.9854125976562,1000.0,1000.0,1000.0,1000.0822143554688,999.9854125976562,999.9854125976562,999.9854125976562,999.9854125976562,999.9854125976562,999.9854125976562,1000.0,999.9854125976562,999.9854125976562,999.9854125976562,999.9854125976562,1000.0009765625,999.9854125976562
219,999.9854125976562,999.9854125976562,999.9854125976562,999.9854125976562,999.9854125976562,999.9854125976562,1000.0,999.9854125976562,1000.0005493164062,1000.0009155273438,999.9854125976562,999.9854125976562,999.9854125976562,999.9854125976562,999.9854125976562,999.9854125976562,1000.0,999.9854125976562,999.9854125976562,999.9854125976562,999.9854125976562,999.9854125976562,1000.0,1000.0009155273438,999.9854125976562,999.9854125976562,999.9854125976562,999.9854125976562,999.9854125976562,999.9854125976562,999.9854125976562,999.993408203125,999.9854125976562,1000.0009155273438,999.9854125976562,999.9854125976562,1000.0732421875,999.9854125976562,999.9854125976562,999.9854125976562,999.9854125976562,999.9854125976562,999.9854125976562,999.9854125976562,999.9854125976562,1000.0009155273438,999.9854125976562,999.9969482421876,999.9854736328124,999.9854125976562,1000.0005493164062,999.9854125976562,1000.0005493164062,999.9854125976562,999.9854125976562,999.9854125976562,999.9854125976562,1000.0005493164062,999.9854125976562,999.9854125976562,999.9854125976562,999.9854125976562,1000.0,999.9854125976562,999.9854125976562,999.9854125976562,999.9854125976562,1000.0,999.9854125976562,1000.0079956054688,999.9854125976562,999.9854125976562,999.993408203125,1000.0245971679688,999.9854125976562,999.9854125976562,999.9854125976562,1000.0050048828124,999.9854125976562,999.9854125976562,999.9854125976562,999.9854125976562,999.9854125976562,1000.0,1000.0,1000.0,1000.0822143554688,999.9854125976562,999.9854125976562,999.9854125976562,999.9854125976562,999.9854125976562,999.9854125976562,1000.0,999.9854125976562,999.9854125976562,999.9854125976562,999.9854125976562,1000.0009765625,999.9854125976562
220,999.9854125976562,999.9854125976562,999.9854125976562,999.9854125976562,999.9854125976562,999.9854125976562,1000.0,999.9854125976562,1000.0005493164062,1000.0009155273438,999.9854125976562,999.9854125976562,999.9854125976562,999.9854125976562,999.9854125976562,999.9854125976562,1000.0,999.9854125976562,999.9854125976562,999.9854125976562,999.9854125976562,999.9854125976562,1000.0,1000.0009155273438,999.9854125976562,999.9854125976562,999.9854125976562,999.9854125976562,999.9854125976562,999.9854125976562,999.9854125976562,999.993408203125,999.9854125976562,1000.0009155273438,999.9854125976562,999.9854125976562,1000.0732421875,999.9854125976562,999.9854125976562,999.9854125976562,999.9854125976562,999.9854125976562,999.9854125976562,999.9854125976562,999.9854125976562,1000.0009155273438,999.9854125976562,999.9969482421876,999.9854736328124,999.9854125976562,1000.0005493164062,999.9854125976562,1000.0005493164062,999.9854125976562,999.9854125976562,999.9854125976562,999.9854125976562,1000.0005493164062,999.9854125976562,999.9854125976562,999.9854125976562,999.9854125976562,1000.0,999.9854125976562,999.9854125976562,999.9854125976562,999.9854125976562,1000.0,999.9854125976562,1000.0079956054688,999.9854125976562,999.9854125976562,999.993408203125,1000.0245971679688,999.9854125976562,999.9854125976562,999.9854125976562,1000.0050048828124,999.9854125976562,999.9854125976562,999.9854125976562,999.9854125976562,999.9854125976562,1000.0,1000.0,1000.0,1000.0822143554688,999.9854125976562,999.9854125976562,999.9854125976562,999.9854125976562,999.9854125976562,999.9854125976562,1000.0,999.9854125976562,999.9854125976562,999.9854125976562,999.9854125976562,1000.0009765625,999.9854125976562
221,999.9854125976562,999.9854125976562,999.9854125976562,999.9854125976562,999.9854125976562,999.9854125976562,1000.0,999.9854125976562,1000.0005493164062,1000.0009155273438,999.9854125976562,999.9854125976562,999.9854125976562,999.9854125976562,999.9854125976562,999.9854125976562,1000.0,999.9854125976562,999.9854125976562,999.9854125976562,999.9854125976562,999.9854125976562,1000.0,1000.0009155273438,999.9854125976562,999.9854125976562,999.9854125976562,999.9854125976562,999.9854125976562,999.9854125976562,999.9854125976562,999.993408203125,999.9854125976562,1000.0009155273438,999.9854125976562,999.9854125976562,1000.0732421875,999.9854125976562,999.9854125976562,999.9854125976562,999.9854125976562,999.9854125976562,999.9854125976562,999.9854125976562,999.9854125976562,1000.0009155273438,999.9854125976562,999.9969482421876,999.9854736328124,999.9854125976562,1000.0005493164062,999.9854125976562,1000.0005493164062,999.9854125976562,999.9854125976562,999.9854125976562,999.9854125976562,1000.0005493164062,999.9854125976562,999.9854125976562,999.9854125976562,999.9854125976562,1000.0,999.9854125976562,999.9854125976562,999.9854125976562,999.9854125976562,1000.0,999.9854125976562,1000.0079956054688,999.9854125976562,999.9854125976562,999.993408203125,1000.0245971679688,999.9854125976562,999.9854125976562,999.9854125976562,1000.0050048828124,999.9854125976562,999.9854125976562,999.9854125976562,999.9854125976562,999.9854125976562,1000.0,1000.0,1000.0,1000.0822143554688,999.9854125976562,999.9854125976562,999.9854125976562,999.9854125976562,999.9854125976562,999.9854125976562,1000.0,999.9854125976562,999.9854125976562,999.9854125976562,999.9854125976562,1000.0009765625,999.9854125976562
222,999.9854125976562,999.9854125976562,999.9854125976562,999.9854125976562,999.9854125976562,999.9854125976562,1000.0,999.9854125976562,1000.0005493164062,1000.0009155273438,999.9854125976562,999.9854125976562,999.9854125976562,999.9854125976562,999.9854125976562,999.9854125976562,1000.0,999.9854125976562,999.9854125976562,999.9854125976562,999.9854125976562,999.9854125976562,1000.0,1000.0009155273438,999.9854125976562,999.9854125976562,999.9854125976562,999.9854125976562,999.9854125976562,999.9854125976562,999.9854125976562,999.993408203125,999.9854125976562,1000.0009155273438,999.9854125976562,999.9854125976562,1000.0732421875,999.9854125976562,999.9854125976562,999.9854125976562,999.9854125976562,999.9854125976562,999.9854125976562,999.9854125976562,999.9854125976562,1000.0009155273438,999.9854125976562,999.9969482421876,999.9854736328124,999.9854125976562,1000.0005493164062,999.9854125976562,1000.0005493164062,999.9854125976562,999.9854125976562,999.9854125976562,999.9854125976562,1000.0005493164062,999.9854125976562,999.9854125976562,999.9854125976562,999.9854125976562,1000.0,999.9854125976562,999.9854125976562,999.9854125976562,999.9854125976562,1000.0,999.9854125976562,1000.0079956054688,999.9854125976562,999.9854125976562,999.993408203125,1000.0245971679688,999.9854125976562,999.9854125976562,999.9854125976562,1000.0050048828124,999.9854125976562,999.9854125976562,999.9854125976562,999.9854125976562,999.9854125976562,1000.0,1000.0,1000.0,1000.0822143554688,999.9854125976562,999.9854125976562,999.9854125976562,999.9854125976562,999.9854125976562,999.9854125976562,1000.0,999.9854125976562,999.9854125976562,999.9854125976562,999.9854125976562,1000.0009765625,999.9854125976562
223,999.9854125976562,999.9854125976562,999.9854125976562,999.9854125976562,999.9854125976562,999.9854125976562,1000.0,999.9854125976562,1000.0005493164062,1000.0009155273438,999.9854125976562,999.9854125976562,999.9854125976562,999.9854125976562,999.9854125976562,999.9854125976562,1000.0,999.9854125976562,999.9854125976562,999.9854125976562,999.9854125976562,999.9854125976562,1000.0,1000.0009155273438,999.9854125976562,999.9854125976562,999.9854125976562,999.9854125976562,999.9854125976562,999.9854125976562,999.9854125976562,999.993408203125,999.9854125976562,1000.0009155273438,999.9854125976562,999.9854125976562,1000.0732421875,999.9854125976562,999.9854125976562,999.9854125976562,999.9854125976562,999.9854125976562,999.9854125976562,999.9854125976562,999.9854125976562,1000.0009155273438,999.9854125976562,999.9969482421876,999.9854736328124,999.9854125976562,1000.0005493164062,999.9854125976562,1000.0005493164062,999.9854125976562,999.9854125976562,999.9854125976562,999.9854125976562,1000.0005493164062,999.9854125976562,999.9854125976562,999.9854125976562,999.9854125976562,1000.0,999.9854125976562,999.9854125976562,999.9854125976562,999.9854125976562,1000.0,999.9854125976562,1000.0079956054688,999.9854125976562,999.9854125976562,999.993408203125,1000.0245971679688,999.9854125976562,999.9854125976562,999.9854125976562,1000.0050048828124,999.9854125976562,999.9854125976562,999.9854125976562,999.9854125976562,999.9854125976562,1000.0,1000.0,1000.0,1000.0822143554688,999.9854125976562,999.9854125976562,999.9854125976562,999.9854125976562,999.9854125976562,999.9854125976562,1000.0,999.9854125976562,999.9854125976562,999.9854125976562,999.9854125976562,1000.0009765625,999.9854125976562
224,999.9854125976562,999.9854125976562,999.9854125976562,999.9854125976562,999.9854125976562,999.9854125976562,1000.0,999.9854125976562,1000.0005493164062,1000.0009155273438,999.9854125976562,999.9854125976562,999.9854125976562,999.9854125976562,999.9854125976562,999.9854125976562,1000.0,999.9854125976562,999.9854125976562,999.9854125976562,999.9854125976562,999.9854125976562,1000.0,1000.0009155273438,999.9854125976562,999.9854125976562,999.9854125976562,999.9854125976562,999.9854125976562,999.9854125976562,999.9854125976562,999.993408203125,999.9854125976562,1000.0009155273438,999.9854125976562,999.9854125976562,1000.0732421875,999.9854125976562,999.9854125976562,999.9854125976562,999.9854125976562,999.9854125976562,999.9854125976562,999.9854125976562,999.9854125976562,1000.0009155273438,999.9854125976562,999.9969482421876,999.9854736328124,999.9854125976562,1000.0005493164062,999.9854125976562,1000.0005493164062,999.9854125976562,999.9854125976562,999.9854125976562,999.9854125976562,1000.0005493164062,999.9854125976562,999.9854125976562,999.9854125976562,999.9854125976562,1000.0,999.9854125976562,999.9854125976562,999.9854125976562,999.9854125976562,1000.0,999.9854125976562,1000.0079956054688,999.9854125976562,999.9854125976562,999.993408203125,1000.0245971679688,999.9854125976562,999.9854125976562,999.9854125976562,1000.0050048828124,999.9854125976562,999.9854125976562,999.9854125976562,999.9854125976562,999.9854125976562,1000.0,1000.0,1000.0,1000.0822143554688,999.9854125976562,999.9854125976562,999.9854125976562,999.9854125976562,999.9854125976562,999.9854125976562,1000.0,999.9854125976562,999.9854125976562,999.9854125976562,999.9854125976562,1000.0009765625,999.9854125976562
225,999.9854125976562,999.9854125976562,999.9854125976562,999.9854125976562,999.9854125976562,999.9854125976562,1000.0,999.9854125976562,1000.0005493164062,1000.0009155273438,999.9854125976562,999.9854125976562,999.9854125976562,999.9854125976562,999.9854125976562,999.9854125976562,1000.0,999.9854125976562,999.9854125976562,999.9854125976562,999.9854125976562,999.9854125976562,1000.0,1000.0009155273438,999.9854125976562,999.9854125976562,999.9854125976562,999.9854125976562,999.9854125976562,999.9854125976562,999.9854125976562,999.993408203125,999.9854125976562,1000.0009155273438,999.9854125976562,999.9854125976562,1000.0732421875,999.9854125976562,999.9854125976562,999.9854125976562,999.9854125976562,999.9854125976562,999.9854125976562,999.9854125976562,999.9854125976562,1000.0009155273438,999.9854125976562,999.9969482421876,999.9854736328124,999.9854125976562,1000.0005493164062,999.9854125976562,1000.0005493164062,999.9854125976562,999.9854125976562,999.9854125976562,999.9854125976562,1000.0005493164062,999.9854125976562,999.9854125976562,999.9854125976562,999.9854125976562,1000.0,999.9854125976562,999.9854125976562,999.9854125976562,999.9854125976562,1000.0,999.9854125976562,1000.0079956054688,999.9854125976562,999.9854125976562,999.993408203125,1000.0245971679688,999.9854125976562,999.9854125976562,999.9854125976562,1000.0050048828124,999.9854125976562,999.9854125976562,999.9854125976562,999.9854125976562,999.9854125976562,1000.0,1000.0,1000.0,1000.0822143554688,999.9854125976562,999.9854125976562,999.9854125976562,999.9854125976562,999.9854125976562,999.9854125976562,1000.0,999.9854125976562,999.9854125976562,999.9854125976562,999.9854125976562,1000.0009765625,999.9854125976562
226,999.9854125976562,999.9854125976562,999.9854125976562,999.9854125976562,999.9854125976562,999.9854125976562,1000.0,999.9854125976562,1000.0005493164062,1000.0009155273438,999.9854125976562,999.9854125976562,999.9854125976562,999.9854125976562,999.9854125976562,999.9854125976562,1000.0,999.9854125976562,999.9854125976562,999.9854125976562,999.9854125976562,999.9854125976562,1000.0,1000.0009155273438,999.9854125976562,999.9854125976562,999.9854125976562,999.9854125976562,999.9854125976562,999.9854125976562,999.9854125976562,999.993408203125,999.9854125976562,1000.0009155273438,999.9854125976562,999.9854125976562,1000.0732421875,999.9854125976562,999.9854125976562,999.9854125976562,999.9854125976562,999.9854125976562,999.9854125976562,999.9854125976562,999.9854125976562,1000.0009155273438,999.9854125976562,999.9969482421876,999.9854736328124,999.9854125976562,1000.0005493164062,999.9854125976562,1000.0005493164062,999.9854125976562,999.9854125976562,999.9854125976562,999.9854125976562,1000.0005493164062,999.9854125976562,999.9854125976562,999.9854125976562,999.9854125976562,1000.0,999.9854125976562,999.9854125976562,999.9854125976562,999.9854125976562,1000.0,999.9854125976562,1000.0079956054688,999.9854125976562,999.9854125976562,999.993408203125,1000.0245971679688,999.9854125976562,999.9854125976562,999.9854125976562,1000.0050048828124,999.9854125976562,999.9854125976562,999.9854125976562,999.9854125976562,999.9854125976562,1000.0,1000.0,1000.0,1000.0822143554688,999.9854125976562,999.9854125976562,999.9854125976562,999.9854125976562,999.9854125976562,999.9854125976562,1000.0,999.9854125976562,999.9854125976562,999.9854125976562,999.9854125976562,1000.0009765625,999.9854125976562
227,999.9854125976562,999.9854125976562,999.9854125976562,999.9854125976562,999.9854125976562,999.9854125976562,1000.0,999.9854125976562,1000.0005493164062,1000.0009155273438,999.9854125976562,999.9854125976562,999.9854125976562,999.9854125976562,999.9854125976562,999.9854125976562,1000.0,999.9854125976562,999.9854125976562,999.9854125976562,999.9854125976562,999.9854125976562,1000.0,1000.0009155273438,999.9854125976562,999.9854125976562,999.9854125976562,999.9854125976562,999.9854125976562,999.9854125976562,999.9854125976562,999.993408203125,999.9854125976562,1000.0009155273438,999.9854125976562,999.9854125976562,1000.0732421875,999.9854125976562,999.9854125976562,999.9854125976562,999.9854125976562,999.9854125976562,999.9854125976562,999.9854125976562,999.9854125976562,1000.0009155273438,999.9854125976562,999.9969482421876,999.9854736328124,999.9854125976562,1000.0005493164062,999.9854125976562,1000.0005493164062,999.9854125976562,999.9854125976562,999.9854125976562,999.9854125976562,1000.0005493164062,999.9854125976562,999.9854125976562,999.9854125976562,999.9854125976562,1000.0,999.9854125976562,999.9854125976562,999.9854125976562,999.9854125976562,1000.0,999.9854125976562,1000.0079956054688,999.9854125976562,999.9854125976562,999.993408203125,1000.0245971679688,999.9854125976562,999.9854125976562,999.9854125976562,1000.0050048828124,999.9854125976562,999.9854125976562,999.9854125976562,999.9854125976562,999.9854125976562,1000.0,1000.0,1000.0,1000.0822143554688,999.9854125976562,999.9854125976562,999.9854125976562,999.9854125976562,999.9854125976562,999.9854125976562,1000.0,999.9854125976562,999.9854125976562,999.9854125976562,999.9854125976562,1000.0009765625,999.9854125976562
228,999.9854125976562,999.9854125976562,999.9854125976562,999.9854125976562,999.9854125976562,999.9854125976562,1000.0,999.9854125976562,1000.0005493164062,1000.0009155273438,999.9854125976562,999.9854125976562,999.9854125976562,999.9854125976562,999.9854125976562,999.9854125976562,1000.0,999.9854125976562,999.9854125976562,999.9854125976562,999.9854125976562,999.9854125976562,1000.0,1000.0009155273438,999.9854125976562,999.9854125976562,999.9854125976562,999.9854125976562,999.9854125976562,999.9854125976562,999.9854125976562,999.993408203125,999.9854125976562,1000.0009155273438,999.9854125976562,999.9854125976562,1000.0732421875,999.9854125976562,999.9854125976562,999.9854125976562,999.9854125976562,999.9854125976562,999.9854125976562,999.9854125976562,999.9854125976562,1000.0009155273438,999.9854125976562,999.9969482421876,999.9854736328124,999.9854125976562,1000.0005493164062,999.9854125976562,1000.0005493164062,999.9854125976562,999.9854125976562,999.9854125976562,999.9854125976562,1000.0005493164062,999.9854125976562,999.9854125976562,999.9854125976562,999.9854125976562,1000.0,999.9854125976562,999.9854125976562,999.9854125976562,999.9854125976562,1000.0,999.9854125976562,1000.0079956054688,999.9854125976562,999.9854125976562,999.993408203125,1000.0245971679688,999.9854125976562,999.9854125976562,999.9854125976562,1000.0050048828124,999.9854125976562,999.9854125976562,999.9854125976562,999.9854125976562,999.9854125976562,1000.0,1000.0,1000.0,1000.0822143554688,999.9854125976562,999.9854125976562,999.9854125976562,999.9854125976562,999.9854125976562,999.9854125976562,1000.0,999.9854125976562,999.9854125976562,999.9854125976562,999.9854125976562,1000.0009765625,999.9854125976562
229,999.9854125976562,999.9854125976562,999.9854125976562,999.9854125976562,999.9854125976562,999.9854125976562,1000.0,999.9854125976562,1000.0005493164062,1000.0009155273438,999.9854125976562,999.9854125976562,999.9854125976562,999.9854125976562,999.9854125976562,999.9854125976562,1000.0,999.9854125976562,999.9854125976562,999.9854125976562,999.9854125976562,999.9854125976562,1000.0,1000.0009155273438,999.9854125976562,999.9854125976562,999.9854125976562,999.9854125976562,999.9854125976562,999.9854125976562,999.9854125976562,999.993408203125,999.9854125976562,1000.0009155273438,999.9854125976562,999.9854125976562,1000.0732421875,999.9854125976562,999.9854125976562,999.9854125976562,999.9854125976562,999.9854125976562,999.9854125976562,999.9854125976562,999.9854125976562,1000.0009155273438,999.9854125976562,999.9969482421876,999.9854736328124,999.9854125976562,1000.0005493164062,999.9854125976562,1000.0005493164062,999.9854125976562,999.9854125976562,999.9854125976562,999.9854125976562,1000.0005493164062,999.9854125976562,999.9854125976562,999.9854125976562,999.9854125976562,1000.0,999.9854125976562,999.9854125976562,999.9854125976562,999.9854125976562,1000.0,999.9854125976562,1000.0079956054688,999.9854125976562,999.9854125976562,999.993408203125,1000.0245971679688,999.9854125976562,999.9854125976562,999.9854125976562,1000.0050048828124,999.9854125976562,999.9854125976562,999.9854125976562,999.9854125976562,999.9854125976562,1000.0,1000.0,1000.0,1000.0822143554688,999.9854125976562,999.9854125976562,999.9854125976562,999.9854125976562,999.9854125976562,999.9854125976562,1000.0,999.9854125976562,999.9854125976562,999.9854125976562,999.9854125976562,1000.0009765625,999.9854125976562
230,999.9854125976562,999.9854125976562,999.9854125976562,999.9854125976562,999.9854125976562,999.9854125976562,1000.0,999.9854125976562,1000.0005493164062,1000.0009155273438,999.9854125976562,999.9854125976562,999.9854125976562,999.9854125976562,999.9854125976562,999.9854125976562,1000.0,999.9854125976562,999.9854125976562,999.9854125976562,999.9854125976562,999.9854125976562,1000.0,1000.0009155273438,999.9854125976562,999.9854125976562,999.9854125976562,999.9854125976562,999.9854125976562,999.9854125976562,999.9854125976562,999.993408203125,999.9854125976562,1000.0009155273438,999.9854125976562,999.9854125976562,1000.0732421875,999.9854125976562,999.9854125976562,999.9854125976562,999.9854125976562,999.9854125976562,999.9854125976562,999.9854125976562,999.9854125976562,1000.0009155273438,999.9854125976562,999.9969482421876,999.9854736328124,999.9854125976562,1000.0005493164062,999.9854125976562,1000.0005493164062,999.9854125976562,999.9854125976562,999.9854125976562,999.9854125976562,1000.0005493164062,999.9854125976562,999.9854125976562,999.9854125976562,999.9854125976562,1000.0,999.9854125976562,999.9854125976562,999.9854125976562,999.9854125976562,1000.0,999.9854125976562,1000.0079956054688,999.9854125976562,999.9854125976562,999.993408203125,1000.0245971679688,999.9854125976562,999.9854125976562,999.9854125976562,1000.0050048828124,999.9854125976562,999.9854125976562,999.9854125976562,999.9854125976562,999.9854125976562,1000.0,1000.0,1000.0,1000.0822143554688,999.9854125976562,999.9854125976562,999.9854125976562,999.9854125976562,999.9854125976562,999.9854125976562,1000.0,999.9854125976562,999.9854125976562,999.9854125976562,999.9854125976562,1000.0009765625,999.9854125976562
231,999.9854125976562,999.9854125976562,999.9854125976562,999.9854125976562,999.9854125976562,999.9854125976562,1000.0,999.9854125976562,1000.0005493164062,1000.0009155273438,999.9854125976562,999.9854125976562,999.9854125976562,999.9854125976562,999.9854125976562,999.9854125976562,1000.0,999.9854125976562,999.9854125976562,999.9854125976562,999.9854125976562,999.9854125976562,1000.0,1000.0009155273438,999.9854125976562,999.9854125976562,999.9854125976562,999.9854125976562,999.9854125976562,999.9854125976562,999.9854125976562,999.993408203125,999.9854125976562,1000.0009155273438,999.9854125976562,999.9854125976562,1000.0732421875,999.9854125976562,999.9854125976562,999.9854125976562,999.9854125976562,999.9854125976562,999.9854125976562,999.9854125976562,999.9854125976562,1000.0009155273438,999.9854125976562,999.9969482421876,999.9854736328124,999.9854125976562,1000.0005493164062,999.9854125976562,1000.0005493164062,999.9854125976562,999.9854125976562,999.9854125976562,999.9854125976562,1000.0005493164062,999.9854125976562,999.9854125976562,999.9854125976562,999.9854125976562,1000.0,999.9854125976562,999.9854125976562,999.9854125976562,999.9854125976562,1000.0,999.9854125976562,1000.0079956054688,999.9854125976562,999.9854125976562,999.993408203125,1000.0245971679688,999.9854125976562,999.9854125976562,999.9854125976562,1000.0050048828124,999.9854125976562,999.9854125976562,999.9854125976562,999.9854125976562,999.9854125976562,1000.0,1000.0,1000.0,1000.0822143554688,999.9854125976562,999.9854125976562,999.9854125976562,999.9854125976562,999.9854125976562,999.9854125976562,1000.0,999.9854125976562,999.9854125976562,999.9854125976562,999.9854125976562,1000.0009765625,999.9854125976562
232,999.9854125976562,999.9854125976562,999.9854125976562,999.9854125976562,999.9854125976562,999.9854125976562,1000.0,999.9854125976562,1000.0005493164062,1000.0009155273438,999.9854125976562,999.9854125976562,999.9854125976562,999.9854125976562,999.9854125976562,999.9854125976562,1000.0,999.9854125976562,999.9854125976562,999.9854125976562,999.9854125976562,999.9854125976562,1000.0,1000.0009155273438,999.9854125976562,999.9854125976562,999.9854125976562,999.9854125976562,999.9854125976562,999.9854125976562,999.9854125976562,999.993408203125,999.9854125976562,1000.0009155273438,999.9854125976562,999.9854125976562,1000.0732421875,999.9854125976562,999.9854125976562,999.9854125976562,999.9854125976562,999.9854125976562,999.9854125976562,999.9854125976562,999.9854125976562,1000.0009155273438,999.9854125976562,999.9969482421876,999.9854736328124,999.9854125976562,1000.0005493164062,999.9854125976562,1000.0005493164062,999.9854125976562,999.9854125976562,999.9854125976562,999.9854125976562,1000.0005493164062,999.9854125976562,999.9854125976562,999.9854125976562,999.9854125976562,1000.0,999.9854125976562,999.9854125976562,999.9854125976562,999.9854125976562,1000.0,999.9854125976562,1000.0079956054688,999.9854125976562,999.9854125976562,999.993408203125,1000.0245971679688,999.9854125976562,999.9854125976562,999.9854125976562,1000.0050048828124,999.9854125976562,999.9854125976562,999.9854125976562,999.9854125976562,999.9854125976562,1000.0,1000.0,1000.0,1000.0822143554688,999.9854125976562,999.9854125976562,999.9854125976562,999.9854125976562,999.9854125976562,999.9854125976562,1000.0,999.9854125976562,999.9854125976562,999.9854125976562,999.9854125976562,1000.0009765625,999.9854125976562
233,999.9854125976562,999.9854125976562,999.9854125976562,999.9854125976562,999.9854125976562,999.9854125976562,1000.0,999.9854125976562,1000.0005493164062,1000.0009155273438,999.9854125976562,999.9854125976562,999.9854125976562,999.9854125976562,999.9854125976562,999.9854125976562,1000.0,999.9854125976562,999.9854125976562,999.9854125976562,999.9854125976562,999.9854125976562,1000.0,1000.0009155273438,999.9854125976562,999.9854125976562,999.9854125976562,999.9854125976562,999.9854125976562,999.9854125976562,999.9854125976562,999.993408203125,999.9854125976562,1000.0009155273438,999.9854125976562,999.9854125976562,1000.0732421875,999.9854125976562,999.9854125976562,999.9854125976562,999.9854125976562,999.9854125976562,999.9854125976562,999.9854125976562,999.9854125976562,1000.0009155273438,999.9854125976562,999.9969482421876,999.9854736328124,999.9854125976562,1000.0005493164062,999.9854125976562,1000.0005493164062,999.9854125976562,999.9854125976562,999.9854125976562,999.9854125976562,1000.0005493164062,999.9854125976562,999.9854125976562,999.9854125976562,999.9854125976562,1000.0,999.9854125976562,999.9854125976562,999.9854125976562,999.9854125976562,1000.0,999.9854125976562,1000.0079956054688,999.9854125976562,999.9854125976562,999.993408203125,1000.0245971679688,999.9854125976562,999.9854125976562,999.9854125976562,1000.0050048828124,999.9854125976562,999.9854125976562,999.9854125976562,999.9854125976562,999.9854125976562,1000.0,1000.0,1000.0,1000.0822143554688,999.9854125976562,999.9854125976562,999.9854125976562,999.9854125976562,999.9854125976562,999.9854125976562,1000.0,999.9854125976562,999.9854125976562,999.9854125976562,999.9854125976562,1000.0009765625,999.9854125976562
234,999.9854125976562,999.9854125976562,999.9854125976562,999.9854125976562,999.9854125976562,999.9854125976562,1000.0,999.9854125976562,1000.0005493164062,1000.0009155273438,999.9854125976562,999.9854125976562,999.9854125976562,999.9854125976562,999.9854125976562,999.9854125976562,1000.0,999.9854125976562,999.9854125976562,999.9854125976562,999.9854125976562,999.9854125976562,1000.0,1000.0009155273438,999.9854125976562,999.9854125976562,999.9854125976562,999.9854125976562,999.9854125976562,999.9854125976562,999.9854125976562,999.993408203125,999.9854125976562,1000.0009155273438,999.9854125976562,999.9854125976562,1000.0732421875,999.9854125976562,999.9854125976562,999.9854125976562,999.9854125976562,999.9854125976562,999.9854125976562,999.9854125976562,999.9854125976562,1000.0009155273438,999.9854125976562,999.9969482421876,999.9854736328124,999.9854125976562,1000.0005493164062,999.9854125976562,1000.0005493164062,999.9854125976562,999.9854125976562,999.9854125976562,999.9854125976562,1000.0005493164062,999.9854125976562,999.9854125976562,999.9854125976562,999.9854125976562,1000.0,999.9854125976562,999.9854125976562,999.9854125976562,999.9854125976562,1000.0,999.9854125976562,1000.0079956054688,999.9854125976562,999.9854125976562,999.993408203125,1000.0245971679688,999.9854125976562,999.9854125976562,999.9854125976562,1000.0050048828124,999.9854125976562,999.9854125976562,999.9854125976562,999.9854125976562,999.9854125976562,1000.0,1000.0,1000.0,1000.0822143554688,999.9854125976562,999.9854125976562,999.9854125976562,999.9854125976562,999.9854125976562,999.9854125976562,1000.0,999.9854125976562,999.9854125976562,999.9854125976562,999.9854125976562,1000.0009765625,999.9854125976562
235,999.9854125976562,999.9854125976562,999.9854125976562,999.9854125976562,999.9854125976562,999.9854125976562,1000.0,999.9854125976562,1000.0005493164062,1000.0009155273438,999.9854125976562,999.9854125976562,999.9854125976562,999.9854125976562,999.9854125976562,999.9854125976562,1000.0,999.9854125976562,999.9854125976562,999.9854125976562,999.9854125976562,999.9854125976562,1000.0,1000.0009155273438,999.9854125976562,999.9854125976562,999.9854125976562,999.9854125976562,999.9854125976562,999.9854125976562,999.9854125976562,999.993408203125,999.9854125976562,1000.0009155273438,999.9854125976562,999.9854125976562,1000.0732421875,999.9854125976562,999.9854125976562,999.9854125976562,999.9854125976562,999.9854125976562,999.9854125976562,999.9854125976562,999.9854125976562,1000.0009155273438,999.9854125976562,999.9969482421876,999.9854736328124,999.9854125976562,1000.0005493164062,999.9854125976562,1000.0005493164062,999.9854125976562,999.9854125976562,999.9854125976562,999.9854125976562,1000.0005493164062,999.9854125976562,999.9854125976562,999.9854125976562,999.9854125976562,1000.0,999.9854125976562,999.9854125976562,999.9854125976562,999.9854125976562,1000.0,999.9854125976562,1000.0079956054688,999.9854125976562,999.9854125976562,999.993408203125,1000.0245971679688,999.9854125976562,999.9854125976562,999.9854125976562,1000.0050048828124,999.9854125976562,999.9854125976562,999.9854125976562,999.9854125976562,999.9854125976562,1000.0,1000.0,1000.0,1000.0822143554688,999.9854125976562,999.9854125976562,999.9854125976562,999.9854125976562,999.9854125976562,999.9854125976562,1000.0,999.9854125976562,999.9854125976562,999.9854125976562,999.9854125976562,1000.0009765625,999.9854125976562
236,999.9854125976562,999.9854125976562,999.9854125976562,999.9854125976562,999.9854125976562,999.9854125976562,1000.0,999.9854125976562,1000.0005493164062,1000.0009155273438,999.9854125976562,999.9854125976562,999.9854125976562,999.9854125976562,999.9854125976562,999.9854125976562,1000.0,999.9854125976562,999.9854125976562,999.9854125976562,999.9854125976562,999.9854125976562,1000.0,1000.0009155273438,999.9854125976562,999.9854125976562,999.9854125976562,999.9854125976562,999.9854125976562,999.9854125976562,999.9854125976562,999.993408203125,999.9854125976562,1000.0009155273438,999.9854125976562,999.9854125976562,1000.0732421875,999.9854125976562,999.9854125976562,999.9854125976562,999.9854125976562,999.9854125976562,999.9854125976562,999.9854125976562,999.9854125976562,1000.0009155273438,999.9854125976562,999.9969482421876,999.9854736328124,999.9854125976562,1000.0005493164062,999.9854125976562,1000.0005493164062,999.9854125976562,999.9854125976562,999.9854125976562,999.9854125976562,1000.0005493164062,999.9854125976562,999.9854125976562,999.9854125976562,999.9854125976562,1000.0,999.9854125976562,999.9854125976562,999.9854125976562,999.9854125976562,1000.0,999.9854125976562,1000.0079956054688,999.9854125976562,999.9854125976562,999.993408203125,1000.0245971679688,999.9854125976562,999.9854125976562,999.9854125976562,1000.0050048828124,999.9854125976562,999.9854125976562,999.9854125976562,999.9854125976562,999.9854125976562,1000.0,1000.0,1000.0,1000.0822143554688,999.9854125976562,999.9854125976562,999.9854125976562,999.9854125976562,999.9854125976562,999.9854125976562,1000.0,999.9854125976562,999.9854125976562,999.9854125976562,999.9854125976562,1000.0009765625,999.9854125976562
237,999.9854125976562,999.9854125976562,999.9854125976562,999.9854125976562,999.9854125976562,999.9854125976562,1000.0,999.9854125976562,1000.0005493164062,1000.0009155273438,999.9854125976562,999.9854125976562,999.9854125976562,999.9854125976562,999.9854125976562,999.9854125976562,1000.0,999.9854125976562,999.9854125976562,999.9854125976562,999.9854125976562,999.9854125976562,1000.0,1000.0009155273438,999.9854125976562,999.9854125976562,999.9854125976562,999.9854125976562,999.9854125976562,999.9854125976562,999.9854125976562,999.993408203125,999.9854125976562,1000.0009155273438,999.9854125976562,999.9854125976562,1000.0732421875,999.9854125976562,999.9854125976562,999.9854125976562,999.9854125976562,999.9854125976562,999.9854125976562,999.9854125976562,999.9854125976562,1000.0009155273438,999.9854125976562,999.9969482421876,999.9854736328124,999.9854125976562,1000.0005493164062,999.9854125976562,1000.0005493164062,999.9854125976562,999.9854125976562,999.9854125976562,999.9854125976562,1000.0005493164062,999.9854125976562,999.9854125976562,999.9854125976562,999.9854125976562,1000.0,999.9854125976562,999.9854125976562,999.9854125976562,999.9854125976562,1000.0,999.9854125976562,1000.0079956054688,999.9854125976562,999.9854125976562,999.993408203125,1000.0245971679688,999.9854125976562,999.9854125976562,999.9854125976562,1000.0050048828124,999.9854125976562,999.9854125976562,999.9854125976562,999.9854125976562,999.9854125976562,1000.0,1000.0,1000.0,1000.0822143554688,999.9854125976562,999.9854125976562,999.9854125976562,999.9854125976562,999.9854125976562,999.9854125976562,1000.0,999.9854125976562,999.9854125976562,999.9854125976562,999.9854125976562,1000.0009765625,999.9854125976562
238,999.9854125976562,999.9854125976562,999.9854125976562,999.9854125976562,999.9854125976562,999.9854125976562,1000.0,999.9854125976562,1000.0005493164062,1000.0009155273438,999.9854125976562,999.9854125976562,999.9854125976562,999.9854125976562,999.9854125976562,999.9854125976562,1000.0,999.9854125976562,999.9854125976562,999.9854125976562,999.9854125976562,999.9854125976562,1000.0,1000.0009155273438,999.9854125976562,999.9854125976562,999.9854125976562,999.9854125976562,999.9854125976562,999.9854125976562,999.9854125976562,999.993408203125,999.9854125976562,1000.0009155273438,999.9854125976562,999.9854125976562,1000.0732421875,999.9854125976562,999.9854125976562,999.9854125976562,999.9854125976562,999.9854125976562,999.9854125976562,999.9854125976562,999.9854125976562,1000.0009155273438,999.9854125976562,999.9969482421876,999.9854736328124,999.9854125976562,1000.0005493164062,999.9854125976562,1000.0005493164062,999.9854125976562,999.9854125976562,999.9854125976562,999.9854125976562,1000.0005493164062,999.9854125976562,999.9854125976562,999.9854125976562,999.9854125976562,1000.0,999.9854125976562,999.9854125976562,999.9854125976562,999.9854125976562,1000.0,999.9854125976562,1000.0079956054688,999.9854125976562,999.9854125976562,999.993408203125,1000.0245971679688,999.9854125976562,999.9854125976562,999.9854125976562,1000.0050048828124,999.9854125976562,999.9854125976562,999.9854125976562,999.9854125976562,999.9854125976562,1000.0,1000.0,1000.0,1000.0822143554688,999.9854125976562,999.9854125976562,999.9854125976562,999.9854125976562,999.9854125976562,999.9854125976562,1000.0,999.9854125976562,999.9854125976562,999.9854125976562,999.9854125976562,1000.0009765625,999.9854125976562
239,999.9854125976562,999.9854125976562,999.9854125976562,999.9854125976562,999.9854125976562,999.9854125976562,1000.0,999.9854125976562,1000.0005493164062,1000.0009155273438,999.9854125976562,999.9854125976562,999.9854125976562,999.9854125976562,999.9854125976562,999.9854125976562,1000.0,999.9854125976562,999.9854125976562,999.9854125976562,999.9854125976562,999.9854125976562,1000.0,1000.0009155273438,999.9854125976562,999.9854125976562,999.9854125976562,999.9854125976562,999.9854125976562,999.9854125976562,999.9854125976562,999.993408203125,999.9854125976562,1000.0009155273438,999.9854125976562,999.9854125976562,1000.0732421875,999.9854125976562,999.9854125976562,999.9854125976562,999.9854125976562,999.9854125976562,999.9854125976562,999.9854125976562,999.9854125976562,1000.0009155273438,999.9854125976562,999.9969482421876,999.9854736328124,999.9854125976562,1000.0005493164062,999.9854125976562,1000.0005493164062,999.9854125976562,999.9854125976562,999.9854125976562,999.9854125976562,1000.0005493164062,999.9854125976562,999.9854125976562,999.9854125976562,999.9854125976562,1000.0,999.9854125976562,999.9854125976562,999.9854125976562,999.9854125976562,1000.0,999.9854125976562,1000.0079956054688,999.9854125976562,999.9854125976562,999.993408203125,1000.0245971679688,999.9854125976562,999.9854125976562,999.9854125976562,1000.0050048828124,999.9854125976562,999.9854125976562,999.9854125976562,999.9854125976562,999.9854125976562,1000.0,1000.0,1000.0,1000.0822143554688,999.9854125976562,999.9854125976562,999.9854125976562,999.9854125976562,999.9854125976562,999.9854125976562,1000.0,999.9854125976562,999.9854125976562,999.9854125976562,999.9854125976562,1000.0009765625,999.9854125976562
240,999.9854125976562,999.9854125976562,999.9854125976562,999.9854125976562,999.9854125976562,999.9854125976562,1000.0,999.9854125976562,1000.0005493164062,1000.0009155273438,999.9854125976562,999.9854125976562,999.9854125976562,999.9854125976562,999.9854125976562,999.9854125976562,1000.0,999.9854125976562,999.9854125976562,999.9854125976562,999.9854125976562,999.9854125976562,1000.0,1000.0009155273438,999.9854125976562,999.9854125976562,999.9854125976562,999.9854125976562,999.9854125976562,999.9854125976562,999.9854125976562,999.993408203125,999.9854125976562,1000.0009155273438,999.9854125976562,999.9854125976562,1000.0732421875,999.9854125976562,999.9854125976562,999.9854125976562,999.9854125976562,999.9854125976562,999.9854125976562,999.9854125976562,999.9854125976562,1000.0009155273438,999.9854125976562,999.9969482421876,999.9854736328124,999.9854125976562,1000.0005493164062,999.9854125976562,1000.0005493164062,999.9854125976562,999.9854125976562,999.9854125976562,999.9854125976562,1000.0005493164062,999.9854125976562,999.9854125976562,999.9854125976562,999.9854125976562,1000.0,999.9854125976562,999.9854125976562,999.9854125976562,999.9854125976562,1000.0,999.9854125976562,1000.0079956054688,999.9854125976562,999.9854125976562,999.993408203125,1000.0245971679688,999.9854125976562,999.9854125976562,999.9854125976562,1000.0050048828124,999.9854125976562,999.9854125976562,999.9854125976562,999.9854125976562,999.9854125976562,1000.0,1000.0,1000.0,1000.0822143554688,999.9854125976562,999.9854125976562,999.9854125976562,999.9854125976562,999.9854125976562,999.9854125976562,1000.0,999.9854125976562,999.9854125976562,999.9854125976562,999.9854125976562,1000.0009765625,999.9854125976562
241,999.9854125976562,999.9854125976562,999.9854125976562,999.9854125976562,999.9854125976562,999.9854125976562,1000.0,999.9854125976562,1000.0005493164062,1000.0009155273438,999.9854125976562,999.9854125976562,999.9854125976562,999.9854125976562,999.9854125976562,999.9854125976562,1000.0,999.9854125976562,999.9854125976562,999.9854125976562,999.9854125976562,999.9854125976562,1000.0,1000.0009155273438,999.9854125976562,999.9854125976562,999.9854125976562,999.9854125976562,999.9854125976562,999.9854125976562,999.9854125976562,999.993408203125,999.9854125976562,1000.0009155273438,999.9854125976562,999.9854125976562,1000.0732421875,999.9854125976562,999.9854125976562,999.9854125976562,999.9854125976562,999.9854125976562,999.9854125976562,999.9854125976562,999.9854125976562,1000.0009155273438,999.9854125976562,999.9969482421876,999.9854736328124,999.9854125976562,1000.0005493164062,999.9854125976562,1000.0005493164062,999.9854125976562,999.9854125976562,999.9854125976562,999.9854125976562,1000.0005493164062,999.9854125976562,999.9854125976562,999.9854125976562,999.9854125976562,1000.0,999.9854125976562,999.9854125976562,999.9854125976562,999.9854125976562,1000.0,999.9854125976562,1000.0079956054688,999.9854125976562,999.9854125976562,999.993408203125,1000.0245971679688,999.9854125976562,999.9854125976562,999.9854125976562,1000.0050048828124,999.9854125976562,999.9854125976562,999.9854125976562,999.9854125976562,999.9854125976562,1000.0,1000.0,1000.0,1000.0822143554688,999.9854125976562,999.9854125976562,999.9854125976562,999.9854125976562,999.9854125976562,999.9854125976562,1000.0,999.9854125976562,999.9854125976562,999.9854125976562,999.9854125976562,1000.0009765625,999.9854125976562
242,999.9854125976562,999.9854125976562,999.9854125976562,999.9854125976562,999.9854125976562,999.9854125976562,1000.0,999.9854125976562,1000.0005493164062,1000.0009155273438,999.9854125976562,999.9854125976562,999.9854125976562,999.9854125976562,999.9854125976562,999.9854125976562,1000.0,999.9854125976562,999.9854125976562,999.9854125976562,999.9854125976562,999.9854125976562,1000.0,1000.0009155273438,999.9854125976562,999.9854125976562,999.9854125976562,999.9854125976562,999.9854125976562,999.9854125976562,999.9854125976562,999.993408203125,999.9854125976562,1000.0009155273438,999.9854125976562,999.9854125976562,1000.0732421875,999.9854125976562,999.9854125976562,999.9854125976562,999.9854125976562,999.9854125976562,999.9854125976562,999.9854125976562,999.9854125976562,1000.0009155273438,999.9854125976562,999.9969482421876,999.9854736328124,999.9854125976562,1000.0005493164062,999.9854125976562,1000.0005493164062,999.9854125976562,999.9854125976562,999.9854125976562,999.9854125976562,1000.0005493164062,999.9854125976562,999.9854125976562,999.9854125976562,999.9854125976562,1000.0,999.9854125976562,999.9854125976562,999.9854125976562,999.9854125976562,1000.0,999.9854125976562,1000.0079956054688,999.9854125976562,999.9854125976562,999.993408203125,1000.0245971679688,999.9854125976562,999.9854125976562,999.9854125976562,1000.0050048828124,999.9854125976562,999.9854125976562,999.9854125976562,999.9854125976562,999.9854125976562,1000.0,1000.0,1000.0,1000.0822143554688,999.9854125976562,999.9854125976562,999.9854125976562,999.9854125976562,999.9854125976562,999.9854125976562,1000.0,999.9854125976562,999.9854125976562,999.9854125976562,999.9854125976562,1000.0009765625,999.9854125976562
243,999.9854125976562,999.9854125976562,999.9854125976562,999.9854125976562,999.9854125976562,999.9854125976562,1000.0,999.9854125976562,1000.0005493164062,1000.0009155273438,999.9854125976562,999.9854125976562,999.9854125976562,999.9854125976562,999.9854125976562,999.9854125976562,1000.0,999.9854125976562,999.9854125976562,999.9854125976562,999.9854125976562,999.9854125976562,1000.0,1000.0009155273438,999.9854125976562,999.9854125976562,999.9854125976562,999.9854125976562,999.9854125976562,999.9854125976562,999.9854125976562,999.993408203125,999.9854125976562,1000.0009155273438,999.9854125976562,999.9854125976562,1000.0732421875,999.9854125976562,999.9854125976562,999.9854125976562,999.9854125976562,999.9854125976562,999.9854125976562,999.9854125976562,999.9854125976562,1000.0009155273438,999.9854125976562,999.9969482421876,999.9854736328124,999.9854125976562,1000.0005493164062,999.9854125976562,1000.0005493164062,999.9854125976562,999.9854125976562,999.9854125976562,999.9854125976562,1000.0005493164062,999.9854125976562,999.9854125976562,999.9854125976562,999.9854125976562,1000.0,999.9854125976562,999.9854125976562,999.9854125976562,999.9854125976562,1000.0,999.9854125976562,1000.0079956054688,999.9854125976562,999.9854125976562,999.993408203125,1000.0245971679688,999.9854125976562,999.9854125976562,999.9854125976562,1000.0050048828124,999.9854125976562,999.9854125976562,999.9854125976562,999.9854125976562,999.9854125976562,1000.0,1000.0,1000.0,1000.0822143554688,999.9854125976562,999.9854125976562,999.9854125976562,999.9854125976562,999.9854125976562,999.9854125976562,1000.0,999.9854125976562,999.9854125976562,999.9854125976562,999.9854125976562,1000.0009765625,999.9854125976562
244,999.9854125976562,999.9854125976562,999.9854125976562,999.9854125976562,999.9854125976562,999.9854125976562,1000.0,999.9854125976562,1000.0005493164062,1000.0009155273438,999.9854125976562,999.9854125976562,999.9854125976562,999.9854125976562,999.9854125976562,999.9854125976562,1000.0,999.9854125976562,999.9854125976562,999.9854125976562,999.9854125976562,999.9854125976562,1000.0,1000.0009155273438,999.9854125976562,999.9854125976562,999.9854125976562,999.9854125976562,999.9854125976562,999.9854125976562,999.9854125976562,999.993408203125,999.9854125976562,1000.0009155273438,999.9854125976562,999.9854125976562,1000.0732421875,999.9854125976562,999.9854125976562,999.9854125976562,999.9854125976562,999.9854125976562,999.9854125976562,999.9854125976562,999.9854125976562,1000.0009155273438,999.9854125976562,999.9969482421876,999.9854736328124,999.9854125976562,1000.0005493164062,999.9854125976562,1000.0005493164062,999.9854125976562,999.9854125976562,999.9854125976562,999.9854125976562,1000.0005493164062,999.9854125976562,999.9854125976562,999.9854125976562,999.9854125976562,1000.0,999.9854125976562,999.9854125976562,999.9854125976562,999.9854125976562,1000.0,999.9854125976562,1000.0079956054688,999.9854125976562,999.9854125976562,999.993408203125,1000.0245971679688,999.9854125976562,999.9854125976562,999.9854125976562,1000.0050048828124,999.9854125976562,999.9854125976562,999.9854125976562,999.9854125976562,999.9854125976562,1000.0,1000.0,1000.0,1000.0822143554688,999.9854125976562,999.9854125976562,999.9854125976562,999.9854125976562,999.9854125976562,999.9854125976562,1000.0,999.9854125976562,999.9854125976562,999.9854125976562,999.9854125976562,1000.0009765625,999.9854125976562
245,999.9854125976562,999.9854125976562,999.9854125976562,999.9854125976562,999.9854125976562,999.9854125976562,1000.0,999.9854125976562,1000.0005493164062,1000.0009155273438,999.9854125976562,999.9854125976562,999.9854125976562,999.9854125976562,999.9854125976562,999.9854125976562,1000.0,999.9854125976562,999.9854125976562,999.9854125976562,999.9854125976562,999.9854125976562,1000.0,1000.0009155273438,999.9854125976562,999.9854125976562,999.9854125976562,999.9854125976562,999.9854125976562,999.9854125976562,999.9854125976562,999.993408203125,999.9854125976562,1000.0009155273438,999.9854125976562,999.9854125976562,1000.0732421875,999.9854125976562,999.9854125976562,999.9854125976562,999.9854125976562,999.9854125976562,999.9854125976562,999.9854125976562,999.9854125976562,1000.0009155273438,999.9854125976562,999.9969482421876,999.9854736328124,999.9854125976562,1000.0005493164062,999.9854125976562,1000.0005493164062,999.9854125976562,999.9854125976562,999.9854125976562,999.9854125976562,1000.0005493164062,999.9854125976562,999.9854125976562,999.9854125976562,999.9854125976562,1000.0,999.9854125976562,999.9854125976562,999.9854125976562,999.9854125976562,1000.0,999.9854125976562,1000.0079956054688,999.9854125976562,999.9854125976562,999.993408203125,1000.0245971679688,999.9854125976562,999.9854125976562,999.9854125976562,1000.0050048828124,999.9854125976562,999.9854125976562,999.9854125976562,999.9854125976562,999.9854125976562,1000.0,1000.0,1000.0,1000.0822143554688,999.9854125976562,999.9854125976562,999.9854125976562,999.9854125976562,999.9854125976562,999.9854125976562,1000.0,999.9854125976562,999.9854125976562,999.9854125976562,999.9854125976562,1000.0009765625,999.9854125976562
246,999.9854125976562,999.9854125976562,999.9854125976562,999.9854125976562,999.9854125976562,999.9854125976562,1000.0,999.9854125976562,1000.0005493164062,1000.0009155273438,999.9854125976562,999.9854125976562,999.9854125976562,999.9854125976562,999.9854125976562,999.9854125976562,1000.0,999.9854125976562,999.9854125976562,999.9854125976562,999.9854125976562,999.9854125976562,1000.0,1000.0009155273438,999.9854125976562,999.9854125976562,999.9854125976562,999.9854125976562,999.9854125976562,999.9854125976562,999.9854125976562,999.993408203125,999.9854125976562,1000.0009155273438,999.9854125976562,999.9854125976562,1000.0732421875,999.9854125976562,999.9854125976562,999.9854125976562,999.9854125976562,999.9854125976562,999.9854125976562,999.9854125976562,999.9854125976562,1000.0009155273438,999.9854125976562,999.9969482421876,999.9854736328124,999.9854125976562,1000.0005493164062,999.9854125976562,1000.0005493164062,999.9854125976562,999.9854125976562,999.9854125976562,999.9854125976562,1000.0005493164062,999.9854125976562,999.9854125976562,999.9854125976562,999.9854125976562,1000.0,999.9854125976562,999.9854125976562,999.9854125976562,999.9854125976562,1000.0,999.9854125976562,1000.0079956054688,999.9854125976562,999.9854125976562,999.993408203125,1000.0245971679688,999.9854125976562,999.9854125976562,999.9854125976562,1000.0050048828124,999.9854125976562,999.9854125976562,999.9854125976562,999.9854125976562,999.9854125976562,1000.0,1000.0,1000.0,1000.0822143554688,999.9854125976562,999.9854125976562,999.9854125976562,999.9854125976562,999.9854125976562,999.9854125976562,1000.0,999.9854125976562,999.9854125976562,999.9854125976562,999.9854125976562,1000.0009765625,999.9854125976562
247,999.9854125976562,999.9854125976562,999.9854125976562,999.9854125976562,999.9854125976562,999.9854125976562,1000.0,999.9854125976562,1000.0005493164062,1000.0009155273438,999.9854125976562,999.9854125976562,999.9854125976562,999.9854125976562,999.9854125976562,999.9854125976562,1000.0,999.9854125976562,999.9854125976562,999.9854125976562,999.9854125976562,999.9854125976562,1000.0,1000.0009155273438,999.9854125976562,999.9854125976562,999.9854125976562,999.9854125976562,999.9854125976562,999.9854125976562,999.9854125976562,999.993408203125,999.9854125976562,1000.0009155273438,999.9854125976562,999.9854125976562,1000.0732421875,999.9854125976562,999.9854125976562,999.9854125976562,999.9854125976562,999.9854125976562,999.9854125976562,999.9854125976562,999.9854125976562,1000.0009155273438,999.9854125976562,999.9969482421876,999.9854736328124,999.9854125976562,1000.0005493164062,999.9854125976562,1000.0005493164062,999.9854125976562,999.9854125976562,999.9854125976562,999.9854125976562,1000.0005493164062,999.9854125976562,999.9854125976562,999.9854125976562,999.9854125976562,1000.0,999.9854125976562,999.9854125976562,999.9854125976562,999.9854125976562,1000.0,999.9854125976562,1000.0079956054688,999.9854125976562,999.9854125976562,999.993408203125,1000.0245971679688,999.9854125976562,999.9854125976562,999.9854125976562,1000.0050048828124,999.9854125976562,999.9854125976562,999.9854125976562,999.9854125976562,999.9854125976562,1000.0,1000.0,1000.0,1000.0822143554688,999.9854125976562,999.9854125976562,999.9854125976562,999.9854125976562,999.9854125976562,999.9854125976562,1000.0,999.9854125976562,999.9854125976562,999.9854125976562,999.9854125976562,1000.0009765625,999.9854125976562
248,999.9854125976562,999.9854125976562,999.9854125976562,999.9854125976562,999.9854125976562,999.9854125976562,1000.0,999.9854125976562,1000.0005493164062,1000.0009155273438,999.9854125976562,999.9854125976562,999.9854125976562,999.9854125976562,999.9854125976562,999.9854125976562,1000.0,999.9854125976562,999.9854125976562,999.9854125976562,999.9854125976562,999.9854125976562,1000.0,1000.0009155273438,999.9854125976562,999.9854125976562,999.9854125976562,999.9854125976562,999.9854125976562,999.9854125976562,999.9854125976562,999.993408203125,999.9854125976562,1000.0009155273438,999.9854125976562,999.9854125976562,1000.0732421875,999.9854125976562,999.9854125976562,999.9854125976562,999.9854125976562,999.9854125976562,999.9854125976562,999.9854125976562,999.9854125976562,1000.0009155273438,999.9854125976562,999.9969482421876,999.9854736328124,999.9854125976562,1000.0005493164062,999.9854125976562,1000.0005493164062,999.9854125976562,999.9854125976562,999.9854125976562,999.9854125976562,1000.0005493164062,999.9854125976562,999.9854125976562,999.9854125976562,999.9854125976562,1000.0,999.9854125976562,999.9854125976562,999.9854125976562,999.9854125976562,1000.0,999.9854125976562,1000.0079956054688,999.9854125976562,999.9854125976562,999.993408203125,1000.0245971679688,999.9854125976562,999.9854125976562,999.9854125976562,1000.0050048828124,999.9854125976562,999.9854125976562,999.9854125976562,999.9854125976562,999.9854125976562,1000.0,1000.0,1000.0,1000.0822143554688,999.9854125976562,999.9854125976562,999.9854125976562,999.9854125976562,999.9854125976562,999.9854125976562,1000.0,999.9854125976562,999.9854125976562,999.9854125976562,999.9854125976562,1000.0009765625,999.9854125976562
249,999.9854125976562,999.9854125976562,999.9854125976562,999.9854125976562,999.9854125976562,999.9854125976562,1000.0,999.9854125976562,1000.0005493164062,1000.0009155273438,999.9854125976562,999.9854125976562,999.9854125976562,999.9854125976562,999.9854125976562,999.9854125976562,1000.0,999.9854125976562,999.9854125976562,999.9854125976562,999.9854125976562,999.9854125976562,1000.0,1000.0009155273438,999.9854125976562,999.9854125976562,999.9854125976562,999.9854125976562,999.9854125976562,999.9854125976562,999.9854125976562,999.993408203125,999.9854125976562,1000.0009155273438,999.9854125976562,999.9854125976562,1000.0732421875,999.9854125976562,999.9854125976562,999.9854125976562,999.9854125976562,999.9854125976562,999.9854125976562,999.9854125976562,999.9854125976562,1000.0009155273438,999.9854125976562,999.9969482421876,999.9854736328124,999.9854125976562,1000.0005493164062,999.9854125976562,1000.0005493164062,999.9854125976562,999.9854125976562,999.9854125976562,999.9854125976562,1000.0005493164062,999.9854125976562,999.9854125976562,999.9854125976562,999.9854125976562,1000.0,999.9854125976562,999.9854125976562,999.9854125976562,999.9854125976562,1000.0,999.9854125976562,1000.0079956054688,999.9854125976562,999.9854125976562,999.993408203125,1000.0245971679688,999.9854125976562,999.9854125976562,999.9854125976562,1000.0050048828124,999.9854125976562,999.9854125976562,999.9854125976562,999.9854125976562,999.9854125976562,1000.0,1000.0,1000.0,1000.0822143554688,999.9854125976562,999.9854125976562,999.9854125976562,999.9854125976562,999.9854125976562,999.9854125976562,1000.0,999.9854125976562,999.9854125976562,999.9854125976562,999.9854125976562,1000.0009765625,999.9854125976562
250,999.9854125976562,999.9854125976562,999.9854125976562,999.9854125976562,999.9854125976562,999.9854125976562,1000.0,999.9854125976562,1000.0005493164062,1000.0009155273438,999.9854125976562,999.9854125976562,999.9854125976562,999.9854125976562,999.9854125976562,999.9854125976562,1000.0,999.9854125976562,999.9854125976562,999.9854125976562,999.9854125976562,999.9854125976562,1000.0,1000.0009155273438,999.9854125976562,999.9854125976562,999.9854125976562,999.9854125976562,999.9854125976562,999.9854125976562,999.9854125976562,999.993408203125,999.9854125976562,1000.0009155273438,999.9854125976562,999.9854125976562,1000.0732421875,999.9854125976562,999.9854125976562,999.9854125976562,999.9854125976562,999.9854125976562,999.9854125976562,999.9854125976562,999.9854125976562,1000.0009155273438,999.9854125976562,999.9969482421876,999.9854736328124,999.9854125976562,1000.0005493164062,999.9854125976562,1000.0005493164062,999.9854125976562,999.9854125976562,999.9854125976562,999.9854125976562,1000.0005493164062,999.9854125976562,999.9854125976562,999.9854125976562,999.9854125976562,1000.0,999.9854125976562,999.9854125976562,999.9854125976562,999.9854125976562,1000.0,999.9854125976562,1000.0079956054688,999.9854125976562,999.9854125976562,999.993408203125,1000.0245971679688,999.9854125976562,999.9854125976562,999.9854125976562,1000.0050048828124,999.9854125976562,999.9854125976562,999.9854125976562,999.9854125976562,999.9854125976562,1000.0,1000.0,1000.0,1000.0822143554688,999.9854125976562,999.9854125976562,999.9854125976562,999.9854125976562,999.9854125976562,999.9854125976562,1000.0,999.9854125976562,999.9854125976562,999.9854125976562,999.9854125976562,1000.0009765625,999.9854125976562
251,999.9854125976562,999.9854125976562,999.9854125976562,999.9854125976562,999.9854125976562,999.9854125976562,1000.0,999.9854125976562,1000.0005493164062,1000.0009155273438,999.9854125976562,999.9854125976562,999.9854125976562,999.9854125976562,999.9854125976562,999.9854125976562,1000.0,999.9854125976562,999.9854125976562,999.9854125976562,999.9854125976562,999.9854125976562,1000.0,1000.0009155273438,999.9854125976562,999.9854125976562,999.9854125976562,999.9854125976562,999.9854125976562,999.9854125976562,999.9854125976562,999.993408203125,999.9854125976562,1000.0009155273438,999.9854125976562,999.9854125976562,1000.0732421875,999.9854125976562,999.9854125976562,999.9854125976562,999.9854125976562,999.9854125976562,999.9854125976562,999.9854125976562,999.9854125976562,1000.0009155273438,999.9854125976562,999.9969482421876,999.9854736328124,999.9854125976562,1000.0005493164062,999.9854125976562,1000.0005493164062,999.9854125976562,999.9854125976562,999.9854125976562,999.9854125976562,1000.0005493164062,999.9854125976562,999.9854125976562,999.9854125976562,999.9854125976562,1000.0,999.9854125976562,999.9854125976562,999.9854125976562,999.9854125976562,1000.0,999.9854125976562,1000.0079956054688,999.9854125976562,999.9854125976562,999.993408203125,1000.0245971679688,999.9854125976562,999.9854125976562,999.9854125976562,1000.0050048828124,999.9854125976562,999.9854125976562,999.9854125976562,999.9854125976562,999.9854125976562,1000.0,1000.0,1000.0,1000.0822143554688,999.9854125976562,999.9854125976562,999.9854125976562,999.9854125976562,999.9854125976562,999.9854125976562,1000.0,999.9854125976562,999.9854125976562,999.9854125976562,999.9854125976562,1000.0009765625,999.9854125976562
252,999.9854125976562,999.9854125976562,999.9854125976562,999.9854125976562,999.9854125976562,999.9854125976562,1000.0,999.9854125976562,1000.0005493164062,1000.0009155273438,999.9854125976562,999.9854125976562,999.9854125976562,999.9854125976562,999.9854125976562,999.9854125976562,1000.0,999.9854125976562,999.9854125976562,999.9854125976562,999.9854125976562,999.9854125976562,1000.0,1000.0009155273438,999.9854125976562,999.9854125976562,999.9854125976562,999.9854125976562,999.9854125976562,999.9854125976562,999.9854125976562,999.993408203125,999.9854125976562,1000.0009155273438,999.9854125976562,999.9854125976562,1000.0732421875,999.9854125976562,999.9854125976562,999.9854125976562,999.9854125976562,999.9854125976562,999.9854125976562,999.9854125976562,999.9854125976562,1000.0009155273438,999.9854125976562,999.9969482421876,999.9854736328124,999.9854125976562,1000.0005493164062,999.9854125976562,1000.0005493164062,999.9854125976562,999.9854125976562,999.9854125976562,999.9854125976562,1000.0005493164062,999.9854125976562,999.9854125976562,999.9854125976562,999.9854125976562,1000.0,999.9854125976562,999.9854125976562,999.9854125976562,999.9854125976562,1000.0,999.9854125976562,1000.0079956054688,999.9854125976562,999.9854125976562,999.993408203125,1000.0245971679688,999.9854125976562,999.9854125976562,999.9854125976562,1000.0050048828124,999.9854125976562,999.9854125976562,999.9854125976562,999.9854125976562,999.9854125976562,1000.0,1000.0,1000.0,1000.0822143554688,999.9854125976562,999.9854125976562,999.9854125976562,999.9854125976562,999.9854125976562,999.9854125976562,1000.0,999.9854125976562,999.9854125976562,999.9854125976562,999.9854125976562,1000.0009765625,999.9854125976562
253,999.9854125976562,999.9854125976562,999.9854125976562,999.9854125976562,999.9854125976562,999.9854125976562,1000.0,999.9854125976562,1000.0005493164062,1000.0009155273438,999.9854125976562,999.9854125976562,999.9854125976562,999.9854125976562,999.9854125976562,999.9854125976562,1000.0,999.9854125976562,999.9854125976562,999.9854125976562,999.9854125976562,999.9854125976562,1000.0,1000.0009155273438,999.9854125976562,999.9854125976562,999.9854125976562,999.9854125976562,999.9854125976562,999.9854125976562,999.9854125976562,999.993408203125,999.9854125976562,1000.0009155273438,999.9854125976562,999.9854125976562,1000.0732421875,999.9854125976562,999.9854125976562,999.9854125976562,999.9854125976562,999.9854125976562,999.9854125976562,999.9854125976562,999.9854125976562,1000.0009155273438,999.9854125976562,999.9969482421876,999.9854736328124,999.9854125976562,1000.0005493164062,999.9854125976562,1000.0005493164062,999.9854125976562,999.9854125976562,999.9854125976562,999.9854125976562,1000.0005493164062,999.9854125976562,999.9854125976562,999.9854125976562,999.9854125976562,1000.0,999.9854125976562,999.9854125976562,999.9854125976562,999.9854125976562,1000.0,999.9854125976562,1000.0079956054688,999.9854125976562,999.9854125976562,999.993408203125,1000.0245971679688,999.9854125976562,999.9854125976562,999.9854125976562,1000.0050048828124,999.9854125976562,999.9854125976562,999.9854125976562,999.9854125976562,999.9854125976562,1000.0,1000.0,1000.0,1000.0822143554688,999.9854125976562,999.9854125976562,999.9854125976562,999.9854125976562,999.9854125976562,999.9854125976562,1000.0,999.9854125976562,999.9854125976562,999.9854125976562,999.9854125976562,1000.0009765625,999.9854125976562
254,999.9854125976562,999.9854125976562,999.9854125976562,999.9854125976562,999.9854125976562,999.9854125976562,1000.0,999.9854125976562,1000.0005493164062,1000.0009155273438,999.9854125976562,999.9854125976562,999.9854125976562,999.9854125976562,999.9854125976562,999.9854125976562,1000.0,999.9854125976562,999.9854125976562,999.9854125976562,999.9854125976562,999.9854125976562,1000.0,1000.0009155273438,999.9854125976562,999.9854125976562,999.9854125976562,999.9854125976562,999.9854125976562,999.9854125976562,999.9854125976562,999.993408203125,999.9854125976562,1000.0009155273438,999.9854125976562,999.9854125976562,1000.0732421875,999.9854125976562,999.9854125976562,999.9854125976562,999.9854125976562,999.9854125976562,999.9854125976562,999.9854125976562,999.9854125976562,1000.0009155273438,999.9854125976562,999.9969482421876,999.9854736328124,999.9854125976562,1000.0005493164062,999.9854125976562,1000.0005493164062,999.9854125976562,999.9854125976562,999.9854125976562,999.9854125976562,1000.0005493164062,999.9854125976562,999.9854125976562,999.9854125976562,999.9854125976562,1000.0,999.9854125976562,999.9854125976562,999.9854125976562,999.9854125976562,1000.0,999.9854125976562,1000.0079956054688,999.9854125976562,999.9854125976562,999.993408203125,1000.0245971679688,999.9854125976562,999.9854125976562,999.9854125976562,1000.0050048828124,999.9854125976562,999.9854125976562,999.9854125976562,999.9854125976562,999.9854125976562,1000.0,1000.0,1000.0,1000.0822143554688,999.9854125976562,999.9854125976562,999.9854125976562,999.9854125976562,999.9854125976562,999.9854125976562,1000.0,999.9854125976562,999.9854125976562,999.9854125976562,999.9854125976562,1000.0009765625,999.9854125976562
255,999.9854125976562,999.9854125976562,999.9854125976562,999.9854125976562,999.9854125976562,999.9854125976562,1000.0,999.9854125976562,1000.0005493164062,1000.0009155273438,999.9854125976562,999.9854125976562,999.9854125976562,999.9854125976562,999.9854125976562,999.9854125976562,1000.0,999.9854125976562,999.9854125976562,999.9854125976562,999.9854125976562,999.9854125976562,1000.0,1000.0009155273438,999.9854125976562,999.9854125976562,999.9854125976562,999.9854125976562,999.9854125976562,999.9854125976562,999.9854125976562,999.993408203125,999.9854125976562,1000.0009155273438,999.9854125976562,999.9854125976562,1000.0732421875,999.9854125976562,999.9854125976562,999.9854125976562,999.9854125976562,999.9854125976562,999.9854125976562,999.9854125976562,999.9854125976562,1000.0009155273438,999.9854125976562,999.9969482421876,999.9854736328124,999.9854125976562,1000.0005493164062,999.9854125976562,1000.0005493164062,999.9854125976562,999.9854125976562,999.9854125976562,999.9854125976562,1000.0005493164062,999.9854125976562,999.9854125976562,999.9854125976562,999.9854125976562,1000.0,999.9854125976562,999.9854125976562,999.9854125976562,999.9854125976562,1000.0,999.9854125976562,1000.0079956054688,999.9854125976562,999.9854125976562,999.993408203125,1000.0245971679688,999.9854125976562,999.9854125976562,999.9854125976562,1000.0050048828124,999.9854125976562,999.9854125976562,999.9854125976562,999.9854125976562,999.9854125976562,1000.0,1000.0,1000.0,1000.0822143554688,999.9854125976562,999.9854125976562,999.9854125976562,999.9854125976562,999.9854125976562,999.9854125976562,1000.0,999.9854125976562,999.9854125976562,999.9854125976562,999.9854125976562,1000.0009765625,999.9854125976562
256,999.9854125976562,999.9854125976562,999.9854125976562,999.9854125976562,999.9854125976562,999.9854125976562,1000.0,999.9854125976562,1000.0005493164062,1000.0009155273438,999.9854125976562,999.9854125976562,999.9854125976562,999.9854125976562,999.9854125976562,999.9854125976562,1000.0,999.9854125976562,999.9854125976562,999.9854125976562,999.9854125976562,999.9854125976562,1000.0,1000.0009155273438,999.9854125976562,999.9854125976562,999.9854125976562,999.9854125976562,999.9854125976562,999.9854125976562,999.9854125976562,999.993408203125,999.9854125976562,1000.0009155273438,999.9854125976562,999.9854125976562,1000.0732421875,999.9854125976562,999.9854125976562,999.9854125976562,999.9854125976562,999.9854125976562,999.9854125976562,999.9854125976562,999.9854125976562,1000.0009155273438,999.9854125976562,999.9969482421876,999.9854736328124,999.9854125976562,1000.0005493164062,999.9854125976562,1000.0005493164062,999.9854125976562,999.9854125976562,999.9854125976562,999.9854125976562,1000.0005493164062,999.9854125976562,999.9854125976562,999.9854125976562,999.9854125976562,1000.0,999.9854125976562,999.9854125976562,999.9854125976562,999.9854125976562,1000.0,999.9854125976562,1000.0079956054688,999.9854125976562,999.9854125976562,999.993408203125,1000.0245971679688,999.9854125976562,999.9854125976562,999.9854125976562,1000.0050048828124,999.9854125976562,999.9854125976562,999.9854125976562,999.9854125976562,999.9854125976562,1000.0,1000.0,1000.0,1000.0822143554688,999.9854125976562,999.9854125976562,999.9854125976562,999.9854125976562,999.9854125976562,999.9854125976562,1000.0,999.9854125976562,999.9854125976562,999.9854125976562,999.9854125976562,1000.0009765625,999.9854125976562
257,999.9854125976562,999.9854125976562,999.9854125976562,999.9854125976562,999.9854125976562,999.9854125976562,1000.0,999.9854125976562,1000.0005493164062,1000.0009155273438,999.9854125976562,999.9854125976562,999.9854125976562,999.9854125976562,999.9854125976562,999.9854125976562,1000.0,999.9854125976562,999.9854125976562,999.9854125976562,999.9854125976562,999.9854125976562,1000.0,1000.0009155273438,999.9854125976562,999.9854125976562,999.9854125976562,999.9854125976562,999.9854125976562,999.9854125976562,999.9854125976562,999.993408203125,999.9854125976562,1000.0009155273438,999.9854125976562,999.9854125976562,1000.0732421875,999.9854125976562,999.9854125976562,999.9854125976562,999.9854125976562,999.9854125976562,999.9854125976562,999.9854125976562,999.9854125976562,1000.0009155273438,999.9854125976562,999.9969482421876,999.9854736328124,999.9854125976562,1000.0005493164062,999.9854125976562,1000.0005493164062,999.9854125976562,999.9854125976562,999.9854125976562,999.9854125976562,1000.0005493164062,999.9854125976562,999.9854125976562,999.9854125976562,999.9854125976562,1000.0,999.9854125976562,999.9854125976562,999.9854125976562,999.9854125976562,1000.0,999.9854125976562,1000.0079956054688,999.9854125976562,999.9854125976562,999.993408203125,1000.0245971679688,999.9854125976562,999.9854125976562,999.9854125976562,1000.0050048828124,999.9854125976562,999.9854125976562,999.9854125976562,999.9854125976562,999.9854125976562,1000.0,1000.0,1000.0,1000.0822143554688,999.9854125976562,999.9854125976562,999.9854125976562,999.9854125976562,999.9854125976562,999.9854125976562,1000.0,999.9854125976562,999.9854125976562,999.9854125976562,999.9854125976562,1000.0009765625,999.9854125976562
258,999.9854125976562,999.9854125976562,999.9854125976562,999.9854125976562,999.9854125976562,999.9854125976562,1000.0,999.9854125976562,1000.0005493164062,1000.0009155273438,999.9854125976562,999.9854125976562,999.9854125976562,999.9854125976562,999.9854125976562,999.9854125976562,1000.0,999.9854125976562,999.9854125976562,999.9854125976562,999.9854125976562,999.9854125976562,1000.0,1000.0009155273438,999.9854125976562,999.9854125976562,999.9854125976562,999.9854125976562,999.9854125976562,999.9854125976562,999.9854125976562,999.993408203125,999.9854125976562,1000.0009155273438,999.9854125976562,999.9854125976562,1000.0732421875,999.9854125976562,999.9854125976562,999.9854125976562,999.9854125976562,999.9854125976562,999.9854125976562,999.9854125976562,999.9854125976562,1000.0009155273438,999.9854125976562,999.9969482421876,999.9854736328124,999.9854125976562,1000.0005493164062,999.9854125976562,1000.0005493164062,999.9854125976562,999.9854125976562,999.9854125976562,999.9854125976562,1000.0005493164062,999.9854125976562,999.9854125976562,999.9854125976562,999.9854125976562,1000.0,999.9854125976562,999.9854125976562,999.9854125976562,999.9854125976562,1000.0,999.9854125976562,1000.0079956054688,999.9854125976562,999.9854125976562,999.993408203125,1000.0245971679688,999.9854125976562,999.9854125976562,999.9854125976562,1000.0050048828124,999.9854125976562,999.9854125976562,999.9854125976562,999.9854125976562,999.9854125976562,1000.0,1000.0,1000.0,1000.0822143554688,999.9854125976562,999.9854125976562,999.9854125976562,999.9854125976562,999.9854125976562,999.9854125976562,1000.0,999.9854125976562,999.9854125976562,999.9854125976562,999.9854125976562,1000.0009765625,999.9854125976562
259,999.9854125976562,999.9854125976562,999.9854125976562,999.9854125976562,999.9854125976562,999.9854125976562,1000.0,999.9854125976562,1000.0005493164062,1000.0009155273438,999.9854125976562,999.9854125976562,999.9854125976562,999.9854125976562,999.9854125976562,999.9854125976562,1000.0,999.9854125976562,999.9854125976562,999.9854125976562,999.9854125976562,999.9854125976562,1000.0,1000.0009155273438,999.9854125976562,999.9854125976562,999.9854125976562,999.9854125976562,999.9854125976562,999.9854125976562,999.9854125976562,999.993408203125,999.9854125976562,1000.0009155273438,999.9854125976562,999.9854125976562,1000.0732421875,999.9854125976562,999.9854125976562,999.9854125976562,999.9854125976562,999.9854125976562,999.9854125976562,999.9854125976562,999.9854125976562,1000.0009155273438,999.9854125976562,999.9969482421876,999.9854736328124,999.9854125976562,1000.0005493164062,999.9854125976562,1000.0005493164062,999.9854125976562,999.9854125976562,999.9854125976562,999.9854125976562,1000.0005493164062,999.9854125976562,999.9854125976562,999.9854125976562,999.9854125976562,1000.0,999.9854125976562,999.9854125976562,999.9854125976562,999.9854125976562,1000.0,999.9854125976562,1000.0079956054688,999.9854125976562,999.9854125976562,999.993408203125,1000.0245971679688,999.9854125976562,999.9854125976562,999.9854125976562,1000.0050048828124,999.9854125976562,999.9854125976562,999.9854125976562,999.9854125976562,999.9854125976562,1000.0,1000.0,1000.0,1000.0822143554688,999.9854125976562,999.9854125976562,999.9854125976562,999.9854125976562,999.9854125976562,999.9854125976562,1000.0,999.9854125976562,999.9854125976562,999.9854125976562,999.9854125976562,1000.0009765625,999.9854125976562
260,999.9854125976562,999.9854125976562,999.9854125976562,999.9854125976562,999.9854125976562,999.9854125976562,1000.0,999.9854125976562,1000.0005493164062,1000.0009155273438,999.9854125976562,999.9854125976562,999.9854125976562,999.9854125976562,999.9854125976562,999.9854125976562,1000.0,999.9854125976562,999.9854125976562,999.9854125976562,999.9854125976562,999.9854125976562,1000.0,1000.0009155273438,999.9854125976562,999.9854125976562,999.9854125976562,999.9854125976562,999.9854125976562,999.9854125976562,999.9854125976562,999.993408203125,999.9854125976562,1000.0009155273438,999.9854125976562,999.9854125976562,1000.0732421875,999.9854125976562,999.9854125976562,999.9854125976562,999.9854125976562,999.9854125976562,999.9854125976562,999.9854125976562,999.9854125976562,1000.0009155273438,999.9854125976562,999.9969482421876,999.9854736328124,999.9854125976562,1000.0005493164062,999.9854125976562,1000.0005493164062,999.9854125976562,999.9854125976562,999.9854125976562,999.9854125976562,1000.0005493164062,999.9854125976562,999.9854125976562,999.9854125976562,999.9854125976562,1000.0,999.9854125976562,999.9854125976562,999.9854125976562,999.9854125976562,1000.0,999.9854125976562,1000.0079956054688,999.9854125976562,999.9854125976562,999.993408203125,1000.0245971679688,999.9854125976562,999.9854125976562,999.9854125976562,1000.0050048828124,999.9854125976562,999.9854125976562,999.9854125976562,999.9854125976562,999.9854125976562,1000.0,1000.0,1000.0,1000.0822143554688,999.9854125976562,999.9854125976562,999.9854125976562,999.9854125976562,999.9854125976562,999.9854125976562,1000.0,999.9854125976562,999.9854125976562,999.9854125976562,999.9854125976562,1000.0009765625,999.9854125976562
261,999.9854125976562,999.9854125976562,999.9854125976562,999.9854125976562,999.9854125976562,999.9854125976562,1000.0,999.9854125976562,1000.0005493164062,1000.0009155273438,999.9854125976562,999.9854125976562,999.9854125976562,999.9854125976562,999.9854125976562,999.9854125976562,1000.0,999.9854125976562,999.9854125976562,999.9854125976562,999.9854125976562,999.9854125976562,1000.0,1000.0009155273438,999.9854125976562,999.9854125976562,999.9854125976562,999.9854125976562,999.9854125976562,999.9854125976562,999.9854125976562,999.993408203125,999.9854125976562,1000.0009155273438,999.9854125976562,999.9854125976562,1000.0732421875,999.9854125976562,999.9854125976562,999.9854125976562,999.9854125976562,999.9854125976562,999.9854125976562,999.9854125976562,999.9854125976562,1000.0009155273438,999.9854125976562,999.9969482421876,999.9854736328124,999.9854125976562,1000.0005493164062,999.9854125976562,1000.0005493164062,999.9854125976562,999.9854125976562,999.9854125976562,999.9854125976562,1000.0005493164062,999.9854125976562,999.9854125976562,999.9854125976562,999.9854125976562,1000.0,999.9854125976562,999.9854125976562,999.9854125976562,999.9854125976562,1000.0,999.9854125976562,1000.0079956054688,999.9854125976562,999.9854125976562,999.993408203125,1000.0245971679688,999.9854125976562,999.9854125976562,999.9854125976562,1000.0050048828124,999.9854125976562,999.9854125976562,999.9854125976562,999.9854125976562,999.9854125976562,1000.0,1000.0,1000.0,1000.0822143554688,999.9854125976562,999.9854125976562,999.9854125976562,999.9854125976562,999.9854125976562,999.9854125976562,1000.0,999.9854125976562,999.9854125976562,999.9854125976562,999.9854125976562,1000.0009765625,999.9854125976562
262,999.9854125976562,999.9854125976562,999.9854125976562,999.9854125976562,999.9854125976562,999.9854125976562,1000.0,999.9854125976562,1000.0005493164062,1000.0009155273438,999.9854125976562,999.9854125976562,999.9854125976562,999.9854125976562,999.9854125976562,999.9854125976562,1000.0,999.9854125976562,999.9854125976562,999.9854125976562,999.9854125976562,999.9854125976562,1000.0,1000.0009155273438,999.9854125976562,999.9854125976562,999.9854125976562,999.9854125976562,999.9854125976562,999.9854125976562,999.9854125976562,999.993408203125,999.9854125976562,1000.0009155273438,999.9854125976562,999.9854125976562,1000.0732421875,999.9854125976562,999.9854125976562,999.9854125976562,999.9854125976562,999.9854125976562,999.9854125976562,999.9854125976562,999.9854125976562,1000.0009155273438,999.9854125976562,999.9969482421876,999.9854736328124,999.9854125976562,1000.0005493164062,999.9854125976562,1000.0005493164062,999.9854125976562,999.9854125976562,999.9854125976562,999.9854125976562,1000.0005493164062,999.9854125976562,999.9854125976562,999.9854125976562,999.9854125976562,1000.0,999.9854125976562,999.9854125976562,999.9854125976562,999.9854125976562,1000.0,999.9854125976562,1000.0079956054688,999.9854125976562,999.9854125976562,999.993408203125,1000.0245971679688,999.9854125976562,999.9854125976562,999.9854125976562,1000.0050048828124,999.9854125976562,999.9854125976562,999.9854125976562,999.9854125976562,999.9854125976562,1000.0,1000.0,1000.0,1000.0822143554688,999.9854125976562,999.9854125976562,999.9854125976562,999.9854125976562,999.9854125976562,999.9854125976562,1000.0,999.9854125976562,999.9854125976562,999.9854125976562,999.9854125976562,1000.0009765625,999.9854125976562
263,999.9854125976562,999.9854125976562,999.9854125976562,999.9854125976562,999.9854125976562,999.9854125976562,1000.0,999.9854125976562,1000.0005493164062,1000.0009155273438,999.9854125976562,999.9854125976562,999.9854125976562,999.9854125976562,999.9854125976562,999.9854125976562,1000.0,999.9854125976562,999.9854125976562,999.9854125976562,999.9854125976562,999.9854125976562,1000.0,1000.0009155273438,999.9854125976562,999.9854125976562,999.9854125976562,999.9854125976562,999.9854125976562,999.9854125976562,999.9854125976562,999.993408203125,999.9854125976562,1000.0009155273438,999.9854125976562,999.9854125976562,1000.0732421875,999.9854125976562,999.9854125976562,999.9854125976562,999.9854125976562,999.9854125976562,999.9854125976562,999.9854125976562,999.9854125976562,1000.0009155273438,999.9854125976562,999.9969482421876,999.9854736328124,999.9854125976562,1000.0005493164062,999.9854125976562,1000.0005493164062,999.9854125976562,999.9854125976562,999.9854125976562,999.9854125976562,1000.0005493164062,999.9854125976562,999.9854125976562,999.9854125976562,999.9854125976562,1000.0,999.9854125976562,999.9854125976562,999.9854125976562,999.9854125976562,1000.0,999.9854125976562,1000.0079956054688,999.9854125976562,999.9854125976562,999.993408203125,1000.0245971679688,999.9854125976562,999.9854125976562,999.9854125976562,1000.0050048828124,999.9854125976562,999.9854125976562,999.9854125976562,999.9854125976562,999.9854125976562,1000.0,1000.0,1000.0,1000.0822143554688,999.9854125976562,999.9854125976562,999.9854125976562,999.9854125976562,999.9854125976562,999.9854125976562,1000.0,999.9854125976562,999.9854125976562,999.9854125976562,999.9854125976562,1000.0009765625,999.9854125976562
264,999.9854125976562,999.9854125976562,999.9854125976562,999.9854125976562,999.9854125976562,999.9854125976562,1000.0,999.9854125976562,1000.0005493164062,1000.0009155273438,999.9854125976562,999.9854125976562,999.9854125976562,999.9854125976562,999.9854125976562,999.9854125976562,1000.0,999.9854125976562,999.9854125976562,999.9854125976562,999.9854125976562,999.9854125976562,1000.0,1000.0009155273438,999.9854125976562,999.9854125976562,999.9854125976562,999.9854125976562,999.9854125976562,999.9854125976562,999.9854125976562,999.993408203125,999.9854125976562,1000.0009155273438,999.9854125976562,999.9854125976562,1000.0732421875,999.9854125976562,999.9854125976562,999.9854125976562,999.9854125976562,999.9854125976562,999.9854125976562,999.9854125976562,999.9854125976562,1000.0009155273438,999.9854125976562,999.9969482421876,999.9854736328124,999.9854125976562,1000.0005493164062,999.9854125976562,1000.0005493164062,999.9854125976562,999.9854125976562,999.9854125976562,999.9854125976562,1000.0005493164062,999.9854125976562,999.9854125976562,999.9854125976562,999.9854125976562,1000.0,999.9854125976562,999.9854125976562,999.9854125976562,999.9854125976562,1000.0,999.9854125976562,1000.0079956054688,999.9854125976562,999.9854125976562,999.993408203125,1000.0245971679688,999.9854125976562,999.9854125976562,999.9854125976562,1000.0050048828124,999.9854125976562,999.9854125976562,999.9854125976562,999.9854125976562,999.9854125976562,1000.0,1000.0,1000.0,1000.0822143554688,999.9854125976562,999.9854125976562,999.9854125976562,999.9854125976562,999.9854125976562,999.9854125976562,1000.0,999.9854125976562,999.9854125976562,999.9854125976562,999.9854125976562,1000.0009765625,999.9854125976562
265,999.9854125976562,999.9854125976562,999.9854125976562,999.9854125976562,999.9854125976562,999.9854125976562,1000.0,999.9854125976562,1000.0005493164062,1000.0009155273438,999.9854125976562,999.9854125976562,999.9854125976562,999.9854125976562,999.9854125976562,999.9854125976562,1000.0,999.9854125976562,999.9854125976562,999.9854125976562,999.9854125976562,999.9854125976562,1000.0,1000.0009155273438,999.9854125976562,999.9854125976562,999.9854125976562,999.9854125976562,999.9854125976562,999.9854125976562,999.9854125976562,999.993408203125,999.9854125976562,1000.0009155273438,999.9854125976562,999.9854125976562,1000.0732421875,999.9854125976562,999.9854125976562,999.9854125976562,999.9854125976562,999.9854125976562,999.9854125976562,999.9854125976562,999.9854125976562,1000.0009155273438,999.9854125976562,999.9969482421876,999.9854736328124,999.9854125976562,1000.0005493164062,999.9854125976562,1000.0005493164062,999.9854125976562,999.9854125976562,999.9854125976562,999.9854125976562,1000.0005493164062,999.9854125976562,999.9854125976562,999.9854125976562,999.9854125976562,1000.0,999.9854125976562,999.9854125976562,999.9854125976562,999.9854125976562,1000.0,999.9854125976562,1000.0079956054688,999.9854125976562,999.9854125976562,999.993408203125,1000.0245971679688,999.9854125976562,999.9854125976562,999.9854125976562,1000.0050048828124,999.9854125976562,999.9854125976562,999.9854125976562,999.9854125976562,999.9854125976562,1000.0,1000.0,1000.0,1000.0822143554688,999.9854125976562,999.9854125976562,999.9854125976562,999.9854125976562,999.9854125976562,999.9854125976562,1000.0,999.9854125976562,999.9854125976562,999.9854125976562,999.9854125976562,1000.0009765625,999.9854125976562
266,999.9854125976562,999.9854125976562,999.9854125976562,999.9854125976562,999.9854125976562,999.9854125976562,1000.0,999.9854125976562,1000.0005493164062,1000.0009155273438,999.9854125976562,999.9854125976562,999.9854125976562,999.9854125976562,999.9854125976562,999.9854125976562,1000.0,999.9854125976562,999.9854125976562,999.9854125976562,999.9854125976562,999.9854125976562,1000.0,1000.0009155273438,999.9854125976562,999.9854125976562,999.9854125976562,999.9854125976562,999.9854125976562,999.9854125976562,999.9854125976562,999.993408203125,999.9854125976562,1000.0009155273438,999.9854125976562,999.9854125976562,1000.0732421875,999.9854125976562,999.9854125976562,999.9854125976562,999.9854125976562,999.9854125976562,999.9854125976562,999.9854125976562,999.9854125976562,1000.0009155273438,999.9854125976562,999.9969482421876,999.9854736328124,999.9854125976562,1000.0005493164062,999.9854125976562,1000.0005493164062,999.9854125976562,999.9854125976562,999.9854125976562,999.9854125976562,1000.0005493164062,999.9854125976562,999.9854125976562,999.9854125976562,999.9854125976562,1000.0,999.9854125976562,999.9854125976562,999.9854125976562,999.9854125976562,1000.0,999.9854125976562,1000.0079956054688,999.9854125976562,999.9854125976562,999.993408203125,1000.0245971679688,999.9854125976562,999.9854125976562,999.9854125976562,1000.0050048828124,999.9854125976562,999.9854125976562,999.9854125976562,999.9854125976562,999.9854125976562,1000.0,1000.0,1000.0,1000.0822143554688,999.9854125976562,999.9854125976562,999.9854125976562,999.9854125976562,999.9854125976562,999.9854125976562,1000.0,999.9854125976562,999.9854125976562,999.9854125976562,999.9854125976562,1000.0009765625,999.9854125976562
267,999.9854125976562,999.9854125976562,999.9854125976562,999.9854125976562,999.9854125976562,999.9854125976562,1000.0,999.9854125976562,1000.0005493164062,1000.0009155273438,999.9854125976562,999.9854125976562,999.9854125976562,999.9854125976562,999.9854125976562,999.9854125976562,1000.0,999.9854125976562,999.9854125976562,999.9854125976562,999.9854125976562,999.9854125976562,1000.0,1000.0009155273438,999.9854125976562,999.9854125976562,999.9854125976562,999.9854125976562,999.9854125976562,999.9854125976562,999.9854125976562,999.993408203125,999.9854125976562,1000.0009155273438,999.9854125976562,999.9854125976562,1000.0732421875,999.9854125976562,999.9854125976562,999.9854125976562,999.9854125976562,999.9854125976562,999.9854125976562,999.9854125976562,999.9854125976562,1000.0009155273438,999.9854125976562,999.9969482421876,999.9854736328124,999.9854125976562,1000.0005493164062,999.9854125976562,1000.0005493164062,999.9854125976562,999.9854125976562,999.9854125976562,999.9854125976562,1000.0005493164062,999.9854125976562,999.9854125976562,999.9854125976562,999.9854125976562,1000.0,999.9854125976562,999.9854125976562,999.9854125976562,999.9854125976562,1000.0,999.9854125976562,1000.0079956054688,999.9854125976562,999.9854125976562,999.993408203125,1000.0245971679688,999.9854125976562,999.9854125976562,999.9854125976562,1000.0050048828124,999.9854125976562,999.9854125976562,999.9854125976562,999.9854125976562,999.9854125976562,1000.0,1000.0,1000.0,1000.0822143554688,999.9854125976562,999.9854125976562,999.9854125976562,999.9854125976562,999.9854125976562,999.9854125976562,1000.0,999.9854125976562,999.9854125976562,999.9854125976562,999.9854125976562,1000.0009765625,999.9854125976562
268,999.9854125976562,999.9854125976562,999.9854125976562,999.9854125976562,999.9854125976562,999.9854125976562,1000.0,999.9854125976562,1000.0005493164062,1000.0009155273438,999.9854125976562,999.9854125976562,999.9854125976562,999.9854125976562,999.9854125976562,999.9854125976562,1000.0,999.9854125976562,999.9854125976562,999.9854125976562,999.9854125976562,999.9854125976562,1000.0,1000.0009155273438,999.9854125976562,999.9854125976562,999.9854125976562,999.9854125976562,999.9854125976562,999.9854125976562,999.9854125976562,999.993408203125,999.9854125976562,1000.0009155273438,999.9854125976562,999.9854125976562,1000.0732421875,999.9854125976562,999.9854125976562,999.9854125976562,999.9854125976562,999.9854125976562,999.9854125976562,999.9854125976562,999.9854125976562,1000.0009155273438,999.9854125976562,999.9969482421876,999.9854736328124,999.9854125976562,1000.0005493164062,999.9854125976562,1000.0005493164062,999.9854125976562,999.9854125976562,999.9854125976562,999.9854125976562,1000.0005493164062,999.9854125976562,999.9854125976562,999.9854125976562,999.9854125976562,1000.0,999.9854125976562,999.9854125976562,999.9854125976562,999.9854125976562,1000.0,999.9854125976562,1000.0079956054688,999.9854125976562,999.9854125976562,999.993408203125,1000.0245971679688,999.9854125976562,999.9854125976562,999.9854125976562,1000.0050048828124,999.9854125976562,999.9854125976562,999.9854125976562,999.9854125976562,999.9854125976562,1000.0,1000.0,1000.0,1000.0822143554688,999.9854125976562,999.9854125976562,999.9854125976562,999.9854125976562,999.9854125976562,999.9854125976562,1000.0,999.9854125976562,999.9854125976562,999.9854125976562,999.9854125976562,1000.0009765625,999.9854125976562
269,999.9854125976562,999.9854125976562,999.9854125976562,999.9854125976562,999.9854125976562,999.9854125976562,1000.0,999.9854125976562,1000.0005493164062,1000.0009155273438,999.9854125976562,999.9854125976562,999.9854125976562,999.9854125976562,999.9854125976562,999.9854125976562,1000.0,999.9854125976562,999.9854125976562,999.9854125976562,999.9854125976562,999.9854125976562,1000.0,1000.0009155273438,999.9854125976562,999.9854125976562,999.9854125976562,999.9854125976562,999.9854125976562,999.9854125976562,999.9854125976562,999.993408203125,999.9854125976562,1000.0009155273438,999.9854125976562,999.9854125976562,1000.0732421875,999.9854125976562,999.9854125976562,999.9854125976562,999.9854125976562,999.9854125976562,999.9854125976562,999.9854125976562,999.9854125976562,1000.0009155273438,999.9854125976562,999.9969482421876,999.9854736328124,999.9854125976562,1000.0005493164062,999.9854125976562,1000.0005493164062,999.9854125976562,999.9854125976562,999.9854125976562,999.9854125976562,1000.0005493164062,999.9854125976562,999.9854125976562,999.9854125976562,999.9854125976562,1000.0,999.9854125976562,999.9854125976562,999.9854125976562,999.9854125976562,1000.0,999.9854125976562,1000.0079956054688,999.9854125976562,999.9854125976562,999.993408203125,1000.0245971679688,999.9854125976562,999.9854125976562,999.9854125976562,1000.0050048828124,999.9854125976562,999.9854125976562,999.9854125976562,999.9854125976562,999.9854125976562,1000.0,1000.0,1000.0,1000.0822143554688,999.9854125976562,999.9854125976562,999.9854125976562,999.9854125976562,999.9854125976562,999.9854125976562,1000.0,999.9854125976562,999.9854125976562,999.9854125976562,999.9854125976562,1000.0009765625,999.9854125976562
270,999.9854125976562,999.9854125976562,999.9854125976562,999.9854125976562,999.9854125976562,999.9854125976562,1000.0,999.9854125976562,1000.0005493164062,1000.0009155273438,999.9854125976562,999.9854125976562,999.9854125976562,999.9854125976562,999.9854125976562,999.9854125976562,1000.0,999.9854125976562,999.9854125976562,999.9854125976562,999.9854125976562,999.9854125976562,1000.0,1000.0009155273438,999.9854125976562,999.9854125976562,999.9854125976562,999.9854125976562,999.9854125976562,999.9854125976562,999.9854125976562,999.993408203125,999.9854125976562,1000.0009155273438,999.9854125976562,999.9854125976562,1000.0732421875,999.9854125976562,999.9854125976562,999.9854125976562,999.9854125976562,999.9854125976562,999.9854125976562,999.9854125976562,999.9854125976562,1000.0009155273438,999.9854125976562,999.9969482421876,999.9854736328124,999.9854125976562,1000.0005493164062,999.9854125976562,1000.0005493164062,999.9854125976562,999.9854125976562,999.9854125976562,999.9854125976562,1000.0005493164062,999.9854125976562,999.9854125976562,999.9854125976562,999.9854125976562,1000.0,999.9854125976562,999.9854125976562,999.9854125976562,999.9854125976562,1000.0,999.9854125976562,1000.0079956054688,999.9854125976562,999.9854125976562,999.993408203125,1000.0245971679688,999.9854125976562,999.9854125976562,999.9854125976562,1000.0050048828124,999.9854125976562,999.9854125976562,999.9854125976562,999.9854125976562,999.9854125976562,1000.0,1000.0,1000.0,1000.0822143554688,999.9854125976562,999.9854125976562,999.9854125976562,999.9854125976562,999.9854125976562,999.9854125976562,1000.0,999.9854125976562,999.9854125976562,999.9854125976562,999.9854125976562,1000.0009765625,999.9854125976562
271,999.9854125976562,999.9854125976562,999.9854125976562,999.9854125976562,999.9854125976562,999.9854125976562,1000.0,999.9854125976562,1000.0005493164062,1000.0009155273438,999.9854125976562,999.9854125976562,999.9854125976562,999.9854125976562,999.9854125976562,999.9854125976562,1000.0,999.9854125976562,999.9854125976562,999.9854125976562,999.9854125976562,999.9854125976562,1000.0,1000.0009155273438,999.9854125976562,999.9854125976562,999.9854125976562,999.9854125976562,999.9854125976562,999.9854125976562,999.9854125976562,999.993408203125,999.9854125976562,1000.0009155273438,999.9854125976562,999.9854125976562,1000.0732421875,999.9854125976562,999.9854125976562,999.9854125976562,999.9854125976562,999.9854125976562,999.9854125976562,999.9854125976562,999.9854125976562,1000.0009155273438,999.9854125976562,999.9969482421876,999.9854736328124,999.9854125976562,1000.0005493164062,999.9854125976562,1000.0005493164062,999.9854125976562,999.9854125976562,999.9854125976562,999.9854125976562,1000.0005493164062,999.9854125976562,999.9854125976562,999.9854125976562,999.9854125976562,1000.0,999.9854125976562,999.9854125976562,999.9854125976562,999.9854125976562,1000.0,999.9854125976562,1000.0079956054688,999.9854125976562,999.9854125976562,999.993408203125,1000.0245971679688,999.9854125976562,999.9854125976562,999.9854125976562,1000.0050048828124,999.9854125976562,999.9854125976562,999.9854125976562,999.9854125976562,999.9854125976562,1000.0,1000.0,1000.0,1000.0822143554688,999.9854125976562,999.9854125976562,999.9854125976562,999.9854125976562,999.9854125976562,999.9854125976562,1000.0,999.9854125976562,999.9854125976562,999.9854125976562,999.9854125976562,1000.0009765625,999.9854125976562
272,999.9854125976562,999.9854125976562,999.9854125976562,999.9854125976562,999.9854125976562,999.9854125976562,1000.0,999.9854125976562,1000.0005493164062,1000.0009155273438,999.9854125976562,999.9854125976562,999.9854125976562,999.9854125976562,999.9854125976562,999.9854125976562,1000.0,999.9854125976562,999.9854125976562,999.9854125976562,999.9854125976562,999.9854125976562,1000.0,1000.0009155273438,999.9854125976562,999.9854125976562,999.9854125976562,999.9854125976562,999.9854125976562,999.9854125976562,999.9854125976562,999.993408203125,999.9854125976562,1000.0009155273438,999.9854125976562,999.9854125976562,1000.0732421875,999.9854125976562,999.9854125976562,999.9854125976562,999.9854125976562,999.9854125976562,999.9854125976562,999.9854125976562,999.9854125976562,1000.0009155273438,999.9854125976562,999.9969482421876,999.9854736328124,999.9854125976562,1000.0005493164062,999.9854125976562,1000.0005493164062,999.9854125976562,999.9854125976562,999.9854125976562,999.9854125976562,1000.0005493164062,999.9854125976562,999.9854125976562,999.9854125976562,999.9854125976562,1000.0,999.9854125976562,999.9854125976562,999.9854125976562,999.9854125976562,1000.0,999.9854125976562,1000.0079956054688,999.9854125976562,999.9854125976562,999.993408203125,1000.0245971679688,999.9854125976562,999.9854125976562,999.9854125976562,1000.0050048828124,999.9854125976562,999.9854125976562,999.9854125976562,999.9854125976562,999.9854125976562,1000.0,1000.0,1000.0,1000.0822143554688,999.9854125976562,999.9854125976562,999.9854125976562,999.9854125976562,999.9854125976562,999.9854125976562,1000.0,999.9854125976562,999.9854125976562,999.9854125976562,999.9854125976562,1000.0009765625,999.9854125976562
273,999.9854125976562,999.9854125976562,999.9854125976562,999.9854125976562,999.9854125976562,999.9854125976562,1000.0,999.9854125976562,1000.0005493164062,1000.0009155273438,999.9854125976562,999.9854125976562,999.9854125976562,999.9854125976562,999.9854125976562,999.9854125976562,1000.0,999.9854125976562,999.9854125976562,999.9854125976562,999.9854125976562,999.9854125976562,1000.0,1000.0009155273438,999.9854125976562,999.9854125976562,999.9854125976562,999.9854125976562,999.9854125976562,999.9854125976562,999.9854125976562,999.993408203125,999.9854125976562,1000.0009155273438,999.9854125976562,999.9854125976562,1000.0732421875,999.9854125976562,999.9854125976562,999.9854125976562,999.9854125976562,999.9854125976562,999.9854125976562,999.9854125976562,999.9854125976562,1000.0009155273438,999.9854125976562,999.9969482421876,999.9854736328124,999.9854125976562,1000.0005493164062,999.9854125976562,1000.0005493164062,999.9854125976562,999.9854125976562,999.9854125976562,999.9854125976562,1000.0005493164062,999.9854125976562,999.9854125976562,999.9854125976562,999.9854125976562,1000.0,999.9854125976562,999.9854125976562,999.9854125976562,999.9854125976562,1000.0,999.9854125976562,1000.0079956054688,999.9854125976562,999.9854125976562,999.993408203125,1000.0245971679688,999.9854125976562,999.9854125976562,999.9854125976562,1000.0050048828124,999.9854125976562,999.9854125976562,999.9854125976562,999.9854125976562,999.9854125976562,1000.0,1000.0,1000.0,1000.0822143554688,999.9854125976562,999.9854125976562,999.9854125976562,999.9854125976562,999.9854125976562,999.9854125976562,1000.0,999.9854125976562,999.9854125976562,999.9854125976562,999.9854125976562,1000.0009765625,999.9854125976562
274,999.9854125976562,999.9854125976562,999.9854125976562,999.9854125976562,999.9854125976562,999.9854125976562,1000.0,999.9854125976562,1000.0005493164062,1000.0009155273438,999.9854125976562,999.9854125976562,999.9854125976562,999.9854125976562,999.9854125976562,999.9854125976562,1000.0,999.9854125976562,999.9854125976562,999.9854125976562,999.9854125976562,999.9854125976562,1000.0,1000.0009155273438,999.9854125976562,999.9854125976562,999.9854125976562,999.9854125976562,999.9854125976562,999.9854125976562,999.9854125976562,999.993408203125,999.9854125976562,1000.0009155273438,999.9854125976562,999.9854125976562,1000.0732421875,999.9854125976562,999.9854125976562,999.9854125976562,999.9854125976562,999.9854125976562,999.9854125976562,999.9854125976562,999.9854125976562,1000.0009155273438,999.9854125976562,999.9969482421876,999.9854736328124,999.9854125976562,1000.0005493164062,999.9854125976562,1000.0005493164062,999.9854125976562,999.9854125976562,999.9854125976562,999.9854125976562,1000.0005493164062,999.9854125976562,999.9854125976562,999.9854125976562,999.9854125976562,1000.0,999.9854125976562,999.9854125976562,999.9854125976562,999.9854125976562,1000.0,999.9854125976562,1000.0079956054688,999.9854125976562,999.9854125976562,999.993408203125,1000.0245971679688,999.9854125976562,999.9854125976562,999.9854125976562,1000.0050048828124,999.9854125976562,999.9854125976562,999.9854125976562,999.9854125976562,999.9854125976562,1000.0,1000.0,1000.0,1000.0822143554688,999.9854125976562,999.9854125976562,999.9854125976562,999.9854125976562,999.9854125976562,999.9854125976562,1000.0,999.9854125976562,999.9854125976562,999.9854125976562,999.9854125976562,1000.0009765625,999.9854125976562
275,999.9854125976562,999.9854125976562,999.9854125976562,999.9854125976562,999.9854125976562,999.9854125976562,1000.0,999.9854125976562,1000.0005493164062,1000.0009155273438,999.9854125976562,999.9854125976562,999.9854125976562,999.9854125976562,999.9854125976562,999.9854125976562,1000.0,999.9854125976562,999.9854125976562,999.9854125976562,999.9854125976562,999.9854125976562,1000.0,1000.0009155273438,999.9854125976562,999.9854125976562,999.9854125976562,999.9854125976562,999.9854125976562,999.9854125976562,999.9854125976562,999.993408203125,999.9854125976562,1000.0009155273438,999.9854125976562,999.9854125976562,1000.0732421875,999.9854125976562,999.9854125976562,999.9854125976562,999.9854125976562,999.9854125976562,999.9854125976562,999.9854125976562,999.9854125976562,1000.0009155273438,999.9854125976562,999.9969482421876,999.9854736328124,999.9854125976562,1000.0005493164062,999.9854125976562,1000.0005493164062,999.9854125976562,999.9854125976562,999.9854125976562,999.9854125976562,1000.0005493164062,999.9854125976562,999.9854125976562,999.9854125976562,999.9854125976562,1000.0,999.9854125976562,999.9854125976562,999.9854125976562,999.9854125976562,1000.0,999.9854125976562,1000.0079956054688,999.9854125976562,999.9854125976562,999.993408203125,1000.0245971679688,999.9854125976562,999.9854125976562,999.9854125976562,1000.0050048828124,999.9854125976562,999.9854125976562,999.9854125976562,999.9854125976562,999.9854125976562,1000.0,1000.0,1000.0,1000.0822143554688,999.9854125976562,999.9854125976562,999.9854125976562,999.9854125976562,999.9854125976562,999.9854125976562,1000.0,999.9854125976562,999.9854125976562,999.9854125976562,999.9854125976562,1000.0009765625,999.9854125976562
276,999.9854125976562,999.9854125976562,999.9854125976562,999.9854125976562,999.9854125976562,999.9854125976562,1000.0,999.9854125976562,1000.0005493164062,1000.0009155273438,999.9854125976562,999.9854125976562,999.9854125976562,999.9854125976562,999.9854125976562,999.9854125976562,1000.0,999.9854125976562,999.9854125976562,999.9854125976562,999.9854125976562,999.9854125976562,1000.0,1000.0009155273438,999.9854125976562,999.9854125976562,999.9854125976562,999.9854125976562,999.9854125976562,999.9854125976562,999.9854125976562,999.993408203125,999.9854125976562,1000.0009155273438,999.9854125976562,999.9854125976562,1000.0732421875,999.9854125976562,999.9854125976562,999.9854125976562,999.9854125976562,999.9854125976562,999.9854125976562,999.9854125976562,999.9854125976562,1000.0009155273438,999.9854125976562,999.9969482421876,999.9854736328124,999.9854125976562,1000.0005493164062,999.9854125976562,1000.0005493164062,999.9854125976562,999.9854125976562,999.9854125976562,999.9854125976562,1000.0005493164062,999.9854125976562,999.9854125976562,999.9854125976562,999.9854125976562,1000.0,999.9854125976562,999.9854125976562,999.9854125976562,999.9854125976562,1000.0,999.9854125976562,1000.0079956054688,999.9854125976562,999.9854125976562,999.993408203125,1000.0245971679688,999.9854125976562,999.9854125976562,999.9854125976562,1000.0050048828124,999.9854125976562,999.9854125976562,999.9854125976562,999.9854125976562,999.9854125976562,1000.0,1000.0,1000.0,1000.0822143554688,999.9854125976562,999.9854125976562,999.9854125976562,999.9854125976562,999.9854125976562,999.9854125976562,1000.0,999.9854125976562,999.9854125976562,999.9854125976562,999.9854125976562,1000.0009765625,999.9854125976562
277,999.9854125976562,999.9854125976562,999.9854125976562,999.9854125976562,999.9854125976562,999.9854125976562,1000.0,999.9854125976562,1000.0005493164062,1000.0009155273438,999.9854125976562,999.9854125976562,999.9854125976562,999.9854125976562,999.9854125976562,999.9854125976562,1000.0,999.9854125976562,999.9854125976562,999.9854125976562,999.9854125976562,999.9854125976562,1000.0,1000.0009155273438,999.9854125976562,999.9854125976562,999.9854125976562,999.9854125976562,999.9854125976562,999.9854125976562,999.9854125976562,999.993408203125,999.9854125976562,1000.0009155273438,999.9854125976562,999.9854125976562,1000.0732421875,999.9854125976562,999.9854125976562,999.9854125976562,999.9854125976562,999.9854125976562,999.9854125976562,999.9854125976562,999.9854125976562,1000.0009155273438,999.9854125976562,999.9969482421876,999.9854736328124,999.9854125976562,1000.0005493164062,999.9854125976562,1000.0005493164062,999.9854125976562,999.9854125976562,999.9854125976562,999.9854125976562,1000.0005493164062,999.9854125976562,999.9854125976562,999.9854125976562,999.9854125976562,1000.0,999.9854125976562,999.9854125976562,999.9854125976562,999.9854125976562,1000.0,999.9854125976562,1000.0079956054688,999.9854125976562,999.9854125976562,999.993408203125,1000.0245971679688,999.9854125976562,999.9854125976562,999.9854125976562,1000.0050048828124,999.9854125976562,999.9854125976562,999.9854125976562,999.9854125976562,999.9854125976562,1000.0,1000.0,1000.0,1000.0822143554688,999.9854125976562,999.9854125976562,999.9854125976562,999.9854125976562,999.9854125976562,999.9854125976562,1000.0,999.9854125976562,999.9854125976562,999.9854125976562,999.9854125976562,1000.0009765625,999.9854125976562
278,999.9854125976562,999.9854125976562,999.9854125976562,999.9854125976562,999.9854125976562,999.9854125976562,1000.0,999.9854125976562,1000.0005493164062,1000.0009155273438,999.9854125976562,999.9854125976562,999.9854125976562,999.9854125976562,999.9854125976562,999.9854125976562,1000.0,999.9854125976562,999.9854125976562,999.9854125976562,999.9854125976562,999.9854125976562,1000.0,1000.0009155273438,999.9854125976562,999.9854125976562,999.9854125976562,999.9854125976562,999.9854125976562,999.9854125976562,999.9854125976562,999.993408203125,999.9854125976562,1000.0009155273438,999.9854125976562,999.9854125976562,1000.0732421875,999.9854125976562,999.9854125976562,999.9854125976562,999.9854125976562,999.9854125976562,999.9854125976562,999.9854125976562,999.9854125976562,1000.0009155273438,999.9854125976562,999.9969482421876,999.9854736328124,999.9854125976562,1000.0005493164062,999.9854125976562,1000.0005493164062,999.9854125976562,999.9854125976562,999.9854125976562,999.9854125976562,1000.0005493164062,999.9854125976562,999.9854125976562,999.9854125976562,999.9854125976562,1000.0,999.9854125976562,999.9854125976562,999.9854125976562,999.9854125976562,1000.0,999.9854125976562,1000.0079956054688,999.9854125976562,999.9854125976562,999.993408203125,1000.0245971679688,999.9854125976562,999.9854125976562,999.9854125976562,1000.0050048828124,999.9854125976562,999.9854125976562,999.9854125976562,999.9854125976562,999.9854125976562,1000.0,1000.0,1000.0,1000.0822143554688,999.9854125976562,999.9854125976562,999.9854125976562,999.9854125976562,999.9854125976562,999.9854125976562,1000.0,999.9854125976562,999.9854125976562,999.9854125976562,999.9854125976562,1000.0009765625,999.9854125976562
279,999.9854125976562,999.9854125976562,999.9854125976562,999.9854125976562,999.9854125976562,999.9854125976562,1000.0,999.9854125976562,1000.0005493164062,1000.0009155273438,999.9854125976562,999.9854125976562,999.9854125976562,999.9854125976562,999.9854125976562,999.9854125976562,1000.0,999.9854125976562,999.9854125976562,999.9854125976562,999.9854125976562,999.9854125976562,1000.0,1000.0009155273438,999.9854125976562,999.9854125976562,999.9854125976562,999.9854125976562,999.9854125976562,999.9854125976562,999.9854125976562,999.993408203125,999.9854125976562,1000.0009155273438,999.9854125976562,999.9854125976562,1000.0732421875,999.9854125976562,999.9854125976562,999.9854125976562,999.9854125976562,999.9854125976562,999.9854125976562,999.9854125976562,999.9854125976562,1000.0009155273438,999.9854125976562,999.9969482421876,999.9854736328124,999.9854125976562,1000.0005493164062,999.9854125976562,1000.0005493164062,999.9854125976562,999.9854125976562,999.9854125976562,999.9854125976562,1000.0005493164062,999.9854125976562,999.9854125976562,999.9854125976562,999.9854125976562,1000.0,999.9854125976562,999.9854125976562,999.9854125976562,999.9854125976562,1000.0,999.9854125976562,1000.0079956054688,999.9854125976562,999.9854125976562,999.993408203125,1000.0245971679688,999.9854125976562,999.9854125976562,999.9854125976562,1000.0050048828124,999.9854125976562,999.9854125976562,999.9854125976562,999.9854125976562,999.9854125976562,1000.0,1000.0,1000.0,1000.0822143554688,999.9854125976562,999.9854125976562,999.9854125976562,999.9854125976562,999.9854125976562,999.9854125976562,1000.0,999.9854125976562,999.9854125976562,999.9854125976562,999.9854125976562,1000.0009765625,999.9854125976562
280,999.9854125976562,999.9854125976562,999.9854125976562,999.9854125976562,999.9854125976562,999.9854125976562,1000.0,999.9854125976562,1000.0005493164062,1000.0009155273438,999.9854125976562,999.9854125976562,999.9854125976562,999.9854125976562,999.9854125976562,999.9854125976562,1000.0,999.9854125976562,999.9854125976562,999.9854125976562,999.9854125976562,999.9854125976562,1000.0,1000.0009155273438,999.9854125976562,999.9854125976562,999.9854125976562,999.9854125976562,999.9854125976562,999.9854125976562,999.9854125976562,999.993408203125,999.9854125976562,1000.0009155273438,999.9854125976562,999.9854125976562,1000.0732421875,999.9854125976562,999.9854125976562,999.9854125976562,999.9854125976562,999.9854125976562,999.9854125976562,999.9854125976562,999.9854125976562,1000.0009155273438,999.9854125976562,999.9969482421876,999.9854736328124,999.9854125976562,1000.0005493164062,999.9854125976562,1000.0005493164062,999.9854125976562,999.9854125976562,999.9854125976562,999.9854125976562,1000.0005493164062,999.9854125976562,999.9854125976562,999.9854125976562,999.9854125976562,1000.0,999.9854125976562,999.9854125976562,999.9854125976562,999.9854125976562,1000.0,999.9854125976562,1000.0079956054688,999.9854125976562,999.9854125976562,999.993408203125,1000.0245971679688,999.9854125976562,999.9854125976562,999.9854125976562,1000.0050048828124,999.9854125976562,999.9854125976562,999.9854125976562,999.9854125976562,999.9854125976562,1000.0,1000.0,1000.0,1000.0822143554688,999.9854125976562,999.9854125976562,999.9854125976562,999.9854125976562,999.9854125976562,999.9854125976562,1000.0,999.9854125976562,999.9854125976562,999.9854125976562,999.9854125976562,1000.0009765625,999.9854125976562
281,999.9854125976562,999.9854125976562,999.9854125976562,999.9854125976562,999.9854125976562,999.9854125976562,1000.0,999.9854125976562,1000.0005493164062,1000.0009155273438,999.9854125976562,999.9854125976562,999.9854125976562,999.9854125976562,999.9854125976562,999.9854125976562,1000.0,999.9854125976562,999.9854125976562,999.9854125976562,999.9854125976562,999.9854125976562,1000.0,1000.0009155273438,999.9854125976562,999.9854125976562,999.9854125976562,999.9854125976562,999.9854125976562,999.9854125976562,999.9854125976562,999.993408203125,999.9854125976562,1000.0009155273438,999.9854125976562,999.9854125976562,1000.0732421875,999.9854125976562,999.9854125976562,999.9854125976562,999.9854125976562,999.9854125976562,999.9854125976562,999.9854125976562,999.9854125976562,1000.0009155273438,999.9854125976562,999.9969482421876,999.9854736328124,999.9854125976562,1000.0005493164062,999.9854125976562,1000.0005493164062,999.9854125976562,999.9854125976562,999.9854125976562,999.9854125976562,1000.0005493164062,999.9854125976562,999.9854125976562,999.9854125976562,999.9854125976562,1000.0,999.9854125976562,999.9854125976562,999.9854125976562,999.9854125976562,1000.0,999.9854125976562,1000.0079956054688,999.9854125976562,999.9854125976562,999.993408203125,1000.0245971679688,999.9854125976562,999.9854125976562,999.9854125976562,1000.0050048828124,999.9854125976562,999.9854125976562,999.9854125976562,999.9854125976562,999.9854125976562,1000.0,1000.0,1000.0,1000.0822143554688,999.9854125976562,999.9854125976562,999.9854125976562,999.9854125976562,999.9854125976562,999.9854125976562,1000.0,999.9854125976562,999.9854125976562,999.9854125976562,999.9854125976562,1000.0009765625,999.9854125976562
282,999.9854125976562,999.9854125976562,999.9854125976562,999.9854125976562,999.9854125976562,999.9854125976562,1000.0,999.9854125976562,1000.0005493164062,1000.0009155273438,999.9854125976562,999.9854125976562,999.9854125976562,999.9854125976562,999.9854125976562,999.9854125976562,1000.0,999.9854125976562,999.9854125976562,999.9854125976562,999.9854125976562,999.9854125976562,1000.0,1000.0009155273438,999.9854125976562,999.9854125976562,999.9854125976562,999.9854125976562,999.9854125976562,999.9854125976562,999.9854125976562,999.993408203125,999.9854125976562,1000.0009155273438,999.9854125976562,999.9854125976562,1000.0732421875,999.9854125976562,999.9854125976562,999.9854125976562,999.9854125976562,999.9854125976562,999.9854125976562,999.9854125976562,999.9854125976562,1000.0009155273438,999.9854125976562,999.9969482421876,999.9854736328124,999.9854125976562,1000.0005493164062,999.9854125976562,1000.0005493164062,999.9854125976562,999.9854125976562,999.9854125976562,999.9854125976562,1000.0005493164062,999.9854125976562,999.9854125976562,999.9854125976562,999.9854125976562,1000.0,999.9854125976562,999.9854125976562,999.9854125976562,999.9854125976562,1000.0,999.9854125976562,1000.0079956054688,999.9854125976562,999.9854125976562,999.993408203125,1000.0245971679688,999.9854125976562,999.9854125976562,999.9854125976562,1000.0050048828124,999.9854125976562,999.9854125976562,999.9854125976562,999.9854125976562,999.9854125976562,1000.0,1000.0,1000.0,1000.0822143554688,999.9854125976562,999.9854125976562,999.9854125976562,999.9854125976562,999.9854125976562,999.9854125976562,1000.0,999.9854125976562,999.9854125976562,999.9854125976562,999.9854125976562,1000.0009765625,999.9854125976562
283,999.9854125976562,999.9854125976562,999.9854125976562,999.9854125976562,999.9854125976562,999.9854125976562,1000.0,999.9854125976562,1000.0005493164062,1000.0009155273438,999.9854125976562,999.9854125976562,999.9854125976562,999.9854125976562,999.9854125976562,999.9854125976562,1000.0,999.9854125976562,999.9854125976562,999.9854125976562,999.9854125976562,999.9854125976562,1000.0,1000.0009155273438,999.9854125976562,999.9854125976562,999.9854125976562,999.9854125976562,999.9854125976562,999.9854125976562,999.9854125976562,999.993408203125,999.9854125976562,1000.0009155273438,999.9854125976562,999.9854125976562,1000.0732421875,999.9854125976562,999.9854125976562,999.9854125976562,999.9854125976562,999.9854125976562,999.9854125976562,999.9854125976562,999.9854125976562,1000.0009155273438,999.9854125976562,999.9969482421876,999.9854736328124,999.9854125976562,1000.0005493164062,999.9854125976562,1000.0005493164062,999.9854125976562,999.9854125976562,999.9854125976562,999.9854125976562,1000.0005493164062,999.9854125976562,999.9854125976562,999.9854125976562,999.9854125976562,1000.0,999.9854125976562,999.9854125976562,999.9854125976562,999.9854125976562,1000.0,999.9854125976562,1000.0079956054688,999.9854125976562,999.9854125976562,999.993408203125,1000.0245971679688,999.9854125976562,999.9854125976562,999.9854125976562,1000.0050048828124,999.9854125976562,999.9854125976562,999.9854125976562,999.9854125976562,999.9854125976562,1000.0,1000.0,1000.0,1000.0822143554688,999.9854125976562,999.9854125976562,999.9854125976562,999.9854125976562,999.9854125976562,999.9854125976562,1000.0,999.9854125976562,999.9854125976562,999.9854125976562,999.9854125976562,1000.0009765625,999.9854125976562
284,999.9854125976562,999.9854125976562,999.9854125976562,999.9854125976562,999.9854125976562,999.9854125976562,1000.0,999.9854125976562,1000.0005493164062,1000.0009155273438,999.9854125976562,999.9854125976562,999.9854125976562,999.9854125976562,999.9854125976562,999.9854125976562,1000.0,999.9854125976562,999.9854125976562,999.9854125976562,999.9854125976562,999.9854125976562,1000.0,1000.0009155273438,999.9854125976562,999.9854125976562,999.9854125976562,999.9854125976562,999.9854125976562,999.9854125976562,999.9854125976562,999.993408203125,999.9854125976562,1000.0009155273438,999.9854125976562,999.9854125976562,1000.0732421875,999.9854125976562,999.9854125976562,999.9854125976562,999.9854125976562,999.9854125976562,999.9854125976562,999.9854125976562,999.9854125976562,1000.0009155273438,999.9854125976562,999.9969482421876,999.9854736328124,999.9854125976562,1000.0005493164062,999.9854125976562,1000.0005493164062,999.9854125976562,999.9854125976562,999.9854125976562,999.9854125976562,1000.0005493164062,999.9854125976562,999.9854125976562,999.9854125976562,999.9854125976562,1000.0,999.9854125976562,999.9854125976562,999.9854125976562,999.9854125976562,1000.0,999.9854125976562,1000.0079956054688,999.9854125976562,999.9854125976562,999.993408203125,1000.0245971679688,999.9854125976562,999.9854125976562,999.9854125976562,1000.0050048828124,999.9854125976562,999.9854125976562,999.9854125976562,999.9854125976562,999.9854125976562,1000.0,1000.0,1000.0,1000.0822143554688,999.9854125976562,999.9854125976562,999.9854125976562,999.9854125976562,999.9854125976562,999.9854125976562,1000.0,999.9854125976562,999.9854125976562,999.9854125976562,999.9854125976562,1000.0009765625,999.9854125976562
285,999.9854125976562,999.9854125976562,999.9854125976562,999.9854125976562,999.9854125976562,999.9854125976562,1000.0,999.9854125976562,1000.0005493164062,1000.0009155273438,999.9854125976562,999.9854125976562,999.9854125976562,999.9854125976562,999.9854125976562,999.9854125976562,1000.0,999.9854125976562,999.9854125976562,999.9854125976562,999.9854125976562,999.9854125976562,1000.0,1000.0009155273438,999.9854125976562,999.9854125976562,999.9854125976562,999.9854125976562,999.9854125976562,999.9854125976562,999.9854125976562,999.993408203125,999.9854125976562,1000.0009155273438,999.9854125976562,999.9854125976562,1000.0732421875,999.9854125976562,999.9854125976562,999.9854125976562,999.9854125976562,999.9854125976562,999.9854125976562,999.9854125976562,999.9854125976562,1000.0009155273438,999.9854125976562,999.9969482421876,999.9854736328124,999.9854125976562,1000.0005493164062,999.9854125976562,1000.0005493164062,999.9854125976562,999.9854125976562,999.9854125976562,999.9854125976562,1000.0005493164062,999.9854125976562,999.9854125976562,999.9854125976562,999.9854125976562,1000.0,999.9854125976562,999.9854125976562,999.9854125976562,999.9854125976562,1000.0,999.9854125976562,1000.0079956054688,999.9854125976562,999.9854125976562,999.993408203125,1000.0245971679688,999.9854125976562,999.9854125976562,999.9854125976562,1000.0050048828124,999.9854125976562,999.9854125976562,999.9854125976562,999.9854125976562,999.9854125976562,1000.0,1000.0,1000.0,1000.0822143554688,999.9854125976562,999.9854125976562,999.9854125976562,999.9854125976562,999.9854125976562,999.9854125976562,1000.0,999.9854125976562,999.9854125976562,999.9854125976562,999.9854125976562,1000.0009765625,999.9854125976562
286,999.9854125976562,999.9854125976562,999.9854125976562,999.9854125976562,999.9854125976562,999.9854125976562,1000.0,999.9854125976562,1000.0005493164062,1000.0009155273438,999.9854125976562,999.9854125976562,999.9854125976562,999.9854125976562,999.9854125976562,999.9854125976562,1000.0,999.9854125976562,999.9854125976562,999.9854125976562,999.9854125976562,999.9854125976562,1000.0,1000.0009155273438,999.9854125976562,999.9854125976562,999.9854125976562,999.9854125976562,999.9854125976562,999.9854125976562,999.9854125976562,999.993408203125,999.9854125976562,1000.0009155273438,999.9854125976562,999.9854125976562,1000.0732421875,999.9854125976562,999.9854125976562,999.9854125976562,999.9854125976562,999.9854125976562,999.9854125976562,999.9854125976562,999.9854125976562,1000.0009155273438,999.9854125976562,999.9969482421876,999.9854736328124,999.9854125976562,1000.0005493164062,999.9854125976562,1000.0005493164062,999.9854125976562,999.9854125976562,999.9854125976562,999.9854125976562,1000.0005493164062,999.9854125976562,999.9854125976562,999.9854125976562,999.9854125976562,1000.0,999.9854125976562,999.9854125976562,999.9854125976562,999.9854125976562,1000.0,999.9854125976562,1000.0079956054688,999.9854125976562,999.9854125976562,999.993408203125,1000.0245971679688,999.9854125976562,999.9854125976562,999.9854125976562,1000.0050048828124,999.9854125976562,999.9854125976562,999.9854125976562,999.9854125976562,999.9854125976562,1000.0,1000.0,1000.0,1000.0822143554688,999.9854125976562,999.9854125976562,999.9854125976562,999.9854125976562,999.9854125976562,999.9854125976562,1000.0,999.9854125976562,999.9854125976562,999.9854125976562,999.9854125976562,1000.0009765625,999.9854125976562
287,999.9854125976562,999.9854125976562,999.9854125976562,999.9854125976562,999.9854125976562,999.9854125976562,1000.0,999.9854125976562,1000.0005493164062,1000.0009155273438,999.9854125976562,999.9854125976562,999.9854125976562,999.9854125976562,999.9854125976562,999.9854125976562,1000.0,999.9854125976562,999.9854125976562,999.9854125976562,999.9854125976562,999.9854125976562,1000.0,1000.0009155273438,999.9854125976562,999.9854125976562,999.9854125976562,999.9854125976562,999.9854125976562,999.9854125976562,999.9854125976562,999.993408203125,999.9854125976562,1000.0009155273438,999.9854125976562,999.9854125976562,1000.0732421875,999.9854125976562,999.9854125976562,999.9854125976562,999.9854125976562,999.9854125976562,999.9854125976562,999.9854125976562,999.9854125976562,1000.0009155273438,999.9854125976562,999.9969482421876,999.9854736328124,999.9854125976562,1000.0005493164062,999.9854125976562,1000.0005493164062,999.9854125976562,999.9854125976562,999.9854125976562,999.9854125976562,1000.0005493164062,999.9854125976562,999.9854125976562,999.9854125976562,999.9854125976562,1000.0,999.9854125976562,999.9854125976562,999.9854125976562,999.9854125976562,1000.0,999.9854125976562,1000.0079956054688,999.9854125976562,999.9854125976562,999.993408203125,1000.0245971679688,999.9854125976562,999.9854125976562,999.9854125976562,1000.0050048828124,999.9854125976562,999.9854125976562,999.9854125976562,999.9854125976562,999.9854125976562,1000.0,1000.0,1000.0,1000.0822143554688,999.9854125976562,999.9854125976562,999.9854125976562,999.9854125976562,999.9854125976562,999.9854125976562,1000.0,999.9854125976562,999.9854125976562,999.9854125976562,999.9854125976562,1000.0009765625,999.9854125976562
288,999.9854125976562,999.9854125976562,999.9854125976562,999.9854125976562,999.9854125976562,999.9854125976562,1000.0,999.9854125976562,1000.0005493164062,1000.0009155273438,999.9854125976562,999.9854125976562,999.9854125976562,999.9854125976562,999.9854125976562,999.9854125976562,1000.0,999.9854125976562,999.9854125976562,999.9854125976562,999.9854125976562,999.9854125976562,1000.0,1000.0009155273438,999.9854125976562,999.9854125976562,999.9854125976562,999.9854125976562,999.9854125976562,999.9854125976562,999.9854125976562,999.993408203125,999.9854125976562,1000.0009155273438,999.9854125976562,999.9854125976562,1000.0732421875,999.9854125976562,999.9854125976562,999.9854125976562,999.9854125976562,999.9854125976562,999.9854125976562,999.9854125976562,999.9854125976562,1000.0009155273438,999.9854125976562,999.9969482421876,999.9854736328124,999.9854125976562,1000.0005493164062,999.9854125976562,1000.0005493164062,999.9854125976562,999.9854125976562,999.9854125976562,999.9854125976562,1000.0005493164062,999.9854125976562,999.9854125976562,999.9854125976562,999.9854125976562,1000.0,999.9854125976562,999.9854125976562,999.9854125976562,999.9854125976562,1000.0,999.9854125976562,1000.0079956054688,999.9854125976562,999.9854125976562,999.993408203125,1000.0245971679688,999.9854125976562,999.9854125976562,999.9854125976562,1000.0050048828124,999.9854125976562,999.9854125976562,999.9854125976562,999.9854125976562,999.9854125976562,1000.0,1000.0,1000.0,1000.0822143554688,999.9854125976562,999.9854125976562,999.9854125976562,999.9854125976562,999.9854125976562,999.9854125976562,1000.0,999.9854125976562,999.9854125976562,999.9854125976562,999.9854125976562,1000.0009765625,999.9854125976562
289,999.9854125976562,999.9854125976562,999.9854125976562,999.9854125976562,999.9854125976562,999.9854125976562,1000.0,999.9854125976562,1000.0005493164062,1000.0009155273438,999.9854125976562,999.9854125976562,999.9854125976562,999.9854125976562,999.9854125976562,999.9854125976562,1000.0,999.9854125976562,999.9854125976562,999.9854125976562,999.9854125976562,999.9854125976562,1000.0,1000.0009155273438,999.9854125976562,999.9854125976562,999.9854125976562,999.9854125976562,999.9854125976562,999.9854125976562,999.9854125976562,999.993408203125,999.9854125976562,1000.0009155273438,999.9854125976562,999.9854125976562,1000.0732421875,999.9854125976562,999.9854125976562,999.9854125976562,999.9854125976562,999.9854125976562,999.9854125976562,999.9854125976562,999.9854125976562,1000.0009155273438,999.9854125976562,999.9969482421876,999.9854736328124,999.9854125976562,1000.0005493164062,999.9854125976562,1000.0005493164062,999.9854125976562,999.9854125976562,999.9854125976562,999.9854125976562,1000.0005493164062,999.9854125976562,999.9854125976562,999.9854125976562,999.9854125976562,1000.0,999.9854125976562,999.9854125976562,999.9854125976562,999.9854125976562,1000.0,999.9854125976562,1000.0079956054688,999.9854125976562,999.9854125976562,999.993408203125,1000.0245971679688,999.9854125976562,999.9854125976562,999.9854125976562,1000.0050048828124,999.9854125976562,999.9854125976562,999.9854125976562,999.9854125976562,999.9854125976562,1000.0,1000.0,1000.0,1000.0822143554688,999.9854125976562,999.9854125976562,999.9854125976562,999.9854125976562,999.9854125976562,999.9854125976562,1000.0,999.9854125976562,999.9854125976562,999.9854125976562,999.9854125976562,1000.0009765625,999.9854125976562
290,999.9854125976562,999.9854125976562,999.9854125976562,999.9854125976562,999.9854125976562,999.9854125976562,1000.0,999.9854125976562,1000.0005493164062,1000.0009155273438,999.9854125976562,999.9854125976562,999.9854125976562,999.9854125976562,999.9854125976562,999.9854125976562,1000.0,999.9854125976562,999.9854125976562,999.9854125976562,999.9854125976562,999.9854125976562,1000.0,1000.0009155273438,999.9854125976562,999.9854125976562,999.9854125976562,999.9854125976562,999.9854125976562,999.9854125976562,999.9854125976562,999.993408203125,999.9854125976562,1000.0009155273438,999.9854125976562,999.9854125976562,1000.0732421875,999.9854125976562,999.9854125976562,999.9854125976562,999.9854125976562,999.9854125976562,999.9854125976562,999.9854125976562,999.9854125976562,1000.0009155273438,999.9854125976562,999.9969482421876,999.9854736328124,999.9854125976562,1000.0005493164062,999.9854125976562,1000.0005493164062,999.9854125976562,999.9854125976562,999.9854125976562,999.9854125976562,1000.0005493164062,999.9854125976562,999.9854125976562,999.9854125976562,999.9854125976562,1000.0,999.9854125976562,999.9854125976562,999.9854125976562,999.9854125976562,1000.0,999.9854125976562,1000.0079956054688,999.9854125976562,999.9854125976562,999.993408203125,1000.0245971679688,999.9854125976562,999.9854125976562,999.9854125976562,1000.0050048828124,999.9854125976562,999.9854125976562,999.9854125976562,999.9854125976562,999.9854125976562,1000.0,1000.0,1000.0,1000.0822143554688,999.9854125976562,999.9854125976562,999.9854125976562,999.9854125976562,999.9854125976562,999.9854125976562,1000.0,999.9854125976562,999.9854125976562,999.9854125976562,999.9854125976562,1000.0009765625,999.9854125976562
291,999.9854125976562,999.9854125976562,999.9854125976562,999.9854125976562,999.9854125976562,999.9854125976562,1000.0,999.9854125976562,1000.0005493164062,1000.0009155273438,999.9854125976562,999.9854125976562,999.9854125976562,999.9854125976562,999.9854125976562,999.9854125976562,1000.0,999.9854125976562,999.9854125976562,999.9854125976562,999.9854125976562,999.9854125976562,1000.0,1000.0009155273438,999.9854125976562,999.9854125976562,999.9854125976562,999.9854125976562,999.9854125976562,999.9854125976562,999.9854125976562,999.993408203125,999.9854125976562,1000.0009155273438,999.9854125976562,999.9854125976562,1000.0732421875,999.9854125976562,999.9854125976562,999.9854125976562,999.9854125976562,999.9854125976562,999.9854125976562,999.9854125976562,999.9854125976562,1000.0009155273438,999.9854125976562,999.9969482421876,999.9854736328124,999.9854125976562,1000.0005493164062,999.9854125976562,1000.0005493164062,999.9854125976562,999.9854125976562,999.9854125976562,999.9854125976562,1000.0005493164062,999.9854125976562,999.9854125976562,999.9854125976562,999.9854125976562,1000.0,999.9854125976562,999.9854125976562,999.9854125976562,999.9854125976562,1000.0,999.9854125976562,1000.0079956054688,999.9854125976562,999.9854125976562,999.993408203125,1000.0245971679688,999.9854125976562,999.9854125976562,999.9854125976562,1000.0050048828124,999.9854125976562,999.9854125976562,999.9854125976562,999.9854125976562,999.9854125976562,1000.0,1000.0,1000.0,1000.0822143554688,999.9854125976562,999.9854125976562,999.9854125976562,999.9854125976562,999.9854125976562,999.9854125976562,1000.0,999.9854125976562,999.9854125976562,999.9854125976562,999.9854125976562,1000.0009765625,999.9854125976562
292,999.9854125976562,999.9854125976562,999.9854125976562,999.9854125976562,999.9854125976562,999.9854125976562,1000.0,999.9854125976562,1000.0005493164062,1000.0009155273438,999.9854125976562,999.9854125976562,999.9854125976562,999.9854125976562,999.9854125976562,999.9854125976562,1000.0,999.9854125976562,999.9854125976562,999.9854125976562,999.9854125976562,999.9854125976562,1000.0,1000.0009155273438,999.9854125976562,999.9854125976562,999.9854125976562,999.9854125976562,999.9854125976562,999.9854125976562,999.9854125976562,999.993408203125,999.9854125976562,1000.0009155273438,999.9854125976562,999.9854125976562,1000.0732421875,999.9854125976562,999.9854125976562,999.9854125976562,999.9854125976562,999.9854125976562,999.9854125976562,999.9854125976562,999.9854125976562,1000.0009155273438,999.9854125976562,999.9969482421876,999.9854736328124,999.9854125976562,1000.0005493164062,999.9854125976562,1000.0005493164062,999.9854125976562,999.9854125976562,999.9854125976562,999.9854125976562,1000.0005493164062,999.9854125976562,999.9854125976562,999.9854125976562,999.9854125976562,1000.0,999.9854125976562,999.9854125976562,999.9854125976562,999.9854125976562,1000.0,999.9854125976562,1000.0079956054688,999.9854125976562,999.9854125976562,999.993408203125,1000.0245971679688,999.9854125976562,999.9854125976562,999.9854125976562,1000.0050048828124,999.9854125976562,999.9854125976562,999.9854125976562,999.9854125976562,999.9854125976562,1000.0,1000.0,1000.0,1000.0822143554688,999.9854125976562,999.9854125976562,999.9854125976562,999.9854125976562,999.9854125976562,999.9854125976562,1000.0,999.9854125976562,999.9854125976562,999.9854125976562,999.9854125976562,1000.0009765625,999.9854125976562
293,999.9854125976562,999.9854125976562,999.9854125976562,999.9854125976562,999.9854125976562,999.9854125976562,1000.0,999.9854125976562,1000.0005493164062,1000.0009155273438,999.9854125976562,999.9854125976562,999.9854125976562,999.9854125976562,999.9854125976562,999.9854125976562,1000.0,999.9854125976562,999.9854125976562,999.9854125976562,999.9854125976562,999.9854125976562,1000.0,1000.0009155273438,999.9854125976562,999.9854125976562,999.9854125976562,999.9854125976562,999.9854125976562,999.9854125976562,999.9854125976562,999.993408203125,999.9854125976562,1000.0009155273438,999.9854125976562,999.9854125976562,1000.0732421875,999.9854125976562,999.9854125976562,999.9854125976562,999.9854125976562,999.9854125976562,999.9854125976562,999.9854125976562,999.9854125976562,1000.0009155273438,999.9854125976562,999.9969482421876,999.9854736328124,999.9854125976562,1000.0005493164062,999.9854125976562,1000.0005493164062,999.9854125976562,999.9854125976562,999.9854125976562,999.9854125976562,1000.0005493164062,999.9854125976562,999.9854125976562,999.9854125976562,999.9854125976562,1000.0,999.9854125976562,999.9854125976562,999.9854125976562,999.9854125976562,1000.0,999.9854125976562,1000.0079956054688,999.9854125976562,999.9854125976562,999.993408203125,1000.0245971679688,999.9854125976562,999.9854125976562,999.9854125976562,1000.0050048828124,999.9854125976562,999.9854125976562,999.9854125976562,999.9854125976562,999.9854125976562,1000.0,1000.0,1000.0,1000.0822143554688,999.9854125976562,999.9854125976562,999.9854125976562,999.9854125976562,999.9854125976562,999.9854125976562,1000.0,999.9854125976562,999.9854125976562,999.9854125976562,999.9854125976562,1000.0009765625,999.9854125976562
294,999.9854125976562,999.9854125976562,999.9854125976562,999.9854125976562,999.9854125976562,999.9854125976562,1000.0,999.9854125976562,1000.0005493164062,1000.0009155273438,999.9854125976562,999.9854125976562,999.9854125976562,999.9854125976562,999.9854125976562,999.9854125976562,1000.0,999.9854125976562,999.9854125976562,999.9854125976562,999.9854125976562,999.9854125976562,1000.0,1000.0009155273438,999.9854125976562,999.9854125976562,999.9854125976562,999.9854125976562,999.9854125976562,999.9854125976562,999.9854125976562,999.993408203125,999.9854125976562,1000.0009155273438,999.9854125976562,999.9854125976562,1000.0732421875,999.9854125976562,999.9854125976562,999.9854125976562,999.9854125976562,999.9854125976562,999.9854125976562,999.9854125976562,999.9854125976562,1000.0009155273438,999.9854125976562,999.9969482421876,999.9854736328124,999.9854125976562,1000.0005493164062,999.9854125976562,1000.0005493164062,999.9854125976562,999.9854125976562,999.9854125976562,999.9854125976562,1000.0005493164062,999.9854125976562,999.9854125976562,999.9854125976562,999.9854125976562,1000.0,999.9854125976562,999.9854125976562,999.9854125976562,999.9854125976562,1000.0,999.9854125976562,1000.0079956054688,999.9854125976562,999.9854125976562,999.993408203125,1000.0245971679688,999.9854125976562,999.9854125976562,999.9854125976562,1000.0050048828124,999.9854125976562,999.9854125976562,999.9854125976562,999.9854125976562,999.9854125976562,1000.0,1000.0,1000.0,1000.0822143554688,999.9854125976562,999.9854125976562,999.9854125976562,999.9854125976562,999.9854125976562,999.9854125976562,1000.0,999.9854125976562,999.9854125976562,999.9854125976562,999.9854125976562,1000.0009765625,999.9854125976562
295,999.9854125976562,999.9854125976562,999.9854125976562,999.9854125976562,999.9854125976562,999.9854125976562,1000.0,999.9854125976562,1000.0005493164062,1000.0009155273438,999.9854125976562,999.9854125976562,999.9854125976562,999.9854125976562,999.9854125976562,999.9854125976562,1000.0,999.9854125976562,999.9854125976562,999.9854125976562,999.9854125976562,999.9854125976562,1000.0,1000.0009155273438,999.9854125976562,999.9854125976562,999.9854125976562,999.9854125976562,999.9854125976562,999.9854125976562,999.9854125976562,999.993408203125,999.9854125976562,1000.0009155273438,999.9854125976562,999.9854125976562,1000.0732421875,999.9854125976562,999.9854125976562,999.9854125976562,999.9854125976562,999.9854125976562,999.9854125976562,999.9854125976562,999.9854125976562,1000.0009155273438,999.9854125976562,999.9969482421876,999.9854736328124,999.9854125976562,1000.0005493164062,999.9854125976562,1000.0005493164062,999.9854125976562,999.9854125976562,999.9854125976562,999.9854125976562,1000.0005493164062,999.9854125976562,999.9854125976562,999.9854125976562,999.9854125976562,1000.0,999.9854125976562,999.9854125976562,999.9854125976562,999.9854125976562,1000.0,999.9854125976562,1000.0079956054688,999.9854125976562,999.9854125976562,999.993408203125,1000.0245971679688,999.9854125976562,999.9854125976562,999.9854125976562,1000.0050048828124,999.9854125976562,999.9854125976562,999.9854125976562,999.9854125976562,999.9854125976562,1000.0,1000.0,1000.0,1000.0822143554688,999.9854125976562,999.9854125976562,999.9854125976562,999.9854125976562,999.9854125976562,999.9854125976562,1000.0,999.9854125976562,999.9854125976562,999.9854125976562,999.9854125976562,1000.0009765625,999.9854125976562
296,999.9854125976562,999.9854125976562,999.9854125976562,999.9854125976562,999.9854125976562,999.9854125976562,1000.0,999.9854125976562,1000.0005493164062,1000.0009155273438,999.9854125976562,999.9854125976562,999.9854125976562,999.9854125976562,999.9854125976562,999.9854125976562,1000.0,999.9854125976562,999.9854125976562,999.9854125976562,999.9854125976562,999.9854125976562,1000.0,1000.0009155273438,999.9854125976562,999.9854125976562,999.9854125976562,999.9854125976562,999.9854125976562,999.9854125976562,999.9854125976562,999.993408203125,999.9854125976562,1000.0009155273438,999.9854125976562,999.9854125976562,1000.0732421875,999.9854125976562,999.9854125976562,999.9854125976562,999.9854125976562,999.9854125976562,999.9854125976562,999.9854125976562,999.9854125976562,1000.0009155273438,999.9854125976562,999.9969482421876,999.9854736328124,999.9854125976562,1000.0005493164062,999.9854125976562,1000.0005493164062,999.9854125976562,999.9854125976562,999.9854125976562,999.9854125976562,1000.0005493164062,999.9854125976562,999.9854125976562,999.9854125976562,999.9854125976562,1000.0,999.9854125976562,999.9854125976562,999.9854125976562,999.9854125976562,1000.0,999.9854125976562,1000.0079956054688,999.9854125976562,999.9854125976562,999.993408203125,1000.0245971679688,999.9854125976562,999.9854125976562,999.9854125976562,1000.0050048828124,999.9854125976562,999.9854125976562,999.9854125976562,999.9854125976562,999.9854125976562,1000.0,1000.0,1000.0,1000.0822143554688,999.9854125976562,999.9854125976562,999.9854125976562,999.9854125976562,999.9854125976562,999.9854125976562,1000.0,999.9854125976562,999.9854125976562,999.9854125976562,999.9854125976562,1000.0009765625,999.9854125976562
297,999.9854125976562,999.9854125976562,999.9854125976562,999.9854125976562,999.9854125976562,999.9854125976562,1000.0,999.9854125976562,1000.0005493164062,1000.0009155273438,999.9854125976562,999.9854125976562,999.9854125976562,999.9854125976562,999.9854125976562,999.9854125976562,1000.0,999.9854125976562,999.9854125976562,999.9854125976562,999.9854125976562,999.9854125976562,1000.0,1000.0009155273438,999.9854125976562,999.9854125976562,999.9854125976562,999.9854125976562,999.9854125976562,999.9854125976562,999.9854125976562,999.993408203125,999.9854125976562,1000.0009155273438,999.9854125976562,999.9854125976562,1000.0732421875,999.9854125976562,999.9854125976562,999.9854125976562,999.9854125976562,999.9854125976562,999.9854125976562,999.9854125976562,999.9854125976562,1000.0009155273438,999.9854125976562,999.9969482421876,999.9854736328124,999.9854125976562,1000.0005493164062,999.9854125976562,1000.0005493164062,999.9854125976562,999.9854125976562,999.9854125976562,999.9854125976562,1000.0005493164062,999.9854125976562,999.9854125976562,999.9854125976562,999.9854125976562,1000.0,999.9854125976562,999.9854125976562,999.9854125976562,999.9854125976562,1000.0,999.9854125976562,1000.0079956054688,999.9854125976562,999.9854125976562,999.993408203125,1000.0245971679688,999.9854125976562,999.9854125976562,999.9854125976562,1000.0050048828124,999.9854125976562,999.9854125976562,999.9854125976562,999.9854125976562,999.9854125976562,1000.0,1000.0,1000.0,1000.0822143554688,999.9854125976562,999.9854125976562,999.9854125976562,999.9854125976562,999.9854125976562,999.9854125976562,1000.0,999.9854125976562,999.9854125976562,999.9854125976562,999.9854125976562,1000.0009765625,999.9854125976562
298,999.9854125976562,999.9854125976562,999.9854125976562,999.9854125976562,999.9854125976562,999.9854125976562,1000.0,999.9854125976562,1000.0005493164062,1000.0009155273438,999.9854125976562,999.9854125976562,999.9854125976562,999.9854125976562,999.9854125976562,999.9854125976562,1000.0,999.9854125976562,999.9854125976562,999.9854125976562,999.9854125976562,999.9854125976562,1000.0,1000.0009155273438,999.9854125976562,999.9854125976562,999.9854125976562,999.9854125976562,999.9854125976562,999.9854125976562,999.9854125976562,999.993408203125,999.9854125976562,1000.0009155273438,999.9854125976562,999.9854125976562,1000.0732421875,999.9854125976562,999.9854125976562,999.9854125976562,999.9854125976562,999.9854125976562,999.9854125976562,999.9854125976562,999.9854125976562,1000.0009155273438,999.9854125976562,999.9969482421876,999.9854736328124,999.9854125976562,1000.0005493164062,999.9854125976562,1000.0005493164062,999.9854125976562,999.9854125976562,999.9854125976562,999.9854125976562,1000.0005493164062,999.9854125976562,999.9854125976562,999.9854125976562,999.9854125976562,1000.0,999.9854125976562,999.9854125976562,999.9854125976562,999.9854125976562,1000.0,999.9854125976562,1000.0079956054688,999.9854125976562,999.9854125976562,999.993408203125,1000.0245971679688,999.9854125976562,999.9854125976562,999.9854125976562,1000.0050048828124,999.9854125976562,999.9854125976562,999.9854125976562,999.9854125976562,999.9854125976562,1000.0,1000.0,1000.0,1000.0822143554688,999.9854125976562,999.9854125976562,999.9854125976562,999.9854125976562,999.9854125976562,999.9854125976562,1000.0,999.9854125976562,999.9854125976562,999.9854125976562,999.9854125976562,1000.0009765625,999.9854125976562
