,71.0,72.0,73.0,74.0,75.0,76.0,77.0,78.0,79.0,80.0,91.0,92.0,93.0,94.0,95.0,96.0,97.0,98.0,99.0,100.0,1.0,2.0,3.0,4.0,5.0,6.0,7.0,8.0,9.0,10.0,21.0,22.0,23.0,24.0,25.0,26.0,27.0,28.0,29.0,30.0,31.0,32.0,33.0,34.0,35.0,36.0,37.0,38.0,39.0,40.0,41.0,42.0,43.0,44.0,45.0,46.0,47.0,48.0,49.0,50.0,11.0,12.0,13.0,14.0,15.0,16.0,17.0,18.0,19.0,20.0,51.0,52.0,53.0,54.0,55.0,56.0,57.0,58.0,59.0,60.0,61.0,62.0,63.0,64.0,65.0,66.0,67.0,68.0,69.0,70.0,81.0,82.0,83.0,84.0,85.0,86.0,87.0,88.0,89.0,90.0
0,166.50457763671875,161.62953186035156,159.4920654296875,166.05609130859375,167.66810607910156,164.39051818847656,163.36306762695312,161.09722900390625,159.95794677734375,160.16940307617188,167.31138610839844,161.3312530517578,158.39828491210938,163.77273559570312,159.1605224609375,164.3238983154297,160.46275329589844,161.5812530517578,167.6433868408203,163.90228271484375,161.42333984375,165.2523651123047,168.1160888671875,158.0701446533203,158.9784698486328,166.18038940429688,161.10299682617188,159.88340759277344,162.0406036376953,156.88229370117188,161.19595336914062,162.85968017578125,164.6102294921875,164.2472686767578,158.14064025878906,158.4927215576172,164.1732635498047,164.6154327392578,162.08139038085938,159.3619842529297,167.4708709716797,163.2781219482422,164.50209045410156,164.07762145996094,160.4576416015625,164.45680236816406,164.15101623535156,160.54730224609375,159.02157592773438,160.30738830566406,164.7624969482422,166.49224853515625,165.67462158203125,171.00900268554688,164.4607696533203,161.14410400390625,163.69349670410156,165.99066162109375,161.31800842285156,160.13027954101562,159.5773162841797,165.81240844726562,159.86279296875,159.9418487548828,162.76348876953125,167.82553100585938,163.611328125,160.34800720214844,163.77651977539062,163.54898071289062,159.6177215576172,159.91661071777344,162.16070556640625,165.070068359375,165.05514526367188,164.12661743164062,167.43963623046875,162.62646484375,164.86114501953125,159.84495544433594,161.4669952392578,161.01123046875,164.438232421875,157.72174072265625,169.60301208496094,160.8118896484375,163.1257781982422,162.01547241210938,169.6829071044922,164.21566772460938,165.44210815429688,162.28257751464844,167.77894592285156,165.87197875976562,168.37741088867188,159.9711151123047,161.364990234375,162.86856079101562,159.1124267578125,161.36514282226562
1,160.474609375,170.12376403808594,160.22576904296875,161.63510131835938,160.0144805908203,165.42987060546875,164.2936248779297,169.074951171875,158.30096435546875,159.95384216308594,158.23190307617188,158.97471618652344,165.85458374023438,161.81825256347656,161.85458374023438,157.7578887939453,164.86367797851562,159.50494384765625,169.77719116210938,159.91348266601562,161.94696044921875,160.07122802734375,158.7248992919922,159.61351013183594,164.630859375,162.680908203125,166.6707305908203,160.01687622070312,160.27333068847656,157.9803009033203,163.79843139648438,167.54989624023438,159.97100830078125,165.73468017578125,162.6775360107422,161.02255249023438,160.16195678710938,163.5102081298828,163.8780517578125,165.9795379638672,164.4453582763672,160.37583923339844,160.12930297851562,162.80201721191406,163.3104705810547,163.68621826171875,165.35357666015625,159.62686157226562,161.84689331054688,160.47406005859375,161.7496795654297,157.9139404296875,161.2620391845703,161.00204467773438,163.05328369140625,167.16078186035156,163.28955078125,157.92999267578125,163.40017700195312,163.5764617919922,164.11376953125,168.1676025390625,158.4034423828125,166.39761352539062,163.69325256347656,153.1143341064453,162.35618591308594,165.76918029785156,166.04330444335938,161.6554718017578,159.296875,159.20130920410156,164.58372497558594,168.22509765625,166.2825927734375,162.6497802734375,163.29275512695312,167.8848419189453,165.05140686035156,158.23692321777344,161.90359497070312,170.4709014892578,162.18545532226562,167.45556640625,163.933349609375,163.05006408691406,165.09066772460938,164.2875518798828,154.66085815429688,156.43850708007812,157.50978088378906,161.28582763671875,157.79652404785156,159.27447509765625,161.30447387695312,164.9359130859375,161.47146606445312,163.61878967285156,165.3616943359375,163.6365203857422
2,167.302490234375,157.63262939453125,157.4291534423828,163.26463317871094,163.2217559814453,155.78445434570312,167.74168395996094,161.4776153564453,163.037353515625,164.12705993652344,163.09889221191406,158.45111083984375,159.97755432128906,160.08692932128906,161.76858520507812,169.0445098876953,159.40130615234375,169.96633911132812,158.89097595214844,163.14096069335938,162.39166259765625,161.8111114501953,161.46461486816406,164.1119384765625,160.4196319580078,157.9522247314453,161.88134765625,169.10589599609375,162.0227813720703,161.5512237548828,159.89210510253906,159.41485595703125,165.36158752441406,166.8939208984375,159.45664978027344,162.21923828125,168.9740753173828,159.7632598876953,160.0393524169922,169.00584411621094,162.17288208007812,161.6479949951172,160.5360107421875,162.3754119873047,161.63978576660156,157.11717224121094,164.6343536376953,165.34091186523438,162.2301025390625,167.12545776367188,162.22689819335938,165.1582794189453,165.9459686279297,162.19493103027344,163.1946563720703,160.15408325195312,162.0868682861328,159.3134765625,161.1451416015625,167.5958251953125,167.60519409179688,163.58200073242188,165.39752197265625,165.6690216064453,166.10948181152344,164.31106567382812,162.85874938964844,161.26263427734375,168.93948364257812,165.54095458984375,167.0592041015625,158.8993682861328,163.18719482421875,159.92027282714844,158.38047790527344,165.492431640625,170.5709686279297,158.6427764892578,164.21337890625,161.02764892578125,157.0929718017578,159.38768005371094,165.18527221679688,165.62564086914062,165.6552734375,158.8683319091797,158.68197631835938,163.720947265625,167.12799072265625,158.55392456054688,163.4011688232422,158.0563507080078,163.03787231445312,165.3690185546875,160.6763153076172,164.63111877441406,161.98582458496094,161.57093811035156,164.31626892089844,161.5897979736328
3,165.42091369628906,161.05728149414062,160.5670623779297,166.75473022460938,155.96835327148438,166.00115966796875,159.69520568847656,158.76681518554688,161.75790405273438,161.02793884277344,165.47328186035156,168.82366943359375,168.44491577148438,158.14016723632812,166.05795288085938,162.95172119140625,165.3606414794922,165.7084197998047,163.01695251464844,160.2689666748047,160.68214416503906,162.45803833007812,165.4885711669922,165.4064178466797,172.53262329101562,164.03689575195312,167.49960327148438,162.45709228515625,165.38424682617188,158.98316955566406,163.94427490234375,163.87564086914062,160.4318084716797,159.23045349121094,167.1554412841797,157.53321838378906,164.57000732421875,164.2175750732422,166.18948364257812,166.91453552246094,159.47947692871094,159.49386596679688,163.45436096191406,157.76388549804688,162.8710174560547,166.0813446044922,163.80612182617188,160.36474609375,161.15444946289062,164.85989379882812,161.33602905273438,161.29635620117188,160.07681274414062,169.84144592285156,161.5647735595703,166.94308471679688,157.54605102539062,163.7763671875,163.26058959960938,160.79563903808594,160.8813934326172,161.6452178955078,164.61399841308594,158.45574951171875,168.2074737548828,163.12319946289062,164.2340850830078,157.44200134277344,160.3595733642578,161.5224609375,159.57447814941406,162.65798950195312,160.47308349609375,164.37139892578125,162.59779357910156,161.86131286621094,162.88819885253906,165.73544311523438,166.29705810546875,163.0393829345703,163.9141387939453,162.04591369628906,160.34815979003906,159.20138549804688,160.57565307617188,161.0775146484375,166.6231231689453,158.76187133789062,160.67185974121094,165.89492797851562,158.38491821289062,163.98045349121094,159.45391845703125,165.8251953125,157.88719177246094,161.1144256591797,161.92501831054688,155.93161010742188,161.55296325683594,164.7065887451172
4,158.47019958496094,162.03106689453125,161.78451538085938,160.4601287841797,162.41290283203125,157.8960723876953,166.97567749023438,163.65908813476562,161.7979736328125,164.4437255859375,163.523193359375,171.65090942382812,162.8565673828125,163.75254821777344,163.8849334716797,159.7671356201172,162.39476013183594,161.12615966796875,164.57078552246094,162.6546630859375,162.6251678466797,160.24143981933594,164.3966064453125,165.73342895507812,161.73849487304688,167.72483825683594,163.94717407226562,158.9710235595703,167.731201171875,160.12384033203125,159.81539916992188,165.3296661376953,158.69667053222656,159.8085174560547,162.33828735351562,163.4708709716797,155.88710021972656,163.7532196044922,166.4337615966797,162.89337158203125,166.3516082763672,164.28173828125,161.76235961914062,166.4216766357422,160.4474639892578,163.1708221435547,167.24485778808594,162.619384765625,159.88424682617188,156.61709594726562,161.0043487548828,163.15032958984375,161.82989501953125,162.20379638671875,162.22201538085938,164.40567016601562,166.741455078125,163.95919799804688,161.96400451660156,163.49868774414062,160.38526916503906,165.84112548828125,165.57455444335938,161.77194213867188,160.19061279296875,162.0844268798828,163.2718505859375,162.55599975585938,164.63522338867188,158.98123168945312,163.23284912109375,164.349365234375,158.74725341796875,163.85684204101562,162.988037109375,163.5790252685547,162.64952087402344,161.528076171875,165.17596435546875,162.2861328125,160.8565673828125,162.46400451660156,159.6333770751953,161.1368865966797,166.23062133789062,162.38914489746094,168.59373474121094,166.622802734375,159.95623779296875,158.22354125976562,158.66172790527344,155.39219665527344,158.98001098632812,166.60903930664062,165.9427947998047,160.0408477783203,159.95376586914062,158.67481994628906,159.87841796875,157.16278076171875
5,156.4937744140625,166.936767578125,161.35427856445312,164.30731201171875,156.87359619140625,162.00982666015625,166.30398559570312,160.36512756347656,162.35960388183594,159.57102966308594,165.3199005126953,162.22154235839844,165.42245483398438,160.5006866455078,161.0607147216797,161.33009338378906,164.40077209472656,158.1350555419922,159.78721618652344,168.4851531982422,166.88638305664062,159.08941650390625,160.17868041992188,162.6744384765625,158.38270568847656,163.52725219726562,159.93382263183594,164.85281372070312,159.1047821044922,165.37991333007812,161.76522827148438,161.9836883544922,161.69564819335938,159.6929473876953,163.4720916748047,162.93075561523438,167.343017578125,161.81996154785156,161.18360900878906,162.346435546875,162.92755126953125,163.5831298828125,161.39337158203125,160.43051147460938,160.57601928710938,169.48141479492188,162.55905151367188,161.45155334472656,164.33877563476562,165.33572387695312,164.2671356201172,163.3004150390625,163.3665008544922,166.97702026367188,159.94630432128906,157.4418487548828,162.99267578125,161.1573486328125,159.9169921875,161.0928497314453,161.65074157714844,163.37139892578125,158.6589813232422,170.22061157226562,158.39991760253906,158.7472381591797,162.52880859375,156.6094207763672,163.45579528808594,165.5813751220703,158.99012756347656,162.77459716796875,161.44969177246094,169.1665496826172,158.67274475097656,161.1942901611328,160.64608764648438,166.54222106933594,162.71153259277344,158.1359405517578,166.84262084960938,165.0386199951172,162.35365295410156,166.15541076660156,161.62911987304688,166.5956268310547,162.21205139160156,160.50509643554688,162.493408203125,161.36912536621094,159.99049377441406,159.4420166015625,168.48223876953125,164.79791259765625,159.13113403320312,158.4518280029297,166.52963256835938,162.16177368164062,166.0579833984375,167.6675262451172
6,161.7203826904297,167.2541961669922,156.52113342285156,160.7769317626953,165.4285430908203,168.172119140625,162.6058349609375,157.48751831054688,163.84494018554688,164.0644073486328,160.96173095703125,161.73924255371094,166.89857482910156,166.2900848388672,157.7971954345703,163.95870971679688,159.4775848388672,162.15240478515625,156.00196838378906,165.68319702148438,160.71885681152344,160.8430633544922,163.50106811523438,163.7299041748047,164.62728881835938,155.1181182861328,165.1121826171875,165.51516723632812,165.31968688964844,163.6949920654297,165.26596069335938,159.0435028076172,159.57476806640625,160.07199096679688,157.42855834960938,165.77003479003906,159.11094665527344,154.29898071289062,160.46888732910156,162.01986694335938,161.16978454589844,168.02337646484375,161.7382049560547,168.42124938964844,163.2239990234375,165.99374389648438,162.51904296875,164.13458251953125,166.7506103515625,161.16094970703125,166.95713806152344,158.6763458251953,162.06027221679688,165.35113525390625,166.03846740722656,166.44227600097656,161.6876678466797,162.155517578125,158.89012145996094,166.0975341796875,162.12051391601562,157.78231811523438,158.0747528076172,161.58445739746094,161.22637939453125,161.77377319335938,162.88742065429688,161.86114501953125,161.4113311767578,157.5741424560547,159.87364196777344,162.3453369140625,165.77008056640625,166.8970184326172,162.64540100097656,162.73321533203125,153.08970642089844,157.06182861328125,157.9407958984375,160.77357482910156,163.40533447265625,163.8645477294922,162.4784393310547,164.68316650390625,159.13034057617188,160.8047332763672,161.38223266601562,162.925537109375,164.1396026611328,162.3724365234375,164.33692932128906,162.77914428710938,158.67813110351562,162.1906280517578,165.0050506591797,157.75669860839844,157.92950439453125,161.58900451660156,167.50985717773438,159.44247436523438
7,163.2788848876953,161.8610076904297,163.31289672851562,170.78164672851562,173.75906372070312,162.9741668701172,160.86904907226562,158.4161376953125,171.6814422607422,164.94090270996094,164.93069458007812,164.99038696289062,158.6137237548828,161.47999572753906,163.17041015625,166.771728515625,161.87042236328125,159.22174072265625,161.3494873046875,160.0430145263672,166.1747283935547,167.85057067871094,167.08572387695312,164.6722412109375,158.69039916992188,162.8207550048828,160.51329040527344,162.2576446533203,169.8137664794922,160.37767028808594,164.60694885253906,163.93478393554688,161.6463165283203,165.7959747314453,166.2223358154297,162.01791381835938,164.79891967773438,158.5108642578125,158.37313842773438,160.00755310058594,161.93267822265625,165.6967010498047,160.12619018554688,164.0856475830078,165.1748504638672,162.59097290039062,159.92898559570312,159.16485595703125,157.9166717529297,155.61363220214844,163.66610717773438,163.90892028808594,165.95550537109375,160.5409393310547,156.3431854248047,163.93739318847656,158.54490661621094,159.5105438232422,166.80978393554688,163.615234375,162.74449157714844,161.4355010986328,159.17236328125,165.19223022460938,164.55577087402344,156.6733856201172,161.39199829101562,160.52066040039062,159.28465270996094,171.54266357421875,164.42385864257812,159.9582977294922,166.7747802734375,163.12071228027344,163.0400390625,167.4817657470703,163.61508178710938,168.9050750732422,158.6964111328125,163.47068786621094,160.50819396972656,162.860107421875,164.01776123046875,161.8302001953125,159.21543884277344,163.2117919921875,160.25645446777344,164.03506469726562,163.87220764160156,156.43670654296875,169.34315490722656,161.99526977539062,164.01551818847656,159.289794921875,159.11495971679688,164.84193420410156,167.7487335205078,158.86683654785156,160.3492889404297,157.22132873535156
8,162.7490997314453,162.740966796875,161.21627807617188,161.4526824951172,166.1952667236328,162.411865234375,166.66775512695312,167.6109161376953,159.84115600585938,164.85791015625,163.61767578125,160.64747619628906,162.80494689941406,169.53826904296875,162.16961669921875,163.25758361816406,162.3193359375,160.27682495117188,163.89706420898438,161.8329620361328,157.37442016601562,167.04379272460938,163.3202362060547,159.5579071044922,162.82925415039062,162.39735412597656,165.5027313232422,161.48956298828125,168.07859802246094,165.9270477294922,161.17494201660156,165.48202514648438,161.382080078125,161.24229431152344,161.64024353027344,168.9102020263672,159.33819580078125,167.82748413085938,171.7123260498047,163.07566833496094,164.89991760253906,162.2667236328125,159.86317443847656,162.0,161.35086059570312,158.41943359375,159.76382446289062,168.69009399414062,162.1483917236328,166.7261962890625,162.2582550048828,163.4435272216797,164.950439453125,168.48341369628906,163.24832153320312,164.1560821533203,167.1767578125,165.4596710205078,163.40330505371094,161.7303466796875,172.67672729492188,161.30941772460938,164.013427734375,161.37246704101562,157.72853088378906,159.05332946777344,165.68902587890625,164.01483154296875,163.4268798828125,159.2878875732422,167.40902709960938,163.1019287109375,168.1324462890625,166.72146606445312,161.02377319335938,158.74673461914062,160.24517822265625,163.3009033203125,161.66229248046875,160.4925537109375,157.1274871826172,165.50962829589844,166.4684295654297,165.4354248046875,159.83990478515625,164.181396484375,158.85069274902344,158.2979736328125,164.24046325683594,160.18612670898438,158.5090789794922,164.00103759765625,162.83168029785156,160.57432556152344,166.02879333496094,158.4217987060547,164.4481964111328,162.13572692871094,163.82272338867188,160.13450622558594
9,158.59686279296875,160.64244079589844,160.82130432128906,158.46905517578125,162.06698608398438,168.58364868164062,164.1407012939453,163.96621704101562,164.92417907714844,160.6864776611328,159.3048553466797,160.7709503173828,167.0887451171875,164.39739990234375,164.2880096435547,157.5340118408203,158.4730682373047,161.30274963378906,157.37994384765625,159.57257080078125,163.166259765625,166.16656494140625,164.61386108398438,163.29124450683594,162.43394470214844,164.47999572753906,158.12660217285156,158.24725341796875,161.59031677246094,164.61341857910156,161.1782989501953,159.63970947265625,160.27145385742188,164.50961303710938,160.32565307617188,161.8983154296875,152.79115295410156,162.04759216308594,164.69334411621094,163.60211181640625,163.82179260253906,163.68206787109375,157.1217041015625,161.94351196289062,166.70347595214844,163.76596069335938,166.00148010253906,164.19223022460938,164.06224060058594,160.48248291015625,160.91195678710938,168.94314575195312,161.02989196777344,168.30441284179688,163.73992919921875,163.7638397216797,165.61207580566406,162.04835510253906,158.9305877685547,167.6624755859375,159.22608947753906,161.19137573242188,167.8125,167.827880859375,166.22869873046875,168.62017822265625,168.78421020507812,156.84707641601562,163.92596435546875,164.71533203125,161.48387145996094,168.21282958984375,162.06997680664062,162.34884643554688,162.03231811523438,158.5091552734375,163.23475646972656,160.5507354736328,157.9114990234375,160.61129760742188,159.84326171875,160.95660400390625,161.6043243408203,167.5950927734375,168.0447998046875,160.51498413085938,166.92941284179688,159.8980712890625,160.45074462890625,159.4856414794922,159.19119262695312,169.29525756835938,162.50711059570312,161.45301818847656,163.90841674804688,163.31739807128906,160.74151611328125,159.5411376953125,168.95257568359375,159.65347290039062
10,160.85597229003906,164.8236846923828,159.52053833007812,163.7917022705078,161.15086364746094,168.24966430664062,162.762451171875,164.5371551513672,161.58934020996094,161.4848175048828,163.3240966796875,163.14649963378906,158.30416870117188,162.96044921875,164.3757781982422,167.06790161132812,162.10812377929688,161.4038848876953,160.48727416992188,169.03759765625,159.818603515625,167.41485595703125,155.06736755371094,168.6402587890625,162.29977416992188,159.03176879882812,162.9709014892578,162.0828857421875,164.60491943359375,165.49717712402344,164.49974060058594,170.06314086914062,163.35159301757812,170.51278686523438,164.04977416992188,159.58555603027344,163.28305053710938,159.86636352539062,164.40016174316406,164.23281860351562,165.3583984375,159.14767456054688,162.54727172851562,163.673583984375,161.7399444580078,169.121337890625,163.5770263671875,160.78431701660156,164.46417236328125,165.29791259765625,167.7509765625,160.39427185058594,163.3905792236328,167.32034301757812,162.59326171875,164.19696044921875,160.98727416992188,167.00918579101562,163.47927856445312,159.2335968017578,164.42184448242188,166.55958557128906,165.9826202392578,161.01951599121094,163.07798767089844,165.03860473632812,163.54351806640625,157.50144958496094,164.94497680664062,159.29116821289062,165.0242462158203,159.56089782714844,165.00103759765625,161.6830596923828,168.42698669433594,160.34075927734375,158.2278289794922,166.79383850097656,157.9447479248047,158.6841583251953,165.8253936767578,165.6547393798828,165.0507354736328,164.77481079101562,159.79074096679688,163.71002197265625,163.677734375,166.4962615966797,164.33189392089844,161.2733917236328,163.54286193847656,164.9728546142578,162.95321655273438,160.89324951171875,166.96311950683594,159.18882751464844,164.27072143554688,162.76133728027344,159.31002807617188,161.91070556640625
11,167.30133056640625,165.56410217285156,166.5170135498047,163.78057861328125,166.61880493164062,162.99957275390625,160.08175659179688,169.18408203125,163.0214080810547,162.44088745117188,163.3428955078125,158.13946533203125,158.06617736816406,163.4444580078125,162.31089782714844,160.4418182373047,158.95469665527344,158.6938018798828,160.00186157226562,167.9571533203125,160.4615936279297,158.20155334472656,165.99337768554688,161.53201293945312,162.44586181640625,166.16285705566406,158.65457153320312,163.01670837402344,161.55455017089844,167.43170166015625,161.60752868652344,163.3422393798828,165.9089813232422,163.22390747070312,162.76165771484375,163.08306884765625,167.25111389160156,165.74810791015625,166.5788116455078,158.91482543945312,161.0904998779297,163.48658752441406,157.73297119140625,162.51943969726562,160.60743713378906,166.12548828125,159.8905029296875,163.37997436523438,170.38941955566406,164.9656219482422,165.00401306152344,162.9720916748047,161.2771759033203,163.78753662109375,161.07290649414062,159.6266326904297,162.53089904785156,163.06219482421875,165.17251586914062,156.16481018066406,163.00376892089844,163.68084716796875,167.37232971191406,155.0564727783203,162.17698669433594,162.90228271484375,161.76365661621094,161.8079071044922,167.38356018066406,158.8212127685547,163.30984497070312,165.72425842285156,159.0614776611328,164.83096313476562,163.50546264648438,160.2993621826172,161.58560180664062,163.83071899414062,165.21034240722656,165.5406494140625,162.0618133544922,158.77272033691406,166.23789978027344,158.30917358398438,165.99073791503906,168.35919189453125,163.36172485351562,166.42787170410156,163.60121154785156,160.23275756835938,162.79881286621094,159.2936248779297,166.95440673828125,160.25538635253906,160.34976196289062,162.78585815429688,164.24349975585938,165.0008544921875,157.3955535888672,161.2842559814453
12,165.34327697753906,160.7857666015625,164.3325653076172,166.18447875976562,165.84873962402344,163.31063842773438,164.42417907714844,167.889892578125,163.02197265625,160.4607696533203,166.68280029296875,164.3964080810547,158.0522918701172,164.86871337890625,161.34878540039062,160.0215301513672,163.47247314453125,162.3239288330078,158.62484741210938,158.0367431640625,167.6488800048828,158.92811584472656,162.87982177734375,154.73097229003906,166.20655822753906,162.7073211669922,164.32861328125,161.58544921875,162.0440216064453,156.64808654785156,168.804931640625,165.2342529296875,160.88748168945312,164.5135955810547,163.00686645507812,169.59800720214844,159.0511932373047,157.4966278076172,163.9695587158203,162.3204345703125,164.85841369628906,165.91574096679688,163.98776245117188,164.46229553222656,160.96376037597656,164.82315063476562,162.03085327148438,162.56150817871094,158.94216918945312,161.67715454101562,161.9920196533203,165.0610809326172,166.6882781982422,163.46865844726562,168.28207397460938,160.223876953125,160.760009765625,162.34979248046875,168.07305908203125,165.34249877929688,164.6291046142578,169.78875732421875,160.14442443847656,161.1650390625,168.18112182617188,161.53048706054688,164.29295349121094,166.83929443359375,161.7743377685547,164.61485290527344,160.6433868408203,166.76324462890625,167.21719360351562,163.02105712890625,166.3437042236328,173.1781768798828,166.96890258789062,166.61305236816406,166.32733154296875,162.38137817382812,165.4869842529297,158.3787384033203,165.78150939941406,158.46221923828125,161.76065063476562,162.289794921875,161.9906005859375,159.57821655273438,157.2076416015625,166.99581909179688,163.03091430664062,165.85733032226562,163.2449188232422,164.10887145996094,166.3795166015625,159.03179931640625,163.43392944335938,171.32948303222656,159.96771240234375,168.19647216796875
13,159.72242736816406,160.31716918945312,158.87474060058594,163.36569213867188,163.02301025390625,168.6722412109375,159.53773498535156,167.77699279785156,161.67205810546875,162.24356079101562,158.2502899169922,161.47879028320312,162.56614685058594,167.03460693359375,161.2459259033203,166.17935180664062,160.1727752685547,160.40805053710938,161.16395568847656,159.8795166015625,163.4781951904297,160.92115783691406,162.50204467773438,161.54153442382812,164.93438720703125,162.4854736328125,161.49754333496094,161.62986755371094,168.7213897705078,155.6802978515625,162.29705810546875,156.6469268798828,161.5096435546875,159.99037170410156,166.01307678222656,162.89288330078125,166.003173828125,162.452880859375,164.85214233398438,158.9128875732422,164.9246368408203,160.9419708251953,164.98834228515625,167.30511474609375,163.75640869140625,158.93800354003906,163.9417724609375,163.6331787109375,161.1650390625,158.05516052246094,165.56005859375,166.84652709960938,168.31063842773438,160.52308654785156,159.1846466064453,162.9752960205078,162.13504028320312,161.7803955078125,159.81996154785156,166.0229034423828,171.6545867919922,159.16233825683594,170.02769470214844,162.13307189941406,159.26182556152344,160.19131469726562,165.91775512695312,163.17977905273438,160.68063354492188,162.25555419921875,161.7545928955078,167.51133728027344,163.00955200195312,162.987060546875,161.1517791748047,162.43246459960938,160.91787719726562,160.05384826660156,162.4753875732422,164.14578247070312,162.53469848632812,163.94281005859375,159.23977661132812,164.66397094726562,161.96229553222656,165.3280029296875,163.40902709960938,159.9070281982422,161.34133911132812,163.36203002929688,163.7942657470703,158.9722442626953,161.37948608398438,166.41647338867188,162.33590698242188,163.4794464111328,166.15020751953125,161.4625244140625,164.0465545654297,162.75588989257812
14,161.67889404296875,158.48828125,158.37106323242188,165.31361389160156,158.5555419921875,158.85418701171875,163.8042449951172,164.6879119873047,161.3807830810547,166.64996337890625,163.54869079589844,163.60496520996094,160.91836547851562,166.56475830078125,162.92703247070312,161.2659912109375,158.8037567138672,165.69802856445312,164.73553466796875,167.4886474609375,161.32798767089844,160.45323181152344,165.4910430908203,165.3030242919922,161.48876953125,163.1816864013672,161.88795471191406,161.38211059570312,162.17037963867188,164.87069702148438,161.1777801513672,160.45277404785156,158.25033569335938,164.4461212158203,163.86862182617188,158.09829711914062,162.28997802734375,166.31626892089844,163.21835327148438,166.79849243164062,165.4833984375,163.88766479492188,163.92465209960938,164.15365600585938,160.70262145996094,159.09164428710938,162.1068878173828,157.89495849609375,165.1295166015625,163.82534790039062,160.0110626220703,160.88507080078125,160.38531494140625,162.51190185546875,166.46864318847656,163.11997985839844,169.15074157714844,159.44454956054688,161.22091674804688,162.12904357910156,163.52386474609375,161.26699829101562,168.2230682373047,166.62353515625,159.83970642089844,168.40052795410156,164.31796264648438,156.91331481933594,167.51022338867188,163.00234985351562,164.7855224609375,162.5614013671875,162.5669708251953,165.70130920410156,163.83090209960938,153.98690795898438,163.47653198242188,165.94964599609375,162.42343139648438,163.82254028320312,169.84725952148438,166.23565673828125,164.30288696289062,164.25784301757812,163.58694458007812,159.9744873046875,155.290771484375,162.99066162109375,160.83689880371094,166.69805908203125,167.31649780273438,164.4505615234375,159.2110137939453,163.2736053466797,167.6110076904297,159.36798095703125,163.09967041015625,166.93170166015625,163.56332397460938,161.77203369140625
15,159.61123657226562,162.55552673339844,165.0771942138672,165.68202209472656,163.3721160888672,160.9651641845703,162.77279663085938,163.55303955078125,161.06105041503906,158.61846923828125,161.50892639160156,165.41070556640625,162.8245849609375,161.74716186523438,162.5171661376953,162.6219024658203,164.51278686523438,161.94224548339844,162.38534545898438,165.04830932617188,163.02122497558594,166.51397705078125,158.07484436035156,160.51104736328125,164.81756591796875,157.7073211669922,159.81565856933594,164.59420776367188,162.09349060058594,156.5991973876953,166.47364807128906,158.39376831054688,161.38800048828125,161.79409790039062,163.72305297851562,161.7728271484375,168.67282104492188,163.61788940429688,161.41006469726562,163.7639923095703,161.49766540527344,171.99786376953125,161.66091918945312,167.5652313232422,159.65444946289062,163.4033203125,160.27027893066406,158.80613708496094,161.51748657226562,160.3286590576172,156.82545471191406,163.1834716796875,160.3093719482422,161.3840789794922,160.77642822265625,159.88661193847656,163.37171936035156,162.78846740722656,164.4788055419922,161.16647338867188,163.921630859375,164.06076049804688,170.0650634765625,161.97715759277344,163.63800048828125,166.90951538085938,169.1710205078125,164.32232666015625,157.20631408691406,156.4143524169922,162.3384246826172,160.7034912109375,159.09579467773438,170.06320190429688,163.898193359375,156.27500915527344,160.6305389404297,159.7240753173828,170.02589416503906,163.34341430664062,159.30393981933594,163.1274871826172,160.1653594970703,161.77415466308594,165.38914489746094,163.85665893554688,155.5432586669922,167.54132080078125,160.6080322265625,165.2996063232422,165.2439727783203,161.03616333007812,163.56271362304688,157.6901092529297,167.42726135253906,165.4754638671875,159.95974731445312,164.98159790039062,158.1860809326172,165.98316955566406
16,164.56103515625,165.13583374023438,162.52626037597656,163.77862548828125,166.09803771972656,163.1053924560547,158.0546417236328,158.4803924560547,158.4663848876953,159.9049530029297,163.0334014892578,158.79331970214844,159.8677978515625,158.11947631835938,164.45106506347656,164.23568725585938,159.35069274902344,164.75860595703125,163.78509521484375,162.3004150390625,165.7484130859375,160.44674682617188,164.3145294189453,164.24813842773438,158.97348022460938,156.53610229492188,163.24876403808594,162.02386474609375,161.66468811035156,166.78555297851562,160.62396240234375,164.70989990234375,157.54904174804688,162.3658905029297,164.8872528076172,163.80703735351562,164.64779663085938,162.8032989501953,156.8383026123047,159.23504638671875,166.02908325195312,164.67218017578125,159.73135375976562,164.10873413085938,162.23638916015625,160.88711547851562,155.2196044921875,166.2065887451172,163.85592651367188,158.02891540527344,165.63754272460938,164.810546875,161.3653564453125,167.1161346435547,157.17147827148438,164.84237670898438,161.82958984375,160.56146240234375,157.49864196777344,159.23159790039062,158.1892852783203,163.48028564453125,160.83724975585938,165.45565795898438,156.31195068359375,167.2177276611328,161.78758239746094,163.5188446044922,163.113037109375,159.8826141357422,158.31222534179688,156.0406951904297,164.56265258789062,162.83274841308594,162.31288146972656,159.01419067382812,167.2213134765625,165.26617431640625,166.07693481445312,163.96832275390625,159.53086853027344,164.05763244628906,160.36990356445312,170.028076171875,159.2486572265625,163.11337280273438,163.15321350097656,161.660888671875,161.12351989746094,160.40817260742188,162.34385681152344,164.46084594726562,161.55386352539062,163.78158569335938,165.7395477294922,162.49447631835938,165.3753662109375,162.84669494628906,158.01004028320312,166.57037353515625
17,158.80262756347656,165.2919464111328,166.37913513183594,162.62506103515625,163.21176147460938,168.56924438476562,162.70457458496094,166.05206298828125,161.74307250976562,163.81668090820312,162.20741271972656,167.087158203125,164.88851928710938,161.462890625,164.88958740234375,161.76168823242188,167.93641662597656,160.6790771484375,159.2234649658203,158.9736328125,165.20944213867188,163.38710021972656,159.37391662597656,158.99923706054688,161.454833984375,159.80128479003906,165.64027404785156,161.33154296875,158.9886016845703,163.4615020751953,163.94061279296875,167.78355407714844,160.16050720214844,163.0694580078125,161.88369750976562,169.4964141845703,160.62197875976562,162.8212890625,164.54568481445312,157.1801300048828,166.35516357421875,160.3983154296875,165.3925323486328,163.1776885986328,168.55943298339844,167.75936889648438,158.21917724609375,160.96731567382812,158.03091430664062,165.93736267089844,160.1860809326172,163.83843994140625,163.88592529296875,161.5792694091797,164.34324645996094,162.15005493164062,159.63926696777344,160.0832977294922,164.27569580078125,159.05154418945312,164.22119140625,164.12307739257812,159.90673828125,160.00816345214844,159.50027465820312,163.73291015625,167.8935089111328,166.40548706054688,164.8843536376953,161.2217559814453,163.4884796142578,166.6433563232422,159.24502563476562,162.3746795654297,165.46524047851562,160.6833038330078,162.79330444335938,162.584716796875,167.868896484375,159.8076171875,160.23733520507812,163.17611694335938,163.13340759277344,162.84063720703125,161.37985229492188,165.1671905517578,158.1791534423828,169.60824584960938,160.08680725097656,162.40707397460938,159.76258850097656,158.05007934570312,159.80038452148438,160.4306640625,167.9639434814453,160.07298278808594,164.3758087158203,160.48648071289062,159.27638244628906,161.77049255371094
18,165.31356811523438,164.20751953125,161.7044219970703,167.10935974121094,163.50390625,163.4451904296875,159.38204956054688,166.48422241210938,160.37657165527344,170.75930786132812,159.810791015625,165.16748046875,161.95785522460938,161.38446044921875,163.25424194335938,159.24740600585938,166.73348999023438,164.1294403076172,165.744384765625,160.4081268310547,162.23989868164062,164.20016479492188,165.10403442382812,164.3047637939453,160.90928649902344,171.0072479248047,169.0863037109375,158.16317749023438,163.29519653320312,157.4924774169922,160.55966186523438,164.52838134765625,166.289306640625,168.40069580078125,162.94100952148438,166.14891052246094,161.22866821289062,157.9381561279297,164.59500122070312,164.74163818359375,163.1766357421875,159.87197875976562,164.92144775390625,159.6846160888672,162.87661743164062,164.48095703125,167.17489624023438,164.60302734375,164.14418029785156,166.39279174804688,160.05819702148438,164.05792236328125,155.1456756591797,162.03323364257812,168.6405029296875,160.58738708496094,166.32479858398438,162.43040466308594,162.6395263671875,161.34146118164062,159.70713806152344,165.15353393554688,165.41357421875,159.9486541748047,163.28379821777344,161.7716064453125,164.57850646972656,163.44252014160156,162.76385498046875,163.4791259765625,165.2177276611328,163.14242553710938,160.65988159179688,158.6168212890625,161.75086975097656,158.88612365722656,160.79747009277344,160.63075256347656,154.83029174804688,166.1044158935547,162.07589721679688,169.58961486816406,164.78128051757812,158.36154174804688,158.74374389648438,164.41018676757812,163.3575439453125,156.77662658691406,159.86965942382812,158.28619384765625,158.59951782226562,162.06338500976562,166.37124633789062,161.16830444335938,163.43789672851562,164.04891967773438,165.3802032470703,162.95016479492188,163.9411163330078,160.40724182128906
19,161.63333129882812,162.36349487304688,160.14956665039062,172.98995971679688,165.32550048828125,165.93826293945312,164.55038452148438,168.40284729003906,160.35763549804688,159.14024353027344,166.173828125,160.06484985351562,165.1294403076172,161.43911743164062,164.2364501953125,158.1060791015625,160.32586669921875,167.89013671875,161.188232421875,162.86685180664062,160.58404541015625,163.32395935058594,158.72528076171875,161.54891967773438,162.67822265625,161.4506072998047,159.93724060058594,160.41241455078125,159.77267456054688,164.99781799316406,164.02220153808594,162.67263793945312,161.22438049316406,157.08950805664062,166.63754272460938,161.90670776367188,164.85128784179688,166.7631378173828,160.54791259765625,161.87435913085938,158.4755859375,165.12359619140625,159.03880310058594,163.01600646972656,163.164306640625,156.0821990966797,160.93490600585938,161.41481018066406,163.7814483642578,163.85464477539062,165.2406005859375,164.26333618164062,160.74188232421875,158.1436004638672,162.32260131835938,156.98960876464844,162.51229858398438,160.5437469482422,161.4854278564453,164.1160888671875,167.9216766357422,162.75277709960938,164.6351318359375,163.27804565429688,161.36114501953125,162.9180145263672,161.73214721679688,163.56289672851562,167.4723358154297,164.41787719726562,158.18148803710938,162.31527709960938,159.8133544921875,168.08978271484375,163.25051879882812,162.11282348632812,165.26780700683594,164.39645385742188,163.39108276367188,162.87249755859375,163.66604614257812,159.47340393066406,160.7872314453125,165.99905395507812,163.55738830566406,160.08633422851562,168.33843994140625,165.1599578857422,163.5545196533203,160.22364807128906,161.56698608398438,161.32504272460938,160.783935546875,167.0843505859375,160.3158721923828,157.68002319335938,161.583740234375,163.9327850341797,162.38829040527344,163.0448455810547
20,166.19512939453125,161.3182830810547,162.48231506347656,161.42369079589844,164.30874633789062,160.70620727539062,155.6142120361328,166.18896484375,165.59510803222656,160.0063934326172,165.08070373535156,157.88931274414062,162.4596710205078,162.13792419433594,162.14968872070312,163.63101196289062,162.78065490722656,164.16612243652344,165.81451416015625,157.16427612304688,162.1468963623047,166.40174865722656,165.0142059326172,163.97181701660156,159.03253173828125,163.9941864013672,162.09735107421875,160.2978057861328,163.82754516601562,159.4012451171875,158.1082305908203,162.4150390625,163.23321533203125,159.94003295898438,157.88990783691406,159.7961883544922,159.38331604003906,164.2874755859375,160.85299682617188,157.9192657470703,160.56234741210938,162.9730224609375,159.63897705078125,161.00759887695312,164.20977783203125,166.05862426757812,158.53604125976562,167.9735565185547,163.8030548095703,163.58450317382812,167.09280395507812,165.67994689941406,161.40948486328125,157.8456268310547,162.31797790527344,162.19158935546875,163.3094024658203,171.32638549804688,158.8612060546875,166.4649658203125,167.06494140625,162.31814575195312,159.07546997070312,161.6807098388672,162.23031616210938,161.39315795898438,162.2432403564453,161.52479553222656,161.16973876953125,157.88475036621094,167.69149780273438,164.30303955078125,164.56748962402344,169.2520751953125,161.177978515625,165.0240478515625,161.7752227783203,159.40235900878906,159.2258758544922,169.08868408203125,159.30526733398438,162.07687377929688,166.1653594970703,168.10494995117188,160.13514709472656,161.92449951171875,162.95388793945312,159.83067321777344,164.90728759765625,156.55181884765625,159.87908935546875,168.51296997070312,164.15032958984375,160.88087463378906,167.46461486816406,157.74229431152344,163.24501037597656,162.97312927246094,160.57748413085938,164.32614135742188
21,159.3812255859375,159.56121826171875,169.0509033203125,162.3582763671875,160.7534637451172,171.9494171142578,167.49700927734375,158.69100952148438,161.1883087158203,163.6281280517578,164.07437133789062,168.80227661132812,164.94992065429688,163.8874969482422,162.28648376464844,164.30799865722656,163.06295776367188,159.53126525878906,166.4794464111328,162.15777587890625,167.46279907226562,161.15821838378906,159.25718688964844,161.41929626464844,159.5616912841797,165.82293701171875,161.24993896484375,163.37969970703125,162.9291229248047,157.13433837890625,161.43692016601562,166.8303680419922,156.93927001953125,165.43858337402344,163.37734985351562,162.2657012939453,157.29600524902344,166.4287109375,159.1905975341797,161.8024139404297,168.4713897705078,157.33058166503906,164.92933654785156,162.84088134765625,162.3514404296875,164.81961059570312,160.2791290283203,157.00289916992188,159.26141357421875,168.05606079101562,159.68260192871094,157.76577758789062,168.64453125,170.94813537597656,162.53726196289062,159.87400817871094,158.3372039794922,160.95970153808594,161.89724731445312,160.29273986816406,164.36102294921875,160.116455078125,161.9019775390625,162.25625610351562,169.55511474609375,158.4485321044922,167.60821533203125,163.362548828125,160.36874389648438,160.0287322998047,163.2920379638672,164.45248413085938,158.47265625,161.90460205078125,165.0753936767578,162.817138671875,165.3319854736328,160.23345947265625,160.00311279296875,161.63882446289062,167.69241333007812,157.3848419189453,165.24679565429688,158.47091674804688,160.4392852783203,157.21026611328125,166.75192260742188,164.0268096923828,159.46176147460938,166.42071533203125,161.21502685546875,160.8724822998047,165.63916015625,166.25833129882812,161.92657470703125,158.38601684570312,162.73135375976562,162.08291625976562,163.53997802734375,157.96670532226562
22,162.75550842285156,169.9656982421875,166.0047149658203,161.71922302246094,163.2156219482422,156.29942321777344,159.37283325195312,157.43690490722656,169.60752868652344,165.4439697265625,159.214599609375,168.52432250976562,163.75848388671875,165.41558837890625,162.4580535888672,163.53244018554688,164.293212890625,163.62574768066406,163.50286865234375,163.32371520996094,163.20782470703125,160.9149627685547,161.75640869140625,158.37796020507812,163.4020538330078,163.097900390625,160.30096435546875,167.0102996826172,161.99710083007812,162.97860717773438,159.19476318359375,161.3082275390625,161.56837463378906,158.88714599609375,164.11276245117188,160.3684539794922,161.8809051513672,164.3616180419922,160.88113403320312,162.5402069091797,158.41033935546875,160.16136169433594,161.99566650390625,161.29928588867188,160.72528076171875,162.47972106933594,164.59288024902344,158.5306854248047,166.6008758544922,160.2566680908203,164.35824584960938,163.34780883789062,161.2771759033203,160.7818145751953,169.78860473632812,168.2239532470703,157.54067993164062,161.08050537109375,164.38287353515625,160.1776580810547,160.46392822265625,163.77088928222656,163.2040557861328,157.36614990234375,161.41236877441406,157.93954467773438,164.6562042236328,162.37356567382812,163.14019775390625,168.79690551757812,158.63621520996094,172.0144805908203,161.45614624023438,164.17434692382812,167.5255126953125,160.4927215576172,158.46343994140625,163.49700927734375,160.97572326660156,157.28976440429688,162.7803497314453,161.7052764892578,156.88467407226562,159.35595703125,163.37953186035156,165.7427978515625,158.7210693359375,161.2278594970703,162.78366088867188,162.7399444580078,162.4410858154297,162.7805633544922,160.7991485595703,159.3048553466797,163.5340576171875,162.49349975585938,161.68460083007812,165.529052734375,166.54315185546875,162.86929321289062
23,166.808349609375,163.73660278320312,160.9935302734375,156.68272399902344,160.36968994140625,163.04733276367188,162.24349975585938,163.65316772460938,164.26121520996094,164.6563720703125,158.727783203125,166.38308715820312,156.5677490234375,169.00106811523438,161.50509643554688,165.3542022705078,170.9033660888672,162.08204650878906,162.6666259765625,157.5706024169922,166.8074951171875,163.67079162597656,165.029052734375,165.23123168945312,168.21295166015625,165.10171508789062,163.87197875976562,165.4010772705078,158.1624298095703,157.2607879638672,163.5127716064453,161.93084716796875,158.8232421875,162.33262634277344,161.26856994628906,164.93441772460938,163.86929321289062,163.63815307617188,162.36509704589844,162.2694091796875,160.05709838867188,161.34957885742188,162.95555114746094,160.84982299804688,165.9387664794922,164.0211639404297,164.15121459960938,157.88229370117188,162.0419464111328,166.679931640625,169.62677001953125,161.38165283203125,162.60775756835938,159.84364318847656,161.54429626464844,165.514892578125,168.1647491455078,160.85427856445312,159.24061584472656,166.14486694335938,165.25506591796875,161.2216339111328,161.55343627929688,163.42620849609375,159.09286499023438,162.9261932373047,164.85806274414062,165.96450805664062,163.0505828857422,164.98074340820312,159.3127899169922,161.4217071533203,158.00613403320312,169.4115753173828,163.96800231933594,159.5320281982422,166.5652618408203,164.18978881835938,160.40960693359375,174.65016174316406,163.43408203125,159.72080993652344,167.35275268554688,165.15231323242188,160.08731079101562,156.51976013183594,165.51611328125,161.95445251464844,164.8450927734375,166.9208984375,165.56910705566406,162.44134521484375,161.3775177001953,160.86419677734375,167.30474853515625,160.84852600097656,159.29132080078125,159.9253387451172,161.1170196533203,167.61195373535156
24,163.57708740234375,163.0083465576172,156.48321533203125,165.056396484375,159.07769775390625,166.67556762695312,161.30117797851562,160.48651123046875,166.12762451171875,160.66136169433594,160.20291137695312,160.33743286132812,165.02651977539062,163.8505859375,165.2257080078125,166.3121337890625,161.58250427246094,167.40188598632812,160.5359649658203,161.76148986816406,159.42225646972656,158.780029296875,160.5959930419922,167.07955932617188,160.5269775390625,156.30540466308594,159.27598571777344,167.72006225585938,159.06021118164062,165.72720336914062,164.1632537841797,164.54002380371094,164.4588623046875,159.77532958984375,162.69857788085938,167.2554931640625,162.7377471923828,168.30621337890625,162.75282287597656,160.94366455078125,162.8620147705078,170.22848510742188,165.09353637695312,160.67245483398438,164.20510864257812,161.1480255126953,165.7073516845703,161.00360107421875,159.8262939453125,160.4049835205078,159.39505004882812,162.20103454589844,162.56263732910156,166.67047119140625,169.81092834472656,161.51780700683594,156.7000732421875,163.88702392578125,163.5370635986328,158.0325164794922,158.42869567871094,157.06704711914062,168.7456817626953,162.39617919921875,164.03944396972656,157.07742309570312,159.10391235351562,165.7118682861328,158.7700653076172,161.0704803466797,166.79544067382812,161.39389038085938,164.34500122070312,165.98654174804688,159.58151245117188,159.64981079101562,162.8946990966797,160.66796875,161.23117065429688,165.80056762695312,162.31887817382812,163.85122680664062,161.0103302001953,161.707763671875,161.29885864257812,165.1969451904297,168.89561462402344,159.9750518798828,162.22900390625,160.84609985351562,160.25079345703125,167.85604858398438,165.21307373046875,164.0676727294922,161.60662841796875,164.17822265625,160.9783172607422,164.48223876953125,160.08290100097656,160.57017517089844
25,167.97265625,157.89944458007812,158.88587951660156,166.4069061279297,164.70770263671875,164.9795684814453,165.90084838867188,161.9862518310547,165.1856689453125,167.73780822753906,163.3499755859375,164.0184326171875,161.3531951904297,158.3704071044922,165.94802856445312,168.5982666015625,163.40550231933594,163.08865356445312,167.212646484375,160.40260314941406,166.19204711914062,158.99362182617188,164.90872192382812,166.4856719970703,167.09747314453125,163.24166870117188,168.29812622070312,173.72854614257812,163.1855926513672,163.45028686523438,162.16046142578125,163.51284790039062,165.5030517578125,164.76174926757812,164.6772918701172,164.06813049316406,159.26983642578125,167.049072265625,159.63462829589844,154.7104034423828,162.02951049804688,166.49261474609375,162.690673828125,159.50271606445312,163.63453674316406,162.13392639160156,162.4476318359375,164.53628540039062,164.21218872070312,162.74130249023438,160.19061279296875,161.55548095703125,161.83094787597656,162.00570678710938,165.76617431640625,164.91319274902344,159.12779235839844,164.28172302246094,162.24957275390625,163.34022521972656,163.59613037109375,160.74574279785156,155.43800354003906,162.22940063476562,166.97708129882812,161.69044494628906,154.0769500732422,159.5526580810547,164.4444580078125,155.45474243164062,160.90594482421875,164.45367431640625,169.06561279296875,161.77169799804688,162.6185760498047,167.277099609375,165.92666625976562,166.9674530029297,163.7561798095703,158.87860107421875,163.09780883789062,168.2389373779297,165.44459533691406,159.56919860839844,165.39028930664062,171.28128051757812,166.11949157714844,159.14279174804688,156.96388244628906,164.35092163085938,162.93136596679688,158.23196411132812,166.3957977294922,162.1968536376953,161.46047973632812,163.29737854003906,162.3719940185547,162.26412963867188,164.29518127441406,162.25697326660156
26,164.15829467773438,160.86053466796875,160.67787170410156,157.9832305908203,163.22633361816406,163.38064575195312,172.97332763671875,165.9940185546875,157.91845703125,165.99945068359375,159.5944366455078,163.20266723632812,160.77670288085938,163.2696075439453,164.16152954101562,164.12582397460938,160.67501831054688,163.97549438476562,162.09109497070312,162.72886657714844,168.3839111328125,162.75901794433594,167.11996459960938,162.74520874023438,159.8986053466797,156.6302947998047,159.93377685546875,163.2731475830078,164.55477905273438,162.8236541748047,162.12460327148438,168.72584533691406,167.55349731445312,162.77517700195312,162.41891479492188,161.5184783935547,161.735595703125,162.1572265625,166.65997314453125,162.7901611328125,167.81683349609375,163.61865234375,165.00743103027344,160.36123657226562,165.95916748046875,164.42037963867188,164.81845092773438,163.13150024414062,157.04693603515625,159.21298217773438,162.23167419433594,158.26016235351562,159.63778686523438,161.21817016601562,159.29981994628906,157.78536987304688,164.22833251953125,160.5015869140625,162.0447540283203,169.42095947265625,166.69796752929688,163.89938354492188,161.88067626953125,162.88743591308594,158.00921630859375,161.01478576660156,164.61460876464844,166.69239807128906,164.0984649658203,167.49099731445312,161.30801391601562,160.3178253173828,159.220947265625,168.19407653808594,167.97299194335938,159.87362670898438,158.52223205566406,157.79026794433594,164.5778350830078,161.36663818359375,167.76002502441406,163.4921112060547,160.6519775390625,163.3394775390625,166.4434814453125,169.3672332763672,163.21176147460938,156.98692321777344,160.41722106933594,164.2076873779297,166.322998046875,163.43594360351562,161.28150939941406,161.80902099609375,163.90164184570312,161.48329162597656,159.87535095214844,162.23764038085938,163.32456970214844,160.24703979492188
27,162.2618408203125,169.85980224609375,162.233642578125,163.50057983398438,162.4488525390625,163.18215942382812,156.4552764892578,162.1661834716797,166.37310791015625,164.93142700195312,162.15451049804688,160.50927734375,163.21319580078125,163.22872924804688,164.0955352783203,157.24566650390625,163.88973999023438,162.003173828125,164.5237274169922,164.96902465820312,161.0067901611328,170.53675842285156,159.3594207763672,161.7330780029297,166.43113708496094,163.42282104492188,163.52835083007812,161.8146514892578,160.9847869873047,160.96231079101562,160.39051818847656,158.8741455078125,159.0558319091797,163.9765625,166.77182006835938,167.3797149658203,160.38668823242188,164.43539428710938,162.90585327148438,164.92665100097656,163.7655029296875,158.99400329589844,164.15174865722656,163.40255737304688,163.36138916015625,165.50999450683594,156.50433349609375,158.21310424804688,164.0917205810547,161.34107971191406,162.4709014892578,162.942626953125,159.30018615722656,159.93576049804688,159.04432678222656,168.3024444580078,161.5874786376953,164.7334747314453,167.11053466796875,163.8428955078125,165.8699188232422,160.3546142578125,164.2037811279297,163.52882385253906,163.3558349609375,164.18980407714844,158.784423828125,163.9230499267578,158.4293670654297,162.55630493164062,163.02197265625,166.29978942871094,160.4877471923828,158.64199829101562,157.6836395263672,159.9849853515625,162.4911651611328,163.79197692871094,159.87925720214844,165.3302001953125,166.718505859375,164.00534057617188,165.2042694091797,161.02516174316406,167.35162353515625,160.02505493164062,168.30787658691406,161.17738342285156,164.94815063476562,162.80560302734375,156.8927001953125,163.7584228515625,164.22874450683594,165.5225830078125,162.82894897460938,165.40731811523438,162.321044921875,160.7792205810547,163.60366821289062,159.45069885253906
28,163.16360473632812,173.95205688476562,165.8916015625,167.82183837890625,163.2706298828125,159.30474853515625,160.03329467773438,164.33294677734375,157.00694274902344,166.3529815673828,157.420166015625,163.16506958007812,162.2286834716797,160.45948791503906,164.91482543945312,158.71487426757812,157.5270233154297,163.02874755859375,170.04721069335938,161.01976013183594,163.24346923828125,160.72659301757812,165.80641174316406,172.49252319335938,160.23297119140625,164.02920532226562,161.12197875976562,160.24118041992188,164.33819580078125,161.64353942871094,163.0228729248047,161.5605926513672,161.74288940429688,158.8147735595703,165.20001220703125,159.1646270751953,160.51853942871094,158.07839965820312,167.05857849121094,162.5886688232422,161.56385803222656,160.11489868164062,161.28683471679688,163.31324768066406,162.75811767578125,161.46502685546875,172.48678588867188,157.40118408203125,156.74948120117188,159.00405883789062,169.93283081054688,159.9415283203125,156.99098205566406,162.27932739257812,161.34051513671875,160.27816772460938,161.93153381347656,162.73512268066406,163.38282775878906,163.80691528320312,161.98410034179688,166.94085693359375,164.86001586914062,158.70396423339844,163.43357849121094,163.1292724609375,162.90350341796875,166.7681121826172,161.9447784423828,160.9769287109375,161.48159790039062,158.29824829101562,159.67300415039062,160.6282958984375,158.7228546142578,164.7930450439453,156.99053955078125,167.9713897705078,166.1951141357422,160.78182983398438,168.36187744140625,159.1376953125,163.26991271972656,165.05841064453125,163.5315399169922,165.0323486328125,162.1912384033203,165.29132080078125,159.84976196289062,161.88671875,160.52761840820312,160.18695068359375,162.567626953125,159.79449462890625,157.52806091308594,167.94964599609375,167.02442932128906,172.04888916015625,168.37384033203125,161.79083251953125
29,171.85009765625,169.504150390625,163.7547607421875,161.7527618408203,161.3720703125,157.3233642578125,162.02304077148438,161.43222045898438,163.58213806152344,168.1822509765625,161.1243896484375,161.0181121826172,166.74615478515625,158.07261657714844,164.42413330078125,160.43978881835938,163.3872528076172,157.83062744140625,159.48316955566406,159.53529357910156,157.38929748535156,161.8341827392578,162.49285888671875,168.4345245361328,162.28395080566406,162.34214782714844,163.7211456298828,159.1953582763672,160.72488403320312,166.54248046875,160.7030792236328,164.8186798095703,160.19615173339844,160.69964599609375,152.67477416992188,162.5685577392578,164.54217529296875,169.09915161132812,159.79458618164062,159.52227783203125,160.68190002441406,164.29388427734375,163.1085205078125,160.4734344482422,156.84693908691406,163.50088500976562,162.50128173828125,159.71029663085938,166.39822387695312,162.84603881835938,161.08944702148438,167.0718994140625,168.2929229736328,165.94061279296875,168.02940368652344,161.9906005859375,161.35877990722656,159.44815063476562,166.40696716308594,163.02610778808594,159.1234130859375,165.4969482421875,165.16668701171875,164.2637939453125,162.21884155273438,161.80044555664062,158.75173950195312,159.25550842285156,160.78244018554688,164.87315368652344,164.684814453125,157.9379425048828,162.9446563720703,162.8016815185547,160.1696319580078,160.01986694335938,163.82347106933594,161.94606018066406,165.77622985839844,161.39292907714844,159.17591857910156,161.73458862304688,162.00277709960938,165.45855712890625,160.06639099121094,166.61819458007812,164.25042724609375,158.78900146484375,161.89317321777344,157.5370330810547,162.72732543945312,157.23809814453125,160.8541717529297,169.5293426513672,160.41268920898438,161.076416015625,161.80270385742188,164.3448944091797,161.6704559326172,162.2311553955078
30,162.3859100341797,165.30752563476562,160.84664916992188,163.41256713867188,160.3852996826172,164.4554443359375,161.4354705810547,161.05531311035156,156.5752716064453,161.3689727783203,161.24972534179688,158.75299072265625,164.93128967285156,160.14151000976562,161.85325622558594,161.2787322998047,167.74227905273438,164.00503540039062,163.43719482421875,162.2232208251953,159.5052032470703,163.3445587158203,160.91864013671875,157.63059997558594,160.88539123535156,160.7907257080078,164.37301635742188,161.59930419921875,160.32484436035156,158.1576690673828,161.00245666503906,164.523681640625,160.73138427734375,161.49559020996094,159.0921630859375,160.31336975097656,163.77305603027344,162.77159118652344,161.3279571533203,159.13986206054688,161.01351928710938,156.13734436035156,164.20773315429688,161.11378479003906,169.7715301513672,168.10580444335938,161.56256103515625,157.35928344726562,163.56993103027344,162.1344757080078,157.01101684570312,164.1712188720703,159.8964080810547,160.17648315429688,166.844970703125,167.95281982421875,166.02828979492188,160.27293395996094,167.73617553710938,165.3477325439453,166.4145050048828,165.33566284179688,165.18112182617188,163.27838134765625,164.43992614746094,165.498779296875,163.47113037109375,164.14508056640625,161.79226684570312,165.42147827148438,159.8838653564453,163.4542236328125,167.6836700439453,164.5760498046875,163.58285522460938,158.5685272216797,168.72230529785156,161.63858032226562,165.66339111328125,158.45843505859375,171.03317260742188,168.43536376953125,164.963134765625,157.34910583496094,162.17047119140625,162.70303344726562,166.32427978515625,164.51193237304688,163.89926147460938,165.050537109375,160.23077392578125,162.51707458496094,158.4080810546875,166.31240844726562,161.327880859375,166.3551788330078,167.67013549804688,158.04429626464844,162.4365692138672,158.9882354736328
31,165.93527221679688,161.2627716064453,158.3984375,168.81744384765625,162.2394561767578,164.12982177734375,163.37570190429688,163.96046447753906,165.71202087402344,162.06094360351562,158.19773864746094,163.00050354003906,165.81809997558594,156.57373046875,162.45079040527344,171.38064575195312,163.9627685546875,162.86607360839844,165.11355590820312,161.46156311035156,166.26937866210938,164.1216278076172,162.8392791748047,158.27793884277344,166.14242553710938,160.91329956054688,163.57699584960938,160.23074340820312,158.9228973388672,164.1605224609375,164.43136596679688,158.84280395507812,158.9210662841797,167.0888214111328,167.92506408691406,162.49322509765625,165.6982879638672,162.0861053466797,165.05072021484375,164.74215698242188,162.0150909423828,158.12428283691406,165.52647399902344,166.24234008789062,162.30419921875,160.2480010986328,161.45037841796875,159.984375,157.95762634277344,162.0761260986328,165.82098388671875,168.02749633789062,163.1943359375,161.8670654296875,162.0351104736328,164.4789276123047,164.90786743164062,163.53738403320312,161.72084045410156,160.36436462402344,159.3667449951172,161.41709899902344,161.23219299316406,160.33482360839844,164.8123779296875,163.10726928710938,157.90084838867188,161.33047485351562,158.5275421142578,159.45875549316406,163.38845825195312,164.69456481933594,162.88385009765625,167.23304748535156,172.45388793945312,157.65476989746094,159.10179138183594,167.48829650878906,162.26324462890625,168.04759216308594,160.67417907714844,160.39071655273438,164.12454223632812,157.13206481933594,159.79759216308594,162.0164031982422,157.65850830078125,160.0168914794922,166.15771484375,167.6185302734375,160.73635864257812,167.6080322265625,169.36245727539062,158.2764129638672,159.981689453125,163.372802734375,160.90731811523438,159.67124938964844,163.9569549560547,163.74661254882812
32,165.04861450195312,166.3253173828125,161.76602172851562,157.47979736328125,166.18605041503906,158.35757446289062,166.30148315429688,158.78375244140625,162.07127380371094,166.30642700195312,163.7908477783203,161.14752197265625,160.77737426757812,164.92335510253906,161.95664978027344,165.450927734375,167.25027465820312,161.6731414794922,158.79432678222656,160.29006958007812,166.0145263671875,164.1154022216797,163.03480529785156,163.63014221191406,168.17503356933594,163.01034545898438,163.69393920898438,162.64341735839844,163.91903686523438,166.04063415527344,167.83456420898438,159.36117553710938,159.02780151367188,159.2557373046875,159.96144104003906,161.54684448242188,162.64744567871094,160.89479064941406,158.92526245117188,156.69171142578125,160.2778778076172,168.72024536132812,159.40155029296875,165.0804443359375,169.20790100097656,161.41079711914062,161.40538024902344,161.74473571777344,162.40151977539062,165.32888793945312,166.14230346679688,163.0478973388672,173.775634765625,162.3002471923828,166.94430541992188,169.21983337402344,160.5145721435547,162.83026123046875,162.02084350585938,159.3855438232422,162.0475616455078,159.1976776123047,165.52239990234375,159.50144958496094,163.00961303710938,160.33782958984375,164.6002655029297,162.52427673339844,162.30728149414062,159.93714904785156,165.6362762451172,161.03485107421875,162.27735900878906,161.25747680664062,161.8079833984375,160.2928466796875,160.061279296875,165.28341674804688,162.4195556640625,162.6085662841797,162.5107879638672,161.88783264160156,162.33154296875,165.3111114501953,158.232421875,167.10133361816406,164.62979125976562,168.460693359375,159.6405792236328,171.85345458984375,159.14720153808594,165.7137451171875,159.02297973632812,162.66311645507812,156.63018798828125,163.6031494140625,163.38284301757812,165.75706481933594,170.22703552246094,161.8941192626953
33,162.69049072265625,170.3798828125,167.19131469726562,156.84693908691406,169.16238403320312,159.44448852539062,158.6316680908203,163.44493103027344,162.0436248779297,161.96717834472656,162.2412567138672,162.63833618164062,165.11776733398438,160.4751434326172,162.4623260498047,162.29959106445312,161.10890197753906,158.97750854492188,159.793212890625,157.36448669433594,163.45457458496094,161.87600708007812,161.74827575683594,165.71188354492188,163.3278045654297,161.22483825683594,165.03768920898438,165.05856323242188,162.40380859375,170.2571258544922,165.68023681640625,165.5884246826172,170.04995727539062,163.70648193359375,158.1810760498047,160.40769958496094,164.6473846435547,164.64239501953125,163.62216186523438,169.069580078125,169.47219848632812,161.61585998535156,165.67916870117188,158.42068481445312,169.0194854736328,162.59609985351562,163.77247619628906,163.70050048828125,163.95501708984375,162.7760009765625,164.37673950195312,158.56251525878906,161.7498016357422,164.83502197265625,163.64871215820312,164.89173889160156,164.805908203125,168.39309692382812,159.03465270996094,164.00726318359375,162.6832275390625,161.24302673339844,157.5640106201172,159.85877990722656,158.84564208984375,171.11244201660156,163.46107482910156,159.5926513671875,168.0229034423828,162.9260711669922,164.30758666992188,160.9767608642578,169.98838806152344,159.7402801513672,158.99134826660156,161.5390167236328,166.42938232421875,168.04685974121094,161.903564453125,165.4253387451172,162.559814453125,159.58145141601562,159.9620819091797,160.88775634765625,161.416015625,159.02833557128906,164.04583740234375,166.43284606933594,167.68963623046875,163.2324981689453,161.44129943847656,159.67434692382812,161.59066772460938,164.63140869140625,161.70846557617188,163.2332763671875,160.17669677734375,162.36427307128906,165.1497802734375,156.61483764648438
34,162.53155517578125,159.97886657714844,164.81399536132812,166.5517578125,165.12997436523438,160.01756286621094,163.77597045898438,161.63743591308594,156.84658813476562,161.6035614013672,161.2582244873047,157.12355041503906,161.37046813964844,162.97207641601562,164.84799194335938,156.42092895507812,170.9464874267578,162.2377166748047,165.77413940429688,162.4125518798828,160.09780883789062,164.4203338623047,156.09112548828125,170.3163604736328,163.6144256591797,163.50135803222656,161.4051971435547,162.71511840820312,162.44277954101562,158.60140991210938,158.40484619140625,167.84530639648438,164.15113830566406,159.15753173828125,160.78955078125,162.83023071289062,163.84524536132812,159.2500762939453,168.55445861816406,159.85272216796875,163.5276641845703,163.82948303222656,160.85140991210938,157.18722534179688,162.0701904296875,161.52041625976562,161.3651580810547,160.0952911376953,164.22154235839844,168.181640625,160.50889587402344,167.89215087890625,159.23399353027344,163.4039764404297,156.6299591064453,162.05381774902344,168.99598693847656,159.24403381347656,164.69618225097656,162.03614807128906,163.00820922851562,162.2534637451172,164.7437744140625,166.67544555664062,160.82516479492188,163.96580505371094,160.5741729736328,166.48291015625,163.1620330810547,162.86915588378906,165.23924255371094,159.52674865722656,163.32806396484375,156.08108520507812,162.02345275878906,157.066162109375,162.41490173339844,167.2543182373047,161.74493408203125,166.75904846191406,163.33973693847656,162.96182250976562,163.74737548828125,165.37168884277344,160.5892333984375,163.86585998535156,162.34259033203125,158.85244750976562,161.2371063232422,166.1420135498047,158.9625701904297,159.252685546875,159.93795776367188,158.6142578125,167.2657012939453,164.08926391601562,164.47747802734375,164.67393493652344,164.88719177246094,156.5683135986328
35,162.19485473632812,162.0196533203125,164.77102661132812,164.38009643554688,161.36465454101562,160.51666259765625,161.0048828125,163.16822814941406,167.98214721679688,160.95257568359375,162.2714080810547,163.32272338867188,159.7163848876953,162.9127197265625,163.28041076660156,162.89991760253906,160.29812622070312,162.45272827148438,163.60543823242188,162.9566650390625,160.46405029296875,165.3790283203125,156.69236755371094,160.7850341796875,160.8898162841797,170.23757934570312,169.6024627685547,161.33372497558594,164.65866088867188,165.08033752441406,164.7788543701172,155.4536590576172,162.94705200195312,163.81600952148438,161.28797912597656,161.8298797607422,158.22898864746094,162.630615234375,163.62998962402344,164.8983917236328,162.31130981445312,161.20712280273438,158.60494995117188,166.63531494140625,158.1806640625,161.28060913085938,157.94610595703125,159.67654418945312,159.80918884277344,162.38345336914062,155.1326141357422,165.90220642089844,157.96932983398438,164.2953338623047,162.037109375,161.17620849609375,166.3925018310547,158.9977569580078,160.10870361328125,159.5043182373047,165.8937530517578,162.86367797851562,165.61489868164062,165.55210876464844,162.53749084472656,161.2543182373047,165.6980438232422,162.83494567871094,160.69219970703125,162.8944549560547,157.8160858154297,157.70127868652344,162.5579833984375,167.85662841796875,160.61624145507812,158.7363739013672,164.48727416992188,169.3397216796875,158.67916870117188,159.24427795410156,160.56158447265625,164.5066375732422,161.1021728515625,166.6160888671875,166.06016540527344,166.62823486328125,163.75247192382812,163.03488159179688,159.86521911621094,160.0181884765625,166.85528564453125,162.40655517578125,160.9813995361328,162.4146728515625,159.98162841796875,164.92611694335938,172.0225830078125,159.25730895996094,163.0175018310547,171.3177490234375
36,164.16015625,162.00152587890625,158.69338989257812,164.0687713623047,161.84437561035156,163.9913330078125,161.80067443847656,164.21673583984375,157.99942016601562,160.86802673339844,165.05368041992188,157.85426330566406,167.9600372314453,163.4974365234375,164.80870056152344,167.2436981201172,165.16665649414062,162.75404357910156,166.9837646484375,165.62081909179688,161.80526733398438,163.53860473632812,161.206298828125,163.62966918945312,163.21649169921875,166.47410583496094,170.5272674560547,161.27737426757812,158.2325897216797,164.22299194335938,160.85565185546875,162.64300537109375,165.13729858398438,159.24468994140625,157.552978515625,157.08343505859375,159.94606018066406,167.65792846679688,159.89431762695312,163.61434936523438,165.42068481445312,162.39779663085938,165.5692138671875,165.15586853027344,162.2826385498047,159.58055114746094,159.63711547851562,158.83177185058594,165.71853637695312,163.21902465820312,164.7040252685547,167.15798950195312,160.840576171875,161.44134521484375,164.26966857910156,164.69296264648438,164.42291259765625,162.56553649902344,166.7122039794922,157.75921630859375,153.04869079589844,158.11741638183594,159.59622192382812,168.59219360351562,163.250732421875,166.56430053710938,168.83609008789062,158.1362762451172,162.53866577148438,162.95327758789062,164.0096435546875,166.40196228027344,162.87672424316406,158.43096923828125,162.6873016357422,164.69384765625,163.54461669921875,161.00132751464844,161.82501220703125,163.332763671875,155.50425720214844,160.6529998779297,160.00794982910156,162.9629669189453,158.3379669189453,163.56353759765625,161.01492309570312,160.86712646484375,169.0057830810547,160.03892517089844,163.84632873535156,155.83909606933594,164.78369140625,169.39076232910156,157.7620391845703,161.16854858398438,167.90301513671875,158.22665405273438,165.9716796875,169.54190063476562
37,165.15797424316406,164.87939453125,157.0100555419922,166.57562255859375,163.45860290527344,167.01708984375,163.83726501464844,160.60032653808594,162.3352813720703,154.5499267578125,167.13824462890625,167.7615203857422,166.17825317382812,160.96823120117188,165.282470703125,156.27853393554688,162.3799591064453,157.1617889404297,158.3351593017578,168.56732177734375,165.61300659179688,164.68276977539062,162.12100219726562,159.79588317871094,162.99188232421875,163.876708984375,167.02589416503906,165.10101318359375,164.51318359375,169.42437744140625,167.06051635742188,161.90972900390625,161.6190643310547,157.5992431640625,162.08746337890625,166.19894409179688,160.9204864501953,160.08322143554688,158.51605224609375,173.5129852294922,159.25746154785156,160.3998260498047,165.44100952148438,160.06568908691406,162.68321228027344,158.39381408691406,159.4507598876953,166.23741149902344,160.41392517089844,158.017578125,164.17715454101562,160.0782470703125,160.10153198242188,161.88340759277344,162.51817321777344,157.3934326171875,160.71275329589844,170.8754119873047,160.73214721679688,160.6982879638672,157.68109130859375,165.3074188232422,158.7623291015625,161.68458557128906,158.05612182617188,160.4076690673828,162.5596160888672,165.2240753173828,161.10067749023438,159.39151000976562,171.82383728027344,159.37193298339844,165.6537628173828,162.63922119140625,167.0634765625,157.246337890625,156.85850524902344,161.5647430419922,164.68719482421875,160.1688995361328,162.0993194580078,167.26150512695312,160.96873474121094,164.0282745361328,161.99465942382812,157.44142150878906,162.4849853515625,160.61605834960938,161.15774536132812,165.72276306152344,163.20108032226562,158.8098602294922,172.6407012939453,157.19422912597656,161.6210479736328,157.42225646972656,163.0162353515625,163.46983337402344,167.32798767089844,162.20936584472656
38,160.00704956054688,158.7672882080078,165.58294677734375,161.9271240234375,157.49305725097656,163.25088500976562,162.84410095214844,164.10348510742188,162.84962463378906,161.28204345703125,163.76925659179688,161.90614318847656,161.04371643066406,162.57521057128906,162.72532653808594,158.48780822753906,160.5045623779297,167.90855407714844,168.9840087890625,163.2048797607422,161.4523468017578,159.7749786376953,157.02691650390625,166.15008544921875,167.370361328125,163.1133270263672,167.04571533203125,168.15916442871094,164.97158813476562,156.57073974609375,166.64080810546875,160.6241912841797,159.90176391601562,164.83572387695312,161.56890869140625,163.02740478515625,165.1600799560547,163.04037475585938,164.72119140625,162.45974731445312,160.38339233398438,162.599365234375,166.2921600341797,163.94786071777344,165.14259338378906,165.00698852539062,162.3089141845703,162.84152221679688,161.13137817382812,161.17662048339844,161.1414794921875,167.49037170410156,161.55674743652344,167.08509826660156,162.61474609375,166.40101623535156,159.05291748046875,161.93777465820312,165.1571807861328,163.39202880859375,162.3138885498047,161.0126953125,161.54470825195312,168.90350341796875,161.99415588378906,164.12429809570312,160.33387756347656,160.32568359375,158.86282348632812,160.82044982910156,160.24575805664062,164.89076232910156,169.73251342773438,168.38510131835938,160.02952575683594,163.70248413085938,169.7564697265625,166.60205078125,160.22698974609375,160.12034606933594,161.64212036132812,162.78968811035156,167.14393615722656,160.29771423339844,156.8696746826172,165.9725341796875,161.56874084472656,169.06044006347656,161.19424438476562,169.99542236328125,165.55809020996094,162.30148315429688,157.48294067382812,165.2708282470703,155.8103485107422,162.5811767578125,164.64520263671875,167.03323364257812,167.9626007080078,165.40188598632812
39,163.0716552734375,162.53140258789062,166.48831176757812,164.77484130859375,158.93011474609375,162.1114959716797,160.36117553710938,164.26329040527344,163.8195037841797,159.9598846435547,162.39141845703125,161.88397216796875,166.78134155273438,158.88571166992188,160.48275756835938,159.46615600585938,159.77891540527344,161.1810302734375,164.60911560058594,160.84930419921875,165.966064453125,165.29019165039062,160.88809204101562,164.473876953125,167.76231384277344,162.17916870117188,162.8978271484375,163.90049743652344,159.98585510253906,164.57286071777344,164.41371154785156,160.48822021484375,165.17311096191406,164.60618591308594,162.26776123046875,163.42578125,161.06040954589844,160.88099670410156,158.6971893310547,157.7518768310547,163.6936492919922,165.084228515625,166.73934936523438,158.8325958251953,161.3174591064453,158.42164611816406,166.95166015625,164.69129943847656,163.69554138183594,158.84767150878906,166.01278686523438,161.1112518310547,166.07028198242188,156.68930053710938,167.2611083984375,158.0596466064453,156.23020935058594,160.54495239257812,170.22650146484375,166.41075134277344,164.39907836914062,165.2609100341797,170.9853515625,164.51222229003906,161.3877716064453,165.05355834960938,160.41506958007812,163.67703247070312,164.8802490234375,159.843994140625,162.87242126464844,160.20169067382812,162.86888122558594,160.90875244140625,157.42935180664062,161.0302276611328,156.95352172851562,160.9518585205078,155.16281127929688,161.92453002929688,161.97276306152344,162.57949829101562,161.87257385253906,158.181640625,165.25119018554688,157.88424682617188,161.2979278564453,162.28648376464844,162.04173278808594,160.48939514160156,160.52639770507812,161.3014678955078,160.54147338867188,165.1729736328125,168.11093139648438,157.0223846435547,161.12127685546875,163.52728271484375,162.83050537109375,166.12632751464844
40,165.40260314941406,162.55613708496094,163.84669494628906,160.39523315429688,165.3159637451172,167.7943878173828,166.68663024902344,160.47979736328125,159.33238220214844,163.64495849609375,159.62220764160156,159.85049438476562,162.65447998046875,160.0055694580078,166.60369873046875,166.1675567626953,161.11203002929688,162.08767700195312,170.0103759765625,159.35391235351562,168.1830291748047,161.60626220703125,165.0145721435547,166.7347869873047,167.8895721435547,167.79754638671875,167.90966796875,168.4128875732422,160.5801544189453,163.55694580078125,164.38040161132812,162.35427856445312,164.69046020507812,157.76712036132812,163.43399047851562,160.20896911621094,168.7655029296875,160.3542938232422,162.31565856933594,163.92819213867188,163.0323944091797,162.25115966796875,163.00064086914062,166.18829345703125,167.16024780273438,161.18821716308594,164.77410888671875,167.97447204589844,159.83212280273438,159.78163146972656,161.93797302246094,162.75503540039062,164.00579833984375,164.65945434570312,162.90478515625,164.96450805664062,165.6911163330078,167.30813598632812,157.23736572265625,159.85671997070312,165.392333984375,166.8082275390625,167.79090881347656,163.5147705078125,163.5762176513672,157.01956176757812,164.4107208251953,165.77508544921875,159.9784393310547,162.97958374023438,167.08135986328125,164.78138732910156,158.96389770507812,162.33619689941406,161.1951446533203,163.51478576660156,164.4709930419922,165.54762268066406,161.9391326904297,163.00485229492188,168.36212158203125,165.07054138183594,162.5644989013672,161.1764678955078,167.8533477783203,160.4866180419922,160.32713317871094,165.3136749267578,164.6782684326172,164.12513732910156,164.9412841796875,162.38528442382812,159.92221069335938,169.1005859375,166.09347534179688,160.7974395751953,166.19932556152344,158.7877655029297,164.4762725830078,171.01254272460938
41,163.46080017089844,164.46218872070312,162.92068481445312,156.7979736328125,160.53993225097656,163.175048828125,164.53231811523438,160.7684783935547,160.9910125732422,161.1712646484375,159.78091430664062,160.27761840820312,162.9029083251953,166.82350158691406,160.1018829345703,166.53155517578125,161.1473388671875,165.72320556640625,161.0394744873047,163.84852600097656,163.79681396484375,166.90731811523438,165.32188415527344,164.02481079101562,163.3119354248047,165.42005920410156,157.4781036376953,163.99874877929688,164.32101440429688,159.97117614746094,159.93252563476562,161.80604553222656,166.1170196533203,172.322265625,160.26942443847656,162.9132080078125,170.3009796142578,168.3983154296875,160.90992736816406,161.86297607421875,162.1523895263672,163.95997619628906,158.3820037841797,165.81629943847656,162.8619842529297,161.7240447998047,157.0758819580078,159.13986206054688,164.28515625,166.63543701171875,166.25439453125,156.77297973632812,165.13792419433594,163.42642211914062,161.11709594726562,160.75572204589844,165.25306701660156,163.0727996826172,162.24041748046875,164.82325744628906,152.9827423095703,162.58050537109375,162.79736328125,160.55819702148438,166.09938049316406,168.353759765625,167.16412353515625,173.04986572265625,159.9239959716797,165.93235778808594,161.3426513671875,158.77610778808594,157.90196228027344,161.1840057373047,159.53025817871094,160.15005493164062,166.13555908203125,164.83294677734375,164.35858154296875,167.1670684814453,158.4602813720703,165.79241943359375,162.8738250732422,167.10281372070312,160.4105224609375,163.4340057373047,164.08482360839844,167.63674926757812,162.55532836914062,162.30810546875,165.6229248046875,163.83599853515625,165.256591796875,167.2457733154297,163.6453399658203,156.8499755859375,160.62820434570312,158.58555603027344,157.89962768554688,159.89642333984375
42,158.36390686035156,160.06448364257812,165.16488647460938,160.0494384765625,166.83154296875,163.45553588867188,169.5849151611328,162.52012634277344,164.11598205566406,162.2453155517578,166.20367431640625,163.7073211669922,164.3846435546875,166.2755126953125,158.81500244140625,163.25473022460938,158.97557067871094,163.59617614746094,158.00389099121094,164.3089141845703,160.08151245117188,168.17347717285156,163.3789825439453,163.327880859375,161.3731689453125,166.9317626953125,159.01878356933594,159.16961669921875,164.07077026367188,163.42962646484375,158.83445739746094,161.7773895263672,165.46292114257812,171.55470275878906,162.06756591796875,168.0020751953125,160.2601776123047,161.416259765625,162.36346435546875,164.59085083007812,165.80538940429688,164.89883422851562,159.1575164794922,159.95010375976562,166.85281372070312,159.91017150878906,168.00689697265625,161.43568420410156,161.5316619873047,161.08035278320312,168.28457641601562,171.86322021484375,161.52406311035156,166.61355590820312,161.84503173828125,167.35394287109375,161.82432556152344,164.73777770996094,163.08990478515625,165.28717041015625,162.9702911376953,161.00999450683594,168.4129638671875,167.00433349609375,165.15219116210938,162.07528686523438,160.55239868164062,165.9783172607422,163.1962890625,164.0363311767578,158.21722412109375,159.016357421875,163.87796020507812,165.42343139648438,163.6561279296875,155.55889892578125,159.7440643310547,156.82533264160156,161.89981079101562,166.04608154296875,160.94866943359375,159.65101623535156,161.5348358154297,160.68582153320312,170.1813201904297,165.5208740234375,160.6347198486328,171.98655700683594,159.55514526367188,162.6219482421875,167.04638671875,164.69924926757812,160.6483612060547,159.79571533203125,160.60491943359375,162.18951416015625,162.93893432617188,168.73147583007812,164.30931091308594,173.1625518798828
43,160.7060089111328,162.44522094726562,158.40390014648438,161.65614318847656,160.0751495361328,164.74954223632812,162.40548706054688,166.95700073242188,163.99380493164062,169.71519470214844,158.39512634277344,165.1564178466797,165.14602661132812,160.8950958251953,161.54995727539062,169.5397186279297,162.59230041503906,163.8579864501953,164.35079956054688,161.74122619628906,167.45870971679688,163.36146545410156,163.2570037841797,159.7624053955078,162.9266815185547,164.50146484375,157.7920379638672,159.26852416992188,166.060546875,157.052978515625,158.61000061035156,167.86886596679688,165.7908935546875,159.92919921875,161.57447814941406,160.0366668701172,163.36428833007812,158.35145568847656,163.92825317382812,160.775146484375,159.66795349121094,168.16085815429688,157.38189697265625,163.45887756347656,160.1549530029297,165.8450164794922,159.01559448242188,163.0526885986328,162.72891235351562,162.86764526367188,161.90695190429688,160.851806640625,164.51742553710938,166.2528533935547,162.32102966308594,164.78744506835938,156.292236328125,163.60952758789062,160.8367156982422,157.7855224609375,165.80499267578125,164.32997131347656,158.2128448486328,162.40634155273438,163.6180877685547,163.2274932861328,162.58309936523438,166.1384735107422,165.3131103515625,160.9085693359375,165.56564331054688,163.62557983398438,158.0547637939453,163.88584899902344,158.1477813720703,162.2486572265625,165.382568359375,170.5060272216797,161.00965881347656,170.2523193359375,162.0641632080078,161.9221649169922,164.649658203125,158.90255737304688,161.05291748046875,162.19338989257812,155.8545379638672,159.0258026123047,163.3186492919922,160.62757873535156,162.2136993408203,161.00125122070312,161.29774475097656,162.57962036132812,161.97254943847656,160.8237762451172,158.9162139892578,169.6903533935547,160.939453125,164.91143798828125
44,162.80197143554688,162.3671417236328,161.1265869140625,167.83306884765625,161.99929809570312,164.90269470214844,157.57101440429688,156.3302001953125,163.62030029296875,164.15591430664062,159.2915802001953,165.7847442626953,162.17095947265625,155.94029235839844,165.27195739746094,161.6959686279297,166.56158447265625,158.82887268066406,163.81492614746094,163.0936737060547,157.78659057617188,161.1964111328125,165.83412170410156,162.62469482421875,168.42820739746094,158.12045288085938,162.77230834960938,158.68724060058594,163.77001953125,164.3317413330078,168.08340454101562,165.68869018554688,166.78497314453125,164.86190795898438,161.4954071044922,162.2954864501953,161.38002014160156,160.0768585205078,163.74453735351562,162.97935485839844,161.16061401367188,167.50621032714844,159.14651489257812,158.0247039794922,162.27574157714844,159.68284606933594,169.14907836914062,162.03378295898438,159.7753448486328,159.88572692871094,164.70858764648438,164.6674041748047,162.38494873046875,168.0478973388672,164.38909912109375,160.3438720703125,165.56973266601562,164.77894592285156,160.041259765625,159.15914916992188,166.6531219482422,161.93368530273438,161.48304748535156,163.56399536132812,161.34063720703125,162.48716735839844,168.01937866210938,162.1342315673828,157.600830078125,160.16273498535156,163.18624877929688,166.5551300048828,160.79661560058594,162.41102600097656,160.9307861328125,168.0845489501953,165.024169921875,165.67007446289062,161.6272430419922,163.2245330810547,161.45896911621094,165.2703399658203,160.75192260742188,161.92703247070312,164.3700714111328,163.44577026367188,158.16798400878906,166.07144165039062,167.30101013183594,158.56687927246094,164.25172424316406,160.08517456054688,163.08517456054688,165.50857543945312,165.73728942871094,168.44691467285156,167.7021026611328,166.5526123046875,164.11434936523438,162.6038055419922
45,160.1673126220703,159.48558044433594,161.6087188720703,167.35629272460938,161.00196838378906,164.37432861328125,164.3212890625,160.60183715820312,159.89471435546875,167.16136169433594,159.4738311767578,163.27467346191406,162.39064025878906,165.12924194335938,160.86720275878906,161.8275604248047,163.23619079589844,162.3146514892578,162.3277130126953,158.4521942138672,158.20130920410156,161.29965209960938,163.578857421875,163.92904663085938,165.39320373535156,168.12217712402344,161.23333740234375,155.99473571777344,161.7967071533203,162.31808471679688,164.40818786621094,157.6861572265625,161.38438415527344,173.9147186279297,164.45785522460938,163.41368103027344,160.94161987304688,163.20452880859375,162.09548950195312,163.74087524414062,160.94581604003906,160.97021484375,159.28997802734375,160.80352783203125,155.71243286132812,157.26995849609375,159.16334533691406,158.89834594726562,165.07423400878906,163.85508728027344,162.0677032470703,159.48187255859375,159.90560913085938,166.43763732910156,161.05929565429688,159.5368194580078,160.2647705078125,159.4449005126953,159.6653289794922,158.76028442382812,163.01828002929688,164.32289123535156,158.73365783691406,165.11936950683594,168.69956970214844,159.89605712890625,159.35194396972656,163.54339599609375,169.421142578125,162.93524169921875,160.024658203125,165.25888061523438,156.04782104492188,162.97100830078125,165.30581665039062,161.04098510742188,165.68377685546875,158.70529174804688,163.93045043945312,166.43099975585938,159.40904235839844,163.1376495361328,163.50868225097656,158.79693603515625,169.74774169921875,160.83352661132812,163.60540771484375,169.19569396972656,161.24798583984375,165.30189514160156,164.93321228027344,158.53985595703125,166.7179412841797,164.9943389892578,155.9713897705078,163.89727783203125,165.08168029785156,160.37472534179688,168.62644958496094,162.91983032226562
46,162.76544189453125,165.768310546875,158.68299865722656,172.16754150390625,154.8759307861328,164.3671875,162.1319580078125,161.80059814453125,161.4323272705078,162.33714294433594,159.3785858154297,166.25955200195312,170.7479248046875,164.131103515625,158.76107788085938,162.17279052734375,163.8177947998047,162.5591583251953,161.16656494140625,162.3179473876953,164.40670776367188,159.88470458984375,162.0530242919922,168.367919921875,163.1207275390625,162.35345458984375,162.93319702148438,165.1322021484375,164.8034210205078,165.41725158691406,160.2892303466797,162.22088623046875,171.32345581054688,160.25180053710938,163.88870239257812,161.95103454589844,162.88140869140625,165.804443359375,163.67857360839844,163.5523223876953,160.53041076660156,158.47122192382812,165.70904541015625,164.24171447753906,166.17674255371094,164.34031677246094,156.89212036132812,159.42352294921875,154.18734741210938,169.8734588623047,169.7230987548828,160.55075073242188,164.872802734375,162.5873260498047,160.3722686767578,160.38661193847656,164.27671813964844,163.86155700683594,167.67507934570312,162.17144775390625,162.0636444091797,160.57534790039062,156.77845764160156,167.20823669433594,157.058349609375,162.71665954589844,165.48297119140625,161.4150848388672,160.44351196289062,159.60076904296875,165.94342041015625,162.4830780029297,152.2080078125,161.4160614013672,162.58108520507812,166.0836181640625,163.47799682617188,159.8905487060547,158.60552978515625,157.35350036621094,162.7012481689453,162.11268615722656,161.79067993164062,160.0138702392578,164.06396484375,156.87661743164062,164.87750244140625,161.16851806640625,158.7655487060547,162.07684326171875,162.6709442138672,162.84912109375,158.9819793701172,166.77842712402344,156.6142578125,161.49737548828125,162.82603454589844,160.5973663330078,157.86143493652344,168.63917541503906
47,169.12693786621094,161.37982177734375,164.01646423339844,163.7149200439453,162.0435791015625,170.117431640625,161.2644805908203,163.91873168945312,162.01576232910156,154.5938720703125,168.1594696044922,167.17669677734375,156.53164672851562,159.48081970214844,162.78733825683594,160.12875366210938,163.64657592773438,160.73580932617188,158.614501953125,158.02760314941406,159.7602996826172,164.15406799316406,164.97584533691406,160.92861938476562,158.09925842285156,167.02264404296875,165.69732666015625,159.1914825439453,158.21998596191406,164.82354736328125,161.62054443359375,158.44638061523438,161.94009399414062,163.21810913085938,162.71337890625,161.51324462890625,165.72940063476562,161.81326293945312,159.44679260253906,160.7864532470703,160.35769653320312,164.43167114257812,162.2174072265625,162.20843505859375,161.55133056640625,164.34103393554688,167.50115966796875,164.37095642089844,166.62460327148438,160.078369140625,165.44676208496094,160.8116912841797,162.95938110351562,158.917236328125,159.59523010253906,158.93431091308594,162.6924591064453,164.84051513671875,161.99063110351562,167.51437377929688,160.71658325195312,161.7950897216797,162.44012451171875,168.05157470703125,159.99508666992188,162.4267578125,164.20916748046875,165.65000915527344,165.7554473876953,164.25875854492188,165.02072143554688,164.64910888671875,154.96473693847656,158.20672607421875,167.07565307617188,157.5809783935547,163.259521484375,162.97813415527344,161.6466827392578,159.385986328125,170.768798828125,167.2318115234375,160.27708435058594,164.23316955566406,157.18228149414062,166.69277954101562,162.47756958007812,159.26380920410156,162.97244262695312,158.3456573486328,154.12930297851562,159.3170623779297,158.30648803710938,162.39266967773438,161.25735473632812,167.88165283203125,161.6459503173828,162.97161865234375,166.7755584716797,161.4221649169922
48,162.3983917236328,156.4875030517578,161.46856689453125,158.33680725097656,159.8473663330078,164.19207763671875,158.62733459472656,162.94210815429688,158.64247131347656,161.3777313232422,164.2747039794922,168.03543090820312,167.514404296875,163.3499298095703,166.46583557128906,160.7105712890625,159.39749145507812,162.31817626953125,160.97213745117188,163.70596313476562,166.78550720214844,162.81939697265625,169.9596710205078,164.72354125976562,161.760986328125,163.1600341796875,162.94140625,164.5467529296875,164.91262817382812,161.84933471679688,163.15904235839844,161.61392211914062,163.11007690429688,163.6846160888672,161.11734008789062,166.3772430419922,159.92364501953125,164.44757080078125,160.21829223632812,162.20196533203125,159.65138244628906,165.26608276367188,162.65176391601562,159.74668884277344,160.71343994140625,159.74044799804688,160.4062042236328,161.43557739257812,160.74484252929688,161.41339111328125,164.27981567382812,165.75204467773438,160.1266632080078,161.8197479248047,164.6563720703125,161.5352325439453,162.93740844726562,169.1459503173828,164.14578247070312,158.0768280029297,159.889404296875,161.3448486328125,165.64785766601562,162.41842651367188,160.2804412841797,162.81063842773438,165.8582305908203,159.66798400878906,160.26467895507812,163.68887329101562,166.44039916992188,163.33984375,156.6282196044922,164.81809997558594,156.8540496826172,161.6954803466797,160.72825622558594,159.6584930419922,163.55511474609375,163.74197387695312,163.7764129638672,164.84188842773438,162.6130828857422,167.1148681640625,156.1924285888672,160.4104766845703,160.73733520507812,166.7237548828125,158.45101928710938,163.7506103515625,165.75808715820312,164.02835083007812,161.09765625,163.2562255859375,162.57742309570312,154.97207641601562,167.31036376953125,160.85140991210938,167.63296508789062,162.85467529296875
49,160.88137817382812,159.54727172851562,158.66802978515625,164.80319213867188,165.7440643310547,171.86427307128906,163.0363006591797,164.76602172851562,161.41717529296875,159.23414611816406,166.62591552734375,166.8502655029297,170.5727996826172,159.54856872558594,162.71913146972656,158.67471313476562,159.6373748779297,163.62460327148438,159.4332733154297,162.47735595703125,162.8365936279297,171.1881103515625,161.556640625,159.53517150878906,168.14599609375,162.20777893066406,162.66162109375,163.554931640625,166.8280029296875,161.37417602539062,161.07615661621094,160.4033203125,166.56130981445312,162.93104553222656,163.72982788085938,163.60142517089844,162.71974182128906,159.4673614501953,163.32101440429688,159.2398223876953,157.94085693359375,159.2844696044922,164.18238830566406,163.1773223876953,160.670654296875,167.15072631835938,160.43630981445312,160.617431640625,161.04685974121094,162.970458984375,156.50314331054688,158.94329833984375,164.65586853027344,163.445556640625,161.74371337890625,160.7527618408203,162.75416564941406,163.36354064941406,162.40939331054688,157.40374755859375,166.55789184570312,161.0565185546875,162.41629028320312,161.96206665039062,166.87669372558594,160.98057556152344,164.38197326660156,164.87258911132812,161.62489318847656,166.76312255859375,161.53524780273438,159.1685791015625,157.20079040527344,163.42726135253906,165.38186645507812,160.10003662109375,167.23532104492188,159.53897094726562,162.47848510742188,160.21707153320312,161.25762939453125,162.6055908203125,160.35020446777344,164.50390625,157.7469940185547,164.11289978027344,163.6878204345703,163.41522216796875,165.9866180419922,157.34463500976562,159.8682098388672,158.08714294433594,159.1100616455078,155.87437438964844,161.6324005126953,165.0255584716797,165.45819091796875,164.4513397216797,158.55018615722656,162.1907958984375
50,157.53884887695312,168.68247985839844,167.47879028320312,164.71505737304688,164.076904296875,163.64486694335938,161.94720458984375,161.0719451904297,158.2238006591797,160.1627197265625,163.8465118408203,165.56692504882812,162.22488403320312,163.89450073242188,157.1752471923828,161.82125854492188,163.01486206054688,160.6802215576172,165.81968688964844,162.5450897216797,164.0408477783203,164.7283477783203,162.3299560546875,164.30029296875,163.00880432128906,163.083984375,162.86741638183594,160.19105529785156,166.83126831054688,167.3580780029297,161.80860900878906,164.30543518066406,166.2451629638672,161.3181610107422,164.5675811767578,160.89315795898438,156.49594116210938,164.82151794433594,164.65818786621094,162.22279357910156,166.41786193847656,165.14854431152344,160.8592987060547,165.5946044921875,160.26962280273438,164.3153076171875,160.83009338378906,161.5443878173828,162.25076293945312,168.30181884765625,167.7086639404297,160.43331909179688,163.02996826171875,159.08694458007812,159.52423095703125,161.53956604003906,162.52520751953125,162.0251007080078,167.69398498535156,162.21978759765625,162.263671875,164.2393035888672,164.62815856933594,162.10691833496094,161.51937866210938,163.40274047851562,163.28675842285156,165.8822021484375,162.93072509765625,163.86289978027344,159.562255859375,157.3755340576172,146.17478942871094,161.5721435546875,166.50210571289062,159.60061645507812,164.85073852539062,161.07667541503906,160.13905334472656,163.9785919189453,162.57763671875,157.08680725097656,164.4617919921875,164.87413024902344,160.08436584472656,170.39109802246094,162.88290405273438,166.75604248046875,163.34457397460938,160.9602508544922,162.45281982421875,165.50381469726562,163.55535888671875,164.6030731201172,161.40452575683594,158.12452697753906,160.55126953125,158.34024047851562,169.151123046875,165.9164581298828
51,162.02992248535156,165.56996154785156,162.27427673339844,159.9810333251953,165.82472229003906,160.32081604003906,157.37974548339844,159.5855255126953,161.0275421142578,160.7587890625,166.6859130859375,163.8717041015625,161.7128143310547,155.639404296875,162.5274658203125,163.14962768554688,165.5194549560547,163.3642120361328,163.36233520507812,162.20504760742188,165.3541259765625,163.58139038085938,158.76712036132812,164.06533813476562,157.7927703857422,161.9567108154297,156.66050720214844,157.77322387695312,157.83197021484375,167.1715087890625,158.24708557128906,162.04098510742188,165.1178741455078,163.72816467285156,160.07762145996094,160.7967071533203,163.75169372558594,163.9060516357422,163.48609924316406,168.0318603515625,167.43679809570312,164.57412719726562,165.42034912109375,162.23251342773438,158.66246032714844,160.1019744873047,159.42503356933594,160.9011688232422,163.70645141601562,159.67149353027344,157.42311096191406,160.24119567871094,163.138427734375,166.83840942382812,163.15538024902344,160.17945861816406,162.71669006347656,160.5552215576172,164.60513305664062,158.891845703125,158.3974151611328,163.08616638183594,161.03353881835938,159.14089965820312,157.01718139648438,162.21058654785156,162.60946655273438,160.7373504638672,160.5252685546875,161.3355712890625,160.39210510253906,159.8731231689453,150.5756378173828,166.20541381835938,160.82579040527344,163.7984619140625,159.33914184570312,162.21600341796875,159.29624938964844,161.85000610351562,164.9167938232422,165.5179443359375,157.04483032226562,160.5984649658203,173.69833374023438,157.37474060058594,171.75851440429688,159.28155517578125,158.32818603515625,167.786376953125,156.89295959472656,156.38616943359375,164.36619567871094,166.49575805664062,158.63673400878906,164.11767578125,161.93231201171875,166.4146728515625,163.19345092773438,170.00503540039062
52,162.05615234375,163.2440185546875,161.06520080566406,166.43502807617188,159.03671264648438,160.22772216796875,163.1973114013672,159.38661193847656,162.61248779296875,163.4927978515625,170.11178588867188,165.3782501220703,163.71701049804688,162.09593200683594,159.61050415039062,163.2386474609375,163.66091918945312,163.02569580078125,167.1979217529297,163.7626953125,164.06515502929688,161.7646026611328,164.132568359375,166.48423767089844,162.34136962890625,165.15731811523438,170.84182739257812,157.3344268798828,156.90611267089844,163.13787841796875,162.96652221679688,162.97340393066406,161.57838439941406,162.07098388671875,163.8594207763672,165.06585693359375,163.75099182128906,165.99127197265625,163.94320678710938,158.00735473632812,159.17996215820312,165.20651245117188,158.1243133544922,166.00103759765625,163.21730041503906,168.23597717285156,157.20712280273438,169.13685607910156,163.3560333251953,165.64756774902344,163.19500732421875,159.34552001953125,166.18663024902344,167.0842742919922,161.52073669433594,159.79661560058594,162.42434692382812,164.31356811523438,163.317626953125,157.38319396972656,158.26727294921875,160.29759216308594,162.09890747070312,166.11532592773438,160.82705688476562,164.92657470703125,162.19020080566406,163.37240600585938,160.6244354248047,162.643310546875,164.5870361328125,156.26010131835938,152.65078735351562,161.1222381591797,161.9462890625,163.38253784179688,161.10348510742188,165.52615356445312,163.67347717285156,167.7013702392578,164.91787719726562,163.6077117919922,163.98129272460938,160.30130004882812,163.411376953125,160.9503936767578,167.5477752685547,169.4169921875,166.15548706054688,163.72496032714844,159.01553344726562,160.6234130859375,162.6156463623047,159.86927795410156,156.96286010742188,164.6621856689453,157.86965942382812,157.39566040039062,164.0812225341797,163.14414978027344
53,163.42129516601562,158.96771240234375,160.02737426757812,162.43704223632812,161.47531127929688,158.23480224609375,160.42129516601562,163.47056579589844,160.91183471679688,165.24009704589844,162.43821716308594,164.95233154296875,163.6062774658203,163.6920166015625,164.3161163330078,160.6868133544922,164.14479064941406,170.7634735107422,157.64979553222656,159.70230102539062,162.30018615722656,161.9990234375,165.72360229492188,163.6492919921875,159.12939453125,163.75680541992188,161.8355712890625,164.44635009765625,158.53875732421875,160.62603759765625,164.80844116210938,162.30848693847656,170.53118896484375,162.50277709960938,156.28477478027344,162.65054321289062,161.7824249267578,167.62405395507812,158.77552795410156,160.84620666503906,157.48178100585938,160.74725341796875,166.76168823242188,157.0363311767578,163.15225219726562,162.8690185546875,157.0143280029297,160.30569458007812,163.0744171142578,157.84725952148438,165.6000518798828,163.89602661132812,168.68313598632812,159.39187622070312,161.59970092773438,170.22488403320312,159.50367736816406,157.2011260986328,160.68475341796875,166.0865936279297,163.81118774414062,163.80335998535156,164.91232299804688,159.3560791015625,160.6709442138672,159.6691436767578,160.08155822753906,164.2256317138672,158.7854461669922,159.148681640625,160.62066650390625,160.1510009765625,146.7732696533203,161.4200897216797,163.8480987548828,169.04141235351562,164.70999145507812,166.8510284423828,157.47463989257812,161.6162872314453,167.49168395996094,157.19412231445312,160.25360107421875,160.76382446289062,169.6942138671875,161.80393981933594,169.27005004882812,164.80001831054688,168.60824584960938,161.44314575195312,158.48243713378906,158.70303344726562,161.5614013671875,157.4819793701172,160.51055908203125,158.92581176757812,163.37579345703125,161.10848999023438,167.6015167236328,162.0690460205078
54,163.01031494140625,159.8498992919922,164.99217224121094,162.65072631835938,163.00936889648438,159.77194213867188,160.52145385742188,160.94046020507812,157.757568359375,160.4379425048828,157.79981994628906,161.61805725097656,159.5691680908203,161.6194305419922,162.80816650390625,161.97886657714844,162.59693908691406,160.98793029785156,163.4991455078125,161.84588623046875,164.94483947753906,163.64138793945312,164.54371643066406,156.67730712890625,162.7665252685547,161.968994140625,159.5562286376953,161.33204650878906,165.70553588867188,163.8556671142578,164.60983276367188,165.6081085205078,160.79823303222656,162.91177368164062,156.19232177734375,163.6690673828125,164.63026428222656,168.7442626953125,160.04222106933594,160.84259033203125,163.3607940673828,158.3705596923828,167.3655548095703,161.4857635498047,165.5313720703125,161.71511840820312,159.03921508789062,160.81021118164062,160.8488311767578,164.18641662597656,168.2151336669922,165.85891723632812,162.72476196289062,163.1119384765625,164.1963348388672,165.88201904296875,162.1575164794922,165.13119506835938,162.4222869873047,165.78524780273438,164.56298828125,161.1693878173828,160.91201782226562,167.12474060058594,165.0009765625,164.11477661132812,162.94613647460938,163.6983642578125,158.6077423095703,162.26161193847656,159.16685485839844,164.7427520751953,139.6068572998047,160.8724365234375,158.68362426757812,163.29258728027344,163.5400390625,163.95941162109375,156.09938049316406,162.908935546875,173.35525512695312,167.80320739746094,156.33285522460938,159.92178344726562,162.61610412597656,169.85470581054688,160.69305419921875,161.2052459716797,165.09259033203125,166.62266540527344,160.31719970703125,164.80636596679688,163.54881286621094,163.1578369140625,164.74356079101562,161.96890258789062,157.2745819091797,163.7199249267578,165.53170776367188,164.75140380859375
55,159.1653289794922,167.96466064453125,160.08462524414062,161.16812133789062,157.4295654296875,162.084716796875,159.41773986816406,160.47250366210938,159.8250732421875,164.2230987548828,160.29251098632812,162.21726989746094,161.52444458007812,164.01620483398438,165.75650024414062,163.8028564453125,160.8643798828125,162.0489044189453,162.27354431152344,163.4029541015625,161.00830078125,160.49615478515625,160.99884033203125,159.4409637451172,162.56285095214844,165.7318572998047,161.48614501953125,164.119873046875,170.6834716796875,160.56834411621094,163.67442321777344,165.90496826171875,166.67718505859375,165.7761688232422,153.67176818847656,161.30821228027344,162.14309692382812,162.5647735595703,162.0427703857422,166.60006713867188,162.90585327148438,158.6255340576172,162.04067993164062,168.89141845703125,164.9140625,156.821044921875,162.65350341796875,160.5131072998047,164.86624145507812,162.5456085205078,162.477294921875,163.09828186035156,162.96385192871094,163.79112243652344,164.07894897460938,157.950439453125,163.08547973632812,160.08688354492188,159.1058349609375,165.00694274902344,167.05178833007812,162.0931396484375,159.55967712402344,165.533203125,162.01956176757812,162.7638397216797,163.31613159179688,158.48301696777344,163.44784545898438,159.88397216796875,161.16162109375,158.6760711669922,144.14358520507812,159.27227783203125,164.0168914794922,162.3740234375,162.71905517578125,162.7393341064453,166.3499755859375,162.1728515625,160.22286987304688,169.526123046875,170.7300567626953,165.29725646972656,161.18350219726562,163.9662322998047,162.01312255859375,164.43270874023438,167.8624267578125,166.06076049804688,159.64707946777344,162.84771728515625,165.7130889892578,168.11639404296875,162.41586303710938,155.593017578125,151.04135131835938,164.2011260986328,160.6048126220703,163.41552734375
56,168.28884887695312,166.457275390625,162.7175750732422,163.968505859375,167.8199462890625,159.473388671875,162.74441528320312,164.57208251953125,164.0067596435547,160.58685302734375,167.5501708984375,160.8477783203125,164.1732635498047,166.67556762695312,164.79086303710938,163.96063232421875,163.27606201171875,163.13153076171875,161.3101806640625,167.55307006835938,167.060791015625,163.4501495361328,164.00875854492188,169.36056518554688,165.3011474609375,162.85702514648438,163.83094787597656,164.3223876953125,157.50498962402344,162.10708618164062,162.06202697753906,161.415771484375,166.61451721191406,166.03216552734375,153.8573455810547,165.4966278076172,160.3069610595703,163.52920532226562,162.671142578125,160.38365173339844,157.71041870117188,162.52713012695312,171.39801025390625,157.52880859375,160.45457458496094,161.28794860839844,161.09457397460938,151.8570556640625,164.4159698486328,160.56118774414062,160.42050170898438,161.51307678222656,157.90834045410156,160.78668212890625,162.76588439941406,162.03392028808594,163.66380310058594,162.0294647216797,159.86187744140625,164.69699096679688,161.82362365722656,163.427001953125,159.54701232910156,164.8163299560547,161.7862548828125,161.8240966796875,161.72608947753906,161.13084411621094,163.67222595214844,161.02833557128906,168.55953979492188,158.78622436523438,138.2389678955078,159.54522705078125,161.74880981445312,164.14596557617188,167.1641845703125,163.8528594970703,156.17112731933594,157.2723846435547,161.53250122070312,160.63189697265625,168.72061157226562,160.71478271484375,160.95562744140625,161.0122528076172,160.95449829101562,162.70718383789062,160.54234313964844,166.26852416992188,164.2631378173828,162.6029052734375,156.39959716796875,163.27883911132812,162.26571655273438,169.4667205810547,154.6461181640625,161.2409210205078,163.4434814453125,165.58001708984375
57,166.80064392089844,161.6715087890625,162.1429443359375,163.83116149902344,160.2767791748047,163.0575408935547,164.00112915039062,161.56471252441406,159.71249389648438,152.90306091308594,159.23419189453125,161.2489776611328,160.3091278076172,164.4277801513672,158.64212036132812,163.27584838867188,166.96163940429688,164.936767578125,166.10247802734375,159.35401916503906,155.88348388671875,151.43409729003906,162.26406860351562,154.92391967773438,164.9797821044922,162.19424438476562,165.7628631591797,165.1375732421875,159.56028747558594,159.71205139160156,159.40896606445312,163.56532287597656,163.67874145507812,166.0213165283203,151.87449645996094,164.12254333496094,163.5618896484375,163.697265625,159.37469482421875,161.68479919433594,163.95143127441406,163.96060180664062,161.3295440673828,165.53402709960938,161.42543029785156,159.66212463378906,164.11251831054688,162.45480346679688,160.939453125,167.47506713867188,167.67872619628906,162.59451293945312,159.37478637695312,169.7662353515625,162.96519470214844,163.63037109375,165.44424438476562,163.67327880859375,166.4383544921875,161.15768432617188,163.81150817871094,164.28704833984375,163.36508178710938,161.3455810546875,161.3473663330078,166.6053466796875,160.95968627929688,169.05357360839844,162.7576904296875,160.34176635742188,163.4688720703125,150.26370239257812,137.88929748535156,158.4164581298828,163.36265563964844,160.0735626220703,161.09263610839844,160.63206481933594,155.0929718017578,159.43075561523438,162.38980102539062,163.2330322265625,163.115478515625,158.42359924316406,161.04776000976562,161.90338134765625,161.85426330566406,165.3611297607422,162.56771850585938,169.11993408203125,162.56619262695312,163.49334716796875,160.8960418701172,164.55068969726562,157.81951904296875,161.77723693847656,159.27871704101562,164.25123596191406,154.9278106689453,161.8555908203125
58,166.98951721191406,164.7830047607422,159.57009887695312,165.43502807617188,163.3359375,160.58270263671875,155.5682830810547,163.8843994140625,156.32342529296875,162.1138916015625,162.24099731445312,164.6787567138672,166.99078369140625,168.31752014160156,162.08920288085938,161.87477111816406,163.63934326171875,165.40277099609375,161.40341186523438,159.99465942382812,157.04441833496094,168.075927734375,159.68533325195312,152.34007263183594,162.85394287109375,165.16018676757812,160.56668090820312,157.35374450683594,166.1251983642578,166.72232055664062,162.58111572265625,164.20608520507812,169.8029022216797,164.4265899658203,148.56076049804688,158.7060546875,161.3114776611328,163.8509521484375,168.71353149414062,160.4026641845703,164.8995361328125,160.2128448486328,162.77708435058594,160.38070678710938,159.80072021484375,155.42987060546875,157.8165283203125,159.004150390625,156.17941284179688,163.8626251220703,169.734619140625,165.26234436035156,163.46896362304688,171.52728271484375,157.3258056640625,163.81863403320312,164.69334411621094,156.7928924560547,163.56048583984375,160.6982879638672,160.12916564941406,158.42739868164062,166.85568237304688,162.35964965820312,164.21249389648438,165.9451446533203,164.80206298828125,160.6184539794922,166.46490478515625,157.68939208984375,160.65036010742188,146.14573669433594,136.94264221191406,164.88320922851562,160.2550048828125,156.28152465820312,155.15318298339844,166.25804138183594,152.814208984375,159.5972900390625,159.09121704101562,158.91665649414062,165.29380798339844,160.21920776367188,161.05970764160156,158.18789672851562,162.70594787597656,163.1302947998047,164.26376342773438,160.86038208007812,163.17738342285156,160.87258911132812,169.28939819335938,161.32716369628906,158.16485595703125,161.71835327148438,151.0094451904297,162.75222778320312,161.58348083496094,162.70831298828125
59,163.10487365722656,164.59811401367188,164.63888549804688,162.7225799560547,162.3072052001953,161.61328125,159.9733428955078,166.62991333007812,159.4947052001953,163.1918182373047,159.1244354248047,167.22633361816406,164.67910766601562,165.97836303710938,166.12242126464844,163.68519592285156,161.5858917236328,165.01904296875,167.76889038085938,164.298583984375,157.63258361816406,158.52700805664062,157.30416870117188,151.06568908691406,162.83262634277344,162.7509307861328,158.31605529785156,158.3264617919922,161.9746856689453,157.8751678466797,164.93336486816406,160.9673309326172,164.75267028808594,166.134521484375,148.27432250976562,166.7936553955078,158.5688934326172,156.99290466308594,166.41664123535156,161.16256713867188,155.96923828125,165.2471160888672,154.7093505859375,154.055419921875,160.52027893066406,162.92181396484375,149.04489135742188,156.33615112304688,160.92709350585938,161.16038513183594,158.03427124023438,161.06260681152344,164.60391235351562,168.86279296875,155.43336486816406,161.6058807373047,165.08724975585938,160.30186462402344,165.31716918945312,163.26046752929688,160.70567321777344,167.84010314941406,163.1806182861328,166.8441925048828,161.53636169433594,155.66079711914062,161.17193603515625,161.7108612060547,168.09506225585938,160.94326782226562,161.01446533203125,150.1081085205078,135.5140838623047,165.97738647460938,160.60623168945312,161.93344116210938,161.24493408203125,161.68264770507812,152.1690673828125,161.38497924804688,166.08163452148438,165.55531311035156,165.92276000976562,160.64561462402344,155.85072326660156,163.90518188476562,163.357421875,160.71051025390625,169.2659454345703,162.35411071777344,162.1309051513672,156.91111755371094,170.08424377441406,160.97271728515625,158.59329223632812,163.16856384277344,152.86695861816406,161.46200561523438,163.14622497558594,160.08419799804688
60,167.01458740234375,162.85556030273438,165.03533935546875,157.38375854492188,165.19320678710938,159.4228057861328,167.1975860595703,163.8542938232422,157.75791931152344,153.84461975097656,161.711181640625,165.97830200195312,161.84019470214844,158.6953582763672,163.2816619873047,158.3040008544922,159.6370391845703,163.54196166992188,164.399658203125,158.569091796875,158.1294708251953,155.95091247558594,154.69454956054688,155.19532775878906,161.2292022705078,160.6381072998047,162.09156799316406,163.1940155029297,162.26531982421875,158.90951538085938,160.83416748046875,170.2481689453125,162.21218872070312,165.44088745117188,149.32472229003906,164.31771850585938,164.39183044433594,159.51734924316406,162.471435546875,160.0603790283203,163.5789031982422,162.73001098632812,159.64268493652344,159.2308349609375,173.47662353515625,154.6471405029297,156.89361572265625,153.74530029296875,160.54991149902344,159.14479064941406,164.6961669921875,160.2767333984375,162.0438232421875,163.27627563476562,158.91331481933594,164.0760955810547,164.5606689453125,162.89512634277344,161.9471435546875,164.93580627441406,169.35723876953125,161.36839294433594,159.87965393066406,161.85366821289062,167.52120971679688,162.23455810546875,162.34800720214844,162.64419555664062,162.3809051513672,160.7759552001953,166.69940185546875,142.7728271484375,135.1422882080078,168.2832794189453,168.30259704589844,162.68450927734375,162.6196746826172,165.91539001464844,148.05502319335938,166.7222900390625,162.95945739746094,160.4091033935547,163.70492553710938,162.0392608642578,161.96800231933594,159.0266876220703,168.09510803222656,164.1156005859375,163.89828491210938,157.21592712402344,161.19606018066406,164.34959411621094,161.42054748535156,169.84962463378906,159.57395935058594,164.31529235839844,148.8807373046875,158.78721618652344,163.92164611816406,158.4303741455078
61,162.1049041748047,164.4569549560547,162.5465087890625,160.8138885498047,166.835205078125,158.81414794921875,159.82533264160156,160.03981018066406,157.9451141357422,154.64437866210938,159.6017303466797,160.36854553222656,164.80845642089844,161.80029296875,158.08030700683594,163.5819091796875,166.7891387939453,162.32888793945312,164.41758728027344,163.7025146484375,152.5553436279297,158.55331420898438,161.88218688964844,147.24148559570312,163.14659118652344,158.99925231933594,164.31057739257812,162.6600799560547,160.01637268066406,161.8067626953125,160.1915740966797,164.08563232421875,160.15879821777344,164.296630859375,145.45245361328125,164.14767456054688,154.1793670654297,165.60313415527344,166.10177612304688,166.92257690429688,158.37315368652344,161.72264099121094,157.94000244140625,162.4547882080078,166.82728576660156,150.7108612060547,145.25653076171875,151.0816192626953,160.86526489257812,166.13360595703125,160.20819091796875,161.33409118652344,163.71368408203125,163.5724639892578,156.6846160888672,162.70973205566406,159.0862274169922,156.1753692626953,163.7086944580078,158.85723876953125,160.96957397460938,163.32080078125,164.54537963867188,155.65011596679688,163.50283813476562,162.82644653320312,160.5557403564453,167.0350799560547,160.590576171875,152.5342254638672,167.16644287109375,144.9700927734375,133.91567993164062,170.4768524169922,161.3918914794922,160.056640625,165.14450073242188,163.15541076660156,148.99143981933594,160.40757751464844,162.6890869140625,162.25390625,159.1389617919922,164.6519012451172,163.07559204101562,162.3496856689453,157.22047424316406,163.5592498779297,161.3443145751953,162.3983154296875,163.61439514160156,164.12852478027344,154.0479736328125,165.684814453125,160.15419006347656,160.0036163330078,147.25865173339844,157.7466583251953,164.00733947753906,161.23486328125
62,166.2978057861328,168.23178100585938,164.5884246826172,160.51373291015625,166.28082275390625,156.9720001220703,152.39797973632812,165.72482299804688,156.06126403808594,159.00831604003906,165.4061279296875,169.7012939453125,160.5943145751953,161.03700256347656,162.0363006591797,161.6631317138672,166.88571166992188,158.88047790527344,165.0447235107422,158.9210205078125,150.10577392578125,166.76869201660156,155.33132934570312,149.1398468017578,153.87168884277344,165.06822204589844,158.45822143554688,158.4842071533203,160.19927978515625,162.8697967529297,160.34567260742188,162.5604248046875,158.8094940185547,168.82913208007812,149.35922241210938,165.78762817382812,154.5345001220703,164.44595336914062,162.5611572265625,157.5045623779297,165.712158203125,159.26031494140625,155.201904296875,161.58740234375,166.33790588378906,148.34463500976562,155.2909393310547,156.16099548339844,167.49012756347656,161.7137451171875,161.26547241210938,162.75222778320312,164.75234985351562,163.11070251464844,153.63775634765625,158.631103515625,157.9016876220703,153.1228790283203,165.52008056640625,163.1481170654297,156.29888916015625,160.28514099121094,165.86810302734375,166.5994415283203,161.22970581054688,163.4499053955078,165.0118408203125,169.18035888671875,162.29925537109375,156.44778442382812,160.212890625,148.34786987304688,134.83953857421875,160.3651885986328,163.38525390625,158.19229125976562,156.07330322265625,166.21853637695312,146.62301635742188,164.390380859375,159.9287567138672,159.54568481445312,162.6478729248047,160.9355926513672,161.21463012695312,154.33103942871094,166.43785095214844,166.2672576904297,160.92298889160156,165.01956176757812,162.26730346679688,160.86798095703125,160.87237548828125,162.69775390625,157.7128143310547,156.17019653320312,147.03533935546875,151.72540283203125,164.29342651367188,164.15269470214844
63,166.52944946289062,163.73731994628906,160.9522705078125,161.50161743164062,164.40879821777344,150.03358459472656,153.17977905273438,159.23492431640625,151.87850952148438,150.4437713623047,164.25558471679688,161.4762420654297,161.62332153320312,160.16702270507812,159.11184692382812,163.16094970703125,156.1984405517578,162.5179443359375,161.559814453125,172.0671844482422,152.1816864013672,157.06997680664062,155.890380859375,144.7108917236328,156.11512756347656,160.5135955810547,165.2329559326172,168.9080352783203,162.56585693359375,162.2039337158203,172.07244873046875,158.7955780029297,162.64218139648438,166.7605743408203,148.71722412109375,162.84864807128906,155.60214233398438,162.9566192626953,164.7645721435547,156.10107421875,159.51576232910156,163.98870849609375,152.71327209472656,164.6236572265625,164.33468627929688,157.57362365722656,142.166748046875,148.2169647216797,159.92576599121094,163.4410400390625,155.37063598632812,166.55177307128906,162.21263122558594,161.9651641845703,160.99351501464844,160.60899353027344,159.2145233154297,152.2152099609375,161.34124755859375,164.89866638183594,162.37869262695312,162.83436584472656,164.0731201171875,169.91098022460938,159.77020263671875,159.07456970214844,163.69017028808594,164.1589813232422,161.462646484375,155.0709991455078,165.877685546875,143.21224975585938,132.9223175048828,169.44862365722656,159.81507873535156,161.7144775390625,157.6610107421875,161.56881713867188,142.47377014160156,159.63577270507812,169.12606811523438,168.23025512695312,166.78639221191406,162.9582977294922,165.0362548828125,149.18739318847656,159.2179718017578,158.55921936035156,166.7292938232422,157.4010009765625,165.90928649902344,164.1216583251953,154.21783447265625,158.49954223632812,160.12474060058594,154.6685333251953,143.47560119628906,157.9763641357422,164.4772491455078,158.4796600341797
64,164.78494262695312,164.51174926757812,159.12652587890625,161.51968383789062,169.52334594726562,148.5536346435547,154.79031372070312,159.79539489746094,148.20298767089844,151.52764892578125,168.74574279785156,157.98902893066406,161.02818298339844,167.42855834960938,166.3168182373047,158.37026977539062,159.45620727539062,158.2162322998047,164.60848999023438,156.4152374267578,151.0457763671875,159.94482421875,147.4324951171875,141.7127685546875,149.9855499267578,160.426025390625,164.5055389404297,160.9750213623047,165.2707977294922,163.8170623779297,159.67433166503906,155.0037841796875,156.65676879882812,160.0563507080078,145.25448608398438,164.8111114501953,152.34918212890625,159.94761657714844,160.55992126464844,145.65960693359375,162.904296875,161.69320678710938,152.03590393066406,160.7393798828125,162.53273010253906,155.31239318847656,139.33123779296875,149.32948303222656,157.86891174316406,164.45364379882812,165.28790283203125,167.34823608398438,156.90554809570312,161.96047973632812,158.1825408935547,164.4397735595703,157.8124542236328,153.2021484375,164.0379638671875,163.10354614257812,160.99754333496094,154.15689086914062,168.30397033691406,160.25401306152344,158.8118438720703,160.46458435058594,160.77603149414062,166.58145141601562,167.16632080078125,154.78884887695312,170.46282958984375,141.89688110351562,132.68991088867188,164.95274353027344,161.34402465820312,163.70550537109375,161.12571716308594,160.6313934326172,144.6250457763672,161.67054748535156,163.79405212402344,166.68133544921875,161.16156005859375,163.56861877441406,161.15200805664062,153.4395751953125,159.17333984375,162.9256134033203,157.91116333007812,161.29568481445312,157.71481323242188,166.22113037109375,155.92771911621094,159.94789123535156,157.3097381591797,156.40260314941406,139.9213104248047,158.54193115234375,160.66554260253906,162.6343994140625
65,168.52679443359375,157.2957000732422,166.15846252441406,163.7653045654297,155.96937561035156,147.4944610595703,152.53363037109375,158.2317657470703,151.8059539794922,152.5140838623047,167.9933319091797,165.2511749267578,162.69241333007812,157.38204956054688,163.823974609375,161.41098022460938,162.00686645507812,156.17929077148438,160.06675720214844,162.039306640625,144.6320037841797,150.62538146972656,155.02835083007812,140.459716796875,151.92355346679688,162.87838745117188,164.03768920898438,162.8971710205078,164.7324676513672,160.4665069580078,163.49856567382812,160.8219451904297,164.3647918701172,163.1522979736328,140.82080078125,164.36505126953125,151.32598876953125,162.77874755859375,159.23013305664062,150.02186584472656,160.89222717285156,165.98611450195312,145.57142639160156,163.72650146484375,165.01309204101562,146.46630859375,138.1240234375,144.6138153076172,156.67588806152344,167.2842559814453,159.6064453125,164.99273681640625,161.5948486328125,163.23348999023438,157.2070770263672,163.3876190185547,159.12062072753906,151.5502471923828,160.765380859375,161.2484588623047,163.00401306152344,157.71653747558594,155.16937255859375,165.16055297851562,164.84210205078125,163.19857788085938,167.21441650390625,157.00131225585938,154.82972717285156,146.8304443359375,162.48687744140625,138.59634399414062,132.57847595214844,161.58567810058594,160.7275390625,159.55274963378906,154.37442016601562,161.22714233398438,141.3198699951172,165.22853088378906,161.40562438964844,165.4473114013672,158.82815551757812,161.8443603515625,165.2240447998047,150.7520294189453,159.90867614746094,159.0243377685547,157.97291564941406,160.83921813964844,167.20327758789062,163.61903381347656,153.05665588378906,161.04676818847656,156.74342346191406,155.88246154785156,142.0867156982422,154.19386291503906,163.0628204345703,157.8148956298828
66,158.34747314453125,156.58982849121094,162.64944458007812,158.5123748779297,155.2488555908203,144.00791931152344,150.92742919921875,155.16714477539062,150.46908569335938,141.8438720703125,158.683837890625,167.5499267578125,162.5540771484375,169.1129608154297,159.6636962890625,169.69300842285156,158.3070526123047,157.9307098388672,161.90966796875,153.80673217773438,140.43496704101562,145.682373046875,151.98699951171875,139.6315155029297,148.9104461669922,170.00784301757812,157.84605407714844,163.07774353027344,163.96011352539062,160.06118774414062,164.69712829589844,159.41334533691406,164.91476440429688,165.00038146972656,138.1043243408203,159.2117919921875,150.7278594970703,158.41172790527344,162.80934143066406,159.2125701904297,157.88116455078125,170.62835693359375,144.15902709960938,161.78831481933594,156.5974884033203,147.124267578125,137.64202880859375,146.31927490234375,165.5596160888672,161.70816040039062,153.6072540283203,163.8804931640625,160.35853576660156,156.47647094726562,143.93502807617188,161.9682159423828,157.5897216796875,148.3091583251953,164.12826538085938,164.44754028320312,160.4985809326172,158.0448455810547,166.03762817382812,161.3598175048828,162.93719482421875,164.99636840820312,157.81825256347656,167.5977020263672,159.28195190429688,150.3334197998047,157.9844512939453,138.7230987548828,132.33079528808594,165.92672729492188,163.12936401367188,154.44522094726562,154.98895263671875,159.2378387451172,140.75885009765625,164.2892303466797,159.71676635742188,162.0567626953125,162.04393005371094,168.21861267089844,155.64173889160156,146.31414794921875,162.77328491210938,161.50357055664062,157.13848876953125,165.32827758789062,158.7997589111328,162.2982177734375,154.68817138671875,158.8762969970703,151.81585693359375,165.78817749023438,141.1410675048828,153.39682006835938,161.39666748046875,159.08404541015625
67,158.56988525390625,157.1171875,155.46971130371094,160.22561645507812,160.18678283691406,141.04598999023438,147.19769287109375,156.96994018554688,142.86180114746094,146.36436462402344,165.34083557128906,158.9075164794922,165.67515563964844,164.62344360351562,158.2495574951172,159.35546875,158.33212280273438,150.73756408691406,158.2625274658203,155.7301483154297,142.48580932617188,148.70703125,155.08517456054688,136.76695251464844,141.8914337158203,162.89813232421875,163.11695861816406,162.10342407226562,161.72372436523438,160.32106018066406,162.57693481445312,157.53045654296875,171.0965118408203,165.17514038085938,139.17166137695312,161.26123046875,147.27626037597656,155.83790588378906,167.88514709472656,148.68092346191406,158.27027893066406,161.90756225585938,140.4871826171875,163.38211059570312,163.4456024169922,143.02764892578125,135.26632690429688,144.504638671875,157.9211883544922,165.03439331054688,156.8889617919922,165.4366455078125,161.9001922607422,162.15603637695312,149.734130859375,168.78623962402344,159.04470825195312,141.49407958984375,161.197998046875,158.44932556152344,160.197509765625,157.22413635253906,156.94985961914062,158.58865356445312,164.7053680419922,158.97329711914062,160.66546630859375,160.31747436523438,161.50686645507812,143.1463623046875,161.6288604736328,135.6572723388672,133.9287872314453,158.8907928466797,161.71080017089844,155.85662841796875,149.87713623046875,158.57492065429688,139.30624389648438,156.58062744140625,162.31072998046875,161.94590759277344,156.8977508544922,162.26821899414062,164.68338012695312,146.37059020996094,166.21511840820312,162.43563842773438,166.03089904785156,162.53018188476562,163.2580108642578,161.525390625,154.72840881347656,159.04310607910156,152.72213745117188,153.04237365722656,142.2490997314453,147.753662109375,165.8876190185547,164.23184204101562
68,152.69854736328125,153.20806884765625,166.5441131591797,161.09605407714844,150.14804077148438,141.4959259033203,143.0380096435547,151.43844604492188,142.50027465820312,145.2060089111328,162.12200927734375,153.18125915527344,163.18653869628906,170.1653289794922,164.66793823242188,157.948974609375,155.86483764648438,149.62600708007812,156.81005859375,150.8125,138.77992248535156,143.44546508789062,151.88491821289062,135.12962341308594,143.28842163085938,162.25973510742188,161.6273193359375,157.20982360839844,160.4360809326172,160.12950134277344,159.95765686035156,155.56668090820312,163.5345458984375,164.0171356201172,139.08987426757812,166.1598663330078,139.93113708496094,163.26763916015625,164.3228759765625,142.9669952392578,162.55731201171875,161.28614807128906,143.3166961669922,168.22547912597656,155.70594787597656,139.2423553466797,137.45574951171875,139.29624938964844,146.22222900390625,161.4434051513672,148.65927124023438,159.6551971435547,163.405029296875,165.24728393554688,149.89810180664062,159.4081268310547,155.89198303222656,149.92947387695312,165.7952880859375,163.13967895507812,151.213623046875,160.97715759277344,156.7855987548828,163.31903076171875,156.72279357910156,157.40869140625,168.15451049804688,154.8596954345703,164.00088500976562,143.487060546875,159.35800170898438,135.8429412841797,133.1846160888672,166.75010681152344,159.0698699951172,159.47764587402344,152.6339111328125,161.93978881835938,138.1942901611328,161.1175537109375,163.12612915039062,157.53614807128906,158.1055145263672,163.7624969482422,160.34393310546875,146.88002014160156,159.9253387451172,160.16212463378906,165.96200561523438,168.02569580078125,163.4319610595703,159.9296112060547,148.12672424316406,151.36402893066406,150.83226013183594,149.5478973388672,140.6253662109375,153.11769104003906,156.4710693359375,161.76385498046875
69,158.9151611328125,152.5723114013672,161.26406860351562,167.02032470703125,155.835693359375,146.91806030273438,141.7339630126953,161.12014770507812,140.420166015625,147.71670532226562,162.26919555664062,157.4709930419922,164.86737060546875,162.10789489746094,163.74375915527344,161.7827911376953,153.08872985839844,144.00027465820312,163.28976440429688,151.9559783935547,141.76402282714844,143.90748596191406,157.1620330810547,133.5324249267578,139.95034790039062,164.92250061035156,164.68084716796875,165.3798065185547,168.0543670654297,161.28912353515625,172.0497589111328,150.152099609375,158.5757293701172,159.29400634765625,136.77334594726562,164.17333984375,140.4573516845703,148.91725158691406,163.61895751953125,143.40365600585938,161.58116149902344,163.02731323242188,143.78903198242188,162.75131225585938,156.63401794433594,140.4274444580078,135.23765563964844,137.9676055908203,146.85508728027344,158.96710205078125,148.674560546875,168.80746459960938,156.4897003173828,162.07571411132812,140.90939331054688,160.4368896484375,156.076904296875,146.15809631347656,161.6792449951172,159.6566619873047,152.89625549316406,157.4427947998047,155.84683227539062,156.32936096191406,162.51589965820312,170.24063110351562,158.33380126953125,153.8133544921875,163.7895050048828,143.3771209716797,163.18353271484375,134.1826934814453,132.2146453857422,164.6027374267578,166.86419677734375,157.57614135742188,151.59397888183594,162.7811737060547,137.13221740722656,162.57949829101562,160.72352600097656,162.24032592773438,157.24879455566406,164.2538604736328,159.32237243652344,146.91845703125,160.87075805664062,161.73843383789062,164.99485778808594,160.244873046875,160.89340209960938,167.81324768066406,151.17254638671875,153.42161560058594,145.6280517578125,150.75042724609375,135.31838989257812,146.52317810058594,160.9385528564453,163.6085205078125
70,154.0433349609375,151.4152069091797,165.98800659179688,166.69662475585938,151.157958984375,137.6085968017578,148.2318878173828,151.29025268554688,140.41725158691406,140.4144744873047,166.1282958984375,146.3772430419922,159.2085418701172,158.945068359375,165.56448364257812,163.25350952148438,151.38746643066406,141.1721649169922,161.33383178710938,160.84619140625,140.5749969482422,147.25729370117188,146.67955017089844,133.36669921875,143.91773986816406,163.55825805664062,158.46875,166.6405487060547,165.15399169921875,166.1917266845703,165.20965576171875,152.76385498046875,158.467041015625,166.77239990234375,135.43077087402344,166.398193359375,134.86756896972656,146.99270629882812,157.05494689941406,143.21365356445312,153.8859405517578,164.175537109375,137.69142150878906,160.38519287109375,155.91860961914062,138.68594360351562,134.13082885742188,140.00384521484375,145.99986267089844,159.7860565185547,146.0471954345703,163.10394287109375,158.18690490722656,166.5751953125,140.3170166015625,164.1173553466797,150.9296875,147.16018676757812,158.7087860107422,160.2382049560547,152.52207946777344,151.4305419921875,155.87257385253906,155.25357055664062,163.27249145507812,162.0545196533203,163.65866088867188,152.79425048828125,162.41123962402344,139.66102600097656,161.8108673095703,135.65882873535156,132.41969299316406,159.50411987304688,162.34628295898438,151.19395446777344,150.41983032226562,165.06639099121094,135.44825744628906,156.4590301513672,159.66014099121094,162.0089111328125,149.75686645507812,164.50433349609375,169.12545776367188,145.40603637695312,161.6850128173828,160.49574279785156,161.56893920898438,163.57095336914062,164.14541625976562,164.722412109375,144.87794494628906,154.0546875,145.44358825683594,147.082763671875,136.58236694335938,152.3560028076172,169.7462158203125,162.33303833007812
71,152.32545471191406,143.70004272460938,160.6698455810547,172.53952026367188,149.65802001953125,137.013427734375,141.8701934814453,148.48733520507812,139.1665802001953,137.0357208251953,163.1854705810547,149.30984497070312,161.59323120117188,161.6947479248047,154.58993530273438,163.5382537841797,152.38702392578125,138.2028045654297,160.97714233398438,154.53073120117188,136.3126220703125,141.94146728515625,145.7544708251953,132.84710693359375,138.3778533935547,156.78196716308594,163.40318298339844,171.62205505371094,167.17343139648438,161.993408203125,162.1703643798828,149.59463500976562,160.778076171875,161.2290802001953,134.61582946777344,160.0196533203125,134.7115478515625,151.11895751953125,160.5735626220703,139.9931182861328,148.19931030273438,161.545654296875,136.63278198242188,163.0820770263672,156.56922912597656,138.24066162109375,133.30728149414062,138.92259216308594,140.7384033203125,164.028564453125,140.29563903808594,158.59564208984375,164.15980529785156,156.4373779296875,142.99974060058594,163.8831329345703,150.59620666503906,135.57321166992188,164.35142517089844,159.9663848876953,149.4294891357422,150.46337890625,154.99301147460938,157.3985137939453,164.1510772705078,162.55300903320312,157.5312957763672,147.86459350585938,167.77810668945312,139.34619140625,161.37562561035156,136.15855407714844,131.79006958007812,162.7461700439453,169.13284301757812,149.77491760253906,148.441650390625,155.6851043701172,135.4003448486328,167.1968536376953,153.78915405273438,157.60012817382812,148.72650146484375,164.54620361328125,163.2518310546875,148.14852905273438,159.8734130859375,159.0496368408203,163.238037109375,163.8712158203125,161.8447723388672,161.69454956054688,142.55152893066406,149.88119506835938,151.17138671875,145.59298706054688,137.3187255859375,144.91351318359375,155.85232543945312,161.7417449951172
72,159.1208953857422,150.4102325439453,166.0912628173828,165.93707275390625,148.3159942626953,136.45408630371094,137.61959838867188,150.90965270996094,137.0251007080078,139.18270874023438,158.2118377685547,142.9638671875,161.15347290039062,154.9273681640625,157.31077575683594,156.5836944580078,148.87799072265625,141.911376953125,164.92401123046875,147.66366577148438,136.0344696044922,146.71914672851562,142.93064880371094,133.04190063476562,140.4530029296875,158.39346313476562,166.1770477294922,165.79904174804688,165.1130828857422,161.4799346923828,165.639404296875,145.79627990722656,157.1372528076172,159.2697296142578,134.73863220214844,164.45309448242188,135.31153869628906,141.50250244140625,165.21731567382812,136.85037231445312,156.29429626464844,149.99636840820312,139.03082275390625,154.41824340820312,155.28106689453125,137.8909454345703,133.78555297851562,136.55079650878906,142.0805206298828,163.09634399414062,137.77099609375,164.3061065673828,156.97889709472656,161.73805236816406,139.1118927001953,167.47756958007812,146.83164978027344,136.89414978027344,162.9991912841797,168.04556274414062,147.16204833984375,152.73895263671875,155.31333923339844,152.6549835205078,157.06356811523438,158.9108123779297,159.7177734375,146.50796508789062,160.14418029785156,137.27731323242188,160.57546997070312,136.74705505371094,131.4809112548828,162.020751953125,161.4486846923828,149.74365234375,147.7716827392578,154.3127899169922,133.30416870117188,163.865966796875,159.4770050048828,161.7263641357422,146.5702362060547,159.0891876220703,163.59207153320312,144.24488830566406,162.48098754882812,164.41903686523438,166.6148681640625,167.2833251953125,166.57496643066406,164.7862091064453,140.21307373046875,148.50497436523438,143.0431365966797,144.29176330566406,133.81503295898438,143.77142333984375,153.8616943359375,158.7819061279297
73,146.21466064453125,141.74429321289062,160.6167755126953,161.5562286376953,145.29757690429688,136.36245727539062,135.64781188964844,145.26609802246094,135.97262573242188,135.33026123046875,157.74606323242188,139.04502868652344,155.03897094726562,157.6262969970703,151.06471252441406,157.66107177734375,145.23880004882812,146.42835998535156,162.5581512451172,147.14540100097656,137.85708618164062,140.36187744140625,140.78500366210938,131.50001525878906,140.50482177734375,158.8849334716797,159.90489196777344,161.8468475341797,163.5303955078125,167.5169677734375,165.17251586914062,141.00111389160156,164.34466552734375,161.05886840820312,133.65261840820312,164.6013641357422,137.22708129882812,141.27328491210938,161.007568359375,135.73448181152344,141.2501220703125,159.2552032470703,138.22845458984375,152.64378356933594,150.67724609375,136.12318420410156,133.27456665039062,137.8319549560547,135.4245147705078,161.06991577148438,139.32241821289062,162.29776000976562,158.92149353027344,154.79043579101562,138.93605041503906,163.75244140625,149.32899475097656,136.8137969970703,160.18582153320312,165.3702392578125,151.7780303955078,149.5904998779297,144.78134155273438,150.05166625976562,169.81431579589844,158.8096160888672,159.0779571533203,145.5359344482422,159.13807678222656,135.42318725585938,161.75570678710938,134.773193359375,130.96461486816406,159.22860717773438,160.96142578125,151.60479736328125,141.02024841308594,155.1904754638672,133.54559326171875,161.02354431152344,160.71585083007812,157.26380920410156,148.64163208007812,163.025146484375,158.9480743408203,138.95941162109375,145.86468505859375,157.9158172607422,163.24598693847656,163.225341796875,164.12020874023438,161.25856018066406,138.22239685058594,147.46484375,140.98045349121094,140.52603149414062,134.29551696777344,146.43067932128906,150.9414520263672,160.41851806640625
74,147.95355224609375,141.3395233154297,159.65719604492188,168.1522979736328,142.27874755859375,134.02682495117188,134.47732543945312,141.07859802246094,135.44305419921875,134.5843963623047,159.269287109375,139.82571411132812,156.25941467285156,159.6078643798828,144.8321533203125,154.12298583984375,150.46978759765625,146.07757568359375,159.78028869628906,148.262451171875,136.68051147460938,140.94174194335938,137.96673583984375,131.7220458984375,138.3813018798828,161.49440002441406,155.23379516601562,163.23463439941406,159.53761291503906,161.5546417236328,168.11099243164062,140.23658752441406,160.1248016357422,164.62765502929688,132.6839141845703,164.17724609375,135.25904846191406,141.35989379882812,163.86752319335938,134.25827026367188,145.4890594482422,146.5732421875,136.70126342773438,150.92813110351562,148.594482421875,137.2216796875,133.840576171875,137.2147216796875,136.04776000976562,163.24449157714844,140.78904724121094,162.11570739746094,160.20022583007812,158.6005096435547,138.87301635742188,165.1179656982422,143.96694946289062,137.37071228027344,164.0526123046875,161.98748779296875,145.09669494628906,146.0117645263672,147.1177978515625,152.89828491210938,162.9141845703125,160.25506591796875,160.45782470703125,153.7975616455078,160.0839080810547,135.7924346923828,164.12315368652344,134.00845336914062,130.6800079345703,155.26324462890625,167.37522888183594,153.85455322265625,140.17205810546875,148.6725311279297,133.61720275878906,166.5785369873047,162.21975708007812,160.1269989013672,140.902587890625,169.20138549804688,162.6855926513672,141.04750061035156,149.58111572265625,161.9212188720703,159.52362060546875,160.61614990234375,164.35488891601562,160.62754821777344,137.93975830078125,144.05299377441406,137.6153106689453,140.2137451171875,132.739013671875,139.44683837890625,150.60935974121094,168.1653289794922
75,150.9258575439453,141.06985473632812,161.9861602783203,161.53294372558594,139.37083435058594,134.62074279785156,135.02459716796875,139.94947814941406,136.65541076660156,136.1529083251953,161.79766845703125,139.8448028564453,151.34951782226562,152.48277282714844,146.52725219726562,149.1548309326172,142.8067626953125,140.62254333496094,164.15309143066406,147.49192810058594,137.25274658203125,139.7195587158203,143.30752563476562,131.5450897216797,138.07247924804688,153.56837463378906,155.41009521484375,161.3287353515625,161.43807983398438,162.83587646484375,160.69381713867188,138.6309051513672,155.5047149658203,162.65074157714844,132.68922424316406,159.65878295898438,132.87730407714844,138.79869079589844,162.0123291015625,135.2848663330078,145.13780212402344,146.3161163330078,137.34266662597656,150.34483337402344,147.67552185058594,135.08248901367188,132.63333129882812,137.7705535888672,136.47512817382812,161.23492431640625,139.31393432617188,154.23849487304688,154.87115478515625,150.4286346435547,139.35243225097656,155.66896057128906,143.17613220214844,135.2633056640625,163.6072998046875,166.30712890625,139.91909790039062,146.55789184570312,150.9799041748047,149.77525329589844,163.55364990234375,160.57919311523438,164.6500701904297,144.45455932617188,158.89329528808594,135.25033569335938,155.8736114501953,134.5872802734375,130.61163330078125,154.20570373535156,160.99588012695312,146.0811767578125,141.62362670898438,150.90512084960938,133.1954345703125,158.92343139648438,153.74725341796875,158.06716918945312,139.32205200195312,159.72113037109375,162.86561584472656,137.8965301513672,142.34642028808594,155.00497436523438,159.0181884765625,165.51446533203125,160.89161682128906,163.37640380859375,136.64808654785156,147.5723876953125,138.84954833984375,140.36814880371094,132.66226196289062,137.20797729492188,145.70046997070312,161.47105407714844
76,143.6263427734375,139.27749633789062,161.6305389404297,158.1923828125,139.3568115234375,132.79283142089844,134.0339813232422,138.09625244140625,134.82284545898438,132.7470703125,159.97048950195312,136.8314666748047,155.4939422607422,151.26492309570312,152.21136474609375,150.87022399902344,146.4711456298828,138.13604736328125,169.2101287841797,142.16412353515625,138.10336303710938,138.0857391357422,137.33538818359375,131.43577575683594,134.83804321289062,170.91102600097656,153.8726043701172,162.078369140625,156.40789794921875,157.8112030029297,158.01351928710938,136.63516235351562,156.2031707763672,157.6069793701172,132.6178436279297,157.78245544433594,133.0540771484375,138.4136199951172,166.83502197265625,135.36703491210938,140.55288696289062,144.30613708496094,134.1005096435547,148.35499572753906,148.5491180419922,133.89559936523438,133.9296112060547,135.6570281982422,135.0316925048828,165.56275939941406,134.2939453125,159.35684204101562,160.77658081054688,149.1949462890625,137.10198974609375,164.19284057617188,139.67628479003906,132.87315368652344,162.16506958007812,158.68006896972656,147.5501708984375,142.84506225585938,144.83738708496094,150.8778839111328,160.43527221679688,170.39974975585938,160.9927520751953,143.04725646972656,162.04788208007812,133.68914794921875,162.33987426757812,134.21286010742188,130.63876342773438,154.09149169921875,154.99009704589844,150.12570190429688,139.6869659423828,145.5624542236328,133.65072631835938,165.2150115966797,151.6513214111328,167.18606567382812,135.96290588378906,166.85780334472656,161.528076171875,137.3362274169922,144.52626037597656,166.101806640625,158.63961791992188,165.8824920654297,164.3865966796875,163.00830078125,133.4569854736328,146.64418029785156,135.83583068847656,138.93614196777344,131.45884704589844,136.71739196777344,143.3927764892578,156.2511444091797
77,142.4128875732422,138.76747131347656,161.14828491210938,168.16754150390625,137.7496337890625,133.24407958984375,135.6048126220703,136.03663635253906,135.0753173828125,132.12449645996094,152.4313201904297,136.66949462890625,144.70880126953125,149.2859344482422,141.79287719726562,143.36776733398438,142.8158416748047,139.91017150878906,158.3819580078125,141.46726989746094,135.0879669189453,138.83767700195312,135.9252166748047,131.0873260498047,134.57614135742188,164.21640014648438,156.9425811767578,167.2075653076172,158.5758514404297,161.5575408935547,166.13397216796875,135.87060546875,155.20301818847656,164.43154907226562,131.8680877685547,164.57266235351562,132.91371154785156,139.45565795898438,160.61810302734375,133.79733276367188,136.23074340820312,145.26524353027344,133.70858764648438,147.93727111816406,149.8356475830078,133.7992401123047,134.82630920410156,133.42428588867188,135.42884826660156,166.81048583984375,134.09934997558594,153.93035888671875,164.00938415527344,156.56451416015625,136.2482452392578,163.53268432617188,139.5454559326172,133.4447021484375,166.3162078857422,159.9010467529297,143.40701293945312,137.58152770996094,142.66278076171875,140.95901489257812,157.5109100341797,167.3686981201172,162.6513214111328,142.8437957763672,163.94395446777344,132.020263671875,160.11280822753906,133.29287719726562,130.4174041748047,154.38829040527344,161.64488220214844,148.84146118164062,139.31765747070312,147.0119171142578,132.47189331054688,164.7594451904297,155.56851196289062,155.67706298828125,137.69798278808594,163.93783569335938,160.32102966308594,136.19888305664062,141.70986938476562,162.9300537109375,167.86256408691406,159.9290313720703,162.70826721191406,165.3197021484375,132.5095672607422,143.61024475097656,135.03250122070312,139.2598876953125,132.36090087890625,134.71414184570312,142.12591552734375,168.2172088623047
78,140.2036895751953,137.5589599609375,157.75477600097656,160.82192993164062,138.1126251220703,132.91558837890625,134.69265747070312,139.1079864501953,133.6125946044922,132.73666381835938,152.876953125,134.85264587402344,151.3929443359375,148.39080810546875,141.1060791015625,147.89198303222656,142.54425048828125,138.3936004638672,147.7676544189453,145.64903259277344,134.06785583496094,137.35076904296875,134.9307098388672,130.79315185546875,133.53053283691406,164.79161071777344,152.0667266845703,164.93408203125,167.50360107421875,161.42247009277344,161.77606201171875,135.81141662597656,156.5238494873047,163.81655883789062,131.3673095703125,157.83396911621094,132.15000915527344,139.20875549316406,169.71722412109375,133.59262084960938,138.02967834472656,141.24465942382812,134.53305053710938,149.18356323242188,147.62228393554688,134.73191833496094,133.72193908691406,133.02188110351562,133.6522979736328,167.87596130371094,133.43580627441406,159.5231170654297,163.53736877441406,155.07672119140625,137.5612335205078,160.04104614257812,136.9142303466797,132.42559814453125,157.91482543945312,159.43455505371094,141.7864990234375,139.94773864746094,145.30613708496094,139.2462158203125,158.96527099609375,163.01759338378906,156.7205810546875,143.66647338867188,161.19302368164062,132.28399658203125,159.75050354003906,132.89588928222656,130.38157653808594,153.6689910888672,160.11814880371094,145.33978271484375,137.04452514648438,154.69790649414062,132.69635009765625,157.71339416503906,146.79409790039062,164.075439453125,138.96119689941406,153.88970947265625,161.94601440429688,133.5601043701172,144.64149475097656,159.6175079345703,158.46470642089844,166.11610412597656,162.68406677246094,164.7519989013672,132.80462646484375,143.63198852539062,133.21339416503906,137.25216674804688,130.86605834960938,133.89083862304688,140.72340393066406,163.63919067382812
79,140.93260192871094,139.2218780517578,167.68418884277344,166.33123779296875,135.220947265625,132.173828125,135.4030303955078,135.2041015625,133.51849365234375,132.19931030273438,143.07630920410156,134.63507080078125,141.57839965820312,145.9862060546875,139.01034545898438,142.530029296875,140.31907653808594,135.56654357910156,151.22564697265625,142.03982543945312,132.55873107910156,135.76681518554688,134.63743591308594,130.97216796875,132.4838409423828,157.89682006835938,151.11834716796875,164.20669555664062,157.0960235595703,164.70484924316406,157.00042724609375,137.35983276367188,156.54605102539062,158.40965270996094,131.0137481689453,159.61280822753906,131.71316528320312,136.40452575683594,161.16143798828125,131.97181701660156,136.21731567382812,139.24867248535156,134.27879333496094,143.2562713623047,139.3378448486328,132.92506408691406,132.18336486816406,133.46624755859375,134.32742309570312,161.95729064941406,133.8135223388672,152.53839111328125,158.1293487548828,141.24801635742188,135.1853790283203,160.4434051513672,135.50552368164062,132.18995666503906,163.5989990234375,160.26028442382812,136.6435546875,135.71151733398438,142.51400756835938,137.757080078125,155.42889404296875,163.02749633789062,165.25987243652344,143.66664123535156,167.31192016601562,132.30856323242188,163.71717834472656,132.73719787597656,130.51535034179688,146.9510040283203,156.4984893798828,138.35382080078125,137.55117797851562,147.0680389404297,131.50152587890625,159.17295837402344,148.74534606933594,155.64190673828125,136.8338165283203,156.6302490234375,166.33485412597656,134.45286560058594,137.6887664794922,161.5805206298828,157.564453125,167.41329956054688,166.90708923339844,164.13168334960938,132.544189453125,145.78286743164062,133.6431121826172,138.12449645996094,131.05824279785156,133.46249389648438,139.4093475341797,155.5082550048828
80,138.36880493164062,137.102783203125,155.29074096679688,161.0869598388672,134.55250549316406,131.67784118652344,132.8318328857422,134.81552124023438,133.14378356933594,131.8616485595703,147.33380126953125,133.54164123535156,148.04885864257812,147.5189208984375,135.2637176513672,141.24049377441406,142.73724365234375,135.87112426757812,152.1939239501953,142.52423095703125,132.52317810058594,134.5331268310547,134.46786499023438,130.79595947265625,132.2830352783203,157.1196746826172,152.59036254882812,161.57199096679688,159.56716918945312,162.9449920654297,156.66403198242188,135.29029846191406,154.73284912109375,161.54457092285156,130.59535217285156,155.5485076904297,132.25169372558594,136.01828002929688,161.90994262695312,131.20521545410156,135.0220947265625,137.9791717529297,133.13397216796875,148.62313842773438,138.54617309570312,132.83981323242188,133.1288299560547,132.1300048828125,132.8621826171875,160.59567260742188,133.46546936035156,153.9334259033203,160.67160034179688,140.39601135253906,136.4540557861328,158.2076873779297,135.40321350097656,132.55381774902344,164.37322998046875,159.7640380859375,135.71475219726562,135.0079803466797,139.7467498779297,139.20608520507812,158.41514587402344,163.849609375,161.88665771484375,137.19485473632812,158.5550079345703,131.72117614746094,162.96067810058594,132.16058349609375,130.3041229248047,142.61764526367188,167.3256378173828,138.59597778320312,135.52833557128906,147.15321350097656,131.5059356689453,159.40597534179688,151.8998565673828,150.25506591796875,134.93572998046875,160.525634765625,155.83746337890625,132.83815002441406,138.985107421875,161.49673461914062,160.67721557617188,158.8526611328125,169.9658660888672,156.9930419921875,132.0861053466797,138.39645385742188,133.32315063476562,136.82374572753906,130.7709503173828,132.73800659179688,138.74578857421875,161.52285766601562
81,135.22329711914062,136.3807373046875,156.20957946777344,159.2298583984375,133.84873962402344,132.13829040527344,132.37120056152344,134.10952758789062,133.0174102783203,131.53860473632812,149.832275390625,134.548828125,142.9822540283203,146.2405548095703,136.65579223632812,142.9985809326172,142.74404907226562,134.759765625,151.69195556640625,141.94235229492188,132.37594604492188,135.10353088378906,133.23826599121094,130.51075744628906,132.4877471923828,165.93911743164062,155.0382843017578,159.35250854492188,159.31932067871094,163.88702392578125,163.10321044921875,133.7326202392578,152.8846893310547,163.29502868652344,130.65505981445312,155.9371795654297,131.28549194335938,136.2412567138672,165.1901092529297,131.48226928710938,136.21669006347656,136.6014862060547,133.52330017089844,145.68812561035156,137.2256317138672,132.81106567382812,132.77244567871094,132.4315643310547,132.9385528564453,166.05029296875,133.9015655517578,149.21340942382812,159.0268096923828,142.5796356201172,137.2825927734375,161.70082092285156,134.9049072265625,131.6055450439453,163.09356689453125,158.2012481689453,136.50047302246094,135.30043029785156,140.0126953125,134.80062866210938,167.1445770263672,164.35971069335938,163.3985137939453,138.87338256835938,160.7794647216797,131.07411193847656,159.23709106445312,131.81936645507812,130.367919921875,140.55909729003906,159.64817810058594,137.66847229003906,138.5149688720703,139.82977294921875,131.19577026367188,159.92324829101562,145.85716247558594,154.3294219970703,136.21347045898438,143.81591796875,163.54330444335938,133.62403869628906,139.41006469726562,164.3379364013672,164.55455017089844,163.49644470214844,163.2633819580078,157.79782104492188,132.39295959472656,142.25698852539062,132.9541473388672,137.41783142089844,130.7192840576172,132.56272888183594,136.50100708007812,155.31231689453125
82,134.03138732910156,135.40567016601562,155.62672424316406,167.63682556152344,134.52073669433594,131.8270263671875,131.5125274658203,133.6110076904297,132.2454376220703,131.17025756835938,144.36697387695312,133.4873504638672,140.78497314453125,141.5231475830078,136.42999267578125,141.27618408203125,137.16403198242188,133.72560119628906,143.9232940673828,138.8529510498047,133.15037536621094,135.11776733398438,132.51266479492188,130.4139862060547,131.74403381347656,161.5908660888672,155.78573608398438,154.39419555664062,162.54124450683594,167.3217010498047,165.85414123535156,133.07997131347656,151.9251251220703,162.94683837890625,130.39093017578125,158.60198974609375,131.09022521972656,134.8450469970703,163.611083984375,131.37197875976562,135.20269775390625,133.92568969726562,132.11705017089844,139.39271545410156,141.52037048339844,133.7457733154297,131.36666870117188,131.58624267578125,131.7428741455078,167.2535858154297,133.34945678710938,160.98397827148438,152.11056518554688,140.75613403320312,134.3273162841797,162.20701599121094,133.25347900390625,132.54034423828125,160.85971069335938,150.3885040283203,136.191162109375,134.23837280273438,139.68191528320312,133.54495239257812,164.44467163085938,157.46315002441406,161.8304901123047,137.31492614746094,161.62120056152344,132.45901489257812,156.62843322753906,131.92665100097656,130.39500427246094,137.72215270996094,158.1287841796875,137.2389678955078,137.59060668945312,140.1032257080078,131.1846160888672,164.7626953125,144.2388458251953,150.92843627929688,133.40980529785156,152.80490112304688,161.69114685058594,133.17030334472656,140.7190399169922,165.54940795898438,164.80039978027344,164.4779052734375,161.91152954101562,153.3787078857422,132.2631378173828,138.5996551513672,133.8249053955078,135.47134399414062,130.57691955566406,132.3292999267578,135.21205139160156,158.46229553222656
83,133.6742706298828,138.34579467773438,155.80517578125,162.90591430664062,134.12014770507812,131.493408203125,131.94161987304688,132.40594482421875,132.0529022216797,131.45925903320312,141.6730499267578,133.6627655029297,137.16506958007812,142.17404174804688,134.6605987548828,138.41915893554688,137.8813934326172,133.06675720214844,141.6532745361328,137.04656982421875,132.5918426513672,133.40577697753906,131.54351806640625,130.28395080566406,131.1604766845703,154.34654235839844,149.23104858398438,162.28494262695312,156.9833984375,162.0835418701172,157.0646209716797,132.92076110839844,149.9058837890625,167.14463806152344,130.44915771484375,158.53204345703125,131.14598083496094,134.968505859375,158.0869903564453,130.8501739501953,135.28871154785156,133.27305603027344,132.46910095214844,143.0600128173828,133.58033752441406,133.0905303955078,131.90548706054688,131.4912872314453,132.14186096191406,159.7261505126953,132.172607421875,149.04153442382812,149.9794158935547,135.30184936523438,132.80255126953125,169.2548828125,133.25497436523438,131.0655059814453,158.44741821289062,149.1151885986328,135.6973419189453,134.96298217773438,142.54415893554688,133.21554565429688,155.37869262695312,159.44544982910156,158.66580200195312,133.9505615234375,159.8395233154297,131.0675506591797,164.826904296875,131.38766479492188,130.38055419921875,137.54615783691406,160.20858764648438,136.3199920654297,136.31613159179688,139.89207458496094,130.96800231933594,161.29652404785156,143.66734313964844,147.94786071777344,133.1722412109375,148.18064880371094,164.0731201171875,132.84986877441406,138.04522705078125,158.10350036621094,163.14688110351562,164.97279357910156,164.8228759765625,151.9171905517578,132.0790252685547,136.89967346191406,133.41355895996094,135.64292907714844,130.40789794921875,132.02479553222656,134.95651245117188,162.7176055908203
84,134.04701232910156,136.6570281982422,158.71676635742188,163.5149383544922,134.65328979492188,131.8833465576172,131.27374267578125,131.65521240234375,131.6201171875,130.81027221679688,145.16751098632812,132.52491760253906,139.8309783935547,142.35740661621094,135.02035522460938,134.70138549804688,137.0966796875,132.17018127441406,140.98916625976562,135.47113037109375,131.47340393066406,133.34817504882812,131.86737060546875,130.25148010253906,131.35012817382812,156.43247985839844,144.42056274414062,159.08934020996094,159.64260864257812,162.80908203125,152.51930236816406,132.89324951171875,150.91571044921875,165.28884887695312,130.4173126220703,156.12860107421875,130.79322814941406,134.35122680664062,161.58502197265625,130.6329803466797,133.2056427001953,133.01510620117188,131.8197021484375,141.92288208007812,134.20401000976562,132.70140075683594,131.1207733154297,131.58213806152344,132.3558349609375,162.43826293945312,131.92254638671875,152.51930236816406,148.0543212890625,134.7489013671875,133.26971435546875,159.8949737548828,132.1083526611328,130.76121520996094,161.78781127929688,147.54388427734375,133.3441619873047,134.86534118652344,137.98031616210938,134.1543426513672,161.30934143066406,164.7220916748047,163.32177734375,133.0971221923828,157.8721923828125,131.02944946289062,164.29476928710938,131.14625549316406,130.27207946777344,145.98678588867188,161.15151977539062,135.53756713867188,133.76651000976562,137.4740447998047,130.8197479248047,163.273193359375,144.0039825439453,144.9752655029297,132.95437622070312,144.5395965576172,162.3297882080078,132.19337463378906,136.62913513183594,158.0145263671875,161.95361328125,155.39056396484375,164.95053100585938,156.8771514892578,131.1461944580078,134.76190185546875,132.7920379638672,133.927490234375,130.4432830810547,131.0264434814453,133.80673217773438,151.9542236328125
85,133.09869384765625,135.2069854736328,148.88699340820312,166.59432983398438,133.1082000732422,132.32595825195312,131.42156982421875,131.70208740234375,131.56402587890625,130.6276397705078,138.66664123535156,132.53961181640625,136.3836212158203,139.60374450683594,133.0937042236328,135.09902954101562,134.38934326171875,132.1826171875,155.04714965820312,135.2249298095703,131.55503845214844,133.39016723632812,131.4580841064453,130.1671600341797,130.94161987304688,158.47840881347656,142.3850860595703,163.64187622070312,159.50723266601562,160.98336791992188,153.26145935058594,132.55165100097656,146.94390869140625,158.2992706298828,130.35910034179688,155.8200225830078,130.57916259765625,133.7430419921875,163.63311767578125,130.47137451171875,133.36036682128906,131.7162322998047,131.7366943359375,142.2891082763672,132.1892547607422,133.39889526367188,131.17897033691406,131.568359375,131.75680541992188,164.27432250976562,131.71128845214844,141.7277374267578,143.25357055664062,133.95294189453125,132.1466064453125,167.26431274414062,132.0247344970703,130.77296447753906,163.23118591308594,142.3413543701172,134.81529235839844,133.99415588378906,135.8824005126953,132.85171508789062,155.4441680908203,161.80157470703125,163.68125915527344,132.48895263671875,151.18328857421875,131.1321563720703,166.65220642089844,130.72381591796875,130.20608520507812,138.50048828125,162.19454956054688,137.62210083007812,134.0692596435547,138.2065887451172,130.76278686523438,159.92977905273438,143.64381408691406,142.20672607421875,132.38487243652344,142.62705993652344,157.97061157226562,132.33299255371094,136.67050170898438,157.9352264404297,160.60739135742188,163.61703491210938,162.7854461669922,150.25762939453125,131.31153869628906,134.61167907714844,132.68927001953125,133.58798217773438,130.36825561523438,131.02098083496094,133.25001525878906,159.14886474609375
86,133.20278930664062,132.92713928222656,158.77894592285156,161.235595703125,132.4920654296875,132.3894500732422,131.1382598876953,131.40330505371094,131.61209106445312,130.36524963378906,137.08712768554688,132.14486694335938,137.14413452148438,141.71774291992188,133.08445739746094,134.59690856933594,135.72763061523438,131.91322326660156,136.74676513671875,135.2943878173828,131.23861694335938,133.23910522460938,131.1616668701172,130.16250610351562,130.86570739746094,160.69549560546875,142.65829467773438,165.78335571289062,157.2336883544922,165.25228881835938,152.3164520263672,132.80844116210938,145.8940887451172,160.5601806640625,130.21414184570312,155.6998748779297,130.46278381347656,132.80064392089844,168.55679321289062,130.5070037841797,132.85398864746094,131.1630401611328,131.47705078125,142.818603515625,132.50234985351562,131.98916625976562,131.13478088378906,131.64356994628906,131.52162170410156,160.79226684570312,131.5655517578125,143.7939453125,143.74351501464844,134.9214630126953,132.8375701904297,163.90185546875,131.1385498046875,130.752685546875,157.26036071777344,139.57362365722656,132.907958984375,132.7589111328125,134.94247436523438,132.8509063720703,146.2021942138672,164.2241668701172,165.8116455078125,132.92984008789062,152.00408935546875,130.92759704589844,154.44015502929688,130.9731903076172,130.16876220703125,142.9792938232422,157.27830505371094,136.0792236328125,133.17422485351562,135.9570770263672,130.64732360839844,160.96832275390625,146.66294860839844,144.05479431152344,132.50958251953125,142.34889221191406,157.94984436035156,131.56161499023438,136.80482482910156,157.97518920898438,163.51258850097656,158.55722045898438,162.8817901611328,149.59048461914062,131.7676544189453,134.0870819091797,131.9427490234375,132.88279724121094,130.32107543945312,130.92127990722656,132.51632690429688,157.86959838867188
87,132.15562438964844,132.97964477539062,151.3099822998047,163.63894653320312,132.15403747558594,132.9940948486328,131.0104522705078,131.109375,131.44015502929688,130.71029663085938,135.8273162841797,131.4690399169922,135.70225524902344,140.6891326904297,131.61172485351562,134.83363342285156,133.75210571289062,132.75555419921875,135.62918090820312,133.5782928466797,131.34542846679688,133.24948120117188,131.16159057617188,130.12222290039062,130.53013610839844,163.0215301513672,141.5767364501953,157.6002655029297,151.370361328125,167.1416015625,143.62203979492188,132.6210479736328,148.70083618164062,166.33470153808594,130.1557159423828,155.18807983398438,130.4237518310547,132.7507781982422,162.4637908935547,130.6929168701172,132.02719116210938,131.47132873535156,131.03497314453125,139.4582977294922,132.0023956298828,132.50558471679688,131.35787963867188,131.7022705078125,131.46707153320312,157.35877990722656,131.16552734375,141.18247985839844,139.2981719970703,132.9684600830078,131.84812927246094,163.26983642578125,130.94134521484375,130.5042724609375,158.73306274414062,138.44009399414062,132.63690185546875,132.8634490966797,133.8194580078125,132.73695373535156,151.52976989746094,170.5797882080078,157.91343688964844,131.9884490966797,152.48965454101562,131.203369140625,162.8060302734375,130.58872985839844,130.1190185546875,134.70059204101562,157.4609832763672,134.8900146484375,132.62718200683594,132.82945251464844,130.5760040283203,158.44732666015625,141.99557495117188,139.594970703125,131.97740173339844,145.96058654785156,159.9847869873047,132.0399932861328,134.57423400878906,160.02053833007812,158.2764892578125,165.5787353515625,160.11122131347656,148.70384216308594,131.04550170898438,133.0653533935547,131.7595977783203,132.81863403320312,130.3556365966797,130.90371704101562,132.5213623046875,165.62901306152344
88,133.00926208496094,132.8910675048828,150.87660217285156,161.78573608398438,131.831787109375,132.5111846923828,131.2052764892578,131.38107299804688,131.5264892578125,130.3299560546875,137.1100616455078,131.502685546875,134.8529815673828,137.885986328125,131.84324645996094,136.31741333007812,133.40570068359375,131.53981018066406,134.5513153076172,134.0374755859375,130.7947235107422,132.92471313476562,131.0270538330078,130.08489990234375,130.7110137939453,153.74935913085938,138.77224731445312,162.40357971191406,148.5884246826172,164.1357879638672,152.3741912841797,132.52281188964844,145.348388671875,161.5574493408203,130.12490844726562,148.20547485351562,130.36891174316406,132.3974609375,163.11085510253906,130.6942138671875,131.7959747314453,131.53634643554688,131.05520629882812,136.90440368652344,131.35543823242188,131.9485321044922,130.88755798339844,130.84771728515625,131.39610290527344,166.28482055664062,130.97398376464844,139.946044921875,138.73866271972656,133.78660583496094,131.38906860351562,164.2908935546875,130.9239501953125,130.62709045410156,158.6209259033203,137.45640563964844,132.50341796875,132.1883544921875,134.7573699951172,131.6699981689453,152.8854217529297,154.81190490722656,158.5000762939453,131.11346435546875,148.95887756347656,131.12948608398438,157.62396240234375,130.4080810546875,130.0792694091797,134.36131286621094,157.2266387939453,134.30174255371094,131.79806518554688,134.4927520751953,130.5527801513672,154.98373413085938,139.0614013671875,138.0657958984375,132.92369079589844,135.62451171875,151.11843872070312,131.58059692382812,135.16720581054688,157.7310028076172,162.67881774902344,162.97947692871094,167.7790985107422,144.5901336669922,131.09921264648438,133.2389678955078,131.5090789794922,132.61123657226562,130.2064971923828,130.96298217773438,132.39627075195312,154.3788299560547
89,132.142578125,135.47483825683594,143.0208740234375,155.26400756835938,131.3849639892578,132.12115478515625,130.85226440429688,131.02999877929688,131.01829528808594,130.3133087158203,138.2709197998047,131.3150634765625,134.68179321289062,135.65284729003906,131.25949096679688,132.72543334960938,132.17144775390625,131.98294067382812,134.15626525878906,132.2610321044922,130.7526397705078,132.08468627929688,131.14328002929688,130.09835815429688,130.52294921875,148.67684936523438,138.05496215820312,156.30018615722656,142.81985473632812,161.37757873535156,144.6382598876953,131.89244079589844,144.70556640625,162.46234130859375,130.1292266845703,155.88209533691406,130.25592041015625,131.9062042236328,166.89474487304688,130.32864379882812,131.69386291503906,131.04595947265625,131.1642303466797,136.91259765625,131.80569458007812,131.5644989013672,130.79092407226562,131.12498474121094,131.253662109375,163.48080444335938,130.69097900390625,136.54266357421875,142.33155822753906,134.01889038085938,131.13690185546875,160.03782653808594,130.88092041015625,130.60256958007812,152.4225616455078,137.11106872558594,132.15460205078125,132.16949462890625,133.6208038330078,131.7114715576172,143.1691436767578,170.10891723632812,154.48416137695312,131.60205078125,150.1529083251953,130.76235961914062,157.7913360595703,130.24383544921875,130.07000732421875,133.67990112304688,157.75213623046875,136.49249267578125,131.90756225585938,133.3946533203125,130.35354614257812,164.1023712158203,136.6930694580078,138.39511108398438,131.54278564453125,134.1287384033203,148.60855102539062,131.28305053710938,135.51348876953125,156.1524658203125,155.81546020507812,162.6221466064453,162.32650756835938,146.70509338378906,130.84521484375,132.9734344482422,131.6953582763672,132.5651092529297,130.15184020996094,130.71165466308594,132.2360382080078,150.40985107421875
90,132.1192626953125,133.2958221435547,143.28155517578125,156.8726348876953,131.262939453125,131.5361785888672,130.7625732421875,131.1030731201172,130.8860626220703,130.24819946289062,136.78443908691406,130.91624450683594,134.0614471435547,137.48670959472656,131.42800903320312,132.7225341796875,131.4484100341797,131.01742553710938,132.91822814941406,132.14553833007812,130.70278930664062,132.28515625,130.8162384033203,130.06004333496094,130.298828125,150.34616088867188,135.70767211914062,164.05055236816406,145.94784545898438,163.88787841796875,139.4292755126953,131.40496826171875,143.4365692138672,163.32766723632812,130.0720977783203,148.74424743652344,130.26150512695312,132.17807006835938,162.73605346679688,130.2917938232422,131.36781311035156,130.97776794433594,130.84669494628906,133.50152587890625,131.21115112304688,132.4912872314453,130.5280303955078,131.00155639648438,131.9208221435547,156.34317016601562,130.9683074951172,137.98377990722656,137.53128051757812,132.19113159179688,130.84263610839844,169.8668670654297,130.80421447753906,130.35533142089844,160.90480041503906,136.06228637695312,132.19906616210938,132.0891876220703,133.334228515625,131.3804168701172,145.50119018554688,158.82061767578125,159.5069580078125,131.21409606933594,142.5641326904297,130.5780029296875,158.66529846191406,130.2521209716797,130.04212951660156,133.96058654785156,157.37841796875,133.64227294921875,131.7833709716797,132.898193359375,130.36819458007812,151.33168029785156,136.96983337402344,137.01986694335938,131.23306274414062,132.5586395263672,151.34669494628906,130.9598846435547,135.16175842285156,160.5542449951172,155.81443786621094,159.9855194091797,158.20033264160156,144.48280334472656,130.95375061035156,132.70069885253906,131.3110809326172,131.53199768066406,130.1458282470703,130.78448486328125,132.8534393310547,141.06015014648438
91,132.49790954589844,132.7805938720703,143.6942596435547,162.70323181152344,131.37522888183594,131.38616943359375,130.6000518798828,130.9390106201172,130.73370361328125,130.25662231445312,134.7559356689453,130.88365173339844,134.91195678710938,136.2341766357422,131.29995727539062,132.8926544189453,131.99595642089844,131.32839965820312,132.10714721679688,132.8286590576172,130.663818359375,132.17698669433594,130.8515167236328,130.0545196533203,130.39932250976562,147.99667358398438,134.0188751220703,167.52005004882812,145.6695556640625,161.39346313476562,136.99937438964844,131.48475646972656,143.16204833984375,163.38809204101562,130.0587615966797,146.65586853027344,130.1886444091797,132.53128051757812,160.60069274902344,130.2731475830078,131.22412109375,130.6690216064453,130.7639617919922,133.24172973632812,130.91871643066406,131.7668914794922,130.5686492919922,130.7784423828125,131.1626739501953,156.7285614013672,130.4005126953125,136.10296630859375,135.7836151123047,132.46693420410156,130.74661254882812,163.93035888671875,130.45310974121094,130.3773956298828,166.13792419433594,139.13507080078125,131.65509033203125,132.07557678222656,132.42710876464844,131.43679809570312,148.03460693359375,160.31690979003906,155.8024139404297,130.95169067382812,140.98524475097656,130.67613220214844,163.2610626220703,130.20709228515625,130.0096893310547,132.905517578125,151.02749633789062,132.00282287597656,131.84938049316406,132.05979919433594,130.25653076171875,148.75119018554688,134.96372985839844,139.9413604736328,130.9339599609375,132.57232666015625,142.5364532470703,131.30404663085938,137.24549865722656,156.30618286132812,155.712890625,168.85955810546875,164.68417358398438,140.79135131835938,130.6411590576172,132.13905334472656,131.42344665527344,131.82164001464844,130.1243438720703,130.54490661621094,132.18345642089844,141.65634155273438
92,132.65650939941406,132.5055389404297,140.38204956054688,157.508544921875,130.8542938232422,131.13442993164062,130.5080108642578,131.34091186523438,130.8680419921875,130.1278533935547,134.3992919921875,131.00091552734375,135.26559448242188,133.26707458496094,131.2633056640625,132.7172088623047,131.41392517089844,130.93161010742188,131.92431640625,132.69166564941406,130.6746063232422,132.09165954589844,130.599853515625,130.06639099121094,130.3520965576172,148.41526794433594,133.34153747558594,157.04852294921875,139.5791473388672,161.34046936035156,135.82730102539062,131.5335693359375,142.23910522460938,162.41224670410156,130.02783203125,148.78378295898438,130.14605712890625,133.72630310058594,161.7491455078125,130.28631591796875,131.09463500976562,131.21270751953125,130.5402069091797,133.5271759033203,130.6647491455078,131.3172607421875,130.39283752441406,130.56565856933594,131.0259246826172,154.1315155029297,130.5466766357422,135.59754943847656,134.84765625,131.63397216796875,130.86672973632812,159.29898071289062,130.443115234375,130.3305206298828,153.54795837402344,135.1721649169922,131.59474182128906,131.71926879882812,132.8101806640625,131.3065643310547,142.52719116210938,153.09780883789062,154.82400512695312,130.9208984375,139.20152282714844,130.76171875,163.7459259033203,130.19680786132812,129.99253845214844,133.232666015625,155.46495056152344,131.7645263671875,131.17520141601562,131.29861450195312,130.22540283203125,148.00946044921875,134.68702697753906,136.31405639648438,130.95965576171875,131.99234008789062,147.71292114257812,130.8765106201172,136.11691284179688,162.50779724121094,154.2190399169922,156.24569702148438,166.11572265625,139.60679626464844,130.53257751464844,132.7944793701172,131.7967529296875,131.9366912841797,130.09312438964844,130.44664001464844,131.85836791992188,140.0027313232422
93,132.16062927246094,131.83595275878906,137.22012329101562,158.6268310546875,130.79074096679688,130.67031860351562,130.34010314941406,130.9464569091797,130.65426635742188,130.1477813720703,133.7755584716797,130.90774536132812,134.79647827148438,132.51626586914062,131.07398986816406,132.18704223632812,131.13560485839844,130.52676391601562,131.7932891845703,132.19772338867188,130.7775421142578,131.65182495117188,130.5395050048828,130.0414276123047,130.2372283935547,144.29747009277344,132.94705200195312,154.965087890625,137.78712463378906,161.607177734375,134.76998901367188,131.3428192138672,145.1646728515625,154.9363250732422,130.02877807617188,150.03944396972656,130.119384765625,132.16705322265625,160.81800842285156,130.2265167236328,130.71888732910156,130.94186401367188,130.47113037109375,132.84542846679688,130.85992431640625,131.1046600341797,130.3471221923828,130.53111267089844,131.76629638671875,155.77919006347656,130.34481811523438,136.48495483398438,135.34156799316406,132.00148010253906,130.7196502685547,158.05885314941406,130.51296997070312,130.22328186035156,155.36962890625,134.465087890625,131.59735107421875,132.0156707763672,131.77992248535156,131.3745574951172,139.1334991455078,155.4376678466797,149.67872619628906,130.7480926513672,137.6888885498047,130.42369079589844,153.10157775878906,130.12051391601562,129.99253845214844,132.18695068359375,162.80052185058594,132.33319091796875,131.0644989013672,131.19384765625,130.17977905273438,141.86343383789062,133.42263793945312,136.06591796875,131.2980194091797,131.22576904296875,143.08090209960938,130.83177185058594,135.9537353515625,162.552001953125,150.74583435058594,158.98233032226562,157.05459594726562,137.0932159423828,130.52731323242188,132.37254333496094,131.58888244628906,132.36190795898438,130.09463500976562,130.39779663085938,132.14845275878906,141.76998901367188
94,131.8573760986328,131.3994140625,135.44505310058594,158.2373046875,130.5891571044922,130.95494079589844,130.33460998535156,130.68515014648438,130.6607208251953,130.0970458984375,133.0841522216797,130.9114532470703,134.17330932617188,131.96849060058594,130.7969970703125,132.07530212402344,130.8346405029297,130.5419464111328,131.9324951171875,132.40280151367188,130.43490600585938,131.348388671875,130.48477172851562,130.0533447265625,130.26901245117188,141.8027801513672,132.86410522460938,157.06784057617188,135.66256713867188,162.60423278808594,134.60040283203125,131.0528564453125,138.19012451171875,153.63125610351562,130.02186584472656,143.8048553466797,130.11660766601562,133.35589599609375,163.3721466064453,130.1027374267578,130.7493133544922,130.53138732910156,130.26560974121094,132.42039489746094,130.6657257080078,131.33921813964844,130.3027801513672,130.49737548828125,130.77084350585938,147.943603515625,130.38433837890625,134.46400451660156,133.6361846923828,131.24008178710938,130.4871826171875,164.63595581054688,130.40354919433594,130.21450805664062,145.52511596679688,134.153076171875,131.69186401367188,131.7525634765625,131.40347290039062,131.59756469726562,138.90895080566406,146.22463989257812,158.49847412109375,130.65708923339844,140.40318298339844,130.34788513183594,155.5607452392578,130.10818481445312,129.96913146972656,133.19635009765625,153.74378967285156,131.7838897705078,130.87033081054688,130.99295043945312,130.14810180664062,142.62477111816406,133.51712036132812,135.3275146484375,131.08773803710938,130.9943084716797,144.0767822265625,130.7139892578125,136.61471557617188,160.15110778808594,149.40106201171875,160.55226135253906,166.4273223876953,135.8136444091797,130.43775939941406,131.47052001953125,131.17184448242188,131.96971130371094,130.05828857421875,130.3402862548828,131.52430725097656,136.10023498535156
95,131.99375915527344,131.22706604003906,136.0213623046875,158.22019958496094,130.60235595703125,130.48422241210938,130.37437438964844,130.72061157226562,130.50611877441406,130.09024047851562,132.02345275878906,130.55245971679688,133.58340454101562,131.89706420898438,130.79476928710938,131.91668701171875,130.5576934814453,130.5310516357422,131.75328063964844,132.46165466308594,130.3295440673828,130.9574737548828,130.35751342773438,130.03564453125,130.20840454101562,140.52532958984375,132.2452392578125,155.8542938232422,133.36744689941406,157.37042236328125,132.94406127929688,130.98402404785156,136.28758239746094,152.18325805664062,129.99642944335938,141.4703369140625,130.06784057617188,134.39039611816406,163.3229522705078,130.12606811523438,130.6873016357422,130.60494995117188,130.31204223632812,133.0257110595703,130.46246337890625,130.9139862060547,130.3063507080078,130.45404052734375,130.9932098388672,148.50955200195312,130.59002685546875,134.1489715576172,133.64035034179688,131.77967834472656,130.45913696289062,154.2265625,130.32748413085938,130.1757049560547,148.1367645263672,136.34068298339844,131.5913543701172,131.60972595214844,131.83677673339844,131.0900115966797,135.8067626953125,146.76446533203125,150.30477905273438,130.4633026123047,135.0316619873047,130.37664794921875,146.71046447753906,130.0537567138672,129.9601287841797,133.33460998535156,147.43209838867188,132.4310760498047,130.88621520996094,131.33131408691406,130.1645965576172,141.1295623779297,132.40869140625,135.7740478515625,130.76742553710938,131.1685791015625,138.62181091308594,130.5145721435547,135.18479919433594,154.93264770507812,145.27462768554688,154.32472229003906,167.04983520507812,135.81405639648438,130.3621063232422,131.49081420898438,130.92779541015625,131.3937225341797,130.0436553955078,130.32156372070312,131.4039306640625,136.97581481933594
96,131.75039672851562,131.54515075683594,134.73951721191406,158.7313995361328,130.6837158203125,130.47103881835938,130.2556915283203,130.75730895996094,130.47213745117188,130.0711212158203,131.73843383789062,130.5589141845703,134.02113342285156,131.47059631347656,130.76156616210938,131.39173889160156,130.45152282714844,130.4562225341797,131.03634643554688,131.75088500976562,130.2671356201172,130.8538055419922,130.36279296875,130.00608825683594,130.1439666748047,139.18858337402344,131.75637817382812,160.09384155273438,133.681396484375,164.9687042236328,132.8365020751953,130.97901916503906,139.8894805908203,146.41900634765625,130.00599670410156,137.745849609375,130.05567932128906,132.21742248535156,161.7384796142578,130.0708770751953,130.67807006835938,130.43310546875,130.170166015625,131.81967163085938,130.58877563476562,131.09117126464844,130.1767120361328,130.4287109375,130.843505859375,147.37274169921875,130.27818298339844,133.60787963867188,132.76852416992188,130.98275756835938,130.42274475097656,150.5183563232422,130.26246643066406,130.1432342529297,153.5353546142578,133.34970092773438,131.17994689941406,132.15863037109375,131.6428680419922,131.0303192138672,135.67330932617188,145.20428466796875,147.91831970214844,130.49806213378906,135.83287048339844,130.3038330078125,150.08815002441406,130.0433349609375,129.96141052246094,131.8046417236328,146.52218627929688,131.56898498535156,130.73391723632812,130.77061462402344,130.11337280273438,140.74380493164062,133.34901428222656,134.54696655273438,130.61827087402344,131.0355682373047,135.25531005859375,130.49746704101562,133.85531616210938,158.66937255859375,148.43736267089844,155.52511596679688,168.475830078125,135.05067443847656,130.2564239501953,131.88082885742188,130.7573699951172,131.534912109375,130.04312133789062,130.3256072998047,130.76687622070312,135.02000427246094
97,131.576904296875,131.38795471191406,134.2414093017578,160.03306579589844,130.3724365234375,130.40753173828125,130.20144653320312,130.72756958007812,130.46998596191406,130.0616455078125,131.32872009277344,130.58277893066406,132.82015991210938,131.63186645507812,130.8323974609375,131.06417846679688,130.48374938964844,130.42726135253906,131.01597595214844,131.27615356445312,130.17921447753906,131.07000732421875,130.37965393066406,130.00624084472656,130.1137237548828,138.6013946533203,131.9772491455078,151.13381958007812,132.05662536621094,155.59951782226562,132.92140197753906,130.82032775878906,134.20887756347656,151.28297424316406,129.977294921875,138.06361389160156,130.0657501220703,133.13592529296875,161.77928161621094,130.03736877441406,130.41677856445312,130.41014099121094,130.1861572265625,131.14495849609375,130.4989776611328,130.7156524658203,130.25856018066406,130.3743438720703,130.60093688964844,153.028564453125,130.25192260742188,132.03524780273438,132.28179931640625,131.0406951904297,130.50099182128906,145.33836364746094,130.16146850585938,130.16204833984375,151.90663146972656,132.7196044921875,131.23561096191406,131.65541076660156,131.34165954589844,131.01922607421875,138.33087158203125,139.7633819580078,147.55848693847656,130.44332885742188,133.53765869140625,130.26358032226562,140.80259704589844,130.0355987548828,129.94635009765625,131.41773986816406,143.5261688232422,131.17791748046875,130.56617736816406,130.87750244140625,130.09657287597656,139.5025177001953,132.22412109375,138.61270141601562,130.6381072998047,130.6031494140625,134.4118194580078,130.40158081054688,132.88693237304688,159.19435119628906,146.38519287109375,157.98399353027344,158.577880859375,135.0659942626953,130.27191162109375,131.0535125732422,131.1015167236328,131.16064453125,130.06849670410156,130.23101806640625,130.95799255371094,135.94625854492188
98,131.0545196533203,131.1781768798828,134.01475524902344,158.1958465576172,130.48252868652344,130.31765747070312,130.2036590576172,130.6232452392578,130.43466186523438,130.02931213378906,131.26852416992188,130.57579040527344,132.20785522460938,131.41329956054688,130.73330688476562,130.77301025390625,130.38031005859375,130.4171905517578,131.11776733398438,131.31817626953125,130.1470489501953,130.6826629638672,130.26327514648438,130.00064086914062,130.12884521484375,138.37278747558594,132.51223754882812,157.799072265625,132.03871154785156,155.1688995361328,131.69569396972656,130.72325134277344,133.9515380859375,143.66896057128906,129.9709930419922,135.57391357421875,130.03182983398438,133.2001953125,166.15391540527344,130.05714416503906,130.4352264404297,130.19325256347656,130.11488342285156,131.5686798095703,130.45394897460938,130.82061767578125,130.17181396484375,130.3338623046875,130.5703887939453,152.35446166992188,130.19444274902344,131.33218383789062,132.46128845214844,131.006591796875,130.4064483642578,145.5177764892578,130.17156982421875,130.0895233154297,149.22650146484375,132.16891479492188,131.1851348876953,131.56358337402344,131.4971923828125,130.9052734375,134.23065185546875,140.26980590820312,151.45321655273438,130.4152374267578,133.6825408935547,130.2356414794922,140.41384887695312,130.049072265625,129.94854736328125,131.331787109375,146.5587158203125,131.00405883789062,130.523681640625,130.98204040527344,130.06564331054688,137.54803466796875,131.34210205078125,134.26898193359375,130.74562072753906,130.50160217285156,135.25479125976562,130.3890380859375,132.48863220214844,150.70486450195312,144.9143829345703,150.68572998046875,155.3043670654297,133.5875244140625,130.2543487548828,131.23220825195312,130.703125,131.15089416503906,130.02780151367188,130.22390747070312,131.15843200683594,136.02268981933594
99,130.7358856201172,131.02723693847656,132.63784790039062,150.49200439453125,130.2931671142578,130.2465057373047,130.1656951904297,130.46682739257812,130.3811798095703,130.02655029296875,131.0784149169922,130.48570251464844,131.82496643066406,131.41232299804688,130.52919006347656,131.05580139160156,130.3174591064453,130.37315368652344,131.24288940429688,131.264404296875,130.13645935058594,130.762451171875,130.30296325683594,129.99481201171875,130.07196044921875,138.7578887939453,131.48764038085938,157.3053436279297,132.214111328125,152.44947814941406,131.59307861328125,130.6961212158203,134.5342254638672,144.3135528564453,129.97750854492188,138.8605194091797,130.0045623779297,131.88917541503906,159.89947509765625,130.0159149169922,130.3321075439453,130.1824493408203,130.11195373535156,130.90013122558594,130.38003540039062,130.73284912109375,130.19039916992188,130.24420166015625,130.5116729736328,147.31773376464844,130.1837158203125,131.3020782470703,132.29110717773438,130.7119598388672,130.31912231445312,149.69424438476562,130.17575073242188,130.114990234375,146.88084411621094,131.66673278808594,131.4352569580078,131.7703094482422,130.9802703857422,130.7793426513672,132.63241577148438,141.09820556640625,146.6508331298828,130.27854919433594,132.7628936767578,130.26695251464844,137.22836303710938,130.01266479492188,129.9370880126953,131.54261779785156,141.80191040039062,130.87606811523438,130.44064331054688,130.83741760253906,130.06314086914062,136.40567016601562,131.4560546875,134.0962371826172,130.4766845703125,130.49606323242188,136.20042419433594,130.2977294921875,131.69126892089844,153.5636444091797,139.5069580078125,145.64749145507812,149.59495544433594,133.64283752441406,130.18495178222656,130.84974670410156,130.6680145263672,130.84910583496094,130.0298309326172,130.20309448242188,131.0127716064453,134.51144409179688
100,130.84579467773438,130.9075927734375,131.9966278076172,151.2918701171875,130.33660888671875,130.19381713867188,130.14207458496094,130.47723388671875,130.38238525390625,130.02017211914062,130.8701934814453,130.49952697753906,131.6011505126953,131.01316833496094,130.54248046875,130.71861267089844,130.3952178955078,130.1785888671875,131.01710510253906,131.74343872070312,130.1323699951172,130.59783935546875,130.2811279296875,130.00497436523438,130.0658721923828,135.9654541015625,131.18580627441406,155.2701873779297,131.43014526367188,149.7961883544922,131.18740844726562,130.6689910888672,133.0182647705078,140.45054626464844,129.95755004882812,138.8827667236328,130.02357482910156,131.67808532714844,158.89019775390625,129.98898315429688,130.31846618652344,130.13917541503906,130.0377960205078,131.1645965576172,130.27366638183594,130.5513916015625,130.1094970703125,130.2451934814453,130.4517364501953,140.95904541015625,130.1080780029297,130.994384765625,132.07919311523438,130.67822265625,130.19615173339844,158.50482177734375,130.0970001220703,130.06361389160156,141.8778839111328,131.3196258544922,131.32748413085938,131.6766815185547,130.92218017578125,130.59413146972656,132.35479736328125,138.68734741210938,148.07659912109375,130.24908447265625,133.09246826171875,130.18765258789062,142.42727661132812,129.98114013671875,129.93507385253906,131.0250701904297,142.50784301757812,130.92160034179688,130.45089721679688,130.51339721679688,130.04251098632812,135.28990173339844,131.3087158203125,133.2068328857422,130.45230102539062,130.44332885742188,134.2384796142578,130.2139434814453,131.41616821289062,152.6171112060547,136.84921264648438,142.421630859375,142.8434600830078,132.68771362304688,130.13182067871094,130.95755004882812,130.5531463623047,130.8365936279297,130.00755310058594,130.19888305664062,130.78701782226562,133.44189453125
101,130.80239868164062,130.56341552734375,131.61282348632812,150.90167236328125,130.17333984375,130.20584106445312,130.12208557128906,130.30247497558594,130.3181610107422,130.01866149902344,131.02462768554688,130.33209228515625,131.81338500976562,130.6939697265625,130.47036743164062,130.4768524169922,130.36248779296875,130.1533966064453,130.79885864257812,131.64027404785156,130.08570861816406,130.50604248046875,130.2540740966797,129.9874267578125,130.0329132080078,137.06695556640625,131.06768798828125,154.63409423828125,131.38697814941406,144.38633728027344,131.41688537597656,130.65902709960938,134.08953857421875,137.90809631347656,129.94741821289062,133.84402465820312,130.01284790039062,131.30206298828125,164.69317626953125,130.00877380371094,130.2473602294922,130.07920837402344,130.0381622314453,131.10733032226562,130.2716064453125,130.49839782714844,130.08888244628906,130.21026611328125,130.36944580078125,137.59153747558594,130.09080505371094,130.9076690673828,131.65440368652344,130.78140258789062,130.1859893798828,146.03021240234375,130.12364196777344,130.0739288330078,141.40391540527344,131.09219360351562,130.7096710205078,131.604736328125,130.83494567871094,130.53343200683594,132.9413604736328,140.5237579345703,152.05337524414062,130.1936798095703,131.6748046875,130.15335083007812,138.9432830810547,129.99234008789062,129.92584228515625,131.1537628173828,138.0364227294922,130.70645141601562,130.3728790283203,130.5479736328125,130.0269775390625,137.15748596191406,131.83314514160156,133.08978271484375,130.44789123535156,130.380615234375,134.50299072265625,130.1807403564453,131.71432495117188,142.7574920654297,136.2869110107422,146.99490356445312,147.95132446289062,133.25511169433594,130.0921630859375,130.72291564941406,130.4311065673828,130.82553100585938,129.9988555908203,130.19361877441406,130.62954711914062,134.72962951660156
102,130.53370666503906,130.4616241455078,131.6503143310547,146.40518188476562,130.15869140625,130.10350036621094,130.10023498535156,130.34478759765625,130.349365234375,130.01893615722656,130.67108154296875,130.43406677246094,131.57627868652344,130.74000549316406,130.44752502441406,130.45159912109375,130.29835510253906,130.1643524169922,130.83465576171875,131.0400390625,130.08999633789062,130.57748413085938,130.18418884277344,129.9857635498047,130.03697204589844,138.36097717285156,130.88116455078125,150.75482177734375,131.53102111816406,145.61941528320312,130.8275604248047,130.66319274902344,132.86642456054688,136.26889038085938,129.9455108642578,135.15048217773438,129.99986267089844,131.178955078125,160.01681518554688,129.98092651367188,130.1415557861328,130.09231567382812,130.04098510742188,130.9781036376953,130.22369384765625,130.48849487304688,130.07168579101562,130.20675659179688,130.34088134765625,138.97943115234375,130.0774688720703,130.74465942382812,131.64173889160156,130.66798400878906,130.23204040527344,151.1049346923828,130.09060668945312,130.02789306640625,136.39852905273438,130.85946655273438,130.7248077392578,131.33856201171875,130.88177490234375,130.50914001464844,131.6864776611328,137.50115966796875,146.9255828857422,130.20834350585938,131.90696716308594,130.13328552246094,137.3954620361328,129.9782257080078,129.9232940673828,130.9937744140625,135.22195434570312,130.86599731445312,130.3724365234375,130.5240936279297,130.01657104492188,133.36444091796875,131.0855712890625,132.20790100097656,130.39356994628906,130.3212127685547,133.0365447998047,130.20106506347656,130.9345703125,144.05157470703125,135.4053955078125,143.75302124023438,140.98992919921875,131.7919464111328,130.0834503173828,130.66537475585938,130.4036102294922,130.65663146972656,130.01368713378906,130.1588897705078,130.58541870117188,133.5054168701172
103,130.52198791503906,130.47865295410156,131.65357971191406,144.64242553710938,130.14364624023438,130.0637969970703,130.09754943847656,130.29119873046875,130.31094360351562,130.00900268554688,130.78103637695312,130.46095275878906,131.7227020263672,130.876220703125,130.4179229736328,130.34402465820312,130.2045135498047,130.1374053955078,130.72935485839844,131.5367889404297,130.061279296875,130.43246459960938,130.2062530517578,129.97760009765625,130.01730346679688,135.21656799316406,130.73873901367188,156.04100036621094,131.0819549560547,145.32215881347656,130.73487854003906,130.63662719726562,132.72276306152344,135.373779296875,129.94154357910156,132.6464080810547,129.988037109375,131.13563537597656,156.03146362304688,129.97103881835938,130.0911102294922,130.09877014160156,129.99838256835938,130.89236450195312,130.1910400390625,130.39706420898438,130.0636444091797,130.19161987304688,130.3385009765625,137.0334930419922,130.0554962158203,130.52926635742188,131.4088897705078,130.47616577148438,130.1615447998047,144.36099243164062,130.1039581298828,130.00778198242188,139.97247314453125,131.09368896484375,130.5371551513672,131.31381225585938,130.77227783203125,130.47540283203125,131.2320098876953,133.81109619140625,146.2984161376953,130.10537719726562,131.189208984375,130.09640502929688,136.2348175048828,129.95066833496094,129.92051696777344,130.99429321289062,138.51055908203125,130.69281005859375,130.40635681152344,130.30624389648438,130.0084686279297,136.22885131835938,130.83383178710938,132.3466033935547,130.32325744628906,130.31700134277344,133.0096435546875,130.1373748779297,130.8428955078125,144.04403686523438,133.57110595703125,140.9302520751953,143.56039428710938,131.98928833007812,130.09214782714844,130.53387451171875,130.35757446289062,130.5185089111328,129.9897918701172,130.1313018798828,130.86927795410156,133.23171997070312
104,130.38255310058594,130.34335327148438,131.46075439453125,140.4772491455078,130.07168579101562,130.03695678710938,130.06524658203125,130.23609924316406,130.28668212890625,130.00181579589844,130.89857482910156,130.5329132080078,131.28749084472656,130.6163787841797,130.34274291992188,130.35922241210938,130.2303466796875,130.06716918945312,130.6499786376953,130.9576873779297,130.06800842285156,130.37530517578125,130.12350463867188,129.97430419921875,129.99807739257812,134.15846252441406,130.9231414794922,155.15261840820312,131.12515258789062,140.57911682128906,130.46641540527344,130.5513458251953,134.6260223388672,133.65518188476562,129.9348907470703,133.6601104736328,129.9821014404297,131.049072265625,156.61036682128906,129.94760131835938,130.09886169433594,130.06912231445312,130.00189208984375,131.0673370361328,130.15907287597656,130.38348388671875,130.0390167236328,130.19911193847656,130.26605224609375,135.8905792236328,130.01194763183594,130.54283142089844,131.07254028320312,130.47610473632812,130.1151123046875,144.07298278808594,130.13665771484375,129.99574279785156,135.91915893554688,130.88128662109375,130.53378295898438,131.2458038330078,130.7762908935547,130.45797729492188,130.9714813232422,135.88343811035156,146.15249633789062,130.08062744140625,131.43692016601562,130.0855712890625,136.08761596679688,129.93942260742188,129.91941833496094,131.25631713867188,137.2206268310547,130.74618530273438,130.28390502929688,130.26361083984375,130.01483154296875,132.6771697998047,130.76258850097656,131.6176300048828,130.2876434326172,130.4511260986328,132.41970825195312,130.14857482910156,131.1377716064453,143.31857299804688,133.35865783691406,143.14535522460938,141.5493927001953,131.43927001953125,130.0619659423828,130.36732482910156,130.46693420410156,130.4902801513672,129.9910125732422,130.11251831054688,130.58517456054688,133.17958068847656
105,130.408935546875,130.3821563720703,131.23887634277344,136.27503967285156,130.0659942626953,130.09242248535156,130.07122802734375,130.13235473632812,130.25767517089844,130.00128173828125,130.6276092529297,130.31802368164062,130.96234130859375,130.4879150390625,130.3411865234375,130.34750366210938,130.13360595703125,130.0690460205078,130.52597045898438,130.94309997558594,130.02035522460938,130.32533264160156,130.10586547851562,129.97427368164062,129.99195861816406,133.60641479492188,130.5424041748047,156.27879333496094,130.71751403808594,143.6389923095703,130.465576171875,130.54251098632812,133.25860595703125,134.92550659179688,129.9341583251953,132.2138214111328,129.97630310058594,131.5409393310547,157.34304809570312,129.94418334960938,130.10037231445312,130.06369018554688,130.010986328125,131.0975799560547,130.13320922851562,130.34756469726562,130.03533935546875,130.16787719726562,130.27894592285156,134.31097412109375,130.02255249023438,130.4765167236328,131.08538818359375,130.48199462890625,130.1265411376953,141.288330078125,130.1314239501953,129.99066162109375,135.03854370117188,130.521728515625,130.54542541503906,131.2144775390625,130.6393585205078,130.3815460205078,131.14089965820312,135.12355041503906,147.11709594726562,130.0222625732422,130.93490600585938,130.04531860351562,134.6719970703125,129.94384765625,129.9191131591797,130.75660705566406,140.79306030273438,130.58201599121094,130.24786376953125,130.34320068359375,129.99562072753906,131.9914093017578,130.73483276367188,131.90219116210938,130.30661010742188,130.41067504882812,132.381591796875,130.126220703125,131.6475830078125,143.6559295654297,133.39146423339844,136.78659057617188,138.1641082763672,131.2415771484375,130.0960235595703,130.3418731689453,130.3570098876953,130.51226806640625,129.9826202392578,130.0980224609375,130.7513427734375,133.34829711914062
106,130.35997009277344,130.24395751953125,130.97198486328125,135.6571502685547,130.0364990234375,130.0499267578125,130.0535888671875,130.12979125976562,130.2227020263672,129.99595642089844,130.4644317626953,130.22225952148438,130.84461975097656,130.59033203125,130.29525756835938,130.30117797851562,130.0911102294922,130.037841796875,130.2910919189453,130.79005432128906,130.02032470703125,130.33551025390625,130.04708862304688,129.97532653808594,129.9817657470703,133.1517791748047,130.3535919189453,153.50680541992188,130.7025604248047,140.76914978027344,130.36167907714844,130.5536346435547,131.71157836914062,137.6589813232422,129.92718505859375,131.880615234375,129.97174072265625,131.33619689941406,159.9788360595703,129.92678833007812,130.07815551757812,130.03701782226562,129.98110961914062,130.5315399169922,130.14515686035156,130.3400115966797,130.01470947265625,130.1470489501953,130.25570678710938,133.59439086914062,130.00894165039062,130.2940216064453,131.15884399414062,130.5766143798828,130.107666015625,146.1781463623047,130.27085876464844,129.96328735351562,136.27403259277344,130.5099639892578,130.6766357421875,131.1925506591797,130.6682586669922,130.37974548339844,130.96278381347656,134.4479522705078,144.12088012695312,130.02627563476562,131.08078002929688,130.0432891845703,135.9283905029297,129.92572021484375,129.91868591308594,130.80569458007812,137.8809051513672,130.6063690185547,130.1729736328125,130.33926391601562,129.9832763671875,131.9166717529297,130.52247619628906,131.7261962890625,130.30606079101562,130.25790405273438,131.92713928222656,130.1262969970703,131.0522918701172,138.4178924560547,132.69241333007812,135.35838317871094,136.6168212890625,131.4005889892578,130.06591796875,130.36427307128906,130.32225036621094,130.52871704101562,129.97119140625,130.0937957763672,130.4652557373047,131.66790771484375
107,130.31944274902344,130.24749755859375,130.9535369873047,134.94960021972656,130.02957153320312,130.00457763671875,130.04896545410156,130.0966796875,130.23358154296875,129.99205017089844,130.36691284179688,130.31466674804688,130.67221069335938,130.50930786132812,130.24232482910156,130.2915496826172,130.11697387695312,130.01776123046875,130.29052734375,130.50570678710938,130.0104522705078,130.281005859375,130.0763702392578,129.97305297851562,129.9830322265625,132.5888214111328,130.3173370361328,150.30477905273438,130.4921875,135.85459899902344,130.53196716308594,130.57664489746094,131.3702392578125,135.29905700683594,129.92257690429688,132.8638916015625,129.9600372314453,131.027587890625,160.73098754882812,129.9252471923828,130.0170440673828,130.00262451171875,129.95631408691406,130.4186553955078,130.11068725585938,130.2953643798828,130.00355529785156,130.13861083984375,130.24388122558594,132.31451416015625,130.0,130.2802734375,131.2078399658203,130.39117431640625,130.06285095214844,136.983154296875,130.21229553222656,129.98605346679688,137.0970001220703,130.3085479736328,130.4434051513672,131.19395446777344,130.6078643798828,130.3111572265625,130.93212890625,132.7592315673828,147.12020874023438,130.0146484375,131.0816650390625,130.01292419433594,134.15516662597656,129.9240264892578,129.9172821044922,130.61947631835938,134.79103088378906,130.45118713378906,130.2127227783203,130.323974609375,129.9871826171875,132.94813537597656,130.3732452392578,131.83987426757812,130.2845001220703,130.28094482421875,131.86688232421875,130.0978546142578,130.85214233398438,140.90017700195312,131.93365478515625,137.4428253173828,137.4609832763672,131.2864227294922,130.06492614746094,130.28663635253906,130.24142456054688,130.3934783935547,129.97280883789062,130.08026123046875,130.44419860839844,132.17210388183594
108,130.2950897216797,130.20823669433594,130.94805908203125,134.26754760742188,130.0377655029297,129.99488830566406,130.0409393310547,130.08242797851562,130.20631408691406,129.9912872314453,130.3861541748047,130.28680419921875,130.74571228027344,130.5967559814453,130.21939086914062,130.2717742919922,130.06752014160156,130.01268005371094,130.26930236816406,130.45306396484375,129.99090576171875,130.2742156982422,130.02392578125,129.9679412841797,129.96719360351562,132.15927124023438,130.39739990234375,150.663818359375,130.41497802734375,137.818115234375,130.22833251953125,130.54371643066406,131.23500061035156,133.36566162109375,129.9183807373047,131.1414794921875,129.96018981933594,130.87391662597656,159.5234832763672,129.9297332763672,130.0148468017578,130.0042724609375,129.95709228515625,130.64051818847656,130.16622924804688,130.30584716796875,129.9907989501953,130.1320037841797,130.22360229492188,133.7294921875,129.98947143554688,130.28811645507812,130.83201599121094,130.24331665039062,130.03587341308594,135.03086853027344,130.18003845214844,129.96629333496094,136.03628540039062,130.31333923339844,130.44558715820312,131.1568603515625,130.63156127929688,130.28370666503906,130.62757873535156,133.48330688476562,145.672607421875,129.98052978515625,131.22735595703125,130.03262329101562,133.11517333984375,129.91973876953125,129.91232299804688,130.57559204101562,135.19468688964844,130.40899658203125,130.14419555664062,130.28903198242188,129.98155212402344,131.7410125732422,130.28968811035156,131.5407257080078,130.21072387695312,130.216796875,131.15652465820312,130.07740783691406,130.71290588378906,138.43875122070312,132.15379333496094,135.7558135986328,135.99771118164062,131.41012573242188,130.0406951904297,130.14378356933594,130.24884033203125,130.34176635742188,129.9729461669922,130.0775146484375,130.43505859375,131.70053100585938
109,130.21156311035156,130.20892333984375,130.55233764648438,133.6721649169922,130.02301025390625,129.9911651611328,130.03309631347656,130.0890655517578,130.20108032226562,129.99038696289062,130.29385375976562,130.27598571777344,130.59970092773438,130.47743225097656,130.2003936767578,130.28074645996094,130.08795166015625,129.98731994628906,130.2277374267578,130.36264038085938,129.97622680664062,130.2633056640625,130.00003051757812,129.96884155273438,129.95835876464844,132.67208862304688,130.3355255126953,152.91012573242188,130.23475646972656,136.9741973876953,130.19580078125,130.5167236328125,130.90882873535156,133.2987518310547,129.91786193847656,131.4641571044922,129.9581756591797,131.05995178222656,157.82337951660156,129.9178924560547,130.00875854492188,129.988037109375,129.93814086914062,130.3174285888672,130.0993194580078,130.28692626953125,129.98773193359375,130.11984252929688,130.18948364257812,132.6955108642578,129.97657775878906,130.2316436767578,130.83729553222656,130.27703857421875,130.02769470214844,137.7377471923828,130.17127990722656,129.97042846679688,135.95559692382812,130.2963104248047,130.350830078125,131.09121704101562,130.62281799316406,130.2631072998047,130.62208557128906,132.29879760742188,146.2360076904297,129.98023986816406,130.8349151611328,130.00254821777344,132.6654510498047,129.92127990722656,129.9112091064453,130.51686096191406,133.77822875976562,130.37876892089844,130.1156768798828,130.1911163330078,129.97332763671875,132.05740356445312,130.1919708251953,130.89382934570312,130.19078063964844,130.22474670410156,131.32785034179688,130.06631469726562,130.524658203125,138.84048461914062,132.46661376953125,135.24212646484375,134.26632690429688,131.0103302001953,130.0120849609375,130.17269897460938,130.22891235351562,130.32130432128906,129.96640014648438,130.0598907470703,130.30947875976562,131.6554718017578
110,130.19850158691406,130.13919067382812,130.41732788085938,132.725830078125,130.01437377929688,129.97911071777344,130.05787658691406,130.0620880126953,130.1857147216797,129.98817443847656,130.24131774902344,130.24790954589844,130.70880126953125,130.43313598632812,130.20582580566406,130.18943786621094,130.05230712890625,129.98385620117188,130.18441772460938,130.29745483398438,129.96530151367188,130.16835021972656,130.00433349609375,129.9684295654297,129.94882202148438,131.58006286621094,130.24746704101562,153.02090454101562,130.1444549560547,138.67086791992188,130.20187377929688,130.5011749267578,130.88711547851562,133.7719268798828,129.91481018066406,130.8289794921875,129.95458984375,131.0376434326172,158.9379425048828,129.92062377929688,130.02316284179688,129.96932983398438,129.93408203125,130.30288696289062,130.10208129882812,130.26185607910156,129.98338317871094,130.1123046875,130.18798828125,133.21926879882812,129.98097229003906,130.1990203857422,130.89126586914062,130.2413330078125,130.03480529785156,135.1240692138672,130.14886474609375,129.9574432373047,133.77764892578125,130.2651824951172,130.3758087158203,131.04669189453125,130.58370971679688,130.23414611816406,130.60028076171875,132.00360107421875,143.86915588378906,129.97398376464844,130.7216339111328,129.99412536621094,131.57936096191406,129.91140747070312,129.91043090820312,130.51577758789062,133.98651123046875,130.31068420410156,130.05555725097656,130.20777893066406,129.9701385498047,131.70458984375,130.1395263671875,130.6901092529297,130.1855926513672,130.22340393066406,131.19358825683594,130.0697021484375,130.41015625,138.618896484375,132.93411254882812,134.02609252929688,134.79244995117188,130.87681579589844,129.99114990234375,130.17042541503906,130.18585205078125,130.26953125,129.96070861816406,130.05812072753906,130.14447021484375,131.03379821777344
111,130.2106170654297,130.15567016601562,130.42233276367188,133.11428833007812,130.00498962402344,129.97064208984375,130.0322265625,130.03355407714844,130.18423461914062,129.98426818847656,130.17054748535156,130.23243713378906,130.46932983398438,130.37289428710938,130.2167510986328,130.1503448486328,130.04412841796875,129.9669952392578,130.15005493164062,130.2020263671875,129.96714782714844,130.16656494140625,129.9881591796875,129.96728515625,129.9494171142578,131.8580322265625,130.21876525878906,153.19190979003906,130.15231323242188,134.68580627441406,130.19647216796875,130.46522521972656,130.7563018798828,132.48345947265625,129.91346740722656,130.58367919921875,129.95277404785156,130.69284057617188,160.13726806640625,129.91299438476562,130.02871704101562,129.96286010742188,129.9293975830078,130.27301025390625,130.10252380371094,130.2209014892578,129.97006225585938,130.10536193847656,130.164306640625,132.4477996826172,129.96780395507812,130.1272735595703,130.68821716308594,130.26214599609375,129.99746704101562,135.16844177246094,130.07369995117188,129.95736694335938,133.61448669433594,130.33457946777344,130.33547973632812,131.0327911376953,130.52947998046875,130.20127868652344,130.59385681152344,132.31329345703125,144.43609619140625,129.98851013183594,130.61819458007812,129.99305725097656,131.60220336914062,129.90933227539062,129.9086151123047,130.5381622314453,132.4228057861328,130.27381896972656,130.07403564453125,130.1141815185547,129.9629364013672,131.31466674804688,130.28604125976562,130.63510131835938,130.18077087402344,130.11753845214844,130.87196350097656,130.05337524414062,130.3824920654297,135.00848388671875,131.9146728515625,133.29739379882812,134.02528381347656,130.864501953125,129.98135375976562,130.17848205566406,130.1766357421875,130.25955200195312,129.9596710205078,130.04136657714844,130.10646057128906,131.27783203125
112,130.17803955078125,130.11984252929688,130.3678741455078,132.08514404296875,129.99481201171875,129.95645141601562,130.03224182128906,130.0230255126953,130.17201232910156,129.98162841796875,130.175048828125,130.07957458496094,130.44961547851562,130.30601501464844,130.23597717285156,130.1553497314453,130.01564025878906,129.96380615234375,130.13211059570312,130.18338012695312,129.9554443359375,130.1544189453125,129.98350524902344,129.96392822265625,129.93487548828125,131.68821716308594,130.2205047607422,152.10580444335938,130.12059020996094,135.03330993652344,130.15020751953125,130.47755432128906,130.8393096923828,132.08853149414062,129.91148376464844,130.66452026367188,129.94989013671875,130.58546447753906,156.86300659179688,129.90684509277344,129.9906768798828,129.9537811279297,129.92701721191406,130.1847381591797,130.06016540527344,130.20806884765625,129.97056579589844,130.10548400878906,130.15208435058594,132.1305389404297,129.95849609375,130.14834594726562,130.57456970214844,130.23057556152344,129.99647521972656,133.40994262695312,130.0465850830078,129.95677185058594,133.01646423339844,130.2550506591797,130.31275939941406,130.97743225097656,130.6094970703125,130.21200561523438,130.66204833984375,131.49368286132812,145.0888214111328,129.97064208984375,130.6944580078125,129.9825897216797,131.62008666992188,129.90542602539062,129.90882873535156,130.51516723632812,132.62939453125,130.29061889648438,130.06890869140625,130.12107849121094,129.96246337890625,131.25384521484375,130.1531982421875,130.46148681640625,130.1555938720703,130.05941772460938,130.8105010986328,130.04441833496094,130.4163818359375,135.2707061767578,132.88726806640625,133.106201171875,134.0360565185547,130.7998046875,129.960205078125,130.09805297851562,130.13990783691406,130.23658752441406,129.95779418945312,130.03179931640625,130.0777130126953,131.21102905273438
113,130.15756225585938,130.09010314941406,130.3168182373047,131.68060302734375,129.98170471191406,129.95037841796875,130.03323364257812,130.02175903320312,130.16310119628906,129.97952270507812,130.09115600585938,130.0764923095703,130.4471893310547,130.35650634765625,130.17428588867188,130.13754272460938,130.01759338378906,129.95086669921875,130.1200714111328,130.11990356445312,129.95265197753906,130.1504364013672,129.97853088378906,129.9623565673828,129.92825317382812,131.2268829345703,130.16871643066406,154.04042053222656,130.0797882080078,135.69393920898438,130.114990234375,130.4459228515625,130.66043090820312,131.84727478027344,129.9100799560547,130.6258544921875,129.94784545898438,130.3944854736328,161.5200958251953,129.90789794921875,129.9811553955078,129.9427032470703,129.92137145996094,130.3787078857422,130.03793334960938,130.1927032470703,129.9658966064453,130.11251831054688,130.1437530517578,132.4196319580078,129.9473114013672,130.1578826904297,130.52012634277344,130.15328979492188,129.9803924560547,132.84384155273438,130.04454040527344,129.9492950439453,132.96469116210938,130.23324584960938,130.2528076171875,130.9287872314453,130.53697204589844,130.2105712890625,130.63388061523438,131.88424682617188,146.96841430664062,129.94581604003906,130.50730895996094,129.97216796875,131.3736572265625,129.9058074951172,129.90675354003906,130.55599975585938,132.12796020507812,130.27024841308594,130.0366668701172,130.11972045898438,129.9586639404297,130.985107421875,130.16432189941406,130.38946533203125,130.1576690673828,130.07534790039062,130.82601928710938,130.04220581054688,130.2309112548828,134.33816528320312,131.5227508544922,132.93687438964844,134.743408203125,130.7613067626953,129.95816040039062,130.05909729003906,130.13624572753906,130.2044219970703,129.9550018310547,130.04811096191406,130.02310180664062,130.8650665283203
114,130.140625,130.06175231933594,130.2505340576172,132.03871154785156,129.97329711914062,129.93304443359375,130.03321838378906,129.9939727783203,130.15451049804688,129.97714233398438,130.07240295410156,130.08819580078125,130.44700622558594,130.37620544433594,130.17279052734375,130.15496826171875,129.99266052246094,129.9531707763672,130.1011505126953,130.08145141601562,129.95162963867188,130.15069580078125,129.975341796875,129.96099853515625,129.9295196533203,130.99217224121094,130.18182373046875,150.65904235839844,130.07638549804688,135.0763397216797,130.10406494140625,130.42141723632812,130.5498809814453,132.12152099609375,129.908203125,130.60865783691406,129.9457550048828,130.32217407226562,159.1638946533203,129.90451049804688,129.96913146972656,129.93914794921875,129.91363525390625,130.26560974121094,130.0432586669922,130.20980834960938,129.9717559814453,130.1259765625,130.13717651367188,131.57289123535156,129.94607543945312,130.111572265625,130.49400329589844,130.1419219970703,129.9832305908203,133.04823303222656,130.06053161621094,129.94891357421875,132.06015014648438,130.20201110839844,130.22303771972656,130.88246154785156,130.45498657226562,130.18930053710938,130.85743713378906,131.4125213623047,144.828857421875,129.93528747558594,130.5856170654297,129.9656982421875,131.3154754638672,129.8977508544922,129.90670776367188,130.49485778808594,132.21656799316406,130.2899932861328,130.03953552246094,130.0664520263672,129.96229553222656,130.6093292236328,130.14974975585938,130.4074249267578,130.1482391357422,130.1069793701172,130.79127502441406,130.0443115234375,130.27532958984375,136.4651641845703,131.1546173095703,132.09512329101562,133.2217254638672,130.7405548095703,129.95516967773438,130.06814575195312,130.12222290039062,130.20663452148438,129.95419311523438,130.02566528320312,130.00653076171875,130.90211486816406
115,130.107177734375,130.05186462402344,130.17584228515625,132.05116271972656,129.9699249267578,129.9233856201172,130.03955078125,129.99063110351562,130.1540985107422,129.97581481933594,130.0582733154297,130.10894775390625,130.4580841064453,130.19580078125,130.16104125976562,130.14703369140625,129.99215698242188,129.94216918945312,130.073974609375,130.04678344726562,129.9467315673828,130.13983154296875,129.96292114257812,129.95883178710938,129.92564392089844,130.9097900390625,130.1362762451172,150.65176391601562,130.03443908691406,136.1104736328125,130.11761474609375,130.43128967285156,130.533935546875,131.51756286621094,129.90859985351562,130.33790588378906,129.94456481933594,130.56312561035156,160.73101806640625,129.8982696533203,129.94937133789062,129.93338012695312,129.91036987304688,130.28079223632812,130.01539611816406,130.1848907470703,129.9625244140625,130.11656188964844,130.11837768554688,131.64822387695312,129.94061279296875,130.07801818847656,130.428955078125,130.14071655273438,129.965576171875,132.60574340820312,129.9934539794922,129.93734741210938,132.28143310546875,130.19044494628906,130.21739196777344,130.85888671875,130.45899963378906,130.20016479492188,130.8350067138672,130.91607666015625,146.89012145996094,129.93289184570312,130.46507263183594,129.95835876464844,131.14169311523438,129.89796447753906,129.9062957763672,130.42684936523438,132.53851318359375,130.26304626464844,130.0391845703125,130.0537109375,129.9540557861328,130.6278533935547,130.0962371826172,130.2322998046875,130.13294982910156,130.03392028808594,130.9644012451172,130.0345458984375,130.21006774902344,136.62490844726562,131.02708435058594,131.5492706298828,133.72738647460938,130.73043823242188,129.94387817382812,130.0452880859375,130.10671997070312,130.1873321533203,129.9523162841797,130.01600646972656,130.035400390625,130.90744018554688
116,130.10926818847656,130.04098510742188,130.19737243652344,132.4885711669922,129.96595764160156,129.930908203125,130.0454559326172,129.99520874023438,130.147216796875,129.97596740722656,130.04759216308594,130.07005310058594,130.50047302246094,130.140625,130.15797424316406,130.12918090820312,129.9865264892578,129.93421936035156,130.06298828125,130.06820678710938,129.94508361816406,130.1254119873047,129.96142578125,129.9585723876953,129.92544555664062,130.7755889892578,130.15928649902344,152.3636016845703,130.0011749267578,132.15391540527344,130.09230041503906,130.40138244628906,130.46145629882812,131.80673217773438,129.90867614746094,130.41036987304688,129.94383239746094,130.2714080810547,156.62770080566406,129.89682006835938,129.94590759277344,129.92857360839844,129.90687561035156,130.24012756347656,130.02444458007812,130.18426513671875,129.96360778808594,130.1143035888672,130.10565185546875,131.2288360595703,129.9387664794922,130.07554626464844,130.38507080078125,130.1204071044922,129.958984375,132.61505126953125,129.9833984375,129.9357147216797,132.14671325683594,130.15065002441406,130.20046997070312,130.85086059570312,130.40504455566406,130.18609619140625,130.64048767089844,130.87049865722656,144.4475860595703,129.92503356933594,130.41436767578125,129.9587860107422,131.03253173828125,129.89590454101562,129.9062042236328,130.38148498535156,131.89390563964844,130.21067810058594,130.02349853515625,130.0206298828125,129.9539794921875,130.885009765625,130.04705810546875,130.2087860107422,130.12149047851562,130.029296875,130.81289672851562,130.0292205810547,130.15020751953125,135.06944274902344,130.84251403808594,131.8509521484375,132.34275817871094,130.63021850585938,129.93992614746094,130.0083770751953,130.09323120117188,130.15306091308594,129.9519805908203,130.02003479003906,130.01380920410156,130.66221618652344
117,130.09640502929688,130.03762817382812,130.13816833496094,132.6756591796875,129.96263122558594,129.92262268066406,130.0336151123047,129.97531127929688,130.1389923095703,129.97560119628906,130.01614379882812,130.0499267578125,130.2814178466797,130.0816192626953,130.1487274169922,130.1051788330078,129.99095153808594,129.9290313720703,130.05616760253906,130.0369873046875,129.95448303222656,130.1090545654297,129.9613037109375,129.9581756591797,129.92442321777344,130.7733612060547,130.13522338867188,147.81930541992188,130.0013885498047,132.4137725830078,130.09571838378906,130.4239044189453,130.4847869873047,131.4436492919922,129.9063720703125,130.52255249023438,129.9436492919922,130.17604064941406,153.55276489257812,129.89527893066406,129.94252014160156,129.92820739746094,129.90640258789062,130.12380981445312,130.00051879882812,130.1899871826172,129.96450805664062,130.1085968017578,130.09507751464844,131.00213623046875,129.9409637451172,130.09890747070312,130.37957763671875,130.11366271972656,129.9546356201172,132.34141540527344,129.96669006347656,129.9334716796875,131.77133178710938,130.13902282714844,130.16929626464844,130.84463500976562,130.41275024414062,130.1826171875,130.5592041015625,130.8565673828125,144.73851013183594,129.92425537109375,130.61000061035156,129.95947265625,130.973876953125,129.894775390625,129.9053497314453,130.3478240966797,132.53021240234375,130.22036743164062,130.05255126953125,130.00782775878906,129.95179748535156,130.69757080078125,130.03097534179688,130.1641082763672,130.1133575439453,130.02659606933594,130.5681915283203,130.02212524414062,130.16790771484375,133.8098907470703,130.80029296875,131.45811462402344,132.07135009765625,130.52516174316406,129.93251037597656,130.0476837158203,130.08621215820312,130.14071655273438,129.95140075683594,130.01885986328125,129.9832763671875,130.4637908935547
118,130.07626342773438,130.02029418945312,130.10133361816406,132.38360595703125,129.96438598632812,129.92575073242188,130.01988220214844,129.99070739746094,130.1402130126953,129.9741973876953,129.9884490966797,130.03431701660156,130.4003143310547,130.06768798828125,130.13870239257812,130.0943603515625,129.97560119628906,129.918701171875,130.044189453125,130.02503967285156,129.93704223632812,130.1075897216797,129.96701049804688,129.95713806152344,129.92327880859375,130.77122497558594,130.10084533691406,151.30604553222656,130.00563049316406,131.54551696777344,130.02024841308594,130.3824920654297,130.37269592285156,131.52786254882812,129.9067840576172,130.34353637695312,129.9436492919922,130.19276428222656,151.72543334960938,129.89578247070312,129.9414825439453,129.9227752685547,129.90614318847656,130.2010955810547,129.9988250732422,130.14520263671875,129.95632934570312,130.09991455078125,130.0904998779297,130.68148803710938,129.93894958496094,130.06881713867188,130.34584045410156,130.1123046875,129.94776916503906,131.6218719482422,129.96249389648438,129.9294891357422,132.69320678710938,130.13961791992188,130.158203125,130.78440856933594,130.40318298339844,130.20559692382812,130.4000244140625,130.8157501220703,145.42779541015625,129.9207763671875,130.4899139404297,129.95863342285156,130.9370574951172,129.8936767578125,129.90557861328125,130.35789489746094,131.75701904296875,130.24156188964844,130.01805114746094,130.00314331054688,129.95028686523438,130.5880126953125,130.0546112060547,130.16525268554688,130.10736083984375,129.99691772460938,130.5592803955078,130.01966857910156,130.14390563964844,133.28477478027344,130.73165893554688,131.32017517089844,132.66636657714844,130.4345703125,129.9297332763672,130.00953674316406,130.0762176513672,130.13771057128906,129.94921875,130.0159454345703,129.954345703125,130.45843505859375
119,130.08154296875,130.0082244873047,130.13636779785156,131.4890594482422,129.95152282714844,129.91293334960938,130.01165771484375,129.97186279296875,130.1378631591797,129.97377014160156,129.9842987060547,129.98562622070312,130.37741088867188,130.10507202148438,130.133544921875,130.09918212890625,129.97776794433594,129.9198760986328,130.0137481689453,130.0244598388672,129.93734741210938,130.10687255859375,129.95526123046875,129.95626831054688,129.92242431640625,130.67520141601562,130.1001434326172,144.41494750976562,129.99575805664062,131.86891174316406,130.01576232910156,130.37057495117188,130.24374389648438,131.03802490234375,129.9059600830078,130.34002685546875,129.9405059814453,130.18051147460938,157.00796508789062,129.89405822753906,129.93856811523438,129.9207000732422,129.90122985839844,130.16012573242188,129.9860382080078,130.1380157470703,129.95387268066406,130.09730529785156,130.08033752441406,130.5586395263672,129.93698120117188,130.04095458984375,130.34442138671875,130.1005401611328,129.9452667236328,131.66372680664062,129.95912170410156,129.92550659179688,132.19012451171875,130.1117706298828,130.1873321533203,130.79103088378906,130.38548278808594,130.16574096679688,130.48756408691406,130.61756896972656,146.03155517578125,129.91456604003906,130.43577575683594,129.95343017578125,130.7818145751953,129.89173889160156,129.90509033203125,130.3468780517578,131.33114624023438,130.20729064941406,130.01321411132812,129.99822998046875,129.948974609375,130.41653442382812,129.9995574951172,130.14019775390625,130.09742736816406,129.9822540283203,130.3948516845703,130.02041625976562,130.09976196289062,133.61224365234375,131.00657653808594,131.28074645996094,131.8010711669922,130.42178344726562,129.92666625976562,129.9978485107422,130.07391357421875,130.1279296875,129.94989013671875,130.01174926757812,129.97308349609375,130.40185546875
120,130.06431579589844,130.01571655273438,130.09144592285156,131.45245361328125,129.95245361328125,129.91033935546875,130.01034545898438,129.9689483642578,130.1319122314453,129.97340393066406,129.97500610351562,129.99000549316406,130.32139587402344,130.0750274658203,130.11485290527344,130.0764923095703,129.97293090820312,129.91262817382812,130.00392150878906,130.01988220214844,129.93214416503906,130.10287475585938,129.9519805908203,129.95506286621094,129.91929626464844,130.56370544433594,130.06068420410156,147.41758728027344,129.9685821533203,131.2772216796875,129.99647521972656,130.36599731445312,130.25697326660156,130.7620086669922,129.90560913085938,130.2569580078125,129.9403076171875,130.1519317626953,145.36697387695312,129.89247131347656,129.93417358398438,129.9153594970703,129.89939880371094,130.09519958496094,129.99661254882812,130.1200408935547,129.9526824951172,130.09103393554688,130.08265686035156,130.9126434326172,129.93397521972656,130.01287841796875,130.28048706054688,130.11509704589844,129.94139099121094,130.97222900390625,129.95843505859375,129.93055725097656,132.17628479003906,130.12991333007812,130.1598663330078,130.77835083007812,130.3824005126953,130.15829467773438,130.5275115966797,130.61192321777344,145.9434051513672,129.91493225097656,130.30471801757812,129.94898986816406,130.6569366455078,129.89117431640625,129.90492248535156,130.2934112548828,130.9944305419922,130.2096405029297,129.99850463867188,130.00462341308594,129.94729614257812,130.3951416015625,129.9952850341797,130.08901977539062,130.08604431152344,129.97219848632812,130.43409729003906,130.01979064941406,130.0782928466797,133.3417205810547,130.72535705566406,131.13180541992188,131.57028198242188,130.40235900878906,129.92056274414062,129.97296142578125,130.06594848632812,130.14637756347656,129.94952392578125,130.01239013671875,129.95635986328125,130.3890838623047
121,130.0663299560547,129.9982452392578,130.07127380371094,131.1382293701172,129.94863891601562,129.91407775878906,130.00048828125,129.96914672851562,130.13186645507812,129.97398376464844,129.96115112304688,129.96104431152344,130.449951171875,130.04771423339844,130.11102294921875,130.07290649414062,129.9696044921875,129.91162109375,129.997802734375,129.98614501953125,129.92672729492188,130.0996856689453,129.95248413085938,129.95516967773438,129.91664123535156,130.54779052734375,130.07589721679688,139.64784240722656,129.97608947753906,131.33740234375,129.985107421875,130.35975646972656,130.21810913085938,130.8502960205078,129.90577697753906,130.18809509277344,129.9391632080078,130.13494873046875,144.79989624023438,129.89256286621094,129.93624877929688,129.91587829589844,129.8972930908203,130.10829162597656,129.9878692626953,130.11474609375,129.94837951660156,130.08973693847656,130.07350158691406,130.34933471679688,129.9287109375,129.99786376953125,130.23353576660156,130.0790557861328,129.94764709472656,130.90243530273438,129.94659423828125,129.91867065429688,131.9610595703125,130.11685180664062,130.1700897216797,130.77322387695312,130.3742218017578,130.14822387695312,130.57508850097656,130.63829040527344,146.32200622558594,129.9140625,130.19729614257812,129.9513397216797,130.6575469970703,129.8905792236328,129.90440368652344,130.259765625,130.78887939453125,130.20594787597656,129.9954376220703,129.98477172851562,129.94631958007812,130.31349182128906,129.9957733154297,130.060302734375,130.08926391601562,129.96636962890625,130.37168884277344,130.01522827148438,130.08140563964844,133.11831665039062,130.68568420410156,131.127197265625,131.3830108642578,130.37503051757812,129.9197235107422,129.97703552246094,130.05740356445312,130.1212921142578,129.94821166992188,130.00799560546875,129.945068359375,130.27845764160156
122,130.05746459960938,129.9844970703125,130.0691680908203,131.4673614501953,129.9477996826172,129.90875244140625,130.00320434570312,129.9647216796875,130.132568359375,129.9723663330078,129.94851684570312,129.9546661376953,130.24693298339844,130.02212524414062,130.1026153564453,130.06797790527344,129.963623046875,129.91015625,129.996337890625,129.9879913330078,129.92433166503906,130.0844268798828,129.94349670410156,129.95449829101562,129.91575622558594,130.48924255371094,130.04852294921875,141.5561065673828,129.9643096923828,130.80337524414062,129.96347045898438,130.3626251220703,130.1886749267578,131.419677734375,129.90415954589844,130.13470458984375,129.9386749267578,130.1830596923828,142.88670349121094,129.89109802246094,129.92471313476562,129.91506958007812,129.89605712890625,130.06773376464844,129.97564697265625,130.11207580566406,129.9483642578125,130.08387756347656,130.0715789794922,130.34207153320312,129.92515563964844,129.978515625,130.201171875,130.10250854492188,129.93707275390625,131.07598876953125,129.93067932128906,129.91651916503906,132.34950256347656,130.0924835205078,130.13482666015625,130.75704956054688,130.34854125976562,130.16238403320312,130.5177459716797,130.53543090820312,145.47091674804688,129.90768432617188,130.23013305664062,129.94705200195312,130.70343017578125,129.8893280029297,129.9047088623047,130.30270385742188,130.65536499023438,130.22442626953125,130.00091552734375,129.97567749023438,129.94410705566406,130.2845001220703,129.981689453125,130.0769500732422,130.08706665039062,129.95474243164062,130.2974853515625,130.01602172851562,130.08050537109375,132.88235473632812,130.5348663330078,130.99110412597656,131.44346618652344,130.3033447265625,129.9175262451172,129.96014404296875,130.05874633789062,130.10841369628906,129.94854736328125,130.0078125,129.94863891601562,130.29322814941406
123,130.05357360839844,129.98143005371094,130.04940795898438,131.56663513183594,129.947265625,129.9019775390625,130.000244140625,129.96229553222656,130.1228790283203,129.97216796875,129.9381103515625,129.95223999023438,130.1908721923828,130.0058135986328,130.10850524902344,130.06796264648438,129.97238159179688,129.90631103515625,130.0015869140625,129.97947692871094,129.92120361328125,130.06610107421875,129.9481658935547,129.9538116455078,129.91534423828125,130.40155029296875,130.0167236328125,148.3729705810547,129.94921875,130.9641876220703,129.97161865234375,130.3614501953125,130.11314392089844,131.0775909423828,129.90455627441406,130.1050262451172,129.93792724609375,130.1398162841797,144.63638305664062,129.89012145996094,129.92474365234375,129.91294860839844,129.89427185058594,130.05015563964844,129.9790802001953,130.10511779785156,129.94606018066406,130.09121704101562,130.06533813476562,130.2467498779297,129.92298889160156,129.9836883544922,130.2042694091797,130.07884216308594,129.93283081054688,130.65200805664062,129.9249267578125,129.913818359375,131.70985412597656,130.0759735107422,130.1211700439453,130.73875427246094,130.3348388671875,130.14268493652344,130.324951171875,130.48960876464844,144.9918975830078,129.91139221191406,130.20216369628906,129.94725036621094,130.68096923828125,129.8890838623047,129.9044647216797,130.26095581054688,130.57691955566406,130.24288940429688,129.99127197265625,129.9674835205078,129.943359375,130.30081176757812,129.97430419921875,130.04443359375,130.08779907226562,129.9640655517578,130.30764770507812,130.00721740722656,130.03379821777344,133.0924835205078,130.7002410888672,130.77047729492188,131.10687255859375,130.31298828125,129.9155731201172,129.95103454589844,130.0572967529297,130.1076202392578,129.94757080078125,130.0050506591797,129.9285888671875,130.2130126953125
124,130.0421142578125,129.98019409179688,130.03428649902344,131.25299072265625,129.94473266601562,129.90052795410156,129.98912048339844,129.9602508544922,130.12294006347656,129.97166442871094,129.94036865234375,129.93307495117188,130.16307067871094,130.0096893310547,130.10023498535156,130.06253051757812,129.96466064453125,129.90489196777344,129.9835205078125,129.96377563476562,129.91981506347656,130.07070922851562,129.9405517578125,129.9539031982422,129.9115753173828,130.40809631347656,130.0179901123047,140.78321838378906,129.93753051757812,130.9621124267578,129.95523071289062,130.37832641601562,130.1156463623047,130.80665588378906,129.9034423828125,130.09848022460938,129.93844604492188,130.1055450439453,137.50094604492188,129.89096069335938,129.927734375,129.91036987304688,129.8919677734375,130.0000762939453,129.97203063964844,130.09620666503906,129.9455108642578,130.08642578125,130.06752014160156,130.224609375,129.9187469482422,129.98533630371094,130.2085418701172,130.06964111328125,129.9311065673828,130.41156005859375,129.9176788330078,129.91151428222656,131.21044921875,130.06808471679688,130.13357543945312,130.73597717285156,130.34629821777344,130.13662719726562,130.42733764648438,130.3385467529297,145.8026580810547,129.91041564941406,130.19374084472656,129.94664001464844,130.5022430419922,129.8883056640625,129.90420532226562,130.18359375,130.75794982910156,130.2263641357422,129.9882049560547,129.96395874023438,129.94418334960938,130.20523071289062,129.96095275878906,130.02557373046875,130.08453369140625,129.95765686035156,130.2891082763672,130.00506591796875,130.03651428222656,131.83326721191406,130.56324768066406,130.85133361816406,130.99847412109375,130.26429748535156,129.9120330810547,129.9466094970703,130.05587768554688,130.1009521484375,129.947021484375,130.0038299560547,129.93031311035156,130.16131591796875
125,130.03636169433594,129.97129821777344,130.05435180664062,131.05731201171875,129.94410705566406,129.90016174316406,129.98919677734375,129.96170043945312,130.1204376220703,129.97164916992188,129.9310760498047,129.9298095703125,130.13479614257812,130.0082550048828,130.0959014892578,130.05941772460938,129.9666290283203,129.90618896484375,129.97940063476562,129.9821014404297,129.9148406982422,130.07029724121094,129.93930053710938,129.95362854003906,129.9112091064453,130.3563232421875,130.0128631591797,139.5979766845703,129.93084716796875,130.59703063964844,129.96142578125,130.34877014160156,130.0467987060547,130.8249053955078,129.90304565429688,130.12603759765625,129.9381866455078,130.1024932861328,140.75616455078125,129.8897247314453,129.92124938964844,129.908447265625,129.8931121826172,129.99697875976562,129.96656799316406,130.09947204589844,129.9453887939453,130.08119201660156,130.06362915039062,130.2369842529297,129.91856384277344,129.976806640625,130.1774444580078,130.07080078125,129.9280242919922,130.5252227783203,129.91958618164062,129.9097137451172,130.97317504882812,130.07080078125,130.06971740722656,130.74542236328125,130.3096923828125,130.14007568359375,130.23594665527344,130.46551513671875,145.0919647216797,129.90513610839844,130.125244140625,129.94577026367188,130.4893798828125,129.88780212402344,129.90480041503906,130.20582580566406,130.69912719726562,130.23846435546875,129.9795379638672,129.95956420898438,129.94168090820312,130.2140655517578,129.95289611816406,130.02134704589844,130.07786560058594,129.9570770263672,130.21209716796875,130.00439453125,130.02923583984375,132.13485717773438,130.49026489257812,130.7645721435547,131.01254272460938,130.28298950195312,129.9107208251953,129.9356231689453,130.05133056640625,130.10618591308594,129.9466094970703,130.00428771972656,129.92906188964844,130.13558959960938
126,130.0346221923828,129.96658325195312,130.0209503173828,131.1930694580078,129.9431610107422,129.89886474609375,129.98977661132812,129.9579620361328,130.11907958984375,129.9718475341797,129.92445373535156,129.9296417236328,130.08502197265625,130.0178985595703,130.09762573242188,130.04698181152344,129.98080444335938,129.90402221679688,129.97970581054688,129.9449005126953,129.91375732421875,130.0615692138672,129.93896484375,129.9536895751953,129.90802001953125,130.33010864257812,130.00177001953125,138.172607421875,129.93228149414062,130.40756225585938,129.9476318359375,130.34197998046875,130.02305603027344,130.54595947265625,129.9027557373047,130.05697631835938,129.93768310546875,130.06996154785156,140.22518920898438,129.88815307617188,129.9172821044922,129.90823364257812,129.89126586914062,129.9872283935547,129.9632568359375,130.10324096679688,129.9431610107422,130.07748413085938,130.0663299560547,130.252197265625,129.91775512695312,129.9665069580078,130.16943359375,130.04583740234375,129.92709350585938,130.39915466308594,129.91444396972656,129.90792846679688,130.80445861816406,130.06301879882812,130.0866241455078,130.7218017578125,130.30149841308594,130.1254425048828,130.22776794433594,130.29067993164062,145.0042724609375,129.90838623046875,130.0933837890625,129.9430389404297,130.42369079589844,129.88751220703125,129.90399169921875,130.1449737548828,130.40956115722656,130.20188903808594,129.97727966308594,129.96351623535156,129.9409942626953,130.2485809326172,129.95216369628906,130.01332092285156,130.0745086669922,129.95193481445312,130.20220947265625,130.00323486328125,130.03004455566406,131.80722045898438,130.40765380859375,130.62010192871094,130.7118682861328,130.2583465576172,129.91033935546875,129.93634033203125,130.04884338378906,130.09628295898438,129.94625854492188,130.00198364257812,129.91629028320312,130.0782012939453
127,130.02642822265625,129.96180725097656,130.00543212890625,130.9300537109375,129.9442596435547,129.8977508544922,129.98562622070312,129.95530700683594,130.11685180664062,129.97091674804688,129.920654296875,129.91795349121094,130.07644653320312,130.004638671875,130.09486389160156,130.04591369628906,129.96546936035156,129.90260314941406,129.96652221679688,129.94000244140625,129.91305541992188,130.05169677734375,129.93760681152344,129.9532470703125,129.90626525878906,130.313232421875,129.99957275390625,135.26515197753906,129.92835998535156,130.43292236328125,129.9451446533203,130.33428955078125,130.00381469726562,130.5487823486328,129.90260314941406,130.0452880859375,129.93734741210938,130.05853271484375,135.82972717285156,129.8873748779297,129.9163055419922,129.90673828125,129.8902587890625,129.99758911132812,129.9618682861328,130.10130310058594,129.94139099121094,130.0750274658203,130.08352661132812,130.15655517578125,129.91470336914062,129.9612579345703,130.16180419921875,130.0604248046875,129.9268798828125,130.3380584716797,129.90769958496094,129.90574645996094,130.7191162109375,130.05877685546875,130.03265380859375,130.71263122558594,130.3045196533203,130.1229705810547,130.16342163085938,130.2017822265625,145.73394775390625,129.90475463867188,130.03594970703125,129.9393768310547,130.41029357910156,129.8870391845703,129.9036407470703,130.1353302001953,130.35755920410156,130.23388671875,129.97689819335938,129.94825744628906,129.94107055664062,130.249267578125,129.94683837890625,130.02931213378906,130.0768280029297,129.94725036621094,130.15567016601562,130.00177001953125,130.01953125,132.5515594482422,130.318115234375,130.52586364746094,130.65386962890625,130.25892639160156,129.9100799560547,129.9259033203125,130.0523223876953,130.09268188476562,129.946044921875,130.0017547607422,129.9168701171875,130.0410614013672
128,130.02777099609375,129.96298217773438,130.0078887939453,131.27145385742188,129.94302368164062,129.89462280273438,129.98419189453125,129.9575653076172,130.11622619628906,129.9706268310547,129.91908264160156,129.91531372070312,130.048828125,129.98651123046875,130.0889892578125,130.043212890625,129.95835876464844,129.90060424804688,129.96975708007812,129.94070434570312,129.9120635986328,130.05320739746094,129.935302734375,129.9532928466797,129.90452575683594,130.29351806640625,129.99436950683594,134.53759765625,129.92640686035156,130.27560424804688,129.93165588378906,130.3368682861328,129.9990997314453,130.5058135986328,129.9027557373047,130.031494140625,129.9371337890625,130.08584594726562,135.8262939453125,129.887451171875,129.914794921875,129.90521240234375,129.88992309570312,129.958740234375,129.9595947265625,130.0890350341797,129.94139099121094,130.07330322265625,130.0668487548828,130.16763305664062,129.91368103027344,129.9588623046875,130.14874267578125,130.05233764648438,129.92254638671875,130.52711486816406,129.9056396484375,129.9053955078125,130.76463317871094,130.05404663085938,130.026123046875,130.70880126953125,130.30288696289062,130.1213836669922,130.1270751953125,130.1099395751953,145.01979064941406,129.90414428710938,130.00746154785156,129.9403533935547,130.42282104492188,129.88623046875,129.90353393554688,130.11721801757812,130.3441619873047,130.20846557617188,129.98410034179688,129.94313049316406,129.93922424316406,130.17703247070312,129.94091796875,130.02272033691406,130.07199096679688,129.94776916503906,130.2099151611328,129.99842834472656,130.01132202148438,131.8428955078125,130.2600860595703,130.4861602783203,130.544921875,130.29237365722656,129.9083709716797,129.92291259765625,130.04869079589844,130.0889892578125,129.94532775878906,130.0022735595703,129.91650390625,130.07073974609375
129,130.01878356933594,129.95901489257812,129.9963836669922,130.88388061523438,129.94113159179688,129.89471435546875,129.98703002929688,129.9525146484375,130.1163330078125,129.97015380859375,129.92063903808594,129.9086456298828,130.03909301757812,129.9764404296875,130.085693359375,130.042236328125,129.952392578125,129.900390625,129.96929931640625,129.93923950195312,129.9150848388672,130.0519256591797,129.93724060058594,129.9533233642578,129.9079132080078,130.269775390625,129.9850616455078,133.78021240234375,129.91651916503906,130.24359130859375,129.92750549316406,130.34848022460938,129.9755096435547,130.339599609375,129.9021453857422,130.01087951660156,129.93711853027344,130.05177307128906,134.90692138671875,129.8867950439453,129.91578674316406,129.90496826171875,129.88946533203125,129.96060180664062,129.95840454101562,130.09051513671875,129.94122314453125,130.07260131835938,130.06527709960938,130.15509033203125,129.91159057617188,129.95950317382812,130.1444091796875,130.04457092285156,129.92254638671875,130.39817810058594,129.90264892578125,129.90553283691406,130.73948669433594,130.05514526367188,130.00367736816406,130.7049102783203,130.29263305664062,130.1189422607422,130.12109375,130.08029174804688,145.70623779296875,129.90469360351562,130.00901794433594,129.9394073486328,130.3643341064453,129.88612365722656,129.90322875976562,130.1102294921875,130.33062744140625,130.18064880371094,129.98013305664062,129.9496307373047,129.9389190673828,130.1561737060547,129.94390869140625,129.99429321289062,130.0704345703125,129.9439697265625,130.1295928955078,129.9979705810547,130.0005340576172,131.13674926757812,130.32241821289062,130.47140502929688,130.43121337890625,130.28684997558594,129.9069061279297,129.92239379882812,130.0491943359375,130.08734130859375,129.94552612304688,130.00437927246094,129.90675354003906,130.05625915527344
130,130.02279663085938,129.9593505859375,129.99432373046875,130.90512084960938,129.93988037109375,129.8939666748047,129.98202514648438,129.95162963867188,130.1151580810547,129.96986389160156,129.914794921875,129.90802001953125,130.02545166015625,129.96771240234375,130.08290100097656,130.04489135742188,129.9472198486328,129.89852905273438,129.9537811279297,129.9318084716797,129.91514587402344,130.04449462890625,129.9334259033203,129.952880859375,129.90370178222656,130.26536560058594,129.97805786132812,132.96371459960938,129.9139862060547,130.22891235351562,129.9268035888672,130.343994140625,129.96670532226562,130.44772338867188,129.90164184570312,129.99603271484375,129.9368896484375,130.0157928466797,133.60385131835938,129.8867950439453,129.91201782226562,129.9054718017578,129.8878936767578,129.94314575195312,129.95933532714844,130.0858612060547,129.94091796875,130.06982421875,130.089111328125,130.0587158203125,129.91094970703125,129.95668029785156,130.14781188964844,130.02809143066406,129.92001342773438,130.33712768554688,129.89791870117188,129.90274047851562,130.66700744628906,130.04832458496094,130.0128173828125,130.6995086669922,130.29237365722656,130.11752319335938,130.08363342285156,130.04586791992188,145.3722686767578,129.89920043945312,130.03794860839844,129.94094848632812,130.27734375,129.8858184814453,129.90309143066406,130.10015869140625,130.2413330078125,130.20370483398438,129.9803466796875,129.93519592285156,129.93878173828125,130.13270568847656,129.93099975585938,129.9921112060547,130.07022094726562,129.9421844482422,130.1934814453125,129.9966583251953,129.99266052246094,131.3910675048828,130.22247314453125,130.35964965820312,130.3717041015625,130.2422332763672,129.90670776367188,129.923583984375,130.04742431640625,130.08436584472656,129.94549560546875,130.00106811523438,129.90342712402344,130.04959106445312
131,130.01547241210938,129.95770263671875,129.98287963867188,130.80908203125,129.9400177001953,129.89198303222656,129.97763061523438,129.950439453125,130.11422729492188,129.9698944091797,129.91168212890625,129.9065399169922,130.02078247070312,129.96978759765625,130.07749938964844,130.03671264648438,129.94546508789062,129.89776611328125,129.95175170898438,129.9269561767578,129.91647338867188,130.05142211914062,129.93310546875,129.95285034179688,129.90548706054688,130.2412872314453,129.9768524169922,132.92771911621094,129.9121551513672,130.20899963378906,129.92897033691406,130.33963012695312,129.94961547851562,130.3505401611328,129.9019317626953,129.9833526611328,129.93673706054688,130.03126525878906,132.9710693359375,129.8863067626953,129.90916442871094,129.90467834472656,129.8883514404297,129.94052124023438,129.9573974609375,130.08480834960938,129.93838500976562,130.0692138671875,130.07461547851562,130.04165649414062,129.9104461669922,129.94903564453125,130.12466430664062,130.0354766845703,129.91976928710938,130.33651733398438,129.89732360839844,129.9030303955078,130.3543701171875,130.0529327392578,130.00965881347656,130.70013427734375,130.28634643554688,130.1121826171875,130.07147216796875,130.0366668701172,144.529052734375,129.90118408203125,130.0142364501953,129.93844604492188,130.27447509765625,129.8859100341797,129.9029998779297,130.0985107421875,130.2364959716797,130.1822052001953,129.9908447265625,129.9355010986328,129.93841552734375,130.11183166503906,129.92848205566406,129.9893341064453,130.0687255859375,129.9417266845703,130.14266967773438,129.99488830566406,129.9739532470703,130.93800354003906,130.2741241455078,130.356201171875,130.41342163085938,130.22698974609375,129.90557861328125,129.9194793701172,130.0479736328125,130.0776824951172,129.94517517089844,130.0028533935547,129.8994140625,130.08900451660156
132,130.01361083984375,129.95753479003906,129.9792022705078,130.70008850097656,129.9386444091797,129.89212036132812,129.97518920898438,129.9498748779297,130.1121063232422,129.96978759765625,129.9151153564453,129.903564453125,130.0265655517578,129.96998596191406,130.0762176513672,130.03570556640625,129.9435577392578,129.8978271484375,129.9527587890625,129.92665100097656,129.91319274902344,130.0426788330078,129.9325714111328,129.95262145996094,129.90316772460938,130.24444580078125,129.98023986816406,132.29452514648438,129.9147186279297,130.1311798095703,129.9228057861328,130.3249053955078,129.94357299804688,130.36314392089844,129.9015350341797,129.9817352294922,129.9364776611328,130.0569305419922,133.20018005371094,129.88621520996094,129.90936279296875,129.9036407470703,129.8873748779297,129.94314575195312,129.9587860107422,130.08395385742188,129.9373779296875,130.06793212890625,130.0703887939453,130.0321044921875,129.91073608398438,129.94960021972656,130.10328674316406,130.04757690429688,129.91798400878906,130.48973083496094,129.89930725097656,129.90248107910156,130.29823303222656,130.0408172607422,129.99685668945312,130.69790649414062,130.2835235595703,130.1087188720703,130.05984497070312,130.06092834472656,144.40902709960938,129.90170288085938,130.00338745117188,129.93771362304688,130.26510620117188,129.88568115234375,129.90306091308594,130.08929443359375,130.2002716064453,130.1861114501953,129.9809112548828,129.93190002441406,129.93814086914062,130.09481811523438,129.92022705078125,129.9786834716797,130.06777954101562,129.94140625,130.13653564453125,129.9944610595703,129.97096252441406,130.8571319580078,130.22872924804688,130.29702758789062,130.35081481933594,130.20736694335938,129.90602111816406,129.91860961914062,130.04788208007812,130.08099365234375,129.9449920654297,130.00396728515625,129.89820861816406,130.02239990234375
133,130.01321411132812,129.95565795898438,129.9706573486328,130.5425262451172,129.93792724609375,129.8909454345703,129.9749755859375,129.947021484375,130.11326599121094,129.9694366455078,129.9113006591797,129.9017791748047,130.01052856445312,129.96444702148438,130.08067321777344,130.03602600097656,129.9446258544922,129.89675903320312,129.94764709472656,129.92413330078125,129.906494140625,130.03839111328125,129.93289184570312,129.95237731933594,129.9039764404297,130.22259521484375,129.980224609375,132.50205993652344,129.90908813476562,130.1163330078125,129.92076110839844,130.3252716064453,129.932861328125,130.20655822753906,129.90145874023438,129.96664428710938,129.93637084960938,130.00816345214844,132.16287231445312,129.88563537597656,129.9065704345703,129.90284729003906,129.8868408203125,129.9343719482422,129.9536895751953,130.0830078125,129.93756103515625,130.06858825683594,130.08059692382812,130.00489807128906,129.90872192382812,129.9491729736328,130.10855102539062,130.0299072265625,129.91798400878906,130.29339599609375,129.89697265625,129.90188598632812,130.20201110839844,130.03292846679688,130.01809692382812,130.6875457763672,130.2803497314453,130.11007690429688,130.0519561767578,130.01800537109375,145.42453002929688,129.8994903564453,130.02255249023438,129.9405517578125,130.2628173828125,129.88536071777344,129.90310668945312,130.0712127685547,130.21615600585938,130.18997192382812,129.9912567138672,129.93267822265625,129.93775939941406,130.0747528076172,129.91615295410156,129.96621704101562,130.067138671875,129.9400634765625,130.10313415527344,129.99343872070312,129.95272827148438,130.7509765625,130.19500732421875,130.3376922607422,130.29290771484375,130.18626403808594,129.90545654296875,129.91915893554688,130.06375122070312,130.07981872558594,129.94476318359375,130.00625610351562,129.89907836914062,130.0164031982422
134,130.0130615234375,129.9524688720703,129.97323608398438,130.50384521484375,129.937744140625,129.8915252685547,129.9728240966797,129.94715881347656,130.1118927001953,129.9694366455078,129.90823364257812,129.89710998535156,130.01336669921875,129.96177673339844,130.074951171875,130.0355682373047,129.94155883789062,129.89744567871094,129.94271850585938,129.9194793701172,129.9087677001953,130.0359344482422,129.93077087402344,129.95245361328125,129.9013671875,130.22019958496094,129.98622131347656,131.82736206054688,129.91070556640625,130.08677673339844,129.91734313964844,130.32276916503906,129.93380737304688,130.19329833984375,129.90097045898438,129.95318603515625,129.93617248535156,129.9754638671875,133.41165161132812,129.88583374023438,129.90518188476562,129.90274047851562,129.8866729736328,129.91505432128906,129.95314025878906,130.0807342529297,129.9365692138672,130.06781005859375,130.08421325683594,129.99632263183594,129.90805053710938,129.94313049316406,130.09417724609375,130.03170776367188,129.91653442382812,130.24685668945312,129.89524841308594,129.9017791748047,130.2396697998047,130.02801513671875,130.0013885498047,130.67689514160156,130.2811279296875,130.11415100097656,130.0260009765625,129.98721313476562,146.58860778808594,129.89903259277344,129.9948272705078,129.94229125976562,130.2338409423828,129.88558959960938,129.90322875976562,130.06265258789062,130.12767028808594,130.15432739257812,129.98562622070312,129.92962646484375,129.9376678466797,130.06773376464844,129.91571044921875,129.9600372314453,130.0664520263672,129.9353485107422,130.13172912597656,129.99343872070312,129.9386444091797,130.9596405029297,130.19874572753906,130.4362030029297,130.31948852539062,130.1787567138672,129.90341186523438,129.91534423828125,130.0594024658203,130.0753936767578,129.94480895996094,130.0099334716797,129.8954315185547,130.0240936279297
135,130.00949096679688,129.95411682128906,129.97264099121094,130.39891052246094,129.9372100830078,129.8900146484375,129.97242736816406,129.9457244873047,130.10987854003906,129.96908569335938,129.90936279296875,129.89686584472656,129.98739624023438,129.95883178710938,130.075439453125,130.0312957763672,129.93850708007812,129.89535522460938,129.9406280517578,129.9196319580078,129.9062957763672,130.03855895996094,129.9293975830078,129.95228576660156,129.900390625,130.196533203125,129.97073364257812,131.55572509765625,129.90521240234375,130.0882110595703,129.91604614257812,130.31825256347656,129.9252471923828,130.1147003173828,129.9008331298828,129.95635986328125,129.9360809326172,129.9876251220703,131.93992614746094,129.88551330566406,129.90463256835938,129.90231323242188,129.88623046875,129.9177703857422,129.95172119140625,130.0795440673828,129.9364471435547,130.06471252441406,130.07666015625,130.0138702392578,129.9083709716797,129.940673828125,130.0913543701172,130.02435302734375,129.91598510742188,130.23934936523438,129.8935546875,129.90109252929688,130.13819885253906,130.03408813476562,129.98231506347656,130.6756134033203,130.27488708496094,130.108642578125,130.0101318359375,129.9876708984375,145.25091552734375,129.8970489501953,129.9902801513672,129.95277404785156,130.1871337890625,129.8851318359375,129.903564453125,130.06224060058594,130.11387634277344,130.17095947265625,129.97410583496094,129.92996215820312,129.9376678466797,130.06564331054688,129.9154052734375,129.9605712890625,130.0655517578125,129.93653869628906,130.12513732910156,129.99293518066406,129.94415283203125,130.7978057861328,130.1544647216797,130.54310607910156,130.2557373046875,130.15011596679688,129.90367126464844,129.91329956054688,130.05429077148438,130.07220458984375,129.94476318359375,130.02301025390625,129.89463806152344,130.01620483398438
136,130.00592041015625,129.95053100585938,129.96250915527344,130.33885192871094,129.9369354248047,129.88963317871094,129.9755096435547,129.94500732421875,130.11050415039062,129.9693145751953,129.90428161621094,129.89659118652344,129.98831176757812,129.9613800048828,130.07391357421875,130.03097534179688,129.9373016357422,129.89505004882812,129.9376220703125,129.91929626464844,129.9012451171875,130.0365753173828,129.92933654785156,129.9521484375,129.89938354492188,130.19131469726562,129.9617919921875,132.1112060546875,129.9041290283203,130.04246520996094,129.916259765625,130.31585693359375,129.92160034179688,130.14138793945312,129.90084838867188,129.9520721435547,129.93582153320312,129.9639434814453,131.82615661621094,129.88540649414062,129.90463256835938,129.9019012451172,129.88600158691406,129.9171905517578,129.95062255859375,130.07891845703125,129.93560791015625,130.06617736816406,130.13490295410156,130.00320434570312,129.90708923339844,129.93959045410156,130.067626953125,130.0255889892578,129.91566467285156,130.20315551757812,129.89256286621094,129.9009246826172,130.08203125,130.02423095703125,129.9859619140625,130.67295837402344,130.27491760253906,130.1072235107422,130.01846313476562,129.9816131591797,147.37644958496094,129.89437866210938,129.96800231933594,129.94969177246094,130.2108612060547,129.8848876953125,129.90335083007812,130.05148315429688,130.07943725585938,130.13612365722656,129.9636993408203,129.92713928222656,129.93731689453125,130.0635528564453,129.91183471679688,129.95741271972656,130.06336975097656,129.93417358398438,130.1325225830078,129.9922637939453,129.93907165527344,130.81307983398438,130.21107482910156,130.47711181640625,130.2264404296875,130.1749267578125,129.90240478515625,129.91249084472656,130.04933166503906,130.07272338867188,129.94454956054688,130.0161895751953,129.89430236816406,129.9768829345703
137,130.00782775878906,129.95021057128906,129.95484924316406,130.3118133544922,129.93710327148438,129.8882293701172,129.97169494628906,129.944580078125,130.11000061035156,129.9689178466797,129.90423583984375,129.89358520507812,129.9683380126953,129.9539031982422,130.0727996826172,130.0318603515625,129.93460083007812,129.8949432373047,129.9351348876953,129.915771484375,129.9011993408203,130.03472900390625,129.92835998535156,129.95205688476562,129.8995819091797,130.18785095214844,129.96005249023438,131.1667022705078,129.9040069580078,130.04510498046875,129.91290283203125,130.31607055664062,129.91171264648438,130.0827178955078,129.9007568359375,129.9493408203125,129.93569946289062,129.95274353027344,131.28392028808594,129.88522338867188,129.90357971191406,129.90113830566406,129.88560485839844,129.90757751464844,129.95089721679688,130.0779266357422,129.93548583984375,130.06494140625,130.2170867919922,129.97186279296875,129.9064483642578,129.94302368164062,130.06797790527344,130.02052307128906,129.91543579101562,130.16221618652344,129.89247131347656,129.900390625,130.0700225830078,130.02381896972656,129.9641876220703,130.66981506347656,130.272705078125,130.107666015625,129.99705505371094,129.98130798339844,145.28924560546875,129.8914794921875,129.9536895751953,129.95497131347656,130.175048828125,129.8849334716797,129.90325927734375,130.0452880859375,130.0886993408203,130.11219787597656,129.96768188476562,129.9259033203125,129.9370574951172,130.0452117919922,129.91116333007812,129.95301818847656,130.06361389160156,129.93235778808594,130.14903259277344,129.9918670654297,129.92495727539062,130.9837188720703,130.23184204101562,130.4366455078125,130.18112182617188,130.1359100341797,129.90206909179688,129.91062927246094,130.0491943359375,130.07064819335938,129.94454956054688,130.01351928710938,129.89382934570312,129.9871368408203
138,130.00494384765625,129.9532012939453,129.95545959472656,130.24240112304688,129.93667602539062,129.8878173828125,129.9708709716797,129.9439697265625,130.1081085205078,129.96902465820312,129.90109252929688,129.89419555664062,129.96450805664062,129.94998168945312,130.07058715820312,130.03158569335938,129.93447875976562,129.8941192626953,129.9311065673828,129.91363525390625,129.89712524414062,130.0318145751953,129.9279022216797,129.95208740234375,129.89834594726562,130.1880340576172,129.96139526367188,131.35061645507812,129.9020233154297,130.00613403320312,129.91220092773438,130.30819702148438,129.9073486328125,130.08334350585938,129.90054321289062,129.9393310546875,129.9355926513672,129.94009399414062,131.43032836914062,129.8850860595703,129.9040985107422,129.9010772705078,129.88595581054688,129.90232849121094,129.94854736328125,130.07716369628906,129.93528747558594,130.0631561279297,130.11679077148438,129.963134765625,129.9061737060547,129.94158935546875,130.06246948242188,130.01510620117188,129.9150848388672,130.09097290039062,129.8920440673828,129.9004364013672,130.09881591796875,130.0220489501953,129.95553588867188,130.6665496826172,130.27346801757812,130.1051025390625,129.99349975585938,129.97027587890625,144.23776245117188,129.89073181152344,129.94960021972656,129.94496154785156,130.16505432128906,129.8846893310547,129.90322875976562,130.03956604003906,130.06484985351562,130.10533142089844,129.95938110351562,129.9247589111328,129.93704223632812,130.03262329101562,129.9098663330078,129.9471893310547,130.06256103515625,129.931640625,130.1484375,129.9918975830078,129.92613220214844,130.71212768554688,130.16729736328125,130.2845001220703,130.14724731445312,130.10369873046875,129.90159606933594,129.9102783203125,130.04296875,130.06903076171875,129.94435119628906,130.0092315673828,129.89381408691406,129.9575653076172
139,130.0035858154297,129.95458984375,129.95571899414062,130.23507690429688,129.93643188476562,129.8880157470703,129.9690704345703,129.94393920898438,130.1078338623047,129.96868896484375,129.902099609375,129.89178466796875,129.9603729248047,129.9473419189453,130.06956481933594,130.03614807128906,129.9338836669922,129.8941650390625,129.92718505859375,129.9131622314453,129.8947296142578,130.03091430664062,129.9275665283203,129.9519805908203,129.89834594726562,130.18679809570312,129.9534149169922,131.41351318359375,129.9003448486328,130.0153350830078,129.91050720214844,130.30215454101562,129.90589904785156,130.06866455078125,129.90061950683594,129.93032836914062,129.93551635742188,129.92469787597656,131.30580139160156,129.88504028320312,129.90371704101562,129.90097045898438,129.8856201171875,129.9014892578125,129.94911193847656,130.0767822265625,129.93496704101562,130.06344604492188,130.10665893554688,129.95339965820312,129.90591430664062,129.94374084472656,130.05230712890625,130.0065155029297,129.91456604003906,130.1085205078125,129.89035034179688,129.9004669189453,130.03431701660156,130.02029418945312,129.94749450683594,130.6660919189453,130.27142333984375,130.10409545898438,129.9852294921875,129.96286010742188,145.65032958984375,129.89047241210938,129.9442901611328,129.94334411621094,130.157958984375,129.8845977783203,129.9033203125,130.03628540039062,130.0536346435547,130.10377502441406,129.95440673828125,129.9243621826172,129.93678283691406,130.03526306152344,129.90786743164062,129.9402618408203,130.06253051757812,129.9290008544922,130.15145874023438,129.9911651611328,129.92127990722656,130.73826599121094,130.14527893066406,130.2374267578125,130.13919067382812,130.1073760986328,129.9012451171875,129.9096221923828,130.0377655029297,130.0677490234375,129.94430541992188,130.00390625,129.89195251464844,129.95437622070312
140,130.00257873535156,129.95982360839844,129.95404052734375,130.2213592529297,129.93582153320312,129.88787841796875,129.9676055908203,129.94284057617188,130.10731506347656,129.96841430664062,129.898681640625,129.89041137695312,129.94581604003906,129.9533233642578,130.06900024414062,130.03189086914062,129.93276977539062,129.8938751220703,129.92758178710938,129.91192626953125,129.8955841064453,130.02960205078125,129.92779541015625,129.95196533203125,129.89776611328125,130.18606567382812,129.95030212402344,131.02012634277344,129.8998565673828,130.0006103515625,129.90945434570312,130.3016815185547,129.9041290283203,130.06065368652344,129.90052795410156,129.93797302246094,129.9354705810547,129.93206787109375,131.20175170898438,129.88482666015625,129.9033660888672,129.90054321289062,129.8852996826172,129.9038543701172,129.94900512695312,130.07626342773438,129.9346923828125,130.06201171875,130.06536865234375,129.95126342773438,129.90560913085938,129.94326782226562,130.0474090576172,130.00318908691406,129.91461181640625,130.05364990234375,129.88914489746094,129.90032958984375,130.04283142089844,130.0205841064453,129.9429168701172,130.6690673828125,130.27120971679688,130.1040496826172,129.9854278564453,129.949951171875,145.2602081298828,129.89060974121094,129.93260192871094,129.94256591796875,130.1399688720703,129.88453674316406,129.90310668945312,130.03189086914062,130.02430725097656,130.0821075439453,129.9479217529297,129.9231719970703,129.93673706054688,130.04653930664062,129.9084930419922,129.93731689453125,130.06161499023438,129.92799377441406,130.14501953125,129.99114990234375,129.91226196289062,130.4767303466797,130.15699768066406,130.22535705566406,130.12290954589844,130.09527587890625,129.90093994140625,129.90948486328125,130.0400848388672,130.066650390625,129.94430541992188,130.00144958496094,129.89466857910156,129.94813537597656
141,130.00180053710938,129.96360778808594,129.9523162841797,130.18406677246094,129.9356231689453,129.88694763183594,129.9677734375,129.94277954101562,130.10748291015625,129.96827697753906,129.89895629882812,129.89056396484375,129.94717407226562,129.94627380371094,130.06817626953125,130.03526306152344,129.93264770507812,129.89410400390625,129.92684936523438,129.91395568847656,129.89231872558594,130.0294189453125,129.927490234375,129.95191955566406,129.89764404296875,130.18499755859375,129.95233154296875,130.80279541015625,129.8995361328125,129.99440002441406,129.90924072265625,130.3041534423828,129.90447998046875,130.06361389160156,129.90040588378906,129.9296112060547,129.93545532226562,129.92010498046875,131.4510498046875,129.88470458984375,129.9044952392578,129.90065002441406,129.88494873046875,129.9025115966797,129.94810485839844,130.07481384277344,129.9347686767578,130.06150817871094,130.05409240722656,129.93701171875,129.90518188476562,129.9394989013672,130.04847717285156,130.00311279296875,129.91456604003906,130.0241241455078,129.88897705078125,129.90020751953125,129.99839782714844,130.02059936523438,129.95123291015625,130.66812133789062,130.2698211669922,130.10279846191406,129.98703002929688,129.95526123046875,144.29840087890625,129.88900756835938,129.93569946289062,129.93495178222656,130.14694213867188,129.8844451904297,129.90281677246094,130.03172302246094,130.01560974121094,130.07211303710938,129.94708251953125,129.9236297607422,129.93667602539062,130.0368194580078,129.9076690673828,129.9385528564453,130.0619659423828,129.92784118652344,130.08831787109375,129.99095153808594,129.91610717773438,130.4874267578125,130.13319396972656,130.22389221191406,130.11354064941406,130.09457397460938,129.90066528320312,129.9085235595703,130.03436279296875,130.06578063964844,129.9443359375,129.99758911132812,129.8914794921875,129.94114685058594
142,130.00050354003906,129.96221923828125,129.95138549804688,130.14779663085938,129.9359893798828,129.886474609375,129.9668426513672,129.9429168701172,130.10687255859375,129.96835327148438,129.8985595703125,129.8896026611328,129.94906616210938,129.94578552246094,130.06825256347656,130.03343200683594,129.93182373046875,129.89381408691406,129.9237518310547,129.91102600097656,129.89065551757812,130.02975463867188,129.92698669433594,129.95188903808594,129.89764404296875,130.18272399902344,129.95172119140625,131.06460571289062,129.898193359375,129.9842529296875,129.90699768066406,130.29864501953125,129.90016174316406,130.0213623046875,129.90037536621094,129.9295196533203,129.93545532226562,129.91629028320312,131.25494384765625,129.88467407226562,129.90292358398438,129.90048217773438,129.8846435546875,129.9010467529297,129.9492950439453,130.07537841796875,129.93418884277344,130.06082153320312,130.03463745117188,129.9417724609375,129.9051971435547,129.94415283203125,130.04763793945312,130.00613403320312,129.91415405273438,130.0118408203125,129.8890838623047,129.89991760253906,129.9907684326172,130.0183563232422,129.94049072265625,130.664794921875,130.27110290527344,130.10252380371094,129.97235107421875,129.94696044921875,144.34103393554688,129.8888702392578,129.92811584472656,129.93692016601562,130.15274047851562,129.88453674316406,129.90261840820312,130.03033447265625,130.00857543945312,130.07479858398438,129.94287109375,129.92286682128906,129.93653869628906,130.03378295898438,129.90582275390625,129.93402099609375,130.06118774414062,129.92849731445312,130.0914764404297,129.9907989501953,129.9071502685547,130.48397827148438,130.13931274414062,130.12757873535156,130.08497619628906,130.08038330078125,129.900146484375,129.9080352783203,130.0352020263672,130.0649871826172,129.94424438476562,129.9965057373047,129.88980102539062,129.93243408203125
143,129.99923706054688,129.954833984375,129.94883728027344,130.1188201904297,129.9357452392578,129.88612365722656,129.96627807617188,129.94265747070312,130.10682678222656,129.9682159423828,129.89553833007812,129.88882446289062,129.93203735351562,129.9457244873047,130.0674591064453,130.03309631347656,129.9309539794922,129.8934326171875,129.9220733642578,129.91119384765625,129.89097595214844,130.02896118164062,129.92686462402344,129.951904296875,129.89718627929688,130.17457580566406,129.947021484375,130.76947021484375,129.89781188964844,129.98619079589844,129.90599060058594,130.30003356933594,129.9051971435547,129.9930419921875,129.90040588378906,129.92893981933594,129.93539428710938,129.91297912597656,131.31248474121094,129.88442993164062,129.90225219726562,129.9003143310547,129.8847198486328,129.89590454101562,129.94845581054688,130.0744171142578,129.93385314941406,130.06045532226562,130.00340270996094,129.9337615966797,129.90504455566406,129.9369354248047,130.0432891845703,129.99879455566406,129.91409301757812,129.997802734375,129.8877716064453,129.8999786376953,130.0043487548828,130.01605224609375,129.9308319091797,130.66302490234375,130.26882934570312,130.1007843017578,129.96595764160156,129.94482421875,145.41961669921875,129.88787841796875,129.92584228515625,129.93365478515625,130.1230010986328,129.88446044921875,129.90261840820312,130.02590942382812,130.00477600097656,130.06158447265625,129.93873596191406,129.92288208007812,129.93646240234375,130.03689575195312,129.90562438964844,129.93832397460938,130.06106567382812,129.92739868164062,130.05123901367188,129.99082946777344,129.90879821777344,130.43751525878906,130.11695861816406,130.1521453857422,130.08731079101562,130.08013916015625,129.900146484375,129.90711975097656,130.03125,130.063232421875,129.9442138671875,129.99203491210938,129.8883819580078,129.9332275390625
144,129.9978790283203,129.96336364746094,129.9475555419922,130.10830688476562,129.9352264404297,129.8859100341797,129.96539306640625,129.9427032470703,130.10630798339844,129.9681396484375,129.8958282470703,129.88748168945312,129.9363250732422,129.9491729736328,130.06773376464844,130.03713989257812,129.93089294433594,129.89309692382812,129.9230499267578,129.90870666503906,129.89093017578125,130.02845764160156,129.92662048339844,129.95181274414062,129.89710998535156,130.18173217773438,129.9423065185547,130.82266235351562,129.89785766601562,129.99142456054688,129.90585327148438,130.29306030273438,129.90029907226562,130.032958984375,129.9003143310547,129.92526245117188,129.9353485107422,129.91256713867188,131.0765838623047,129.88438415527344,129.9020538330078,129.9003448486328,129.8845977783203,129.89476013183594,129.94674682617188,130.07496643066406,129.93394470214844,130.05996704101562,130.0052032470703,129.92469787597656,129.90499877929688,129.94503784179688,130.0397491455078,129.99415588378906,129.91390991210938,129.99954223632812,129.8878631591797,129.89987182617188,129.9706573486328,130.01483154296875,129.9285125732422,130.6605682373047,130.26846313476562,130.10105895996094,129.96595764160156,129.940673828125,145.32046508789062,129.88711547851562,129.9245147705078,129.93408203125,130.13418579101562,129.88429260253906,129.90248107910156,130.02267456054688,129.9901580810547,130.0564422607422,129.93936157226562,129.922607421875,129.93650817871094,130.0318145751953,129.90496826171875,129.93287658691406,130.06117248535156,129.92660522460938,130.0572052001953,129.99066162109375,129.90509033203125,130.40487670898438,130.09901428222656,130.13623046875,130.0791778564453,130.0777587890625,129.89996337890625,129.90687561035156,130.02806091308594,130.06297302246094,129.94422912597656,129.9934539794922,129.88796997070312,129.9243927001953
145,129.9979248046875,129.9525604248047,129.9477081298828,130.11566162109375,129.93519592285156,129.88539123535156,129.96536254882812,129.94253540039062,130.1063995361328,129.96812438964844,129.89451599121094,129.88739013671875,129.9289093017578,129.94442749023438,130.06700134277344,130.0348663330078,129.9302978515625,129.8929901123047,129.92098999023438,129.90809631347656,129.89117431640625,130.02955627441406,129.92608642578125,129.95179748535156,129.89720153808594,130.18341064453125,129.9414520263672,130.55706787109375,129.89712524414062,129.98890686035156,129.9053497314453,130.29171752929688,129.8976593017578,129.97506713867188,129.90013122558594,129.92401123046875,129.9353485107422,129.9092254638672,131.29656982421875,129.88426208496094,129.90187072753906,129.9002227783203,129.8844757080078,129.89488220214844,129.94715881347656,130.0733184814453,129.9337158203125,130.05995178222656,129.96409606933594,129.92721557617188,129.90478515625,129.93655395507812,130.0396728515625,129.992431640625,129.91368103027344,129.9849395751953,129.88717651367188,129.899658203125,129.9574737548828,130.01528930664062,129.9258270263672,130.6601104736328,130.27000427246094,130.10012817382812,129.96112060546875,129.93597412109375,144.501708984375,129.88665771484375,129.92332458496094,129.93856811523438,130.11460876464844,129.8842315673828,129.90269470214844,130.0236053466797,129.970703125,130.0474395751953,129.9358673095703,129.9226837158203,129.93634033203125,130.02252197265625,129.90426635742188,129.93125915527344,130.06065368652344,129.92611694335938,130.0550537109375,129.99053955078125,129.9043731689453,130.32745361328125,130.0753631591797,130.09893798828125,130.07041931152344,130.06837463378906,129.89968872070312,129.9064483642578,130.02862548828125,130.06224060058594,129.94419860839844,129.99209594726562,129.88751220703125,129.92189025878906
146,129.9967498779297,129.9490203857422,129.9459228515625,130.11180114746094,129.9351348876953,129.8857879638672,129.9650115966797,129.94216918945312,130.1060791015625,129.96807861328125,129.8951873779297,129.88726806640625,129.9204559326172,129.946044921875,130.06736755371094,130.0338592529297,129.93017578125,129.892822265625,129.9202423095703,129.9080352783203,129.88961791992188,130.02577209472656,129.9262237548828,129.95179748535156,129.89659118652344,130.191650390625,129.9392852783203,130.36351013183594,129.89706420898438,129.972900390625,129.9047393798828,130.290771484375,129.89559936523438,129.94944763183594,129.900146484375,129.91888427734375,129.9353485107422,129.90719604492188,131.3232879638672,129.88424682617188,129.90164184570312,129.90013122558594,129.88430786132812,129.89305114746094,129.9468994140625,130.07345581054688,129.93353271484375,130.05958557128906,129.96018981933594,129.92001342773438,129.9046630859375,129.935546875,130.03794860839844,129.98851013183594,129.91371154785156,129.98236083984375,129.8869171142578,129.89974975585938,129.95352172851562,130.01373291015625,129.92819213867188,130.66000366210938,130.26953125,130.09950256347656,129.95741271972656,129.93540954589844,145.4474334716797,129.8866729736328,129.92434692382812,129.9640350341797,130.1070556640625,129.88418579101562,129.90248107910156,130.02359008789062,129.9768829345703,130.05027770996094,129.93553161621094,129.92190551757812,129.93630981445312,130.02015686035156,129.90335083007812,129.9319305419922,130.06060791015625,129.92532348632812,130.04327392578125,129.9902801513672,129.90267944335938,130.3531951904297,130.05697631835938,130.11886596679688,130.06082153320312,130.06719970703125,129.8997039794922,129.905517578125,130.0263671875,130.06158447265625,129.94412231445312,129.99058532714844,129.88821411132812,129.9197540283203
147,129.99563598632812,129.94969177246094,129.94482421875,130.10011291503906,129.9351043701172,129.88514709472656,129.96473693847656,129.9419403076172,130.1060791015625,129.9679718017578,129.89431762695312,129.8865966796875,129.9209442138672,129.94268798828125,130.06649780273438,130.02757263183594,129.92941284179688,129.89276123046875,129.91966247558594,129.9077911376953,129.88804626464844,130.02354431152344,129.9260711669922,129.95179748535156,129.8966064453125,130.2195587158203,129.9379119873047,130.28994750976562,129.8966064453125,129.9731903076172,129.90415954589844,130.29005432128906,129.89596557617188,129.9536590576172,129.90011596679688,129.91778564453125,129.93533325195312,129.9025421142578,131.25352478027344,129.88412475585938,129.90130615234375,129.90008544921875,129.88421630859375,129.88963317871094,129.94656372070312,130.07273864746094,129.9334259033203,130.06015014648438,129.94509887695312,129.91595458984375,129.90475463867188,129.93753051757812,130.038330078125,129.9901580810547,129.91355895996094,129.9774932861328,129.88629150390625,129.89968872070312,129.9464874267578,130.0137939453125,129.9215545654297,130.6575469970703,130.26583862304688,130.09915161132812,129.95640563964844,129.9373321533203,144.37271118164062,129.88629150390625,129.91783142089844,129.94436645507812,130.09869384765625,129.8840789794922,129.90223693847656,130.02056884765625,129.96592712402344,130.0413055419922,129.93228149414062,129.9212646484375,129.93618774414062,130.0240020751953,129.90283203125,129.9310760498047,130.06060791015625,129.923828125,130.01390075683594,129.99032592773438,129.89862060546875,130.3430938720703,130.0435028076172,130.1265869140625,130.05091857910156,130.07017517089844,129.8996124267578,129.90557861328125,130.02706909179688,130.0626678466797,129.94415283203125,129.98696899414062,129.88711547851562,129.91590881347656
148,129.9958038330078,129.94346618652344,129.94468688964844,130.10267639160156,129.93496704101562,129.8851318359375,129.96484375,129.94174194335938,130.10592651367188,129.96804809570312,129.89450073242188,129.88674926757812,129.9200897216797,129.94122314453125,130.06600952148438,130.03575134277344,129.92909240722656,129.89256286621094,129.91818237304688,129.90689086914062,129.8872528076172,130.02256774902344,129.9257049560547,129.95181274414062,129.89657592773438,130.19259643554688,129.93582153320312,130.24046325683594,129.89633178710938,129.97193908691406,129.90383911132812,130.2891845703125,129.89401245117188,129.95164489746094,129.90005493164062,129.91607666015625,129.9352569580078,129.8997802734375,131.2887725830078,129.88409423828125,129.90093994140625,129.9001007080078,129.88418579101562,129.8905792236328,129.9466094970703,130.07249450683594,129.93333435058594,130.05958557128906,129.93911743164062,129.9146728515625,129.904541015625,129.93222045898438,130.03720092773438,129.98989868164062,129.91363525390625,129.9634552001953,129.8858642578125,129.8993377685547,129.93954467773438,130.01229858398438,129.91848754882812,130.65780639648438,130.26803588867188,130.09902954101562,129.9511260986328,129.9316864013672,145.20672607421875,129.88623046875,129.92047119140625,129.94866943359375,130.09445190429688,129.8840789794922,129.90211486816406,130.01943969726562,129.9609375,130.03738403320312,129.93064880371094,129.92750549316406,129.93612670898438,130.01402282714844,129.90225219726562,129.93067932128906,130.0601348876953,129.92369079589844,130.01156616210938,129.99020385742188,129.89671325683594,130.3478240966797,130.0205535888672,130.10833740234375,130.05206298828125,130.06466674804688,129.89950561523438,129.9049835205078,130.0263671875,130.0618896484375,129.944091796875,129.98599243164062,129.8861083984375,129.9117431640625
149,129.99505615234375,129.9416046142578,129.94383239746094,130.0931854248047,129.9348602294922,129.88514709472656,129.96432495117188,129.94146728515625,130.1055450439453,129.96792602539062,129.89425659179688,129.8863067626953,129.91529846191406,129.94119262695312,130.06617736816406,130.03858947753906,129.92869567871094,129.8924560546875,129.91770935058594,129.90626525878906,129.88792419433594,130.02609252929688,129.92550659179688,129.95181274414062,129.89634704589844,130.1924591064453,129.93702697753906,130.28758239746094,129.89630126953125,129.96742248535156,129.90353393554688,130.28829956054688,129.89254760742188,129.9562225341797,129.90005493164062,129.91574096679688,129.93528747558594,129.8964385986328,131.1383056640625,129.88409423828125,129.90086364746094,129.90016174316406,129.88421630859375,129.88905334472656,129.94581604003906,130.0726318359375,129.9333038330078,130.05950927734375,129.92776489257812,129.91429138183594,129.9046173095703,129.9303741455078,130.03579711914062,129.98507690429688,129.9134063720703,129.95773315429688,129.8854217529297,129.89950561523438,129.92982482910156,130.01187133789062,129.9165802001953,130.65789794921875,130.2653350830078,130.09878540039062,129.9517822265625,129.93218994140625,145.3398895263672,129.88595581054688,129.91355895996094,129.94944763183594,130.0874786376953,129.88401794433594,129.90211486816406,130.01539611816406,129.95870971679688,130.0351104736328,129.9285888671875,129.9298553466797,129.9361114501953,130.013427734375,129.90237426757812,129.93345642089844,130.06004333496094,129.92315673828125,130.02423095703125,129.99008178710938,129.89620971679688,130.28529357910156,130.00563049316406,130.08880615234375,130.0519256591797,130.06344604492188,129.8993682861328,129.90478515625,130.0247344970703,130.06179809570312,129.94406127929688,129.9851531982422,129.88613891601562,129.9108123779297
150,129.9947967529297,129.94192504882812,129.94400024414062,130.08541870117188,129.93466186523438,129.88478088378906,129.9642333984375,129.94154357910156,130.10548400878906,129.96780395507812,129.89376831054688,129.88612365722656,129.91526794433594,129.9397430419922,130.06564331054688,130.04510498046875,129.92892456054688,129.892333984375,129.9176025390625,129.90591430664062,129.8869171142578,130.02334594726562,129.92550659179688,129.95184326171875,129.8964385986328,130.1809844970703,129.9426727294922,130.27659606933594,129.89663696289062,129.96182250976562,129.9037322998047,130.28761291503906,129.89271545410156,129.95440673828125,129.90003967285156,129.91531372070312,129.93533325195312,129.89743041992188,131.051513671875,129.88401794433594,129.9008331298828,129.90003967285156,129.88417053222656,129.88893127441406,129.94583129882812,130.072509765625,129.93312072753906,130.05929565429688,129.92877197265625,129.9109344482422,129.90452575683594,129.92605590820312,130.0362548828125,129.98509216308594,129.9133758544922,129.96319580078125,129.8855438232422,129.89920043945312,129.921142578125,130.011962890625,129.91574096679688,130.65638732910156,130.263916015625,130.0984649658203,129.94830322265625,129.92868041992188,144.6121368408203,129.88546752929688,129.91163635253906,129.9328155517578,130.08311462402344,129.88397216796875,129.90206909179688,130.01524353027344,129.95343017578125,130.0287322998047,129.92733764648438,129.9281005859375,129.93589782714844,130.0164337158203,129.90184020996094,129.93154907226562,130.06005859375,129.92330932617188,130.01675415039062,129.99005126953125,129.89569091796875,130.24554443359375,129.99545288085938,130.05459594726562,130.04075622558594,130.06967163085938,129.89938354492188,129.90484619140625,130.0230712890625,130.0616455078125,129.94407653808594,129.98321533203125,129.88584899902344,129.91146850585938
151,129.99478149414062,129.94105529785156,129.94229125976562,130.06983947753906,129.9345703125,129.8846893310547,129.96385192871094,129.94140625,130.10545349121094,129.9678192138672,129.8933868408203,129.88572692871094,129.91078186035156,129.9388885498047,130.0655517578125,130.0469512939453,129.92884826660156,129.89210510253906,129.9171600341797,129.90560913085938,129.8864288330078,130.02279663085938,129.92529296875,129.95184326171875,129.89622497558594,130.16932678222656,129.9426727294922,130.11920166015625,129.89588928222656,129.96145629882812,129.9031524658203,130.2865753173828,129.8912811279297,129.9243927001953,129.90003967285156,129.91522216796875,129.93527221679688,129.89389038085938,130.78599548339844,129.8839874267578,129.9005584716797,129.89993286132812,129.8840789794922,129.8881378173828,129.9454803466797,130.0723419189453,129.9330291748047,130.0591278076172,129.92005920410156,129.9111785888672,129.90438842773438,129.9264678955078,130.03367614746094,129.98426818847656,129.91331481933594,129.95423889160156,129.8851776123047,129.89895629882812,129.92189025878906,130.01136779785156,129.91024780273438,130.65643310546875,130.26358032226562,130.09840393066406,129.94769287109375,129.92723083496094,145.3900146484375,129.8856201171875,129.91012573242188,129.92886352539062,130.08412170410156,129.88394165039062,129.90203857421875,130.0132293701172,129.95233154296875,130.02981567382812,129.928466796875,129.9336395263672,129.93594360351562,130.01254272460938,129.9014129638672,129.9290008544922,130.0598907470703,129.92288208007812,130.01019287109375,129.989990234375,129.8932342529297,130.21823120117188,129.9927520751953,130.05560302734375,130.0358123779297,130.0596160888672,129.8992462158203,129.90415954589844,130.02198791503906,130.061279296875,129.944091796875,129.98410034179688,129.88577270507812,129.91156005859375
152,129.99417114257812,129.9394073486328,129.94223022460938,130.0625762939453,129.93434143066406,129.88455200195312,129.96351623535156,129.94137573242188,130.1054229736328,129.9678497314453,129.89353942871094,129.88577270507812,129.90972900390625,129.93768310546875,130.06521606445312,130.0383758544922,129.9284210205078,129.8920440673828,129.91688537597656,129.9054412841797,129.88613891601562,130.02239990234375,129.92515563964844,129.95179748535156,129.8961639404297,130.15916442871094,129.9492950439453,130.1383056640625,129.89564514160156,129.95883178710938,129.90289306640625,130.2847442626953,129.8909912109375,129.9195098876953,129.90003967285156,129.91455078125,129.9352264404297,129.89442443847656,130.7195281982422,129.88397216796875,129.90049743652344,129.9000701904297,129.88406372070312,129.8877716064453,129.94520568847656,130.07217407226562,129.9329376220703,130.0587158203125,129.9180450439453,129.90965270996094,129.90435791015625,129.92507934570312,130.03810119628906,129.9822998046875,129.9132080078125,129.95542907714844,129.88502502441406,129.89869689941406,129.91818237304688,130.0116729736328,129.91488647460938,130.6559295654297,130.26219177246094,130.09820556640625,129.9461669921875,129.92626953125,145.96658325195312,129.88504028320312,129.9098358154297,129.92306518554688,130.0839385986328,129.8839111328125,129.9020538330078,130.0135955810547,129.94879150390625,130.02655029296875,129.9269561767578,129.93125915527344,129.93582153320312,130.00721740722656,129.90106201171875,129.9272918701172,130.05984497070312,129.9230499267578,130.00497436523438,129.99002075195312,129.89109802246094,130.19558715820312,130.0021514892578,130.04266357421875,130.03858947753906,130.05650329589844,129.8992156982422,129.9040069580078,130.02175903320312,130.0604248046875,129.94407653808594,129.9809112548828,129.88536071777344,129.90855407714844
153,129.9937286376953,129.93824768066406,129.94192504882812,130.0679473876953,129.93434143066406,129.88433837890625,129.96348571777344,129.9414825439453,130.10572814941406,129.96780395507812,129.8935546875,129.8851776123047,129.90927124023438,129.9363555908203,130.06527709960938,130.03341674804688,129.92811584472656,129.8920440673828,129.91583251953125,129.90550231933594,129.88583374023438,130.02188110351562,129.9250946044922,129.95179748535156,129.89608764648438,130.15269470214844,129.94479370117188,130.09307861328125,129.8957977294922,129.9563446044922,129.90296936035156,130.2846221923828,129.88851928710938,129.92144775390625,129.9000244140625,129.91403198242188,129.9352264404297,129.8938751220703,130.80462646484375,129.8839874267578,129.90020751953125,129.90003967285156,129.88400268554688,129.88818359375,129.9448699951172,130.07293701171875,129.93296813964844,130.05845642089844,129.92076110839844,129.9079132080078,129.90411376953125,129.92449951171875,130.03582763671875,129.98007202148438,129.9131317138672,129.94908142089844,129.88490295410156,129.89878845214844,129.91433715820312,130.01092529296875,129.91017150878906,130.65496826171875,130.26019287109375,130.09808349609375,129.9475555419922,129.92532348632812,144.4857940673828,129.8849639892578,129.91078186035156,129.92918395996094,130.0845489501953,129.88389587402344,129.9019775390625,130.01438903808594,129.94903564453125,130.02130126953125,129.9251251220703,129.92724609375,129.93582153320312,130.0130157470703,129.90086364746094,129.93203735351562,130.05967712402344,129.92276000976562,129.99667358398438,129.98989868164062,129.89024353027344,130.21896362304688,130.0007781982422,130.0491943359375,130.0338897705078,130.05238342285156,129.89913940429688,129.90383911132812,130.02090454101562,130.05963134765625,129.94407653808594,129.97915649414062,129.88539123535156,129.9055633544922
154,129.9937286376953,129.93995666503906,129.94219970703125,130.07872009277344,129.934326171875,129.88430786132812,129.96340942382812,129.94134521484375,130.10531616210938,129.96775817871094,129.89276123046875,129.88511657714844,129.9080352783203,129.93548583984375,130.06483459472656,130.03024291992188,129.9278106689453,129.89198303222656,129.9155731201172,129.9050750732422,129.88558959960938,130.02096557617188,129.92501831054688,129.95181274414062,129.89602661132812,130.1494903564453,129.95498657226562,130.05548095703125,129.8958740234375,129.9596710205078,129.90260314941406,130.28411865234375,129.88876342773438,129.91639709472656,129.90005493164062,129.9116668701172,129.93521118164062,129.89288330078125,130.71730041503906,129.88389587402344,129.900634765625,129.90016174316406,129.88397216796875,129.8865509033203,129.94480895996094,130.07382202148438,129.93289184570312,130.05824279785156,129.90878295898438,129.90603637695312,129.90408325195312,129.92459106445312,130.03651428222656,129.98016357421875,129.9131622314453,129.94467163085938,129.8846893310547,129.89857482910156,129.90631103515625,130.01025390625,129.90890502929688,130.65457153320312,130.25936889648438,130.09780883789062,129.94772338867188,129.9248046875,145.4020233154297,129.88497924804688,129.9088592529297,129.919189453125,130.0763702392578,129.88389587402344,129.9019775390625,130.012451171875,129.94869995117188,130.0196533203125,129.92657470703125,129.92794799804688,129.93576049804688,130.01258850097656,129.9006805419922,129.93096923828125,130.0596923828125,129.92250061035156,129.98536682128906,129.9898681640625,129.88949584960938,130.18666076660156,129.9918670654297,130.02371215820312,130.0330810546875,130.05245971679688,129.8991241455078,129.90354919433594,130.0201873779297,130.0592803955078,129.94412231445312,129.97927856445312,129.88494873046875,129.90647888183594
155,129.9930877685547,129.9386444091797,129.94186401367188,130.065673828125,129.93435668945312,129.8843536376953,129.9632568359375,129.94139099121094,130.10520935058594,129.96775817871094,129.89329528808594,129.88507080078125,129.90603637695312,129.93516540527344,130.06419372558594,130.01866149902344,129.92759704589844,129.89186096191406,129.91537475585938,129.90484619140625,129.88546752929688,130.02078247070312,129.92495727539062,129.95179748535156,129.89578247070312,130.14578247070312,129.95257568359375,130.02630615234375,129.89588928222656,129.95205688476562,129.90255737304688,130.28370666503906,129.8882293701172,129.9130859375,129.89996337890625,129.91139221191406,129.93524169921875,129.89068603515625,130.6273956298828,129.8839111328125,129.9003448486328,129.90023803710938,129.88397216796875,129.88662719726562,129.9445037841797,130.073486328125,129.9329071044922,130.05825805664062,129.90472412109375,129.9045867919922,129.90391540527344,129.9228973388672,130.0360107421875,129.9781951904297,129.9131317138672,129.94606018066406,129.88462829589844,129.8986358642578,129.90403747558594,130.0096435546875,129.90672302246094,130.65432739257812,130.25692749023438,130.09780883789062,129.94886779785156,129.92417907714844,145.27227783203125,129.88497924804688,129.9078369140625,129.9171600341797,130.0786895751953,129.8838653564453,129.90187072753906,130.0127716064453,129.9444122314453,130.0177001953125,129.9250030517578,129.92701721191406,129.93577575683594,130.02011108398438,129.90057373046875,129.9324493408203,130.05963134765625,129.92276000976562,129.97642517089844,129.98989868164062,129.88955688476562,130.1973419189453,129.9815673828125,130.0150909423828,130.0270233154297,130.0509490966797,129.89907836914062,129.903564453125,130.01953125,130.05926513671875,129.944091796875,129.97950744628906,129.8850555419922,129.90370178222656
156,129.9930419921875,129.93690490722656,129.941650390625,130.05104064941406,129.93406677246094,129.88421630859375,129.96310424804688,129.9412384033203,130.1051025390625,129.96774291992188,129.89418029785156,129.88491821289062,129.906005859375,129.93435668945312,130.0644073486328,130.0213165283203,129.92750549316406,129.89186096191406,129.9151611328125,129.90505981445312,129.8853302001953,130.02145385742188,129.9249725341797,129.95179748535156,129.89573669433594,130.13790893554688,129.98281860351562,130.00450134277344,129.89566040039062,129.95220947265625,129.9024200439453,130.28330993652344,129.88748168945312,129.9198760986328,129.8999786376953,129.9120635986328,129.93521118164062,129.8913116455078,130.56138610839844,129.88389587402344,129.90020751953125,129.900146484375,129.8839569091797,129.88650512695312,129.9442138671875,130.0733184814453,129.93289184570312,130.05819702148438,129.9060821533203,129.90272521972656,129.90390014648438,129.92147827148438,130.0356903076172,129.97821044921875,129.9130859375,129.94241333007812,129.88455200195312,129.8985595703125,129.90318298339844,130.00962829589844,129.9070587158203,130.65403747558594,130.2554168701172,130.09762573242188,129.9484100341797,129.92410278320312,145.37359619140625,129.88458251953125,129.90582275390625,129.91038513183594,130.0761260986328,129.8838653564453,129.90182495117188,130.01174926757812,129.94503784179688,130.01727294921875,129.92428588867188,129.92396545410156,129.935791015625,130.01866149902344,129.90054321289062,129.9387664794922,130.05947875976562,129.92262268066406,129.95635986328125,129.98983764648438,129.88885498046875,130.19537353515625,129.96856689453125,130.01620483398438,130.02613830566406,130.0491943359375,129.8990478515625,129.90350341796875,130.01951599121094,130.05909729003906,129.944091796875,129.97817993164062,129.88475036621094,129.90321350097656
157,129.99269104003906,129.93516540527344,129.94091796875,130.05238342285156,129.93409729003906,129.88421630859375,129.96295166015625,129.94119262695312,130.10507202148438,129.96775817871094,129.89358520507812,129.8848419189453,129.9052276611328,129.93370056152344,130.0640106201172,130.01097106933594,129.9271697998047,129.89187622070312,129.9149932861328,129.90476989746094,129.88519287109375,130.0233612060547,129.9248046875,129.95176696777344,129.8957977294922,130.1381072998047,129.9839630126953,129.98013305664062,129.8959197998047,129.94961547851562,129.9024200439453,130.28302001953125,129.88760375976562,129.90908813476562,129.8999481201172,129.9114532470703,129.93524169921875,129.88992309570312,130.4458465576172,129.88389587402344,129.900146484375,129.90028381347656,129.8839111328125,129.88600158691406,129.94427490234375,130.07464599609375,129.93289184570312,130.0580596923828,129.90293884277344,129.9026641845703,129.90379333496094,129.9200439453125,130.0395050048828,129.9768829345703,129.91311645507812,129.9409942626953,129.8843994140625,129.89846801757812,129.90322875976562,130.0096435546875,129.90509033203125,130.65411376953125,130.254638671875,130.0974884033203,129.9525909423828,129.92347717285156,145.37303161621094,129.88450622558594,129.9057159423828,129.9093780517578,130.0733642578125,129.8838348388672,129.90182495117188,130.0120086669922,129.9451904296875,130.01515197753906,129.9235076904297,129.92181396484375,129.93572998046875,130.0226287841797,129.90036010742188,129.9342041015625,130.05947875976562,129.92324829101562,129.95904541015625,129.9897918701172,129.88754272460938,130.23074340820312,129.97044372558594,130.00787353515625,130.02456665039062,130.049560546875,129.8990478515625,129.90345764160156,130.01858520507812,130.0591583251953,129.9440460205078,129.97743225097656,129.88462829589844,129.90313720703125
158,129.9926300048828,129.9354705810547,129.94076538085938,130.04331970214844,129.9341278076172,129.8842010498047,129.96311950683594,129.94161987304688,130.10499572753906,129.96774291992188,129.8938446044922,129.88450622558594,129.90444946289062,129.93272399902344,130.06402587890625,130.01123046875,129.92706298828125,129.89183044433594,129.91477966308594,129.9044647216797,129.88494873046875,130.02224731445312,129.92478942871094,129.9517822265625,129.8956756591797,130.13478088378906,129.99876403808594,129.9917755126953,129.89566040039062,129.9481964111328,129.90220642089844,130.28221130371094,129.8876953125,129.9092559814453,129.89991760253906,129.9109344482422,129.93521118164062,129.88893127441406,130.420654296875,129.8839111328125,129.9003448486328,129.90008544921875,129.8838653564453,129.8858642578125,129.9438018798828,130.07315063476562,129.93276977539062,130.0579376220703,129.90480041503906,129.9026641845703,129.90380859375,129.91929626464844,130.0397491455078,129.9767303466797,129.91314697265625,129.9407958984375,129.88429260253906,129.8983612060547,129.89869689941406,130.00979614257812,129.9048309326172,130.65353393554688,130.25433349609375,130.0974884033203,129.94952392578125,129.92337036132812,145.23175048828125,129.88436889648438,129.90586853027344,129.90219116210938,130.07330322265625,129.8838348388672,129.9019012451172,130.01165771484375,129.9417724609375,130.0128936767578,129.92294311523438,129.917724609375,129.9357452392578,130.0247344970703,129.9003448486328,129.93545532226562,130.05938720703125,129.9222412109375,129.9632110595703,129.98980712890625,129.88819885253906,130.2316436767578,129.9614715576172,129.99801635742188,130.02163696289062,130.04608154296875,129.89901733398438,129.9033203125,130.01881408691406,130.05853271484375,129.94407653808594,129.9771270751953,129.88449096679688,129.90223693847656
159,129.99266052246094,129.93405151367188,129.94049072265625,130.0445556640625,129.93409729003906,129.88418579101562,129.96266174316406,129.94190979003906,130.10498046875,129.96771240234375,129.89503479003906,129.88453674316406,129.90386962890625,129.93292236328125,130.06361389160156,130.0064697265625,129.92697143554688,129.89186096191406,129.91456604003906,129.90455627441406,129.88485717773438,130.0214385986328,129.9247283935547,129.95176696777344,129.89561462402344,130.13320922851562,129.98724365234375,129.9750518798828,129.89576721191406,129.9465789794922,129.90231323242188,130.2816619873047,129.8875732421875,129.9088592529297,129.89991760253906,129.9100341796875,129.93521118164062,129.88818359375,130.49899291992188,129.8838653564453,129.89993286132812,129.8999786376953,129.88388061523438,129.8859405517578,129.94375610351562,130.0740203857422,129.9327850341797,130.0578155517578,129.90000915527344,129.9006805419922,129.90374755859375,129.92027282714844,130.04306030273438,129.97621154785156,129.9130859375,129.9395294189453,129.8843231201172,129.89830017089844,129.89630126953125,130.00958251953125,129.90335083007812,130.6533660888672,130.25338745117188,130.09747314453125,129.9479217529297,129.92327880859375,145.99900817871094,129.88427734375,129.90748596191406,129.90280151367188,130.07273864746094,129.8838348388672,129.90199279785156,130.0129852294922,129.94046020507812,130.0126495361328,129.922607421875,129.91671752929688,129.93569946289062,130.03182983398438,129.90023803710938,129.930419921875,130.05938720703125,129.92271423339844,129.94264221191406,129.9896697998047,129.8869171142578,130.163818359375,129.95294189453125,129.99159240722656,130.02117919921875,130.0465087890625,129.89898681640625,129.90338134765625,130.01828002929688,130.0584716796875,129.9440460205078,129.97669982910156,129.884521484375,129.9012451171875
160,129.99261474609375,129.9343719482422,129.9402618408203,130.0422821044922,129.93399047851562,129.88414001464844,129.96263122558594,129.94189453125,130.10487365722656,129.9677276611328,129.89450073242188,129.88446044921875,129.903076171875,129.93218994140625,130.0636444091797,129.9984893798828,129.92678833007812,129.89178466796875,129.91445922851562,129.9043731689453,129.88479614257812,130.0216827392578,129.92471313476562,129.95175170898438,129.89556884765625,130.12936401367188,129.990234375,129.9620361328125,129.89540100097656,129.94598388671875,129.9020538330078,130.28118896484375,129.88671875,129.90135192871094,129.89991760253906,129.908935546875,129.9352569580078,129.88780212402344,130.3906707763672,129.88385009765625,129.8997802734375,129.90008544921875,129.88392639160156,129.885498046875,129.943603515625,130.07278442382812,129.9326934814453,130.0578155517578,129.8999481201172,129.90072631835938,129.90367126464844,129.91859436035156,130.05018615722656,129.9757843017578,129.9130859375,129.936279296875,129.8843231201172,129.8982391357422,129.89759826660156,130.00906372070312,129.90328979492188,130.65318298339844,130.25184631347656,130.097412109375,129.94407653808594,129.92262268066406,145.35350036621094,129.88438415527344,129.90415954589844,129.9003143310547,130.06903076171875,129.88385009765625,129.90231323242188,130.01075744628906,129.94163513183594,130.01210021972656,129.9222412109375,129.91416931152344,129.93569946289062,130.02783203125,129.90028381347656,129.9275360107422,130.05943298339844,129.92286682128906,129.94876098632812,129.98965454101562,129.8870086669922,130.13809204101562,129.948974609375,129.98851013183594,130.02008056640625,130.04489135742188,129.89901733398438,129.90318298339844,130.01815795898438,130.05831909179688,129.9440155029297,129.97593688964844,129.88449096679688,129.89968872070312
161,129.99240112304688,129.93270874023438,129.93997192382812,130.03799438476562,129.9339599609375,129.884033203125,129.96263122558594,129.9420623779297,130.1048126220703,129.96768188476562,129.89498901367188,129.88436889648438,129.90277099609375,129.93161010742188,130.06353759765625,129.99545288085938,129.9268341064453,129.89175415039062,129.91441345214844,129.90423583984375,129.88458251953125,130.0205078125,129.92477416992188,129.95176696777344,129.89552307128906,130.126708984375,129.96653747558594,129.946533203125,129.89540100097656,129.94520568847656,129.90213012695312,130.2809600830078,129.8863983154297,129.9027862548828,129.89990234375,129.90878295898438,129.9352264404297,129.8876495361328,130.35293579101562,129.88385009765625,129.89981079101562,129.90003967285156,129.88389587402344,129.8853759765625,129.9436492919922,130.07373046875,129.9328155517578,130.05776977539062,129.89605712890625,129.90069580078125,129.90371704101562,129.9176788330078,130.04966735839844,129.97549438476562,129.9130401611328,129.93594360351562,129.88421630859375,129.898193359375,129.89569091796875,130.0087432861328,129.90243530273438,130.6532745361328,130.25262451171875,130.09742736816406,129.94171142578125,129.9229736328125,145.27865600585938,129.88418579101562,129.90521240234375,129.89857482910156,130.0655059814453,129.88381958007812,129.90243530273438,130.01080322265625,129.9394073486328,130.009765625,129.922119140625,129.91268920898438,129.9357147216797,130.00645446777344,129.900146484375,129.9276580810547,130.05943298339844,129.92352294921875,129.95831298828125,129.9897003173828,129.88636779785156,130.11700439453125,129.94654846191406,129.97850036621094,130.01882934570312,130.04290771484375,129.8990020751953,129.90318298339844,130.01797485351562,130.05796813964844,129.944091796875,129.97630310058594,129.88424682617188,129.8990478515625
162,129.99253845214844,129.93309020996094,129.93988037109375,130.03469848632812,129.9338836669922,129.88400268554688,129.96241760253906,129.9423828125,130.10476684570312,129.96768188476562,129.89649963378906,129.88429260253906,129.9027557373047,129.9311065673828,130.0633544921875,129.9929656982422,129.9265594482422,129.89173889160156,129.91429138183594,129.90419006347656,129.8844757080078,130.01951599121094,129.92469787597656,129.95176696777344,129.89544677734375,130.1266632080078,129.95933532714844,129.9445343017578,129.895263671875,129.9439239501953,129.90194702148438,130.2807159423828,129.88624572753906,129.90272521972656,129.89988708496094,129.90858459472656,129.93527221679688,129.88735961914062,130.430419921875,129.8838348388672,129.89952087402344,129.8998260498047,129.88388061523438,129.88523864746094,129.94357299804688,130.0759735107422,129.9327392578125,130.0578155517578,129.8964385986328,129.89999389648438,129.90367126464844,129.917236328125,130.04296875,129.97547912597656,129.91302490234375,129.93507385253906,129.88417053222656,129.898193359375,129.8955535888672,130.00877380371094,129.9020233154297,130.6527557373047,130.25042724609375,130.09732055664062,129.94117736816406,129.9227752685547,145.3351593017578,129.8842010498047,129.90550231933594,129.89739990234375,130.06231689453125,129.8838348388672,129.90383911132812,130.01060485839844,129.93881225585938,130.010498046875,129.92233276367188,129.91091918945312,129.9357147216797,129.99758911132812,129.90011596679688,129.9256134033203,130.0593719482422,129.92440795898438,129.95123291015625,129.9896240234375,129.885986328125,130.10833740234375,129.93838500976562,129.97726440429688,130.01795959472656,130.04302978515625,129.89895629882812,129.9031524658203,130.01768493652344,130.05792236328125,129.94410705566406,129.97618103027344,129.8842315673828,129.89935302734375
163,129.99253845214844,129.93223571777344,129.9396514892578,130.0370330810547,129.93385314941406,129.8839874267578,129.96241760253906,129.94329833984375,130.1048583984375,129.96768188476562,129.8960418701172,129.8842315673828,129.9019317626953,129.93048095703125,130.0633087158203,129.98878479003906,129.92657470703125,129.8917236328125,129.91415405273438,129.9041748046875,129.88455200195312,130.0182647705078,129.92471313476562,129.95176696777344,129.89553833007812,130.12257385253906,129.957763671875,129.95449829101562,129.89505004882812,129.9420623779297,129.9019317626953,130.281005859375,129.88565063476562,129.90159606933594,129.89987182617188,129.90855407714844,129.93519592285156,129.8867950439453,130.52210998535156,129.88385009765625,129.89938354492188,129.89976501464844,129.88388061523438,129.88510131835938,129.94357299804688,130.07814025878906,129.93264770507812,130.05763244628906,129.89500427246094,129.89932250976562,129.90357971191406,129.9171142578125,130.04762268066406,129.97543334960938,129.9130401611328,129.9341583251953,129.8841094970703,129.898193359375,129.89181518554688,130.00857543945312,129.901611328125,130.6528778076172,130.25070190429688,130.09730529785156,129.93856811523438,129.92213439941406,147.71231079101562,129.88414001464844,129.90443420410156,129.89572143554688,130.0602264404297,129.8838348388672,129.90431213378906,130.0105438232422,129.93753051757812,130.01077270507812,129.9217071533203,129.90875244140625,129.9356689453125,129.9982147216797,129.90008544921875,129.9247283935547,130.05934143066406,129.9261932373047,129.942138671875,129.98960876464844,129.88600158691406,130.10818481445312,129.9405059814453,129.97364807128906,130.01629638671875,130.0423126220703,129.89895629882812,129.90304565429688,130.01783752441406,130.05801391601562,129.94403076171875,129.97557067871094,129.88409423828125,129.8984832763672
164,129.9923858642578,129.93112182617188,129.9395294189453,130.0363311767578,129.933837890625,129.88397216796875,129.96240234375,129.942138671875,130.1049041748047,129.96768188476562,129.89413452148438,129.88417053222656,129.9020233154297,129.9302978515625,130.06324768066406,129.98760986328125,129.92649841308594,129.89166259765625,129.9141387939453,129.90402221679688,129.88442993164062,130.0189666748047,129.9246826171875,129.95175170898438,129.89544677734375,130.12115478515625,129.95201110839844,129.93475341796875,129.8949432373047,129.94200134277344,129.90185546875,130.28041076660156,129.88548278808594,129.8967742919922,129.89990234375,129.90806579589844,129.93519592285156,129.88694763183594,130.35447692871094,129.8838348388672,129.8993377685547,129.8997344970703,129.8838348388672,129.88511657714844,129.9435272216797,130.0955352783203,129.93263244628906,130.0575714111328,129.89254760742188,129.89932250976562,129.9036865234375,129.9169921875,130.0386962890625,129.974853515625,129.91302490234375,129.93296813964844,129.88404846191406,129.898193359375,129.8927764892578,130.00839233398438,129.9015350341797,130.65261840820312,130.25015258789062,130.09725952148438,129.93682861328125,129.92172241210938,145.37420654296875,129.884033203125,129.90333557128906,129.8968963623047,130.05979919433594,129.88381958007812,129.90293884277344,130.01040649414062,129.93772888183594,130.00927734375,129.9213409423828,129.90908813476562,129.9356689453125,129.99000549316406,129.89996337890625,129.92327880859375,130.0594482421875,129.92784118652344,129.9347381591797,129.9897003173828,129.88526916503906,130.07077026367188,129.94058227539062,129.973388671875,130.0165557861328,130.0413360595703,129.89895629882812,129.9031219482422,130.01699829101562,130.0578155517578,129.9440460205078,129.97523498535156,129.88409423828125,129.89852905273438
165,129.9921875,129.93040466308594,129.93939208984375,130.0308380126953,129.93382263183594,129.88394165039062,129.9623260498047,129.94229125976562,130.104736328125,129.9676971435547,129.89459228515625,129.8841094970703,129.9017333984375,129.9303741455078,130.06301879882812,129.9846954345703,129.92645263671875,129.89170837402344,129.91400146484375,129.90403747558594,129.8843536376953,130.01795959472656,129.92465209960938,129.95175170898438,129.89537048339844,130.12147521972656,129.94146728515625,129.92771911621094,129.89486694335938,129.9413604736328,129.90187072753906,130.2801971435547,129.88507080078125,129.8939666748047,129.89987182617188,129.90785217285156,129.9352569580078,129.88665771484375,130.37213134765625,129.88381958007812,129.8992462158203,129.89950561523438,129.88385009765625,129.88479614257812,129.9434051513672,130.09317016601562,129.9326934814453,130.05752563476562,129.89266967773438,129.89859008789062,129.90362548828125,129.9160919189453,130.0381317138672,129.9746551513672,129.91302490234375,129.93177795410156,129.88406372070312,129.89816284179688,129.8920440673828,130.00865173339844,129.90106201171875,130.65267944335938,130.25027465820312,130.09715270996094,129.9365234375,129.9215545654297,145.46470642089844,129.8839874267578,129.9029541015625,129.89593505859375,130.0574951171875,129.8837890625,129.90350341796875,130.00994873046875,129.93734741210938,130.00839233398438,129.92124938964844,129.90711975097656,129.9356689453125,129.98947143554688,129.89993286132812,129.9226531982422,130.059326171875,129.92555236816406,129.92623901367188,129.98960876464844,129.88516235351562,130.07577514648438,129.93060302734375,129.97337341308594,130.0155792236328,130.04148864746094,129.89895629882812,129.903076171875,130.01686096191406,130.0577850341797,129.94407653808594,129.97503662109375,129.88401794433594,129.8976593017578
166,129.99205017089844,129.92965698242188,129.9395751953125,130.02932739257812,129.9337615966797,129.88394165039062,129.9623260498047,129.94117736816406,130.104736328125,129.96766662597656,129.89231872558594,129.88401794433594,129.90187072753906,129.93026733398438,130.06309509277344,129.9829559326172,129.92637634277344,129.89169311523438,129.91400146484375,129.9039764404297,129.88424682617188,130.01776123046875,129.92465209960938,129.9517822265625,129.89541625976562,130.1172637939453,129.94158935546875,129.92660522460938,129.89476013183594,129.94009399414062,129.9017791748047,130.28012084960938,129.88485717773438,129.8939208984375,129.89987182617188,129.9077606201172,129.93519592285156,129.88662719726562,130.37954711914062,129.88381958007812,129.8993377685547,129.8993682861328,129.88385009765625,129.88462829589844,129.94338989257812,130.11026000976562,129.93263244628906,130.05760192871094,129.8925018310547,129.8980712890625,129.90354919433594,129.91574096679688,130.0431365966797,129.97470092773438,129.91297912597656,129.93186950683594,129.88406372070312,129.8981475830078,129.8920135498047,130.00819396972656,129.90138244628906,130.65272521972656,130.2497100830078,130.09713745117188,129.9349822998047,129.92156982421875,145.17916870117188,129.8839874267578,129.9027557373047,129.89373779296875,130.05709838867188,129.88380432128906,129.90306091308594,130.0096893310547,129.9368896484375,130.00779724121094,129.92080688476562,129.9070281982422,129.93577575683594,129.99107360839844,129.89988708496094,129.92068481445312,130.05931091308594,129.9254913330078,129.9398651123047,129.98959350585938,129.88491821289062,130.07666015625,129.93093872070312,129.96949768066406,130.01564025878906,130.04092407226562,129.89894104003906,129.90298461914062,130.0167999267578,130.05764770507812,129.94403076171875,129.97494506835938,129.88400268554688,129.8978271484375
167,129.99205017089844,129.92950439453125,129.9393310546875,130.0285186767578,129.9337615966797,129.88394165039062,129.96231079101562,129.94143676757812,130.10467529296875,129.96768188476562,129.89195251464844,129.8839874267578,129.90162658691406,129.92987060546875,130.06300354003906,129.98257446289062,129.92633056640625,129.89166259765625,129.91397094726562,129.90386962890625,129.88417053222656,130.01788330078125,129.92462158203125,129.95179748535156,129.89540100097656,130.1175537109375,129.92823791503906,129.9268341064453,129.89474487304688,129.93991088867188,129.9017333984375,130.28005981445312,129.88479614257812,129.8915252685547,129.8998565673828,129.90757751464844,129.9351806640625,129.8861541748047,130.28408813476562,129.88380432128906,129.8992919921875,129.8994140625,129.88381958007812,129.88461303710938,129.94337463378906,130.094970703125,129.93263244628906,130.0574951171875,129.89195251464844,129.8975067138672,129.90353393554688,129.91542053222656,130.0339813232422,129.97457885742188,129.9130401611328,129.9312286376953,129.884033203125,129.8981170654297,129.8910369873047,130.00811767578125,129.90074157714844,130.65255737304688,130.2489776611328,130.09710693359375,129.9357452392578,129.9217529296875,145.38833618164062,129.88392639160156,129.9039306640625,129.89031982421875,130.05799865722656,129.88381958007812,129.90225219726562,130.00924682617188,129.9364776611328,130.00802612304688,129.92088317871094,129.90528869628906,129.93572998046875,129.9880828857422,129.89981079101562,129.92034912109375,130.05929565429688,129.92288208007812,129.9318084716797,129.98960876464844,129.8845977783203,130.07017517089844,129.93016052246094,129.9688262939453,130.01443481445312,130.0403289794922,129.89895629882812,129.90304565429688,130.01661682128906,130.0576934814453,129.94403076171875,129.97462463378906,129.8839874267578,129.897705078125
168,129.99195861816406,129.92880249023438,129.93917846679688,130.02569580078125,129.93373107910156,129.88389587402344,129.9623260498047,129.9407501220703,130.10470581054688,129.96766662597656,129.89065551757812,129.8839874267578,129.90109252929688,129.92979431152344,130.06288146972656,129.98143005371094,129.9263153076172,129.89169311523438,129.91409301757812,129.90386962890625,129.88414001464844,130.0170135498047,129.92466735839844,129.9517364501953,129.89535522460938,130.11721801757812,129.93426513671875,129.92276000976562,129.89462280273438,129.93922424316406,129.9017333984375,130.27978515625,129.88458251953125,129.89085388183594,129.89984130859375,129.9076385498047,129.935302734375,129.88601684570312,130.27069091796875,129.8837890625,129.89920043945312,129.89927673339844,129.88385009765625,129.8844451904297,129.9433135986328,130.07850646972656,129.93267822265625,130.0575408935547,129.8909149169922,129.89749145507812,129.9035186767578,129.91554260253906,130.03494262695312,129.97415161132812,129.91297912597656,129.93075561523438,129.88397216796875,129.89813232421875,129.8902130126953,130.0080108642578,129.9006805419922,130.65257263183594,130.24879455566406,130.09710693359375,129.9336700439453,129.9214324951172,144.28273010253906,129.8839111328125,129.90338134765625,129.8894805908203,130.05624389648438,129.88380432128906,129.90194702148438,130.00975036621094,129.93661499023438,130.00726318359375,129.92066955566406,129.9033203125,129.93576049804688,129.9845428466797,129.89984130859375,129.91932678222656,130.05935668945312,129.92141723632812,129.92681884765625,129.98959350585938,129.88475036621094,130.07437133789062,129.9253692626953,129.96678161621094,130.01406860351562,130.0401153564453,129.89892578125,129.90293884277344,130.0165252685547,130.05783081054688,129.944091796875,129.9745635986328,129.88397216796875,129.89735412597656
169,129.991943359375,129.92869567871094,129.93910217285156,130.0228729248047,129.93373107910156,129.8838653564453,129.96224975585938,129.9406280517578,130.10475158691406,129.96768188476562,129.8903350830078,129.88397216796875,129.90113830566406,129.9293670654297,130.0628204345703,129.9820098876953,129.9263458251953,129.89170837402344,129.91384887695312,129.9038543701172,129.8840789794922,130.01699829101562,129.9246368408203,129.95176696777344,129.89540100097656,130.1179656982422,129.9137420654297,129.91983032226562,129.89454650878906,129.93896484375,129.9017333984375,130.27963256835938,129.884521484375,129.88937377929688,129.8998565673828,129.90762329101562,129.9352264404297,129.88555908203125,130.23252868652344,129.8837890625,129.89913940429688,129.8992156982422,129.8838348388672,129.8843994140625,129.94332885742188,130.0897674560547,129.93260192871094,130.0574188232422,129.8896942138672,129.89727783203125,129.90350341796875,129.91481018066406,130.03248596191406,129.9739532470703,129.91297912597656,129.93011474609375,129.8839569091797,129.8981170654297,129.88916015625,130.0079345703125,129.90036010742188,130.6527557373047,130.24839782714844,130.09707641601562,129.93307495117188,129.9214324951172,145.32350158691406,129.88388061523438,129.9049072265625,129.88893127441406,130.05654907226562,129.88380432128906,129.90158081054688,130.0089111328125,129.93641662597656,130.00759887695312,129.9207000732422,129.90318298339844,129.93565368652344,129.98056030273438,129.8998260498047,129.9181671142578,130.05926513671875,129.92164611816406,129.91949462890625,129.98960876464844,129.88458251953125,130.05007934570312,129.92710876464844,129.9652557373047,130.01406860351562,130.03994750976562,129.89892578125,129.9029083251953,130.01651000976562,130.05772399902344,129.94403076171875,129.97430419921875,129.88394165039062,129.8972930908203
170,129.99197387695312,129.92860412597656,129.93898010253906,130.0223846435547,129.93373107910156,129.88389587402344,129.9622344970703,129.9399871826172,130.1046600341797,129.96768188476562,129.88916015625,129.88397216796875,129.90097045898438,129.92916870117188,130.0628204345703,129.97955322265625,129.92628479003906,129.8916473388672,129.9138641357422,129.90383911132812,129.8840789794922,130.01690673828125,129.9246063232422,129.95175170898438,129.89537048339844,130.11497497558594,129.91151428222656,129.92152404785156,129.89456176757812,129.93858337402344,129.90170288085938,130.2794952392578,129.8843994140625,129.88818359375,129.8998565673828,129.9072265625,129.93516540527344,129.88546752929688,130.2139434814453,129.88381958007812,129.8991241455078,129.89918518066406,129.88381958007812,129.88426208496094,129.94332885742188,130.07456970214844,129.93264770507812,130.05747985839844,129.8887176513672,129.89710998535156,129.90350341796875,129.9147186279297,130.0261688232422,129.97409057617188,129.91299438476562,129.92979431152344,129.88392639160156,129.89808654785156,129.8900604248047,130.00799560546875,129.90060424804688,130.65272521972656,130.24850463867188,130.09707641601562,129.9325714111328,129.92135620117188,145.35055541992188,129.88388061523438,129.9058837890625,129.88792419433594,130.05645751953125,129.8837890625,129.9010009765625,130.00868225097656,129.935791015625,130.00672912597656,129.92037963867188,129.90379333496094,129.9357452392578,129.98114013671875,129.89979553222656,129.9176483154297,130.05935668945312,129.92160034179688,129.9170379638672,129.98956298828125,129.88436889648438,130.0352325439453,129.92723083496094,129.96241760253906,130.01364135742188,130.03958129882812,129.89892578125,129.9029083251953,130.016357421875,130.05772399902344,129.94403076171875,129.97422790527344,129.8839111328125,129.8968505859375
171,129.9918670654297,129.92796325683594,129.93893432617188,130.0197296142578,129.93370056152344,129.88388061523438,129.9622344970703,129.9400177001953,130.10467529296875,129.96766662597656,129.88868713378906,129.88389587402344,129.90103149414062,129.92897033691406,130.06289672851562,129.97972106933594,129.92626953125,129.89163208007812,129.9137725830078,129.90379333496094,129.88401794433594,130.01681518554688,129.92462158203125,129.9517059326172,129.89537048339844,130.11444091796875,129.9105682373047,129.91673278808594,129.89454650878906,129.93801879882812,129.90167236328125,130.2793426513672,129.88438415527344,129.888427734375,129.89988708496094,129.90701293945312,129.93519592285156,129.88514709472656,130.19496154785156,129.88380432128906,129.8990936279297,129.89920043945312,129.88380432128906,129.8842315673828,129.94329833984375,130.06015014648438,129.9326629638672,130.05746459960938,129.88861083984375,129.89723205566406,129.9034881591797,129.9145050048828,130.02691650390625,129.97389221191406,129.91297912597656,129.92942810058594,129.8839111328125,129.89810180664062,129.88917541503906,130.0077667236328,129.9000701904297,130.6525115966797,130.24850463867188,130.09718322753906,129.9304656982422,129.9208526611328,145.45361328125,129.8838653564453,129.90870666503906,129.88844299316406,130.0553436279297,129.88380432128906,129.9010467529297,130.00856018066406,129.93594360351562,130.00633239746094,129.92039489746094,129.9026336669922,129.93568420410156,129.9767608642578,129.8997802734375,129.91673278808594,130.05931091308594,129.92047119140625,129.91537475585938,129.98956298828125,129.8843994140625,130.02951049804688,129.92572021484375,129.96142578125,130.01327514648438,130.03921508789062,129.89891052246094,129.9028778076172,130.01611328125,130.05752563476562,129.94400024414062,129.97422790527344,129.88389587402344,129.896728515625
172,129.99183654785156,129.92796325683594,129.93890380859375,130.02037048339844,129.9337158203125,129.8838653564453,129.9622039794922,129.939697265625,130.10464477539062,129.9676971435547,129.8887176513672,129.88394165039062,129.9010467529297,129.9290771484375,130.06275939941406,129.97901916503906,129.92628479003906,129.89163208007812,129.9136962890625,129.90380859375,129.88404846191406,130.01666259765625,129.92457580566406,129.9517822265625,129.8953094482422,130.1145477294922,129.90744018554688,129.91836547851562,129.89454650878906,129.9378204345703,129.90167236328125,130.2793426513672,129.88421630859375,129.88783264160156,129.89990234375,129.90692138671875,129.9351806640625,129.88507080078125,130.185791015625,129.8837890625,129.899169921875,129.89915466308594,129.88381958007812,129.88427734375,129.9432373046875,130.05430603027344,129.9326171875,130.05752563476562,129.88853454589844,129.8972930908203,129.90350341796875,129.91439819335938,130.0220947265625,129.97369384765625,129.91297912597656,129.9291229248047,129.88388061523438,129.8981170654297,129.88812255859375,130.00782775878906,129.90008544921875,130.65269470214844,130.2483673095703,130.0972137451172,129.9307403564453,129.92108154296875,143.90859985351562,129.8838348388672,129.9073486328125,129.8870849609375,130.05517578125,129.8838348388672,129.9009246826172,130.0086212158203,129.935791015625,130.00625610351562,129.92015075683594,129.90219116210938,129.93572998046875,129.9736785888672,129.8997344970703,129.91702270507812,130.0592803955078,129.92018127441406,129.91346740722656,129.9895477294922,129.88438415527344,130.03134155273438,129.92568969726562,129.9623260498047,130.01318359375,130.03919982910156,129.89891052246094,129.9028778076172,130.01609802246094,130.0575408935547,129.94406127929688,129.97413635253906,129.8838653564453,129.89646911621094
173,129.99188232421875,129.9275360107422,129.93894958496094,130.01866149902344,129.93370056152344,129.8838348388672,129.96218872070312,129.93966674804688,130.10470581054688,129.96766662597656,129.8876495361328,129.8839111328125,129.9007568359375,129.92877197265625,130.06277465820312,129.9779815673828,129.92628479003906,129.8916473388672,129.91363525390625,129.90379333496094,129.8840789794922,130.01675415039062,129.9246063232422,129.95175170898438,129.89529418945312,130.11477661132812,129.91098022460938,129.9149169921875,129.89453125,129.93753051757812,129.90167236328125,130.2791748046875,129.88414001464844,129.88731384277344,129.8998565673828,129.90689086914062,129.93521118164062,129.88491821289062,130.22579956054688,129.88380432128906,129.89903259277344,129.89910888671875,129.88381958007812,129.8841552734375,129.94322204589844,130.05418395996094,129.93272399902344,130.05746459960938,129.88748168945312,129.89710998535156,129.9034881591797,129.91409301757812,130.02239990234375,129.97364807128906,129.91297912597656,129.9287109375,129.8838653564453,129.89808654785156,129.88858032226562,130.00772094726562,129.89987182617188,130.65261840820312,130.2481689453125,130.09706115722656,129.93006896972656,129.9205322265625,144.22048950195312,129.88385009765625,129.90708923339844,129.88621520996094,130.0541229248047,129.88385009765625,129.90087890625,130.00819396972656,129.9352264404297,130.00596618652344,129.920166015625,129.90127563476562,129.93572998046875,129.97242736816406,129.89971923828125,129.91635131835938,130.0593719482422,129.9210205078125,129.9111785888672,129.9895477294922,129.88412475585938,130.0308380126953,129.92547607421875,129.96022033691406,130.01235961914062,130.03933715820312,129.89894104003906,129.90284729003906,130.01605224609375,130.0574951171875,129.94403076171875,129.97410583496094,129.8838653564453,129.8963165283203
174,129.9918212890625,129.9274444580078,129.93885803222656,130.01821899414062,129.93370056152344,129.8838348388672,129.962158203125,129.93943786621094,130.10464477539062,129.9676513671875,129.88706970214844,129.88385009765625,129.90069580078125,129.92855834960938,130.06271362304688,129.9777374267578,129.92630004882812,129.89163208007812,129.91363525390625,129.9037628173828,129.88394165039062,130.01638793945312,129.92459106445312,129.9517364501953,129.89532470703125,130.11441040039062,129.90261840820312,129.91522216796875,129.8944854736328,129.9372100830078,129.90170288085938,130.2792205810547,129.88409423828125,129.88682556152344,129.89984130859375,129.90679931640625,129.93519592285156,129.8847198486328,130.15447998046875,129.8837890625,129.8990020751953,129.8990478515625,129.88381958007812,129.88414001464844,129.9432830810547,130.0491485595703,129.9326171875,130.0574951171875,129.88772583007812,129.89697265625,129.90342712402344,129.9138641357422,130.0189666748047,129.9735870361328,129.9129638671875,129.9288330078125,129.8839569091797,129.89805603027344,129.88771057128906,130.00759887695312,129.89979553222656,130.65257263183594,130.24794006347656,130.0970458984375,129.9301300048828,129.92063903808594,145.02740478515625,129.8838348388672,129.90789794921875,129.88662719726562,130.05381774902344,129.88380432128906,129.90069580078125,130.00811767578125,129.9352569580078,130.0058135986328,129.9200439453125,129.9014434814453,129.9357147216797,129.97137451171875,129.8997039794922,129.9156036376953,130.05929565429688,129.92005920410156,129.9104766845703,129.98956298828125,129.88414001464844,130.0296173095703,129.9239044189453,129.9589385986328,130.01243591308594,130.0389862060547,129.89891052246094,129.90284729003906,130.01614379882812,130.05755615234375,129.9440155029297,129.97384643554688,129.8839111328125,129.8961944580078
175,129.9917755126953,129.92718505859375,129.93882751464844,130.01693725585938,129.93370056152344,129.8838348388672,129.96218872070312,129.93919372558594,130.10459899902344,129.96766662597656,129.8866424560547,129.88392639160156,129.90054321289062,129.92868041992188,130.0626983642578,129.97735595703125,129.92625427246094,129.8916473388672,129.91360473632812,129.90374755859375,129.88400268554688,130.01634216308594,129.9246063232422,129.95184326171875,129.89527893066406,130.1131591796875,129.9015655517578,129.91346740722656,129.89453125,129.937255859375,129.90167236328125,130.2790985107422,129.8840789794922,129.88638305664062,129.89987182617188,129.90676879882812,129.93516540527344,129.88450622558594,130.11253356933594,129.8837890625,129.8990478515625,129.89907836914062,129.88380432128906,129.8840789794922,129.94325256347656,130.0393524169922,129.93263244628906,130.05740356445312,129.88681030273438,129.89686584472656,129.9034881591797,129.91383361816406,130.0196075439453,129.97354125976562,129.9129638671875,129.92861938476562,129.8838653564453,129.89808654785156,129.8870086669922,130.007568359375,129.89964294433594,130.65272521972656,130.24795532226562,130.0970458984375,129.92959594726562,129.92041015625,144.42398071289062,129.8838348388672,129.91537475585938,129.885986328125,130.0537109375,129.88381958007812,129.90066528320312,130.00790405273438,129.935302734375,130.00546264648438,129.9200439453125,129.9014129638672,129.9357147216797,129.9701385498047,129.89968872070312,129.91542053222656,130.05943298339844,129.92002868652344,129.90672302246094,129.9895782470703,129.88409423828125,130.02615356445312,129.9220733642578,129.9592742919922,130.0123748779297,130.0387725830078,129.89891052246094,129.90284729003906,130.01602172851562,130.057373046875,129.94400024414062,129.97381591796875,129.8838348388672,129.8960723876953
176,129.9917449951172,129.92709350585938,129.93887329101562,130.01675415039062,129.93368530273438,129.8838348388672,129.962158203125,129.939208984375,130.1046142578125,129.9676513671875,129.88650512695312,129.88389587402344,129.90052795410156,129.92857360839844,130.06275939941406,129.97731018066406,129.92626953125,129.89166259765625,129.91357421875,129.90374755859375,129.88392639160156,130.01608276367188,129.92462158203125,129.95172119140625,129.89532470703125,130.11309814453125,129.8992156982422,129.9141082763672,129.8944854736328,129.93711853027344,129.9016876220703,130.2791290283203,129.88400268554688,129.8867645263672,129.8998565673828,129.9066619873047,129.93515014648438,129.88455200195312,130.119384765625,129.88380432128906,129.89901733398438,129.89901733398438,129.88381958007812,129.884033203125,129.94322204589844,130.03857421875,129.93267822265625,130.05734252929688,129.8861541748047,129.8969268798828,129.90345764160156,129.91403198242188,130.01873779296875,129.97348022460938,129.9129638671875,129.928955078125,129.88388061523438,129.89804077148438,129.88662719726562,130.00758361816406,129.89947509765625,130.65231323242188,130.24783325195312,130.0970458984375,129.92860412597656,129.92031860351562,145.46090698242188,129.88381958007812,129.9144744873047,129.88597106933594,130.0531768798828,129.88381958007812,129.90032958984375,130.00796508789062,129.934814453125,130.0056915283203,129.92001342773438,129.90097045898438,129.93563842773438,129.9690704345703,129.89964294433594,129.9151611328125,130.05938720703125,129.92115783691406,129.90411376953125,129.98956298828125,129.88406372070312,130.0263214111328,129.92132568359375,129.95960998535156,130.01168823242188,130.03855895996094,129.89891052246094,129.90283203125,130.01597595214844,130.05738830566406,129.94400024414062,129.97366333007812,129.88385009765625,129.8960418701172
177,129.99172973632812,129.92703247070312,129.93882751464844,130.01475524902344,129.93368530273438,129.8838348388672,129.962158203125,129.93887329101562,130.10464477539062,129.9676513671875,129.88641357421875,129.88389587402344,129.900390625,129.92840576171875,130.06272888183594,129.9771270751953,129.9262237548828,129.89161682128906,129.9134979248047,129.90374755859375,129.88392639160156,130.0161590576172,129.92459106445312,129.95175170898438,129.89529418945312,130.1121063232422,129.8970947265625,129.91212463378906,129.89447021484375,129.9368896484375,129.90164184570312,130.2789764404297,129.88394165039062,129.8862762451172,129.89987182617188,129.90660095214844,129.93519592285156,129.8843994140625,130.0960693359375,129.8837890625,129.8990478515625,129.8990020751953,129.88381958007812,129.88406372070312,129.9432373046875,130.034423828125,129.9326171875,130.05743408203125,129.88597106933594,129.89688110351562,129.9034881591797,129.91384887695312,130.0155487060547,129.97348022460938,129.9129638671875,129.92877197265625,129.8838348388672,129.89805603027344,129.88619995117188,130.00750732421875,129.89947509765625,130.65243530273438,130.24786376953125,130.0970001220703,129.92828369140625,129.92031860351562,145.3433380126953,129.88380432128906,129.91256713867188,129.88600158691406,130.05352783203125,129.8837890625,129.90005493164062,130.00758361816406,129.93495178222656,130.00531005859375,129.91995239257812,129.90065002441406,129.93568420410156,129.96755981445312,129.89967346191406,129.91500854492188,130.05943298339844,129.92391967773438,129.90101623535156,129.98956298828125,129.88401794433594,130.02728271484375,129.91969299316406,129.95730590820312,130.01158142089844,130.03843688964844,129.89891052246094,129.90281677246094,130.0159149169922,130.05747985839844,129.9440460205078,129.97364807128906,129.88385009765625,129.8958740234375
178,129.99179077148438,129.92698669433594,129.93882751464844,130.0151824951172,129.93368530273438,129.88385009765625,129.96214294433594,129.93873596191406,130.10470581054688,129.9676971435547,129.8865509033203,129.8839111328125,129.90025329589844,129.92840576171875,130.0626983642578,129.97682189941406,129.9262237548828,129.8916473388672,129.9135284423828,129.9037322998047,129.88392639160156,130.0158233642578,129.9246063232422,129.95175170898438,129.89527893066406,130.11195373535156,129.89414978027344,129.9118194580078,129.8944854736328,129.9369659423828,129.9016571044922,130.27911376953125,129.88397216796875,129.88583374023438,129.8998565673828,129.90655517578125,129.93515014648438,129.8843536376953,130.08299255371094,129.8837890625,129.8989715576172,129.89901733398438,129.88381958007812,129.8839874267578,129.9432373046875,130.02809143066406,129.93260192871094,130.0573272705078,129.88589477539062,129.89671325683594,129.9034423828125,129.9137420654297,130.0155792236328,129.97344970703125,129.91297912597656,129.92849731445312,129.8838653564453,129.89805603027344,129.8859100341797,130.00750732421875,129.8993377685547,130.65249633789062,130.2475128173828,130.09703063964844,129.92816162109375,129.92013549804688,145.2732696533203,129.88381958007812,129.9052276611328,129.885498046875,130.05288696289062,129.8837890625,129.900146484375,130.0076904296875,129.93455505371094,130.00514221191406,129.91998291015625,129.90084838867188,129.9356231689453,129.96702575683594,129.89971923828125,129.9144287109375,130.059326171875,129.92959594726562,129.8996124267578,129.98953247070312,129.88400268554688,130.0216827392578,129.9197235107422,129.956298828125,130.01158142089844,130.03842163085938,129.89892578125,129.90283203125,130.01597595214844,130.05743408203125,129.94403076171875,129.9735107421875,129.88385009765625,129.89584350585938
179,129.99176025390625,129.9268341064453,129.9387969970703,130.01495361328125,129.9336700439453,129.88385009765625,129.96212768554688,129.9388427734375,130.10467529296875,129.96768188476562,129.886474609375,129.88388061523438,129.90020751953125,129.92825317382812,130.06272888183594,129.9761962890625,129.9262237548828,129.89163208007812,129.91348266601562,129.9037628173828,129.8839111328125,130.01571655273438,129.92457580566406,129.95175170898438,129.89527893066406,130.11192321777344,129.89222717285156,129.90814208984375,129.89450073242188,129.9368896484375,129.90162658691406,130.27886962890625,129.88394165039062,129.8856658935547,129.8998260498047,129.90643310546875,129.93521118164062,129.8842315673828,130.08506774902344,129.88377380371094,129.8990020751953,129.89898681640625,129.88380432128906,129.88397216796875,129.9431915283203,130.02688598632812,129.9326171875,130.05735778808594,129.88563537597656,129.89675903320312,129.90347290039062,129.9135284423828,130.0138702392578,129.97337341308594,129.91297912597656,129.9285430908203,129.88388061523438,129.89805603027344,129.8856201171875,130.00750732421875,129.8993377685547,130.6525115966797,130.2473907470703,130.09703063964844,129.92816162109375,129.9200439453125,145.05116271972656,129.8837890625,129.90460205078125,129.8852081298828,130.05247497558594,129.88380432128906,129.89996337890625,130.00758361816406,129.9344482421875,130.00485229492188,129.91995239257812,129.9003143310547,129.9356231689453,129.966552734375,129.89964294433594,129.91407775878906,130.05926513671875,129.9344024658203,129.89610290527344,129.9895477294922,129.8839111328125,130.01788330078125,129.91867065429688,129.9561004638672,130.01150512695312,130.038330078125,129.89892578125,129.90283203125,130.01588439941406,130.0574951171875,129.94403076171875,129.97354125976562,129.8838348388672,129.89596557617188
180,129.9917449951172,129.92665100097656,129.93878173828125,130.0146026611328,129.93368530273438,129.8838348388672,129.962158203125,129.93878173828125,130.1046905517578,129.9676513671875,129.88607788085938,129.88388061523438,129.9003143310547,129.92823791503906,130.0626983642578,129.97589111328125,129.9262237548828,129.89161682128906,129.91346740722656,129.9037322998047,129.88388061523438,130.01571655273438,129.9246063232422,129.95175170898438,129.89527893066406,130.11148071289062,129.89305114746094,129.90985107421875,129.8944091796875,129.93685913085938,129.9016876220703,130.27886962890625,129.88394165039062,129.8852996826172,129.89984130859375,129.9064483642578,129.93515014648438,129.88429260253906,130.06622314453125,129.8837890625,129.89898681640625,129.8989715576172,129.8838348388672,129.88392639160156,129.94325256347656,130.02676391601562,129.93263244628906,130.05734252929688,129.8856964111328,129.896728515625,129.9034423828125,129.91351318359375,130.0130157470703,129.97332763671875,129.9129638671875,129.9283447265625,129.88385009765625,129.89805603027344,129.88526916503906,130.0074462890625,129.89932250976562,130.65237426757812,130.24752807617188,130.0970458984375,129.92832946777344,129.92007446289062,144.5607147216797,129.88380432128906,129.9022216796875,129.88502502441406,130.05221557617188,129.88380432128906,129.89984130859375,130.00733947753906,129.93446350097656,130.00491333007812,129.91989135742188,129.90011596679688,129.9356231689453,129.96656799316406,129.89964294433594,129.9140167236328,130.05929565429688,129.9435272216797,129.89625549316406,129.98951721191406,129.8839111328125,130.01576232910156,129.918701171875,129.95628356933594,130.01136779785156,130.03826904296875,129.89891052246094,129.90280151367188,130.01593017578125,130.0574188232422,129.94403076171875,129.9735107421875,129.8838348388672,129.89566040039062
181,129.99176025390625,129.9266815185547,129.9387969970703,130.01470947265625,129.93368530273438,129.88385009765625,129.96217346191406,129.938720703125,130.10464477539062,129.9676971435547,129.8856201171875,129.88388061523438,129.90016174316406,129.9281005859375,130.0626983642578,129.9755859375,129.9262237548828,129.89163208007812,129.91348266601562,129.90371704101562,129.88389587402344,130.01564025878906,129.92459106445312,129.9517364501953,129.89527893066406,130.11111450195312,129.8920440673828,129.9078369140625,129.89442443847656,129.93687438964844,129.90167236328125,130.2789306640625,129.88394165039062,129.88502502441406,129.8998565673828,129.9063262939453,129.93516540527344,129.88414001464844,130.0624237060547,129.88380432128906,129.89894104003906,129.89895629882812,129.8837890625,129.88392639160156,129.9431915283203,130.02700805664062,129.93260192871094,130.05743408203125,129.88531494140625,129.89654541015625,129.9034423828125,129.9134521484375,130.01026916503906,129.973388671875,129.9129638671875,129.92823791503906,129.88385009765625,129.8980712890625,129.88540649414062,130.00746154785156,129.8992462158203,130.6522979736328,130.24757385253906,130.0970001220703,129.92767333984375,129.9199981689453,145.23324584960938,129.88380432128906,129.90097045898438,129.88499450683594,130.05224609375,129.88380432128906,129.89959716796875,130.00726318359375,129.93435668945312,130.0048370361328,129.91989135742188,129.89987182617188,129.9357452392578,129.96595764160156,129.89962768554688,129.91384887695312,130.05946350097656,129.9455108642578,129.89414978027344,129.98951721191406,129.88388061523438,130.01539611816406,129.91815185546875,129.95556640625,130.01107788085938,130.0382843017578,129.89892578125,129.90280151367188,130.01583862304688,130.05740356445312,129.94403076171875,129.97348022460938,129.88385009765625,129.89556884765625
182,129.99169921875,129.92660522460938,129.93878173828125,130.01593017578125,129.9336700439453,129.8838348388672,129.96212768554688,129.93870544433594,130.10462951660156,129.96766662597656,129.8856201171875,129.88392639160156,129.90003967285156,129.9280548095703,130.06265258789062,129.97508239746094,129.9262237548828,129.89161682128906,129.91348266601562,129.90374755859375,129.8838653564453,130.01576232910156,129.924560546875,129.95172119140625,129.895263671875,130.11097717285156,129.89105224609375,129.9065704345703,129.8944091796875,129.9366912841797,129.90170288085938,130.27886962890625,129.8839569091797,129.88487243652344,129.8998260498047,129.9063262939453,129.93519592285156,129.88414001464844,130.05380249023438,129.8837890625,129.89903259277344,129.8990020751953,129.88385009765625,129.88389587402344,129.9432373046875,130.02435302734375,129.9326171875,130.05731201171875,129.88507080078125,129.8965606689453,129.90347290039062,129.9134521484375,130.0104522705078,129.97329711914062,129.9129638671875,129.92807006835938,129.88389587402344,129.89805603027344,129.88504028320312,130.00743103027344,129.8992156982422,130.65235900878906,130.24742126464844,130.09706115722656,129.92747497558594,129.9199981689453,144.66639709472656,129.88380432128906,129.90370178222656,129.88485717773438,130.05224609375,129.88380432128906,129.89955139160156,130.00721740722656,129.93429565429688,130.004638671875,129.9198455810547,129.89988708496094,129.9357147216797,129.96554565429688,129.89964294433594,129.91363525390625,130.0592498779297,129.9488983154297,129.8931884765625,129.98951721191406,129.8838653564453,130.01077270507812,129.91790771484375,129.95489501953125,130.01104736328125,130.0382080078125,129.89891052246094,129.90281677246094,130.01589965820312,130.0573272705078,129.9440155029297,129.97349548339844,129.88385009765625,129.8955535888672
183,129.99172973632812,129.92660522460938,129.9387664794922,130.01808166503906,129.9336700439453,129.88380432128906,129.96214294433594,129.9385528564453,130.1046600341797,129.9676513671875,129.88558959960938,129.88388061523438,129.9000701904297,129.9280548095703,130.06272888183594,129.97483825683594,129.9261932373047,129.8916015625,129.91348266601562,129.90374755859375,129.88381958007812,130.01571655273438,129.92457580566406,129.9517059326172,129.89529418945312,130.11080932617188,129.88963317871094,129.90628051757812,129.8944091796875,129.93666076660156,129.9016571044922,130.27883911132812,129.88397216796875,129.8851318359375,129.8998260498047,129.90625,129.9351806640625,129.88409423828125,130.04954528808594,129.88380432128906,129.8989715576172,129.8989715576172,129.8837890625,129.8838653564453,129.9432373046875,130.02110290527344,129.93258666992188,130.057373046875,129.8847198486328,129.8965606689453,129.9034423828125,129.91334533691406,130.01014709472656,129.97332763671875,129.91293334960938,129.92803955078125,129.8838653564453,129.89804077148438,129.88490295410156,130.00747680664062,129.89920043945312,130.6524200439453,130.24746704101562,130.09703063964844,129.92747497558594,129.91995239257812,144.98867797851562,129.8837890625,129.89999389648438,129.88494873046875,130.0519256591797,129.88380432128906,129.8995361328125,130.00714111328125,129.9342498779297,130.00460815429688,129.9198455810547,129.89979553222656,129.9357452392578,129.964599609375,129.899658203125,129.9136505126953,130.05931091308594,129.9355926513672,129.89300537109375,129.98953247070312,129.88385009765625,130.0115509033203,129.91883850097656,129.95516967773438,130.0109405517578,130.0380859375,129.89892578125,129.9027862548828,130.01583862304688,130.05738830566406,129.9440155029297,129.97341918945312,129.88388061523438,129.8956298828125
184,129.99169921875,129.926513671875,129.93882751464844,130.01998901367188,129.9336700439453,129.88381958007812,129.96214294433594,129.93856811523438,130.10464477539062,129.96763610839844,129.88499450683594,129.88385009765625,129.9000244140625,129.92800903320312,130.06268310546875,129.9746551513672,129.9262237548828,129.89163208007812,129.91346740722656,129.9037322998047,129.8838348388672,130.01559448242188,129.92457580566406,129.95169067382812,129.895263671875,130.11061096191406,129.88983154296875,129.9059295654297,129.89439392089844,129.93661499023438,129.90167236328125,130.27877807617188,129.8839111328125,129.8850860595703,129.89987182617188,129.90625,129.9351806640625,129.88409423828125,130.0454864501953,129.88380432128906,129.89894104003906,129.8989715576172,129.88380432128906,129.88389587402344,129.94320678710938,130.01898193359375,129.93260192871094,130.05734252929688,129.88470458984375,129.89649963378906,129.9034423828125,129.913330078125,130.0087890625,129.9732666015625,129.91293334960938,129.92782592773438,129.88381958007812,129.89808654785156,129.8848419189453,130.00743103027344,129.89918518066406,130.6524200439453,130.24732971191406,130.0970458984375,129.92724609375,129.91989135742188,144.51641845703125,129.88380432128906,129.89598083496094,129.8846435546875,130.05203247070312,129.88375854492188,129.89930725097656,130.00711059570312,129.93411254882812,130.00460815429688,129.91981506347656,129.89968872070312,129.9357147216797,129.9645233154297,129.89959716796875,129.9136962890625,130.0593719482422,129.931396484375,129.89266967773438,129.98953247070312,129.88385009765625,130.01138305664062,129.9167022705078,129.95472717285156,130.010986328125,130.0380859375,129.89892578125,129.90280151367188,130.01596069335938,130.057373046875,129.9440155029297,129.97340393066406,129.8838348388672,129.89549255371094
185,129.99169921875,129.92642211914062,129.9387664794922,130.0240936279297,129.9337158203125,129.8838348388672,129.96214294433594,129.93846130371094,130.10462951660156,129.9676513671875,129.88479614257812,129.88388061523438,129.9000244140625,129.92796325683594,130.0626983642578,129.9748077392578,129.9262237548828,129.8916015625,129.91343688964844,129.9037322998047,129.88385009765625,130.015625,129.92457580566406,129.95169067382812,129.89527893066406,130.11074829101562,129.8900909423828,129.9064178466797,129.8943634033203,129.9365997314453,129.9016571044922,130.2788543701172,129.88392639160156,129.88475036621094,129.89987182617188,129.9062042236328,129.93516540527344,129.88409423828125,130.03895568847656,129.8837890625,129.89901733398438,129.89898681640625,129.88380432128906,129.88385009765625,129.94322204589844,130.0187225341797,129.9326934814453,130.05740356445312,129.8846435546875,129.896484375,129.9034423828125,129.9132843017578,130.00877380371094,129.97325134277344,129.91294860839844,129.92776489257812,129.88381958007812,129.89804077148438,129.8846435546875,130.0074462890625,129.899169921875,130.6523895263672,130.24725341796875,130.0970458984375,129.92703247070312,129.91986083984375,145.2968292236328,129.88380432128906,129.89474487304688,129.8846435546875,130.0517120361328,129.88380432128906,129.8993377685547,130.00711059570312,129.93399047851562,130.0045623779297,129.91986083984375,129.8994598388672,129.93572998046875,129.96405029296875,129.89962768554688,129.91363525390625,130.059814453125,129.93247985839844,129.8913116455078,129.98951721191406,129.8838348388672,130.00917053222656,129.916015625,129.95445251464844,130.01100158691406,130.0380096435547,129.89891052246094,129.90281677246094,130.01593017578125,130.05735778808594,129.94400024414062,129.97340393066406,129.8838348388672,129.89547729492188
186,129.99169921875,129.92640686035156,129.93875122070312,130.02488708496094,129.93365478515625,129.88381958007812,129.96217346191406,129.93862915039062,130.10464477539062,129.96763610839844,129.884765625,129.88388061523438,129.9000244140625,129.9279327392578,130.0626983642578,129.97459411621094,129.9261932373047,129.89161682128906,129.91343688964844,129.90374755859375,129.88381958007812,130.01559448242188,129.924560546875,129.95172119140625,129.89527893066406,130.1105194091797,129.8884735107422,129.90554809570312,129.8943634033203,129.9365234375,129.90167236328125,130.27871704101562,129.88389587402344,129.88458251953125,129.8998260498047,129.9061737060547,129.9351806640625,129.88400268554688,130.0419464111328,129.88380432128906,129.89894104003906,129.8990020751953,129.88380432128906,129.88385009765625,129.94326782226562,130.01873779296875,129.93258666992188,130.05743408203125,129.88462829589844,129.89645385742188,129.9034423828125,129.91323852539062,130.00775146484375,129.97325134277344,129.91297912597656,129.927734375,129.88381958007812,129.8980255126953,129.88453674316406,130.0074462890625,129.89915466308594,130.65248107910156,130.2473602294922,130.0969696044922,129.92691040039062,129.9198455810547,144.21487426757812,129.88380432128906,129.89413452148438,129.8844757080078,130.05169677734375,129.88380432128906,129.89932250976562,130.00701904296875,129.93423461914062,130.00448608398438,129.9197540283203,129.8993682861328,129.93572998046875,129.9636688232422,129.89959716796875,129.9134521484375,130.0599822998047,129.92367553710938,129.88951110839844,129.98951721191406,129.88381958007812,130.00949096679688,129.91629028320312,129.9547119140625,130.01116943359375,130.0380859375,129.89889526367188,129.90280151367188,130.01583862304688,130.0573272705078,129.94400024414062,129.9733428955078,129.88381958007812,129.89537048339844
187,129.99168395996094,129.9263153076172,129.938720703125,130.0183563232422,129.9336700439453,129.88385009765625,129.96217346191406,129.9384765625,130.1046600341797,129.9676513671875,129.88455200195312,129.88388061523438,129.8999786376953,129.92800903320312,130.0626220703125,129.9742889404297,129.9261932373047,129.89163208007812,129.91343688964844,129.90374755859375,129.88381958007812,130.0154266357422,129.92457580566406,129.95167541503906,129.89527893066406,130.1106414794922,129.88755798339844,129.9052734375,129.8943328857422,129.93650817871094,129.9016876220703,130.27871704101562,129.88394165039062,129.8845672607422,129.8998565673828,129.9061737060547,129.9351806640625,129.88400268554688,130.0393829345703,129.8837890625,129.89895629882812,129.89895629882812,129.88380432128906,129.8838348388672,129.94320678710938,130.01646423339844,129.93260192871094,130.057373046875,129.88449096679688,129.89646911621094,129.90342712402344,129.9131622314453,130.00706481933594,129.97325134277344,129.91294860839844,129.92758178710938,129.88381958007812,129.89804077148438,129.88446044921875,130.0074462890625,129.8990936279297,130.65231323242188,130.24717712402344,130.09701538085938,129.92689514160156,129.91990661621094,145.24960327148438,129.8837890625,129.89183044433594,129.8843231201172,130.0514678955078,129.88380432128906,129.8992156982422,130.0070343017578,129.9340362548828,130.00445556640625,129.9197540283203,129.8994140625,129.9356231689453,129.96380615234375,129.89959716796875,129.91358947753906,130.06019592285156,129.92129516601562,129.8889923095703,129.98951721191406,129.8838348388672,130.00881958007812,129.91563415527344,129.95433044433594,130.01101684570312,130.03805541992188,129.89892578125,129.90283203125,130.01588439941406,130.05731201171875,129.94398498535156,129.9733123779297,129.8838348388672,129.8953857421875
188,129.99169921875,129.92636108398438,129.93873596191406,130.02029418945312,129.9336700439453,129.88380432128906,129.96212768554688,129.93846130371094,130.1046600341797,129.9676513671875,129.88453674316406,129.8838653564453,129.8999481201172,129.9279022216797,130.06263732910156,129.97410583496094,129.92620849609375,129.8916015625,129.91342163085938,129.9037322998047,129.88381958007812,130.01541137695312,129.92454528808594,129.95167541503906,129.89527893066406,130.110595703125,129.8870849609375,129.90496826171875,129.8944091796875,129.93643188476562,129.90167236328125,130.2787322998047,129.88394165039062,129.8845672607422,129.8998260498047,129.9061737060547,129.9351806640625,129.88394165039062,130.03524780273438,129.88381958007812,129.89894104003906,129.89894104003906,129.8837890625,129.88381958007812,129.94320678710938,130.01556396484375,129.93258666992188,130.05738830566406,129.8843994140625,129.89646911621094,129.90345764160156,129.9131317138672,130.00682067871094,129.9732666015625,129.9129638671875,129.92762756347656,129.88381958007812,129.89804077148438,129.88430786132812,130.00741577148438,129.89907836914062,130.6524658203125,130.24717712402344,130.09695434570312,129.92669677734375,129.91986083984375,145.2767791748047,129.88380432128906,129.8915252685547,129.8843231201172,130.05142211914062,129.88380432128906,129.89923095703125,130.00698852539062,129.93399047851562,130.00442504882812,129.9197998046875,129.89926147460938,129.93560791015625,129.96389770507812,129.89962768554688,129.91336059570312,130.0601043701172,129.91229248046875,129.88827514648438,129.98953247070312,129.8838348388672,130.00918579101562,129.91505432128906,129.95411682128906,130.01107788085938,130.03802490234375,129.89889526367188,129.90280151367188,130.01589965820312,130.05728149414062,129.94400024414062,129.9733123779297,129.88381958007812,129.89541625976562
189,129.99166870117188,129.92633056640625,129.93873596191406,130.0185546875,129.93365478515625,129.88380432128906,129.96212768554688,129.9384765625,130.10458374023438,129.9676513671875,129.884521484375,129.88388061523438,129.89996337890625,129.92791748046875,130.0626220703125,129.97386169433594,129.92620849609375,129.8916015625,129.91342163085938,129.90371704101562,129.88380432128906,130.0153350830078,129.924560546875,129.95169067382812,129.895263671875,130.11045837402344,129.8871307373047,129.9042510986328,129.89434814453125,129.9364013671875,129.9016876220703,130.27880859375,129.88389587402344,129.88436889648438,129.89981079101562,129.90615844726562,129.93519592285156,129.8839569091797,130.0317840576172,129.8837890625,129.89895629882812,129.8989715576172,129.8837890625,129.88380432128906,129.94320678710938,130.01515197753906,129.9325714111328,130.0574951171875,129.88438415527344,129.8964080810547,129.90342712402344,129.91311645507812,130.00650024414062,129.97325134277344,129.91294860839844,129.9278106689453,129.88381958007812,129.89804077148438,129.88433837890625,130.00743103027344,129.89903259277344,130.65248107910156,130.24708557128906,130.09713745117188,129.9265594482422,129.91983032226562,144.6988525390625,129.88381958007812,129.89161682128906,129.88427734375,130.05142211914062,129.88381958007812,129.89913940429688,130.0069580078125,129.93399047851562,130.0045166015625,129.91978454589844,129.8992919921875,129.9356231689453,129.9637908935547,129.8996124267578,129.91343688964844,130.05958557128906,129.90957641601562,129.88787841796875,129.98951721191406,129.88385009765625,130.00779724121094,129.91506958007812,129.9541778564453,130.0109100341797,130.03802490234375,129.89891052246094,129.9027862548828,130.01583862304688,130.05734252929688,129.9440155029297,129.97328186035156,129.88381958007812,129.89540100097656
190,129.99166870117188,129.9263458251953,129.938720703125,130.01715087890625,129.9336700439453,129.88380432128906,129.96212768554688,129.93841552734375,130.1046142578125,129.96763610839844,129.884521484375,129.8838653564453,129.8999481201172,129.9278564453125,130.0625762939453,129.9739990234375,129.9261932373047,129.8916015625,129.91343688964844,129.9037322998047,129.88385009765625,130.0154571533203,129.92457580566406,129.95169067382812,129.89524841308594,130.1104278564453,129.88742065429688,129.9038543701172,129.89437866210938,129.9363555908203,129.90167236328125,130.2788543701172,129.88392639160156,129.88429260253906,129.8998565673828,129.90615844726562,129.93519592285156,129.8839111328125,130.02989196777344,129.88380432128906,129.8989715576172,129.89901733398438,129.88381958007812,129.88380432128906,129.9431915283203,130.013671875,129.93260192871094,130.057373046875,129.88429260253906,129.89642333984375,129.90342712402344,129.91314697265625,130.00665283203125,129.97323608398438,129.91293334960938,129.92752075195312,129.88380432128906,129.89804077148438,129.88424682617188,130.0074005126953,129.8990020751953,130.6525115966797,130.24710083007812,130.09698486328125,129.92654418945312,129.91976928710938,144.7943115234375,129.88380432128906,129.89015197753906,129.88453674316406,130.0513153076172,129.88377380371094,129.89910888671875,130.00689697265625,129.93405151367188,130.00439453125,129.91973876953125,129.899169921875,129.9356231689453,129.96316528320312,129.8996124267578,129.91331481933594,130.05970764160156,129.90603637695312,129.8878936767578,129.98953247070312,129.88385009765625,130.00843811035156,129.91455078125,129.9539337158203,130.01084899902344,130.03799438476562,129.89891052246094,129.9027862548828,130.015869140625,130.05734252929688,129.94398498535156,129.97328186035156,129.8838348388672,129.8953857421875
191,129.9916534423828,129.92637634277344,129.938720703125,130.0159912109375,129.93365478515625,129.88381958007812,129.96214294433594,129.93846130371094,130.104736328125,129.96763610839844,129.88430786132812,129.8838653564453,129.89993286132812,129.9278564453125,130.06268310546875,129.97364807128906,129.9262237548828,129.89161682128906,129.91343688964844,129.90370178222656,129.8838348388672,130.015380859375,129.924560546875,129.95167541503906,129.89524841308594,130.1103057861328,129.88633728027344,129.90386962890625,129.89434814453125,129.93630981445312,129.90167236328125,130.27879333496094,129.88392639160156,129.8841552734375,129.89981079101562,129.90615844726562,129.93519592285156,129.88388061523438,130.031494140625,129.88381958007812,129.89894104003906,129.8989715576172,129.88381958007812,129.88381958007812,129.94322204589844,130.0129852294922,129.93260192871094,130.05735778808594,129.88427734375,129.89639282226562,129.90342712402344,129.9131317138672,130.00537109375,129.9732208251953,129.91294860839844,129.9275360107422,129.88381958007812,129.8980255126953,129.88426208496094,130.00741577148438,129.89903259277344,130.6522979736328,130.2470703125,130.0970001220703,129.926513671875,129.91981506347656,144.9725341796875,129.8837890625,129.8905029296875,129.88429260253906,130.05136108398438,129.88380432128906,129.8990936279297,130.00697326660156,129.93421936035156,130.00440979003906,129.91973876953125,129.89906311035156,129.9356231689453,129.96319580078125,129.89959716796875,129.91322326660156,130.05905151367188,129.9053497314453,129.88722229003906,129.98951721191406,129.88380432128906,130.00701904296875,129.9147491455078,129.95387268066406,130.01075744628906,130.0379638671875,129.89891052246094,129.9027862548828,130.01583862304688,130.05735778808594,129.9440155029297,129.9732666015625,129.88381958007812,129.8953857421875
192,129.9916534423828,129.92630004882812,129.9387664794922,130.01168823242188,129.93368530273438,129.88380432128906,129.96214294433594,129.93841552734375,130.10462951660156,129.9676513671875,129.88427734375,129.8839111328125,129.89990234375,129.92784118652344,130.06259155273438,129.97366333007812,129.9262237548828,129.8916473388672,129.91343688964844,129.90371704101562,129.88381958007812,130.015380859375,129.92457580566406,129.95167541503906,129.895263671875,130.1101837158203,129.8860626220703,129.90354919433594,129.8943328857422,129.93629455566406,129.90167236328125,130.2786865234375,129.8838348388672,129.88406372070312,129.8998260498047,129.9061737060547,129.9351806640625,129.88388061523438,130.02748107910156,129.8837890625,129.89895629882812,129.8989715576172,129.8837890625,129.88380432128906,129.94322204589844,130.0122833251953,129.93258666992188,130.0572967529297,129.88414001464844,129.89637756347656,129.90342712402344,129.9131317138672,130.00509643554688,129.97325134277344,129.9129638671875,129.9279022216797,129.88380432128906,129.89804077148438,129.8842315673828,130.00738525390625,129.8989715576172,130.6523895263672,130.24708557128906,130.09701538085938,129.926513671875,129.9197998046875,145.38624572753906,129.8837890625,129.88914489746094,129.88421630859375,130.05128479003906,129.88377380371094,129.89906311035156,130.00692749023438,129.9341583251953,130.00440979003906,129.9197235107422,129.89903259277344,129.93560791015625,129.96311950683594,129.8996124267578,129.91319274902344,130.05885314941406,129.9008331298828,129.88677978515625,129.98951721191406,129.88381958007812,130.00662231445312,129.91429138183594,129.95376586914062,130.01080322265625,130.03790283203125,129.89891052246094,129.90280151367188,130.0158233642578,130.0572967529297,129.94398498535156,129.97329711914062,129.88381958007812,129.8953399658203
193,129.99169921875,129.92630004882812,129.938720703125,130.01260375976562,129.93365478515625,129.88381958007812,129.96212768554688,129.93841552734375,130.1046905517578,129.9676513671875,129.88418579101562,129.88385009765625,129.89987182617188,129.92784118652344,130.0626220703125,129.97352600097656,129.92620849609375,129.89158630371094,129.91342163085938,129.90370178222656,129.8838348388672,130.01527404785156,129.924560546875,129.95167541503906,129.895263671875,130.11016845703125,129.88604736328125,129.90347290039062,129.89439392089844,129.93626403808594,129.9016571044922,130.27867126464844,129.88385009765625,129.88404846191406,129.89984130859375,129.90611267089844,129.93516540527344,129.88388061523438,130.02552795410156,129.8837890625,129.89892578125,129.89895629882812,129.8837890625,129.88381958007812,129.94322204589844,130.01307678222656,129.93260192871094,130.05734252929688,129.88404846191406,129.89639282226562,129.9034423828125,129.91310119628906,130.0046844482422,129.9731903076172,129.91293334960938,129.92787170410156,129.88380432128906,129.8980255126953,129.8841552734375,130.0074462890625,129.89901733398438,130.65237426757812,130.2470245361328,130.0970916748047,129.92640686035156,129.9197540283203,161.7497100830078,129.8837890625,129.8887176513672,129.8841552734375,130.05117797851562,129.88375854492188,129.8990936279297,130.00689697265625,129.9342803955078,130.00440979003906,129.91973876953125,129.8990478515625,129.93560791015625,129.96304321289062,129.89959716796875,129.91319274902344,130.05882263183594,129.89683532714844,129.88755798339844,129.98948669433594,129.8838348388672,130.00672912597656,129.91427612304688,129.9536590576172,130.0107879638672,130.03794860839844,129.89889526367188,129.9027862548828,130.0157928466797,130.05734252929688,129.94398498535156,129.97329711914062,129.88381958007812,129.8953399658203
194,129.9916534423828,129.92630004882812,129.93870544433594,130.0125274658203,129.93368530273438,129.88381958007812,129.96214294433594,129.93838500976562,130.1046905517578,129.96763610839844,129.88409423828125,129.88385009765625,129.89988708496094,129.92782592773438,130.06256103515625,129.97354125976562,129.9261932373047,129.8916015625,129.9134063720703,129.9037322998047,129.8838348388672,130.0152130126953,129.924560546875,129.95167541503906,129.89527893066406,130.1101531982422,129.88546752929688,129.9033203125,129.8943328857422,129.9363250732422,129.90162658691406,130.27874755859375,129.8839111328125,129.88401794433594,129.89979553222656,129.90609741210938,129.93515014648438,129.88385009765625,130.02442932128906,129.8837890625,129.89894104003906,129.89894104003906,129.88381958007812,129.88380432128906,129.94320678710938,130.01156616210938,129.93258666992188,130.0573272705078,129.88414001464844,129.89639282226562,129.9034423828125,129.91317749023438,130.0048370361328,129.9732208251953,129.91293334960938,129.92884826660156,129.88380432128906,129.8980255126953,129.8840789794922,130.00738525390625,129.89894104003906,130.65225219726562,130.24703979492188,130.09703063964844,129.92636108398438,129.91978454589844,163.3480987548828,129.8837890625,129.88943481445312,129.8840789794922,130.05125427246094,129.88380432128906,129.89906311035156,130.00686645507812,129.9342041015625,130.0043487548828,129.91970825195312,129.89907836914062,129.9356231689453,129.9628143310547,129.89959716796875,129.91317749023438,130.0587615966797,129.89883422851562,129.8860626220703,129.989501953125,129.88385009765625,130.00645446777344,129.91415405273438,129.95352172851562,130.0106658935547,130.0379180908203,129.89889526367188,129.9027862548828,130.015869140625,130.05735778808594,129.94398498535156,129.9733123779297,129.88381958007812,129.8953094482422
195,129.99168395996094,129.92626953125,129.93873596191406,130.0107879638672,129.93365478515625,129.88380432128906,129.96212768554688,129.93838500976562,130.10472106933594,129.96763610839844,129.88414001464844,129.88385009765625,129.89987182617188,129.92782592773438,130.06263732910156,129.97352600097656,129.9261932373047,129.8916015625,129.9134063720703,129.90371704101562,129.88381958007812,130.0151824951172,129.92453002929688,129.95169067382812,129.895263671875,130.1100616455078,129.88511657714844,129.9031982421875,129.8943328857422,129.9362335205078,129.90162658691406,130.2787322998047,129.88388061523438,129.88401794433594,129.89981079101562,129.90609741210938,129.93519592285156,129.88388061523438,130.0272979736328,129.8837890625,129.89894104003906,129.8989715576172,129.88380432128906,129.88381958007812,129.94322204589844,130.01101684570312,129.93260192871094,130.0573272705078,129.88409423828125,129.89634704589844,129.90345764160156,129.91307067871094,130.004150390625,129.9732208251953,129.9129180908203,129.9285430908203,129.8837890625,129.8980255126953,129.8840789794922,130.00738525390625,129.89895629882812,130.6521453857422,130.2470703125,130.09698486328125,129.9263458251953,129.9197540283203,156.94569396972656,129.88377380371094,129.8886260986328,129.88406372070312,130.05120849609375,129.88375854492188,129.89901733398438,130.00689697265625,129.93458557128906,130.00440979003906,129.91970825195312,129.89903259277344,129.9356231689453,129.96273803710938,129.89959716796875,129.9131317138672,130.058837890625,129.89617919921875,129.88563537597656,129.9895477294922,129.88380432128906,130.00701904296875,129.91390991210938,129.9534912109375,130.01071166992188,130.03785705566406,129.89891052246094,129.9027862548828,130.01580810546875,130.05735778808594,129.94398498535156,129.9733123779297,129.88381958007812,129.8953094482422
196,129.99166870117188,129.9262237548828,129.938720703125,130.0087127685547,129.93365478515625,129.88381958007812,129.96212768554688,129.9384002685547,130.1046600341797,129.96763610839844,129.88404846191406,129.88385009765625,129.89987182617188,129.92782592773438,130.06271362304688,129.97337341308594,129.9262237548828,129.89158630371094,129.91343688964844,129.90374755859375,129.88380432128906,130.0152587890625,129.92457580566406,129.95169067382812,129.895263671875,130.11012268066406,129.88490295410156,129.90316772460938,129.89434814453125,129.93621826171875,129.90162658691406,130.2787628173828,129.8838348388672,129.8839111328125,129.89981079101562,129.9061279296875,129.9351806640625,129.8838348388672,130.02613830566406,129.8837890625,129.89895629882812,129.89898681640625,129.8837890625,129.88380432128906,129.94322204589844,130.01148986816406,129.9325714111328,130.0574188232422,129.88406372070312,129.8963623046875,129.90345764160156,129.91311645507812,130.0045166015625,129.9732208251953,129.9129180908203,129.92857360839844,129.88381958007812,129.89804077148438,129.88397216796875,130.0074005126953,129.8989715576172,130.65255737304688,130.2470703125,130.09698486328125,129.9263458251953,129.91978454589844,166.24575805664062,129.8837890625,129.88836669921875,129.884033203125,130.0513153076172,129.8837432861328,129.8990478515625,130.0068817138672,129.93429565429688,130.00433349609375,129.91973876953125,129.8990020751953,129.9356231689453,129.962646484375,129.8996124267578,129.91310119628906,130.05877685546875,129.89151000976562,129.88528442382812,129.989501953125,129.88380432128906,130.00738525390625,129.9138946533203,129.9534149169922,130.01065063476562,130.03778076171875,129.89891052246094,129.90277099609375,130.0158233642578,130.05735778808594,129.94398498535156,129.9733123779297,129.88381958007812,129.89527893066406
197,129.99163818359375,129.92628479003906,129.938720703125,130.00860595703125,129.9336700439453,129.88380432128906,129.96212768554688,129.93838500976562,130.10470581054688,129.9676513671875,129.8839874267578,129.8838653564453,129.89988708496094,129.9278106689453,130.06259155273438,129.973388671875,129.92620849609375,129.89158630371094,129.9134063720703,129.9037322998047,129.88381958007812,130.0152130126953,129.92453002929688,129.95167541503906,129.895263671875,130.11004638671875,129.88487243652344,129.90301513671875,129.8943328857422,129.93618774414062,129.9016876220703,130.2786865234375,129.8839111328125,129.88389587402344,129.89981079101562,129.90609741210938,129.93519592285156,129.88385009765625,130.02359008789062,129.8837890625,129.89894104003906,129.8989715576172,129.88380432128906,129.88381958007812,129.94320678710938,130.01072692871094,129.9325714111328,130.0572967529297,129.8839569091797,129.89634704589844,129.90342712402344,129.91310119628906,130.00404357910156,129.9731903076172,129.9129180908203,129.92779541015625,129.8837890625,129.89804077148438,129.88400268554688,130.00738525390625,129.89895629882812,130.6521759033203,130.2469940185547,130.09706115722656,129.9263153076172,129.9197540283203,161.5653533935547,129.88377380371094,129.88717651367188,129.88401794433594,130.05133056640625,129.88372802734375,129.89898681640625,130.00686645507812,129.93414306640625,130.00436401367188,129.91970825195312,129.89898681640625,129.9356231689453,129.9625701904297,129.89962768554688,129.9130859375,130.0586700439453,129.89181518554688,129.88516235351562,129.989501953125,129.88380432128906,130.00816345214844,129.9136505126953,129.95335388183594,130.01063537597656,130.03787231445312,129.89889526367188,129.90283203125,130.01585388183594,130.0572967529297,129.94398498535156,129.97325134277344,129.8838348388672,129.89527893066406
198,129.99169921875,129.9262237548828,129.93873596191406,130.0086669921875,129.93370056152344,129.8838348388672,129.96212768554688,129.93841552734375,130.10462951660156,129.9676513671875,129.8839874267578,129.8838653564453,129.8998565673828,129.9278106689453,130.0626220703125,129.9733428955078,129.9261932373047,129.89161682128906,129.91339111328125,129.9036865234375,129.8838348388672,130.01524353027344,129.92454528808594,129.95169067382812,129.89527893066406,130.11001586914062,129.8845977783203,129.90298461914062,129.8943328857422,129.93618774414062,129.90164184570312,130.27865600585938,129.8838348388672,129.88388061523438,129.89981079101562,129.90609741210938,129.9351806640625,129.88381958007812,130.02317810058594,129.8837890625,129.89892578125,129.89895629882812,129.8838348388672,129.88380432128906,129.9432373046875,130.01084899902344,129.93252563476562,130.057373046875,129.88392639160156,129.89637756347656,129.90342712402344,129.91311645507812,130.00357055664062,129.97323608398438,129.9129180908203,129.92808532714844,129.88380432128906,129.8980255126953,129.8839569091797,130.0074005126953,129.89895629882812,130.6522216796875,130.24703979492188,130.09701538085938,129.92628479003906,129.9197540283203,165.818115234375,129.88377380371094,129.8876495361328,129.88392639160156,130.05120849609375,129.8837432861328,129.89901733398438,130.0069122314453,129.93443298339844,130.0043487548828,129.9197235107422,129.8989715576172,129.9356231689453,129.9625244140625,129.8996124267578,129.91317749023438,130.05844116210938,129.8907470703125,129.88475036621094,129.989501953125,129.88380432128906,130.02182006835938,129.91368103027344,129.95323181152344,130.01065063476562,130.0380096435547,129.89891052246094,129.9027862548828,130.01580810546875,130.0573272705078,129.9440460205078,129.97325134277344,129.88381958007812,129.89532470703125
199,129.9916534423828,129.9262237548828,129.93870544433594,130.00765991210938,129.9336700439453,129.88380432128906,129.9621124267578,129.93838500976562,130.10462951660156,129.96762084960938,129.8839569091797,129.8838653564453,129.8998565673828,129.92782592773438,130.0626220703125,129.97332763671875,129.92617797851562,129.8916015625,129.91339111328125,129.90370178222656,129.88380432128906,130.01524353027344,129.92459106445312,129.95167541503906,129.89527893066406,130.1100311279297,129.88449096679688,129.90293884277344,129.89434814453125,129.93618774414062,129.90164184570312,130.2786407470703,129.8839111328125,129.88388061523438,129.89979553222656,129.9060821533203,129.9351806640625,129.88381958007812,130.0226593017578,129.88380432128906,129.89892578125,129.89895629882812,129.8837890625,129.88380432128906,129.94320678710938,130.0103759765625,129.9325714111328,130.05726623535156,129.88392639160156,129.89634704589844,129.9034423828125,129.91307067871094,130.00335693359375,129.9731903076172,129.9129180908203,129.92779541015625,129.88381958007812,129.89801025390625,129.88397216796875,130.00743103027344,129.89892578125,130.65219116210938,130.24696350097656,130.0970458984375,129.92626953125,129.9197540283203,160.5712890625,129.88380432128906,129.8867645263672,129.88394165039062,130.05117797851562,129.8837432861328,129.8990020751953,130.00689697265625,129.93399047851562,130.00436401367188,129.91969299316406,129.89898681640625,129.9356231689453,129.96241760253906,129.8996124267578,129.9130401611328,130.05828857421875,129.89053344726562,129.88461303710938,129.989501953125,129.88381958007812,130.0128631591797,129.91358947753906,129.9532012939453,130.01060485839844,130.03787231445312,129.89889526367188,129.9027862548828,130.0159149169922,130.05728149414062,129.94398498535156,129.97329711914062,129.88381958007812,129.89529418945312
200,129.99163818359375,129.92623901367188,129.93870544433594,130.00794982910156,129.93365478515625,129.88380432128906,129.9620819091797,129.93841552734375,130.1046142578125,129.96763610839844,129.88394165039062,129.8838653564453,129.89988708496094,129.9278106689453,130.06265258789062,129.97332763671875,129.9261932373047,129.8916473388672,129.9134063720703,129.90370178222656,129.8837890625,130.01516723632812,129.92453002929688,129.95167541503906,129.895263671875,130.1099395751953,129.8844451904297,129.90292358398438,129.8943328857422,129.93624877929688,129.90162658691406,130.27867126464844,129.88381958007812,129.88385009765625,129.89981079101562,129.90614318847656,129.9351806640625,129.88380432128906,130.02406311035156,129.88377380371094,129.89894104003906,129.8990020751953,129.8837890625,129.8837890625,129.9431915283203,130.009765625,129.93258666992188,130.05734252929688,129.8838653564453,129.8963623046875,129.90341186523438,129.91317749023438,130.003173828125,129.97328186035156,129.91290283203125,129.92723083496094,129.88381958007812,129.89801025390625,129.88392639160156,130.00741577148438,129.89895629882812,130.65223693847656,130.2470245361328,130.0970916748047,129.92623901367188,129.91976928710938,165.28306579589844,129.88377380371094,129.88658142089844,129.88392639160156,130.05123901367188,129.88372802734375,129.89898681640625,130.0068359375,129.93360900878906,130.00437927246094,129.91978454589844,129.8990020751953,129.9356231689453,129.9623565673828,129.89962768554688,129.91305541992188,130.05810546875,129.89031982421875,129.88441467285156,129.98948669433594,129.88380432128906,130.0166778564453,129.91368103027344,129.95314025878906,130.0106201171875,130.03778076171875,129.89889526367188,129.9027862548828,130.01589965820312,130.05728149414062,129.94398498535156,129.97329711914062,129.8838348388672,129.89527893066406
201,129.99166870117188,129.92623901367188,129.9387664794922,130.00741577148438,129.9336700439453,129.88381958007812,129.96209716796875,129.93841552734375,130.10472106933594,129.96762084960938,129.8839111328125,129.8838653564453,129.8998565673828,129.92779541015625,130.06263732910156,129.97340393066406,129.92620849609375,129.89163208007812,129.9134063720703,129.90370178222656,129.88381958007812,130.01512145996094,129.92453002929688,129.95167541503906,129.89527893066406,130.10992431640625,129.8844451904297,129.90286254882812,129.8943634033203,129.93618774414062,129.90164184570312,130.27867126464844,129.88389587402344,129.8838348388672,129.89981079101562,129.9060821533203,129.93515014648438,129.88381958007812,130.0221405029297,129.88377380371094,129.89892578125,129.89894104003906,129.88380432128906,129.8837890625,129.94317626953125,130.00962829589844,129.9325714111328,130.05731201171875,129.88388061523438,129.89634704589844,129.90342712402344,129.9130859375,130.0030059814453,129.97328186035156,129.9128875732422,129.9271240234375,129.88380432128906,129.8980255126953,129.88389587402344,130.00743103027344,129.89892578125,130.65235900878906,130.2469940185547,130.0970001220703,129.92623901367188,129.91973876953125,160.2193603515625,129.8837890625,129.88600158691406,129.88392639160156,130.0511474609375,129.8837432861328,129.89898681640625,130.0068817138672,129.93362426757812,130.00436401367188,129.91970825195312,129.89898681640625,129.9356231689453,129.96238708496094,129.89962768554688,129.91310119628906,130.05804443359375,129.8890380859375,129.88441467285156,129.98947143554688,129.8837890625,130.00596618652344,129.91342163085938,129.95318603515625,130.01063537597656,130.03782653808594,129.89891052246094,129.90277099609375,130.01585388183594,130.05731201171875,129.94400024414062,129.9732666015625,129.8838348388672,129.895263671875
202,129.9916534423828,129.92617797851562,129.93881225585938,130.00669860839844,129.9336700439453,129.88381958007812,129.9621124267578,129.93836975097656,130.10472106933594,129.96766662597656,129.88388061523438,129.88385009765625,129.89984130859375,129.92782592773438,130.06271362304688,129.97332763671875,129.92617797851562,129.8916015625,129.91342163085938,129.9036865234375,129.88380432128906,130.01524353027344,129.9245147705078,129.95169067382812,129.895263671875,130.1099090576172,129.8842010498047,129.9028778076172,129.8943634033203,129.9361572265625,129.9016571044922,130.27867126464844,129.88389587402344,129.8838348388672,129.89979553222656,129.90609741210938,129.93516540527344,129.88380432128906,130.021728515625,129.8837890625,129.89894104003906,129.89894104003906,129.8837890625,129.8837890625,129.94320678710938,130.00938415527344,129.93260192871094,130.05731201171875,129.88388061523438,129.89637756347656,129.90345764160156,129.9131317138672,130.0029296875,129.9732666015625,129.9128875732422,129.9267120361328,129.8837890625,129.89801025390625,129.88392639160156,130.0074005126953,129.89892578125,130.6522674560547,130.24700927734375,130.09693908691406,129.9262237548828,129.91976928710938,162.89846801757812,129.88377380371094,129.88539123535156,129.88385009765625,130.05113220214844,129.8837432861328,129.89895629882812,130.00682067871094,129.93353271484375,130.00437927246094,129.91969299316406,129.89898681640625,129.93560791015625,129.9622802734375,129.89959716796875,129.9130401611328,130.05792236328125,129.88917541503906,129.88438415527344,129.98951721191406,129.88380432128906,130.00595092773438,129.9133758544922,129.95314025878906,130.01055908203125,130.0377960205078,129.89891052246094,129.90281677246094,130.01593017578125,130.05740356445312,129.94398498535156,129.97320556640625,129.8838348388672,129.89529418945312
203,129.9916534423828,129.92623901367188,129.938720703125,130.0065460205078,129.9336700439453,129.88380432128906,129.96209716796875,129.93836975097656,130.1046142578125,129.96763610839844,129.88388061523438,129.8838653564453,129.89984130859375,129.92776489257812,130.06263732910156,129.97328186035156,129.9261932373047,129.8916015625,129.91342163085938,129.9036865234375,129.88377380371094,130.01515197753906,129.92454528808594,129.95166015625,129.89524841308594,130.10986328125,129.88424682617188,129.90272521972656,129.89434814453125,129.93617248535156,129.90171813964844,130.27871704101562,129.88381958007812,129.8838653564453,129.89979553222656,129.90606689453125,129.93515014648438,129.88380432128906,130.02362060546875,129.8837890625,129.89892578125,129.8989715576172,129.8837890625,129.8837890625,129.94320678710938,130.00918579101562,129.93260192871094,130.0572967529297,129.88388061523438,129.89633178710938,129.9034423828125,129.91310119628906,130.00286865234375,129.97323608398438,129.9128875732422,129.92662048339844,129.8837890625,129.8980255126953,129.8839111328125,130.0073699951172,129.89891052246094,130.6521759033203,130.2469940185547,130.09693908691406,129.9262237548828,129.91976928710938,159.19729614257812,129.88380432128906,129.88522338867188,129.8838653564453,130.05117797851562,129.88375854492188,129.8989715576172,130.00685119628906,129.9334259033203,130.00436401367188,129.91973876953125,129.8989715576172,129.93560791015625,129.96226501464844,129.89959716796875,129.9130401611328,130.05776977539062,129.88865661621094,129.88429260253906,129.989501953125,129.88381958007812,130.0049285888672,129.91331481933594,129.95315551757812,130.01065063476562,130.03781127929688,129.89891052246094,129.90277099609375,130.0159149169922,130.0573272705078,129.94398498535156,129.9732208251953,129.88381958007812,129.8953094482422
204,129.9916534423828,129.9261932373047,129.93870544433594,130.00604248046875,129.9336700439453,129.8838348388672,129.9621124267578,129.9384002685547,130.10462951660156,129.96759033203125,129.88385009765625,129.88385009765625,129.8998565673828,129.9278106689453,130.0626220703125,129.9732666015625,129.92617797851562,129.89163208007812,129.9133758544922,129.9036865234375,129.8837890625,130.01513671875,129.924560546875,129.95167541503906,129.89523315429688,130.10995483398438,129.88414001464844,129.90277099609375,129.89434814453125,129.93617248535156,129.9016571044922,130.2786865234375,129.8838348388672,129.88381958007812,129.89981079101562,129.9060821533203,129.9351806640625,129.88381958007812,130.0226287841797,129.88377380371094,129.89892578125,129.89894104003906,129.8837890625,129.88381958007812,129.94322204589844,130.00901794433594,129.9325714111328,130.0573272705078,129.88385009765625,129.89634704589844,129.90342712402344,129.91307067871094,130.0026092529297,129.9731903076172,129.91290283203125,129.92691040039062,129.88380432128906,129.8980255126953,129.88389587402344,130.00738525390625,129.89891052246094,130.6522216796875,130.24700927734375,130.09703063964844,129.92623901367188,129.91973876953125,162.37130737304688,129.8837890625,129.88523864746094,129.88385009765625,130.05117797851562,129.88375854492188,129.8989715576172,130.00689697265625,129.9331817626953,130.00439453125,129.91970825195312,129.89895629882812,129.93551635742188,129.96226501464844,129.89959716796875,129.9130401611328,130.05767822265625,129.88729858398438,129.88438415527344,129.98951721191406,129.88380432128906,130.00244140625,129.91334533691406,129.95306396484375,130.0105743408203,130.0377655029297,129.89889526367188,129.9027862548828,130.01596069335938,130.05728149414062,129.94398498535156,129.9732208251953,129.88380432128906,129.89529418945312
205,129.99163818359375,129.92625427246094,129.938720703125,130.0059051513672,129.93368530273438,129.88380432128906,129.9621124267578,129.93841552734375,130.10462951660156,129.96762084960938,129.8838348388672,129.88385009765625,129.89984130859375,129.9277801513672,130.06265258789062,129.97329711914062,129.9261474609375,129.8916015625,129.91339111328125,129.9036865234375,129.88380432128906,130.01510620117188,129.92454528808594,129.95169067382812,129.89523315429688,130.10984802246094,129.88412475585938,129.90269470214844,129.8943328857422,129.93617248535156,129.90167236328125,130.27867126464844,129.88385009765625,129.88381958007812,129.89981079101562,129.90609741210938,129.9351348876953,129.88380432128906,130.02151489257812,129.88377380371094,129.89894104003906,129.89894104003906,129.8837890625,129.88380432128906,129.9431610107422,130.0088348388672,129.9325714111328,130.05728149414062,129.88385009765625,129.89633178710938,129.90342712402344,129.91310119628906,130.00241088867188,129.97323608398438,129.9128875732422,129.92652893066406,129.88381958007812,129.8980255126953,129.88388061523438,130.0074005126953,129.89892578125,130.65208435058594,130.24696350097656,130.09698486328125,129.9261932373047,129.9197540283203,162.92498779296875,129.8837890625,129.88485717773438,129.88385009765625,130.05113220214844,129.88372802734375,129.8989715576172,130.0068817138672,129.93319702148438,130.00437927246094,129.91970825195312,129.8989715576172,129.93551635742188,129.96224975585938,129.8996124267578,129.9130401611328,130.0576171875,129.88735961914062,129.8841552734375,129.989501953125,129.88380432128906,130.0029754638672,129.91322326660156,129.95306396484375,130.01055908203125,130.0377655029297,129.8988800048828,129.9027557373047,130.0159454345703,130.05728149414062,129.94398498535156,129.9732208251953,129.88381958007812,129.8953094482422
206,129.9916229248047,129.92625427246094,129.938720703125,130.00570678710938,129.9336700439453,129.8838348388672,129.9621124267578,129.93844604492188,130.10467529296875,129.96763610839844,129.88380432128906,129.88385009765625,129.89984130859375,129.92776489257812,130.06260681152344,129.9733123779297,129.92617797851562,129.89161682128906,129.91342163085938,129.90371704101562,129.88380432128906,130.01528930664062,129.92457580566406,129.95167541503906,129.89523315429688,130.10986328125,129.88412475585938,129.9026641845703,129.89434814453125,129.9361572265625,129.90167236328125,130.27865600585938,129.88381958007812,129.8838348388672,129.89981079101562,129.9060821533203,129.9351806640625,129.88381958007812,130.0206298828125,129.88377380371094,129.89891052246094,129.8989715576172,129.88381958007812,129.88381958007812,129.94317626953125,130.0086669921875,129.93255615234375,130.0573272705078,129.88385009765625,129.89633178710938,129.90342712402344,129.91305541992188,130.0023651123047,129.97320556640625,129.9129180908203,129.9265594482422,129.88381958007812,129.8979949951172,129.88385009765625,130.00738525390625,129.89891052246094,130.65219116210938,130.24696350097656,130.0970001220703,129.92617797851562,129.9197998046875,161.5591278076172,129.88377380371094,129.88475036621094,129.8838348388672,130.05116271972656,129.8837432861328,129.8989715576172,130.0068359375,129.9330291748047,130.0043487548828,129.91970825195312,129.8989715576172,129.93551635742188,129.96221923828125,129.8995819091797,129.91302490234375,130.05752563476562,129.88702392578125,129.88418579101562,129.98948669433594,129.8837890625,130.00331115722656,129.91319274902344,129.95301818847656,130.0105438232422,130.03775024414062,129.89891052246094,129.90280151367188,130.01596069335938,130.05731201171875,129.94398498535156,129.97320556640625,129.8838348388672,129.89532470703125
207,129.9916534423828,129.92617797851562,129.938720703125,130.0054473876953,129.93365478515625,129.8838348388672,129.96209716796875,129.9383544921875,130.1046142578125,129.96759033203125,129.88381958007812,129.88385009765625,129.89984130859375,129.92779541015625,130.06260681152344,129.97328186035156,129.9261474609375,129.8916015625,129.91339111328125,129.90370178222656,129.8837890625,130.01512145996094,129.92453002929688,129.95167541503906,129.89527893066406,130.1099090576172,129.884033203125,129.90264892578125,129.89431762695312,129.9361572265625,129.90167236328125,130.27877807617188,129.8838348388672,129.8838348388672,129.89979553222656,129.90609741210938,129.93515014648438,129.88381958007812,130.01998901367188,129.8837890625,129.89894104003906,129.89895629882812,129.8837890625,129.88380432128906,129.94317626953125,130.00868225097656,129.93258666992188,130.05728149414062,129.88389587402344,129.89633178710938,129.90341186523438,129.91305541992188,130.00238037109375,129.97323608398438,129.9129180908203,129.92611694335938,129.88381958007812,129.89801025390625,129.8838348388672,130.00738525390625,129.89894104003906,130.6522979736328,130.2469482421875,130.0969696044922,129.92617797851562,129.91976928710938,164.59310913085938,129.88375854492188,129.88450622558594,129.8838348388672,130.05113220214844,129.8837432861328,129.89894104003906,130.00685119628906,129.9329071044922,130.0043487548828,129.9197235107422,129.89894104003906,129.93551635742188,129.9622344970703,129.89959716796875,129.9130401611328,130.05751037597656,129.8868865966797,129.884033203125,129.98951721191406,129.8837890625,129.9994354248047,129.91319274902344,129.95303344726562,130.01055908203125,130.03773498535156,129.89889526367188,129.9027557373047,130.01588439941406,130.0572509765625,129.94398498535156,129.97328186035156,129.88380432128906,129.89527893066406
208,129.99160766601562,129.92623901367188,129.938720703125,130.00534057617188,129.9336395263672,129.88381958007812,129.9621124267578,129.93838500976562,130.10462951660156,129.96759033203125,129.88381958007812,129.88385009765625,129.89987182617188,129.9278106689453,130.06260681152344,129.97329711914062,129.9261932373047,129.89158630371094,129.91339111328125,129.9036865234375,129.88381958007812,130.0153045654297,129.9245147705078,129.95167541503906,129.89524841308594,130.1099090576172,129.884033203125,129.9026336669922,129.8943328857422,129.9361572265625,129.90162658691406,130.27865600585938,129.88381958007812,129.8838348388672,129.89981079101562,129.90606689453125,129.93519592285156,129.88381958007812,130.01901245117188,129.8837890625,129.89892578125,129.89892578125,129.88377380371094,129.88380432128906,129.9431915283203,130.0086212158203,129.93255615234375,130.0572509765625,129.8838653564453,129.89633178710938,129.90342712402344,129.91314697265625,130.00216674804688,129.9731903076172,129.91293334960938,129.92613220214844,129.8837890625,129.8980255126953,129.8838348388672,130.00741577148438,129.89892578125,130.65219116210938,130.24700927734375,130.09693908691406,129.92617797851562,129.9197235107422,166.19496154785156,129.8837432861328,129.88442993164062,129.88385009765625,130.05111694335938,129.88375854492188,129.8989715576172,130.0068359375,129.93292236328125,130.00436401367188,129.91970825195312,129.8989715576172,129.93551635742188,129.96224975585938,129.8996124267578,129.91302490234375,130.0574951171875,129.88661193847656,129.88406372070312,129.98951721191406,129.88380432128906,130.0002899169922,129.91319274902344,129.95303344726562,130.01055908203125,130.03778076171875,129.89892578125,129.90277099609375,130.01588439941406,130.0572967529297,129.94398498535156,129.97320556640625,129.88380432128906,129.89532470703125
209,129.99163818359375,129.92620849609375,129.938720703125,130.00531005859375,129.9336700439453,129.88381958007812,129.96209716796875,129.93836975097656,130.1046142578125,129.96759033203125,129.88380432128906,129.88385009765625,129.8998260498047,129.9277801513672,130.0626983642578,129.9732208251953,129.92616271972656,129.89161682128906,129.9133758544922,129.90367126464844,129.8837890625,130.01512145996094,129.92453002929688,129.95167541503906,129.89524841308594,130.1099395751953,129.8839874267578,129.9026336669922,129.89434814453125,129.9361572265625,129.90167236328125,130.27870178222656,129.88385009765625,129.8838653564453,129.89981079101562,129.90609741210938,129.9351806640625,129.88380432128906,130.01806640625,129.8837890625,129.89892578125,129.89895629882812,129.88377380371094,129.88380432128906,129.9431915283203,130.00852966308594,129.93260192871094,130.05723571777344,129.8838653564453,129.89633178710938,129.90342712402344,129.91310119628906,130.00221252441406,129.97320556640625,129.9129180908203,129.9263153076172,129.8837890625,129.8979949951172,129.8838348388672,130.0073699951172,129.89892578125,130.6521759033203,130.24693298339844,130.09693908691406,129.92620849609375,129.91976928710938,161.58213806152344,129.88377380371094,129.88450622558594,129.88381958007812,130.0511474609375,129.8837432861328,129.8989715576172,130.00685119628906,129.932861328125,130.00433349609375,129.91969299316406,129.89892578125,129.93551635742188,129.96221923828125,129.89962768554688,129.91299438476562,130.0574188232422,129.88592529296875,129.88404846191406,129.98948669433594,129.88380432128906,129.999755859375,129.91314697265625,129.9530487060547,130.01060485839844,130.03782653808594,129.89889526367188,129.9027862548828,130.015869140625,130.05726623535156,129.9440155029297,129.97320556640625,129.88380432128906,129.89529418945312
210,129.9916229248047,129.92616271972656,129.938720703125,130.00515747070312,129.9336700439453,129.88381958007812,129.96212768554688,129.9383544921875,130.10462951660156,129.96759033203125,129.88381958007812,129.88385009765625,129.89984130859375,129.9277801513672,130.06260681152344,129.97323608398438,129.92613220214844,129.89158630371094,129.91339111328125,129.9036865234375,129.8837890625,130.01510620117188,129.92454528808594,129.95167541503906,129.895263671875,130.10987854003906,129.8839569091797,129.902587890625,129.8943328857422,129.9361572265625,129.90162658691406,130.2786865234375,129.88381958007812,129.8837890625,129.89979553222656,129.90606689453125,129.93516540527344,129.88381958007812,130.01800537109375,129.88377380371094,129.89889526367188,129.89895629882812,129.88377380371094,129.88381958007812,129.94317626953125,130.00845336914062,129.9325714111328,130.0572967529297,129.88385009765625,129.89633178710938,129.90342712402344,129.91310119628906,130.0020751953125,129.97323608398438,129.9129180908203,129.92642211914062,129.88380432128906,129.8979949951172,129.8838348388672,130.0074005126953,129.89891052246094,130.65243530273438,130.2469024658203,130.09701538085938,129.92617797851562,129.9197540283203,163.14984130859375,129.8837432861328,129.88426208496094,129.88381958007812,130.0511016845703,129.8837432861328,129.89895629882812,130.00680541992188,129.932861328125,130.0043487548828,129.919677734375,129.89895629882812,129.93551635742188,129.96224975585938,129.89956665039062,129.91302490234375,130.0574493408203,129.88609313964844,129.88397216796875,129.98948669433594,129.88377380371094,129.99835205078125,129.91319274902344,129.9530029296875,130.0105438232422,130.03785705566406,129.89889526367188,129.90277099609375,130.01596069335938,130.05723571777344,129.94400024414062,129.97320556640625,129.88381958007812,129.89529418945312
211,129.99163818359375,129.9261932373047,129.938720703125,130.00502014160156,129.9336395263672,129.88381958007812,129.9620819091797,129.93844604492188,130.10459899902344,129.96759033203125,129.88380432128906,129.88385009765625,129.8998260498047,129.92779541015625,130.06260681152344,129.97325134277344,129.92616271972656,129.89157104492188,129.9134063720703,129.9036865234375,129.8837890625,130.0150909423828,129.92449951171875,129.95169067382812,129.89523315429688,130.1099395751953,129.88389587402344,129.902587890625,129.8943328857422,129.93617248535156,129.9016571044922,130.27870178222656,129.8838348388672,129.88380432128906,129.89981079101562,129.90606689453125,129.93516540527344,129.8837890625,130.01780700683594,129.8837890625,129.89891052246094,129.89892578125,129.88377380371094,129.88381958007812,129.9431610107422,130.00840759277344,129.93258666992188,130.0572967529297,129.88381958007812,129.89633178710938,129.90342712402344,129.91305541992188,130.00204467773438,129.97320556640625,129.9129180908203,129.92630004882812,129.8837890625,129.8979949951172,129.8838348388672,130.0074005126953,129.89892578125,130.6522979736328,130.24696350097656,130.0969696044922,129.92617797851562,129.91973876953125,167.26080322265625,129.88377380371094,129.88418579101562,129.88381958007812,130.05111694335938,129.8837432861328,129.89895629882812,130.0068359375,129.93287658691406,130.00433349609375,129.91969299316406,129.89894104003906,129.93551635742188,129.96218872070312,129.8996124267578,129.9130401611328,130.05738830566406,129.8856201171875,129.8839874267578,129.98951721191406,129.8837890625,129.9969940185547,129.91310119628906,129.95303344726562,130.01052856445312,130.0377655029297,129.89889526367188,129.90280151367188,130.015869140625,130.05726623535156,129.94398498535156,129.97317504882812,129.88380432128906,129.89529418945312
212,129.99163818359375,129.92617797851562,129.93870544433594,130.0049285888672,129.93365478515625,129.88381958007812,129.9620819091797,129.9384002685547,130.1045684814453,129.96759033203125,129.88380432128906,129.88385009765625,129.89984130859375,129.9277801513672,130.06256103515625,129.9732208251953,129.92613220214844,129.89158630371094,129.9134063720703,129.90371704101562,129.8837890625,130.01507568359375,129.9245147705078,129.95167541503906,129.89523315429688,130.10984802246094,129.8838653564453,129.90260314941406,129.8943328857422,129.93617248535156,129.90162658691406,130.27862548828125,129.8838348388672,129.88380432128906,129.89981079101562,129.9060516357422,129.93516540527344,129.88381958007812,130.017333984375,129.8837890625,129.89891052246094,129.89894104003906,129.8837890625,129.8837890625,129.9431610107422,130.0083465576172,129.93258666992188,130.05726623535156,129.88385009765625,129.8963165283203,129.90342712402344,129.91310119628906,130.0020294189453,129.9732208251953,129.9129180908203,129.92640686035156,129.8837890625,129.8979949951172,129.88385009765625,130.0073699951172,129.89891052246094,130.65206909179688,130.2469482421875,130.0970001220703,129.9261932373047,129.9197540283203,166.16921997070312,129.88377380371094,129.88418579101562,129.88381958007812,130.05105590820312,129.88377380371094,129.8989715576172,130.00689697265625,129.9327850341797,130.0043487548828,129.91969299316406,129.89895629882812,129.93551635742188,129.96218872070312,129.8996124267578,129.91302490234375,130.05738830566406,129.88543701171875,129.8839569091797,129.98947143554688,129.88380432128906,129.9950408935547,129.9130859375,129.9529571533203,130.01051330566406,130.03781127929688,129.8988800048828,129.90277099609375,130.015869140625,130.05728149414062,129.94398498535156,129.97320556640625,129.88380432128906,129.89529418945312
213,129.99159240722656,129.9261932373047,129.938720703125,130.00485229492188,129.93365478515625,129.88381958007812,129.9621124267578,129.93838500976562,130.1046142578125,129.96759033203125,129.88380432128906,129.88385009765625,129.8998260498047,129.9277801513672,130.06260681152344,129.9732666015625,129.9261474609375,129.89157104492188,129.91339111328125,129.9036865234375,129.88385009765625,130.0150909423828,129.92454528808594,129.95167541503906,129.89523315429688,130.10984802246094,129.88389587402344,129.90264892578125,129.89430236816406,129.93617248535156,129.90162658691406,130.2786865234375,129.8839111328125,129.8838348388672,129.89979553222656,129.90606689453125,129.93516540527344,129.8837890625,130.0166015625,129.8837890625,129.89889526367188,129.89894104003906,129.8837890625,129.88377380371094,129.9431915283203,130.00827026367188,129.9325714111328,130.05728149414062,129.88381958007812,129.89633178710938,129.90342712402344,129.9130859375,130.00198364257812,129.97323608398438,129.9129180908203,129.9263458251953,129.88380432128906,129.89801025390625,129.88381958007812,130.0073699951172,129.89889526367188,130.6522674560547,130.24691772460938,130.09693908691406,129.92616271972656,129.91976928710938,161.58779907226562,129.8837432861328,129.8840789794922,129.88381958007812,130.05111694335938,129.8837432861328,129.89892578125,130.00686645507812,129.9327392578125,130.00433349609375,129.9197540283203,129.89891052246094,129.93551635742188,129.96217346191406,129.8995819091797,129.91297912597656,130.0574188232422,129.88485717773438,129.88397216796875,129.98951721191406,129.88381958007812,129.99505615234375,129.9130401611328,129.9529571533203,130.0105438232422,130.0377655029297,129.89889526367188,129.9027862548828,130.01588439941406,130.05726623535156,129.94398498535156,129.97320556640625,129.88381958007812,129.895263671875
214,129.99160766601562,129.92617797851562,129.93869018554688,130.00485229492188,129.9336395263672,129.88381958007812,129.9620819091797,129.93833923339844,130.10462951660156,129.96759033203125,129.88380432128906,129.8838653564453,129.89984130859375,129.92776489257812,130.06259155273438,129.9732208251953,129.92611694335938,129.8916015625,129.91342163085938,129.90370178222656,129.88377380371094,130.01510620117188,129.92453002929688,129.95167541503906,129.89523315429688,130.10986328125,129.88392639160156,129.90257263183594,129.89431762695312,129.93614196777344,129.9016571044922,130.27867126464844,129.8838348388672,129.88381958007812,129.89981079101562,129.90606689453125,129.9351806640625,129.88380432128906,130.0171356201172,129.8837890625,129.89891052246094,129.89894104003906,129.88377380371094,129.88380432128906,129.94320678710938,130.00827026367188,129.93258666992188,130.0572967529297,129.88381958007812,129.89633178710938,129.90342712402344,129.91310119628906,130.001953125,129.9731903076172,129.9129180908203,129.9261932373047,129.88377380371094,129.8979949951172,129.8838653564453,130.00735473632812,129.89892578125,130.65208435058594,130.24696350097656,130.09690856933594,129.92616271972656,129.91973876953125,169.12832641601562,129.8837432861328,129.8840789794922,129.88380432128906,130.0511016845703,129.8837432861328,129.89892578125,130.00685119628906,129.93272399902344,130.00433349609375,129.91976928710938,129.89894104003906,129.93551635742188,129.96218872070312,129.89959716796875,129.91297912597656,130.05738830566406,129.8848114013672,129.88394165039062,129.98947143554688,129.88377380371094,129.994384765625,129.91307067871094,129.95294189453125,130.01051330566406,130.03782653808594,129.89889526367188,129.9027862548828,130.01583862304688,130.0573272705078,129.94395446777344,129.97320556640625,129.88381958007812,129.89529418945312
215,129.9916229248047,129.9261932373047,129.93869018554688,130.0046844482422,129.93365478515625,129.88381958007812,129.9621124267578,129.9383544921875,130.1046142578125,129.96759033203125,129.8837890625,129.88385009765625,129.89984130859375,129.92774963378906,130.06259155273438,129.97320556640625,129.9261474609375,129.89163208007812,129.91339111328125,129.9036865234375,129.88381958007812,130.01510620117188,129.9244842529297,129.95167541503906,129.89523315429688,130.1098175048828,129.88388061523438,129.90260314941406,129.89431762695312,129.9361114501953,129.90162658691406,130.27859497070312,129.88381958007812,129.88381958007812,129.89979553222656,129.9060516357422,129.93516540527344,129.88380432128906,130.0159454345703,129.88381958007812,129.89892578125,129.89894104003906,129.88377380371094,129.88380432128906,129.9431610107422,130.00823974609375,129.93252563476562,130.05728149414062,129.88381958007812,129.89634704589844,129.90345764160156,129.91305541992188,130.00201416015625,129.97323608398438,129.9129180908203,129.92596435546875,129.8837890625,129.8979949951172,129.88381958007812,130.00741577148438,129.89889526367188,130.65220642089844,130.24696350097656,130.09706115722656,129.92617797851562,129.9197235107422,162.30934143066406,129.88375854492188,129.8840789794922,129.88381958007812,130.0511474609375,129.8837432861328,129.89894104003906,130.0068359375,129.93272399902344,130.0043182373047,129.91969299316406,129.89892578125,129.93551635742188,129.96217346191406,129.8995819091797,129.91297912597656,130.05731201171875,129.88487243652344,129.8839111328125,129.98948669433594,129.88377380371094,129.99337768554688,129.9130096435547,129.95297241210938,130.01052856445312,130.03782653808594,129.89886474609375,129.9027557373047,130.0158233642578,130.0572509765625,129.9439697265625,129.9732208251953,129.88381958007812,129.89527893066406
216,129.9916534423828,129.9261932373047,129.93870544433594,130.0045623779297,129.9336700439453,129.88381958007812,129.9620819091797,129.93836975097656,130.10464477539062,129.96759033203125,129.8837890625,129.88385009765625,129.8998260498047,129.92776489257812,130.06260681152344,129.97323608398438,129.9261474609375,129.89163208007812,129.91339111328125,129.90367126464844,129.88377380371094,130.0150909423828,129.92449951171875,129.9517059326172,129.89523315429688,130.10986328125,129.88388061523438,129.90257263183594,129.89430236816406,129.93612670898438,129.901611328125,130.2786102294922,129.88381958007812,129.88380432128906,129.89979553222656,129.90603637695312,129.9351806640625,129.8837890625,130.01602172851562,129.8837890625,129.89892578125,129.89895629882812,129.8837890625,129.8837890625,129.94309997558594,130.00830078125,129.93247985839844,130.05728149414062,129.88381958007812,129.8963165283203,129.9034423828125,129.91307067871094,130.00192260742188,129.9732208251953,129.9129180908203,129.9259796142578,129.8837890625,129.8979949951172,129.8838348388672,130.00738525390625,129.89889526367188,130.6520233154297,130.24696350097656,130.0970001220703,129.9261474609375,129.91970825195312,164.44293212890625,129.88375854492188,129.88404846191406,129.88381958007812,130.05108642578125,129.88375854492188,129.89895629882812,130.00680541992188,129.93275451660156,130.00428771972656,129.91969299316406,129.8989715576172,129.93551635742188,129.96214294433594,129.89959716796875,129.91299438476562,130.05735778808594,129.88461303710938,129.88389587402344,129.98948669433594,129.8837890625,129.992919921875,129.91305541992188,129.95301818847656,130.010498046875,130.03778076171875,129.8988800048828,129.90277099609375,130.01588439941406,130.0572509765625,129.9439697265625,129.9732208251953,129.88380432128906,129.89529418945312
217,129.99163818359375,129.92617797851562,129.93870544433594,130.0045166015625,129.9336700439453,129.88381958007812,129.9620819091797,129.93836975097656,130.1046142578125,129.96759033203125,129.8837890625,129.8838653564453,129.8998260498047,129.9277801513672,130.06259155273438,129.9732208251953,129.9261474609375,129.89158630371094,129.91339111328125,129.90365600585938,129.88377380371094,130.01507568359375,129.9244842529297,129.95167541503906,129.895263671875,130.10989379882812,129.88385009765625,129.90255737304688,129.89430236816406,129.9361114501953,129.90162658691406,130.27859497070312,129.88389587402344,129.88381958007812,129.89981079101562,129.90606689453125,129.93519592285156,129.88380432128906,130.01560974121094,129.8837890625,129.89891052246094,129.89895629882812,129.8837890625,129.88377380371094,129.94317626953125,130.00814819335938,129.9325714111328,130.0572967529297,129.88381958007812,129.8963165283203,129.90342712402344,129.91311645507812,130.00192260742188,129.97320556640625,129.9129180908203,129.92593383789062,129.88380432128906,129.8979949951172,129.88381958007812,130.00738525390625,129.89889526367188,130.6520538330078,130.24696350097656,130.09695434570312,129.92617797851562,129.9197540283203,163.88511657714844,129.88375854492188,129.88401794433594,129.8838348388672,130.05113220214844,129.88377380371094,129.89891052246094,130.00680541992188,129.93270874023438,130.0043182373047,129.91970825195312,129.89898681640625,129.93551635742188,129.96218872070312,129.89959716796875,129.9130096435547,130.05734252929688,129.88462829589844,129.88388061523438,129.989501953125,129.88380432128906,129.992919921875,129.91302490234375,129.95298767089844,130.0105438232422,130.03778076171875,129.8988800048828,129.90277099609375,130.0158233642578,130.0572509765625,129.9439697265625,129.9732208251953,129.88380432128906,129.895263671875
218,129.99160766601562,129.92617797851562,129.93870544433594,130.00460815429688,129.9336700439453,129.88381958007812,129.96209716796875,129.93836975097656,130.10462951660156,129.96759033203125,129.88381958007812,129.8838653564453,129.8998260498047,129.92776489257812,130.06259155273438,129.9732208251953,129.9261474609375,129.89158630371094,129.91339111328125,129.90370178222656,129.88381958007812,130.01510620117188,129.92449951171875,129.95167541503906,129.89524841308594,130.10987854003906,129.88385009765625,129.90252685546875,129.89430236816406,129.93612670898438,129.90162658691406,130.27854919433594,129.88381958007812,129.88381958007812,129.89981079101562,129.90606689453125,129.9351806640625,129.88380432128906,130.0153350830078,129.8837890625,129.89891052246094,129.89895629882812,129.8837890625,129.88377380371094,129.94322204589844,130.0081329345703,129.9326171875,130.0572509765625,129.88380432128906,129.8963165283203,129.9034423828125,129.9130859375,130.0018768310547,129.97323608398438,129.9129180908203,129.9259033203125,129.8837890625,129.8979949951172,129.88380432128906,130.0073699951172,129.89889526367188,130.6520233154297,130.24693298339844,130.09698486328125,129.92616271972656,129.91969299316406,168.62750244140625,129.8837432861328,129.88394165039062,129.88381958007812,130.0511474609375,129.88375854492188,129.89892578125,130.00682067871094,129.93264770507812,130.00433349609375,129.919677734375,129.89894104003906,129.93551635742188,129.96212768554688,129.89959716796875,129.91302490234375,130.05734252929688,129.88455200195312,129.88389587402344,129.98948669433594,129.8837890625,129.992919921875,129.91307067871094,129.95298767089844,130.01052856445312,130.03785705566406,129.89886474609375,129.90277099609375,130.0158233642578,130.0572509765625,129.9439697265625,129.9732208251953,129.88381958007812,129.89527893066406
219,129.9916229248047,129.92625427246094,129.93870544433594,130.0044403076172,129.9336700439453,129.88380432128906,129.96209716796875,129.9383544921875,130.1046142578125,129.96759033203125,129.8837890625,129.8838653564453,129.8998260498047,129.9277801513672,130.0625762939453,129.97320556640625,129.9261474609375,129.89157104492188,129.9133758544922,129.90367126464844,129.8837890625,130.01512145996094,129.92449951171875,129.95167541503906,129.89523315429688,130.1098175048828,129.88385009765625,129.9025421142578,129.89431762695312,129.93609619140625,129.901611328125,130.27857971191406,129.88381958007812,129.88380432128906,129.89981079101562,129.9060516357422,129.9351806640625,129.8837890625,130.0155792236328,129.8837890625,129.89891052246094,129.89895629882812,129.88377380371094,129.8837890625,129.94320678710938,130.00814819335938,129.93260192871094,130.05726623535156,129.88380432128906,129.8963165283203,129.90342712402344,129.91305541992188,130.0018768310547,129.97320556640625,129.9129180908203,129.9259033203125,129.88380432128906,129.8979949951172,129.88381958007812,130.00738525390625,129.89889526367188,130.6520538330078,130.24688720703125,130.09707641601562,129.9261474609375,129.91973876953125,164.08409118652344,129.8837432861328,129.88394165039062,129.8837890625,130.0511016845703,129.88372802734375,129.89894104003906,130.0068817138672,129.93267822265625,130.00430297851562,129.9197235107422,129.89892578125,129.93551635742188,129.96214294433594,129.8995819091797,129.91297912597656,130.05731201171875,129.88441467285156,129.8838653564453,129.989501953125,129.88377380371094,129.9928436279297,129.91302490234375,129.9529571533203,130.010498046875,130.0377655029297,129.8988494873047,129.9027862548828,130.01580810546875,130.0572509765625,129.9439697265625,129.9731903076172,129.88380432128906,129.89527893066406
220,129.99168395996094,129.9261474609375,129.93870544433594,130.00442504882812,129.93365478515625,129.88380432128906,129.9620819091797,129.93832397460938,130.10464477539062,129.96759033203125,129.8837890625,129.8838653564453,129.89984130859375,129.9277801513672,130.06256103515625,129.9731903076172,129.9261474609375,129.89158630371094,129.9133758544922,129.9036865234375,129.88380432128906,130.01510620117188,129.9244842529297,129.95167541503906,129.895263671875,130.10980224609375,129.88381958007812,129.90255737304688,129.89430236816406,129.9361572265625,129.90159606933594,130.27862548828125,129.88381958007812,129.88380432128906,129.89981079101562,129.90603637695312,129.93516540527344,129.88377380371094,130.01512145996094,129.88377380371094,129.89892578125,129.89894104003906,129.88377380371094,129.88377380371094,129.9431610107422,130.00814819335938,129.93260192871094,130.05726623535156,129.88381958007812,129.89633178710938,129.90342712402344,129.91305541992188,130.0019073486328,129.9731903076172,129.9129180908203,129.9258270263672,129.88381958007812,129.8979949951172,129.8837890625,130.0073699951172,129.89889526367188,130.6522674560547,130.24693298339844,130.096923828125,129.92616271972656,129.9197235107422,160.3329315185547,129.8837432861328,129.8839569091797,129.88380432128906,130.05117797851562,129.88372802734375,129.89894104003906,130.0067901611328,129.93260192871094,130.0043182373047,129.91969299316406,129.89892578125,129.93551635742188,129.96218872070312,129.89959716796875,129.91302490234375,130.0573272705078,129.8843231201172,129.8838348388672,129.98947143554688,129.88377380371094,129.99229431152344,129.91305541992188,129.95298767089844,130.01055908203125,130.0377197265625,129.8988494873047,129.9027862548828,130.01583862304688,130.0572509765625,129.9439697265625,129.9732208251953,129.88380432128906,129.89524841308594
221,129.9916229248047,129.92616271972656,129.93869018554688,130.00442504882812,129.9336700439453,129.8838348388672,129.9620819091797,129.93832397460938,130.1046142578125,129.96759033203125,129.88380432128906,129.8838653564453,129.89984130859375,129.92782592773438,130.0624542236328,129.9731903076172,129.9261474609375,129.8916015625,129.91336059570312,129.9036865234375,129.8837890625,130.0150909423828,129.9244842529297,129.95167541503906,129.89523315429688,130.10980224609375,129.88385009765625,129.90255737304688,129.894287109375,129.9361572265625,129.90162658691406,130.27859497070312,129.88380432128906,129.88381958007812,129.89981079101562,129.9060516357422,129.9351806640625,129.88380432128906,130.0152587890625,129.88377380371094,129.89892578125,129.89894104003906,129.88377380371094,129.88380432128906,129.94314575195312,130.00814819335938,129.93260192871094,130.05728149414062,129.8838348388672,129.8963165283203,129.90341186523438,129.91305541992188,130.00186157226562,129.97325134277344,129.9129180908203,129.92578125,129.88385009765625,129.8979949951172,129.88381958007812,130.0074005126953,129.89889526367188,130.6522674560547,130.24703979492188,130.09695434570312,129.92617797851562,129.91973876953125,162.931396484375,129.8837432861328,129.88392639160156,129.88381958007812,130.05113220214844,129.88372802734375,129.89891052246094,130.0068359375,129.93258666992188,130.0043487548828,129.9197540283203,129.89892578125,129.93551635742188,129.962158203125,129.8995819091797,129.91297912597656,130.05734252929688,129.8843231201172,129.88385009765625,129.98947143554688,129.8837890625,129.99212646484375,129.9130859375,129.9529571533203,130.0105743408203,130.03773498535156,129.89886474609375,129.90277099609375,130.0158233642578,130.0572509765625,129.9439697265625,129.9731903076172,129.88380432128906,129.89524841308594
222,129.9915771484375,129.92616271972656,129.93873596191406,130.0043487548828,129.93368530273438,129.8838348388672,129.9621124267578,129.93832397460938,130.10458374023438,129.96759033203125,129.8837890625,129.8838653564453,129.8998260498047,129.9277801513672,130.0625457763672,129.97317504882812,129.9261474609375,129.89158630371094,129.91339111328125,129.90367126464844,129.8837890625,130.01516723632812,129.9244842529297,129.95167541503906,129.89523315429688,130.10980224609375,129.8838653564453,129.90257263183594,129.89430236816406,129.93612670898438,129.901611328125,130.27854919433594,129.88381958007812,129.88380432128906,129.89979553222656,129.90603637695312,129.93516540527344,129.88380432128906,130.01490783691406,129.8837890625,129.89894104003906,129.89891052246094,129.88377380371094,129.8837890625,129.94317626953125,130.00811767578125,129.9326171875,130.0572509765625,129.88380432128906,129.89633178710938,129.9034423828125,129.91302490234375,130.00184631347656,129.97320556640625,129.9129180908203,129.92572021484375,129.8837890625,129.8979949951172,129.8837890625,130.0073699951172,129.89889526367188,130.65194702148438,130.2469024658203,130.09693908691406,129.92616271972656,129.9197235107422,159.82569885253906,129.8837890625,129.8839111328125,129.88377380371094,130.05108642578125,129.88372802734375,129.89895629882812,130.0067901611328,129.93260192871094,130.0043182373047,129.9197235107422,129.89892578125,129.93551635742188,129.96214294433594,129.89959716796875,129.9130096435547,130.05738830566406,129.8841094970703,129.8838348388672,129.98947143554688,129.8837890625,129.99200439453125,129.9130401611328,129.95298767089844,130.0105743408203,130.03775024414062,129.89886474609375,129.90277099609375,130.01583862304688,130.05722045898438,129.9439697265625,129.9731903076172,129.88381958007812,129.89524841308594
223,129.99159240722656,129.92617797851562,129.93869018554688,130.00440979003906,129.93362426757812,129.88381958007812,129.9620819091797,129.93833923339844,130.1045379638672,129.96759033203125,129.88380432128906,129.8838653564453,129.8998260498047,129.92776489257812,130.06248474121094,129.97317504882812,129.9261474609375,129.89158630371094,129.9133758544922,129.90367126464844,129.88377380371094,130.01510620117188,129.9244842529297,129.95167541503906,129.8952178955078,130.1097869873047,129.8838348388672,129.90257263183594,129.8943328857422,129.93609619140625,129.90162658691406,130.278564453125,129.88381958007812,129.8837890625,129.89981079101562,129.90603637695312,129.9351806640625,129.8837890625,130.01510620117188,129.8837890625,129.89894104003906,129.89892578125,129.8837890625,129.88381958007812,129.9431610107422,130.00811767578125,129.93260192871094,130.0572967529297,129.88380432128906,129.89633178710938,129.90342712402344,129.9130401611328,130.00186157226562,129.9732208251953,129.9129180908203,129.92576599121094,129.8837890625,129.8979949951172,129.8837890625,130.00733947753906,129.89889526367188,130.65208435058594,130.24693298339844,130.0969696044922,129.9261474609375,129.9197235107422,161.79652404785156,129.88375854492188,129.8838653564453,129.88380432128906,130.05108642578125,129.88372802734375,129.89894104003906,130.00685119628906,129.93255615234375,130.0043487548828,129.91970825195312,129.89892578125,129.93551635742188,129.96214294433594,129.89959716796875,129.91299438476562,130.0573272705078,129.8841552734375,129.88381958007812,129.9894561767578,129.8837890625,129.9920196533203,129.91299438476562,129.95297241210938,130.01052856445312,130.0377197265625,129.89886474609375,129.90277099609375,130.0158233642578,130.0572509765625,129.9439697265625,129.9731903076172,129.88380432128906,129.89529418945312
224,129.99160766601562,129.9261932373047,129.9386749267578,130.0043487548828,129.9336700439453,129.88381958007812,129.9620819091797,129.9383544921875,130.10464477539062,129.96759033203125,129.88380432128906,129.8838653564453,129.8998260498047,129.9277801513672,130.0624542236328,129.9732666015625,129.9261474609375,129.8916015625,129.91336059570312,129.9036407470703,129.8838348388672,130.01512145996094,129.9244842529297,129.95167541503906,129.8952178955078,130.10989379882812,129.88385009765625,129.90257263183594,129.8943328857422,129.9361114501953,129.90162658691406,130.27865600585938,129.88380432128906,129.88380432128906,129.89981079101562,129.90602111816406,129.93516540527344,129.8837890625,130.01473999023438,129.88377380371094,129.89891052246094,129.89894104003906,129.88377380371094,129.88381958007812,129.9431915283203,130.0081329345703,129.93260192871094,130.05726623535156,129.88381958007812,129.89633178710938,129.9034423828125,129.91307067871094,130.0018310546875,129.9731903076172,129.9129180908203,129.92584228515625,129.8837890625,129.8979949951172,129.8837890625,130.0073699951172,129.8988800048828,130.65203857421875,130.24693298339844,130.09693908691406,129.92616271972656,129.91970825195312,166.8044891357422,129.8837432861328,129.88392639160156,129.8837890625,130.05111694335938,129.88372802734375,129.89892578125,130.00680541992188,129.9325714111328,130.0043182373047,129.91969299316406,129.89892578125,129.93551635742188,129.96214294433594,129.8995819091797,129.9129638671875,130.05731201171875,129.88409423828125,129.88381958007812,129.98947143554688,129.8837890625,129.99185180664062,129.9130401611328,129.95294189453125,130.01052856445312,130.03775024414062,129.89886474609375,129.90277099609375,130.01580810546875,130.05723571777344,129.9439697265625,129.9732208251953,129.88380432128906,129.895263671875
225,129.99163818359375,129.92617797851562,129.93869018554688,130.00436401367188,129.93365478515625,129.8838348388672,129.96206665039062,129.93833923339844,130.10458374023438,129.96759033203125,129.88380432128906,129.8838653564453,129.89984130859375,129.92779541015625,130.0625457763672,129.97315979003906,129.9261474609375,129.8916015625,129.91336059570312,129.90362548828125,129.88377380371094,130.01510620117188,129.9244842529297,129.95167541503906,129.89520263671875,130.10972595214844,129.8838348388672,129.9025421142578,129.8943328857422,129.9361114501953,129.90162658691406,130.27854919433594,129.88389587402344,129.8837890625,129.89979553222656,129.90603637695312,129.93516540527344,129.8837890625,130.0147247314453,129.8837890625,129.89889526367188,129.89894104003906,129.88377380371094,129.88377380371094,129.94313049316406,130.0081329345703,129.93260192871094,130.0572509765625,129.88381958007812,129.89633178710938,129.90342712402344,129.91305541992188,130.00184631347656,129.97315979003906,129.9129180908203,129.92584228515625,129.8837890625,129.8979949951172,129.88380432128906,130.00735473632812,129.89889526367188,130.65225219726562,130.2469024658203,130.096923828125,129.9261474609375,129.91973876953125,162.79824829101562,129.88375854492188,129.8838348388672,129.8837890625,130.05108642578125,129.88372802734375,129.89892578125,130.00685119628906,129.93255615234375,130.0043182373047,129.9197235107422,129.8989715576172,129.93551635742188,129.96214294433594,129.89959716796875,129.9129638671875,130.057373046875,129.88406372070312,129.88381958007812,129.9894256591797,129.88380432128906,129.9918212890625,129.9130401611328,129.95298767089844,130.01051330566406,130.03770446777344,129.89886474609375,129.90277099609375,130.01580810546875,130.05728149414062,129.9439697265625,129.9731903076172,129.8837890625,129.89529418945312
226,129.99163818359375,129.92617797851562,129.9386749267578,130.0043487548828,129.93365478515625,129.88381958007812,129.9620819091797,129.9383087158203,130.10464477539062,129.96759033203125,129.88377380371094,129.8838653564453,129.8998260498047,129.92776489257812,130.06251525878906,129.97317504882812,129.9261474609375,129.89158630371094,129.91339111328125,129.9036407470703,129.88377380371094,130.01510620117188,129.9244842529297,129.95167541503906,129.8952178955078,130.1097412109375,129.88385009765625,129.90257263183594,129.8943328857422,129.93614196777344,129.901611328125,130.27857971191406,129.88380432128906,129.88380432128906,129.89979553222656,129.90603637695312,129.93519592285156,129.8837890625,130.01470947265625,129.8837890625,129.89891052246094,129.89894104003906,129.88377380371094,129.88380432128906,129.9431610107422,130.00808715820312,129.93260192871094,130.0572509765625,129.8838348388672,129.89633178710938,129.90342712402344,129.91302490234375,130.00181579589844,129.97323608398438,129.9129180908203,129.92636108398438,129.88381958007812,129.8979949951172,129.8837890625,130.00735473632812,129.89889526367188,130.6519775390625,130.24688720703125,130.09693908691406,129.92616271972656,129.9197235107422,166.97598266601562,129.88372802734375,129.8838653564453,129.88380432128906,130.05104064941406,129.88372802734375,129.89891052246094,130.0067901611328,129.9325714111328,130.0043182373047,129.91966247558594,129.89894104003906,129.93551635742188,129.96217346191406,129.8995819091797,129.9129638671875,130.05734252929688,129.88404846191406,129.88380432128906,129.98944091796875,129.8837890625,129.9918670654297,129.91302490234375,129.95298767089844,130.0105743408203,130.0377655029297,129.8988494873047,129.90277099609375,130.0158233642578,130.0572509765625,129.9439697265625,129.9732208251953,129.88380432128906,129.895263671875
227,129.99163818359375,129.92617797851562,129.9386444091797,130.00436401367188,129.93365478515625,129.88380432128906,129.96206665039062,129.93833923339844,130.1046142578125,129.96759033203125,129.88377380371094,129.8838653564453,129.8998260498047,129.92779541015625,130.0624237060547,129.9731903076172,129.9261474609375,129.89157104492188,129.91343688964844,129.9036407470703,129.88375854492188,130.01510620117188,129.9244842529297,129.95167541503906,129.8952178955078,130.10975646972656,129.88385009765625,129.9025421142578,129.894287109375,129.93612670898438,129.90162658691406,130.27853393554688,129.8837890625,129.8837890625,129.89979553222656,129.90602111816406,129.9351806640625,129.8837890625,130.0145263671875,129.8837890625,129.89894104003906,129.89895629882812,129.8837890625,129.8837890625,129.94313049316406,130.00816345214844,129.93258666992188,130.0572509765625,129.88381958007812,129.8963165283203,129.90347290039062,129.91297912597656,130.00186157226562,129.97315979003906,129.9129180908203,129.92684936523438,129.88380432128906,129.8979949951172,129.8837890625,130.00733947753906,129.89891052246094,130.65199279785156,130.24693298339844,130.096923828125,129.9261474609375,129.91976928710938,166.00357055664062,129.88372802734375,129.8838348388672,129.88380432128906,130.0510711669922,129.88372802734375,129.89891052246094,130.0067596435547,129.93255615234375,130.00433349609375,129.919677734375,129.89892578125,129.93551635742188,129.96218872070312,129.8995819091797,129.9129638671875,130.05728149414062,129.88404846191406,129.8837890625,129.9894561767578,129.88375854492188,129.99156188964844,129.91299438476562,129.95297241210938,130.01052856445312,130.03765869140625,129.8988494873047,129.90277099609375,130.01580810546875,130.0572967529297,129.9439697265625,129.9731903076172,129.88380432128906,129.89524841308594
228,129.99163818359375,129.92617797851562,129.93862915039062,130.00437927246094,129.93365478515625,129.88381958007812,129.9620819091797,129.93838500976562,130.10464477539062,129.96759033203125,129.8837890625,129.8838653564453,129.8998260498047,129.92774963378906,130.0624237060547,129.97317504882812,129.9261474609375,129.89158630371094,129.91339111328125,129.9036407470703,129.88381958007812,130.01510620117188,129.9244842529297,129.95167541503906,129.89520263671875,130.10984802246094,129.88381958007812,129.902587890625,129.894287109375,129.9361114501953,129.90162658691406,130.27854919433594,129.88389587402344,129.88381958007812,129.89979553222656,129.9060516357422,129.93516540527344,129.8837890625,130.01458740234375,129.88375854492188,129.89889526367188,129.89892578125,129.88377380371094,129.88380432128906,129.94314575195312,130.008056640625,129.93260192871094,130.05726623535156,129.88381958007812,129.89633178710938,129.90342712402344,129.91302490234375,130.00184631347656,129.97317504882812,129.9129180908203,129.92843627929688,129.88380432128906,129.8979949951172,129.88380432128906,130.00738525390625,129.89886474609375,130.6520538330078,130.2467803955078,130.09693908691406,129.9261474609375,129.9197235107422,160.698974609375,129.88375854492188,129.8838348388672,129.88375854492188,130.05117797851562,129.88372802734375,129.8989715576172,130.00677490234375,129.93255615234375,130.00433349609375,129.91969299316406,129.89891052246094,129.93551635742188,129.96212768554688,129.89956665039062,129.91294860839844,130.0573272705078,129.884033203125,129.88380432128906,129.9894561767578,129.88377380371094,129.99159240722656,129.9130401611328,129.9529571533203,130.0105438232422,130.03775024414062,129.89886474609375,129.90277099609375,130.01583862304688,130.0572509765625,129.9439697265625,129.9731903076172,129.8837890625,129.895263671875
229,129.99163818359375,129.92617797851562,129.9386749267578,130.00440979003906,129.93365478515625,129.88381958007812,129.9620819091797,129.93832397460938,130.1046142578125,129.96759033203125,129.8837890625,129.8838653564453,129.8998260498047,129.9277801513672,130.06239318847656,129.97314453125,129.9261474609375,129.89158630371094,129.9134063720703,129.90365600585938,129.8838348388672,130.01510620117188,129.9244842529297,129.95167541503906,129.89520263671875,130.10986328125,129.88381958007812,129.90255737304688,129.89427185058594,129.93609619140625,129.901611328125,130.27854919433594,129.88381958007812,129.8837890625,129.89979553222656,129.90602111816406,129.93516540527344,129.88380432128906,130.01454162597656,129.88375854492188,129.89889526367188,129.89894104003906,129.88377380371094,129.88377380371094,129.943115234375,130.00807189941406,129.93260192871094,130.05731201171875,129.88380432128906,129.8963165283203,129.90342712402344,129.91297912597656,130.00181579589844,129.97320556640625,129.9129180908203,129.92877197265625,129.8838348388672,129.8979949951172,129.88380432128906,130.0073699951172,129.8988800048828,130.65206909179688,130.24688720703125,130.09695434570312,129.92616271972656,129.9197235107422,164.44094848632812,129.8837432861328,129.8838348388672,129.88377380371094,130.0510711669922,129.88372802734375,129.89891052246094,130.00680541992188,129.9325408935547,130.0043182373047,129.91970825195312,129.8988800048828,129.93551635742188,129.96217346191406,129.89955139160156,129.91293334960938,130.05728149414062,129.8839569091797,129.88380432128906,129.98939514160156,129.88377380371094,129.9914093017578,129.91297912597656,129.95297241210938,130.01051330566406,130.0377197265625,129.8988494873047,129.9027557373047,130.0158233642578,130.05723571777344,129.9439697265625,129.9731903076172,129.8837890625,129.8953094482422
230,129.9916229248047,129.92617797851562,129.93862915039062,130.0043182373047,129.9336395263672,129.88380432128906,129.96209716796875,129.9383087158203,130.1046142578125,129.96759033203125,129.8837890625,129.8838653564453,129.8998260498047,129.9277801513672,130.0624237060547,129.97317504882812,129.9261474609375,129.89158630371094,129.9134063720703,129.9036407470703,129.88377380371094,130.01510620117188,129.9244842529297,129.95167541503906,129.89520263671875,130.10980224609375,129.88381958007812,129.90257263183594,129.89427185058594,129.93609619140625,129.901611328125,130.278564453125,129.88381958007812,129.88377380371094,129.89981079101562,129.90602111816406,129.93516540527344,129.8837890625,130.01455688476562,129.88375854492188,129.89889526367188,129.89894104003906,129.88377380371094,129.8837890625,129.9431610107422,130.00807189941406,129.93260192871094,130.05726623535156,129.88380432128906,129.89633178710938,129.9034423828125,129.91302490234375,130.0018310546875,129.97320556640625,129.9129180908203,129.92991638183594,129.8837890625,129.8979949951172,129.8837890625,130.00738525390625,129.8988800048828,130.6521453857422,130.24688720703125,130.09690856933594,129.9261474609375,129.9197235107422,159.14109802246094,129.88377380371094,129.88385009765625,129.8837890625,130.05105590820312,129.88372802734375,129.89891052246094,130.0067901611328,129.93255615234375,130.0043182373047,129.919677734375,129.89892578125,129.93551635742188,129.96212768554688,129.89956665039062,129.91293334960938,130.0573272705078,129.88394165039062,129.88380432128906,129.98948669433594,129.88377380371094,129.9914093017578,129.91299438476562,129.9529266357422,130.01051330566406,130.0376739501953,129.8988494873047,129.90277099609375,130.01577758789062,130.0572509765625,129.9439697265625,129.97317504882812,129.8837890625,129.89524841308594
231,129.99163818359375,129.92617797851562,129.93862915039062,130.00433349609375,129.9336395263672,129.88381958007812,129.9621124267578,129.9383087158203,130.1045379638672,129.96759033203125,129.8837890625,129.8838653564453,129.89981079101562,129.92776489257812,130.0625,129.97317504882812,129.9261474609375,129.89157104492188,129.9133758544922,129.9036407470703,129.88377380371094,130.01507568359375,129.9244842529297,129.95167541503906,129.89520263671875,130.10975646972656,129.8838348388672,129.90252685546875,129.89430236816406,129.9361114501953,129.90162658691406,130.278564453125,129.88381958007812,129.88381958007812,129.89979553222656,129.90602111816406,129.93516540527344,129.88377380371094,130.01454162597656,129.88375854492188,129.89894104003906,129.89895629882812,129.88375854492188,129.88375854492188,129.943115234375,130.00807189941406,129.93260192871094,130.0572509765625,129.88381958007812,129.8963165283203,129.9034423828125,129.91302490234375,130.00181579589844,129.9732208251953,129.9129180908203,129.934814453125,129.8837890625,129.8979949951172,129.88380432128906,130.00735473632812,129.8988800048828,130.6519317626953,130.24684143066406,130.09698486328125,129.92616271972656,129.9197235107422,162.81668090820312,129.88375854492188,129.8838348388672,129.8837890625,130.05104064941406,129.88372802734375,129.89891052246094,130.0067596435547,129.9325714111328,130.00433349609375,129.91966247558594,129.89894104003906,129.93551635742188,129.96209716796875,129.89955139160156,129.9129638671875,130.05728149414062,129.88394165039062,129.88381958007812,129.9894561767578,129.88377380371094,129.99134826660156,129.91299438476562,129.95294189453125,130.0105438232422,130.03775024414062,129.8988494873047,129.90277099609375,130.0157928466797,130.05723571777344,129.9439697265625,129.97317504882812,129.88380432128906,129.895263671875
232,129.99159240722656,129.92617797851562,129.93862915039062,130.0043182373047,129.93365478515625,129.88381958007812,129.9621124267578,129.9383087158203,130.1045379638672,129.96759033203125,129.88377380371094,129.8838653564453,129.89981079101562,129.92776489257812,130.0625457763672,129.97314453125,129.9261474609375,129.89157104492188,129.91342163085938,129.90362548828125,129.88375854492188,130.01507568359375,129.9244842529297,129.95167541503906,129.89520263671875,130.10972595214844,129.8838348388672,129.90255737304688,129.894287109375,129.9361114501953,129.90162658691406,130.27854919433594,129.88381958007812,129.8837890625,129.89979553222656,129.90602111816406,129.93516540527344,129.8837890625,130.0143585205078,129.88375854492188,129.89889526367188,129.89892578125,129.88377380371094,129.88377380371094,129.94309997558594,130.008056640625,129.93260192871094,130.05726623535156,129.88380432128906,129.8963165283203,129.90342712402344,129.91302490234375,130.0018310546875,129.9732208251953,129.9129180908203,129.93238830566406,129.8837890625,129.8979949951172,129.8837890625,130.00738525390625,129.8988800048828,130.65191650390625,130.24679565429688,130.09695434570312,129.9261474609375,129.91976928710938,170.07391357421875,129.8837432861328,129.8838348388672,129.88380432128906,130.05108642578125,129.88372802734375,129.89889526367188,130.00674438476562,129.93255615234375,130.00437927246094,129.91969299316406,129.89894104003906,129.93551635742188,129.96212768554688,129.89956665039062,129.9129638671875,130.05726623535156,129.88392639160156,129.88380432128906,129.98944091796875,129.88375854492188,129.99130249023438,129.91299438476562,129.9529571533203,130.010498046875,130.03775024414062,129.8988494873047,129.90277099609375,130.01580810546875,130.0572509765625,129.9439697265625,129.97317504882812,129.8837890625,129.89529418945312
233,129.99160766601562,129.92617797851562,129.93865966796875,130.00428771972656,129.93362426757812,129.88380432128906,129.96206665039062,129.93832397460938,130.1045379638672,129.96759033203125,129.88377380371094,129.8838653564453,129.89981079101562,129.9277801513672,130.0624237060547,129.97315979003906,129.9261474609375,129.89158630371094,129.9133758544922,129.9036407470703,129.8837432861328,130.01502990722656,129.9244842529297,129.95167541503906,129.89520263671875,130.10975646972656,129.88385009765625,129.90255737304688,129.894287109375,129.93606567382812,129.901611328125,130.27850341796875,129.88381958007812,129.8837890625,129.89979553222656,129.906005859375,129.93516540527344,129.8837890625,130.01441955566406,129.8837432861328,129.89889526367188,129.89892578125,129.88377380371094,129.88377380371094,129.9431610107422,130.00808715820312,129.93260192871094,130.0572509765625,129.88381958007812,129.89633178710938,129.9034423828125,129.91302490234375,130.00181579589844,129.97325134277344,129.9129180908203,129.92941284179688,129.8837890625,129.8979949951172,129.8837890625,130.00738525390625,129.89889526367188,130.65174865722656,130.24685668945312,130.0969696044922,129.9261474609375,129.9197235107422,166.20556640625,129.8837432861328,129.8838348388672,129.8837890625,130.05116271972656,129.88372802734375,129.89889526367188,130.0067596435547,129.9325408935547,130.0043487548828,129.919677734375,129.89892578125,129.93551635742188,129.96217346191406,129.89955139160156,129.9129638671875,130.0572509765625,129.8839111328125,129.8837890625,129.98939514160156,129.88377380371094,129.9910888671875,129.9129638671875,129.9529266357422,130.01046752929688,130.03775024414062,129.8988494873047,129.9027557373047,130.0158233642578,130.0572509765625,129.9439697265625,129.9731903076172,129.8837890625,129.89529418945312
234,129.99160766601562,129.92617797851562,129.9386444091797,130.0042724609375,129.93362426757812,129.88380432128906,129.96206665039062,129.93832397460938,130.1045379638672,129.96759033203125,129.88375854492188,129.8838653564453,129.8998260498047,129.9277801513672,130.0624237060547,129.97314453125,129.9261474609375,129.89157104492188,129.91339111328125,129.90365600585938,129.8837432861328,130.01507568359375,129.9244842529297,129.95167541503906,129.89520263671875,130.10972595214844,129.8837890625,129.90257263183594,129.894287109375,129.93612670898438,129.90162658691406,130.27850341796875,129.88381958007812,129.8837890625,129.89979553222656,129.90602111816406,129.93516540527344,129.8837890625,130.0144500732422,129.8837432861328,129.8988800048828,129.89895629882812,129.8837890625,129.88377380371094,129.943115234375,130.00808715820312,129.93260192871094,130.0572509765625,129.88381958007812,129.89630126953125,129.90342712402344,129.91297912597656,130.00181579589844,129.97320556640625,129.9129180908203,129.9290313720703,129.8837890625,129.8979949951172,129.88381958007812,130.0073699951172,129.8988800048828,130.65174865722656,130.24679565429688,130.09693908691406,129.9261474609375,129.91970825195312,163.73458862304688,129.88372802734375,129.8838348388672,129.8837890625,130.05108642578125,129.88372802734375,129.89891052246094,130.00674438476562,129.9325408935547,130.0043182373047,129.919677734375,129.89894104003906,129.93551635742188,129.96212768554688,129.89955139160156,129.9129638671875,130.0572967529297,129.8838653564453,129.8837890625,129.98939514160156,129.8837890625,129.99110412597656,129.91299438476562,129.95297241210938,130.01051330566406,130.0377960205078,129.8988494873047,129.90277099609375,130.01583862304688,130.0572509765625,129.9439697265625,129.9732208251953,129.8837890625,129.89523315429688
235,129.99156188964844,129.92617797851562,129.93862915039062,130.00428771972656,129.93362426757812,129.88380432128906,129.96205139160156,129.9383087158203,130.1045379638672,129.96759033203125,129.88377380371094,129.8838653564453,129.8998260498047,129.9277801513672,130.0624237060547,129.97314453125,129.9261474609375,129.89158630371094,129.91339111328125,129.90362548828125,129.88375854492188,130.01504516601562,129.9244842529297,129.95167541503906,129.89520263671875,130.1097412109375,129.8838348388672,129.90257263183594,129.894287109375,129.9360809326172,129.90162658691406,130.27854919433594,129.88381958007812,129.88381958007812,129.89979553222656,129.90603637695312,129.93516540527344,129.8837890625,130.01437377929688,129.8837432861328,129.89894104003906,129.89892578125,129.88377380371094,129.8837890625,129.943115234375,130.00811767578125,129.93260192871094,130.05723571777344,129.88381958007812,129.8963165283203,129.90342712402344,129.91294860839844,130.00177001953125,129.9732208251953,129.9129180908203,129.9250030517578,129.8837890625,129.8979949951172,129.8837890625,130.00735473632812,129.8988800048828,130.65174865722656,130.2467498779297,130.09693908691406,129.92616271972656,129.9197235107422,165.7744903564453,129.88372802734375,129.88385009765625,129.8837890625,130.05113220214844,129.88372802734375,129.89895629882812,130.00677490234375,129.93255615234375,130.00433349609375,129.919677734375,129.89892578125,129.93551635742188,129.9621124267578,129.89955139160156,129.91294860839844,130.05728149414062,129.88385009765625,129.8837890625,129.98939514160156,129.88377380371094,129.99093627929688,129.9129638671875,129.9529266357422,130.01051330566406,130.03778076171875,129.8988494873047,129.90277099609375,130.01583862304688,130.0572509765625,129.9439697265625,129.97315979003906,129.88380432128906,129.895263671875
236,129.9916229248047,129.92617797851562,129.93862915039062,130.00428771972656,129.93360900878906,129.8837890625,129.96212768554688,129.93832397460938,130.10450744628906,129.96759033203125,129.8837890625,129.8838653564453,129.89981079101562,129.92776489257812,130.0624237060547,129.97317504882812,129.9261474609375,129.8915557861328,129.91336059570312,129.90362548828125,129.88375854492188,130.01502990722656,129.9244842529297,129.95167541503906,129.89520263671875,130.10971069335938,129.8837890625,129.90255737304688,129.894287109375,129.93609619140625,129.90162658691406,130.278564453125,129.88381958007812,129.88380432128906,129.89979553222656,129.90603637695312,129.93516540527344,129.8837890625,130.01443481445312,129.88372802734375,129.89889526367188,129.89895629882812,129.88377380371094,129.88375854492188,129.943115234375,130.008056640625,129.93260192871094,130.05723571777344,129.88380432128906,129.8963165283203,129.90341186523438,129.91302490234375,130.0018310546875,129.97320556640625,129.9129180908203,129.9248809814453,129.88380432128906,129.8979949951172,129.8837890625,130.00738525390625,129.89889526367188,130.65174865722656,130.24671936035156,130.096923828125,129.9261474609375,129.91973876953125,165.52886962890625,129.88372802734375,129.8838348388672,129.88380432128906,130.05108642578125,129.88372802734375,129.89891052246094,130.00677490234375,129.93258666992188,130.0043182373047,129.919677734375,129.89894104003906,129.93551635742188,129.9621124267578,129.89955139160156,129.9129638671875,130.05723571777344,129.8838348388672,129.88381958007812,129.98939514160156,129.8837890625,129.9909210205078,129.9129638671875,129.9529571533203,130.01051330566406,130.03773498535156,129.8988494873047,129.90277099609375,130.01580810546875,130.0572509765625,129.9439697265625,129.97317504882812,129.88380432128906,129.89527893066406
237,129.99156188964844,129.92617797851562,129.93862915039062,130.00428771972656,129.93359375,129.88380432128906,129.96205139160156,129.9383087158203,130.10450744628906,129.96759033203125,129.88377380371094,129.8838653564453,129.8998260498047,129.92779541015625,130.0624237060547,129.97317504882812,129.9261474609375,129.8915557861328,129.9134063720703,129.90362548828125,129.8837432861328,130.01512145996094,129.9244842529297,129.95167541503906,129.89520263671875,130.10971069335938,129.8838348388672,129.90257263183594,129.894287109375,129.9360809326172,129.901611328125,130.27859497070312,129.8838348388672,129.88380432128906,129.89979553222656,129.906005859375,129.93516540527344,129.8837890625,130.01434326171875,129.8837432861328,129.89889526367188,129.89892578125,129.88377380371094,129.88377380371094,129.94308471679688,130.00807189941406,129.93260192871094,130.0572052001953,129.88381958007812,129.89630126953125,129.9034423828125,129.91302490234375,130.00181579589844,129.97320556640625,129.9129180908203,129.92266845703125,129.8837890625,129.8979949951172,129.8838348388672,130.0073699951172,129.8988800048828,130.65174865722656,130.24685668945312,130.09689331054688,129.9261474609375,129.9197540283203,160.59716796875,129.88372802734375,129.8838348388672,129.88380432128906,130.0510711669922,129.88372802734375,129.89889526367188,130.0068359375,129.9325408935547,130.0043182373047,129.919677734375,129.89894104003906,129.93551635742188,129.9621124267578,129.89955139160156,129.9129638671875,130.05722045898438,129.88385009765625,129.88381958007812,129.98939514160156,129.8837890625,129.99095153808594,129.9130096435547,129.95298767089844,130.01051330566406,130.03768920898438,129.8988494873047,129.90277099609375,130.01580810546875,130.05726623535156,129.9439697265625,129.97317504882812,129.8837890625,129.89527893066406
238,129.99156188964844,129.92617797851562,129.93862915039062,130.00430297851562,129.93359375,129.8837890625,129.96206665039062,129.93832397460938,130.1045379638672,129.96759033203125,129.88377380371094,129.8838653564453,129.8998260498047,129.92774963378906,130.0624237060547,129.97317504882812,129.9261474609375,129.8915557861328,129.91336059570312,129.9036407470703,129.8837432861328,130.01499938964844,129.9244842529297,129.95167541503906,129.89520263671875,130.10971069335938,129.8837890625,129.90257263183594,129.894287109375,129.93609619140625,129.9016571044922,130.27845764160156,129.88375854492188,129.88380432128906,129.89979553222656,129.9060516357422,129.93516540527344,129.8837890625,130.01446533203125,129.88375854492188,129.8988800048828,129.89892578125,129.88375854492188,129.88375854492188,129.9430694580078,130.00804138183594,129.93260192871094,130.05723571777344,129.88381958007812,129.89633178710938,129.90341186523438,129.91302490234375,130.00177001953125,129.9731903076172,129.9129180908203,129.92166137695312,129.8837890625,129.8979949951172,129.88380432128906,130.0073699951172,129.89889526367188,130.65174865722656,130.24671936035156,130.09690856933594,129.92616271972656,129.91976928710938,163.89085388183594,129.88372802734375,129.88381958007812,129.88381958007812,130.0511016845703,129.88372802734375,129.89891052246094,130.00677490234375,129.93258666992188,130.0043182373047,129.919677734375,129.89894104003906,129.93551635742188,129.96214294433594,129.89955139160156,129.91294860839844,130.0572509765625,129.88381958007812,129.8838348388672,129.98944091796875,129.88375854492188,129.9908905029297,129.9129638671875,129.95294189453125,130.010498046875,130.03773498535156,129.8988494873047,129.90277099609375,130.01580810546875,130.0572509765625,129.9439697265625,129.97317504882812,129.88380432128906,129.89527893066406
239,129.99154663085938,129.92617797851562,129.93862915039062,130.0043182373047,129.93360900878906,129.88380432128906,129.96205139160156,129.93833923339844,130.1045379638672,129.96759033203125,129.88377380371094,129.8838653564453,129.8998260498047,129.9277801513672,130.0624237060547,129.97314453125,129.9261474609375,129.8915557861328,129.91336059570312,129.9036407470703,129.8837432861328,130.01498413085938,129.9244842529297,129.95167541503906,129.89520263671875,130.10971069335938,129.8837890625,129.90257263183594,129.894287109375,129.93606567382812,129.901611328125,130.27845764160156,129.88372802734375,129.88380432128906,129.89979553222656,129.90603637695312,129.93516540527344,129.8837890625,130.01429748535156,129.88372802734375,129.89889526367188,129.89894104003906,129.88375854492188,129.8837890625,129.94309997558594,130.008056640625,129.93260192871094,130.0572509765625,129.88381958007812,129.8963165283203,129.90342712402344,129.91302490234375,130.00180053710938,129.97315979003906,129.9129180908203,129.91981506347656,129.8837890625,129.8979949951172,129.88377380371094,130.00735473632812,129.89889526367188,130.65174865722656,130.24671936035156,130.0968780517578,129.92613220214844,129.91970825195312,163.7078399658203,129.88372802734375,129.8838348388672,129.88380432128906,130.05105590820312,129.88372802734375,129.8988800048828,130.00674438476562,129.93255615234375,130.0043182373047,129.91966247558594,129.89892578125,129.93551635742188,129.96217346191406,129.89955139160156,129.9129638671875,130.05735778808594,129.88380432128906,129.88380432128906,129.9894256591797,129.8837890625,129.9907989501953,129.91305541992188,129.9529266357422,130.010498046875,130.03770446777344,129.8988494873047,129.90277099609375,130.01580810546875,130.05722045898438,129.9439697265625,129.97315979003906,129.88377380371094,129.89524841308594
240,129.99156188964844,129.92617797851562,129.93862915039062,130.00428771972656,129.93359375,129.8838348388672,129.96205139160156,129.93832397460938,130.1045379638672,129.96759033203125,129.88377380371094,129.8838653564453,129.89979553222656,129.92776489257812,130.0624237060547,129.97314453125,129.9261474609375,129.8915557861328,129.9133758544922,129.9036407470703,129.8837432861328,130.0150146484375,129.9244842529297,129.95167541503906,129.89520263671875,130.1096954345703,129.8837890625,129.90255737304688,129.894287109375,129.93606567382812,129.901611328125,130.27845764160156,129.88380432128906,129.88377380371094,129.89979553222656,129.90603637695312,129.93516540527344,129.8837890625,130.01434326171875,129.88375854492188,129.89889526367188,129.89892578125,129.8837890625,129.88375854492188,129.94308471679688,130.008056640625,129.93260192871094,130.05715942382812,129.88380432128906,129.89630126953125,129.90342712402344,129.91302490234375,130.0018310546875,129.9732208251953,129.9129180908203,129.91883850097656,129.8837890625,129.8979949951172,129.8837890625,130.00730895996094,129.8988800048828,130.65174865722656,130.24671936035156,130.096923828125,129.9261474609375,129.91973876953125,160.19317626953125,129.88372802734375,129.88381958007812,129.88380432128906,130.0510711669922,129.88372802734375,129.89891052246094,130.00672912597656,129.93252563476562,130.0043182373047,129.91964721679688,129.8989715576172,129.93551635742188,129.96209716796875,129.89955139160156,129.9129638671875,130.0572509765625,129.88380432128906,129.88377380371094,129.98939514160156,129.88377380371094,129.99087524414062,129.91299438476562,129.9529266357422,130.01051330566406,130.03778076171875,129.8988494873047,129.90277099609375,130.01565551757812,130.0572509765625,129.9439697265625,129.9731903076172,129.88380432128906,129.89524841308594
241,129.99156188964844,129.92617797851562,129.93862915039062,130.0042724609375,129.93362426757812,129.8837890625,129.96205139160156,129.9383087158203,130.1045379638672,129.96759033203125,129.8837890625,129.8838653564453,129.8998260498047,129.92776489257812,130.0624237060547,129.97315979003906,129.9261474609375,129.8915557861328,129.91342163085938,129.90362548828125,129.8837432861328,130.01502990722656,129.9244842529297,129.95167541503906,129.89520263671875,130.1096954345703,129.88381958007812,129.9025421142578,129.894287109375,129.93609619140625,129.901611328125,130.27845764160156,129.88375854492188,129.88380432128906,129.89979553222656,129.90603637695312,129.93516540527344,129.8837890625,130.01441955566406,129.8837432861328,129.89889526367188,129.89892578125,129.88377380371094,129.88380432128906,129.9430694580078,130.00808715820312,129.93260192871094,130.05722045898438,129.8837890625,129.8962860107422,129.90342712402344,129.91299438476562,130.00180053710938,129.97320556640625,129.9129180908203,129.9197540283203,129.8837890625,129.8979949951172,129.88377380371094,130.00732421875,129.89889526367188,130.65174865722656,130.24671936035156,130.09695434570312,129.92613220214844,129.9197235107422,170.04251098632812,129.88372802734375,129.88381958007812,129.88375854492188,130.0511016845703,129.88372802734375,129.89889526367188,130.0067901611328,129.93258666992188,130.0043182373047,129.919677734375,129.89891052246094,129.93551635742188,129.96209716796875,129.89955139160156,129.91294860839844,130.0572967529297,129.88380432128906,129.8837890625,129.9894256591797,129.88377380371094,129.99087524414062,129.91297912597656,129.95294189453125,130.01051330566406,130.0377197265625,129.8988494873047,129.90277099609375,130.0158233642578,130.0572509765625,129.9439697265625,129.9731903076172,129.8837890625,129.89527893066406
242,129.99156188964844,129.92617797851562,129.93862915039062,130.0042724609375,129.93360900878906,129.88380432128906,129.96205139160156,129.9382781982422,130.1045379638672,129.96759033203125,129.88375854492188,129.8838653564453,129.8998260498047,129.92776489257812,130.0624237060547,129.97314453125,129.9261474609375,129.8915557861328,129.91336059570312,129.90362548828125,129.8837432861328,130.0150146484375,129.9244842529297,129.95167541503906,129.89520263671875,130.10972595214844,129.88380432128906,129.9025421142578,129.894287109375,129.93605041503906,129.90162658691406,130.27845764160156,129.88372802734375,129.8837890625,129.89979553222656,129.90603637695312,129.93516540527344,129.8837890625,130.01426696777344,129.88375854492188,129.8988800048828,129.89891052246094,129.88377380371094,129.88375854492188,129.9430694580078,130.008056640625,129.93260192871094,130.05715942382812,129.88380432128906,129.89630126953125,129.90342712402344,129.91302490234375,130.0018310546875,129.97315979003906,129.9129180908203,129.9217071533203,129.88377380371094,129.8979949951172,129.8837890625,130.00732421875,129.89891052246094,130.65174865722656,130.2467803955078,130.096923828125,129.92613220214844,129.91973876953125,166.11866760253906,129.88372802734375,129.88381958007812,129.88380432128906,130.0510711669922,129.88372802734375,129.89889526367188,130.00672912597656,129.93251037597656,130.0043182373047,129.91964721679688,129.89894104003906,129.93551635742188,129.9621124267578,129.89955139160156,129.91297912597656,130.0572509765625,129.8838348388672,129.8837890625,129.9894256591797,129.8837890625,129.9908447265625,129.91297912597656,129.95291137695312,130.01046752929688,130.03773498535156,129.8988494873047,129.90277099609375,130.01576232910156,130.0572052001953,129.9439697265625,129.97317504882812,129.88380432128906,129.895263671875
243,129.99156188964844,129.92617797851562,129.93862915039062,130.00424194335938,129.93360900878906,129.88380432128906,129.96205139160156,129.93829345703125,130.1045379638672,129.96759033203125,129.88375854492188,129.8838653564453,129.8998260498047,129.92776489257812,130.0624237060547,129.97315979003906,129.9261474609375,129.8915557861328,129.91339111328125,129.90362548828125,129.8837432861328,130.01504516601562,129.9244842529297,129.95167541503906,129.89520263671875,130.10971069335938,129.8838348388672,129.9025421142578,129.894287109375,129.9361114501953,129.901611328125,130.27845764160156,129.88372802734375,129.88380432128906,129.89979553222656,129.90603637695312,129.93516540527344,129.8837890625,130.0143280029297,129.88377380371094,129.8988800048828,129.89892578125,129.88375854492188,129.88375854492188,129.94309997558594,130.00807189941406,129.93260192871094,130.05715942382812,129.88381958007812,129.89630126953125,129.90341186523438,129.91299438476562,130.00181579589844,129.97315979003906,129.9129180908203,129.9183807373047,129.8837890625,129.8979949951172,129.8837890625,130.00732421875,129.8988800048828,130.65174865722656,130.24671936035156,130.0968780517578,129.92616271972656,129.91970825195312,166.7275848388672,129.88372802734375,129.8838348388672,129.8837890625,130.05108642578125,129.88372802734375,129.89891052246094,130.00672912597656,129.93251037597656,130.0043182373047,129.91964721679688,129.89891052246094,129.93551635742188,129.9621124267578,129.89955139160156,129.91294860839844,130.05731201171875,129.88380432128906,129.8837890625,129.9894256591797,129.88377380371094,129.99082946777344,129.91299438476562,129.9529266357422,130.01048278808594,130.03773498535156,129.8988494873047,129.90277099609375,130.0157470703125,130.05726623535156,129.9439697265625,129.9731903076172,129.8837432861328,129.89523315429688
244,129.99156188964844,129.92617797851562,129.93862915039062,130.0042724609375,129.93360900878906,129.88381958007812,129.96205139160156,129.9382781982422,130.1045379638672,129.96759033203125,129.88377380371094,129.8838653564453,129.8998260498047,129.9277801513672,130.0624237060547,129.97315979003906,129.9261474609375,129.8915557861328,129.91334533691406,129.9036102294922,129.8837432861328,130.0150146484375,129.9244842529297,129.95167541503906,129.89520263671875,130.10971069335938,129.88381958007812,129.9025421142578,129.894287109375,129.93609619140625,129.901611328125,130.27845764160156,129.88377380371094,129.8837890625,129.89979553222656,129.90603637695312,129.93516540527344,129.8837890625,130.01434326171875,129.88375854492188,129.8988800048828,129.89892578125,129.88377380371094,129.8837432861328,129.9431610107422,130.00807189941406,129.93260192871094,130.05711364746094,129.88380432128906,129.89630126953125,129.90342712402344,129.91297912597656,130.0017852783203,129.9732208251953,129.9129180908203,129.91802978515625,129.8837890625,129.8979949951172,129.8837890625,130.00730895996094,129.8988800048828,130.65174865722656,130.24671936035156,130.0968780517578,129.9261474609375,129.91973876953125,163.1618194580078,129.88372802734375,129.88381958007812,129.88380432128906,130.0511016845703,129.88372802734375,129.89889526367188,130.0067138671875,129.9325408935547,130.0043182373047,129.91964721679688,129.89894104003906,129.93551635742188,129.9621124267578,129.89955139160156,129.9129638671875,130.05734252929688,129.8837890625,129.8837890625,129.9894256591797,129.8837890625,129.9908905029297,129.91297912597656,129.9529571533203,130.0104522705078,130.03761291503906,129.8988494873047,129.90277099609375,130.01576232910156,130.05718994140625,129.9439697265625,129.97317504882812,129.88372802734375,129.89527893066406
245,129.99156188964844,129.92617797851562,129.93862915039062,130.00425720214844,129.93360900878906,129.88380432128906,129.96205139160156,129.9383087158203,130.1045379638672,129.96759033203125,129.8837432861328,129.8838653564453,129.89981079101562,129.9277801513672,130.0624237060547,129.97312927246094,129.9261474609375,129.8915557861328,129.91334533691406,129.9036102294922,129.8837432861328,130.01498413085938,129.9244842529297,129.95167541503906,129.89520263671875,130.10975646972656,129.88381958007812,129.90255737304688,129.894287109375,129.93606567382812,129.90162658691406,130.27845764160156,129.88372802734375,129.88380432128906,129.89979553222656,129.90603637695312,129.93516540527344,129.8837890625,130.01434326171875,129.88375854492188,129.8988800048828,129.89892578125,129.88375854492188,129.88375854492188,129.9431610107422,130.008056640625,129.93260192871094,130.05715942382812,129.8837890625,129.89630126953125,129.9034423828125,129.91297912597656,130.00181579589844,129.97312927246094,129.9129180908203,129.9175262451172,129.8837890625,129.8979949951172,129.8837890625,130.00732421875,129.89889526367188,130.65174865722656,130.24673461914062,130.0968780517578,129.92613220214844,129.91970825195312,163.77487182617188,129.88372802734375,129.88381958007812,129.88375854492188,130.05108642578125,129.88372802734375,129.89889526367188,130.00669860839844,129.93252563476562,130.0043182373047,129.91964721679688,129.89892578125,129.93551635742188,129.96209716796875,129.89955139160156,129.9129638671875,130.05722045898438,129.8837890625,129.8837890625,129.9894256591797,129.8837890625,129.99082946777344,129.9130096435547,129.95291137695312,130.01052856445312,130.03756713867188,129.8988494873047,129.90277099609375,130.01576232910156,130.0571746826172,129.9439697265625,129.97317504882812,129.88372802734375,129.89523315429688
246,129.99156188964844,129.92617797851562,129.93862915039062,130.0042724609375,129.93360900878906,129.88380432128906,129.96205139160156,129.9383544921875,130.1045379638672,129.96759033203125,129.88375854492188,129.8838653564453,129.89984130859375,129.92782592773438,130.0624237060547,129.97312927246094,129.9261474609375,129.8915557861328,129.91336059570312,129.9036102294922,129.8837432861328,130.01499938964844,129.9244842529297,129.95167541503906,129.89520263671875,130.10972595214844,129.88381958007812,129.9025421142578,129.894287109375,129.93612670898438,129.90162658691406,130.27845764160156,129.88375854492188,129.8837890625,129.89979553222656,129.90603637695312,129.93516540527344,129.8837890625,130.01431274414062,129.8837432861328,129.8988800048828,129.89891052246094,129.88375854492188,129.8837432861328,129.943115234375,130.00804138183594,129.93260192871094,130.05715942382812,129.88380432128906,129.89630126953125,129.90342712402344,129.91290283203125,130.0018310546875,129.97314453125,129.9129180908203,129.91683959960938,129.8837890625,129.8979949951172,129.88377380371094,130.00730895996094,129.89891052246094,130.65174865722656,130.24671936035156,130.09690856933594,129.92613220214844,129.91969299316406,159.41384887695312,129.88372802734375,129.88381958007812,129.8837890625,130.05104064941406,129.88372802734375,129.8988800048828,130.0067901611328,129.93252563476562,130.0043182373047,129.91964721679688,129.89892578125,129.93551635742188,129.96209716796875,129.89955139160156,129.91293334960938,130.0572509765625,129.88380432128906,129.88377380371094,129.9894256591797,129.8837432861328,129.9907684326172,129.9130096435547,129.95278930664062,130.01048278808594,130.03773498535156,129.8988494873047,129.90277099609375,130.01576232910156,130.05718994140625,129.9439697265625,129.97314453125,129.88372802734375,129.89523315429688
247,129.99156188964844,129.92617797851562,129.93862915039062,130.00424194335938,129.93360900878906,129.8837890625,129.9620361328125,129.9383087158203,130.1045379638672,129.96759033203125,129.88375854492188,129.8838653564453,129.8998260498047,129.9277801513672,130.0624237060547,129.9730987548828,129.9261474609375,129.8915557861328,129.91334533691406,129.9036102294922,129.8837432861328,130.01502990722656,129.9244842529297,129.95167541503906,129.89520263671875,130.10972595214844,129.88381958007812,129.902587890625,129.894287109375,129.93605041503906,129.901611328125,130.27845764160156,129.88375854492188,129.8837890625,129.89979553222656,129.90603637695312,129.93516540527344,129.8837890625,130.0142822265625,129.88372802734375,129.8988800048828,129.89891052246094,129.88375854492188,129.8837890625,129.94309997558594,130.0080108642578,129.93260192871094,130.05715942382812,129.8837890625,129.89630126953125,129.9034423828125,129.91299438476562,130.00181579589844,129.97312927246094,129.9129180908203,129.91685485839844,129.88380432128906,129.8979949951172,129.8837890625,130.00729370117188,129.89891052246094,130.65174865722656,130.2467041015625,130.096923828125,129.92613220214844,129.91969299316406,155.52650451660156,129.88372802734375,129.8838348388672,129.8837890625,130.05104064941406,129.88372802734375,129.89889526367188,130.0067138671875,129.9324951171875,130.0043182373047,129.91964721679688,129.89894104003906,129.93551635742188,129.9621124267578,129.89955139160156,129.91297912597656,130.05722045898438,129.8837890625,129.88380432128906,129.9894256591797,129.8837432861328,129.9907989501953,129.9130096435547,129.95278930664062,130.010498046875,130.0377197265625,129.8988494873047,129.90277099609375,130.01571655273438,130.0571746826172,129.9439697265625,129.9731903076172,129.88372802734375,129.89523315429688
248,129.99156188964844,129.92617797851562,129.93862915039062,130.00425720214844,129.93360900878906,129.8837890625,129.9620361328125,129.9382781982422,130.1045379638672,129.96759033203125,129.8837432861328,129.8838653564453,129.89984130859375,129.9277801513672,130.0624237060547,129.97317504882812,129.9261474609375,129.8915557861328,129.91334533691406,129.9036102294922,129.8837432861328,130.01499938964844,129.9244842529297,129.95167541503906,129.89520263671875,130.10971069335938,129.88385009765625,129.9025421142578,129.894287109375,129.93605041503906,129.901611328125,130.27845764160156,129.88375854492188,129.88377380371094,129.89979553222656,129.90603637695312,129.93516540527344,129.8837890625,130.01426696777344,129.88372802734375,129.8988800048828,129.89891052246094,129.88375854492188,129.8837432861328,129.94305419921875,130.008056640625,129.93260192871094,130.05715942382812,129.88380432128906,129.8962860107422,129.90342712402344,129.91302490234375,130.00180053710938,129.97312927246094,129.9129180908203,129.91612243652344,129.8837890625,129.8979949951172,129.88377380371094,130.0072784423828,129.89889526367188,130.65174865722656,130.24671936035156,130.0968780517578,129.92613220214844,129.91969299316406,161.82669067382812,129.88372802734375,129.88381958007812,129.88377380371094,130.051025390625,129.88372802734375,129.89892578125,130.0067138671875,129.93251037597656,130.0043182373047,129.91964721679688,129.89894104003906,129.93551635742188,129.96209716796875,129.89955139160156,129.9129638671875,130.05722045898438,129.8837890625,129.88380432128906,129.9894256591797,129.88375854492188,129.99078369140625,129.9129638671875,129.95278930664062,130.010498046875,130.03762817382812,129.8988494873047,129.90277099609375,130.0157470703125,130.0571746826172,129.9439697265625,129.97315979003906,129.88372802734375,129.89524841308594
249,129.99156188964844,129.92617797851562,129.93862915039062,130.00425720214844,129.93359375,129.8837890625,129.9620361328125,129.9383087158203,130.1045379638672,129.96759033203125,129.88375854492188,129.8838653564453,129.89981079101562,129.92776489257812,130.0624237060547,129.97315979003906,129.9261474609375,129.8915557861328,129.91334533691406,129.9036102294922,129.8837432861328,130.01499938964844,129.9244842529297,129.95167541503906,129.89520263671875,130.10971069335938,129.88385009765625,129.90257263183594,129.894287109375,129.93605041503906,129.90162658691406,130.27845764160156,129.88375854492188,129.88380432128906,129.89979553222656,129.90603637695312,129.93516540527344,129.8837890625,130.01431274414062,129.88372802734375,129.8988800048828,129.89891052246094,129.88375854492188,129.8837432861328,129.94305419921875,130.00804138183594,129.93260192871094,130.05715942382812,129.88380432128906,129.89630126953125,129.9034423828125,129.91302490234375,130.00180053710938,129.97312927246094,129.9129180908203,129.91587829589844,129.8837890625,129.8979949951172,129.88377380371094,130.0072784423828,129.89889526367188,130.65174865722656,130.24671936035156,130.0968780517578,129.92613220214844,129.9197235107422,163.17344665527344,129.88372802734375,129.88381958007812,129.88375854492188,130.05104064941406,129.88372802734375,129.89889526367188,130.00669860839844,129.93251037597656,130.0043182373047,129.91964721679688,129.89889526367188,129.93551635742188,129.9620819091797,129.89955139160156,129.9129638671875,130.0572509765625,129.88380432128906,129.88380432128906,129.9894256591797,129.88375854492188,129.99078369140625,129.91299438476562,129.95278930664062,130.01051330566406,130.03773498535156,129.8988494873047,129.90277099609375,130.01576232910156,130.0571746826172,129.9439697265625,129.97317504882812,129.88372802734375,129.89523315429688
250,129.99156188964844,129.92617797851562,129.93862915039062,130.00428771972656,129.93359375,129.88380432128906,129.9620361328125,129.9383087158203,130.1045379638672,129.96759033203125,129.88375854492188,129.8838653564453,129.8998260498047,129.92776489257812,130.0624237060547,129.97312927246094,129.9261474609375,129.8915557861328,129.91334533691406,129.9036102294922,129.8837432861328,130.01499938964844,129.9244842529297,129.95167541503906,129.89520263671875,130.10971069335938,129.88381958007812,129.90257263183594,129.894287109375,129.93605041503906,129.901611328125,130.27845764160156,129.88375854492188,129.8837890625,129.89979553222656,129.90603637695312,129.93516540527344,129.88377380371094,130.0142822265625,129.88372802734375,129.8988800048828,129.89891052246094,129.88375854492188,129.8837432861328,129.94305419921875,130.008056640625,129.93260192871094,130.05715942382812,129.88380432128906,129.8962860107422,129.9034423828125,129.9129638671875,130.00181579589844,129.97312927246094,129.9129180908203,129.91513061523438,129.88377380371094,129.8979949951172,129.88377380371094,130.00730895996094,129.8988800048828,130.65174865722656,130.24671936035156,130.0968780517578,129.92611694335938,129.91970825195312,163.94898986816406,129.88372802734375,129.88381958007812,129.88375854492188,130.05105590820312,129.88372802734375,129.89889526367188,130.00672912597656,129.93251037597656,130.0043182373047,129.91964721679688,129.8988800048828,129.93551635742188,129.96209716796875,129.89955139160156,129.91297912597656,130.05722045898438,129.8837890625,129.88380432128906,129.9894256591797,129.8837432861328,129.99078369140625,129.91297912597656,129.95281982421875,130.010498046875,130.03773498535156,129.8988494873047,129.90277099609375,130.01573181152344,130.0571746826172,129.9439697265625,129.97312927246094,129.88372802734375,129.89527893066406
251,129.99156188964844,129.92617797851562,129.93862915039062,130.00428771972656,129.93359375,129.8837890625,129.9620361328125,129.93829345703125,130.1045379638672,129.96759033203125,129.88375854492188,129.8838653564453,129.89981079101562,129.9277801513672,130.0624237060547,129.97314453125,129.9261474609375,129.8915557861328,129.913330078125,129.9036102294922,129.8837432861328,130.01499938964844,129.9244842529297,129.95167541503906,129.89520263671875,130.10971069335938,129.88381958007812,129.90255737304688,129.894287109375,129.93605041503906,129.90162658691406,130.27845764160156,129.88375854492188,129.88377380371094,129.89979553222656,129.90603637695312,129.93516540527344,129.88377380371094,130.01417541503906,129.88372802734375,129.8988800048828,129.89891052246094,129.88372802734375,129.88372802734375,129.94305419921875,130.00807189941406,129.93260192871094,130.05715942382812,129.88380432128906,129.8962860107422,129.90342712402344,129.9130096435547,130.00180053710938,129.97312927246094,129.9129180908203,129.91542053222656,129.88377380371094,129.8979949951172,129.88375854492188,130.0072784423828,129.8988800048828,130.65174865722656,130.24671936035156,130.0968780517578,129.92613220214844,129.9197235107422,162.16978454589844,129.88372802734375,129.88381958007812,129.88375854492188,130.051025390625,129.88372802734375,129.89891052246094,130.0067138671875,129.93252563476562,130.0043182373047,129.91964721679688,129.89894104003906,129.93551635742188,129.9620819091797,129.89955139160156,129.91294860839844,130.05722045898438,129.8837890625,129.8837890625,129.9894256591797,129.8837432861328,129.99082946777344,129.91299438476562,129.95277404785156,130.01051330566406,130.03773498535156,129.8988494873047,129.90277099609375,130.01580810546875,130.0571746826172,129.9439697265625,129.97311401367188,129.88372802734375,129.895263671875
252,129.99156188964844,129.92617797851562,129.93862915039062,130.00425720214844,129.93359375,129.88380432128906,129.9620361328125,129.9383087158203,130.1045379638672,129.96759033203125,129.8837432861328,129.8838653564453,129.89984130859375,129.9277801513672,130.0624237060547,129.97315979003906,129.9261474609375,129.8915557861328,129.913330078125,129.9036102294922,129.8837432861328,130.01495361328125,129.9244842529297,129.95167541503906,129.89520263671875,130.10971069335938,129.8837890625,129.90252685546875,129.894287109375,129.93605041503906,129.90162658691406,130.27845764160156,129.88375854492188,129.88377380371094,129.89979553222656,129.90603637695312,129.93516540527344,129.88375854492188,130.01425170898438,129.88372802734375,129.8988800048828,129.89892578125,129.8837432861328,129.8837432861328,129.94305419921875,130.00802612304688,129.93260192871094,130.05715942382812,129.88380432128906,129.8962860107422,129.90342712402344,129.91290283203125,130.0017852783203,129.97312927246094,129.9129180908203,129.91458129882812,129.88377380371094,129.8979949951172,129.88375854492188,130.00729370117188,129.8988800048828,130.65174865722656,130.24671936035156,130.0968475341797,129.92613220214844,129.9197235107422,158.06625366210938,129.88372802734375,129.88381958007812,129.88375854492188,130.05105590820312,129.88372802734375,129.89889526367188,130.0067138671875,129.93252563476562,130.0043182373047,129.91964721679688,129.89892578125,129.93551635742188,129.9620819091797,129.89955139160156,129.91294860839844,130.0572052001953,129.8837890625,129.88377380371094,129.9894256591797,129.8837432861328,129.99081420898438,129.91299438476562,129.95278930664062,130.01051330566406,130.03770446777344,129.8988494873047,129.9027557373047,130.01560974121094,130.0571746826172,129.9439697265625,129.97311401367188,129.88372802734375,129.89523315429688
253,129.99156188964844,129.92617797851562,129.93862915039062,130.00424194335938,129.93359375,129.88380432128906,129.9620361328125,129.9382781982422,130.1045379638672,129.96759033203125,129.8837432861328,129.8838653564453,129.8998260498047,129.9277801513672,130.0624237060547,129.97312927246094,129.9261474609375,129.8915557861328,129.913330078125,129.9036102294922,129.8837432861328,130.0149688720703,129.9244842529297,129.95167541503906,129.89520263671875,130.10971069335938,129.8838348388672,129.9025421142578,129.894287109375,129.93605041503906,129.90167236328125,130.27845764160156,129.88375854492188,129.88377380371094,129.89979553222656,129.90603637695312,129.93516540527344,129.8837890625,130.01429748535156,129.88372802734375,129.8988800048828,129.89891052246094,129.88372802734375,129.8837127685547,129.94305419921875,130.008056640625,129.93260192871094,130.05715942382812,129.88380432128906,129.8962860107422,129.90341186523438,129.91290283203125,130.00180053710938,129.97312927246094,129.9129180908203,129.91470336914062,129.8837890625,129.8979949951172,129.8837890625,130.0072021484375,129.8988800048828,130.65174865722656,130.24671936035156,130.0968780517578,129.92613220214844,129.91970825195312,160.55763244628906,129.88372802734375,129.88381958007812,129.88375854492188,130.05108642578125,129.88372802734375,129.89892578125,130.00669860839844,129.93252563476562,130.0043182373047,129.91964721679688,129.89892578125,129.93551635742188,129.96209716796875,129.89955139160156,129.9129180908203,130.0572052001953,129.8837890625,129.8837890625,129.9894256591797,129.8837432861328,129.9908447265625,129.91297912597656,129.95281982421875,130.01051330566406,130.03773498535156,129.8988494873047,129.9027557373047,130.01560974121094,130.0571746826172,129.9439697265625,129.9730987548828,129.88372802734375,129.8952178955078
254,129.99156188964844,129.92617797851562,129.93862915039062,130.00424194335938,129.93359375,129.88380432128906,129.9620361328125,129.93829345703125,130.1045379638672,129.96759033203125,129.88375854492188,129.8838653564453,129.89981079101562,129.92776489257812,130.0624237060547,129.97314453125,129.9261474609375,129.8915557861328,129.913330078125,129.9036102294922,129.8837432861328,130.0149688720703,129.9244842529297,129.95167541503906,129.89520263671875,130.10971069335938,129.88380432128906,129.9025421142578,129.894287109375,129.93605041503906,129.901611328125,130.27845764160156,129.88375854492188,129.88377380371094,129.89979553222656,129.90603637695312,129.93516540527344,129.8837432861328,130.01429748535156,129.88372802734375,129.8988800048828,129.89891052246094,129.88375854492188,129.8837432861328,129.94305419921875,130.00802612304688,129.93260192871094,130.05715942382812,129.88380432128906,129.8962860107422,129.90345764160156,129.91290283203125,130.00180053710938,129.97312927246094,129.9129180908203,129.914306640625,129.88377380371094,129.8979949951172,129.8837890625,130.0072021484375,129.8988800048828,130.65174865722656,130.24671936035156,130.0968780517578,129.92613220214844,129.9197235107422,168.82559204101562,129.88372802734375,129.88381958007812,129.88375854492188,130.05105590820312,129.88372802734375,129.8988800048828,130.00669860839844,129.93252563476562,130.0043182373047,129.91964721679688,129.89892578125,129.93551635742188,129.9620819091797,129.89955139160156,129.91294860839844,130.0572052001953,129.8837890625,129.88380432128906,129.9894256591797,129.8837432861328,129.99078369140625,129.91297912597656,129.95289611816406,130.01046752929688,130.03759765625,129.8988494873047,129.90277099609375,130.01560974121094,130.0571746826172,129.9439697265625,129.97311401367188,129.88372802734375,129.89523315429688
255,129.99156188964844,129.92617797851562,129.93862915039062,130.00425720214844,129.93359375,129.88380432128906,129.9620361328125,129.9383087158203,130.1045379638672,129.96759033203125,129.88375854492188,129.8838653564453,129.8998260498047,129.92776489257812,130.0624237060547,129.97314453125,129.9261474609375,129.8915557861328,129.913330078125,129.9036102294922,129.8837432861328,130.01502990722656,129.9244842529297,129.95167541503906,129.89520263671875,130.10971069335938,129.88380432128906,129.9025421142578,129.894287109375,129.93605041503906,129.901611328125,130.27845764160156,129.88375854492188,129.88377380371094,129.89979553222656,129.90603637695312,129.93516540527344,129.8837432861328,130.01431274414062,129.88372802734375,129.8988800048828,129.89891052246094,129.88377380371094,129.88372802734375,129.94305419921875,130.008056640625,129.93260192871094,130.05715942382812,129.88380432128906,129.8962860107422,129.9034423828125,129.91290283203125,130.00180053710938,129.97312927246094,129.9129180908203,129.9140625,129.88377380371094,129.8979949951172,129.88375854492188,130.0072021484375,129.8988800048828,130.65174865722656,130.24671936035156,130.0968780517578,129.92613220214844,129.9197235107422,159.93121337890625,129.88372802734375,129.88381958007812,129.8837890625,130.051025390625,129.88372802734375,129.89892578125,130.00669860839844,129.93251037597656,130.0043182373047,129.91964721679688,129.89892578125,129.93551635742188,129.96212768554688,129.89955139160156,129.91293334960938,130.05723571777344,129.88380432128906,129.88377380371094,129.9894256591797,129.8837432861328,129.99078369140625,129.9129638671875,129.95278930664062,130.010498046875,130.03762817382812,129.8988494873047,129.90277099609375,130.01560974121094,130.0571746826172,129.9439697265625,129.9730987548828,129.88372802734375,129.895263671875
256,129.99156188964844,129.92617797851562,129.93862915039062,130.00425720214844,129.93359375,129.88380432128906,129.9620361328125,129.9382781982422,130.1045379638672,129.96759033203125,129.8837432861328,129.8838653564453,129.89979553222656,129.927734375,130.0624237060547,129.97314453125,129.9261474609375,129.8915557861328,129.913330078125,129.9036102294922,129.8837432861328,130.01492309570312,129.9244842529297,129.95167541503906,129.89520263671875,130.10971069335938,129.8837890625,129.90257263183594,129.894287109375,129.93605041503906,129.901611328125,130.27845764160156,129.88375854492188,129.88377380371094,129.89979553222656,129.90603637695312,129.93516540527344,129.8837432861328,130.01426696777344,129.88372802734375,129.8988800048828,129.8988800048828,129.88375854492188,129.88372802734375,129.94305419921875,130.00807189941406,129.93260192871094,130.05715942382812,129.8837890625,129.8962860107422,129.90342712402344,129.91290283203125,130.00177001953125,129.97312927246094,129.9129180908203,129.91397094726562,129.8837890625,129.8979949951172,129.88375854492188,130.0072021484375,129.8988800048828,130.65174865722656,130.24671936035156,130.0968780517578,129.92613220214844,129.91970825195312,166.44549560546875,129.88372802734375,129.88381958007812,129.88375854492188,130.05108642578125,129.88372802734375,129.89889526367188,130.00669860839844,129.9325408935547,130.0043182373047,129.91964721679688,129.89891052246094,129.93551635742188,129.96209716796875,129.89955139160156,129.91294860839844,130.0572052001953,129.88377380371094,129.88380432128906,129.9894256591797,129.8837432861328,129.99073791503906,129.91299438476562,129.95281982421875,130.0104522705078,130.0376434326172,129.8988494873047,129.90277099609375,130.01560974121094,130.0571746826172,129.9439697265625,129.97314453125,129.88372802734375,129.89523315429688
257,129.99156188964844,129.92617797851562,129.93862915039062,130.00425720214844,129.93359375,129.88380432128906,129.9620361328125,129.9383087158203,130.1045379638672,129.96759033203125,129.88375854492188,129.8838653564453,129.89979553222656,129.92776489257812,130.0624237060547,129.97314453125,129.9261474609375,129.8915557861328,129.913330078125,129.9036102294922,129.8837432861328,130.0150146484375,129.9244842529297,129.95167541503906,129.89520263671875,130.10971069335938,129.8837890625,129.90255737304688,129.894287109375,129.93605041503906,129.901611328125,130.27845764160156,129.88375854492188,129.88377380371094,129.89979553222656,129.90603637695312,129.93516540527344,129.8837432861328,130.01425170898438,129.88372802734375,129.8988800048828,129.8988800048828,129.88372802734375,129.88372802734375,129.94305419921875,130.00804138183594,129.93260192871094,130.05715942382812,129.88380432128906,129.8962860107422,129.90342712402344,129.91290283203125,130.0017852783203,129.97312927246094,129.9129180908203,129.91403198242188,129.88377380371094,129.8979949951172,129.88375854492188,130.0072021484375,129.89889526367188,130.65174865722656,130.24671936035156,130.096923828125,129.92613220214844,129.91969299316406,159.9503173828125,129.88372802734375,129.88381958007812,129.88377380371094,130.0511016845703,129.88372802734375,129.89889526367188,130.00669860839844,129.93251037597656,130.0043182373047,129.91964721679688,129.89892578125,129.93551635742188,129.96205139160156,129.89955139160156,129.91294860839844,130.05723571777344,129.8837890625,129.8837890625,129.9894256591797,129.8837432861328,129.99078369140625,129.91297912597656,129.9527587890625,130.0104522705078,130.03759765625,129.8988494873047,129.90277099609375,130.01560974121094,130.0571746826172,129.9439697265625,129.97314453125,129.88372802734375,129.89523315429688
258,129.99156188964844,129.92617797851562,129.93862915039062,130.00424194335938,129.93359375,129.8837890625,129.9620361328125,129.93829345703125,130.1045379638672,129.96759033203125,129.8837432861328,129.8838653564453,129.89981079101562,129.92776489257812,130.0624237060547,129.97314453125,129.9261474609375,129.8915557861328,129.913330078125,129.9036102294922,129.8837432861328,130.01499938964844,129.9244842529297,129.95167541503906,129.89520263671875,130.10971069335938,129.88380432128906,129.90252685546875,129.894287109375,129.93605041503906,129.901611328125,130.27845764160156,129.88375854492188,129.88377380371094,129.89979553222656,129.90603637695312,129.93516540527344,129.8837432861328,130.0142364501953,129.88372802734375,129.8988800048828,129.8988494873047,129.88372802734375,129.88372802734375,129.94305419921875,130.008056640625,129.93260192871094,130.05715942382812,129.88380432128906,129.8962860107422,129.9034423828125,129.91290283203125,130.0017852783203,129.97312927246094,129.9129180908203,129.91371154785156,129.88377380371094,129.8979949951172,129.88375854492188,130.0072021484375,129.89889526367188,130.65174865722656,130.24671936035156,130.0968780517578,129.92613220214844,129.91970825195312,159.01211547851562,129.88372802734375,129.88381958007812,129.88375854492188,130.05105590820312,129.88372802734375,129.8988800048828,130.00669860839844,129.93251037597656,130.0043182373047,129.91964721679688,129.89892578125,129.93551635742188,129.96209716796875,129.89955139160156,129.9129180908203,130.05718994140625,129.88377380371094,129.88380432128906,129.9894256591797,129.8837432861328,129.9907684326172,129.91297912597656,129.9527587890625,130.01048278808594,130.03759765625,129.8988494873047,129.90277099609375,130.01560974121094,130.0571746826172,129.9439697265625,129.97314453125,129.88372802734375,129.89523315429688
259,129.99156188964844,129.92617797851562,129.93862915039062,130.00428771972656,129.93359375,129.88380432128906,129.9620361328125,129.9382781982422,130.1045379638672,129.96759033203125,129.88372802734375,129.8838653564453,129.89979553222656,129.92774963378906,130.0624237060547,129.97314453125,129.9261474609375,129.8915557861328,129.913330078125,129.9036102294922,129.8837432861328,130.0150146484375,129.9244842529297,129.95167541503906,129.89520263671875,130.10971069335938,129.88381958007812,129.90255737304688,129.894287109375,129.93605041503906,129.901611328125,130.27845764160156,129.88375854492188,129.88377380371094,129.89979553222656,129.90603637695312,129.93516540527344,129.8837432861328,130.01426696777344,129.88372802734375,129.8988800048828,129.89891052246094,129.88372802734375,129.88372802734375,129.94305419921875,130.008056640625,129.93260192871094,130.05715942382812,129.88380432128906,129.8962860107422,129.90341186523438,129.91290283203125,130.00177001953125,129.97312927246094,129.9129180908203,129.9135284423828,129.88377380371094,129.8979949951172,129.88375854492188,130.0072021484375,129.89889526367188,130.65174865722656,130.24671936035156,130.0968780517578,129.92613220214844,129.91961669921875,163.97393798828125,129.88372802734375,129.88381958007812,129.88377380371094,130.05111694335938,129.88372802734375,129.8988800048828,130.00669860839844,129.93251037597656,130.0043182373047,129.91964721679688,129.89892578125,129.93551635742188,129.96206665039062,129.89955139160156,129.91294860839844,130.05723571777344,129.8837890625,129.88377380371094,129.9894256591797,129.8837432861328,129.99072265625,129.91299438476562,129.9527587890625,130.01040649414062,130.03770446777344,129.8988494873047,129.90277099609375,130.01560974121094,130.0571746826172,129.9439697265625,129.97314453125,129.88372802734375,129.8952178955078
260,129.99156188964844,129.92617797851562,129.93862915039062,130.00424194335938,129.93359375,129.88381958007812,129.9620361328125,129.93829345703125,130.1045379638672,129.96759033203125,129.8837432861328,129.8838653564453,129.8997802734375,129.92774963378906,130.0624237060547,129.97314453125,129.9261474609375,129.8915557861328,129.913330078125,129.9036102294922,129.8837432861328,130.0150146484375,129.9244842529297,129.95167541503906,129.89520263671875,130.10971069335938,129.8837890625,129.9025421142578,129.894287109375,129.93605041503906,129.901611328125,130.27845764160156,129.88375854492188,129.88377380371094,129.89979553222656,129.90603637695312,129.93516540527344,129.8837432861328,130.01426696777344,129.88372802734375,129.8988800048828,129.8988494873047,129.88372802734375,129.88372802734375,129.94305419921875,130.00802612304688,129.93260192871094,130.05715942382812,129.88380432128906,129.8962860107422,129.90342712402344,129.91290283203125,130.00180053710938,129.97312927246094,129.9129180908203,129.91346740722656,129.88377380371094,129.8979949951172,129.88375854492188,130.0072021484375,129.8988800048828,130.65174865722656,130.24671936035156,130.0968780517578,129.92613220214844,129.91969299316406,161.74331665039062,129.88372802734375,129.88380432128906,129.88375854492188,130.051025390625,129.88372802734375,129.8988800048828,130.00669860839844,129.9324951171875,130.0043182373047,129.91964721679688,129.89886474609375,129.93551635742188,129.96214294433594,129.89955139160156,129.9129180908203,130.0572052001953,129.8837890625,129.88375854492188,129.9894256591797,129.8837432861328,129.99078369140625,129.9129638671875,129.95277404785156,130.01043701171875,130.03759765625,129.8988494873047,129.90277099609375,130.01560974121094,130.0571746826172,129.9439697265625,129.97314453125,129.88372802734375,129.89524841308594
261,129.99156188964844,129.92617797851562,129.93862915039062,130.0042266845703,129.93359375,129.88380432128906,129.9620361328125,129.93826293945312,130.1045379638672,129.96759033203125,129.8837432861328,129.8838653564453,129.89976501464844,129.92776489257812,130.0624237060547,129.97314453125,129.9261474609375,129.8915557861328,129.913330078125,129.9036102294922,129.8837432861328,130.0150146484375,129.9244842529297,129.95167541503906,129.89520263671875,130.10971069335938,129.8837890625,129.90252685546875,129.894287109375,129.93605041503906,129.901611328125,130.27845764160156,129.88375854492188,129.88377380371094,129.89979553222656,129.90603637695312,129.93516540527344,129.8837432861328,130.01426696777344,129.88372802734375,129.8988800048828,129.8988494873047,129.88372802734375,129.88372802734375,129.94305419921875,130.00802612304688,129.93260192871094,130.05715942382812,129.88380432128906,129.8962860107422,129.90341186523438,129.91290283203125,130.00177001953125,129.97312927246094,129.9129180908203,129.91363525390625,129.88377380371094,129.8979949951172,129.88375854492188,130.0072021484375,129.8988800048828,130.65174865722656,130.24671936035156,130.0968780517578,129.92613220214844,129.91961669921875,156.2204132080078,129.88372802734375,129.88380432128906,129.88375854492188,130.051025390625,129.88372802734375,129.89889526367188,130.00669860839844,129.93251037597656,130.0043182373047,129.91964721679688,129.89891052246094,129.93551635742188,129.96206665039062,129.89955139160156,129.9129180908203,130.0572052001953,129.88377380371094,129.88375854492188,129.9894256591797,129.8837432861328,129.99078369140625,129.91297912597656,129.95274353027344,130.01040649414062,130.03759765625,129.8988494873047,129.90277099609375,130.01560974121094,130.0571746826172,129.9439697265625,129.97314453125,129.88372802734375,129.89524841308594
262,129.99156188964844,129.92617797851562,129.93862915039062,130.00425720214844,129.93359375,129.88380432128906,129.9620361328125,129.93824768066406,130.1045379638672,129.96759033203125,129.88375854492188,129.8838653564453,129.8997802734375,129.92776489257812,130.0624237060547,129.97314453125,129.9261474609375,129.8915557861328,129.913330078125,129.9036102294922,129.8837432861328,130.0150146484375,129.9244842529297,129.95167541503906,129.89520263671875,130.10971069335938,129.88377380371094,129.9025115966797,129.894287109375,129.93605041503906,129.901611328125,130.27845764160156,129.88375854492188,129.88377380371094,129.89979553222656,129.90603637695312,129.93516540527344,129.8837432861328,130.01417541503906,129.88372802734375,129.8988800048828,129.8988494873047,129.88372802734375,129.88372802734375,129.94305419921875,130.008056640625,129.93260192871094,130.05715942382812,129.8837890625,129.8962860107422,129.90342712402344,129.91290283203125,130.0017852783203,129.97312927246094,129.9129180908203,129.9133758544922,129.88377380371094,129.8979949951172,129.88375854492188,130.0072021484375,129.89889526367188,130.65174865722656,130.24671936035156,130.09693908691406,129.92613220214844,129.91970825195312,165.08096313476562,129.88372802734375,129.8837890625,129.88375854492188,130.05111694335938,129.88372802734375,129.89889526367188,130.00669860839844,129.9324951171875,130.0043182373047,129.91964721679688,129.89892578125,129.93551635742188,129.96206665039062,129.89955139160156,129.9129180908203,130.0572052001953,129.88377380371094,129.88375854492188,129.9894256591797,129.8837432861328,129.99073791503906,129.9129638671875,129.95274353027344,130.0104217529297,130.03759765625,129.8988494873047,129.90277099609375,130.01560974121094,130.0571746826172,129.9439697265625,129.97314453125,129.88372802734375,129.89523315429688
263,129.99156188964844,129.92617797851562,129.93862915039062,130.00424194335938,129.93359375,129.88380432128906,129.9620361328125,129.9382781982422,130.1045379638672,129.96759033203125,129.8837432861328,129.8838653564453,129.89976501464844,129.92776489257812,130.0624237060547,129.97314453125,129.9261474609375,129.8915557861328,129.913330078125,129.9036102294922,129.8837432861328,130.0150146484375,129.9244842529297,129.95167541503906,129.89520263671875,130.10971069335938,129.88377380371094,129.9025115966797,129.894287109375,129.93605041503906,129.901611328125,130.27845764160156,129.88375854492188,129.88377380371094,129.89979553222656,129.90603637695312,129.93516540527344,129.8837432861328,130.01422119140625,129.88372802734375,129.8988800048828,129.8988494873047,129.88372802734375,129.88372802734375,129.94305419921875,130.008056640625,129.93260192871094,130.05715942382812,129.88377380371094,129.8962860107422,129.90341186523438,129.91290283203125,130.00177001953125,129.97312927246094,129.9129180908203,129.91343688964844,129.88377380371094,129.8979949951172,129.88375854492188,130.0072021484375,129.8988800048828,130.65174865722656,130.24671936035156,130.0968780517578,129.92613220214844,129.91970825195312,168.1727294921875,129.88372802734375,129.88380432128906,129.88375854492188,130.05105590820312,129.88372802734375,129.8988800048828,130.00669860839844,129.9324951171875,130.0043182373047,129.91964721679688,129.89886474609375,129.93551635742188,129.96214294433594,129.89955139160156,129.91293334960938,130.05723571777344,129.8837890625,129.88375854492188,129.9894256591797,129.8837432861328,129.99075317382812,129.9129638671875,129.95277404785156,130.01040649414062,130.03762817382812,129.8988494873047,129.90277099609375,130.01560974121094,130.0571746826172,129.9439697265625,129.97314453125,129.88372802734375,129.895263671875
264,129.99156188964844,129.92617797851562,129.93862915039062,130.00424194335938,129.93359375,129.88380432128906,129.9620361328125,129.9382781982422,130.1045379638672,129.96759033203125,129.8837432861328,129.8838653564453,129.89981079101562,129.9277801513672,130.0624237060547,129.97314453125,129.9261474609375,129.8915557861328,129.913330078125,129.9036102294922,129.8837432861328,130.0150146484375,129.9244842529297,129.95167541503906,129.89520263671875,130.10971069335938,129.88377380371094,129.9025421142578,129.894287109375,129.93605041503906,129.901611328125,130.27845764160156,129.88375854492188,129.88377380371094,129.89979553222656,129.90603637695312,129.93516540527344,129.8837432861328,130.0143585205078,129.88372802734375,129.8988800048828,129.8988494873047,129.88372802734375,129.88372802734375,129.94305419921875,130.00807189941406,129.93260192871094,130.05715942382812,129.88380432128906,129.8962860107422,129.90342712402344,129.91290283203125,130.00180053710938,129.97312927246094,129.9129180908203,129.91342163085938,129.88377380371094,129.8979949951172,129.88375854492188,130.0072021484375,129.8988800048828,130.65174865722656,130.24671936035156,130.0968780517578,129.92613220214844,129.91970825195312,168.24853515625,129.88372802734375,129.88381958007812,129.88375854492188,130.05111694335938,129.88372802734375,129.8988800048828,130.00669860839844,129.9324951171875,130.0043182373047,129.91964721679688,129.89891052246094,129.93551635742188,129.9620819091797,129.89955139160156,129.9129180908203,130.0572052001953,129.8837890625,129.88377380371094,129.9894256591797,129.8837432861328,129.99073791503906,129.91297912597656,129.9527587890625,130.0103759765625,130.03759765625,129.8988494873047,129.90277099609375,130.01560974121094,130.0571746826172,129.9439697265625,129.97314453125,129.88372802734375,129.89520263671875
265,129.99156188964844,129.92617797851562,129.93862915039062,130.00424194335938,129.93359375,129.8837890625,129.9620361328125,129.9382781982422,130.1045379638672,129.96759033203125,129.8837432861328,129.8838653564453,129.8998260498047,129.9277801513672,130.0624237060547,129.97314453125,129.9261474609375,129.8915557861328,129.913330078125,129.9036102294922,129.8837432861328,130.0150146484375,129.9244842529297,129.95167541503906,129.89520263671875,130.10971069335938,129.88377380371094,129.9025421142578,129.894287109375,129.93605041503906,129.901611328125,130.27845764160156,129.88375854492188,129.88377380371094,129.89979553222656,129.90603637695312,129.93516540527344,129.8837432861328,130.0142364501953,129.88372802734375,129.8988800048828,129.8988494873047,129.88372802734375,129.88372802734375,129.94305419921875,130.00804138183594,129.93260192871094,130.05715942382812,129.88380432128906,129.8962860107422,129.9034423828125,129.91290283203125,130.0017852783203,129.97312927246094,129.9129180908203,129.9132843017578,129.88377380371094,129.8979949951172,129.88375854492188,130.0072021484375,129.89889526367188,130.65174865722656,130.24671936035156,130.0968780517578,129.92613220214844,129.91970825195312,163.592529296875,129.88372802734375,129.88381958007812,129.88375854492188,130.05101013183594,129.88372802734375,129.8988800048828,130.00669860839844,129.9325408935547,130.0043182373047,129.91964721679688,129.89886474609375,129.93551635742188,129.9621124267578,129.89955139160156,129.9129180908203,130.0572052001953,129.88377380371094,129.8837432861328,129.9894256591797,129.8837432861328,129.9907684326172,129.91297912597656,129.9527587890625,130.01043701171875,130.03759765625,129.8988494873047,129.90277099609375,130.01560974121094,130.0571746826172,129.9439697265625,129.97314453125,129.88372802734375,129.89524841308594
266,129.99156188964844,129.92617797851562,129.93862915039062,130.00425720214844,129.93359375,129.88380432128906,129.9620361328125,129.93826293945312,130.1045379638672,129.96759033203125,129.8837432861328,129.8838653564453,129.89979553222656,129.92776489257812,130.0624237060547,129.97314453125,129.9261474609375,129.8915557861328,129.913330078125,129.9036102294922,129.8837432861328,130.0150146484375,129.9244842529297,129.95167541503906,129.89520263671875,130.10971069335938,129.88377380371094,129.9025421142578,129.894287109375,129.93605041503906,129.901611328125,130.27845764160156,129.88375854492188,129.88377380371094,129.89979553222656,129.90603637695312,129.93516540527344,129.8837432861328,130.01429748535156,129.88372802734375,129.8988800048828,129.8988494873047,129.88372802734375,129.88372802734375,129.94305419921875,130.00802612304688,129.93260192871094,130.05715942382812,129.88380432128906,129.8962860107422,129.90342712402344,129.91290283203125,130.0017852783203,129.97312927246094,129.9129180908203,129.91319274902344,129.88377380371094,129.8979949951172,129.88375854492188,130.0072021484375,129.8988800048828,130.65174865722656,130.24671936035156,130.0968780517578,129.92613220214844,129.91970825195312,162.42466735839844,129.88372802734375,129.88381958007812,129.88375854492188,130.05105590820312,129.88372802734375,129.8988800048828,130.00669860839844,129.9324951171875,130.0043182373047,129.91964721679688,129.89892578125,129.93551635742188,129.9620819091797,129.89955139160156,129.9129180908203,130.05718994140625,129.88377380371094,129.88377380371094,129.9894256591797,129.8837432861328,129.99073791503906,129.9129638671875,129.95277404785156,130.01043701171875,130.03762817382812,129.8988494873047,129.90277099609375,130.01560974121094,130.0571746826172,129.9439697265625,129.97314453125,129.88372802734375,129.89524841308594
267,129.99156188964844,129.92617797851562,129.93862915039062,130.00424194335938,129.93359375,129.88380432128906,129.9620361328125,129.93829345703125,130.1045379638672,129.96759033203125,129.8837432861328,129.8838653564453,129.89976501464844,129.92774963378906,130.0624237060547,129.97314453125,129.9261474609375,129.8915557861328,129.913330078125,129.9036102294922,129.8837432861328,130.0150146484375,129.9244842529297,129.95167541503906,129.89520263671875,130.10971069335938,129.88375854492188,129.90252685546875,129.894287109375,129.93605041503906,129.901611328125,130.27845764160156,129.88375854492188,129.88377380371094,129.89979553222656,129.90603637695312,129.93516540527344,129.8837432861328,130.0142822265625,129.88372802734375,129.8988800048828,129.8988494873047,129.88372802734375,129.88372802734375,129.94305419921875,130.0080108642578,129.93260192871094,130.05715942382812,129.8837890625,129.8962860107422,129.90342712402344,129.91290283203125,130.00180053710938,129.97312927246094,129.9129180908203,129.9131622314453,129.88377380371094,129.8979949951172,129.88375854492188,130.0072021484375,129.8988800048828,130.65174865722656,130.24671936035156,130.0968780517578,129.92613220214844,129.91970825195312,160.9557647705078,129.88372802734375,129.8837890625,129.88375854492188,130.051025390625,129.88372802734375,129.8988800048828,130.00669860839844,129.93251037597656,130.0043182373047,129.91964721679688,129.89892578125,129.93551635742188,129.96202087402344,129.89955139160156,129.9129180908203,130.0572052001953,129.88375854492188,129.88377380371094,129.9894256591797,129.8837432861328,129.99072265625,129.91294860839844,129.95272827148438,130.0104217529297,130.03762817382812,129.8988494873047,129.9027557373047,130.01560974121094,130.0571746826172,129.9439697265625,129.97314453125,129.88372802734375,129.8952178955078
268,129.99156188964844,129.92617797851562,129.93862915039062,130.00424194335938,129.93359375,129.88380432128906,129.9620361328125,129.93829345703125,130.1045379638672,129.96759033203125,129.8837432861328,129.8838653564453,129.89979553222656,129.92776489257812,130.0624237060547,129.97314453125,129.9261474609375,129.8915557861328,129.913330078125,129.9036102294922,129.8837432861328,130.0150146484375,129.9244842529297,129.95167541503906,129.89520263671875,130.10971069335938,129.8837890625,129.9025421142578,129.894287109375,129.93605041503906,129.901611328125,130.27845764160156,129.88375854492188,129.88377380371094,129.89979553222656,129.90603637695312,129.93516540527344,129.8837432861328,130.01426696777344,129.88372802734375,129.8988800048828,129.8988494873047,129.88372802734375,129.88372802734375,129.94305419921875,130.00802612304688,129.93260192871094,130.05715942382812,129.88380432128906,129.8962860107422,129.90341186523438,129.91290283203125,130.00180053710938,129.97312927246094,129.9129180908203,129.9131622314453,129.88377380371094,129.8979949951172,129.88375854492188,130.0072021484375,129.8988800048828,130.65174865722656,130.24671936035156,130.0968780517578,129.92613220214844,129.91970825195312,166.15391540527344,129.88372802734375,129.88381958007812,129.88375854492188,130.0511016845703,129.88372802734375,129.8988800048828,130.00669860839844,129.9324951171875,130.0043182373047,129.91964721679688,129.89892578125,129.93551635742188,129.96202087402344,129.89955139160156,129.9129180908203,130.0572052001953,129.88377380371094,129.88377380371094,129.9894256591797,129.8837432861328,129.99072265625,129.91297912597656,129.95274353027344,130.01039123535156,130.03759765625,129.8988494873047,129.90277099609375,130.01560974121094,130.0571746826172,129.9439697265625,129.97314453125,129.88372802734375,129.89520263671875
269,129.99156188964844,129.92617797851562,129.93862915039062,130.00424194335938,129.93359375,129.88380432128906,129.9620361328125,129.93829345703125,130.1045379638672,129.96759033203125,129.8837432861328,129.8838653564453,129.8997802734375,129.92771911621094,130.0624237060547,129.97314453125,129.9261474609375,129.8915557861328,129.913330078125,129.9036102294922,129.8837432861328,130.0150146484375,129.9244842529297,129.95167541503906,129.89520263671875,130.10971069335938,129.88375854492188,129.9025421142578,129.894287109375,129.93605041503906,129.901611328125,130.27845764160156,129.88375854492188,129.88377380371094,129.89979553222656,129.90603637695312,129.93516540527344,129.8837432861328,130.01426696777344,129.88372802734375,129.8988800048828,129.8988494873047,129.88372802734375,129.88372802734375,129.94305419921875,130.00802612304688,129.93260192871094,130.05715942382812,129.88380432128906,129.8962860107422,129.90345764160156,129.91290283203125,130.0017852783203,129.97312927246094,129.9129180908203,129.91317749023438,129.88377380371094,129.8979949951172,129.88375854492188,130.0072021484375,129.8988800048828,130.65174865722656,130.24671936035156,130.0968780517578,129.92613220214844,129.91970825195312,162.8749237060547,129.88372802734375,129.8837890625,129.88375854492188,130.05101013183594,129.88372802734375,129.89889526367188,130.00669860839844,129.93251037597656,130.0043182373047,129.91964721679688,129.89892578125,129.93551635742188,129.96202087402344,129.89955139160156,129.9129180908203,130.0572052001953,129.88375854492188,129.88377380371094,129.9894256591797,129.8837432861328,129.99078369140625,129.91297912597656,129.95274353027344,130.01040649414062,130.03762817382812,129.8988494873047,129.90277099609375,130.01560974121094,130.0571746826172,129.9439697265625,129.97314453125,129.88372802734375,129.8952178955078
270,129.99156188964844,129.92617797851562,129.93862915039062,130.00424194335938,129.93359375,129.88380432128906,129.9620361328125,129.9383087158203,130.1045379638672,129.96759033203125,129.8837432861328,129.8838653564453,129.89981079101562,129.92776489257812,130.0624237060547,129.97314453125,129.9261474609375,129.8915557861328,129.913330078125,129.9036102294922,129.8837432861328,130.0150146484375,129.9244842529297,129.95167541503906,129.89520263671875,130.10971069335938,129.88375854492188,129.9025421142578,129.894287109375,129.93605041503906,129.901611328125,130.27845764160156,129.88375854492188,129.88377380371094,129.89979553222656,129.90603637695312,129.93516540527344,129.8837432861328,130.01425170898438,129.88372802734375,129.8988800048828,129.8988494873047,129.88372802734375,129.88372802734375,129.94305419921875,130.00814819335938,129.93260192871094,130.05715942382812,129.8837890625,129.8962860107422,129.90341186523438,129.91290283203125,130.00180053710938,129.97312927246094,129.9129180908203,129.91311645507812,129.88377380371094,129.8979949951172,129.88375854492188,130.0072021484375,129.8988800048828,130.65174865722656,130.24671936035156,130.0968780517578,129.92613220214844,129.91970825195312,158.40966796875,129.88372802734375,129.88380432128906,129.88375854492188,130.05108642578125,129.88372802734375,129.89889526367188,130.00669860839844,129.93251037597656,130.0043182373047,129.91964721679688,129.89892578125,129.93551635742188,129.96202087402344,129.89955139160156,129.9129180908203,130.05715942382812,129.8837432861328,129.88377380371094,129.9894256591797,129.8837432861328,129.99072265625,129.91294860839844,129.95274353027344,130.01039123535156,130.03759765625,129.8988494873047,129.90277099609375,130.01560974121094,130.0571746826172,129.9439697265625,129.97314453125,129.88372802734375,129.8951873779297
271,129.99156188964844,129.92617797851562,129.93862915039062,130.00424194335938,129.93359375,129.88380432128906,129.9620361328125,129.9383087158203,130.1045379638672,129.96759033203125,129.8837432861328,129.8838653564453,129.89979553222656,129.9277801513672,130.0624237060547,129.97314453125,129.9261474609375,129.8915557861328,129.913330078125,129.9036102294922,129.8837432861328,130.0150146484375,129.9244842529297,129.95167541503906,129.89520263671875,130.10971069335938,129.88372802734375,129.90252685546875,129.894287109375,129.93605041503906,129.901611328125,130.27845764160156,129.88375854492188,129.88377380371094,129.89979553222656,129.90603637695312,129.93516540527344,129.8837432861328,130.01425170898438,129.88372802734375,129.8988800048828,129.8988494873047,129.88372802734375,129.88372802734375,129.94305419921875,130.00804138183594,129.93260192871094,130.05715942382812,129.88380432128906,129.8962860107422,129.90342712402344,129.91290283203125,130.00173950195312,129.97312927246094,129.9129180908203,129.91310119628906,129.88377380371094,129.8979949951172,129.88375854492188,130.0072021484375,129.89886474609375,130.65174865722656,130.24671936035156,130.0968780517578,129.92613220214844,129.91970825195312,165.02561950683594,129.88372802734375,129.88380432128906,129.88375854492188,130.051025390625,129.88372802734375,129.89889526367188,130.00669860839844,129.93252563476562,130.0043182373047,129.91964721679688,129.89892578125,129.93551635742188,129.96202087402344,129.89955139160156,129.9129180908203,130.05715942382812,129.88377380371094,129.88377380371094,129.9894256591797,129.8837432861328,129.99078369140625,129.91297912597656,129.95274353027344,130.01036071777344,130.03762817382812,129.8988494873047,129.90277099609375,130.01560974121094,130.0571746826172,129.9439697265625,129.97314453125,129.88372802734375,129.8951873779297
272,129.99156188964844,129.92617797851562,129.93862915039062,130.00424194335938,129.93359375,129.88380432128906,129.9620361328125,129.9382781982422,130.1045379638672,129.96759033203125,129.8837432861328,129.8838653564453,129.8998260498047,129.9277801513672,130.0624237060547,129.97314453125,129.9261474609375,129.8915557861328,129.913330078125,129.9036102294922,129.8837432861328,130.0150146484375,129.9244842529297,129.95167541503906,129.89520263671875,130.10971069335938,129.88372802734375,129.9025421142578,129.894287109375,129.93605041503906,129.901611328125,130.27845764160156,129.88375854492188,129.88377380371094,129.89979553222656,129.90603637695312,129.93516540527344,129.8837432861328,130.01426696777344,129.88372802734375,129.8988800048828,129.8988494873047,129.88372802734375,129.88372802734375,129.94305419921875,130.00799560546875,129.93260192871094,130.05715942382812,129.88380432128906,129.8962860107422,129.90342712402344,129.91290283203125,130.0017547607422,129.97312927246094,129.9129180908203,129.91314697265625,129.88377380371094,129.8979949951172,129.88375854492188,130.0072021484375,129.89889526367188,130.65174865722656,130.24671936035156,130.0968780517578,129.92613220214844,129.91970825195312,166.26763916015625,129.88372802734375,129.88380432128906,129.88375854492188,130.05104064941406,129.88372802734375,129.8988800048828,130.00669860839844,129.93252563476562,130.0043182373047,129.91964721679688,129.89892578125,129.93551635742188,129.96202087402344,129.89955139160156,129.9129180908203,130.05715942382812,129.8837432861328,129.88377380371094,129.9894256591797,129.8837432861328,129.99072265625,129.91297912597656,129.95274353027344,130.01039123535156,130.03759765625,129.8988494873047,129.90277099609375,130.01560974121094,130.0571746826172,129.9439697265625,129.97314453125,129.88372802734375,129.8951873779297
273,129.99156188964844,129.92617797851562,129.93862915039062,130.00424194335938,129.93359375,129.88380432128906,129.9620361328125,129.9382781982422,130.1045379638672,129.96759033203125,129.8837432861328,129.8838653564453,129.89976501464844,129.92774963378906,130.0624237060547,129.97314453125,129.9261474609375,129.8915557861328,129.913330078125,129.9036102294922,129.8837432861328,130.0150146484375,129.9244842529297,129.95167541503906,129.89520263671875,130.10971069335938,129.88375854492188,129.9025421142578,129.894287109375,129.93605041503906,129.901611328125,130.27845764160156,129.88375854492188,129.88377380371094,129.89979553222656,129.90603637695312,129.93516540527344,129.8837432861328,130.0142822265625,129.88372802734375,129.8988800048828,129.8988494873047,129.88372802734375,129.88372802734375,129.94305419921875,130.00799560546875,129.93260192871094,130.05715942382812,129.8837890625,129.8962860107422,129.90345764160156,129.91290283203125,130.0017852783203,129.97312927246094,129.9129180908203,129.91310119628906,129.88377380371094,129.8979949951172,129.88375854492188,130.0072021484375,129.8988800048828,130.65174865722656,130.24671936035156,130.0968780517578,129.92613220214844,129.91970825195312,162.3879852294922,129.88372802734375,129.88381958007812,129.88375854492188,130.05099487304688,129.88372802734375,129.89889526367188,130.00669860839844,129.9324951171875,130.0043182373047,129.91964721679688,129.89892578125,129.93551635742188,129.96202087402344,129.89955139160156,129.9129180908203,130.05715942382812,129.88375854492188,129.88377380371094,129.9894256591797,129.8837432861328,129.99073791503906,129.91297912597656,129.95274353027344,130.01036071777344,130.03759765625,129.8988494873047,129.9027557373047,130.01560974121094,130.0571746826172,129.9439697265625,129.97314453125,129.88372802734375,129.8951873779297
274,129.99156188964844,129.92617797851562,129.93862915039062,130.00424194335938,129.93359375,129.88380432128906,129.9620361328125,129.93829345703125,130.1045379638672,129.96759033203125,129.8837432861328,129.8838653564453,129.89979553222656,129.92776489257812,130.0624237060547,129.97314453125,129.9261474609375,129.8915557861328,129.913330078125,129.9036102294922,129.8837432861328,130.0150146484375,129.9244842529297,129.95167541503906,129.89520263671875,130.10971069335938,129.88377380371094,129.90252685546875,129.894287109375,129.93605041503906,129.901611328125,130.27845764160156,129.88375854492188,129.88377380371094,129.89979553222656,129.90603637695312,129.93516540527344,129.8837432861328,130.0142822265625,129.88372802734375,129.8988800048828,129.8988494873047,129.88372802734375,129.88372802734375,129.94305419921875,130.0080108642578,129.93260192871094,130.05715942382812,129.88377380371094,129.8962860107422,129.90342712402344,129.91290283203125,130.0017547607422,129.97312927246094,129.9129180908203,129.91307067871094,129.88377380371094,129.8979949951172,129.88375854492188,130.0072021484375,129.8988800048828,130.65174865722656,130.24671936035156,130.0968780517578,129.92613220214844,129.91970825195312,159.4272918701172,129.88372802734375,129.8837890625,129.88375854492188,130.05099487304688,129.88372802734375,129.8988800048828,130.00669860839844,129.9324951171875,130.0043182373047,129.91964721679688,129.89892578125,129.93551635742188,129.96202087402344,129.89955139160156,129.9129180908203,130.05715942382812,129.8837432861328,129.88377380371094,129.9894256591797,129.8837432861328,129.99073791503906,129.9129638671875,129.95274353027344,130.01036071777344,130.03759765625,129.8988494873047,129.90277099609375,130.01560974121094,130.0571746826172,129.9439697265625,129.97314453125,129.88372802734375,129.8951873779297
275,129.99156188964844,129.92617797851562,129.93862915039062,130.00424194335938,129.93359375,129.88380432128906,129.9620361328125,129.9382781982422,130.1045379638672,129.96759033203125,129.8837432861328,129.8838653564453,129.89979553222656,129.92776489257812,130.0624237060547,129.97314453125,129.9261474609375,129.8915557861328,129.913330078125,129.9036102294922,129.8837432861328,130.0150146484375,129.9244842529297,129.95167541503906,129.89520263671875,130.10971069335938,129.88375854492188,129.9025421142578,129.894287109375,129.93605041503906,129.901611328125,130.27845764160156,129.88375854492188,129.88377380371094,129.89979553222656,129.90603637695312,129.93516540527344,129.8837432861328,130.01426696777344,129.88372802734375,129.8988800048828,129.8988494873047,129.88372802734375,129.88372802734375,129.94305419921875,130.0080108642578,129.93260192871094,130.05715942382812,129.88377380371094,129.8962860107422,129.90341186523438,129.91290283203125,130.00173950195312,129.97312927246094,129.9129180908203,129.9130401611328,129.88377380371094,129.8979949951172,129.88375854492188,130.0072021484375,129.89886474609375,130.65174865722656,130.24671936035156,130.0968780517578,129.92613220214844,129.91970825195312,158.39793395996094,129.88372802734375,129.88380432128906,129.88375854492188,130.05101013183594,129.88372802734375,129.8988800048828,130.00669860839844,129.93247985839844,130.0043182373047,129.91964721679688,129.89892578125,129.93551635742188,129.96202087402344,129.89955139160156,129.9129180908203,130.05715942382812,129.88375854492188,129.88377380371094,129.9894256591797,129.8837432861328,129.99073791503906,129.91294860839844,129.95274353027344,130.01036071777344,130.03759765625,129.8988494873047,129.90277099609375,130.01560974121094,130.0571746826172,129.9439697265625,129.97314453125,129.88372802734375,129.8951873779297
276,129.99156188964844,129.92617797851562,129.93862915039062,130.00424194335938,129.93359375,129.88380432128906,129.9620361328125,129.9382781982422,130.1045379638672,129.96759033203125,129.8837432861328,129.8838653564453,129.89979553222656,129.9277801513672,130.0624237060547,129.97314453125,129.9261474609375,129.8915557861328,129.913330078125,129.9036102294922,129.8837432861328,130.0150146484375,129.9244842529297,129.95167541503906,129.89520263671875,130.10971069335938,129.88375854492188,129.9025421142578,129.894287109375,129.93605041503906,129.901611328125,130.27845764160156,129.88375854492188,129.88377380371094,129.89979553222656,129.90603637695312,129.93516540527344,129.8837432861328,130.01426696777344,129.88372802734375,129.8988800048828,129.8988494873047,129.88372802734375,129.88372802734375,129.94305419921875,130.00804138183594,129.93260192871094,130.05715942382812,129.8837890625,129.8962860107422,129.90342712402344,129.91290283203125,130.0017547607422,129.97312927246094,129.9129180908203,129.91302490234375,129.88377380371094,129.8979949951172,129.88375854492188,130.0072021484375,129.8988800048828,130.65174865722656,130.24671936035156,130.0968780517578,129.92613220214844,129.91970825195312,163.126708984375,129.88372802734375,129.88380432128906,129.88375854492188,130.0509796142578,129.88372802734375,129.8988800048828,130.00669860839844,129.93247985839844,130.0043182373047,129.91964721679688,129.89892578125,129.93551635742188,129.96202087402344,129.89955139160156,129.9129180908203,130.05715942382812,129.8837432861328,129.88377380371094,129.9894256591797,129.8837432861328,129.99072265625,129.9129638671875,129.95274353027344,130.01036071777344,130.03759765625,129.8988494873047,129.90277099609375,130.01560974121094,130.0571746826172,129.9439697265625,129.97314453125,129.88372802734375,129.8951873779297
277,129.99156188964844,129.92617797851562,129.93862915039062,130.00424194335938,129.93359375,129.88380432128906,129.9620361328125,129.9382781982422,130.1045379638672,129.96759033203125,129.8837432861328,129.8838653564453,129.89979553222656,129.92770385742188,130.0624237060547,129.97314453125,129.9261474609375,129.8915557861328,129.913330078125,129.9036102294922,129.8837432861328,130.0150146484375,129.9244842529297,129.95167541503906,129.89520263671875,130.10971069335938,129.88375854492188,129.90252685546875,129.894287109375,129.93605041503906,129.901611328125,130.27845764160156,129.88375854492188,129.88377380371094,129.89979553222656,129.90603637695312,129.93516540527344,129.8837432861328,130.01426696777344,129.88372802734375,129.8988800048828,129.8988494873047,129.88372802734375,129.88372802734375,129.94305419921875,130.00799560546875,129.93260192871094,130.05715942382812,129.88380432128906,129.8962860107422,129.90342712402344,129.91290283203125,130.0017547607422,129.97312927246094,129.9129180908203,129.9130401611328,129.88377380371094,129.8979949951172,129.88375854492188,130.0072021484375,129.89889526367188,130.65174865722656,130.24671936035156,130.0968780517578,129.92613220214844,129.91970825195312,170.293701171875,129.88372802734375,129.8838348388672,129.88375854492188,130.0509796142578,129.88372802734375,129.8988800048828,130.00669860839844,129.9324951171875,130.0043182373047,129.91964721679688,129.89891052246094,129.93551635742188,129.96202087402344,129.89955139160156,129.9129180908203,130.05715942382812,129.88375854492188,129.88377380371094,129.9894256591797,129.8837432861328,129.99075317382812,129.9129638671875,129.95274353027344,130.01036071777344,130.03759765625,129.8988494873047,129.90277099609375,130.01560974121094,130.0571746826172,129.9439697265625,129.97314453125,129.88372802734375,129.8951873779297
278,129.99156188964844,129.92617797851562,129.93862915039062,130.00424194335938,129.93359375,129.88380432128906,129.9620361328125,129.938232421875,130.1045379638672,129.96759033203125,129.8837432861328,129.8838653564453,129.89979553222656,129.9276885986328,130.0624237060547,129.97314453125,129.9261474609375,129.8915557861328,129.913330078125,129.9036102294922,129.8837432861328,130.0150146484375,129.9244842529297,129.95167541503906,129.89520263671875,130.10971069335938,129.88375854492188,129.9025421142578,129.894287109375,129.93605041503906,129.901611328125,130.27845764160156,129.88375854492188,129.88377380371094,129.89979553222656,129.90603637695312,129.93516540527344,129.8837432861328,130.01426696777344,129.88372802734375,129.8988800048828,129.8988494873047,129.88372802734375,129.88372802734375,129.94305419921875,130.00799560546875,129.93260192871094,130.05715942382812,129.88375854492188,129.8962860107422,129.90342712402344,129.91290283203125,130.00177001953125,129.97312927246094,129.9129180908203,129.91302490234375,129.88377380371094,129.8979949951172,129.88375854492188,130.0072021484375,129.8988800048828,130.65174865722656,130.24671936035156,130.0968780517578,129.92613220214844,129.91970825195312,158.7779998779297,129.88372802734375,129.88381958007812,129.88375854492188,130.0509796142578,129.88372802734375,129.8988800048828,130.00669860839844,129.9324951171875,130.0043182373047,129.91964721679688,129.89891052246094,129.93551635742188,129.96202087402344,129.89955139160156,129.9129180908203,130.05715942382812,129.88375854492188,129.88377380371094,129.9894256591797,129.8837432861328,129.99073791503906,129.91293334960938,129.95274353027344,130.01036071777344,130.03759765625,129.8988494873047,129.90277099609375,130.01560974121094,130.0571746826172,129.9439697265625,129.97314453125,129.88372802734375,129.8951873779297
279,129.99156188964844,129.92617797851562,129.93862915039062,130.00424194335938,129.93359375,129.88380432128906,129.9620361328125,129.9383087158203,130.1045379638672,129.96759033203125,129.8837432861328,129.8838653564453,129.89979553222656,129.9276885986328,130.0624237060547,129.97314453125,129.9261474609375,129.8915557861328,129.913330078125,129.9036102294922,129.8837432861328,130.0150146484375,129.9244842529297,129.95167541503906,129.89520263671875,130.10971069335938,129.88375854492188,129.90252685546875,129.894287109375,129.93605041503906,129.901611328125,130.27845764160156,129.88375854492188,129.88377380371094,129.89979553222656,129.90603637695312,129.93516540527344,129.8837432861328,130.0142059326172,129.88372802734375,129.8988800048828,129.8988494873047,129.88372802734375,129.88372802734375,129.94305419921875,130.0079803466797,129.93260192871094,130.05715942382812,129.88377380371094,129.8962860107422,129.90342712402344,129.91290283203125,130.0017852783203,129.97312927246094,129.9129180908203,129.91299438476562,129.88377380371094,129.8979949951172,129.88375854492188,130.0072021484375,129.8988494873047,130.65174865722656,130.24671936035156,130.0968780517578,129.92613220214844,129.91970825195312,164.375244140625,129.88372802734375,129.8837890625,129.88375854492188,130.05096435546875,129.88372802734375,129.8988800048828,130.00669860839844,129.93251037597656,130.0043182373047,129.91964721679688,129.89891052246094,129.93551635742188,129.96202087402344,129.89955139160156,129.9129180908203,130.05715942382812,129.88377380371094,129.88377380371094,129.9894256591797,129.8837432861328,129.99072265625,129.9129638671875,129.95274353027344,130.01036071777344,130.03759765625,129.8988494873047,129.90277099609375,130.01560974121094,130.0571746826172,129.9439697265625,129.97314453125,129.88372802734375,129.8951873779297
280,129.99156188964844,129.92617797851562,129.93862915039062,130.00424194335938,129.93359375,129.88380432128906,129.9620361328125,129.9382781982422,130.1045379638672,129.96759033203125,129.8837432861328,129.8838653564453,129.89979553222656,129.9276885986328,130.0624237060547,129.97314453125,129.9261474609375,129.8915557861328,129.913330078125,129.9036102294922,129.8837432861328,130.0150146484375,129.9244842529297,129.95167541503906,129.89520263671875,130.10971069335938,129.88375854492188,129.9025421142578,129.894287109375,129.93605041503906,129.901611328125,130.27845764160156,129.88375854492188,129.88377380371094,129.89979553222656,129.90603637695312,129.93516540527344,129.8837432861328,130.01426696777344,129.88372802734375,129.8988800048828,129.8988494873047,129.88372802734375,129.88372802734375,129.94305419921875,130.0079803466797,129.93260192871094,130.05715942382812,129.88380432128906,129.8962860107422,129.90341186523438,129.91290283203125,130.0017547607422,129.97312927246094,129.9129180908203,129.91302490234375,129.88377380371094,129.8979949951172,129.88375854492188,130.0072021484375,129.8988494873047,130.65174865722656,130.24671936035156,130.0968780517578,129.92613220214844,129.91970825195312,162.68435668945312,129.88372802734375,129.88380432128906,129.88375854492188,130.05096435546875,129.88372802734375,129.8988800048828,130.00669860839844,129.93247985839844,130.0043182373047,129.91964721679688,129.89891052246094,129.93551635742188,129.96202087402344,129.89955139160156,129.9129180908203,130.05715942382812,129.88377380371094,129.88377380371094,129.9894256591797,129.8837432861328,129.99075317382812,129.9129638671875,129.95274353027344,130.01036071777344,130.03759765625,129.8988494873047,129.90277099609375,130.01560974121094,130.0571746826172,129.9439697265625,129.97314453125,129.88372802734375,129.8951873779297
281,129.99156188964844,129.92617797851562,129.93862915039062,130.00424194335938,129.93359375,129.88380432128906,129.9620361328125,129.93829345703125,130.1045379638672,129.96759033203125,129.8837432861328,129.8838653564453,129.89979553222656,129.9276885986328,130.0624237060547,129.97314453125,129.9261474609375,129.8915557861328,129.913330078125,129.9036102294922,129.8837432861328,130.0150146484375,129.9244842529297,129.95167541503906,129.89520263671875,130.10971069335938,129.88375854492188,129.90255737304688,129.894287109375,129.93605041503906,129.901611328125,130.27845764160156,129.88375854492188,129.88377380371094,129.89979553222656,129.90603637695312,129.93516540527344,129.8837432861328,130.01419067382812,129.88372802734375,129.8988800048828,129.8988494873047,129.88372802734375,129.88372802734375,129.94305419921875,130.00799560546875,129.93260192871094,130.05715942382812,129.88380432128906,129.8962860107422,129.90342712402344,129.91290283203125,130.0017547607422,129.97312927246094,129.9129180908203,129.9130401611328,129.88377380371094,129.8979949951172,129.88375854492188,130.0072021484375,129.8988494873047,130.65174865722656,130.24671936035156,130.0968780517578,129.92613220214844,129.91970825195312,163.18789672851562,129.88372802734375,129.88381958007812,129.88375854492188,130.05096435546875,129.88372802734375,129.8988800048828,130.00669860839844,129.93246459960938,130.0043182373047,129.91964721679688,129.89891052246094,129.93551635742188,129.96202087402344,129.89955139160156,129.9129180908203,130.05715942382812,129.88375854492188,129.88377380371094,129.9894256591797,129.8837432861328,129.99073791503906,129.91293334960938,129.95274353027344,130.01036071777344,130.03759765625,129.8988494873047,129.9027557373047,130.01560974121094,130.0571746826172,129.9439697265625,129.97314453125,129.88372802734375,129.8951873779297
282,129.99156188964844,129.92617797851562,129.93862915039062,130.00424194335938,129.93359375,129.88380432128906,129.9620361328125,129.93826293945312,130.1045379638672,129.96759033203125,129.8837432861328,129.8838653564453,129.89979553222656,129.9276885986328,130.0624237060547,129.97314453125,129.9261474609375,129.8915557861328,129.913330078125,129.9036102294922,129.8837432861328,130.0150146484375,129.9244842529297,129.95167541503906,129.89520263671875,130.10971069335938,129.88375854492188,129.90248107910156,129.894287109375,129.93605041503906,129.901611328125,130.27845764160156,129.88375854492188,129.88377380371094,129.89979553222656,129.90603637695312,129.93516540527344,129.8837432861328,130.01419067382812,129.88372802734375,129.8988800048828,129.8988494873047,129.88372802734375,129.88372802734375,129.94305419921875,130.0079803466797,129.93260192871094,130.05715942382812,129.88375854492188,129.8962860107422,129.90341186523438,129.91290283203125,130.0017547607422,129.97312927246094,129.9129180908203,129.91299438476562,129.88377380371094,129.8979949951172,129.88375854492188,130.0072021484375,129.8988494873047,130.65174865722656,130.24671936035156,130.0968780517578,129.92613220214844,129.91970825195312,162.20477294921875,129.88372802734375,129.88380432128906,129.88375854492188,130.05096435546875,129.88372802734375,129.8988800048828,130.00669860839844,129.93246459960938,130.0043182373047,129.91964721679688,129.89891052246094,129.93551635742188,129.96202087402344,129.89955139160156,129.9129180908203,130.05715942382812,129.88375854492188,129.88377380371094,129.9894256591797,129.8837432861328,129.99075317382812,129.91294860839844,129.95274353027344,130.01036071777344,130.03759765625,129.8988494873047,129.90277099609375,130.01560974121094,130.0571746826172,129.9439697265625,129.97314453125,129.88372802734375,129.8951873779297
283,129.99156188964844,129.92617797851562,129.93862915039062,130.0041961669922,129.93359375,129.88380432128906,129.9620361328125,129.938232421875,130.1045379638672,129.96759033203125,129.8837432861328,129.8838653564453,129.89979553222656,129.9276885986328,130.0624237060547,129.97314453125,129.9261474609375,129.8915557861328,129.913330078125,129.9036102294922,129.8837432861328,130.0150146484375,129.9244842529297,129.95167541503906,129.89520263671875,130.10971069335938,129.88375854492188,129.90252685546875,129.894287109375,129.93605041503906,129.901611328125,130.27845764160156,129.88375854492188,129.88377380371094,129.89979553222656,129.90603637695312,129.93516540527344,129.8837432861328,130.01426696777344,129.88372802734375,129.8988800048828,129.8988494873047,129.88372802734375,129.88372802734375,129.94305419921875,130.0079803466797,129.93260192871094,130.05715942382812,129.8837890625,129.8962860107422,129.90342712402344,129.91290283203125,130.0017547607422,129.97312927246094,129.9129180908203,129.9130096435547,129.88377380371094,129.8979949951172,129.88375854492188,130.0072021484375,129.8988494873047,130.65174865722656,130.24671936035156,130.0968780517578,129.92613220214844,129.91970825195312,156.7787628173828,129.88372802734375,129.88380432128906,129.88375854492188,130.05096435546875,129.88372802734375,129.8988800048828,130.00669860839844,129.93246459960938,130.0043182373047,129.91964721679688,129.89891052246094,129.93551635742188,129.96202087402344,129.89955139160156,129.9129180908203,130.05715942382812,129.88375854492188,129.88377380371094,129.9894256591797,129.8837432861328,129.99075317382812,129.91294860839844,129.95274353027344,130.01036071777344,130.03759765625,129.8988494873047,129.90274047851562,130.01560974121094,130.0571746826172,129.9439697265625,129.97314453125,129.88372802734375,129.8951873779297
284,129.99156188964844,129.92617797851562,129.93862915039062,130.0041961669922,129.93359375,129.88380432128906,129.9620361328125,129.938232421875,130.1045379638672,129.96759033203125,129.8837432861328,129.8838653564453,129.89979553222656,129.9276885986328,130.0624237060547,129.97314453125,129.9261474609375,129.8915557861328,129.913330078125,129.9036102294922,129.8837432861328,130.0150146484375,129.9244842529297,129.95167541503906,129.89520263671875,130.10971069335938,129.88375854492188,129.9025115966797,129.894287109375,129.93605041503906,129.901611328125,130.27845764160156,129.88375854492188,129.88377380371094,129.89979553222656,129.90603637695312,129.93516540527344,129.8837432861328,130.01426696777344,129.88372802734375,129.8988800048828,129.8988494873047,129.88372802734375,129.88372802734375,129.94305419921875,130.0080108642578,129.93260192871094,130.05715942382812,129.8837890625,129.8962860107422,129.90342712402344,129.91290283203125,130.0017852783203,129.97312927246094,129.9129180908203,129.9130401611328,129.88377380371094,129.8979949951172,129.88375854492188,130.0072021484375,129.8988494873047,130.65174865722656,130.24671936035156,130.0968780517578,129.92613220214844,129.91970825195312,159.61476135253906,129.88372802734375,129.8837890625,129.88375854492188,130.05096435546875,129.88372802734375,129.8988800048828,130.00669860839844,129.9324493408203,130.0043182373047,129.91964721679688,129.89891052246094,129.93551635742188,129.96202087402344,129.89955139160156,129.9129180908203,130.05715942382812,129.88377380371094,129.88377380371094,129.9894256591797,129.8837432861328,129.99075317382812,129.9129638671875,129.95274353027344,130.01036071777344,130.03759765625,129.8988494873047,129.90274047851562,130.01560974121094,130.0571746826172,129.9439697265625,129.97314453125,129.88372802734375,129.8951873779297
285,129.99156188964844,129.92617797851562,129.93862915039062,130.00424194335938,129.93359375,129.88380432128906,129.9620361328125,129.938232421875,130.1045379638672,129.96759033203125,129.8837432861328,129.8838653564453,129.89979553222656,129.9276885986328,130.0624237060547,129.97314453125,129.9261474609375,129.8915557861328,129.913330078125,129.9036102294922,129.8837432861328,130.0150146484375,129.9244842529297,129.95167541503906,129.89520263671875,130.10971069335938,129.88375854492188,129.9025115966797,129.894287109375,129.93605041503906,129.901611328125,130.27845764160156,129.88375854492188,129.88377380371094,129.89979553222656,129.90603637695312,129.93516540527344,129.8837432861328,130.01426696777344,129.88372802734375,129.8988800048828,129.8988494873047,129.88372802734375,129.88372802734375,129.94305419921875,130.0080108642578,129.93260192871094,130.05715942382812,129.88375854492188,129.8962860107422,129.90341186523438,129.91290283203125,130.0017547607422,129.97312927246094,129.9129180908203,129.91299438476562,129.88377380371094,129.8979949951172,129.88375854492188,130.0072021484375,129.8988494873047,130.65174865722656,130.24671936035156,130.0968780517578,129.92613220214844,129.91970825195312,158.52200317382812,129.88372802734375,129.88380432128906,129.88375854492188,130.05096435546875,129.88372802734375,129.8988800048828,130.00669860839844,129.93246459960938,130.0043182373047,129.91964721679688,129.89891052246094,129.93551635742188,129.96202087402344,129.89955139160156,129.9129180908203,130.05715942382812,129.8837432861328,129.88377380371094,129.9894256591797,129.8837432861328,129.99073791503906,129.91293334960938,129.95274353027344,130.01036071777344,130.03759765625,129.8988494873047,129.90277099609375,130.01560974121094,130.0571746826172,129.9439697265625,129.97314453125,129.88372802734375,129.8951873779297
286,129.99156188964844,129.92617797851562,129.93862915039062,130.00424194335938,129.93359375,129.88380432128906,129.9620361328125,129.938232421875,130.1045379638672,129.96759033203125,129.8837432861328,129.8838653564453,129.89979553222656,129.9276885986328,130.0624237060547,129.97314453125,129.9261474609375,129.8915557861328,129.913330078125,129.9036102294922,129.8837432861328,130.0150146484375,129.9244842529297,129.95167541503906,129.89520263671875,130.10971069335938,129.88375854492188,129.9025115966797,129.894287109375,129.93605041503906,129.901611328125,130.27845764160156,129.88375854492188,129.88377380371094,129.89979553222656,129.90603637695312,129.93516540527344,129.8837432861328,130.01426696777344,129.88372802734375,129.8988800048828,129.8988494873047,129.88372802734375,129.88372802734375,129.94305419921875,130.00799560546875,129.93260192871094,130.05715942382812,129.8837890625,129.8962860107422,129.90341186523438,129.91290283203125,130.0017852783203,129.97312927246094,129.9129180908203,129.9130096435547,129.88377380371094,129.8979949951172,129.88375854492188,130.0072021484375,129.8988494873047,130.65174865722656,130.24671936035156,130.0968780517578,129.92613220214844,129.91970825195312,164.04869079589844,129.88372802734375,129.88381958007812,129.88375854492188,130.05096435546875,129.88372802734375,129.8988800048828,130.00669860839844,129.9324951171875,130.0043182373047,129.91964721679688,129.89891052246094,129.93551635742188,129.96202087402344,129.89955139160156,129.9129180908203,130.05715942382812,129.88372802734375,129.88377380371094,129.9894256591797,129.8837432861328,129.99073791503906,129.91294860839844,129.95274353027344,130.01036071777344,130.03759765625,129.8988494873047,129.90274047851562,130.01560974121094,130.0571746826172,129.9439697265625,129.97314453125,129.88372802734375,129.8951873779297
287,129.99156188964844,129.92617797851562,129.93862915039062,130.0041961669922,129.93359375,129.88380432128906,129.9620361328125,129.938232421875,130.1045379638672,129.96759033203125,129.8837432861328,129.8838653564453,129.89979553222656,129.9276885986328,130.0624237060547,129.97314453125,129.9261474609375,129.8915557861328,129.913330078125,129.9036102294922,129.8837432861328,130.0150146484375,129.9244842529297,129.95167541503906,129.89520263671875,130.10971069335938,129.88375854492188,129.9025421142578,129.894287109375,129.93605041503906,129.901611328125,130.27845764160156,129.88375854492188,129.88377380371094,129.89979553222656,129.90603637695312,129.93516540527344,129.8837432861328,130.01426696777344,129.88372802734375,129.8988800048828,129.8988494873047,129.88372802734375,129.88372802734375,129.94305419921875,130.00799560546875,129.93260192871094,130.05715942382812,129.8837432861328,129.8962860107422,129.90341186523438,129.91290283203125,130.0017547607422,129.97312927246094,129.9129180908203,129.91302490234375,129.88377380371094,129.8979949951172,129.88375854492188,130.0072021484375,129.8988494873047,130.65174865722656,130.24671936035156,130.0968780517578,129.92613220214844,129.91970825195312,162.45191955566406,129.88372802734375,129.8837890625,129.88375854492188,130.05096435546875,129.88372802734375,129.8988800048828,130.00669860839844,129.9324493408203,130.0043182373047,129.91964721679688,129.89891052246094,129.93551635742188,129.96202087402344,129.89955139160156,129.9129180908203,130.05715942382812,129.88372802734375,129.88377380371094,129.9894256591797,129.8837432861328,129.99073791503906,129.91293334960938,129.95274353027344,130.01036071777344,130.03759765625,129.8988494873047,129.9027557373047,130.01560974121094,130.0571746826172,129.9439697265625,129.97314453125,129.88372802734375,129.8951873779297
288,129.99156188964844,129.92617797851562,129.93862915039062,130.0042266845703,129.93359375,129.88380432128906,129.9620361328125,129.938232421875,130.1045379638672,129.96759033203125,129.8837432861328,129.8838653564453,129.89979553222656,129.9276885986328,130.0624237060547,129.97314453125,129.9261474609375,129.8915557861328,129.913330078125,129.9036102294922,129.8837432861328,130.0150146484375,129.9244842529297,129.95167541503906,129.89520263671875,130.10971069335938,129.88375854492188,129.9025421142578,129.894287109375,129.93605041503906,129.901611328125,130.27845764160156,129.88375854492188,129.88377380371094,129.89979553222656,129.90603637695312,129.93516540527344,129.8837432861328,130.01426696777344,129.88372802734375,129.8988800048828,129.8988494873047,129.88372802734375,129.88372802734375,129.94305419921875,130.00799560546875,129.93260192871094,130.05715942382812,129.8837890625,129.8962860107422,129.90341186523438,129.91290283203125,130.0017852783203,129.97312927246094,129.9129180908203,129.91297912597656,129.88377380371094,129.8979949951172,129.88375854492188,130.0072021484375,129.8988494873047,130.65174865722656,130.24671936035156,130.0968780517578,129.92613220214844,129.91970825195312,160.05718994140625,129.88372802734375,129.88381958007812,129.88375854492188,130.05096435546875,129.88372802734375,129.8988800048828,130.00669860839844,129.9324493408203,130.0043182373047,129.91964721679688,129.89891052246094,129.93551635742188,129.96202087402344,129.89955139160156,129.9129180908203,130.05715942382812,129.88372802734375,129.88377380371094,129.9894256591797,129.8837432861328,129.99073791503906,129.9129638671875,129.95274353027344,130.01036071777344,130.03759765625,129.8988494873047,129.90272521972656,130.01560974121094,130.0571746826172,129.9439697265625,129.97314453125,129.88372802734375,129.8951873779297
289,129.99156188964844,129.92617797851562,129.93862915039062,130.00418090820312,129.93359375,129.88380432128906,129.9620361328125,129.938232421875,130.1045379638672,129.96759033203125,129.8837432861328,129.8838653564453,129.89979553222656,129.9276885986328,130.0624237060547,129.97314453125,129.9261474609375,129.8915557861328,129.913330078125,129.9036102294922,129.8837432861328,130.0150146484375,129.9244842529297,129.95167541503906,129.89520263671875,130.10971069335938,129.88375854492188,129.90252685546875,129.894287109375,129.93605041503906,129.901611328125,130.27845764160156,129.88375854492188,129.88377380371094,129.89979553222656,129.90603637695312,129.93516540527344,129.8837432861328,130.01426696777344,129.88372802734375,129.8988800048828,129.8988494873047,129.88372802734375,129.88372802734375,129.94305419921875,130.00799560546875,129.93260192871094,130.05715942382812,129.8837890625,129.8962860107422,129.90338134765625,129.91290283203125,130.0017547607422,129.97312927246094,129.9129180908203,129.9130096435547,129.88377380371094,129.8979949951172,129.88375854492188,130.0072021484375,129.8988494873047,130.65174865722656,130.24671936035156,130.0968780517578,129.92613220214844,129.91970825195312,164.93650817871094,129.88372802734375,129.8837890625,129.88375854492188,130.05096435546875,129.88372802734375,129.8988800048828,130.00669860839844,129.9324493408203,130.0043182373047,129.91964721679688,129.89891052246094,129.93551635742188,129.96202087402344,129.89955139160156,129.9129180908203,130.05715942382812,129.88372802734375,129.88377380371094,129.9894256591797,129.8837432861328,129.99075317382812,129.91293334960938,129.95274353027344,130.01036071777344,130.03759765625,129.8988494873047,129.90272521972656,130.01560974121094,130.0571746826172,129.9439697265625,129.97314453125,129.88372802734375,129.8951873779297
290,129.99156188964844,129.92617797851562,129.93862915039062,130.0041961669922,129.93359375,129.88380432128906,129.9620361328125,129.938232421875,130.1045379638672,129.96759033203125,129.8837432861328,129.8838653564453,129.89979553222656,129.9276885986328,130.0624237060547,129.97314453125,129.9261474609375,129.8915557861328,129.913330078125,129.9036102294922,129.8837432861328,130.0150146484375,129.9244842529297,129.95167541503906,129.89520263671875,130.10971069335938,129.88375854492188,129.9025421142578,129.894287109375,129.93605041503906,129.901611328125,130.27845764160156,129.88375854492188,129.88377380371094,129.89979553222656,129.90603637695312,129.93516540527344,129.8837432861328,130.01426696777344,129.88372802734375,129.8988800048828,129.8988494873047,129.88372802734375,129.88372802734375,129.94305419921875,130.00799560546875,129.93260192871094,130.05715942382812,129.8837432861328,129.8962860107422,129.90341186523438,129.91290283203125,130.0017852783203,129.97312927246094,129.9129180908203,129.91299438476562,129.88377380371094,129.8979949951172,129.88375854492188,130.0072021484375,129.8988494873047,130.65174865722656,130.24671936035156,130.096923828125,129.92613220214844,129.91970825195312,161.70822143554688,129.88372802734375,129.8837890625,129.88375854492188,130.05096435546875,129.88372802734375,129.8988800048828,130.00669860839844,129.9324493408203,130.0043182373047,129.91964721679688,129.89891052246094,129.93551635742188,129.96202087402344,129.89955139160156,129.9129180908203,130.05715942382812,129.88372802734375,129.88377380371094,129.9894256591797,129.8837432861328,129.99073791503906,129.91294860839844,129.95274353027344,130.01036071777344,130.03759765625,129.8988494873047,129.90267944335938,130.01560974121094,130.0571746826172,129.9439697265625,129.97314453125,129.88372802734375,129.8951873779297
291,129.99156188964844,129.92617797851562,129.93862915039062,130.0041961669922,129.93359375,129.88380432128906,129.9620361328125,129.938232421875,130.1045379638672,129.96759033203125,129.8837432861328,129.8838653564453,129.89979553222656,129.9276885986328,130.0624237060547,129.97314453125,129.9261474609375,129.8915557861328,129.913330078125,129.9036102294922,129.8837432861328,130.0150146484375,129.9244842529297,129.95167541503906,129.89520263671875,130.10971069335938,129.88375854492188,129.9025421142578,129.894287109375,129.93605041503906,129.901611328125,130.27845764160156,129.88375854492188,129.88377380371094,129.89979553222656,129.90603637695312,129.93516540527344,129.8837432861328,130.01426696777344,129.88372802734375,129.8988800048828,129.8988494873047,129.88372802734375,129.88372802734375,129.94305419921875,130.00799560546875,129.93260192871094,130.05715942382812,129.8837432861328,129.8962860107422,129.90341186523438,129.91290283203125,130.00172424316406,129.97312927246094,129.9129180908203,129.91297912597656,129.88377380371094,129.8979949951172,129.88375854492188,130.0072021484375,129.8988494873047,130.65174865722656,130.24671936035156,130.096923828125,129.92613220214844,129.91970825195312,161.01170349121094,129.88372802734375,129.8837890625,129.88375854492188,130.05096435546875,129.88372802734375,129.8988800048828,130.00669860839844,129.9324493408203,130.0043182373047,129.91964721679688,129.89891052246094,129.93551635742188,129.96202087402344,129.89955139160156,129.9129180908203,130.05715942382812,129.88372802734375,129.88377380371094,129.9894256591797,129.8837432861328,129.99073791503906,129.91294860839844,129.95274353027344,130.01036071777344,130.03759765625,129.8988494873047,129.90267944335938,130.01560974121094,130.0571746826172,129.9439697265625,129.97314453125,129.88372802734375,129.8951873779297
292,129.99156188964844,129.92617797851562,129.93862915039062,130.00416564941406,129.93359375,129.88380432128906,129.9620361328125,129.938232421875,130.1045379638672,129.96759033203125,129.8837432861328,129.8838653564453,129.89979553222656,129.9276885986328,130.0624237060547,129.97314453125,129.9261474609375,129.8915557861328,129.913330078125,129.9036102294922,129.8837432861328,130.0150146484375,129.9244842529297,129.95167541503906,129.89520263671875,130.10971069335938,129.88375854492188,129.9025421142578,129.894287109375,129.93605041503906,129.901611328125,130.27845764160156,129.88375854492188,129.88377380371094,129.89979553222656,129.90603637695312,129.93516540527344,129.8837432861328,130.01426696777344,129.88372802734375,129.8988800048828,129.8988494873047,129.88372802734375,129.88372802734375,129.94305419921875,130.00799560546875,129.93260192871094,130.05715942382812,129.8837432861328,129.8962860107422,129.90341186523438,129.91290283203125,130.0017852783203,129.97312927246094,129.9129180908203,129.9130096435547,129.88377380371094,129.8979949951172,129.88375854492188,130.0072021484375,129.8988494873047,130.65174865722656,130.24671936035156,130.0968780517578,129.92613220214844,129.91970825195312,161.985595703125,129.88372802734375,129.8837890625,129.88375854492188,130.05096435546875,129.88372802734375,129.8988800048828,130.00669860839844,129.9324493408203,130.0043182373047,129.91964721679688,129.89891052246094,129.93551635742188,129.96202087402344,129.89955139160156,129.9129180908203,130.05715942382812,129.88372802734375,129.88377380371094,129.9894256591797,129.8837432861328,129.99073791503906,129.91294860839844,129.95274353027344,130.01036071777344,130.03759765625,129.8988494873047,129.90267944335938,130.01560974121094,130.0571746826172,129.9439697265625,129.97314453125,129.88372802734375,129.8951873779297
293,129.99156188964844,129.92617797851562,129.93862915039062,130.00416564941406,129.93359375,129.88380432128906,129.9620361328125,129.938232421875,130.1045379638672,129.96759033203125,129.8837432861328,129.8838653564453,129.89979553222656,129.9276885986328,130.0624237060547,129.97314453125,129.9261474609375,129.8915557861328,129.913330078125,129.9036102294922,129.8837432861328,130.0150146484375,129.9244842529297,129.95167541503906,129.89520263671875,130.10971069335938,129.88375854492188,129.90252685546875,129.894287109375,129.93605041503906,129.901611328125,130.27845764160156,129.88375854492188,129.88377380371094,129.89979553222656,129.90603637695312,129.93516540527344,129.8837432861328,130.01426696777344,129.88372802734375,129.8988800048828,129.8988494873047,129.88372802734375,129.88372802734375,129.94305419921875,130.00799560546875,129.93260192871094,130.05715942382812,129.8837432861328,129.8962860107422,129.90341186523438,129.91290283203125,130.0017547607422,129.97312927246094,129.9129180908203,129.91299438476562,129.88377380371094,129.8979949951172,129.88375854492188,130.0072021484375,129.8988494873047,130.65174865722656,130.24671936035156,130.0968780517578,129.92613220214844,129.91970825195312,163.53536987304688,129.88372802734375,129.8837890625,129.88375854492188,130.05096435546875,129.88372802734375,129.8988800048828,130.00669860839844,129.9324493408203,130.0043182373047,129.91964721679688,129.89891052246094,129.93551635742188,129.96202087402344,129.89955139160156,129.9129180908203,130.05715942382812,129.88372802734375,129.88377380371094,129.9894256591797,129.8837432861328,129.99073791503906,129.9129638671875,129.95274353027344,130.01036071777344,130.03759765625,129.8988494873047,129.90267944335938,130.01560974121094,130.0571746826172,129.9439697265625,129.97314453125,129.88372802734375,129.8951873779297
294,129.99156188964844,129.92617797851562,129.93862915039062,130.00416564941406,129.93359375,129.88380432128906,129.9620361328125,129.938232421875,130.1045379638672,129.96759033203125,129.8837432861328,129.8838653564453,129.89979553222656,129.9276885986328,130.0624237060547,129.97314453125,129.9261474609375,129.8915557861328,129.913330078125,129.9036102294922,129.8837432861328,130.0150146484375,129.9244842529297,129.95167541503906,129.89520263671875,130.10971069335938,129.88375854492188,129.9025115966797,129.894287109375,129.93605041503906,129.901611328125,130.27845764160156,129.88375854492188,129.88377380371094,129.89979553222656,129.90603637695312,129.93516540527344,129.8837432861328,130.01426696777344,129.88372802734375,129.8988800048828,129.8988494873047,129.88372802734375,129.88372802734375,129.94305419921875,130.00799560546875,129.93260192871094,130.05715942382812,129.8837432861328,129.8962860107422,129.9033966064453,129.91290283203125,130.0017547607422,129.97312927246094,129.9129180908203,129.91297912597656,129.88377380371094,129.8979949951172,129.88375854492188,130.0072021484375,129.8988494873047,130.65174865722656,130.24671936035156,130.0968780517578,129.92613220214844,129.91970825195312,165.40206909179688,129.88372802734375,129.8837890625,129.88375854492188,130.05096435546875,129.88372802734375,129.8988800048828,130.00669860839844,129.9324493408203,130.0043182373047,129.91964721679688,129.89891052246094,129.93551635742188,129.96202087402344,129.89955139160156,129.9129180908203,130.05715942382812,129.88372802734375,129.88377380371094,129.9894256591797,129.8837432861328,129.99073791503906,129.91294860839844,129.95274353027344,130.01036071777344,130.03759765625,129.8988494873047,129.90267944335938,130.01560974121094,130.0571746826172,129.9439697265625,129.97314453125,129.88372802734375,129.8951873779297
295,129.99156188964844,129.92617797851562,129.93862915039062,130.00416564941406,129.93359375,129.88380432128906,129.9620361328125,129.938232421875,130.1045379638672,129.96759033203125,129.8837432861328,129.8838653564453,129.89979553222656,129.9276885986328,130.0624237060547,129.97314453125,129.9261474609375,129.8915557861328,129.913330078125,129.9036102294922,129.8837432861328,130.0150146484375,129.9244842529297,129.95167541503906,129.89520263671875,130.10971069335938,129.88375854492188,129.9025115966797,129.894287109375,129.93605041503906,129.901611328125,130.27845764160156,129.88375854492188,129.88377380371094,129.89979553222656,129.90603637695312,129.93516540527344,129.8837432861328,130.01425170898438,129.88372802734375,129.8988800048828,129.8988494873047,129.88372802734375,129.88372802734375,129.94305419921875,130.00799560546875,129.93260192871094,130.05715942382812,129.8837432861328,129.8962860107422,129.90338134765625,129.91290283203125,130.0017547607422,129.97312927246094,129.9129180908203,129.91297912597656,129.88377380371094,129.8979949951172,129.88375854492188,130.0072021484375,129.8988494873047,130.65174865722656,130.24671936035156,130.0968780517578,129.92613220214844,129.91970825195312,160.81944274902344,129.88372802734375,129.8837890625,129.88375854492188,130.05096435546875,129.88372802734375,129.8988800048828,130.00669860839844,129.9324493408203,130.0043182373047,129.91964721679688,129.89891052246094,129.93551635742188,129.96202087402344,129.89955139160156,129.9129180908203,130.05715942382812,129.8837432861328,129.88377380371094,129.9894256591797,129.8837432861328,129.99073791503906,129.91294860839844,129.95274353027344,130.01036071777344,130.03759765625,129.8988494873047,129.90267944335938,130.01560974121094,130.0571746826172,129.9439697265625,129.97314453125,129.88372802734375,129.8951873779297
296,129.99156188964844,129.92617797851562,129.93862915039062,130.00416564941406,129.93359375,129.88380432128906,129.9620361328125,129.938232421875,130.1045379638672,129.96759033203125,129.8837432861328,129.8838653564453,129.89979553222656,129.9276885986328,130.0624237060547,129.97314453125,129.9261474609375,129.8915557861328,129.913330078125,129.9036102294922,129.8837432861328,130.0150146484375,129.9244842529297,129.95167541503906,129.89520263671875,130.10971069335938,129.88375854492188,129.9025115966797,129.894287109375,129.93605041503906,129.901611328125,130.27845764160156,129.88375854492188,129.88377380371094,129.89979553222656,129.90603637695312,129.93516540527344,129.8837432861328,130.01426696777344,129.88372802734375,129.8988800048828,129.8988494873047,129.88372802734375,129.88372802734375,129.94305419921875,130.00799560546875,129.93260192871094,130.05715942382812,129.8837432861328,129.8962860107422,129.9033966064453,129.91290283203125,130.00172424316406,129.97312927246094,129.9129180908203,129.91299438476562,129.88377380371094,129.8979949951172,129.88375854492188,130.0072021484375,129.8988494873047,130.65174865722656,130.24671936035156,130.0968780517578,129.92613220214844,129.91970825195312,169.86558532714844,129.88372802734375,129.8837890625,129.88375854492188,130.05096435546875,129.88372802734375,129.8988800048828,130.00669860839844,129.9324493408203,130.0043182373047,129.91964721679688,129.89891052246094,129.93551635742188,129.96202087402344,129.89955139160156,129.9129180908203,130.05715942382812,129.88372802734375,129.88377380371094,129.9894256591797,129.8837432861328,129.99073791503906,129.9129638671875,129.95274353027344,130.01036071777344,130.03759765625,129.8988494873047,129.90267944335938,130.01560974121094,130.0571746826172,129.9439697265625,129.97314453125,129.88372802734375,129.8951873779297
297,129.99156188964844,129.92617797851562,129.93862915039062,130.00416564941406,129.93359375,129.88380432128906,129.9620361328125,129.938232421875,130.1045379638672,129.96759033203125,129.8837432861328,129.8838653564453,129.89979553222656,129.9276885986328,130.0624237060547,129.97314453125,129.9261474609375,129.8915557861328,129.913330078125,129.9036102294922,129.8837432861328,130.0150146484375,129.9244842529297,129.95167541503906,129.89520263671875,130.10971069335938,129.88375854492188,129.9025115966797,129.894287109375,129.93605041503906,129.901611328125,130.27845764160156,129.88375854492188,129.88377380371094,129.89979553222656,129.90603637695312,129.93516540527344,129.8837432861328,130.01426696777344,129.88372802734375,129.8988800048828,129.8988494873047,129.88372802734375,129.88372802734375,129.94305419921875,130.00799560546875,129.93260192871094,130.05715942382812,129.8837432861328,129.8962860107422,129.90341186523438,129.91290283203125,130.0017547607422,129.97312927246094,129.9129180908203,129.9129638671875,129.88377380371094,129.8979949951172,129.88375854492188,130.0072021484375,129.8988494873047,130.65174865722656,130.24671936035156,130.0968780517578,129.92613220214844,129.91970825195312,160.8349609375,129.88372802734375,129.8837890625,129.88375854492188,130.05096435546875,129.88372802734375,129.8988800048828,130.00669860839844,129.9324493408203,130.0043182373047,129.91964721679688,129.89891052246094,129.93551635742188,129.96202087402344,129.89955139160156,129.9129180908203,130.05715942382812,129.8837127685547,129.88377380371094,129.9894256591797,129.8837432861328,129.99073791503906,129.91293334960938,129.95274353027344,130.01036071777344,130.03759765625,129.8988494873047,129.90267944335938,130.01560974121094,130.0571746826172,129.9439697265625,129.97314453125,129.88372802734375,129.8951873779297
298,129.99156188964844,129.92617797851562,129.93862915039062,130.00416564941406,129.93359375,129.88380432128906,129.9620361328125,129.938232421875,130.1045379638672,129.96759033203125,129.8837432861328,129.8838653564453,129.89979553222656,129.9276885986328,130.0624237060547,129.97314453125,129.9261474609375,129.8915557861328,129.913330078125,129.9036102294922,129.8837432861328,130.0150146484375,129.9244842529297,129.95167541503906,129.89520263671875,130.10971069335938,129.88375854492188,129.9025115966797,129.894287109375,129.93605041503906,129.901611328125,130.27845764160156,129.88375854492188,129.88377380371094,129.89979553222656,129.90603637695312,129.93516540527344,129.8837432861328,130.01426696777344,129.88372802734375,129.8988800048828,129.8988494873047,129.88372802734375,129.88372802734375,129.94305419921875,130.00799560546875,129.93260192871094,130.05715942382812,129.8837432861328,129.8962860107422,129.90341186523438,129.91290283203125,130.0017547607422,129.97312927246094,129.9129180908203,129.9129638671875,129.88377380371094,129.8979949951172,129.88375854492188,130.0072021484375,129.8988494873047,130.65174865722656,130.24671936035156,130.0968780517578,129.92613220214844,129.91970825195312,160.8349609375,129.88372802734375,129.8837890625,129.88375854492188,130.05096435546875,129.88372802734375,129.8988800048828,130.00669860839844,129.9324493408203,130.0043182373047,129.91964721679688,129.89891052246094,129.93551635742188,129.96202087402344,129.89955139160156,129.9129180908203,130.05715942382812,129.8837127685547,129.88377380371094,129.9894256591797,129.8837432861328,129.99073791503906,129.91293334960938,129.95274353027344,130.01036071777344,130.03759765625,129.8988494873047,129.90267944335938,130.01560974121094,130.0571746826172,129.9439697265625,129.97314453125,129.88372802734375,129.8951873779297
