Run,Gen,F,1,2,3,4,5,6,7,8,9,10
64.0,0.0,1082.178466796875,-4.645073924342306,-2.901514161745693,-1.2635809002632947,-4.154997198295562,-0.932292701240084,-2.962837866262149,-3.1030213698550577,-2.792490159896471,2.2576169816372937,-3.7739629047918006
64.0,0.0,1065.366455078125,-2.151054794447993,-1.9055293317104345,-4.447483015562407,-2.2531490318383507,-2.675026754630718,-3.507176181723945,-4.261668176424459,-0.8613827372640408,3.2211399117259383,4.9858046028187015
64.0,0.0,1056.9781494140625,2.0557630930664805,2.8267597058008453,-1.120351857584339,-3.847515545549427,2.7461614811580564,-1.4223597373238568,1.6547685598812212,-1.156276099943759,2.034302486430178,-4.679233038603143
64.0,0.0,1027.263671875,-4.085228761996921,1.5204574284344403,-0.2953438944241062,1.0010906723231106,-3.763406007674179,3.0024046733772174,4.130246977966808,2.97412157035208,3.496002190398759,-2.723466645355824
64.0,0.0,1051.76171875,4.711481490771494,-2.7133973637384496,-1.864185401926707,-1.8852141984090864,-2.994962992542567,-4.63112830413571,-3.803359854426799,4.1849284331876255,-2.701001497320489,-3.029573254421756
64.0,0.0,1115.17138671875,4.858120021861843,3.612443959063814,3.4749517779156687,0.7354734714642452,4.360316012528184,0.8656125521976481,1.288995676177457,-2.2608593764622142,1.0425401120411166,-4.111612139495732
64.0,0.0,1096.001220703125,3.386492314719373,-4.220457697076063,4.749767852385766,0.3023988904651471,-0.6315460361958003,2.5896398466241664,-2.5017838220917605,-2.455210301050734,-1.6889684821342774,-3.907789988324877
64.0,0.0,1056.5699462890625,0.0401715192480454,4.1038590390672205,4.880146510428464,-3.418138971998025,4.837183219206494,1.8517543203757736,2.7923834575501294,1.4805487010601572,-2.9864287822017004,1.082852604585378
64.0,0.0,1051.502197265625,2.8280051855776893,1.835463795385453,1.7368951787404026,3.791043160039864,2.280385098710857,-0.5538799746551248,-4.448093478509885,3.38562811199073,-4.050382752580009,-0.2502543353123361
64.0,0.0,1091.4599609375,0.3099767430226752,4.8565302175071,3.150102659373017,3.3034114034020394,2.4977062598564324,1.599482267444924,-0.8559903679822289,-4.052114702069174,-1.2598126095997195,4.785495647610185
64.0,0.0,1122.9632568359375,4.52298963167676,-3.635359338846569,2.440248278000662,2.9143266741286302,1.862742226239881,-1.3697255189248896,4.56636544217133,-3.5556050251608093,4.725364826945658,2.240542952078277
64.0,0.0,1029.013916015625,1.5595770288428117,-1.0086291514968415,-4.92744279292354,1.56556867020067,-3.858344656792424,1.687953604437328,-0.3118999164287208,1.830426060984549,-0.5118410439859415,-3.3293431447807995
64.0,0.0,1034.116943359375,-4.438701906655382,0.1037570779799255,2.1749561434047235,-1.7347302581231343,4.036781885704478,-2.5390053978044573,-3.628128515754709,0.5056432058743612,2.8987478362014176,2.7685106111352127
64.0,0.0,1043.6356201171875,2.415778172528917,-2.4884329899876487,-2.68006733678224,3.478137184371452,-1.6932872775426446,1.3376816543807362,3.0087276378592858,3.646716396872165,3.981132339499073,-2.172741163901402
64.0,0.0,1017.6375122070312,-2.958533444995924,1.0241890785179466,2.6309513240532345,0.145048130718961,3.7983580800984313,0.3482212898138526,0.9761398163467492,1.7262415699396163,0.5198504083796438,0.646943143533317
64.0,0.0,1033.4293212890625,-3.423343192138524,-1.5262870098679475,-4.626760319094568,2.738563923742237,3.36157761882542,-0.0521633225458879,-0.1523127879002022,-0.4546446602090404,1.2589523415683193,4.105879115425012
64.0,0.0,1098.51904296875,-2.6397117372139487,-4.426070597828685,1.440295217740034,3.862831971936856,-4.135308974454936,3.829613169783357,3.610460480389822,1.1479550184886165,-3.691763344056162,-2.322445521203581
64.0,0.0,1044.881103515625,1.3347017219682744,-1.3932697574531518,-2.2445584836459487,4.541250705291757,2.848407242651718,4.3423781935621175,-1.177622498683231,0.8283953211947859,4.414357567167995,-1.071353389285278
64.0,0.0,1011.8517456054688,-2.503620042025972,0.7979343465871409,-0.0702257669751666,1.7649931947386124,1.026468950384297,3.6968859864366586,1.956802012860929,0.2201351376790663,4.843861542429169,2.187657973317288
64.0,0.0,1054.18408203125,-0.1249296786369065,4.212720548190072,-2.901170553046404,1.9697305908023568,0.419516911354024,-3.945414772928919,-1.815687732790856,-1.9737003312765324,-4.36043375621804,1.954028235902012
64.0,0.0,1113.91357421875,2.780491170855683,-3.37187025002161,4.523556714428938,-4.639129294909768,-0.3787323107586591,-1.868706577326754,-2.755631062932723,2.27464546794557,-0.0175572052068622,-4.243953048036266
64.0,0.0,1097.482421875,-0.8869377791825608,-0.4140892712447659,3.91196441040562,-0.573265255189578,-2.1767544199356137,-1.083465102265195,4.831498032678383,-4.649271913052119,-1.8914749742726205,2.999565913664876
64.0,0.0,1099.4224853515625,-2.227805659545388,-2.3963575056284374,3.7510097221327854,-0.3703203768931482,-2.21758662495648,4.5218947012748,2.106377569076261,4.219197540455848,-3.953589718663157,-1.889158645469989
64.0,0.0,1289.6668701171875,1.1404455675701453,-3.460093183065968,4.346526361344029,4.717250244997048,0.205423913609267,-1.7578620994380882,-4.621057948980496,3.830256646386731,-4.869503923582887,-4.837400491273615
64.0,0.0,1038.2803955078125,-3.859932827716376,-4.699001656306011,-0.9942513094996732,-0.9238095933719216,-4.305278082908181,-2.2521192619317034,1.1128944145165924,2.737983157060192,1.4961543449563912,-1.235599907393257
64.0,0.0,1063.8408203125,-3.746230941628728,-4.175553563955775,-4.344650110314857,-3.3180424171200205,1.2336731084725745,2.164692098312857,3.53109806622336,2.063648244656533,-1.535684026926893,1.4156559187805904
64.0,0.0,1033.7386474609375,1.7784146609239606,4.614025715091078,0.2418522333056572,2.3083027737724464,-0.1566822005326216,-2.020141855528704,-2.351648847330897,-1.4729732719507185,2.5578073370257464,-0.0189178481039657
64.0,0.0,1045.4969482421875,-4.992094440882439,0.8055056603399748,-3.014448942910735,-1.2053891691937402,3.840626160437529,-3.193278446865254,-2.185000171746769,-3.139989075507557,0.6932105461351634,0.2311397610414296
64.0,0.0,1038.64013671875,-0.4179924537070736,4.543290803302453,-1.4508049110376176,-3.1040104254471714,-3.395378993514384,3.5066849461518004,0.7685875123148653,-4.859727158535774,-1.065738163621809,0.4042176615556627
64.0,0.0,1061.9302978515625,-0.3006490057774647,1.375847579514753,-1.747686243352868,-1.5254794988522713,-0.5140051735992586,-3.757804581299836,4.617104715301,-4.2733524972657575,-2.4410884284694347,3.03683964933178
64.0,0.0,1040.4647216796875,3.110329316005501,1.6958672546687232,2.222054361399333,-2.002039020786478,1.654837872662367,-4.487311213173029,2.4847031211739363,2.4194833907589146,0.157359542505687,1.3988285081492666
64.0,0.0,1050.7620849609375,-3.1460439919549854,2.4627117673645422,-0.7063965015181441,4.891595001259212,-4.705769506623531,-0.3060511180404512,2.33745620400104,-0.609345366445945,-4.703904620818957,-1.7217005694182994
64.0,0.0,1040.2069091796875,2.3065517142585046,-0.3941872820493515,-4.00906597507511,1.3614553094711734,-3.05519036758788,4.722893697582114,-0.6649387348193949,-1.7959368986054502,0.820635248327445,3.346690329884128
64.0,0.0,1077.6502685546875,-4.282231481592191,-3.113140856763252,0.947327745622662,-2.9062537772226564,-1.8676804785756285,2.271675538590432,3.853174491291505,1.3831050969955507,-2.1147221510839778,3.8896500952597854
64.0,0.0,1062.0748291015625,-1.887492341499117,3.508289288913714,-3.909435267278983,-3.757843866166521,-1.1087624416442394,2.8744447337226866,4.237201683562276,-3.264244468455712,2.639032980072593,1.711862824976123
64.0,0.0,1031.308837890625,-3.232183683589279,3.874900894053262,0.5142108326262482,0.9561093671424796,0.8578306449879705,4.92265899443613,1.5319557964296813,-2.184340397932288,-3.4329462999907445,-1.4834699802374782
64.0,0.0,1027.84619140625,-1.1688902852237444,-1.6894000032314067,0.7698008788209094,3.057225756622956,-4.909851232426518,0.59338357995696,-3.5059224576791737,0.0093236286596507,4.031407135319657,0.8987741898872859
64.0,0.0,1041.4013671875,-0.7598399685504198,3.1718917057909977,2.92375909530306,2.506133366994904,-4.414514739903582,-3.35518740096927,-1.2315302594969713,-0.1659346316247685,-2.388163112207631,-2.598963818269209
64.0,0.0,1056.344970703125,4.191389833036624,2.3842976658338664,-2.0840176937332773,-2.740930353062408,3.5363553096382,0.7996047852926038,-0.5784936234409059,4.470312200219585,1.938821251961559,-3.440520752300692
64.0,0.0,1083.580322265625,-1.7578821217323632,-0.9520744744561158,3.353167519728025,-4.420865316837218,3.069329073136256,-0.9221137166576908,-3.356923231897132,-3.651890239565514,4.233178571191672,-2.9155026611624195
64.0,0.0,1056.974365234375,4.351866708001209,0.3704375264848902,-0.5273016271283302,4.042782956107867,-3.51088053979866,-0.7162359857124079,-1.6138384755950526,-4.51422132090342,-3.223915565966809,0.1998095938860533
64.0,0.0,1113.6793212890625,0.8703145291238616,-0.7251852084169101,4.050289217322742,0.4814414396454625,4.509851936719166,-4.806331541564716,-1.5096594822851794,4.991392073389026,-0.2801361072895005,3.795136166154954
64.0,0.0,1059.8819580078125,3.701811196429034,-3.912047766442893,-2.4192002600585614,4.280530278128103,-1.5612842886502565,3.234474803046103,0.3994069946832956,3.0724930834559068,0.3594157042789838,2.4815414320437874
64.0,0.0,1053.1187744140625,3.541482358941309,2.7422214058979826,1.1663208556311675,2.148255638668229,1.5167390583754568,-4.194036017494008,2.985568212442505,0.6884388728397015,-4.52009343528921,3.4959474114581024
64.0,0.0,1074.8880615234375,1.864897207123048,-2.130585734315376,-3.6966577870561768,-4.21724775362692,4.688052439129509,0.1254193059362265,0.5419102081348424,4.682504862998506,3.0247203113781964,-0.8841822330463494
64.0,0.0,1080.587646484375,-1.2376077537793,-0.1556126252908436,0.1091649210554379,-2.502624256414773,0.1236843322943563,2.673337808468304,-4.032096158557323,-2.946582375689212,-3.103381948819167,4.328076203433364
64.0,0.0,1049.252197265625,0.7955122969482309,-4.898811826673757,1.3961899684093808,-0.0304272869226531,-1.2985304794184498,4.1526126867831685,-2.960707987607304,-3.9152395518684937,3.73412113585572,-0.6545314604550034
64.0,0.0,1020.43310546875,-1.4495140827971809,3.271959988013309,-3.531514583870263,-1.1158234916309162,2.187723946339664,-2.652344517808372,3.3744787502734432,-1.3742890828618195,-0.6063683618835389,-0.5823163775534308
64.0,0.0,1042.026611328125,0.5888993864175296,0.466048873454719,1.9656363101914467,-4.898946907848681,-2.482872320006776,1.117228375347138,-4.859326421943507,-0.3446965067533041,-0.9814416726628714,-4.508697692188038
64.0,0.0,1049.7969970703125,3.917120328094528,2.153004175363286,-3.351993239721024,-0.7044609942155686,0.6697385590429628,-4.335306896255826,0.1210960337850508,3.48058630061972,1.690134573403384,4.532465532941664
64.0,1.0,1025.376708984375,-2.645073924342306,-0.9015141617456934,0.7364190997367053,-2.154997198295562,1.067707298759916,-0.982981191981914,-1.1030213698550575,-0.7924901598964711,3.762101513715532,-1.7739629047918006
64.0,1.0,1019.5396118164062,-1.109818749810007,0.0944706682895657,-2.4474830155624074,-1.020207344636212,-0.6750267546307178,-1.5071761817239455,-2.26166817642446,1.1386172627359592,4.637283169236662,3.912035157075076
64.0,1.0,1035.9644775390625,1.7672409803338005,2.68444522604645,0.3110016420066208,-1.847515545549428,2.7212858488279434,0.5776402626761432,2.8873413770072145,-0.2284987707372014,4.034302486430178,-3.790708322393552
64.0,1.0,1025.3970947265625,-2.5249907947323487,1.63893738607028,1.6077222435340774,3.0010906723231106,-1.7634060076741789,4.59405720435001,4.298784263295119,0.9741215703520796,3.585533909895673,-0.7234666453558241
64.0,1.0,1015.2097778320312,2.7114814907714937,-0.7133973637384496,0.135814598073293,0.1147858015909135,-0.9949629925425668,-2.63112830413571,-1.803359854426799,2.360146736519817,-0.7010014973204886,-1.0295732544217555
64.0,1.0,1038.7005615234375,2.8581200218618434,4.043454464181211,1.474951777915669,2.735473471464245,3.286141419332328,2.865612552197648,3.0181665349037967,-0.2608593764622142,3.0425401120411166,-2.1116121394957315
64.0,1.0,1029.6937255859375,1.3864923147193728,-2.220457697076063,2.749767852385766,2.302398890465147,0.4981169607027758,4.589639846624166,-0.5017838220917605,-0.4552103010507338,0.3110315178657226,-1.9077899883248768
64.0,1.0,1025.273193359375,-1.2339391207712929,2.1038590390672205,2.880146510428464,-1.418138971998025,2.8371832192064943,3.8517543203757736,1.7289594189807538,2.057191691232017,-0.9864287822017004,2.001621629527752
64.0,1.0,1019.5650634765624,0.8280051855776893,0.8991368990173454,2.1112050370804214,1.7910431600398642,1.850890414064688,1.4461200253448752,-2.448093478509885,1.38562811199073,-2.2675259127355014,1.749745664687664
64.0,1.0,1030.4886474609375,-0.4960512623973241,2.8565302175071,1.150102659373017,1.3912983728964523,0.4977062598564323,3.599482267444924,0.0197083486297594,-2.052114702069174,0.7401873904002803,4.241547464538554
64.0,1.0,1035.5106201171875,3.4112558738427667,-1.6353593388465693,0.440248278000662,3.865790364664401,2.029382102553903,-0.4752434542823551,2.56636544217133,-1.5556050251608091,4.801398047982207,3.06968340834366
64.0,1.0,1018.6377563476562,-0.4404229711571883,0.9913708485031584,-4.520469769817925,3.168742247128206,-1.858344656792424,3.4798435574731448,1.6881000835712792,1.6243401024010802,1.4881589560140585,-1.43093123343196
64.0,1.0,1020.390869140625,-2.438701906655382,1.6514164988895694,1.6169943415111518,0.2652697418768657,2.8447591212296857,-0.5390053978044573,-1.628128515754709,0.2985899562132693,4.898747836201418,3.789282471452895
64.0,1.0,1021.96923828125,0.4157781725289169,-0.4884329899876487,-0.6800673367822396,3.918714773795242,0.3067127224573553,3.337681654380736,3.943571414875502,1.646716396872165,4.8306205045643305,-0.172741163901402
64.0,1.0,1017.6375122070312,-2.958533444995924,1.0241890785179466,2.6309513240532345,0.145048130718961,3.7983580800984313,0.3482212898138526,0.9761398163467492,1.7262415699396163,0.5198504083796438,0.646943143533317
64.0,1.0,1014.8645629882812,-1.4233431921385238,0.4095449537083122,-2.626760319094568,2.2591381724027984,1.904103207719147,1.947836677454112,0.4253842553745498,0.509907601874441,2.31773653571803,3.931758007434352
64.0,1.0,1035.434326171875,-1.904938989197053,-2.4260705978286854,1.6696060820930174,3.940030574582453,-2.135308974454936,3.9375563551604142,2.423908346398054,1.606774653380481,-1.691763344056162,-0.3224455212035808
64.0,1.0,1026.1339111328125,1.3184691464035023,0.6067302425468482,-0.483233573511086,4.813731684639678,1.061149879323023,4.017867990140899,0.8223775013167689,0.659382881201481,4.529439956732962,0.928646610714722
64.0,1.0,1011.12646484375,-2.503620042025972,0.7979343465871409,-0.0702257669751666,1.7649931947386124,1.026468950384297,2.5664624957674262,1.956802012860929,0.2201351376790663,4.856020827546216,2.187657973317288
64.0,1.0,1024.546875,-2.1249296786369065,2.212720548190072,-0.930239500152934,2.8232521037399807,0.7903937021483257,-1.9454147729289184,0.1843122672091439,0.0262996687234675,-2.36043375621804,3.954028235902012
64.0,1.0,1020.5794067382812,0.780491170855683,-1.37187025002161,2.5235567144289384,-2.639129294909768,1.621267689241341,0.131293422673246,-0.7556310629327232,0.2746454679455699,1.9824427947931376,-2.243953048036266
64.0,1.0,1065.86767578125,-1.6872564174566935,1.585910728755234,1.91196441040562,1.426734744810422,-0.7308858780294889,0.9165348977348048,4.718207046010469,-2.649271913052119,-0.7090158017356833,3.7396775381793006
64.0,1.0,1046.395263671875,-2.392552775426552,-1.2257758176124505,3.7878757389528137,1.6296796231068518,-0.2175866249564793,4.953919505691091,2.858971207057487,2.2191975404558484,-1.9535897186631568,0.1108413545300113
64.0,1.0,1070.4080810546875,-0.8595544324298547,-1.4600931830659682,2.7880915415558984,2.7172502449970484,1.9944332162950904,0.2421379005619117,-2.6210579489804964,4.529990634998323,-2.8695039235828865,-2.837400491273616
64.0,1.0,1015.0313110351562,-2.098456889462517,-2.699001656306012,0.6904942850863098,1.0761904066280783,-2.480721826945123,-0.2521192619317034,2.9783231510161405,0.7379831570601922,3.496154344956391,0.7644000926067429
64.0,1.0,1028.1910400390625,-1.7462309416287276,-2.175553563955776,-2.41859698846606,-1.3180424171200205,2.728861727789348,4.164692098312857,2.529349892217726,0.0636482446565329,0.464315973073107,2.4249139832702387
64.0,1.0,1013.5804443359376,0.1444067984815937,2.6140257150910777,0.496657510828728,1.7962529419185411,1.8433177994673784,-0.0201418555287036,-0.3516488473308969,0.4096782863201926,4.557807337025746,1.7841539886529325
64.0,1.0,1013.8005981445312,-2.992094440882439,0.9003717164054968,-1.014448942910735,0.7946108308062598,4.290027971071063,-1.193278446865254,-0.1850001717467688,-1.1399890755075566,1.3971249528866765,2.2311397610414296
64.0,1.0,1027.4410400390625,0.6741426463050737,2.543290803302453,-0.2177265693162895,-2.54345265008879,-1.395378993514384,4.006411434441118,2.7685875123148653,-2.859727158535774,0.9342618363781908,2.4042176615556627
64.0,1.0,1040.8739013671875,-0.4912977523150063,1.000121470012295,0.252313756647132,0.4745205011477287,1.4859948264007414,-1.7578045812998355,3.613430946725115,-2.273352497265757,-0.4410884284694347,4.537702382338152
64.0,1.0,1031.3643798828125,1.110329316005501,1.60537317292959,0.2220543613993335,-1.0436437003848644,3.3225298714009988,-2.4873112131730286,1.769079873990758,2.9445472814030307,2.157359542505687,3.398828508149266
64.0,1.0,1021.6317138671876,-1.1460439919549854,1.3730205742342363,0.5382319795911119,2.891595001259212,-2.7057695066235308,1.6939488819595487,2.607351508964836,1.390654633554055,-3.186478744990556,0.2782994305817006
64.0,1.0,1026.64013671875,2.660001830469681,1.6058127179506485,-2.00906597507511,2.648168678190499,-1.055190367587879,3.7621845249117634,1.335061265180605,-0.1592562700456909,2.820635248327445,1.662464150553878
64.0,1.0,1035.0552978515625,-2.9743084586154342,-1.113140856763252,1.9150295656572325,-0.9062537772226564,0.1323195214243715,2.516090862899516,4.4746211779382055,1.1375339841517833,-0.1147221510839777,1.8896500952597848
64.0,1.0,1038.1484375,-2.5762780651045283,2.740917384257699,-1.9094352672789832,-1.757843866166521,0.8912375583557606,4.234001491116035,2.237201683562276,-1.2642444684557113,4.439888403017926,3.711862824976123
64.0,1.0,1017.69775390625,-1.3308450976996389,1.8749008940532617,0.69204093376592,2.6225619208884936,1.2612615187784928,3.772047482760478,2.444096686421587,-0.8944249136552529,-1.4329462999907443,0.5165300197625218
64.0,1.0,1018.46875,-3.1004238419070904,0.3105999967685933,0.6214015260865927,1.8018765420241785,-2.9098512324265178,2.59338357995696,-1.5059224576791737,0.3975458900140764,4.4684745713425125,1.542526485396156
64.0,1.0,1016.3301391601562,-0.4612618744916951,1.1718917057909977,3.469558113216176,1.7399396458770604,-2.4145147399035816,-1.3551874009692702,0.7684697405030287,1.6025471742654367,-0.3881631122076308,-0.5989638182692092
64.0,1.0,1027.0916748046875,2.368056516472191,1.0595706860235643,-0.4183637282355967,-0.7409303530624078,3.220666669982017,2.799604785292604,1.421506376559094,2.4703122002195848,3.938821251961559,-1.440520752300691
64.0,1.0,1032.52587890625,-2.657369207063327,1.0479255255438842,3.987754068788975,-2.420865316837218,2.2364374158098768,0.6084557513485365,-1.3569232318971318,-1.651890239565514,4.680572201989543,-0.9155026611624196
64.0,1.0,1015.5007934570312,2.351866708001209,1.1884298868250758,0.3145018946178938,2.0427829561078674,-1.5108805397986602,0.7305588611592846,0.2307122946819104,-2.5142213209034203,-1.2239155659668088,1.826496282571686
64.0,1.0,1008.5807495117188,-1.1296854708761384,1.27481479158309,2.0502892173227423,2.2292205585454017,2.5098519367191656,-2.806331541564716,0.0621222598079862,2.991392073389026,1.7198638927104994,1.795136166154954
64.0,1.0,1031.386962890625,1.701811196429034,-1.9120477664428923,-0.4192002600585613,2.2805302781281025,0.4387157113497437,3.278828388800768,2.399406994683296,3.115806997114598,2.359415704278984,2.125979304193177
64.0,1.0,1025.6688232421875,1.541482358941309,3.137082637837425,1.3487262971309515,2.5690125264090136,2.079062882540465,-2.194036017494008,1.92856228468396,1.3464388656515425,-2.52009343528921,4.993723804103724
64.0,1.0,1034.3575439453125,-0.1351027928769523,-0.1305857343153755,-1.6966577870561768,-2.2172477536269204,4.010850437503144,2.1254193059362265,2.0736147778802216,2.682504862998506,3.9205120033896206,0.9931811885062882
64.0,1.0,1025.0821533203125,-1.626326362677314,0.745872924276688,0.0693250473322724,-0.5026242564147729,2.1236843322943564,3.0570993219663323,-2.032096158557323,-0.946582375689212,-1.103381948819167,2.6815184005326245
64.0,1.0,1029.7724609375,1.2030571007387496,-2.8988118266737573,-0.6038100315906192,1.9695727130773468,0.7014695205815502,4.770648701904759,-0.9607079876073036,-1.9152395518684937,4.533452455050648,1.3454685395449966
64.0,1.0,1016.166015625,-0.601944089929683,1.2719599880133092,-1.5315145838702628,0.8841765083690838,2.5845989600156285,-0.652344517808372,2.71054936872621,0.6257109171381803,1.393631638116461,1.4176836224465692
64.0,1.0,1021.4345092773438,-1.0515870953332485,2.2353957465123866,-0.0343636898085533,-2.898946907848681,-0.4828723200067752,3.117228375347138,-2.859326421943507,1.5101702798465633,1.0185583273371286,-2.508697692188038
64.0,1.0,1017.1552734375,1.917120328094528,2.082801513175286,-1.3519932397210233,0.927319273423706,1.675046057473941,-2.335306896255826,2.121096033785051,1.48058630061972,3.690134573403384,2.5324655329416643
64.0,2.0,1008.63232421875,-1.1046139118936174,1.0984858382543066,2.512376665123249,-0.154997198295562,3.0410749572747355,-2.982981191981914,0.2158586525761754,1.207509840103529,2.0849873636573726,0.2260370952081993
64.0,2.0,1011.81982421875,-0.6596014450801899,1.5098435949057714,-1.245867286900534,0.979792655363788,1.3249732453692822,-0.8728208362882689,-0.2616681764244593,2.440312315418553,2.637283169236662,1.9120351570750755
64.0,2.0,1016.3449096679688,0.9909633801023724,0.7708739618969422,2.311001642006621,0.1524844544505725,2.6060720348162447,-1.4223597373238568,0.8873413770072145,0.4727362944320282,4.087788281818412,-1.7907083223935505
64.0,2.0,1016.68359375,-0.7151739632177851,1.3937230247179444,2.5144766489170784,3.340808972600512,0.2365939923258211,2.59405720435001,2.2987842632951194,1.666040395964132,1.6156592487884167,1.276533354644176
64.0,2.0,1011.9153442382812,0.7114814907714937,0.7141488512366587,2.135814598073293,2.1147858015909136,1.005037007457433,-1.899642694537973,-0.1373870811385322,2.555285075719193,1.2989985026795114,0.9704267455782444
64.0,2.0,1012.2505493164062,0.8581200218618434,2.043454464181212,1.2286457771836536,3.367282119961879,2.518869262553584,0.8656125521976481,1.7711133046156349,1.7391406235377858,3.719422408488756,-0.1116121394957314
64.0,2.0,1014.7947998046876,-0.6135076852806272,-0.2204576970760632,1.7716665029910454,3.0993176058267444,2.498116960702776,2.5896398466241664,1.185358707929182,1.5447896989492662,2.3110315178657226,0.0922100116751227
64.0,2.0,1018.0792846679688,-1.6348129178819253,0.9656672028071178,1.8234166527215152,0.5818610280019749,1.4946267033146556,1.8517543203757736,-0.2710405810192462,3.596050806880334,1.0135712177982996,2.223653013733275
64.0,2.0,1011.812744140625,-0.8424579628883517,0.6468682647698498,2.247234859622644,1.6634813501221193,2.227889213360623,1.866017931909778,-0.4480934785098851,0.7755466463607483,-0.2675259127355014,2.758628260582016
64.0,2.0,1010.74560546875,-1.0088090281071256,0.9130917090480262,1.0849376043566656,0.6116276937392899,1.573187941158102,1.599482267444924,0.4397912351896482,-0.0521147020691739,2.6521248936318136,2.6212529143806167
64.0,2.0,1014.4230346679688,1.4112558738427667,-0.0247557787366576,2.440248278000662,2.676926681915421,2.510062802527332,-1.3569625110662007,0.56636544217133,-0.5857631389573998,2.801398047982208,2.319843952369356
64.0,2.0,1015.65234375,-1.828153055028296,2.141420521938783,-2.5204697698179253,3.723562401785285,0.1416553432075762,1.4798435574731448,-0.0237253395693857,3.62434010240108,2.83996096551883,0.5690687665680401
64.0,2.0,1012.196044921875,-0.4387019066553819,1.9287135208714936,2.175918677742424,2.070405459787307,1.8438692688458616,-2.5390053978044573,-0.2105347131067629,1.2380924361112515,4.238012196150124,1.789282471452895
64.0,2.0,1012.4266967773438,-1.584221827471083,1.11163120444524,0.5556564121897849,2.857396274401389,2.306712722457356,1.3376816543807362,1.943571414875502,2.851226526404227,2.8306205045643305,1.827258836098598
64.0,2.0,1016.04052734375,-0.1985127020668833,0.7316522006211823,2.6309513240532345,2.095643238308684,2.7191605678180126,0.3482212898138526,0.9761398163467492,1.7262415699396163,0.5198504083796438,0.646943143533317
64.0,2.0,1013.2462768554688,-0.2245539872400028,2.3330344797081866,-0.6267603190945676,2.0068364131242595,2.4074803674731804,-0.0521633225458879,0.1762433914485354,1.3135889142663646,2.799387045161264,3.150204639056203
64.0,2.0,1013.480224609375,-0.6757876406049292,-0.4260705978286854,1.8975934899900213,1.940030574582453,-0.1353089744549356,1.9375563551604145,0.7683224270682489,2.79344511333278,0.3082366559438378,1.6775544787964192
64.0,2.0,1015.138671875,-0.6815308535964975,2.0732769712665826,1.516766426488914,2.813731684639678,2.2904876265417755,3.0193993456344908,0.5984924903453347,2.659382881201481,2.530081851200548,2.0867793538838733
64.0,2.0,1010.0529174804688,-1.2734083945877488,2.3505706441397987,1.9297742330248333,2.53048495063315,3.0005175929025985,0.5664624957674262,0.1711409525532072,2.2201351376790663,4.339750370396459,1.8664694266357127
64.0,2.0,1017.5238037109376,-2.086941362014333,0.212720548190072,1.069760499847066,2.10615032539253,2.7903937021483256,-1.0676392983775016,0.9926298077475488,2.026299668723468,-0.3604337562180397,1.954028235902012
64.0,2.0,1010.6103515625,-0.6688391063059298,0.62812974997839,1.5531872400430695,-0.6391292949097682,2.717973283223021,-1.868706577326754,1.2443689370672768,2.27464546794557,2.8135290806806155,-0.2439530480362659
64.0,2.0,1019.3594360351562,-2.042476441937111,2.440760174733726,0.9898957002463584,3.426734744810422,1.269114121970511,1.5522334591929383,2.718207046010469,-0.649271913052119,1.2909841982643169,1.7396775381793006
64.0,2.0,1019.3055419921876,-0.8779473697650546,0.7742241823875495,1.7878757389528137,3.5124457842137904,1.7824133750435207,2.9539195056910907,0.8589712070574871,1.7343010541238757,0.0464102813368425,2.110841354530012
64.0,2.0,1021.4085693359376,-2.1041792896890623,-0.2577960113281174,1.8240061744882672,0.8188238451815668,3.4978892154583305,-1.7578620994380882,-0.6210579489804964,4.690094064149566,-0.8695039235828865,-0.8374004912736153
64.0,2.0,1015.0313110351562,-2.098456889462517,-2.699001656306012,0.6904942850863098,1.0761904066280783,-2.480721826945123,-0.2521192619317034,2.9783231510161405,0.7379831570601922,3.496154344956391,0.7644000926067429
64.0,2.0,1016.7755737304688,-0.3405618772578354,-0.1755535639557752,-0.4185969884660601,0.6819575828799795,2.989992667267025,2.164692098312857,0.8556687185034044,0.7744309231544017,2.464315973073107,2.012342733752806
64.0,2.0,1012.1370849609376,-1.3571173391836189,0.6140257150910777,2.496657510828728,2.409814016269624,3.780770234580078,-1.6014993475690371,0.7304888566087393,1.477811589892011,3.795984667980023,2.6293538862613217
64.0,2.0,1012.2140502929688,-1.1264505832334477,1.105136934956474,0.9855510570892648,2.5245712393626425,4.224457579843041,-3.1870551000425955,1.1799479571547624,0.8600109244924434,2.104192830294434,2.5740316578406954
64.0,2.0,1020.8651733398438,0.5419647705682822,1.0015278129912042,1.7822734306837105,-2.1882588656172226,0.6046210064856159,2.0064114344411177,1.780599883066167,-1.4512474524633348,2.8755015088798106,3.248601575270353
64.0,2.0,1020.38623046875,-1.350970819922746,1.1946603560660756,2.0019390526012915,2.4745205011477287,3.485994826400741,-1.1740727922996164,1.613430946725115,-0.970670336751496,1.5589115715305653,2.537702382338152
64.0,2.0,1018.6865844726562,-0.889670683994499,1.4240437200803682,2.222054361399333,0.9563562996151356,3.6576708512118654,-1.6874108407324286,0.5748561472226048,3.1935488202539872,2.914159378814533,2.457131406276732
64.0,2.0,1016.0712280273438,-0.1799075460689787,0.8373656571558022,2.16690405755895,1.552305630853905,-0.7057695066235308,-0.3060511180404512,0.6073515089648356,3.390654633554055,-1.1864787449905556,2.2782994305817006
64.0,2.0,1005.9246215820312,0.6600018304696809,2.208408201646309,-0.00906597507511,2.784505846876923,0.3472293972856342,1.7621845249117634,1.5973701590591634,0.780958497717289,3.692710282606984,1.0349967017159698
64.0,2.0,1014.0906982421876,-1.32394596653997,0.8868591432367481,2.4480361856719868,1.0937462227773436,1.8773441225947447,0.516090862899516,2.474621177938205,2.1009139910217933,1.5241474706737734,0.9437427968271106
64.0,2.0,1019.0682983398438,-1.282275752746778,1.4202012302516174,0.0905647327210168,0.242156133833479,2.095484958215286,2.234001491116035,0.2372016835622759,0.7357555315442887,2.59287616134334,3.872745360823289
64.0,2.0,1016.9929809570312,-0.135385347301626,-0.0360619384660534,0.8051683165380591,3.1055851768144724,3.261261518778493,1.772047482760478,1.316666447282416,0.0027931645758438,0.5670537000092555,2.5165300197625218
64.0,2.0,1007.8631591796876,-1.1004238419070904,2.040108134010074,2.6214015260865926,1.318793766349601,-0.9098512324265178,0.59338357995696,-0.2536180386175659,2.3975458900140763,2.4684745713425125,2.006881671908617
64.0,2.0,1008.098876953125,-0.8147796809248585,0.3342281719875488,3.006662058549599,1.9871280913254004,-0.4145147399035815,-2.8311665984377443,1.1577207493232595,3.0260245156242487,1.6118368877923692,1.4010361817307908
64.0,2.0,1013.7378540039062,0.3680565164721909,0.8496789807644983,1.5816362717644032,1.2590696469375922,2.170289528263984,2.046395797454396,0.3833337864008808,2.405999840251333,4.486187839001272,0.5594792476993087
64.0,2.0,1012.4423217773438,-0.7165802043238862,2.176034414523958,3.669044411377374,-0.4208653168372178,1.915477759966048,-1.3915442486514635,0.6430767681028682,0.348109760434486,2.680572201989543,1.0844973388375805
64.0,2.0,1014.5479125976562,0.351866708001209,1.5770893261995842,1.2765909924705428,1.1433077803456726,0.4891194602013398,-1.2694411388407154,0.8238943613736477,-0.5142213209034203,0.7760844340331912,2.5370353761021858
64.0,2.0,1008.5807495117188,-1.1296854708761384,1.27481479158309,2.0502892173227423,2.2292205585454017,2.5098519367191656,-2.806331541564716,0.0621222598079862,2.991392073389026,1.7198638927104994,1.795136166154954
64.0,2.0,1022.6719360351562,-0.0511851347125889,0.0879522335571074,1.5807997399414386,1.335962035337134,2.438715711349744,1.278828388800768,0.3994069946832956,2.913062825316836,2.149404077653832,1.71168746876262
64.0,2.0,1019.1925659179688,-0.4585176410586911,2.0868469727761583,1.6554677609992257,2.618845448424142,2.7938051317986226,-2.289858252703507,-0.0714377153160401,2.332190362607406,-0.5200934352892101,3.5096126700467245
64.0,2.0,1016.789794921875,-1.5753201571703557,1.8694142656846244,0.3033422129438232,-0.2172477536269204,2.0108504375031444,0.7729421062514783,1.938063027028477,2.0771476309143138,3.36846519056062,2.993181188506288
64.0,2.0,1016.93310546875,-1.7798063962811772,2.2200351141714254,1.992165771293972,1.497375743585227,3.328112293993546,1.0570993219663325,-1.0321233327045285,1.053417624310788,0.896618051180833,1.7226654900435605
64.0,2.0,1018.03369140625,-0.7969428992612504,-0.8988118266737573,-1.1065004014953423,3.2489924892905235,2.4321468645967506,2.7706487019047588,1.0392920123926963,0.0847604481315063,2.5334524550506483,2.7386896123685016
64.0,2.0,1016.166015625,-0.601944089929683,1.2719599880133092,-1.5315145838702628,0.8841765083690838,2.5845989600156285,-0.652344517808372,2.71054936872621,0.6257109171381803,1.393631638116461,1.4176836224465692
64.0,2.0,1011.2684936523438,-1.8615735222518897,2.334534230272584,0.1125369976611058,-0.8989469078486811,1.5171276799932247,1.117228375347138,-0.9235012768303972,3.510170279846564,2.337363313739485,-0.5086976921880382
64.0,2.0,1017.1552734375,1.917120328094528,2.082801513175286,-1.3519932397210233,0.927319273423706,1.675046057473941,-2.335306896255826,2.121096033785051,1.48058630061972,3.690134573403384,2.5324655329416643
64.0,3.0,1008.63232421875,-1.1046139118936174,1.0984858382543066,2.512376665123249,-0.154997198295562,3.0410749572747355,-2.982981191981914,0.2158586525761754,1.207509840103529,2.0849873636573726,0.2260370952081993
64.0,3.0,1010.1819458007812,1.34039855491981,2.5263082414013533,0.754132713099466,2.979792655363788,1.4085920962711955,1.1271791637117312,1.7383318235755407,0.4403123154185531,3.204968114763417,0.7508077768553236
64.0,3.0,1012.544921875,0.2456247289698869,2.4997930460312623,0.3110016420066208,1.9345618334596333,0.6642682952224646,0.5776402626761432,1.2541133058895928,0.9267956096035462,3.768815595079261,0.2092916776064495
64.0,3.0,1014.3017578125,1.2848260367822149,1.7938171984801885,0.5144766489170784,3.326421399827314,1.4965027846348822,0.5940572043500101,0.6675193940777129,1.5062143390253866,3.175832966795152,2.164189437682336
64.0,3.0,1008.7200927734376,-0.4287496783731845,2.7141488512366587,0.135814598073293,3.5401014516008384,0.8814470060804864,0.100357305462027,1.862612918861468,0.6566611523849353,3.2989985026795114,2.052846431214326
64.0,3.0,1010.37890625,-0.4713884308864497,1.0576756787012744,-0.3122024539230841,3.4250922644617368,0.9068969444775216,1.1465235524559425,0.7901519444112437,1.0227109421309188,4.042023341513865,1.2523215412195157
64.0,3.0,1006.2119140625,0.4893625390202833,1.7795423029239368,-0.2283334970089545,3.1277989280704825,0.4981169607027755,1.141197769335064,2.5146578201478693,1.975507430672696,4.311031517865723,2.0922100116751228
64.0,3.0,1009.3677978515624,0.3651870821180747,1.9885662669363189,-0.1765833472784848,2.581861028001975,-0.0103796726030012,0.6839290959974864,-0.3766700265942728,1.596808978364511,3.0135712177983,2.145497279031898
64.0,3.0,1011.812744140625,-0.8424579628883517,0.6468682647698498,2.247234859622644,1.6634813501221193,2.227889213360623,1.866017931909778,-0.4480934785098851,0.7755466463607483,-0.2675259127355014,2.758628260582016
64.0,3.0,1009.7267456054688,-0.1098462861549935,0.5977632744182063,0.991723433218864,2.61162769373929,1.2019960575026545,0.6437399969554607,2.439791235189648,1.600687155145789,4.208149540103027,0.6212529143806167
64.0,3.0,1009.9304809570312,0.1277405850121338,1.9752442212633423,2.432572358540061,2.132733569167775,0.5100628025273313,-1.0002334213611102,-0.0156813151257615,0.9286445088359074,2.929658239127088,0.954017854358622
64.0,3.0,1015.65234375,-1.828153055028296,2.141420521938783,-2.5204697698179253,3.723562401785285,0.1416553432075762,1.4798435574731448,-0.0237253395693857,3.62434010240108,2.83996096551883,0.5690687665680401
64.0,3.0,1012.196044921875,-0.4387019066553819,1.9287135208714936,2.175918677742424,2.070405459787307,1.8438692688458616,-2.5390053978044573,-0.2105347131067629,1.2380924361112515,4.238012196150124,1.789282471452895
64.0,3.0,1008.02392578125,0.4157781725289169,3.1116312044452403,0.738613549167716,2.1782039990654205,0.3067127224573553,0.6973450109994406,0.8035606332645688,0.8512265264042269,1.7902123298072925,1.808400088302096
64.0,3.0,1016.04052734375,-0.1985127020668833,0.7316522006211823,2.6309513240532345,2.095643238308684,2.7191605678180126,0.3482212898138526,0.9761398163467492,1.7262415699396163,0.5198504083796438,0.646943143533317
64.0,3.0,1012.017333984375,0.6572260650149078,3.3135317000255418,0.898665253678669,3.050208353473657,0.4074803674731804,1.2642780004828125,0.3354489514382095,0.99317624910829,4.799387045161264,1.150204639056203
64.0,3.0,1013.480224609375,-0.6757876406049292,-0.4260705978286854,1.8975934899900213,1.940030574582453,-0.1353089744549356,1.9375563551604145,0.7683224270682489,2.79344511333278,0.3082366559438378,1.6775544787964192
64.0,3.0,1014.3483276367188,-0.3950726536098612,3.0572392402632147,1.1655873499033178,1.7162824434478785,2.80623450619518,1.6860698516829966,2.318978486749027,2.0033772010979334,2.0475203258589296,0.7579754757556487
64.0,3.0,1010.0529174804688,-1.2734083945877488,2.3505706441397987,1.9297742330248333,2.53048495063315,3.0005175929025985,0.5664624957674262,0.1711409525532072,2.2201351376790663,4.339750370396459,1.8664694266357127
64.0,3.0,1017.5238037109376,-2.086941362014333,0.212720548190072,1.069760499847066,2.10615032539253,2.7903937021483256,-1.0676392983775016,0.9926298077475488,2.026299668723468,-0.3604337562180397,1.954028235902012
64.0,3.0,1010.6103515625,-0.6688391063059298,0.62812974997839,1.5531872400430695,-0.6391292949097682,2.717973283223021,-1.868706577326754,1.2443689370672768,2.27464546794557,2.8135290806806155,-0.2439530480362659
64.0,3.0,1014.7473754882812,-0.042476441937111,2.423618223693294,-0.4639743307044345,3.96724648125568,1.47749276526919,1.9453996906566309,0.7182070460104688,1.350728086947881,2.686894220013688,-0.2603224618206994
64.0,3.0,1010.800537109375,1.1220526302349454,2.7742241823875498,-0.2121242610471863,3.4847712811215974,1.8779022291921,0.9859943615215272,0.885716556198664,0.3070785322713321,2.0464102813368426,2.7378789998665845
64.0,3.0,1016.3280639648438,-2.242345966992757,1.7422039886718823,-0.1759938255117328,2.8188238451815666,1.6530194434820582,0.2421379005619117,0.5553649406263255,4.443079792620298,1.1304960764171137,1.1625995087263847
64.0,3.0,1008.5731811523438,-1.2135971361285185,1.3009983436939887,0.1175130497356176,1.0761904066280783,-1.682870304983474,0.1240845670951209,0.9798745359776376,0.4957338067220513,3.37852781062182,1.452662099066011
64.0,3.0,1013.5790405273438,1.6594381227421646,1.8244464360442247,1.3743819371474904,2.6819575828799795,0.9899926672670252,0.8464185161743261,1.3949855702638765,1.156839604193626,4.464315973073108,1.2069139803602336
64.0,3.0,1012.1370849609376,-1.3571173391836189,0.6140257150910777,2.496657510828728,2.409814016269624,3.780770234580078,-1.6014993475690371,0.7304888566087393,1.477811589892011,3.795984667980023,2.6293538862613217
64.0,3.0,1012.2140502929688,-1.1264505832334477,1.105136934956474,0.9855510570892648,2.5245712393626425,4.224457579843041,-3.1870551000425955,1.1799479571547624,0.8600109244924434,2.104192830294434,2.5740316578406954
64.0,3.0,1009.9306640625,0.6257841377056135,0.3402574357559118,-0.2177265693162895,-0.1882588656172226,1.253972019025122,0.9353533899032048,0.9288701809043648,0.5487525475366652,4.875501508879811,1.248601575270353
64.0,3.0,1013.81884765625,0.6490291800772541,1.6542609355220106,0.0019390526012914,3.799346701679807,2.4566217450763266,0.8259272077003836,0.5397426283305302,0.9336390467155524,2.7493433424988174,1.0131776217564985
64.0,3.0,1013.49169921875,0.3419052910454216,2.884970457263252,0.2390156831443022,2.79965065023325,1.7141485397381375,0.3125891592675713,1.4867749884670471,1.1935488202539872,4.51847936114462,0.4571314062767313
64.0,3.0,1014.7422485351562,0.4943277267732089,2.1550913345148643,0.1669040575589502,2.968492251586179,1.2942304933764692,1.6939488819595487,1.0990282399553193,1.390654633554055,0.8135212550094444,1.7628487270129771
64.0,3.0,1005.9246215820312,0.6600018304696809,2.208408201646309,-0.00906597507511,2.784505846876923,0.3472293972856342,1.7621845249117634,1.5973701590591634,0.780958497717289,3.692710282606984,1.0349967017159698
64.0,3.0,1011.1369018554688,0.67605403346003,2.6854840492807512,0.4480361856719868,3.093746222777344,1.467792275849253,0.1597452260723577,0.4746211779382054,0.1009139910217933,3.524147470673773,0.6259770720778038
64.0,3.0,1014.9280395507812,0.7177242472532219,1.488186277727389,1.1084964806396629,2.242156133833479,1.3464331347046468,1.1757872126186444,-0.156517183840262,1.7978243067278985,2.0517105685614965,1.872745360823289
64.0,3.0,1016.9929809570312,-0.135385347301626,-0.0360619384660534,0.8051683165380591,3.1055851768144724,3.261261518778493,1.772047482760478,1.316666447282416,0.0027931645758438,0.5670537000092555,2.5165300197625218
64.0,3.0,1007.8631591796876,-1.1004238419070904,2.040108134010074,2.6214015260865926,1.318793766349601,-0.9098512324265178,0.59338357995696,-0.2536180386175659,2.3975458900140763,2.4684745713425125,2.006881671908617
64.0,3.0,1008.098876953125,-0.8147796809248585,0.3342281719875488,3.006662058549599,1.9871280913254004,-0.4145147399035815,-2.8311665984377443,1.1577207493232595,3.0260245156242487,1.6118368877923692,1.4010361817307908
64.0,3.0,1012.6741333007812,-0.3405826772349959,2.249665460551167,0.8772557125117255,2.9100362934120287,0.7558514940565848,1.5420051545765336,2.194423565080223,1.3982763162291725,4.723383838427343,1.6722273735948765
64.0,3.0,1012.1069946289062,1.2834197956761138,2.7778044220122995,3.275043942264455,1.5791346831627822,-0.0845222400339518,-0.7203954665391936,2.12541652316017,2.230720355714056,2.9773612999982406,2.0995897062618187
64.0,3.0,1011.9987182617188,-0.1854962584413977,2.4328410465691803,0.5903086611605746,1.8258468940216763,1.4653923025220692,0.7305588611592846,1.388285362452606,1.4857786790965797,2.2492486969126446,2.682026822948483
64.0,3.0,1008.5807495117188,-1.1296854708761384,1.27481479158309,2.0502892173227423,2.2292205585454017,2.5098519367191656,-2.806331541564716,0.0621222598079862,2.991392073389026,1.7198638927104994,1.795136166154954
64.0,3.0,1009.3678588867188,-0.6462257024028217,2.0879522335571075,2.3584668585638244,1.8114403718029004,0.4387157113497437,1.0190675055745295,0.7151819400535158,0.9130628253168354,4.149404077653832,0.6620540207637502
64.0,3.0,1012.7471313476562,-0.6390880146523833,1.591213524595045,0.2555964047698091,2.876960031748048,1.458137344897777,-2.2909506976836167,-0.4452101285056028,0.3321903626074061,0.6496370066902541,2.1888174776211
64.0,3.0,1011.897705078125,-0.4235596586457326,3.225940521464908,0.982586519492014,1.7827522463730796,0.0108504375031444,0.9361267735334996,1.7446453802211617,1.2717980538659346,3.170094535727954,3.926829920271378
64.0,3.0,1013.6026000976562,0.2201936037188228,2.97019592894318,1.372798710280033,3.497375743585227,2.2404538178227664,0.6862639115427379,0.9678766672954716,1.9629137003657324,2.896618051180833,0.0492098971278505
64.0,3.0,1018.03369140625,-0.7969428992612504,-0.8988118266737573,-1.1065004014953423,3.2489924892905235,2.4321468645967506,2.7706487019047588,1.0392920123926963,0.0847604481315063,2.5334524550506483,2.7386896123685016
64.0,3.0,1012.5928955078124,0.1726432181820089,2.3407373861289926,-1.5315145838702628,3.3340540347042045,0.6299304534914358,-0.3589552889177412,1.008716732152959,0.3362807702626149,3.685487043476752,1.4638355354766686
64.0,3.0,1011.2684936523438,-1.8615735222518897,2.334534230272584,0.1125369976611058,-0.8989469078486811,1.5171276799932247,1.117228375347138,-0.9235012768303972,3.510170279846564,2.337363313739485,-0.5086976921880382
64.0,3.0,1011.4963989257812,1.074679128081867,1.4311320978851214,-0.0434536633079125,1.916215771683773,1.862700016337108,0.5232862844142536,1.2465349741273184,0.954240617024042,3.690134573403384,1.2722831075020322
64.0,4.0,1008.63232421875,-1.1046139118936174,1.0984858382543066,2.512376665123249,-0.154997198295562,3.0410749572747355,-2.982981191981914,0.2158586525761754,1.207509840103529,2.0849873636573726,0.2260370952081993
64.0,4.0,1010.1819458007812,1.34039855491981,2.5263082414013533,0.754132713099466,2.979792655363788,1.4085920962711955,1.1271791637117312,1.7383318235755407,0.4403123154185531,3.204968114763417,0.7508077768553236
64.0,4.0,1012.4085083007812,0.5075177436439948,2.94527377169451,-0.6045534402363086,3.2422401761756907,-0.2850908304602408,2.577640262676143,1.917030464166865,1.0889073833156555,3.574340215849764,2.209291677606449
64.0,4.0,1011.0629272460938,0.9613485094761536,2.813519476163762,-0.8862886177067606,3.200187985300108,0.5382157093761933,0.7021455072154695,0.8280442802881647,1.0124512902470038,4.5666698126525045,1.7481717356748658
64.0,4.0,1008.7200927734376,-0.4287496783731845,2.7141488512366587,0.135814598073293,3.5401014516008384,0.8814470060804864,0.100357305462027,1.862612918861468,0.6566611523849353,3.2989985026795114,2.052846431214326
64.0,4.0,1010.2483520507812,1.1254231988091754,2.651770342312758,-0.7048021505193174,3.342925071228907,-0.0225266479283876,1.3113766652818912,0.8829332127807912,0.6550559521874317,3.8330771015010487,1.6878893707375735
64.0,4.0,1006.2119140625,0.4893625390202833,1.7795423029239368,-0.2283334970089545,3.1277989280704825,0.4981169607027755,1.141197769335064,2.5146578201478693,1.975507430672696,4.311031517865723,2.0922100116751228
64.0,4.0,1009.3677978515624,0.3651870821180747,1.9885662669363189,-0.1765833472784848,2.581861028001975,-0.0103796726030012,0.6839290959974864,-0.3766700265942728,1.596808978364511,3.0135712177983,2.145497279031898
64.0,4.0,1011.6639404296876,0.7573595384582045,0.7582686465548556,0.4895754748822517,2.7152178873411845,0.7128308374237888,1.779670071289397,0.3168952380842698,1.1633268803188406,3.7324740872644986,1.206233910917184
64.0,4.0,1009.7267456054688,-0.1098462861549935,0.5977632744182063,0.991723433218864,2.61162769373929,1.2019960575026545,0.6437399969554607,2.439791235189648,1.600687155145789,4.208149540103027,0.6212529143806167
64.0,4.0,1009.6813354492188,0.1161455115816735,3.245793560938793,0.4325723585400611,2.3720985621718214,-0.5215074805597488,0.9997665786388898,0.0206361048560082,1.5576153157035773,4.016995288968482,0.400338051896584
64.0,4.0,1010.7142333984376,0.2308039387101995,1.0843776281323958,-0.2810584491461228,3.2263106769677745,-0.685279548614131,1.0672976121891036,0.9080813439595212,2.547529820071796,2.83996096551883,1.4544645898142194
64.0,4.0,1011.1631469726562,0.8391793111511018,2.1429213554508126,1.0459326806315523,2.42916965941905,0.4311054222300772,1.460994602195543,1.0584565434638549,0.3309156312531043,3.084202585550808,1.2030096546731714
64.0,4.0,1008.02392578125,0.4157781725289169,3.1116312044452403,0.738613549167716,2.1782039990654205,0.3067127224573553,0.6973450109994406,0.8035606332645688,0.8512265264042269,1.7902123298072925,1.808400088302096
64.0,4.0,1016.0181274414062,-0.1985127020668833,2.5743520423011983,1.540308750888605,2.883284982076672,2.677588119870201,2.097646455459286,1.533259472219684,0.2576912009133892,0.2776201856877225,1.6581962025654553
64.0,4.0,1011.2964477539062,1.0580457423750032,2.588048850141465,1.2852784818853968,3.221783582051724,-0.6012329774941705,2.147930472492055,2.335448951438209,0.6725376306974259,4.501554517873259,0.0128622294036957
64.0,4.0,1013.0426635742188,-0.4441148810476391,0.1589948929818903,1.2723810311126371,2.538736315756252,-0.5250425883680285,2.35998598221434,1.932339209843392,1.1945869072794422,3.617811747057351,0.9756204658744464
64.0,4.0,1014.3483276367188,-0.3950726536098612,3.0572392402632147,1.1655873499033178,1.7162824434478785,2.80623450619518,1.6860698516829966,2.318978486749027,2.0033772010979334,2.0475203258589296,0.7579754757556487
64.0,4.0,1010.0529174804688,-1.2734083945877488,2.3505706441397987,1.9297742330248333,2.53048495063315,3.0005175929025985,0.5664624957674262,0.1711409525532072,2.2201351376790663,4.339750370396459,1.8664694266357127
64.0,4.0,1011.687255859375,-2.086941362014333,0.23884676795792,0.7368869492753092,2.226208288787164,1.3031461489651028,2.0046130998119787,0.1210867477039836,0.960106660747838,2.314765579080935,1.7613978033974425
64.0,4.0,1008.01171875,0.5332373484236946,3.0943695992587874,0.2284105229734127,2.022873613217147,1.019537849769935,1.7477099976796442,0.9424464534919864,1.8498474128298388,3.1055163676550563,0.3650473660836795
64.0,4.0,1009.4091186523438,0.937983225249204,2.103216907476257,-0.8258603207629049,4.065398676351896,-0.2823454802870218,1.8604220576895687,0.3720717883437753,1.618703503602846,4.534778303324128,0.2715919750844114
64.0,4.0,1010.800537109375,1.1220526302349454,2.7742241823875498,-0.2121242610471863,3.4847712811215974,1.8779022291921,0.9859943615215272,0.885716556198664,0.3070785322713321,2.0464102813368426,2.7378789998665845
64.0,4.0,1010.4002075195312,-0.2423459669927568,2.960080004471693,-0.7862196777258668,3.689484710201575,-0.3469805565179418,1.7192797586022524,2.503380477961461,3.777824489707117,3.130496076417113,1.9637144279821903
64.0,4.0,1008.5731811523438,-1.2135971361285185,1.3009983436939887,0.1175130497356176,1.0761904066280783,-1.682870304983474,0.1240845670951209,0.9798745359776376,0.4957338067220513,3.37852781062182,1.452662099066011
64.0,4.0,1013.1221313476562,2.173545779078193,3.167370297614338,-0.0499457061553632,3.6834900291948025,-0.8850762090282118,2.078124700465089,1.823155033714069,1.11037237363709,4.248817227121256,0.6373268447443919
64.0,4.0,1010.8973999023438,0.6969200130789637,1.958507056877563,2.496657510828728,2.502758885374976,0.9924147425311016,0.4747279155895452,1.163186318291031,1.29255700581823,4.1901886183649015,2.132930839397266
64.0,4.0,1008.7598876953124,-0.6576211247808099,2.55198308533074,0.562248298769053,1.8893157861145609,1.4578573843842686,-0.4817692765649642,1.4482385041902155,-0.2275356021795329,3.429728383710733,1.6895383020991332
64.0,4.0,1009.9306640625,0.6257841377056135,0.3402574357559118,-0.2177265693162895,-0.1882588656172226,1.253972019025122,0.9353533899032048,0.9288701809043648,0.5487525475366652,4.875501508879811,1.248601575270353
64.0,4.0,1013.2847900390624,1.556244859081212,2.424822477139133,-0.9129027299234832,2.9907627553867817,0.4566217450763266,2.825927207700384,1.5210823920623289,1.6508910695414871,3.297622114236605,0.3253408304564752
64.0,4.0,1013.49169921875,0.3419052910454216,2.884970457263252,0.2390156831443022,2.79965065023325,1.7141485397381375,0.3125891592675713,1.4867749884670471,1.1935488202539872,4.51847936114462,0.4571314062767313
64.0,4.0,1014.7422485351562,0.4943277267732089,2.1550913345148643,0.1669040575589502,2.968492251586179,1.2942304933764692,1.6939488819595487,1.0990282399553193,1.390654633554055,0.8135212550094444,1.7628487270129771
64.0,4.0,1005.9246215820312,0.6600018304696809,2.208408201646309,-0.00906597507511,2.784505846876923,0.3472293972856342,1.7621845249117634,1.5973701590591634,0.780958497717289,3.692710282606984,1.0349967017159698
64.0,4.0,1011.1369018554688,0.67605403346003,2.6854840492807512,0.4480361856719868,3.093746222777344,1.467792275849253,0.1597452260723577,0.4746211779382054,0.1009139910217933,3.524147470673773,0.6259770720778038
64.0,4.0,1012.3526000976562,1.5626256806257626,2.659290150354707,1.0192360416971114,3.628741673969497,-0.0180031376296101,1.6054101897790674,1.4416657245311546,0.9013783179103134,3.8833168019253312,-0.0713833397232717
64.0,4.0,1016.9929809570312,-0.135385347301626,-0.0360619384660534,0.8051683165380591,3.1055851768144724,3.261261518778493,1.772047482760478,1.316666447282416,0.0027931645758438,0.5670537000092555,2.5165300197625218
64.0,4.0,1007.8631591796876,-1.1004238419070904,2.040108134010074,2.6214015260865926,1.318793766349601,-0.9098512324265178,0.59338357995696,-0.2536180386175659,2.3975458900140763,2.4684745713425125,2.006881671908617
64.0,4.0,1008.098876953125,-0.8147796809248585,0.3342281719875488,3.006662058549599,1.9871280913254004,-0.4145147399035815,-2.8311665984377443,1.1577207493232595,3.0260245156242487,1.6118368877923692,1.4010361817307908
64.0,4.0,1008.0839233398438,1.2167335198856597,2.80475826782774,-1.1227442874882745,3.488432290067122,-0.4462843049189833,1.455127458770392,2.084942978502263,-0.1125910397846416,3.45630009755061,1.7228735690226844
64.0,4.0,1012.1069946289062,1.2834197956761138,2.7778044220122995,3.275043942264455,1.5791346831627822,-0.0845222400339518,-0.7203954665391936,2.12541652316017,2.230720355714056,2.9773612999982406,2.0995897062618187
64.0,4.0,1011.9987182617188,-0.1854962584413977,2.4328410465691803,0.5903086611605746,1.8258468940216763,1.4653923025220692,0.7305588611592846,1.388285362452606,1.4857786790965797,2.2492486969126446,2.682026822948483
64.0,4.0,1008.5807495117188,-1.1296854708761384,1.27481479158309,2.0502892173227423,2.2292205585454017,2.5098519367191656,-2.806331541564716,0.0621222598079862,2.991392073389026,1.7198638927104994,1.795136166154954
64.0,4.0,1009.3678588867188,-0.6462257024028217,2.0879522335571075,2.3584668585638244,1.8114403718029004,0.4387157113497437,1.0190675055745295,0.7151819400535158,0.9130628253168354,4.149404077653832,0.6620540207637502
64.0,4.0,1010.55419921875,1.3609119853476166,2.2442572925745807,-0.7048929742379244,2.8570918759008017,-0.4489786625392882,-0.2909506976836167,1.554789871494397,-0.3222047874305395,2.649637006690254,0.1888174776211002
64.0,4.0,1004.7403564453124,0.4804166552562906,3.142058809388116,-0.507253232726782,3.78275224637308,-0.5671588827166028,1.1261544357254607,1.4122039073154182,0.5007209311294231,3.503301094810195,1.926829920271378
64.0,4.0,1013.6026000976562,0.2201936037188228,2.97019592894318,1.372798710280033,3.497375743585227,2.2404538178227664,0.6862639115427379,0.9678766672954716,1.9629137003657324,2.896618051180833,0.0492098971278505
64.0,4.0,1012.140625,-0.5420115941189203,0.5322075679932136,0.1209055989199974,2.6669416587802965,1.1226083709761174,1.9800268839337944,1.2464905024975206,1.2977313112128248,3.777078927545384,1.0192200002286484
64.0,4.0,1012.5928955078124,0.1726432181820089,2.3407373861289926,-1.5315145838702628,3.3340540347042045,0.6299304534914358,-0.3589552889177412,1.008716732152959,0.3362807702626149,3.685487043476752,1.4638355354766686
64.0,4.0,1011.2684936523438,-1.8615735222518897,2.334534230272584,0.1125369976611058,-0.8989469078486811,1.5171276799932247,1.117228375347138,-0.9235012768303972,3.510170279846564,2.337363313739485,-0.5086976921880382
64.0,4.0,1008.3792724609376,0.6932129179610199,2.2119381673017338,-0.3503953738113749,1.822156521997299,-0.1372999836628923,2.5232862844142536,1.6821731573629513,0.0441187623089383,4.601996350485448,1.2454722758271322
64.0,5.0,1006.11962890625,-0.497682321193742,3.030567283483479,-0.5787679993007673,1.468996806504657,-1.102800242265915,1.463907549460452,-0.3849157258589892,0.1852476260815461,1.9192500309728429,0.8627286160848842
64.0,5.0,1010.1819458007812,1.34039855491981,2.5263082414013533,0.754132713099466,2.979792655363788,1.4085920962711955,1.1271791637117312,1.7383318235755407,0.4403123154185531,3.204968114763417,0.7508077768553236
64.0,5.0,1012.4085083007812,0.5075177436439948,2.94527377169451,-0.6045534402363086,3.2422401761756907,-0.2850908304602408,2.577640262676143,1.917030464166865,1.0889073833156555,3.574340215849764,2.209291677606449
64.0,5.0,1010.1630249023438,0.6968908839535443,3.684584755746717,-0.8320438243533947,4.318783376635609,-0.9788080720093548,1.3121199061885769,1.2255709944480646,-0.1563680565205665,3.713988963579196,1.885770130655541
64.0,5.0,1008.7200927734376,-0.4287496783731845,2.7141488512366587,0.135814598073293,3.5401014516008384,0.8814470060804864,0.100357305462027,1.862612918861468,0.6566611523849353,3.2989985026795114,2.052846431214326
64.0,5.0,1010.2483520507812,1.1254231988091754,2.651770342312758,-0.7048021505193174,3.342925071228907,-0.0225266479283876,1.3113766652818912,0.8829332127807912,0.6550559521874317,3.8330771015010487,1.6878893707375735
64.0,5.0,1006.2119140625,0.4893625390202833,1.7795423029239368,-0.2283334970089545,3.1277989280704825,0.4981169607027755,1.141197769335064,2.5146578201478693,1.975507430672696,4.311031517865723,2.0922100116751228
64.0,5.0,1009.3677978515624,0.3651870821180747,1.9885662669363189,-0.1765833472784848,2.581861028001975,-0.0103796726030012,0.6839290959974864,-0.3766700265942728,1.596808978364511,3.0135712177983,2.145497279031898
64.0,5.0,1011.6639404296876,0.7573595384582045,0.7582686465548556,0.4895754748822517,2.7152178873411845,0.7128308374237888,1.779670071289397,0.3168952380842698,1.1633268803188406,3.7324740872644986,1.206233910917184
64.0,5.0,1009.7267456054688,-0.1098462861549935,0.5977632744182063,0.991723433218864,2.61162769373929,1.2019960575026545,0.6437399969554607,2.439791235189648,1.600687155145789,4.208149540103027,0.6212529143806167
64.0,5.0,1009.6813354492188,0.1161455115816735,3.245793560938793,0.4325723585400611,2.3720985621718214,-0.5215074805597488,0.9997665786388898,0.0206361048560082,1.5576153157035773,4.016995288968482,0.400338051896584
64.0,5.0,1010.7142333984376,0.2308039387101995,1.0843776281323958,-0.2810584491461228,3.2263106769677745,-0.685279548614131,1.0672976121891036,0.9080813439595212,2.547529820071796,2.83996096551883,1.4544645898142194
64.0,5.0,1010.5481567382812,0.008798720499148,2.525667345405728,0.3988488099360407,2.50711334501774,-0.0291436451700617,1.834871323315507,1.2764918391461442,0.0566443092189997,3.346865709615877,1.431372939995535
64.0,5.0,1008.02392578125,0.4157781725289169,3.1116312044452403,0.738613549167716,2.1782039990654205,0.3067127224573553,0.6973450109994406,0.8035606332645688,0.8512265264042269,1.7902123298072925,1.808400088302096
64.0,5.0,1012.5269775390624,0.3618160568723365,3.694357377767549,-0.4511851912411733,3.953413924242894,0.677588119870201,1.143808125619504,1.7761792563406669,0.1121338731423086,2.2776201856877227,2.7790969794743443
64.0,5.0,1011.2964477539062,1.0580457423750032,2.588048850141465,1.2852784818853968,3.221783582051724,-0.6012329774941705,2.147930472492055,2.335448951438209,0.6725376306974259,4.501554517873259,0.0128622294036957
64.0,5.0,1012.90966796875,0.4292563567025546,2.15899489298189,1.5467848167273992,3.423451264396445,-1.3599705618899969,2.58876736426332,1.7111972819132977,0.3326018182382673,3.929389751587416,0.5873558138520282
64.0,5.0,1011.9922485351562,0.4926309509323805,3.224454681322789,0.1235311971174578,4.138434658269134,0.5128557805494283,0.9398660413943858,0.9061768583420028,2.0033772010979334,2.0475203258589296,2.3507167657085133
64.0,5.0,1010.0529174804688,-1.2734083945877488,2.3505706441397987,1.9297742330248333,2.53048495063315,3.0005175929025985,0.5664624957674262,0.1711409525532072,2.2201351376790663,4.339750370396459,1.8664694266357127
64.0,5.0,1011.687255859375,-2.086941362014333,0.23884676795792,0.7368869492753092,2.226208288787164,1.3031461489651028,2.0046130998119787,0.1210867477039836,0.960106660747838,2.314765579080935,1.7613978033974425
64.0,5.0,1008.01171875,0.5332373484236946,3.0943695992587874,0.2284105229734127,2.022873613217147,1.019537849769935,1.7477099976796442,0.9424464534919864,1.8498474128298388,3.1055163676550563,0.3650473660836795
64.0,5.0,1009.4091186523438,0.937983225249204,2.103216907476257,-0.8258603207629049,4.065398676351896,-0.2823454802870218,1.8604220576895687,0.3720717883437753,1.618703503602846,4.534778303324128,0.2715919750844114
64.0,5.0,1010.800537109375,1.1220526302349454,2.7742241823875498,-0.2121242610471863,3.4847712811215974,1.8779022291921,0.9859943615215272,0.885716556198664,0.3070785322713321,2.0464102813368426,2.7378789998665845
64.0,5.0,1010.4002075195312,-0.2423459669927568,2.960080004471693,-0.7862196777258668,3.689484710201575,-0.3469805565179418,1.7192797586022524,2.503380477961461,3.777824489707117,3.130496076417113,1.9637144279821903
64.0,5.0,1008.5731811523438,-1.2135971361285185,1.3009983436939887,0.1175130497356176,1.0761904066280783,-1.682870304983474,0.1240845670951209,0.9798745359776376,0.4957338067220513,3.37852781062182,1.452662099066011
64.0,5.0,1010.52197265625,1.2580631502175357,3.689709997810001,-1.536387463785756,4.247714772907128,-1.32184351453934,1.4869024717119288,1.4299475820128875,0.1829630763692384,2.8842821198589395,0.4973410257696421
64.0,5.0,1009.5761108398438,0.6903800621137739,3.198952583078279,0.4966575108287281,4.502758885374975,-1.0075852574688984,1.6335170047938246,0.8670770360456743,0.9685065397211512,4.159868895004188,2.2271498767706888
64.0,5.0,1008.7598876953124,-0.6576211247808099,2.55198308533074,0.562248298769053,1.8893157861145609,1.4578573843842686,-0.4817692765649642,1.4482385041902155,-0.2275356021795329,3.429728383710733,1.6895383020991332
64.0,5.0,1009.9306640625,0.6257841377056135,0.3402574357559118,-0.2177265693162895,-0.1882588656172226,1.253972019025122,0.9353533899032048,0.9288701809043648,0.5487525475366652,4.875501508879811,1.248601575270353
64.0,5.0,1013.2847900390624,1.556244859081212,2.424822477139133,-0.9129027299234832,2.9907627553867817,0.4566217450763266,2.825927207700384,1.5210823920623289,1.6508910695414871,3.297622114236605,0.3253408304564752
64.0,5.0,1013.49169921875,0.3419052910454216,2.884970457263252,0.2390156831443022,2.79965065023325,1.7141485397381375,0.3125891592675713,1.4867749884670471,1.1935488202539872,4.51847936114462,0.4571314062767313
64.0,5.0,1011.336181640625,0.0598637606626475,2.922558407070316,-0.5114133761607299,3.14797919569819,0.8716608042543044,0.6913536734820047,1.7151291664473578,1.478102370351492,3.404568522003019,2.5469409428089715
64.0,5.0,1005.9246215820312,0.6600018304696809,2.208408201646309,-0.00906597507511,2.784505846876923,0.3472293972856342,1.7621845249117634,1.5973701590591634,0.780958497717289,3.692710282606984,1.0349967017159698
64.0,5.0,1011.1369018554688,0.67605403346003,2.6854840492807512,0.4480361856719868,3.093746222777344,1.467792275849253,0.1597452260723577,0.4746211779382054,0.1009139910217933,3.524147470673773,0.6259770720778038
64.0,5.0,1012.3526000976562,1.5626256806257626,2.659290150354707,1.0192360416971114,3.628741673969497,-0.0180031376296101,1.6054101897790674,1.4416657245311546,0.9013783179103134,3.8833168019253312,-0.0713833397232717
64.0,5.0,1009.1370849609376,0.7879637964296875,2.86086798763516,-0.5492692136403832,4.005514871414867,-0.0617324199467006,1.6792155416662813,1.3839924198004556,-0.7535561677596783,2.5670537000092555,1.96755506025254
64.0,5.0,1007.8631591796876,-1.1004238419070904,2.040108134010074,2.6214015260865926,1.318793766349601,-0.9098512324265178,0.59338357995696,-0.2536180386175659,2.3975458900140763,2.4684745713425125,2.006881671908617
64.0,5.0,1008.098876953125,-0.8147796809248585,0.3342281719875488,3.006662058549599,1.9871280913254004,-0.4145147399035815,-2.8311665984377443,1.1577207493232595,3.0260245156242487,1.6118368877923692,1.4010361817307908
64.0,5.0,1008.0839233398438,1.2167335198856597,2.80475826782774,-1.1227442874882745,3.488432290067122,-0.4462843049189833,1.455127458770392,2.084942978502263,-0.1125910397846416,3.45630009755061,1.7228735690226844
64.0,5.0,1012.1069946289062,1.2834197956761138,2.7778044220122995,3.275043942264455,1.5791346831627822,-0.0845222400339518,-0.7203954665391936,2.12541652316017,2.230720355714056,2.9773612999982406,2.0995897062618187
64.0,5.0,1011.9987182617188,-0.1854962584413977,2.4328410465691803,0.5903086611605746,1.8258468940216763,1.4653923025220692,0.7305588611592846,1.388285362452606,1.4857786790965797,2.2492486969126446,2.682026822948483
64.0,5.0,1008.5807495117188,-1.1296854708761384,1.27481479158309,2.0502892173227423,2.2292205585454017,2.5098519367191656,-2.806331541564716,0.0621222598079862,2.991392073389026,1.7198638927104994,1.795136166154954
64.0,5.0,1009.3678588867188,-0.6462257024028217,2.0879522335571075,2.3584668585638244,1.8114403718029004,0.4387157113497437,1.0190675055745295,0.7151819400535158,0.9130628253168354,4.149404077653832,0.6620540207637502
64.0,5.0,1010.55419921875,1.3609119853476166,2.2442572925745807,-0.7048929742379244,2.8570918759008017,-0.4489786625392882,-0.2909506976836167,1.554789871494397,-0.3222047874305395,2.649637006690254,0.1888174776211002
64.0,5.0,1004.7403564453124,0.4804166552562906,3.142058809388116,-0.507253232726782,3.78275224637308,-0.5671588827166028,1.1261544357254607,1.4122039073154182,0.5007209311294231,3.503301094810195,1.926829920271378
64.0,5.0,1010.22998046875,0.2795600516487113,3.017856204954228,-1.0218566352237597,3.4098899303715866,1.336667768919629,1.2097316160427598,0.1670027454524989,1.3889833901136917,2.7307733298449888,1.5135854717832695
64.0,5.0,1010.8267211914062,-0.234417708326063,0.820182799508509,-0.6647364819631596,2.707876660248528,-0.7269512017081277,2.1429383712266508,0.8474997177831669,-0.3346927654651892,3.890772113002078,0.3006871395372612
64.0,5.0,1008.80126953125,0.9217004744396368,2.1214353904306327,-1.3044693368156477,3.190957823309416,-0.7007990037818577,-0.3589552889177412,0.319708278184359,0.515586092111493,2.30889443468164,1.9837005560869605
64.0,5.0,1011.2684936523438,-1.8615735222518897,2.334534230272584,0.1125369976611058,-0.8989469078486811,1.5171276799932247,1.117228375347138,-0.9235012768303972,3.510170279846564,2.337363313739485,-0.5086976921880382
64.0,5.0,1008.3792724609376,0.6932129179610199,2.2119381673017338,-0.3503953738113749,1.822156521997299,-0.1372999836628923,2.5232862844142536,1.6821731573629513,0.0441187623089383,4.601996350485448,1.2454722758271322
64.0,6.0,1006.11962890625,-0.497682321193742,3.030567283483479,-0.5787679993007673,1.468996806504657,-1.102800242265915,1.463907549460452,-0.3849157258589892,0.1852476260815461,1.9192500309728429,0.8627286160848842
64.0,6.0,1010.1819458007812,1.34039855491981,2.5263082414013533,0.754132713099466,2.979792655363788,1.4085920962711955,1.1271791637117312,1.7383318235755407,0.4403123154185531,3.204968114763417,0.7508077768553236
64.0,6.0,1012.4085083007812,0.5075177436439948,2.94527377169451,-0.6045534402363086,3.2422401761756907,-0.2850908304602408,2.577640262676143,1.917030464166865,1.0889073833156555,3.574340215849764,2.209291677606449
64.0,6.0,1010.1630249023438,0.6968908839535443,3.684584755746717,-0.8320438243533947,4.318783376635609,-0.9788080720093548,1.3121199061885769,1.2255709944480646,-0.1563680565205665,3.713988963579196,1.885770130655541
64.0,6.0,1008.7200927734376,-0.4287496783731845,2.7141488512366587,0.135814598073293,3.5401014516008384,0.8814470060804864,0.100357305462027,1.862612918861468,0.6566611523849353,3.2989985026795114,2.052846431214326
64.0,6.0,1010.2483520507812,1.1254231988091754,2.651770342312758,-0.7048021505193174,3.342925071228907,-0.0225266479283876,1.3113766652818912,0.8829332127807912,0.6550559521874317,3.8330771015010487,1.6878893707375735
64.0,6.0,1006.2119140625,0.4893625390202833,1.7795423029239368,-0.2283334970089545,3.1277989280704825,0.4981169607027755,1.141197769335064,2.5146578201478693,1.975507430672696,4.311031517865723,2.0922100116751228
64.0,6.0,1009.3677978515624,0.3651870821180747,1.9885662669363189,-0.1765833472784848,2.581861028001975,-0.0103796726030012,0.6839290959974864,-0.3766700265942728,1.596808978364511,3.0135712177983,2.145497279031898
64.0,6.0,1011.6639404296876,0.7573595384582045,0.7582686465548556,0.4895754748822517,2.7152178873411845,0.7128308374237888,1.779670071289397,0.3168952380842698,1.1633268803188406,3.7324740872644986,1.206233910917184
64.0,6.0,1009.7267456054688,-0.1098462861549935,0.5977632744182063,0.991723433218864,2.61162769373929,1.2019960575026545,0.6437399969554607,2.439791235189648,1.600687155145789,4.208149540103027,0.6212529143806167
64.0,6.0,1009.6813354492188,0.1161455115816735,3.245793560938793,0.4325723585400611,2.3720985621718214,-0.5215074805597488,0.9997665786388898,0.0206361048560082,1.5576153157035773,4.016995288968482,0.400338051896584
64.0,6.0,1010.7142333984376,0.2308039387101995,1.0843776281323958,-0.2810584491461228,3.2263106769677745,-0.685279548614131,1.0672976121891036,0.9080813439595212,2.547529820071796,2.83996096551883,1.4544645898142194
64.0,6.0,1010.5481567382812,0.008798720499148,2.525667345405728,0.3988488099360407,2.50711334501774,-0.0291436451700617,1.834871323315507,1.2764918391461442,0.0566443092189997,3.346865709615877,1.431372939995535
64.0,6.0,1008.02392578125,0.4157781725289169,3.1116312044452403,0.738613549167716,2.1782039990654205,0.3067127224573553,0.6973450109994406,0.8035606332645688,0.8512265264042269,1.7902123298072925,1.808400088302096
64.0,6.0,1011.7482299804688,0.7611324236767223,3.3028516726119475,-1.4371237537188666,4.267509785466803,-1.1900080162561353,0.6969086142874903,1.2157926452074532,0.6772894941929655,3.848313473774641,1.9296582551774089
64.0,6.0,1010.5761108398438,1.2741456414502004,2.8332032278443102,1.3698259597239602,2.331012513155885,-0.4648571500429028,2.562277469219883,1.3855403360097924,0.5028716765724929,4.114368549126794,2.7031138777281893
64.0,6.0,1012.1366577148438,0.8785955728560607,3.9873575941552506,1.2752709691278472,3.852802400309416,-1.06125281561589,1.732101806385928,1.505914116927782,0.1514042890591117,3.587736863393456,0.6829249336598595
64.0,6.0,1011.9922485351562,0.4926309509323805,3.224454681322789,0.1235311971174578,4.138434658269134,0.5128557805494283,0.9398660413943858,0.9061768583420028,2.0033772010979334,2.0475203258589296,2.3507167657085133
64.0,6.0,1010.0529174804688,-1.2734083945877488,2.3505706441397987,1.9297742330248333,2.53048495063315,3.0005175929025985,0.5664624957674262,0.1711409525532072,2.2201351376790663,4.339750370396459,1.8664694266357127
64.0,6.0,1011.687255859375,-2.086941362014333,0.23884676795792,0.7368869492753092,2.226208288787164,1.3031461489651028,2.0046130998119787,0.1210867477039836,0.960106660747838,2.314765579080935,1.7613978033974425
64.0,6.0,1008.01171875,0.5332373484236946,3.0943695992587874,0.2284105229734127,2.022873613217147,1.019537849769935,1.7477099976796442,0.9424464534919864,1.8498474128298388,3.1055163676550563,0.3650473660836795
64.0,6.0,1007.3286743164062,0.5752754045657884,3.184443973985288,-0.6493801759597769,3.5754829422461656,-0.3962052041628998,0.9649383889986938,1.615024628609807,0.0783724077716743,4.335754377790092,0.4525741548075102
64.0,6.0,1010.800537109375,1.1220526302349454,2.7742241823875498,-0.2121242610471863,3.4847712811215974,1.8779022291921,0.9859943615215272,0.885716556198664,0.3070785322713321,2.0464102813368426,2.7378789998665845
64.0,6.0,1010.4002075195312,-0.2423459669927568,2.960080004471693,-0.7862196777258668,3.689484710201575,-0.3469805565179418,1.7192797586022524,2.503380477961461,3.777824489707117,3.130496076417113,1.9637144279821903
64.0,6.0,1008.5731811523438,-1.2135971361285185,1.3009983436939887,0.1175130497356176,1.0761904066280783,-1.682870304983474,0.1240845670951209,0.9798745359776376,0.4957338067220513,3.37852781062182,1.452662099066011
64.0,6.0,1010.52197265625,1.2580631502175357,3.689709997810001,-1.536387463785756,4.247714772907128,-1.32184351453934,1.4869024717119288,1.4299475820128875,0.1829630763692384,2.8842821198589395,0.4973410257696421
64.0,6.0,1009.5761108398438,0.6903800621137739,3.198952583078279,0.4966575108287281,4.502758885374975,-1.0075852574688984,1.6335170047938246,0.8670770360456743,0.9685065397211512,4.159868895004188,2.2271498767706888
64.0,6.0,1008.7598876953124,-0.6576211247808099,2.55198308533074,0.562248298769053,1.8893157861145609,1.4578573843842686,-0.4817692765649642,1.4482385041902155,-0.2275356021795329,3.429728383710733,1.6895383020991332
64.0,6.0,1009.9306640625,0.6257841377056135,0.3402574357559118,-0.2177265693162895,-0.1882588656172226,1.253972019025122,0.9353533899032048,0.9288701809043648,0.5487525475366652,4.875501508879811,1.248601575270353
64.0,6.0,1013.2847900390624,1.556244859081212,2.424822477139133,-0.9129027299234832,2.9907627553867817,0.4566217450763266,2.825927207700384,1.5210823920623289,1.6508910695414871,3.297622114236605,0.3253408304564752
64.0,6.0,1011.4930419921876,0.3546994920244126,2.698718328384771,0.4956520378304554,2.32056949303933,0.8999221906222528,0.1804638415025081,1.389451050018418,0.2321627596539821,3.3090983111840977,2.645842033840863
64.0,6.0,1009.6378784179688,0.3582115777136955,3.324719846708401,-0.3705195801036918,3.414835453156326,0.1904703680965968,0.4625817500033267,1.168367697338049,0.4497797738382822,4.294230833176496,2.950614767245064
64.0,6.0,1005.9246215820312,0.6600018304696809,2.208408201646309,-0.00906597507511,2.784505846876923,0.3472293972856342,1.7621845249117634,1.5973701590591634,0.780958497717289,3.692710282606984,1.0349967017159698
64.0,6.0,1011.1369018554688,0.67605403346003,2.6854840492807512,0.4480361856719868,3.093746222777344,1.467792275849253,0.1597452260723577,0.4746211779382054,0.1009139910217933,3.524147470673773,0.6259770720778038
64.0,6.0,1012.3526000976562,1.5626256806257626,2.659290150354707,1.0192360416971114,3.628741673969497,-0.0180031376296101,1.6054101897790674,1.4416657245311546,0.9013783179103134,3.8833168019253312,-0.0713833397232717
64.0,6.0,1009.1370849609376,0.7879637964296875,2.86086798763516,-0.5492692136403832,4.005514871414867,-0.0617324199467006,1.6792155416662813,1.3839924198004556,-0.7535561677596783,2.5670537000092555,1.96755506025254
64.0,6.0,1007.8631591796876,-1.1004238419070904,2.040108134010074,2.6214015260865926,1.318793766349601,-0.9098512324265178,0.59338357995696,-0.2536180386175659,2.3975458900140763,2.4684745713425125,2.006881671908617
64.0,6.0,1008.098876953125,-0.8147796809248585,0.3342281719875488,3.006662058549599,1.9871280913254004,-0.4145147399035815,-2.8311665984377443,1.1577207493232595,3.0260245156242487,1.6118368877923692,1.4010361817307908
64.0,6.0,1008.0839233398438,1.2167335198856597,2.80475826782774,-1.1227442874882745,3.488432290067122,-0.4462843049189833,1.455127458770392,2.084942978502263,-0.1125910397846416,3.45630009755061,1.7228735690226844
64.0,6.0,1012.1069946289062,1.2834197956761138,2.7778044220122995,3.275043942264455,1.5791346831627822,-0.0845222400339518,-0.7203954665391936,2.12541652316017,2.230720355714056,2.9773612999982406,2.0995897062618187
64.0,6.0,1011.9987182617188,-0.1854962584413977,2.4328410465691803,0.5903086611605746,1.8258468940216763,1.4653923025220692,0.7305588611592846,1.388285362452606,1.4857786790965797,2.2492486969126446,2.682026822948483
64.0,6.0,1008.5807495117188,-1.1296854708761384,1.27481479158309,2.0502892173227423,2.2292205585454017,2.5098519367191656,-2.806331541564716,0.0621222598079862,2.991392073389026,1.7198638927104994,1.795136166154954
64.0,6.0,1009.3678588867188,-0.6462257024028217,2.0879522335571075,2.3584668585638244,1.8114403718029004,0.4387157113497437,1.0190675055745295,0.7151819400535158,0.9130628253168354,4.149404077653832,0.6620540207637502
64.0,6.0,1010.55419921875,1.3609119853476166,2.2442572925745807,-0.7048929742379244,2.8570918759008017,-0.4489786625392882,-0.2909506976836167,1.554789871494397,-0.3222047874305395,2.649637006690254,0.1888174776211002
64.0,6.0,1004.7403564453124,0.4804166552562906,3.142058809388116,-0.507253232726782,3.78275224637308,-0.5671588827166028,1.1261544357254607,1.4122039073154182,0.5007209311294231,3.503301094810195,1.926829920271378
64.0,6.0,1010.22998046875,0.2795600516487113,3.017856204954228,-1.0218566352237597,3.4098899303715866,1.336667768919629,1.2097316160427598,0.1670027454524989,1.3889833901136917,2.7307733298449888,1.5135854717832695
64.0,6.0,1009.4701538085938,0.8301632220793187,2.820182799508509,-0.8870590210097379,3.649885046164975,-1.4690367451753503,1.2169966198666835,1.7096687732312046,-0.5909118746200892,3.72195380400773,2.300687139537261
64.0,6.0,1008.80126953125,0.9217004744396368,2.1214353904306327,-1.3044693368156477,3.190957823309416,-0.7007990037818577,-0.3589552889177412,0.319708278184359,0.515586092111493,2.30889443468164,1.9837005560869605
64.0,6.0,1011.2684936523438,-1.8615735222518897,2.334534230272584,0.1125369976611058,-0.8989469078486811,1.5171276799932247,1.117228375347138,-0.9235012768303972,3.510170279846564,2.337363313739485,-0.5086976921880382
64.0,6.0,1008.3792724609376,0.6932129179610199,2.2119381673017338,-0.3503953738113749,1.822156521997299,-0.1372999836628923,2.5232862844142536,1.6821731573629513,0.0441187623089383,4.601996350485448,1.2454722758271322
64.0,7.0,1006.11962890625,-0.497682321193742,3.030567283483479,-0.5787679993007673,1.468996806504657,-1.102800242265915,1.463907549460452,-0.3849157258589892,0.1852476260815461,1.9192500309728429,0.8627286160848842
64.0,7.0,1010.1819458007812,1.34039855491981,2.5263082414013533,0.754132713099466,2.979792655363788,1.4085920962711955,1.1271791637117312,1.7383318235755407,0.4403123154185531,3.204968114763417,0.7508077768553236
64.0,7.0,1010.44189453125,0.4689639999019883,2.9710930397607265,-0.5862153341875052,2.9736016384511985,-0.1186940078079801,1.9849343124542649,1.8213958619619888,0.8143223582521979,3.5606524725463897,1.0392531236853446
64.0,7.0,1007.6607055664062,0.7528112446894505,3.1522536284043383,-0.5665184005922115,4.045952050495025,-0.7945597910333166,1.105523864894017,1.0238977045891955,0.4141197744681694,3.4787713495883,1.956160436920028
64.0,7.0,1008.7200927734376,-0.4287496783731845,2.7141488512366587,0.135814598073293,3.5401014516008384,0.8814470060804864,0.100357305462027,1.862612918861468,0.6566611523849353,3.2989985026795114,2.052846431214326
64.0,7.0,1010.2483520507812,1.1254231988091754,2.651770342312758,-0.7048021505193174,3.342925071228907,-0.0225266479283876,1.3113766652818912,0.8829332127807912,0.6550559521874317,3.8330771015010487,1.6878893707375735
64.0,7.0,1006.2119140625,0.4893625390202833,1.7795423029239368,-0.2283334970089545,3.1277989280704825,0.4981169607027755,1.141197769335064,2.5146578201478693,1.975507430672696,4.311031517865723,2.0922100116751228
64.0,7.0,1009.3677978515624,0.3651870821180747,1.9885662669363189,-0.1765833472784848,2.581861028001975,-0.0103796726030012,0.6839290959974864,-0.3766700265942728,1.596808978364511,3.0135712177983,2.145497279031898
64.0,7.0,1009.38330078125,0.6470373816635562,2.1302617055119093,0.197015363234022,2.9438109531110177,0.8381787746554662,2.1732122375294702,0.3725776506993059,1.4604053364641845,2.573021503857912,0.7461238357973721
64.0,7.0,1009.7267456054688,-0.1098462861549935,0.5977632744182063,0.991723433218864,2.61162769373929,1.2019960575026545,0.6437399969554607,2.439791235189648,1.600687155145789,4.208149540103027,0.6212529143806167
64.0,7.0,1009.6813354492188,0.1161455115816735,3.245793560938793,0.4325723585400611,2.3720985621718214,-0.5215074805597488,0.9997665786388898,0.0206361048560082,1.5576153157035773,4.016995288968482,0.400338051896584
64.0,7.0,1010.7142333984376,0.2308039387101995,1.0843776281323958,-0.2810584491461228,3.2263106769677745,-0.685279548614131,1.0672976121891036,0.9080813439595212,2.547529820071796,2.83996096551883,1.4544645898142194
64.0,7.0,1010.5481567382812,0.008798720499148,2.525667345405728,0.3988488099360407,2.50711334501774,-0.0291436451700617,1.834871323315507,1.2764918391461442,0.0566443092189997,3.346865709615877,1.431372939995535
64.0,7.0,1007.143798828125,0.7762461538352123,2.593028683463827,0.3012984908373977,1.7172840410422243,-0.1497621235852731,1.7603122732031682,0.5605421817306516,0.5336316981596247,0.9214629252908072,1.5912971121135435
64.0,7.0,1008.1273803710938,0.6368268079883882,2.8589444199280782,-0.7146863662214917,3.881587611852962,-1.627527026501025,1.0253459777136271,1.1765323219339314,0.7777861241241981,3.951662307332839,1.5761363206848222
64.0,7.0,1006.5872802734376,0.2656690085363156,2.8994275720441487,-0.0359203097652873,2.439288483665521,-0.403613583524778,2.160790506390417,1.4511060060394816,0.484404972217794,3.372222679109396,2.807072668682597
64.0,7.0,1012.1366577148438,0.8785955728560607,3.9873575941552506,1.2752709691278472,3.852802400309416,-1.06125281561589,1.732101806385928,1.505914116927782,0.1514042890591117,3.587736863393456,0.6829249336598595
64.0,7.0,1009.96923828125,0.9265712398956332,3.1570324611245058,-0.1024714666702497,2.887648745224117,-1.1151430633206316,0.6074911864681184,1.7434632785993651,1.5232392249981477,4.288105156727097,1.1054816481005638
64.0,7.0,1009.66650390625,1.212960934552265,2.2875732958713417,0.1959410910746681,3.6841926041631208,0.5670699500495111,0.4037506033143697,1.11740851990969,1.2856319075518412,4.033120457991069,1.334408579237409
64.0,7.0,1011.687255859375,-2.086941362014333,0.23884676795792,0.7368869492753092,2.226208288787164,1.3031461489651028,2.0046130998119787,0.1210867477039836,0.960106660747838,2.314765579080935,1.7613978033974425
64.0,7.0,1008.01171875,0.5332373484236946,3.0943695992587874,0.2284105229734127,2.022873613217147,1.019537849769935,1.7477099976796442,0.9424464534919864,1.8498474128298388,3.1055163676550563,0.3650473660836795
64.0,7.0,1007.3286743164062,0.5752754045657884,3.184443973985288,-0.6493801759597769,3.5754829422461656,-0.3962052041628998,0.9649383889986938,1.615024628609807,0.0783724077716743,4.335754377790092,0.4525741548075102
64.0,7.0,1006.9320068359376,0.8640467972366886,3.304000435192095,-0.454895517885008,3.4405379763267088,0.4082962464330029,1.2535327613274252,2.170528320880867,0.1181603339267786,2.990732008261166,2.4223930349754945
64.0,7.0,1009.5479736328124,-0.660067323657469,2.849880463218009,-0.4847995174194719,3.620546244250165,-1.201561119894698,1.25401508085639,2.73254490611244,2.9075632102874955,2.8758946500557663,1.7767987683756037
64.0,7.0,1008.5731811523438,-1.2135971361285185,1.3009983436939887,0.1175130497356176,1.0761904066280783,-1.682870304983474,0.1240845670951209,0.9798745359776376,0.4957338067220513,3.37852781062182,1.452662099066011
64.0,7.0,1010.52197265625,1.2580631502175357,3.689709997810001,-1.536387463785756,4.247714772907128,-1.32184351453934,1.4869024717119288,1.4299475820128875,0.1829630763692384,2.8842821198589395,0.4973410257696421
64.0,7.0,1009.5761108398438,0.6903800621137739,3.198952583078279,0.4966575108287281,4.502758885374975,-1.0075852574688984,1.6335170047938246,0.8670770360456743,0.9685065397211512,4.159868895004188,2.2271498767706888
64.0,7.0,1008.7598876953124,-0.6576211247808099,2.55198308533074,0.562248298769053,1.8893157861145609,1.4578573843842686,-0.4817692765649642,1.4482385041902155,-0.2275356021795329,3.429728383710733,1.6895383020991332
64.0,7.0,1009.9306640625,0.6257841377056135,0.3402574357559118,-0.2177265693162895,-0.1882588656172226,1.253972019025122,0.9353533899032048,0.9288701809043648,0.5487525475366652,4.875501508879811,1.248601575270353
64.0,7.0,1013.2847900390624,1.556244859081212,2.424822477139133,-0.9129027299234832,2.9907627553867817,0.4566217450763266,2.825927207700384,1.5210823920623289,1.6508910695414871,3.297622114236605,0.3253408304564752
64.0,7.0,1010.5576782226562,0.7497853940740562,2.7991753357810563,-0.6440775433685457,3.160898144389717,-0.8924695439853376,0.8640189231163934,1.5176972473981465,-0.3449855521676384,3.469741845848936,2.133870841540983
64.0,7.0,1009.6378784179688,0.3582115777136955,3.324719846708401,-0.3705195801036918,3.414835453156326,0.1904703680965968,0.4625817500033267,1.168367697338049,0.4497797738382822,4.294230833176496,2.950614767245064
64.0,7.0,1005.9246215820312,0.6600018304696809,2.208408201646309,-0.00906597507511,2.784505846876923,0.3472293972856342,1.7621845249117634,1.5973701590591634,0.780958497717289,3.692710282606984,1.0349967017159698
64.0,7.0,1011.1369018554688,0.67605403346003,2.6854840492807512,0.4480361856719868,3.093746222777344,1.467792275849253,0.1597452260723577,0.4746211779382054,0.1009139910217933,3.524147470673773,0.6259770720778038
64.0,7.0,1009.5986328125,-0.0006013654294587,2.8519434235080574,-0.2638338129000903,2.524610759375772,0.406142666245349,1.812471315037557,1.9232765391330884,0.692000421579665,3.526378119707267,1.363817336190289
64.0,7.0,1009.1370849609376,0.7879637964296875,2.86086798763516,-0.5492692136403832,4.005514871414867,-0.0617324199467006,1.6792155416662813,1.3839924198004556,-0.7535561677596783,2.5670537000092555,1.96755506025254
64.0,7.0,1007.8631591796876,-1.1004238419070904,2.040108134010074,2.6214015260865926,1.318793766349601,-0.9098512324265178,0.59338357995696,-0.2536180386175659,2.3975458900140763,2.4684745713425125,2.006881671908617
64.0,7.0,1008.098876953125,-0.8147796809248585,0.3342281719875488,3.006662058549599,1.9871280913254004,-0.4145147399035815,-2.8311665984377443,1.1577207493232595,3.0260245156242487,1.6118368877923692,1.4010361817307908
64.0,7.0,1008.0839233398438,1.2167335198856597,2.80475826782774,-1.1227442874882745,3.488432290067122,-0.4462843049189833,1.455127458770392,2.084942978502263,-0.1125910397846416,3.45630009755061,1.7228735690226844
64.0,7.0,1011.7994995117188,1.9104719053287549,2.616706962336977,1.680879159518138,2.7789993047184804,-0.2620984018456613,1.499898197681258,1.1882634584505138,0.6191502957628054,4.394801147159201,2.047960459861543
64.0,7.0,1011.6658935546876,0.9211108151401228,1.8393633428321488,-0.8379741363405928,2.153261021730305,-0.6395215206857292,1.718968665313007,1.539088864421369,2.369810562943241,3.827148941859393,1.1490136919202187
64.0,7.0,1008.5807495117188,-1.1296854708761384,1.27481479158309,2.0502892173227423,2.2292205585454017,2.5098519367191656,-2.806331541564716,0.0621222598079862,2.991392073389026,1.7198638927104994,1.795136166154954
64.0,7.0,1009.1349487304688,-0.5008670090845526,1.904431746363433,0.9752413567966016,2.910044577829115,-0.4253914118663623,1.5929116897163924,2.1076253410758725,0.3886509110847927,4.021414765430807,0.7159355593386953
64.0,7.0,1009.960205078125,0.8052558129030596,1.5703427653889772,-0.4918535261237258,3.2522250675073443,-0.954636548104132,-0.9992903860804628,1.095977115936579,0.2230923096871656,2.6566698752389843,1.0339785585772838
64.0,7.0,1004.7403564453124,0.4804166552562906,3.142058809388116,-0.507253232726782,3.78275224637308,-0.5671588827166028,1.1261544357254607,1.4122039073154182,0.5007209311294231,3.503301094810195,1.926829920271378
64.0,7.0,1010.22998046875,0.2795600516487113,3.017856204954228,-1.0218566352237597,3.4098899303715866,1.336667768919629,1.2097316160427598,0.1670027454524989,1.3889833901136917,2.7307733298449888,1.5135854717832695
64.0,7.0,1009.4701538085938,0.8301632220793187,2.820182799508509,-0.8870590210097379,3.649885046164975,-1.4690367451753503,1.2169966198666835,1.7096687732312046,-0.5909118746200892,3.72195380400773,2.300687139537261
64.0,7.0,1008.80126953125,0.9217004744396368,2.1214353904306327,-1.3044693368156477,3.190957823309416,-0.7007990037818577,-0.3589552889177412,0.319708278184359,0.515586092111493,2.30889443468164,1.9837005560869605
64.0,7.0,1009.3375854492188,-0.0380297106438831,3.084368559463543,-0.0323126167931108,0.5339046297527181,1.354371370937963,1.889482971307439,-0.6721299865073398,2.135095603498573,1.3569490268599536,0.9623099239039424
64.0,7.0,1008.3792724609376,0.6932129179610199,2.2119381673017338,-0.3503953738113749,1.822156521997299,-0.1372999836628923,2.5232862844142536,1.6821731573629513,0.0441187623089383,4.601996350485448,1.2454722758271322
64.0,8.0,1006.11962890625,-0.497682321193742,3.030567283483479,-0.5787679993007673,1.468996806504657,-1.102800242265915,1.463907549460452,-0.3849157258589892,0.1852476260815461,1.9192500309728429,0.8627286160848842
64.0,8.0,1009.4053344726562,0.1576054468773474,3.347257891185454,0.5793134225127278,3.498550839347293,-0.1797881333659177,1.3527459643145912,1.430065697959822,0.5586174965384875,3.642686932253776,1.645003506138166
64.0,8.0,1009.4093017578124,0.4778883978923666,3.0188099849152703,-0.4390287656432159,4.0301047252538265,-0.3960348949706889,0.5335168945360924,1.3694067502349,0.4612508908964637,3.4446713392575865,0.5646152510985445
64.0,8.0,1007.6607055664062,0.7528112446894505,3.1522536284043383,-0.5665184005922115,4.045952050495025,-0.7945597910333166,1.105523864894017,1.0238977045891955,0.4141197744681694,3.4787713495883,1.956160436920028
64.0,8.0,1008.7200927734376,-0.4287496783731845,2.7141488512366587,0.135814598073293,3.5401014516008384,0.8814470060804864,0.100357305462027,1.862612918861468,0.6566611523849353,3.2989985026795114,2.052846431214326
64.0,8.0,1010.2483520507812,1.1254231988091754,2.651770342312758,-0.7048021505193174,3.342925071228907,-0.0225266479283876,1.3113766652818912,0.8829332127807912,0.6550559521874317,3.8330771015010487,1.6878893707375735
64.0,8.0,1006.2119140625,0.4893625390202833,1.7795423029239368,-0.2283334970089545,3.1277989280704825,0.4981169607027755,1.141197769335064,2.5146578201478693,1.975507430672696,4.311031517865723,2.0922100116751228
64.0,8.0,1009.3677978515624,0.3651870821180747,1.9885662669363189,-0.1765833472784848,2.581861028001975,-0.0103796726030012,0.6839290959974864,-0.3766700265942728,1.596808978364511,3.0135712177983,2.145497279031898
64.0,8.0,1009.38330078125,0.6470373816635562,2.1302617055119093,0.197015363234022,2.9438109531110177,0.8381787746554662,2.1732122375294702,0.3725776506993059,1.4604053364641845,2.573021503857912,0.7461238357973721
64.0,8.0,1004.5355224609376,-0.2067583177486083,2.156645823399848,1.1237471826284795,3.780946817479548,-0.5114493991580722,1.3470285072754011,1.5426076556614716,0.9251629364195506,3.6326501297850458,1.193605314089168
64.0,8.0,1009.6813354492188,0.1161455115816735,3.245793560938793,0.4325723585400611,2.3720985621718214,-0.5215074805597488,0.9997665786388898,0.0206361048560082,1.5576153157035773,4.016995288968482,0.400338051896584
64.0,8.0,1010.7142333984376,0.2308039387101995,1.0843776281323958,-0.2810584491461228,3.2263106769677745,-0.685279548614131,1.0672976121891036,0.9080813439595212,2.547529820071796,2.83996096551883,1.4544645898142194
64.0,8.0,1008.2164916992188,0.5580556779076256,2.383279137806421,-0.6564993668382444,2.8649404182394846,0.1788457001234297,1.7702939559078874,1.2130720299313382,0.6010096226642991,3.428949899942337,1.4479553787297892
64.0,8.0,1007.143798828125,0.7762461538352123,2.593028683463827,0.3012984908373977,1.7172840410422243,-0.1497621235852731,1.7603122732031682,0.5605421817306516,0.5336316981596247,0.9214629252908072,1.5912971121135435
64.0,8.0,1008.1273803710938,0.6368268079883882,2.8589444199280782,-0.7146863662214917,3.881587611852962,-1.627527026501025,1.0253459777136271,1.1765323219339314,0.7777861241241981,3.951662307332839,1.5761363206848222
64.0,8.0,1006.5872802734376,0.2656690085363156,2.8994275720441487,-0.0359203097652873,2.439288483665521,-0.403613583524778,2.160790506390417,1.4511060060394816,0.484404972217794,3.372222679109396,2.807072668682597
64.0,8.0,1012.1366577148438,0.8785955728560607,3.9873575941552506,1.2752709691278472,3.852802400309416,-1.06125281561589,1.732101806385928,1.505914116927782,0.1514042890591117,3.587736863393456,0.6829249336598595
64.0,8.0,1005.5903930664062,1.0850608351254831,3.0729081885232894,-0.0173533722472141,2.6411138831518057,-0.5004146304737389,1.436460637911377,1.5780674897249076,1.4846329996870586,4.064692075809855,0.3497848194679321
64.0,8.0,1009.66650390625,1.212960934552265,2.2875732958713417,0.1959410910746681,3.6841926041631208,0.5670699500495111,0.4037506033143697,1.11740851990969,1.2856319075518412,4.033120457991069,1.334408579237409
64.0,8.0,1011.4223022460938,-2.480873367702824,4.098357633124479,0.3624420445924827,3.420954204394145,1.5802949273794922,1.1502294752194104,0.6699483472256171,0.7117280083357119,2.4358887403387497,2.058556272283929
64.0,8.0,1008.01171875,0.5332373484236946,3.0943695992587874,0.2284105229734127,2.022873613217147,1.019537849769935,1.7477099976796442,0.9424464534919864,1.8498474128298388,3.1055163676550563,0.3650473660836795
64.0,8.0,1007.3286743164062,0.5752754045657884,3.184443973985288,-0.6493801759597769,3.5754829422461656,-0.3962052041628998,0.9649383889986938,1.615024628609807,0.0783724077716743,4.335754377790092,0.4525741548075102
64.0,8.0,1006.9320068359376,0.8640467972366886,3.304000435192095,-0.454895517885008,3.4405379763267088,0.4082962464330029,1.2535327613274252,2.170528320880867,0.1181603339267786,2.990732008261166,2.4223930349754945
64.0,8.0,1009.197998046875,0.9964919322910708,3.22868223456852,-0.4794957339410787,3.839628875489657,-1.3285019736583392,0.8491320628218171,0.73254490611244,0.9075632102874956,4.139012599807902,2.1333929888797494
64.0,8.0,1007.7412109375,0.5068917788282048,3.6531207789104014,1.1393402186706427,3.496809414280172,-0.3924562269735168,1.612480383882533,0.1475310465962566,0.0524780184412267,3.339541668026925,0.8203577678991931
64.0,8.0,1010.52197265625,1.2580631502175357,3.689709997810001,-1.536387463785756,4.247714772907128,-1.32184351453934,1.4869024717119288,1.4299475820128875,0.1829630763692384,2.8842821198589395,0.4973410257696421
64.0,8.0,1009.5761108398438,0.6903800621137739,3.198952583078279,0.4966575108287281,4.502758885374975,-1.0075852574688984,1.6335170047938246,0.8670770360456743,0.9685065397211512,4.159868895004188,2.2271498767706888
64.0,8.0,1008.7598876953124,-0.6576211247808099,2.55198308533074,0.562248298769053,1.8893157861145609,1.4578573843842686,-0.4817692765649642,1.4482385041902155,-0.2275356021795329,3.429728383710733,1.6895383020991332
64.0,8.0,1009.9306640625,0.6257841377056135,0.3402574357559118,-0.2177265693162895,-0.1882588656172226,1.253972019025122,0.9353533899032048,0.9288701809043648,0.5487525475366652,4.875501508879811,1.248601575270353
64.0,8.0,1013.1587524414062,0.0826321553695658,2.180593270222848,-0.6150901154564972,2.451534040855973,-1.0289666766161618,3.054687541034858,1.7670266444952798,-0.0825434495019452,4.140309523312527,1.1066060833215432
64.0,8.0,1008.7456665039062,0.7842374151696674,3.139110540218078,-1.0288465257110313,4.029683831905636,-1.3903322969175846,1.2371820927852002,1.4843917965321436,0.1696485096970561,3.543699883918997,1.623176727318091
64.0,8.0,1009.6378784179688,0.3582115777136955,3.324719846708401,-0.3705195801036918,3.414835453156326,0.1904703680965968,0.4625817500033267,1.168367697338049,0.4497797738382822,4.294230833176496,2.950614767245064
64.0,8.0,1005.9246215820312,0.6600018304696809,2.208408201646309,-0.00906597507511,2.784505846876923,0.3472293972856342,1.7621845249117634,1.5973701590591634,0.780958497717289,3.692710282606984,1.0349967017159698
64.0,8.0,1011.1369018554688,0.67605403346003,2.6854840492807512,0.4480361856719868,3.093746222777344,1.467792275849253,0.1597452260723577,0.4746211779382054,0.1009139910217933,3.524147470673773,0.6259770720778038
64.0,8.0,1009.5986328125,-0.0006013654294587,2.8519434235080574,-0.2638338129000903,2.524610759375772,0.406142666245349,1.812471315037557,1.9232765391330884,0.692000421579665,3.526378119707267,1.363817336190289
64.0,8.0,1009.1370849609376,0.7879637964296875,2.86086798763516,-0.5492692136403832,4.005514871414867,-0.0617324199467006,1.6792155416662813,1.3839924198004556,-0.7535561677596783,2.5670537000092555,1.96755506025254
64.0,8.0,1007.8631591796876,-1.1004238419070904,2.040108134010074,2.6214015260865926,1.318793766349601,-0.9098512324265178,0.59338357995696,-0.2536180386175659,2.3975458900140763,2.4684745713425125,2.006881671908617
64.0,8.0,1007.6941528320312,-0.9191563805964992,-0.0739405032805775,1.058587782348256,2.5088568339158472,-0.4944091546357916,0.0149281589082759,1.2909744872868127,0.725586256491825,1.7227688893335578,1.4566318141616184
64.0,8.0,1004.4985961914062,1.5264166200797986,3.0640212166161023,-0.215819897253269,3.5490497273888275,-0.2048867388282806,1.0826619122252867,1.0511392207255632,-0.0170243374408754,3.2973942147249127,1.6821927523441609
64.0,8.0,1011.7994995117188,1.9104719053287549,2.616706962336977,1.680879159518138,2.7789993047184804,-0.2620984018456613,1.499898197681258,1.1882634584505138,0.6191502957628054,4.394801147159201,2.047960459861543
64.0,8.0,1010.9767456054688,0.2280489869467317,2.55838825920563,-1.1991385353680226,3.7588077433374254,-1.3109506996199751,1.8963909354088284,1.344443922039202,0.3698105629432415,4.597348284507419,0.8463308168165227
64.0,8.0,1008.5807495117188,-1.1296854708761384,1.27481479158309,2.0502892173227423,2.2292205585454017,2.5098519367191656,-2.806331541564716,0.0621222598079862,2.991392073389026,1.7198638927104994,1.795136166154954
64.0,8.0,1009.1349487304688,-0.5008670090845526,1.904431746363433,0.9752413567966016,2.910044577829115,-0.4253914118663623,1.5929116897163924,2.1076253410758725,0.3886509110847927,4.021414765430807,0.7159355593386953
64.0,8.0,1009.960205078125,0.8052558129030596,1.5703427653889772,-0.4918535261237258,3.2522250675073443,-0.954636548104132,-0.9992903860804628,1.095977115936579,0.2230923096871656,2.6566698752389843,1.0339785585772838
64.0,8.0,1004.7403564453124,0.4804166552562906,3.142058809388116,-0.507253232726782,3.78275224637308,-0.5671588827166028,1.1261544357254607,1.4122039073154182,0.5007209311294231,3.503301094810195,1.926829920271378
64.0,8.0,1010.22998046875,0.2795600516487113,3.017856204954228,-1.0218566352237597,3.4098899303715866,1.336667768919629,1.2097316160427598,0.1670027454524989,1.3889833901136917,2.7307733298449888,1.5135854717832695
64.0,8.0,1009.4701538085938,0.8301632220793187,2.820182799508509,-0.8870590210097379,3.649885046164975,-1.4690367451753503,1.2169966198666835,1.7096687732312046,-0.5909118746200892,3.72195380400773,2.300687139537261
64.0,8.0,1008.80126953125,0.9217004744396368,2.1214353904306327,-1.3044693368156477,3.190957823309416,-0.7007990037818577,-0.3589552889177412,0.319708278184359,0.515586092111493,2.30889443468164,1.9837005560869605
64.0,8.0,1006.3341674804688,0.3888189065196371,3.19098221928363,-0.1105807418434687,1.6343787111994237,-0.2754166168800518,2.218191842362917,0.4045750418654998,0.1350956034985735,3.3569490268599536,2.403341908698976
64.0,8.0,1008.3792724609376,0.6932129179610199,2.2119381673017338,-0.3503953738113749,1.822156521997299,-0.1372999836628923,2.5232862844142536,1.6821731573629513,0.0441187623089383,4.601996350485448,1.2454722758271322
64.0,9.0,1006.11962890625,-0.497682321193742,3.030567283483479,-0.5787679993007673,1.468996806504657,-1.102800242265915,1.463907549460452,-0.3849157258589892,0.1852476260815461,1.9192500309728429,0.8627286160848842
64.0,9.0,1009.4053344726562,0.1576054468773474,3.347257891185454,0.5793134225127278,3.498550839347293,-0.1797881333659177,1.3527459643145912,1.430065697959822,0.5586174965384875,3.642686932253776,1.645003506138166
64.0,9.0,1009.0829467773438,0.8630510703406074,3.042162601692519,0.0499007970946795,3.444385546090999,-0.4990480464304719,0.4354218116662556,0.8949753203271813,0.0055477473743663,3.180798182955301,0.7925675791512008
64.0,9.0,1007.6607055664062,0.7528112446894505,3.1522536284043383,-0.5665184005922115,4.045952050495025,-0.7945597910333166,1.105523864894017,1.0238977045891955,0.4141197744681694,3.4787713495883,1.956160436920028
64.0,9.0,1008.7200927734376,-0.4287496783731845,2.7141488512366587,0.135814598073293,3.5401014516008384,0.8814470060804864,0.100357305462027,1.862612918861468,0.6566611523849353,3.2989985026795114,2.052846431214326
64.0,9.0,1010.2483520507812,1.1254231988091754,2.651770342312758,-0.7048021505193174,3.342925071228907,-0.0225266479283876,1.3113766652818912,0.8829332127807912,0.6550559521874317,3.8330771015010487,1.6878893707375735
64.0,9.0,1006.2119140625,0.4893625390202833,1.7795423029239368,-0.2283334970089545,3.1277989280704825,0.4981169607027755,1.141197769335064,2.5146578201478693,1.975507430672696,4.311031517865723,2.0922100116751228
64.0,9.0,1009.3677978515624,0.3651870821180747,1.9885662669363189,-0.1765833472784848,2.581861028001975,-0.0103796726030012,0.6839290959974864,-0.3766700265942728,1.596808978364511,3.0135712177983,2.145497279031898
64.0,9.0,1009.38330078125,0.6470373816635562,2.1302617055119093,0.197015363234022,2.9438109531110177,0.8381787746554662,2.1732122375294702,0.3725776506993059,1.4604053364641845,2.573021503857912,0.7461238357973721
64.0,9.0,1004.5355224609376,-0.2067583177486083,2.156645823399848,1.1237471826284795,3.780946817479548,-0.5114493991580722,1.3470285072754011,1.5426076556614716,0.9251629364195506,3.6326501297850458,1.193605314089168
64.0,9.0,1009.6813354492188,0.1161455115816735,3.245793560938793,0.4325723585400611,2.3720985621718214,-0.5215074805597488,0.9997665786388898,0.0206361048560082,1.5576153157035773,4.016995288968482,0.400338051896584
64.0,9.0,1010.7142333984376,0.2308039387101995,1.0843776281323958,-0.2810584491461228,3.2263106769677745,-0.685279548614131,1.0672976121891036,0.9080813439595212,2.547529820071796,2.83996096551883,1.4544645898142194
64.0,9.0,1008.2164916992188,0.5580556779076256,2.383279137806421,-0.6564993668382444,2.8649404182394846,0.1788457001234297,1.7702939559078874,1.2130720299313382,0.6010096226642991,3.428949899942337,1.4479553787297892
64.0,9.0,1007.143798828125,0.7762461538352123,2.593028683463827,0.3012984908373977,1.7172840410422243,-0.1497621235852731,1.7603122732031682,0.5605421817306516,0.5336316981596247,0.9214629252908072,1.5912971121135435
64.0,9.0,1008.1273803710938,0.6368268079883882,2.8589444199280782,-0.7146863662214917,3.881587611852962,-1.627527026501025,1.0253459777136271,1.1765323219339314,0.7777861241241981,3.951662307332839,1.5761363206848222
64.0,9.0,1006.5872802734376,0.2656690085363156,2.8994275720441487,-0.0359203097652873,2.439288483665521,-0.403613583524778,2.160790506390417,1.4511060060394816,0.484404972217794,3.372222679109396,2.807072668682597
64.0,9.0,1012.1366577148438,0.8785955728560607,3.9873575941552506,1.2752709691278472,3.852802400309416,-1.06125281561589,1.732101806385928,1.505914116927782,0.1514042890591117,3.587736863393456,0.6829249336598595
64.0,9.0,1005.5903930664062,1.0850608351254831,3.0729081885232894,-0.0173533722472141,2.6411138831518057,-0.5004146304737389,1.436460637911377,1.5780674897249076,1.4846329996870586,4.064692075809855,0.3497848194679321
64.0,9.0,1009.66650390625,1.212960934552265,2.2875732958713417,0.1959410910746681,3.6841926041631208,0.5670699500495111,0.4037506033143697,1.11740851990969,1.2856319075518412,4.033120457991069,1.334408579237409
64.0,9.0,1011.4223022460938,-2.480873367702824,4.098357633124479,0.3624420445924827,3.420954204394145,1.5802949273794922,1.1502294752194104,0.6699483472256171,0.7117280083357119,2.4358887403387497,2.058556272283929
64.0,9.0,1008.01171875,0.5332373484236946,3.0943695992587874,0.2284105229734127,2.022873613217147,1.019537849769935,1.7477099976796442,0.9424464534919864,1.8498474128298388,3.1055163676550563,0.3650473660836795
64.0,9.0,1007.3286743164062,0.5752754045657884,3.184443973985288,-0.6493801759597769,3.5754829422461656,-0.3962052041628998,0.9649383889986938,1.615024628609807,0.0783724077716743,4.335754377790092,0.4525741548075102
64.0,9.0,1006.9320068359376,0.8640467972366886,3.304000435192095,-0.454895517885008,3.4405379763267088,0.4082962464330029,1.2535327613274252,2.170528320880867,0.1181603339267786,2.990732008261166,2.4223930349754945
64.0,9.0,1009.197998046875,0.9964919322910708,3.22868223456852,-0.4794957339410787,3.839628875489657,-1.3285019736583392,0.8491320628218171,0.73254490611244,0.9075632102874956,4.139012599807902,2.1333929888797494
64.0,9.0,1007.7412109375,0.5068917788282048,3.6531207789104014,1.1393402186706427,3.496809414280172,-0.3924562269735168,1.612480383882533,0.1475310465962566,0.0524780184412267,3.339541668026925,0.8203577678991931
64.0,9.0,1010.52197265625,1.2580631502175357,3.689709997810001,-1.536387463785756,4.247714772907128,-1.32184351453934,1.4869024717119288,1.4299475820128875,0.1829630763692384,2.8842821198589395,0.4973410257696421
64.0,9.0,1009.5761108398438,0.6903800621137739,3.198952583078279,0.4966575108287281,4.502758885374975,-1.0075852574688984,1.6335170047938246,0.8670770360456743,0.9685065397211512,4.159868895004188,2.2271498767706888
64.0,9.0,1008.7598876953124,-0.6576211247808099,2.55198308533074,0.562248298769053,1.8893157861145609,1.4578573843842686,-0.4817692765649642,1.4482385041902155,-0.2275356021795329,3.429728383710733,1.6895383020991332
64.0,9.0,1009.9306640625,0.6257841377056135,0.3402574357559118,-0.2177265693162895,-0.1882588656172226,1.253972019025122,0.9353533899032048,0.9288701809043648,0.5487525475366652,4.875501508879811,1.248601575270353
64.0,9.0,1008.3200073242188,2.082632155369566,2.9665900511031333,-0.5922171144601804,3.123739287458194,-0.5464784812260914,1.0546875410348582,1.7687094042639275,-0.7124648449785488,4.354443591186314,1.295702474076481
64.0,9.0,1008.7456665039062,0.7842374151696674,3.139110540218078,-1.0288465257110313,4.029683831905636,-1.3903322969175846,1.2371820927852002,1.4843917965321436,0.1696485096970561,3.543699883918997,1.623176727318091
64.0,9.0,1009.6378784179688,0.3582115777136955,3.324719846708401,-0.3705195801036918,3.414835453156326,0.1904703680965968,0.4625817500033267,1.168367697338049,0.4497797738382822,4.294230833176496,2.950614767245064
64.0,9.0,1005.9246215820312,0.6600018304696809,2.208408201646309,-0.00906597507511,2.784505846876923,0.3472293972856342,1.7621845249117634,1.5973701590591634,0.780958497717289,3.692710282606984,1.0349967017159698
64.0,9.0,1011.1369018554688,0.67605403346003,2.6854840492807512,0.4480361856719868,3.093746222777344,1.467792275849253,0.1597452260723577,0.4746211779382054,0.1009139910217933,3.524147470673773,0.6259770720778038
64.0,9.0,1009.5986328125,-0.0006013654294587,2.8519434235080574,-0.2638338129000903,2.524610759375772,0.406142666245349,1.812471315037557,1.9232765391330884,0.692000421579665,3.526378119707267,1.363817336190289
64.0,9.0,1009.1370849609376,0.7879637964296875,2.86086798763516,-0.5492692136403832,4.005514871414867,-0.0617324199467006,1.6792155416662813,1.3839924198004556,-0.7535561677596783,2.5670537000092555,1.96755506025254
64.0,9.0,1007.8631591796876,-1.1004238419070904,2.040108134010074,2.6214015260865926,1.318793766349601,-0.9098512324265178,0.59338357995696,-0.2536180386175659,2.3975458900140763,2.4684745713425125,2.006881671908617
64.0,9.0,1007.6941528320312,-0.9191563805964992,-0.0739405032805775,1.058587782348256,2.5088568339158472,-0.4944091546357916,0.0149281589082759,1.2909744872868127,0.725586256491825,1.7227688893335578,1.4566318141616184
64.0,9.0,1004.4985961914062,1.5264166200797986,3.0640212166161023,-0.215819897253269,3.5490497273888275,-0.2048867388282806,1.0826619122252867,1.0511392207255632,-0.0170243374408754,3.2973942147249127,1.6821927523441609
64.0,9.0,1011.7994995117188,1.9104719053287549,2.616706962336977,1.680879159518138,2.7789993047184804,-0.2620984018456613,1.499898197681258,1.1882634584505138,0.6191502957628054,4.394801147159201,2.047960459861543
64.0,9.0,1006.3912353515624,1.0823124156003283,3.145532408020725,0.0937498638335725,4.3492484902596935,-0.983369492477124,0.3045399617600217,1.0355153888892177,-0.6035785196627739,3.47882371336145,1.9749920545649893
64.0,9.0,1008.5807495117188,-1.1296854708761384,1.27481479158309,2.0502892173227423,2.2292205585454017,2.5098519367191656,-2.806331541564716,0.0621222598079862,2.991392073389026,1.7198638927104994,1.795136166154954
64.0,9.0,1008.1045532226562,0.9060299963509408,2.8299143703797003,0.8939631932797729,3.076419546313718,0.0737074359083079,1.580249266389134,1.331178299688884,0.3279993193874335,3.4884846787546304,1.7069412411426823
64.0,9.0,1009.960205078125,0.8052558129030596,1.5703427653889772,-0.4918535261237258,3.2522250675073443,-0.954636548104132,-0.9992903860804628,1.095977115936579,0.2230923096871656,2.6566698752389843,1.0339785585772838
64.0,9.0,1004.7403564453124,0.4804166552562906,3.142058809388116,-0.507253232726782,3.78275224637308,-0.5671588827166028,1.1261544357254607,1.4122039073154182,0.5007209311294231,3.503301094810195,1.926829920271378
64.0,9.0,1010.22998046875,0.2795600516487113,3.017856204954228,-1.0218566352237597,3.4098899303715866,1.336667768919629,1.2097316160427598,0.1670027454524989,1.3889833901136917,2.7307733298449888,1.5135854717832695
64.0,9.0,1009.4701538085938,0.8301632220793187,2.820182799508509,-0.8870590210097379,3.649885046164975,-1.4690367451753503,1.2169966198666835,1.7096687732312046,-0.5909118746200892,3.72195380400773,2.300687139537261
64.0,9.0,1008.80126953125,0.9217004744396368,2.1214353904306327,-1.3044693368156477,3.190957823309416,-0.7007990037818577,-0.3589552889177412,0.319708278184359,0.515586092111493,2.30889443468164,1.9837005560869605
64.0,9.0,1006.3341674804688,0.3888189065196371,3.19098221928363,-0.1105807418434687,1.6343787111994237,-0.2754166168800518,2.218191842362917,0.4045750418654998,0.1350956034985735,3.3569490268599536,2.403341908698976
64.0,9.0,1008.3792724609376,0.6932129179610199,2.2119381673017338,-0.3503953738113749,1.822156521997299,-0.1372999836628923,2.5232862844142536,1.6821731573629513,0.0441187623089383,4.601996350485448,1.2454722758271322
64.0,10.0,1006.11962890625,-0.497682321193742,3.030567283483479,-0.5787679993007673,1.468996806504657,-1.102800242265915,1.463907549460452,-0.3849157258589892,0.1852476260815461,1.9192500309728429,0.8627286160848842
64.0,10.0,1008.3423461914062,0.6574661632444259,3.058962396496167,0.3046281244818326,3.55867348940954,0.801604907938918,1.1744825767938336,1.4961983921877635,0.1138585796299599,4.151368753567943,1.4094062044123434
64.0,10.0,1009.0829467773438,0.8630510703406074,3.042162601692519,0.0499007970946795,3.444385546090999,-0.4990480464304719,0.4354218116662556,0.8949753203271813,0.0055477473743663,3.180798182955301,0.7925675791512008
64.0,10.0,1007.6607055664062,0.7528112446894505,3.1522536284043383,-0.5665184005922115,4.045952050495025,-0.7945597910333166,1.105523864894017,1.0238977045891955,0.4141197744681694,3.4787713495883,1.956160436920028
64.0,10.0,1008.7200927734376,-0.4287496783731845,2.7141488512366587,0.135814598073293,3.5401014516008384,0.8814470060804864,0.100357305462027,1.862612918861468,0.6566611523849353,3.2989985026795114,2.052846431214326
64.0,10.0,1010.2483520507812,1.1254231988091754,2.651770342312758,-0.7048021505193174,3.342925071228907,-0.0225266479283876,1.3113766652818912,0.8829332127807912,0.6550559521874317,3.8330771015010487,1.6878893707375735
64.0,10.0,1006.2119140625,0.4893625390202833,1.7795423029239368,-0.2283334970089545,3.1277989280704825,0.4981169607027755,1.141197769335064,2.5146578201478693,1.975507430672696,4.311031517865723,2.0922100116751228
64.0,10.0,1009.3677978515624,0.3651870821180747,1.9885662669363189,-0.1765833472784848,2.581861028001975,-0.0103796726030012,0.6839290959974864,-0.3766700265942728,1.596808978364511,3.0135712177983,2.145497279031898
64.0,10.0,1009.38330078125,0.6470373816635562,2.1302617055119093,0.197015363234022,2.9438109531110177,0.8381787746554662,2.1732122375294702,0.3725776506993059,1.4604053364641845,2.573021503857912,0.7461238357973721
64.0,10.0,1004.5355224609376,-0.2067583177486083,2.156645823399848,1.1237471826284795,3.780946817479548,-0.5114493991580722,1.3470285072754011,1.5426076556614716,0.9251629364195506,3.6326501297850458,1.193605314089168
64.0,10.0,1009.6813354492188,0.1161455115816735,3.245793560938793,0.4325723585400611,2.3720985621718214,-0.5215074805597488,0.9997665786388898,0.0206361048560082,1.5576153157035773,4.016995288968482,0.400338051896584
64.0,10.0,1010.41650390625,0.4489313685080566,1.92122819363612,-0.2141840293156327,3.220864318917715,0.3552680034358248,1.313700583323415,0.7444542732187469,1.405323450551658,3.243738993516476,1.7133208247743368
64.0,10.0,1008.2164916992188,0.5580556779076256,2.383279137806421,-0.6564993668382444,2.8649404182394846,0.1788457001234297,1.7702939559078874,1.2130720299313382,0.6010096226642991,3.428949899942337,1.4479553787297892
64.0,10.0,1007.143798828125,0.7762461538352123,2.593028683463827,0.3012984908373977,1.7172840410422243,-0.1497621235852731,1.7603122732031682,0.5605421817306516,0.5336316981596247,0.9214629252908072,1.5912971121135435
64.0,10.0,1008.1273803710938,0.6368268079883882,2.8589444199280782,-0.7146863662214917,3.881587611852962,-1.627527026501025,1.0253459777136271,1.1765323219339314,0.7777861241241981,3.951662307332839,1.5761363206848222
64.0,10.0,1006.5872802734376,0.2656690085363156,2.8994275720441487,-0.0359203097652873,2.439288483665521,-0.403613583524778,2.160790506390417,1.4511060060394816,0.484404972217794,3.372222679109396,2.807072668682597
64.0,10.0,1012.1366577148438,0.8785955728560607,3.9873575941552506,1.2752709691278472,3.852802400309416,-1.06125281561589,1.732101806385928,1.505914116927782,0.1514042890591117,3.587736863393456,0.6829249336598595
64.0,10.0,1005.5903930664062,1.0850608351254831,3.0729081885232894,-0.0173533722472141,2.6411138831518057,-0.5004146304737389,1.436460637911377,1.5780674897249076,1.4846329996870586,4.064692075809855,0.3497848194679321
64.0,10.0,1009.66650390625,1.212960934552265,2.2875732958713417,0.1959410910746681,3.6841926041631208,0.5670699500495111,0.4037506033143697,1.11740851990969,1.2856319075518412,4.033120457991069,1.334408579237409
64.0,10.0,1009.8639526367188,0.4149671029310878,3.753623349065643,0.4041035672342655,2.3841989418674645,-0.5981705448881129,1.0118304768670856,0.952280576670624,-0.0698583157089259,3.2940386393598784,2.259342807103114
64.0,10.0,1008.01171875,0.5332373484236946,3.0943695992587874,0.2284105229734127,2.022873613217147,1.019537849769935,1.7477099976796442,0.9424464534919864,1.8498474128298388,3.1055163676550563,0.3650473660836795
64.0,10.0,1007.3286743164062,0.5752754045657884,3.184443973985288,-0.6493801759597769,3.5754829422461656,-0.3962052041628998,0.9649383889986938,1.615024628609807,0.0783724077716743,4.335754377790092,0.4525741548075102
64.0,10.0,1006.9320068359376,0.8640467972366886,3.304000435192095,-0.454895517885008,3.4405379763267088,0.4082962464330029,1.2535327613274252,2.170528320880867,0.1181603339267786,2.990732008261166,2.4223930349754945
64.0,10.0,1006.1622924804688,0.004875918920975,3.104117364521483,-0.1086507334723188,3.699475480862376,-1.1661743499684296,0.9447187168156084,1.0372177013184494,-0.23489855012757,3.06256370413144,2.0617497904784594
64.0,10.0,1007.7412109375,0.5068917788282048,3.6531207789104014,1.1393402186706427,3.496809414280172,-0.3924562269735168,1.612480383882533,0.1475310465962566,0.0524780184412267,3.339541668026925,0.8203577678991931
64.0,10.0,1010.5188598632812,1.602682143937937,3.6607228678500174,0.580416726839474,3.477324915311173,-0.1774920927160658,1.0372029330907162,1.491185067062309,-0.1806219323334796,3.37720080511718,0.2764524872438585
64.0,10.0,1006.750732421875,1.4983206496546757,3.310143956253831,-0.0995478391109807,4.111181782258067,-0.0736615879452686,2.3151370482507234,0.654147595066203,0.6455422381112422,3.3493750202887504,1.9151768831651383
64.0,10.0,1008.7598876953124,-0.6576211247808099,2.55198308533074,0.562248298769053,1.8893157861145609,1.4578573843842686,-0.4817692765649642,1.4482385041902155,-0.2275356021795329,3.429728383710733,1.6895383020991332
64.0,10.0,1009.9306640625,0.6257841377056135,0.3402574357559118,-0.2177265693162895,-0.1882588656172226,1.253972019025122,0.9353533899032048,0.9288701809043648,0.5487525475366652,4.875501508879811,1.248601575270353
64.0,10.0,1008.3200073242188,2.082632155369566,2.9665900511031333,-0.5922171144601804,3.123739287458194,-0.5464784812260914,1.0546875410348582,1.7687094042639275,-0.7124648449785488,4.354443591186314,1.295702474076481
64.0,10.0,1008.7456665039062,0.7842374151696674,3.139110540218078,-1.0288465257110313,4.029683831905636,-1.3903322969175846,1.2371820927852002,1.4843917965321436,0.1696485096970561,3.543699883918997,1.623176727318091
64.0,10.0,1009.6378784179688,0.3582115777136955,3.324719846708401,-0.3705195801036918,3.414835453156326,0.1904703680965968,0.4625817500033267,1.168367697338049,0.4497797738382822,4.294230833176496,2.950614767245064
64.0,10.0,1005.9246215820312,0.6600018304696809,2.208408201646309,-0.00906597507511,2.784505846876923,0.3472293972856342,1.7621845249117634,1.5973701590591634,0.780958497717289,3.692710282606984,1.0349967017159698
64.0,10.0,1011.1369018554688,0.67605403346003,2.6854840492807512,0.4480361856719868,3.093746222777344,1.467792275849253,0.1597452260723577,0.4746211779382054,0.1009139910217933,3.524147470673773,0.6259770720778038
64.0,10.0,1009.5986328125,-0.0006013654294587,2.8519434235080574,-0.2638338129000903,2.524610759375772,0.406142666245349,1.812471315037557,1.9232765391330884,0.692000421579665,3.526378119707267,1.363817336190289
64.0,10.0,1009.1370849609376,0.7879637964296875,2.86086798763516,-0.5492692136403832,4.005514871414867,-0.0617324199467006,1.6792155416662813,1.3839924198004556,-0.7535561677596783,2.5670537000092555,1.96755506025254
64.0,10.0,1007.8631591796876,-1.1004238419070904,2.040108134010074,2.6214015260865926,1.318793766349601,-0.9098512324265178,0.59338357995696,-0.2536180386175659,2.3975458900140763,2.4684745713425125,2.006881671908617
64.0,10.0,1007.6941528320312,-0.9191563805964992,-0.0739405032805775,1.058587782348256,2.5088568339158472,-0.4944091546357916,0.0149281589082759,1.2909744872868127,0.725586256491825,1.7227688893335578,1.4566318141616184
64.0,10.0,1004.4985961914062,1.5264166200797986,3.0640212166161023,-0.215819897253269,3.5490497273888275,-0.2048867388282806,1.0826619122252867,1.0511392207255632,-0.0170243374408754,3.2973942147249127,1.6821927523441609
64.0,10.0,1009.1338500976562,0.927438197146992,3.024810066994943,-0.3747308088776127,2.746191479821776,-0.2489272190051302,0.9081329736105168,1.108646446963479,-0.2845167518356908,3.640730806751289,2.6631857267823
64.0,10.0,1006.3912353515624,1.0823124156003283,3.145532408020725,0.0937498638335725,4.3492484902596935,-0.983369492477124,0.3045399617600217,1.0355153888892177,-0.6035785196627739,3.47882371336145,1.9749920545649893
64.0,10.0,1008.54248046875,-0.5161320464032679,1.5017594867098103,2.3450312370646005,1.853110817383704,1.4282477856925917,-0.2321939802347681,1.1706229465485598,1.7393457405330195,3.96725409494073,1.6126452046941329
64.0,10.0,1008.1045532226562,0.9060299963509408,2.8299143703797003,0.8939631932797729,3.076419546313718,0.0737074359083079,1.580249266389134,1.331178299688884,0.3279993193874335,3.4884846787546304,1.7069412411426823
64.0,10.0,1009.0860595703124,0.9900743095978934,2.7912455275673294,-0.1549177327222072,3.027993639937004,-0.870765523022525,1.06064837902586,0.9373095751517116,0.3051637570988471,2.915078515892664,1.654181625685497
64.0,10.0,1004.7403564453124,0.4804166552562906,3.142058809388116,-0.507253232726782,3.78275224637308,-0.5671588827166028,1.1261544357254607,1.4122039073154182,0.5007209311294231,3.503301094810195,1.926829920271378
64.0,10.0,1010.22998046875,0.2795600516487113,3.017856204954228,-1.0218566352237597,3.4098899303715866,1.336667768919629,1.2097316160427598,0.1670027454524989,1.3889833901136917,2.7307733298449888,1.5135854717832695
64.0,10.0,1009.4701538085938,0.8301632220793187,2.820182799508509,-0.8870590210097379,3.649885046164975,-1.4690367451753503,1.2169966198666835,1.7096687732312046,-0.5909118746200892,3.72195380400773,2.300687139537261
64.0,10.0,1008.80126953125,0.9217004744396368,2.1214353904306327,-1.3044693368156477,3.190957823309416,-0.7007990037818577,-0.3589552889177412,0.319708278184359,0.515586092111493,2.30889443468164,1.9837005560869605
64.0,10.0,1006.3341674804688,0.3888189065196371,3.19098221928363,-0.1105807418434687,1.6343787111994237,-0.2754166168800518,2.218191842362917,0.4045750418654998,0.1350956034985735,3.3569490268599536,2.403341908698976
64.0,10.0,1008.3792724609376,0.6932129179610199,2.2119381673017338,-0.3503953738113749,1.822156521997299,-0.1372999836628923,2.5232862844142536,1.6821731573629513,0.0441187623089383,4.601996350485448,1.2454722758271322
64.0,11.0,1006.11962890625,-0.497682321193742,3.030567283483479,-0.5787679993007673,1.468996806504657,-1.102800242265915,1.463907549460452,-0.3849157258589892,0.1852476260815461,1.9192500309728429,0.8627286160848842
64.0,11.0,1008.3423461914062,0.6574661632444259,3.058962396496167,0.3046281244818326,3.55867348940954,0.801604907938918,1.1744825767938336,1.4961983921877635,0.1138585796299599,4.151368753567943,1.4094062044123434
64.0,11.0,1009.0829467773438,0.8630510703406074,3.042162601692519,0.0499007970946795,3.444385546090999,-0.4990480464304719,0.4354218116662556,0.8949753203271813,0.0055477473743663,3.180798182955301,0.7925675791512008
64.0,11.0,1007.6607055664062,0.7528112446894505,3.1522536284043383,-0.5665184005922115,4.045952050495025,-0.7945597910333166,1.105523864894017,1.0238977045891955,0.4141197744681694,3.4787713495883,1.956160436920028
64.0,11.0,1008.7200927734376,-0.4287496783731845,2.7141488512366587,0.135814598073293,3.5401014516008384,0.8814470060804864,0.100357305462027,1.862612918861468,0.6566611523849353,3.2989985026795114,2.052846431214326
64.0,11.0,1010.2483520507812,1.1254231988091754,2.651770342312758,-0.7048021505193174,3.342925071228907,-0.0225266479283876,1.3113766652818912,0.8829332127807912,0.6550559521874317,3.8330771015010487,1.6878893707375735
64.0,11.0,1006.2119140625,0.4893625390202833,1.7795423029239368,-0.2283334970089545,3.1277989280704825,0.4981169607027755,1.141197769335064,2.5146578201478693,1.975507430672696,4.311031517865723,2.0922100116751228
64.0,11.0,1009.3677978515624,0.3651870821180747,1.9885662669363189,-0.1765833472784848,2.581861028001975,-0.0103796726030012,0.6839290959974864,-0.3766700265942728,1.596808978364511,3.0135712177983,2.145497279031898
64.0,11.0,1009.38330078125,0.6470373816635562,2.1302617055119093,0.197015363234022,2.9438109531110177,0.8381787746554662,2.1732122375294702,0.3725776506993059,1.4604053364641845,2.573021503857912,0.7461238357973721
64.0,11.0,1004.5355224609376,-0.2067583177486083,2.156645823399848,1.1237471826284795,3.780946817479548,-0.5114493991580722,1.3470285072754011,1.5426076556614716,0.9251629364195506,3.6326501297850458,1.193605314089168
64.0,11.0,1009.6813354492188,0.1161455115816735,3.245793560938793,0.4325723585400611,2.3720985621718214,-0.5215074805597488,0.9997665786388898,0.0206361048560082,1.5576153157035773,4.016995288968482,0.400338051896584
64.0,11.0,1010.41650390625,0.4489313685080566,1.92122819363612,-0.2141840293156327,3.220864318917715,0.3552680034358248,1.313700583323415,0.7444542732187469,1.405323450551658,3.243738993516476,1.7133208247743368
64.0,11.0,1008.2164916992188,0.5580556779076256,2.383279137806421,-0.6564993668382444,2.8649404182394846,0.1788457001234297,1.7702939559078874,1.2130720299313382,0.6010096226642991,3.428949899942337,1.4479553787297892
64.0,11.0,1007.143798828125,0.7762461538352123,2.593028683463827,0.3012984908373977,1.7172840410422243,-0.1497621235852731,1.7603122732031682,0.5605421817306516,0.5336316981596247,0.9214629252908072,1.5912971121135435
64.0,11.0,1008.1273803710938,0.6368268079883882,2.8589444199280782,-0.7146863662214917,3.881587611852962,-1.627527026501025,1.0253459777136271,1.1765323219339314,0.7777861241241981,3.951662307332839,1.5761363206848222
64.0,11.0,1006.5872802734376,0.2656690085363156,2.8994275720441487,-0.0359203097652873,2.439288483665521,-0.403613583524778,2.160790506390417,1.4511060060394816,0.484404972217794,3.372222679109396,2.807072668682597
64.0,11.0,1012.1366577148438,0.8785955728560607,3.9873575941552506,1.2752709691278472,3.852802400309416,-1.06125281561589,1.732101806385928,1.505914116927782,0.1514042890591117,3.587736863393456,0.6829249336598595
64.0,11.0,1005.5903930664062,1.0850608351254831,3.0729081885232894,-0.0173533722472141,2.6411138831518057,-0.5004146304737389,1.436460637911377,1.5780674897249076,1.4846329996870586,4.064692075809855,0.3497848194679321
64.0,11.0,1009.66650390625,1.212960934552265,2.2875732958713417,0.1959410910746681,3.6841926041631208,0.5670699500495111,0.4037506033143697,1.11740851990969,1.2856319075518412,4.033120457991069,1.334408579237409
64.0,11.0,1005.7882080078124,1.930989912640924,2.5698273775009017,-0.4222718299406413,2.2647280101266523,-1.2334670620841697,1.1900713704557306,1.273633231737758,-0.0756089152430987,3.487418316929421,1.693288812527204
64.0,11.0,1008.01171875,0.5332373484236946,3.0943695992587874,0.2284105229734127,2.022873613217147,1.019537849769935,1.7477099976796442,0.9424464534919864,1.8498474128298388,3.1055163676550563,0.3650473660836795
64.0,11.0,1007.3286743164062,0.5752754045657884,3.184443973985288,-0.6493801759597769,3.5754829422461656,-0.3962052041628998,0.9649383889986938,1.615024628609807,0.0783724077716743,4.335754377790092,0.4525741548075102
64.0,11.0,1006.9320068359376,0.8640467972366886,3.304000435192095,-0.454895517885008,3.4405379763267088,0.4082962464330029,1.2535327613274252,2.170528320880867,0.1181603339267786,2.990732008261166,2.4223930349754945
64.0,11.0,1006.1622924804688,0.004875918920975,3.104117364521483,-0.1086507334723188,3.699475480862376,-1.1661743499684296,0.9447187168156084,1.0372177013184494,-0.23489855012757,3.06256370413144,2.0617497904784594
64.0,11.0,1007.7412109375,0.5068917788282048,3.6531207789104014,1.1393402186706427,3.496809414280172,-0.3924562269735168,1.612480383882533,0.1475310465962566,0.0524780184412267,3.339541668026925,0.8203577678991931
64.0,11.0,1010.5188598632812,1.602682143937937,3.6607228678500174,0.580416726839474,3.477324915311173,-0.1774920927160658,1.0372029330907162,1.491185067062309,-0.1806219323334796,3.37720080511718,0.2764524872438585
64.0,11.0,1006.750732421875,1.4983206496546757,3.310143956253831,-0.0995478391109807,4.111181782258067,-0.0736615879452686,2.3151370482507234,0.654147595066203,0.6455422381112422,3.3493750202887504,1.9151768831651383
64.0,11.0,1008.7598876953124,-0.6576211247808099,2.55198308533074,0.562248298769053,1.8893157861145609,1.4578573843842686,-0.4817692765649642,1.4482385041902155,-0.2275356021795329,3.429728383710733,1.6895383020991332
64.0,11.0,1009.8984375,1.6344535310337545,2.751787913441956,-0.1322963629941396,3.1425005467108464,1.3320408183573411,1.0540684052189753,1.1465180451626105,0.0222869503163389,4.535896323888461,1.3034277030077928
64.0,11.0,1008.3200073242188,2.082632155369566,2.9665900511031333,-0.5922171144601804,3.123739287458194,-0.5464784812260914,1.0546875410348582,1.7687094042639275,-0.7124648449785488,4.354443591186314,1.295702474076481
64.0,11.0,1008.7456665039062,0.7842374151696674,3.139110540218078,-1.0288465257110313,4.029683831905636,-1.3903322969175846,1.2371820927852002,1.4843917965321436,0.1696485096970561,3.543699883918997,1.623176727318091
64.0,11.0,1009.5379638671876,-0.1694459683240288,3.459045911264085,-0.5573164860987232,3.485652996962099,-0.7636659576193852,0.4361687925136529,0.9414727126625656,0.2006140561976505,3.997706659170479,2.663799294059852
64.0,11.0,1005.9246215820312,0.6600018304696809,2.208408201646309,-0.00906597507511,2.784505846876923,0.3472293972856342,1.7621845249117634,1.5973701590591634,0.780958497717289,3.692710282606984,1.0349967017159698
64.0,11.0,1011.1369018554688,0.67605403346003,2.6854840492807512,0.4480361856719868,3.093746222777344,1.467792275849253,0.1597452260723577,0.4746211779382054,0.1009139910217933,3.524147470673773,0.6259770720778038
64.0,11.0,1009.5986328125,-0.0006013654294587,2.8519434235080574,-0.2638338129000903,2.524610759375772,0.406142666245349,1.812471315037557,1.9232765391330884,0.692000421579665,3.526378119707267,1.363817336190289
64.0,11.0,1009.1370849609376,0.7879637964296875,2.86086798763516,-0.5492692136403832,4.005514871414867,-0.0617324199467006,1.6792155416662813,1.3839924198004556,-0.7535561677596783,2.5670537000092555,1.96755506025254
64.0,11.0,1007.8631591796876,-1.1004238419070904,2.040108134010074,2.6214015260865926,1.318793766349601,-0.9098512324265178,0.59338357995696,-0.2536180386175659,2.3975458900140763,2.4684745713425125,2.006881671908617
64.0,11.0,1007.6941528320312,-0.9191563805964992,-0.0739405032805775,1.058587782348256,2.5088568339158472,-0.4944091546357916,0.0149281589082759,1.2909744872868127,0.725586256491825,1.7227688893335578,1.4566318141616184
64.0,11.0,1004.4985961914062,1.5264166200797986,3.0640212166161023,-0.215819897253269,3.5490497273888275,-0.2048867388282806,1.0826619122252867,1.0511392207255632,-0.0170243374408754,3.2973942147249127,1.6821927523441609
64.0,11.0,1009.1338500976562,0.927438197146992,3.024810066994943,-0.3747308088776127,2.746191479821776,-0.2489272190051302,0.9081329736105168,1.108646446963479,-0.2845167518356908,3.640730806751289,2.6631857267823
64.0,11.0,1006.3912353515624,1.0823124156003283,3.145532408020725,0.0937498638335725,4.3492484902596935,-0.983369492477124,0.3045399617600217,1.0355153888892177,-0.6035785196627739,3.47882371336145,1.9749920545649893
64.0,11.0,1008.54248046875,-0.5161320464032679,1.5017594867098103,2.3450312370646005,1.853110817383704,1.4282477856925917,-0.2321939802347681,1.1706229465485598,1.7393457405330195,3.96725409494073,1.6126452046941329
64.0,11.0,1008.1045532226562,0.9060299963509408,2.8299143703797003,0.8939631932797729,3.076419546313718,0.0737074359083079,1.580249266389134,1.331178299688884,0.3279993193874335,3.4884846787546304,1.7069412411426823
64.0,11.0,1005.9786376953124,1.1755166225902458,3.0139295819900664,-0.2417305383366287,3.616814653335077,-0.2729520402836232,1.8592848557108288,1.1177652924446315,0.1211451494947978,3.912459696901169,2.2316448068592054
64.0,11.0,1004.7403564453124,0.4804166552562906,3.142058809388116,-0.507253232726782,3.78275224637308,-0.5671588827166028,1.1261544357254607,1.4122039073154182,0.5007209311294231,3.503301094810195,1.926829920271378
64.0,11.0,1010.22998046875,0.2795600516487113,3.017856204954228,-1.0218566352237597,3.4098899303715866,1.336667768919629,1.2097316160427598,0.1670027454524989,1.3889833901136917,2.7307733298449888,1.5135854717832695
64.0,11.0,1009.4701538085938,0.8301632220793187,2.820182799508509,-0.8870590210097379,3.649885046164975,-1.4690367451753503,1.2169966198666835,1.7096687732312046,-0.5909118746200892,3.72195380400773,2.300687139537261
64.0,11.0,1005.6001586914062,0.1781387739601991,2.8222566258346973,-1.2784227836424644,2.158820161725356,-1.3598118191510389,1.8033214309254848,1.4312019484559402,0.0812233307260337,2.5723035292130967,1.5728984824109573
64.0,11.0,1006.3341674804688,0.3888189065196371,3.19098221928363,-0.1105807418434687,1.6343787111994237,-0.2754166168800518,2.218191842362917,0.4045750418654998,0.1350956034985735,3.3569490268599536,2.403341908698976
64.0,11.0,1008.3792724609376,0.6932129179610199,2.2119381673017338,-0.3503953738113749,1.822156521997299,-0.1372999836628923,2.5232862844142536,1.6821731573629513,0.0441187623089383,4.601996350485448,1.2454722758271322
64.0,12.0,1006.11962890625,-0.497682321193742,3.030567283483479,-0.5787679993007673,1.468996806504657,-1.102800242265915,1.463907549460452,-0.3849157258589892,0.1852476260815461,1.9192500309728429,0.8627286160848842
64.0,12.0,1008.3423461914062,0.6574661632444259,3.058962396496167,0.3046281244818326,3.55867348940954,0.801604907938918,1.1744825767938336,1.4961983921877635,0.1138585796299599,4.151368753567943,1.4094062044123434
64.0,12.0,1009.0829467773438,0.8630510703406074,3.042162601692519,0.0499007970946795,3.444385546090999,-0.4990480464304719,0.4354218116662556,0.8949753203271813,0.0055477473743663,3.180798182955301,0.7925675791512008
64.0,12.0,1007.6607055664062,0.7528112446894505,3.1522536284043383,-0.5665184005922115,4.045952050495025,-0.7945597910333166,1.105523864894017,1.0238977045891955,0.4141197744681694,3.4787713495883,1.956160436920028
64.0,12.0,1008.7200927734376,-0.4287496783731845,2.7141488512366587,0.135814598073293,3.5401014516008384,0.8814470060804864,0.100357305462027,1.862612918861468,0.6566611523849353,3.2989985026795114,2.052846431214326
64.0,12.0,1010.2483520507812,1.1254231988091754,2.651770342312758,-0.7048021505193174,3.342925071228907,-0.0225266479283876,1.3113766652818912,0.8829332127807912,0.6550559521874317,3.8330771015010487,1.6878893707375735
64.0,12.0,1006.2119140625,0.4893625390202833,1.7795423029239368,-0.2283334970089545,3.1277989280704825,0.4981169607027755,1.141197769335064,2.5146578201478693,1.975507430672696,4.311031517865723,2.0922100116751228
64.0,12.0,1009.3677978515624,0.3651870821180747,1.9885662669363189,-0.1765833472784848,2.581861028001975,-0.0103796726030012,0.6839290959974864,-0.3766700265942728,1.596808978364511,3.0135712177983,2.145497279031898
64.0,12.0,1009.38330078125,0.6470373816635562,2.1302617055119093,0.197015363234022,2.9438109531110177,0.8381787746554662,2.1732122375294702,0.3725776506993059,1.4604053364641845,2.573021503857912,0.7461238357973721
64.0,12.0,1004.5355224609376,-0.2067583177486083,2.156645823399848,1.1237471826284795,3.780946817479548,-0.5114493991580722,1.3470285072754011,1.5426076556614716,0.9251629364195506,3.6326501297850458,1.193605314089168
64.0,12.0,1009.6813354492188,0.1161455115816735,3.245793560938793,0.4325723585400611,2.3720985621718214,-0.5215074805597488,0.9997665786388898,0.0206361048560082,1.5576153157035773,4.016995288968482,0.400338051896584
64.0,12.0,1010.41650390625,0.4489313685080566,1.92122819363612,-0.2141840293156327,3.220864318917715,0.3552680034358248,1.313700583323415,0.7444542732187469,1.405323450551658,3.243738993516476,1.7133208247743368
64.0,12.0,1008.2164916992188,0.5580556779076256,2.383279137806421,-0.6564993668382444,2.8649404182394846,0.1788457001234297,1.7702939559078874,1.2130720299313382,0.6010096226642991,3.428949899942337,1.4479553787297892
64.0,12.0,1007.143798828125,0.7762461538352123,2.593028683463827,0.3012984908373977,1.7172840410422243,-0.1497621235852731,1.7603122732031682,0.5605421817306516,0.5336316981596247,0.9214629252908072,1.5912971121135435
64.0,12.0,1008.1273803710938,0.6368268079883882,2.8589444199280782,-0.7146863662214917,3.881587611852962,-1.627527026501025,1.0253459777136271,1.1765323219339314,0.7777861241241981,3.951662307332839,1.5761363206848222
64.0,12.0,1006.5872802734376,0.2656690085363156,2.8994275720441487,-0.0359203097652873,2.439288483665521,-0.403613583524778,2.160790506390417,1.4511060060394816,0.484404972217794,3.372222679109396,2.807072668682597
64.0,12.0,1012.1366577148438,0.8785955728560607,3.9873575941552506,1.2752709691278472,3.852802400309416,-1.06125281561589,1.732101806385928,1.505914116927782,0.1514042890591117,3.587736863393456,0.6829249336598595
64.0,12.0,1005.5903930664062,1.0850608351254831,3.0729081885232894,-0.0173533722472141,2.6411138831518057,-0.5004146304737389,1.436460637911377,1.5780674897249076,1.4846329996870586,4.064692075809855,0.3497848194679321
64.0,12.0,1009.66650390625,1.212960934552265,2.2875732958713417,0.1959410910746681,3.6841926041631208,0.5670699500495111,0.4037506033143697,1.11740851990969,1.2856319075518412,4.033120457991069,1.334408579237409
64.0,12.0,1005.7882080078124,1.930989912640924,2.5698273775009017,-0.4222718299406413,2.2647280101266523,-1.2334670620841697,1.1900713704557306,1.273633231737758,-0.0756089152430987,3.487418316929421,1.693288812527204
64.0,12.0,1008.01171875,0.5332373484236946,3.0943695992587874,0.2284105229734127,2.022873613217147,1.019537849769935,1.7477099976796442,0.9424464534919864,1.8498474128298388,3.1055163676550563,0.3650473660836795
64.0,12.0,1007.3286743164062,0.5752754045657884,3.184443973985288,-0.6493801759597769,3.5754829422461656,-0.3962052041628998,0.9649383889986938,1.615024628609807,0.0783724077716743,4.335754377790092,0.4525741548075102
64.0,12.0,1006.9320068359376,0.8640467972366886,3.304000435192095,-0.454895517885008,3.4405379763267088,0.4082962464330029,1.2535327613274252,2.170528320880867,0.1181603339267786,2.990732008261166,2.4223930349754945
64.0,12.0,1006.1622924804688,0.004875918920975,3.104117364521483,-0.1086507334723188,3.699475480862376,-1.1661743499684296,0.9447187168156084,1.0372177013184494,-0.23489855012757,3.06256370413144,2.0617497904784594
64.0,12.0,1007.7412109375,0.5068917788282048,3.6531207789104014,1.1393402186706427,3.496809414280172,-0.3924562269735168,1.612480383882533,0.1475310465962566,0.0524780184412267,3.339541668026925,0.8203577678991931
64.0,12.0,1009.875,1.584564081191605,3.0437454118742373,-0.7595391846516564,3.668244421610048,-0.1811748100889451,0.5665127597891602,1.0513023526815377,-0.2515624305807756,3.323596191678066,0.8467481101686634
64.0,12.0,1006.750732421875,1.4983206496546757,3.310143956253831,-0.0995478391109807,4.111181782258067,-0.0736615879452686,2.3151370482507234,0.654147595066203,0.6455422381112422,3.3493750202887504,1.9151768831651383
64.0,12.0,1008.7598876953124,-0.6576211247808099,2.55198308533074,0.562248298769053,1.8893157861145609,1.4578573843842686,-0.4817692765649642,1.4482385041902155,-0.2275356021795329,3.429728383710733,1.6895383020991332
64.0,12.0,1009.8984375,1.6344535310337545,2.751787913441956,-0.1322963629941396,3.1425005467108464,1.3320408183573411,1.0540684052189753,1.1465180451626105,0.0222869503163389,4.535896323888461,1.3034277030077928
64.0,12.0,1008.3200073242188,2.082632155369566,2.9665900511031333,-0.5922171144601804,3.123739287458194,-0.5464784812260914,1.0546875410348582,1.7687094042639275,-0.7124648449785488,4.354443591186314,1.295702474076481
64.0,12.0,1008.7456665039062,0.7842374151696674,3.139110540218078,-1.0288465257110313,4.029683831905636,-1.3903322969175846,1.2371820927852002,1.4843917965321436,0.1696485096970561,3.543699883918997,1.623176727318091
64.0,12.0,1009.5379638671876,-0.1694459683240288,3.459045911264085,-0.5573164860987232,3.485652996962099,-0.7636659576193852,0.4361687925136529,0.9414727126625656,0.2006140561976505,3.997706659170479,2.663799294059852
64.0,12.0,1005.9246215820312,0.6600018304696809,2.208408201646309,-0.00906597507511,2.784505846876923,0.3472293972856342,1.7621845249117634,1.5973701590591634,0.780958497717289,3.692710282606984,1.0349967017159698
64.0,12.0,1011.1369018554688,0.67605403346003,2.6854840492807512,0.4480361856719868,3.093746222777344,1.467792275849253,0.1597452260723577,0.4746211779382054,0.1009139910217933,3.524147470673773,0.6259770720778038
64.0,12.0,1009.5986328125,-0.0006013654294587,2.8519434235080574,-0.2638338129000903,2.524610759375772,0.406142666245349,1.812471315037557,1.9232765391330884,0.692000421579665,3.526378119707267,1.363817336190289
64.0,12.0,1009.1370849609376,0.7879637964296875,2.86086798763516,-0.5492692136403832,4.005514871414867,-0.0617324199467006,1.6792155416662813,1.3839924198004556,-0.7535561677596783,2.5670537000092555,1.96755506025254
64.0,12.0,1007.8631591796876,-1.1004238419070904,2.040108134010074,2.6214015260865926,1.318793766349601,-0.9098512324265178,0.59338357995696,-0.2536180386175659,2.3975458900140763,2.4684745713425125,2.006881671908617
64.0,12.0,1007.6941528320312,-0.9191563805964992,-0.0739405032805775,1.058587782348256,2.5088568339158472,-0.4944091546357916,0.0149281589082759,1.2909744872868127,0.725586256491825,1.7227688893335578,1.4566318141616184
64.0,12.0,1004.4985961914062,1.5264166200797986,3.0640212166161023,-0.215819897253269,3.5490497273888275,-0.2048867388282806,1.0826619122252867,1.0511392207255632,-0.0170243374408754,3.2973942147249127,1.6821927523441609
64.0,12.0,1008.953369140625,1.1927741604526827,2.82031251863524,0.4590875786741277,3.165302924193441,-0.2917944259187203,1.6350802920224636,1.1000088864052755,-0.2959382696509955,3.2812665821765497,2.9086422828899057
64.0,12.0,1006.3912353515624,1.0823124156003283,3.145532408020725,0.0937498638335725,4.3492484902596935,-0.983369492477124,0.3045399617600217,1.0355153888892177,-0.6035785196627739,3.47882371336145,1.9749920545649893
64.0,12.0,1008.54248046875,-0.5161320464032679,1.5017594867098103,2.3450312370646005,1.853110817383704,1.4282477856925917,-0.2321939802347681,1.1706229465485598,1.7393457405330195,3.96725409494073,1.6126452046941329
64.0,12.0,1008.1045532226562,0.9060299963509408,2.8299143703797003,0.8939631932797729,3.076419546313718,0.0737074359083079,1.580249266389134,1.331178299688884,0.3279993193874335,3.4884846787546304,1.7069412411426823
64.0,12.0,1005.9786376953124,1.1755166225902458,3.0139295819900664,-0.2417305383366287,3.616814653335077,-0.2729520402836232,1.8592848557108288,1.1177652924446315,0.1211451494947978,3.912459696901169,2.2316448068592054
64.0,12.0,1004.7403564453124,0.4804166552562906,3.142058809388116,-0.507253232726782,3.78275224637308,-0.5671588827166028,1.1261544357254607,1.4122039073154182,0.5007209311294231,3.503301094810195,1.926829920271378
64.0,12.0,1010.22998046875,0.2795600516487113,3.017856204954228,-1.0218566352237597,3.4098899303715866,1.336667768919629,1.2097316160427598,0.1670027454524989,1.3889833901136917,2.7307733298449888,1.5135854717832695
64.0,12.0,1009.4701538085938,0.8301632220793187,2.820182799508509,-0.8870590210097379,3.649885046164975,-1.4690367451753503,1.2169966198666835,1.7096687732312046,-0.5909118746200892,3.72195380400773,2.300687139537261
64.0,12.0,1005.6001586914062,0.1781387739601991,2.8222566258346973,-1.2784227836424644,2.158820161725356,-1.3598118191510389,1.8033214309254848,1.4312019484559402,0.0812233307260337,2.5723035292130967,1.5728984824109573
64.0,12.0,1006.3341674804688,0.3888189065196371,3.19098221928363,-0.1105807418434687,1.6343787111994237,-0.2754166168800518,2.218191842362917,0.4045750418654998,0.1350956034985735,3.3569490268599536,2.403341908698976
64.0,12.0,1008.3792724609376,0.6932129179610199,2.2119381673017338,-0.3503953738113749,1.822156521997299,-0.1372999836628923,2.5232862844142536,1.6821731573629513,0.0441187623089383,4.601996350485448,1.2454722758271322
64.0,13.0,1006.11962890625,-0.497682321193742,3.030567283483479,-0.5787679993007673,1.468996806504657,-1.102800242265915,1.463907549460452,-0.3849157258589892,0.1852476260815461,1.9192500309728429,0.8627286160848842
64.0,13.0,1008.3423461914062,0.6574661632444259,3.058962396496167,0.3046281244818326,3.55867348940954,0.801604907938918,1.1744825767938336,1.4961983921877635,0.1138585796299599,4.151368753567943,1.4094062044123434
64.0,13.0,1009.0829467773438,0.8630510703406074,3.042162601692519,0.0499007970946795,3.444385546090999,-0.4990480464304719,0.4354218116662556,0.8949753203271813,0.0055477473743663,3.180798182955301,0.7925675791512008
64.0,13.0,1007.6607055664062,0.7528112446894505,3.1522536284043383,-0.5665184005922115,4.045952050495025,-0.7945597910333166,1.105523864894017,1.0238977045891955,0.4141197744681694,3.4787713495883,1.956160436920028
64.0,13.0,1008.7200927734376,-0.4287496783731845,2.7141488512366587,0.135814598073293,3.5401014516008384,0.8814470060804864,0.100357305462027,1.862612918861468,0.6566611523849353,3.2989985026795114,2.052846431214326
64.0,13.0,1010.2483520507812,1.1254231988091754,2.651770342312758,-0.7048021505193174,3.342925071228907,-0.0225266479283876,1.3113766652818912,0.8829332127807912,0.6550559521874317,3.8330771015010487,1.6878893707375735
64.0,13.0,1006.2119140625,0.4893625390202833,1.7795423029239368,-0.2283334970089545,3.1277989280704825,0.4981169607027755,1.141197769335064,2.5146578201478693,1.975507430672696,4.311031517865723,2.0922100116751228
64.0,13.0,1009.3677978515624,0.3651870821180747,1.9885662669363189,-0.1765833472784848,2.581861028001975,-0.0103796726030012,0.6839290959974864,-0.3766700265942728,1.596808978364511,3.0135712177983,2.145497279031898
64.0,13.0,1009.38330078125,0.6470373816635562,2.1302617055119093,0.197015363234022,2.9438109531110177,0.8381787746554662,2.1732122375294702,0.3725776506993059,1.4604053364641845,2.573021503857912,0.7461238357973721
64.0,13.0,1004.5355224609376,-0.2067583177486083,2.156645823399848,1.1237471826284795,3.780946817479548,-0.5114493991580722,1.3470285072754011,1.5426076556614716,0.9251629364195506,3.6326501297850458,1.193605314089168
64.0,13.0,1008.21923828125,-0.298219533117912,3.0185482192187125,0.285171031606693,2.599554216036076,0.2880969029957859,0.997517497305429,-0.590278083953078,0.2804241833235376,3.559147233411687,0.1670701598797905
64.0,13.0,1010.41650390625,0.4489313685080566,1.92122819363612,-0.2141840293156327,3.220864318917715,0.3552680034358248,1.313700583323415,0.7444542732187469,1.405323450551658,3.243738993516476,1.7133208247743368
64.0,13.0,1008.2164916992188,0.5580556779076256,2.383279137806421,-0.6564993668382444,2.8649404182394846,0.1788457001234297,1.7702939559078874,1.2130720299313382,0.6010096226642991,3.428949899942337,1.4479553787297892
64.0,13.0,1007.143798828125,0.7762461538352123,2.593028683463827,0.3012984908373977,1.7172840410422243,-0.1497621235852731,1.7603122732031682,0.5605421817306516,0.5336316981596247,0.9214629252908072,1.5912971121135435
64.0,13.0,1008.1273803710938,0.6368268079883882,2.8589444199280782,-0.7146863662214917,3.881587611852962,-1.627527026501025,1.0253459777136271,1.1765323219339314,0.7777861241241981,3.951662307332839,1.5761363206848222
64.0,13.0,1006.5872802734376,0.2656690085363156,2.8994275720441487,-0.0359203097652873,2.439288483665521,-0.403613583524778,2.160790506390417,1.4511060060394816,0.484404972217794,3.372222679109396,2.807072668682597
64.0,13.0,1011.6537475585938,1.5938945595091711,3.1927204322925054,0.7040952604364761,3.9524946025127177,0.2542140967975652,0.8581280715542117,1.7808816637215594,0.1080295139657634,4.012403811024539,1.5655412305957088
64.0,13.0,1005.5903930664062,1.0850608351254831,3.0729081885232894,-0.0173533722472141,2.6411138831518057,-0.5004146304737389,1.436460637911377,1.5780674897249076,1.4846329996870586,4.064692075809855,0.3497848194679321
64.0,13.0,1008.2588500976562,1.0571236352401987,1.793848540065103,-0.5764893533481349,3.587313811568459,0.0983454380119674,1.0872088601934664,0.6296482138763843,0.426208770963871,4.290449530154744,1.4786611588068923
64.0,13.0,1005.7882080078124,1.930989912640924,2.5698273775009017,-0.4222718299406413,2.2647280101266523,-1.2334670620841697,1.1900713704557306,1.273633231737758,-0.0756089152430987,3.487418316929421,1.693288812527204
64.0,13.0,1008.01171875,0.5332373484236946,3.0943695992587874,0.2284105229734127,2.022873613217147,1.019537849769935,1.7477099976796442,0.9424464534919864,1.8498474128298388,3.1055163676550563,0.3650473660836795
64.0,13.0,1007.3286743164062,0.5752754045657884,3.184443973985288,-0.6493801759597769,3.5754829422461656,-0.3962052041628998,0.9649383889986938,1.615024628609807,0.0783724077716743,4.335754377790092,0.4525741548075102
64.0,13.0,1006.9320068359376,0.8640467972366886,3.304000435192095,-0.454895517885008,3.4405379763267088,0.4082962464330029,1.2535327613274252,2.170528320880867,0.1181603339267786,2.990732008261166,2.4223930349754945
64.0,13.0,1006.1622924804688,0.004875918920975,3.104117364521483,-0.1086507334723188,3.699475480862376,-1.1661743499684296,0.9447187168156084,1.0372177013184494,-0.23489855012757,3.06256370413144,2.0617497904784594
64.0,13.0,1007.7412109375,0.5068917788282048,3.6531207789104014,1.1393402186706427,3.496809414280172,-0.3924562269735168,1.612480383882533,0.1475310465962566,0.0524780184412267,3.339541668026925,0.8203577678991931
64.0,13.0,1009.875,1.584564081191605,3.0437454118742373,-0.7595391846516564,3.668244421610048,-0.1811748100889451,0.5665127597891602,1.0513023526815377,-0.2515624305807756,3.323596191678066,0.8467481101686634
64.0,13.0,1006.750732421875,1.4983206496546757,3.310143956253831,-0.0995478391109807,4.111181782258067,-0.0736615879452686,2.3151370482507234,0.654147595066203,0.6455422381112422,3.3493750202887504,1.9151768831651383
64.0,13.0,1008.7598876953124,-0.6576211247808099,2.55198308533074,0.562248298769053,1.8893157861145609,1.4578573843842686,-0.4817692765649642,1.4482385041902155,-0.2275356021795329,3.429728383710733,1.6895383020991332
64.0,13.0,1009.8984375,1.6344535310337545,2.751787913441956,-0.1322963629941396,3.1425005467108464,1.3320408183573411,1.0540684052189753,1.1465180451626105,0.0222869503163389,4.535896323888461,1.3034277030077928
64.0,13.0,1008.3200073242188,2.082632155369566,2.9665900511031333,-0.5922171144601804,3.123739287458194,-0.5464784812260914,1.0546875410348582,1.7687094042639275,-0.7124648449785488,4.354443591186314,1.295702474076481
64.0,13.0,1008.7456665039062,0.7842374151696674,3.139110540218078,-1.0288465257110313,4.029683831905636,-1.3903322969175846,1.2371820927852002,1.4843917965321436,0.1696485096970561,3.543699883918997,1.623176727318091
64.0,13.0,1009.5379638671876,-0.1694459683240288,3.459045911264085,-0.5573164860987232,3.485652996962099,-0.7636659576193852,0.4361687925136529,0.9414727126625656,0.2006140561976505,3.997706659170479,2.663799294059852
64.0,13.0,1005.9246215820312,0.6600018304696809,2.208408201646309,-0.00906597507511,2.784505846876923,0.3472293972856342,1.7621845249117634,1.5973701590591634,0.780958497717289,3.692710282606984,1.0349967017159698
64.0,13.0,1009.593994140625,0.5374542256017627,3.064515708249383,0.2927517192063322,3.1867187055670203,0.6839591371749951,0.5998561763294047,0.8063924727052586,0.6169965959930439,3.4734188398190606,0.8858370293231238
64.0,13.0,1009.5986328125,-0.0006013654294587,2.8519434235080574,-0.2638338129000903,2.524610759375772,0.406142666245349,1.812471315037557,1.9232765391330884,0.692000421579665,3.526378119707267,1.363817336190289
64.0,13.0,1009.1370849609376,0.7879637964296875,2.86086798763516,-0.5492692136403832,4.005514871414867,-0.0617324199467006,1.6792155416662813,1.3839924198004556,-0.7535561677596783,2.5670537000092555,1.96755506025254
64.0,13.0,1007.8631591796876,-1.1004238419070904,2.040108134010074,2.6214015260865926,1.318793766349601,-0.9098512324265178,0.59338357995696,-0.2536180386175659,2.3975458900140763,2.4684745713425125,2.006881671908617
64.0,13.0,1007.6941528320312,-0.9191563805964992,-0.0739405032805775,1.058587782348256,2.5088568339158472,-0.4944091546357916,0.0149281589082759,1.2909744872868127,0.725586256491825,1.7227688893335578,1.4566318141616184
64.0,13.0,1004.4985961914062,1.5264166200797986,3.0640212166161023,-0.215819897253269,3.5490497273888275,-0.2048867388282806,1.0826619122252867,1.0511392207255632,-0.0170243374408754,3.2973942147249127,1.6821927523441609
64.0,13.0,1008.953369140625,1.1927741604526827,2.82031251863524,0.4590875786741277,3.165302924193441,-0.2917944259187203,1.6350802920224636,1.1000088864052755,-0.2959382696509955,3.2812665821765497,2.9086422828899057
64.0,13.0,1006.3912353515624,1.0823124156003283,3.145532408020725,0.0937498638335725,4.3492484902596935,-0.983369492477124,0.3045399617600217,1.0355153888892177,-0.6035785196627739,3.47882371336145,1.9749920545649893
64.0,13.0,1008.54248046875,-0.5161320464032679,1.5017594867098103,2.3450312370646005,1.853110817383704,1.4282477856925917,-0.2321939802347681,1.1706229465485598,1.7393457405330195,3.96725409494073,1.6126452046941329
64.0,13.0,1006.4755249023438,1.5373922129536688,3.032235559935451,0.6874268984749604,3.275338603754686,-0.2140326921908348,1.494799281789143,0.9278351614159914,0.1155832775990138,3.2730834620692755,1.8184178138756064
64.0,13.0,1005.9786376953124,1.1755166225902458,3.0139295819900664,-0.2417305383366287,3.616814653335077,-0.2729520402836232,1.8592848557108288,1.1177652924446315,0.1211451494947978,3.912459696901169,2.2316448068592054
64.0,13.0,1004.7403564453124,0.4804166552562906,3.142058809388116,-0.507253232726782,3.78275224637308,-0.5671588827166028,1.1261544357254607,1.4122039073154182,0.5007209311294231,3.503301094810195,1.926829920271378
64.0,13.0,1009.2369384765624,0.7719457450167173,3.067468518497742,0.1438674432862803,4.201429714841284,0.6009588464599838,1.2267336499088082,1.4269277437993857,0.4169023640793585,3.52345155282314,1.4499758682082091
64.0,13.0,1008.9916381835938,0.4388873414943521,3.0430165850100392,-0.0138907587164149,3.360225012154668,-0.2431039624677651,1.0875227940877932,0.4932567637790905,0.0193590298986603,3.742421437164733,1.2009592344049616
64.0,13.0,1005.6001586914062,0.1781387739601991,2.8222566258346973,-1.2784227836424644,2.158820161725356,-1.3598118191510389,1.8033214309254848,1.4312019484559402,0.0812233307260337,2.5723035292130967,1.5728984824109573
64.0,13.0,1006.3341674804688,0.3888189065196371,3.19098221928363,-0.1105807418434687,1.6343787111994237,-0.2754166168800518,2.218191842362917,0.4045750418654998,0.1350956034985735,3.3569490268599536,2.403341908698976
64.0,13.0,1008.3792724609376,0.6932129179610199,2.2119381673017338,-0.3503953738113749,1.822156521997299,-0.1372999836628923,2.5232862844142536,1.6821731573629513,0.0441187623089383,4.601996350485448,1.2454722758271322
64.0,14.0,1006.11962890625,-0.497682321193742,3.030567283483479,-0.5787679993007673,1.468996806504657,-1.102800242265915,1.463907549460452,-0.3849157258589892,0.1852476260815461,1.9192500309728429,0.8627286160848842
64.0,14.0,1008.3423461914062,0.6574661632444259,3.058962396496167,0.3046281244818326,3.55867348940954,0.801604907938918,1.1744825767938336,1.4961983921877635,0.1138585796299599,4.151368753567943,1.4094062044123434
64.0,14.0,1008.7318725585938,0.7160099628187513,3.0428684450291867,-0.3054439320556275,3.4201611552789988,-0.1962416875361909,1.1479964236432345,0.9072489064098948,-0.1420497254825796,3.399358201898659,1.0370247848810357
64.0,14.0,1007.6607055664062,0.7528112446894505,3.1522536284043383,-0.5665184005922115,4.045952050495025,-0.7945597910333166,1.105523864894017,1.0238977045891955,0.4141197744681694,3.4787713495883,1.956160436920028
64.0,14.0,1008.7200927734376,-0.4287496783731845,2.7141488512366587,0.135814598073293,3.5401014516008384,0.8814470060804864,0.100357305462027,1.862612918861468,0.6566611523849353,3.2989985026795114,2.052846431214326
64.0,14.0,1009.394775390625,1.51668977737375,2.0889011749876567,-0.5224337441652855,3.421365296680624,-0.0062676433238653,0.7771237238342074,0.8209770880343953,0.046314892586863,3.970342380462936,1.289132511005045
64.0,14.0,1006.2119140625,0.4893625390202833,1.7795423029239368,-0.2283334970089545,3.1277989280704825,0.4981169607027755,1.141197769335064,2.5146578201478693,1.975507430672696,4.311031517865723,2.0922100116751228
64.0,14.0,1009.3677978515624,0.3651870821180747,1.9885662669363189,-0.1765833472784848,2.581861028001975,-0.0103796726030012,0.6839290959974864,-0.3766700265942728,1.596808978364511,3.0135712177983,2.145497279031898
64.0,14.0,1009.38330078125,0.6470373816635562,2.1302617055119093,0.197015363234022,2.9438109531110177,0.8381787746554662,2.1732122375294702,0.3725776506993059,1.4604053364641845,2.573021503857912,0.7461238357973721
64.0,14.0,1004.5355224609376,-0.2067583177486083,2.156645823399848,1.1237471826284795,3.780946817479548,-0.5114493991580722,1.3470285072754011,1.5426076556614716,0.9251629364195506,3.6326501297850458,1.193605314089168
64.0,14.0,1008.21923828125,-0.298219533117912,3.0185482192187125,0.285171031606693,2.599554216036076,0.2880969029957859,0.997517497305429,-0.590278083953078,0.2804241833235376,3.559147233411687,0.1670701598797905
64.0,14.0,1010.41650390625,0.4489313685080566,1.92122819363612,-0.2141840293156327,3.220864318917715,0.3552680034358248,1.313700583323415,0.7444542732187469,1.405323450551658,3.243738993516476,1.7133208247743368
64.0,14.0,1008.2164916992188,0.5580556779076256,2.383279137806421,-0.6564993668382444,2.8649404182394846,0.1788457001234297,1.7702939559078874,1.2130720299313382,0.6010096226642991,3.428949899942337,1.4479553787297892
64.0,14.0,1007.143798828125,0.7762461538352123,2.593028683463827,0.3012984908373977,1.7172840410422243,-0.1497621235852731,1.7603122732031682,0.5605421817306516,0.5336316981596247,0.9214629252908072,1.5912971121135435
64.0,14.0,1006.9401245117188,0.3160040910179016,3.0759729087404613,-0.200197468624636,3.5888043003496293,-0.9660674827254084,0.9546154223424154,1.4035214690021385,0.5122053816003849,3.791949268408581,1.62902025464191
64.0,14.0,1006.5872802734376,0.2656690085363156,2.8994275720441487,-0.0359203097652873,2.439288483665521,-0.403613583524778,2.160790506390417,1.4511060060394816,0.484404972217794,3.372222679109396,2.807072668682597
64.0,14.0,1011.6537475585938,1.5938945595091711,3.1927204322925054,0.7040952604364761,3.9524946025127177,0.2542140967975652,0.8581280715542117,1.7808816637215594,0.1080295139657634,4.012403811024539,1.5655412305957088
64.0,14.0,1005.5903930664062,1.0850608351254831,3.0729081885232894,-0.0173533722472141,2.6411138831518057,-0.5004146304737389,1.436460637911377,1.5780674897249076,1.4846329996870586,4.064692075809855,0.3497848194679321
64.0,14.0,1008.2588500976562,1.0571236352401987,1.793848540065103,-0.5764893533481349,3.587313811568459,0.0983454380119674,1.0872088601934664,0.6296482138763843,0.426208770963871,4.290449530154744,1.4786611588068923
64.0,14.0,1005.7882080078124,1.930989912640924,2.5698273775009017,-0.4222718299406413,2.2647280101266523,-1.2334670620841697,1.1900713704557306,1.273633231737758,-0.0756089152430987,3.487418316929421,1.693288812527204
64.0,14.0,1008.01171875,0.5332373484236946,3.0943695992587874,0.2284105229734127,2.022873613217147,1.019537849769935,1.7477099976796442,0.9424464534919864,1.8498474128298388,3.1055163676550563,0.3650473660836795
64.0,14.0,1007.3286743164062,0.5752754045657884,3.184443973985288,-0.6493801759597769,3.5754829422461656,-0.3962052041628998,0.9649383889986938,1.615024628609807,0.0783724077716743,4.335754377790092,0.4525741548075102
64.0,14.0,1006.9320068359376,0.8640467972366886,3.304000435192095,-0.454895517885008,3.4405379763267088,0.4082962464330029,1.2535327613274252,2.170528320880867,0.1181603339267786,2.990732008261166,2.4223930349754945
64.0,14.0,1006.1622924804688,0.004875918920975,3.104117364521483,-0.1086507334723188,3.699475480862376,-1.1661743499684296,0.9447187168156084,1.0372177013184494,-0.23489855012757,3.06256370413144,2.0617497904784594
64.0,14.0,1007.7412109375,0.5068917788282048,3.6531207789104014,1.1393402186706427,3.496809414280172,-0.3924562269735168,1.612480383882533,0.1475310465962566,0.0524780184412267,3.339541668026925,0.8203577678991931
64.0,14.0,1008.1739501953124,1.6413635358121716,3.343269745080816,0.2019027360287677,3.5348093235497835,-0.1942484375916076,0.9530267104471426,1.1052031353316056,0.0297497040701961,3.35263353716934,1.512207743913377
64.0,14.0,1006.750732421875,1.4983206496546757,3.310143956253831,-0.0995478391109807,4.111181782258067,-0.0736615879452686,2.3151370482507234,0.654147595066203,0.6455422381112422,3.3493750202887504,1.9151768831651383
64.0,14.0,1008.7598876953124,-0.6576211247808099,2.55198308533074,0.562248298769053,1.8893157861145609,1.4578573843842686,-0.4817692765649642,1.4482385041902155,-0.2275356021795329,3.429728383710733,1.6895383020991332
64.0,14.0,1009.8984375,1.6344535310337545,2.751787913441956,-0.1322963629941396,3.1425005467108464,1.3320408183573411,1.0540684052189753,1.1465180451626105,0.0222869503163389,4.535896323888461,1.3034277030077928
64.0,14.0,1008.3200073242188,2.082632155369566,2.9665900511031333,-0.5922171144601804,3.123739287458194,-0.5464784812260914,1.0546875410348582,1.7687094042639275,-0.7124648449785488,4.354443591186314,1.295702474076481
64.0,14.0,1008.7456665039062,0.7842374151696674,3.139110540218078,-1.0288465257110313,4.029683831905636,-1.3903322969175846,1.2371820927852002,1.4843917965321436,0.1696485096970561,3.543699883918997,1.623176727318091
64.0,14.0,1009.5379638671876,-0.1694459683240288,3.459045911264085,-0.5573164860987232,3.485652996962099,-0.7636659576193852,0.4361687925136529,0.9414727126625656,0.2006140561976505,3.997706659170479,2.663799294059852
64.0,14.0,1005.9246215820312,0.6600018304696809,2.208408201646309,-0.00906597507511,2.784505846876923,0.3472293972856342,1.7621845249117634,1.5973701590591634,0.780958497717289,3.692710282606984,1.0349967017159698
64.0,14.0,1009.593994140625,0.5374542256017627,3.064515708249383,0.2927517192063322,3.1867187055670203,0.6839591371749951,0.5998561763294047,0.8063924727052586,0.6169965959930439,3.4734188398190606,0.8858370293231238
64.0,14.0,1009.5986328125,-0.0006013654294587,2.8519434235080574,-0.2638338129000903,2.524610759375772,0.406142666245349,1.812471315037557,1.9232765391330884,0.692000421579665,3.526378119707267,1.363817336190289
64.0,14.0,1009.1370849609376,0.7879637964296875,2.86086798763516,-0.5492692136403832,4.005514871414867,-0.0617324199467006,1.6792155416662813,1.3839924198004556,-0.7535561677596783,2.5670537000092555,1.96755506025254
64.0,14.0,1007.8631591796876,-1.1004238419070904,2.040108134010074,2.6214015260865926,1.318793766349601,-0.9098512324265178,0.59338357995696,-0.2536180386175659,2.3975458900140763,2.4684745713425125,2.006881671908617
64.0,14.0,1007.6941528320312,-0.9191563805964992,-0.0739405032805775,1.058587782348256,2.5088568339158472,-0.4944091546357916,0.0149281589082759,1.2909744872868127,0.725586256491825,1.7227688893335578,1.4566318141616184
64.0,14.0,1004.4985961914062,1.5264166200797986,3.0640212166161023,-0.215819897253269,3.5490497273888275,-0.2048867388282806,1.0826619122252867,1.0511392207255632,-0.0170243374408754,3.2973942147249127,1.6821927523441609
64.0,14.0,1008.953369140625,1.1927741604526827,2.82031251863524,0.4590875786741277,3.165302924193441,-0.2917944259187203,1.6350802920224636,1.1000088864052755,-0.2959382696509955,3.2812665821765497,2.9086422828899057
64.0,14.0,1006.3912353515624,1.0823124156003283,3.145532408020725,0.0937498638335725,4.3492484902596935,-0.983369492477124,0.3045399617600217,1.0355153888892177,-0.6035785196627739,3.47882371336145,1.9749920545649893
64.0,14.0,1008.54248046875,-0.5161320464032679,1.5017594867098103,2.3450312370646005,1.853110817383704,1.4282477856925917,-0.2321939802347681,1.1706229465485598,1.7393457405330195,3.96725409494073,1.6126452046941329
64.0,14.0,1006.4755249023438,1.5373922129536688,3.032235559935451,0.6874268984749604,3.275338603754686,-0.2140326921908348,1.494799281789143,0.9278351614159914,0.1155832775990138,3.2730834620692755,1.8184178138756064
64.0,14.0,1005.9786376953124,1.1755166225902458,3.0139295819900664,-0.2417305383366287,3.616814653335077,-0.2729520402836232,1.8592848557108288,1.1177652924446315,0.1211451494947978,3.912459696901169,2.2316448068592054
64.0,14.0,1004.7403564453124,0.4804166552562906,3.142058809388116,-0.507253232726782,3.78275224637308,-0.5671588827166028,1.1261544357254607,1.4122039073154182,0.5007209311294231,3.503301094810195,1.926829920271378
64.0,14.0,1009.2369384765624,0.7719457450167173,3.067468518497742,0.1438674432862803,4.201429714841284,0.6009588464599838,1.2267336499088082,1.4269277437993857,0.4169023640793585,3.52345155282314,1.4499758682082091
64.0,14.0,1008.9916381835938,0.4388873414943521,3.0430165850100392,-0.0138907587164149,3.360225012154668,-0.2431039624677651,1.0875227940877932,0.4932567637790905,0.0193590298986603,3.742421437164733,1.2009592344049616
64.0,14.0,1005.6001586914062,0.1781387739601991,2.8222566258346973,-1.2784227836424644,2.158820161725356,-1.3598118191510389,1.8033214309254848,1.4312019484559402,0.0812233307260337,2.5723035292130967,1.5728984824109573
64.0,14.0,1006.3341674804688,0.3888189065196371,3.19098221928363,-0.1105807418434687,1.6343787111994237,-0.2754166168800518,2.218191842362917,0.4045750418654998,0.1350956034985735,3.3569490268599536,2.403341908698976
64.0,14.0,1008.3792724609376,0.6932129179610199,2.2119381673017338,-0.3503953738113749,1.822156521997299,-0.1372999836628923,2.5232862844142536,1.6821731573629513,0.0441187623089383,4.601996350485448,1.2454722758271322
64.0,15.0,1006.11962890625,-0.497682321193742,3.030567283483479,-0.5787679993007673,1.468996806504657,-1.102800242265915,1.463907549460452,-0.3849157258589892,0.1852476260815461,1.9192500309728429,0.8627286160848842
64.0,15.0,1008.3423461914062,0.6574661632444259,3.058962396496167,0.3046281244818326,3.55867348940954,0.801604907938918,1.1744825767938336,1.4961983921877635,0.1138585796299599,4.151368753567943,1.4094062044123434
64.0,15.0,1008.7318725585938,0.7160099628187513,3.0428684450291867,-0.3054439320556275,3.4201611552789988,-0.1962416875361909,1.1479964236432345,0.9072489064098948,-0.1420497254825796,3.399358201898659,1.0370247848810357
64.0,15.0,1007.6607055664062,0.7528112446894505,3.1522536284043383,-0.5665184005922115,4.045952050495025,-0.7945597910333166,1.105523864894017,1.0238977045891955,0.4141197744681694,3.4787713495883,1.956160436920028
64.0,15.0,1008.7200927734376,-0.4287496783731845,2.7141488512366587,0.135814598073293,3.5401014516008384,0.8814470060804864,0.100357305462027,1.862612918861468,0.6566611523849353,3.2989985026795114,2.052846431214326
64.0,15.0,1009.394775390625,1.51668977737375,2.0889011749876567,-0.5224337441652855,3.421365296680624,-0.0062676433238653,0.7771237238342074,0.8209770880343953,0.046314892586863,3.970342380462936,1.289132511005045
64.0,15.0,1006.2119140625,0.4893625390202833,1.7795423029239368,-0.2283334970089545,3.1277989280704825,0.4981169607027755,1.141197769335064,2.5146578201478693,1.975507430672696,4.311031517865723,2.0922100116751228
64.0,15.0,1009.3677978515624,0.3651870821180747,1.9885662669363189,-0.1765833472784848,2.581861028001975,-0.0103796726030012,0.6839290959974864,-0.3766700265942728,1.596808978364511,3.0135712177983,2.145497279031898
64.0,15.0,1009.38330078125,0.6470373816635562,2.1302617055119093,0.197015363234022,2.9438109531110177,0.8381787746554662,2.1732122375294702,0.3725776506993059,1.4604053364641845,2.573021503857912,0.7461238357973721
64.0,15.0,1004.5355224609376,-0.2067583177486083,2.156645823399848,1.1237471826284795,3.780946817479548,-0.5114493991580722,1.3470285072754011,1.5426076556614716,0.9251629364195506,3.6326501297850458,1.193605314089168
64.0,15.0,1008.21923828125,-0.298219533117912,3.0185482192187125,0.285171031606693,2.599554216036076,0.2880969029957859,0.997517497305429,-0.590278083953078,0.2804241833235376,3.559147233411687,0.1670701598797905
64.0,15.0,1009.0859375,0.6170262594501037,2.3472971879340787,-0.1963798541952131,3.2142132289836702,0.1688984490254112,1.6215423113314962,0.6738032776639136,1.642824119083959,3.271988416913115,1.683606273568567
64.0,15.0,1008.2164916992188,0.5580556779076256,2.383279137806421,-0.6564993668382444,2.8649404182394846,0.1788457001234297,1.7702939559078874,1.2130720299313382,0.6010096226642991,3.428949899942337,1.4479553787297892
64.0,15.0,1007.143798828125,0.7762461538352123,2.593028683463827,0.3012984908373977,1.7172840410422243,-0.1497621235852731,1.7603122732031682,0.5605421817306516,0.5336316981596247,0.9214629252908072,1.5912971121135435
64.0,15.0,1006.9401245117188,0.3160040910179016,3.0759729087404613,-0.200197468624636,3.5888043003496293,-0.9660674827254084,0.9546154223424154,1.4035214690021385,0.5122053816003849,3.791949268408581,1.62902025464191
64.0,15.0,1006.5872802734376,0.2656690085363156,2.8994275720441487,-0.0359203097652873,2.439288483665521,-0.403613583524778,2.160790506390417,1.4511060060394816,0.484404972217794,3.372222679109396,2.807072668682597
64.0,15.0,1011.295654296875,1.1372887894575463,3.905902526914808,0.6653918600595696,4.116191817739233,-0.7913225587838058,0.8433438612194256,1.200638147278648,0.0928210739035639,2.429166919085942,1.6767881746659996
64.0,15.0,1005.5903930664062,1.0850608351254831,3.0729081885232894,-0.0173533722472141,2.6411138831518057,-0.5004146304737389,1.436460637911377,1.5780674897249076,1.4846329996870586,4.064692075809855,0.3497848194679321
64.0,15.0,1008.2588500976562,1.0571236352401987,1.793848540065103,-0.5764893533481349,3.587313811568459,0.0983454380119674,1.0872088601934664,0.6296482138763843,0.426208770963871,4.290449530154744,1.4786611588068923
64.0,15.0,1005.7882080078124,1.930989912640924,2.5698273775009017,-0.4222718299406413,2.2647280101266523,-1.2334670620841697,1.1900713704557306,1.273633231737758,-0.0756089152430987,3.487418316929421,1.693288812527204
64.0,15.0,1008.01171875,0.5332373484236946,3.0943695992587874,0.2284105229734127,2.022873613217147,1.019537849769935,1.7477099976796442,0.9424464534919864,1.8498474128298388,3.1055163676550563,0.3650473660836795
64.0,15.0,1004.8368530273438,-0.0192859539180938,3.1458012448024646,-0.4052589456220559,3.5837623621294377,-0.4446218579421889,1.004306573519272,1.0674916208430016,-0.1473208806064043,4.659302750457305,1.266183010783346
64.0,15.0,1006.9320068359376,0.8640467972366886,3.304000435192095,-0.454895517885008,3.4405379763267088,0.4082962464330029,1.2535327613274252,2.170528320880867,0.1181603339267786,2.990732008261166,2.4223930349754945
64.0,15.0,1006.1622924804688,0.004875918920975,3.104117364521483,-0.1086507334723188,3.699475480862376,-1.1661743499684296,0.9447187168156084,1.0372177013184494,-0.23489855012757,3.06256370413144,2.0617497904784594
64.0,15.0,1007.7412109375,0.5068917788282048,3.6531207789104014,1.1393402186706427,3.496809414280172,-0.3924562269735168,1.612480383882533,0.1475310465962566,0.0524780184412267,3.339541668026925,0.8203577678991931
64.0,15.0,1008.1739501953124,1.6413635358121716,3.343269745080816,0.2019027360287677,3.5348093235497835,-0.1942484375916076,0.9530267104471426,1.1052031353316056,0.0297497040701961,3.35263353716934,1.512207743913377
64.0,15.0,1006.750732421875,1.4983206496546757,3.310143956253831,-0.0995478391109807,4.111181782258067,-0.0736615879452686,2.3151370482507234,0.654147595066203,0.6455422381112422,3.3493750202887504,1.9151768831651383
64.0,15.0,1008.7598876953124,-0.6576211247808099,2.55198308533074,0.562248298769053,1.8893157861145609,1.4578573843842686,-0.4817692765649642,1.4482385041902155,-0.2275356021795329,3.429728383710733,1.6895383020991332
64.0,15.0,1009.8984375,1.6344535310337545,2.751787913441956,-0.1322963629941396,3.1425005467108464,1.3320408183573411,1.0540684052189753,1.1465180451626105,0.0222869503163389,4.535896323888461,1.3034277030077928
64.0,15.0,1008.3200073242188,2.082632155369566,2.9665900511031333,-0.5922171144601804,3.123739287458194,-0.5464784812260914,1.0546875410348582,1.7687094042639275,-0.7124648449785488,4.354443591186314,1.295702474076481
64.0,15.0,1008.7456665039062,0.7842374151696674,3.139110540218078,-1.0288465257110313,4.029683831905636,-1.3903322969175846,1.2371820927852002,1.4843917965321436,0.1696485096970561,3.543699883918997,1.623176727318091
64.0,15.0,1009.5379638671876,-0.1694459683240288,3.459045911264085,-0.5573164860987232,3.485652996962099,-0.7636659576193852,0.4361687925136529,0.9414727126625656,0.2006140561976505,3.997706659170479,2.663799294059852
64.0,15.0,1005.9246215820312,0.6600018304696809,2.208408201646309,-0.00906597507511,2.784505846876923,0.3472293972856342,1.7621845249117634,1.5973701590591634,0.780958497717289,3.692710282606984,1.0349967017159698
64.0,15.0,1009.593994140625,0.5374542256017627,3.064515708249383,0.2927517192063322,3.1867187055670203,0.6839591371749951,0.5998561763294047,0.8063924727052586,0.6169965959930439,3.4734188398190606,0.8858370293231238
64.0,15.0,1009.5986328125,-0.0006013654294587,2.8519434235080574,-0.2638338129000903,2.524610759375772,0.406142666245349,1.812471315037557,1.9232765391330884,0.692000421579665,3.526378119707267,1.363817336190289
64.0,15.0,1009.1370849609376,0.7879637964296875,2.86086798763516,-0.5492692136403832,4.005514871414867,-0.0617324199467006,1.6792155416662813,1.3839924198004556,-0.7535561677596783,2.5670537000092555,1.96755506025254
64.0,15.0,1007.8631591796876,-1.1004238419070904,2.040108134010074,2.6214015260865926,1.318793766349601,-0.9098512324265178,0.59338357995696,-0.2536180386175659,2.3975458900140763,2.4684745713425125,2.006881671908617
64.0,15.0,1007.6941528320312,-0.9191563805964992,-0.0739405032805775,1.058587782348256,2.5088568339158472,-0.4944091546357916,0.0149281589082759,1.2909744872868127,0.725586256491825,1.7227688893335578,1.4566318141616184
64.0,15.0,1004.4985961914062,1.5264166200797986,3.0640212166161023,-0.215819897253269,3.5490497273888275,-0.2048867388282806,1.0826619122252867,1.0511392207255632,-0.0170243374408754,3.2973942147249127,1.6821927523441609
64.0,15.0,1008.953369140625,1.1927741604526827,2.82031251863524,0.4590875786741277,3.165302924193441,-0.2917944259187203,1.6350802920224636,1.1000088864052755,-0.2959382696509955,3.2812665821765497,2.9086422828899057
64.0,15.0,1006.3912353515624,1.0823124156003283,3.145532408020725,0.0937498638335725,4.3492484902596935,-0.983369492477124,0.3045399617600217,1.0355153888892177,-0.6035785196627739,3.47882371336145,1.9749920545649893
64.0,15.0,1008.54248046875,-0.5161320464032679,1.5017594867098103,2.3450312370646005,1.853110817383704,1.4282477856925917,-0.2321939802347681,1.1706229465485598,1.7393457405330195,3.96725409494073,1.6126452046941329
64.0,15.0,1006.4755249023438,1.5373922129536688,3.032235559935451,0.6874268984749604,3.275338603754686,-0.2140326921908348,1.494799281789143,0.9278351614159914,0.1155832775990138,3.2730834620692755,1.8184178138756064
64.0,15.0,1005.9786376953124,1.1755166225902458,3.0139295819900664,-0.2417305383366287,3.616814653335077,-0.2729520402836232,1.8592848557108288,1.1177652924446315,0.1211451494947978,3.912459696901169,2.2316448068592054
64.0,15.0,1004.7403564453124,0.4804166552562906,3.142058809388116,-0.507253232726782,3.78275224637308,-0.5671588827166028,1.1261544357254607,1.4122039073154182,0.5007209311294231,3.503301094810195,1.926829920271378
64.0,15.0,1009.2369384765624,0.7719457450167173,3.067468518497742,0.1438674432862803,4.201429714841284,0.6009588464599838,1.2267336499088082,1.4269277437993857,0.4169023640793585,3.52345155282314,1.4499758682082091
64.0,15.0,1008.1492919921876,1.4986816122298836,2.989263902034488,0.1389946154927319,3.1896060624395304,-0.869416211686994,1.119021920540422,0.5584012801148004,0.0117905468584705,3.620020431449668,1.2188531740531752
64.0,15.0,1005.6001586914062,0.1781387739601991,2.8222566258346973,-1.2784227836424644,2.158820161725356,-1.3598118191510389,1.8033214309254848,1.4312019484559402,0.0812233307260337,2.5723035292130967,1.5728984824109573
64.0,15.0,1006.3341674804688,0.3888189065196371,3.19098221928363,-0.1105807418434687,1.6343787111994237,-0.2754166168800518,2.218191842362917,0.4045750418654998,0.1350956034985735,3.3569490268599536,2.403341908698976
64.0,15.0,1008.3792724609376,0.6932129179610199,2.2119381673017338,-0.3503953738113749,1.822156521997299,-0.1372999836628923,2.5232862844142536,1.6821731573629513,0.0441187623089383,4.601996350485448,1.2454722758271322
64.0,16.0,1006.11962890625,-0.497682321193742,3.030567283483479,-0.5787679993007673,1.468996806504657,-1.102800242265915,1.463907549460452,-0.3849157258589892,0.1852476260815461,1.9192500309728429,0.8627286160848842
64.0,16.0,1008.3423461914062,0.6574661632444259,3.058962396496167,0.3046281244818326,3.55867348940954,0.801604907938918,1.1744825767938336,1.4961983921877635,0.1138585796299599,4.151368753567943,1.4094062044123434
64.0,16.0,1008.7318725585938,0.7160099628187513,3.0428684450291867,-0.3054439320556275,3.4201611552789988,-0.1962416875361909,1.1479964236432345,0.9072489064098948,-0.1420497254825796,3.399358201898659,1.0370247848810357
64.0,16.0,1007.6607055664062,0.7528112446894505,3.1522536284043383,-0.5665184005922115,4.045952050495025,-0.7945597910333166,1.105523864894017,1.0238977045891955,0.4141197744681694,3.4787713495883,1.956160436920028
64.0,16.0,1008.7200927734376,-0.4287496783731845,2.7141488512366587,0.135814598073293,3.5401014516008384,0.8814470060804864,0.100357305462027,1.862612918861468,0.6566611523849353,3.2989985026795114,2.052846431214326
64.0,16.0,1009.394775390625,1.51668977737375,2.0889011749876567,-0.5224337441652855,3.421365296680624,-0.0062676433238653,0.7771237238342074,0.8209770880343953,0.046314892586863,3.970342380462936,1.289132511005045
64.0,16.0,1006.2119140625,0.4893625390202833,1.7795423029239368,-0.2283334970089545,3.1277989280704825,0.4981169607027755,1.141197769335064,2.5146578201478693,1.975507430672696,4.311031517865723,2.0922100116751228
64.0,16.0,1009.3677978515624,0.3651870821180747,1.9885662669363189,-0.1765833472784848,2.581861028001975,-0.0103796726030012,0.6839290959974864,-0.3766700265942728,1.596808978364511,3.0135712177983,2.145497279031898
64.0,16.0,1009.38330078125,0.6470373816635562,2.1302617055119093,0.197015363234022,2.9438109531110177,0.8381787746554662,2.1732122375294702,0.3725776506993059,1.4604053364641845,2.573021503857912,0.7461238357973721
64.0,16.0,1004.5355224609376,-0.2067583177486083,2.156645823399848,1.1237471826284795,3.780946817479548,-0.5114493991580722,1.3470285072754011,1.5426076556614716,0.9251629364195506,3.6326501297850458,1.193605314089168
64.0,16.0,1008.21923828125,-0.298219533117912,3.0185482192187125,0.285171031606693,2.599554216036076,0.2880969029957859,0.997517497305429,-0.590278083953078,0.2804241833235376,3.559147233411687,0.1670701598797905
64.0,16.0,1006.3345947265624,2.034042837590201,2.9125964116908234,-0.2024967773422643,3.3085072469478023,-0.07703122756074,0.9718660779238922,0.9340710653988924,1.2723474077259571,3.310849095998795,1.667239863445168
64.0,16.0,1008.2164916992188,0.5580556779076256,2.383279137806421,-0.6564993668382444,2.8649404182394846,0.1788457001234297,1.7702939559078874,1.2130720299313382,0.6010096226642991,3.428949899942337,1.4479553787297892
64.0,16.0,1007.143798828125,0.7762461538352123,2.593028683463827,0.3012984908373977,1.7172840410422243,-0.1497621235852731,1.7603122732031682,0.5605421817306516,0.5336316981596247,0.9214629252908072,1.5912971121135435
64.0,16.0,1006.9401245117188,0.3160040910179016,3.0759729087404613,-0.200197468624636,3.5888043003496293,-0.9660674827254084,0.9546154223424154,1.4035214690021385,0.5122053816003849,3.791949268408581,1.62902025464191
64.0,16.0,1006.5872802734376,0.2656690085363156,2.8994275720441487,-0.0359203097652873,2.439288483665521,-0.403613583524778,2.160790506390417,1.4511060060394816,0.484404972217794,3.372222679109396,2.807072668682597
64.0,16.0,1011.295654296875,1.1372887894575463,3.905902526914808,0.6653918600595696,4.116191817739233,-0.7913225587838058,0.8433438612194256,1.200638147278648,0.0928210739035639,2.429166919085942,1.6767881746659996
64.0,16.0,1005.5903930664062,1.0850608351254831,3.0729081885232894,-0.0173533722472141,2.6411138831518057,-0.5004146304737389,1.436460637911377,1.5780674897249076,1.4846329996870586,4.064692075809855,0.3497848194679321
64.0,16.0,1007.6295166015624,0.760632210368182,2.523489045540816,-0.6855887691901628,3.5657736665516566,0.317790458735649,0.3180960001700268,0.5613519826010546,0.3918729921785278,3.6392256882701166,1.6770418837070526
64.0,16.0,1005.7882080078124,1.930989912640924,2.5698273775009017,-0.4222718299406413,2.2647280101266523,-1.2334670620841697,1.1900713704557306,1.273633231737758,-0.0756089152430987,3.487418316929421,1.693288812527204
64.0,16.0,1008.01171875,0.5332373484236946,3.0943695992587874,0.2284105229734127,2.022873613217147,1.019537849769935,1.7477099976796442,0.9424464534919864,1.8498474128298388,3.1055163676550563,0.3650473660836795
64.0,16.0,1004.8368530273438,-0.0192859539180938,3.1458012448024646,-0.4052589456220559,3.5837623621294377,-0.4446218579421889,1.004306573519272,1.0674916208430016,-0.1473208806064043,4.659302750457305,1.266183010783346
64.0,16.0,1006.9320068359376,0.8640467972366886,3.304000435192095,-0.454895517885008,3.4405379763267088,0.4082962464330029,1.2535327613274252,2.170528320880867,0.1181603339267786,2.990732008261166,2.4223930349754945
64.0,16.0,1006.1622924804688,0.004875918920975,3.104117364521483,-0.1086507334723188,3.699475480862376,-1.1661743499684296,0.9447187168156084,1.0372177013184494,-0.23489855012757,3.06256370413144,2.0617497904784594
64.0,16.0,1007.7412109375,0.5068917788282048,3.6531207789104014,1.1393402186706427,3.496809414280172,-0.3924562269735168,1.612480383882533,0.1475310465962566,0.0524780184412267,3.339541668026925,0.8203577678991931
64.0,16.0,1008.1739501953124,1.6413635358121716,3.343269745080816,0.2019027360287677,3.5348093235497835,-0.1942484375916076,0.9530267104471426,1.1052031353316056,0.0297497040701961,3.35263353716934,1.512207743913377
64.0,16.0,1006.750732421875,1.4983206496546757,3.310143956253831,-0.0995478391109807,4.111181782258067,-0.0736615879452686,2.3151370482507234,0.654147595066203,0.6455422381112422,3.3493750202887504,1.9151768831651383
64.0,16.0,1008.7598876953124,-0.6576211247808099,2.55198308533074,0.562248298769053,1.8893157861145609,1.4578573843842686,-0.4817692765649642,1.4482385041902155,-0.2275356021795329,3.429728383710733,1.6895383020991332
64.0,16.0,1009.8984375,1.6344535310337545,2.751787913441956,-0.1322963629941396,3.1425005467108464,1.3320408183573411,1.0540684052189753,1.1465180451626105,0.0222869503163389,4.535896323888461,1.3034277030077928
64.0,16.0,1008.3200073242188,2.082632155369566,2.9665900511031333,-0.5922171144601804,3.123739287458194,-0.5464784812260914,1.0546875410348582,1.7687094042639275,-0.7124648449785488,4.354443591186314,1.295702474076481
64.0,16.0,1008.7456665039062,0.7842374151696674,3.139110540218078,-1.0288465257110313,4.029683831905636,-1.3903322969175846,1.2371820927852002,1.4843917965321436,0.1696485096970561,3.543699883918997,1.623176727318091
64.0,16.0,1009.5379638671876,-0.1694459683240288,3.459045911264085,-0.5573164860987232,3.485652996962099,-0.7636659576193852,0.4361687925136529,0.9414727126625656,0.2006140561976505,3.997706659170479,2.663799294059852
64.0,16.0,1005.9246215820312,0.6600018304696809,2.208408201646309,-0.00906597507511,2.784505846876923,0.3472293972856342,1.7621845249117634,1.5973701590591634,0.780958497717289,3.692710282606984,1.0349967017159698
64.0,16.0,1009.593994140625,0.5374542256017627,3.064515708249383,0.2927517192063322,3.1867187055670203,0.6839591371749951,0.5998561763294047,0.8063924727052586,0.6169965959930439,3.4734188398190606,0.8858370293231238
64.0,16.0,1008.2213134765624,1.1618679840033994,2.898109188853526,-0.1663951114489502,4.062248085219277,-0.113700094352803,1.338111974656169,1.5820610393902903,0.9771428029437478,3.355056654227108,1.3172495875849335
64.0,16.0,1009.1370849609376,0.7879637964296875,2.86086798763516,-0.5492692136403832,4.005514871414867,-0.0617324199467006,1.6792155416662813,1.3839924198004556,-0.7535561677596783,2.5670537000092555,1.96755506025254
64.0,16.0,1005.1350708007812,0.1661038185710084,2.5390123143543657,2.0774916054569346,1.835614257140512,-1.5735118140693944,0.0393769710875324,1.5364656260845004,0.9512514490147672,2.833057723425437,1.6722709438483858
64.0,16.0,1007.6941528320312,-0.9191563805964992,-0.0739405032805775,1.058587782348256,2.5088568339158472,-0.4944091546357916,0.0149281589082759,1.2909744872868127,0.725586256491825,1.7227688893335578,1.4566318141616184
64.0,16.0,1004.4985961914062,1.5264166200797986,3.0640212166161023,-0.215819897253269,3.5490497273888275,-0.2048867388282806,1.0826619122252867,1.0511392207255632,-0.0170243374408754,3.2973942147249127,1.6821927523441609
64.0,16.0,1008.953369140625,1.1927741604526827,2.82031251863524,0.4590875786741277,3.165302924193441,-0.2917944259187203,1.6350802920224636,1.1000088864052755,-0.2959382696509955,3.2812665821765497,2.9086422828899057
64.0,16.0,1006.3912353515624,1.0823124156003283,3.145532408020725,0.0937498638335725,4.3492484902596935,-0.983369492477124,0.3045399617600217,1.0355153888892177,-0.6035785196627739,3.47882371336145,1.9749920545649893
64.0,16.0,1008.54248046875,-0.5161320464032679,1.5017594867098103,2.3450312370646005,1.853110817383704,1.4282477856925917,-0.2321939802347681,1.1706229465485598,1.7393457405330195,3.96725409494073,1.6126452046941329
64.0,16.0,1006.4755249023438,1.5373922129536688,3.032235559935451,0.6874268984749604,3.275338603754686,-0.2140326921908348,1.494799281789143,0.9278351614159914,0.1155832775990138,3.2730834620692755,1.8184178138756064
64.0,16.0,1005.9786376953124,1.1755166225902458,3.0139295819900664,-0.2417305383366287,3.616814653335077,-0.2729520402836232,1.8592848557108288,1.1177652924446315,0.1211451494947978,3.912459696901169,2.2316448068592054
64.0,16.0,1004.7403564453124,0.4804166552562906,3.142058809388116,-0.507253232726782,3.78275224637308,-0.5671588827166028,1.1261544357254607,1.4122039073154182,0.5007209311294231,3.503301094810195,1.926829920271378
64.0,16.0,1009.2369384765624,0.7719457450167173,3.067468518497742,0.1438674432862803,4.201429714841284,0.6009588464599838,1.2267336499088082,1.4269277437993857,0.4169023640793585,3.52345155282314,1.4499758682082091
64.0,16.0,1008.1492919921876,1.4986816122298836,2.989263902034488,0.1389946154927319,3.1896060624395304,-0.869416211686994,1.119021920540422,0.5584012801148004,0.0117905468584705,3.620020431449668,1.2188531740531752
64.0,16.0,1005.6001586914062,0.1781387739601991,2.8222566258346973,-1.2784227836424644,2.158820161725356,-1.3598118191510389,1.8033214309254848,1.4312019484559402,0.0812233307260337,2.5723035292130967,1.5728984824109573
64.0,16.0,1006.3341674804688,0.3888189065196371,3.19098221928363,-0.1105807418434687,1.6343787111994237,-0.2754166168800518,2.218191842362917,0.4045750418654998,0.1350956034985735,3.3569490268599536,2.403341908698976
64.0,16.0,1008.3792724609376,0.6932129179610199,2.2119381673017338,-0.3503953738113749,1.822156521997299,-0.1372999836628923,2.5232862844142536,1.6821731573629513,0.0441187623089383,4.601996350485448,1.2454722758271322
64.0,17.0,1006.11962890625,-0.497682321193742,3.030567283483479,-0.5787679993007673,1.468996806504657,-1.102800242265915,1.463907549460452,-0.3849157258589892,0.1852476260815461,1.9192500309728429,0.8627286160848842
64.0,17.0,1008.3423461914062,0.6574661632444259,3.058962396496167,0.3046281244818326,3.55867348940954,0.801604907938918,1.1744825767938336,1.4961983921877635,0.1138585796299599,4.151368753567943,1.4094062044123434
64.0,17.0,1007.5930786132812,1.3351108689109576,3.067411264775153,-0.3282078000739168,3.498024683407314,-0.0592557527693074,0.9482229735739768,0.9451173903331408,-0.1011069365818468,3.332490279513489,0.7220570258918679
64.0,17.0,1007.6607055664062,0.7528112446894505,3.1522536284043383,-0.5665184005922115,4.045952050495025,-0.7945597910333166,1.105523864894017,1.0238977045891955,0.4141197744681694,3.4787713495883,1.956160436920028
64.0,17.0,1008.7200927734376,-0.4287496783731845,2.7141488512366587,0.135814598073293,3.5401014516008384,0.8814470060804864,0.100357305462027,1.862612918861468,0.6566611523849353,3.2989985026795114,2.052846431214326
64.0,17.0,1009.394775390625,1.51668977737375,2.0889011749876567,-0.5224337441652855,3.421365296680624,-0.0062676433238653,0.7771237238342074,0.8209770880343953,0.046314892586863,3.970342380462936,1.289132511005045
64.0,17.0,1006.2119140625,0.4893625390202833,1.7795423029239368,-0.2283334970089545,3.1277989280704825,0.4981169607027755,1.141197769335064,2.5146578201478693,1.975507430672696,4.311031517865723,2.0922100116751228
64.0,17.0,1009.3677978515624,0.3651870821180747,1.9885662669363189,-0.1765833472784848,2.581861028001975,-0.0103796726030012,0.6839290959974864,-0.3766700265942728,1.596808978364511,3.0135712177983,2.145497279031898
64.0,17.0,1009.38330078125,0.6470373816635562,2.1302617055119093,0.197015363234022,2.9438109531110177,0.8381787746554662,2.1732122375294702,0.3725776506993059,1.4604053364641845,2.573021503857912,0.7461238357973721
64.0,17.0,1004.5355224609376,-0.2067583177486083,2.156645823399848,1.1237471826284795,3.780946817479548,-0.5114493991580722,1.3470285072754011,1.5426076556614716,0.9251629364195506,3.6326501297850458,1.193605314089168
64.0,17.0,1008.21923828125,-0.298219533117912,3.0185482192187125,0.285171031606693,2.599554216036076,0.2880969029957859,0.997517497305429,-0.590278083953078,0.2804241833235376,3.559147233411687,0.1670701598797905
64.0,17.0,1006.3345947265624,2.034042837590201,2.9125964116908234,-0.2024967773422643,3.3085072469478023,-0.07703122756074,0.9718660779238922,0.9340710653988924,1.2723474077259571,3.310849095998795,1.667239863445168
64.0,17.0,1008.2164916992188,0.5580556779076256,2.383279137806421,-0.6564993668382444,2.8649404182394846,0.1788457001234297,1.7702939559078874,1.2130720299313382,0.6010096226642991,3.428949899942337,1.4479553787297892
64.0,17.0,1007.143798828125,0.7762461538352123,2.593028683463827,0.3012984908373977,1.7172840410422243,-0.1497621235852731,1.7603122732031682,0.5605421817306516,0.5336316981596247,0.9214629252908072,1.5912971121135435
64.0,17.0,1006.9401245117188,0.3160040910179016,3.0759729087404613,-0.200197468624636,3.5888043003496293,-0.9660674827254084,0.9546154223424154,1.4035214690021385,0.5122053816003849,3.791949268408581,1.62902025464191
64.0,17.0,1006.5872802734376,0.2656690085363156,2.8994275720441487,-0.0359203097652873,2.439288483665521,-0.403613583524778,2.160790506390417,1.4511060060394816,0.484404972217794,3.372222679109396,2.807072668682597
64.0,17.0,1007.3650512695312,1.209770427187696,2.373663624502917,-0.922801461751769,3.522540163635104,-1.0583539604739505,1.3442077034450897,1.416473712663966,-0.0054601929838683,3.776563233416871,1.663920189206838
64.0,17.0,1005.5903930664062,1.0850608351254831,3.0729081885232894,-0.0173533722472141,2.6411138831518057,-0.5004146304737389,1.436460637911377,1.5780674897249076,1.4846329996870586,4.064692075809855,0.3497848194679321
64.0,17.0,1007.6295166015624,0.760632210368182,2.523489045540816,-0.6855887691901628,3.5657736665516566,0.317790458735649,0.3180960001700268,0.5613519826010546,0.3918729921785278,3.6392256882701166,1.6770418837070526
64.0,17.0,1005.7882080078124,1.930989912640924,2.5698273775009017,-0.4222718299406413,2.2647280101266523,-1.2334670620841697,1.1900713704557306,1.273633231737758,-0.0756089152430987,3.487418316929421,1.693288812527204
64.0,17.0,1008.01171875,0.5332373484236946,3.0943695992587874,0.2284105229734127,2.022873613217147,1.019537849769935,1.7477099976796442,0.9424464534919864,1.8498474128298388,3.1055163676550563,0.3650473660836795
64.0,17.0,1004.8368530273438,-0.0192859539180938,3.1458012448024646,-0.4052589456220559,3.5837623621294377,-0.4446218579421889,1.004306573519272,1.0674916208430016,-0.1473208806064043,4.659302750457305,1.266183010783346
64.0,17.0,1006.9320068359376,0.8640467972366886,3.304000435192095,-0.454895517885008,3.4405379763267088,0.4082962464330029,1.2535327613274252,2.170528320880867,0.1181603339267786,2.990732008261166,2.4223930349754945
64.0,17.0,1006.1622924804688,0.004875918920975,3.104117364521483,-0.1086507334723188,3.699475480862376,-1.1661743499684296,0.9447187168156084,1.0372177013184494,-0.23489855012757,3.06256370413144,2.0617497904784594
64.0,17.0,1007.7412109375,0.5068917788282048,3.6531207789104014,1.1393402186706427,3.496809414280172,-0.3924562269735168,1.612480383882533,0.1475310465962566,0.0524780184412267,3.339541668026925,0.8203577678991931
64.0,17.0,1008.1739501953124,1.6413635358121716,3.343269745080816,0.2019027360287677,3.5348093235497835,-0.1942484375916076,0.9530267104471426,1.1052031353316056,0.0297497040701961,3.35263353716934,1.512207743913377
64.0,17.0,1006.750732421875,1.4983206496546757,3.310143956253831,-0.0995478391109807,4.111181782258067,-0.0736615879452686,2.3151370482507234,0.654147595066203,0.6455422381112422,3.3493750202887504,1.9151768831651383
64.0,17.0,1008.7598876953124,-0.6576211247808099,2.55198308533074,0.562248298769053,1.8893157861145609,1.4578573843842686,-0.4817692765649642,1.4482385041902155,-0.2275356021795329,3.429728383710733,1.6895383020991332
64.0,17.0,1009.8984375,1.6344535310337545,2.751787913441956,-0.1322963629941396,3.1425005467108464,1.3320408183573411,1.0540684052189753,1.1465180451626105,0.0222869503163389,4.535896323888461,1.3034277030077928
64.0,17.0,1008.3200073242188,2.082632155369566,2.9665900511031333,-0.5922171144601804,3.123739287458194,-0.5464784812260914,1.0546875410348582,1.7687094042639275,-0.7124648449785488,4.354443591186314,1.295702474076481
64.0,17.0,1008.7456665039062,0.7842374151696674,3.139110540218078,-1.0288465257110313,4.029683831905636,-1.3903322969175846,1.2371820927852002,1.4843917965321436,0.1696485096970561,3.543699883918997,1.623176727318091
64.0,17.0,1009.5379638671876,-0.1694459683240288,3.459045911264085,-0.5573164860987232,3.485652996962099,-0.7636659576193852,0.4361687925136529,0.9414727126625656,0.2006140561976505,3.997706659170479,2.663799294059852
64.0,17.0,1005.9246215820312,0.6600018304696809,2.208408201646309,-0.00906597507511,2.784505846876923,0.3472293972856342,1.7621845249117634,1.5973701590591634,0.780958497717289,3.692710282606984,1.0349967017159698
64.0,17.0,1009.593994140625,0.5374542256017627,3.064515708249383,0.2927517192063322,3.1867187055670203,0.6839591371749951,0.5998561763294047,0.8063924727052586,0.6169965959930439,3.4734188398190606,0.8858370293231238
64.0,17.0,1008.2213134765624,1.1618679840033994,2.898109188853526,-0.1663951114489502,4.062248085219277,-0.113700094352803,1.338111974656169,1.5820610393902903,0.9771428029437478,3.355056654227108,1.3172495875849335
64.0,17.0,1009.1370849609376,0.7879637964296875,2.86086798763516,-0.5492692136403832,4.005514871414867,-0.0617324199467006,1.6792155416662813,1.3839924198004556,-0.7535561677596783,2.5670537000092555,1.96755506025254
64.0,17.0,1005.1350708007812,0.1661038185710084,2.5390123143543657,2.0774916054569346,1.835614257140512,-1.5735118140693944,0.0393769710875324,1.5364656260845004,0.9512514490147672,2.833057723425437,1.6722709438483858
64.0,17.0,1007.6941528320312,-0.9191563805964992,-0.0739405032805775,1.058587782348256,2.5088568339158472,-0.4944091546357916,0.0149281589082759,1.2909744872868127,0.725586256491825,1.7227688893335578,1.4566318141616184
64.0,17.0,1004.4985961914062,1.5264166200797986,3.0640212166161023,-0.215819897253269,3.5490497273888275,-0.2048867388282806,1.0826619122252867,1.0511392207255632,-0.0170243374408754,3.2973942147249127,1.6821927523441609
64.0,17.0,1008.953369140625,1.1927741604526827,2.82031251863524,0.4590875786741277,3.165302924193441,-0.2917944259187203,1.6350802920224636,1.1000088864052755,-0.2959382696509955,3.2812665821765497,2.9086422828899057
64.0,17.0,1006.3912353515624,1.0823124156003283,3.145532408020725,0.0937498638335725,4.3492484902596935,-0.983369492477124,0.3045399617600217,1.0355153888892177,-0.6035785196627739,3.47882371336145,1.9749920545649893
64.0,17.0,1008.54248046875,-0.5161320464032679,1.5017594867098103,2.3450312370646005,1.853110817383704,1.4282477856925917,-0.2321939802347681,1.1706229465485598,1.7393457405330195,3.96725409494073,1.6126452046941329
64.0,17.0,1006.4755249023438,1.5373922129536688,3.032235559935451,0.6874268984749604,3.275338603754686,-0.2140326921908348,1.494799281789143,0.9278351614159914,0.1155832775990138,3.2730834620692755,1.8184178138756064
64.0,17.0,1005.9786376953124,1.1755166225902458,3.0139295819900664,-0.2417305383366287,3.616814653335077,-0.2729520402836232,1.8592848557108288,1.1177652924446315,0.1211451494947978,3.912459696901169,2.2316448068592054
64.0,17.0,1004.7403564453124,0.4804166552562906,3.142058809388116,-0.507253232726782,3.78275224637308,-0.5671588827166028,1.1261544357254607,1.4122039073154182,0.5007209311294231,3.503301094810195,1.926829920271378
64.0,17.0,1009.2369384765624,0.7719457450167173,3.067468518497742,0.1438674432862803,4.201429714841284,0.6009588464599838,1.2267336499088082,1.4269277437993857,0.4169023640793585,3.52345155282314,1.4499758682082091
64.0,17.0,1008.1492919921876,1.4986816122298836,2.989263902034488,0.1389946154927319,3.1896060624395304,-0.869416211686994,1.119021920540422,0.5584012801148004,0.0117905468584705,3.620020431449668,1.2188531740531752
64.0,17.0,1005.6001586914062,0.1781387739601991,2.8222566258346973,-1.2784227836424644,2.158820161725356,-1.3598118191510389,1.8033214309254848,1.4312019484559402,0.0812233307260337,2.5723035292130967,1.5728984824109573
64.0,17.0,1006.3341674804688,0.3888189065196371,3.19098221928363,-0.1105807418434687,1.6343787111994237,-0.2754166168800518,2.218191842362917,0.4045750418654998,0.1350956034985735,3.3569490268599536,2.403341908698976
64.0,17.0,1008.3792724609376,0.6932129179610199,2.2119381673017338,-0.3503953738113749,1.822156521997299,-0.1372999836628923,2.5232862844142536,1.6821731573629513,0.0441187623089383,4.601996350485448,1.2454722758271322
64.0,18.0,1006.11962890625,-0.497682321193742,3.030567283483479,-0.5787679993007673,1.468996806504657,-1.102800242265915,1.463907549460452,-0.3849157258589892,0.1852476260815461,1.9192500309728429,0.8627286160848842
64.0,18.0,1008.3423461914062,0.6574661632444259,3.058962396496167,0.3046281244818326,3.55867348940954,0.801604907938918,1.1744825767938336,1.4961983921877635,0.1138585796299599,4.151368753567943,1.4094062044123434
64.0,18.0,1007.5930786132812,1.3351108689109576,3.067411264775153,-0.3282078000739168,3.498024683407314,-0.0592557527693074,0.9482229735739768,0.9451173903331408,-0.1011069365818468,3.332490279513489,0.7220570258918679
64.0,18.0,1007.6607055664062,0.7528112446894505,3.1522536284043383,-0.5665184005922115,4.045952050495025,-0.7945597910333166,1.105523864894017,1.0238977045891955,0.4141197744681694,3.4787713495883,1.956160436920028
64.0,18.0,1008.7200927734376,-0.4287496783731845,2.7141488512366587,0.135814598073293,3.5401014516008384,0.8814470060804864,0.100357305462027,1.862612918861468,0.6566611523849353,3.2989985026795114,2.052846431214326
64.0,18.0,1009.394775390625,1.51668977737375,2.0889011749876567,-0.5224337441652855,3.421365296680624,-0.0062676433238653,0.7771237238342074,0.8209770880343953,0.046314892586863,3.970342380462936,1.289132511005045
64.0,18.0,1006.2119140625,0.4893625390202833,1.7795423029239368,-0.2283334970089545,3.1277989280704825,0.4981169607027755,1.141197769335064,2.5146578201478693,1.975507430672696,4.311031517865723,2.0922100116751228
64.0,18.0,1007.5860595703124,0.9611140522541536,3.979347793388112,-0.3263567004885394,3.412466387798481,-0.0631549130035099,0.9307337971626412,1.1843395157683645,0.966598861298976,2.898317160010997,1.6003379858123528
64.0,18.0,1008.4246215820312,1.0306819302751864,3.978509086906152,-0.0680788386015178,3.378456373520682,-0.8451638659231371,1.5906195187207983,1.179489484700602,-0.3513427378104889,3.2383958310983068,1.1620642248677684
64.0,18.0,1004.5355224609376,-0.2067583177486083,2.156645823399848,1.1237471826284795,3.780946817479548,-0.5114493991580722,1.3470285072754011,1.5426076556614716,0.9251629364195506,3.6326501297850458,1.193605314089168
64.0,18.0,1008.21923828125,-0.298219533117912,3.0185482192187125,0.285171031606693,2.599554216036076,0.2880969029957859,0.997517497305429,-0.590278083953078,0.2804241833235376,3.559147233411687,0.1670701598797905
64.0,18.0,1006.3345947265624,2.034042837590201,2.9125964116908234,-0.2024967773422643,3.3085072469478023,-0.07703122756074,0.9718660779238922,0.9340710653988924,1.2723474077259571,3.310849095998795,1.667239863445168
64.0,18.0,1008.2164916992188,0.5580556779076256,2.383279137806421,-0.6564993668382444,2.8649404182394846,0.1788457001234297,1.7702939559078874,1.2130720299313382,0.6010096226642991,3.428949899942337,1.4479553787297892
64.0,18.0,1007.143798828125,0.7762461538352123,2.593028683463827,0.3012984908373977,1.7172840410422243,-0.1497621235852731,1.7603122732031682,0.5605421817306516,0.5336316981596247,0.9214629252908072,1.5912971121135435
64.0,18.0,1006.9401245117188,0.3160040910179016,3.0759729087404613,-0.200197468624636,3.5888043003496293,-0.9660674827254084,0.9546154223424154,1.4035214690021385,0.5122053816003849,3.791949268408581,1.62902025464191
64.0,18.0,1006.5872802734376,0.2656690085363156,2.8994275720441487,-0.0359203097652873,2.439288483665521,-0.403613583524778,2.160790506390417,1.4511060060394816,0.484404972217794,3.372222679109396,2.807072668682597
64.0,18.0,1007.3650512695312,1.209770427187696,2.373663624502917,-0.922801461751769,3.522540163635104,-1.0583539604739505,1.3442077034450897,1.416473712663966,-0.0054601929838683,3.776563233416871,1.663920189206838
64.0,18.0,1005.5903930664062,1.0850608351254831,3.0729081885232894,-0.0173533722472141,2.6411138831518057,-0.5004146304737389,1.436460637911377,1.5780674897249076,1.4846329996870586,4.064692075809855,0.3497848194679321
64.0,18.0,1007.6295166015624,0.760632210368182,2.523489045540816,-0.6855887691901628,3.5657736665516566,0.317790458735649,0.3180960001700268,0.5613519826010546,0.3918729921785278,3.6392256882701166,1.6770418837070526
64.0,18.0,1005.7882080078124,1.930989912640924,2.5698273775009017,-0.4222718299406413,2.2647280101266523,-1.2334670620841697,1.1900713704557306,1.273633231737758,-0.0756089152430987,3.487418316929421,1.693288812527204
64.0,18.0,1008.01171875,0.5332373484236946,3.0943695992587874,0.2284105229734127,2.022873613217147,1.019537849769935,1.7477099976796442,0.9424464534919864,1.8498474128298388,3.1055163676550563,0.3650473660836795
64.0,18.0,1004.8368530273438,-0.0192859539180938,3.1458012448024646,-0.4052589456220559,3.5837623621294377,-0.4446218579421889,1.004306573519272,1.0674916208430016,-0.1473208806064043,4.659302750457305,1.266183010783346
64.0,18.0,1006.9320068359376,0.8640467972366886,3.304000435192095,-0.454895517885008,3.4405379763267088,0.4082962464330029,1.2535327613274252,2.170528320880867,0.1181603339267786,2.990732008261166,2.4223930349754945
64.0,18.0,1006.1622924804688,0.004875918920975,3.104117364521483,-0.1086507334723188,3.699475480862376,-1.1661743499684296,0.9447187168156084,1.0372177013184494,-0.23489855012757,3.06256370413144,2.0617497904784594
64.0,18.0,1005.8321533203124,0.377814434290604,3.895551475372848,0.0535583373255332,3.414557908843645,-0.5334289284626546,0.985593986932181,0.7933330380200138,0.0535584523865163,3.290998620666775,1.0098828753892786
64.0,18.0,1008.1739501953124,1.6413635358121716,3.343269745080816,0.2019027360287677,3.5348093235497835,-0.1942484375916076,0.9530267104471426,1.1052031353316056,0.0297497040701961,3.35263353716934,1.512207743913377
64.0,18.0,1006.750732421875,1.4983206496546757,3.310143956253831,-0.0995478391109807,4.111181782258067,-0.0736615879452686,2.3151370482507234,0.654147595066203,0.6455422381112422,3.3493750202887504,1.9151768831651383
64.0,18.0,1008.7598876953124,-0.6576211247808099,2.55198308533074,0.562248298769053,1.8893157861145609,1.4578573843842686,-0.4817692765649642,1.4482385041902155,-0.2275356021795329,3.429728383710733,1.6895383020991332
64.0,18.0,1009.8984375,1.6344535310337545,2.751787913441956,-0.1322963629941396,3.1425005467108464,1.3320408183573411,1.0540684052189753,1.1465180451626105,0.0222869503163389,4.535896323888461,1.3034277030077928
64.0,18.0,1008.3200073242188,2.082632155369566,2.9665900511031333,-0.5922171144601804,3.123739287458194,-0.5464784812260914,1.0546875410348582,1.7687094042639275,-0.7124648449785488,4.354443591186314,1.295702474076481
64.0,18.0,1008.7456665039062,0.7842374151696674,3.139110540218078,-1.0288465257110313,4.029683831905636,-1.3903322969175846,1.2371820927852002,1.4843917965321436,0.1696485096970561,3.543699883918997,1.623176727318091
64.0,18.0,1009.5379638671876,-0.1694459683240288,3.459045911264085,-0.5573164860987232,3.485652996962099,-0.7636659576193852,0.4361687925136529,0.9414727126625656,0.2006140561976505,3.997706659170479,2.663799294059852
64.0,18.0,1005.9246215820312,0.6600018304696809,2.208408201646309,-0.00906597507511,2.784505846876923,0.3472293972856342,1.7621845249117634,1.5973701590591634,0.780958497717289,3.692710282606984,1.0349967017159698
64.0,18.0,1009.593994140625,0.5374542256017627,3.064515708249383,0.2927517192063322,3.1867187055670203,0.6839591371749951,0.5998561763294047,0.8063924727052586,0.6169965959930439,3.4734188398190606,0.8858370293231238
64.0,18.0,1008.2213134765624,1.1618679840033994,2.898109188853526,-0.1663951114489502,4.062248085219277,-0.113700094352803,1.338111974656169,1.5820610393902903,0.9771428029437478,3.355056654227108,1.3172495875849335
64.0,18.0,1009.1370849609376,0.7879637964296875,2.86086798763516,-0.5492692136403832,4.005514871414867,-0.0617324199467006,1.6792155416662813,1.3839924198004556,-0.7535561677596783,2.5670537000092555,1.96755506025254
64.0,18.0,1005.1350708007812,0.1661038185710084,2.5390123143543657,2.0774916054569346,1.835614257140512,-1.5735118140693944,0.0393769710875324,1.5364656260845004,0.9512514490147672,2.833057723425437,1.6722709438483858
64.0,18.0,1007.6941528320312,-0.9191563805964992,-0.0739405032805775,1.058587782348256,2.5088568339158472,-0.4944091546357916,0.0149281589082759,1.2909744872868127,0.725586256491825,1.7227688893335578,1.4566318141616184
64.0,18.0,1004.4985961914062,1.5264166200797986,3.0640212166161023,-0.215819897253269,3.5490497273888275,-0.2048867388282806,1.0826619122252867,1.0511392207255632,-0.0170243374408754,3.2973942147249127,1.6821927523441609
64.0,18.0,1008.953369140625,1.1927741604526827,2.82031251863524,0.4590875786741277,3.165302924193441,-0.2917944259187203,1.6350802920224636,1.1000088864052755,-0.2959382696509955,3.2812665821765497,2.9086422828899057
64.0,18.0,1006.3912353515624,1.0823124156003283,3.145532408020725,0.0937498638335725,4.3492484902596935,-0.983369492477124,0.3045399617600217,1.0355153888892177,-0.6035785196627739,3.47882371336145,1.9749920545649893
64.0,18.0,1008.54248046875,-0.5161320464032679,1.5017594867098103,2.3450312370646005,1.853110817383704,1.4282477856925917,-0.2321939802347681,1.1706229465485598,1.7393457405330195,3.96725409494073,1.6126452046941329
64.0,18.0,1006.4755249023438,1.5373922129536688,3.032235559935451,0.6874268984749604,3.275338603754686,-0.2140326921908348,1.494799281789143,0.9278351614159914,0.1155832775990138,3.2730834620692755,1.8184178138756064
64.0,18.0,1005.9786376953124,1.1755166225902458,3.0139295819900664,-0.2417305383366287,3.616814653335077,-0.2729520402836232,1.8592848557108288,1.1177652924446315,0.1211451494947978,3.912459696901169,2.2316448068592054
64.0,18.0,1004.7403564453124,0.4804166552562906,3.142058809388116,-0.507253232726782,3.78275224637308,-0.5671588827166028,1.1261544357254607,1.4122039073154182,0.5007209311294231,3.503301094810195,1.926829920271378
64.0,18.0,1009.2369384765624,0.7719457450167173,3.067468518497742,0.1438674432862803,4.201429714841284,0.6009588464599838,1.2267336499088082,1.4269277437993857,0.4169023640793585,3.52345155282314,1.4499758682082091
64.0,18.0,1008.1492919921876,1.4986816122298836,2.989263902034488,0.1389946154927319,3.1896060624395304,-0.869416211686994,1.119021920540422,0.5584012801148004,0.0117905468584705,3.620020431449668,1.2188531740531752
64.0,18.0,1005.6001586914062,0.1781387739601991,2.8222566258346973,-1.2784227836424644,2.158820161725356,-1.3598118191510389,1.8033214309254848,1.4312019484559402,0.0812233307260337,2.5723035292130967,1.5728984824109573
64.0,18.0,1006.3341674804688,0.3888189065196371,3.19098221928363,-0.1105807418434687,1.6343787111994237,-0.2754166168800518,2.218191842362917,0.4045750418654998,0.1350956034985735,3.3569490268599536,2.403341908698976
64.0,18.0,1008.3792724609376,0.6932129179610199,2.2119381673017338,-0.3503953738113749,1.822156521997299,-0.1372999836628923,2.5232862844142536,1.6821731573629513,0.0441187623089383,4.601996350485448,1.2454722758271322
64.0,19.0,1006.11962890625,-0.497682321193742,3.030567283483479,-0.5787679993007673,1.468996806504657,-1.102800242265915,1.463907549460452,-0.3849157258589892,0.1852476260815461,1.9192500309728429,0.8627286160848842
64.0,19.0,1008.3423461914062,0.6574661632444259,3.058962396496167,0.3046281244818326,3.55867348940954,0.801604907938918,1.1744825767938336,1.4961983921877635,0.1138585796299599,4.151368753567943,1.4094062044123434
64.0,19.0,1006.3142700195312,1.139511611358937,3.0694613868905667,-0.1653637898345447,3.4430469374271744,-0.2036379756711497,1.017926728273767,0.9696821854232316,-0.0703918319987118,3.339716178654164,1.1256383025099117
64.0,19.0,1007.6607055664062,0.7528112446894505,3.1522536284043383,-0.5665184005922115,4.045952050495025,-0.7945597910333166,1.105523864894017,1.0238977045891955,0.4141197744681694,3.4787713495883,1.956160436920028
64.0,19.0,1008.7200927734376,-0.4287496783731845,2.7141488512366587,0.135814598073293,3.5401014516008384,0.8814470060804864,0.100357305462027,1.862612918861468,0.6566611523849353,3.2989985026795114,2.052846431214326
64.0,19.0,1009.394775390625,1.51668977737375,2.0889011749876567,-0.5224337441652855,3.421365296680624,-0.0062676433238653,0.7771237238342074,0.8209770880343953,0.046314892586863,3.970342380462936,1.289132511005045
64.0,19.0,1006.2119140625,0.4893625390202833,1.7795423029239368,-0.2283334970089545,3.1277989280704825,0.4981169607027755,1.141197769335064,2.5146578201478693,1.975507430672696,4.311031517865723,2.0922100116751228
64.0,19.0,1007.5860595703124,0.9611140522541536,3.979347793388112,-0.3263567004885394,3.412466387798481,-0.0631549130035099,0.9307337971626412,1.1843395157683645,0.966598861298976,2.898317160010997,1.6003379858123528
64.0,19.0,1008.4246215820312,1.0306819302751864,3.978509086906152,-0.0680788386015178,3.378456373520682,-0.8451638659231371,1.5906195187207983,1.179489484700602,-0.3513427378104889,3.2383958310983068,1.1620642248677684
64.0,19.0,1004.5355224609376,-0.2067583177486083,2.156645823399848,1.1237471826284795,3.780946817479548,-0.5114493991580722,1.3470285072754011,1.5426076556614716,0.9251629364195506,3.6326501297850458,1.193605314089168
64.0,19.0,1008.21923828125,-0.298219533117912,3.0185482192187125,0.285171031606693,2.599554216036076,0.2880969029957859,0.997517497305429,-0.590278083953078,0.2804241833235376,3.559147233411687,0.1670701598797905
64.0,19.0,1006.3345947265624,2.034042837590201,2.9125964116908234,-0.2024967773422643,3.3085072469478023,-0.07703122756074,0.9718660779238922,0.9340710653988924,1.2723474077259571,3.310849095998795,1.667239863445168
64.0,19.0,1008.2164916992188,0.5580556779076256,2.383279137806421,-0.6564993668382444,2.8649404182394846,0.1788457001234297,1.7702939559078874,1.2130720299313382,0.6010096226642991,3.428949899942337,1.4479553787297892
64.0,19.0,1007.143798828125,0.7762461538352123,2.593028683463827,0.3012984908373977,1.7172840410422243,-0.1497621235852731,1.7603122732031682,0.5605421817306516,0.5336316981596247,0.9214629252908072,1.5912971121135435
64.0,19.0,1006.9401245117188,0.3160040910179016,3.0759729087404613,-0.200197468624636,3.5888043003496293,-0.9660674827254084,0.9546154223424154,1.4035214690021385,0.5122053816003849,3.791949268408581,1.62902025464191
64.0,19.0,1006.5872802734376,0.2656690085363156,2.8994275720441487,-0.0359203097652873,2.439288483665521,-0.403613583524778,2.160790506390417,1.4511060060394816,0.484404972217794,3.372222679109396,2.807072668682597
64.0,19.0,1007.3650512695312,1.209770427187696,2.373663624502917,-0.922801461751769,3.522540163635104,-1.0583539604739505,1.3442077034450897,1.416473712663966,-0.0054601929838683,3.776563233416871,1.663920189206838
64.0,19.0,1005.5903930664062,1.0850608351254831,3.0729081885232894,-0.0173533722472141,2.6411138831518057,-0.5004146304737389,1.436460637911377,1.5780674897249076,1.4846329996870586,4.064692075809855,0.3497848194679321
64.0,19.0,1007.6295166015624,0.760632210368182,2.523489045540816,-0.6855887691901628,3.5657736665516566,0.317790458735649,0.3180960001700268,0.5613519826010546,0.3918729921785278,3.6392256882701166,1.6770418837070526
64.0,19.0,1005.7882080078124,1.930989912640924,2.5698273775009017,-0.4222718299406413,2.2647280101266523,-1.2334670620841697,1.1900713704557306,1.273633231737758,-0.0756089152430987,3.487418316929421,1.693288812527204
64.0,19.0,1007.544677734375,-0.2805326006232682,3.1038845231404446,-0.1870705914575828,3.988367848503743,-0.2562732772840708,1.540852333686741,0.7450130913541388,1.6656985897711236,2.857401366589688,0.9264712942409098
64.0,19.0,1004.8368530273438,-0.0192859539180938,3.1458012448024646,-0.4052589456220559,3.5837623621294377,-0.4446218579421889,1.004306573519272,1.0674916208430016,-0.1473208806064043,4.659302750457305,1.266183010783346
64.0,19.0,1006.9320068359376,0.8640467972366886,3.304000435192095,-0.454895517885008,3.4405379763267088,0.4082962464330029,1.2535327613274252,2.170528320880867,0.1181603339267786,2.990732008261166,2.4223930349754945
64.0,19.0,1006.1622924804688,0.004875918920975,3.104117364521483,-0.1086507334723188,3.699475480862376,-1.1661743499684296,0.9447187168156084,1.0372177013184494,-0.23489855012757,3.06256370413144,2.0617497904784594
64.0,19.0,1005.8321533203124,0.377814434290604,3.895551475372848,0.0535583373255332,3.414557908843645,-0.5334289284626546,0.985593986932181,0.7933330380200138,0.0535584523865163,3.290998620666775,1.0098828753892786
64.0,19.0,1008.1739501953124,1.6413635358121716,3.343269745080816,0.2019027360287677,3.5348093235497835,-0.1942484375916076,0.9530267104471426,1.1052031353316056,0.0297497040701961,3.35263353716934,1.512207743913377
64.0,19.0,1006.750732421875,1.4983206496546757,3.310143956253831,-0.0995478391109807,4.111181782258067,-0.0736615879452686,2.3151370482507234,0.654147595066203,0.6455422381112422,3.3493750202887504,1.9151768831651383
64.0,19.0,1006.7168579101562,0.1204298679930743,3.085935525868453,0.8580658568112781,3.592274291221228,-0.3026876319912296,0.1565363944635099,1.0514447856814313,-0.2629416767191692,3.256268088908417,1.6125018470484531
64.0,19.0,1009.8984375,1.6344535310337545,2.751787913441956,-0.1322963629941396,3.1425005467108464,1.3320408183573411,1.0540684052189753,1.1465180451626105,0.0222869503163389,4.535896323888461,1.3034277030077928
64.0,19.0,1008.3200073242188,2.082632155369566,2.9665900511031333,-0.5922171144601804,3.123739287458194,-0.5464784812260914,1.0546875410348582,1.7687094042639275,-0.7124648449785488,4.354443591186314,1.295702474076481
64.0,19.0,1008.7456665039062,0.7842374151696674,3.139110540218078,-1.0288465257110313,4.029683831905636,-1.3903322969175846,1.2371820927852002,1.4843917965321436,0.1696485096970561,3.543699883918997,1.623176727318091
64.0,19.0,1009.5379638671876,-0.1694459683240288,3.459045911264085,-0.5573164860987232,3.485652996962099,-0.7636659576193852,0.4361687925136529,0.9414727126625656,0.2006140561976505,3.997706659170479,2.663799294059852
64.0,19.0,1005.9246215820312,0.6600018304696809,2.208408201646309,-0.00906597507511,2.784505846876923,0.3472293972856342,1.7621845249117634,1.5973701590591634,0.780958497717289,3.692710282606984,1.0349967017159698
64.0,19.0,1009.593994140625,0.5374542256017627,3.064515708249383,0.2927517192063322,3.1867187055670203,0.6839591371749951,0.5998561763294047,0.8063924727052586,0.6169965959930439,3.4734188398190606,0.8858370293231238
64.0,19.0,1007.3814086914062,1.37501567893667,2.796826013722564,-0.2415181677679952,4.221335396971198,-0.2078968184580427,1.4898404207350833,1.5180200398342767,0.2547780929846841,3.338302295211076,1.023318751440718
64.0,19.0,1009.1370849609376,0.7879637964296875,2.86086798763516,-0.5492692136403832,4.005514871414867,-0.0617324199467006,1.6792155416662813,1.3839924198004556,-0.7535561677596783,2.5670537000092555,1.96755506025254
64.0,19.0,1005.1350708007812,0.1661038185710084,2.5390123143543657,2.0774916054569346,1.835614257140512,-1.5735118140693944,0.0393769710875324,1.5364656260845004,0.9512514490147672,2.833057723425437,1.6722709438483858
64.0,19.0,1007.6941528320312,-0.9191563805964992,-0.0739405032805775,1.058587782348256,2.5088568339158472,-0.4944091546357916,0.0149281589082759,1.2909744872868127,0.725586256491825,1.7227688893335578,1.4566318141616184
64.0,19.0,1004.4985961914062,1.5264166200797986,3.0640212166161023,-0.215819897253269,3.5490497273888275,-0.2048867388282806,1.0826619122252867,1.0511392207255632,-0.0170243374408754,3.2973942147249127,1.6821927523441609
64.0,19.0,1008.953369140625,1.1927741604526827,2.82031251863524,0.4590875786741277,3.165302924193441,-0.2917944259187203,1.6350802920224636,1.1000088864052755,-0.2959382696509955,3.2812665821765497,2.9086422828899057
64.0,19.0,1006.3912353515624,1.0823124156003283,3.145532408020725,0.0937498638335725,4.3492484902596935,-0.983369492477124,0.3045399617600217,1.0355153888892177,-0.6035785196627739,3.47882371336145,1.9749920545649893
64.0,19.0,1008.54248046875,-0.5161320464032679,1.5017594867098103,2.3450312370646005,1.853110817383704,1.4282477856925917,-0.2321939802347681,1.1706229465485598,1.7393457405330195,3.96725409494073,1.6126452046941329
64.0,19.0,1006.4755249023438,1.5373922129536688,3.032235559935451,0.6874268984749604,3.275338603754686,-0.2140326921908348,1.494799281789143,0.9278351614159914,0.1155832775990138,3.2730834620692755,1.8184178138756064
64.0,19.0,1005.9786376953124,1.1755166225902458,3.0139295819900664,-0.2417305383366287,3.616814653335077,-0.2729520402836232,1.8592848557108288,1.1177652924446315,0.1211451494947978,3.912459696901169,2.2316448068592054
64.0,19.0,1004.7403564453124,0.4804166552562906,3.142058809388116,-0.507253232726782,3.78275224637308,-0.5671588827166028,1.1261544357254607,1.4122039073154182,0.5007209311294231,3.503301094810195,1.926829920271378
64.0,19.0,1009.2369384765624,0.7719457450167173,3.067468518497742,0.1438674432862803,4.201429714841284,0.6009588464599838,1.2267336499088082,1.4269277437993857,0.4169023640793585,3.52345155282314,1.4499758682082091
64.0,19.0,1008.1492919921876,1.4986816122298836,2.989263902034488,0.1389946154927319,3.1896060624395304,-0.869416211686994,1.119021920540422,0.5584012801148004,0.0117905468584705,3.620020431449668,1.2188531740531752
64.0,19.0,1005.6001586914062,0.1781387739601991,2.8222566258346973,-1.2784227836424644,2.158820161725356,-1.3598118191510389,1.8033214309254848,1.4312019484559402,0.0812233307260337,2.5723035292130967,1.5728984824109573
64.0,19.0,1006.3341674804688,0.3888189065196371,3.19098221928363,-0.1105807418434687,1.6343787111994237,-0.2754166168800518,2.218191842362917,0.4045750418654998,0.1350956034985735,3.3569490268599536,2.403341908698976
64.0,19.0,1008.3792724609376,0.6932129179610199,2.2119381673017338,-0.3503953738113749,1.822156521997299,-0.1372999836628923,2.5232862844142536,1.6821731573629513,0.0441187623089383,4.601996350485448,1.2454722758271322
64.0,20.0,1006.11962890625,-0.497682321193742,3.030567283483479,-0.5787679993007673,1.468996806504657,-1.102800242265915,1.463907549460452,-0.3849157258589892,0.1852476260815461,1.9192500309728429,0.8627286160848842
64.0,20.0,1008.3423461914062,0.6574661632444259,3.058962396496167,0.3046281244818326,3.55867348940954,0.801604907938918,1.1744825767938336,1.4961983921877635,0.1138585796299599,4.151368753567943,1.4094062044123434
64.0,20.0,1006.3142700195312,1.139511611358937,3.0694613868905667,-0.1653637898345447,3.4430469374271744,-0.2036379756711497,1.017926728273767,0.9696821854232316,-0.0703918319987118,3.339716178654164,1.1256383025099117
64.0,20.0,1007.6607055664062,0.7528112446894505,3.1522536284043383,-0.5665184005922115,4.045952050495025,-0.7945597910333166,1.105523864894017,1.0238977045891955,0.4141197744681694,3.4787713495883,1.956160436920028
64.0,20.0,1008.7200927734376,-0.4287496783731845,2.7141488512366587,0.135814598073293,3.5401014516008384,0.8814470060804864,0.100357305462027,1.862612918861468,0.6566611523849353,3.2989985026795114,2.052846431214326
64.0,20.0,1009.394775390625,1.51668977737375,2.0889011749876567,-0.5224337441652855,3.421365296680624,-0.0062676433238653,0.7771237238342074,0.8209770880343953,0.046314892586863,3.970342380462936,1.289132511005045
64.0,20.0,1006.2119140625,0.4893625390202833,1.7795423029239368,-0.2283334970089545,3.1277989280704825,0.4981169607027755,1.141197769335064,2.5146578201478693,1.975507430672696,4.311031517865723,2.0922100116751228
64.0,20.0,1007.5860595703124,0.9611140522541536,3.979347793388112,-0.3263567004885394,3.412466387798481,-0.0631549130035099,0.9307337971626412,1.1843395157683645,0.966598861298976,2.898317160010997,1.6003379858123528
64.0,20.0,1008.4246215820312,1.0306819302751864,3.978509086906152,-0.0680788386015178,3.378456373520682,-0.8451638659231371,1.5906195187207983,1.179489484700602,-0.3513427378104889,3.2383958310983068,1.1620642248677684
64.0,20.0,1004.5355224609376,-0.2067583177486083,2.156645823399848,1.1237471826284795,3.780946817479548,-0.5114493991580722,1.3470285072754011,1.5426076556614716,0.9251629364195506,3.6326501297850458,1.193605314089168
64.0,20.0,1008.21923828125,-0.298219533117912,3.0185482192187125,0.285171031606693,2.599554216036076,0.2880969029957859,0.997517497305429,-0.590278083953078,0.2804241833235376,3.559147233411687,0.1670701598797905
64.0,20.0,1006.3345947265624,2.034042837590201,2.9125964116908234,-0.2024967773422643,3.3085072469478023,-0.07703122756074,0.9718660779238922,0.9340710653988924,1.2723474077259571,3.310849095998795,1.667239863445168
64.0,20.0,1008.2164916992188,0.5580556779076256,2.383279137806421,-0.6564993668382444,2.8649404182394846,0.1788457001234297,1.7702939559078874,1.2130720299313382,0.6010096226642991,3.428949899942337,1.4479553787297892
64.0,20.0,1007.143798828125,0.7762461538352123,2.593028683463827,0.3012984908373977,1.7172840410422243,-0.1497621235852731,1.7603122732031682,0.5605421817306516,0.5336316981596247,0.9214629252908072,1.5912971121135435
64.0,20.0,1006.9401245117188,0.3160040910179016,3.0759729087404613,-0.200197468624636,3.5888043003496293,-0.9660674827254084,0.9546154223424154,1.4035214690021385,0.5122053816003849,3.791949268408581,1.62902025464191
64.0,20.0,1006.5872802734376,0.2656690085363156,2.8994275720441487,-0.0359203097652873,2.439288483665521,-0.403613583524778,2.160790506390417,1.4511060060394816,0.484404972217794,3.372222679109396,2.807072668682597
64.0,20.0,1007.3650512695312,1.209770427187696,2.373663624502917,-0.922801461751769,3.522540163635104,-1.0583539604739505,1.3442077034450897,1.416473712663966,-0.0054601929838683,3.776563233416871,1.663920189206838
64.0,20.0,1005.5903930664062,1.0850608351254831,3.0729081885232894,-0.0173533722472141,2.6411138831518057,-0.5004146304737389,1.436460637911377,1.5780674897249076,1.4846329996870586,4.064692075809855,0.3497848194679321
64.0,20.0,1007.6295166015624,0.760632210368182,2.523489045540816,-0.6855887691901628,3.5657736665516566,0.317790458735649,0.3180960001700268,0.5613519826010546,0.3918729921785278,3.6392256882701166,1.6770418837070526
64.0,20.0,1005.7882080078124,1.930989912640924,2.5698273775009017,-0.4222718299406413,2.2647280101266523,-1.2334670620841697,1.1900713704557306,1.273633231737758,-0.0756089152430987,3.487418316929421,1.693288812527204
64.0,20.0,1007.544677734375,-0.2805326006232682,3.1038845231404446,-0.1870705914575828,3.988367848503743,-0.2562732772840708,1.540852333686741,0.7450130913541388,1.6656985897711236,2.857401366589688,0.9264712942409098
64.0,20.0,1004.8368530273438,-0.0192859539180938,3.1458012448024646,-0.4052589456220559,3.5837623621294377,-0.4446218579421889,1.004306573519272,1.0674916208430016,-0.1473208806064043,4.659302750457305,1.266183010783346
64.0,20.0,1006.9320068359376,0.8640467972366886,3.304000435192095,-0.454895517885008,3.4405379763267088,0.4082962464330029,1.2535327613274252,2.170528320880867,0.1181603339267786,2.990732008261166,2.4223930349754945
64.0,20.0,1006.1622924804688,0.004875918920975,3.104117364521483,-0.1086507334723188,3.699475480862376,-1.1661743499684296,0.9447187168156084,1.0372177013184494,-0.23489855012757,3.06256370413144,2.0617497904784594
64.0,20.0,1005.8321533203124,0.377814434290604,3.895551475372848,0.0535583373255332,3.414557908843645,-0.5334289284626546,0.985593986932181,0.7933330380200138,0.0535584523865163,3.290998620666775,1.0098828753892786
64.0,20.0,1008.1739501953124,1.6413635358121716,3.343269745080816,0.2019027360287677,3.5348093235497835,-0.1942484375916076,0.9530267104471426,1.1052031353316056,0.0297497040701961,3.35263353716934,1.512207743913377
64.0,20.0,1006.750732421875,1.4983206496546757,3.310143956253831,-0.0995478391109807,4.111181782258067,-0.0736615879452686,2.3151370482507234,0.654147595066203,0.6455422381112422,3.3493750202887504,1.9151768831651383
64.0,20.0,1006.7168579101562,0.1204298679930743,3.085935525868453,0.8580658568112781,3.592274291221228,-0.3026876319912296,0.1565363944635099,1.0514447856814313,-0.2629416767191692,3.256268088908417,1.6125018470484531
64.0,20.0,1007.5983276367188,1.5482154040419425,2.9535161130510263,-0.1128932416296287,3.439057840110067,0.3017498127166673,1.0384247332545418,1.1484799549481244,-0.0173585304203556,3.441021150704384,1.5914362828026998
64.0,20.0,1008.3200073242188,2.082632155369566,2.9665900511031333,-0.5922171144601804,3.123739287458194,-0.5464784812260914,1.0546875410348582,1.7687094042639275,-0.7124648449785488,4.354443591186314,1.295702474076481
64.0,20.0,1008.7456665039062,0.7842374151696674,3.139110540218078,-1.0288465257110313,4.029683831905636,-1.3903322969175846,1.2371820927852002,1.4843917965321436,0.1696485096970561,3.543699883918997,1.623176727318091
64.0,20.0,1009.5379638671876,-0.1694459683240288,3.459045911264085,-0.5573164860987232,3.485652996962099,-0.7636659576193852,0.4361687925136529,0.9414727126625656,0.2006140561976505,3.997706659170479,2.663799294059852
64.0,20.0,1005.9246215820312,0.6600018304696809,2.208408201646309,-0.00906597507511,2.784505846876923,0.3472293972856342,1.7621845249117634,1.5973701590591634,0.780958497717289,3.692710282606984,1.0349967017159698
64.0,20.0,1009.593994140625,0.5374542256017627,3.064515708249383,0.2927517192063322,3.1867187055670203,0.6839591371749951,0.5998561763294047,0.8063924727052586,0.6169965959930439,3.4734188398190606,0.8858370293231238
64.0,20.0,1007.3814086914062,1.37501567893667,2.796826013722564,-0.2415181677679952,4.221335396971198,-0.2078968184580427,1.4898404207350833,1.5180200398342767,0.2547780929846841,3.338302295211076,1.023318751440718
64.0,20.0,1009.1370849609376,0.7879637964296875,2.86086798763516,-0.5492692136403832,4.005514871414867,-0.0617324199467006,1.6792155416662813,1.3839924198004556,-0.7535561677596783,2.5670537000092555,1.96755506025254
64.0,20.0,1005.1350708007812,0.1661038185710084,2.5390123143543657,2.0774916054569346,1.835614257140512,-1.5735118140693944,0.0393769710875324,1.5364656260845004,0.9512514490147672,2.833057723425437,1.6722709438483858
64.0,20.0,1007.6941528320312,-0.9191563805964992,-0.0739405032805775,1.058587782348256,2.5088568339158472,-0.4944091546357916,0.0149281589082759,1.2909744872868127,0.725586256491825,1.7227688893335578,1.4566318141616184
64.0,20.0,1004.4985961914062,1.5264166200797986,3.0640212166161023,-0.215819897253269,3.5490497273888275,-0.2048867388282806,1.0826619122252867,1.0511392207255632,-0.0170243374408754,3.2973942147249127,1.6821927523441609
64.0,20.0,1008.953369140625,1.1927741604526827,2.82031251863524,0.4590875786741277,3.165302924193441,-0.2917944259187203,1.6350802920224636,1.1000088864052755,-0.2959382696509955,3.2812665821765497,2.9086422828899057
64.0,20.0,1006.3912353515624,1.0823124156003283,3.145532408020725,0.0937498638335725,4.3492484902596935,-0.983369492477124,0.3045399617600217,1.0355153888892177,-0.6035785196627739,3.47882371336145,1.9749920545649893
64.0,20.0,1008.54248046875,-0.5161320464032679,1.5017594867098103,2.3450312370646005,1.853110817383704,1.4282477856925917,-0.2321939802347681,1.1706229465485598,1.7393457405330195,3.96725409494073,1.6126452046941329
64.0,20.0,1006.4755249023438,1.5373922129536688,3.032235559935451,0.6874268984749604,3.275338603754686,-0.2140326921908348,1.494799281789143,0.9278351614159914,0.1155832775990138,3.2730834620692755,1.8184178138756064
64.0,20.0,1005.9786376953124,1.1755166225902458,3.0139295819900664,-0.2417305383366287,3.616814653335077,-0.2729520402836232,1.8592848557108288,1.1177652924446315,0.1211451494947978,3.912459696901169,2.2316448068592054
64.0,20.0,1004.7403564453124,0.4804166552562906,3.142058809388116,-0.507253232726782,3.78275224637308,-0.5671588827166028,1.1261544357254607,1.4122039073154182,0.5007209311294231,3.503301094810195,1.926829920271378
64.0,20.0,1009.2369384765624,0.7719457450167173,3.067468518497742,0.1438674432862803,4.201429714841284,0.6009588464599838,1.2267336499088082,1.4269277437993857,0.4169023640793585,3.52345155282314,1.4499758682082091
64.0,20.0,1008.1492919921876,1.4986816122298836,2.989263902034488,0.1389946154927319,3.1896060624395304,-0.869416211686994,1.119021920540422,0.5584012801148004,0.0117905468584705,3.620020431449668,1.2188531740531752
64.0,20.0,1005.6001586914062,0.1781387739601991,2.8222566258346973,-1.2784227836424644,2.158820161725356,-1.3598118191510389,1.8033214309254848,1.4312019484559402,0.0812233307260337,2.5723035292130967,1.5728984824109573
64.0,20.0,1006.3341674804688,0.3888189065196371,3.19098221928363,-0.1105807418434687,1.6343787111994237,-0.2754166168800518,2.218191842362917,0.4045750418654998,0.1350956034985735,3.3569490268599536,2.403341908698976
64.0,20.0,1008.3792724609376,0.6932129179610199,2.2119381673017338,-0.3503953738113749,1.822156521997299,-0.1372999836628923,2.5232862844142536,1.6821731573629513,0.0441187623089383,4.601996350485448,1.2454722758271322
64.0,21.0,1006.11962890625,-0.497682321193742,3.030567283483479,-0.5787679993007673,1.468996806504657,-1.102800242265915,1.463907549460452,-0.3849157258589892,0.1852476260815461,1.9192500309728429,0.8627286160848842
64.0,21.0,1008.3423461914062,0.6574661632444259,3.058962396496167,0.3046281244818326,3.55867348940954,0.801604907938918,1.1744825767938336,1.4961983921877635,0.1138585796299599,4.151368753567943,1.4094062044123434
64.0,21.0,1006.3142700195312,1.139511611358937,3.0694613868905667,-0.1653637898345447,3.4430469374271744,-0.2036379756711497,1.017926728273767,0.9696821854232316,-0.0703918319987118,3.339716178654164,1.1256383025099117
64.0,21.0,1007.6607055664062,0.7528112446894505,3.1522536284043383,-0.5665184005922115,4.045952050495025,-0.7945597910333166,1.105523864894017,1.0238977045891955,0.4141197744681694,3.4787713495883,1.956160436920028
64.0,21.0,1008.7200927734376,-0.4287496783731845,2.7141488512366587,0.135814598073293,3.5401014516008384,0.8814470060804864,0.100357305462027,1.862612918861468,0.6566611523849353,3.2989985026795114,2.052846431214326
64.0,21.0,1009.394775390625,1.51668977737375,2.0889011749876567,-0.5224337441652855,3.421365296680624,-0.0062676433238653,0.7771237238342074,0.8209770880343953,0.046314892586863,3.970342380462936,1.289132511005045
64.0,21.0,1006.2119140625,0.4893625390202833,1.7795423029239368,-0.2283334970089545,3.1277989280704825,0.4981169607027755,1.141197769335064,2.5146578201478693,1.975507430672696,4.311031517865723,2.0922100116751228
64.0,21.0,1007.5860595703124,0.9611140522541536,3.979347793388112,-0.3263567004885394,3.412466387798481,-0.0631549130035099,0.9307337971626412,1.1843395157683645,0.966598861298976,2.898317160010997,1.6003379858123528
64.0,21.0,1008.4246215820312,1.0306819302751864,3.978509086906152,-0.0680788386015178,3.378456373520682,-0.8451638659231371,1.5906195187207983,1.179489484700602,-0.3513427378104889,3.2383958310983068,1.1620642248677684
64.0,21.0,1004.5355224609376,-0.2067583177486083,2.156645823399848,1.1237471826284795,3.780946817479548,-0.5114493991580722,1.3470285072754011,1.5426076556614716,0.9251629364195506,3.6326501297850458,1.193605314089168
64.0,21.0,1008.21923828125,-0.298219533117912,3.0185482192187125,0.285171031606693,2.599554216036076,0.2880969029957859,0.997517497305429,-0.590278083953078,0.2804241833235376,3.559147233411687,0.1670701598797905
64.0,21.0,1006.3345947265624,2.034042837590201,2.9125964116908234,-0.2024967773422643,3.3085072469478023,-0.07703122756074,0.9718660779238922,0.9340710653988924,1.2723474077259571,3.310849095998795,1.667239863445168
64.0,21.0,1008.2164916992188,0.5580556779076256,2.383279137806421,-0.6564993668382444,2.8649404182394846,0.1788457001234297,1.7702939559078874,1.2130720299313382,0.6010096226642991,3.428949899942337,1.4479553787297892
64.0,21.0,1007.143798828125,0.7762461538352123,2.593028683463827,0.3012984908373977,1.7172840410422243,-0.1497621235852731,1.7603122732031682,0.5605421817306516,0.5336316981596247,0.9214629252908072,1.5912971121135435
64.0,21.0,1006.9401245117188,0.3160040910179016,3.0759729087404613,-0.200197468624636,3.5888043003496293,-0.9660674827254084,0.9546154223424154,1.4035214690021385,0.5122053816003849,3.791949268408581,1.62902025464191
64.0,21.0,1006.5872802734376,0.2656690085363156,2.8994275720441487,-0.0359203097652873,2.439288483665521,-0.403613583524778,2.160790506390417,1.4511060060394816,0.484404972217794,3.372222679109396,2.807072668682597
64.0,21.0,1007.3650512695312,1.209770427187696,2.373663624502917,-0.922801461751769,3.522540163635104,-1.0583539604739505,1.3442077034450897,1.416473712663966,-0.0054601929838683,3.776563233416871,1.663920189206838
64.0,21.0,1005.5903930664062,1.0850608351254831,3.0729081885232894,-0.0173533722472141,2.6411138831518057,-0.5004146304737389,1.436460637911377,1.5780674897249076,1.4846329996870586,4.064692075809855,0.3497848194679321
64.0,21.0,1007.6295166015624,0.760632210368182,2.523489045540816,-0.6855887691901628,3.5657736665516566,0.317790458735649,0.3180960001700268,0.5613519826010546,0.3918729921785278,3.6392256882701166,1.6770418837070526
64.0,21.0,1005.7882080078124,1.930989912640924,2.5698273775009017,-0.4222718299406413,2.2647280101266523,-1.2334670620841697,1.1900713704557306,1.273633231737758,-0.0756089152430987,3.487418316929421,1.693288812527204
64.0,21.0,1007.544677734375,-0.2805326006232682,3.1038845231404446,-0.1870705914575828,3.988367848503743,-0.2562732772840708,1.540852333686741,0.7450130913541388,1.6656985897711236,2.857401366589688,0.9264712942409098
64.0,21.0,1004.8368530273438,-0.0192859539180938,3.1458012448024646,-0.4052589456220559,3.5837623621294377,-0.4446218579421889,1.004306573519272,1.0674916208430016,-0.1473208806064043,4.659302750457305,1.266183010783346
64.0,21.0,1006.9320068359376,0.8640467972366886,3.304000435192095,-0.454895517885008,3.4405379763267088,0.4082962464330029,1.2535327613274252,2.170528320880867,0.1181603339267786,2.990732008261166,2.4223930349754945
64.0,21.0,1006.1622924804688,0.004875918920975,3.104117364521483,-0.1086507334723188,3.699475480862376,-1.1661743499684296,0.9447187168156084,1.0372177013184494,-0.23489855012757,3.06256370413144,2.0617497904784594
64.0,21.0,1005.8321533203124,0.377814434290604,3.895551475372848,0.0535583373255332,3.414557908843645,-0.5334289284626546,0.985593986932181,0.7933330380200138,0.0535584523865163,3.290998620666775,1.0098828753892786
64.0,21.0,1008.1739501953124,1.6413635358121716,3.343269745080816,0.2019027360287677,3.5348093235497835,-0.1942484375916076,0.9530267104471426,1.1052031353316056,0.0297497040701961,3.35263353716934,1.512207743913377
64.0,21.0,1006.750732421875,1.4983206496546757,3.310143956253831,-0.0995478391109807,4.111181782258067,-0.0736615879452686,2.3151370482507234,0.654147595066203,0.6455422381112422,3.3493750202887504,1.9151768831651383
64.0,21.0,1006.7168579101562,0.1204298679930743,3.085935525868453,0.8580658568112781,3.592274291221228,-0.3026876319912296,0.1565363944635099,1.0514447856814313,-0.2629416767191692,3.256268088908417,1.6125018470484531
64.0,21.0,1007.5983276367188,1.5482154040419425,2.9535161130510263,-0.1128932416296287,3.439057840110067,0.3017498127166673,1.0384247332545418,1.1484799549481244,-0.0173585304203556,3.441021150704384,1.5914362828026998
64.0,21.0,1008.3200073242188,2.082632155369566,2.9665900511031333,-0.5922171144601804,3.123739287458194,-0.5464784812260914,1.0546875410348582,1.7687094042639275,-0.7124648449785488,4.354443591186314,1.295702474076481
64.0,21.0,1008.7456665039062,0.7842374151696674,3.139110540218078,-1.0288465257110313,4.029683831905636,-1.3903322969175846,1.2371820927852002,1.4843917965321436,0.1696485096970561,3.543699883918997,1.623176727318091
64.0,21.0,1009.5379638671876,-0.1694459683240288,3.459045911264085,-0.5573164860987232,3.485652996962099,-0.7636659576193852,0.4361687925136529,0.9414727126625656,0.2006140561976505,3.997706659170479,2.663799294059852
64.0,21.0,1005.9246215820312,0.6600018304696809,2.208408201646309,-0.00906597507511,2.784505846876923,0.3472293972856342,1.7621845249117634,1.5973701590591634,0.780958497717289,3.692710282606984,1.0349967017159698
64.0,21.0,1009.593994140625,0.5374542256017627,3.064515708249383,0.2927517192063322,3.1867187055670203,0.6839591371749951,0.5998561763294047,0.8063924727052586,0.6169965959930439,3.4734188398190606,0.8858370293231238
64.0,21.0,1007.3814086914062,1.37501567893667,2.796826013722564,-0.2415181677679952,4.221335396971198,-0.2078968184580427,1.4898404207350833,1.5180200398342767,0.2547780929846841,3.338302295211076,1.023318751440718
64.0,21.0,1009.1370849609376,0.7879637964296875,2.86086798763516,-0.5492692136403832,4.005514871414867,-0.0617324199467006,1.6792155416662813,1.3839924198004556,-0.7535561677596783,2.5670537000092555,1.96755506025254
64.0,21.0,1005.1350708007812,0.1661038185710084,2.5390123143543657,2.0774916054569346,1.835614257140512,-1.5735118140693944,0.0393769710875324,1.5364656260845004,0.9512514490147672,2.833057723425437,1.6722709438483858
64.0,21.0,1007.6941528320312,-0.9191563805964992,-0.0739405032805775,1.058587782348256,2.5088568339158472,-0.4944091546357916,0.0149281589082759,1.2909744872868127,0.725586256491825,1.7227688893335578,1.4566318141616184
64.0,21.0,1004.4985961914062,1.5264166200797986,3.0640212166161023,-0.215819897253269,3.5490497273888275,-0.2048867388282806,1.0826619122252867,1.0511392207255632,-0.0170243374408754,3.2973942147249127,1.6821927523441609
64.0,21.0,1008.953369140625,1.1927741604526827,2.82031251863524,0.4590875786741277,3.165302924193441,-0.2917944259187203,1.6350802920224636,1.1000088864052755,-0.2959382696509955,3.2812665821765497,2.9086422828899057
64.0,21.0,1006.3912353515624,1.0823124156003283,3.145532408020725,0.0937498638335725,4.3492484902596935,-0.983369492477124,0.3045399617600217,1.0355153888892177,-0.6035785196627739,3.47882371336145,1.9749920545649893
64.0,21.0,1008.4857788085938,0.7968462180130541,2.885065987606813,1.4871498627806274,3.848205386745263,0.5093226943793798,0.40306609040108,1.1621616951462164,1.3647097206518033,3.714702011912805,1.5355843692773683
64.0,21.0,1006.4755249023438,1.5373922129536688,3.032235559935451,0.6874268984749604,3.275338603754686,-0.2140326921908348,1.494799281789143,0.9278351614159914,0.1155832775990138,3.2730834620692755,1.8184178138756064
64.0,21.0,1005.9786376953124,1.1755166225902458,3.0139295819900664,-0.2417305383366287,3.616814653335077,-0.2729520402836232,1.8592848557108288,1.1177652924446315,0.1211451494947978,3.912459696901169,2.2316448068592054
64.0,21.0,1004.7403564453124,0.4804166552562906,3.142058809388116,-0.507253232726782,3.78275224637308,-0.5671588827166028,1.1261544357254607,1.4122039073154182,0.5007209311294231,3.503301094810195,1.926829920271378
64.0,21.0,1009.2369384765624,0.7719457450167173,3.067468518497742,0.1438674432862803,4.201429714841284,0.6009588464599838,1.2267336499088082,1.4269277437993857,0.4169023640793585,3.52345155282314,1.4499758682082091
64.0,21.0,1008.1492919921876,1.4986816122298836,2.989263902034488,0.1389946154927319,3.1896060624395304,-0.869416211686994,1.119021920540422,0.5584012801148004,0.0117905468584705,3.620020431449668,1.2188531740531752
64.0,21.0,1005.6001586914062,0.1781387739601991,2.8222566258346973,-1.2784227836424644,2.158820161725356,-1.3598118191510389,1.8033214309254848,1.4312019484559402,0.0812233307260337,2.5723035292130967,1.5728984824109573
64.0,21.0,1006.3341674804688,0.3888189065196371,3.19098221928363,-0.1105807418434687,1.6343787111994237,-0.2754166168800518,2.218191842362917,0.4045750418654998,0.1350956034985735,3.3569490268599536,2.403341908698976
64.0,21.0,1008.3792724609376,0.6932129179610199,2.2119381673017338,-0.3503953738113749,1.822156521997299,-0.1372999836628923,2.5232862844142536,1.6821731573629513,0.0441187623089383,4.601996350485448,1.2454722758271322
64.0,22.0,1006.11962890625,-0.497682321193742,3.030567283483479,-0.5787679993007673,1.468996806504657,-1.102800242265915,1.463907549460452,-0.3849157258589892,0.1852476260815461,1.9192500309728429,0.8627286160848842
64.0,22.0,1008.3423461914062,0.6574661632444259,3.058962396496167,0.3046281244818326,3.55867348940954,0.801604907938918,1.1744825767938336,1.4961983921877635,0.1138585796299599,4.151368753567943,1.4094062044123434
64.0,22.0,1006.3142700195312,1.139511611358937,3.0694613868905667,-0.1653637898345447,3.4430469374271744,-0.2036379756711497,1.017926728273767,0.9696821854232316,-0.0703918319987118,3.339716178654164,1.1256383025099117
64.0,22.0,1007.6607055664062,0.7528112446894505,3.1522536284043383,-0.5665184005922115,4.045952050495025,-0.7945597910333166,1.105523864894017,1.0238977045891955,0.4141197744681694,3.4787713495883,1.956160436920028
64.0,22.0,1008.7200927734376,-0.4287496783731845,2.7141488512366587,0.135814598073293,3.5401014516008384,0.8814470060804864,0.100357305462027,1.862612918861468,0.6566611523849353,3.2989985026795114,2.052846431214326
64.0,22.0,1009.394775390625,1.51668977737375,2.0889011749876567,-0.5224337441652855,3.421365296680624,-0.0062676433238653,0.7771237238342074,0.8209770880343953,0.046314892586863,3.970342380462936,1.289132511005045
64.0,22.0,1006.2119140625,0.4893625390202833,1.7795423029239368,-0.2283334970089545,3.1277989280704825,0.4981169607027755,1.141197769335064,2.5146578201478693,1.975507430672696,4.311031517865723,2.0922100116751228
64.0,22.0,1007.5860595703124,0.9611140522541536,3.979347793388112,-0.3263567004885394,3.412466387798481,-0.0631549130035099,0.9307337971626412,1.1843395157683645,0.966598861298976,2.898317160010997,1.6003379858123528
64.0,22.0,1008.4246215820312,1.0306819302751864,3.978509086906152,-0.0680788386015178,3.378456373520682,-0.8451638659231371,1.5906195187207983,1.179489484700602,-0.3513427378104889,3.2383958310983068,1.1620642248677684
64.0,22.0,1004.5355224609376,-0.2067583177486083,2.156645823399848,1.1237471826284795,3.780946817479548,-0.5114493991580722,1.3470285072754011,1.5426076556614716,0.9251629364195506,3.6326501297850458,1.193605314089168
64.0,22.0,1008.21923828125,-0.298219533117912,3.0185482192187125,0.285171031606693,2.599554216036076,0.2880969029957859,0.997517497305429,-0.590278083953078,0.2804241833235376,3.559147233411687,0.1670701598797905
64.0,22.0,1006.3345947265624,2.034042837590201,2.9125964116908234,-0.2024967773422643,3.3085072469478023,-0.07703122756074,0.9718660779238922,0.9340710653988924,1.2723474077259571,3.310849095998795,1.667239863445168
64.0,22.0,1008.2164916992188,0.5580556779076256,2.383279137806421,-0.6564993668382444,2.8649404182394846,0.1788457001234297,1.7702939559078874,1.2130720299313382,0.6010096226642991,3.428949899942337,1.4479553787297892
64.0,22.0,1007.143798828125,0.7762461538352123,2.593028683463827,0.3012984908373977,1.7172840410422243,-0.1497621235852731,1.7603122732031682,0.5605421817306516,0.5336316981596247,0.9214629252908072,1.5912971121135435
64.0,22.0,1006.9401245117188,0.3160040910179016,3.0759729087404613,-0.200197468624636,3.5888043003496293,-0.9660674827254084,0.9546154223424154,1.4035214690021385,0.5122053816003849,3.791949268408581,1.62902025464191
64.0,22.0,1006.5872802734376,0.2656690085363156,2.8994275720441487,-0.0359203097652873,2.439288483665521,-0.403613583524778,2.160790506390417,1.4511060060394816,0.484404972217794,3.372222679109396,2.807072668682597
64.0,22.0,1007.3650512695312,1.209770427187696,2.373663624502917,-0.922801461751769,3.522540163635104,-1.0583539604739505,1.3442077034450897,1.416473712663966,-0.0054601929838683,3.776563233416871,1.663920189206838
64.0,22.0,1005.5903930664062,1.0850608351254831,3.0729081885232894,-0.0173533722472141,2.6411138831518057,-0.5004146304737389,1.436460637911377,1.5780674897249076,1.4846329996870586,4.064692075809855,0.3497848194679321
64.0,22.0,1007.6295166015624,0.760632210368182,2.523489045540816,-0.6855887691901628,3.5657736665516566,0.317790458735649,0.3180960001700268,0.5613519826010546,0.3918729921785278,3.6392256882701166,1.6770418837070526
64.0,22.0,1005.7882080078124,1.930989912640924,2.5698273775009017,-0.4222718299406413,2.2647280101266523,-1.2334670620841697,1.1900713704557306,1.273633231737758,-0.0756089152430987,3.487418316929421,1.693288812527204
64.0,22.0,1007.544677734375,-0.2805326006232682,3.1038845231404446,-0.1870705914575828,3.988367848503743,-0.2562732772840708,1.540852333686741,0.7450130913541388,1.6656985897711236,2.857401366589688,0.9264712942409098
64.0,22.0,1004.8368530273438,-0.0192859539180938,3.1458012448024646,-0.4052589456220559,3.5837623621294377,-0.4446218579421889,1.004306573519272,1.0674916208430016,-0.1473208806064043,4.659302750457305,1.266183010783346
64.0,22.0,1006.9320068359376,0.8640467972366886,3.304000435192095,-0.454895517885008,3.4405379763267088,0.4082962464330029,1.2535327613274252,2.170528320880867,0.1181603339267786,2.990732008261166,2.4223930349754945
64.0,22.0,1006.1622924804688,0.004875918920975,3.104117364521483,-0.1086507334723188,3.699475480862376,-1.1661743499684296,0.9447187168156084,1.0372177013184494,-0.23489855012757,3.06256370413144,2.0617497904784594
64.0,22.0,1005.8321533203124,0.377814434290604,3.895551475372848,0.0535583373255332,3.414557908843645,-0.5334289284626546,0.985593986932181,0.7933330380200138,0.0535584523865163,3.290998620666775,1.0098828753892786
64.0,22.0,1008.1739501953124,1.6413635358121716,3.343269745080816,0.2019027360287677,3.5348093235497835,-0.1942484375916076,0.9530267104471426,1.1052031353316056,0.0297497040701961,3.35263353716934,1.512207743913377
64.0,22.0,1006.750732421875,1.4983206496546757,3.310143956253831,-0.0995478391109807,4.111181782258067,-0.0736615879452686,2.3151370482507234,0.654147595066203,0.6455422381112422,3.3493750202887504,1.9151768831651383
64.0,22.0,1006.7168579101562,0.1204298679930743,3.085935525868453,0.8580658568112781,3.592274291221228,-0.3026876319912296,0.1565363944635099,1.0514447856814313,-0.2629416767191692,3.256268088908417,1.6125018470484531
64.0,22.0,1007.5983276367188,1.5482154040419425,2.9535161130510263,-0.1128932416296287,3.439057840110067,0.3017498127166673,1.0384247332545418,1.1484799549481244,-0.0173585304203556,3.441021150704384,1.5914362828026998
64.0,22.0,1008.3200073242188,2.082632155369566,2.9665900511031333,-0.5922171144601804,3.123739287458194,-0.5464784812260914,1.0546875410348582,1.7687094042639275,-0.7124648449785488,4.354443591186314,1.295702474076481
64.0,22.0,1008.7456665039062,0.7842374151696674,3.139110540218078,-1.0288465257110313,4.029683831905636,-1.3903322969175846,1.2371820927852002,1.4843917965321436,0.1696485096970561,3.543699883918997,1.623176727318091
64.0,22.0,1009.5379638671876,-0.1694459683240288,3.459045911264085,-0.5573164860987232,3.485652996962099,-0.7636659576193852,0.4361687925136529,0.9414727126625656,0.2006140561976505,3.997706659170479,2.663799294059852
64.0,22.0,1005.9246215820312,0.6600018304696809,2.208408201646309,-0.00906597507511,2.784505846876923,0.3472293972856342,1.7621845249117634,1.5973701590591634,0.780958497717289,3.692710282606984,1.0349967017159698
64.0,22.0,1009.593994140625,0.5374542256017627,3.064515708249383,0.2927517192063322,3.1867187055670203,0.6839591371749951,0.5998561763294047,0.8063924727052586,0.6169965959930439,3.4734188398190606,0.8858370293231238
64.0,22.0,1007.3814086914062,1.37501567893667,2.796826013722564,-0.2415181677679952,4.221335396971198,-0.2078968184580427,1.4898404207350833,1.5180200398342767,0.2547780929846841,3.338302295211076,1.023318751440718
64.0,22.0,1009.1370849609376,0.7879637964296875,2.86086798763516,-0.5492692136403832,4.005514871414867,-0.0617324199467006,1.6792155416662813,1.3839924198004556,-0.7535561677596783,2.5670537000092555,1.96755506025254
64.0,22.0,1005.1350708007812,0.1661038185710084,2.5390123143543657,2.0774916054569346,1.835614257140512,-1.5735118140693944,0.0393769710875324,1.5364656260845004,0.9512514490147672,2.833057723425437,1.6722709438483858
64.0,22.0,1007.6941528320312,-0.9191563805964992,-0.0739405032805775,1.058587782348256,2.5088568339158472,-0.4944091546357916,0.0149281589082759,1.2909744872868127,0.725586256491825,1.7227688893335578,1.4566318141616184
64.0,22.0,1004.4985961914062,1.5264166200797986,3.0640212166161023,-0.215819897253269,3.5490497273888275,-0.2048867388282806,1.0826619122252867,1.0511392207255632,-0.0170243374408754,3.2973942147249127,1.6821927523441609
64.0,22.0,1008.953369140625,1.1927741604526827,2.82031251863524,0.4590875786741277,3.165302924193441,-0.2917944259187203,1.6350802920224636,1.1000088864052755,-0.2959382696509955,3.2812665821765497,2.9086422828899057
64.0,22.0,1006.3912353515624,1.0823124156003283,3.145532408020725,0.0937498638335725,4.3492484902596935,-0.983369492477124,0.3045399617600217,1.0355153888892177,-0.6035785196627739,3.47882371336145,1.9749920545649893
64.0,22.0,1008.4857788085938,0.7968462180130541,2.885065987606813,1.4871498627806274,3.848205386745263,0.5093226943793798,0.40306609040108,1.1621616951462164,1.3647097206518033,3.714702011912805,1.5355843692773683
64.0,22.0,1006.4755249023438,1.5373922129536688,3.032235559935451,0.6874268984749604,3.275338603754686,-0.2140326921908348,1.494799281789143,0.9278351614159914,0.1155832775990138,3.2730834620692755,1.8184178138756064
64.0,22.0,1005.9786376953124,1.1755166225902458,3.0139295819900664,-0.2417305383366287,3.616814653335077,-0.2729520402836232,1.8592848557108288,1.1177652924446315,0.1211451494947978,3.912459696901169,2.2316448068592054
64.0,22.0,1004.7403564453124,0.4804166552562906,3.142058809388116,-0.507253232726782,3.78275224637308,-0.5671588827166028,1.1261544357254607,1.4122039073154182,0.5007209311294231,3.503301094810195,1.926829920271378
64.0,22.0,1009.2369384765624,0.7719457450167173,3.067468518497742,0.1438674432862803,4.201429714841284,0.6009588464599838,1.2267336499088082,1.4269277437993857,0.4169023640793585,3.52345155282314,1.4499758682082091
64.0,22.0,1008.1492919921876,1.4986816122298836,2.989263902034488,0.1389946154927319,3.1896060624395304,-0.869416211686994,1.119021920540422,0.5584012801148004,0.0117905468584705,3.620020431449668,1.2188531740531752
64.0,22.0,1005.6001586914062,0.1781387739601991,2.8222566258346973,-1.2784227836424644,2.158820161725356,-1.3598118191510389,1.8033214309254848,1.4312019484559402,0.0812233307260337,2.5723035292130967,1.5728984824109573
64.0,22.0,1006.3341674804688,0.3888189065196371,3.19098221928363,-0.1105807418434687,1.6343787111994237,-0.2754166168800518,2.218191842362917,0.4045750418654998,0.1350956034985735,3.3569490268599536,2.403341908698976
64.0,22.0,1008.3792724609376,0.6932129179610199,2.2119381673017338,-0.3503953738113749,1.822156521997299,-0.1372999836628923,2.5232862844142536,1.6821731573629513,0.0441187623089383,4.601996350485448,1.2454722758271322
64.0,23.0,1006.11962890625,-0.497682321193742,3.030567283483479,-0.5787679993007673,1.468996806504657,-1.102800242265915,1.463907549460452,-0.3849157258589892,0.1852476260815461,1.9192500309728429,0.8627286160848842
64.0,23.0,1008.3423461914062,0.6574661632444259,3.058962396496167,0.3046281244818326,3.55867348940954,0.801604907938918,1.1744825767938336,1.4961983921877635,0.1138585796299599,4.151368753567943,1.4094062044123434
64.0,23.0,1006.3142700195312,1.139511611358937,3.0694613868905667,-0.1653637898345447,3.4430469374271744,-0.2036379756711497,1.017926728273767,0.9696821854232316,-0.0703918319987118,3.339716178654164,1.1256383025099117
64.0,23.0,1007.6607055664062,0.7528112446894505,3.1522536284043383,-0.5665184005922115,4.045952050495025,-0.7945597910333166,1.105523864894017,1.0238977045891955,0.4141197744681694,3.4787713495883,1.956160436920028
64.0,23.0,1008.7200927734376,-0.4287496783731845,2.7141488512366587,0.135814598073293,3.5401014516008384,0.8814470060804864,0.100357305462027,1.862612918861468,0.6566611523849353,3.2989985026795114,2.052846431214326
64.0,23.0,1008.6336669921876,1.5283495066601196,2.2496938801791235,-0.6176031898966913,3.4007841297125774,-0.0824042692905454,0.729899194118321,0.8190092169960352,0.6643757488501728,3.014879885148866,0.780434240994131
64.0,23.0,1006.2119140625,0.4893625390202833,1.7795423029239368,-0.2283334970089545,3.1277989280704825,0.4981169607027755,1.141197769335064,2.5146578201478693,1.975507430672696,4.311031517865723,2.0922100116751228
64.0,23.0,1007.5860595703124,0.9611140522541536,3.979347793388112,-0.3263567004885394,3.412466387798481,-0.0631549130035099,0.9307337971626412,1.1843395157683645,0.966598861298976,2.898317160010997,1.6003379858123528
64.0,23.0,1008.4246215820312,1.0306819302751864,3.978509086906152,-0.0680788386015178,3.378456373520682,-0.8451638659231371,1.5906195187207983,1.179489484700602,-0.3513427378104889,3.2383958310983068,1.1620642248677684
64.0,23.0,1004.5355224609376,-0.2067583177486083,2.156645823399848,1.1237471826284795,3.780946817479548,-0.5114493991580722,1.3470285072754011,1.5426076556614716,0.9251629364195506,3.6326501297850458,1.193605314089168
64.0,23.0,1008.21923828125,-0.298219533117912,3.0185482192187125,0.285171031606693,2.599554216036076,0.2880969029957859,0.997517497305429,-0.590278083953078,0.2804241833235376,3.559147233411687,0.1670701598797905
64.0,23.0,1006.3345947265624,2.034042837590201,2.9125964116908234,-0.2024967773422643,3.3085072469478023,-0.07703122756074,0.9718660779238922,0.9340710653988924,1.2723474077259571,3.310849095998795,1.667239863445168
64.0,23.0,1008.2164916992188,0.5580556779076256,2.383279137806421,-0.6564993668382444,2.8649404182394846,0.1788457001234297,1.7702939559078874,1.2130720299313382,0.6010096226642991,3.428949899942337,1.4479553787297892
64.0,23.0,1007.143798828125,0.7762461538352123,2.593028683463827,0.3012984908373977,1.7172840410422243,-0.1497621235852731,1.7603122732031682,0.5605421817306516,0.5336316981596247,0.9214629252908072,1.5912971121135435
64.0,23.0,1006.9401245117188,0.3160040910179016,3.0759729087404613,-0.200197468624636,3.5888043003496293,-0.9660674827254084,0.9546154223424154,1.4035214690021385,0.5122053816003849,3.791949268408581,1.62902025464191
64.0,23.0,1006.5872802734376,0.2656690085363156,2.8994275720441487,-0.0359203097652873,2.439288483665521,-0.403613583524778,2.160790506390417,1.4511060060394816,0.484404972217794,3.372222679109396,2.807072668682597
64.0,23.0,1007.3650512695312,1.209770427187696,2.373663624502917,-0.922801461751769,3.522540163635104,-1.0583539604739505,1.3442077034450897,1.416473712663966,-0.0054601929838683,3.776563233416871,1.663920189206838
64.0,23.0,1005.5903930664062,1.0850608351254831,3.0729081885232894,-0.0173533722472141,2.6411138831518057,-0.5004146304737389,1.436460637911377,1.5780674897249076,1.4846329996870586,4.064692075809855,0.3497848194679321
64.0,23.0,1007.6295166015624,0.760632210368182,2.523489045540816,-0.6855887691901628,3.5657736665516566,0.317790458735649,0.3180960001700268,0.5613519826010546,0.3918729921785278,3.6392256882701166,1.6770418837070526
64.0,23.0,1005.7882080078124,1.930989912640924,2.5698273775009017,-0.4222718299406413,2.2647280101266523,-1.2334670620841697,1.1900713704557306,1.273633231737758,-0.0756089152430987,3.487418316929421,1.693288812527204
64.0,23.0,1007.544677734375,-0.2805326006232682,3.1038845231404446,-0.1870705914575828,3.988367848503743,-0.2562732772840708,1.540852333686741,0.7450130913541388,1.6656985897711236,2.857401366589688,0.9264712942409098
64.0,23.0,1004.8368530273438,-0.0192859539180938,3.1458012448024646,-0.4052589456220559,3.5837623621294377,-0.4446218579421889,1.004306573519272,1.0674916208430016,-0.1473208806064043,4.659302750457305,1.266183010783346
64.0,23.0,1005.0035400390624,1.488088734200528,3.2964916798764268,-0.081613556681665,3.4931910742310563,-0.4795947022471148,1.19443031097595,1.5983254058784726,0.3030366300005376,3.1093375136026897,1.3517079212642986
64.0,23.0,1006.1622924804688,0.004875918920975,3.104117364521483,-0.1086507334723188,3.699475480862376,-1.1661743499684296,0.9447187168156084,1.0372177013184494,-0.23489855012757,3.06256370413144,2.0617497904784594
64.0,23.0,1005.8321533203124,0.377814434290604,3.895551475372848,0.0535583373255332,3.414557908843645,-0.5334289284626546,0.985593986932181,0.7933330380200138,0.0535584523865163,3.290998620666775,1.0098828753892786
64.0,23.0,1008.1739501953124,1.6413635358121716,3.343269745080816,0.2019027360287677,3.5348093235497835,-0.1942484375916076,0.9530267104471426,1.1052031353316056,0.0297497040701961,3.35263353716934,1.512207743913377
64.0,23.0,1006.750732421875,1.4983206496546757,3.310143956253831,-0.0995478391109807,4.111181782258067,-0.0736615879452686,2.3151370482507234,0.654147595066203,0.6455422381112422,3.3493750202887504,1.9151768831651383
64.0,23.0,1006.7168579101562,0.1204298679930743,3.085935525868453,0.8580658568112781,3.592274291221228,-0.3026876319912296,0.1565363944635099,1.0514447856814313,-0.2629416767191692,3.256268088908417,1.6125018470484531
64.0,23.0,1007.5983276367188,1.5482154040419425,2.9535161130510263,-0.1128932416296287,3.439057840110067,0.3017498127166673,1.0384247332545418,1.1484799549481244,-0.0173585304203556,3.441021150704384,1.5914362828026998
64.0,23.0,1008.3200073242188,2.082632155369566,2.9665900511031333,-0.5922171144601804,3.123739287458194,-0.5464784812260914,1.0546875410348582,1.7687094042639275,-0.7124648449785488,4.354443591186314,1.295702474076481
64.0,23.0,1008.7456665039062,0.7842374151696674,3.139110540218078,-1.0288465257110313,4.029683831905636,-1.3903322969175846,1.2371820927852002,1.4843917965321436,0.1696485096970561,3.543699883918997,1.623176727318091
64.0,23.0,1009.4057006835938,0.0983884575867826,3.1515876749534466,-0.3302749667884251,3.494695052490905,-1.4401546793063933,1.3749239016717016,1.1363055114834428,0.2761023450053809,3.311923466658281,2.8576471315380942
64.0,23.0,1005.9246215820312,0.6600018304696809,2.208408201646309,-0.00906597507511,2.784505846876923,0.3472293972856342,1.7621845249117634,1.5973701590591634,0.780958497717289,3.692710282606984,1.0349967017159698
64.0,23.0,1009.593994140625,0.5374542256017627,3.064515708249383,0.2927517192063322,3.1867187055670203,0.6839591371749951,0.5998561763294047,0.8063924727052586,0.6169965959930439,3.4734188398190606,0.8858370293231238
64.0,23.0,1007.3814086914062,1.37501567893667,2.796826013722564,-0.2415181677679952,4.221335396971198,-0.2078968184580427,1.4898404207350833,1.5180200398342767,0.2547780929846841,3.338302295211076,1.023318751440718
64.0,23.0,1009.1370849609376,0.7879637964296875,2.86086798763516,-0.5492692136403832,4.005514871414867,-0.0617324199467006,1.6792155416662813,1.3839924198004556,-0.7535561677596783,2.5670537000092555,1.96755506025254
64.0,23.0,1005.1350708007812,0.1661038185710084,2.5390123143543657,2.0774916054569346,1.835614257140512,-1.5735118140693944,0.0393769710875324,1.5364656260845004,0.9512514490147672,2.833057723425437,1.6722709438483858
64.0,23.0,1007.6941528320312,-0.9191563805964992,-0.0739405032805775,1.058587782348256,2.5088568339158472,-0.4944091546357916,0.0149281589082759,1.2909744872868127,0.725586256491825,1.7227688893335578,1.4566318141616184
64.0,23.0,1004.4985961914062,1.5264166200797986,3.0640212166161023,-0.215819897253269,3.5490497273888275,-0.2048867388282806,1.0826619122252867,1.0511392207255632,-0.0170243374408754,3.2973942147249127,1.6821927523441609
64.0,23.0,1006.88330078125,1.2003173121033008,2.875569849683256,0.261772747951367,3.164788922689253,-0.2381373599464872,0.501612943079464,1.0678171177400806,-0.133675911275824,3.29218423009384,1.969577292747428
64.0,23.0,1006.3912353515624,1.0823124156003283,3.145532408020725,0.0937498638335725,4.3492484902596935,-0.983369492477124,0.3045399617600217,1.0355153888892177,-0.6035785196627739,3.47882371336145,1.9749920545649893
64.0,23.0,1008.4857788085938,0.7968462180130541,2.885065987606813,1.4871498627806274,3.848205386745263,0.5093226943793798,0.40306609040108,1.1621616951462164,1.3647097206518033,3.714702011912805,1.5355843692773683
64.0,23.0,1006.4755249023438,1.5373922129536688,3.032235559935451,0.6874268984749604,3.275338603754686,-0.2140326921908348,1.494799281789143,0.9278351614159914,0.1155832775990138,3.2730834620692755,1.8184178138756064
64.0,23.0,1005.9786376953124,1.1755166225902458,3.0139295819900664,-0.2417305383366287,3.616814653335077,-0.2729520402836232,1.8592848557108288,1.1177652924446315,0.1211451494947978,3.912459696901169,2.2316448068592054
64.0,23.0,1004.7403564453124,0.4804166552562906,3.142058809388116,-0.507253232726782,3.78275224637308,-0.5671588827166028,1.1261544357254607,1.4122039073154182,0.5007209311294231,3.503301094810195,1.926829920271378
64.0,23.0,1009.2369384765624,0.7719457450167173,3.067468518497742,0.1438674432862803,4.201429714841284,0.6009588464599838,1.2267336499088082,1.4269277437993857,0.4169023640793585,3.52345155282314,1.4499758682082091
64.0,23.0,1008.1492919921876,1.4986816122298836,2.989263902034488,0.1389946154927319,3.1896060624395304,-0.869416211686994,1.119021920540422,0.5584012801148004,0.0117905468584705,3.620020431449668,1.2188531740531752
64.0,23.0,1005.6001586914062,0.1781387739601991,2.8222566258346973,-1.2784227836424644,2.158820161725356,-1.3598118191510389,1.8033214309254848,1.4312019484559402,0.0812233307260337,2.5723035292130967,1.5728984824109573
64.0,23.0,1006.3341674804688,0.3888189065196371,3.19098221928363,-0.1105807418434687,1.6343787111994237,-0.2754166168800518,2.218191842362917,0.4045750418654998,0.1350956034985735,3.3569490268599536,2.403341908698976
64.0,23.0,1008.3792724609376,0.6932129179610199,2.2119381673017338,-0.3503953738113749,1.822156521997299,-0.1372999836628923,2.5232862844142536,1.6821731573629513,0.0441187623089383,4.601996350485448,1.2454722758271322
64.0,24.0,1006.11962890625,-0.497682321193742,3.030567283483479,-0.5787679993007673,1.468996806504657,-1.102800242265915,1.463907549460452,-0.3849157258589892,0.1852476260815461,1.9192500309728429,0.8627286160848842
64.0,24.0,1008.3423461914062,0.6574661632444259,3.058962396496167,0.3046281244818326,3.55867348940954,0.801604907938918,1.1744825767938336,1.4961983921877635,0.1138585796299599,4.151368753567943,1.4094062044123434
64.0,24.0,1006.3142700195312,1.139511611358937,3.0694613868905667,-0.1653637898345447,3.4430469374271744,-0.2036379756711497,1.017926728273767,0.9696821854232316,-0.0703918319987118,3.339716178654164,1.1256383025099117
64.0,24.0,1007.6607055664062,0.7528112446894505,3.1522536284043383,-0.5665184005922115,4.045952050495025,-0.7945597910333166,1.105523864894017,1.0238977045891955,0.4141197744681694,3.4787713495883,1.956160436920028
64.0,24.0,1008.7200927734376,-0.4287496783731845,2.7141488512366587,0.135814598073293,3.5401014516008384,0.8814470060804864,0.100357305462027,1.862612918861468,0.6566611523849353,3.2989985026795114,2.052846431214326
64.0,24.0,1008.2530517578124,1.5270982961521142,2.378577058659652,-0.1300141971189669,3.4316988602336704,-0.3495752633471561,0.6940326962933131,0.758785861126745,0.0664492484260929,3.002636118435235,0.7040430065820917
64.0,24.0,1006.2119140625,0.4893625390202833,1.7795423029239368,-0.2283334970089545,3.1277989280704825,0.4981169607027755,1.141197769335064,2.5146578201478693,1.975507430672696,4.311031517865723,2.0922100116751228
64.0,24.0,1007.5860595703124,0.9611140522541536,3.979347793388112,-0.3263567004885394,3.412466387798481,-0.0631549130035099,0.9307337971626412,1.1843395157683645,0.966598861298976,2.898317160010997,1.6003379858123528
64.0,24.0,1008.4246215820312,1.0306819302751864,3.978509086906152,-0.0680788386015178,3.378456373520682,-0.8451638659231371,1.5906195187207983,1.179489484700602,-0.3513427378104889,3.2383958310983068,1.1620642248677684
64.0,24.0,1004.5355224609376,-0.2067583177486083,2.156645823399848,1.1237471826284795,3.780946817479548,-0.5114493991580722,1.3470285072754011,1.5426076556614716,0.9251629364195506,3.6326501297850458,1.193605314089168
64.0,24.0,1008.21923828125,-0.298219533117912,3.0185482192187125,0.285171031606693,2.599554216036076,0.2880969029957859,0.997517497305429,-0.590278083953078,0.2804241833235376,3.559147233411687,0.1670701598797905
64.0,24.0,1006.3345947265624,2.034042837590201,2.9125964116908234,-0.2024967773422643,3.3085072469478023,-0.07703122756074,0.9718660779238922,0.9340710653988924,1.2723474077259571,3.310849095998795,1.667239863445168
64.0,24.0,1008.2164916992188,0.5580556779076256,2.383279137806421,-0.6564993668382444,2.8649404182394846,0.1788457001234297,1.7702939559078874,1.2130720299313382,0.6010096226642991,3.428949899942337,1.4479553787297892
64.0,24.0,1007.143798828125,0.7762461538352123,2.593028683463827,0.3012984908373977,1.7172840410422243,-0.1497621235852731,1.7603122732031682,0.5605421817306516,0.5336316981596247,0.9214629252908072,1.5912971121135435
64.0,24.0,1006.9401245117188,0.3160040910179016,3.0759729087404613,-0.200197468624636,3.5888043003496293,-0.9660674827254084,0.9546154223424154,1.4035214690021385,0.5122053816003849,3.791949268408581,1.62902025464191
64.0,24.0,1006.5872802734376,0.2656690085363156,2.8994275720441487,-0.0359203097652873,2.439288483665521,-0.403613583524778,2.160790506390417,1.4511060060394816,0.484404972217794,3.372222679109396,2.807072668682597
64.0,24.0,1007.3650512695312,1.209770427187696,2.373663624502917,-0.922801461751769,3.522540163635104,-1.0583539604739505,1.3442077034450897,1.416473712663966,-0.0054601929838683,3.776563233416871,1.663920189206838
64.0,24.0,1005.5903930664062,1.0850608351254831,3.0729081885232894,-0.0173533722472141,2.6411138831518057,-0.5004146304737389,1.436460637911377,1.5780674897249076,1.4846329996870586,4.064692075809855,0.3497848194679321
64.0,24.0,1007.6295166015624,0.760632210368182,2.523489045540816,-0.6855887691901628,3.5657736665516566,0.317790458735649,0.3180960001700268,0.5613519826010546,0.3918729921785278,3.6392256882701166,1.6770418837070526
64.0,24.0,1005.7882080078124,1.930989912640924,2.5698273775009017,-0.4222718299406413,2.2647280101266523,-1.2334670620841697,1.1900713704557306,1.273633231737758,-0.0756089152430987,3.487418316929421,1.693288812527204
64.0,24.0,1007.544677734375,-0.2805326006232682,3.1038845231404446,-0.1870705914575828,3.988367848503743,-0.2562732772840708,1.540852333686741,0.7450130913541388,1.6656985897711236,2.857401366589688,0.9264712942409098
64.0,24.0,1004.8368530273438,-0.0192859539180938,3.1458012448024646,-0.4052589456220559,3.5837623621294377,-0.4446218579421889,1.004306573519272,1.0674916208430016,-0.1473208806064043,4.659302750457305,1.266183010783346
64.0,24.0,1005.0035400390624,1.488088734200528,3.2964916798764268,-0.081613556681665,3.4931910742310563,-0.4795947022471148,1.19443031097595,1.5983254058784726,0.3030366300005376,3.1093375136026897,1.3517079212642986
64.0,24.0,1006.1622924804688,0.004875918920975,3.104117364521483,-0.1086507334723188,3.699475480862376,-1.1661743499684296,0.9447187168156084,1.0372177013184494,-0.23489855012757,3.06256370413144,2.0617497904784594
64.0,24.0,1005.8321533203124,0.377814434290604,3.895551475372848,0.0535583373255332,3.414557908843645,-0.5334289284626546,0.985593986932181,0.7933330380200138,0.0535584523865163,3.290998620666775,1.0098828753892786
64.0,24.0,1008.1739501953124,1.6413635358121716,3.343269745080816,0.2019027360287677,3.5348093235497835,-0.1942484375916076,0.9530267104471426,1.1052031353316056,0.0297497040701961,3.35263353716934,1.512207743913377
64.0,24.0,1006.750732421875,1.4983206496546757,3.310143956253831,-0.0995478391109807,4.111181782258067,-0.0736615879452686,2.3151370482507234,0.654147595066203,0.6455422381112422,3.3493750202887504,1.9151768831651383
64.0,24.0,1006.7168579101562,0.1204298679930743,3.085935525868453,0.8580658568112781,3.592274291221228,-0.3026876319912296,0.1565363944635099,1.0514447856814313,-0.2629416767191692,3.256268088908417,1.6125018470484531
64.0,24.0,1007.5983276367188,1.5482154040419425,2.9535161130510263,-0.1128932416296287,3.439057840110067,0.3017498127166673,1.0384247332545418,1.1484799549481244,-0.0173585304203556,3.441021150704384,1.5914362828026998
64.0,24.0,1008.3200073242188,2.082632155369566,2.9665900511031333,-0.5922171144601804,3.123739287458194,-0.5464784812260914,1.0546875410348582,1.7687094042639275,-0.7124648449785488,4.354443591186314,1.295702474076481
64.0,24.0,1008.7456665039062,0.7842374151696674,3.139110540218078,-1.0288465257110313,4.029683831905636,-1.3903322969175846,1.2371820927852002,1.4843917965321436,0.1696485096970561,3.543699883918997,1.623176727318091
64.0,24.0,1009.4057006835938,0.0983884575867826,3.1515876749534466,-0.3302749667884251,3.494695052490905,-1.4401546793063933,1.3749239016717016,1.1363055114834428,0.2761023450053809,3.311923466658281,2.8576471315380942
64.0,24.0,1005.9246215820312,0.6600018304696809,2.208408201646309,-0.00906597507511,2.784505846876923,0.3472293972856342,1.7621845249117634,1.5973701590591634,0.780958497717289,3.692710282606984,1.0349967017159698
64.0,24.0,1009.593994140625,0.5374542256017627,3.064515708249383,0.2927517192063322,3.1867187055670203,0.6839591371749951,0.5998561763294047,0.8063924727052586,0.6169965959930439,3.4734188398190606,0.8858370293231238
64.0,24.0,1007.3814086914062,1.37501567893667,2.796826013722564,-0.2415181677679952,4.221335396971198,-0.2078968184580427,1.4898404207350833,1.5180200398342767,0.2547780929846841,3.338302295211076,1.023318751440718
64.0,24.0,1009.1370849609376,0.7879637964296875,2.86086798763516,-0.5492692136403832,4.005514871414867,-0.0617324199467006,1.6792155416662813,1.3839924198004556,-0.7535561677596783,2.5670537000092555,1.96755506025254
64.0,24.0,1005.1350708007812,0.1661038185710084,2.5390123143543657,2.0774916054569346,1.835614257140512,-1.5735118140693944,0.0393769710875324,1.5364656260845004,0.9512514490147672,2.833057723425437,1.6722709438483858
64.0,24.0,1007.6941528320312,-0.9191563805964992,-0.0739405032805775,1.058587782348256,2.5088568339158472,-0.4944091546357916,0.0149281589082759,1.2909744872868127,0.725586256491825,1.7227688893335578,1.4566318141616184
64.0,24.0,1004.4985961914062,1.5264166200797986,3.0640212166161023,-0.215819897253269,3.5490497273888275,-0.2048867388282806,1.0826619122252867,1.0511392207255632,-0.0170243374408754,3.2973942147249127,1.6821927523441609
64.0,24.0,1006.7684936523438,1.3436931167584212,2.9723827309808475,-0.6990999954194496,3.448097725237284,-0.2091829105316387,0.262391251339839,1.03385109722468,-0.0967344722036515,3.302876430253528,1.7245487486675914
64.0,24.0,1006.3912353515624,1.0823124156003283,3.145532408020725,0.0937498638335725,4.3492484902596935,-0.983369492477124,0.3045399617600217,1.0355153888892177,-0.6035785196627739,3.47882371336145,1.9749920545649893
64.0,24.0,1008.4857788085938,0.7968462180130541,2.885065987606813,1.4871498627806274,3.848205386745263,0.5093226943793798,0.40306609040108,1.1621616951462164,1.3647097206518033,3.714702011912805,1.5355843692773683
64.0,24.0,1006.4755249023438,1.5373922129536688,3.032235559935451,0.6874268984749604,3.275338603754686,-0.2140326921908348,1.494799281789143,0.9278351614159914,0.1155832775990138,3.2730834620692755,1.8184178138756064
64.0,24.0,1005.9786376953124,1.1755166225902458,3.0139295819900664,-0.2417305383366287,3.616814653335077,-0.2729520402836232,1.8592848557108288,1.1177652924446315,0.1211451494947978,3.912459696901169,2.2316448068592054
64.0,24.0,1004.7403564453124,0.4804166552562906,3.142058809388116,-0.507253232726782,3.78275224637308,-0.5671588827166028,1.1261544357254607,1.4122039073154182,0.5007209311294231,3.503301094810195,1.926829920271378
64.0,24.0,1009.2369384765624,0.7719457450167173,3.067468518497742,0.1438674432862803,4.201429714841284,0.6009588464599838,1.2267336499088082,1.4269277437993857,0.4169023640793585,3.52345155282314,1.4499758682082091
64.0,24.0,1008.1492919921876,1.4986816122298836,2.989263902034488,0.1389946154927319,3.1896060624395304,-0.869416211686994,1.119021920540422,0.5584012801148004,0.0117905468584705,3.620020431449668,1.2188531740531752
64.0,24.0,1005.6001586914062,0.1781387739601991,2.8222566258346973,-1.2784227836424644,2.158820161725356,-1.3598118191510389,1.8033214309254848,1.4312019484559402,0.0812233307260337,2.5723035292130967,1.5728984824109573
64.0,24.0,1006.3341674804688,0.3888189065196371,3.19098221928363,-0.1105807418434687,1.6343787111994237,-0.2754166168800518,2.218191842362917,0.4045750418654998,0.1350956034985735,3.3569490268599536,2.403341908698976
64.0,24.0,1008.2171630859376,1.1196039869835996,2.851734843349284,-0.3871393747249334,3.5573620749628025,-0.2117582482879031,0.6249566668179591,1.7091204122966894,0.0559881288305983,2.724866684707052,1.3522007745366589
64.0,25.0,1006.11962890625,-0.497682321193742,3.030567283483479,-0.5787679993007673,1.468996806504657,-1.102800242265915,1.463907549460452,-0.3849157258589892,0.1852476260815461,1.9192500309728429,0.8627286160848842
64.0,25.0,1008.3423461914062,0.6574661632444259,3.058962396496167,0.3046281244818326,3.55867348940954,0.801604907938918,1.1744825767938336,1.4961983921877635,0.1138585796299599,4.151368753567943,1.4094062044123434
64.0,25.0,1006.3142700195312,1.139511611358937,3.0694613868905667,-0.1653637898345447,3.4430469374271744,-0.2036379756711497,1.017926728273767,0.9696821854232316,-0.0703918319987118,3.339716178654164,1.1256383025099117
64.0,25.0,1007.6607055664062,0.7528112446894505,3.1522536284043383,-0.5665184005922115,4.045952050495025,-0.7945597910333166,1.105523864894017,1.0238977045891955,0.4141197744681694,3.4787713495883,1.956160436920028
64.0,25.0,1008.7200927734376,-0.4287496783731845,2.7141488512366587,0.135814598073293,3.5401014516008384,0.8814470060804864,0.100357305462027,1.862612918861468,0.6566611523849353,3.2989985026795114,2.052846431214326
64.0,25.0,1008.2530517578124,1.5270982961521142,2.378577058659652,-0.1300141971189669,3.4316988602336704,-0.3495752633471561,0.6940326962933131,0.758785861126745,0.0664492484260929,3.002636118435235,0.7040430065820917
64.0,25.0,1006.2119140625,0.4893625390202833,1.7795423029239368,-0.2283334970089545,3.1277989280704825,0.4981169607027755,1.141197769335064,2.5146578201478693,1.975507430672696,4.311031517865723,2.0922100116751228
64.0,25.0,1007.5860595703124,0.9611140522541536,3.979347793388112,-0.3263567004885394,3.412466387798481,-0.0631549130035099,0.9307337971626412,1.1843395157683645,0.966598861298976,2.898317160010997,1.6003379858123528
64.0,25.0,1008.4246215820312,1.0306819302751864,3.978509086906152,-0.0680788386015178,3.378456373520682,-0.8451638659231371,1.5906195187207983,1.179489484700602,-0.3513427378104889,3.2383958310983068,1.1620642248677684
64.0,25.0,1004.5355224609376,-0.2067583177486083,2.156645823399848,1.1237471826284795,3.780946817479548,-0.5114493991580722,1.3470285072754011,1.5426076556614716,0.9251629364195506,3.6326501297850458,1.193605314089168
64.0,25.0,1008.21923828125,-0.298219533117912,3.0185482192187125,0.285171031606693,2.599554216036076,0.2880969029957859,0.997517497305429,-0.590278083953078,0.2804241833235376,3.559147233411687,0.1670701598797905
64.0,25.0,1006.3345947265624,2.034042837590201,2.9125964116908234,-0.2024967773422643,3.3085072469478023,-0.07703122756074,0.9718660779238922,0.9340710653988924,1.2723474077259571,3.310849095998795,1.667239863445168
64.0,25.0,1007.4547729492188,1.43629090195749,3.110062472569856,-0.6944199584856007,3.302300007810594,0.2527122463629391,1.3830220275508731,1.1692670148495758,0.4543218612108505,3.286882813634093,1.9327433745059648
64.0,25.0,1007.143798828125,0.7762461538352123,2.593028683463827,0.3012984908373977,1.7172840410422243,-0.1497621235852731,1.7603122732031682,0.5605421817306516,0.5336316981596247,0.9214629252908072,1.5912971121135435
64.0,25.0,1006.9401245117188,0.3160040910179016,3.0759729087404613,-0.200197468624636,3.5888043003496293,-0.9660674827254084,0.9546154223424154,1.4035214690021385,0.5122053816003849,3.791949268408581,1.62902025464191
64.0,25.0,1006.5872802734376,0.2656690085363156,2.8994275720441487,-0.0359203097652873,2.439288483665521,-0.403613583524778,2.160790506390417,1.4511060060394816,0.484404972217794,3.372222679109396,2.807072668682597
64.0,25.0,1007.3650512695312,1.209770427187696,2.373663624502917,-0.922801461751769,3.522540163635104,-1.0583539604739505,1.3442077034450897,1.416473712663966,-0.0054601929838683,3.776563233416871,1.663920189206838
64.0,25.0,1005.5903930664062,1.0850608351254831,3.0729081885232894,-0.0173533722472141,2.6411138831518057,-0.5004146304737389,1.436460637911377,1.5780674897249076,1.4846329996870586,4.064692075809855,0.3497848194679321
64.0,25.0,1007.6295166015624,0.760632210368182,2.523489045540816,-0.6855887691901628,3.5657736665516566,0.317790458735649,0.3180960001700268,0.5613519826010546,0.3918729921785278,3.6392256882701166,1.6770418837070526
64.0,25.0,1005.7882080078124,1.930989912640924,2.5698273775009017,-0.4222718299406413,2.2647280101266523,-1.2334670620841697,1.1900713704557306,1.273633231737758,-0.0756089152430987,3.487418316929421,1.693288812527204
64.0,25.0,1007.544677734375,-0.2805326006232682,3.1038845231404446,-0.1870705914575828,3.988367848503743,-0.2562732772840708,1.540852333686741,0.7450130913541388,1.6656985897711236,2.857401366589688,0.9264712942409098
64.0,25.0,1004.8368530273438,-0.0192859539180938,3.1458012448024646,-0.4052589456220559,3.5837623621294377,-0.4446218579421889,1.004306573519272,1.0674916208430016,-0.1473208806064043,4.659302750457305,1.266183010783346
64.0,25.0,1005.0035400390624,1.488088734200528,3.2964916798764268,-0.081613556681665,3.4931910742310563,-0.4795947022471148,1.19443031097595,1.5983254058784726,0.3030366300005376,3.1093375136026897,1.3517079212642986
64.0,25.0,1006.1622924804688,0.004875918920975,3.104117364521483,-0.1086507334723188,3.699475480862376,-1.1661743499684296,0.9447187168156084,1.0372177013184494,-0.23489855012757,3.06256370413144,2.0617497904784594
64.0,25.0,1005.8321533203124,0.377814434290604,3.895551475372848,0.0535583373255332,3.414557908843645,-0.5334289284626546,0.985593986932181,0.7933330380200138,0.0535584523865163,3.290998620666775,1.0098828753892786
64.0,25.0,1008.1739501953124,1.6413635358121716,3.343269745080816,0.2019027360287677,3.5348093235497835,-0.1942484375916076,0.9530267104471426,1.1052031353316056,0.0297497040701961,3.35263353716934,1.512207743913377
64.0,25.0,1006.750732421875,1.4983206496546757,3.310143956253831,-0.0995478391109807,4.111181782258067,-0.0736615879452686,2.3151370482507234,0.654147595066203,0.6455422381112422,3.3493750202887504,1.9151768831651383
64.0,25.0,1006.7168579101562,0.1204298679930743,3.085935525868453,0.8580658568112781,3.592274291221228,-0.3026876319912296,0.1565363944635099,1.0514447856814313,-0.2629416767191692,3.256268088908417,1.6125018470484531
64.0,25.0,1007.5983276367188,1.5482154040419425,2.9535161130510263,-0.1128932416296287,3.439057840110067,0.3017498127166673,1.0384247332545418,1.1484799549481244,-0.0173585304203556,3.441021150704384,1.5914362828026998
64.0,25.0,1008.3200073242188,2.082632155369566,2.9665900511031333,-0.5922171144601804,3.123739287458194,-0.5464784812260914,1.0546875410348582,1.7687094042639275,-0.7124648449785488,4.354443591186314,1.295702474076481
64.0,25.0,1008.7456665039062,0.7842374151696674,3.139110540218078,-1.0288465257110313,4.029683831905636,-1.3903322969175846,1.2371820927852002,1.4843917965321436,0.1696485096970561,3.543699883918997,1.623176727318091
64.0,25.0,1009.4057006835938,0.0983884575867826,3.1515876749534466,-0.3302749667884251,3.494695052490905,-1.4401546793063933,1.3749239016717016,1.1363055114834428,0.2761023450053809,3.311923466658281,2.8576471315380942
64.0,25.0,1005.9246215820312,0.6600018304696809,2.208408201646309,-0.00906597507511,2.784505846876923,0.3472293972856342,1.7621845249117634,1.5973701590591634,0.780958497717289,3.692710282606984,1.0349967017159698
64.0,25.0,1009.593994140625,0.5374542256017627,3.064515708249383,0.2927517192063322,3.1867187055670203,0.6839591371749951,0.5998561763294047,0.8063924727052586,0.6169965959930439,3.4734188398190606,0.8858370293231238
64.0,25.0,1007.3814086914062,1.37501567893667,2.796826013722564,-0.2415181677679952,4.221335396971198,-0.2078968184580427,1.4898404207350833,1.5180200398342767,0.2547780929846841,3.338302295211076,1.023318751440718
64.0,25.0,1009.1370849609376,0.7879637964296875,2.86086798763516,-0.5492692136403832,4.005514871414867,-0.0617324199467006,1.6792155416662813,1.3839924198004556,-0.7535561677596783,2.5670537000092555,1.96755506025254
64.0,25.0,1005.1350708007812,0.1661038185710084,2.5390123143543657,2.0774916054569346,1.835614257140512,-1.5735118140693944,0.0393769710875324,1.5364656260845004,0.9512514490147672,2.833057723425437,1.6722709438483858
64.0,25.0,1007.6941528320312,-0.9191563805964992,-0.0739405032805775,1.058587782348256,2.5088568339158472,-0.4944091546357916,0.0149281589082759,1.2909744872868127,0.725586256491825,1.7227688893335578,1.4566318141616184
64.0,25.0,1004.4985961914062,1.5264166200797986,3.0640212166161023,-0.215819897253269,3.5490497273888275,-0.2048867388282806,1.0826619122252867,1.0511392207255632,-0.0170243374408754,3.2973942147249127,1.6821927523441609
64.0,25.0,1006.7684936523438,1.3436931167584212,2.9723827309808475,-0.6990999954194496,3.448097725237284,-0.2091829105316387,0.262391251339839,1.03385109722468,-0.0967344722036515,3.302876430253528,1.7245487486675914
64.0,25.0,1006.3912353515624,1.0823124156003283,3.145532408020725,0.0937498638335725,4.3492484902596935,-0.983369492477124,0.3045399617600217,1.0355153888892177,-0.6035785196627739,3.47882371336145,1.9749920545649893
64.0,25.0,1007.4940795898438,0.7074273547665301,3.268350191205145,0.5729788061116217,3.8633189355155975,-0.4749390994254758,0.4111408607787091,1.2023849991842197,1.0193314791710038,3.413186068867624,1.6516321116929182
64.0,25.0,1006.4755249023438,1.5373922129536688,3.032235559935451,0.6874268984749604,3.275338603754686,-0.2140326921908348,1.494799281789143,0.9278351614159914,0.1155832775990138,3.2730834620692755,1.8184178138756064
64.0,25.0,1005.9786376953124,1.1755166225902458,3.0139295819900664,-0.2417305383366287,3.616814653335077,-0.2729520402836232,1.8592848557108288,1.1177652924446315,0.1211451494947978,3.912459696901169,2.2316448068592054
64.0,25.0,1004.7403564453124,0.4804166552562906,3.142058809388116,-0.507253232726782,3.78275224637308,-0.5671588827166028,1.1261544357254607,1.4122039073154182,0.5007209311294231,3.503301094810195,1.926829920271378
64.0,25.0,1009.2369384765624,0.7719457450167173,3.067468518497742,0.1438674432862803,4.201429714841284,0.6009588464599838,1.2267336499088082,1.4269277437993857,0.4169023640793585,3.52345155282314,1.4499758682082091
64.0,25.0,1008.1492919921876,1.4986816122298836,2.989263902034488,0.1389946154927319,3.1896060624395304,-0.869416211686994,1.119021920540422,0.5584012801148004,0.0117905468584705,3.620020431449668,1.2188531740531752
64.0,25.0,1005.6001586914062,0.1781387739601991,2.8222566258346973,-1.2784227836424644,2.158820161725356,-1.3598118191510389,1.8033214309254848,1.4312019484559402,0.0812233307260337,2.5723035292130967,1.5728984824109573
64.0,25.0,1006.3341674804688,0.3888189065196371,3.19098221928363,-0.1105807418434687,1.6343787111994237,-0.2754166168800518,2.218191842362917,0.4045750418654998,0.1350956034985735,3.3569490268599536,2.403341908698976
64.0,25.0,1008.2171630859376,1.1196039869835996,2.851734843349284,-0.3871393747249334,3.5573620749628025,-0.2117582482879031,0.6249566668179591,1.7091204122966894,0.0559881288305983,2.724866684707052,1.3522007745366589
64.0,26.0,1006.11962890625,-0.497682321193742,3.030567283483479,-0.5787679993007673,1.468996806504657,-1.102800242265915,1.463907549460452,-0.3849157258589892,0.1852476260815461,1.9192500309728429,0.8627286160848842
64.0,26.0,1008.3423461914062,0.6574661632444259,3.058962396496167,0.3046281244818326,3.55867348940954,0.801604907938918,1.1744825767938336,1.4961983921877635,0.1138585796299599,4.151368753567943,1.4094062044123434
64.0,26.0,1006.3142700195312,1.139511611358937,3.0694613868905667,-0.1653637898345447,3.4430469374271744,-0.2036379756711497,1.017926728273767,0.9696821854232316,-0.0703918319987118,3.339716178654164,1.1256383025099117
64.0,26.0,1007.6607055664062,0.7528112446894505,3.1522536284043383,-0.5665184005922115,4.045952050495025,-0.7945597910333166,1.105523864894017,1.0238977045891955,0.4141197744681694,3.4787713495883,1.956160436920028
64.0,26.0,1005.2555541992188,-0.5037094802039921,3.707585390221884,-0.3280569768488796,3.321070462527059,0.979043172621886,-0.4155761280008436,0.9565504599200948,0.2951346271246178,3.295787014291044,2.1819067114242974
64.0,26.0,1008.2530517578124,1.5270982961521142,2.378577058659652,-0.1300141971189669,3.4316988602336704,-0.3495752633471561,0.6940326962933131,0.758785861126745,0.0664492484260929,3.002636118435235,0.7040430065820917
64.0,26.0,1006.2119140625,0.4893625390202833,1.7795423029239368,-0.2283334970089545,3.1277989280704825,0.4981169607027755,1.141197769335064,2.5146578201478693,1.975507430672696,4.311031517865723,2.0922100116751228
64.0,26.0,1007.5860595703124,0.9611140522541536,3.979347793388112,-0.3263567004885394,3.412466387798481,-0.0631549130035099,0.9307337971626412,1.1843395157683645,0.966598861298976,2.898317160010997,1.6003379858123528
64.0,26.0,1008.4246215820312,1.0306819302751864,3.978509086906152,-0.0680788386015178,3.378456373520682,-0.8451638659231371,1.5906195187207983,1.179489484700602,-0.3513427378104889,3.2383958310983068,1.1620642248677684
64.0,26.0,1004.5355224609376,-0.2067583177486083,2.156645823399848,1.1237471826284795,3.780946817479548,-0.5114493991580722,1.3470285072754011,1.5426076556614716,0.9251629364195506,3.6326501297850458,1.193605314089168
64.0,26.0,1008.21923828125,-0.298219533117912,3.0185482192187125,0.285171031606693,2.599554216036076,0.2880969029957859,0.997517497305429,-0.590278083953078,0.2804241833235376,3.559147233411687,0.1670701598797905
64.0,26.0,1006.3345947265624,2.034042837590201,2.9125964116908234,-0.2024967773422643,3.3085072469478023,-0.07703122756074,0.9718660779238922,0.9340710653988924,1.2723474077259571,3.310849095998795,1.667239863445168
64.0,26.0,1007.4547729492188,1.43629090195749,3.110062472569856,-0.6944199584856007,3.302300007810594,0.2527122463629391,1.3830220275508731,1.1692670148495758,0.4543218612108505,3.286882813634093,1.9327433745059648
64.0,26.0,1007.143798828125,0.7762461538352123,2.593028683463827,0.3012984908373977,1.7172840410422243,-0.1497621235852731,1.7603122732031682,0.5605421817306516,0.5336316981596247,0.9214629252908072,1.5912971121135435
64.0,26.0,1006.9401245117188,0.3160040910179016,3.0759729087404613,-0.200197468624636,3.5888043003496293,-0.9660674827254084,0.9546154223424154,1.4035214690021385,0.5122053816003849,3.791949268408581,1.62902025464191
64.0,26.0,1006.5872802734376,0.2656690085363156,2.8994275720441487,-0.0359203097652873,2.439288483665521,-0.403613583524778,2.160790506390417,1.4511060060394816,0.484404972217794,3.372222679109396,2.807072668682597
64.0,26.0,1007.3650512695312,1.209770427187696,2.373663624502917,-0.922801461751769,3.522540163635104,-1.0583539604739505,1.3442077034450897,1.416473712663966,-0.0054601929838683,3.776563233416871,1.663920189206838
64.0,26.0,1005.5903930664062,1.0850608351254831,3.0729081885232894,-0.0173533722472141,2.6411138831518057,-0.5004146304737389,1.436460637911377,1.5780674897249076,1.4846329996870586,4.064692075809855,0.3497848194679321
64.0,26.0,1007.6295166015624,0.760632210368182,2.523489045540816,-0.6855887691901628,3.5657736665516566,0.317790458735649,0.3180960001700268,0.5613519826010546,0.3918729921785278,3.6392256882701166,1.6770418837070526
64.0,26.0,1005.7882080078124,1.930989912640924,2.5698273775009017,-0.4222718299406413,2.2647280101266523,-1.2334670620841697,1.1900713704557306,1.273633231737758,-0.0756089152430987,3.487418316929421,1.693288812527204
64.0,26.0,1007.544677734375,-0.2805326006232682,3.1038845231404446,-0.1870705914575828,3.988367848503743,-0.2562732772840708,1.540852333686741,0.7450130913541388,1.6656985897711236,2.857401366589688,0.9264712942409098
64.0,26.0,1004.8368530273438,-0.0192859539180938,3.1458012448024646,-0.4052589456220559,3.5837623621294377,-0.4446218579421889,1.004306573519272,1.0674916208430016,-0.1473208806064043,4.659302750457305,1.266183010783346
64.0,26.0,1005.0035400390624,1.488088734200528,3.2964916798764268,-0.081613556681665,3.4931910742310563,-0.4795947022471148,1.19443031097595,1.5983254058784726,0.3030366300005376,3.1093375136026897,1.3517079212642986
64.0,26.0,1006.1622924804688,0.004875918920975,3.104117364521483,-0.1086507334723188,3.699475480862376,-1.1661743499684296,0.9447187168156084,1.0372177013184494,-0.23489855012757,3.06256370413144,2.0617497904784594
64.0,26.0,1005.8321533203124,0.377814434290604,3.895551475372848,0.0535583373255332,3.414557908843645,-0.5334289284626546,0.985593986932181,0.7933330380200138,0.0535584523865163,3.290998620666775,1.0098828753892786
64.0,26.0,1008.1739501953124,1.6413635358121716,3.343269745080816,0.2019027360287677,3.5348093235497835,-0.1942484375916076,0.9530267104471426,1.1052031353316056,0.0297497040701961,3.35263353716934,1.512207743913377
64.0,26.0,1006.750732421875,1.4983206496546757,3.310143956253831,-0.0995478391109807,4.111181782258067,-0.0736615879452686,2.3151370482507234,0.654147595066203,0.6455422381112422,3.3493750202887504,1.9151768831651383
64.0,26.0,1006.7168579101562,0.1204298679930743,3.085935525868453,0.8580658568112781,3.592274291221228,-0.3026876319912296,0.1565363944635099,1.0514447856814313,-0.2629416767191692,3.256268088908417,1.6125018470484531
64.0,26.0,1007.5983276367188,1.5482154040419425,2.9535161130510263,-0.1128932416296287,3.439057840110067,0.3017498127166673,1.0384247332545418,1.1484799549481244,-0.0173585304203556,3.441021150704384,1.5914362828026998
64.0,26.0,1008.3200073242188,2.082632155369566,2.9665900511031333,-0.5922171144601804,3.123739287458194,-0.5464784812260914,1.0546875410348582,1.7687094042639275,-0.7124648449785488,4.354443591186314,1.295702474076481
64.0,26.0,1008.7456665039062,0.7842374151696674,3.139110540218078,-1.0288465257110313,4.029683831905636,-1.3903322969175846,1.2371820927852002,1.4843917965321436,0.1696485096970561,3.543699883918997,1.623176727318091
64.0,26.0,1009.4057006835938,0.0983884575867826,3.1515876749534466,-0.3302749667884251,3.494695052490905,-1.4401546793063933,1.3749239016717016,1.1363055114834428,0.2761023450053809,3.311923466658281,2.8576471315380942
64.0,26.0,1005.9246215820312,0.6600018304696809,2.208408201646309,-0.00906597507511,2.784505846876923,0.3472293972856342,1.7621845249117634,1.5973701590591634,0.780958497717289,3.692710282606984,1.0349967017159698
64.0,26.0,1009.593994140625,0.5374542256017627,3.064515708249383,0.2927517192063322,3.1867187055670203,0.6839591371749951,0.5998561763294047,0.8063924727052586,0.6169965959930439,3.4734188398190606,0.8858370293231238
64.0,26.0,1007.3814086914062,1.37501567893667,2.796826013722564,-0.2415181677679952,4.221335396971198,-0.2078968184580427,1.4898404207350833,1.5180200398342767,0.2547780929846841,3.338302295211076,1.023318751440718
64.0,26.0,1009.1370849609376,0.7879637964296875,2.86086798763516,-0.5492692136403832,4.005514871414867,-0.0617324199467006,1.6792155416662813,1.3839924198004556,-0.7535561677596783,2.5670537000092555,1.96755506025254
64.0,26.0,1005.1350708007812,0.1661038185710084,2.5390123143543657,2.0774916054569346,1.835614257140512,-1.5735118140693944,0.0393769710875324,1.5364656260845004,0.9512514490147672,2.833057723425437,1.6722709438483858
64.0,26.0,1007.6941528320312,-0.9191563805964992,-0.0739405032805775,1.058587782348256,2.5088568339158472,-0.4944091546357916,0.0149281589082759,1.2909744872868127,0.725586256491825,1.7227688893335578,1.4566318141616184
64.0,26.0,1003.6841430664062,1.5264166200797986,3.063097861613356,-0.215819897253269,3.5490497273888275,-0.2048867388282806,1.0826619122252867,1.0511392207255632,-0.0170243374408754,3.2973942147249127,1.6821927523441609
64.0,26.0,1006.7684936523438,1.3436931167584212,2.9723827309808475,-0.6990999954194496,3.448097725237284,-0.2091829105316387,0.262391251339839,1.03385109722468,-0.0967344722036515,3.302876430253528,1.7245487486675914
64.0,26.0,1006.3912353515624,1.0823124156003283,3.145532408020725,0.0937498638335725,4.3492484902596935,-0.983369492477124,0.3045399617600217,1.0355153888892177,-0.6035785196627739,3.47882371336145,1.9749920545649893
64.0,26.0,1007.4940795898438,0.7074273547665301,3.268350191205145,0.5729788061116217,3.8633189355155975,-0.4749390994254758,0.4111408607787091,1.2023849991842197,1.0193314791710038,3.413186068867624,1.6516321116929182
64.0,26.0,1006.4755249023438,1.5373922129536688,3.032235559935451,0.6874268984749604,3.275338603754686,-0.2140326921908348,1.494799281789143,0.9278351614159914,0.1155832775990138,3.2730834620692755,1.8184178138756064
64.0,26.0,1005.9786376953124,1.1755166225902458,3.0139295819900664,-0.2417305383366287,3.616814653335077,-0.2729520402836232,1.8592848557108288,1.1177652924446315,0.1211451494947978,3.912459696901169,2.2316448068592054
64.0,26.0,1004.7403564453124,0.4804166552562906,3.142058809388116,-0.507253232726782,3.78275224637308,-0.5671588827166028,1.1261544357254607,1.4122039073154182,0.5007209311294231,3.503301094810195,1.926829920271378
64.0,26.0,1009.2369384765624,0.7719457450167173,3.067468518497742,0.1438674432862803,4.201429714841284,0.6009588464599838,1.2267336499088082,1.4269277437993857,0.4169023640793585,3.52345155282314,1.4499758682082091
64.0,26.0,1008.1492919921876,1.4986816122298836,2.989263902034488,0.1389946154927319,3.1896060624395304,-0.869416211686994,1.119021920540422,0.5584012801148004,0.0117905468584705,3.620020431449668,1.2188531740531752
64.0,26.0,1005.6001586914062,0.1781387739601991,2.8222566258346973,-1.2784227836424644,2.158820161725356,-1.3598118191510389,1.8033214309254848,1.4312019484559402,0.0812233307260337,2.5723035292130967,1.5728984824109573
64.0,26.0,1006.3341674804688,0.3888189065196371,3.19098221928363,-0.1105807418434687,1.6343787111994237,-0.2754166168800518,2.218191842362917,0.4045750418654998,0.1350956034985735,3.3569490268599536,2.403341908698976
64.0,26.0,1008.2171630859376,1.1196039869835996,2.851734843349284,-0.3871393747249334,3.5573620749628025,-0.2117582482879031,0.6249566668179591,1.7091204122966894,0.0559881288305983,2.724866684707052,1.3522007745366589
64.0,27.0,1006.11962890625,-0.497682321193742,3.030567283483479,-0.5787679993007673,1.468996806504657,-1.102800242265915,1.463907549460452,-0.3849157258589892,0.1852476260815461,1.9192500309728429,0.8627286160848842
64.0,27.0,1008.3423461914062,0.6574661632444259,3.058962396496167,0.3046281244818326,3.55867348940954,0.801604907938918,1.1744825767938336,1.4961983921877635,0.1138585796299599,4.151368753567943,1.4094062044123434
64.0,27.0,1006.3142700195312,1.139511611358937,3.0694613868905667,-0.1653637898345447,3.4430469374271744,-0.2036379756711497,1.017926728273767,0.9696821854232316,-0.0703918319987118,3.339716178654164,1.1256383025099117
64.0,27.0,1007.6607055664062,0.7528112446894505,3.1522536284043383,-0.5665184005922115,4.045952050495025,-0.7945597910333166,1.105523864894017,1.0238977045891955,0.4141197744681694,3.4787713495883,1.956160436920028
64.0,27.0,1005.2555541992188,-0.5037094802039921,3.707585390221884,-0.3280569768488796,3.321070462527059,0.979043172621886,-0.4155761280008436,0.9565504599200948,0.2951346271246178,3.295787014291044,2.1819067114242974
64.0,27.0,1008.2530517578124,1.5270982961521142,2.378577058659652,-0.1300141971189669,3.4316988602336704,-0.3495752633471561,0.6940326962933131,0.758785861126745,0.0664492484260929,3.002636118435235,0.7040430065820917
64.0,27.0,1006.2119140625,0.4893625390202833,1.7795423029239368,-0.2283334970089545,3.1277989280704825,0.4981169607027755,1.141197769335064,2.5146578201478693,1.975507430672696,4.311031517865723,2.0922100116751228
64.0,27.0,1007.5860595703124,0.9611140522541536,3.979347793388112,-0.3263567004885394,3.412466387798481,-0.0631549130035099,0.9307337971626412,1.1843395157683645,0.966598861298976,2.898317160010997,1.6003379858123528
64.0,27.0,1008.4246215820312,1.0306819302751864,3.978509086906152,-0.0680788386015178,3.378456373520682,-0.8451638659231371,1.5906195187207983,1.179489484700602,-0.3513427378104889,3.2383958310983068,1.1620642248677684
64.0,27.0,1004.5355224609376,-0.2067583177486083,2.156645823399848,1.1237471826284795,3.780946817479548,-0.5114493991580722,1.3470285072754011,1.5426076556614716,0.9251629364195506,3.6326501297850458,1.193605314089168
64.0,27.0,1008.21923828125,-0.298219533117912,3.0185482192187125,0.285171031606693,2.599554216036076,0.2880969029957859,0.997517497305429,-0.590278083953078,0.2804241833235376,3.559147233411687,0.1670701598797905
64.0,27.0,1006.3345947265624,2.034042837590201,2.9125964116908234,-0.2024967773422643,3.3085072469478023,-0.07703122756074,0.9718660779238922,0.9340710653988924,1.2723474077259571,3.310849095998795,1.667239863445168
64.0,27.0,1007.4547729492188,1.43629090195749,3.110062472569856,-0.6944199584856007,3.302300007810594,0.2527122463629391,1.3830220275508731,1.1692670148495758,0.4543218612108505,3.286882813634093,1.9327433745059648
64.0,27.0,1007.143798828125,0.7762461538352123,2.593028683463827,0.3012984908373977,1.7172840410422243,-0.1497621235852731,1.7603122732031682,0.5605421817306516,0.5336316981596247,0.9214629252908072,1.5912971121135435
64.0,27.0,1006.9401245117188,0.3160040910179016,3.0759729087404613,-0.200197468624636,3.5888043003496293,-0.9660674827254084,0.9546154223424154,1.4035214690021385,0.5122053816003849,3.791949268408581,1.62902025464191
64.0,27.0,1006.5872802734376,0.2656690085363156,2.8994275720441487,-0.0359203097652873,2.439288483665521,-0.403613583524778,2.160790506390417,1.4511060060394816,0.484404972217794,3.372222679109396,2.807072668682597
64.0,27.0,1007.3650512695312,1.209770427187696,2.373663624502917,-0.922801461751769,3.522540163635104,-1.0583539604739505,1.3442077034450897,1.416473712663966,-0.0054601929838683,3.776563233416871,1.663920189206838
64.0,27.0,1005.5903930664062,1.0850608351254831,3.0729081885232894,-0.0173533722472141,2.6411138831518057,-0.5004146304737389,1.436460637911377,1.5780674897249076,1.4846329996870586,4.064692075809855,0.3497848194679321
64.0,27.0,1007.6295166015624,0.760632210368182,2.523489045540816,-0.6855887691901628,3.5657736665516566,0.317790458735649,0.3180960001700268,0.5613519826010546,0.3918729921785278,3.6392256882701166,1.6770418837070526
64.0,27.0,1005.7882080078124,1.930989912640924,2.5698273775009017,-0.4222718299406413,2.2647280101266523,-1.2334670620841697,1.1900713704557306,1.273633231737758,-0.0756089152430987,3.487418316929421,1.693288812527204
64.0,27.0,1007.544677734375,-0.2805326006232682,3.1038845231404446,-0.1870705914575828,3.988367848503743,-0.2562732772840708,1.540852333686741,0.7450130913541388,1.6656985897711236,2.857401366589688,0.9264712942409098
64.0,27.0,1004.8368530273438,-0.0192859539180938,3.1458012448024646,-0.4052589456220559,3.5837623621294377,-0.4446218579421889,1.004306573519272,1.0674916208430016,-0.1473208806064043,4.659302750457305,1.266183010783346
64.0,27.0,1005.0035400390624,1.488088734200528,3.2964916798764268,-0.081613556681665,3.4931910742310563,-0.4795947022471148,1.19443031097595,1.5983254058784726,0.3030366300005376,3.1093375136026897,1.3517079212642986
64.0,27.0,1006.1622924804688,0.004875918920975,3.104117364521483,-0.1086507334723188,3.699475480862376,-1.1661743499684296,0.9447187168156084,1.0372177013184494,-0.23489855012757,3.06256370413144,2.0617497904784594
64.0,27.0,1005.8321533203124,0.377814434290604,3.895551475372848,0.0535583373255332,3.414557908843645,-0.5334289284626546,0.985593986932181,0.7933330380200138,0.0535584523865163,3.290998620666775,1.0098828753892786
64.0,27.0,1008.1739501953124,1.6413635358121716,3.343269745080816,0.2019027360287677,3.5348093235497835,-0.1942484375916076,0.9530267104471426,1.1052031353316056,0.0297497040701961,3.35263353716934,1.512207743913377
64.0,27.0,1006.750732421875,1.4983206496546757,3.310143956253831,-0.0995478391109807,4.111181782258067,-0.0736615879452686,2.3151370482507234,0.654147595066203,0.6455422381112422,3.3493750202887504,1.9151768831651383
64.0,27.0,1006.7168579101562,0.1204298679930743,3.085935525868453,0.8580658568112781,3.592274291221228,-0.3026876319912296,0.1565363944635099,1.0514447856814313,-0.2629416767191692,3.256268088908417,1.6125018470484531
64.0,27.0,1007.5983276367188,1.5482154040419425,2.9535161130510263,-0.1128932416296287,3.439057840110067,0.3017498127166673,1.0384247332545418,1.1484799549481244,-0.0173585304203556,3.441021150704384,1.5914362828026998
64.0,27.0,1008.3200073242188,2.082632155369566,2.9665900511031333,-0.5922171144601804,3.123739287458194,-0.5464784812260914,1.0546875410348582,1.7687094042639275,-0.7124648449785488,4.354443591186314,1.295702474076481
64.0,27.0,1008.7456665039062,0.7842374151696674,3.139110540218078,-1.0288465257110313,4.029683831905636,-1.3903322969175846,1.2371820927852002,1.4843917965321436,0.1696485096970561,3.543699883918997,1.623176727318091
64.0,27.0,1009.4057006835938,0.0983884575867826,3.1515876749534466,-0.3302749667884251,3.494695052490905,-1.4401546793063933,1.3749239016717016,1.1363055114834428,0.2761023450053809,3.311923466658281,2.8576471315380942
64.0,27.0,1005.9246215820312,0.6600018304696809,2.208408201646309,-0.00906597507511,2.784505846876923,0.3472293972856342,1.7621845249117634,1.5973701590591634,0.780958497717289,3.692710282606984,1.0349967017159698
64.0,27.0,1007.9334716796876,1.1860174019719103,3.062699769325937,-0.5772754403344685,2.921296152802124,0.5203220957234284,1.220967665268109,0.7885410124274673,0.5750653020390918,3.2007527019435167,1.7099313399677305
64.0,27.0,1007.3814086914062,1.37501567893667,2.796826013722564,-0.2415181677679952,4.221335396971198,-0.2078968184580427,1.4898404207350833,1.5180200398342767,0.2547780929846841,3.338302295211076,1.023318751440718
64.0,27.0,1009.1370849609376,0.7879637964296875,2.86086798763516,-0.5492692136403832,4.005514871414867,-0.0617324199467006,1.6792155416662813,1.3839924198004556,-0.7535561677596783,2.5670537000092555,1.96755506025254
64.0,27.0,1005.1350708007812,0.1661038185710084,2.5390123143543657,2.0774916054569346,1.835614257140512,-1.5735118140693944,0.0393769710875324,1.5364656260845004,0.9512514490147672,2.833057723425437,1.6722709438483858
64.0,27.0,1007.6941528320312,-0.9191563805964992,-0.0739405032805775,1.058587782348256,2.5088568339158472,-0.4944091546357916,0.0149281589082759,1.2909744872868127,0.725586256491825,1.7227688893335578,1.4566318141616184
64.0,27.0,1003.6841430664062,1.5264166200797986,3.063097861613356,-0.215819897253269,3.5490497273888275,-0.2048867388282806,1.0826619122252867,1.0511392207255632,-0.0170243374408754,3.2973942147249127,1.6821927523441609
64.0,27.0,1006.7684936523438,1.3436931167584212,2.9723827309808475,-0.6990999954194496,3.448097725237284,-0.2091829105316387,0.262391251339839,1.03385109722468,-0.0967344722036515,3.302876430253528,1.7245487486675914
64.0,27.0,1006.3912353515624,1.0823124156003283,3.145532408020725,0.0937498638335725,4.3492484902596935,-0.983369492477124,0.3045399617600217,1.0355153888892177,-0.6035785196627739,3.47882371336145,1.9749920545649893
64.0,27.0,1007.4940795898438,0.7074273547665301,3.268350191205145,0.5729788061116217,3.8633189355155975,-0.4749390994254758,0.4111408607787091,1.2023849991842197,1.0193314791710038,3.413186068867624,1.6516321116929182
64.0,27.0,1006.4755249023438,1.5373922129536688,3.032235559935451,0.6874268984749604,3.275338603754686,-0.2140326921908348,1.494799281789143,0.9278351614159914,0.1155832775990138,3.2730834620692755,1.8184178138756064
64.0,27.0,1005.9786376953124,1.1755166225902458,3.0139295819900664,-0.2417305383366287,3.616814653335077,-0.2729520402836232,1.8592848557108288,1.1177652924446315,0.1211451494947978,3.912459696901169,2.2316448068592054
64.0,27.0,1004.7403564453124,0.4804166552562906,3.142058809388116,-0.507253232726782,3.78275224637308,-0.5671588827166028,1.1261544357254607,1.4122039073154182,0.5007209311294231,3.503301094810195,1.926829920271378
64.0,27.0,1009.2369384765624,0.7719457450167173,3.067468518497742,0.1438674432862803,4.201429714841284,0.6009588464599838,1.2267336499088082,1.4269277437993857,0.4169023640793585,3.52345155282314,1.4499758682082091
64.0,27.0,1008.1492919921876,1.4986816122298836,2.989263902034488,0.1389946154927319,3.1896060624395304,-0.869416211686994,1.119021920540422,0.5584012801148004,0.0117905468584705,3.620020431449668,1.2188531740531752
64.0,27.0,1005.6001586914062,0.1781387739601991,2.8222566258346973,-1.2784227836424644,2.158820161725356,-1.3598118191510389,1.8033214309254848,1.4312019484559402,0.0812233307260337,2.5723035292130967,1.5728984824109573
64.0,27.0,1006.3341674804688,0.3888189065196371,3.19098221928363,-0.1105807418434687,1.6343787111994237,-0.2754166168800518,2.218191842362917,0.4045750418654998,0.1350956034985735,3.3569490268599536,2.403341908698976
64.0,27.0,1008.2171630859376,1.1196039869835996,2.851734843349284,-0.3871393747249334,3.5573620749628025,-0.2117582482879031,0.6249566668179591,1.7091204122966894,0.0559881288305983,2.724866684707052,1.3522007745366589
64.0,28.0,1006.11962890625,-0.497682321193742,3.030567283483479,-0.5787679993007673,1.468996806504657,-1.102800242265915,1.463907549460452,-0.3849157258589892,0.1852476260815461,1.9192500309728429,0.8627286160848842
64.0,28.0,1008.3423461914062,0.6574661632444259,3.058962396496167,0.3046281244818326,3.55867348940954,0.801604907938918,1.1744825767938336,1.4961983921877635,0.1138585796299599,4.151368753567943,1.4094062044123434
64.0,28.0,1006.3142700195312,1.139511611358937,3.0694613868905667,-0.1653637898345447,3.4430469374271744,-0.2036379756711497,1.017926728273767,0.9696821854232316,-0.0703918319987118,3.339716178654164,1.1256383025099117
64.0,28.0,1007.6607055664062,0.7528112446894505,3.1522536284043383,-0.5665184005922115,4.045952050495025,-0.7945597910333166,1.105523864894017,1.0238977045891955,0.4141197744681694,3.4787713495883,1.956160436920028
64.0,28.0,1005.2555541992188,-0.5037094802039921,3.707585390221884,-0.3280569768488796,3.321070462527059,0.979043172621886,-0.4155761280008436,0.9565504599200948,0.2951346271246178,3.295787014291044,2.1819067114242974
64.0,28.0,1008.2530517578124,1.5270982961521142,2.378577058659652,-0.1300141971189669,3.4316988602336704,-0.3495752633471561,0.6940326962933131,0.758785861126745,0.0664492484260929,3.002636118435235,0.7040430065820917
64.0,28.0,1006.2119140625,0.4893625390202833,1.7795423029239368,-0.2283334970089545,3.1277989280704825,0.4981169607027755,1.141197769335064,2.5146578201478693,1.975507430672696,4.311031517865723,2.0922100116751228
64.0,28.0,1007.5860595703124,0.9611140522541536,3.979347793388112,-0.3263567004885394,3.412466387798481,-0.0631549130035099,0.9307337971626412,1.1843395157683645,0.966598861298976,2.898317160010997,1.6003379858123528
64.0,28.0,1008.4246215820312,1.0306819302751864,3.978509086906152,-0.0680788386015178,3.378456373520682,-0.8451638659231371,1.5906195187207983,1.179489484700602,-0.3513427378104889,3.2383958310983068,1.1620642248677684
64.0,28.0,1004.5355224609376,-0.2067583177486083,2.156645823399848,1.1237471826284795,3.780946817479548,-0.5114493991580722,1.3470285072754011,1.5426076556614716,0.9251629364195506,3.6326501297850458,1.193605314089168
64.0,28.0,1008.21923828125,-0.298219533117912,3.0185482192187125,0.285171031606693,2.599554216036076,0.2880969029957859,0.997517497305429,-0.590278083953078,0.2804241833235376,3.559147233411687,0.1670701598797905
64.0,28.0,1006.3345947265624,2.034042837590201,2.9125964116908234,-0.2024967773422643,3.3085072469478023,-0.07703122756074,0.9718660779238922,0.9340710653988924,1.2723474077259571,3.310849095998795,1.667239863445168
64.0,28.0,1007.4547729492188,1.43629090195749,3.110062472569856,-0.6944199584856007,3.302300007810594,0.2527122463629391,1.3830220275508731,1.1692670148495758,0.4543218612108505,3.286882813634093,1.9327433745059648
64.0,28.0,1005.8555297851562,0.0747060267511887,2.3930770738970044,0.203204090654355,2.721340942344091,-0.1101949552318505,1.5860054495117537,1.079938071505054,0.3060736121612265,1.762883173269604,1.6908510216610382
64.0,28.0,1006.9401245117188,0.3160040910179016,3.0759729087404613,-0.200197468624636,3.5888043003496293,-0.9660674827254084,0.9546154223424154,1.4035214690021385,0.5122053816003849,3.791949268408581,1.62902025464191
64.0,28.0,1006.5872802734376,0.2656690085363156,2.8994275720441487,-0.0359203097652873,2.439288483665521,-0.403613583524778,2.160790506390417,1.4511060060394816,0.484404972217794,3.372222679109396,2.807072668682597
64.0,28.0,1007.3650512695312,1.209770427187696,2.373663624502917,-0.922801461751769,3.522540163635104,-1.0583539604739505,1.3442077034450897,1.416473712663966,-0.0054601929838683,3.776563233416871,1.663920189206838
64.0,28.0,1005.5903930664062,1.0850608351254831,3.0729081885232894,-0.0173533722472141,2.6411138831518057,-0.5004146304737389,1.436460637911377,1.5780674897249076,1.4846329996870586,4.064692075809855,0.3497848194679321
64.0,28.0,1007.6295166015624,0.760632210368182,2.523489045540816,-0.6855887691901628,3.5657736665516566,0.317790458735649,0.3180960001700268,0.5613519826010546,0.3918729921785278,3.6392256882701166,1.6770418837070526
64.0,28.0,1005.7882080078124,1.930989912640924,2.5698273775009017,-0.4222718299406413,2.2647280101266523,-1.2334670620841697,1.1900713704557306,1.273633231737758,-0.0756089152430987,3.487418316929421,1.693288812527204
64.0,28.0,1007.544677734375,-0.2805326006232682,3.1038845231404446,-0.1870705914575828,3.988367848503743,-0.2562732772840708,1.540852333686741,0.7450130913541388,1.6656985897711236,2.857401366589688,0.9264712942409098
64.0,28.0,1004.8368530273438,-0.0192859539180938,3.1458012448024646,-0.4052589456220559,3.5837623621294377,-0.4446218579421889,1.004306573519272,1.0674916208430016,-0.1473208806064043,4.659302750457305,1.266183010783346
64.0,28.0,1005.0035400390624,1.488088734200528,3.2964916798764268,-0.081613556681665,3.4931910742310563,-0.4795947022471148,1.19443031097595,1.5983254058784726,0.3030366300005376,3.1093375136026897,1.3517079212642986
64.0,28.0,1006.1622924804688,0.004875918920975,3.104117364521483,-0.1086507334723188,3.699475480862376,-1.1661743499684296,0.9447187168156084,1.0372177013184494,-0.23489855012757,3.06256370413144,2.0617497904784594
64.0,28.0,1005.8321533203124,0.377814434290604,3.895551475372848,0.0535583373255332,3.414557908843645,-0.5334289284626546,0.985593986932181,0.7933330380200138,0.0535584523865163,3.290998620666775,1.0098828753892786
64.0,28.0,1008.1739501953124,1.6413635358121716,3.343269745080816,0.2019027360287677,3.5348093235497835,-0.1942484375916076,0.9530267104471426,1.1052031353316056,0.0297497040701961,3.35263353716934,1.512207743913377
64.0,28.0,1006.750732421875,1.4983206496546757,3.310143956253831,-0.0995478391109807,4.111181782258067,-0.0736615879452686,2.3151370482507234,0.654147595066203,0.6455422381112422,3.3493750202887504,1.9151768831651383
64.0,28.0,1006.7168579101562,0.1204298679930743,3.085935525868453,0.8580658568112781,3.592274291221228,-0.3026876319912296,0.1565363944635099,1.0514447856814313,-0.2629416767191692,3.256268088908417,1.6125018470484531
64.0,28.0,1007.5983276367188,1.5482154040419425,2.9535161130510263,-0.1128932416296287,3.439057840110067,0.3017498127166673,1.0384247332545418,1.1484799549481244,-0.0173585304203556,3.441021150704384,1.5914362828026998
64.0,28.0,1008.3200073242188,2.082632155369566,2.9665900511031333,-0.5922171144601804,3.123739287458194,-0.5464784812260914,1.0546875410348582,1.7687094042639275,-0.7124648449785488,4.354443591186314,1.295702474076481
64.0,28.0,1008.7456665039062,0.7842374151696674,3.139110540218078,-1.0288465257110313,4.029683831905636,-1.3903322969175846,1.2371820927852002,1.4843917965321436,0.1696485096970561,3.543699883918997,1.623176727318091
64.0,28.0,1009.4057006835938,0.0983884575867826,3.1515876749534466,-0.3302749667884251,3.494695052490905,-1.4401546793063933,1.3749239016717016,1.1363055114834428,0.2761023450053809,3.311923466658281,2.8576471315380942
64.0,28.0,1005.9246215820312,0.6600018304696809,2.208408201646309,-0.00906597507511,2.784505846876923,0.3472293972856342,1.7621845249117634,1.5973701590591634,0.780958497717289,3.692710282606984,1.0349967017159698
64.0,28.0,1007.9334716796876,1.1860174019719103,3.062699769325937,-0.5772754403344685,2.921296152802124,0.5203220957234284,1.220967665268109,0.7885410124274673,0.5750653020390918,3.2007527019435167,1.7099313399677305
64.0,28.0,1007.3814086914062,1.37501567893667,2.796826013722564,-0.2415181677679952,4.221335396971198,-0.2078968184580427,1.4898404207350833,1.5180200398342767,0.2547780929846841,3.338302295211076,1.023318751440718
64.0,28.0,1009.1370849609376,0.7879637964296875,2.86086798763516,-0.5492692136403832,4.005514871414867,-0.0617324199467006,1.6792155416662813,1.3839924198004556,-0.7535561677596783,2.5670537000092555,1.96755506025254
64.0,28.0,1005.1350708007812,0.1661038185710084,2.5390123143543657,2.0774916054569346,1.835614257140512,-1.5735118140693944,0.0393769710875324,1.5364656260845004,0.9512514490147672,2.833057723425437,1.6722709438483858
64.0,28.0,1007.6941528320312,-0.9191563805964992,-0.0739405032805775,1.058587782348256,2.5088568339158472,-0.4944091546357916,0.0149281589082759,1.2909744872868127,0.725586256491825,1.7227688893335578,1.4566318141616184
64.0,28.0,1003.6841430664062,1.5264166200797986,3.063097861613356,-0.215819897253269,3.5490497273888275,-0.2048867388282806,1.0826619122252867,1.0511392207255632,-0.0170243374408754,3.2973942147249127,1.6821927523441609
64.0,28.0,1006.7684936523438,1.3436931167584212,2.9723827309808475,-0.6990999954194496,3.448097725237284,-0.2091829105316387,0.262391251339839,1.03385109722468,-0.0967344722036515,3.302876430253528,1.7245487486675914
64.0,28.0,1006.3912353515624,1.0823124156003283,3.145532408020725,0.0937498638335725,4.3492484902596935,-0.983369492477124,0.3045399617600217,1.0355153888892177,-0.6035785196627739,3.47882371336145,1.9749920545649893
64.0,28.0,1007.4940795898438,0.7074273547665301,3.268350191205145,0.5729788061116217,3.8633189355155975,-0.4749390994254758,0.4111408607787091,1.2023849991842197,1.0193314791710038,3.413186068867624,1.6516321116929182
64.0,28.0,1006.4755249023438,1.5373922129536688,3.032235559935451,0.6874268984749604,3.275338603754686,-0.2140326921908348,1.494799281789143,0.9278351614159914,0.1155832775990138,3.2730834620692755,1.8184178138756064
64.0,28.0,1005.9786376953124,1.1755166225902458,3.0139295819900664,-0.2417305383366287,3.616814653335077,-0.2729520402836232,1.8592848557108288,1.1177652924446315,0.1211451494947978,3.912459696901169,2.2316448068592054
64.0,28.0,1004.7403564453124,0.4804166552562906,3.142058809388116,-0.507253232726782,3.78275224637308,-0.5671588827166028,1.1261544357254607,1.4122039073154182,0.5007209311294231,3.503301094810195,1.926829920271378
64.0,28.0,1009.2369384765624,0.7719457450167173,3.067468518497742,0.1438674432862803,4.201429714841284,0.6009588464599838,1.2267336499088082,1.4269277437993857,0.4169023640793585,3.52345155282314,1.4499758682082091
64.0,28.0,1008.1492919921876,1.4986816122298836,2.989263902034488,0.1389946154927319,3.1896060624395304,-0.869416211686994,1.119021920540422,0.5584012801148004,0.0117905468584705,3.620020431449668,1.2188531740531752
64.0,28.0,1005.6001586914062,0.1781387739601991,2.8222566258346973,-1.2784227836424644,2.158820161725356,-1.3598118191510389,1.8033214309254848,1.4312019484559402,0.0812233307260337,2.5723035292130967,1.5728984824109573
64.0,28.0,1006.3341674804688,0.3888189065196371,3.19098221928363,-0.1105807418434687,1.6343787111994237,-0.2754166168800518,2.218191842362917,0.4045750418654998,0.1350956034985735,3.3569490268599536,2.403341908698976
64.0,28.0,1007.895263671875,1.3319244160992043,2.389288232099103,-0.2466958012974541,3.732761168548125,-0.1377479343680739,0.2240002656706234,1.5582169901547704,0.0645457230727531,2.3773398390282097,1.5798125068871829
64.0,29.0,1006.11962890625,-0.497682321193742,3.030567283483479,-0.5787679993007673,1.468996806504657,-1.102800242265915,1.463907549460452,-0.3849157258589892,0.1852476260815461,1.9192500309728429,0.8627286160848842
64.0,29.0,1008.3423461914062,0.6574661632444259,3.058962396496167,0.3046281244818326,3.55867348940954,0.801604907938918,1.1744825767938336,1.4961983921877635,0.1138585796299599,4.151368753567943,1.4094062044123434
64.0,29.0,1006.3142700195312,1.139511611358937,3.0694613868905667,-0.1653637898345447,3.4430469374271744,-0.2036379756711497,1.017926728273767,0.9696821854232316,-0.0703918319987118,3.339716178654164,1.1256383025099117
64.0,29.0,1007.6607055664062,0.7528112446894505,3.1522536284043383,-0.5665184005922115,4.045952050495025,-0.7945597910333166,1.105523864894017,1.0238977045891955,0.4141197744681694,3.4787713495883,1.956160436920028
64.0,29.0,1005.2555541992188,-0.5037094802039921,3.707585390221884,-0.3280569768488796,3.321070462527059,0.979043172621886,-0.4155761280008436,0.9565504599200948,0.2951346271246178,3.295787014291044,2.1819067114242974
64.0,29.0,1008.2530517578124,1.5270982961521142,2.378577058659652,-0.1300141971189669,3.4316988602336704,-0.3495752633471561,0.6940326962933131,0.758785861126745,0.0664492484260929,3.002636118435235,0.7040430065820917
64.0,29.0,1006.2119140625,0.4893625390202833,1.7795423029239368,-0.2283334970089545,3.1277989280704825,0.4981169607027755,1.141197769335064,2.5146578201478693,1.975507430672696,4.311031517865723,2.0922100116751228
64.0,29.0,1006.5108642578124,1.1685864152557035,2.7422863333485434,-0.1019311206427966,3.4927380014308915,-0.2862684911241392,1.1077000929173788,1.0805232300206655,0.6838549062987216,3.220790808114516,1.679788189972098
64.0,29.0,1008.4246215820312,1.0306819302751864,3.978509086906152,-0.0680788386015178,3.378456373520682,-0.8451638659231371,1.5906195187207983,1.179489484700602,-0.3513427378104889,3.2383958310983068,1.1620642248677684
64.0,29.0,1004.5355224609376,-0.2067583177486083,2.156645823399848,1.1237471826284795,3.780946817479548,-0.5114493991580722,1.3470285072754011,1.5426076556614716,0.9251629364195506,3.6326501297850458,1.193605314089168
64.0,29.0,1008.21923828125,-0.298219533117912,3.0185482192187125,0.285171031606693,2.599554216036076,0.2880969029957859,0.997517497305429,-0.590278083953078,0.2804241833235376,3.559147233411687,0.1670701598797905
64.0,29.0,1006.3345947265624,2.034042837590201,2.9125964116908234,-0.2024967773422643,3.3085072469478023,-0.07703122756074,0.9718660779238922,0.9340710653988924,1.2723474077259571,3.310849095998795,1.667239863445168
64.0,29.0,1007.4547729492188,1.43629090195749,3.110062472569856,-0.6944199584856007,3.302300007810594,0.2527122463629391,1.3830220275508731,1.1692670148495758,0.4543218612108505,3.286882813634093,1.9327433745059648
64.0,29.0,1005.8555297851562,0.0747060267511887,2.3930770738970044,0.203204090654355,2.721340942344091,-0.1101949552318505,1.5860054495117537,1.079938071505054,0.3060736121612265,1.762883173269604,1.6908510216610382
64.0,29.0,1006.9401245117188,0.3160040910179016,3.0759729087404613,-0.200197468624636,3.5888043003496293,-0.9660674827254084,0.9546154223424154,1.4035214690021385,0.5122053816003849,3.791949268408581,1.62902025464191
64.0,29.0,1006.5872802734376,0.2656690085363156,2.8994275720441487,-0.0359203097652873,2.439288483665521,-0.403613583524778,2.160790506390417,1.4511060060394816,0.484404972217794,3.372222679109396,2.807072668682597
64.0,29.0,1007.3650512695312,1.209770427187696,2.373663624502917,-0.922801461751769,3.522540163635104,-1.0583539604739505,1.3442077034450897,1.416473712663966,-0.0054601929838683,3.776563233416871,1.663920189206838
64.0,29.0,1005.5903930664062,1.0850608351254831,3.0729081885232894,-0.0173533722472141,2.6411138831518057,-0.5004146304737389,1.436460637911377,1.5780674897249076,1.4846329996870586,4.064692075809855,0.3497848194679321
64.0,29.0,1007.6295166015624,0.760632210368182,2.523489045540816,-0.6855887691901628,3.5657736665516566,0.317790458735649,0.3180960001700268,0.5613519826010546,0.3918729921785278,3.6392256882701166,1.6770418837070526
64.0,29.0,1005.7882080078124,1.930989912640924,2.5698273775009017,-0.4222718299406413,2.2647280101266523,-1.2334670620841697,1.1900713704557306,1.273633231737758,-0.0756089152430987,3.487418316929421,1.693288812527204
64.0,29.0,1007.544677734375,-0.2805326006232682,3.1038845231404446,-0.1870705914575828,3.988367848503743,-0.2562732772840708,1.540852333686741,0.7450130913541388,1.6656985897711236,2.857401366589688,0.9264712942409098
64.0,29.0,1004.8368530273438,-0.0192859539180938,3.1458012448024646,-0.4052589456220559,3.5837623621294377,-0.4446218579421889,1.004306573519272,1.0674916208430016,-0.1473208806064043,4.659302750457305,1.266183010783346
64.0,29.0,1005.0035400390624,1.488088734200528,3.2964916798764268,-0.081613556681665,3.4931910742310563,-0.4795947022471148,1.19443031097595,1.5983254058784726,0.3030366300005376,3.1093375136026897,1.3517079212642986
64.0,29.0,1006.1622924804688,0.004875918920975,3.104117364521483,-0.1086507334723188,3.699475480862376,-1.1661743499684296,0.9447187168156084,1.0372177013184494,-0.23489855012757,3.06256370413144,2.0617497904784594
64.0,29.0,1005.8321533203124,0.377814434290604,3.895551475372848,0.0535583373255332,3.414557908843645,-0.5334289284626546,0.985593986932181,0.7933330380200138,0.0535584523865163,3.290998620666775,1.0098828753892786
64.0,29.0,1008.1739501953124,1.6413635358121716,3.343269745080816,0.2019027360287677,3.5348093235497835,-0.1942484375916076,0.9530267104471426,1.1052031353316056,0.0297497040701961,3.35263353716934,1.512207743913377
64.0,29.0,1006.750732421875,1.4983206496546757,3.310143956253831,-0.0995478391109807,4.111181782258067,-0.0736615879452686,2.3151370482507234,0.654147595066203,0.6455422381112422,3.3493750202887504,1.9151768831651383
64.0,29.0,1006.7168579101562,0.1204298679930743,3.085935525868453,0.8580658568112781,3.592274291221228,-0.3026876319912296,0.1565363944635099,1.0514447856814313,-0.2629416767191692,3.256268088908417,1.6125018470484531
64.0,29.0,1007.5983276367188,1.5482154040419425,2.9535161130510263,-0.1128932416296287,3.439057840110067,0.3017498127166673,1.0384247332545418,1.1484799549481244,-0.0173585304203556,3.441021150704384,1.5914362828026998
64.0,29.0,1008.3200073242188,2.082632155369566,2.9665900511031333,-0.5922171144601804,3.123739287458194,-0.5464784812260914,1.0546875410348582,1.7687094042639275,-0.7124648449785488,4.354443591186314,1.295702474076481
64.0,29.0,1008.7456665039062,0.7842374151696674,3.139110540218078,-1.0288465257110313,4.029683831905636,-1.3903322969175846,1.2371820927852002,1.4843917965321436,0.1696485096970561,3.543699883918997,1.623176727318091
64.0,29.0,1009.4057006835938,0.0983884575867826,3.1515876749534466,-0.3302749667884251,3.494695052490905,-1.4401546793063933,1.3749239016717016,1.1363055114834428,0.2761023450053809,3.311923466658281,2.8576471315380942
64.0,29.0,1005.9246215820312,0.6600018304696809,2.208408201646309,-0.00906597507511,2.784505846876923,0.3472293972856342,1.7621845249117634,1.5973701590591634,0.780958497717289,3.692710282606984,1.0349967017159698
64.0,29.0,1007.9334716796876,1.1860174019719103,3.062699769325937,-0.5772754403344685,2.921296152802124,0.5203220957234284,1.220967665268109,0.7885410124274673,0.5750653020390918,3.2007527019435167,1.7099313399677305
64.0,29.0,1007.3814086914062,1.37501567893667,2.796826013722564,-0.2415181677679952,4.221335396971198,-0.2078968184580427,1.4898404207350833,1.5180200398342767,0.2547780929846841,3.338302295211076,1.023318751440718
64.0,29.0,1009.1370849609376,0.7879637964296875,2.86086798763516,-0.5492692136403832,4.005514871414867,-0.0617324199467006,1.6792155416662813,1.3839924198004556,-0.7535561677596783,2.5670537000092555,1.96755506025254
64.0,29.0,1005.1350708007812,0.1661038185710084,2.5390123143543657,2.0774916054569346,1.835614257140512,-1.5735118140693944,0.0393769710875324,1.5364656260845004,0.9512514490147672,2.833057723425437,1.6722709438483858
64.0,29.0,1007.6941528320312,-0.9191563805964992,-0.0739405032805775,1.058587782348256,2.5088568339158472,-0.4944091546357916,0.0149281589082759,1.2909744872868127,0.725586256491825,1.7227688893335578,1.4566318141616184
64.0,29.0,1003.6841430664062,1.5264166200797986,3.063097861613356,-0.215819897253269,3.5490497273888275,-0.2048867388282806,1.0826619122252867,1.0511392207255632,-0.0170243374408754,3.2973942147249127,1.6821927523441609
64.0,29.0,1006.7684936523438,1.3436931167584212,2.9723827309808475,-0.6990999954194496,3.448097725237284,-0.2091829105316387,0.262391251339839,1.03385109722468,-0.0967344722036515,3.302876430253528,1.7245487486675914
64.0,29.0,1006.3912353515624,1.0823124156003283,3.145532408020725,0.0937498638335725,4.3492484902596935,-0.983369492477124,0.3045399617600217,1.0355153888892177,-0.6035785196627739,3.47882371336145,1.9749920545649893
64.0,29.0,1007.2195434570312,1.107853528394951,3.1514934678575024,0.5847267682804803,3.806017392757778,-0.2413427680063064,0.957334503805197,1.2568837854488455,1.89889274064964,3.33260050331774,1.6834150055490549
64.0,29.0,1006.4755249023438,1.5373922129536688,3.032235559935451,0.6874268984749604,3.275338603754686,-0.2140326921908348,1.494799281789143,0.9278351614159914,0.1155832775990138,3.2730834620692755,1.8184178138756064
64.0,29.0,1005.9786376953124,1.1755166225902458,3.0139295819900664,-0.2417305383366287,3.616814653335077,-0.2729520402836232,1.8592848557108288,1.1177652924446315,0.1211451494947978,3.912459696901169,2.2316448068592054
64.0,29.0,1004.7403564453124,0.4804166552562906,3.142058809388116,-0.507253232726782,3.78275224637308,-0.5671588827166028,1.1261544357254607,1.4122039073154182,0.5007209311294231,3.503301094810195,1.926829920271378
64.0,29.0,1009.2369384765624,0.7719457450167173,3.067468518497742,0.1438674432862803,4.201429714841284,0.6009588464599838,1.2267336499088082,1.4269277437993857,0.4169023640793585,3.52345155282314,1.4499758682082091
64.0,29.0,1008.1492919921876,1.4986816122298836,2.989263902034488,0.1389946154927319,3.1896060624395304,-0.869416211686994,1.119021920540422,0.5584012801148004,0.0117905468584705,3.620020431449668,1.2188531740531752
64.0,29.0,1005.6001586914062,0.1781387739601991,2.8222566258346973,-1.2784227836424644,2.158820161725356,-1.3598118191510389,1.8033214309254848,1.4312019484559402,0.0812233307260337,2.5723035292130967,1.5728984824109573
64.0,29.0,1006.3341674804688,0.3888189065196371,3.19098221928363,-0.1105807418434687,1.6343787111994237,-0.2754166168800518,2.218191842362917,0.4045750418654998,0.1350956034985735,3.3569490268599536,2.403341908698976
64.0,29.0,1007.895263671875,1.3319244160992043,2.389288232099103,-0.2466958012974541,3.732761168548125,-0.1377479343680739,0.2240002656706234,1.5582169901547704,0.0645457230727531,2.3773398390282097,1.5798125068871829
64.0,30.0,1006.11962890625,-0.497682321193742,3.030567283483479,-0.5787679993007673,1.468996806504657,-1.102800242265915,1.463907549460452,-0.3849157258589892,0.1852476260815461,1.9192500309728429,0.8627286160848842
64.0,30.0,1008.3423461914062,0.6574661632444259,3.058962396496167,0.3046281244818326,3.55867348940954,0.801604907938918,1.1744825767938336,1.4961983921877635,0.1138585796299599,4.151368753567943,1.4094062044123434
64.0,30.0,1006.3142700195312,1.139511611358937,3.0694613868905667,-0.1653637898345447,3.4430469374271744,-0.2036379756711497,1.017926728273767,0.9696821854232316,-0.0703918319987118,3.339716178654164,1.1256383025099117
64.0,30.0,1007.6607055664062,0.7528112446894505,3.1522536284043383,-0.5665184005922115,4.045952050495025,-0.7945597910333166,1.105523864894017,1.0238977045891955,0.4141197744681694,3.4787713495883,1.956160436920028
64.0,30.0,1005.2555541992188,-0.5037094802039921,3.707585390221884,-0.3280569768488796,3.321070462527059,0.979043172621886,-0.4155761280008436,0.9565504599200948,0.2951346271246178,3.295787014291044,2.1819067114242974
64.0,30.0,1008.2530517578124,1.5270982961521142,2.378577058659652,-0.1300141971189669,3.4316988602336704,-0.3495752633471561,0.6940326962933131,0.758785861126745,0.0664492484260929,3.002636118435235,0.7040430065820917
64.0,30.0,1006.2119140625,0.4893625390202833,1.7795423029239368,-0.2283334970089545,3.1277989280704825,0.4981169607027755,1.141197769335064,2.5146578201478693,1.975507430672696,4.311031517865723,2.0922100116751228
64.0,30.0,1006.5108642578124,1.1685864152557035,2.7422863333485434,-0.1019311206427966,3.4927380014308915,-0.2862684911241392,1.1077000929173788,1.0805232300206655,0.6838549062987216,3.220790808114516,1.679788189972098
64.0,30.0,1008.4246215820312,1.0306819302751864,3.978509086906152,-0.0680788386015178,3.378456373520682,-0.8451638659231371,1.5906195187207983,1.179489484700602,-0.3513427378104889,3.2383958310983068,1.1620642248677684
64.0,30.0,1004.5355224609376,-0.2067583177486083,2.156645823399848,1.1237471826284795,3.780946817479548,-0.5114493991580722,1.3470285072754011,1.5426076556614716,0.9251629364195506,3.6326501297850458,1.193605314089168
64.0,30.0,1008.21923828125,-0.298219533117912,3.0185482192187125,0.285171031606693,2.599554216036076,0.2880969029957859,0.997517497305429,-0.590278083953078,0.2804241833235376,3.559147233411687,0.1670701598797905
64.0,30.0,1006.3345947265624,2.034042837590201,2.9125964116908234,-0.2024967773422643,3.3085072469478023,-0.07703122756074,0.9718660779238922,0.9340710653988924,1.2723474077259571,3.310849095998795,1.667239863445168
64.0,30.0,1007.4547729492188,1.43629090195749,3.110062472569856,-0.6944199584856007,3.302300007810594,0.2527122463629391,1.3830220275508731,1.1692670148495758,0.4543218612108505,3.286882813634093,1.9327433745059648
64.0,30.0,1005.8555297851562,0.0747060267511887,2.3930770738970044,0.203204090654355,2.721340942344091,-0.1101949552318505,1.5860054495117537,1.079938071505054,0.3060736121612265,1.762883173269604,1.6908510216610382
64.0,30.0,1006.9401245117188,0.3160040910179016,3.0759729087404613,-0.200197468624636,3.5888043003496293,-0.9660674827254084,0.9546154223424154,1.4035214690021385,0.5122053816003849,3.791949268408581,1.62902025464191
64.0,30.0,1006.5872802734376,0.2656690085363156,2.8994275720441487,-0.0359203097652873,2.439288483665521,-0.403613583524778,2.160790506390417,1.4511060060394816,0.484404972217794,3.372222679109396,2.807072668682597
64.0,30.0,1007.3650512695312,1.209770427187696,2.373663624502917,-0.922801461751769,3.522540163635104,-1.0583539604739505,1.3442077034450897,1.416473712663966,-0.0054601929838683,3.776563233416871,1.663920189206838
64.0,30.0,1005.5903930664062,1.0850608351254831,3.0729081885232894,-0.0173533722472141,2.6411138831518057,-0.5004146304737389,1.436460637911377,1.5780674897249076,1.4846329996870586,4.064692075809855,0.3497848194679321
64.0,30.0,1007.6295166015624,0.760632210368182,2.523489045540816,-0.6855887691901628,3.5657736665516566,0.317790458735649,0.3180960001700268,0.5613519826010546,0.3918729921785278,3.6392256882701166,1.6770418837070526
64.0,30.0,1005.7882080078124,1.930989912640924,2.5698273775009017,-0.4222718299406413,2.2647280101266523,-1.2334670620841697,1.1900713704557306,1.273633231737758,-0.0756089152430987,3.487418316929421,1.693288812527204
64.0,30.0,1007.544677734375,-0.2805326006232682,3.1038845231404446,-0.1870705914575828,3.988367848503743,-0.2562732772840708,1.540852333686741,0.7450130913541388,1.6656985897711236,2.857401366589688,0.9264712942409098
64.0,30.0,1004.8368530273438,-0.0192859539180938,3.1458012448024646,-0.4052589456220559,3.5837623621294377,-0.4446218579421889,1.004306573519272,1.0674916208430016,-0.1473208806064043,4.659302750457305,1.266183010783346
64.0,30.0,1005.0035400390624,1.488088734200528,3.2964916798764268,-0.081613556681665,3.4931910742310563,-0.4795947022471148,1.19443031097595,1.5983254058784726,0.3030366300005376,3.1093375136026897,1.3517079212642986
64.0,30.0,1006.1622924804688,0.004875918920975,3.104117364521483,-0.1086507334723188,3.699475480862376,-1.1661743499684296,0.9447187168156084,1.0372177013184494,-0.23489855012757,3.06256370413144,2.0617497904784594
64.0,30.0,1005.8321533203124,0.377814434290604,3.895551475372848,0.0535583373255332,3.414557908843645,-0.5334289284626546,0.985593986932181,0.7933330380200138,0.0535584523865163,3.290998620666775,1.0098828753892786
64.0,30.0,1008.1739501953124,1.6413635358121716,3.343269745080816,0.2019027360287677,3.5348093235497835,-0.1942484375916076,0.9530267104471426,1.1052031353316056,0.0297497040701961,3.35263353716934,1.512207743913377
64.0,30.0,1006.750732421875,1.4983206496546757,3.310143956253831,-0.0995478391109807,4.111181782258067,-0.0736615879452686,2.3151370482507234,0.654147595066203,0.6455422381112422,3.3493750202887504,1.9151768831651383
64.0,30.0,1006.7168579101562,0.1204298679930743,3.085935525868453,0.8580658568112781,3.592274291221228,-0.3026876319912296,0.1565363944635099,1.0514447856814313,-0.2629416767191692,3.256268088908417,1.6125018470484531
64.0,30.0,1007.5983276367188,1.5482154040419425,2.9535161130510263,-0.1128932416296287,3.439057840110067,0.3017498127166673,1.0384247332545418,1.1484799549481244,-0.0173585304203556,3.441021150704384,1.5914362828026998
64.0,30.0,1008.3200073242188,2.082632155369566,2.9665900511031333,-0.5922171144601804,3.123739287458194,-0.5464784812260914,1.0546875410348582,1.7687094042639275,-0.7124648449785488,4.354443591186314,1.295702474076481
64.0,30.0,1008.7456665039062,0.7842374151696674,3.139110540218078,-1.0288465257110313,4.029683831905636,-1.3903322969175846,1.2371820927852002,1.4843917965321436,0.1696485096970561,3.543699883918997,1.623176727318091
64.0,30.0,1009.4057006835938,0.0983884575867826,3.1515876749534466,-0.3302749667884251,3.494695052490905,-1.4401546793063933,1.3749239016717016,1.1363055114834428,0.2761023450053809,3.311923466658281,2.8576471315380942
64.0,30.0,1005.9246215820312,0.6600018304696809,2.208408201646309,-0.00906597507511,2.784505846876923,0.3472293972856342,1.7621845249117634,1.5973701590591634,0.780958497717289,3.692710282606984,1.0349967017159698
64.0,30.0,1007.9334716796876,1.1860174019719103,3.062699769325937,-0.5772754403344685,2.921296152802124,0.5203220957234284,1.220967665268109,0.7885410124274673,0.5750653020390918,3.2007527019435167,1.7099313399677305
64.0,30.0,1007.3814086914062,1.37501567893667,2.796826013722564,-0.2415181677679952,4.221335396971198,-0.2078968184580427,1.4898404207350833,1.5180200398342767,0.2547780929846841,3.338302295211076,1.023318751440718
64.0,30.0,1009.033935546875,0.7907948968280503,2.661427459447934,-0.5268160144191615,4.287006405019467,-0.1130135817789936,1.2681326125998775,1.2705267445638435,-0.3852123558156371,1.947299356546571,2.472532782050432
64.0,30.0,1005.1350708007812,0.1661038185710084,2.5390123143543657,2.0774916054569346,1.835614257140512,-1.5735118140693944,0.0393769710875324,1.5364656260845004,0.9512514490147672,2.833057723425437,1.6722709438483858
64.0,30.0,1007.6941528320312,-0.9191563805964992,-0.0739405032805775,1.058587782348256,2.5088568339158472,-0.4944091546357916,0.0149281589082759,1.2909744872868127,0.725586256491825,1.7227688893335578,1.4566318141616184
64.0,30.0,1003.6841430664062,1.5264166200797986,3.063097861613356,-0.215819897253269,3.5490497273888275,-0.2048867388282806,1.0826619122252867,1.0511392207255632,-0.0170243374408754,3.2973942147249127,1.6821927523441609
64.0,30.0,1006.7684936523438,1.3436931167584212,2.9723827309808475,-0.6990999954194496,3.448097725237284,-0.2091829105316387,0.262391251339839,1.03385109722468,-0.0967344722036515,3.302876430253528,1.7245487486675914
64.0,30.0,1006.3912353515624,1.0823124156003283,3.145532408020725,0.0937498638335725,4.3492484902596935,-0.983369492477124,0.3045399617600217,1.0355153888892177,-0.6035785196627739,3.47882371336145,1.9749920545649893
64.0,30.0,1007.2195434570312,1.107853528394951,3.1514934678575024,0.5847267682804803,3.806017392757778,-0.2413427680063064,0.957334503805197,1.2568837854488455,1.89889274064964,3.33260050331774,1.6834150055490549
64.0,30.0,1006.4755249023438,1.5373922129536688,3.032235559935451,0.6874268984749604,3.275338603754686,-0.2140326921908348,1.494799281789143,0.9278351614159914,0.1155832775990138,3.2730834620692755,1.8184178138756064
64.0,30.0,1005.9786376953124,1.1755166225902458,3.0139295819900664,-0.2417305383366287,3.616814653335077,-0.2729520402836232,1.8592848557108288,1.1177652924446315,0.1211451494947978,3.912459696901169,2.2316448068592054
64.0,30.0,1004.7403564453124,0.4804166552562906,3.142058809388116,-0.507253232726782,3.78275224637308,-0.5671588827166028,1.1261544357254607,1.4122039073154182,0.5007209311294231,3.503301094810195,1.926829920271378
64.0,30.0,1009.2369384765624,0.7719457450167173,3.067468518497742,0.1438674432862803,4.201429714841284,0.6009588464599838,1.2267336499088082,1.4269277437993857,0.4169023640793585,3.52345155282314,1.4499758682082091
64.0,30.0,1008.1492919921876,1.4986816122298836,2.989263902034488,0.1389946154927319,3.1896060624395304,-0.869416211686994,1.119021920540422,0.5584012801148004,0.0117905468584705,3.620020431449668,1.2188531740531752
64.0,30.0,1005.6001586914062,0.1781387739601991,2.8222566258346973,-1.2784227836424644,2.158820161725356,-1.3598118191510389,1.8033214309254848,1.4312019484559402,0.0812233307260337,2.5723035292130967,1.5728984824109573
64.0,30.0,1006.3341674804688,0.3888189065196371,3.19098221928363,-0.1105807418434687,1.6343787111994237,-0.2754166168800518,2.218191842362917,0.4045750418654998,0.1350956034985735,3.3569490268599536,2.403341908698976
64.0,30.0,1007.895263671875,1.3319244160992043,2.389288232099103,-0.2466958012974541,3.732761168548125,-0.1377479343680739,0.2240002656706234,1.5582169901547704,0.0645457230727531,2.3773398390282097,1.5798125068871829
64.0,31.0,1006.11962890625,-0.497682321193742,3.030567283483479,-0.5787679993007673,1.468996806504657,-1.102800242265915,1.463907549460452,-0.3849157258589892,0.1852476260815461,1.9192500309728429,0.8627286160848842
64.0,31.0,1008.3423461914062,0.6574661632444259,3.058962396496167,0.3046281244818326,3.55867348940954,0.801604907938918,1.1744825767938336,1.4961983921877635,0.1138585796299599,4.151368753567943,1.4094062044123434
64.0,31.0,1006.3142700195312,1.139511611358937,3.0694613868905667,-0.1653637898345447,3.4430469374271744,-0.2036379756711497,1.017926728273767,0.9696821854232316,-0.0703918319987118,3.339716178654164,1.1256383025099117
64.0,31.0,1007.6607055664062,0.7528112446894505,3.1522536284043383,-0.5665184005922115,4.045952050495025,-0.7945597910333166,1.105523864894017,1.0238977045891955,0.4141197744681694,3.4787713495883,1.956160436920028
64.0,31.0,1005.2555541992188,-0.5037094802039921,3.707585390221884,-0.3280569768488796,3.321070462527059,0.979043172621886,-0.4155761280008436,0.9565504599200948,0.2951346271246178,3.295787014291044,2.1819067114242974
64.0,31.0,1008.2530517578124,1.5270982961521142,2.378577058659652,-0.1300141971189669,3.4316988602336704,-0.3495752633471561,0.6940326962933131,0.758785861126745,0.0664492484260929,3.002636118435235,0.7040430065820917
64.0,31.0,1006.2119140625,0.4893625390202833,1.7795423029239368,-0.2283334970089545,3.1277989280704825,0.4981169607027755,1.141197769335064,2.5146578201478693,1.975507430672696,4.311031517865723,2.0922100116751228
64.0,31.0,1006.5108642578124,1.1685864152557035,2.7422863333485434,-0.1019311206427966,3.4927380014308915,-0.2862684911241392,1.1077000929173788,1.0805232300206655,0.6838549062987216,3.220790808114516,1.679788189972098
64.0,31.0,1008.4246215820312,1.0306819302751864,3.978509086906152,-0.0680788386015178,3.378456373520682,-0.8451638659231371,1.5906195187207983,1.179489484700602,-0.3513427378104889,3.2383958310983068,1.1620642248677684
64.0,31.0,1004.5355224609376,-0.2067583177486083,2.156645823399848,1.1237471826284795,3.780946817479548,-0.5114493991580722,1.3470285072754011,1.5426076556614716,0.9251629364195506,3.6326501297850458,1.193605314089168
64.0,31.0,1008.21923828125,-0.298219533117912,3.0185482192187125,0.285171031606693,2.599554216036076,0.2880969029957859,0.997517497305429,-0.590278083953078,0.2804241833235376,3.559147233411687,0.1670701598797905
64.0,31.0,1006.3345947265624,2.034042837590201,2.9125964116908234,-0.2024967773422643,3.3085072469478023,-0.07703122756074,0.9718660779238922,0.9340710653988924,1.2723474077259571,3.310849095998795,1.667239863445168
64.0,31.0,1007.4547729492188,1.43629090195749,3.110062472569856,-0.6944199584856007,3.302300007810594,0.2527122463629391,1.3830220275508731,1.1692670148495758,0.4543218612108505,3.286882813634093,1.9327433745059648
64.0,31.0,1005.8555297851562,0.0747060267511887,2.3930770738970044,0.203204090654355,2.721340942344091,-0.1101949552318505,1.5860054495117537,1.079938071505054,0.3060736121612265,1.762883173269604,1.6908510216610382
64.0,31.0,1006.9401245117188,0.3160040910179016,3.0759729087404613,-0.200197468624636,3.5888043003496293,-0.9660674827254084,0.9546154223424154,1.4035214690021385,0.5122053816003849,3.791949268408581,1.62902025464191
64.0,31.0,1006.5872802734376,0.2656690085363156,2.8994275720441487,-0.0359203097652873,2.439288483665521,-0.403613583524778,2.160790506390417,1.4511060060394816,0.484404972217794,3.372222679109396,2.807072668682597
64.0,31.0,1007.3650512695312,1.209770427187696,2.373663624502917,-0.922801461751769,3.522540163635104,-1.0583539604739505,1.3442077034450897,1.416473712663966,-0.0054601929838683,3.776563233416871,1.663920189206838
64.0,31.0,1005.5903930664062,1.0850608351254831,3.0729081885232894,-0.0173533722472141,2.6411138831518057,-0.5004146304737389,1.436460637911377,1.5780674897249076,1.4846329996870586,4.064692075809855,0.3497848194679321
64.0,31.0,1007.6295166015624,0.760632210368182,2.523489045540816,-0.6855887691901628,3.5657736665516566,0.317790458735649,0.3180960001700268,0.5613519826010546,0.3918729921785278,3.6392256882701166,1.6770418837070526
64.0,31.0,1005.7882080078124,1.930989912640924,2.5698273775009017,-0.4222718299406413,2.2647280101266523,-1.2334670620841697,1.1900713704557306,1.273633231737758,-0.0756089152430987,3.487418316929421,1.693288812527204
64.0,31.0,1007.544677734375,-0.2805326006232682,3.1038845231404446,-0.1870705914575828,3.988367848503743,-0.2562732772840708,1.540852333686741,0.7450130913541388,1.6656985897711236,2.857401366589688,0.9264712942409098
64.0,31.0,1004.8368530273438,-0.0192859539180938,3.1458012448024646,-0.4052589456220559,3.5837623621294377,-0.4446218579421889,1.004306573519272,1.0674916208430016,-0.1473208806064043,4.659302750457305,1.266183010783346
64.0,31.0,1005.0035400390624,1.488088734200528,3.2964916798764268,-0.081613556681665,3.4931910742310563,-0.4795947022471148,1.19443031097595,1.5983254058784726,0.3030366300005376,3.1093375136026897,1.3517079212642986
64.0,31.0,1006.1622924804688,0.004875918920975,3.104117364521483,-0.1086507334723188,3.699475480862376,-1.1661743499684296,0.9447187168156084,1.0372177013184494,-0.23489855012757,3.06256370413144,2.0617497904784594
64.0,31.0,1005.8321533203124,0.377814434290604,3.895551475372848,0.0535583373255332,3.414557908843645,-0.5334289284626546,0.985593986932181,0.7933330380200138,0.0535584523865163,3.290998620666775,1.0098828753892786
64.0,31.0,1008.1739501953124,1.6413635358121716,3.343269745080816,0.2019027360287677,3.5348093235497835,-0.1942484375916076,0.9530267104471426,1.1052031353316056,0.0297497040701961,3.35263353716934,1.512207743913377
64.0,31.0,1006.750732421875,1.4983206496546757,3.310143956253831,-0.0995478391109807,4.111181782258067,-0.0736615879452686,2.3151370482507234,0.654147595066203,0.6455422381112422,3.3493750202887504,1.9151768831651383
64.0,31.0,1005.9476318359376,0.0416259073064684,3.056620648095169,0.9059087932371556,3.541676985417584,-0.4558259587305865,-0.3150494321593007,1.05123482986649,-0.0994281152615595,3.238383279985208,1.6565234082160285
64.0,31.0,1007.5983276367188,1.5482154040419425,2.9535161130510263,-0.1128932416296287,3.439057840110067,0.3017498127166673,1.0384247332545418,1.1484799549481244,-0.0173585304203556,3.441021150704384,1.5914362828026998
64.0,31.0,1008.3200073242188,2.082632155369566,2.9665900511031333,-0.5922171144601804,3.123739287458194,-0.5464784812260914,1.0546875410348582,1.7687094042639275,-0.7124648449785488,4.354443591186314,1.295702474076481
64.0,31.0,1008.7456665039062,0.7842374151696674,3.139110540218078,-1.0288465257110313,4.029683831905636,-1.3903322969175846,1.2371820927852002,1.4843917965321436,0.1696485096970561,3.543699883918997,1.623176727318091
64.0,31.0,1009.4057006835938,0.0983884575867826,3.1515876749534466,-0.3302749667884251,3.494695052490905,-1.4401546793063933,1.3749239016717016,1.1363055114834428,0.2761023450053809,3.311923466658281,2.8576471315380942
64.0,31.0,1005.9246215820312,0.6600018304696809,2.208408201646309,-0.00906597507511,2.784505846876923,0.3472293972856342,1.7621845249117634,1.5973701590591634,0.780958497717289,3.692710282606984,1.0349967017159698
64.0,31.0,1007.9334716796876,1.1860174019719103,3.062699769325937,-0.5772754403344685,2.921296152802124,0.5203220957234284,1.220967665268109,0.7885410124274673,0.5750653020390918,3.2007527019435167,1.7099313399677305
64.0,31.0,1007.3814086914062,1.37501567893667,2.796826013722564,-0.2415181677679952,4.221335396971198,-0.2078968184580427,1.4898404207350833,1.5180200398342767,0.2547780929846841,3.338302295211076,1.023318751440718
64.0,31.0,1009.033935546875,0.7907948968280503,2.661427459447934,-0.5268160144191615,4.287006405019467,-0.1130135817789936,1.2681326125998775,1.2705267445638435,-0.3852123558156371,1.947299356546571,2.472532782050432
64.0,31.0,1005.1350708007812,0.1661038185710084,2.5390123143543657,2.0774916054569346,1.835614257140512,-1.5735118140693944,0.0393769710875324,1.5364656260845004,0.9512514490147672,2.833057723425437,1.6722709438483858
64.0,31.0,1007.6941528320312,-0.9191563805964992,-0.0739405032805775,1.058587782348256,2.5088568339158472,-0.4944091546357916,0.0149281589082759,1.2909744872868127,0.725586256491825,1.7227688893335578,1.4566318141616184
64.0,31.0,1003.6841430664062,1.5264166200797986,3.063097861613356,-0.215819897253269,3.5490497273888275,-0.2048867388282806,1.0826619122252867,1.0511392207255632,-0.0170243374408754,3.2973942147249127,1.6821927523441609
64.0,31.0,1006.7684936523438,1.3436931167584212,2.9723827309808475,-0.6990999954194496,3.448097725237284,-0.2091829105316387,0.262391251339839,1.03385109722468,-0.0967344722036515,3.302876430253528,1.7245487486675914
64.0,31.0,1006.3912353515624,1.0823124156003283,3.145532408020725,0.0937498638335725,4.3492484902596935,-0.983369492477124,0.3045399617600217,1.0355153888892177,-0.6035785196627739,3.47882371336145,1.9749920545649893
64.0,31.0,1007.2195434570312,1.107853528394951,3.1514934678575024,0.5847267682804803,3.806017392757778,-0.2413427680063064,0.957334503805197,1.2568837854488455,1.89889274064964,3.33260050331774,1.6834150055490549
64.0,31.0,1006.4755249023438,1.5373922129536688,3.032235559935451,0.6874268984749604,3.275338603754686,-0.2140326921908348,1.494799281789143,0.9278351614159914,0.1155832775990138,3.2730834620692755,1.8184178138756064
64.0,31.0,1005.9786376953124,1.1755166225902458,3.0139295819900664,-0.2417305383366287,3.616814653335077,-0.2729520402836232,1.8592848557108288,1.1177652924446315,0.1211451494947978,3.912459696901169,2.2316448068592054
64.0,31.0,1004.7403564453124,0.4804166552562906,3.142058809388116,-0.507253232726782,3.78275224637308,-0.5671588827166028,1.1261544357254607,1.4122039073154182,0.5007209311294231,3.503301094810195,1.926829920271378
64.0,31.0,1009.2369384765624,0.7719457450167173,3.067468518497742,0.1438674432862803,4.201429714841284,0.6009588464599838,1.2267336499088082,1.4269277437993857,0.4169023640793585,3.52345155282314,1.4499758682082091
64.0,31.0,1008.1492919921876,1.4986816122298836,2.989263902034488,0.1389946154927319,3.1896060624395304,-0.869416211686994,1.119021920540422,0.5584012801148004,0.0117905468584705,3.620020431449668,1.2188531740531752
64.0,31.0,1005.6001586914062,0.1781387739601991,2.8222566258346973,-1.2784227836424644,2.158820161725356,-1.3598118191510389,1.8033214309254848,1.4312019484559402,0.0812233307260337,2.5723035292130967,1.5728984824109573
64.0,31.0,1006.3341674804688,0.3888189065196371,3.19098221928363,-0.1105807418434687,1.6343787111994237,-0.2754166168800518,2.218191842362917,0.4045750418654998,0.1350956034985735,3.3569490268599536,2.403341908698976
64.0,31.0,1007.895263671875,1.3319244160992043,2.389288232099103,-0.2466958012974541,3.732761168548125,-0.1377479343680739,0.2240002656706234,1.5582169901547704,0.0645457230727531,2.3773398390282097,1.5798125068871829
64.0,32.0,1006.11962890625,-0.497682321193742,3.030567283483479,-0.5787679993007673,1.468996806504657,-1.102800242265915,1.463907549460452,-0.3849157258589892,0.1852476260815461,1.9192500309728429,0.8627286160848842
64.0,32.0,1008.3423461914062,0.6574661632444259,3.058962396496167,0.3046281244818326,3.55867348940954,0.801604907938918,1.1744825767938336,1.4961983921877635,0.1138585796299599,4.151368753567943,1.4094062044123434
64.0,32.0,1006.3142700195312,1.139511611358937,3.0694613868905667,-0.1653637898345447,3.4430469374271744,-0.2036379756711497,1.017926728273767,0.9696821854232316,-0.0703918319987118,3.339716178654164,1.1256383025099117
64.0,32.0,1007.6607055664062,0.7528112446894505,3.1522536284043383,-0.5665184005922115,4.045952050495025,-0.7945597910333166,1.105523864894017,1.0238977045891955,0.4141197744681694,3.4787713495883,1.956160436920028
64.0,32.0,1005.2555541992188,-0.5037094802039921,3.707585390221884,-0.3280569768488796,3.321070462527059,0.979043172621886,-0.4155761280008436,0.9565504599200948,0.2951346271246178,3.295787014291044,2.1819067114242974
64.0,32.0,1008.2530517578124,1.5270982961521142,2.378577058659652,-0.1300141971189669,3.4316988602336704,-0.3495752633471561,0.6940326962933131,0.758785861126745,0.0664492484260929,3.002636118435235,0.7040430065820917
64.0,32.0,1006.2119140625,0.4893625390202833,1.7795423029239368,-0.2283334970089545,3.1277989280704825,0.4981169607027755,1.141197769335064,2.5146578201478693,1.975507430672696,4.311031517865723,2.0922100116751228
64.0,32.0,1006.5108642578124,1.1685864152557035,2.7422863333485434,-0.1019311206427966,3.4927380014308915,-0.2862684911241392,1.1077000929173788,1.0805232300206655,0.6838549062987216,3.220790808114516,1.679788189972098
64.0,32.0,1008.4246215820312,1.0306819302751864,3.978509086906152,-0.0680788386015178,3.378456373520682,-0.8451638659231371,1.5906195187207983,1.179489484700602,-0.3513427378104889,3.2383958310983068,1.1620642248677684
64.0,32.0,1004.5355224609376,-0.2067583177486083,2.156645823399848,1.1237471826284795,3.780946817479548,-0.5114493991580722,1.3470285072754011,1.5426076556614716,0.9251629364195506,3.6326501297850458,1.193605314089168
64.0,32.0,1008.21923828125,-0.298219533117912,3.0185482192187125,0.285171031606693,2.599554216036076,0.2880969029957859,0.997517497305429,-0.590278083953078,0.2804241833235376,3.559147233411687,0.1670701598797905
64.0,32.0,1006.3345947265624,2.034042837590201,2.9125964116908234,-0.2024967773422643,3.3085072469478023,-0.07703122756074,0.9718660779238922,0.9340710653988924,1.2723474077259571,3.310849095998795,1.667239863445168
64.0,32.0,1007.4547729492188,1.43629090195749,3.110062472569856,-0.6944199584856007,3.302300007810594,0.2527122463629391,1.3830220275508731,1.1692670148495758,0.4543218612108505,3.286882813634093,1.9327433745059648
64.0,32.0,1005.8555297851562,0.0747060267511887,2.3930770738970044,0.203204090654355,2.721340942344091,-0.1101949552318505,1.5860054495117537,1.079938071505054,0.3060736121612265,1.762883173269604,1.6908510216610382
64.0,32.0,1006.9401245117188,0.3160040910179016,3.0759729087404613,-0.200197468624636,3.5888043003496293,-0.9660674827254084,0.9546154223424154,1.4035214690021385,0.5122053816003849,3.791949268408581,1.62902025464191
64.0,32.0,1006.5872802734376,0.2656690085363156,2.8994275720441487,-0.0359203097652873,2.439288483665521,-0.403613583524778,2.160790506390417,1.4511060060394816,0.484404972217794,3.372222679109396,2.807072668682597
64.0,32.0,1006.9229125976562,0.9773504019739024,2.740919523925674,-0.7208675711544004,3.4951392537713284,-0.5533562906214642,1.57964222441972,1.7092041256231807,-0.0059608132761654,3.048427825623034,1.6695635226820276
64.0,32.0,1005.5903930664062,1.0850608351254831,3.0729081885232894,-0.0173533722472141,2.6411138831518057,-0.5004146304737389,1.436460637911377,1.5780674897249076,1.4846329996870586,4.064692075809855,0.3497848194679321
64.0,32.0,1007.6295166015624,0.760632210368182,2.523489045540816,-0.6855887691901628,3.5657736665516566,0.317790458735649,0.3180960001700268,0.5613519826010546,0.3918729921785278,3.6392256882701166,1.6770418837070526
64.0,32.0,1005.7882080078124,1.930989912640924,2.5698273775009017,-0.4222718299406413,2.2647280101266523,-1.2334670620841697,1.1900713704557306,1.273633231737758,-0.0756089152430987,3.487418316929421,1.693288812527204
64.0,32.0,1007.544677734375,-0.2805326006232682,3.1038845231404446,-0.1870705914575828,3.988367848503743,-0.2562732772840708,1.540852333686741,0.7450130913541388,1.6656985897711236,2.857401366589688,0.9264712942409098
64.0,32.0,1004.8368530273438,-0.0192859539180938,3.1458012448024646,-0.4052589456220559,3.5837623621294377,-0.4446218579421889,1.004306573519272,1.0674916208430016,-0.1473208806064043,4.659302750457305,1.266183010783346
64.0,32.0,1005.0035400390624,1.488088734200528,3.2964916798764268,-0.081613556681665,3.4931910742310563,-0.4795947022471148,1.19443031097595,1.5983254058784726,0.3030366300005376,3.1093375136026897,1.3517079212642986
64.0,32.0,1006.1622924804688,0.004875918920975,3.104117364521483,-0.1086507334723188,3.699475480862376,-1.1661743499684296,0.9447187168156084,1.0372177013184494,-0.23489855012757,3.06256370413144,2.0617497904784594
64.0,32.0,1005.8321533203124,0.377814434290604,3.895551475372848,0.0535583373255332,3.414557908843645,-0.5334289284626546,0.985593986932181,0.7933330380200138,0.0535584523865163,3.290998620666775,1.0098828753892786
64.0,32.0,1008.1739501953124,1.6413635358121716,3.343269745080816,0.2019027360287677,3.5348093235497835,-0.1942484375916076,0.9530267104471426,1.1052031353316056,0.0297497040701961,3.35263353716934,1.512207743913377
64.0,32.0,1006.750732421875,1.4983206496546757,3.310143956253831,-0.0995478391109807,4.111181782258067,-0.0736615879452686,2.3151370482507234,0.654147595066203,0.6455422381112422,3.3493750202887504,1.9151768831651383
64.0,32.0,1005.9476318359376,0.0416259073064684,3.056620648095169,0.9059087932371556,3.541676985417584,-0.4558259587305865,-0.3150494321593007,1.05123482986649,-0.0994281152615595,3.238383279985208,1.6565234082160285
64.0,32.0,1007.5983276367188,1.5482154040419425,2.9535161130510263,-0.1128932416296287,3.439057840110067,0.3017498127166673,1.0384247332545418,1.1484799549481244,-0.0173585304203556,3.441021150704384,1.5914362828026998
64.0,32.0,1008.3200073242188,2.082632155369566,2.9665900511031333,-0.5922171144601804,3.123739287458194,-0.5464784812260914,1.0546875410348582,1.7687094042639275,-0.7124648449785488,4.354443591186314,1.295702474076481
64.0,32.0,1008.7456665039062,0.7842374151696674,3.139110540218078,-1.0288465257110313,4.029683831905636,-1.3903322969175846,1.2371820927852002,1.4843917965321436,0.1696485096970561,3.543699883918997,1.623176727318091
64.0,32.0,1009.4057006835938,0.0983884575867826,3.1515876749534466,-0.3302749667884251,3.494695052490905,-1.4401546793063933,1.3749239016717016,1.1363055114834428,0.2761023450053809,3.311923466658281,2.8576471315380942
64.0,32.0,1005.9246215820312,0.6600018304696809,2.208408201646309,-0.00906597507511,2.784505846876923,0.3472293972856342,1.7621845249117634,1.5973701590591634,0.780958497717289,3.692710282606984,1.0349967017159698
64.0,32.0,1007.9334716796876,1.1860174019719103,3.062699769325937,-0.5772754403344685,2.921296152802124,0.5203220957234284,1.220967665268109,0.7885410124274673,0.5750653020390918,3.2007527019435167,1.7099313399677305
64.0,32.0,1007.3814086914062,1.37501567893667,2.796826013722564,-0.2415181677679952,4.221335396971198,-0.2078968184580427,1.4898404207350833,1.5180200398342767,0.2547780929846841,3.338302295211076,1.023318751440718
64.0,32.0,1009.033935546875,0.7907948968280503,2.661427459447934,-0.5268160144191615,4.287006405019467,-0.1130135817789936,1.2681326125998775,1.2705267445638435,-0.3852123558156371,1.947299356546571,2.472532782050432
64.0,32.0,1005.1350708007812,0.1661038185710084,2.5390123143543657,2.0774916054569346,1.835614257140512,-1.5735118140693944,0.0393769710875324,1.5364656260845004,0.9512514490147672,2.833057723425437,1.6722709438483858
64.0,32.0,1007.6941528320312,-0.9191563805964992,-0.0739405032805775,1.058587782348256,2.5088568339158472,-0.4944091546357916,0.0149281589082759,1.2909744872868127,0.725586256491825,1.7227688893335578,1.4566318141616184
64.0,32.0,1003.6841430664062,1.5264166200797986,3.063097861613356,-0.215819897253269,3.5490497273888275,-0.2048867388282806,1.0826619122252867,1.0511392207255632,-0.0170243374408754,3.2973942147249127,1.6821927523441609
64.0,32.0,1006.7684936523438,1.3436931167584212,2.9723827309808475,-0.6990999954194496,3.448097725237284,-0.2091829105316387,0.262391251339839,1.03385109722468,-0.0967344722036515,3.302876430253528,1.7245487486675914
64.0,32.0,1006.3912353515624,1.0823124156003283,3.145532408020725,0.0937498638335725,4.3492484902596935,-0.983369492477124,0.3045399617600217,1.0355153888892177,-0.6035785196627739,3.47882371336145,1.9749920545649893
64.0,32.0,1007.2195434570312,1.107853528394951,3.1514934678575024,0.5847267682804803,3.806017392757778,-0.2413427680063064,0.957334503805197,1.2568837854488455,1.89889274064964,3.33260050331774,1.6834150055490549
64.0,32.0,1006.4755249023438,1.5373922129536688,3.032235559935451,0.6874268984749604,3.275338603754686,-0.2140326921908348,1.494799281789143,0.9278351614159914,0.1155832775990138,3.2730834620692755,1.8184178138756064
64.0,32.0,1005.9786376953124,1.1755166225902458,3.0139295819900664,-0.2417305383366287,3.616814653335077,-0.2729520402836232,1.8592848557108288,1.1177652924446315,0.1211451494947978,3.912459696901169,2.2316448068592054
64.0,32.0,1004.7403564453124,0.4804166552562906,3.142058809388116,-0.507253232726782,3.78275224637308,-0.5671588827166028,1.1261544357254607,1.4122039073154182,0.5007209311294231,3.503301094810195,1.926829920271378
64.0,32.0,1009.2369384765624,0.7719457450167173,3.067468518497742,0.1438674432862803,4.201429714841284,0.6009588464599838,1.2267336499088082,1.4269277437993857,0.4169023640793585,3.52345155282314,1.4499758682082091
64.0,32.0,1008.1492919921876,1.4986816122298836,2.989263902034488,0.1389946154927319,3.1896060624395304,-0.869416211686994,1.119021920540422,0.5584012801148004,0.0117905468584705,3.620020431449668,1.2188531740531752
64.0,32.0,1005.6001586914062,0.1781387739601991,2.8222566258346973,-1.2784227836424644,2.158820161725356,-1.3598118191510389,1.8033214309254848,1.4312019484559402,0.0812233307260337,2.5723035292130967,1.5728984824109573
64.0,32.0,1006.3341674804688,0.3888189065196371,3.19098221928363,-0.1105807418434687,1.6343787111994237,-0.2754166168800518,2.218191842362917,0.4045750418654998,0.1350956034985735,3.3569490268599536,2.403341908698976
64.0,32.0,1007.895263671875,1.3319244160992043,2.389288232099103,-0.2466958012974541,3.732761168548125,-0.1377479343680739,0.2240002656706234,1.5582169901547704,0.0645457230727531,2.3773398390282097,1.5798125068871829
64.0,33.0,1006.11962890625,-0.497682321193742,3.030567283483479,-0.5787679993007673,1.468996806504657,-1.102800242265915,1.463907549460452,-0.3849157258589892,0.1852476260815461,1.9192500309728429,0.8627286160848842
64.0,33.0,1008.2119750976562,0.2295182395249504,3.0576822426853543,0.3467954752061961,3.5586452951576746,0.6381026335546871,1.251121008597775,0.7184820511575087,0.0030532445906716,3.6499651406658056,1.3191647467111327
64.0,33.0,1006.3142700195312,1.139511611358937,3.0694613868905667,-0.1653637898345447,3.4430469374271744,-0.2036379756711497,1.017926728273767,0.9696821854232316,-0.0703918319987118,3.339716178654164,1.1256383025099117
64.0,33.0,1007.6607055664062,0.7528112446894505,3.1522536284043383,-0.5665184005922115,4.045952050495025,-0.7945597910333166,1.105523864894017,1.0238977045891955,0.4141197744681694,3.4787713495883,1.956160436920028
64.0,33.0,1005.2555541992188,-0.5037094802039921,3.707585390221884,-0.3280569768488796,3.321070462527059,0.979043172621886,-0.4155761280008436,0.9565504599200948,0.2951346271246178,3.295787014291044,2.1819067114242974
64.0,33.0,1008.2530517578124,1.5270982961521142,2.378577058659652,-0.1300141971189669,3.4316988602336704,-0.3495752633471561,0.6940326962933131,0.758785861126745,0.0664492484260929,3.002636118435235,0.7040430065820917
64.0,33.0,1006.2119140625,0.4893625390202833,1.7795423029239368,-0.2283334970089545,3.1277989280704825,0.4981169607027755,1.141197769335064,2.5146578201478693,1.975507430672696,4.311031517865723,2.0922100116751228
64.0,33.0,1006.5108642578124,1.1685864152557035,2.7422863333485434,-0.1019311206427966,3.4927380014308915,-0.2862684911241392,1.1077000929173788,1.0805232300206655,0.6838549062987216,3.220790808114516,1.679788189972098
64.0,33.0,1008.4246215820312,1.0306819302751864,3.978509086906152,-0.0680788386015178,3.378456373520682,-0.8451638659231371,1.5906195187207983,1.179489484700602,-0.3513427378104889,3.2383958310983068,1.1620642248677684
64.0,33.0,1004.5355224609376,-0.2067583177486083,2.156645823399848,1.1237471826284795,3.780946817479548,-0.5114493991580722,1.3470285072754011,1.5426076556614716,0.9251629364195506,3.6326501297850458,1.193605314089168
64.0,33.0,1008.21923828125,-0.298219533117912,3.0185482192187125,0.285171031606693,2.599554216036076,0.2880969029957859,0.997517497305429,-0.590278083953078,0.2804241833235376,3.559147233411687,0.1670701598797905
64.0,33.0,1006.3345947265624,2.034042837590201,2.9125964116908234,-0.2024967773422643,3.3085072469478023,-0.07703122756074,0.9718660779238922,0.9340710653988924,1.2723474077259571,3.310849095998795,1.667239863445168
64.0,33.0,1007.4547729492188,1.43629090195749,3.110062472569856,-0.6944199584856007,3.302300007810594,0.2527122463629391,1.3830220275508731,1.1692670148495758,0.4543218612108505,3.286882813634093,1.9327433745059648
64.0,33.0,1005.8555297851562,0.0747060267511887,2.3930770738970044,0.203204090654355,2.721340942344091,-0.1101949552318505,1.5860054495117537,1.079938071505054,0.3060736121612265,1.762883173269604,1.6908510216610382
64.0,33.0,1006.9401245117188,0.3160040910179016,3.0759729087404613,-0.200197468624636,3.5888043003496293,-0.9660674827254084,0.9546154223424154,1.4035214690021385,0.5122053816003849,3.791949268408581,1.62902025464191
64.0,33.0,1006.5872802734376,0.2656690085363156,2.8994275720441487,-0.0359203097652873,2.439288483665521,-0.403613583524778,2.160790506390417,1.4511060060394816,0.484404972217794,3.372222679109396,2.807072668682597
64.0,33.0,1006.9229125976562,0.9773504019739024,2.740919523925674,-0.7208675711544004,3.4951392537713284,-0.5533562906214642,1.57964222441972,1.7092041256231807,-0.0059608132761654,3.048427825623034,1.6695635226820276
64.0,33.0,1005.5903930664062,1.0850608351254831,3.0729081885232894,-0.0173533722472141,2.6411138831518057,-0.5004146304737389,1.436460637911377,1.5780674897249076,1.4846329996870586,4.064692075809855,0.3497848194679321
64.0,33.0,1007.6295166015624,0.760632210368182,2.523489045540816,-0.6855887691901628,3.5657736665516566,0.317790458735649,0.3180960001700268,0.5613519826010546,0.3918729921785278,3.6392256882701166,1.6770418837070526
64.0,33.0,1005.7882080078124,1.930989912640924,2.5698273775009017,-0.4222718299406413,2.2647280101266523,-1.2334670620841697,1.1900713704557306,1.273633231737758,-0.0756089152430987,3.487418316929421,1.693288812527204
64.0,33.0,1007.544677734375,-0.2805326006232682,3.1038845231404446,-0.1870705914575828,3.988367848503743,-0.2562732772840708,1.540852333686741,0.7450130913541388,1.6656985897711236,2.857401366589688,0.9264712942409098
64.0,33.0,1004.8368530273438,-0.0192859539180938,3.1458012448024646,-0.4052589456220559,3.5837623621294377,-0.4446218579421889,1.004306573519272,1.0674916208430016,-0.1473208806064043,4.659302750457305,1.266183010783346
64.0,33.0,1005.0035400390624,1.488088734200528,3.2964916798764268,-0.081613556681665,3.4931910742310563,-0.4795947022471148,1.19443031097595,1.5983254058784726,0.3030366300005376,3.1093375136026897,1.3517079212642986
64.0,33.0,1006.1622924804688,0.004875918920975,3.104117364521483,-0.1086507334723188,3.699475480862376,-1.1661743499684296,0.9447187168156084,1.0372177013184494,-0.23489855012757,3.06256370413144,2.0617497904784594
64.0,33.0,1005.8321533203124,0.377814434290604,3.895551475372848,0.0535583373255332,3.414557908843645,-0.5334289284626546,0.985593986932181,0.7933330380200138,0.0535584523865163,3.290998620666775,1.0098828753892786
64.0,33.0,1008.1739501953124,1.6413635358121716,3.343269745080816,0.2019027360287677,3.5348093235497835,-0.1942484375916076,0.9530267104471426,1.1052031353316056,0.0297497040701961,3.35263353716934,1.512207743913377
64.0,33.0,1006.750732421875,1.4983206496546757,3.310143956253831,-0.0995478391109807,4.111181782258067,-0.0736615879452686,2.3151370482507234,0.654147595066203,0.6455422381112422,3.3493750202887504,1.9151768831651383
64.0,33.0,1005.9476318359376,0.0416259073064684,3.056620648095169,0.9059087932371556,3.541676985417584,-0.4558259587305865,-0.3150494321593007,1.05123482986649,-0.0994281152615595,3.238383279985208,1.6565234082160285
64.0,33.0,1007.5983276367188,1.5482154040419425,2.9535161130510263,-0.1128932416296287,3.439057840110067,0.3017498127166673,1.0384247332545418,1.1484799549481244,-0.0173585304203556,3.441021150704384,1.5914362828026998
64.0,33.0,1008.3200073242188,2.082632155369566,2.9665900511031333,-0.5922171144601804,3.123739287458194,-0.5464784812260914,1.0546875410348582,1.7687094042639275,-0.7124648449785488,4.354443591186314,1.295702474076481
64.0,33.0,1008.7456665039062,0.7842374151696674,3.139110540218078,-1.0288465257110313,4.029683831905636,-1.3903322969175846,1.2371820927852002,1.4843917965321436,0.1696485096970561,3.543699883918997,1.623176727318091
64.0,33.0,1009.4057006835938,0.0983884575867826,3.1515876749534466,-0.3302749667884251,3.494695052490905,-1.4401546793063933,1.3749239016717016,1.1363055114834428,0.2761023450053809,3.311923466658281,2.8576471315380942
64.0,33.0,1005.9246215820312,0.6600018304696809,2.208408201646309,-0.00906597507511,2.784505846876923,0.3472293972856342,1.7621845249117634,1.5973701590591634,0.780958497717289,3.692710282606984,1.0349967017159698
64.0,33.0,1007.9334716796876,1.1860174019719103,3.062699769325937,-0.5772754403344685,2.921296152802124,0.5203220957234284,1.220967665268109,0.7885410124274673,0.5750653020390918,3.2007527019435167,1.7099313399677305
64.0,33.0,1007.3814086914062,1.37501567893667,2.796826013722564,-0.2415181677679952,4.221335396971198,-0.2078968184580427,1.4898404207350833,1.5180200398342767,0.2547780929846841,3.338302295211076,1.023318751440718
64.0,33.0,1009.033935546875,0.7907948968280503,2.661427459447934,-0.5268160144191615,4.287006405019467,-0.1130135817789936,1.2681326125998775,1.2705267445638435,-0.3852123558156371,1.947299356546571,2.472532782050432
64.0,33.0,1005.1350708007812,0.1661038185710084,2.5390123143543657,2.0774916054569346,1.835614257140512,-1.5735118140693944,0.0393769710875324,1.5364656260845004,0.9512514490147672,2.833057723425437,1.6722709438483858
64.0,33.0,1007.6941528320312,-0.9191563805964992,-0.0739405032805775,1.058587782348256,2.5088568339158472,-0.4944091546357916,0.0149281589082759,1.2909744872868127,0.725586256491825,1.7227688893335578,1.4566318141616184
64.0,33.0,1003.6841430664062,1.5264166200797986,3.063097861613356,-0.215819897253269,3.5490497273888275,-0.2048867388282806,1.0826619122252867,1.0511392207255632,-0.0170243374408754,3.2973942147249127,1.6821927523441609
64.0,33.0,1006.7684936523438,1.3436931167584212,2.9723827309808475,-0.6990999954194496,3.448097725237284,-0.2091829105316387,0.262391251339839,1.03385109722468,-0.0967344722036515,3.302876430253528,1.7245487486675914
64.0,33.0,1006.3912353515624,1.0823124156003283,3.145532408020725,0.0937498638335725,4.3492484902596935,-0.983369492477124,0.3045399617600217,1.0355153888892177,-0.6035785196627739,3.47882371336145,1.9749920545649893
64.0,33.0,1007.2195434570312,1.107853528394951,3.1514934678575024,0.5847267682804803,3.806017392757778,-0.2413427680063064,0.957334503805197,1.2568837854488455,1.89889274064964,3.33260050331774,1.6834150055490549
64.0,33.0,1006.4755249023438,1.5373922129536688,3.032235559935451,0.6874268984749604,3.275338603754686,-0.2140326921908348,1.494799281789143,0.9278351614159914,0.1155832775990138,3.2730834620692755,1.8184178138756064
64.0,33.0,1005.9786376953124,1.1755166225902458,3.0139295819900664,-0.2417305383366287,3.616814653335077,-0.2729520402836232,1.8592848557108288,1.1177652924446315,0.1211451494947978,3.912459696901169,2.2316448068592054
64.0,33.0,1004.7403564453124,0.4804166552562906,3.142058809388116,-0.507253232726782,3.78275224637308,-0.5671588827166028,1.1261544357254607,1.4122039073154182,0.5007209311294231,3.503301094810195,1.926829920271378
64.0,33.0,1009.2369384765624,0.7719457450167173,3.067468518497742,0.1438674432862803,4.201429714841284,0.6009588464599838,1.2267336499088082,1.4269277437993857,0.4169023640793585,3.52345155282314,1.4499758682082091
64.0,33.0,1008.1492919921876,1.4986816122298836,2.989263902034488,0.1389946154927319,3.1896060624395304,-0.869416211686994,1.119021920540422,0.5584012801148004,0.0117905468584705,3.620020431449668,1.2188531740531752
64.0,33.0,1005.6001586914062,0.1781387739601991,2.8222566258346973,-1.2784227836424644,2.158820161725356,-1.3598118191510389,1.8033214309254848,1.4312019484559402,0.0812233307260337,2.5723035292130967,1.5728984824109573
64.0,33.0,1006.3341674804688,0.3888189065196371,3.19098221928363,-0.1105807418434687,1.6343787111994237,-0.2754166168800518,2.218191842362917,0.4045750418654998,0.1350956034985735,3.3569490268599536,2.403341908698976
64.0,33.0,1007.895263671875,1.3319244160992043,2.389288232099103,-0.2466958012974541,3.732761168548125,-0.1377479343680739,0.2240002656706234,1.5582169901547704,0.0645457230727531,2.3773398390282097,1.5798125068871829
64.0,34.0,1006.11962890625,-0.497682321193742,3.030567283483479,-0.5787679993007673,1.468996806504657,-1.102800242265915,1.463907549460452,-0.3849157258589892,0.1852476260815461,1.9192500309728429,0.8627286160848842
64.0,34.0,1008.2119750976562,0.2295182395249504,3.0576822426853543,0.3467954752061961,3.5586452951576746,0.6381026335546871,1.251121008597775,0.7184820511575087,0.0030532445906716,3.6499651406658056,1.3191647467111327
64.0,34.0,1006.3142700195312,1.139511611358937,3.0694613868905667,-0.1653637898345447,3.4430469374271744,-0.2036379756711497,1.017926728273767,0.9696821854232316,-0.0703918319987118,3.339716178654164,1.1256383025099117
64.0,34.0,1007.6607055664062,0.7528112446894505,3.1522536284043383,-0.5665184005922115,4.045952050495025,-0.7945597910333166,1.105523864894017,1.0238977045891955,0.4141197744681694,3.4787713495883,1.956160436920028
64.0,34.0,1005.2555541992188,-0.5037094802039921,3.707585390221884,-0.3280569768488796,3.321070462527059,0.979043172621886,-0.4155761280008436,0.9565504599200948,0.2951346271246178,3.295787014291044,2.1819067114242974
64.0,34.0,1008.2530517578124,1.5270982961521142,2.378577058659652,-0.1300141971189669,3.4316988602336704,-0.3495752633471561,0.6940326962933131,0.758785861126745,0.0664492484260929,3.002636118435235,0.7040430065820917
64.0,34.0,1006.2119140625,0.4893625390202833,1.7795423029239368,-0.2283334970089545,3.1277989280704825,0.4981169607027755,1.141197769335064,2.5146578201478693,1.975507430672696,4.311031517865723,2.0922100116751228
64.0,34.0,1006.5108642578124,1.1685864152557035,2.7422863333485434,-0.1019311206427966,3.4927380014308915,-0.2862684911241392,1.1077000929173788,1.0805232300206655,0.6838549062987216,3.220790808114516,1.679788189972098
64.0,34.0,1008.4246215820312,1.0306819302751864,3.978509086906152,-0.0680788386015178,3.378456373520682,-0.8451638659231371,1.5906195187207983,1.179489484700602,-0.3513427378104889,3.2383958310983068,1.1620642248677684
64.0,34.0,1004.5355224609376,-0.2067583177486083,2.156645823399848,1.1237471826284795,3.780946817479548,-0.5114493991580722,1.3470285072754011,1.5426076556614716,0.9251629364195506,3.6326501297850458,1.193605314089168
64.0,34.0,1008.21923828125,-0.298219533117912,3.0185482192187125,0.285171031606693,2.599554216036076,0.2880969029957859,0.997517497305429,-0.590278083953078,0.2804241833235376,3.559147233411687,0.1670701598797905
64.0,34.0,1006.3345947265624,2.034042837590201,2.9125964116908234,-0.2024967773422643,3.3085072469478023,-0.07703122756074,0.9718660779238922,0.9340710653988924,1.2723474077259571,3.310849095998795,1.667239863445168
64.0,34.0,1007.4547729492188,1.43629090195749,3.110062472569856,-0.6944199584856007,3.302300007810594,0.2527122463629391,1.3830220275508731,1.1692670148495758,0.4543218612108505,3.286882813634093,1.9327433745059648
64.0,34.0,1005.8555297851562,0.0747060267511887,2.3930770738970044,0.203204090654355,2.721340942344091,-0.1101949552318505,1.5860054495117537,1.079938071505054,0.3060736121612265,1.762883173269604,1.6908510216610382
64.0,34.0,1006.9401245117188,0.3160040910179016,3.0759729087404613,-0.200197468624636,3.5888043003496293,-0.9660674827254084,0.9546154223424154,1.4035214690021385,0.5122053816003849,3.791949268408581,1.62902025464191
64.0,34.0,1006.5872802734376,0.2656690085363156,2.8994275720441487,-0.0359203097652873,2.439288483665521,-0.403613583524778,2.160790506390417,1.4511060060394816,0.484404972217794,3.372222679109396,2.807072668682597
64.0,34.0,1006.9229125976562,0.9773504019739024,2.740919523925674,-0.7208675711544004,3.4951392537713284,-0.5533562906214642,1.57964222441972,1.7092041256231807,-0.0059608132761654,3.048427825623034,1.6695635226820276
64.0,34.0,1005.5903930664062,1.0850608351254831,3.0729081885232894,-0.0173533722472141,2.6411138831518057,-0.5004146304737389,1.436460637911377,1.5780674897249076,1.4846329996870586,4.064692075809855,0.3497848194679321
64.0,34.0,1007.6295166015624,0.760632210368182,2.523489045540816,-0.6855887691901628,3.5657736665516566,0.317790458735649,0.3180960001700268,0.5613519826010546,0.3918729921785278,3.6392256882701166,1.6770418837070526
64.0,34.0,1005.7882080078124,1.930989912640924,2.5698273775009017,-0.4222718299406413,2.2647280101266523,-1.2334670620841697,1.1900713704557306,1.273633231737758,-0.0756089152430987,3.487418316929421,1.693288812527204
64.0,34.0,1007.544677734375,-0.2805326006232682,3.1038845231404446,-0.1870705914575828,3.988367848503743,-0.2562732772840708,1.540852333686741,0.7450130913541388,1.6656985897711236,2.857401366589688,0.9264712942409098
64.0,34.0,1004.8368530273438,-0.0192859539180938,3.1458012448024646,-0.4052589456220559,3.5837623621294377,-0.4446218579421889,1.004306573519272,1.0674916208430016,-0.1473208806064043,4.659302750457305,1.266183010783346
64.0,34.0,1005.0035400390624,1.488088734200528,3.2964916798764268,-0.081613556681665,3.4931910742310563,-0.4795947022471148,1.19443031097595,1.5983254058784726,0.3030366300005376,3.1093375136026897,1.3517079212642986
64.0,34.0,1005.6852416992188,1.2499511299324857,3.114938998617727,-0.120748307078449,3.5116358364440505,-1.444135019735279,1.078936544639041,1.0534340933650794,-0.1897722319095695,3.584328767139105,1.8579468178984029
64.0,34.0,1005.8321533203124,0.377814434290604,3.895551475372848,0.0535583373255332,3.414557908843645,-0.5334289284626546,0.985593986932181,0.7933330380200138,0.0535584523865163,3.290998620666775,1.0098828753892786
64.0,34.0,1008.1739501953124,1.6413635358121716,3.343269745080816,0.2019027360287677,3.5348093235497835,-0.1942484375916076,0.9530267104471426,1.1052031353316056,0.0297497040701961,3.35263353716934,1.512207743913377
64.0,34.0,1006.750732421875,1.4983206496546757,3.310143956253831,-0.0995478391109807,4.111181782258067,-0.0736615879452686,2.3151370482507234,0.654147595066203,0.6455422381112422,3.3493750202887504,1.9151768831651383
64.0,34.0,1005.9476318359376,0.0416259073064684,3.056620648095169,0.9059087932371556,3.541676985417584,-0.4558259587305865,-0.3150494321593007,1.05123482986649,-0.0994281152615595,3.238383279985208,1.6565234082160285
64.0,34.0,1007.5983276367188,1.5482154040419425,2.9535161130510263,-0.1128932416296287,3.439057840110067,0.3017498127166673,1.0384247332545418,1.1484799549481244,-0.0173585304203556,3.441021150704384,1.5914362828026998
64.0,34.0,1008.3200073242188,2.082632155369566,2.9665900511031333,-0.5922171144601804,3.123739287458194,-0.5464784812260914,1.0546875410348582,1.7687094042639275,-0.7124648449785488,4.354443591186314,1.295702474076481
64.0,34.0,1008.7456665039062,0.7842374151696674,3.139110540218078,-1.0288465257110313,4.029683831905636,-1.3903322969175846,1.2371820927852002,1.4843917965321436,0.1696485096970561,3.543699883918997,1.623176727318091
64.0,34.0,1009.4057006835938,0.0983884575867826,3.1515876749534466,-0.3302749667884251,3.494695052490905,-1.4401546793063933,1.3749239016717016,1.1363055114834428,0.2761023450053809,3.311923466658281,2.8576471315380942
64.0,34.0,1005.9246215820312,0.6600018304696809,2.208408201646309,-0.00906597507511,2.784505846876923,0.3472293972856342,1.7621845249117634,1.5973701590591634,0.780958497717289,3.692710282606984,1.0349967017159698
64.0,34.0,1007.9334716796876,1.1860174019719103,3.062699769325937,-0.5772754403344685,2.921296152802124,0.5203220957234284,1.220967665268109,0.7885410124274673,0.5750653020390918,3.2007527019435167,1.7099313399677305
64.0,34.0,1007.3814086914062,1.37501567893667,2.796826013722564,-0.2415181677679952,4.221335396971198,-0.2078968184580427,1.4898404207350833,1.5180200398342767,0.2547780929846841,3.338302295211076,1.023318751440718
64.0,34.0,1009.033935546875,0.7907948968280503,2.661427459447934,-0.5268160144191615,4.287006405019467,-0.1130135817789936,1.2681326125998775,1.2705267445638435,-0.3852123558156371,1.947299356546571,2.472532782050432
64.0,34.0,1005.1350708007812,0.1661038185710084,2.5390123143543657,2.0774916054569346,1.835614257140512,-1.5735118140693944,0.0393769710875324,1.5364656260845004,0.9512514490147672,2.833057723425437,1.6722709438483858
64.0,34.0,1007.6941528320312,-0.9191563805964992,-0.0739405032805775,1.058587782348256,2.5088568339158472,-0.4944091546357916,0.0149281589082759,1.2909744872868127,0.725586256491825,1.7227688893335578,1.4566318141616184
64.0,34.0,1003.6841430664062,1.5264166200797986,3.063097861613356,-0.215819897253269,3.5490497273888275,-0.2048867388282806,1.0826619122252867,1.0511392207255632,-0.0170243374408754,3.2973942147249127,1.6821927523441609
64.0,34.0,1006.7684936523438,1.3436931167584212,2.9723827309808475,-0.6990999954194496,3.448097725237284,-0.2091829105316387,0.262391251339839,1.03385109722468,-0.0967344722036515,3.302876430253528,1.7245487486675914
64.0,34.0,1006.3912353515624,1.0823124156003283,3.145532408020725,0.0937498638335725,4.3492484902596935,-0.983369492477124,0.3045399617600217,1.0355153888892177,-0.6035785196627739,3.47882371336145,1.9749920545649893
64.0,34.0,1007.2195434570312,1.107853528394951,3.1514934678575024,0.5847267682804803,3.806017392757778,-0.2413427680063064,0.957334503805197,1.2568837854488455,1.89889274064964,3.33260050331774,1.6834150055490549
64.0,34.0,1006.4755249023438,1.5373922129536688,3.032235559935451,0.6874268984749604,3.275338603754686,-0.2140326921908348,1.494799281789143,0.9278351614159914,0.1155832775990138,3.2730834620692755,1.8184178138756064
64.0,34.0,1005.9786376953124,1.1755166225902458,3.0139295819900664,-0.2417305383366287,3.616814653335077,-0.2729520402836232,1.8592848557108288,1.1177652924446315,0.1211451494947978,3.912459696901169,2.2316448068592054
64.0,34.0,1004.7403564453124,0.4804166552562906,3.142058809388116,-0.507253232726782,3.78275224637308,-0.5671588827166028,1.1261544357254607,1.4122039073154182,0.5007209311294231,3.503301094810195,1.926829920271378
64.0,34.0,1009.2369384765624,0.7719457450167173,3.067468518497742,0.1438674432862803,4.201429714841284,0.6009588464599838,1.2267336499088082,1.4269277437993857,0.4169023640793585,3.52345155282314,1.4499758682082091
64.0,34.0,1008.1492919921876,1.4986816122298836,2.989263902034488,0.1389946154927319,3.1896060624395304,-0.869416211686994,1.119021920540422,0.5584012801148004,0.0117905468584705,3.620020431449668,1.2188531740531752
64.0,34.0,1005.6001586914062,0.1781387739601991,2.8222566258346973,-1.2784227836424644,2.158820161725356,-1.3598118191510389,1.8033214309254848,1.4312019484559402,0.0812233307260337,2.5723035292130967,1.5728984824109573
64.0,34.0,1006.3341674804688,0.3888189065196371,3.19098221928363,-0.1105807418434687,1.6343787111994237,-0.2754166168800518,2.218191842362917,0.4045750418654998,0.1350956034985735,3.3569490268599536,2.403341908698976
64.0,34.0,1007.895263671875,1.3319244160992043,2.389288232099103,-0.2466958012974541,3.732761168548125,-0.1377479343680739,0.2240002656706234,1.5582169901547704,0.0645457230727531,2.3773398390282097,1.5798125068871829
64.0,35.0,1006.11962890625,-0.497682321193742,3.030567283483479,-0.5787679993007673,1.468996806504657,-1.102800242265915,1.463907549460452,-0.3849157258589892,0.1852476260815461,1.9192500309728429,0.8627286160848842
64.0,35.0,1008.2119750976562,0.2295182395249504,3.0576822426853543,0.3467954752061961,3.5586452951576746,0.6381026335546871,1.251121008597775,0.7184820511575087,0.0030532445906716,3.6499651406658056,1.3191647467111327
64.0,35.0,1006.3142700195312,1.139511611358937,3.0694613868905667,-0.1653637898345447,3.4430469374271744,-0.2036379756711497,1.017926728273767,0.9696821854232316,-0.0703918319987118,3.339716178654164,1.1256383025099117
64.0,35.0,1007.6607055664062,0.7528112446894505,3.1522536284043383,-0.5665184005922115,4.045952050495025,-0.7945597910333166,1.105523864894017,1.0238977045891955,0.4141197744681694,3.4787713495883,1.956160436920028
64.0,35.0,1005.2555541992188,-0.5037094802039921,3.707585390221884,-0.3280569768488796,3.321070462527059,0.979043172621886,-0.4155761280008436,0.9565504599200948,0.2951346271246178,3.295787014291044,2.1819067114242974
64.0,35.0,1008.2530517578124,1.5270982961521142,2.378577058659652,-0.1300141971189669,3.4316988602336704,-0.3495752633471561,0.6940326962933131,0.758785861126745,0.0664492484260929,3.002636118435235,0.7040430065820917
64.0,35.0,1006.2119140625,0.4893625390202833,1.7795423029239368,-0.2283334970089545,3.1277989280704825,0.4981169607027755,1.141197769335064,2.5146578201478693,1.975507430672696,4.311031517865723,2.0922100116751228
64.0,35.0,1006.5108642578124,1.1685864152557035,2.7422863333485434,-0.1019311206427966,3.4927380014308915,-0.2862684911241392,1.1077000929173788,1.0805232300206655,0.6838549062987216,3.220790808114516,1.679788189972098
64.0,35.0,1007.9924926757812,1.1304915359682637,4.2256386911715,-0.1397065042772326,3.3138439181342862,-0.2594859333120968,1.224257591352554,0.951273481078933,-0.2382050104252313,3.2816847651646595,1.422045957820127
64.0,35.0,1004.5355224609376,-0.2067583177486083,2.156645823399848,1.1237471826284795,3.780946817479548,-0.5114493991580722,1.3470285072754011,1.5426076556614716,0.9251629364195506,3.6326501297850458,1.193605314089168
64.0,35.0,1008.21923828125,-0.298219533117912,3.0185482192187125,0.285171031606693,2.599554216036076,0.2880969029957859,0.997517497305429,-0.590278083953078,0.2804241833235376,3.559147233411687,0.1670701598797905
64.0,35.0,1006.3345947265624,2.034042837590201,2.9125964116908234,-0.2024967773422643,3.3085072469478023,-0.07703122756074,0.9718660779238922,0.9340710653988924,1.2723474077259571,3.310849095998795,1.667239863445168
64.0,35.0,1007.4547729492188,1.43629090195749,3.110062472569856,-0.6944199584856007,3.302300007810594,0.2527122463629391,1.3830220275508731,1.1692670148495758,0.4543218612108505,3.286882813634093,1.9327433745059648
64.0,35.0,1005.8555297851562,0.0747060267511887,2.3930770738970044,0.203204090654355,2.721340942344091,-0.1101949552318505,1.5860054495117537,1.079938071505054,0.3060736121612265,1.762883173269604,1.6908510216610382
64.0,35.0,1005.079833984375,0.8078773908434,3.0635542735379326,-0.2222773718837908,3.644619233544741,-0.0438507735814526,1.4232936018416082,0.7302359461628485,0.463335757005806,3.131559441489576,1.6311643300045815
64.0,35.0,1006.5872802734376,0.2656690085363156,2.8994275720441487,-0.0359203097652873,2.439288483665521,-0.403613583524778,2.160790506390417,1.4511060060394816,0.484404972217794,3.372222679109396,2.807072668682597
64.0,35.0,1006.9229125976562,0.9773504019739024,2.740919523925674,-0.7208675711544004,3.4951392537713284,-0.5533562906214642,1.57964222441972,1.7092041256231807,-0.0059608132761654,3.048427825623034,1.6695635226820276
64.0,35.0,1005.5903930664062,1.0850608351254831,3.0729081885232894,-0.0173533722472141,2.6411138831518057,-0.5004146304737389,1.436460637911377,1.5780674897249076,1.4846329996870586,4.064692075809855,0.3497848194679321
64.0,35.0,1007.6295166015624,0.760632210368182,2.523489045540816,-0.6855887691901628,3.5657736665516566,0.317790458735649,0.3180960001700268,0.5613519826010546,0.3918729921785278,3.6392256882701166,1.6770418837070526
64.0,35.0,1005.7882080078124,1.930989912640924,2.5698273775009017,-0.4222718299406413,2.2647280101266523,-1.2334670620841697,1.1900713704557306,1.273633231737758,-0.0756089152430987,3.487418316929421,1.693288812527204
64.0,35.0,1007.544677734375,-0.2805326006232682,3.1038845231404446,-0.1870705914575828,3.988367848503743,-0.2562732772840708,1.540852333686741,0.7450130913541388,1.6656985897711236,2.857401366589688,0.9264712942409098
64.0,35.0,1004.8368530273438,-0.0192859539180938,3.1458012448024646,-0.4052589456220559,3.5837623621294377,-0.4446218579421889,1.004306573519272,1.0674916208430016,-0.1473208806064043,4.659302750457305,1.266183010783346
64.0,35.0,1005.0035400390624,1.488088734200528,3.2964916798764268,-0.081613556681665,3.4931910742310563,-0.4795947022471148,1.19443031097595,1.5983254058784726,0.3030366300005376,3.1093375136026897,1.3517079212642986
64.0,35.0,1005.6852416992188,1.2499511299324857,3.114938998617727,-0.120748307078449,3.5116358364440505,-1.444135019735279,1.078936544639041,1.0534340933650794,-0.1897722319095695,3.584328767139105,1.8579468178984029
64.0,35.0,1005.8321533203124,0.377814434290604,3.895551475372848,0.0535583373255332,3.414557908843645,-0.5334289284626546,0.985593986932181,0.7933330380200138,0.0535584523865163,3.290998620666775,1.0098828753892786
64.0,35.0,1008.1739501953124,1.6413635358121716,3.343269745080816,0.2019027360287677,3.5348093235497835,-0.1942484375916076,0.9530267104471426,1.1052031353316056,0.0297497040701961,3.35263353716934,1.512207743913377
64.0,35.0,1006.750732421875,1.4983206496546757,3.310143956253831,-0.0995478391109807,4.111181782258067,-0.0736615879452686,2.3151370482507234,0.654147595066203,0.6455422381112422,3.3493750202887504,1.9151768831651383
64.0,35.0,1005.9476318359376,0.0416259073064684,3.056620648095169,0.9059087932371556,3.541676985417584,-0.4558259587305865,-0.3150494321593007,1.05123482986649,-0.0994281152615595,3.238383279985208,1.6565234082160285
64.0,35.0,1007.5983276367188,1.5482154040419425,2.9535161130510263,-0.1128932416296287,3.439057840110067,0.3017498127166673,1.0384247332545418,1.1484799549481244,-0.0173585304203556,3.441021150704384,1.5914362828026998
64.0,35.0,1008.3200073242188,2.082632155369566,2.9665900511031333,-0.5922171144601804,3.123739287458194,-0.5464784812260914,1.0546875410348582,1.7687094042639275,-0.7124648449785488,4.354443591186314,1.295702474076481
64.0,35.0,1008.7456665039062,0.7842374151696674,3.139110540218078,-1.0288465257110313,4.029683831905636,-1.3903322969175846,1.2371820927852002,1.4843917965321436,0.1696485096970561,3.543699883918997,1.623176727318091
64.0,35.0,1009.4057006835938,0.0983884575867826,3.1515876749534466,-0.3302749667884251,3.494695052490905,-1.4401546793063933,1.3749239016717016,1.1363055114834428,0.2761023450053809,3.311923466658281,2.8576471315380942
64.0,35.0,1005.9246215820312,0.6600018304696809,2.208408201646309,-0.00906597507511,2.784505846876923,0.3472293972856342,1.7621845249117634,1.5973701590591634,0.780958497717289,3.692710282606984,1.0349967017159698
64.0,35.0,1007.9334716796876,1.1860174019719103,3.062699769325937,-0.5772754403344685,2.921296152802124,0.5203220957234284,1.220967665268109,0.7885410124274673,0.5750653020390918,3.2007527019435167,1.7099313399677305
64.0,35.0,1007.3814086914062,1.37501567893667,2.796826013722564,-0.2415181677679952,4.221335396971198,-0.2078968184580427,1.4898404207350833,1.5180200398342767,0.2547780929846841,3.338302295211076,1.023318751440718
64.0,35.0,1009.033935546875,0.7907948968280503,2.661427459447934,-0.5268160144191615,4.287006405019467,-0.1130135817789936,1.2681326125998775,1.2705267445638435,-0.3852123558156371,1.947299356546571,2.472532782050432
64.0,35.0,1005.1350708007812,0.1661038185710084,2.5390123143543657,2.0774916054569346,1.835614257140512,-1.5735118140693944,0.0393769710875324,1.5364656260845004,0.9512514490147672,2.833057723425437,1.6722709438483858
64.0,35.0,1007.6941528320312,-0.9191563805964992,-0.0739405032805775,1.058587782348256,2.5088568339158472,-0.4944091546357916,0.0149281589082759,1.2909744872868127,0.725586256491825,1.7227688893335578,1.4566318141616184
64.0,35.0,1003.6841430664062,1.5264166200797986,3.063097861613356,-0.215819897253269,3.5490497273888275,-0.2048867388282806,1.0826619122252867,1.0511392207255632,-0.0170243374408754,3.2973942147249127,1.6821927523441609
64.0,35.0,1006.7684936523438,1.3436931167584212,2.9723827309808475,-0.6990999954194496,3.448097725237284,-0.2091829105316387,0.262391251339839,1.03385109722468,-0.0967344722036515,3.302876430253528,1.7245487486675914
64.0,35.0,1006.3912353515624,1.0823124156003283,3.145532408020725,0.0937498638335725,4.3492484902596935,-0.983369492477124,0.3045399617600217,1.0355153888892177,-0.6035785196627739,3.47882371336145,1.9749920545649893
64.0,35.0,1007.2195434570312,1.107853528394951,3.1514934678575024,0.5847267682804803,3.806017392757778,-0.2413427680063064,0.957334503805197,1.2568837854488455,1.89889274064964,3.33260050331774,1.6834150055490549
64.0,35.0,1006.4755249023438,1.5373922129536688,3.032235559935451,0.6874268984749604,3.275338603754686,-0.2140326921908348,1.494799281789143,0.9278351614159914,0.1155832775990138,3.2730834620692755,1.8184178138756064
64.0,35.0,1005.9786376953124,1.1755166225902458,3.0139295819900664,-0.2417305383366287,3.616814653335077,-0.2729520402836232,1.8592848557108288,1.1177652924446315,0.1211451494947978,3.912459696901169,2.2316448068592054
64.0,35.0,1004.7403564453124,0.4804166552562906,3.142058809388116,-0.507253232726782,3.78275224637308,-0.5671588827166028,1.1261544357254607,1.4122039073154182,0.5007209311294231,3.503301094810195,1.926829920271378
64.0,35.0,1009.2369384765624,0.7719457450167173,3.067468518497742,0.1438674432862803,4.201429714841284,0.6009588464599838,1.2267336499088082,1.4269277437993857,0.4169023640793585,3.52345155282314,1.4499758682082091
64.0,35.0,1006.9170532226562,1.5008135023933489,2.9861872071511346,-0.431893834371605,2.8214919187287486,-0.2261427739521425,1.1105615551034884,0.4838116239205338,-0.0052966471293471,3.1909425469340382,0.7855032477643943
64.0,35.0,1005.6001586914062,0.1781387739601991,2.8222566258346973,-1.2784227836424644,2.158820161725356,-1.3598118191510389,1.8033214309254848,1.4312019484559402,0.0812233307260337,2.5723035292130967,1.5728984824109573
64.0,35.0,1006.3341674804688,0.3888189065196371,3.19098221928363,-0.1105807418434687,1.6343787111994237,-0.2754166168800518,2.218191842362917,0.4045750418654998,0.1350956034985735,3.3569490268599536,2.403341908698976
64.0,35.0,1007.895263671875,1.3319244160992043,2.389288232099103,-0.2466958012974541,3.732761168548125,-0.1377479343680739,0.2240002656706234,1.5582169901547704,0.0645457230727531,2.3773398390282097,1.5798125068871829
64.0,36.0,1006.11962890625,-0.497682321193742,3.030567283483479,-0.5787679993007673,1.468996806504657,-1.102800242265915,1.463907549460452,-0.3849157258589892,0.1852476260815461,1.9192500309728429,0.8627286160848842
64.0,36.0,1008.2119750976562,0.2295182395249504,3.0576822426853543,0.3467954752061961,3.5586452951576746,0.6381026335546871,1.251121008597775,0.7184820511575087,0.0030532445906716,3.6499651406658056,1.3191647467111327
64.0,36.0,1006.3142700195312,1.139511611358937,3.0694613868905667,-0.1653637898345447,3.4430469374271744,-0.2036379756711497,1.017926728273767,0.9696821854232316,-0.0703918319987118,3.339716178654164,1.1256383025099117
64.0,36.0,1007.6607055664062,0.7528112446894505,3.1522536284043383,-0.5665184005922115,4.045952050495025,-0.7945597910333166,1.105523864894017,1.0238977045891955,0.4141197744681694,3.4787713495883,1.956160436920028
64.0,36.0,1005.2555541992188,-0.5037094802039921,3.707585390221884,-0.3280569768488796,3.321070462527059,0.979043172621886,-0.4155761280008436,0.9565504599200948,0.2951346271246178,3.295787014291044,2.1819067114242974
64.0,36.0,1008.2530517578124,1.5270982961521142,2.378577058659652,-0.1300141971189669,3.4316988602336704,-0.3495752633471561,0.6940326962933131,0.758785861126745,0.0664492484260929,3.002636118435235,0.7040430065820917
64.0,36.0,1006.2119140625,0.4893625390202833,1.7795423029239368,-0.2283334970089545,3.1277989280704825,0.4981169607027755,1.141197769335064,2.5146578201478693,1.975507430672696,4.311031517865723,2.0922100116751228
64.0,36.0,1006.5108642578124,1.1685864152557035,2.7422863333485434,-0.1019311206427966,3.4927380014308915,-0.2862684911241392,1.1077000929173788,1.0805232300206655,0.6838549062987216,3.220790808114516,1.679788189972098
64.0,36.0,1007.9924926757812,1.1304915359682637,4.2256386911715,-0.1397065042772326,3.3138439181342862,-0.2594859333120968,1.224257591352554,0.951273481078933,-0.2382050104252313,3.2816847651646595,1.422045957820127
64.0,36.0,1004.5355224609376,-0.2067583177486083,2.156645823399848,1.1237471826284795,3.780946817479548,-0.5114493991580722,1.3470285072754011,1.5426076556614716,0.9251629364195506,3.6326501297850458,1.193605314089168
64.0,36.0,1008.21923828125,-0.298219533117912,3.0185482192187125,0.285171031606693,2.599554216036076,0.2880969029957859,0.997517497305429,-0.590278083953078,0.2804241833235376,3.559147233411687,0.1670701598797905
64.0,36.0,1006.3345947265624,2.034042837590201,2.9125964116908234,-0.2024967773422643,3.3085072469478023,-0.07703122756074,0.9718660779238922,0.9340710653988924,1.2723474077259571,3.310849095998795,1.667239863445168
64.0,36.0,1007.4547729492188,1.43629090195749,3.110062472569856,-0.6944199584856007,3.302300007810594,0.2527122463629391,1.3830220275508731,1.1692670148495758,0.4543218612108505,3.286882813634093,1.9327433745059648
64.0,36.0,1005.8555297851562,0.0747060267511887,2.3930770738970044,0.203204090654355,2.721340942344091,-0.1101949552318505,1.5860054495117537,1.079938071505054,0.3060736121612265,1.762883173269604,1.6908510216610382
64.0,36.0,1005.079833984375,0.8078773908434,3.0635542735379326,-0.2222773718837908,3.644619233544741,-0.0438507735814526,1.4232936018416082,0.7302359461628485,0.463335757005806,3.131559441489576,1.6311643300045815
64.0,36.0,1006.5872802734376,0.2656690085363156,2.8994275720441487,-0.0359203097652873,2.439288483665521,-0.403613583524778,2.160790506390417,1.4511060060394816,0.484404972217794,3.372222679109396,2.807072668682597
64.0,36.0,1006.9229125976562,0.9773504019739024,2.740919523925674,-0.7208675711544004,3.4951392537713284,-0.5533562906214642,1.57964222441972,1.7092041256231807,-0.0059608132761654,3.048427825623034,1.6695635226820276
64.0,36.0,1005.5903930664062,1.0850608351254831,3.0729081885232894,-0.0173533722472141,2.6411138831518057,-0.5004146304737389,1.436460637911377,1.5780674897249076,1.4846329996870586,4.064692075809855,0.3497848194679321
64.0,36.0,1007.6295166015624,0.760632210368182,2.523489045540816,-0.6855887691901628,3.5657736665516566,0.317790458735649,0.3180960001700268,0.5613519826010546,0.3918729921785278,3.6392256882701166,1.6770418837070526
64.0,36.0,1005.7882080078124,1.930989912640924,2.5698273775009017,-0.4222718299406413,2.2647280101266523,-1.2334670620841697,1.1900713704557306,1.273633231737758,-0.0756089152430987,3.487418316929421,1.693288812527204
64.0,36.0,1007.544677734375,-0.2805326006232682,3.1038845231404446,-0.1870705914575828,3.988367848503743,-0.2562732772840708,1.540852333686741,0.7450130913541388,1.6656985897711236,2.857401366589688,0.9264712942409098
64.0,36.0,1004.8368530273438,-0.0192859539180938,3.1458012448024646,-0.4052589456220559,3.5837623621294377,-0.4446218579421889,1.004306573519272,1.0674916208430016,-0.1473208806064043,4.659302750457305,1.266183010783346
64.0,36.0,1005.0035400390624,1.488088734200528,3.2964916798764268,-0.081613556681665,3.4931910742310563,-0.4795947022471148,1.19443031097595,1.5983254058784726,0.3030366300005376,3.1093375136026897,1.3517079212642986
64.0,36.0,1005.6852416992188,1.2499511299324857,3.114938998617727,-0.120748307078449,3.5116358364440505,-1.444135019735279,1.078936544639041,1.0534340933650794,-0.1897722319095695,3.584328767139105,1.8579468178984029
64.0,36.0,1005.8321533203124,0.377814434290604,3.895551475372848,0.0535583373255332,3.414557908843645,-0.5334289284626546,0.985593986932181,0.7933330380200138,0.0535584523865163,3.290998620666775,1.0098828753892786
64.0,36.0,1008.1739501953124,1.6413635358121716,3.343269745080816,0.2019027360287677,3.5348093235497835,-0.1942484375916076,0.9530267104471426,1.1052031353316056,0.0297497040701961,3.35263353716934,1.512207743913377
64.0,36.0,1006.750732421875,1.4983206496546757,3.310143956253831,-0.0995478391109807,4.111181782258067,-0.0736615879452686,2.3151370482507234,0.654147595066203,0.6455422381112422,3.3493750202887504,1.9151768831651383
64.0,36.0,1005.9476318359376,0.0416259073064684,3.056620648095169,0.9059087932371556,3.541676985417584,-0.4558259587305865,-0.3150494321593007,1.05123482986649,-0.0994281152615595,3.238383279985208,1.6565234082160285
64.0,36.0,1006.3308715820312,1.535959406806901,3.012881012953959,-0.1663306996994601,3.5850778383914594,-0.2867194392540477,1.0486903470382465,1.1491035130694829,-0.0172823082687018,3.5717012420075,1.522958118209904
64.0,36.0,1008.3200073242188,2.082632155369566,2.9665900511031333,-0.5922171144601804,3.123739287458194,-0.5464784812260914,1.0546875410348582,1.7687094042639275,-0.7124648449785488,4.354443591186314,1.295702474076481
64.0,36.0,1006.3054809570312,0.2116978564415452,3.061865263368452,-1.1962030876178285,3.083212625260287,-0.877005941759178,1.2382824178549918,1.1910779660670117,0.1794584052942971,3.739310854706732,1.616089255445521
64.0,36.0,1009.4057006835938,0.0983884575867826,3.1515876749534466,-0.3302749667884251,3.494695052490905,-1.4401546793063933,1.3749239016717016,1.1363055114834428,0.2761023450053809,3.311923466658281,2.8576471315380942
64.0,36.0,1005.9246215820312,0.6600018304696809,2.208408201646309,-0.00906597507511,2.784505846876923,0.3472293972856342,1.7621845249117634,1.5973701590591634,0.780958497717289,3.692710282606984,1.0349967017159698
64.0,36.0,1007.9334716796876,1.1860174019719103,3.062699769325937,-0.5772754403344685,2.921296152802124,0.5203220957234284,1.220967665268109,0.7885410124274673,0.5750653020390918,3.2007527019435167,1.7099313399677305
64.0,36.0,1007.3814086914062,1.37501567893667,2.796826013722564,-0.2415181677679952,4.221335396971198,-0.2078968184580427,1.4898404207350833,1.5180200398342767,0.2547780929846841,3.338302295211076,1.023318751440718
64.0,36.0,1009.033935546875,0.7907948968280503,2.661427459447934,-0.5268160144191615,4.287006405019467,-0.1130135817789936,1.2681326125998775,1.2705267445638435,-0.3852123558156371,1.947299356546571,2.472532782050432
64.0,36.0,1005.1350708007812,0.1661038185710084,2.5390123143543657,2.0774916054569346,1.835614257140512,-1.5735118140693944,0.0393769710875324,1.5364656260845004,0.9512514490147672,2.833057723425437,1.6722709438483858
64.0,36.0,1007.6941528320312,-0.9191563805964992,-0.0739405032805775,1.058587782348256,2.5088568339158472,-0.4944091546357916,0.0149281589082759,1.2909744872868127,0.725586256491825,1.7227688893335578,1.4566318141616184
64.0,36.0,1003.6841430664062,1.5264166200797986,3.063097861613356,-0.215819897253269,3.5490497273888275,-0.2048867388282806,1.0826619122252867,1.0511392207255632,-0.0170243374408754,3.2973942147249127,1.6821927523441609
64.0,36.0,1006.7684936523438,1.3436931167584212,2.9723827309808475,-0.6990999954194496,3.448097725237284,-0.2091829105316387,0.262391251339839,1.03385109722468,-0.0967344722036515,3.302876430253528,1.7245487486675914
64.0,36.0,1006.3912353515624,1.0823124156003283,3.145532408020725,0.0937498638335725,4.3492484902596935,-0.983369492477124,0.3045399617600217,1.0355153888892177,-0.6035785196627739,3.47882371336145,1.9749920545649893
64.0,36.0,1007.2195434570312,1.107853528394951,3.1514934678575024,0.5847267682804803,3.806017392757778,-0.2413427680063064,0.957334503805197,1.2568837854488455,1.89889274064964,3.33260050331774,1.6834150055490549
64.0,36.0,1006.4755249023438,1.5373922129536688,3.032235559935451,0.6874268984749604,3.275338603754686,-0.2140326921908348,1.494799281789143,0.9278351614159914,0.1155832775990138,3.2730834620692755,1.8184178138756064
64.0,36.0,1005.9786376953124,1.1755166225902458,3.0139295819900664,-0.2417305383366287,3.616814653335077,-0.2729520402836232,1.8592848557108288,1.1177652924446315,0.1211451494947978,3.912459696901169,2.2316448068592054
64.0,36.0,1004.7403564453124,0.4804166552562906,3.142058809388116,-0.507253232726782,3.78275224637308,-0.5671588827166028,1.1261544357254607,1.4122039073154182,0.5007209311294231,3.503301094810195,1.926829920271378
64.0,36.0,1009.2369384765624,0.7719457450167173,3.067468518497742,0.1438674432862803,4.201429714841284,0.6009588464599838,1.2267336499088082,1.4269277437993857,0.4169023640793585,3.52345155282314,1.4499758682082091
64.0,36.0,1006.9170532226562,1.5008135023933489,2.9861872071511346,-0.431893834371605,2.8214919187287486,-0.2261427739521425,1.1105615551034884,0.4838116239205338,-0.0052966471293471,3.1909425469340382,0.7855032477643943
64.0,36.0,1005.6001586914062,0.1781387739601991,2.8222566258346973,-1.2784227836424644,2.158820161725356,-1.3598118191510389,1.8033214309254848,1.4312019484559402,0.0812233307260337,2.5723035292130967,1.5728984824109573
64.0,36.0,1006.3341674804688,0.3888189065196371,3.19098221928363,-0.1105807418434687,1.6343787111994237,-0.2754166168800518,2.218191842362917,0.4045750418654998,0.1350956034985735,3.3569490268599536,2.403341908698976
64.0,36.0,1007.895263671875,1.3319244160992043,2.389288232099103,-0.2466958012974541,3.732761168548125,-0.1377479343680739,0.2240002656706234,1.5582169901547704,0.0645457230727531,2.3773398390282097,1.5798125068871829
64.0,37.0,1006.11962890625,-0.497682321193742,3.030567283483479,-0.5787679993007673,1.468996806504657,-1.102800242265915,1.463907549460452,-0.3849157258589892,0.1852476260815461,1.9192500309728429,0.8627286160848842
64.0,37.0,1008.2119750976562,0.2295182395249504,3.0576822426853543,0.3467954752061961,3.5586452951576746,0.6381026335546871,1.251121008597775,0.7184820511575087,0.0030532445906716,3.6499651406658056,1.3191647467111327
64.0,37.0,1006.3142700195312,1.139511611358937,3.0694613868905667,-0.1653637898345447,3.4430469374271744,-0.2036379756711497,1.017926728273767,0.9696821854232316,-0.0703918319987118,3.339716178654164,1.1256383025099117
64.0,37.0,1007.6607055664062,0.7528112446894505,3.1522536284043383,-0.5665184005922115,4.045952050495025,-0.7945597910333166,1.105523864894017,1.0238977045891955,0.4141197744681694,3.4787713495883,1.956160436920028
64.0,37.0,1005.2555541992188,-0.5037094802039921,3.707585390221884,-0.3280569768488796,3.321070462527059,0.979043172621886,-0.4155761280008436,0.9565504599200948,0.2951346271246178,3.295787014291044,2.1819067114242974
64.0,37.0,1008.2530517578124,1.5270982961521142,2.378577058659652,-0.1300141971189669,3.4316988602336704,-0.3495752633471561,0.6940326962933131,0.758785861126745,0.0664492484260929,3.002636118435235,0.7040430065820917
64.0,37.0,1006.2119140625,0.4893625390202833,1.7795423029239368,-0.2283334970089545,3.1277989280704825,0.4981169607027755,1.141197769335064,2.5146578201478693,1.975507430672696,4.311031517865723,2.0922100116751228
64.0,37.0,1006.5108642578124,1.1685864152557035,2.7422863333485434,-0.1019311206427966,3.4927380014308915,-0.2862684911241392,1.1077000929173788,1.0805232300206655,0.6838549062987216,3.220790808114516,1.679788189972098
64.0,37.0,1007.9924926757812,1.1304915359682637,4.2256386911715,-0.1397065042772326,3.3138439181342862,-0.2594859333120968,1.224257591352554,0.951273481078933,-0.2382050104252313,3.2816847651646595,1.422045957820127
64.0,37.0,1004.5355224609376,-0.2067583177486083,2.156645823399848,1.1237471826284795,3.780946817479548,-0.5114493991580722,1.3470285072754011,1.5426076556614716,0.9251629364195506,3.6326501297850458,1.193605314089168
64.0,37.0,1008.21923828125,-0.298219533117912,3.0185482192187125,0.285171031606693,2.599554216036076,0.2880969029957859,0.997517497305429,-0.590278083953078,0.2804241833235376,3.559147233411687,0.1670701598797905
64.0,37.0,1006.3345947265624,2.034042837590201,2.9125964116908234,-0.2024967773422643,3.3085072469478023,-0.07703122756074,0.9718660779238922,0.9340710653988924,1.2723474077259571,3.310849095998795,1.667239863445168
64.0,37.0,1007.4547729492188,1.43629090195749,3.110062472569856,-0.6944199584856007,3.302300007810594,0.2527122463629391,1.3830220275508731,1.1692670148495758,0.4543218612108505,3.286882813634093,1.9327433745059648
64.0,37.0,1005.8555297851562,0.0747060267511887,2.3930770738970044,0.203204090654355,2.721340942344091,-0.1101949552318505,1.5860054495117537,1.079938071505054,0.3060736121612265,1.762883173269604,1.6908510216610382
64.0,37.0,1005.079833984375,0.8078773908434,3.0635542735379326,-0.2222773718837908,3.644619233544741,-0.0438507735814526,1.4232936018416082,0.7302359461628485,0.463335757005806,3.131559441489576,1.6311643300045815
64.0,37.0,1006.5872802734376,0.2656690085363156,2.8994275720441487,-0.0359203097652873,2.439288483665521,-0.403613583524778,2.160790506390417,1.4511060060394816,0.484404972217794,3.372222679109396,2.807072668682597
64.0,37.0,1006.9229125976562,0.9773504019739024,2.740919523925674,-0.7208675711544004,3.4951392537713284,-0.5533562906214642,1.57964222441972,1.7092041256231807,-0.0059608132761654,3.048427825623034,1.6695635226820276
64.0,37.0,1005.5903930664062,1.0850608351254831,3.0729081885232894,-0.0173533722472141,2.6411138831518057,-0.5004146304737389,1.436460637911377,1.5780674897249076,1.4846329996870586,4.064692075809855,0.3497848194679321
64.0,37.0,1007.6295166015624,0.760632210368182,2.523489045540816,-0.6855887691901628,3.5657736665516566,0.317790458735649,0.3180960001700268,0.5613519826010546,0.3918729921785278,3.6392256882701166,1.6770418837070526
64.0,37.0,1005.7882080078124,1.930989912640924,2.5698273775009017,-0.4222718299406413,2.2647280101266523,-1.2334670620841697,1.1900713704557306,1.273633231737758,-0.0756089152430987,3.487418316929421,1.693288812527204
64.0,37.0,1007.544677734375,-0.2805326006232682,3.1038845231404446,-0.1870705914575828,3.988367848503743,-0.2562732772840708,1.540852333686741,0.7450130913541388,1.6656985897711236,2.857401366589688,0.9264712942409098
64.0,37.0,1004.8368530273438,-0.0192859539180938,3.1458012448024646,-0.4052589456220559,3.5837623621294377,-0.4446218579421889,1.004306573519272,1.0674916208430016,-0.1473208806064043,4.659302750457305,1.266183010783346
64.0,37.0,1005.0035400390624,1.488088734200528,3.2964916798764268,-0.081613556681665,3.4931910742310563,-0.4795947022471148,1.19443031097595,1.5983254058784726,0.3030366300005376,3.1093375136026897,1.3517079212642986
64.0,37.0,1005.6852416992188,1.2499511299324857,3.114938998617727,-0.120748307078449,3.5116358364440505,-1.444135019735279,1.078936544639041,1.0534340933650794,-0.1897722319095695,3.584328767139105,1.8579468178984029
64.0,37.0,1005.8321533203124,0.377814434290604,3.895551475372848,0.0535583373255332,3.414557908843645,-0.5334289284626546,0.985593986932181,0.7933330380200138,0.0535584523865163,3.290998620666775,1.0098828753892786
64.0,37.0,1008.1739501953124,1.6413635358121716,3.343269745080816,0.2019027360287677,3.5348093235497835,-0.1942484375916076,0.9530267104471426,1.1052031353316056,0.0297497040701961,3.35263353716934,1.512207743913377
64.0,37.0,1006.750732421875,1.4983206496546757,3.310143956253831,-0.0995478391109807,4.111181782258067,-0.0736615879452686,2.3151370482507234,0.654147595066203,0.6455422381112422,3.3493750202887504,1.9151768831651383
64.0,37.0,1005.9476318359376,0.0416259073064684,3.056620648095169,0.9059087932371556,3.541676985417584,-0.4558259587305865,-0.3150494321593007,1.05123482986649,-0.0994281152615595,3.238383279985208,1.6565234082160285
64.0,37.0,1006.3308715820312,1.535959406806901,3.012881012953959,-0.1663306996994601,3.5850778383914594,-0.2867194392540477,1.0486903470382465,1.1491035130694829,-0.0172823082687018,3.5717012420075,1.522958118209904
64.0,37.0,1005.21337890625,1.1138422598907147,3.163510525715634,-0.3509051133911852,2.6758266898773537,-0.5122082648359199,1.0718111705207738,1.65587216787568,-1.0170876187562123,3.54151433099572,1.3460114713344828
64.0,37.0,1006.3054809570312,0.2116978564415452,3.061865263368452,-1.1962030876178285,3.083212625260287,-0.877005941759178,1.2382824178549918,1.1910779660670117,0.1794584052942971,3.739310854706732,1.616089255445521
64.0,37.0,1008.155029296875,0.1899101776962971,3.182073383108013,-0.3837736624597996,3.479882305506419,-1.3813124223710167,1.3305780647933154,1.2388417457404084,-0.2462283989860767,3.308109865441909,1.0103765142496082
64.0,37.0,1005.5949096679688,1.065741447403239,3.566321993171797,-0.1722097588879127,3.335195644635442,0.4153135222526197,1.6432684793938577,1.2308026718224587,0.3065238812510272,3.32453208933479,1.4181087479272612
64.0,37.0,1007.9334716796876,1.1860174019719103,3.062699769325937,-0.5772754403344685,2.921296152802124,0.5203220957234284,1.220967665268109,0.7885410124274673,0.5750653020390918,3.2007527019435167,1.7099313399677305
64.0,37.0,1007.3814086914062,1.37501567893667,2.796826013722564,-0.2415181677679952,4.221335396971198,-0.2078968184580427,1.4898404207350833,1.5180200398342767,0.2547780929846841,3.338302295211076,1.023318751440718
64.0,37.0,1009.033935546875,0.7907948968280503,2.661427459447934,-0.5268160144191615,4.287006405019467,-0.1130135817789936,1.2681326125998775,1.2705267445638435,-0.3852123558156371,1.947299356546571,2.472532782050432
64.0,37.0,1005.1350708007812,0.1661038185710084,2.5390123143543657,2.0774916054569346,1.835614257140512,-1.5735118140693944,0.0393769710875324,1.5364656260845004,0.9512514490147672,2.833057723425437,1.6722709438483858
64.0,37.0,1007.6941528320312,-0.9191563805964992,-0.0739405032805775,1.058587782348256,2.5088568339158472,-0.4944091546357916,0.0149281589082759,1.2909744872868127,0.725586256491825,1.7227688893335578,1.4566318141616184
64.0,37.0,1003.6841430664062,1.5264166200797986,3.063097861613356,-0.215819897253269,3.5490497273888275,-0.2048867388282806,1.0826619122252867,1.0511392207255632,-0.0170243374408754,3.2973942147249127,1.6821927523441609
64.0,37.0,1006.7684936523438,1.3436931167584212,2.9723827309808475,-0.6990999954194496,3.448097725237284,-0.2091829105316387,0.262391251339839,1.03385109722468,-0.0967344722036515,3.302876430253528,1.7245487486675914
64.0,37.0,1006.3912353515624,1.0823124156003283,3.145532408020725,0.0937498638335725,4.3492484902596935,-0.983369492477124,0.3045399617600217,1.0355153888892177,-0.6035785196627739,3.47882371336145,1.9749920545649893
64.0,37.0,1007.2195434570312,1.107853528394951,3.1514934678575024,0.5847267682804803,3.806017392757778,-0.2413427680063064,0.957334503805197,1.2568837854488455,1.89889274064964,3.33260050331774,1.6834150055490549
64.0,37.0,1006.4755249023438,1.5373922129536688,3.032235559935451,0.6874268984749604,3.275338603754686,-0.2140326921908348,1.494799281789143,0.9278351614159914,0.1155832775990138,3.2730834620692755,1.8184178138756064
64.0,37.0,1005.9786376953124,1.1755166225902458,3.0139295819900664,-0.2417305383366287,3.616814653335077,-0.2729520402836232,1.8592848557108288,1.1177652924446315,0.1211451494947978,3.912459696901169,2.2316448068592054
64.0,37.0,1004.7403564453124,0.4804166552562906,3.142058809388116,-0.507253232726782,3.78275224637308,-0.5671588827166028,1.1261544357254607,1.4122039073154182,0.5007209311294231,3.503301094810195,1.926829920271378
64.0,37.0,1009.2369384765624,0.7719457450167173,3.067468518497742,0.1438674432862803,4.201429714841284,0.6009588464599838,1.2267336499088082,1.4269277437993857,0.4169023640793585,3.52345155282314,1.4499758682082091
64.0,37.0,1006.9170532226562,1.5008135023933489,2.9861872071511346,-0.431893834371605,2.8214919187287486,-0.2261427739521425,1.1105615551034884,0.4838116239205338,-0.0052966471293471,3.1909425469340382,0.7855032477643943
64.0,37.0,1005.6001586914062,0.1781387739601991,2.8222566258346973,-1.2784227836424644,2.158820161725356,-1.3598118191510389,1.8033214309254848,1.4312019484559402,0.0812233307260337,2.5723035292130967,1.5728984824109573
64.0,37.0,1006.3341674804688,0.3888189065196371,3.19098221928363,-0.1105807418434687,1.6343787111994237,-0.2754166168800518,2.218191842362917,0.4045750418654998,0.1350956034985735,3.3569490268599536,2.403341908698976
64.0,37.0,1007.895263671875,1.3319244160992043,2.389288232099103,-0.2466958012974541,3.732761168548125,-0.1377479343680739,0.2240002656706234,1.5582169901547704,0.0645457230727531,2.3773398390282097,1.5798125068871829
64.0,38.0,1006.11962890625,-0.497682321193742,3.030567283483479,-0.5787679993007673,1.468996806504657,-1.102800242265915,1.463907549460452,-0.3849157258589892,0.1852476260815461,1.9192500309728429,0.8627286160848842
64.0,38.0,1008.2119750976562,0.2295182395249504,3.0576822426853543,0.3467954752061961,3.5586452951576746,0.6381026335546871,1.251121008597775,0.7184820511575087,0.0030532445906716,3.6499651406658056,1.3191647467111327
64.0,38.0,1006.3142700195312,1.139511611358937,3.0694613868905667,-0.1653637898345447,3.4430469374271744,-0.2036379756711497,1.017926728273767,0.9696821854232316,-0.0703918319987118,3.339716178654164,1.1256383025099117
64.0,38.0,1005.7072143554688,1.6491448804843336,2.9104453120023,-0.2376035463302053,3.615676320374159,-0.5459213406507523,1.0802436756395946,1.0229389087533642,-0.0226071327225542,3.134768809825729,1.4551102740604491
64.0,38.0,1005.2555541992188,-0.5037094802039921,3.707585390221884,-0.3280569768488796,3.321070462527059,0.979043172621886,-0.4155761280008436,0.9565504599200948,0.2951346271246178,3.295787014291044,2.1819067114242974
64.0,38.0,1008.2530517578124,1.5270982961521142,2.378577058659652,-0.1300141971189669,3.4316988602336704,-0.3495752633471561,0.6940326962933131,0.758785861126745,0.0664492484260929,3.002636118435235,0.7040430065820917
64.0,38.0,1006.2119140625,0.4893625390202833,1.7795423029239368,-0.2283334970089545,3.1277989280704825,0.4981169607027755,1.141197769335064,2.5146578201478693,1.975507430672696,4.311031517865723,2.0922100116751228
64.0,38.0,1006.5108642578124,1.1685864152557035,2.7422863333485434,-0.1019311206427966,3.4927380014308915,-0.2862684911241392,1.1077000929173788,1.0805232300206655,0.6838549062987216,3.220790808114516,1.679788189972098
64.0,38.0,1007.9924926757812,1.1304915359682637,4.2256386911715,-0.1397065042772326,3.3138439181342862,-0.2594859333120968,1.224257591352554,0.951273481078933,-0.2382050104252313,3.2816847651646595,1.422045957820127
64.0,38.0,1004.5355224609376,-0.2067583177486083,2.156645823399848,1.1237471826284795,3.780946817479548,-0.5114493991580722,1.3470285072754011,1.5426076556614716,0.9251629364195506,3.6326501297850458,1.193605314089168
64.0,38.0,1008.21923828125,-0.298219533117912,3.0185482192187125,0.285171031606693,2.599554216036076,0.2880969029957859,0.997517497305429,-0.590278083953078,0.2804241833235376,3.559147233411687,0.1670701598797905
64.0,38.0,1006.3345947265624,2.034042837590201,2.9125964116908234,-0.2024967773422643,3.3085072469478023,-0.07703122756074,0.9718660779238922,0.9340710653988924,1.2723474077259571,3.310849095998795,1.667239863445168
64.0,38.0,1007.4547729492188,1.43629090195749,3.110062472569856,-0.6944199584856007,3.302300007810594,0.2527122463629391,1.3830220275508731,1.1692670148495758,0.4543218612108505,3.286882813634093,1.9327433745059648
64.0,38.0,1005.8555297851562,0.0747060267511887,2.3930770738970044,0.203204090654355,2.721340942344091,-0.1101949552318505,1.5860054495117537,1.079938071505054,0.3060736121612265,1.762883173269604,1.6908510216610382
64.0,38.0,1005.079833984375,0.8078773908434,3.0635542735379326,-0.2222773718837908,3.644619233544741,-0.0438507735814526,1.4232936018416082,0.7302359461628485,0.463335757005806,3.131559441489576,1.6311643300045815
64.0,38.0,1006.5872802734376,0.2656690085363156,2.8994275720441487,-0.0359203097652873,2.439288483665521,-0.403613583524778,2.160790506390417,1.4511060060394816,0.484404972217794,3.372222679109396,2.807072668682597
64.0,38.0,1006.9229125976562,0.9773504019739024,2.740919523925674,-0.7208675711544004,3.4951392537713284,-0.5533562906214642,1.57964222441972,1.7092041256231807,-0.0059608132761654,3.048427825623034,1.6695635226820276
64.0,38.0,1005.5903930664062,1.0850608351254831,3.0729081885232894,-0.0173533722472141,2.6411138831518057,-0.5004146304737389,1.436460637911377,1.5780674897249076,1.4846329996870586,4.064692075809855,0.3497848194679321
64.0,38.0,1007.6295166015624,0.760632210368182,2.523489045540816,-0.6855887691901628,3.5657736665516566,0.317790458735649,0.3180960001700268,0.5613519826010546,0.3918729921785278,3.6392256882701166,1.6770418837070526
64.0,38.0,1005.7882080078124,1.930989912640924,2.5698273775009017,-0.4222718299406413,2.2647280101266523,-1.2334670620841697,1.1900713704557306,1.273633231737758,-0.0756089152430987,3.487418316929421,1.693288812527204
64.0,38.0,1007.544677734375,-0.2805326006232682,3.1038845231404446,-0.1870705914575828,3.988367848503743,-0.2562732772840708,1.540852333686741,0.7450130913541388,1.6656985897711236,2.857401366589688,0.9264712942409098
64.0,38.0,1004.8368530273438,-0.0192859539180938,3.1458012448024646,-0.4052589456220559,3.5837623621294377,-0.4446218579421889,1.004306573519272,1.0674916208430016,-0.1473208806064043,4.659302750457305,1.266183010783346
64.0,38.0,1005.0035400390624,1.488088734200528,3.2964916798764268,-0.081613556681665,3.4931910742310563,-0.4795947022471148,1.19443031097595,1.5983254058784726,0.3030366300005376,3.1093375136026897,1.3517079212642986
64.0,38.0,1005.6852416992188,1.2499511299324857,3.114938998617727,-0.120748307078449,3.5116358364440505,-1.444135019735279,1.078936544639041,1.0534340933650794,-0.1897722319095695,3.584328767139105,1.8579468178984029
64.0,38.0,1005.8321533203124,0.377814434290604,3.895551475372848,0.0535583373255332,3.414557908843645,-0.5334289284626546,0.985593986932181,0.7933330380200138,0.0535584523865163,3.290998620666775,1.0098828753892786
64.0,38.0,1008.1739501953124,1.6413635358121716,3.343269745080816,0.2019027360287677,3.5348093235497835,-0.1942484375916076,0.9530267104471426,1.1052031353316056,0.0297497040701961,3.35263353716934,1.512207743913377
64.0,38.0,1006.750732421875,1.4983206496546757,3.310143956253831,-0.0995478391109807,4.111181782258067,-0.0736615879452686,2.3151370482507234,0.654147595066203,0.6455422381112422,3.3493750202887504,1.9151768831651383
64.0,38.0,1005.9476318359376,0.0416259073064684,3.056620648095169,0.9059087932371556,3.541676985417584,-0.4558259587305865,-0.3150494321593007,1.05123482986649,-0.0994281152615595,3.238383279985208,1.6565234082160285
64.0,38.0,1006.3308715820312,1.535959406806901,3.012881012953959,-0.1663306996994601,3.5850778383914594,-0.2867194392540477,1.0486903470382465,1.1491035130694829,-0.0172823082687018,3.5717012420075,1.522958118209904
64.0,38.0,1005.21337890625,1.1138422598907147,3.163510525715634,-0.3509051133911852,2.6758266898773537,-0.5122082648359199,1.0718111705207738,1.65587216787568,-1.0170876187562123,3.54151433099572,1.3460114713344828
64.0,38.0,1006.3054809570312,0.2116978564415452,3.061865263368452,-1.1962030876178285,3.083212625260287,-0.877005941759178,1.2382824178549918,1.1910779660670117,0.1794584052942971,3.739310854706732,1.616089255445521
64.0,38.0,1008.155029296875,0.1899101776962971,3.182073383108013,-0.3837736624597996,3.479882305506419,-1.3813124223710167,1.3305780647933154,1.2388417457404084,-0.2462283989860767,3.308109865441909,1.0103765142496082
64.0,38.0,1005.5949096679688,1.065741447403239,3.566321993171797,-0.1722097588879127,3.335195644635442,0.4153135222526197,1.6432684793938577,1.2308026718224587,0.3065238812510272,3.32453208933479,1.4181087479272612
64.0,38.0,1007.9334716796876,1.1860174019719103,3.062699769325937,-0.5772754403344685,2.921296152802124,0.5203220957234284,1.220967665268109,0.7885410124274673,0.5750653020390918,3.2007527019435167,1.7099313399677305
64.0,38.0,1007.3814086914062,1.37501567893667,2.796826013722564,-0.2415181677679952,4.221335396971198,-0.2078968184580427,1.4898404207350833,1.5180200398342767,0.2547780929846841,3.338302295211076,1.023318751440718
64.0,38.0,1009.033935546875,0.7907948968280503,2.661427459447934,-0.5268160144191615,4.287006405019467,-0.1130135817789936,1.2681326125998775,1.2705267445638435,-0.3852123558156371,1.947299356546571,2.472532782050432
64.0,38.0,1005.1350708007812,0.1661038185710084,2.5390123143543657,2.0774916054569346,1.835614257140512,-1.5735118140693944,0.0393769710875324,1.5364656260845004,0.9512514490147672,2.833057723425437,1.6722709438483858
64.0,38.0,1007.6941528320312,-0.9191563805964992,-0.0739405032805775,1.058587782348256,2.5088568339158472,-0.4944091546357916,0.0149281589082759,1.2909744872868127,0.725586256491825,1.7227688893335578,1.4566318141616184
64.0,38.0,1003.6841430664062,1.5264166200797986,3.063097861613356,-0.215819897253269,3.5490497273888275,-0.2048867388282806,1.0826619122252867,1.0511392207255632,-0.0170243374408754,3.2973942147249127,1.6821927523441609
64.0,38.0,1006.7684936523438,1.3436931167584212,2.9723827309808475,-0.6990999954194496,3.448097725237284,-0.2091829105316387,0.262391251339839,1.03385109722468,-0.0967344722036515,3.302876430253528,1.7245487486675914
64.0,38.0,1006.3912353515624,1.0823124156003283,3.145532408020725,0.0937498638335725,4.3492484902596935,-0.983369492477124,0.3045399617600217,1.0355153888892177,-0.6035785196627739,3.47882371336145,1.9749920545649893
64.0,38.0,1007.2195434570312,1.107853528394951,3.1514934678575024,0.5847267682804803,3.806017392757778,-0.2413427680063064,0.957334503805197,1.2568837854488455,1.89889274064964,3.33260050331774,1.6834150055490549
64.0,38.0,1006.4755249023438,1.5373922129536688,3.032235559935451,0.6874268984749604,3.275338603754686,-0.2140326921908348,1.494799281789143,0.9278351614159914,0.1155832775990138,3.2730834620692755,1.8184178138756064
64.0,38.0,1005.9786376953124,1.1755166225902458,3.0139295819900664,-0.2417305383366287,3.616814653335077,-0.2729520402836232,1.8592848557108288,1.1177652924446315,0.1211451494947978,3.912459696901169,2.2316448068592054
64.0,38.0,1004.7403564453124,0.4804166552562906,3.142058809388116,-0.507253232726782,3.78275224637308,-0.5671588827166028,1.1261544357254607,1.4122039073154182,0.5007209311294231,3.503301094810195,1.926829920271378
64.0,38.0,1009.2369384765624,0.7719457450167173,3.067468518497742,0.1438674432862803,4.201429714841284,0.6009588464599838,1.2267336499088082,1.4269277437993857,0.4169023640793585,3.52345155282314,1.4499758682082091
64.0,38.0,1006.9170532226562,1.5008135023933489,2.9861872071511346,-0.431893834371605,2.8214919187287486,-0.2261427739521425,1.1105615551034884,0.4838116239205338,-0.0052966471293471,3.1909425469340382,0.7855032477643943
64.0,38.0,1005.6001586914062,0.1781387739601991,2.8222566258346973,-1.2784227836424644,2.158820161725356,-1.3598118191510389,1.8033214309254848,1.4312019484559402,0.0812233307260337,2.5723035292130967,1.5728984824109573
64.0,38.0,1005.8743896484376,0.0594998054986024,2.4736092679713666,-0.1808303602303297,1.535912543515276,-0.2128728184311272,0.8096079746393341,0.1778975985534896,-0.0199302804665875,3.321000599716123,2.4317144383963893
64.0,38.0,1007.895263671875,1.3319244160992043,2.389288232099103,-0.2466958012974541,3.732761168548125,-0.1377479343680739,0.2240002656706234,1.5582169901547704,0.0645457230727531,2.3773398390282097,1.5798125068871829
64.0,39.0,1006.11962890625,-0.497682321193742,3.030567283483479,-0.5787679993007673,1.468996806504657,-1.102800242265915,1.463907549460452,-0.3849157258589892,0.1852476260815461,1.9192500309728429,0.8627286160848842
64.0,39.0,1008.2119750976562,0.2295182395249504,3.0576822426853543,0.3467954752061961,3.5586452951576746,0.6381026335546871,1.251121008597775,0.7184820511575087,0.0030532445906716,3.6499651406658056,1.3191647467111327
64.0,39.0,1006.3142700195312,1.139511611358937,3.0694613868905667,-0.1653637898345447,3.4430469374271744,-0.2036379756711497,1.017926728273767,0.9696821854232316,-0.0703918319987118,3.339716178654164,1.1256383025099117
64.0,39.0,1005.7072143554688,1.6491448804843336,2.9104453120023,-0.2376035463302053,3.615676320374159,-0.5459213406507523,1.0802436756395946,1.0229389087533642,-0.0226071327225542,3.134768809825729,1.4551102740604491
64.0,39.0,1005.2555541992188,-0.5037094802039921,3.707585390221884,-0.3280569768488796,3.321070462527059,0.979043172621886,-0.4155761280008436,0.9565504599200948,0.2951346271246178,3.295787014291044,2.1819067114242974
64.0,39.0,1008.2530517578124,1.5270982961521142,2.378577058659652,-0.1300141971189669,3.4316988602336704,-0.3495752633471561,0.6940326962933131,0.758785861126745,0.0664492484260929,3.002636118435235,0.7040430065820917
64.0,39.0,1006.2119140625,0.4893625390202833,1.7795423029239368,-0.2283334970089545,3.1277989280704825,0.4981169607027755,1.141197769335064,2.5146578201478693,1.975507430672696,4.311031517865723,2.0922100116751228
64.0,39.0,1006.5108642578124,1.1685864152557035,2.7422863333485434,-0.1019311206427966,3.4927380014308915,-0.2862684911241392,1.1077000929173788,1.0805232300206655,0.6838549062987216,3.220790808114516,1.679788189972098
64.0,39.0,1007.9924926757812,1.1304915359682637,4.2256386911715,-0.1397065042772326,3.3138439181342862,-0.2594859333120968,1.224257591352554,0.951273481078933,-0.2382050104252313,3.2816847651646595,1.422045957820127
64.0,39.0,1004.5355224609376,-0.2067583177486083,2.156645823399848,1.1237471826284795,3.780946817479548,-0.5114493991580722,1.3470285072754011,1.5426076556614716,0.9251629364195506,3.6326501297850458,1.193605314089168
64.0,39.0,1008.21923828125,-0.298219533117912,3.0185482192187125,0.285171031606693,2.599554216036076,0.2880969029957859,0.997517497305429,-0.590278083953078,0.2804241833235376,3.559147233411687,0.1670701598797905
64.0,39.0,1006.3345947265624,2.034042837590201,2.9125964116908234,-0.2024967773422643,3.3085072469478023,-0.07703122756074,0.9718660779238922,0.9340710653988924,1.2723474077259571,3.310849095998795,1.667239863445168
64.0,39.0,1007.4547729492188,1.43629090195749,3.110062472569856,-0.6944199584856007,3.302300007810594,0.2527122463629391,1.3830220275508731,1.1692670148495758,0.4543218612108505,3.286882813634093,1.9327433745059648
64.0,39.0,1005.8555297851562,0.0747060267511887,2.3930770738970044,0.203204090654355,2.721340942344091,-0.1101949552318505,1.5860054495117537,1.079938071505054,0.3060736121612265,1.762883173269604,1.6908510216610382
64.0,39.0,1005.079833984375,0.8078773908434,3.0635542735379326,-0.2222773718837908,3.644619233544741,-0.0438507735814526,1.4232936018416082,0.7302359461628485,0.463335757005806,3.131559441489576,1.6311643300045815
64.0,39.0,1006.5872802734376,0.2656690085363156,2.8994275720441487,-0.0359203097652873,2.439288483665521,-0.403613583524778,2.160790506390417,1.4511060060394816,0.484404972217794,3.372222679109396,2.807072668682597
64.0,39.0,1006.9229125976562,0.9773504019739024,2.740919523925674,-0.7208675711544004,3.4951392537713284,-0.5533562906214642,1.57964222441972,1.7092041256231807,-0.0059608132761654,3.048427825623034,1.6695635226820276
64.0,39.0,1005.5903930664062,1.0850608351254831,3.0729081885232894,-0.0173533722472141,2.6411138831518057,-0.5004146304737389,1.436460637911377,1.5780674897249076,1.4846329996870586,4.064692075809855,0.3497848194679321
64.0,39.0,1007.6295166015624,0.760632210368182,2.523489045540816,-0.6855887691901628,3.5657736665516566,0.317790458735649,0.3180960001700268,0.5613519826010546,0.3918729921785278,3.6392256882701166,1.6770418837070526
64.0,39.0,1005.7882080078124,1.930989912640924,2.5698273775009017,-0.4222718299406413,2.2647280101266523,-1.2334670620841697,1.1900713704557306,1.273633231737758,-0.0756089152430987,3.487418316929421,1.693288812527204
64.0,39.0,1007.544677734375,-0.2805326006232682,3.1038845231404446,-0.1870705914575828,3.988367848503743,-0.2562732772840708,1.540852333686741,0.7450130913541388,1.6656985897711236,2.857401366589688,0.9264712942409098
64.0,39.0,1004.8368530273438,-0.0192859539180938,3.1458012448024646,-0.4052589456220559,3.5837623621294377,-0.4446218579421889,1.004306573519272,1.0674916208430016,-0.1473208806064043,4.659302750457305,1.266183010783346
64.0,39.0,1005.0035400390624,1.488088734200528,3.2964916798764268,-0.081613556681665,3.4931910742310563,-0.4795947022471148,1.19443031097595,1.5983254058784726,0.3030366300005376,3.1093375136026897,1.3517079212642986
64.0,39.0,1005.6852416992188,1.2499511299324857,3.114938998617727,-0.120748307078449,3.5116358364440505,-1.444135019735279,1.078936544639041,1.0534340933650794,-0.1897722319095695,3.584328767139105,1.8579468178984029
64.0,39.0,1005.8321533203124,0.377814434290604,3.895551475372848,0.0535583373255332,3.414557908843645,-0.5334289284626546,0.985593986932181,0.7933330380200138,0.0535584523865163,3.290998620666775,1.0098828753892786
64.0,39.0,1008.1739501953124,1.6413635358121716,3.343269745080816,0.2019027360287677,3.5348093235497835,-0.1942484375916076,0.9530267104471426,1.1052031353316056,0.0297497040701961,3.35263353716934,1.512207743913377
64.0,39.0,1006.750732421875,1.4983206496546757,3.310143956253831,-0.0995478391109807,4.111181782258067,-0.0736615879452686,2.3151370482507234,0.654147595066203,0.6455422381112422,3.3493750202887504,1.9151768831651383
64.0,39.0,1005.9476318359376,0.0416259073064684,3.056620648095169,0.9059087932371556,3.541676985417584,-0.4558259587305865,-0.3150494321593007,1.05123482986649,-0.0994281152615595,3.238383279985208,1.6565234082160285
64.0,39.0,1006.3308715820312,1.535959406806901,3.012881012953959,-0.1663306996994601,3.5850778383914594,-0.2867194392540477,1.0486903470382465,1.1491035130694829,-0.0172823082687018,3.5717012420075,1.522958118209904
64.0,39.0,1005.21337890625,1.1138422598907147,3.163510525715634,-0.3509051133911852,2.6758266898773537,-0.5122082648359199,1.0718111705207738,1.65587216787568,-1.0170876187562123,3.54151433099572,1.3460114713344828
64.0,39.0,1004.9675903320312,0.5163418992741506,3.048817683689679,-0.6671757961656667,3.038681368765338,-1.5010622553438249,0.7996637919310045,1.2467383098495923,0.0980610079545224,3.3445950501342527,1.5795039091826957
64.0,39.0,1008.155029296875,0.1899101776962971,3.182073383108013,-0.3837736624597996,3.479882305506419,-1.3813124223710167,1.3305780647933154,1.2388417457404084,-0.2462283989860767,3.308109865441909,1.0103765142496082
64.0,39.0,1005.5949096679688,1.065741447403239,3.566321993171797,-0.1722097588879127,3.335195644635442,0.4153135222526197,1.6432684793938577,1.2308026718224587,0.3065238812510272,3.32453208933479,1.4181087479272612
64.0,39.0,1007.9334716796876,1.1860174019719103,3.062699769325937,-0.5772754403344685,2.921296152802124,0.5203220957234284,1.220967665268109,0.7885410124274673,0.5750653020390918,3.2007527019435167,1.7099313399677305
64.0,39.0,1007.3814086914062,1.37501567893667,2.796826013722564,-0.2415181677679952,4.221335396971198,-0.2078968184580427,1.4898404207350833,1.5180200398342767,0.2547780929846841,3.338302295211076,1.023318751440718
64.0,39.0,1009.033935546875,0.7907948968280503,2.661427459447934,-0.5268160144191615,4.287006405019467,-0.1130135817789936,1.2681326125998775,1.2705267445638435,-0.3852123558156371,1.947299356546571,2.472532782050432
64.0,39.0,1005.1350708007812,0.1661038185710084,2.5390123143543657,2.0774916054569346,1.835614257140512,-1.5735118140693944,0.0393769710875324,1.5364656260845004,0.9512514490147672,2.833057723425437,1.6722709438483858
64.0,39.0,1007.6941528320312,-0.9191563805964992,-0.0739405032805775,1.058587782348256,2.5088568339158472,-0.4944091546357916,0.0149281589082759,1.2909744872868127,0.725586256491825,1.7227688893335578,1.4566318141616184
64.0,39.0,1003.6841430664062,1.5264166200797986,3.063097861613356,-0.215819897253269,3.5490497273888275,-0.2048867388282806,1.0826619122252867,1.0511392207255632,-0.0170243374408754,3.2973942147249127,1.6821927523441609
64.0,39.0,1006.7684936523438,1.3436931167584212,2.9723827309808475,-0.6990999954194496,3.448097725237284,-0.2091829105316387,0.262391251339839,1.03385109722468,-0.0967344722036515,3.302876430253528,1.7245487486675914
64.0,39.0,1006.3912353515624,1.0823124156003283,3.145532408020725,0.0937498638335725,4.3492484902596935,-0.983369492477124,0.3045399617600217,1.0355153888892177,-0.6035785196627739,3.47882371336145,1.9749920545649893
64.0,39.0,1007.2195434570312,1.107853528394951,3.1514934678575024,0.5847267682804803,3.806017392757778,-0.2413427680063064,0.957334503805197,1.2568837854488455,1.89889274064964,3.33260050331774,1.6834150055490549
64.0,39.0,1006.4755249023438,1.5373922129536688,3.032235559935451,0.6874268984749604,3.275338603754686,-0.2140326921908348,1.494799281789143,0.9278351614159914,0.1155832775990138,3.2730834620692755,1.8184178138756064
64.0,39.0,1005.9786376953124,1.1755166225902458,3.0139295819900664,-0.2417305383366287,3.616814653335077,-0.2729520402836232,1.8592848557108288,1.1177652924446315,0.1211451494947978,3.912459696901169,2.2316448068592054
64.0,39.0,1004.7403564453124,0.4804166552562906,3.142058809388116,-0.507253232726782,3.78275224637308,-0.5671588827166028,1.1261544357254607,1.4122039073154182,0.5007209311294231,3.503301094810195,1.926829920271378
64.0,39.0,1009.2369384765624,0.7719457450167173,3.067468518497742,0.1438674432862803,4.201429714841284,0.6009588464599838,1.2267336499088082,1.4269277437993857,0.4169023640793585,3.52345155282314,1.4499758682082091
64.0,39.0,1006.9170532226562,1.5008135023933489,2.9861872071511346,-0.431893834371605,2.8214919187287486,-0.2261427739521425,1.1105615551034884,0.4838116239205338,-0.0052966471293471,3.1909425469340382,0.7855032477643943
64.0,39.0,1005.6001586914062,0.1781387739601991,2.8222566258346973,-1.2784227836424644,2.158820161725356,-1.3598118191510389,1.8033214309254848,1.4312019484559402,0.0812233307260337,2.5723035292130967,1.5728984824109573
64.0,39.0,1005.8743896484376,0.0594998054986024,2.4736092679713666,-0.1808303602303297,1.535912543515276,-0.2128728184311272,0.8096079746393341,0.1778975985534896,-0.0199302804665875,3.321000599716123,2.4317144383963893
64.0,39.0,1007.895263671875,1.3319244160992043,2.389288232099103,-0.2466958012974541,3.732761168548125,-0.1377479343680739,0.2240002656706234,1.5582169901547704,0.0645457230727531,2.3773398390282097,1.5798125068871829
64.0,40.0,1006.11962890625,-0.497682321193742,3.030567283483479,-0.5787679993007673,1.468996806504657,-1.102800242265915,1.463907549460452,-0.3849157258589892,0.1852476260815461,1.9192500309728429,0.8627286160848842
64.0,40.0,1008.2119750976562,0.2295182395249504,3.0576822426853543,0.3467954752061961,3.5586452951576746,0.6381026335546871,1.251121008597775,0.7184820511575087,0.0030532445906716,3.6499651406658056,1.3191647467111327
64.0,40.0,1006.3142700195312,1.139511611358937,3.0694613868905667,-0.1653637898345447,3.4430469374271744,-0.2036379756711497,1.017926728273767,0.9696821854232316,-0.0703918319987118,3.339716178654164,1.1256383025099117
64.0,40.0,1005.7072143554688,1.6491448804843336,2.9104453120023,-0.2376035463302053,3.615676320374159,-0.5459213406507523,1.0802436756395946,1.0229389087533642,-0.0226071327225542,3.134768809825729,1.4551102740604491
64.0,40.0,1005.2555541992188,-0.5037094802039921,3.707585390221884,-0.3280569768488796,3.321070462527059,0.979043172621886,-0.4155761280008436,0.9565504599200948,0.2951346271246178,3.295787014291044,2.1819067114242974
64.0,40.0,1008.2530517578124,1.5270982961521142,2.378577058659652,-0.1300141971189669,3.4316988602336704,-0.3495752633471561,0.6940326962933131,0.758785861126745,0.0664492484260929,3.002636118435235,0.7040430065820917
64.0,40.0,1006.2119140625,0.4893625390202833,1.7795423029239368,-0.2283334970089545,3.1277989280704825,0.4981169607027755,1.141197769335064,2.5146578201478693,1.975507430672696,4.311031517865723,2.0922100116751228
64.0,40.0,1006.5108642578124,1.1685864152557035,2.7422863333485434,-0.1019311206427966,3.4927380014308915,-0.2862684911241392,1.1077000929173788,1.0805232300206655,0.6838549062987216,3.220790808114516,1.679788189972098
64.0,40.0,1007.9924926757812,1.1304915359682637,4.2256386911715,-0.1397065042772326,3.3138439181342862,-0.2594859333120968,1.224257591352554,0.951273481078933,-0.2382050104252313,3.2816847651646595,1.422045957820127
64.0,40.0,1004.5355224609376,-0.2067583177486083,2.156645823399848,1.1237471826284795,3.780946817479548,-0.5114493991580722,1.3470285072754011,1.5426076556614716,0.9251629364195506,3.6326501297850458,1.193605314089168
64.0,40.0,1008.21923828125,-0.298219533117912,3.0185482192187125,0.285171031606693,2.599554216036076,0.2880969029957859,0.997517497305429,-0.590278083953078,0.2804241833235376,3.559147233411687,0.1670701598797905
64.0,40.0,1006.3345947265624,2.034042837590201,2.9125964116908234,-0.2024967773422643,3.3085072469478023,-0.07703122756074,0.9718660779238922,0.9340710653988924,1.2723474077259571,3.310849095998795,1.667239863445168
64.0,40.0,1007.4547729492188,1.43629090195749,3.110062472569856,-0.6944199584856007,3.302300007810594,0.2527122463629391,1.3830220275508731,1.1692670148495758,0.4543218612108505,3.286882813634093,1.9327433745059648
64.0,40.0,1005.8555297851562,0.0747060267511887,2.3930770738970044,0.203204090654355,2.721340942344091,-0.1101949552318505,1.5860054495117537,1.079938071505054,0.3060736121612265,1.762883173269604,1.6908510216610382
64.0,40.0,1005.079833984375,0.8078773908434,3.0635542735379326,-0.2222773718837908,3.644619233544741,-0.0438507735814526,1.4232936018416082,0.7302359461628485,0.463335757005806,3.131559441489576,1.6311643300045815
64.0,40.0,1006.5872802734376,0.2656690085363156,2.8994275720441487,-0.0359203097652873,2.439288483665521,-0.403613583524778,2.160790506390417,1.4511060060394816,0.484404972217794,3.372222679109396,2.807072668682597
64.0,40.0,1006.9229125976562,0.9773504019739024,2.740919523925674,-0.7208675711544004,3.4951392537713284,-0.5533562906214642,1.57964222441972,1.7092041256231807,-0.0059608132761654,3.048427825623034,1.6695635226820276
64.0,40.0,1005.5903930664062,1.0850608351254831,3.0729081885232894,-0.0173533722472141,2.6411138831518057,-0.5004146304737389,1.436460637911377,1.5780674897249076,1.4846329996870586,4.064692075809855,0.3497848194679321
64.0,40.0,1007.6295166015624,0.760632210368182,2.523489045540816,-0.6855887691901628,3.5657736665516566,0.317790458735649,0.3180960001700268,0.5613519826010546,0.3918729921785278,3.6392256882701166,1.6770418837070526
64.0,40.0,1005.7882080078124,1.930989912640924,2.5698273775009017,-0.4222718299406413,2.2647280101266523,-1.2334670620841697,1.1900713704557306,1.273633231737758,-0.0756089152430987,3.487418316929421,1.693288812527204
64.0,40.0,1007.544677734375,-0.2805326006232682,3.1038845231404446,-0.1870705914575828,3.988367848503743,-0.2562732772840708,1.540852333686741,0.7450130913541388,1.6656985897711236,2.857401366589688,0.9264712942409098
64.0,40.0,1004.8368530273438,-0.0192859539180938,3.1458012448024646,-0.4052589456220559,3.5837623621294377,-0.4446218579421889,1.004306573519272,1.0674916208430016,-0.1473208806064043,4.659302750457305,1.266183010783346
64.0,40.0,1005.0035400390624,1.488088734200528,3.2964916798764268,-0.081613556681665,3.4931910742310563,-0.4795947022471148,1.19443031097595,1.5983254058784726,0.3030366300005376,3.1093375136026897,1.3517079212642986
64.0,40.0,1005.6852416992188,1.2499511299324857,3.114938998617727,-0.120748307078449,3.5116358364440505,-1.444135019735279,1.078936544639041,1.0534340933650794,-0.1897722319095695,3.584328767139105,1.8579468178984029
64.0,40.0,1005.8321533203124,0.377814434290604,3.895551475372848,0.0535583373255332,3.414557908843645,-0.5334289284626546,0.985593986932181,0.7933330380200138,0.0535584523865163,3.290998620666775,1.0098828753892786
64.0,40.0,1008.1739501953124,1.6413635358121716,3.343269745080816,0.2019027360287677,3.5348093235497835,-0.1942484375916076,0.9530267104471426,1.1052031353316056,0.0297497040701961,3.35263353716934,1.512207743913377
64.0,40.0,1006.750732421875,1.4983206496546757,3.310143956253831,-0.0995478391109807,4.111181782258067,-0.0736615879452686,2.3151370482507234,0.654147595066203,0.6455422381112422,3.3493750202887504,1.9151768831651383
64.0,40.0,1005.9476318359376,0.0416259073064684,3.056620648095169,0.9059087932371556,3.541676985417584,-0.4558259587305865,-0.3150494321593007,1.05123482986649,-0.0994281152615595,3.238383279985208,1.6565234082160285
64.0,40.0,1006.3308715820312,1.535959406806901,3.012881012953959,-0.1663306996994601,3.5850778383914594,-0.2867194392540477,1.0486903470382465,1.1491035130694829,-0.0172823082687018,3.5717012420075,1.522958118209904
64.0,40.0,1005.21337890625,1.1138422598907147,3.163510525715634,-0.3509051133911852,2.6758266898773537,-0.5122082648359199,1.0718111705207738,1.65587216787568,-1.0170876187562123,3.54151433099572,1.3460114713344828
64.0,40.0,1004.9675903320312,0.5163418992741506,3.048817683689679,-0.6671757961656667,3.038681368765338,-1.5010622553438249,0.7996637919310045,1.2467383098495923,0.0980610079545224,3.3445950501342527,1.5795039091826957
64.0,40.0,1008.155029296875,0.1899101776962971,3.182073383108013,-0.3837736624597996,3.479882305506419,-1.3813124223710167,1.3305780647933154,1.2388417457404084,-0.2462283989860767,3.308109865441909,1.0103765142496082
64.0,40.0,1005.5949096679688,1.065741447403239,3.566321993171797,-0.1722097588879127,3.335195644635442,0.4153135222526197,1.6432684793938577,1.2308026718224587,0.3065238812510272,3.32453208933479,1.4181087479272612
64.0,40.0,1007.9334716796876,1.1860174019719103,3.062699769325937,-0.5772754403344685,2.921296152802124,0.5203220957234284,1.220967665268109,0.7885410124274673,0.5750653020390918,3.2007527019435167,1.7099313399677305
64.0,40.0,1007.3814086914062,1.37501567893667,2.796826013722564,-0.2415181677679952,4.221335396971198,-0.2078968184580427,1.4898404207350833,1.5180200398342767,0.2547780929846841,3.338302295211076,1.023318751440718
64.0,40.0,1009.033935546875,0.7907948968280503,2.661427459447934,-0.5268160144191615,4.287006405019467,-0.1130135817789936,1.2681326125998775,1.2705267445638435,-0.3852123558156371,1.947299356546571,2.472532782050432
64.0,40.0,1005.1350708007812,0.1661038185710084,2.5390123143543657,2.0774916054569346,1.835614257140512,-1.5735118140693944,0.0393769710875324,1.5364656260845004,0.9512514490147672,2.833057723425437,1.6722709438483858
64.0,40.0,1007.6941528320312,-0.9191563805964992,-0.0739405032805775,1.058587782348256,2.5088568339158472,-0.4944091546357916,0.0149281589082759,1.2909744872868127,0.725586256491825,1.7227688893335578,1.4566318141616184
64.0,40.0,1003.6841430664062,1.5264166200797986,3.063097861613356,-0.215819897253269,3.5490497273888275,-0.2048867388282806,1.0826619122252867,1.0511392207255632,-0.0170243374408754,3.2973942147249127,1.6821927523441609
64.0,40.0,1006.7684936523438,1.3436931167584212,2.9723827309808475,-0.6990999954194496,3.448097725237284,-0.2091829105316387,0.262391251339839,1.03385109722468,-0.0967344722036515,3.302876430253528,1.7245487486675914
64.0,40.0,1006.3912353515624,1.0823124156003283,3.145532408020725,0.0937498638335725,4.3492484902596935,-0.983369492477124,0.3045399617600217,1.0355153888892177,-0.6035785196627739,3.47882371336145,1.9749920545649893
64.0,40.0,1007.2195434570312,1.107853528394951,3.1514934678575024,0.5847267682804803,3.806017392757778,-0.2413427680063064,0.957334503805197,1.2568837854488455,1.89889274064964,3.33260050331774,1.6834150055490549
64.0,40.0,1006.4755249023438,1.5373922129536688,3.032235559935451,0.6874268984749604,3.275338603754686,-0.2140326921908348,1.494799281789143,0.9278351614159914,0.1155832775990138,3.2730834620692755,1.8184178138756064
64.0,40.0,1005.9786376953124,1.1755166225902458,3.0139295819900664,-0.2417305383366287,3.616814653335077,-0.2729520402836232,1.8592848557108288,1.1177652924446315,0.1211451494947978,3.912459696901169,2.2316448068592054
64.0,40.0,1004.7403564453124,0.4804166552562906,3.142058809388116,-0.507253232726782,3.78275224637308,-0.5671588827166028,1.1261544357254607,1.4122039073154182,0.5007209311294231,3.503301094810195,1.926829920271378
64.0,40.0,1009.2369384765624,0.7719457450167173,3.067468518497742,0.1438674432862803,4.201429714841284,0.6009588464599838,1.2267336499088082,1.4269277437993857,0.4169023640793585,3.52345155282314,1.4499758682082091
64.0,40.0,1006.9170532226562,1.5008135023933489,2.9861872071511346,-0.431893834371605,2.8214919187287486,-0.2261427739521425,1.1105615551034884,0.4838116239205338,-0.0052966471293471,3.1909425469340382,0.7855032477643943
64.0,40.0,1005.6001586914062,0.1781387739601991,2.8222566258346973,-1.2784227836424644,2.158820161725356,-1.3598118191510389,1.8033214309254848,1.4312019484559402,0.0812233307260337,2.5723035292130967,1.5728984824109573
64.0,40.0,1005.8743896484376,0.0594998054986024,2.4736092679713666,-0.1808303602303297,1.535912543515276,-0.2128728184311272,0.8096079746393341,0.1778975985534896,-0.0199302804665875,3.321000599716123,2.4317144383963893
64.0,40.0,1007.895263671875,1.3319244160992043,2.389288232099103,-0.2466958012974541,3.732761168548125,-0.1377479343680739,0.2240002656706234,1.5582169901547704,0.0645457230727531,2.3773398390282097,1.5798125068871829
64.0,41.0,1006.11962890625,-0.497682321193742,3.030567283483479,-0.5787679993007673,1.468996806504657,-1.102800242265915,1.463907549460452,-0.3849157258589892,0.1852476260815461,1.9192500309728429,0.8627286160848842
64.0,41.0,1008.2119750976562,0.2295182395249504,3.0576822426853543,0.3467954752061961,3.5586452951576746,0.6381026335546871,1.251121008597775,0.7184820511575087,0.0030532445906716,3.6499651406658056,1.3191647467111327
64.0,41.0,1006.3142700195312,1.139511611358937,3.0694613868905667,-0.1653637898345447,3.4430469374271744,-0.2036379756711497,1.017926728273767,0.9696821854232316,-0.0703918319987118,3.339716178654164,1.1256383025099117
64.0,41.0,1005.7072143554688,1.6491448804843336,2.9104453120023,-0.2376035463302053,3.615676320374159,-0.5459213406507523,1.0802436756395946,1.0229389087533642,-0.0226071327225542,3.134768809825729,1.4551102740604491
64.0,41.0,1005.2555541992188,-0.5037094802039921,3.707585390221884,-0.3280569768488796,3.321070462527059,0.979043172621886,-0.4155761280008436,0.9565504599200948,0.2951346271246178,3.295787014291044,2.1819067114242974
64.0,41.0,1008.2530517578124,1.5270982961521142,2.378577058659652,-0.1300141971189669,3.4316988602336704,-0.3495752633471561,0.6940326962933131,0.758785861126745,0.0664492484260929,3.002636118435235,0.7040430065820917
64.0,41.0,1006.2119140625,0.4893625390202833,1.7795423029239368,-0.2283334970089545,3.1277989280704825,0.4981169607027755,1.141197769335064,2.5146578201478693,1.975507430672696,4.311031517865723,2.0922100116751228
64.0,41.0,1006.5108642578124,1.1685864152557035,2.7422863333485434,-0.1019311206427966,3.4927380014308915,-0.2862684911241392,1.1077000929173788,1.0805232300206655,0.6838549062987216,3.220790808114516,1.679788189972098
64.0,41.0,1007.9924926757812,1.1304915359682637,4.2256386911715,-0.1397065042772326,3.3138439181342862,-0.2594859333120968,1.224257591352554,0.951273481078933,-0.2382050104252313,3.2816847651646595,1.422045957820127
64.0,41.0,1004.5355224609376,-0.2067583177486083,2.156645823399848,1.1237471826284795,3.780946817479548,-0.5114493991580722,1.3470285072754011,1.5426076556614716,0.9251629364195506,3.6326501297850458,1.193605314089168
64.0,41.0,1008.21923828125,-0.298219533117912,3.0185482192187125,0.285171031606693,2.599554216036076,0.2880969029957859,0.997517497305429,-0.590278083953078,0.2804241833235376,3.559147233411687,0.1670701598797905
64.0,41.0,1006.3345947265624,2.034042837590201,2.9125964116908234,-0.2024967773422643,3.3085072469478023,-0.07703122756074,0.9718660779238922,0.9340710653988924,1.2723474077259571,3.310849095998795,1.667239863445168
64.0,41.0,1007.4547729492188,1.43629090195749,3.110062472569856,-0.6944199584856007,3.302300007810594,0.2527122463629391,1.3830220275508731,1.1692670148495758,0.4543218612108505,3.286882813634093,1.9327433745059648
64.0,41.0,1005.8555297851562,0.0747060267511887,2.3930770738970044,0.203204090654355,2.721340942344091,-0.1101949552318505,1.5860054495117537,1.079938071505054,0.3060736121612265,1.762883173269604,1.6908510216610382
64.0,41.0,1005.079833984375,0.8078773908434,3.0635542735379326,-0.2222773718837908,3.644619233544741,-0.0438507735814526,1.4232936018416082,0.7302359461628485,0.463335757005806,3.131559441489576,1.6311643300045815
64.0,41.0,1006.5872802734376,0.2656690085363156,2.8994275720441487,-0.0359203097652873,2.439288483665521,-0.403613583524778,2.160790506390417,1.4511060060394816,0.484404972217794,3.372222679109396,2.807072668682597
64.0,41.0,1006.9229125976562,0.9773504019739024,2.740919523925674,-0.7208675711544004,3.4951392537713284,-0.5533562906214642,1.57964222441972,1.7092041256231807,-0.0059608132761654,3.048427825623034,1.6695635226820276
64.0,41.0,1005.4412231445312,1.0760585928896025,3.043829209022953,0.1516249576889987,2.5040090899037493,0.108098310179216,1.3923376410461463,1.0123123187632306,-0.980625588420784,3.3143856714436004,0.2993660291472664
64.0,41.0,1007.6295166015624,0.760632210368182,2.523489045540816,-0.6855887691901628,3.5657736665516566,0.317790458735649,0.3180960001700268,0.5613519826010546,0.3918729921785278,3.6392256882701166,1.6770418837070526
64.0,41.0,1005.7882080078124,1.930989912640924,2.5698273775009017,-0.4222718299406413,2.2647280101266523,-1.2334670620841697,1.1900713704557306,1.273633231737758,-0.0756089152430987,3.487418316929421,1.693288812527204
64.0,41.0,1007.544677734375,-0.2805326006232682,3.1038845231404446,-0.1870705914575828,3.988367848503743,-0.2562732772840708,1.540852333686741,0.7450130913541388,1.6656985897711236,2.857401366589688,0.9264712942409098
64.0,41.0,1004.8368530273438,-0.0192859539180938,3.1458012448024646,-0.4052589456220559,3.5837623621294377,-0.4446218579421889,1.004306573519272,1.0674916208430016,-0.1473208806064043,4.659302750457305,1.266183010783346
64.0,41.0,1005.0035400390624,1.488088734200528,3.2964916798764268,-0.081613556681665,3.4931910742310563,-0.4795947022471148,1.19443031097595,1.5983254058784726,0.3030366300005376,3.1093375136026897,1.3517079212642986
64.0,41.0,1005.6852416992188,1.2499511299324857,3.114938998617727,-0.120748307078449,3.5116358364440505,-1.444135019735279,1.078936544639041,1.0534340933650794,-0.1897722319095695,3.584328767139105,1.8579468178984029
64.0,41.0,1005.8321533203124,0.377814434290604,3.895551475372848,0.0535583373255332,3.414557908843645,-0.5334289284626546,0.985593986932181,0.7933330380200138,0.0535584523865163,3.290998620666775,1.0098828753892786
64.0,41.0,1008.1739501953124,1.6413635358121716,3.343269745080816,0.2019027360287677,3.5348093235497835,-0.1942484375916076,0.9530267104471426,1.1052031353316056,0.0297497040701961,3.35263353716934,1.512207743913377
64.0,41.0,1006.750732421875,1.4983206496546757,3.310143956253831,-0.0995478391109807,4.111181782258067,-0.0736615879452686,2.3151370482507234,0.654147595066203,0.6455422381112422,3.3493750202887504,1.9151768831651383
64.0,41.0,1005.9476318359376,0.0416259073064684,3.056620648095169,0.9059087932371556,3.541676985417584,-0.4558259587305865,-0.3150494321593007,1.05123482986649,-0.0994281152615595,3.238383279985208,1.6565234082160285
64.0,41.0,1006.3308715820312,1.535959406806901,3.012881012953959,-0.1663306996994601,3.5850778383914594,-0.2867194392540477,1.0486903470382465,1.1491035130694829,-0.0172823082687018,3.5717012420075,1.522958118209904
64.0,41.0,1005.21337890625,1.1138422598907147,3.163510525715634,-0.3509051133911852,2.6758266898773537,-0.5122082648359199,1.0718111705207738,1.65587216787568,-1.0170876187562123,3.54151433099572,1.3460114713344828
64.0,41.0,1004.9675903320312,0.5163418992741506,3.048817683689679,-0.6671757961656667,3.038681368765338,-1.5010622553438249,0.7996637919310045,1.2467383098495923,0.0980610079545224,3.3445950501342527,1.5795039091826957
64.0,41.0,1008.155029296875,0.1899101776962971,3.182073383108013,-0.3837736624597996,3.479882305506419,-1.3813124223710167,1.3305780647933154,1.2388417457404084,-0.2462283989860767,3.308109865441909,1.0103765142496082
64.0,41.0,1005.5949096679688,1.065741447403239,3.566321993171797,-0.1722097588879127,3.335195644635442,0.4153135222526197,1.6432684793938577,1.2308026718224587,0.3065238812510272,3.32453208933479,1.4181087479272612
64.0,41.0,1007.9334716796876,1.1860174019719103,3.062699769325937,-0.5772754403344685,2.921296152802124,0.5203220957234284,1.220967665268109,0.7885410124274673,0.5750653020390918,3.2007527019435167,1.7099313399677305
64.0,41.0,1007.3814086914062,1.37501567893667,2.796826013722564,-0.2415181677679952,4.221335396971198,-0.2078968184580427,1.4898404207350833,1.5180200398342767,0.2547780929846841,3.338302295211076,1.023318751440718
64.0,41.0,1009.033935546875,0.7907948968280503,2.661427459447934,-0.5268160144191615,4.287006405019467,-0.1130135817789936,1.2681326125998775,1.2705267445638435,-0.3852123558156371,1.947299356546571,2.472532782050432
64.0,41.0,1005.1350708007812,0.1661038185710084,2.5390123143543657,2.0774916054569346,1.835614257140512,-1.5735118140693944,0.0393769710875324,1.5364656260845004,0.9512514490147672,2.833057723425437,1.6722709438483858
64.0,41.0,1007.6941528320312,-0.9191563805964992,-0.0739405032805775,1.058587782348256,2.5088568339158472,-0.4944091546357916,0.0149281589082759,1.2909744872868127,0.725586256491825,1.7227688893335578,1.4566318141616184
64.0,41.0,1003.6841430664062,1.5264166200797986,3.063097861613356,-0.215819897253269,3.5490497273888275,-0.2048867388282806,1.0826619122252867,1.0511392207255632,-0.0170243374408754,3.2973942147249127,1.6821927523441609
64.0,41.0,1006.7684936523438,1.3436931167584212,2.9723827309808475,-0.6990999954194496,3.448097725237284,-0.2091829105316387,0.262391251339839,1.03385109722468,-0.0967344722036515,3.302876430253528,1.7245487486675914
64.0,41.0,1006.3912353515624,1.0823124156003283,3.145532408020725,0.0937498638335725,4.3492484902596935,-0.983369492477124,0.3045399617600217,1.0355153888892177,-0.6035785196627739,3.47882371336145,1.9749920545649893
64.0,41.0,1007.2195434570312,1.107853528394951,3.1514934678575024,0.5847267682804803,3.806017392757778,-0.2413427680063064,0.957334503805197,1.2568837854488455,1.89889274064964,3.33260050331774,1.6834150055490549
64.0,41.0,1006.4755249023438,1.5373922129536688,3.032235559935451,0.6874268984749604,3.275338603754686,-0.2140326921908348,1.494799281789143,0.9278351614159914,0.1155832775990138,3.2730834620692755,1.8184178138756064
64.0,41.0,1005.9786376953124,1.1755166225902458,3.0139295819900664,-0.2417305383366287,3.616814653335077,-0.2729520402836232,1.8592848557108288,1.1177652924446315,0.1211451494947978,3.912459696901169,2.2316448068592054
64.0,41.0,1004.7403564453124,0.4804166552562906,3.142058809388116,-0.507253232726782,3.78275224637308,-0.5671588827166028,1.1261544357254607,1.4122039073154182,0.5007209311294231,3.503301094810195,1.926829920271378
64.0,41.0,1009.2369384765624,0.7719457450167173,3.067468518497742,0.1438674432862803,4.201429714841284,0.6009588464599838,1.2267336499088082,1.4269277437993857,0.4169023640793585,3.52345155282314,1.4499758682082091
64.0,41.0,1006.9170532226562,1.5008135023933489,2.9861872071511346,-0.431893834371605,2.8214919187287486,-0.2261427739521425,1.1105615551034884,0.4838116239205338,-0.0052966471293471,3.1909425469340382,0.7855032477643943
64.0,41.0,1005.6001586914062,0.1781387739601991,2.8222566258346973,-1.2784227836424644,2.158820161725356,-1.3598118191510389,1.8033214309254848,1.4312019484559402,0.0812233307260337,2.5723035292130967,1.5728984824109573
64.0,41.0,1005.8743896484376,0.0594998054986024,2.4736092679713666,-0.1808303602303297,1.535912543515276,-0.2128728184311272,0.8096079746393341,0.1778975985534896,-0.0199302804665875,3.321000599716123,2.4317144383963893
64.0,41.0,1007.895263671875,1.3319244160992043,2.389288232099103,-0.2466958012974541,3.732761168548125,-0.1377479343680739,0.2240002656706234,1.5582169901547704,0.0645457230727531,2.3773398390282097,1.5798125068871829
64.0,42.0,1006.11962890625,-0.497682321193742,3.030567283483479,-0.5787679993007673,1.468996806504657,-1.102800242265915,1.463907549460452,-0.3849157258589892,0.1852476260815461,1.9192500309728429,0.8627286160848842
64.0,42.0,1008.2119750976562,0.2295182395249504,3.0576822426853543,0.3467954752061961,3.5586452951576746,0.6381026335546871,1.251121008597775,0.7184820511575087,0.0030532445906716,3.6499651406658056,1.3191647467111327
64.0,42.0,1006.3142700195312,1.139511611358937,3.0694613868905667,-0.1653637898345447,3.4430469374271744,-0.2036379756711497,1.017926728273767,0.9696821854232316,-0.0703918319987118,3.339716178654164,1.1256383025099117
64.0,42.0,1005.7072143554688,1.6491448804843336,2.9104453120023,-0.2376035463302053,3.615676320374159,-0.5459213406507523,1.0802436756395946,1.0229389087533642,-0.0226071327225542,3.134768809825729,1.4551102740604491
64.0,42.0,1005.2555541992188,-0.5037094802039921,3.707585390221884,-0.3280569768488796,3.321070462527059,0.979043172621886,-0.4155761280008436,0.9565504599200948,0.2951346271246178,3.295787014291044,2.1819067114242974
64.0,42.0,1008.2530517578124,1.5270982961521142,2.378577058659652,-0.1300141971189669,3.4316988602336704,-0.3495752633471561,0.6940326962933131,0.758785861126745,0.0664492484260929,3.002636118435235,0.7040430065820917
64.0,42.0,1006.2119140625,0.4893625390202833,1.7795423029239368,-0.2283334970089545,3.1277989280704825,0.4981169607027755,1.141197769335064,2.5146578201478693,1.975507430672696,4.311031517865723,2.0922100116751228
64.0,42.0,1006.5108642578124,1.1685864152557035,2.7422863333485434,-0.1019311206427966,3.4927380014308915,-0.2862684911241392,1.1077000929173788,1.0805232300206655,0.6838549062987216,3.220790808114516,1.679788189972098
64.0,42.0,1007.9924926757812,1.1304915359682637,4.2256386911715,-0.1397065042772326,3.3138439181342862,-0.2594859333120968,1.224257591352554,0.951273481078933,-0.2382050104252313,3.2816847651646595,1.422045957820127
64.0,42.0,1004.5355224609376,-0.2067583177486083,2.156645823399848,1.1237471826284795,3.780946817479548,-0.5114493991580722,1.3470285072754011,1.5426076556614716,0.9251629364195506,3.6326501297850458,1.193605314089168
64.0,42.0,1008.21923828125,-0.298219533117912,3.0185482192187125,0.285171031606693,2.599554216036076,0.2880969029957859,0.997517497305429,-0.590278083953078,0.2804241833235376,3.559147233411687,0.1670701598797905
64.0,42.0,1006.3345947265624,2.034042837590201,2.9125964116908234,-0.2024967773422643,3.3085072469478023,-0.07703122756074,0.9718660779238922,0.9340710653988924,1.2723474077259571,3.310849095998795,1.667239863445168
64.0,42.0,1007.4547729492188,1.43629090195749,3.110062472569856,-0.6944199584856007,3.302300007810594,0.2527122463629391,1.3830220275508731,1.1692670148495758,0.4543218612108505,3.286882813634093,1.9327433745059648
64.0,42.0,1005.8555297851562,0.0747060267511887,2.3930770738970044,0.203204090654355,2.721340942344091,-0.1101949552318505,1.5860054495117537,1.079938071505054,0.3060736121612265,1.762883173269604,1.6908510216610382
64.0,42.0,1005.079833984375,0.8078773908434,3.0635542735379326,-0.2222773718837908,3.644619233544741,-0.0438507735814526,1.4232936018416082,0.7302359461628485,0.463335757005806,3.131559441489576,1.6311643300045815
64.0,42.0,1006.5872802734376,0.2656690085363156,2.8994275720441487,-0.0359203097652873,2.439288483665521,-0.403613583524778,2.160790506390417,1.4511060060394816,0.484404972217794,3.372222679109396,2.807072668682597
64.0,42.0,1006.9229125976562,0.9773504019739024,2.740919523925674,-0.7208675711544004,3.4951392537713284,-0.5533562906214642,1.57964222441972,1.7092041256231807,-0.0059608132761654,3.048427825623034,1.6695635226820276
64.0,42.0,1005.4412231445312,1.0760585928896025,3.043829209022953,0.1516249576889987,2.5040090899037493,0.108098310179216,1.3923376410461463,1.0123123187632306,-0.980625588420784,3.3143856714436004,0.2993660291472664
64.0,42.0,1007.6295166015624,0.760632210368182,2.523489045540816,-0.6855887691901628,3.5657736665516566,0.317790458735649,0.3180960001700268,0.5613519826010546,0.3918729921785278,3.6392256882701166,1.6770418837070526
64.0,42.0,1005.7882080078124,1.930989912640924,2.5698273775009017,-0.4222718299406413,2.2647280101266523,-1.2334670620841697,1.1900713704557306,1.273633231737758,-0.0756089152430987,3.487418316929421,1.693288812527204
64.0,42.0,1007.544677734375,-0.2805326006232682,3.1038845231404446,-0.1870705914575828,3.988367848503743,-0.2562732772840708,1.540852333686741,0.7450130913541388,1.6656985897711236,2.857401366589688,0.9264712942409098
64.0,42.0,1004.8368530273438,-0.0192859539180938,3.1458012448024646,-0.4052589456220559,3.5837623621294377,-0.4446218579421889,1.004306573519272,1.0674916208430016,-0.1473208806064043,4.659302750457305,1.266183010783346
64.0,42.0,1005.0035400390624,1.488088734200528,3.2964916798764268,-0.081613556681665,3.4931910742310563,-0.4795947022471148,1.19443031097595,1.5983254058784726,0.3030366300005376,3.1093375136026897,1.3517079212642986
64.0,42.0,1005.6852416992188,1.2499511299324857,3.114938998617727,-0.120748307078449,3.5116358364440505,-1.444135019735279,1.078936544639041,1.0534340933650794,-0.1897722319095695,3.584328767139105,1.8579468178984029
64.0,42.0,1005.8321533203124,0.377814434290604,3.895551475372848,0.0535583373255332,3.414557908843645,-0.5334289284626546,0.985593986932181,0.7933330380200138,0.0535584523865163,3.290998620666775,1.0098828753892786
64.0,42.0,1008.1739501953124,1.6413635358121716,3.343269745080816,0.2019027360287677,3.5348093235497835,-0.1942484375916076,0.9530267104471426,1.1052031353316056,0.0297497040701961,3.35263353716934,1.512207743913377
64.0,42.0,1006.750732421875,1.4983206496546757,3.310143956253831,-0.0995478391109807,4.111181782258067,-0.0736615879452686,2.3151370482507234,0.654147595066203,0.6455422381112422,3.3493750202887504,1.9151768831651383
64.0,42.0,1005.9476318359376,0.0416259073064684,3.056620648095169,0.9059087932371556,3.541676985417584,-0.4558259587305865,-0.3150494321593007,1.05123482986649,-0.0994281152615595,3.238383279985208,1.6565234082160285
64.0,42.0,1006.3308715820312,1.535959406806901,3.012881012953959,-0.1663306996994601,3.5850778383914594,-0.2867194392540477,1.0486903470382465,1.1491035130694829,-0.0172823082687018,3.5717012420075,1.522958118209904
64.0,42.0,1005.21337890625,1.1138422598907147,3.163510525715634,-0.3509051133911852,2.6758266898773537,-0.5122082648359199,1.0718111705207738,1.65587216787568,-1.0170876187562123,3.54151433099572,1.3460114713344828
64.0,42.0,1004.9675903320312,0.5163418992741506,3.048817683689679,-0.6671757961656667,3.038681368765338,-1.5010622553438249,0.7996637919310045,1.2467383098495923,0.0980610079545224,3.3445950501342527,1.5795039091826957
64.0,42.0,1008.155029296875,0.1899101776962971,3.182073383108013,-0.3837736624597996,3.479882305506419,-1.3813124223710167,1.3305780647933154,1.2388417457404084,-0.2462283989860767,3.308109865441909,1.0103765142496082
64.0,42.0,1005.5949096679688,1.065741447403239,3.566321993171797,-0.1722097588879127,3.335195644635442,0.4153135222526197,1.6432684793938577,1.2308026718224587,0.3065238812510272,3.32453208933479,1.4181087479272612
64.0,42.0,1007.9334716796876,1.1860174019719103,3.062699769325937,-0.5772754403344685,2.921296152802124,0.5203220957234284,1.220967665268109,0.7885410124274673,0.5750653020390918,3.2007527019435167,1.7099313399677305
64.0,42.0,1007.3814086914062,1.37501567893667,2.796826013722564,-0.2415181677679952,4.221335396971198,-0.2078968184580427,1.4898404207350833,1.5180200398342767,0.2547780929846841,3.338302295211076,1.023318751440718
64.0,42.0,1009.033935546875,0.7907948968280503,2.661427459447934,-0.5268160144191615,4.287006405019467,-0.1130135817789936,1.2681326125998775,1.2705267445638435,-0.3852123558156371,1.947299356546571,2.472532782050432
64.0,42.0,1005.1350708007812,0.1661038185710084,2.5390123143543657,2.0774916054569346,1.835614257140512,-1.5735118140693944,0.0393769710875324,1.5364656260845004,0.9512514490147672,2.833057723425437,1.6722709438483858
64.0,42.0,1007.6941528320312,-0.9191563805964992,-0.0739405032805775,1.058587782348256,2.5088568339158472,-0.4944091546357916,0.0149281589082759,1.2909744872868127,0.725586256491825,1.7227688893335578,1.4566318141616184
64.0,42.0,1003.6841430664062,1.5264166200797986,3.063097861613356,-0.215819897253269,3.5490497273888275,-0.2048867388282806,1.0826619122252867,1.0511392207255632,-0.0170243374408754,3.2973942147249127,1.6821927523441609
64.0,42.0,1006.7684936523438,1.3436931167584212,2.9723827309808475,-0.6990999954194496,3.448097725237284,-0.2091829105316387,0.262391251339839,1.03385109722468,-0.0967344722036515,3.302876430253528,1.7245487486675914
64.0,42.0,1006.3912353515624,1.0823124156003283,3.145532408020725,0.0937498638335725,4.3492484902596935,-0.983369492477124,0.3045399617600217,1.0355153888892177,-0.6035785196627739,3.47882371336145,1.9749920545649893
64.0,42.0,1006.762451171875,0.911579189855552,2.951643676927795,0.8739934856927296,4.20168182927838,-0.2255314448514733,0.9538401412870204,1.055251361200275,2.289490443857167,3.223133074694574,1.6821020431151852
64.0,42.0,1006.4755249023438,1.5373922129536688,3.032235559935451,0.6874268984749604,3.275338603754686,-0.2140326921908348,1.494799281789143,0.9278351614159914,0.1155832775990138,3.2730834620692755,1.8184178138756064
64.0,42.0,1005.9786376953124,1.1755166225902458,3.0139295819900664,-0.2417305383366287,3.616814653335077,-0.2729520402836232,1.8592848557108288,1.1177652924446315,0.1211451494947978,3.912459696901169,2.2316448068592054
64.0,42.0,1004.7403564453124,0.4804166552562906,3.142058809388116,-0.507253232726782,3.78275224637308,-0.5671588827166028,1.1261544357254607,1.4122039073154182,0.5007209311294231,3.503301094810195,1.926829920271378
64.0,42.0,1009.2369384765624,0.7719457450167173,3.067468518497742,0.1438674432862803,4.201429714841284,0.6009588464599838,1.2267336499088082,1.4269277437993857,0.4169023640793585,3.52345155282314,1.4499758682082091
64.0,42.0,1006.9170532226562,1.5008135023933489,2.9861872071511346,-0.431893834371605,2.8214919187287486,-0.2261427739521425,1.1105615551034884,0.4838116239205338,-0.0052966471293471,3.1909425469340382,0.7855032477643943
64.0,42.0,1005.6001586914062,0.1781387739601991,2.8222566258346973,-1.2784227836424644,2.158820161725356,-1.3598118191510389,1.8033214309254848,1.4312019484559402,0.0812233307260337,2.5723035292130967,1.5728984824109573
64.0,42.0,1005.8743896484376,0.0594998054986024,2.4736092679713666,-0.1808303602303297,1.535912543515276,-0.2128728184311272,0.8096079746393341,0.1778975985534896,-0.0199302804665875,3.321000599716123,2.4317144383963893
64.0,42.0,1007.895263671875,1.3319244160992043,2.389288232099103,-0.2466958012974541,3.732761168548125,-0.1377479343680739,0.2240002656706234,1.5582169901547704,0.0645457230727531,2.3773398390282097,1.5798125068871829
64.0,43.0,1006.11962890625,-0.497682321193742,3.030567283483479,-0.5787679993007673,1.468996806504657,-1.102800242265915,1.463907549460452,-0.3849157258589892,0.1852476260815461,1.9192500309728429,0.8627286160848842
64.0,43.0,1008.2119750976562,0.2295182395249504,3.0576822426853543,0.3467954752061961,3.5586452951576746,0.6381026335546871,1.251121008597775,0.7184820511575087,0.0030532445906716,3.6499651406658056,1.3191647467111327
64.0,43.0,1006.3142700195312,1.139511611358937,3.0694613868905667,-0.1653637898345447,3.4430469374271744,-0.2036379756711497,1.017926728273767,0.9696821854232316,-0.0703918319987118,3.339716178654164,1.1256383025099117
64.0,43.0,1005.7072143554688,1.6491448804843336,2.9104453120023,-0.2376035463302053,3.615676320374159,-0.5459213406507523,1.0802436756395946,1.0229389087533642,-0.0226071327225542,3.134768809825729,1.4551102740604491
64.0,43.0,1005.2555541992188,-0.5037094802039921,3.707585390221884,-0.3280569768488796,3.321070462527059,0.979043172621886,-0.4155761280008436,0.9565504599200948,0.2951346271246178,3.295787014291044,2.1819067114242974
64.0,43.0,1008.2530517578124,1.5270982961521142,2.378577058659652,-0.1300141971189669,3.4316988602336704,-0.3495752633471561,0.6940326962933131,0.758785861126745,0.0664492484260929,3.002636118435235,0.7040430065820917
64.0,43.0,1006.2119140625,0.4893625390202833,1.7795423029239368,-0.2283334970089545,3.1277989280704825,0.4981169607027755,1.141197769335064,2.5146578201478693,1.975507430672696,4.311031517865723,2.0922100116751228
64.0,43.0,1006.5108642578124,1.1685864152557035,2.7422863333485434,-0.1019311206427966,3.4927380014308915,-0.2862684911241392,1.1077000929173788,1.0805232300206655,0.6838549062987216,3.220790808114516,1.679788189972098
64.0,43.0,1007.9924926757812,1.1304915359682637,4.2256386911715,-0.1397065042772326,3.3138439181342862,-0.2594859333120968,1.224257591352554,0.951273481078933,-0.2382050104252313,3.2816847651646595,1.422045957820127
64.0,43.0,1004.5355224609376,-0.2067583177486083,2.156645823399848,1.1237471826284795,3.780946817479548,-0.5114493991580722,1.3470285072754011,1.5426076556614716,0.9251629364195506,3.6326501297850458,1.193605314089168
64.0,43.0,1008.21923828125,-0.298219533117912,3.0185482192187125,0.285171031606693,2.599554216036076,0.2880969029957859,0.997517497305429,-0.590278083953078,0.2804241833235376,3.559147233411687,0.1670701598797905
64.0,43.0,1006.3345947265624,2.034042837590201,2.9125964116908234,-0.2024967773422643,3.3085072469478023,-0.07703122756074,0.9718660779238922,0.9340710653988924,1.2723474077259571,3.310849095998795,1.667239863445168
64.0,43.0,1007.4547729492188,1.43629090195749,3.110062472569856,-0.6944199584856007,3.302300007810594,0.2527122463629391,1.3830220275508731,1.1692670148495758,0.4543218612108505,3.286882813634093,1.9327433745059648
64.0,43.0,1005.8555297851562,0.0747060267511887,2.3930770738970044,0.203204090654355,2.721340942344091,-0.1101949552318505,1.5860054495117537,1.079938071505054,0.3060736121612265,1.762883173269604,1.6908510216610382
64.0,43.0,1005.079833984375,0.8078773908434,3.0635542735379326,-0.2222773718837908,3.644619233544741,-0.0438507735814526,1.4232936018416082,0.7302359461628485,0.463335757005806,3.131559441489576,1.6311643300045815
64.0,43.0,1006.5872802734376,0.2656690085363156,2.8994275720441487,-0.0359203097652873,2.439288483665521,-0.403613583524778,2.160790506390417,1.4511060060394816,0.484404972217794,3.372222679109396,2.807072668682597
64.0,43.0,1006.9229125976562,0.9773504019739024,2.740919523925674,-0.7208675711544004,3.4951392537713284,-0.5533562906214642,1.57964222441972,1.7092041256231807,-0.0059608132761654,3.048427825623034,1.6695635226820276
64.0,43.0,1005.4412231445312,1.0760585928896025,3.043829209022953,0.1516249576889987,2.5040090899037493,0.108098310179216,1.3923376410461463,1.0123123187632306,-0.980625588420784,3.3143856714436004,0.2993660291472664
64.0,43.0,1007.6295166015624,0.760632210368182,2.523489045540816,-0.6855887691901628,3.5657736665516566,0.317790458735649,0.3180960001700268,0.5613519826010546,0.3918729921785278,3.6392256882701166,1.6770418837070526
64.0,43.0,1005.7882080078124,1.930989912640924,2.5698273775009017,-0.4222718299406413,2.2647280101266523,-1.2334670620841697,1.1900713704557306,1.273633231737758,-0.0756089152430987,3.487418316929421,1.693288812527204
64.0,43.0,1007.544677734375,-0.2805326006232682,3.1038845231404446,-0.1870705914575828,3.988367848503743,-0.2562732772840708,1.540852333686741,0.7450130913541388,1.6656985897711236,2.857401366589688,0.9264712942409098
64.0,43.0,1004.8368530273438,-0.0192859539180938,3.1458012448024646,-0.4052589456220559,3.5837623621294377,-0.4446218579421889,1.004306573519272,1.0674916208430016,-0.1473208806064043,4.659302750457305,1.266183010783346
64.0,43.0,1005.0035400390624,1.488088734200528,3.2964916798764268,-0.081613556681665,3.4931910742310563,-0.4795947022471148,1.19443031097595,1.5983254058784726,0.3030366300005376,3.1093375136026897,1.3517079212642986
64.0,43.0,1005.6852416992188,1.2499511299324857,3.114938998617727,-0.120748307078449,3.5116358364440505,-1.444135019735279,1.078936544639041,1.0534340933650794,-0.1897722319095695,3.584328767139105,1.8579468178984029
64.0,43.0,1005.8321533203124,0.377814434290604,3.895551475372848,0.0535583373255332,3.414557908843645,-0.5334289284626546,0.985593986932181,0.7933330380200138,0.0535584523865163,3.290998620666775,1.0098828753892786
64.0,43.0,1008.1739501953124,1.6413635358121716,3.343269745080816,0.2019027360287677,3.5348093235497835,-0.1942484375916076,0.9530267104471426,1.1052031353316056,0.0297497040701961,3.35263353716934,1.512207743913377
64.0,43.0,1006.750732421875,1.4983206496546757,3.310143956253831,-0.0995478391109807,4.111181782258067,-0.0736615879452686,2.3151370482507234,0.654147595066203,0.6455422381112422,3.3493750202887504,1.9151768831651383
64.0,43.0,1005.9476318359376,0.0416259073064684,3.056620648095169,0.9059087932371556,3.541676985417584,-0.4558259587305865,-0.3150494321593007,1.05123482986649,-0.0994281152615595,3.238383279985208,1.6565234082160285
64.0,43.0,1006.3308715820312,1.535959406806901,3.012881012953959,-0.1663306996994601,3.5850778383914594,-0.2867194392540477,1.0486903470382465,1.1491035130694829,-0.0172823082687018,3.5717012420075,1.522958118209904
64.0,43.0,1005.21337890625,1.1138422598907147,3.163510525715634,-0.3509051133911852,2.6758266898773537,-0.5122082648359199,1.0718111705207738,1.65587216787568,-1.0170876187562123,3.54151433099572,1.3460114713344828
64.0,43.0,1004.9675903320312,0.5163418992741506,3.048817683689679,-0.6671757961656667,3.038681368765338,-1.5010622553438249,0.7996637919310045,1.2467383098495923,0.0980610079545224,3.3445950501342527,1.5795039091826957
64.0,43.0,1008.155029296875,0.1899101776962971,3.182073383108013,-0.3837736624597996,3.479882305506419,-1.3813124223710167,1.3305780647933154,1.2388417457404084,-0.2462283989860767,3.308109865441909,1.0103765142496082
64.0,43.0,1005.5949096679688,1.065741447403239,3.566321993171797,-0.1722097588879127,3.335195644635442,0.4153135222526197,1.6432684793938577,1.2308026718224587,0.3065238812510272,3.32453208933479,1.4181087479272612
64.0,43.0,1007.9334716796876,1.1860174019719103,3.062699769325937,-0.5772754403344685,2.921296152802124,0.5203220957234284,1.220967665268109,0.7885410124274673,0.5750653020390918,3.2007527019435167,1.7099313399677305
64.0,43.0,1007.3814086914062,1.37501567893667,2.796826013722564,-0.2415181677679952,4.221335396971198,-0.2078968184580427,1.4898404207350833,1.5180200398342767,0.2547780929846841,3.338302295211076,1.023318751440718
64.0,43.0,1009.033935546875,0.7907948968280503,2.661427459447934,-0.5268160144191615,4.287006405019467,-0.1130135817789936,1.2681326125998775,1.2705267445638435,-0.3852123558156371,1.947299356546571,2.472532782050432
64.0,43.0,1005.1350708007812,0.1661038185710084,2.5390123143543657,2.0774916054569346,1.835614257140512,-1.5735118140693944,0.0393769710875324,1.5364656260845004,0.9512514490147672,2.833057723425437,1.6722709438483858
64.0,43.0,1007.6941528320312,-0.9191563805964992,-0.0739405032805775,1.058587782348256,2.5088568339158472,-0.4944091546357916,0.0149281589082759,1.2909744872868127,0.725586256491825,1.7227688893335578,1.4566318141616184
64.0,43.0,1003.6841430664062,1.5264166200797986,3.063097861613356,-0.215819897253269,3.5490497273888275,-0.2048867388282806,1.0826619122252867,1.0511392207255632,-0.0170243374408754,3.2973942147249127,1.6821927523441609
64.0,43.0,1006.7684936523438,1.3436931167584212,2.9723827309808475,-0.6990999954194496,3.448097725237284,-0.2091829105316387,0.262391251339839,1.03385109722468,-0.0967344722036515,3.302876430253528,1.7245487486675914
64.0,43.0,1006.3912353515624,1.0823124156003283,3.145532408020725,0.0937498638335725,4.3492484902596935,-0.983369492477124,0.3045399617600217,1.0355153888892177,-0.6035785196627739,3.47882371336145,1.9749920545649893
64.0,43.0,1006.762451171875,0.911579189855552,2.951643676927795,0.8739934856927296,4.20168182927838,-0.2255314448514733,0.9538401412870204,1.055251361200275,2.289490443857167,3.223133074694574,1.6821020431151852
64.0,43.0,1006.4755249023438,1.5373922129536688,3.032235559935451,0.6874268984749604,3.275338603754686,-0.2140326921908348,1.494799281789143,0.9278351614159914,0.1155832775990138,3.2730834620692755,1.8184178138756064
64.0,43.0,1005.9786376953124,1.1755166225902458,3.0139295819900664,-0.2417305383366287,3.616814653335077,-0.2729520402836232,1.8592848557108288,1.1177652924446315,0.1211451494947978,3.912459696901169,2.2316448068592054
64.0,43.0,1004.7403564453124,0.4804166552562906,3.142058809388116,-0.507253232726782,3.78275224637308,-0.5671588827166028,1.1261544357254607,1.4122039073154182,0.5007209311294231,3.503301094810195,1.926829920271378
64.0,43.0,1009.2369384765624,0.7719457450167173,3.067468518497742,0.1438674432862803,4.201429714841284,0.6009588464599838,1.2267336499088082,1.4269277437993857,0.4169023640793585,3.52345155282314,1.4499758682082091
64.0,43.0,1006.9170532226562,1.5008135023933489,2.9861872071511346,-0.431893834371605,2.8214919187287486,-0.2261427739521425,1.1105615551034884,0.4838116239205338,-0.0052966471293471,3.1909425469340382,0.7855032477643943
64.0,43.0,1005.6001586914062,0.1781387739601991,2.8222566258346973,-1.2784227836424644,2.158820161725356,-1.3598118191510389,1.8033214309254848,1.4312019484559402,0.0812233307260337,2.5723035292130967,1.5728984824109573
64.0,43.0,1005.8743896484376,0.0594998054986024,2.4736092679713666,-0.1808303602303297,1.535912543515276,-0.2128728184311272,0.8096079746393341,0.1778975985534896,-0.0199302804665875,3.321000599716123,2.4317144383963893
64.0,43.0,1007.895263671875,1.3319244160992043,2.389288232099103,-0.2466958012974541,3.732761168548125,-0.1377479343680739,0.2240002656706234,1.5582169901547704,0.0645457230727531,2.3773398390282097,1.5798125068871829
64.0,44.0,1006.11962890625,-0.497682321193742,3.030567283483479,-0.5787679993007673,1.468996806504657,-1.102800242265915,1.463907549460452,-0.3849157258589892,0.1852476260815461,1.9192500309728429,0.8627286160848842
64.0,44.0,1008.2119750976562,0.2295182395249504,3.0576822426853543,0.3467954752061961,3.5586452951576746,0.6381026335546871,1.251121008597775,0.7184820511575087,0.0030532445906716,3.6499651406658056,1.3191647467111327
64.0,44.0,1006.3142700195312,1.139511611358937,3.0694613868905667,-0.1653637898345447,3.4430469374271744,-0.2036379756711497,1.017926728273767,0.9696821854232316,-0.0703918319987118,3.339716178654164,1.1256383025099117
64.0,44.0,1005.7072143554688,1.6491448804843336,2.9104453120023,-0.2376035463302053,3.615676320374159,-0.5459213406507523,1.0802436756395946,1.0229389087533642,-0.0226071327225542,3.134768809825729,1.4551102740604491
64.0,44.0,1005.2555541992188,-0.5037094802039921,3.707585390221884,-0.3280569768488796,3.321070462527059,0.979043172621886,-0.4155761280008436,0.9565504599200948,0.2951346271246178,3.295787014291044,2.1819067114242974
64.0,44.0,1008.2530517578124,1.5270982961521142,2.378577058659652,-0.1300141971189669,3.4316988602336704,-0.3495752633471561,0.6940326962933131,0.758785861126745,0.0664492484260929,3.002636118435235,0.7040430065820917
64.0,44.0,1006.2119140625,0.4893625390202833,1.7795423029239368,-0.2283334970089545,3.1277989280704825,0.4981169607027755,1.141197769335064,2.5146578201478693,1.975507430672696,4.311031517865723,2.0922100116751228
64.0,44.0,1006.5108642578124,1.1685864152557035,2.7422863333485434,-0.1019311206427966,3.4927380014308915,-0.2862684911241392,1.1077000929173788,1.0805232300206655,0.6838549062987216,3.220790808114516,1.679788189972098
64.0,44.0,1007.9924926757812,1.1304915359682637,4.2256386911715,-0.1397065042772326,3.3138439181342862,-0.2594859333120968,1.224257591352554,0.951273481078933,-0.2382050104252313,3.2816847651646595,1.422045957820127
64.0,44.0,1004.5355224609376,-0.2067583177486083,2.156645823399848,1.1237471826284795,3.780946817479548,-0.5114493991580722,1.3470285072754011,1.5426076556614716,0.9251629364195506,3.6326501297850458,1.193605314089168
64.0,44.0,1008.21923828125,-0.298219533117912,3.0185482192187125,0.285171031606693,2.599554216036076,0.2880969029957859,0.997517497305429,-0.590278083953078,0.2804241833235376,3.559147233411687,0.1670701598797905
64.0,44.0,1006.3345947265624,2.034042837590201,2.9125964116908234,-0.2024967773422643,3.3085072469478023,-0.07703122756074,0.9718660779238922,0.9340710653988924,1.2723474077259571,3.310849095998795,1.667239863445168
64.0,44.0,1007.4547729492188,1.43629090195749,3.110062472569856,-0.6944199584856007,3.302300007810594,0.2527122463629391,1.3830220275508731,1.1692670148495758,0.4543218612108505,3.286882813634093,1.9327433745059648
64.0,44.0,1005.8555297851562,0.0747060267511887,2.3930770738970044,0.203204090654355,2.721340942344091,-0.1101949552318505,1.5860054495117537,1.079938071505054,0.3060736121612265,1.762883173269604,1.6908510216610382
64.0,44.0,1005.079833984375,0.8078773908434,3.0635542735379326,-0.2222773718837908,3.644619233544741,-0.0438507735814526,1.4232936018416082,0.7302359461628485,0.463335757005806,3.131559441489576,1.6311643300045815
64.0,44.0,1006.5872802734376,0.2656690085363156,2.8994275720441487,-0.0359203097652873,2.439288483665521,-0.403613583524778,2.160790506390417,1.4511060060394816,0.484404972217794,3.372222679109396,2.807072668682597
64.0,44.0,1006.9229125976562,0.9773504019739024,2.740919523925674,-0.7208675711544004,3.4951392537713284,-0.5533562906214642,1.57964222441972,1.7092041256231807,-0.0059608132761654,3.048427825623034,1.6695635226820276
64.0,44.0,1005.4412231445312,1.0760585928896025,3.043829209022953,0.1516249576889987,2.5040090899037493,0.108098310179216,1.3923376410461463,1.0123123187632306,-0.980625588420784,3.3143856714436004,0.2993660291472664
64.0,44.0,1007.6295166015624,0.760632210368182,2.523489045540816,-0.6855887691901628,3.5657736665516566,0.317790458735649,0.3180960001700268,0.5613519826010546,0.3918729921785278,3.6392256882701166,1.6770418837070526
64.0,44.0,1005.7882080078124,1.930989912640924,2.5698273775009017,-0.4222718299406413,2.2647280101266523,-1.2334670620841697,1.1900713704557306,1.273633231737758,-0.0756089152430987,3.487418316929421,1.693288812527204
64.0,44.0,1007.544677734375,-0.2805326006232682,3.1038845231404446,-0.1870705914575828,3.988367848503743,-0.2562732772840708,1.540852333686741,0.7450130913541388,1.6656985897711236,2.857401366589688,0.9264712942409098
64.0,44.0,1004.8368530273438,-0.0192859539180938,3.1458012448024646,-0.4052589456220559,3.5837623621294377,-0.4446218579421889,1.004306573519272,1.0674916208430016,-0.1473208806064043,4.659302750457305,1.266183010783346
64.0,44.0,1005.0035400390624,1.488088734200528,3.2964916798764268,-0.081613556681665,3.4931910742310563,-0.4795947022471148,1.19443031097595,1.5983254058784726,0.3030366300005376,3.1093375136026897,1.3517079212642986
64.0,44.0,1005.6852416992188,1.2499511299324857,3.114938998617727,-0.120748307078449,3.5116358364440505,-1.444135019735279,1.078936544639041,1.0534340933650794,-0.1897722319095695,3.584328767139105,1.8579468178984029
64.0,44.0,1005.8321533203124,0.377814434290604,3.895551475372848,0.0535583373255332,3.414557908843645,-0.5334289284626546,0.985593986932181,0.7933330380200138,0.0535584523865163,3.290998620666775,1.0098828753892786
64.0,44.0,1008.1739501953124,1.6413635358121716,3.343269745080816,0.2019027360287677,3.5348093235497835,-0.1942484375916076,0.9530267104471426,1.1052031353316056,0.0297497040701961,3.35263353716934,1.512207743913377
64.0,44.0,1006.750732421875,1.4983206496546757,3.310143956253831,-0.0995478391109807,4.111181782258067,-0.0736615879452686,2.3151370482507234,0.654147595066203,0.6455422381112422,3.3493750202887504,1.9151768831651383
64.0,44.0,1005.9476318359376,0.0416259073064684,3.056620648095169,0.9059087932371556,3.541676985417584,-0.4558259587305865,-0.3150494321593007,1.05123482986649,-0.0994281152615595,3.238383279985208,1.6565234082160285
64.0,44.0,1006.3308715820312,1.535959406806901,3.012881012953959,-0.1663306996994601,3.5850778383914594,-0.2867194392540477,1.0486903470382465,1.1491035130694829,-0.0172823082687018,3.5717012420075,1.522958118209904
64.0,44.0,1005.21337890625,1.1138422598907147,3.163510525715634,-0.3509051133911852,2.6758266898773537,-0.5122082648359199,1.0718111705207738,1.65587216787568,-1.0170876187562123,3.54151433099572,1.3460114713344828
64.0,44.0,1004.9675903320312,0.5163418992741506,3.048817683689679,-0.6671757961656667,3.038681368765338,-1.5010622553438249,0.7996637919310045,1.2467383098495923,0.0980610079545224,3.3445950501342527,1.5795039091826957
64.0,44.0,1008.155029296875,0.1899101776962971,3.182073383108013,-0.3837736624597996,3.479882305506419,-1.3813124223710167,1.3305780647933154,1.2388417457404084,-0.2462283989860767,3.308109865441909,1.0103765142496082
64.0,44.0,1005.5949096679688,1.065741447403239,3.566321993171797,-0.1722097588879127,3.335195644635442,0.4153135222526197,1.6432684793938577,1.2308026718224587,0.3065238812510272,3.32453208933479,1.4181087479272612
64.0,44.0,1007.9334716796876,1.1860174019719103,3.062699769325937,-0.5772754403344685,2.921296152802124,0.5203220957234284,1.220967665268109,0.7885410124274673,0.5750653020390918,3.2007527019435167,1.7099313399677305
64.0,44.0,1007.3814086914062,1.37501567893667,2.796826013722564,-0.2415181677679952,4.221335396971198,-0.2078968184580427,1.4898404207350833,1.5180200398342767,0.2547780929846841,3.338302295211076,1.023318751440718
64.0,44.0,1009.033935546875,0.7907948968280503,2.661427459447934,-0.5268160144191615,4.287006405019467,-0.1130135817789936,1.2681326125998775,1.2705267445638435,-0.3852123558156371,1.947299356546571,2.472532782050432
64.0,44.0,1005.1350708007812,0.1661038185710084,2.5390123143543657,2.0774916054569346,1.835614257140512,-1.5735118140693944,0.0393769710875324,1.5364656260845004,0.9512514490147672,2.833057723425437,1.6722709438483858
64.0,44.0,1007.6941528320312,-0.9191563805964992,-0.0739405032805775,1.058587782348256,2.5088568339158472,-0.4944091546357916,0.0149281589082759,1.2909744872868127,0.725586256491825,1.7227688893335578,1.4566318141616184
64.0,44.0,1003.6841430664062,1.5264166200797986,3.063097861613356,-0.215819897253269,3.5490497273888275,-0.2048867388282806,1.0826619122252867,1.0511392207255632,-0.0170243374408754,3.2973942147249127,1.6821927523441609
64.0,44.0,1006.7684936523438,1.3436931167584212,2.9723827309808475,-0.6990999954194496,3.448097725237284,-0.2091829105316387,0.262391251339839,1.03385109722468,-0.0967344722036515,3.302876430253528,1.7245487486675914
64.0,44.0,1006.3912353515624,1.0823124156003283,3.145532408020725,0.0937498638335725,4.3492484902596935,-0.983369492477124,0.3045399617600217,1.0355153888892177,-0.6035785196627739,3.47882371336145,1.9749920545649893
64.0,44.0,1006.762451171875,0.911579189855552,2.951643676927795,0.8739934856927296,4.20168182927838,-0.2255314448514733,0.9538401412870204,1.055251361200275,2.289490443857167,3.223133074694574,1.6821020431151852
64.0,44.0,1006.4755249023438,1.5373922129536688,3.032235559935451,0.6874268984749604,3.275338603754686,-0.2140326921908348,1.494799281789143,0.9278351614159914,0.1155832775990138,3.2730834620692755,1.8184178138756064
64.0,44.0,1005.9786376953124,1.1755166225902458,3.0139295819900664,-0.2417305383366287,3.616814653335077,-0.2729520402836232,1.8592848557108288,1.1177652924446315,0.1211451494947978,3.912459696901169,2.2316448068592054
64.0,44.0,1004.7403564453124,0.4804166552562906,3.142058809388116,-0.507253232726782,3.78275224637308,-0.5671588827166028,1.1261544357254607,1.4122039073154182,0.5007209311294231,3.503301094810195,1.926829920271378
64.0,44.0,1009.2369384765624,0.7719457450167173,3.067468518497742,0.1438674432862803,4.201429714841284,0.6009588464599838,1.2267336499088082,1.4269277437993857,0.4169023640793585,3.52345155282314,1.4499758682082091
64.0,44.0,1006.9170532226562,1.5008135023933489,2.9861872071511346,-0.431893834371605,2.8214919187287486,-0.2261427739521425,1.1105615551034884,0.4838116239205338,-0.0052966471293471,3.1909425469340382,0.7855032477643943
64.0,44.0,1005.6001586914062,0.1781387739601991,2.8222566258346973,-1.2784227836424644,2.158820161725356,-1.3598118191510389,1.8033214309254848,1.4312019484559402,0.0812233307260337,2.5723035292130967,1.5728984824109573
64.0,44.0,1005.8743896484376,0.0594998054986024,2.4736092679713666,-0.1808303602303297,1.535912543515276,-0.2128728184311272,0.8096079746393341,0.1778975985534896,-0.0199302804665875,3.321000599716123,2.4317144383963893
64.0,44.0,1007.895263671875,1.3319244160992043,2.389288232099103,-0.2466958012974541,3.732761168548125,-0.1377479343680739,0.2240002656706234,1.5582169901547704,0.0645457230727531,2.3773398390282097,1.5798125068871829
64.0,45.0,1006.11962890625,-0.497682321193742,3.030567283483479,-0.5787679993007673,1.468996806504657,-1.102800242265915,1.463907549460452,-0.3849157258589892,0.1852476260815461,1.9192500309728429,0.8627286160848842
64.0,45.0,1008.2119750976562,0.2295182395249504,3.0576822426853543,0.3467954752061961,3.5586452951576746,0.6381026335546871,1.251121008597775,0.7184820511575087,0.0030532445906716,3.6499651406658056,1.3191647467111327
64.0,45.0,1006.3142700195312,1.139511611358937,3.0694613868905667,-0.1653637898345447,3.4430469374271744,-0.2036379756711497,1.017926728273767,0.9696821854232316,-0.0703918319987118,3.339716178654164,1.1256383025099117
64.0,45.0,1005.7072143554688,1.6491448804843336,2.9104453120023,-0.2376035463302053,3.615676320374159,-0.5459213406507523,1.0802436756395946,1.0229389087533642,-0.0226071327225542,3.134768809825729,1.4551102740604491
64.0,45.0,1005.2555541992188,-0.5037094802039921,3.707585390221884,-0.3280569768488796,3.321070462527059,0.979043172621886,-0.4155761280008436,0.9565504599200948,0.2951346271246178,3.295787014291044,2.1819067114242974
64.0,45.0,1008.2530517578124,1.5270982961521142,2.378577058659652,-0.1300141971189669,3.4316988602336704,-0.3495752633471561,0.6940326962933131,0.758785861126745,0.0664492484260929,3.002636118435235,0.7040430065820917
64.0,45.0,1006.2119140625,0.4893625390202833,1.7795423029239368,-0.2283334970089545,3.1277989280704825,0.4981169607027755,1.141197769335064,2.5146578201478693,1.975507430672696,4.311031517865723,2.0922100116751228
64.0,45.0,1006.5108642578124,1.1685864152557035,2.7422863333485434,-0.1019311206427966,3.4927380014308915,-0.2862684911241392,1.1077000929173788,1.0805232300206655,0.6838549062987216,3.220790808114516,1.679788189972098
64.0,45.0,1007.9924926757812,1.1304915359682637,4.2256386911715,-0.1397065042772326,3.3138439181342862,-0.2594859333120968,1.224257591352554,0.951273481078933,-0.2382050104252313,3.2816847651646595,1.422045957820127
64.0,45.0,1004.5355224609376,-0.2067583177486083,2.156645823399848,1.1237471826284795,3.780946817479548,-0.5114493991580722,1.3470285072754011,1.5426076556614716,0.9251629364195506,3.6326501297850458,1.193605314089168
64.0,45.0,1008.21923828125,-0.298219533117912,3.0185482192187125,0.285171031606693,2.599554216036076,0.2880969029957859,0.997517497305429,-0.590278083953078,0.2804241833235376,3.559147233411687,0.1670701598797905
64.0,45.0,1006.3345947265624,2.034042837590201,2.9125964116908234,-0.2024967773422643,3.3085072469478023,-0.07703122756074,0.9718660779238922,0.9340710653988924,1.2723474077259571,3.310849095998795,1.667239863445168
64.0,45.0,1007.4547729492188,1.43629090195749,3.110062472569856,-0.6944199584856007,3.302300007810594,0.2527122463629391,1.3830220275508731,1.1692670148495758,0.4543218612108505,3.286882813634093,1.9327433745059648
64.0,45.0,1005.8555297851562,0.0747060267511887,2.3930770738970044,0.203204090654355,2.721340942344091,-0.1101949552318505,1.5860054495117537,1.079938071505054,0.3060736121612265,1.762883173269604,1.6908510216610382
64.0,45.0,1005.079833984375,0.8078773908434,3.0635542735379326,-0.2222773718837908,3.644619233544741,-0.0438507735814526,1.4232936018416082,0.7302359461628485,0.463335757005806,3.131559441489576,1.6311643300045815
64.0,45.0,1006.5872802734376,0.2656690085363156,2.8994275720441487,-0.0359203097652873,2.439288483665521,-0.403613583524778,2.160790506390417,1.4511060060394816,0.484404972217794,3.372222679109396,2.807072668682597
64.0,45.0,1006.9229125976562,0.9773504019739024,2.740919523925674,-0.7208675711544004,3.4951392537713284,-0.5533562906214642,1.57964222441972,1.7092041256231807,-0.0059608132761654,3.048427825623034,1.6695635226820276
64.0,45.0,1005.4412231445312,1.0760585928896025,3.043829209022953,0.1516249576889987,2.5040090899037493,0.108098310179216,1.3923376410461463,1.0123123187632306,-0.980625588420784,3.3143856714436004,0.2993660291472664
64.0,45.0,1007.6295166015624,0.760632210368182,2.523489045540816,-0.6855887691901628,3.5657736665516566,0.317790458735649,0.3180960001700268,0.5613519826010546,0.3918729921785278,3.6392256882701166,1.6770418837070526
64.0,45.0,1005.7882080078124,1.930989912640924,2.5698273775009017,-0.4222718299406413,2.2647280101266523,-1.2334670620841697,1.1900713704557306,1.273633231737758,-0.0756089152430987,3.487418316929421,1.693288812527204
64.0,45.0,1007.544677734375,-0.2805326006232682,3.1038845231404446,-0.1870705914575828,3.988367848503743,-0.2562732772840708,1.540852333686741,0.7450130913541388,1.6656985897711236,2.857401366589688,0.9264712942409098
64.0,45.0,1004.8368530273438,-0.0192859539180938,3.1458012448024646,-0.4052589456220559,3.5837623621294377,-0.4446218579421889,1.004306573519272,1.0674916208430016,-0.1473208806064043,4.659302750457305,1.266183010783346
64.0,45.0,1005.0035400390624,1.488088734200528,3.2964916798764268,-0.081613556681665,3.4931910742310563,-0.4795947022471148,1.19443031097595,1.5983254058784726,0.3030366300005376,3.1093375136026897,1.3517079212642986
64.0,45.0,1005.6852416992188,1.2499511299324857,3.114938998617727,-0.120748307078449,3.5116358364440505,-1.444135019735279,1.078936544639041,1.0534340933650794,-0.1897722319095695,3.584328767139105,1.8579468178984029
64.0,45.0,1005.8321533203124,0.377814434290604,3.895551475372848,0.0535583373255332,3.414557908843645,-0.5334289284626546,0.985593986932181,0.7933330380200138,0.0535584523865163,3.290998620666775,1.0098828753892786
64.0,45.0,1008.1739501953124,1.6413635358121716,3.343269745080816,0.2019027360287677,3.5348093235497835,-0.1942484375916076,0.9530267104471426,1.1052031353316056,0.0297497040701961,3.35263353716934,1.512207743913377
64.0,45.0,1006.750732421875,1.4983206496546757,3.310143956253831,-0.0995478391109807,4.111181782258067,-0.0736615879452686,2.3151370482507234,0.654147595066203,0.6455422381112422,3.3493750202887504,1.9151768831651383
64.0,45.0,1005.9476318359376,0.0416259073064684,3.056620648095169,0.9059087932371556,3.541676985417584,-0.4558259587305865,-0.3150494321593007,1.05123482986649,-0.0994281152615595,3.238383279985208,1.6565234082160285
64.0,45.0,1006.3308715820312,1.535959406806901,3.012881012953959,-0.1663306996994601,3.5850778383914594,-0.2867194392540477,1.0486903470382465,1.1491035130694829,-0.0172823082687018,3.5717012420075,1.522958118209904
64.0,45.0,1005.21337890625,1.1138422598907147,3.163510525715634,-0.3509051133911852,2.6758266898773537,-0.5122082648359199,1.0718111705207738,1.65587216787568,-1.0170876187562123,3.54151433099572,1.3460114713344828
64.0,45.0,1004.9675903320312,0.5163418992741506,3.048817683689679,-0.6671757961656667,3.038681368765338,-1.5010622553438249,0.7996637919310045,1.2467383098495923,0.0980610079545224,3.3445950501342527,1.5795039091826957
64.0,45.0,1008.155029296875,0.1899101776962971,3.182073383108013,-0.3837736624597996,3.479882305506419,-1.3813124223710167,1.3305780647933154,1.2388417457404084,-0.2462283989860767,3.308109865441909,1.0103765142496082
64.0,45.0,1005.5949096679688,1.065741447403239,3.566321993171797,-0.1722097588879127,3.335195644635442,0.4153135222526197,1.6432684793938577,1.2308026718224587,0.3065238812510272,3.32453208933479,1.4181087479272612
64.0,45.0,1007.9334716796876,1.1860174019719103,3.062699769325937,-0.5772754403344685,2.921296152802124,0.5203220957234284,1.220967665268109,0.7885410124274673,0.5750653020390918,3.2007527019435167,1.7099313399677305
64.0,45.0,1007.3814086914062,1.37501567893667,2.796826013722564,-0.2415181677679952,4.221335396971198,-0.2078968184580427,1.4898404207350833,1.5180200398342767,0.2547780929846841,3.338302295211076,1.023318751440718
64.0,45.0,1009.033935546875,0.7907948968280503,2.661427459447934,-0.5268160144191615,4.287006405019467,-0.1130135817789936,1.2681326125998775,1.2705267445638435,-0.3852123558156371,1.947299356546571,2.472532782050432
64.0,45.0,1005.1350708007812,0.1661038185710084,2.5390123143543657,2.0774916054569346,1.835614257140512,-1.5735118140693944,0.0393769710875324,1.5364656260845004,0.9512514490147672,2.833057723425437,1.6722709438483858
64.0,45.0,1007.6941528320312,-0.9191563805964992,-0.0739405032805775,1.058587782348256,2.5088568339158472,-0.4944091546357916,0.0149281589082759,1.2909744872868127,0.725586256491825,1.7227688893335578,1.4566318141616184
64.0,45.0,1003.6841430664062,1.5264166200797986,3.063097861613356,-0.215819897253269,3.5490497273888275,-0.2048867388282806,1.0826619122252867,1.0511392207255632,-0.0170243374408754,3.2973942147249127,1.6821927523441609
64.0,45.0,1006.7684936523438,1.3436931167584212,2.9723827309808475,-0.6990999954194496,3.448097725237284,-0.2091829105316387,0.262391251339839,1.03385109722468,-0.0967344722036515,3.302876430253528,1.7245487486675914
64.0,45.0,1006.3912353515624,1.0823124156003283,3.145532408020725,0.0937498638335725,4.3492484902596935,-0.983369492477124,0.3045399617600217,1.0355153888892177,-0.6035785196627739,3.47882371336145,1.9749920545649893
64.0,45.0,1006.762451171875,0.911579189855552,2.951643676927795,0.8739934856927296,4.20168182927838,-0.2255314448514733,0.9538401412870204,1.055251361200275,2.289490443857167,3.223133074694574,1.6821020431151852
64.0,45.0,1006.4755249023438,1.5373922129536688,3.032235559935451,0.6874268984749604,3.275338603754686,-0.2140326921908348,1.494799281789143,0.9278351614159914,0.1155832775990138,3.2730834620692755,1.8184178138756064
64.0,45.0,1005.9786376953124,1.1755166225902458,3.0139295819900664,-0.2417305383366287,3.616814653335077,-0.2729520402836232,1.8592848557108288,1.1177652924446315,0.1211451494947978,3.912459696901169,2.2316448068592054
64.0,45.0,1004.7403564453124,0.4804166552562906,3.142058809388116,-0.507253232726782,3.78275224637308,-0.5671588827166028,1.1261544357254607,1.4122039073154182,0.5007209311294231,3.503301094810195,1.926829920271378
64.0,45.0,1009.2369384765624,0.7719457450167173,3.067468518497742,0.1438674432862803,4.201429714841284,0.6009588464599838,1.2267336499088082,1.4269277437993857,0.4169023640793585,3.52345155282314,1.4499758682082091
64.0,45.0,1006.9170532226562,1.5008135023933489,2.9861872071511346,-0.431893834371605,2.8214919187287486,-0.2261427739521425,1.1105615551034884,0.4838116239205338,-0.0052966471293471,3.1909425469340382,0.7855032477643943
64.0,45.0,1005.6001586914062,0.1781387739601991,2.8222566258346973,-1.2784227836424644,2.158820161725356,-1.3598118191510389,1.8033214309254848,1.4312019484559402,0.0812233307260337,2.5723035292130967,1.5728984824109573
64.0,45.0,1005.8743896484376,0.0594998054986024,2.4736092679713666,-0.1808303602303297,1.535912543515276,-0.2128728184311272,0.8096079746393341,0.1778975985534896,-0.0199302804665875,3.321000599716123,2.4317144383963893
64.0,45.0,1006.9185791015624,1.6532833560127211,2.759904924457437,-0.2012999140935469,3.684540807557585,-0.5539544697721706,0.7534662847390312,1.3622563756454358,-0.051066509501412,3.858963732438049,1.6716311998676427
64.0,46.0,1006.11962890625,-0.497682321193742,3.030567283483479,-0.5787679993007673,1.468996806504657,-1.102800242265915,1.463907549460452,-0.3849157258589892,0.1852476260815461,1.9192500309728429,0.8627286160848842
64.0,46.0,1008.2119750976562,0.2295182395249504,3.0576822426853543,0.3467954752061961,3.5586452951576746,0.6381026335546871,1.251121008597775,0.7184820511575087,0.0030532445906716,3.6499651406658056,1.3191647467111327
64.0,46.0,1006.3142700195312,1.139511611358937,3.0694613868905667,-0.1653637898345447,3.4430469374271744,-0.2036379756711497,1.017926728273767,0.9696821854232316,-0.0703918319987118,3.339716178654164,1.1256383025099117
64.0,46.0,1005.7072143554688,1.6491448804843336,2.9104453120023,-0.2376035463302053,3.615676320374159,-0.5459213406507523,1.0802436756395946,1.0229389087533642,-0.0226071327225542,3.134768809825729,1.4551102740604491
64.0,46.0,1005.2555541992188,-0.5037094802039921,3.707585390221884,-0.3280569768488796,3.321070462527059,0.979043172621886,-0.4155761280008436,0.9565504599200948,0.2951346271246178,3.295787014291044,2.1819067114242974
64.0,46.0,1008.2530517578124,1.5270982961521142,2.378577058659652,-0.1300141971189669,3.4316988602336704,-0.3495752633471561,0.6940326962933131,0.758785861126745,0.0664492484260929,3.002636118435235,0.7040430065820917
64.0,46.0,1006.2119140625,0.4893625390202833,1.7795423029239368,-0.2283334970089545,3.1277989280704825,0.4981169607027755,1.141197769335064,2.5146578201478693,1.975507430672696,4.311031517865723,2.0922100116751228
64.0,46.0,1006.5108642578124,1.1685864152557035,2.7422863333485434,-0.1019311206427966,3.4927380014308915,-0.2862684911241392,1.1077000929173788,1.0805232300206655,0.6838549062987216,3.220790808114516,1.679788189972098
64.0,46.0,1007.9924926757812,1.1304915359682637,4.2256386911715,-0.1397065042772326,3.3138439181342862,-0.2594859333120968,1.224257591352554,0.951273481078933,-0.2382050104252313,3.2816847651646595,1.422045957820127
64.0,46.0,1004.5355224609376,-0.2067583177486083,2.156645823399848,1.1237471826284795,3.780946817479548,-0.5114493991580722,1.3470285072754011,1.5426076556614716,0.9251629364195506,3.6326501297850458,1.193605314089168
64.0,46.0,1008.21923828125,-0.298219533117912,3.0185482192187125,0.285171031606693,2.599554216036076,0.2880969029957859,0.997517497305429,-0.590278083953078,0.2804241833235376,3.559147233411687,0.1670701598797905
64.0,46.0,1006.3345947265624,2.034042837590201,2.9125964116908234,-0.2024967773422643,3.3085072469478023,-0.07703122756074,0.9718660779238922,0.9340710653988924,1.2723474077259571,3.310849095998795,1.667239863445168
64.0,46.0,1007.4547729492188,1.43629090195749,3.110062472569856,-0.6944199584856007,3.302300007810594,0.2527122463629391,1.3830220275508731,1.1692670148495758,0.4543218612108505,3.286882813634093,1.9327433745059648
64.0,46.0,1005.8555297851562,0.0747060267511887,2.3930770738970044,0.203204090654355,2.721340942344091,-0.1101949552318505,1.5860054495117537,1.079938071505054,0.3060736121612265,1.762883173269604,1.6908510216610382
64.0,46.0,1005.079833984375,0.8078773908434,3.0635542735379326,-0.2222773718837908,3.644619233544741,-0.0438507735814526,1.4232936018416082,0.7302359461628485,0.463335757005806,3.131559441489576,1.6311643300045815
64.0,46.0,1006.5872802734376,0.2656690085363156,2.8994275720441487,-0.0359203097652873,2.439288483665521,-0.403613583524778,2.160790506390417,1.4511060060394816,0.484404972217794,3.372222679109396,2.807072668682597
64.0,46.0,1006.9229125976562,0.9773504019739024,2.740919523925674,-0.7208675711544004,3.4951392537713284,-0.5533562906214642,1.57964222441972,1.7092041256231807,-0.0059608132761654,3.048427825623034,1.6695635226820276
64.0,46.0,1005.4412231445312,1.0760585928896025,3.043829209022953,0.1516249576889987,2.5040090899037493,0.108098310179216,1.3923376410461463,1.0123123187632306,-0.980625588420784,3.3143856714436004,0.2993660291472664
64.0,46.0,1007.6295166015624,0.760632210368182,2.523489045540816,-0.6855887691901628,3.5657736665516566,0.317790458735649,0.3180960001700268,0.5613519826010546,0.3918729921785278,3.6392256882701166,1.6770418837070526
64.0,46.0,1005.7882080078124,1.930989912640924,2.5698273775009017,-0.4222718299406413,2.2647280101266523,-1.2334670620841697,1.1900713704557306,1.273633231737758,-0.0756089152430987,3.487418316929421,1.693288812527204
64.0,46.0,1007.544677734375,-0.2805326006232682,3.1038845231404446,-0.1870705914575828,3.988367848503743,-0.2562732772840708,1.540852333686741,0.7450130913541388,1.6656985897711236,2.857401366589688,0.9264712942409098
64.0,46.0,1004.8368530273438,-0.0192859539180938,3.1458012448024646,-0.4052589456220559,3.5837623621294377,-0.4446218579421889,1.004306573519272,1.0674916208430016,-0.1473208806064043,4.659302750457305,1.266183010783346
64.0,46.0,1005.0035400390624,1.488088734200528,3.2964916798764268,-0.081613556681665,3.4931910742310563,-0.4795947022471148,1.19443031097595,1.5983254058784726,0.3030366300005376,3.1093375136026897,1.3517079212642986
64.0,46.0,1005.6852416992188,1.2499511299324857,3.114938998617727,-0.120748307078449,3.5116358364440505,-1.444135019735279,1.078936544639041,1.0534340933650794,-0.1897722319095695,3.584328767139105,1.8579468178984029
64.0,46.0,1005.8321533203124,0.377814434290604,3.895551475372848,0.0535583373255332,3.414557908843645,-0.5334289284626546,0.985593986932181,0.7933330380200138,0.0535584523865163,3.290998620666775,1.0098828753892786
64.0,46.0,1008.1739501953124,1.6413635358121716,3.343269745080816,0.2019027360287677,3.5348093235497835,-0.1942484375916076,0.9530267104471426,1.1052031353316056,0.0297497040701961,3.35263353716934,1.512207743913377
64.0,46.0,1006.750732421875,1.4983206496546757,3.310143956253831,-0.0995478391109807,4.111181782258067,-0.0736615879452686,2.3151370482507234,0.654147595066203,0.6455422381112422,3.3493750202887504,1.9151768831651383
64.0,46.0,1005.9476318359376,0.0416259073064684,3.056620648095169,0.9059087932371556,3.541676985417584,-0.4558259587305865,-0.3150494321593007,1.05123482986649,-0.0994281152615595,3.238383279985208,1.6565234082160285
64.0,46.0,1006.3308715820312,1.535959406806901,3.012881012953959,-0.1663306996994601,3.5850778383914594,-0.2867194392540477,1.0486903470382465,1.1491035130694829,-0.0172823082687018,3.5717012420075,1.522958118209904
64.0,46.0,1005.21337890625,1.1138422598907147,3.163510525715634,-0.3509051133911852,2.6758266898773537,-0.5122082648359199,1.0718111705207738,1.65587216787568,-1.0170876187562123,3.54151433099572,1.3460114713344828
64.0,46.0,1004.9675903320312,0.5163418992741506,3.048817683689679,-0.6671757961656667,3.038681368765338,-1.5010622553438249,0.7996637919310045,1.2467383098495923,0.0980610079545224,3.3445950501342527,1.5795039091826957
64.0,46.0,1008.155029296875,0.1899101776962971,3.182073383108013,-0.3837736624597996,3.479882305506419,-1.3813124223710167,1.3305780647933154,1.2388417457404084,-0.2462283989860767,3.308109865441909,1.0103765142496082
64.0,46.0,1005.5949096679688,1.065741447403239,3.566321993171797,-0.1722097588879127,3.335195644635442,0.4153135222526197,1.6432684793938577,1.2308026718224587,0.3065238812510272,3.32453208933479,1.4181087479272612
64.0,46.0,1007.9334716796876,1.1860174019719103,3.062699769325937,-0.5772754403344685,2.921296152802124,0.5203220957234284,1.220967665268109,0.7885410124274673,0.5750653020390918,3.2007527019435167,1.7099313399677305
64.0,46.0,1007.3814086914062,1.37501567893667,2.796826013722564,-0.2415181677679952,4.221335396971198,-0.2078968184580427,1.4898404207350833,1.5180200398342767,0.2547780929846841,3.338302295211076,1.023318751440718
64.0,46.0,1009.033935546875,0.7907948968280503,2.661427459447934,-0.5268160144191615,4.287006405019467,-0.1130135817789936,1.2681326125998775,1.2705267445638435,-0.3852123558156371,1.947299356546571,2.472532782050432
64.0,46.0,1005.1350708007812,0.1661038185710084,2.5390123143543657,2.0774916054569346,1.835614257140512,-1.5735118140693944,0.0393769710875324,1.5364656260845004,0.9512514490147672,2.833057723425437,1.6722709438483858
64.0,46.0,1007.6941528320312,-0.9191563805964992,-0.0739405032805775,1.058587782348256,2.5088568339158472,-0.4944091546357916,0.0149281589082759,1.2909744872868127,0.725586256491825,1.7227688893335578,1.4566318141616184
64.0,46.0,1003.6841430664062,1.5264166200797986,3.063097861613356,-0.215819897253269,3.5490497273888275,-0.2048867388282806,1.0826619122252867,1.0511392207255632,-0.0170243374408754,3.2973942147249127,1.6821927523441609
64.0,46.0,1006.7684936523438,1.3436931167584212,2.9723827309808475,-0.6990999954194496,3.448097725237284,-0.2091829105316387,0.262391251339839,1.03385109722468,-0.0967344722036515,3.302876430253528,1.7245487486675914
64.0,46.0,1006.3912353515624,1.0823124156003283,3.145532408020725,0.0937498638335725,4.3492484902596935,-0.983369492477124,0.3045399617600217,1.0355153888892177,-0.6035785196627739,3.47882371336145,1.9749920545649893
64.0,46.0,1006.762451171875,0.911579189855552,2.951643676927795,0.8739934856927296,4.20168182927838,-0.2255314448514733,0.9538401412870204,1.055251361200275,2.289490443857167,3.223133074694574,1.6821020431151852
64.0,46.0,1006.4755249023438,1.5373922129536688,3.032235559935451,0.6874268984749604,3.275338603754686,-0.2140326921908348,1.494799281789143,0.9278351614159914,0.1155832775990138,3.2730834620692755,1.8184178138756064
64.0,46.0,1005.9786376953124,1.1755166225902458,3.0139295819900664,-0.2417305383366287,3.616814653335077,-0.2729520402836232,1.8592848557108288,1.1177652924446315,0.1211451494947978,3.912459696901169,2.2316448068592054
64.0,46.0,1004.7403564453124,0.4804166552562906,3.142058809388116,-0.507253232726782,3.78275224637308,-0.5671588827166028,1.1261544357254607,1.4122039073154182,0.5007209311294231,3.503301094810195,1.926829920271378
64.0,46.0,1009.2369384765624,0.7719457450167173,3.067468518497742,0.1438674432862803,4.201429714841284,0.6009588464599838,1.2267336499088082,1.4269277437993857,0.4169023640793585,3.52345155282314,1.4499758682082091
64.0,46.0,1006.9170532226562,1.5008135023933489,2.9861872071511346,-0.431893834371605,2.8214919187287486,-0.2261427739521425,1.1105615551034884,0.4838116239205338,-0.0052966471293471,3.1909425469340382,0.7855032477643943
64.0,46.0,1005.6001586914062,0.1781387739601991,2.8222566258346973,-1.2784227836424644,2.158820161725356,-1.3598118191510389,1.8033214309254848,1.4312019484559402,0.0812233307260337,2.5723035292130967,1.5728984824109573
64.0,46.0,1005.8743896484376,0.0594998054986024,2.4736092679713666,-0.1808303602303297,1.535912543515276,-0.2128728184311272,0.8096079746393341,0.1778975985534896,-0.0199302804665875,3.321000599716123,2.4317144383963893
64.0,46.0,1006.9185791015624,1.6532833560127211,2.759904924457437,-0.2012999140935469,3.684540807557585,-0.5539544697721706,0.7534662847390312,1.3622563756454358,-0.051066509501412,3.858963732438049,1.6716311998676427
64.0,47.0,1004.9807739257812,-0.5860263830397243,3.065616109898324,0.1649193318545723,2.737410361495438,-0.3930089285615246,-0.1533558996367499,-0.4746565737067606,-0.0213919792120722,1.949093119885468,2.2963317078347827
64.0,47.0,1007.9323120117188,0.2833582410088201,3.059506966734865,-0.4440224240314817,3.537913671363393,0.595304704543162,1.2959109613147133,1.0881878258195288,0.0842539774170956,4.340152561424111,1.591153092112809
64.0,47.0,1006.3142700195312,1.139511611358937,3.0694613868905667,-0.1653637898345447,3.4430469374271744,-0.2036379756711497,1.017926728273767,0.9696821854232316,-0.0703918319987118,3.339716178654164,1.1256383025099117
64.0,47.0,1005.7072143554688,1.6491448804843336,2.9104453120023,-0.2376035463302053,3.615676320374159,-0.5459213406507523,1.0802436756395946,1.0229389087533642,-0.0226071327225542,3.134768809825729,1.4551102740604491
64.0,47.0,1005.2555541992188,-0.5037094802039921,3.707585390221884,-0.3280569768488796,3.321070462527059,0.979043172621886,-0.4155761280008436,0.9565504599200948,0.2951346271246178,3.295787014291044,2.1819067114242974
64.0,47.0,1008.2530517578124,1.5270982961521142,2.378577058659652,-0.1300141971189669,3.4316988602336704,-0.3495752633471561,0.6940326962933131,0.758785861126745,0.0664492484260929,3.002636118435235,0.7040430065820917
64.0,47.0,1006.2119140625,0.4893625390202833,1.7795423029239368,-0.2283334970089545,3.1277989280704825,0.4981169607027755,1.141197769335064,2.5146578201478693,1.975507430672696,4.311031517865723,2.0922100116751228
64.0,47.0,1006.5108642578124,1.1685864152557035,2.7422863333485434,-0.1019311206427966,3.4927380014308915,-0.2862684911241392,1.1077000929173788,1.0805232300206655,0.6838549062987216,3.220790808114516,1.679788189972098
64.0,47.0,1007.9924926757812,1.1304915359682637,4.2256386911715,-0.1397065042772326,3.3138439181342862,-0.2594859333120968,1.224257591352554,0.951273481078933,-0.2382050104252313,3.2816847651646595,1.422045957820127
64.0,47.0,1004.5355224609376,-0.2067583177486083,2.156645823399848,1.1237471826284795,3.780946817479548,-0.5114493991580722,1.3470285072754011,1.5426076556614716,0.9251629364195506,3.6326501297850458,1.193605314089168
64.0,47.0,1008.21923828125,-0.298219533117912,3.0185482192187125,0.285171031606693,2.599554216036076,0.2880969029957859,0.997517497305429,-0.590278083953078,0.2804241833235376,3.559147233411687,0.1670701598797905
64.0,47.0,1006.3345947265624,2.034042837590201,2.9125964116908234,-0.2024967773422643,3.3085072469478023,-0.07703122756074,0.9718660779238922,0.9340710653988924,1.2723474077259571,3.310849095998795,1.667239863445168
64.0,47.0,1007.4547729492188,1.43629090195749,3.110062472569856,-0.6944199584856007,3.302300007810594,0.2527122463629391,1.3830220275508731,1.1692670148495758,0.4543218612108505,3.286882813634093,1.9327433745059648
64.0,47.0,1005.6038818359376,1.308516753266523,2.1752865939900867,0.1815601508968082,4.19439705578338,-0.2059303139175663,1.0777198568117343,1.0908442654933863,0.2003939982353898,2.6281803945220314,1.684505779710975
64.0,47.0,1005.079833984375,0.8078773908434,3.0635542735379326,-0.2222773718837908,3.644619233544741,-0.0438507735814526,1.4232936018416082,0.7302359461628485,0.463335757005806,3.131559441489576,1.6311643300045815
64.0,47.0,1006.5872802734376,0.2656690085363156,2.8994275720441487,-0.0359203097652873,2.439288483665521,-0.403613583524778,2.160790506390417,1.4511060060394816,0.484404972217794,3.372222679109396,2.807072668682597
64.0,47.0,1006.9229125976562,0.9773504019739024,2.740919523925674,-0.7208675711544004,3.4951392537713284,-0.5533562906214642,1.57964222441972,1.7092041256231807,-0.0059608132761654,3.048427825623034,1.6695635226820276
64.0,47.0,1005.4412231445312,1.0760585928896025,3.043829209022953,0.1516249576889987,2.5040090899037493,0.108098310179216,1.3923376410461463,1.0123123187632306,-0.980625588420784,3.3143856714436004,0.2993660291472664
64.0,47.0,1007.6295166015624,0.760632210368182,2.523489045540816,-0.6855887691901628,3.5657736665516566,0.317790458735649,0.3180960001700268,0.5613519826010546,0.3918729921785278,3.6392256882701166,1.6770418837070526
64.0,47.0,1005.7882080078124,1.930989912640924,2.5698273775009017,-0.4222718299406413,2.2647280101266523,-1.2334670620841697,1.1900713704557306,1.273633231737758,-0.0756089152430987,3.487418316929421,1.693288812527204
64.0,47.0,1007.544677734375,-0.2805326006232682,3.1038845231404446,-0.1870705914575828,3.988367848503743,-0.2562732772840708,1.540852333686741,0.7450130913541388,1.6656985897711236,2.857401366589688,0.9264712942409098
64.0,47.0,1004.8368530273438,-0.0192859539180938,3.1458012448024646,-0.4052589456220559,3.5837623621294377,-0.4446218579421889,1.004306573519272,1.0674916208430016,-0.1473208806064043,4.659302750457305,1.266183010783346
64.0,47.0,1005.0035400390624,1.488088734200528,3.2964916798764268,-0.081613556681665,3.4931910742310563,-0.4795947022471148,1.19443031097595,1.5983254058784726,0.3030366300005376,3.1093375136026897,1.3517079212642986
64.0,47.0,1005.6852416992188,1.2499511299324857,3.114938998617727,-0.120748307078449,3.5116358364440505,-1.444135019735279,1.078936544639041,1.0534340933650794,-0.1897722319095695,3.584328767139105,1.8579468178984029
64.0,47.0,1005.8321533203124,0.377814434290604,3.895551475372848,0.0535583373255332,3.414557908843645,-0.5334289284626546,0.985593986932181,0.7933330380200138,0.0535584523865163,3.290998620666775,1.0098828753892786
64.0,47.0,1008.1739501953124,1.6413635358121716,3.343269745080816,0.2019027360287677,3.5348093235497835,-0.1942484375916076,0.9530267104471426,1.1052031353316056,0.0297497040701961,3.35263353716934,1.512207743913377
64.0,47.0,1006.750732421875,1.4983206496546757,3.310143956253831,-0.0995478391109807,4.111181782258067,-0.0736615879452686,2.3151370482507234,0.654147595066203,0.6455422381112422,3.3493750202887504,1.9151768831651383
64.0,47.0,1005.9476318359376,0.0416259073064684,3.056620648095169,0.9059087932371556,3.541676985417584,-0.4558259587305865,-0.3150494321593007,1.05123482986649,-0.0994281152615595,3.238383279985208,1.6565234082160285
64.0,47.0,1006.3308715820312,1.535959406806901,3.012881012953959,-0.1663306996994601,3.5850778383914594,-0.2867194392540477,1.0486903470382465,1.1491035130694829,-0.0172823082687018,3.5717012420075,1.522958118209904
64.0,47.0,1005.21337890625,1.1138422598907147,3.163510525715634,-0.3509051133911852,2.6758266898773537,-0.5122082648359199,1.0718111705207738,1.65587216787568,-1.0170876187562123,3.54151433099572,1.3460114713344828
64.0,47.0,1004.9675903320312,0.5163418992741506,3.048817683689679,-0.6671757961656667,3.038681368765338,-1.5010622553438249,0.7996637919310045,1.2467383098495923,0.0980610079545224,3.3445950501342527,1.5795039091826957
64.0,47.0,1008.155029296875,0.1899101776962971,3.182073383108013,-0.3837736624597996,3.479882305506419,-1.3813124223710167,1.3305780647933154,1.2388417457404084,-0.2462283989860767,3.308109865441909,1.0103765142496082
64.0,47.0,1005.5949096679688,1.065741447403239,3.566321993171797,-0.1722097588879127,3.335195644635442,0.4153135222526197,1.6432684793938577,1.2308026718224587,0.3065238812510272,3.32453208933479,1.4181087479272612
64.0,47.0,1007.9334716796876,1.1860174019719103,3.062699769325937,-0.5772754403344685,2.921296152802124,0.5203220957234284,1.220967665268109,0.7885410124274673,0.5750653020390918,3.2007527019435167,1.7099313399677305
64.0,47.0,1007.3814086914062,1.37501567893667,2.796826013722564,-0.2415181677679952,4.221335396971198,-0.2078968184580427,1.4898404207350833,1.5180200398342767,0.2547780929846841,3.338302295211076,1.023318751440718
64.0,47.0,1009.033935546875,0.7907948968280503,2.661427459447934,-0.5268160144191615,4.287006405019467,-0.1130135817789936,1.2681326125998775,1.2705267445638435,-0.3852123558156371,1.947299356546571,2.472532782050432
64.0,47.0,1005.1350708007812,0.1661038185710084,2.5390123143543657,2.0774916054569346,1.835614257140512,-1.5735118140693944,0.0393769710875324,1.5364656260845004,0.9512514490147672,2.833057723425437,1.6722709438483858
64.0,47.0,1007.6941528320312,-0.9191563805964992,-0.0739405032805775,1.058587782348256,2.5088568339158472,-0.4944091546357916,0.0149281589082759,1.2909744872868127,0.725586256491825,1.7227688893335578,1.4566318141616184
64.0,47.0,1003.6841430664062,1.5264166200797986,3.063097861613356,-0.215819897253269,3.5490497273888275,-0.2048867388282806,1.0826619122252867,1.0511392207255632,-0.0170243374408754,3.2973942147249127,1.6821927523441609
64.0,47.0,1006.7684936523438,1.3436931167584212,2.9723827309808475,-0.6990999954194496,3.448097725237284,-0.2091829105316387,0.262391251339839,1.03385109722468,-0.0967344722036515,3.302876430253528,1.7245487486675914
64.0,47.0,1006.3912353515624,1.0823124156003283,3.145532408020725,0.0937498638335725,4.3492484902596935,-0.983369492477124,0.3045399617600217,1.0355153888892177,-0.6035785196627739,3.47882371336145,1.9749920545649893
64.0,47.0,1006.762451171875,0.911579189855552,2.951643676927795,0.8739934856927296,4.20168182927838,-0.2255314448514733,0.9538401412870204,1.055251361200275,2.289490443857167,3.223133074694574,1.6821020431151852
64.0,47.0,1006.4755249023438,1.5373922129536688,3.032235559935451,0.6874268984749604,3.275338603754686,-0.2140326921908348,1.494799281789143,0.9278351614159914,0.1155832775990138,3.2730834620692755,1.8184178138756064
64.0,47.0,1005.9786376953124,1.1755166225902458,3.0139295819900664,-0.2417305383366287,3.616814653335077,-0.2729520402836232,1.8592848557108288,1.1177652924446315,0.1211451494947978,3.912459696901169,2.2316448068592054
64.0,47.0,1004.7403564453124,0.4804166552562906,3.142058809388116,-0.507253232726782,3.78275224637308,-0.5671588827166028,1.1261544357254607,1.4122039073154182,0.5007209311294231,3.503301094810195,1.926829920271378
64.0,47.0,1009.2369384765624,0.7719457450167173,3.067468518497742,0.1438674432862803,4.201429714841284,0.6009588464599838,1.2267336499088082,1.4269277437993857,0.4169023640793585,3.52345155282314,1.4499758682082091
64.0,47.0,1006.9170532226562,1.5008135023933489,2.9861872071511346,-0.431893834371605,2.8214919187287486,-0.2261427739521425,1.1105615551034884,0.4838116239205338,-0.0052966471293471,3.1909425469340382,0.7855032477643943
64.0,47.0,1005.6001586914062,0.1781387739601991,2.8222566258346973,-1.2784227836424644,2.158820161725356,-1.3598118191510389,1.8033214309254848,1.4312019484559402,0.0812233307260337,2.5723035292130967,1.5728984824109573
64.0,47.0,1005.8743896484376,0.0594998054986024,2.4736092679713666,-0.1808303602303297,1.535912543515276,-0.2128728184311272,0.8096079746393341,0.1778975985534896,-0.0199302804665875,3.321000599716123,2.4317144383963893
64.0,47.0,1006.9185791015624,1.6532833560127211,2.759904924457437,-0.2012999140935469,3.684540807557585,-0.5539544697721706,0.7534662847390312,1.3622563756454358,-0.051066509501412,3.858963732438049,1.6716311998676427
64.0,48.0,1004.9807739257812,-0.5860263830397243,3.065616109898324,0.1649193318545723,2.737410361495438,-0.3930089285615246,-0.1533558996367499,-0.4746565737067606,-0.0213919792120722,1.949093119885468,2.2963317078347827
64.0,48.0,1007.9323120117188,0.2833582410088201,3.059506966734865,-0.4440224240314817,3.537913671363393,0.595304704543162,1.2959109613147133,1.0881878258195288,0.0842539774170956,4.340152561424111,1.591153092112809
64.0,48.0,1006.3142700195312,1.139511611358937,3.0694613868905667,-0.1653637898345447,3.4430469374271744,-0.2036379756711497,1.017926728273767,0.9696821854232316,-0.0703918319987118,3.339716178654164,1.1256383025099117
64.0,48.0,1005.7072143554688,1.6491448804843336,2.9104453120023,-0.2376035463302053,3.615676320374159,-0.5459213406507523,1.0802436756395946,1.0229389087533642,-0.0226071327225542,3.134768809825729,1.4551102740604491
64.0,48.0,1005.2555541992188,-0.5037094802039921,3.707585390221884,-0.3280569768488796,3.321070462527059,0.979043172621886,-0.4155761280008436,0.9565504599200948,0.2951346271246178,3.295787014291044,2.1819067114242974
64.0,48.0,1008.2530517578124,1.5270982961521142,2.378577058659652,-0.1300141971189669,3.4316988602336704,-0.3495752633471561,0.6940326962933131,0.758785861126745,0.0664492484260929,3.002636118435235,0.7040430065820917
64.0,48.0,1006.2119140625,0.4893625390202833,1.7795423029239368,-0.2283334970089545,3.1277989280704825,0.4981169607027755,1.141197769335064,2.5146578201478693,1.975507430672696,4.311031517865723,2.0922100116751228
64.0,48.0,1006.5108642578124,1.1685864152557035,2.7422863333485434,-0.1019311206427966,3.4927380014308915,-0.2862684911241392,1.1077000929173788,1.0805232300206655,0.6838549062987216,3.220790808114516,1.679788189972098
64.0,48.0,1007.9924926757812,1.1304915359682637,4.2256386911715,-0.1397065042772326,3.3138439181342862,-0.2594859333120968,1.224257591352554,0.951273481078933,-0.2382050104252313,3.2816847651646595,1.422045957820127
64.0,48.0,1004.5355224609376,-0.2067583177486083,2.156645823399848,1.1237471826284795,3.780946817479548,-0.5114493991580722,1.3470285072754011,1.5426076556614716,0.9251629364195506,3.6326501297850458,1.193605314089168
64.0,48.0,1008.21923828125,-0.298219533117912,3.0185482192187125,0.285171031606693,2.599554216036076,0.2880969029957859,0.997517497305429,-0.590278083953078,0.2804241833235376,3.559147233411687,0.1670701598797905
64.0,48.0,1006.3345947265624,2.034042837590201,2.9125964116908234,-0.2024967773422643,3.3085072469478023,-0.07703122756074,0.9718660779238922,0.9340710653988924,1.2723474077259571,3.310849095998795,1.667239863445168
64.0,48.0,1007.4547729492188,1.43629090195749,3.110062472569856,-0.6944199584856007,3.302300007810594,0.2527122463629391,1.3830220275508731,1.1692670148495758,0.4543218612108505,3.286882813634093,1.9327433745059648
64.0,48.0,1005.6038818359376,1.308516753266523,2.1752865939900867,0.1815601508968082,4.19439705578338,-0.2059303139175663,1.0777198568117343,1.0908442654933863,0.2003939982353898,2.6281803945220314,1.684505779710975
64.0,48.0,1005.079833984375,0.8078773908434,3.0635542735379326,-0.2222773718837908,3.644619233544741,-0.0438507735814526,1.4232936018416082,0.7302359461628485,0.463335757005806,3.131559441489576,1.6311643300045815
64.0,48.0,1006.5872802734376,0.2656690085363156,2.8994275720441487,-0.0359203097652873,2.439288483665521,-0.403613583524778,2.160790506390417,1.4511060060394816,0.484404972217794,3.372222679109396,2.807072668682597
64.0,48.0,1006.9229125976562,0.9773504019739024,2.740919523925674,-0.7208675711544004,3.4951392537713284,-0.5533562906214642,1.57964222441972,1.7092041256231807,-0.0059608132761654,3.048427825623034,1.6695635226820276
64.0,48.0,1005.4412231445312,1.0760585928896025,3.043829209022953,0.1516249576889987,2.5040090899037493,0.108098310179216,1.3923376410461463,1.0123123187632306,-0.980625588420784,3.3143856714436004,0.2993660291472664
64.0,48.0,1007.6295166015624,0.760632210368182,2.523489045540816,-0.6855887691901628,3.5657736665516566,0.317790458735649,0.3180960001700268,0.5613519826010546,0.3918729921785278,3.6392256882701166,1.6770418837070526
64.0,48.0,1005.7882080078124,1.930989912640924,2.5698273775009017,-0.4222718299406413,2.2647280101266523,-1.2334670620841697,1.1900713704557306,1.273633231737758,-0.0756089152430987,3.487418316929421,1.693288812527204
64.0,48.0,1007.544677734375,-0.2805326006232682,3.1038845231404446,-0.1870705914575828,3.988367848503743,-0.2562732772840708,1.540852333686741,0.7450130913541388,1.6656985897711236,2.857401366589688,0.9264712942409098
64.0,48.0,1004.8368530273438,-0.0192859539180938,3.1458012448024646,-0.4052589456220559,3.5837623621294377,-0.4446218579421889,1.004306573519272,1.0674916208430016,-0.1473208806064043,4.659302750457305,1.266183010783346
64.0,48.0,1005.0035400390624,1.488088734200528,3.2964916798764268,-0.081613556681665,3.4931910742310563,-0.4795947022471148,1.19443031097595,1.5983254058784726,0.3030366300005376,3.1093375136026897,1.3517079212642986
64.0,48.0,1005.6852416992188,1.2499511299324857,3.114938998617727,-0.120748307078449,3.5116358364440505,-1.444135019735279,1.078936544639041,1.0534340933650794,-0.1897722319095695,3.584328767139105,1.8579468178984029
64.0,48.0,1005.8321533203124,0.377814434290604,3.895551475372848,0.0535583373255332,3.414557908843645,-0.5334289284626546,0.985593986932181,0.7933330380200138,0.0535584523865163,3.290998620666775,1.0098828753892786
64.0,48.0,1008.1739501953124,1.6413635358121716,3.343269745080816,0.2019027360287677,3.5348093235497835,-0.1942484375916076,0.9530267104471426,1.1052031353316056,0.0297497040701961,3.35263353716934,1.512207743913377
64.0,48.0,1006.750732421875,1.4983206496546757,3.310143956253831,-0.0995478391109807,4.111181782258067,-0.0736615879452686,2.3151370482507234,0.654147595066203,0.6455422381112422,3.3493750202887504,1.9151768831651383
64.0,48.0,1005.9476318359376,0.0416259073064684,3.056620648095169,0.9059087932371556,3.541676985417584,-0.4558259587305865,-0.3150494321593007,1.05123482986649,-0.0994281152615595,3.238383279985208,1.6565234082160285
64.0,48.0,1006.3308715820312,1.535959406806901,3.012881012953959,-0.1663306996994601,3.5850778383914594,-0.2867194392540477,1.0486903470382465,1.1491035130694829,-0.0172823082687018,3.5717012420075,1.522958118209904
64.0,48.0,1005.21337890625,1.1138422598907147,3.163510525715634,-0.3509051133911852,2.6758266898773537,-0.5122082648359199,1.0718111705207738,1.65587216787568,-1.0170876187562123,3.54151433099572,1.3460114713344828
64.0,48.0,1004.9675903320312,0.5163418992741506,3.048817683689679,-0.6671757961656667,3.038681368765338,-1.5010622553438249,0.7996637919310045,1.2467383098495923,0.0980610079545224,3.3445950501342527,1.5795039091826957
64.0,48.0,1008.155029296875,0.1899101776962971,3.182073383108013,-0.3837736624597996,3.479882305506419,-1.3813124223710167,1.3305780647933154,1.2388417457404084,-0.2462283989860767,3.308109865441909,1.0103765142496082
64.0,48.0,1005.5949096679688,1.065741447403239,3.566321993171797,-0.1722097588879127,3.335195644635442,0.4153135222526197,1.6432684793938577,1.2308026718224587,0.3065238812510272,3.32453208933479,1.4181087479272612
64.0,48.0,1007.9334716796876,1.1860174019719103,3.062699769325937,-0.5772754403344685,2.921296152802124,0.5203220957234284,1.220967665268109,0.7885410124274673,0.5750653020390918,3.2007527019435167,1.7099313399677305
64.0,48.0,1007.3814086914062,1.37501567893667,2.796826013722564,-0.2415181677679952,4.221335396971198,-0.2078968184580427,1.4898404207350833,1.5180200398342767,0.2547780929846841,3.338302295211076,1.023318751440718
64.0,48.0,1009.033935546875,0.7907948968280503,2.661427459447934,-0.5268160144191615,4.287006405019467,-0.1130135817789936,1.2681326125998775,1.2705267445638435,-0.3852123558156371,1.947299356546571,2.472532782050432
64.0,48.0,1005.1350708007812,0.1661038185710084,2.5390123143543657,2.0774916054569346,1.835614257140512,-1.5735118140693944,0.0393769710875324,1.5364656260845004,0.9512514490147672,2.833057723425437,1.6722709438483858
64.0,48.0,1007.6941528320312,-0.9191563805964992,-0.0739405032805775,1.058587782348256,2.5088568339158472,-0.4944091546357916,0.0149281589082759,1.2909744872868127,0.725586256491825,1.7227688893335578,1.4566318141616184
64.0,48.0,1003.6841430664062,1.5264166200797986,3.063097861613356,-0.215819897253269,3.5490497273888275,-0.2048867388282806,1.0826619122252867,1.0511392207255632,-0.0170243374408754,3.2973942147249127,1.6821927523441609
64.0,48.0,1006.7684936523438,1.3436931167584212,2.9723827309808475,-0.6990999954194496,3.448097725237284,-0.2091829105316387,0.262391251339839,1.03385109722468,-0.0967344722036515,3.302876430253528,1.7245487486675914
64.0,48.0,1006.3912353515624,1.0823124156003283,3.145532408020725,0.0937498638335725,4.3492484902596935,-0.983369492477124,0.3045399617600217,1.0355153888892177,-0.6035785196627739,3.47882371336145,1.9749920545649893
64.0,48.0,1006.762451171875,0.911579189855552,2.951643676927795,0.8739934856927296,4.20168182927838,-0.2255314448514733,0.9538401412870204,1.055251361200275,2.289490443857167,3.223133074694574,1.6821020431151852
64.0,48.0,1006.4755249023438,1.5373922129536688,3.032235559935451,0.6874268984749604,3.275338603754686,-0.2140326921908348,1.494799281789143,0.9278351614159914,0.1155832775990138,3.2730834620692755,1.8184178138756064
64.0,48.0,1005.9786376953124,1.1755166225902458,3.0139295819900664,-0.2417305383366287,3.616814653335077,-0.2729520402836232,1.8592848557108288,1.1177652924446315,0.1211451494947978,3.912459696901169,2.2316448068592054
64.0,48.0,1004.7403564453124,0.4804166552562906,3.142058809388116,-0.507253232726782,3.78275224637308,-0.5671588827166028,1.1261544357254607,1.4122039073154182,0.5007209311294231,3.503301094810195,1.926829920271378
64.0,48.0,1009.2369384765624,0.7719457450167173,3.067468518497742,0.1438674432862803,4.201429714841284,0.6009588464599838,1.2267336499088082,1.4269277437993857,0.4169023640793585,3.52345155282314,1.4499758682082091
64.0,48.0,1006.9170532226562,1.5008135023933489,2.9861872071511346,-0.431893834371605,2.8214919187287486,-0.2261427739521425,1.1105615551034884,0.4838116239205338,-0.0052966471293471,3.1909425469340382,0.7855032477643943
64.0,48.0,1005.6001586914062,0.1781387739601991,2.8222566258346973,-1.2784227836424644,2.158820161725356,-1.3598118191510389,1.8033214309254848,1.4312019484559402,0.0812233307260337,2.5723035292130967,1.5728984824109573
64.0,48.0,1005.8743896484376,0.0594998054986024,2.4736092679713666,-0.1808303602303297,1.535912543515276,-0.2128728184311272,0.8096079746393341,0.1778975985534896,-0.0199302804665875,3.321000599716123,2.4317144383963893
64.0,48.0,1006.9185791015624,1.6532833560127211,2.759904924457437,-0.2012999140935469,3.684540807557585,-0.5539544697721706,0.7534662847390312,1.3622563756454358,-0.051066509501412,3.858963732438049,1.6716311998676427
64.0,49.0,1004.9807739257812,-0.5860263830397243,3.065616109898324,0.1649193318545723,2.737410361495438,-0.3930089285615246,-0.1533558996367499,-0.4746565737067606,-0.0213919792120722,1.949093119885468,2.2963317078347827
64.0,49.0,1007.9323120117188,0.2833582410088201,3.059506966734865,-0.4440224240314817,3.537913671363393,0.595304704543162,1.2959109613147133,1.0881878258195288,0.0842539774170956,4.340152561424111,1.591153092112809
64.0,49.0,1006.3142700195312,1.139511611358937,3.0694613868905667,-0.1653637898345447,3.4430469374271744,-0.2036379756711497,1.017926728273767,0.9696821854232316,-0.0703918319987118,3.339716178654164,1.1256383025099117
64.0,49.0,1005.7072143554688,1.6491448804843336,2.9104453120023,-0.2376035463302053,3.615676320374159,-0.5459213406507523,1.0802436756395946,1.0229389087533642,-0.0226071327225542,3.134768809825729,1.4551102740604491
64.0,49.0,1005.2555541992188,-0.5037094802039921,3.707585390221884,-0.3280569768488796,3.321070462527059,0.979043172621886,-0.4155761280008436,0.9565504599200948,0.2951346271246178,3.295787014291044,2.1819067114242974
64.0,49.0,1008.2530517578124,1.5270982961521142,2.378577058659652,-0.1300141971189669,3.4316988602336704,-0.3495752633471561,0.6940326962933131,0.758785861126745,0.0664492484260929,3.002636118435235,0.7040430065820917
64.0,49.0,1006.2119140625,0.4893625390202833,1.7795423029239368,-0.2283334970089545,3.1277989280704825,0.4981169607027755,1.141197769335064,2.5146578201478693,1.975507430672696,4.311031517865723,2.0922100116751228
64.0,49.0,1006.5108642578124,1.1685864152557035,2.7422863333485434,-0.1019311206427966,3.4927380014308915,-0.2862684911241392,1.1077000929173788,1.0805232300206655,0.6838549062987216,3.220790808114516,1.679788189972098
64.0,49.0,1007.9924926757812,1.1304915359682637,4.2256386911715,-0.1397065042772326,3.3138439181342862,-0.2594859333120968,1.224257591352554,0.951273481078933,-0.2382050104252313,3.2816847651646595,1.422045957820127
64.0,49.0,1004.5355224609376,-0.2067583177486083,2.156645823399848,1.1237471826284795,3.780946817479548,-0.5114493991580722,1.3470285072754011,1.5426076556614716,0.9251629364195506,3.6326501297850458,1.193605314089168
64.0,49.0,1008.21923828125,-0.298219533117912,3.0185482192187125,0.285171031606693,2.599554216036076,0.2880969029957859,0.997517497305429,-0.590278083953078,0.2804241833235376,3.559147233411687,0.1670701598797905
64.0,49.0,1006.3345947265624,2.034042837590201,2.9125964116908234,-0.2024967773422643,3.3085072469478023,-0.07703122756074,0.9718660779238922,0.9340710653988924,1.2723474077259571,3.310849095998795,1.667239863445168
64.0,49.0,1007.4547729492188,1.43629090195749,3.110062472569856,-0.6944199584856007,3.302300007810594,0.2527122463629391,1.3830220275508731,1.1692670148495758,0.4543218612108505,3.286882813634093,1.9327433745059648
64.0,49.0,1005.6038818359376,1.308516753266523,2.1752865939900867,0.1815601508968082,4.19439705578338,-0.2059303139175663,1.0777198568117343,1.0908442654933863,0.2003939982353898,2.6281803945220314,1.684505779710975
64.0,49.0,1005.079833984375,0.8078773908434,3.0635542735379326,-0.2222773718837908,3.644619233544741,-0.0438507735814526,1.4232936018416082,0.7302359461628485,0.463335757005806,3.131559441489576,1.6311643300045815
64.0,49.0,1006.5872802734376,0.2656690085363156,2.8994275720441487,-0.0359203097652873,2.439288483665521,-0.403613583524778,2.160790506390417,1.4511060060394816,0.484404972217794,3.372222679109396,2.807072668682597
64.0,49.0,1006.9229125976562,0.9773504019739024,2.740919523925674,-0.7208675711544004,3.4951392537713284,-0.5533562906214642,1.57964222441972,1.7092041256231807,-0.0059608132761654,3.048427825623034,1.6695635226820276
64.0,49.0,1005.4412231445312,1.0760585928896025,3.043829209022953,0.1516249576889987,2.5040090899037493,0.108098310179216,1.3923376410461463,1.0123123187632306,-0.980625588420784,3.3143856714436004,0.2993660291472664
64.0,49.0,1007.6295166015624,0.760632210368182,2.523489045540816,-0.6855887691901628,3.5657736665516566,0.317790458735649,0.3180960001700268,0.5613519826010546,0.3918729921785278,3.6392256882701166,1.6770418837070526
64.0,49.0,1005.7882080078124,1.930989912640924,2.5698273775009017,-0.4222718299406413,2.2647280101266523,-1.2334670620841697,1.1900713704557306,1.273633231737758,-0.0756089152430987,3.487418316929421,1.693288812527204
64.0,49.0,1007.544677734375,-0.2805326006232682,3.1038845231404446,-0.1870705914575828,3.988367848503743,-0.2562732772840708,1.540852333686741,0.7450130913541388,1.6656985897711236,2.857401366589688,0.9264712942409098
64.0,49.0,1004.8368530273438,-0.0192859539180938,3.1458012448024646,-0.4052589456220559,3.5837623621294377,-0.4446218579421889,1.004306573519272,1.0674916208430016,-0.1473208806064043,4.659302750457305,1.266183010783346
64.0,49.0,1005.0035400390624,1.488088734200528,3.2964916798764268,-0.081613556681665,3.4931910742310563,-0.4795947022471148,1.19443031097595,1.5983254058784726,0.3030366300005376,3.1093375136026897,1.3517079212642986
64.0,49.0,1005.6852416992188,1.2499511299324857,3.114938998617727,-0.120748307078449,3.5116358364440505,-1.444135019735279,1.078936544639041,1.0534340933650794,-0.1897722319095695,3.584328767139105,1.8579468178984029
64.0,49.0,1005.8321533203124,0.377814434290604,3.895551475372848,0.0535583373255332,3.414557908843645,-0.5334289284626546,0.985593986932181,0.7933330380200138,0.0535584523865163,3.290998620666775,1.0098828753892786
64.0,49.0,1008.1739501953124,1.6413635358121716,3.343269745080816,0.2019027360287677,3.5348093235497835,-0.1942484375916076,0.9530267104471426,1.1052031353316056,0.0297497040701961,3.35263353716934,1.512207743913377
64.0,49.0,1006.750732421875,1.4983206496546757,3.310143956253831,-0.0995478391109807,4.111181782258067,-0.0736615879452686,2.3151370482507234,0.654147595066203,0.6455422381112422,3.3493750202887504,1.9151768831651383
64.0,49.0,1005.9476318359376,0.0416259073064684,3.056620648095169,0.9059087932371556,3.541676985417584,-0.4558259587305865,-0.3150494321593007,1.05123482986649,-0.0994281152615595,3.238383279985208,1.6565234082160285
64.0,49.0,1006.3308715820312,1.535959406806901,3.012881012953959,-0.1663306996994601,3.5850778383914594,-0.2867194392540477,1.0486903470382465,1.1491035130694829,-0.0172823082687018,3.5717012420075,1.522958118209904
64.0,49.0,1005.21337890625,1.1138422598907147,3.163510525715634,-0.3509051133911852,2.6758266898773537,-0.5122082648359199,1.0718111705207738,1.65587216787568,-1.0170876187562123,3.54151433099572,1.3460114713344828
64.0,49.0,1004.9675903320312,0.5163418992741506,3.048817683689679,-0.6671757961656667,3.038681368765338,-1.5010622553438249,0.7996637919310045,1.2467383098495923,0.0980610079545224,3.3445950501342527,1.5795039091826957
64.0,49.0,1008.155029296875,0.1899101776962971,3.182073383108013,-0.3837736624597996,3.479882305506419,-1.3813124223710167,1.3305780647933154,1.2388417457404084,-0.2462283989860767,3.308109865441909,1.0103765142496082
64.0,49.0,1005.5949096679688,1.065741447403239,3.566321993171797,-0.1722097588879127,3.335195644635442,0.4153135222526197,1.6432684793938577,1.2308026718224587,0.3065238812510272,3.32453208933479,1.4181087479272612
64.0,49.0,1007.9334716796876,1.1860174019719103,3.062699769325937,-0.5772754403344685,2.921296152802124,0.5203220957234284,1.220967665268109,0.7885410124274673,0.5750653020390918,3.2007527019435167,1.7099313399677305
64.0,49.0,1007.3814086914062,1.37501567893667,2.796826013722564,-0.2415181677679952,4.221335396971198,-0.2078968184580427,1.4898404207350833,1.5180200398342767,0.2547780929846841,3.338302295211076,1.023318751440718
64.0,49.0,1009.033935546875,0.7907948968280503,2.661427459447934,-0.5268160144191615,4.287006405019467,-0.1130135817789936,1.2681326125998775,1.2705267445638435,-0.3852123558156371,1.947299356546571,2.472532782050432
64.0,49.0,1005.1350708007812,0.1661038185710084,2.5390123143543657,2.0774916054569346,1.835614257140512,-1.5735118140693944,0.0393769710875324,1.5364656260845004,0.9512514490147672,2.833057723425437,1.6722709438483858
64.0,49.0,1007.6941528320312,-0.9191563805964992,-0.0739405032805775,1.058587782348256,2.5088568339158472,-0.4944091546357916,0.0149281589082759,1.2909744872868127,0.725586256491825,1.7227688893335578,1.4566318141616184
64.0,49.0,1003.6841430664062,1.5264166200797986,3.063097861613356,-0.215819897253269,3.5490497273888275,-0.2048867388282806,1.0826619122252867,1.0511392207255632,-0.0170243374408754,3.2973942147249127,1.6821927523441609
64.0,49.0,1006.7684936523438,1.3436931167584212,2.9723827309808475,-0.6990999954194496,3.448097725237284,-0.2091829105316387,0.262391251339839,1.03385109722468,-0.0967344722036515,3.302876430253528,1.7245487486675914
64.0,49.0,1006.3912353515624,1.0823124156003283,3.145532408020725,0.0937498638335725,4.3492484902596935,-0.983369492477124,0.3045399617600217,1.0355153888892177,-0.6035785196627739,3.47882371336145,1.9749920545649893
64.0,49.0,1006.762451171875,0.911579189855552,2.951643676927795,0.8739934856927296,4.20168182927838,-0.2255314448514733,0.9538401412870204,1.055251361200275,2.289490443857167,3.223133074694574,1.6821020431151852
64.0,49.0,1006.4755249023438,1.5373922129536688,3.032235559935451,0.6874268984749604,3.275338603754686,-0.2140326921908348,1.494799281789143,0.9278351614159914,0.1155832775990138,3.2730834620692755,1.8184178138756064
64.0,49.0,1005.9786376953124,1.1755166225902458,3.0139295819900664,-0.2417305383366287,3.616814653335077,-0.2729520402836232,1.8592848557108288,1.1177652924446315,0.1211451494947978,3.912459696901169,2.2316448068592054
64.0,49.0,1004.7403564453124,0.4804166552562906,3.142058809388116,-0.507253232726782,3.78275224637308,-0.5671588827166028,1.1261544357254607,1.4122039073154182,0.5007209311294231,3.503301094810195,1.926829920271378
64.0,49.0,1008.9876098632812,0.7384217785405209,3.059662040771547,-0.8190080191080049,2.865562628601165,-0.914779481852118,1.342272113727746,1.5231679189245193,0.4310763279393403,3.055378105389639,1.4148957705297691
64.0,49.0,1006.9170532226562,1.5008135023933489,2.9861872071511346,-0.431893834371605,2.8214919187287486,-0.2261427739521425,1.1105615551034884,0.4838116239205338,-0.0052966471293471,3.1909425469340382,0.7855032477643943
64.0,49.0,1005.6001586914062,0.1781387739601991,2.8222566258346973,-1.2784227836424644,2.158820161725356,-1.3598118191510389,1.8033214309254848,1.4312019484559402,0.0812233307260337,2.5723035292130967,1.5728984824109573
64.0,49.0,1005.8743896484376,0.0594998054986024,2.4736092679713666,-0.1808303602303297,1.535912543515276,-0.2128728184311272,0.8096079746393341,0.1778975985534896,-0.0199302804665875,3.321000599716123,2.4317144383963893
64.0,49.0,1006.9185791015624,1.6532833560127211,2.759904924457437,-0.2012999140935469,3.684540807557585,-0.5539544697721706,0.7534662847390312,1.3622563756454358,-0.051066509501412,3.858963732438049,1.6716311998676427
64.0,50.0,1004.9807739257812,-0.5860263830397243,3.065616109898324,0.1649193318545723,2.737410361495438,-0.3930089285615246,-0.1533558996367499,-0.4746565737067606,-0.0213919792120722,1.949093119885468,2.2963317078347827
64.0,50.0,1007.9323120117188,0.2833582410088201,3.059506966734865,-0.4440224240314817,3.537913671363393,0.595304704543162,1.2959109613147133,1.0881878258195288,0.0842539774170956,4.340152561424111,1.591153092112809
64.0,50.0,1006.3142700195312,1.139511611358937,3.0694613868905667,-0.1653637898345447,3.4430469374271744,-0.2036379756711497,1.017926728273767,0.9696821854232316,-0.0703918319987118,3.339716178654164,1.1256383025099117
64.0,50.0,1005.7072143554688,1.6491448804843336,2.9104453120023,-0.2376035463302053,3.615676320374159,-0.5459213406507523,1.0802436756395946,1.0229389087533642,-0.0226071327225542,3.134768809825729,1.4551102740604491
64.0,50.0,1005.2555541992188,-0.5037094802039921,3.707585390221884,-0.3280569768488796,3.321070462527059,0.979043172621886,-0.4155761280008436,0.9565504599200948,0.2951346271246178,3.295787014291044,2.1819067114242974
64.0,50.0,1008.2530517578124,1.5270982961521142,2.378577058659652,-0.1300141971189669,3.4316988602336704,-0.3495752633471561,0.6940326962933131,0.758785861126745,0.0664492484260929,3.002636118435235,0.7040430065820917
64.0,50.0,1006.2119140625,0.4893625390202833,1.7795423029239368,-0.2283334970089545,3.1277989280704825,0.4981169607027755,1.141197769335064,2.5146578201478693,1.975507430672696,4.311031517865723,2.0922100116751228
64.0,50.0,1006.5108642578124,1.1685864152557035,2.7422863333485434,-0.1019311206427966,3.4927380014308915,-0.2862684911241392,1.1077000929173788,1.0805232300206655,0.6838549062987216,3.220790808114516,1.679788189972098
64.0,50.0,1007.9924926757812,1.1304915359682637,4.2256386911715,-0.1397065042772326,3.3138439181342862,-0.2594859333120968,1.224257591352554,0.951273481078933,-0.2382050104252313,3.2816847651646595,1.422045957820127
64.0,50.0,1004.5355224609376,-0.2067583177486083,2.156645823399848,1.1237471826284795,3.780946817479548,-0.5114493991580722,1.3470285072754011,1.5426076556614716,0.9251629364195506,3.6326501297850458,1.193605314089168
64.0,50.0,1008.21923828125,-0.298219533117912,3.0185482192187125,0.285171031606693,2.599554216036076,0.2880969029957859,0.997517497305429,-0.590278083953078,0.2804241833235376,3.559147233411687,0.1670701598797905
64.0,50.0,1006.3345947265624,2.034042837590201,2.9125964116908234,-0.2024967773422643,3.3085072469478023,-0.07703122756074,0.9718660779238922,0.9340710653988924,1.2723474077259571,3.310849095998795,1.667239863445168
64.0,50.0,1007.4547729492188,1.43629090195749,3.110062472569856,-0.6944199584856007,3.302300007810594,0.2527122463629391,1.3830220275508731,1.1692670148495758,0.4543218612108505,3.286882813634093,1.9327433745059648
64.0,50.0,1005.6038818359376,1.308516753266523,2.1752865939900867,0.1815601508968082,4.19439705578338,-0.2059303139175663,1.0777198568117343,1.0908442654933863,0.2003939982353898,2.6281803945220314,1.684505779710975
64.0,50.0,1005.079833984375,0.8078773908434,3.0635542735379326,-0.2222773718837908,3.644619233544741,-0.0438507735814526,1.4232936018416082,0.7302359461628485,0.463335757005806,3.131559441489576,1.6311643300045815
64.0,50.0,1006.5872802734376,0.2656690085363156,2.8994275720441487,-0.0359203097652873,2.439288483665521,-0.403613583524778,2.160790506390417,1.4511060060394816,0.484404972217794,3.372222679109396,2.807072668682597
64.0,50.0,1006.9229125976562,0.9773504019739024,2.740919523925674,-0.7208675711544004,3.4951392537713284,-0.5533562906214642,1.57964222441972,1.7092041256231807,-0.0059608132761654,3.048427825623034,1.6695635226820276
64.0,50.0,1005.4412231445312,1.0760585928896025,3.043829209022953,0.1516249576889987,2.5040090899037493,0.108098310179216,1.3923376410461463,1.0123123187632306,-0.980625588420784,3.3143856714436004,0.2993660291472664
64.0,50.0,1007.6295166015624,0.760632210368182,2.523489045540816,-0.6855887691901628,3.5657736665516566,0.317790458735649,0.3180960001700268,0.5613519826010546,0.3918729921785278,3.6392256882701166,1.6770418837070526
64.0,50.0,1005.7882080078124,1.930989912640924,2.5698273775009017,-0.4222718299406413,2.2647280101266523,-1.2334670620841697,1.1900713704557306,1.273633231737758,-0.0756089152430987,3.487418316929421,1.693288812527204
64.0,50.0,1007.544677734375,-0.2805326006232682,3.1038845231404446,-0.1870705914575828,3.988367848503743,-0.2562732772840708,1.540852333686741,0.7450130913541388,1.6656985897711236,2.857401366589688,0.9264712942409098
64.0,50.0,1004.8368530273438,-0.0192859539180938,3.1458012448024646,-0.4052589456220559,3.5837623621294377,-0.4446218579421889,1.004306573519272,1.0674916208430016,-0.1473208806064043,4.659302750457305,1.266183010783346
64.0,50.0,1005.0035400390624,1.488088734200528,3.2964916798764268,-0.081613556681665,3.4931910742310563,-0.4795947022471148,1.19443031097595,1.5983254058784726,0.3030366300005376,3.1093375136026897,1.3517079212642986
64.0,50.0,1005.6852416992188,1.2499511299324857,3.114938998617727,-0.120748307078449,3.5116358364440505,-1.444135019735279,1.078936544639041,1.0534340933650794,-0.1897722319095695,3.584328767139105,1.8579468178984029
64.0,50.0,1005.8321533203124,0.377814434290604,3.895551475372848,0.0535583373255332,3.414557908843645,-0.5334289284626546,0.985593986932181,0.7933330380200138,0.0535584523865163,3.290998620666775,1.0098828753892786
64.0,50.0,1008.1739501953124,1.6413635358121716,3.343269745080816,0.2019027360287677,3.5348093235497835,-0.1942484375916076,0.9530267104471426,1.1052031353316056,0.0297497040701961,3.35263353716934,1.512207743913377
64.0,50.0,1006.750732421875,1.4983206496546757,3.310143956253831,-0.0995478391109807,4.111181782258067,-0.0736615879452686,2.3151370482507234,0.654147595066203,0.6455422381112422,3.3493750202887504,1.9151768831651383
64.0,50.0,1005.9476318359376,0.0416259073064684,3.056620648095169,0.9059087932371556,3.541676985417584,-0.4558259587305865,-0.3150494321593007,1.05123482986649,-0.0994281152615595,3.238383279985208,1.6565234082160285
64.0,50.0,1006.3308715820312,1.535959406806901,3.012881012953959,-0.1663306996994601,3.5850778383914594,-0.2867194392540477,1.0486903470382465,1.1491035130694829,-0.0172823082687018,3.5717012420075,1.522958118209904
64.0,50.0,1005.21337890625,1.1138422598907147,3.163510525715634,-0.3509051133911852,2.6758266898773537,-0.5122082648359199,1.0718111705207738,1.65587216787568,-1.0170876187562123,3.54151433099572,1.3460114713344828
64.0,50.0,1004.9675903320312,0.5163418992741506,3.048817683689679,-0.6671757961656667,3.038681368765338,-1.5010622553438249,0.7996637919310045,1.2467383098495923,0.0980610079545224,3.3445950501342527,1.5795039091826957
64.0,50.0,1008.155029296875,0.1899101776962971,3.182073383108013,-0.3837736624597996,3.479882305506419,-1.3813124223710167,1.3305780647933154,1.2388417457404084,-0.2462283989860767,3.308109865441909,1.0103765142496082
64.0,50.0,1005.5949096679688,1.065741447403239,3.566321993171797,-0.1722097588879127,3.335195644635442,0.4153135222526197,1.6432684793938577,1.2308026718224587,0.3065238812510272,3.32453208933479,1.4181087479272612
64.0,50.0,1007.9334716796876,1.1860174019719103,3.062699769325937,-0.5772754403344685,2.921296152802124,0.5203220957234284,1.220967665268109,0.7885410124274673,0.5750653020390918,3.2007527019435167,1.7099313399677305
64.0,50.0,1007.3814086914062,1.37501567893667,2.796826013722564,-0.2415181677679952,4.221335396971198,-0.2078968184580427,1.4898404207350833,1.5180200398342767,0.2547780929846841,3.338302295211076,1.023318751440718
64.0,50.0,1009.033935546875,0.7907948968280503,2.661427459447934,-0.5268160144191615,4.287006405019467,-0.1130135817789936,1.2681326125998775,1.2705267445638435,-0.3852123558156371,1.947299356546571,2.472532782050432
64.0,50.0,1005.1350708007812,0.1661038185710084,2.5390123143543657,2.0774916054569346,1.835614257140512,-1.5735118140693944,0.0393769710875324,1.5364656260845004,0.9512514490147672,2.833057723425437,1.6722709438483858
64.0,50.0,1007.6941528320312,-0.9191563805964992,-0.0739405032805775,1.058587782348256,2.5088568339158472,-0.4944091546357916,0.0149281589082759,1.2909744872868127,0.725586256491825,1.7227688893335578,1.4566318141616184
64.0,50.0,1003.6841430664062,1.5264166200797986,3.063097861613356,-0.215819897253269,3.5490497273888275,-0.2048867388282806,1.0826619122252867,1.0511392207255632,-0.0170243374408754,3.2973942147249127,1.6821927523441609
64.0,50.0,1006.7684936523438,1.3436931167584212,2.9723827309808475,-0.6990999954194496,3.448097725237284,-0.2091829105316387,0.262391251339839,1.03385109722468,-0.0967344722036515,3.302876430253528,1.7245487486675914
64.0,50.0,1006.3912353515624,1.0823124156003283,3.145532408020725,0.0937498638335725,4.3492484902596935,-0.983369492477124,0.3045399617600217,1.0355153888892177,-0.6035785196627739,3.47882371336145,1.9749920545649893
64.0,50.0,1006.762451171875,0.911579189855552,2.951643676927795,0.8739934856927296,4.20168182927838,-0.2255314448514733,0.9538401412870204,1.055251361200275,2.289490443857167,3.223133074694574,1.6821020431151852
64.0,50.0,1006.4755249023438,1.5373922129536688,3.032235559935451,0.6874268984749604,3.275338603754686,-0.2140326921908348,1.494799281789143,0.9278351614159914,0.1155832775990138,3.2730834620692755,1.8184178138756064
64.0,50.0,1005.9786376953124,1.1755166225902458,3.0139295819900664,-0.2417305383366287,3.616814653335077,-0.2729520402836232,1.8592848557108288,1.1177652924446315,0.1211451494947978,3.912459696901169,2.2316448068592054
64.0,50.0,1004.7403564453124,0.4804166552562906,3.142058809388116,-0.507253232726782,3.78275224637308,-0.5671588827166028,1.1261544357254607,1.4122039073154182,0.5007209311294231,3.503301094810195,1.926829920271378
64.0,50.0,1007.6553344726562,1.363294018056876,3.0579967002587463,-0.0236264952436746,2.515488006303616,-0.7221603944231576,1.0967872065189033,1.175680575292055,-0.3680716873491677,2.993308491728796,1.3518225837038391
64.0,50.0,1006.9170532226562,1.5008135023933489,2.9861872071511346,-0.431893834371605,2.8214919187287486,-0.2261427739521425,1.1105615551034884,0.4838116239205338,-0.0052966471293471,3.1909425469340382,0.7855032477643943
64.0,50.0,1005.6001586914062,0.1781387739601991,2.8222566258346973,-1.2784227836424644,2.158820161725356,-1.3598118191510389,1.8033214309254848,1.4312019484559402,0.0812233307260337,2.5723035292130967,1.5728984824109573
64.0,50.0,1005.8743896484376,0.0594998054986024,2.4736092679713666,-0.1808303602303297,1.535912543515276,-0.2128728184311272,0.8096079746393341,0.1778975985534896,-0.0199302804665875,3.321000599716123,2.4317144383963893
64.0,50.0,1006.9185791015624,1.6532833560127211,2.759904924457437,-0.2012999140935469,3.684540807557585,-0.5539544697721706,0.7534662847390312,1.3622563756454358,-0.051066509501412,3.858963732438049,1.6716311998676427
64.0,51.0,1004.9807739257812,-0.5860263830397243,3.065616109898324,0.1649193318545723,2.737410361495438,-0.3930089285615246,-0.1533558996367499,-0.4746565737067606,-0.0213919792120722,1.949093119885468,2.2963317078347827
64.0,51.0,1007.9323120117188,0.2833582410088201,3.059506966734865,-0.4440224240314817,3.537913671363393,0.595304704543162,1.2959109613147133,1.0881878258195288,0.0842539774170956,4.340152561424111,1.591153092112809
64.0,51.0,1006.3142700195312,1.139511611358937,3.0694613868905667,-0.1653637898345447,3.4430469374271744,-0.2036379756711497,1.017926728273767,0.9696821854232316,-0.0703918319987118,3.339716178654164,1.1256383025099117
64.0,51.0,1005.7072143554688,1.6491448804843336,2.9104453120023,-0.2376035463302053,3.615676320374159,-0.5459213406507523,1.0802436756395946,1.0229389087533642,-0.0226071327225542,3.134768809825729,1.4551102740604491
64.0,51.0,1005.2555541992188,-0.5037094802039921,3.707585390221884,-0.3280569768488796,3.321070462527059,0.979043172621886,-0.4155761280008436,0.9565504599200948,0.2951346271246178,3.295787014291044,2.1819067114242974
64.0,51.0,1008.2530517578124,1.5270982961521142,2.378577058659652,-0.1300141971189669,3.4316988602336704,-0.3495752633471561,0.6940326962933131,0.758785861126745,0.0664492484260929,3.002636118435235,0.7040430065820917
64.0,51.0,1006.2119140625,0.4893625390202833,1.7795423029239368,-0.2283334970089545,3.1277989280704825,0.4981169607027755,1.141197769335064,2.5146578201478693,1.975507430672696,4.311031517865723,2.0922100116751228
64.0,51.0,1006.5108642578124,1.1685864152557035,2.7422863333485434,-0.1019311206427966,3.4927380014308915,-0.2862684911241392,1.1077000929173788,1.0805232300206655,0.6838549062987216,3.220790808114516,1.679788189972098
64.0,51.0,1007.9924926757812,1.1304915359682637,4.2256386911715,-0.1397065042772326,3.3138439181342862,-0.2594859333120968,1.224257591352554,0.951273481078933,-0.2382050104252313,3.2816847651646595,1.422045957820127
64.0,51.0,1004.5355224609376,-0.2067583177486083,2.156645823399848,1.1237471826284795,3.780946817479548,-0.5114493991580722,1.3470285072754011,1.5426076556614716,0.9251629364195506,3.6326501297850458,1.193605314089168
64.0,51.0,1008.21923828125,-0.298219533117912,3.0185482192187125,0.285171031606693,2.599554216036076,0.2880969029957859,0.997517497305429,-0.590278083953078,0.2804241833235376,3.559147233411687,0.1670701598797905
64.0,51.0,1006.3345947265624,2.034042837590201,2.9125964116908234,-0.2024967773422643,3.3085072469478023,-0.07703122756074,0.9718660779238922,0.9340710653988924,1.2723474077259571,3.310849095998795,1.667239863445168
64.0,51.0,1007.4547729492188,1.43629090195749,3.110062472569856,-0.6944199584856007,3.302300007810594,0.2527122463629391,1.3830220275508731,1.1692670148495758,0.4543218612108505,3.286882813634093,1.9327433745059648
64.0,51.0,1005.6038818359376,1.308516753266523,2.1752865939900867,0.1815601508968082,4.19439705578338,-0.2059303139175663,1.0777198568117343,1.0908442654933863,0.2003939982353898,2.6281803945220314,1.684505779710975
64.0,51.0,1005.079833984375,0.8078773908434,3.0635542735379326,-0.2222773718837908,3.644619233544741,-0.0438507735814526,1.4232936018416082,0.7302359461628485,0.463335757005806,3.131559441489576,1.6311643300045815
64.0,51.0,1006.5872802734376,0.2656690085363156,2.8994275720441487,-0.0359203097652873,2.439288483665521,-0.403613583524778,2.160790506390417,1.4511060060394816,0.484404972217794,3.372222679109396,2.807072668682597
64.0,51.0,1006.9229125976562,0.9773504019739024,2.740919523925674,-0.7208675711544004,3.4951392537713284,-0.5533562906214642,1.57964222441972,1.7092041256231807,-0.0059608132761654,3.048427825623034,1.6695635226820276
64.0,51.0,1005.4412231445312,1.0760585928896025,3.043829209022953,0.1516249576889987,2.5040090899037493,0.108098310179216,1.3923376410461463,1.0123123187632306,-0.980625588420784,3.3143856714436004,0.2993660291472664
64.0,51.0,1007.6295166015624,0.760632210368182,2.523489045540816,-0.6855887691901628,3.5657736665516566,0.317790458735649,0.3180960001700268,0.5613519826010546,0.3918729921785278,3.6392256882701166,1.6770418837070526
64.0,51.0,1005.7882080078124,1.930989912640924,2.5698273775009017,-0.4222718299406413,2.2647280101266523,-1.2334670620841697,1.1900713704557306,1.273633231737758,-0.0756089152430987,3.487418316929421,1.693288812527204
64.0,51.0,1007.544677734375,-0.2805326006232682,3.1038845231404446,-0.1870705914575828,3.988367848503743,-0.2562732772840708,1.540852333686741,0.7450130913541388,1.6656985897711236,2.857401366589688,0.9264712942409098
64.0,51.0,1004.8368530273438,-0.0192859539180938,3.1458012448024646,-0.4052589456220559,3.5837623621294377,-0.4446218579421889,1.004306573519272,1.0674916208430016,-0.1473208806064043,4.659302750457305,1.266183010783346
64.0,51.0,1005.0035400390624,1.488088734200528,3.2964916798764268,-0.081613556681665,3.4931910742310563,-0.4795947022471148,1.19443031097595,1.5983254058784726,0.3030366300005376,3.1093375136026897,1.3517079212642986
64.0,51.0,1005.6852416992188,1.2499511299324857,3.114938998617727,-0.120748307078449,3.5116358364440505,-1.444135019735279,1.078936544639041,1.0534340933650794,-0.1897722319095695,3.584328767139105,1.8579468178984029
64.0,51.0,1005.8321533203124,0.377814434290604,3.895551475372848,0.0535583373255332,3.414557908843645,-0.5334289284626546,0.985593986932181,0.7933330380200138,0.0535584523865163,3.290998620666775,1.0098828753892786
64.0,51.0,1008.1739501953124,1.6413635358121716,3.343269745080816,0.2019027360287677,3.5348093235497835,-0.1942484375916076,0.9530267104471426,1.1052031353316056,0.0297497040701961,3.35263353716934,1.512207743913377
64.0,51.0,1006.750732421875,1.4983206496546757,3.310143956253831,-0.0995478391109807,4.111181782258067,-0.0736615879452686,2.3151370482507234,0.654147595066203,0.6455422381112422,3.3493750202887504,1.9151768831651383
64.0,51.0,1005.9476318359376,0.0416259073064684,3.056620648095169,0.9059087932371556,3.541676985417584,-0.4558259587305865,-0.3150494321593007,1.05123482986649,-0.0994281152615595,3.238383279985208,1.6565234082160285
64.0,51.0,1006.3308715820312,1.535959406806901,3.012881012953959,-0.1663306996994601,3.5850778383914594,-0.2867194392540477,1.0486903470382465,1.1491035130694829,-0.0172823082687018,3.5717012420075,1.522958118209904
64.0,51.0,1005.21337890625,1.1138422598907147,3.163510525715634,-0.3509051133911852,2.6758266898773537,-0.5122082648359199,1.0718111705207738,1.65587216787568,-1.0170876187562123,3.54151433099572,1.3460114713344828
64.0,51.0,1004.9675903320312,0.5163418992741506,3.048817683689679,-0.6671757961656667,3.038681368765338,-1.5010622553438249,0.7996637919310045,1.2467383098495923,0.0980610079545224,3.3445950501342527,1.5795039091826957
64.0,51.0,1008.155029296875,0.1899101776962971,3.182073383108013,-0.3837736624597996,3.479882305506419,-1.3813124223710167,1.3305780647933154,1.2388417457404084,-0.2462283989860767,3.308109865441909,1.0103765142496082
64.0,51.0,1005.5949096679688,1.065741447403239,3.566321993171797,-0.1722097588879127,3.335195644635442,0.4153135222526197,1.6432684793938577,1.2308026718224587,0.3065238812510272,3.32453208933479,1.4181087479272612
64.0,51.0,1007.9334716796876,1.1860174019719103,3.062699769325937,-0.5772754403344685,2.921296152802124,0.5203220957234284,1.220967665268109,0.7885410124274673,0.5750653020390918,3.2007527019435167,1.7099313399677305
64.0,51.0,1007.3814086914062,1.37501567893667,2.796826013722564,-0.2415181677679952,4.221335396971198,-0.2078968184580427,1.4898404207350833,1.5180200398342767,0.2547780929846841,3.338302295211076,1.023318751440718
64.0,51.0,1009.033935546875,0.7907948968280503,2.661427459447934,-0.5268160144191615,4.287006405019467,-0.1130135817789936,1.2681326125998775,1.2705267445638435,-0.3852123558156371,1.947299356546571,2.472532782050432
64.0,51.0,1005.1350708007812,0.1661038185710084,2.5390123143543657,2.0774916054569346,1.835614257140512,-1.5735118140693944,0.0393769710875324,1.5364656260845004,0.9512514490147672,2.833057723425437,1.6722709438483858
64.0,51.0,1007.6941528320312,-0.9191563805964992,-0.0739405032805775,1.058587782348256,2.5088568339158472,-0.4944091546357916,0.0149281589082759,1.2909744872868127,0.725586256491825,1.7227688893335578,1.4566318141616184
64.0,51.0,1003.6841430664062,1.5264166200797986,3.063097861613356,-0.215819897253269,3.5490497273888275,-0.2048867388282806,1.0826619122252867,1.0511392207255632,-0.0170243374408754,3.2973942147249127,1.6821927523441609
64.0,51.0,1006.7684936523438,1.3436931167584212,2.9723827309808475,-0.6990999954194496,3.448097725237284,-0.2091829105316387,0.262391251339839,1.03385109722468,-0.0967344722036515,3.302876430253528,1.7245487486675914
64.0,51.0,1006.3912353515624,1.0823124156003283,3.145532408020725,0.0937498638335725,4.3492484902596935,-0.983369492477124,0.3045399617600217,1.0355153888892177,-0.6035785196627739,3.47882371336145,1.9749920545649893
64.0,51.0,1006.762451171875,0.911579189855552,2.951643676927795,0.8739934856927296,4.20168182927838,-0.2255314448514733,0.9538401412870204,1.055251361200275,2.289490443857167,3.223133074694574,1.6821020431151852
64.0,51.0,1006.4755249023438,1.5373922129536688,3.032235559935451,0.6874268984749604,3.275338603754686,-0.2140326921908348,1.494799281789143,0.9278351614159914,0.1155832775990138,3.2730834620692755,1.8184178138756064
64.0,51.0,1005.9786376953124,1.1755166225902458,3.0139295819900664,-0.2417305383366287,3.616814653335077,-0.2729520402836232,1.8592848557108288,1.1177652924446315,0.1211451494947978,3.912459696901169,2.2316448068592054
64.0,51.0,1004.7403564453124,0.4804166552562906,3.142058809388116,-0.507253232726782,3.78275224637308,-0.5671588827166028,1.1261544357254607,1.4122039073154182,0.5007209311294231,3.503301094810195,1.926829920271378
64.0,51.0,1007.6553344726562,1.363294018056876,3.0579967002587463,-0.0236264952436746,2.515488006303616,-0.7221603944231576,1.0967872065189033,1.175680575292055,-0.3680716873491677,2.993308491728796,1.3518225837038391
64.0,51.0,1006.9170532226562,1.5008135023933489,2.9861872071511346,-0.431893834371605,2.8214919187287486,-0.2261427739521425,1.1105615551034884,0.4838116239205338,-0.0052966471293471,3.1909425469340382,0.7855032477643943
64.0,51.0,1005.6001586914062,0.1781387739601991,2.8222566258346973,-1.2784227836424644,2.158820161725356,-1.3598118191510389,1.8033214309254848,1.4312019484559402,0.0812233307260337,2.5723035292130967,1.5728984824109573
64.0,51.0,1005.8743896484376,0.0594998054986024,2.4736092679713666,-0.1808303602303297,1.535912543515276,-0.2128728184311272,0.8096079746393341,0.1778975985534896,-0.0199302804665875,3.321000599716123,2.4317144383963893
64.0,51.0,1006.9185791015624,1.6532833560127211,2.759904924457437,-0.2012999140935469,3.684540807557585,-0.5539544697721706,0.7534662847390312,1.3622563756454358,-0.051066509501412,3.858963732438049,1.6716311998676427
64.0,52.0,1004.9807739257812,-0.5860263830397243,3.065616109898324,0.1649193318545723,2.737410361495438,-0.3930089285615246,-0.1533558996367499,-0.4746565737067606,-0.0213919792120722,1.949093119885468,2.2963317078347827
64.0,52.0,1007.9323120117188,0.2833582410088201,3.059506966734865,-0.4440224240314817,3.537913671363393,0.595304704543162,1.2959109613147133,1.0881878258195288,0.0842539774170956,4.340152561424111,1.591153092112809
64.0,52.0,1006.3142700195312,1.139511611358937,3.0694613868905667,-0.1653637898345447,3.4430469374271744,-0.2036379756711497,1.017926728273767,0.9696821854232316,-0.0703918319987118,3.339716178654164,1.1256383025099117
64.0,52.0,1005.7072143554688,1.6491448804843336,2.9104453120023,-0.2376035463302053,3.615676320374159,-0.5459213406507523,1.0802436756395946,1.0229389087533642,-0.0226071327225542,3.134768809825729,1.4551102740604491
64.0,52.0,1005.2555541992188,-0.5037094802039921,3.707585390221884,-0.3280569768488796,3.321070462527059,0.979043172621886,-0.4155761280008436,0.9565504599200948,0.2951346271246178,3.295787014291044,2.1819067114242974
64.0,52.0,1008.2530517578124,1.5270982961521142,2.378577058659652,-0.1300141971189669,3.4316988602336704,-0.3495752633471561,0.6940326962933131,0.758785861126745,0.0664492484260929,3.002636118435235,0.7040430065820917
64.0,52.0,1006.2119140625,0.4893625390202833,1.7795423029239368,-0.2283334970089545,3.1277989280704825,0.4981169607027755,1.141197769335064,2.5146578201478693,1.975507430672696,4.311031517865723,2.0922100116751228
64.0,52.0,1006.5108642578124,1.1685864152557035,2.7422863333485434,-0.1019311206427966,3.4927380014308915,-0.2862684911241392,1.1077000929173788,1.0805232300206655,0.6838549062987216,3.220790808114516,1.679788189972098
64.0,52.0,1007.9924926757812,1.1304915359682637,4.2256386911715,-0.1397065042772326,3.3138439181342862,-0.2594859333120968,1.224257591352554,0.951273481078933,-0.2382050104252313,3.2816847651646595,1.422045957820127
64.0,52.0,1004.5355224609376,-0.2067583177486083,2.156645823399848,1.1237471826284795,3.780946817479548,-0.5114493991580722,1.3470285072754011,1.5426076556614716,0.9251629364195506,3.6326501297850458,1.193605314089168
64.0,52.0,1005.1493530273438,0.5735184706036716,3.028423329307017,0.2644622216036731,2.659398374348958,0.2306337810705419,1.0125999917583286,1.1341537852403114,0.5087035841895886,3.226086612326376,1.548830647479367
64.0,52.0,1006.3345947265624,2.034042837590201,2.9125964116908234,-0.2024967773422643,3.3085072469478023,-0.07703122756074,0.9718660779238922,0.9340710653988924,1.2723474077259571,3.310849095998795,1.667239863445168
64.0,52.0,1007.4547729492188,1.43629090195749,3.110062472569856,-0.6944199584856007,3.302300007810594,0.2527122463629391,1.3830220275508731,1.1692670148495758,0.4543218612108505,3.286882813634093,1.9327433745059648
64.0,52.0,1005.6038818359376,1.308516753266523,2.1752865939900867,0.1815601508968082,4.19439705578338,-0.2059303139175663,1.0777198568117343,1.0908442654933863,0.2003939982353898,2.6281803945220314,1.684505779710975
64.0,52.0,1005.079833984375,0.8078773908434,3.0635542735379326,-0.2222773718837908,3.644619233544741,-0.0438507735814526,1.4232936018416082,0.7302359461628485,0.463335757005806,3.131559441489576,1.6311643300045815
64.0,52.0,1006.5872802734376,0.2656690085363156,2.8994275720441487,-0.0359203097652873,2.439288483665521,-0.403613583524778,2.160790506390417,1.4511060060394816,0.484404972217794,3.372222679109396,2.807072668682597
64.0,52.0,1006.9229125976562,0.9773504019739024,2.740919523925674,-0.7208675711544004,3.4951392537713284,-0.5533562906214642,1.57964222441972,1.7092041256231807,-0.0059608132761654,3.048427825623034,1.6695635226820276
64.0,52.0,1005.4412231445312,1.0760585928896025,3.043829209022953,0.1516249576889987,2.5040090899037493,0.108098310179216,1.3923376410461463,1.0123123187632306,-0.980625588420784,3.3143856714436004,0.2993660291472664
64.0,52.0,1007.20849609375,1.42340442516376,1.6389601706335597,-0.4707376408526464,3.5510485345363576,0.0655674880221845,0.5345868805727112,1.7189295151854895,0.652892798276838,3.565456415960298,1.6765185041381792
64.0,52.0,1005.7882080078124,1.930989912640924,2.5698273775009017,-0.4222718299406413,2.2647280101266523,-1.2334670620841697,1.1900713704557306,1.273633231737758,-0.0756089152430987,3.487418316929421,1.693288812527204
64.0,52.0,1007.544677734375,-0.2805326006232682,3.1038845231404446,-0.1870705914575828,3.988367848503743,-0.2562732772840708,1.540852333686741,0.7450130913541388,1.6656985897711236,2.857401366589688,0.9264712942409098
64.0,52.0,1004.8368530273438,-0.0192859539180938,3.1458012448024646,-0.4052589456220559,3.5837623621294377,-0.4446218579421889,1.004306573519272,1.0674916208430016,-0.1473208806064043,4.659302750457305,1.266183010783346
64.0,52.0,1005.0035400390624,1.488088734200528,3.2964916798764268,-0.081613556681665,3.4931910742310563,-0.4795947022471148,1.19443031097595,1.5983254058784726,0.3030366300005376,3.1093375136026897,1.3517079212642986
64.0,52.0,1005.6852416992188,1.2499511299324857,3.114938998617727,-0.120748307078449,3.5116358364440505,-1.444135019735279,1.078936544639041,1.0534340933650794,-0.1897722319095695,3.584328767139105,1.8579468178984029
64.0,52.0,1005.8321533203124,0.377814434290604,3.895551475372848,0.0535583373255332,3.414557908843645,-0.5334289284626546,0.985593986932181,0.7933330380200138,0.0535584523865163,3.290998620666775,1.0098828753892786
64.0,52.0,1008.1739501953124,1.6413635358121716,3.343269745080816,0.2019027360287677,3.5348093235497835,-0.1942484375916076,0.9530267104471426,1.1052031353316056,0.0297497040701961,3.35263353716934,1.512207743913377
64.0,52.0,1006.750732421875,1.4983206496546757,3.310143956253831,-0.0995478391109807,4.111181782258067,-0.0736615879452686,2.3151370482507234,0.654147595066203,0.6455422381112422,3.3493750202887504,1.9151768831651383
64.0,52.0,1005.9476318359376,0.0416259073064684,3.056620648095169,0.9059087932371556,3.541676985417584,-0.4558259587305865,-0.3150494321593007,1.05123482986649,-0.0994281152615595,3.238383279985208,1.6565234082160285
64.0,52.0,1006.3308715820312,1.535959406806901,3.012881012953959,-0.1663306996994601,3.5850778383914594,-0.2867194392540477,1.0486903470382465,1.1491035130694829,-0.0172823082687018,3.5717012420075,1.522958118209904
64.0,52.0,1005.21337890625,1.1138422598907147,3.163510525715634,-0.3509051133911852,2.6758266898773537,-0.5122082648359199,1.0718111705207738,1.65587216787568,-1.0170876187562123,3.54151433099572,1.3460114713344828
64.0,52.0,1004.9675903320312,0.5163418992741506,3.048817683689679,-0.6671757961656667,3.038681368765338,-1.5010622553438249,0.7996637919310045,1.2467383098495923,0.0980610079545224,3.3445950501342527,1.5795039091826957
64.0,52.0,1008.155029296875,0.1899101776962971,3.182073383108013,-0.3837736624597996,3.479882305506419,-1.3813124223710167,1.3305780647933154,1.2388417457404084,-0.2462283989860767,3.308109865441909,1.0103765142496082
64.0,52.0,1005.5949096679688,1.065741447403239,3.566321993171797,-0.1722097588879127,3.335195644635442,0.4153135222526197,1.6432684793938577,1.2308026718224587,0.3065238812510272,3.32453208933479,1.4181087479272612
64.0,52.0,1007.9334716796876,1.1860174019719103,3.062699769325937,-0.5772754403344685,2.921296152802124,0.5203220957234284,1.220967665268109,0.7885410124274673,0.5750653020390918,3.2007527019435167,1.7099313399677305
64.0,52.0,1007.3814086914062,1.37501567893667,2.796826013722564,-0.2415181677679952,4.221335396971198,-0.2078968184580427,1.4898404207350833,1.5180200398342767,0.2547780929846841,3.338302295211076,1.023318751440718
64.0,52.0,1009.033935546875,0.7907948968280503,2.661427459447934,-0.5268160144191615,4.287006405019467,-0.1130135817789936,1.2681326125998775,1.2705267445638435,-0.3852123558156371,1.947299356546571,2.472532782050432
64.0,52.0,1005.1350708007812,0.1661038185710084,2.5390123143543657,2.0774916054569346,1.835614257140512,-1.5735118140693944,0.0393769710875324,1.5364656260845004,0.9512514490147672,2.833057723425437,1.6722709438483858
64.0,52.0,1007.6941528320312,-0.9191563805964992,-0.0739405032805775,1.058587782348256,2.5088568339158472,-0.4944091546357916,0.0149281589082759,1.2909744872868127,0.725586256491825,1.7227688893335578,1.4566318141616184
64.0,52.0,1003.6841430664062,1.5264166200797986,3.063097861613356,-0.215819897253269,3.5490497273888275,-0.2048867388282806,1.0826619122252867,1.0511392207255632,-0.0170243374408754,3.2973942147249127,1.6821927523441609
64.0,52.0,1006.7684936523438,1.3436931167584212,2.9723827309808475,-0.6990999954194496,3.448097725237284,-0.2091829105316387,0.262391251339839,1.03385109722468,-0.0967344722036515,3.302876430253528,1.7245487486675914
64.0,52.0,1006.3912353515624,1.0823124156003283,3.145532408020725,0.0937498638335725,4.3492484902596935,-0.983369492477124,0.3045399617600217,1.0355153888892177,-0.6035785196627739,3.47882371336145,1.9749920545649893
64.0,52.0,1006.762451171875,0.911579189855552,2.951643676927795,0.8739934856927296,4.20168182927838,-0.2255314448514733,0.9538401412870204,1.055251361200275,2.289490443857167,3.223133074694574,1.6821020431151852
64.0,52.0,1006.4755249023438,1.5373922129536688,3.032235559935451,0.6874268984749604,3.275338603754686,-0.2140326921908348,1.494799281789143,0.9278351614159914,0.1155832775990138,3.2730834620692755,1.8184178138756064
64.0,52.0,1005.9786376953124,1.1755166225902458,3.0139295819900664,-0.2417305383366287,3.616814653335077,-0.2729520402836232,1.8592848557108288,1.1177652924446315,0.1211451494947978,3.912459696901169,2.2316448068592054
64.0,52.0,1004.7403564453124,0.4804166552562906,3.142058809388116,-0.507253232726782,3.78275224637308,-0.5671588827166028,1.1261544357254607,1.4122039073154182,0.5007209311294231,3.503301094810195,1.926829920271378
64.0,52.0,1007.6553344726562,1.363294018056876,3.0579967002587463,-0.0236264952436746,2.515488006303616,-0.7221603944231576,1.0967872065189033,1.175680575292055,-0.3680716873491677,2.993308491728796,1.3518225837038391
64.0,52.0,1006.9170532226562,1.5008135023933489,2.9861872071511346,-0.431893834371605,2.8214919187287486,-0.2261427739521425,1.1105615551034884,0.4838116239205338,-0.0052966471293471,3.1909425469340382,0.7855032477643943
64.0,52.0,1005.6001586914062,0.1781387739601991,2.8222566258346973,-1.2784227836424644,2.158820161725356,-1.3598118191510389,1.8033214309254848,1.4312019484559402,0.0812233307260337,2.5723035292130967,1.5728984824109573
64.0,52.0,1005.8743896484376,0.0594998054986024,2.4736092679713666,-0.1808303602303297,1.535912543515276,-0.2128728184311272,0.8096079746393341,0.1778975985534896,-0.0199302804665875,3.321000599716123,2.4317144383963893
64.0,52.0,1006.9185791015624,1.6532833560127211,2.759904924457437,-0.2012999140935469,3.684540807557585,-0.5539544697721706,0.7534662847390312,1.3622563756454358,-0.051066509501412,3.858963732438049,1.6716311998676427
64.0,53.0,1004.9807739257812,-0.5860263830397243,3.065616109898324,0.1649193318545723,2.737410361495438,-0.3930089285615246,-0.1533558996367499,-0.4746565737067606,-0.0213919792120722,1.949093119885468,2.2963317078347827
64.0,53.0,1007.9323120117188,0.2833582410088201,3.059506966734865,-0.4440224240314817,3.537913671363393,0.595304704543162,1.2959109613147133,1.0881878258195288,0.0842539774170956,4.340152561424111,1.591153092112809
64.0,53.0,1006.3142700195312,1.139511611358937,3.0694613868905667,-0.1653637898345447,3.4430469374271744,-0.2036379756711497,1.017926728273767,0.9696821854232316,-0.0703918319987118,3.339716178654164,1.1256383025099117
64.0,53.0,1005.7072143554688,1.6491448804843336,2.9104453120023,-0.2376035463302053,3.615676320374159,-0.5459213406507523,1.0802436756395946,1.0229389087533642,-0.0226071327225542,3.134768809825729,1.4551102740604491
64.0,53.0,1005.2555541992188,-0.5037094802039921,3.707585390221884,-0.3280569768488796,3.321070462527059,0.979043172621886,-0.4155761280008436,0.9565504599200948,0.2951346271246178,3.295787014291044,2.1819067114242974
64.0,53.0,1008.2530517578124,1.5270982961521142,2.378577058659652,-0.1300141971189669,3.4316988602336704,-0.3495752633471561,0.6940326962933131,0.758785861126745,0.0664492484260929,3.002636118435235,0.7040430065820917
64.0,53.0,1006.2119140625,0.4893625390202833,1.7795423029239368,-0.2283334970089545,3.1277989280704825,0.4981169607027755,1.141197769335064,2.5146578201478693,1.975507430672696,4.311031517865723,2.0922100116751228
64.0,53.0,1006.5108642578124,1.1685864152557035,2.7422863333485434,-0.1019311206427966,3.4927380014308915,-0.2862684911241392,1.1077000929173788,1.0805232300206655,0.6838549062987216,3.220790808114516,1.679788189972098
64.0,53.0,1007.9924926757812,1.1304915359682637,4.2256386911715,-0.1397065042772326,3.3138439181342862,-0.2594859333120968,1.224257591352554,0.951273481078933,-0.2382050104252313,3.2816847651646595,1.422045957820127
64.0,53.0,1004.5355224609376,-0.2067583177486083,2.156645823399848,1.1237471826284795,3.780946817479548,-0.5114493991580722,1.3470285072754011,1.5426076556614716,0.9251629364195506,3.6326501297850458,1.193605314089168
64.0,53.0,1005.1493530273438,0.5735184706036716,3.028423329307017,0.2644622216036731,2.659398374348958,0.2306337810705419,1.0125999917583286,1.1341537852403114,0.5087035841895886,3.226086612326376,1.548830647479367
64.0,53.0,1006.3345947265624,2.034042837590201,2.9125964116908234,-0.2024967773422643,3.3085072469478023,-0.07703122756074,0.9718660779238922,0.9340710653988924,1.2723474077259571,3.310849095998795,1.667239863445168
64.0,53.0,1007.4547729492188,1.43629090195749,3.110062472569856,-0.6944199584856007,3.302300007810594,0.2527122463629391,1.3830220275508731,1.1692670148495758,0.4543218612108505,3.286882813634093,1.9327433745059648
64.0,53.0,1005.6038818359376,1.308516753266523,2.1752865939900867,0.1815601508968082,4.19439705578338,-0.2059303139175663,1.0777198568117343,1.0908442654933863,0.2003939982353898,2.6281803945220314,1.684505779710975
64.0,53.0,1005.079833984375,0.8078773908434,3.0635542735379326,-0.2222773718837908,3.644619233544741,-0.0438507735814526,1.4232936018416082,0.7302359461628485,0.463335757005806,3.131559441489576,1.6311643300045815
64.0,53.0,1006.5872802734376,0.2656690085363156,2.8994275720441487,-0.0359203097652873,2.439288483665521,-0.403613583524778,2.160790506390417,1.4511060060394816,0.484404972217794,3.372222679109396,2.807072668682597
64.0,53.0,1006.9229125976562,0.9773504019739024,2.740919523925674,-0.7208675711544004,3.4951392537713284,-0.5533562906214642,1.57964222441972,1.7092041256231807,-0.0059608132761654,3.048427825623034,1.6695635226820276
64.0,53.0,1005.4412231445312,1.0760585928896025,3.043829209022953,0.1516249576889987,2.5040090899037493,0.108098310179216,1.3923376410461463,1.0123123187632306,-0.980625588420784,3.3143856714436004,0.2993660291472664
64.0,53.0,1007.20849609375,1.42340442516376,1.6389601706335597,-0.4707376408526464,3.5510485345363576,0.0655674880221845,0.5345868805727112,1.7189295151854895,0.652892798276838,3.565456415960298,1.6765185041381792
64.0,53.0,1005.7882080078124,1.930989912640924,2.5698273775009017,-0.4222718299406413,2.2647280101266523,-1.2334670620841697,1.1900713704557306,1.273633231737758,-0.0756089152430987,3.487418316929421,1.693288812527204
64.0,53.0,1007.544677734375,-0.2805326006232682,3.1038845231404446,-0.1870705914575828,3.988367848503743,-0.2562732772840708,1.540852333686741,0.7450130913541388,1.6656985897711236,2.857401366589688,0.9264712942409098
64.0,53.0,1004.8368530273438,-0.0192859539180938,3.1458012448024646,-0.4052589456220559,3.5837623621294377,-0.4446218579421889,1.004306573519272,1.0674916208430016,-0.1473208806064043,4.659302750457305,1.266183010783346
64.0,53.0,1005.0035400390624,1.488088734200528,3.2964916798764268,-0.081613556681665,3.4931910742310563,-0.4795947022471148,1.19443031097595,1.5983254058784726,0.3030366300005376,3.1093375136026897,1.3517079212642986
64.0,53.0,1005.6852416992188,1.2499511299324857,3.114938998617727,-0.120748307078449,3.5116358364440505,-1.444135019735279,1.078936544639041,1.0534340933650794,-0.1897722319095695,3.584328767139105,1.8579468178984029
64.0,53.0,1005.8321533203124,0.377814434290604,3.895551475372848,0.0535583373255332,3.414557908843645,-0.5334289284626546,0.985593986932181,0.7933330380200138,0.0535584523865163,3.290998620666775,1.0098828753892786
64.0,53.0,1008.1739501953124,1.6413635358121716,3.343269745080816,0.2019027360287677,3.5348093235497835,-0.1942484375916076,0.9530267104471426,1.1052031353316056,0.0297497040701961,3.35263353716934,1.512207743913377
64.0,53.0,1006.750732421875,1.4983206496546757,3.310143956253831,-0.0995478391109807,4.111181782258067,-0.0736615879452686,2.3151370482507234,0.654147595066203,0.6455422381112422,3.3493750202887504,1.9151768831651383
64.0,53.0,1005.9476318359376,0.0416259073064684,3.056620648095169,0.9059087932371556,3.541676985417584,-0.4558259587305865,-0.3150494321593007,1.05123482986649,-0.0994281152615595,3.238383279985208,1.6565234082160285
64.0,53.0,1006.3308715820312,1.535959406806901,3.012881012953959,-0.1663306996994601,3.5850778383914594,-0.2867194392540477,1.0486903470382465,1.1491035130694829,-0.0172823082687018,3.5717012420075,1.522958118209904
64.0,53.0,1005.21337890625,1.1138422598907147,3.163510525715634,-0.3509051133911852,2.6758266898773537,-0.5122082648359199,1.0718111705207738,1.65587216787568,-1.0170876187562123,3.54151433099572,1.3460114713344828
64.0,53.0,1004.9675903320312,0.5163418992741506,3.048817683689679,-0.6671757961656667,3.038681368765338,-1.5010622553438249,0.7996637919310045,1.2467383098495923,0.0980610079545224,3.3445950501342527,1.5795039091826957
64.0,53.0,1008.155029296875,0.1899101776962971,3.182073383108013,-0.3837736624597996,3.479882305506419,-1.3813124223710167,1.3305780647933154,1.2388417457404084,-0.2462283989860767,3.308109865441909,1.0103765142496082
64.0,53.0,1005.5949096679688,1.065741447403239,3.566321993171797,-0.1722097588879127,3.335195644635442,0.4153135222526197,1.6432684793938577,1.2308026718224587,0.3065238812510272,3.32453208933479,1.4181087479272612
64.0,53.0,1007.9334716796876,1.1860174019719103,3.062699769325937,-0.5772754403344685,2.921296152802124,0.5203220957234284,1.220967665268109,0.7885410124274673,0.5750653020390918,3.2007527019435167,1.7099313399677305
64.0,53.0,1007.3814086914062,1.37501567893667,2.796826013722564,-0.2415181677679952,4.221335396971198,-0.2078968184580427,1.4898404207350833,1.5180200398342767,0.2547780929846841,3.338302295211076,1.023318751440718
64.0,53.0,1009.033935546875,0.7907948968280503,2.661427459447934,-0.5268160144191615,4.287006405019467,-0.1130135817789936,1.2681326125998775,1.2705267445638435,-0.3852123558156371,1.947299356546571,2.472532782050432
64.0,53.0,1005.1350708007812,0.1661038185710084,2.5390123143543657,2.0774916054569346,1.835614257140512,-1.5735118140693944,0.0393769710875324,1.5364656260845004,0.9512514490147672,2.833057723425437,1.6722709438483858
64.0,53.0,1007.6941528320312,-0.9191563805964992,-0.0739405032805775,1.058587782348256,2.5088568339158472,-0.4944091546357916,0.0149281589082759,1.2909744872868127,0.725586256491825,1.7227688893335578,1.4566318141616184
64.0,53.0,1003.6841430664062,1.5264166200797986,3.063097861613356,-0.215819897253269,3.5490497273888275,-0.2048867388282806,1.0826619122252867,1.0511392207255632,-0.0170243374408754,3.2973942147249127,1.6821927523441609
64.0,53.0,1006.7684936523438,1.3436931167584212,2.9723827309808475,-0.6990999954194496,3.448097725237284,-0.2091829105316387,0.262391251339839,1.03385109722468,-0.0967344722036515,3.302876430253528,1.7245487486675914
64.0,53.0,1006.3912353515624,1.0823124156003283,3.145532408020725,0.0937498638335725,4.3492484902596935,-0.983369492477124,0.3045399617600217,1.0355153888892177,-0.6035785196627739,3.47882371336145,1.9749920545649893
64.0,53.0,1006.762451171875,0.911579189855552,2.951643676927795,0.8739934856927296,4.20168182927838,-0.2255314448514733,0.9538401412870204,1.055251361200275,2.289490443857167,3.223133074694574,1.6821020431151852
64.0,53.0,1006.4755249023438,1.5373922129536688,3.032235559935451,0.6874268984749604,3.275338603754686,-0.2140326921908348,1.494799281789143,0.9278351614159914,0.1155832775990138,3.2730834620692755,1.8184178138756064
64.0,53.0,1005.9786376953124,1.1755166225902458,3.0139295819900664,-0.2417305383366287,3.616814653335077,-0.2729520402836232,1.8592848557108288,1.1177652924446315,0.1211451494947978,3.912459696901169,2.2316448068592054
64.0,53.0,1004.7403564453124,0.4804166552562906,3.142058809388116,-0.507253232726782,3.78275224637308,-0.5671588827166028,1.1261544357254607,1.4122039073154182,0.5007209311294231,3.503301094810195,1.926829920271378
64.0,53.0,1007.6553344726562,1.363294018056876,3.0579967002587463,-0.0236264952436746,2.515488006303616,-0.7221603944231576,1.0967872065189033,1.175680575292055,-0.3680716873491677,2.993308491728796,1.3518225837038391
64.0,53.0,1006.9170532226562,1.5008135023933489,2.9861872071511346,-0.431893834371605,2.8214919187287486,-0.2261427739521425,1.1105615551034884,0.4838116239205338,-0.0052966471293471,3.1909425469340382,0.7855032477643943
64.0,53.0,1005.6001586914062,0.1781387739601991,2.8222566258346973,-1.2784227836424644,2.158820161725356,-1.3598118191510389,1.8033214309254848,1.4312019484559402,0.0812233307260337,2.5723035292130967,1.5728984824109573
64.0,53.0,1005.8743896484376,0.0594998054986024,2.4736092679713666,-0.1808303602303297,1.535912543515276,-0.2128728184311272,0.8096079746393341,0.1778975985534896,-0.0199302804665875,3.321000599716123,2.4317144383963893
64.0,53.0,1006.9185791015624,1.6532833560127211,2.759904924457437,-0.2012999140935469,3.684540807557585,-0.5539544697721706,0.7534662847390312,1.3622563756454358,-0.051066509501412,3.858963732438049,1.6716311998676427
64.0,54.0,1004.9807739257812,-0.5860263830397243,3.065616109898324,0.1649193318545723,2.737410361495438,-0.3930089285615246,-0.1533558996367499,-0.4746565737067606,-0.0213919792120722,1.949093119885468,2.2963317078347827
64.0,54.0,1007.9323120117188,0.2833582410088201,3.059506966734865,-0.4440224240314817,3.537913671363393,0.595304704543162,1.2959109613147133,1.0881878258195288,0.0842539774170956,4.340152561424111,1.591153092112809
64.0,54.0,1006.3142700195312,1.139511611358937,3.0694613868905667,-0.1653637898345447,3.4430469374271744,-0.2036379756711497,1.017926728273767,0.9696821854232316,-0.0703918319987118,3.339716178654164,1.1256383025099117
64.0,54.0,1005.7072143554688,1.6491448804843336,2.9104453120023,-0.2376035463302053,3.615676320374159,-0.5459213406507523,1.0802436756395946,1.0229389087533642,-0.0226071327225542,3.134768809825729,1.4551102740604491
64.0,54.0,1005.2555541992188,-0.5037094802039921,3.707585390221884,-0.3280569768488796,3.321070462527059,0.979043172621886,-0.4155761280008436,0.9565504599200948,0.2951346271246178,3.295787014291044,2.1819067114242974
64.0,54.0,1008.2530517578124,1.5270982961521142,2.378577058659652,-0.1300141971189669,3.4316988602336704,-0.3495752633471561,0.6940326962933131,0.758785861126745,0.0664492484260929,3.002636118435235,0.7040430065820917
64.0,54.0,1006.2119140625,0.4893625390202833,1.7795423029239368,-0.2283334970089545,3.1277989280704825,0.4981169607027755,1.141197769335064,2.5146578201478693,1.975507430672696,4.311031517865723,2.0922100116751228
64.0,54.0,1006.5108642578124,1.1685864152557035,2.7422863333485434,-0.1019311206427966,3.4927380014308915,-0.2862684911241392,1.1077000929173788,1.0805232300206655,0.6838549062987216,3.220790808114516,1.679788189972098
64.0,54.0,1007.9924926757812,1.1304915359682637,4.2256386911715,-0.1397065042772326,3.3138439181342862,-0.2594859333120968,1.224257591352554,0.951273481078933,-0.2382050104252313,3.2816847651646595,1.422045957820127
64.0,54.0,1004.5355224609376,-0.2067583177486083,2.156645823399848,1.1237471826284795,3.780946817479548,-0.5114493991580722,1.3470285072754011,1.5426076556614716,0.9251629364195506,3.6326501297850458,1.193605314089168
64.0,54.0,1005.1493530273438,0.5735184706036716,3.028423329307017,0.2644622216036731,2.659398374348958,0.2306337810705419,1.0125999917583286,1.1341537852403114,0.5087035841895886,3.226086612326376,1.548830647479367
64.0,54.0,1006.3345947265624,2.034042837590201,2.9125964116908234,-0.2024967773422643,3.3085072469478023,-0.07703122756074,0.9718660779238922,0.9340710653988924,1.2723474077259571,3.310849095998795,1.667239863445168
64.0,54.0,1007.4547729492188,1.43629090195749,3.110062472569856,-0.6944199584856007,3.302300007810594,0.2527122463629391,1.3830220275508731,1.1692670148495758,0.4543218612108505,3.286882813634093,1.9327433745059648
64.0,54.0,1005.6038818359376,1.308516753266523,2.1752865939900867,0.1815601508968082,4.19439705578338,-0.2059303139175663,1.0777198568117343,1.0908442654933863,0.2003939982353898,2.6281803945220314,1.684505779710975
64.0,54.0,1005.079833984375,0.8078773908434,3.0635542735379326,-0.2222773718837908,3.644619233544741,-0.0438507735814526,1.4232936018416082,0.7302359461628485,0.463335757005806,3.131559441489576,1.6311643300045815
64.0,54.0,1006.5872802734376,0.2656690085363156,2.8994275720441487,-0.0359203097652873,2.439288483665521,-0.403613583524778,2.160790506390417,1.4511060060394816,0.484404972217794,3.372222679109396,2.807072668682597
64.0,54.0,1006.9229125976562,0.9773504019739024,2.740919523925674,-0.7208675711544004,3.4951392537713284,-0.5533562906214642,1.57964222441972,1.7092041256231807,-0.0059608132761654,3.048427825623034,1.6695635226820276
64.0,54.0,1005.4412231445312,1.0760585928896025,3.043829209022953,0.1516249576889987,2.5040090899037493,0.108098310179216,1.3923376410461463,1.0123123187632306,-0.980625588420784,3.3143856714436004,0.2993660291472664
64.0,54.0,1007.20849609375,1.42340442516376,1.6389601706335597,-0.4707376408526464,3.5510485345363576,0.0655674880221845,0.5345868805727112,1.7189295151854895,0.652892798276838,3.565456415960298,1.6765185041381792
64.0,54.0,1005.7882080078124,1.930989912640924,2.5698273775009017,-0.4222718299406413,2.2647280101266523,-1.2334670620841697,1.1900713704557306,1.273633231737758,-0.0756089152430987,3.487418316929421,1.693288812527204
64.0,54.0,1007.544677734375,-0.2805326006232682,3.1038845231404446,-0.1870705914575828,3.988367848503743,-0.2562732772840708,1.540852333686741,0.7450130913541388,1.6656985897711236,2.857401366589688,0.9264712942409098
64.0,54.0,1004.8368530273438,-0.0192859539180938,3.1458012448024646,-0.4052589456220559,3.5837623621294377,-0.4446218579421889,1.004306573519272,1.0674916208430016,-0.1473208806064043,4.659302750457305,1.266183010783346
64.0,54.0,1005.0035400390624,1.488088734200528,3.2964916798764268,-0.081613556681665,3.4931910742310563,-0.4795947022471148,1.19443031097595,1.5983254058784726,0.3030366300005376,3.1093375136026897,1.3517079212642986
64.0,54.0,1005.6852416992188,1.2499511299324857,3.114938998617727,-0.120748307078449,3.5116358364440505,-1.444135019735279,1.078936544639041,1.0534340933650794,-0.1897722319095695,3.584328767139105,1.8579468178984029
64.0,54.0,1005.8321533203124,0.377814434290604,3.895551475372848,0.0535583373255332,3.414557908843645,-0.5334289284626546,0.985593986932181,0.7933330380200138,0.0535584523865163,3.290998620666775,1.0098828753892786
64.0,54.0,1008.1739501953124,1.6413635358121716,3.343269745080816,0.2019027360287677,3.5348093235497835,-0.1942484375916076,0.9530267104471426,1.1052031353316056,0.0297497040701961,3.35263353716934,1.512207743913377
64.0,54.0,1006.750732421875,1.4983206496546757,3.310143956253831,-0.0995478391109807,4.111181782258067,-0.0736615879452686,2.3151370482507234,0.654147595066203,0.6455422381112422,3.3493750202887504,1.9151768831651383
64.0,54.0,1005.9476318359376,0.0416259073064684,3.056620648095169,0.9059087932371556,3.541676985417584,-0.4558259587305865,-0.3150494321593007,1.05123482986649,-0.0994281152615595,3.238383279985208,1.6565234082160285
64.0,54.0,1006.3308715820312,1.535959406806901,3.012881012953959,-0.1663306996994601,3.5850778383914594,-0.2867194392540477,1.0486903470382465,1.1491035130694829,-0.0172823082687018,3.5717012420075,1.522958118209904
64.0,54.0,1005.21337890625,1.1138422598907147,3.163510525715634,-0.3509051133911852,2.6758266898773537,-0.5122082648359199,1.0718111705207738,1.65587216787568,-1.0170876187562123,3.54151433099572,1.3460114713344828
64.0,54.0,1004.9675903320312,0.5163418992741506,3.048817683689679,-0.6671757961656667,3.038681368765338,-1.5010622553438249,0.7996637919310045,1.2467383098495923,0.0980610079545224,3.3445950501342527,1.5795039091826957
64.0,54.0,1008.155029296875,0.1899101776962971,3.182073383108013,-0.3837736624597996,3.479882305506419,-1.3813124223710167,1.3305780647933154,1.2388417457404084,-0.2462283989860767,3.308109865441909,1.0103765142496082
64.0,54.0,1005.5949096679688,1.065741447403239,3.566321993171797,-0.1722097588879127,3.335195644635442,0.4153135222526197,1.6432684793938577,1.2308026718224587,0.3065238812510272,3.32453208933479,1.4181087479272612
64.0,54.0,1007.9334716796876,1.1860174019719103,3.062699769325937,-0.5772754403344685,2.921296152802124,0.5203220957234284,1.220967665268109,0.7885410124274673,0.5750653020390918,3.2007527019435167,1.7099313399677305
64.0,54.0,1007.3814086914062,1.37501567893667,2.796826013722564,-0.2415181677679952,4.221335396971198,-0.2078968184580427,1.4898404207350833,1.5180200398342767,0.2547780929846841,3.338302295211076,1.023318751440718
64.0,54.0,1009.033935546875,0.7907948968280503,2.661427459447934,-0.5268160144191615,4.287006405019467,-0.1130135817789936,1.2681326125998775,1.2705267445638435,-0.3852123558156371,1.947299356546571,2.472532782050432
64.0,54.0,1005.1350708007812,0.1661038185710084,2.5390123143543657,2.0774916054569346,1.835614257140512,-1.5735118140693944,0.0393769710875324,1.5364656260845004,0.9512514490147672,2.833057723425437,1.6722709438483858
64.0,54.0,1007.6941528320312,-0.9191563805964992,-0.0739405032805775,1.058587782348256,2.5088568339158472,-0.4944091546357916,0.0149281589082759,1.2909744872868127,0.725586256491825,1.7227688893335578,1.4566318141616184
64.0,54.0,1003.6841430664062,1.5264166200797986,3.063097861613356,-0.215819897253269,3.5490497273888275,-0.2048867388282806,1.0826619122252867,1.0511392207255632,-0.0170243374408754,3.2973942147249127,1.6821927523441609
64.0,54.0,1006.7684936523438,1.3436931167584212,2.9723827309808475,-0.6990999954194496,3.448097725237284,-0.2091829105316387,0.262391251339839,1.03385109722468,-0.0967344722036515,3.302876430253528,1.7245487486675914
64.0,54.0,1006.3912353515624,1.0823124156003283,3.145532408020725,0.0937498638335725,4.3492484902596935,-0.983369492477124,0.3045399617600217,1.0355153888892177,-0.6035785196627739,3.47882371336145,1.9749920545649893
64.0,54.0,1006.762451171875,0.911579189855552,2.951643676927795,0.8739934856927296,4.20168182927838,-0.2255314448514733,0.9538401412870204,1.055251361200275,2.289490443857167,3.223133074694574,1.6821020431151852
64.0,54.0,1006.4755249023438,1.5373922129536688,3.032235559935451,0.6874268984749604,3.275338603754686,-0.2140326921908348,1.494799281789143,0.9278351614159914,0.1155832775990138,3.2730834620692755,1.8184178138756064
64.0,54.0,1005.9786376953124,1.1755166225902458,3.0139295819900664,-0.2417305383366287,3.616814653335077,-0.2729520402836232,1.8592848557108288,1.1177652924446315,0.1211451494947978,3.912459696901169,2.2316448068592054
64.0,54.0,1004.7403564453124,0.4804166552562906,3.142058809388116,-0.507253232726782,3.78275224637308,-0.5671588827166028,1.1261544357254607,1.4122039073154182,0.5007209311294231,3.503301094810195,1.926829920271378
64.0,54.0,1007.6553344726562,1.363294018056876,3.0579967002587463,-0.0236264952436746,2.515488006303616,-0.7221603944231576,1.0967872065189033,1.175680575292055,-0.3680716873491677,2.993308491728796,1.3518225837038391
64.0,54.0,1006.9170532226562,1.5008135023933489,2.9861872071511346,-0.431893834371605,2.8214919187287486,-0.2261427739521425,1.1105615551034884,0.4838116239205338,-0.0052966471293471,3.1909425469340382,0.7855032477643943
64.0,54.0,1005.6001586914062,0.1781387739601991,2.8222566258346973,-1.2784227836424644,2.158820161725356,-1.3598118191510389,1.8033214309254848,1.4312019484559402,0.0812233307260337,2.5723035292130967,1.5728984824109573
64.0,54.0,1005.8743896484376,0.0594998054986024,2.4736092679713666,-0.1808303602303297,1.535912543515276,-0.2128728184311272,0.8096079746393341,0.1778975985534896,-0.0199302804665875,3.321000599716123,2.4317144383963893
64.0,54.0,1006.9185791015624,1.6532833560127211,2.759904924457437,-0.2012999140935469,3.684540807557585,-0.5539544697721706,0.7534662847390312,1.3622563756454358,-0.051066509501412,3.858963732438049,1.6716311998676427
64.0,55.0,1004.9807739257812,-0.5860263830397243,3.065616109898324,0.1649193318545723,2.737410361495438,-0.3930089285615246,-0.1533558996367499,-0.4746565737067606,-0.0213919792120722,1.949093119885468,2.2963317078347827
64.0,55.0,1007.9323120117188,0.2833582410088201,3.059506966734865,-0.4440224240314817,3.537913671363393,0.595304704543162,1.2959109613147133,1.0881878258195288,0.0842539774170956,4.340152561424111,1.591153092112809
64.0,55.0,1006.3142700195312,1.139511611358937,3.0694613868905667,-0.1653637898345447,3.4430469374271744,-0.2036379756711497,1.017926728273767,0.9696821854232316,-0.0703918319987118,3.339716178654164,1.1256383025099117
64.0,55.0,1005.7072143554688,1.6491448804843336,2.9104453120023,-0.2376035463302053,3.615676320374159,-0.5459213406507523,1.0802436756395946,1.0229389087533642,-0.0226071327225542,3.134768809825729,1.4551102740604491
64.0,55.0,1005.2555541992188,-0.5037094802039921,3.707585390221884,-0.3280569768488796,3.321070462527059,0.979043172621886,-0.4155761280008436,0.9565504599200948,0.2951346271246178,3.295787014291044,2.1819067114242974
64.0,55.0,1008.2530517578124,1.5270982961521142,2.378577058659652,-0.1300141971189669,3.4316988602336704,-0.3495752633471561,0.6940326962933131,0.758785861126745,0.0664492484260929,3.002636118435235,0.7040430065820917
64.0,55.0,1006.2119140625,0.4893625390202833,1.7795423029239368,-0.2283334970089545,3.1277989280704825,0.4981169607027755,1.141197769335064,2.5146578201478693,1.975507430672696,4.311031517865723,2.0922100116751228
64.0,55.0,1006.5108642578124,1.1685864152557035,2.7422863333485434,-0.1019311206427966,3.4927380014308915,-0.2862684911241392,1.1077000929173788,1.0805232300206655,0.6838549062987216,3.220790808114516,1.679788189972098
64.0,55.0,1007.9924926757812,1.1304915359682637,4.2256386911715,-0.1397065042772326,3.3138439181342862,-0.2594859333120968,1.224257591352554,0.951273481078933,-0.2382050104252313,3.2816847651646595,1.422045957820127
64.0,55.0,1004.5355224609376,-0.2067583177486083,2.156645823399848,1.1237471826284795,3.780946817479548,-0.5114493991580722,1.3470285072754011,1.5426076556614716,0.9251629364195506,3.6326501297850458,1.193605314089168
64.0,55.0,1005.1493530273438,0.5735184706036716,3.028423329307017,0.2644622216036731,2.659398374348958,0.2306337810705419,1.0125999917583286,1.1341537852403114,0.5087035841895886,3.226086612326376,1.548830647479367
64.0,55.0,1006.3345947265624,2.034042837590201,2.9125964116908234,-0.2024967773422643,3.3085072469478023,-0.07703122756074,0.9718660779238922,0.9340710653988924,1.2723474077259571,3.310849095998795,1.667239863445168
64.0,55.0,1007.4547729492188,1.43629090195749,3.110062472569856,-0.6944199584856007,3.302300007810594,0.2527122463629391,1.3830220275508731,1.1692670148495758,0.4543218612108505,3.286882813634093,1.9327433745059648
64.0,55.0,1005.6038818359376,1.308516753266523,2.1752865939900867,0.1815601508968082,4.19439705578338,-0.2059303139175663,1.0777198568117343,1.0908442654933863,0.2003939982353898,2.6281803945220314,1.684505779710975
64.0,55.0,1005.079833984375,0.8078773908434,3.0635542735379326,-0.2222773718837908,3.644619233544741,-0.0438507735814526,1.4232936018416082,0.7302359461628485,0.463335757005806,3.131559441489576,1.6311643300045815
64.0,55.0,1006.5872802734376,0.2656690085363156,2.8994275720441487,-0.0359203097652873,2.439288483665521,-0.403613583524778,2.160790506390417,1.4511060060394816,0.484404972217794,3.372222679109396,2.807072668682597
64.0,55.0,1006.9229125976562,0.9773504019739024,2.740919523925674,-0.7208675711544004,3.4951392537713284,-0.5533562906214642,1.57964222441972,1.7092041256231807,-0.0059608132761654,3.048427825623034,1.6695635226820276
64.0,55.0,1005.4412231445312,1.0760585928896025,3.043829209022953,0.1516249576889987,2.5040090899037493,0.108098310179216,1.3923376410461463,1.0123123187632306,-0.980625588420784,3.3143856714436004,0.2993660291472664
64.0,55.0,1007.20849609375,1.42340442516376,1.6389601706335597,-0.4707376408526464,3.5510485345363576,0.0655674880221845,0.5345868805727112,1.7189295151854895,0.652892798276838,3.565456415960298,1.6765185041381792
64.0,55.0,1005.7882080078124,1.930989912640924,2.5698273775009017,-0.4222718299406413,2.2647280101266523,-1.2334670620841697,1.1900713704557306,1.273633231737758,-0.0756089152430987,3.487418316929421,1.693288812527204
64.0,55.0,1007.544677734375,-0.2805326006232682,3.1038845231404446,-0.1870705914575828,3.988367848503743,-0.2562732772840708,1.540852333686741,0.7450130913541388,1.6656985897711236,2.857401366589688,0.9264712942409098
64.0,55.0,1004.8368530273438,-0.0192859539180938,3.1458012448024646,-0.4052589456220559,3.5837623621294377,-0.4446218579421889,1.004306573519272,1.0674916208430016,-0.1473208806064043,4.659302750457305,1.266183010783346
64.0,55.0,1005.0035400390624,1.488088734200528,3.2964916798764268,-0.081613556681665,3.4931910742310563,-0.4795947022471148,1.19443031097595,1.5983254058784726,0.3030366300005376,3.1093375136026897,1.3517079212642986
64.0,55.0,1005.6852416992188,1.2499511299324857,3.114938998617727,-0.120748307078449,3.5116358364440505,-1.444135019735279,1.078936544639041,1.0534340933650794,-0.1897722319095695,3.584328767139105,1.8579468178984029
64.0,55.0,1005.8321533203124,0.377814434290604,3.895551475372848,0.0535583373255332,3.414557908843645,-0.5334289284626546,0.985593986932181,0.7933330380200138,0.0535584523865163,3.290998620666775,1.0098828753892786
64.0,55.0,1008.1739501953124,1.6413635358121716,3.343269745080816,0.2019027360287677,3.5348093235497835,-0.1942484375916076,0.9530267104471426,1.1052031353316056,0.0297497040701961,3.35263353716934,1.512207743913377
64.0,55.0,1006.750732421875,1.4983206496546757,3.310143956253831,-0.0995478391109807,4.111181782258067,-0.0736615879452686,2.3151370482507234,0.654147595066203,0.6455422381112422,3.3493750202887504,1.9151768831651383
64.0,55.0,1005.9476318359376,0.0416259073064684,3.056620648095169,0.9059087932371556,3.541676985417584,-0.4558259587305865,-0.3150494321593007,1.05123482986649,-0.0994281152615595,3.238383279985208,1.6565234082160285
64.0,55.0,1006.3308715820312,1.535959406806901,3.012881012953959,-0.1663306996994601,3.5850778383914594,-0.2867194392540477,1.0486903470382465,1.1491035130694829,-0.0172823082687018,3.5717012420075,1.522958118209904
64.0,55.0,1005.21337890625,1.1138422598907147,3.163510525715634,-0.3509051133911852,2.6758266898773537,-0.5122082648359199,1.0718111705207738,1.65587216787568,-1.0170876187562123,3.54151433099572,1.3460114713344828
64.0,55.0,1004.9675903320312,0.5163418992741506,3.048817683689679,-0.6671757961656667,3.038681368765338,-1.5010622553438249,0.7996637919310045,1.2467383098495923,0.0980610079545224,3.3445950501342527,1.5795039091826957
64.0,55.0,1008.155029296875,0.1899101776962971,3.182073383108013,-0.3837736624597996,3.479882305506419,-1.3813124223710167,1.3305780647933154,1.2388417457404084,-0.2462283989860767,3.308109865441909,1.0103765142496082
64.0,55.0,1005.5949096679688,1.065741447403239,3.566321993171797,-0.1722097588879127,3.335195644635442,0.4153135222526197,1.6432684793938577,1.2308026718224587,0.3065238812510272,3.32453208933479,1.4181087479272612
64.0,55.0,1007.9334716796876,1.1860174019719103,3.062699769325937,-0.5772754403344685,2.921296152802124,0.5203220957234284,1.220967665268109,0.7885410124274673,0.5750653020390918,3.2007527019435167,1.7099313399677305
64.0,55.0,1007.3814086914062,1.37501567893667,2.796826013722564,-0.2415181677679952,4.221335396971198,-0.2078968184580427,1.4898404207350833,1.5180200398342767,0.2547780929846841,3.338302295211076,1.023318751440718
64.0,55.0,1007.8380737304688,0.9852606791304872,2.9328246819792696,-0.1626286553531685,2.79366718460249,-0.1503361951302963,1.1116956438615473,1.0221798789733667,-0.4502282356986204,2.881980622550806,1.6356659562351958
64.0,55.0,1005.1350708007812,0.1661038185710084,2.5390123143543657,2.0774916054569346,1.835614257140512,-1.5735118140693944,0.0393769710875324,1.5364656260845004,0.9512514490147672,2.833057723425437,1.6722709438483858
64.0,55.0,1007.6941528320312,-0.9191563805964992,-0.0739405032805775,1.058587782348256,2.5088568339158472,-0.4944091546357916,0.0149281589082759,1.2909744872868127,0.725586256491825,1.7227688893335578,1.4566318141616184
64.0,55.0,1003.6841430664062,1.5264166200797986,3.063097861613356,-0.215819897253269,3.5490497273888275,-0.2048867388282806,1.0826619122252867,1.0511392207255632,-0.0170243374408754,3.2973942147249127,1.6821927523441609
64.0,55.0,1006.7684936523438,1.3436931167584212,2.9723827309808475,-0.6990999954194496,3.448097725237284,-0.2091829105316387,0.262391251339839,1.03385109722468,-0.0967344722036515,3.302876430253528,1.7245487486675914
64.0,55.0,1006.3912353515624,1.0823124156003283,3.145532408020725,0.0937498638335725,4.3492484902596935,-0.983369492477124,0.3045399617600217,1.0355153888892177,-0.6035785196627739,3.47882371336145,1.9749920545649893
64.0,55.0,1006.762451171875,0.911579189855552,2.951643676927795,0.8739934856927296,4.20168182927838,-0.2255314448514733,0.9538401412870204,1.055251361200275,2.289490443857167,3.223133074694574,1.6821020431151852
64.0,55.0,1006.4755249023438,1.5373922129536688,3.032235559935451,0.6874268984749604,3.275338603754686,-0.2140326921908348,1.494799281789143,0.9278351614159914,0.1155832775990138,3.2730834620692755,1.8184178138756064
64.0,55.0,1005.9786376953124,1.1755166225902458,3.0139295819900664,-0.2417305383366287,3.616814653335077,-0.2729520402836232,1.8592848557108288,1.1177652924446315,0.1211451494947978,3.912459696901169,2.2316448068592054
64.0,55.0,1004.7403564453124,0.4804166552562906,3.142058809388116,-0.507253232726782,3.78275224637308,-0.5671588827166028,1.1261544357254607,1.4122039073154182,0.5007209311294231,3.503301094810195,1.926829920271378
64.0,55.0,1007.6553344726562,1.363294018056876,3.0579967002587463,-0.0236264952436746,2.515488006303616,-0.7221603944231576,1.0967872065189033,1.175680575292055,-0.3680716873491677,2.993308491728796,1.3518225837038391
64.0,55.0,1006.9170532226562,1.5008135023933489,2.9861872071511346,-0.431893834371605,2.8214919187287486,-0.2261427739521425,1.1105615551034884,0.4838116239205338,-0.0052966471293471,3.1909425469340382,0.7855032477643943
64.0,55.0,1005.6001586914062,0.1781387739601991,2.8222566258346973,-1.2784227836424644,2.158820161725356,-1.3598118191510389,1.8033214309254848,1.4312019484559402,0.0812233307260337,2.5723035292130967,1.5728984824109573
64.0,55.0,1005.8743896484376,0.0594998054986024,2.4736092679713666,-0.1808303602303297,1.535912543515276,-0.2128728184311272,0.8096079746393341,0.1778975985534896,-0.0199302804665875,3.321000599716123,2.4317144383963893
64.0,55.0,1006.9185791015624,1.6532833560127211,2.759904924457437,-0.2012999140935469,3.684540807557585,-0.5539544697721706,0.7534662847390312,1.3622563756454358,-0.051066509501412,3.858963732438049,1.6716311998676427
64.0,56.0,1004.9807739257812,-0.5860263830397243,3.065616109898324,0.1649193318545723,2.737410361495438,-0.3930089285615246,-0.1533558996367499,-0.4746565737067606,-0.0213919792120722,1.949093119885468,2.2963317078347827
64.0,56.0,1007.9323120117188,0.2833582410088201,3.059506966734865,-0.4440224240314817,3.537913671363393,0.595304704543162,1.2959109613147133,1.0881878258195288,0.0842539774170956,4.340152561424111,1.591153092112809
64.0,56.0,1006.3142700195312,1.139511611358937,3.0694613868905667,-0.1653637898345447,3.4430469374271744,-0.2036379756711497,1.017926728273767,0.9696821854232316,-0.0703918319987118,3.339716178654164,1.1256383025099117
64.0,56.0,1005.7072143554688,1.6491448804843336,2.9104453120023,-0.2376035463302053,3.615676320374159,-0.5459213406507523,1.0802436756395946,1.0229389087533642,-0.0226071327225542,3.134768809825729,1.4551102740604491
64.0,56.0,1005.2555541992188,-0.5037094802039921,3.707585390221884,-0.3280569768488796,3.321070462527059,0.979043172621886,-0.4155761280008436,0.9565504599200948,0.2951346271246178,3.295787014291044,2.1819067114242974
64.0,56.0,1008.2530517578124,1.5270982961521142,2.378577058659652,-0.1300141971189669,3.4316988602336704,-0.3495752633471561,0.6940326962933131,0.758785861126745,0.0664492484260929,3.002636118435235,0.7040430065820917
64.0,56.0,1006.2119140625,0.4893625390202833,1.7795423029239368,-0.2283334970089545,3.1277989280704825,0.4981169607027755,1.141197769335064,2.5146578201478693,1.975507430672696,4.311031517865723,2.0922100116751228
64.0,56.0,1006.5108642578124,1.1685864152557035,2.7422863333485434,-0.1019311206427966,3.4927380014308915,-0.2862684911241392,1.1077000929173788,1.0805232300206655,0.6838549062987216,3.220790808114516,1.679788189972098
64.0,56.0,1007.9924926757812,1.1304915359682637,4.2256386911715,-0.1397065042772326,3.3138439181342862,-0.2594859333120968,1.224257591352554,0.951273481078933,-0.2382050104252313,3.2816847651646595,1.422045957820127
64.0,56.0,1004.5355224609376,-0.2067583177486083,2.156645823399848,1.1237471826284795,3.780946817479548,-0.5114493991580722,1.3470285072754011,1.5426076556614716,0.9251629364195506,3.6326501297850458,1.193605314089168
64.0,56.0,1005.1493530273438,0.5735184706036716,3.028423329307017,0.2644622216036731,2.659398374348958,0.2306337810705419,1.0125999917583286,1.1341537852403114,0.5087035841895886,3.226086612326376,1.548830647479367
64.0,56.0,1006.3345947265624,2.034042837590201,2.9125964116908234,-0.2024967773422643,3.3085072469478023,-0.07703122756074,0.9718660779238922,0.9340710653988924,1.2723474077259571,3.310849095998795,1.667239863445168
64.0,56.0,1007.4547729492188,1.43629090195749,3.110062472569856,-0.6944199584856007,3.302300007810594,0.2527122463629391,1.3830220275508731,1.1692670148495758,0.4543218612108505,3.286882813634093,1.9327433745059648
64.0,56.0,1005.6038818359376,1.308516753266523,2.1752865939900867,0.1815601508968082,4.19439705578338,-0.2059303139175663,1.0777198568117343,1.0908442654933863,0.2003939982353898,2.6281803945220314,1.684505779710975
64.0,56.0,1005.079833984375,0.8078773908434,3.0635542735379326,-0.2222773718837908,3.644619233544741,-0.0438507735814526,1.4232936018416082,0.7302359461628485,0.463335757005806,3.131559441489576,1.6311643300045815
64.0,56.0,1006.5872802734376,0.2656690085363156,2.8994275720441487,-0.0359203097652873,2.439288483665521,-0.403613583524778,2.160790506390417,1.4511060060394816,0.484404972217794,3.372222679109396,2.807072668682597
64.0,56.0,1006.9229125976562,0.9773504019739024,2.740919523925674,-0.7208675711544004,3.4951392537713284,-0.5533562906214642,1.57964222441972,1.7092041256231807,-0.0059608132761654,3.048427825623034,1.6695635226820276
64.0,56.0,1005.4412231445312,1.0760585928896025,3.043829209022953,0.1516249576889987,2.5040090899037493,0.108098310179216,1.3923376410461463,1.0123123187632306,-0.980625588420784,3.3143856714436004,0.2993660291472664
64.0,56.0,1007.20849609375,1.42340442516376,1.6389601706335597,-0.4707376408526464,3.5510485345363576,0.0655674880221845,0.5345868805727112,1.7189295151854895,0.652892798276838,3.565456415960298,1.6765185041381792
64.0,56.0,1005.7882080078124,1.930989912640924,2.5698273775009017,-0.4222718299406413,2.2647280101266523,-1.2334670620841697,1.1900713704557306,1.273633231737758,-0.0756089152430987,3.487418316929421,1.693288812527204
64.0,56.0,1007.544677734375,-0.2805326006232682,3.1038845231404446,-0.1870705914575828,3.988367848503743,-0.2562732772840708,1.540852333686741,0.7450130913541388,1.6656985897711236,2.857401366589688,0.9264712942409098
64.0,56.0,1004.8368530273438,-0.0192859539180938,3.1458012448024646,-0.4052589456220559,3.5837623621294377,-0.4446218579421889,1.004306573519272,1.0674916208430016,-0.1473208806064043,4.659302750457305,1.266183010783346
64.0,56.0,1005.0035400390624,1.488088734200528,3.2964916798764268,-0.081613556681665,3.4931910742310563,-0.4795947022471148,1.19443031097595,1.5983254058784726,0.3030366300005376,3.1093375136026897,1.3517079212642986
64.0,56.0,1005.6852416992188,1.2499511299324857,3.114938998617727,-0.120748307078449,3.5116358364440505,-1.444135019735279,1.078936544639041,1.0534340933650794,-0.1897722319095695,3.584328767139105,1.8579468178984029
64.0,56.0,1005.8321533203124,0.377814434290604,3.895551475372848,0.0535583373255332,3.414557908843645,-0.5334289284626546,0.985593986932181,0.7933330380200138,0.0535584523865163,3.290998620666775,1.0098828753892786
64.0,56.0,1008.1739501953124,1.6413635358121716,3.343269745080816,0.2019027360287677,3.5348093235497835,-0.1942484375916076,0.9530267104471426,1.1052031353316056,0.0297497040701961,3.35263353716934,1.512207743913377
64.0,56.0,1006.750732421875,1.4983206496546757,3.310143956253831,-0.0995478391109807,4.111181782258067,-0.0736615879452686,2.3151370482507234,0.654147595066203,0.6455422381112422,3.3493750202887504,1.9151768831651383
64.0,56.0,1005.9476318359376,0.0416259073064684,3.056620648095169,0.9059087932371556,3.541676985417584,-0.4558259587305865,-0.3150494321593007,1.05123482986649,-0.0994281152615595,3.238383279985208,1.6565234082160285
64.0,56.0,1006.3308715820312,1.535959406806901,3.012881012953959,-0.1663306996994601,3.5850778383914594,-0.2867194392540477,1.0486903470382465,1.1491035130694829,-0.0172823082687018,3.5717012420075,1.522958118209904
64.0,56.0,1005.21337890625,1.1138422598907147,3.163510525715634,-0.3509051133911852,2.6758266898773537,-0.5122082648359199,1.0718111705207738,1.65587216787568,-1.0170876187562123,3.54151433099572,1.3460114713344828
64.0,56.0,1004.9675903320312,0.5163418992741506,3.048817683689679,-0.6671757961656667,3.038681368765338,-1.5010622553438249,0.7996637919310045,1.2467383098495923,0.0980610079545224,3.3445950501342527,1.5795039091826957
64.0,56.0,1008.155029296875,0.1899101776962971,3.182073383108013,-0.3837736624597996,3.479882305506419,-1.3813124223710167,1.3305780647933154,1.2388417457404084,-0.2462283989860767,3.308109865441909,1.0103765142496082
64.0,56.0,1005.5949096679688,1.065741447403239,3.566321993171797,-0.1722097588879127,3.335195644635442,0.4153135222526197,1.6432684793938577,1.2308026718224587,0.3065238812510272,3.32453208933479,1.4181087479272612
64.0,56.0,1007.9334716796876,1.1860174019719103,3.062699769325937,-0.5772754403344685,2.921296152802124,0.5203220957234284,1.220967665268109,0.7885410124274673,0.5750653020390918,3.2007527019435167,1.7099313399677305
64.0,56.0,1007.3814086914062,1.37501567893667,2.796826013722564,-0.2415181677679952,4.221335396971198,-0.2078968184580427,1.4898404207350833,1.5180200398342767,0.2547780929846841,3.338302295211076,1.023318751440718
64.0,56.0,1007.8380737304688,0.9852606791304872,2.9328246819792696,-0.1626286553531685,2.79366718460249,-0.1503361951302963,1.1116956438615473,1.0221798789733667,-0.4502282356986204,2.881980622550806,1.6356659562351958
64.0,56.0,1005.1350708007812,0.1661038185710084,2.5390123143543657,2.0774916054569346,1.835614257140512,-1.5735118140693944,0.0393769710875324,1.5364656260845004,0.9512514490147672,2.833057723425437,1.6722709438483858
64.0,56.0,1007.6941528320312,-0.9191563805964992,-0.0739405032805775,1.058587782348256,2.5088568339158472,-0.4944091546357916,0.0149281589082759,1.2909744872868127,0.725586256491825,1.7227688893335578,1.4566318141616184
64.0,56.0,1003.6841430664062,1.5264166200797986,3.063097861613356,-0.215819897253269,3.5490497273888275,-0.2048867388282806,1.0826619122252867,1.0511392207255632,-0.0170243374408754,3.2973942147249127,1.6821927523441609
64.0,56.0,1006.7684936523438,1.3436931167584212,2.9723827309808475,-0.6990999954194496,3.448097725237284,-0.2091829105316387,0.262391251339839,1.03385109722468,-0.0967344722036515,3.302876430253528,1.7245487486675914
64.0,56.0,1006.3912353515624,1.0823124156003283,3.145532408020725,0.0937498638335725,4.3492484902596935,-0.983369492477124,0.3045399617600217,1.0355153888892177,-0.6035785196627739,3.47882371336145,1.9749920545649893
64.0,56.0,1006.762451171875,0.911579189855552,2.951643676927795,0.8739934856927296,4.20168182927838,-0.2255314448514733,0.9538401412870204,1.055251361200275,2.289490443857167,3.223133074694574,1.6821020431151852
64.0,56.0,1006.4755249023438,1.5373922129536688,3.032235559935451,0.6874268984749604,3.275338603754686,-0.2140326921908348,1.494799281789143,0.9278351614159914,0.1155832775990138,3.2730834620692755,1.8184178138756064
64.0,56.0,1005.9786376953124,1.1755166225902458,3.0139295819900664,-0.2417305383366287,3.616814653335077,-0.2729520402836232,1.8592848557108288,1.1177652924446315,0.1211451494947978,3.912459696901169,2.2316448068592054
64.0,56.0,1004.7403564453124,0.4804166552562906,3.142058809388116,-0.507253232726782,3.78275224637308,-0.5671588827166028,1.1261544357254607,1.4122039073154182,0.5007209311294231,3.503301094810195,1.926829920271378
64.0,56.0,1007.6553344726562,1.363294018056876,3.0579967002587463,-0.0236264952436746,2.515488006303616,-0.7221603944231576,1.0967872065189033,1.175680575292055,-0.3680716873491677,2.993308491728796,1.3518225837038391
64.0,56.0,1006.9170532226562,1.5008135023933489,2.9861872071511346,-0.431893834371605,2.8214919187287486,-0.2261427739521425,1.1105615551034884,0.4838116239205338,-0.0052966471293471,3.1909425469340382,0.7855032477643943
64.0,56.0,1005.6001586914062,0.1781387739601991,2.8222566258346973,-1.2784227836424644,2.158820161725356,-1.3598118191510389,1.8033214309254848,1.4312019484559402,0.0812233307260337,2.5723035292130967,1.5728984824109573
64.0,56.0,1005.8743896484376,0.0594998054986024,2.4736092679713666,-0.1808303602303297,1.535912543515276,-0.2128728184311272,0.8096079746393341,0.1778975985534896,-0.0199302804665875,3.321000599716123,2.4317144383963893
64.0,56.0,1006.9185791015624,1.6532833560127211,2.759904924457437,-0.2012999140935469,3.684540807557585,-0.5539544697721706,0.7534662847390312,1.3622563756454358,-0.051066509501412,3.858963732438049,1.6716311998676427
64.0,57.0,1004.9807739257812,-0.5860263830397243,3.065616109898324,0.1649193318545723,2.737410361495438,-0.3930089285615246,-0.1533558996367499,-0.4746565737067606,-0.0213919792120722,1.949093119885468,2.2963317078347827
64.0,57.0,1007.9323120117188,0.2833582410088201,3.059506966734865,-0.4440224240314817,3.537913671363393,0.595304704543162,1.2959109613147133,1.0881878258195288,0.0842539774170956,4.340152561424111,1.591153092112809
64.0,57.0,1006.3142700195312,1.139511611358937,3.0694613868905667,-0.1653637898345447,3.4430469374271744,-0.2036379756711497,1.017926728273767,0.9696821854232316,-0.0703918319987118,3.339716178654164,1.1256383025099117
64.0,57.0,1005.7072143554688,1.6491448804843336,2.9104453120023,-0.2376035463302053,3.615676320374159,-0.5459213406507523,1.0802436756395946,1.0229389087533642,-0.0226071327225542,3.134768809825729,1.4551102740604491
64.0,57.0,1005.2555541992188,-0.5037094802039921,3.707585390221884,-0.3280569768488796,3.321070462527059,0.979043172621886,-0.4155761280008436,0.9565504599200948,0.2951346271246178,3.295787014291044,2.1819067114242974
64.0,57.0,1008.2530517578124,1.5270982961521142,2.378577058659652,-0.1300141971189669,3.4316988602336704,-0.3495752633471561,0.6940326962933131,0.758785861126745,0.0664492484260929,3.002636118435235,0.7040430065820917
64.0,57.0,1006.2119140625,0.4893625390202833,1.7795423029239368,-0.2283334970089545,3.1277989280704825,0.4981169607027755,1.141197769335064,2.5146578201478693,1.975507430672696,4.311031517865723,2.0922100116751228
64.0,57.0,1006.5108642578124,1.1685864152557035,2.7422863333485434,-0.1019311206427966,3.4927380014308915,-0.2862684911241392,1.1077000929173788,1.0805232300206655,0.6838549062987216,3.220790808114516,1.679788189972098
64.0,57.0,1007.9924926757812,1.1304915359682637,4.2256386911715,-0.1397065042772326,3.3138439181342862,-0.2594859333120968,1.224257591352554,0.951273481078933,-0.2382050104252313,3.2816847651646595,1.422045957820127
64.0,57.0,1004.5355224609376,-0.2067583177486083,2.156645823399848,1.1237471826284795,3.780946817479548,-0.5114493991580722,1.3470285072754011,1.5426076556614716,0.9251629364195506,3.6326501297850458,1.193605314089168
64.0,57.0,1005.1493530273438,0.5735184706036716,3.028423329307017,0.2644622216036731,2.659398374348958,0.2306337810705419,1.0125999917583286,1.1341537852403114,0.5087035841895886,3.226086612326376,1.548830647479367
64.0,57.0,1006.3345947265624,2.034042837590201,2.9125964116908234,-0.2024967773422643,3.3085072469478023,-0.07703122756074,0.9718660779238922,0.9340710653988924,1.2723474077259571,3.310849095998795,1.667239863445168
64.0,57.0,1007.4547729492188,1.43629090195749,3.110062472569856,-0.6944199584856007,3.302300007810594,0.2527122463629391,1.3830220275508731,1.1692670148495758,0.4543218612108505,3.286882813634093,1.9327433745059648
64.0,57.0,1005.6038818359376,1.308516753266523,2.1752865939900867,0.1815601508968082,4.19439705578338,-0.2059303139175663,1.0777198568117343,1.0908442654933863,0.2003939982353898,2.6281803945220314,1.684505779710975
64.0,57.0,1005.079833984375,0.8078773908434,3.0635542735379326,-0.2222773718837908,3.644619233544741,-0.0438507735814526,1.4232936018416082,0.7302359461628485,0.463335757005806,3.131559441489576,1.6311643300045815
64.0,57.0,1006.5872802734376,0.2656690085363156,2.8994275720441487,-0.0359203097652873,2.439288483665521,-0.403613583524778,2.160790506390417,1.4511060060394816,0.484404972217794,3.372222679109396,2.807072668682597
64.0,57.0,1006.9229125976562,0.9773504019739024,2.740919523925674,-0.7208675711544004,3.4951392537713284,-0.5533562906214642,1.57964222441972,1.7092041256231807,-0.0059608132761654,3.048427825623034,1.6695635226820276
64.0,57.0,1005.4412231445312,1.0760585928896025,3.043829209022953,0.1516249576889987,2.5040090899037493,0.108098310179216,1.3923376410461463,1.0123123187632306,-0.980625588420784,3.3143856714436004,0.2993660291472664
64.0,57.0,1007.20849609375,1.42340442516376,1.6389601706335597,-0.4707376408526464,3.5510485345363576,0.0655674880221845,0.5345868805727112,1.7189295151854895,0.652892798276838,3.565456415960298,1.6765185041381792
64.0,57.0,1005.7882080078124,1.930989912640924,2.5698273775009017,-0.4222718299406413,2.2647280101266523,-1.2334670620841697,1.1900713704557306,1.273633231737758,-0.0756089152430987,3.487418316929421,1.693288812527204
64.0,57.0,1007.544677734375,-0.2805326006232682,3.1038845231404446,-0.1870705914575828,3.988367848503743,-0.2562732772840708,1.540852333686741,0.7450130913541388,1.6656985897711236,2.857401366589688,0.9264712942409098
64.0,57.0,1004.8368530273438,-0.0192859539180938,3.1458012448024646,-0.4052589456220559,3.5837623621294377,-0.4446218579421889,1.004306573519272,1.0674916208430016,-0.1473208806064043,4.659302750457305,1.266183010783346
64.0,57.0,1005.0035400390624,1.488088734200528,3.2964916798764268,-0.081613556681665,3.4931910742310563,-0.4795947022471148,1.19443031097595,1.5983254058784726,0.3030366300005376,3.1093375136026897,1.3517079212642986
64.0,57.0,1005.6852416992188,1.2499511299324857,3.114938998617727,-0.120748307078449,3.5116358364440505,-1.444135019735279,1.078936544639041,1.0534340933650794,-0.1897722319095695,3.584328767139105,1.8579468178984029
64.0,57.0,1005.8321533203124,0.377814434290604,3.895551475372848,0.0535583373255332,3.414557908843645,-0.5334289284626546,0.985593986932181,0.7933330380200138,0.0535584523865163,3.290998620666775,1.0098828753892786
64.0,57.0,1008.1739501953124,1.6413635358121716,3.343269745080816,0.2019027360287677,3.5348093235497835,-0.1942484375916076,0.9530267104471426,1.1052031353316056,0.0297497040701961,3.35263353716934,1.512207743913377
64.0,57.0,1006.750732421875,1.4983206496546757,3.310143956253831,-0.0995478391109807,4.111181782258067,-0.0736615879452686,2.3151370482507234,0.654147595066203,0.6455422381112422,3.3493750202887504,1.9151768831651383
64.0,57.0,1005.9476318359376,0.0416259073064684,3.056620648095169,0.9059087932371556,3.541676985417584,-0.4558259587305865,-0.3150494321593007,1.05123482986649,-0.0994281152615595,3.238383279985208,1.6565234082160285
64.0,57.0,1006.3308715820312,1.535959406806901,3.012881012953959,-0.1663306996994601,3.5850778383914594,-0.2867194392540477,1.0486903470382465,1.1491035130694829,-0.0172823082687018,3.5717012420075,1.522958118209904
64.0,57.0,1005.21337890625,1.1138422598907147,3.163510525715634,-0.3509051133911852,2.6758266898773537,-0.5122082648359199,1.0718111705207738,1.65587216787568,-1.0170876187562123,3.54151433099572,1.3460114713344828
64.0,57.0,1004.9675903320312,0.5163418992741506,3.048817683689679,-0.6671757961656667,3.038681368765338,-1.5010622553438249,0.7996637919310045,1.2467383098495923,0.0980610079545224,3.3445950501342527,1.5795039091826957
64.0,57.0,1007.8798828125,1.0311949781226262,3.050446392205235,-0.171056107032873,3.5225695472791623,-0.344364293138081,1.1299764830718533,1.2931885162100567,0.0913978550631327,3.3303445529989104,1.7210389489241402
64.0,57.0,1005.5949096679688,1.065741447403239,3.566321993171797,-0.1722097588879127,3.335195644635442,0.4153135222526197,1.6432684793938577,1.2308026718224587,0.3065238812510272,3.32453208933479,1.4181087479272612
64.0,57.0,1007.9334716796876,1.1860174019719103,3.062699769325937,-0.5772754403344685,2.921296152802124,0.5203220957234284,1.220967665268109,0.7885410124274673,0.5750653020390918,3.2007527019435167,1.7099313399677305
64.0,57.0,1007.3814086914062,1.37501567893667,2.796826013722564,-0.2415181677679952,4.221335396971198,-0.2078968184580427,1.4898404207350833,1.5180200398342767,0.2547780929846841,3.338302295211076,1.023318751440718
64.0,57.0,1007.8380737304688,0.9852606791304872,2.9328246819792696,-0.1626286553531685,2.79366718460249,-0.1503361951302963,1.1116956438615473,1.0221798789733667,-0.4502282356986204,2.881980622550806,1.6356659562351958
64.0,57.0,1005.1350708007812,0.1661038185710084,2.5390123143543657,2.0774916054569346,1.835614257140512,-1.5735118140693944,0.0393769710875324,1.5364656260845004,0.9512514490147672,2.833057723425437,1.6722709438483858
64.0,57.0,1007.6941528320312,-0.9191563805964992,-0.0739405032805775,1.058587782348256,2.5088568339158472,-0.4944091546357916,0.0149281589082759,1.2909744872868127,0.725586256491825,1.7227688893335578,1.4566318141616184
64.0,57.0,1003.6841430664062,1.5264166200797986,3.063097861613356,-0.215819897253269,3.5490497273888275,-0.2048867388282806,1.0826619122252867,1.0511392207255632,-0.0170243374408754,3.2973942147249127,1.6821927523441609
64.0,57.0,1006.7684936523438,1.3436931167584212,2.9723827309808475,-0.6990999954194496,3.448097725237284,-0.2091829105316387,0.262391251339839,1.03385109722468,-0.0967344722036515,3.302876430253528,1.7245487486675914
64.0,57.0,1006.3912353515624,1.0823124156003283,3.145532408020725,0.0937498638335725,4.3492484902596935,-0.983369492477124,0.3045399617600217,1.0355153888892177,-0.6035785196627739,3.47882371336145,1.9749920545649893
64.0,57.0,1006.762451171875,0.911579189855552,2.951643676927795,0.8739934856927296,4.20168182927838,-0.2255314448514733,0.9538401412870204,1.055251361200275,2.289490443857167,3.223133074694574,1.6821020431151852
64.0,57.0,1006.4755249023438,1.5373922129536688,3.032235559935451,0.6874268984749604,3.275338603754686,-0.2140326921908348,1.494799281789143,0.9278351614159914,0.1155832775990138,3.2730834620692755,1.8184178138756064
64.0,57.0,1005.9786376953124,1.1755166225902458,3.0139295819900664,-0.2417305383366287,3.616814653335077,-0.2729520402836232,1.8592848557108288,1.1177652924446315,0.1211451494947978,3.912459696901169,2.2316448068592054
64.0,57.0,1004.7403564453124,0.4804166552562906,3.142058809388116,-0.507253232726782,3.78275224637308,-0.5671588827166028,1.1261544357254607,1.4122039073154182,0.5007209311294231,3.503301094810195,1.926829920271378
64.0,57.0,1007.6553344726562,1.363294018056876,3.0579967002587463,-0.0236264952436746,2.515488006303616,-0.7221603944231576,1.0967872065189033,1.175680575292055,-0.3680716873491677,2.993308491728796,1.3518225837038391
64.0,57.0,1006.9170532226562,1.5008135023933489,2.9861872071511346,-0.431893834371605,2.8214919187287486,-0.2261427739521425,1.1105615551034884,0.4838116239205338,-0.0052966471293471,3.1909425469340382,0.7855032477643943
64.0,57.0,1005.6001586914062,0.1781387739601991,2.8222566258346973,-1.2784227836424644,2.158820161725356,-1.3598118191510389,1.8033214309254848,1.4312019484559402,0.0812233307260337,2.5723035292130967,1.5728984824109573
64.0,57.0,1005.8743896484376,0.0594998054986024,2.4736092679713666,-0.1808303602303297,1.535912543515276,-0.2128728184311272,0.8096079746393341,0.1778975985534896,-0.0199302804665875,3.321000599716123,2.4317144383963893
64.0,57.0,1005.768310546875,1.5999854791936896,2.9805356758612893,-0.224463190705871,3.807145392204087,-0.3379384159359995,1.0087144864956603,0.8161970981207121,-0.0299745068515237,3.525817858828421,1.6851147134922917
64.0,58.0,1004.9807739257812,-0.5860263830397243,3.065616109898324,0.1649193318545723,2.737410361495438,-0.3930089285615246,-0.1533558996367499,-0.4746565737067606,-0.0213919792120722,1.949093119885468,2.2963317078347827
64.0,58.0,1007.9323120117188,0.2833582410088201,3.059506966734865,-0.4440224240314817,3.537913671363393,0.595304704543162,1.2959109613147133,1.0881878258195288,0.0842539774170956,4.340152561424111,1.591153092112809
64.0,58.0,1006.3142700195312,1.139511611358937,3.0694613868905667,-0.1653637898345447,3.4430469374271744,-0.2036379756711497,1.017926728273767,0.9696821854232316,-0.0703918319987118,3.339716178654164,1.1256383025099117
64.0,58.0,1005.7072143554688,1.6491448804843336,2.9104453120023,-0.2376035463302053,3.615676320374159,-0.5459213406507523,1.0802436756395946,1.0229389087533642,-0.0226071327225542,3.134768809825729,1.4551102740604491
64.0,58.0,1005.2555541992188,-0.5037094802039921,3.707585390221884,-0.3280569768488796,3.321070462527059,0.979043172621886,-0.4155761280008436,0.9565504599200948,0.2951346271246178,3.295787014291044,2.1819067114242974
64.0,58.0,1008.2530517578124,1.5270982961521142,2.378577058659652,-0.1300141971189669,3.4316988602336704,-0.3495752633471561,0.6940326962933131,0.758785861126745,0.0664492484260929,3.002636118435235,0.7040430065820917
64.0,58.0,1006.2119140625,0.4893625390202833,1.7795423029239368,-0.2283334970089545,3.1277989280704825,0.4981169607027755,1.141197769335064,2.5146578201478693,1.975507430672696,4.311031517865723,2.0922100116751228
64.0,58.0,1006.5108642578124,1.1685864152557035,2.7422863333485434,-0.1019311206427966,3.4927380014308915,-0.2862684911241392,1.1077000929173788,1.0805232300206655,0.6838549062987216,3.220790808114516,1.679788189972098
64.0,58.0,1006.1808471679688,1.5044895019604971,4.37353118641234,-0.1123117642728705,3.278240110355435,-0.2710004059046436,1.206590297347884,1.0726861605494895,-0.7094813345437163,3.301103040810469,1.658737095350794
64.0,58.0,1004.5355224609376,-0.2067583177486083,2.156645823399848,1.1237471826284795,3.780946817479548,-0.5114493991580722,1.3470285072754011,1.5426076556614716,0.9251629364195506,3.6326501297850458,1.193605314089168
64.0,58.0,1005.1493530273438,0.5735184706036716,3.028423329307017,0.2644622216036731,2.659398374348958,0.2306337810705419,1.0125999917583286,1.1341537852403114,0.5087035841895886,3.226086612326376,1.548830647479367
64.0,58.0,1006.3345947265624,2.034042837590201,2.9125964116908234,-0.2024967773422643,3.3085072469478023,-0.07703122756074,0.9718660779238922,0.9340710653988924,1.2723474077259571,3.310849095998795,1.667239863445168
64.0,58.0,1007.4547729492188,1.43629090195749,3.110062472569856,-0.6944199584856007,3.302300007810594,0.2527122463629391,1.3830220275508731,1.1692670148495758,0.4543218612108505,3.286882813634093,1.9327433745059648
64.0,58.0,1005.6038818359376,1.308516753266523,2.1752865939900867,0.1815601508968082,4.19439705578338,-0.2059303139175663,1.0777198568117343,1.0908442654933863,0.2003939982353898,2.6281803945220314,1.684505779710975
64.0,58.0,1005.079833984375,0.8078773908434,3.0635542735379326,-0.2222773718837908,3.644619233544741,-0.0438507735814526,1.4232936018416082,0.7302359461628485,0.463335757005806,3.131559441489576,1.6311643300045815
64.0,58.0,1006.5872802734376,0.2656690085363156,2.8994275720441487,-0.0359203097652873,2.439288483665521,-0.403613583524778,2.160790506390417,1.4511060060394816,0.484404972217794,3.372222679109396,2.807072668682597
64.0,58.0,1006.9229125976562,0.9773504019739024,2.740919523925674,-0.7208675711544004,3.4951392537713284,-0.5533562906214642,1.57964222441972,1.7092041256231807,-0.0059608132761654,3.048427825623034,1.6695635226820276
64.0,58.0,1005.4412231445312,1.0760585928896025,3.043829209022953,0.1516249576889987,2.5040090899037493,0.108098310179216,1.3923376410461463,1.0123123187632306,-0.980625588420784,3.3143856714436004,0.2993660291472664
64.0,58.0,1007.20849609375,1.42340442516376,1.6389601706335597,-0.4707376408526464,3.5510485345363576,0.0655674880221845,0.5345868805727112,1.7189295151854895,0.652892798276838,3.565456415960298,1.6765185041381792
64.0,58.0,1005.7882080078124,1.930989912640924,2.5698273775009017,-0.4222718299406413,2.2647280101266523,-1.2334670620841697,1.1900713704557306,1.273633231737758,-0.0756089152430987,3.487418316929421,1.693288812527204
64.0,58.0,1007.544677734375,-0.2805326006232682,3.1038845231404446,-0.1870705914575828,3.988367848503743,-0.2562732772840708,1.540852333686741,0.7450130913541388,1.6656985897711236,2.857401366589688,0.9264712942409098
64.0,58.0,1004.8368530273438,-0.0192859539180938,3.1458012448024646,-0.4052589456220559,3.5837623621294377,-0.4446218579421889,1.004306573519272,1.0674916208430016,-0.1473208806064043,4.659302750457305,1.266183010783346
64.0,58.0,1005.0035400390624,1.488088734200528,3.2964916798764268,-0.081613556681665,3.4931910742310563,-0.4795947022471148,1.19443031097595,1.5983254058784726,0.3030366300005376,3.1093375136026897,1.3517079212642986
64.0,58.0,1005.59716796875,0.8422960777773174,3.0348209215701183,-0.2311176520887816,3.530445462000517,0.731073415144617,1.0838871087870037,1.0526527931079228,-0.2789778063184201,3.525442996103043,1.9314441196361605
64.0,58.0,1005.8321533203124,0.377814434290604,3.895551475372848,0.0535583373255332,3.414557908843645,-0.5334289284626546,0.985593986932181,0.7933330380200138,0.0535584523865163,3.290998620666775,1.0098828753892786
64.0,58.0,1008.1739501953124,1.6413635358121716,3.343269745080816,0.2019027360287677,3.5348093235497835,-0.1942484375916076,0.9530267104471426,1.1052031353316056,0.0297497040701961,3.35263353716934,1.512207743913377
64.0,58.0,1006.750732421875,1.4983206496546757,3.310143956253831,-0.0995478391109807,4.111181782258067,-0.0736615879452686,2.3151370482507234,0.654147595066203,0.6455422381112422,3.3493750202887504,1.9151768831651383
64.0,58.0,1005.9476318359376,0.0416259073064684,3.056620648095169,0.9059087932371556,3.541676985417584,-0.4558259587305865,-0.3150494321593007,1.05123482986649,-0.0994281152615595,3.238383279985208,1.6565234082160285
64.0,58.0,1006.3308715820312,1.535959406806901,3.012881012953959,-0.1663306996994601,3.5850778383914594,-0.2867194392540477,1.0486903470382465,1.1491035130694829,-0.0172823082687018,3.5717012420075,1.522958118209904
64.0,58.0,1005.21337890625,1.1138422598907147,3.163510525715634,-0.3509051133911852,2.6758266898773537,-0.5122082648359199,1.0718111705207738,1.65587216787568,-1.0170876187562123,3.54151433099572,1.3460114713344828
64.0,58.0,1004.9675903320312,0.5163418992741506,3.048817683689679,-0.6671757961656667,3.038681368765338,-1.5010622553438249,0.7996637919310045,1.2467383098495923,0.0980610079545224,3.3445950501342527,1.5795039091826957
64.0,58.0,1007.8798828125,1.0311949781226262,3.050446392205235,-0.171056107032873,3.5225695472791623,-0.344364293138081,1.1299764830718533,1.2931885162100567,0.0913978550631327,3.3303445529989104,1.7210389489241402
64.0,58.0,1005.5949096679688,1.065741447403239,3.566321993171797,-0.1722097588879127,3.335195644635442,0.4153135222526197,1.6432684793938577,1.2308026718224587,0.3065238812510272,3.32453208933479,1.4181087479272612
64.0,58.0,1007.9334716796876,1.1860174019719103,3.062699769325937,-0.5772754403344685,2.921296152802124,0.5203220957234284,1.220967665268109,0.7885410124274673,0.5750653020390918,3.2007527019435167,1.7099313399677305
64.0,58.0,1007.3814086914062,1.37501567893667,2.796826013722564,-0.2415181677679952,4.221335396971198,-0.2078968184580427,1.4898404207350833,1.5180200398342767,0.2547780929846841,3.338302295211076,1.023318751440718
64.0,58.0,1007.3942260742188,1.5424126678030463,3.0792092971485934,-0.2950864639731521,3.4273389256056075,-0.2185157172346629,1.1555148532698905,1.027670704617852,-0.0089863143481305,3.1625335916527737,1.3009636469875132
64.0,58.0,1005.1350708007812,0.1661038185710084,2.5390123143543657,2.0774916054569346,1.835614257140512,-1.5735118140693944,0.0393769710875324,1.5364656260845004,0.9512514490147672,2.833057723425437,1.6722709438483858
64.0,58.0,1007.6941528320312,-0.9191563805964992,-0.0739405032805775,1.058587782348256,2.5088568339158472,-0.4944091546357916,0.0149281589082759,1.2909744872868127,0.725586256491825,1.7227688893335578,1.4566318141616184
64.0,58.0,1003.6841430664062,1.5264166200797986,3.063097861613356,-0.215819897253269,3.5490497273888275,-0.2048867388282806,1.0826619122252867,1.0511392207255632,-0.0170243374408754,3.2973942147249127,1.6821927523441609
64.0,58.0,1006.7684936523438,1.3436931167584212,2.9723827309808475,-0.6990999954194496,3.448097725237284,-0.2091829105316387,0.262391251339839,1.03385109722468,-0.0967344722036515,3.302876430253528,1.7245487486675914
64.0,58.0,1006.3912353515624,1.0823124156003283,3.145532408020725,0.0937498638335725,4.3492484902596935,-0.983369492477124,0.3045399617600217,1.0355153888892177,-0.6035785196627739,3.47882371336145,1.9749920545649893
64.0,58.0,1006.762451171875,0.911579189855552,2.951643676927795,0.8739934856927296,4.20168182927838,-0.2255314448514733,0.9538401412870204,1.055251361200275,2.289490443857167,3.223133074694574,1.6821020431151852
64.0,58.0,1006.4755249023438,1.5373922129536688,3.032235559935451,0.6874268984749604,3.275338603754686,-0.2140326921908348,1.494799281789143,0.9278351614159914,0.1155832775990138,3.2730834620692755,1.8184178138756064
64.0,58.0,1005.9786376953124,1.1755166225902458,3.0139295819900664,-0.2417305383366287,3.616814653335077,-0.2729520402836232,1.8592848557108288,1.1177652924446315,0.1211451494947978,3.912459696901169,2.2316448068592054
64.0,58.0,1004.7403564453124,0.4804166552562906,3.142058809388116,-0.507253232726782,3.78275224637308,-0.5671588827166028,1.1261544357254607,1.4122039073154182,0.5007209311294231,3.503301094810195,1.926829920271378
64.0,58.0,1006.9185791015624,1.4509446204054686,3.0812528002645063,-0.1416606528114395,3.046694966207418,-0.352949663141653,1.1938833599675431,1.0845074746720975,0.112653931850861,2.518078368562448,1.5348854350589625
64.0,58.0,1006.9170532226562,1.5008135023933489,2.9861872071511346,-0.431893834371605,2.8214919187287486,-0.2261427739521425,1.1105615551034884,0.4838116239205338,-0.0052966471293471,3.1909425469340382,0.7855032477643943
64.0,58.0,1005.6001586914062,0.1781387739601991,2.8222566258346973,-1.2784227836424644,2.158820161725356,-1.3598118191510389,1.8033214309254848,1.4312019484559402,0.0812233307260337,2.5723035292130967,1.5728984824109573
64.0,58.0,1005.8743896484376,0.0594998054986024,2.4736092679713666,-0.1808303602303297,1.535912543515276,-0.2128728184311272,0.8096079746393341,0.1778975985534896,-0.0199302804665875,3.321000599716123,2.4317144383963893
64.0,58.0,1005.768310546875,1.5999854791936896,2.9805356758612893,-0.224463190705871,3.807145392204087,-0.3379384159359995,1.0087144864956603,0.8161970981207121,-0.0299745068515237,3.525817858828421,1.6851147134922917
64.0,59.0,1004.9807739257812,-0.5860263830397243,3.065616109898324,0.1649193318545723,2.737410361495438,-0.3930089285615246,-0.1533558996367499,-0.4746565737067606,-0.0213919792120722,1.949093119885468,2.2963317078347827
64.0,59.0,1007.9323120117188,0.2833582410088201,3.059506966734865,-0.4440224240314817,3.537913671363393,0.595304704543162,1.2959109613147133,1.0881878258195288,0.0842539774170956,4.340152561424111,1.591153092112809
64.0,59.0,1006.3142700195312,1.139511611358937,3.0694613868905667,-0.1653637898345447,3.4430469374271744,-0.2036379756711497,1.017926728273767,0.9696821854232316,-0.0703918319987118,3.339716178654164,1.1256383025099117
64.0,59.0,1005.7072143554688,1.6491448804843336,2.9104453120023,-0.2376035463302053,3.615676320374159,-0.5459213406507523,1.0802436756395946,1.0229389087533642,-0.0226071327225542,3.134768809825729,1.4551102740604491
64.0,59.0,1005.2555541992188,-0.5037094802039921,3.707585390221884,-0.3280569768488796,3.321070462527059,0.979043172621886,-0.4155761280008436,0.9565504599200948,0.2951346271246178,3.295787014291044,2.1819067114242974
64.0,59.0,1008.2530517578124,1.5270982961521142,2.378577058659652,-0.1300141971189669,3.4316988602336704,-0.3495752633471561,0.6940326962933131,0.758785861126745,0.0664492484260929,3.002636118435235,0.7040430065820917
64.0,59.0,1006.2119140625,0.4893625390202833,1.7795423029239368,-0.2283334970089545,3.1277989280704825,0.4981169607027755,1.141197769335064,2.5146578201478693,1.975507430672696,4.311031517865723,2.0922100116751228
64.0,59.0,1006.5108642578124,1.1685864152557035,2.7422863333485434,-0.1019311206427966,3.4927380014308915,-0.2862684911241392,1.1077000929173788,1.0805232300206655,0.6838549062987216,3.220790808114516,1.679788189972098
64.0,59.0,1006.1808471679688,1.5044895019604971,4.37353118641234,-0.1123117642728705,3.278240110355435,-0.2710004059046436,1.206590297347884,1.0726861605494895,-0.7094813345437163,3.301103040810469,1.658737095350794
64.0,59.0,1004.5355224609376,-0.2067583177486083,2.156645823399848,1.1237471826284795,3.780946817479548,-0.5114493991580722,1.3470285072754011,1.5426076556614716,0.9251629364195506,3.6326501297850458,1.193605314089168
64.0,59.0,1005.1493530273438,0.5735184706036716,3.028423329307017,0.2644622216036731,2.659398374348958,0.2306337810705419,1.0125999917583286,1.1341537852403114,0.5087035841895886,3.226086612326376,1.548830647479367
64.0,59.0,1006.3345947265624,2.034042837590201,2.9125964116908234,-0.2024967773422643,3.3085072469478023,-0.07703122756074,0.9718660779238922,0.9340710653988924,1.2723474077259571,3.310849095998795,1.667239863445168
64.0,59.0,1007.4547729492188,1.43629090195749,3.110062472569856,-0.6944199584856007,3.302300007810594,0.2527122463629391,1.3830220275508731,1.1692670148495758,0.4543218612108505,3.286882813634093,1.9327433745059648
64.0,59.0,1005.6038818359376,1.308516753266523,2.1752865939900867,0.1815601508968082,4.19439705578338,-0.2059303139175663,1.0777198568117343,1.0908442654933863,0.2003939982353898,2.6281803945220314,1.684505779710975
64.0,59.0,1005.079833984375,0.8078773908434,3.0635542735379326,-0.2222773718837908,3.644619233544741,-0.0438507735814526,1.4232936018416082,0.7302359461628485,0.463335757005806,3.131559441489576,1.6311643300045815
64.0,59.0,1006.5872802734376,0.2656690085363156,2.8994275720441487,-0.0359203097652873,2.439288483665521,-0.403613583524778,2.160790506390417,1.4511060060394816,0.484404972217794,3.372222679109396,2.807072668682597
64.0,59.0,1006.9229125976562,0.9773504019739024,2.740919523925674,-0.7208675711544004,3.4951392537713284,-0.5533562906214642,1.57964222441972,1.7092041256231807,-0.0059608132761654,3.048427825623034,1.6695635226820276
64.0,59.0,1005.4412231445312,1.0760585928896025,3.043829209022953,0.1516249576889987,2.5040090899037493,0.108098310179216,1.3923376410461463,1.0123123187632306,-0.980625588420784,3.3143856714436004,0.2993660291472664
64.0,59.0,1007.20849609375,1.42340442516376,1.6389601706335597,-0.4707376408526464,3.5510485345363576,0.0655674880221845,0.5345868805727112,1.7189295151854895,0.652892798276838,3.565456415960298,1.6765185041381792
64.0,59.0,1005.7882080078124,1.930989912640924,2.5698273775009017,-0.4222718299406413,2.2647280101266523,-1.2334670620841697,1.1900713704557306,1.273633231737758,-0.0756089152430987,3.487418316929421,1.693288812527204
64.0,59.0,1007.544677734375,-0.2805326006232682,3.1038845231404446,-0.1870705914575828,3.988367848503743,-0.2562732772840708,1.540852333686741,0.7450130913541388,1.6656985897711236,2.857401366589688,0.9264712942409098
64.0,59.0,1004.8368530273438,-0.0192859539180938,3.1458012448024646,-0.4052589456220559,3.5837623621294377,-0.4446218579421889,1.004306573519272,1.0674916208430016,-0.1473208806064043,4.659302750457305,1.266183010783346
64.0,59.0,1005.0035400390624,1.488088734200528,3.2964916798764268,-0.081613556681665,3.4931910742310563,-0.4795947022471148,1.19443031097595,1.5983254058784726,0.3030366300005376,3.1093375136026897,1.3517079212642986
64.0,59.0,1005.59716796875,0.8422960777773174,3.0348209215701183,-0.2311176520887816,3.530445462000517,0.731073415144617,1.0838871087870037,1.0526527931079228,-0.2789778063184201,3.525442996103043,1.9314441196361605
64.0,59.0,1005.8321533203124,0.377814434290604,3.895551475372848,0.0535583373255332,3.414557908843645,-0.5334289284626546,0.985593986932181,0.7933330380200138,0.0535584523865163,3.290998620666775,1.0098828753892786
64.0,59.0,1008.1739501953124,1.6413635358121716,3.343269745080816,0.2019027360287677,3.5348093235497835,-0.1942484375916076,0.9530267104471426,1.1052031353316056,0.0297497040701961,3.35263353716934,1.512207743913377
64.0,59.0,1006.750732421875,1.4983206496546757,3.310143956253831,-0.0995478391109807,4.111181782258067,-0.0736615879452686,2.3151370482507234,0.654147595066203,0.6455422381112422,3.3493750202887504,1.9151768831651383
64.0,59.0,1005.9476318359376,0.0416259073064684,3.056620648095169,0.9059087932371556,3.541676985417584,-0.4558259587305865,-0.3150494321593007,1.05123482986649,-0.0994281152615595,3.238383279985208,1.6565234082160285
64.0,59.0,1006.3308715820312,1.535959406806901,3.012881012953959,-0.1663306996994601,3.5850778383914594,-0.2867194392540477,1.0486903470382465,1.1491035130694829,-0.0172823082687018,3.5717012420075,1.522958118209904
64.0,59.0,1005.21337890625,1.1138422598907147,3.163510525715634,-0.3509051133911852,2.6758266898773537,-0.5122082648359199,1.0718111705207738,1.65587216787568,-1.0170876187562123,3.54151433099572,1.3460114713344828
64.0,59.0,1004.9675903320312,0.5163418992741506,3.048817683689679,-0.6671757961656667,3.038681368765338,-1.5010622553438249,0.7996637919310045,1.2467383098495923,0.0980610079545224,3.3445950501342527,1.5795039091826957
64.0,59.0,1007.8798828125,1.0311949781226262,3.050446392205235,-0.171056107032873,3.5225695472791623,-0.344364293138081,1.1299764830718533,1.2931885162100567,0.0913978550631327,3.3303445529989104,1.7210389489241402
64.0,59.0,1005.5949096679688,1.065741447403239,3.566321993171797,-0.1722097588879127,3.335195644635442,0.4153135222526197,1.6432684793938577,1.2308026718224587,0.3065238812510272,3.32453208933479,1.4181087479272612
64.0,59.0,1007.9334716796876,1.1860174019719103,3.062699769325937,-0.5772754403344685,2.921296152802124,0.5203220957234284,1.220967665268109,0.7885410124274673,0.5750653020390918,3.2007527019435167,1.7099313399677305
64.0,59.0,1006.2900390625,1.4484868679192526,2.4014372767894385,-0.2106624328126223,3.352237011840552,-0.2088211634358511,0.2447592849034983,1.2335100706185025,0.2401896596533929,3.32885580296811,1.57815003511397
64.0,59.0,1007.3942260742188,1.5424126678030463,3.0792092971485934,-0.2950864639731521,3.4273389256056075,-0.2185157172346629,1.1555148532698905,1.027670704617852,-0.0089863143481305,3.1625335916527737,1.3009636469875132
64.0,59.0,1005.1350708007812,0.1661038185710084,2.5390123143543657,2.0774916054569346,1.835614257140512,-1.5735118140693944,0.0393769710875324,1.5364656260845004,0.9512514490147672,2.833057723425437,1.6722709438483858
64.0,59.0,1007.6941528320312,-0.9191563805964992,-0.0739405032805775,1.058587782348256,2.5088568339158472,-0.4944091546357916,0.0149281589082759,1.2909744872868127,0.725586256491825,1.7227688893335578,1.4566318141616184
64.0,59.0,1003.6841430664062,1.5264166200797986,3.063097861613356,-0.215819897253269,3.5490497273888275,-0.2048867388282806,1.0826619122252867,1.0511392207255632,-0.0170243374408754,3.2973942147249127,1.6821927523441609
64.0,59.0,1006.7684936523438,1.3436931167584212,2.9723827309808475,-0.6990999954194496,3.448097725237284,-0.2091829105316387,0.262391251339839,1.03385109722468,-0.0967344722036515,3.302876430253528,1.7245487486675914
64.0,59.0,1006.3912353515624,1.0823124156003283,3.145532408020725,0.0937498638335725,4.3492484902596935,-0.983369492477124,0.3045399617600217,1.0355153888892177,-0.6035785196627739,3.47882371336145,1.9749920545649893
64.0,59.0,1006.762451171875,0.911579189855552,2.951643676927795,0.8739934856927296,4.20168182927838,-0.2255314448514733,0.9538401412870204,1.055251361200275,2.289490443857167,3.223133074694574,1.6821020431151852
64.0,59.0,1006.4755249023438,1.5373922129536688,3.032235559935451,0.6874268984749604,3.275338603754686,-0.2140326921908348,1.494799281789143,0.9278351614159914,0.1155832775990138,3.2730834620692755,1.8184178138756064
64.0,59.0,1005.9786376953124,1.1755166225902458,3.0139295819900664,-0.2417305383366287,3.616814653335077,-0.2729520402836232,1.8592848557108288,1.1177652924446315,0.1211451494947978,3.912459696901169,2.2316448068592054
64.0,59.0,1004.7403564453124,0.4804166552562906,3.142058809388116,-0.507253232726782,3.78275224637308,-0.5671588827166028,1.1261544357254607,1.4122039073154182,0.5007209311294231,3.503301094810195,1.926829920271378
64.0,59.0,1006.9185791015624,1.4509446204054686,3.0812528002645063,-0.1416606528114395,3.046694966207418,-0.352949663141653,1.1938833599675431,1.0845074746720975,0.112653931850861,2.518078368562448,1.5348854350589625
64.0,59.0,1006.9170532226562,1.5008135023933489,2.9861872071511346,-0.431893834371605,2.8214919187287486,-0.2261427739521425,1.1105615551034884,0.4838116239205338,-0.0052966471293471,3.1909425469340382,0.7855032477643943
64.0,59.0,1005.6001586914062,0.1781387739601991,2.8222566258346973,-1.2784227836424644,2.158820161725356,-1.3598118191510389,1.8033214309254848,1.4312019484559402,0.0812233307260337,2.5723035292130967,1.5728984824109573
64.0,59.0,1005.8743896484376,0.0594998054986024,2.4736092679713666,-0.1808303602303297,1.535912543515276,-0.2128728184311272,0.8096079746393341,0.1778975985534896,-0.0199302804665875,3.321000599716123,2.4317144383963893
64.0,59.0,1005.768310546875,1.5999854791936896,2.9805356758612893,-0.224463190705871,3.807145392204087,-0.3379384159359995,1.0087144864956603,0.8161970981207121,-0.0299745068515237,3.525817858828421,1.6851147134922917
64.0,60.0,1004.9807739257812,-0.5860263830397243,3.065616109898324,0.1649193318545723,2.737410361495438,-0.3930089285615246,-0.1533558996367499,-0.4746565737067606,-0.0213919792120722,1.949093119885468,2.2963317078347827
64.0,60.0,1007.9323120117188,0.2833582410088201,3.059506966734865,-0.4440224240314817,3.537913671363393,0.595304704543162,1.2959109613147133,1.0881878258195288,0.0842539774170956,4.340152561424111,1.591153092112809
64.0,60.0,1006.3142700195312,1.139511611358937,3.0694613868905667,-0.1653637898345447,3.4430469374271744,-0.2036379756711497,1.017926728273767,0.9696821854232316,-0.0703918319987118,3.339716178654164,1.1256383025099117
64.0,60.0,1005.7072143554688,1.6491448804843336,2.9104453120023,-0.2376035463302053,3.615676320374159,-0.5459213406507523,1.0802436756395946,1.0229389087533642,-0.0226071327225542,3.134768809825729,1.4551102740604491
64.0,60.0,1005.2555541992188,-0.5037094802039921,3.707585390221884,-0.3280569768488796,3.321070462527059,0.979043172621886,-0.4155761280008436,0.9565504599200948,0.2951346271246178,3.295787014291044,2.1819067114242974
64.0,60.0,1008.2530517578124,1.5270982961521142,2.378577058659652,-0.1300141971189669,3.4316988602336704,-0.3495752633471561,0.6940326962933131,0.758785861126745,0.0664492484260929,3.002636118435235,0.7040430065820917
64.0,60.0,1006.2119140625,0.4893625390202833,1.7795423029239368,-0.2283334970089545,3.1277989280704825,0.4981169607027755,1.141197769335064,2.5146578201478693,1.975507430672696,4.311031517865723,2.0922100116751228
64.0,60.0,1006.5108642578124,1.1685864152557035,2.7422863333485434,-0.1019311206427966,3.4927380014308915,-0.2862684911241392,1.1077000929173788,1.0805232300206655,0.6838549062987216,3.220790808114516,1.679788189972098
64.0,60.0,1006.1808471679688,1.5044895019604971,4.37353118641234,-0.1123117642728705,3.278240110355435,-0.2710004059046436,1.206590297347884,1.0726861605494895,-0.7094813345437163,3.301103040810469,1.658737095350794
64.0,60.0,1004.5355224609376,-0.2067583177486083,2.156645823399848,1.1237471826284795,3.780946817479548,-0.5114493991580722,1.3470285072754011,1.5426076556614716,0.9251629364195506,3.6326501297850458,1.193605314089168
64.0,60.0,1005.1493530273438,0.5735184706036716,3.028423329307017,0.2644622216036731,2.659398374348958,0.2306337810705419,1.0125999917583286,1.1341537852403114,0.5087035841895886,3.226086612326376,1.548830647479367
64.0,60.0,1006.3345947265624,2.034042837590201,2.9125964116908234,-0.2024967773422643,3.3085072469478023,-0.07703122756074,0.9718660779238922,0.9340710653988924,1.2723474077259571,3.310849095998795,1.667239863445168
64.0,60.0,1007.4547729492188,1.43629090195749,3.110062472569856,-0.6944199584856007,3.302300007810594,0.2527122463629391,1.3830220275508731,1.1692670148495758,0.4543218612108505,3.286882813634093,1.9327433745059648
64.0,60.0,1005.6038818359376,1.308516753266523,2.1752865939900867,0.1815601508968082,4.19439705578338,-0.2059303139175663,1.0777198568117343,1.0908442654933863,0.2003939982353898,2.6281803945220314,1.684505779710975
64.0,60.0,1005.079833984375,0.8078773908434,3.0635542735379326,-0.2222773718837908,3.644619233544741,-0.0438507735814526,1.4232936018416082,0.7302359461628485,0.463335757005806,3.131559441489576,1.6311643300045815
64.0,60.0,1006.5872802734376,0.2656690085363156,2.8994275720441487,-0.0359203097652873,2.439288483665521,-0.403613583524778,2.160790506390417,1.4511060060394816,0.484404972217794,3.372222679109396,2.807072668682597
64.0,60.0,1005.7649536132812,0.2825466944237913,3.223371955913502,-1.130107795435179,3.475165291581171,-1.048330892200188,0.6773142097574366,1.7224453178602437,-0.0116344510771347,2.978858171781275,1.664112733334867
64.0,60.0,1005.4412231445312,1.0760585928896025,3.043829209022953,0.1516249576889987,2.5040090899037493,0.108098310179216,1.3923376410461463,1.0123123187632306,-0.980625588420784,3.3143856714436004,0.2993660291472664
64.0,60.0,1007.20849609375,1.42340442516376,1.6389601706335597,-0.4707376408526464,3.5510485345363576,0.0655674880221845,0.5345868805727112,1.7189295151854895,0.652892798276838,3.565456415960298,1.6765185041381792
64.0,60.0,1005.7882080078124,1.930989912640924,2.5698273775009017,-0.4222718299406413,2.2647280101266523,-1.2334670620841697,1.1900713704557306,1.273633231737758,-0.0756089152430987,3.487418316929421,1.693288812527204
64.0,60.0,1007.544677734375,-0.2805326006232682,3.1038845231404446,-0.1870705914575828,3.988367848503743,-0.2562732772840708,1.540852333686741,0.7450130913541388,1.6656985897711236,2.857401366589688,0.9264712942409098
64.0,60.0,1004.8368530273438,-0.0192859539180938,3.1458012448024646,-0.4052589456220559,3.5837623621294377,-0.4446218579421889,1.004306573519272,1.0674916208430016,-0.1473208806064043,4.659302750457305,1.266183010783346
64.0,60.0,1005.0035400390624,1.488088734200528,3.2964916798764268,-0.081613556681665,3.4931910742310563,-0.4795947022471148,1.19443031097595,1.5983254058784726,0.3030366300005376,3.1093375136026897,1.3517079212642986
64.0,60.0,1005.59716796875,0.8422960777773174,3.0348209215701183,-0.2311176520887816,3.530445462000517,0.731073415144617,1.0838871087870037,1.0526527931079228,-0.2789778063184201,3.525442996103043,1.9314441196361605
64.0,60.0,1005.8321533203124,0.377814434290604,3.895551475372848,0.0535583373255332,3.414557908843645,-0.5334289284626546,0.985593986932181,0.7933330380200138,0.0535584523865163,3.290998620666775,1.0098828753892786
64.0,60.0,1007.56396484375,1.5915642805280938,3.21505950846519,-0.2410976595448242,3.6131165800756304,-0.2068099645460922,0.826244304596254,1.0307855897467215,-0.0010368592724361,3.335010733974512,1.4161522741382744
64.0,60.0,1006.750732421875,1.4983206496546757,3.310143956253831,-0.0995478391109807,4.111181782258067,-0.0736615879452686,2.3151370482507234,0.654147595066203,0.6455422381112422,3.3493750202887504,1.9151768831651383
64.0,60.0,1005.9476318359376,0.0416259073064684,3.056620648095169,0.9059087932371556,3.541676985417584,-0.4558259587305865,-0.3150494321593007,1.05123482986649,-0.0994281152615595,3.238383279985208,1.6565234082160285
64.0,60.0,1006.3308715820312,1.535959406806901,3.012881012953959,-0.1663306996994601,3.5850778383914594,-0.2867194392540477,1.0486903470382465,1.1491035130694829,-0.0172823082687018,3.5717012420075,1.522958118209904
64.0,60.0,1005.21337890625,1.1138422598907147,3.163510525715634,-0.3509051133911852,2.6758266898773537,-0.5122082648359199,1.0718111705207738,1.65587216787568,-1.0170876187562123,3.54151433099572,1.3460114713344828
64.0,60.0,1004.9675903320312,0.5163418992741506,3.048817683689679,-0.6671757961656667,3.038681368765338,-1.5010622553438249,0.7996637919310045,1.2467383098495923,0.0980610079545224,3.3445950501342527,1.5795039091826957
64.0,60.0,1007.8798828125,1.0311949781226262,3.050446392205235,-0.171056107032873,3.5225695472791623,-0.344364293138081,1.1299764830718533,1.2931885162100567,0.0913978550631327,3.3303445529989104,1.7210389489241402
64.0,60.0,1005.5949096679688,1.065741447403239,3.566321993171797,-0.1722097588879127,3.335195644635442,0.4153135222526197,1.6432684793938577,1.2308026718224587,0.3065238812510272,3.32453208933479,1.4181087479272612
64.0,60.0,1007.9334716796876,1.1860174019719103,3.062699769325937,-0.5772754403344685,2.921296152802124,0.5203220957234284,1.220967665268109,0.7885410124274673,0.5750653020390918,3.2007527019435167,1.7099313399677305
64.0,60.0,1006.2900390625,1.4484868679192526,2.4014372767894385,-0.2106624328126223,3.352237011840552,-0.2088211634358511,0.2447592849034983,1.2335100706185025,0.2401896596533929,3.32885580296811,1.57815003511397
64.0,60.0,1007.3942260742188,1.5424126678030463,3.0792092971485934,-0.2950864639731521,3.4273389256056075,-0.2185157172346629,1.1555148532698905,1.027670704617852,-0.0089863143481305,3.1625335916527737,1.3009636469875132
64.0,60.0,1005.1350708007812,0.1661038185710084,2.5390123143543657,2.0774916054569346,1.835614257140512,-1.5735118140693944,0.0393769710875324,1.5364656260845004,0.9512514490147672,2.833057723425437,1.6722709438483858
64.0,60.0,1007.6941528320312,-0.9191563805964992,-0.0739405032805775,1.058587782348256,2.5088568339158472,-0.4944091546357916,0.0149281589082759,1.2909744872868127,0.725586256491825,1.7227688893335578,1.4566318141616184
64.0,60.0,1003.6841430664062,1.5264166200797986,3.063097861613356,-0.215819897253269,3.5490497273888275,-0.2048867388282806,1.0826619122252867,1.0511392207255632,-0.0170243374408754,3.2973942147249127,1.6821927523441609
64.0,60.0,1006.7684936523438,1.3436931167584212,2.9723827309808475,-0.6990999954194496,3.448097725237284,-0.2091829105316387,0.262391251339839,1.03385109722468,-0.0967344722036515,3.302876430253528,1.7245487486675914
64.0,60.0,1006.3912353515624,1.0823124156003283,3.145532408020725,0.0937498638335725,4.3492484902596935,-0.983369492477124,0.3045399617600217,1.0355153888892177,-0.6035785196627739,3.47882371336145,1.9749920545649893
64.0,60.0,1006.762451171875,0.911579189855552,2.951643676927795,0.8739934856927296,4.20168182927838,-0.2255314448514733,0.9538401412870204,1.055251361200275,2.289490443857167,3.223133074694574,1.6821020431151852
64.0,60.0,1006.4755249023438,1.5373922129536688,3.032235559935451,0.6874268984749604,3.275338603754686,-0.2140326921908348,1.494799281789143,0.9278351614159914,0.1155832775990138,3.2730834620692755,1.8184178138756064
64.0,60.0,1005.9786376953124,1.1755166225902458,3.0139295819900664,-0.2417305383366287,3.616814653335077,-0.2729520402836232,1.8592848557108288,1.1177652924446315,0.1211451494947978,3.912459696901169,2.2316448068592054
64.0,60.0,1004.7403564453124,0.4804166552562906,3.142058809388116,-0.507253232726782,3.78275224637308,-0.5671588827166028,1.1261544357254607,1.4122039073154182,0.5007209311294231,3.503301094810195,1.926829920271378
64.0,60.0,1006.9185791015624,1.4509446204054686,3.0812528002645063,-0.1416606528114395,3.046694966207418,-0.352949663141653,1.1938833599675431,1.0845074746720975,0.112653931850861,2.518078368562448,1.5348854350589625
64.0,60.0,1006.9170532226562,1.5008135023933489,2.9861872071511346,-0.431893834371605,2.8214919187287486,-0.2261427739521425,1.1105615551034884,0.4838116239205338,-0.0052966471293471,3.1909425469340382,0.7855032477643943
64.0,60.0,1005.6001586914062,0.1781387739601991,2.8222566258346973,-1.2784227836424644,2.158820161725356,-1.3598118191510389,1.8033214309254848,1.4312019484559402,0.0812233307260337,2.5723035292130967,1.5728984824109573
64.0,60.0,1005.8743896484376,0.0594998054986024,2.4736092679713666,-0.1808303602303297,1.535912543515276,-0.2128728184311272,0.8096079746393341,0.1778975985534896,-0.0199302804665875,3.321000599716123,2.4317144383963893
64.0,60.0,1005.768310546875,1.5999854791936896,2.9805356758612893,-0.224463190705871,3.807145392204087,-0.3379384159359995,1.0087144864956603,0.8161970981207121,-0.0299745068515237,3.525817858828421,1.6851147134922917
64.0,61.0,1004.9807739257812,-0.5860263830397243,3.065616109898324,0.1649193318545723,2.737410361495438,-0.3930089285615246,-0.1533558996367499,-0.4746565737067606,-0.0213919792120722,1.949093119885468,2.2963317078347827
64.0,61.0,1007.9323120117188,0.2833582410088201,3.059506966734865,-0.4440224240314817,3.537913671363393,0.595304704543162,1.2959109613147133,1.0881878258195288,0.0842539774170956,4.340152561424111,1.591153092112809
64.0,61.0,1006.3142700195312,1.139511611358937,3.0694613868905667,-0.1653637898345447,3.4430469374271744,-0.2036379756711497,1.017926728273767,0.9696821854232316,-0.0703918319987118,3.339716178654164,1.1256383025099117
64.0,61.0,1005.7072143554688,1.6491448804843336,2.9104453120023,-0.2376035463302053,3.615676320374159,-0.5459213406507523,1.0802436756395946,1.0229389087533642,-0.0226071327225542,3.134768809825729,1.4551102740604491
64.0,61.0,1005.2555541992188,-0.5037094802039921,3.707585390221884,-0.3280569768488796,3.321070462527059,0.979043172621886,-0.4155761280008436,0.9565504599200948,0.2951346271246178,3.295787014291044,2.1819067114242974
64.0,61.0,1008.2530517578124,1.5270982961521142,2.378577058659652,-0.1300141971189669,3.4316988602336704,-0.3495752633471561,0.6940326962933131,0.758785861126745,0.0664492484260929,3.002636118435235,0.7040430065820917
64.0,61.0,1006.2119140625,0.4893625390202833,1.7795423029239368,-0.2283334970089545,3.1277989280704825,0.4981169607027755,1.141197769335064,2.5146578201478693,1.975507430672696,4.311031517865723,2.0922100116751228
64.0,61.0,1006.5108642578124,1.1685864152557035,2.7422863333485434,-0.1019311206427966,3.4927380014308915,-0.2862684911241392,1.1077000929173788,1.0805232300206655,0.6838549062987216,3.220790808114516,1.679788189972098
64.0,61.0,1006.1808471679688,1.5044895019604971,4.37353118641234,-0.1123117642728705,3.278240110355435,-0.2710004059046436,1.206590297347884,1.0726861605494895,-0.7094813345437163,3.301103040810469,1.658737095350794
64.0,61.0,1004.5355224609376,-0.2067583177486083,2.156645823399848,1.1237471826284795,3.780946817479548,-0.5114493991580722,1.3470285072754011,1.5426076556614716,0.9251629364195506,3.6326501297850458,1.193605314089168
64.0,61.0,1005.1493530273438,0.5735184706036716,3.028423329307017,0.2644622216036731,2.659398374348958,0.2306337810705419,1.0125999917583286,1.1341537852403114,0.5087035841895886,3.226086612326376,1.548830647479367
64.0,61.0,1006.3345947265624,2.034042837590201,2.9125964116908234,-0.2024967773422643,3.3085072469478023,-0.07703122756074,0.9718660779238922,0.9340710653988924,1.2723474077259571,3.310849095998795,1.667239863445168
64.0,61.0,1007.4547729492188,1.43629090195749,3.110062472569856,-0.6944199584856007,3.302300007810594,0.2527122463629391,1.3830220275508731,1.1692670148495758,0.4543218612108505,3.286882813634093,1.9327433745059648
64.0,61.0,1005.6038818359376,1.308516753266523,2.1752865939900867,0.1815601508968082,4.19439705578338,-0.2059303139175663,1.0777198568117343,1.0908442654933863,0.2003939982353898,2.6281803945220314,1.684505779710975
64.0,61.0,1005.079833984375,0.8078773908434,3.0635542735379326,-0.2222773718837908,3.644619233544741,-0.0438507735814526,1.4232936018416082,0.7302359461628485,0.463335757005806,3.131559441489576,1.6311643300045815
64.0,61.0,1006.5872802734376,0.2656690085363156,2.8994275720441487,-0.0359203097652873,2.439288483665521,-0.403613583524778,2.160790506390417,1.4511060060394816,0.484404972217794,3.372222679109396,2.807072668682597
64.0,61.0,1005.7649536132812,0.2825466944237913,3.223371955913502,-1.130107795435179,3.475165291581171,-1.048330892200188,0.6773142097574366,1.7224453178602437,-0.0116344510771347,2.978858171781275,1.664112733334867
64.0,61.0,1005.4412231445312,1.0760585928896025,3.043829209022953,0.1516249576889987,2.5040090899037493,0.108098310179216,1.3923376410461463,1.0123123187632306,-0.980625588420784,3.3143856714436004,0.2993660291472664
64.0,61.0,1007.20849609375,1.42340442516376,1.6389601706335597,-0.4707376408526464,3.5510485345363576,0.0655674880221845,0.5345868805727112,1.7189295151854895,0.652892798276838,3.565456415960298,1.6765185041381792
64.0,61.0,1005.7882080078124,1.930989912640924,2.5698273775009017,-0.4222718299406413,2.2647280101266523,-1.2334670620841697,1.1900713704557306,1.273633231737758,-0.0756089152430987,3.487418316929421,1.693288812527204
64.0,61.0,1007.544677734375,-0.2805326006232682,3.1038845231404446,-0.1870705914575828,3.988367848503743,-0.2562732772840708,1.540852333686741,0.7450130913541388,1.6656985897711236,2.857401366589688,0.9264712942409098
64.0,61.0,1004.8368530273438,-0.0192859539180938,3.1458012448024646,-0.4052589456220559,3.5837623621294377,-0.4446218579421889,1.004306573519272,1.0674916208430016,-0.1473208806064043,4.659302750457305,1.266183010783346
64.0,61.0,1005.0035400390624,1.488088734200528,3.2964916798764268,-0.081613556681665,3.4931910742310563,-0.4795947022471148,1.19443031097595,1.5983254058784726,0.3030366300005376,3.1093375136026897,1.3517079212642986
64.0,61.0,1005.59716796875,0.8422960777773174,3.0348209215701183,-0.2311176520887816,3.530445462000517,0.731073415144617,1.0838871087870037,1.0526527931079228,-0.2789778063184201,3.525442996103043,1.9314441196361605
64.0,61.0,1005.8321533203124,0.377814434290604,3.895551475372848,0.0535583373255332,3.414557908843645,-0.5334289284626546,0.985593986932181,0.7933330380200138,0.0535584523865163,3.290998620666775,1.0098828753892786
64.0,61.0,1007.56396484375,1.5915642805280938,3.21505950846519,-0.2410976595448242,3.6131165800756304,-0.2068099645460922,0.826244304596254,1.0307855897467215,-0.0010368592724361,3.335010733974512,1.4161522741382744
64.0,61.0,1006.750732421875,1.4983206496546757,3.310143956253831,-0.0995478391109807,4.111181782258067,-0.0736615879452686,2.3151370482507234,0.654147595066203,0.6455422381112422,3.3493750202887504,1.9151768831651383
64.0,61.0,1005.9476318359376,0.0416259073064684,3.056620648095169,0.9059087932371556,3.541676985417584,-0.4558259587305865,-0.3150494321593007,1.05123482986649,-0.0994281152615595,3.238383279985208,1.6565234082160285
64.0,61.0,1006.3308715820312,1.535959406806901,3.012881012953959,-0.1663306996994601,3.5850778383914594,-0.2867194392540477,1.0486903470382465,1.1491035130694829,-0.0172823082687018,3.5717012420075,1.522958118209904
64.0,61.0,1005.21337890625,1.1138422598907147,3.163510525715634,-0.3509051133911852,2.6758266898773537,-0.5122082648359199,1.0718111705207738,1.65587216787568,-1.0170876187562123,3.54151433099572,1.3460114713344828
64.0,61.0,1004.9675903320312,0.5163418992741506,3.048817683689679,-0.6671757961656667,3.038681368765338,-1.5010622553438249,0.7996637919310045,1.2467383098495923,0.0980610079545224,3.3445950501342527,1.5795039091826957
64.0,61.0,1007.8798828125,1.0311949781226262,3.050446392205235,-0.171056107032873,3.5225695472791623,-0.344364293138081,1.1299764830718533,1.2931885162100567,0.0913978550631327,3.3303445529989104,1.7210389489241402
64.0,61.0,1005.5949096679688,1.065741447403239,3.566321993171797,-0.1722097588879127,3.335195644635442,0.4153135222526197,1.6432684793938577,1.2308026718224587,0.3065238812510272,3.32453208933479,1.4181087479272612
64.0,61.0,1007.9334716796876,1.1860174019719103,3.062699769325937,-0.5772754403344685,2.921296152802124,0.5203220957234284,1.220967665268109,0.7885410124274673,0.5750653020390918,3.2007527019435167,1.7099313399677305
64.0,61.0,1006.2900390625,1.4484868679192526,2.4014372767894385,-0.2106624328126223,3.352237011840552,-0.2088211634358511,0.2447592849034983,1.2335100706185025,0.2401896596533929,3.32885580296811,1.57815003511397
64.0,61.0,1007.3942260742188,1.5424126678030463,3.0792092971485934,-0.2950864639731521,3.4273389256056075,-0.2185157172346629,1.1555148532698905,1.027670704617852,-0.0089863143481305,3.1625335916527737,1.3009636469875132
64.0,61.0,1005.1350708007812,0.1661038185710084,2.5390123143543657,2.0774916054569346,1.835614257140512,-1.5735118140693944,0.0393769710875324,1.5364656260845004,0.9512514490147672,2.833057723425437,1.6722709438483858
64.0,61.0,1006.7476806640624,1.3783292661069166,2.227281756843792,0.7486796121921748,2.3676098445669496,-0.4352187250238886,0.1295667694666509,1.2582478032152908,0.9678886220425788,1.546052822985894,1.7088008776725607
64.0,61.0,1003.6841430664062,1.5264166200797986,3.063097861613356,-0.215819897253269,3.5490497273888275,-0.2048867388282806,1.0826619122252867,1.0511392207255632,-0.0170243374408754,3.2973942147249127,1.6821927523441609
64.0,61.0,1006.7684936523438,1.3436931167584212,2.9723827309808475,-0.6990999954194496,3.448097725237284,-0.2091829105316387,0.262391251339839,1.03385109722468,-0.0967344722036515,3.302876430253528,1.7245487486675914
64.0,61.0,1006.3912353515624,1.0823124156003283,3.145532408020725,0.0937498638335725,4.3492484902596935,-0.983369492477124,0.3045399617600217,1.0355153888892177,-0.6035785196627739,3.47882371336145,1.9749920545649893
64.0,61.0,1006.762451171875,0.911579189855552,2.951643676927795,0.8739934856927296,4.20168182927838,-0.2255314448514733,0.9538401412870204,1.055251361200275,2.289490443857167,3.223133074694574,1.6821020431151852
64.0,61.0,1006.4755249023438,1.5373922129536688,3.032235559935451,0.6874268984749604,3.275338603754686,-0.2140326921908348,1.494799281789143,0.9278351614159914,0.1155832775990138,3.2730834620692755,1.8184178138756064
64.0,61.0,1005.9786376953124,1.1755166225902458,3.0139295819900664,-0.2417305383366287,3.616814653335077,-0.2729520402836232,1.8592848557108288,1.1177652924446315,0.1211451494947978,3.912459696901169,2.2316448068592054
64.0,61.0,1004.7403564453124,0.4804166552562906,3.142058809388116,-0.507253232726782,3.78275224637308,-0.5671588827166028,1.1261544357254607,1.4122039073154182,0.5007209311294231,3.503301094810195,1.926829920271378
64.0,61.0,1006.9185791015624,1.4509446204054686,3.0812528002645063,-0.1416606528114395,3.046694966207418,-0.352949663141653,1.1938833599675431,1.0845074746720975,0.112653931850861,2.518078368562448,1.5348854350589625
64.0,61.0,1006.9170532226562,1.5008135023933489,2.9861872071511346,-0.431893834371605,2.8214919187287486,-0.2261427739521425,1.1105615551034884,0.4838116239205338,-0.0052966471293471,3.1909425469340382,0.7855032477643943
64.0,61.0,1005.6001586914062,0.1781387739601991,2.8222566258346973,-1.2784227836424644,2.158820161725356,-1.3598118191510389,1.8033214309254848,1.4312019484559402,0.0812233307260337,2.5723035292130967,1.5728984824109573
64.0,61.0,1005.8743896484376,0.0594998054986024,2.4736092679713666,-0.1808303602303297,1.535912543515276,-0.2128728184311272,0.8096079746393341,0.1778975985534896,-0.0199302804665875,3.321000599716123,2.4317144383963893
64.0,61.0,1005.768310546875,1.5999854791936896,2.9805356758612893,-0.224463190705871,3.807145392204087,-0.3379384159359995,1.0087144864956603,0.8161970981207121,-0.0299745068515237,3.525817858828421,1.6851147134922917
64.0,62.0,1004.9807739257812,-0.5860263830397243,3.065616109898324,0.1649193318545723,2.737410361495438,-0.3930089285615246,-0.1533558996367499,-0.4746565737067606,-0.0213919792120722,1.949093119885468,2.2963317078347827
64.0,62.0,1007.9323120117188,0.2833582410088201,3.059506966734865,-0.4440224240314817,3.537913671363393,0.595304704543162,1.2959109613147133,1.0881878258195288,0.0842539774170956,4.340152561424111,1.591153092112809
64.0,62.0,1006.3142700195312,1.139511611358937,3.0694613868905667,-0.1653637898345447,3.4430469374271744,-0.2036379756711497,1.017926728273767,0.9696821854232316,-0.0703918319987118,3.339716178654164,1.1256383025099117
64.0,62.0,1005.7072143554688,1.6491448804843336,2.9104453120023,-0.2376035463302053,3.615676320374159,-0.5459213406507523,1.0802436756395946,1.0229389087533642,-0.0226071327225542,3.134768809825729,1.4551102740604491
64.0,62.0,1005.2555541992188,-0.5037094802039921,3.707585390221884,-0.3280569768488796,3.321070462527059,0.979043172621886,-0.4155761280008436,0.9565504599200948,0.2951346271246178,3.295787014291044,2.1819067114242974
64.0,62.0,1008.2530517578124,1.5270982961521142,2.378577058659652,-0.1300141971189669,3.4316988602336704,-0.3495752633471561,0.6940326962933131,0.758785861126745,0.0664492484260929,3.002636118435235,0.7040430065820917
64.0,62.0,1006.2119140625,0.4893625390202833,1.7795423029239368,-0.2283334970089545,3.1277989280704825,0.4981169607027755,1.141197769335064,2.5146578201478693,1.975507430672696,4.311031517865723,2.0922100116751228
64.0,62.0,1006.5108642578124,1.1685864152557035,2.7422863333485434,-0.1019311206427966,3.4927380014308915,-0.2862684911241392,1.1077000929173788,1.0805232300206655,0.6838549062987216,3.220790808114516,1.679788189972098
64.0,62.0,1006.1808471679688,1.5044895019604971,4.37353118641234,-0.1123117642728705,3.278240110355435,-0.2710004059046436,1.206590297347884,1.0726861605494895,-0.7094813345437163,3.301103040810469,1.658737095350794
64.0,62.0,1004.5355224609376,-0.2067583177486083,2.156645823399848,1.1237471826284795,3.780946817479548,-0.5114493991580722,1.3470285072754011,1.5426076556614716,0.9251629364195506,3.6326501297850458,1.193605314089168
64.0,62.0,1005.1493530273438,0.5735184706036716,3.028423329307017,0.2644622216036731,2.659398374348958,0.2306337810705419,1.0125999917583286,1.1341537852403114,0.5087035841895886,3.226086612326376,1.548830647479367
64.0,62.0,1006.3345947265624,2.034042837590201,2.9125964116908234,-0.2024967773422643,3.3085072469478023,-0.07703122756074,0.9718660779238922,0.9340710653988924,1.2723474077259571,3.310849095998795,1.667239863445168
64.0,62.0,1007.4547729492188,1.43629090195749,3.110062472569856,-0.6944199584856007,3.302300007810594,0.2527122463629391,1.3830220275508731,1.1692670148495758,0.4543218612108505,3.286882813634093,1.9327433745059648
64.0,62.0,1005.6038818359376,1.308516753266523,2.1752865939900867,0.1815601508968082,4.19439705578338,-0.2059303139175663,1.0777198568117343,1.0908442654933863,0.2003939982353898,2.6281803945220314,1.684505779710975
64.0,62.0,1005.079833984375,0.8078773908434,3.0635542735379326,-0.2222773718837908,3.644619233544741,-0.0438507735814526,1.4232936018416082,0.7302359461628485,0.463335757005806,3.131559441489576,1.6311643300045815
64.0,62.0,1006.5872802734376,0.2656690085363156,2.8994275720441487,-0.0359203097652873,2.439288483665521,-0.403613583524778,2.160790506390417,1.4511060060394816,0.484404972217794,3.372222679109396,2.807072668682597
64.0,62.0,1005.7649536132812,0.2825466944237913,3.223371955913502,-1.130107795435179,3.475165291581171,-1.048330892200188,0.6773142097574366,1.7224453178602437,-0.0116344510771347,2.978858171781275,1.664112733334867
64.0,62.0,1005.4412231445312,1.0760585928896025,3.043829209022953,0.1516249576889987,2.5040090899037493,0.108098310179216,1.3923376410461463,1.0123123187632306,-0.980625588420784,3.3143856714436004,0.2993660291472664
64.0,62.0,1007.20849609375,1.42340442516376,1.6389601706335597,-0.4707376408526464,3.5510485345363576,0.0655674880221845,0.5345868805727112,1.7189295151854895,0.652892798276838,3.565456415960298,1.6765185041381792
64.0,62.0,1005.7882080078124,1.930989912640924,2.5698273775009017,-0.4222718299406413,2.2647280101266523,-1.2334670620841697,1.1900713704557306,1.273633231737758,-0.0756089152430987,3.487418316929421,1.693288812527204
64.0,62.0,1007.544677734375,-0.2805326006232682,3.1038845231404446,-0.1870705914575828,3.988367848503743,-0.2562732772840708,1.540852333686741,0.7450130913541388,1.6656985897711236,2.857401366589688,0.9264712942409098
64.0,62.0,1004.8368530273438,-0.0192859539180938,3.1458012448024646,-0.4052589456220559,3.5837623621294377,-0.4446218579421889,1.004306573519272,1.0674916208430016,-0.1473208806064043,4.659302750457305,1.266183010783346
64.0,62.0,1005.0035400390624,1.488088734200528,3.2964916798764268,-0.081613556681665,3.4931910742310563,-0.4795947022471148,1.19443031097595,1.5983254058784726,0.3030366300005376,3.1093375136026897,1.3517079212642986
64.0,62.0,1005.59716796875,0.8422960777773174,3.0348209215701183,-0.2311176520887816,3.530445462000517,0.731073415144617,1.0838871087870037,1.0526527931079228,-0.2789778063184201,3.525442996103043,1.9314441196361605
64.0,62.0,1005.8321533203124,0.377814434290604,3.895551475372848,0.0535583373255332,3.414557908843645,-0.5334289284626546,0.985593986932181,0.7933330380200138,0.0535584523865163,3.290998620666775,1.0098828753892786
64.0,62.0,1007.56396484375,1.5915642805280938,3.21505950846519,-0.2410976595448242,3.6131165800756304,-0.2068099645460922,0.826244304596254,1.0307855897467215,-0.0010368592724361,3.335010733974512,1.4161522741382744
64.0,62.0,1006.750732421875,1.4983206496546757,3.310143956253831,-0.0995478391109807,4.111181782258067,-0.0736615879452686,2.3151370482507234,0.654147595066203,0.6455422381112422,3.3493750202887504,1.9151768831651383
64.0,62.0,1005.9476318359376,0.0416259073064684,3.056620648095169,0.9059087932371556,3.541676985417584,-0.4558259587305865,-0.3150494321593007,1.05123482986649,-0.0994281152615595,3.238383279985208,1.6565234082160285
64.0,62.0,1006.3308715820312,1.535959406806901,3.012881012953959,-0.1663306996994601,3.5850778383914594,-0.2867194392540477,1.0486903470382465,1.1491035130694829,-0.0172823082687018,3.5717012420075,1.522958118209904
64.0,62.0,1005.21337890625,1.1138422598907147,3.163510525715634,-0.3509051133911852,2.6758266898773537,-0.5122082648359199,1.0718111705207738,1.65587216787568,-1.0170876187562123,3.54151433099572,1.3460114713344828
64.0,62.0,1004.9675903320312,0.5163418992741506,3.048817683689679,-0.6671757961656667,3.038681368765338,-1.5010622553438249,0.7996637919310045,1.2467383098495923,0.0980610079545224,3.3445950501342527,1.5795039091826957
64.0,62.0,1007.8798828125,1.0311949781226262,3.050446392205235,-0.171056107032873,3.5225695472791623,-0.344364293138081,1.1299764830718533,1.2931885162100567,0.0913978550631327,3.3303445529989104,1.7210389489241402
64.0,62.0,1005.5949096679688,1.065741447403239,3.566321993171797,-0.1722097588879127,3.335195644635442,0.4153135222526197,1.6432684793938577,1.2308026718224587,0.3065238812510272,3.32453208933479,1.4181087479272612
64.0,62.0,1007.9334716796876,1.1860174019719103,3.062699769325937,-0.5772754403344685,2.921296152802124,0.5203220957234284,1.220967665268109,0.7885410124274673,0.5750653020390918,3.2007527019435167,1.7099313399677305
64.0,62.0,1006.2900390625,1.4484868679192526,2.4014372767894385,-0.2106624328126223,3.352237011840552,-0.2088211634358511,0.2447592849034983,1.2335100706185025,0.2401896596533929,3.32885580296811,1.57815003511397
64.0,62.0,1007.3942260742188,1.5424126678030463,3.0792092971485934,-0.2950864639731521,3.4273389256056075,-0.2185157172346629,1.1555148532698905,1.027670704617852,-0.0089863143481305,3.1625335916527737,1.3009636469875132
64.0,62.0,1005.1350708007812,0.1661038185710084,2.5390123143543657,2.0774916054569346,1.835614257140512,-1.5735118140693944,0.0393769710875324,1.5364656260845004,0.9512514490147672,2.833057723425437,1.6722709438483858
64.0,62.0,1006.7476806640624,1.3783292661069166,2.227281756843792,0.7486796121921748,2.3676098445669496,-0.4352187250238886,0.1295667694666509,1.2582478032152908,0.9678886220425788,1.546052822985894,1.7088008776725607
64.0,62.0,1003.6841430664062,1.5264166200797986,3.063097861613356,-0.215819897253269,3.5490497273888275,-0.2048867388282806,1.0826619122252867,1.0511392207255632,-0.0170243374408754,3.2973942147249127,1.6821927523441609
64.0,62.0,1006.7684936523438,1.3436931167584212,2.9723827309808475,-0.6990999954194496,3.448097725237284,-0.2091829105316387,0.262391251339839,1.03385109722468,-0.0967344722036515,3.302876430253528,1.7245487486675914
64.0,62.0,1006.3912353515624,1.0823124156003283,3.145532408020725,0.0937498638335725,4.3492484902596935,-0.983369492477124,0.3045399617600217,1.0355153888892177,-0.6035785196627739,3.47882371336145,1.9749920545649893
64.0,62.0,1006.762451171875,0.911579189855552,2.951643676927795,0.8739934856927296,4.20168182927838,-0.2255314448514733,0.9538401412870204,1.055251361200275,2.289490443857167,3.223133074694574,1.6821020431151852
64.0,62.0,1006.4755249023438,1.5373922129536688,3.032235559935451,0.6874268984749604,3.275338603754686,-0.2140326921908348,1.494799281789143,0.9278351614159914,0.1155832775990138,3.2730834620692755,1.8184178138756064
64.0,62.0,1005.9786376953124,1.1755166225902458,3.0139295819900664,-0.2417305383366287,3.616814653335077,-0.2729520402836232,1.8592848557108288,1.1177652924446315,0.1211451494947978,3.912459696901169,2.2316448068592054
64.0,62.0,1004.7403564453124,0.4804166552562906,3.142058809388116,-0.507253232726782,3.78275224637308,-0.5671588827166028,1.1261544357254607,1.4122039073154182,0.5007209311294231,3.503301094810195,1.926829920271378
64.0,62.0,1006.9185791015624,1.4509446204054686,3.0812528002645063,-0.1416606528114395,3.046694966207418,-0.352949663141653,1.1938833599675431,1.0845074746720975,0.112653931850861,2.518078368562448,1.5348854350589625
64.0,62.0,1006.9170532226562,1.5008135023933489,2.9861872071511346,-0.431893834371605,2.8214919187287486,-0.2261427739521425,1.1105615551034884,0.4838116239205338,-0.0052966471293471,3.1909425469340382,0.7855032477643943
64.0,62.0,1005.6001586914062,0.1781387739601991,2.8222566258346973,-1.2784227836424644,2.158820161725356,-1.3598118191510389,1.8033214309254848,1.4312019484559402,0.0812233307260337,2.5723035292130967,1.5728984824109573
64.0,62.0,1005.8743896484376,0.0594998054986024,2.4736092679713666,-0.1808303602303297,1.535912543515276,-0.2128728184311272,0.8096079746393341,0.1778975985534896,-0.0199302804665875,3.321000599716123,2.4317144383963893
64.0,62.0,1005.768310546875,1.5999854791936896,2.9805356758612893,-0.224463190705871,3.807145392204087,-0.3379384159359995,1.0087144864956603,0.8161970981207121,-0.0299745068515237,3.525817858828421,1.6851147134922917
64.0,63.0,1004.9807739257812,-0.5860263830397243,3.065616109898324,0.1649193318545723,2.737410361495438,-0.3930089285615246,-0.1533558996367499,-0.4746565737067606,-0.0213919792120722,1.949093119885468,2.2963317078347827
64.0,63.0,1007.9323120117188,0.2833582410088201,3.059506966734865,-0.4440224240314817,3.537913671363393,0.595304704543162,1.2959109613147133,1.0881878258195288,0.0842539774170956,4.340152561424111,1.591153092112809
64.0,63.0,1006.3142700195312,1.139511611358937,3.0694613868905667,-0.1653637898345447,3.4430469374271744,-0.2036379756711497,1.017926728273767,0.9696821854232316,-0.0703918319987118,3.339716178654164,1.1256383025099117
64.0,63.0,1005.7072143554688,1.6491448804843336,2.9104453120023,-0.2376035463302053,3.615676320374159,-0.5459213406507523,1.0802436756395946,1.0229389087533642,-0.0226071327225542,3.134768809825729,1.4551102740604491
64.0,63.0,1005.2555541992188,-0.5037094802039921,3.707585390221884,-0.3280569768488796,3.321070462527059,0.979043172621886,-0.4155761280008436,0.9565504599200948,0.2951346271246178,3.295787014291044,2.1819067114242974
64.0,63.0,1008.2530517578124,1.5270982961521142,2.378577058659652,-0.1300141971189669,3.4316988602336704,-0.3495752633471561,0.6940326962933131,0.758785861126745,0.0664492484260929,3.002636118435235,0.7040430065820917
64.0,63.0,1006.2119140625,0.4893625390202833,1.7795423029239368,-0.2283334970089545,3.1277989280704825,0.4981169607027755,1.141197769335064,2.5146578201478693,1.975507430672696,4.311031517865723,2.0922100116751228
64.0,63.0,1006.5108642578124,1.1685864152557035,2.7422863333485434,-0.1019311206427966,3.4927380014308915,-0.2862684911241392,1.1077000929173788,1.0805232300206655,0.6838549062987216,3.220790808114516,1.679788189972098
64.0,63.0,1006.1808471679688,1.5044895019604971,4.37353118641234,-0.1123117642728705,3.278240110355435,-0.2710004059046436,1.206590297347884,1.0726861605494895,-0.7094813345437163,3.301103040810469,1.658737095350794
64.0,63.0,1004.5355224609376,-0.2067583177486083,2.156645823399848,1.1237471826284795,3.780946817479548,-0.5114493991580722,1.3470285072754011,1.5426076556614716,0.9251629364195506,3.6326501297850458,1.193605314089168
64.0,63.0,1005.1493530273438,0.5735184706036716,3.028423329307017,0.2644622216036731,2.659398374348958,0.2306337810705419,1.0125999917583286,1.1341537852403114,0.5087035841895886,3.226086612326376,1.548830647479367
64.0,63.0,1006.3345947265624,2.034042837590201,2.9125964116908234,-0.2024967773422643,3.3085072469478023,-0.07703122756074,0.9718660779238922,0.9340710653988924,1.2723474077259571,3.310849095998795,1.667239863445168
64.0,63.0,1007.4547729492188,1.43629090195749,3.110062472569856,-0.6944199584856007,3.302300007810594,0.2527122463629391,1.3830220275508731,1.1692670148495758,0.4543218612108505,3.286882813634093,1.9327433745059648
64.0,63.0,1005.6038818359376,1.308516753266523,2.1752865939900867,0.1815601508968082,4.19439705578338,-0.2059303139175663,1.0777198568117343,1.0908442654933863,0.2003939982353898,2.6281803945220314,1.684505779710975
64.0,63.0,1005.079833984375,0.8078773908434,3.0635542735379326,-0.2222773718837908,3.644619233544741,-0.0438507735814526,1.4232936018416082,0.7302359461628485,0.463335757005806,3.131559441489576,1.6311643300045815
64.0,63.0,1006.5872802734376,0.2656690085363156,2.8994275720441487,-0.0359203097652873,2.439288483665521,-0.403613583524778,2.160790506390417,1.4511060060394816,0.484404972217794,3.372222679109396,2.807072668682597
64.0,63.0,1005.7649536132812,0.2825466944237913,3.223371955913502,-1.130107795435179,3.475165291581171,-1.048330892200188,0.6773142097574366,1.7224453178602437,-0.0116344510771347,2.978858171781275,1.664112733334867
64.0,63.0,1005.4412231445312,1.0760585928896025,3.043829209022953,0.1516249576889987,2.5040090899037493,0.108098310179216,1.3923376410461463,1.0123123187632306,-0.980625588420784,3.3143856714436004,0.2993660291472664
64.0,63.0,1007.20849609375,1.42340442516376,1.6389601706335597,-0.4707376408526464,3.5510485345363576,0.0655674880221845,0.5345868805727112,1.7189295151854895,0.652892798276838,3.565456415960298,1.6765185041381792
64.0,63.0,1005.7882080078124,1.930989912640924,2.5698273775009017,-0.4222718299406413,2.2647280101266523,-1.2334670620841697,1.1900713704557306,1.273633231737758,-0.0756089152430987,3.487418316929421,1.693288812527204
64.0,63.0,1007.544677734375,-0.2805326006232682,3.1038845231404446,-0.1870705914575828,3.988367848503743,-0.2562732772840708,1.540852333686741,0.7450130913541388,1.6656985897711236,2.857401366589688,0.9264712942409098
64.0,63.0,1004.8368530273438,-0.0192859539180938,3.1458012448024646,-0.4052589456220559,3.5837623621294377,-0.4446218579421889,1.004306573519272,1.0674916208430016,-0.1473208806064043,4.659302750457305,1.266183010783346
64.0,63.0,1005.0035400390624,1.488088734200528,3.2964916798764268,-0.081613556681665,3.4931910742310563,-0.4795947022471148,1.19443031097595,1.5983254058784726,0.3030366300005376,3.1093375136026897,1.3517079212642986
64.0,63.0,1005.59716796875,0.8422960777773174,3.0348209215701183,-0.2311176520887816,3.530445462000517,0.731073415144617,1.0838871087870037,1.0526527931079228,-0.2789778063184201,3.525442996103043,1.9314441196361605
64.0,63.0,1005.8321533203124,0.377814434290604,3.895551475372848,0.0535583373255332,3.414557908843645,-0.5334289284626546,0.985593986932181,0.7933330380200138,0.0535584523865163,3.290998620666775,1.0098828753892786
64.0,63.0,1007.56396484375,1.5915642805280938,3.21505950846519,-0.2410976595448242,3.6131165800756304,-0.2068099645460922,0.826244304596254,1.0307855897467215,-0.0010368592724361,3.335010733974512,1.4161522741382744
64.0,63.0,1006.750732421875,1.4983206496546757,3.310143956253831,-0.0995478391109807,4.111181782258067,-0.0736615879452686,2.3151370482507234,0.654147595066203,0.6455422381112422,3.3493750202887504,1.9151768831651383
64.0,63.0,1005.9476318359376,0.0416259073064684,3.056620648095169,0.9059087932371556,3.541676985417584,-0.4558259587305865,-0.3150494321593007,1.05123482986649,-0.0994281152615595,3.238383279985208,1.6565234082160285
64.0,63.0,1006.3308715820312,1.535959406806901,3.012881012953959,-0.1663306996994601,3.5850778383914594,-0.2867194392540477,1.0486903470382465,1.1491035130694829,-0.0172823082687018,3.5717012420075,1.522958118209904
64.0,63.0,1005.21337890625,1.1138422598907147,3.163510525715634,-0.3509051133911852,2.6758266898773537,-0.5122082648359199,1.0718111705207738,1.65587216787568,-1.0170876187562123,3.54151433099572,1.3460114713344828
64.0,63.0,1004.9675903320312,0.5163418992741506,3.048817683689679,-0.6671757961656667,3.038681368765338,-1.5010622553438249,0.7996637919310045,1.2467383098495923,0.0980610079545224,3.3445950501342527,1.5795039091826957
64.0,63.0,1007.8798828125,1.0311949781226262,3.050446392205235,-0.171056107032873,3.5225695472791623,-0.344364293138081,1.1299764830718533,1.2931885162100567,0.0913978550631327,3.3303445529989104,1.7210389489241402
64.0,63.0,1005.5949096679688,1.065741447403239,3.566321993171797,-0.1722097588879127,3.335195644635442,0.4153135222526197,1.6432684793938577,1.2308026718224587,0.3065238812510272,3.32453208933479,1.4181087479272612
64.0,63.0,1007.9334716796876,1.1860174019719103,3.062699769325937,-0.5772754403344685,2.921296152802124,0.5203220957234284,1.220967665268109,0.7885410124274673,0.5750653020390918,3.2007527019435167,1.7099313399677305
64.0,63.0,1005.6847534179688,1.5291553936280218,2.501505383531246,-0.2181375611222888,3.0273038141281496,-0.2120236101567779,-0.0606551677314507,1.2525278734953254,0.419718581189239,3.340401835705691,1.7413380876269096
64.0,63.0,1007.3942260742188,1.5424126678030463,3.0792092971485934,-0.2950864639731521,3.4273389256056075,-0.2185157172346629,1.1555148532698905,1.027670704617852,-0.0089863143481305,3.1625335916527737,1.3009636469875132
64.0,63.0,1005.1350708007812,0.1661038185710084,2.5390123143543657,2.0774916054569346,1.835614257140512,-1.5735118140693944,0.0393769710875324,1.5364656260845004,0.9512514490147672,2.833057723425437,1.6722709438483858
64.0,63.0,1006.7476806640624,1.3783292661069166,2.227281756843792,0.7486796121921748,2.3676098445669496,-0.4352187250238886,0.1295667694666509,1.2582478032152908,0.9678886220425788,1.546052822985894,1.7088008776725607
64.0,63.0,1003.6841430664062,1.5264166200797986,3.063097861613356,-0.215819897253269,3.5490497273888275,-0.2048867388282806,1.0826619122252867,1.0511392207255632,-0.0170243374408754,3.2973942147249127,1.6821927523441609
64.0,63.0,1006.7684936523438,1.3436931167584212,2.9723827309808475,-0.6990999954194496,3.448097725237284,-0.2091829105316387,0.262391251339839,1.03385109722468,-0.0967344722036515,3.302876430253528,1.7245487486675914
64.0,63.0,1006.3912353515624,1.0823124156003283,3.145532408020725,0.0937498638335725,4.3492484902596935,-0.983369492477124,0.3045399617600217,1.0355153888892177,-0.6035785196627739,3.47882371336145,1.9749920545649893
64.0,63.0,1006.762451171875,0.911579189855552,2.951643676927795,0.8739934856927296,4.20168182927838,-0.2255314448514733,0.9538401412870204,1.055251361200275,2.289490443857167,3.223133074694574,1.6821020431151852
64.0,63.0,1006.4755249023438,1.5373922129536688,3.032235559935451,0.6874268984749604,3.275338603754686,-0.2140326921908348,1.494799281789143,0.9278351614159914,0.1155832775990138,3.2730834620692755,1.8184178138756064
64.0,63.0,1005.9786376953124,1.1755166225902458,3.0139295819900664,-0.2417305383366287,3.616814653335077,-0.2729520402836232,1.8592848557108288,1.1177652924446315,0.1211451494947978,3.912459696901169,2.2316448068592054
64.0,63.0,1004.7403564453124,0.4804166552562906,3.142058809388116,-0.507253232726782,3.78275224637308,-0.5671588827166028,1.1261544357254607,1.4122039073154182,0.5007209311294231,3.503301094810195,1.926829920271378
64.0,63.0,1006.9185791015624,1.4509446204054686,3.0812528002645063,-0.1416606528114395,3.046694966207418,-0.352949663141653,1.1938833599675431,1.0845074746720975,0.112653931850861,2.518078368562448,1.5348854350589625
64.0,63.0,1006.9170532226562,1.5008135023933489,2.9861872071511346,-0.431893834371605,2.8214919187287486,-0.2261427739521425,1.1105615551034884,0.4838116239205338,-0.0052966471293471,3.1909425469340382,0.7855032477643943
64.0,63.0,1005.6001586914062,0.1781387739601991,2.8222566258346973,-1.2784227836424644,2.158820161725356,-1.3598118191510389,1.8033214309254848,1.4312019484559402,0.0812233307260337,2.5723035292130967,1.5728984824109573
64.0,63.0,1005.8743896484376,0.0594998054986024,2.4736092679713666,-0.1808303602303297,1.535912543515276,-0.2128728184311272,0.8096079746393341,0.1778975985534896,-0.0199302804665875,3.321000599716123,2.4317144383963893
64.0,63.0,1005.768310546875,1.5999854791936896,2.9805356758612893,-0.224463190705871,3.807145392204087,-0.3379384159359995,1.0087144864956603,0.8161970981207121,-0.0299745068515237,3.525817858828421,1.6851147134922917
64.0,64.0,1004.9807739257812,-0.5860263830397243,3.065616109898324,0.1649193318545723,2.737410361495438,-0.3930089285615246,-0.1533558996367499,-0.4746565737067606,-0.0213919792120722,1.949093119885468,2.2963317078347827
64.0,64.0,1007.9323120117188,0.2833582410088201,3.059506966734865,-0.4440224240314817,3.537913671363393,0.595304704543162,1.2959109613147133,1.0881878258195288,0.0842539774170956,4.340152561424111,1.591153092112809
64.0,64.0,1006.3142700195312,1.139511611358937,3.0694613868905667,-0.1653637898345447,3.4430469374271744,-0.2036379756711497,1.017926728273767,0.9696821854232316,-0.0703918319987118,3.339716178654164,1.1256383025099117
64.0,64.0,1005.7072143554688,1.6491448804843336,2.9104453120023,-0.2376035463302053,3.615676320374159,-0.5459213406507523,1.0802436756395946,1.0229389087533642,-0.0226071327225542,3.134768809825729,1.4551102740604491
64.0,64.0,1005.2555541992188,-0.5037094802039921,3.707585390221884,-0.3280569768488796,3.321070462527059,0.979043172621886,-0.4155761280008436,0.9565504599200948,0.2951346271246178,3.295787014291044,2.1819067114242974
64.0,64.0,1008.2530517578124,1.5270982961521142,2.378577058659652,-0.1300141971189669,3.4316988602336704,-0.3495752633471561,0.6940326962933131,0.758785861126745,0.0664492484260929,3.002636118435235,0.7040430065820917
64.0,64.0,1006.2119140625,0.4893625390202833,1.7795423029239368,-0.2283334970089545,3.1277989280704825,0.4981169607027755,1.141197769335064,2.5146578201478693,1.975507430672696,4.311031517865723,2.0922100116751228
64.0,64.0,1006.5108642578124,1.1685864152557035,2.7422863333485434,-0.1019311206427966,3.4927380014308915,-0.2862684911241392,1.1077000929173788,1.0805232300206655,0.6838549062987216,3.220790808114516,1.679788189972098
64.0,64.0,1006.1808471679688,1.5044895019604971,4.37353118641234,-0.1123117642728705,3.278240110355435,-0.2710004059046436,1.206590297347884,1.0726861605494895,-0.7094813345437163,3.301103040810469,1.658737095350794
64.0,64.0,1004.5355224609376,-0.2067583177486083,2.156645823399848,1.1237471826284795,3.780946817479548,-0.5114493991580722,1.3470285072754011,1.5426076556614716,0.9251629364195506,3.6326501297850458,1.193605314089168
64.0,64.0,1005.1493530273438,0.5735184706036716,3.028423329307017,0.2644622216036731,2.659398374348958,0.2306337810705419,1.0125999917583286,1.1341537852403114,0.5087035841895886,3.226086612326376,1.548830647479367
64.0,64.0,1006.3345947265624,2.034042837590201,2.9125964116908234,-0.2024967773422643,3.3085072469478023,-0.07703122756074,0.9718660779238922,0.9340710653988924,1.2723474077259571,3.310849095998795,1.667239863445168
64.0,64.0,1007.4547729492188,1.43629090195749,3.110062472569856,-0.6944199584856007,3.302300007810594,0.2527122463629391,1.3830220275508731,1.1692670148495758,0.4543218612108505,3.286882813634093,1.9327433745059648
64.0,64.0,1005.6038818359376,1.308516753266523,2.1752865939900867,0.1815601508968082,4.19439705578338,-0.2059303139175663,1.0777198568117343,1.0908442654933863,0.2003939982353898,2.6281803945220314,1.684505779710975
64.0,64.0,1005.079833984375,0.8078773908434,3.0635542735379326,-0.2222773718837908,3.644619233544741,-0.0438507735814526,1.4232936018416082,0.7302359461628485,0.463335757005806,3.131559441489576,1.6311643300045815
64.0,64.0,1006.5872802734376,0.2656690085363156,2.8994275720441487,-0.0359203097652873,2.439288483665521,-0.403613583524778,2.160790506390417,1.4511060060394816,0.484404972217794,3.372222679109396,2.807072668682597
64.0,64.0,1005.7649536132812,0.2825466944237913,3.223371955913502,-1.130107795435179,3.475165291581171,-1.048330892200188,0.6773142097574366,1.7224453178602437,-0.0116344510771347,2.978858171781275,1.664112733334867
64.0,64.0,1005.4412231445312,1.0760585928896025,3.043829209022953,0.1516249576889987,2.5040090899037493,0.108098310179216,1.3923376410461463,1.0123123187632306,-0.980625588420784,3.3143856714436004,0.2993660291472664
64.0,64.0,1007.20849609375,1.42340442516376,1.6389601706335597,-0.4707376408526464,3.5510485345363576,0.0655674880221845,0.5345868805727112,1.7189295151854895,0.652892798276838,3.565456415960298,1.6765185041381792
64.0,64.0,1005.7882080078124,1.930989912640924,2.5698273775009017,-0.4222718299406413,2.2647280101266523,-1.2334670620841697,1.1900713704557306,1.273633231737758,-0.0756089152430987,3.487418316929421,1.693288812527204
64.0,64.0,1007.544677734375,-0.2805326006232682,3.1038845231404446,-0.1870705914575828,3.988367848503743,-0.2562732772840708,1.540852333686741,0.7450130913541388,1.6656985897711236,2.857401366589688,0.9264712942409098
64.0,64.0,1004.8368530273438,-0.0192859539180938,3.1458012448024646,-0.4052589456220559,3.5837623621294377,-0.4446218579421889,1.004306573519272,1.0674916208430016,-0.1473208806064043,4.659302750457305,1.266183010783346
64.0,64.0,1005.0035400390624,1.488088734200528,3.2964916798764268,-0.081613556681665,3.4931910742310563,-0.4795947022471148,1.19443031097595,1.5983254058784726,0.3030366300005376,3.1093375136026897,1.3517079212642986
64.0,64.0,1005.59716796875,0.8422960777773174,3.0348209215701183,-0.2311176520887816,3.530445462000517,0.731073415144617,1.0838871087870037,1.0526527931079228,-0.2789778063184201,3.525442996103043,1.9314441196361605
64.0,64.0,1005.8321533203124,0.377814434290604,3.895551475372848,0.0535583373255332,3.414557908843645,-0.5334289284626546,0.985593986932181,0.7933330380200138,0.0535584523865163,3.290998620666775,1.0098828753892786
64.0,64.0,1007.56396484375,1.5915642805280938,3.21505950846519,-0.2410976595448242,3.6131165800756304,-0.2068099645460922,0.826244304596254,1.0307855897467215,-0.0010368592724361,3.335010733974512,1.4161522741382744
64.0,64.0,1006.750732421875,1.4983206496546757,3.310143956253831,-0.0995478391109807,4.111181782258067,-0.0736615879452686,2.3151370482507234,0.654147595066203,0.6455422381112422,3.3493750202887504,1.9151768831651383
64.0,64.0,1005.9476318359376,0.0416259073064684,3.056620648095169,0.9059087932371556,3.541676985417584,-0.4558259587305865,-0.3150494321593007,1.05123482986649,-0.0994281152615595,3.238383279985208,1.6565234082160285
64.0,64.0,1006.3308715820312,1.535959406806901,3.012881012953959,-0.1663306996994601,3.5850778383914594,-0.2867194392540477,1.0486903470382465,1.1491035130694829,-0.0172823082687018,3.5717012420075,1.522958118209904
64.0,64.0,1005.21337890625,1.1138422598907147,3.163510525715634,-0.3509051133911852,2.6758266898773537,-0.5122082648359199,1.0718111705207738,1.65587216787568,-1.0170876187562123,3.54151433099572,1.3460114713344828
64.0,64.0,1004.9675903320312,0.5163418992741506,3.048817683689679,-0.6671757961656667,3.038681368765338,-1.5010622553438249,0.7996637919310045,1.2467383098495923,0.0980610079545224,3.3445950501342527,1.5795039091826957
64.0,64.0,1007.8798828125,1.0311949781226262,3.050446392205235,-0.171056107032873,3.5225695472791623,-0.344364293138081,1.1299764830718533,1.2931885162100567,0.0913978550631327,3.3303445529989104,1.7210389489241402
64.0,64.0,1005.5949096679688,1.065741447403239,3.566321993171797,-0.1722097588879127,3.335195644635442,0.4153135222526197,1.6432684793938577,1.2308026718224587,0.3065238812510272,3.32453208933479,1.4181087479272612
64.0,64.0,1007.9334716796876,1.1860174019719103,3.062699769325937,-0.5772754403344685,2.921296152802124,0.5203220957234284,1.220967665268109,0.7885410124274673,0.5750653020390918,3.2007527019435167,1.7099313399677305
64.0,64.0,1005.6847534179688,1.5291553936280218,2.501505383531246,-0.2181375611222888,3.0273038141281496,-0.2120236101567779,-0.0606551677314507,1.2525278734953254,0.419718581189239,3.340401835705691,1.7413380876269096
64.0,64.0,1007.3942260742188,1.5424126678030463,3.0792092971485934,-0.2950864639731521,3.4273389256056075,-0.2185157172346629,1.1555148532698905,1.027670704617852,-0.0089863143481305,3.1625335916527737,1.3009636469875132
64.0,64.0,1005.1350708007812,0.1661038185710084,2.5390123143543657,2.0774916054569346,1.835614257140512,-1.5735118140693944,0.0393769710875324,1.5364656260845004,0.9512514490147672,2.833057723425437,1.6722709438483858
64.0,64.0,1006.7476806640624,1.3783292661069166,2.227281756843792,0.7486796121921748,2.3676098445669496,-0.4352187250238886,0.1295667694666509,1.2582478032152908,0.9678886220425788,1.546052822985894,1.7088008776725607
64.0,64.0,1003.6841430664062,1.5264166200797986,3.063097861613356,-0.215819897253269,3.5490497273888275,-0.2048867388282806,1.0826619122252867,1.0511392207255632,-0.0170243374408754,3.2973942147249127,1.6821927523441609
64.0,64.0,1006.7684936523438,1.3436931167584212,2.9723827309808475,-0.6990999954194496,3.448097725237284,-0.2091829105316387,0.262391251339839,1.03385109722468,-0.0967344722036515,3.302876430253528,1.7245487486675914
64.0,64.0,1006.3912353515624,1.0823124156003283,3.145532408020725,0.0937498638335725,4.3492484902596935,-0.983369492477124,0.3045399617600217,1.0355153888892177,-0.6035785196627739,3.47882371336145,1.9749920545649893
64.0,64.0,1006.762451171875,0.911579189855552,2.951643676927795,0.8739934856927296,4.20168182927838,-0.2255314448514733,0.9538401412870204,1.055251361200275,2.289490443857167,3.223133074694574,1.6821020431151852
64.0,64.0,1006.4755249023438,1.5373922129536688,3.032235559935451,0.6874268984749604,3.275338603754686,-0.2140326921908348,1.494799281789143,0.9278351614159914,0.1155832775990138,3.2730834620692755,1.8184178138756064
64.0,64.0,1005.9786376953124,1.1755166225902458,3.0139295819900664,-0.2417305383366287,3.616814653335077,-0.2729520402836232,1.8592848557108288,1.1177652924446315,0.1211451494947978,3.912459696901169,2.2316448068592054
64.0,64.0,1004.7403564453124,0.4804166552562906,3.142058809388116,-0.507253232726782,3.78275224637308,-0.5671588827166028,1.1261544357254607,1.4122039073154182,0.5007209311294231,3.503301094810195,1.926829920271378
64.0,64.0,1006.9185791015624,1.4509446204054686,3.0812528002645063,-0.1416606528114395,3.046694966207418,-0.352949663141653,1.1938833599675431,1.0845074746720975,0.112653931850861,2.518078368562448,1.5348854350589625
64.0,64.0,1006.9170532226562,1.5008135023933489,2.9861872071511346,-0.431893834371605,2.8214919187287486,-0.2261427739521425,1.1105615551034884,0.4838116239205338,-0.0052966471293471,3.1909425469340382,0.7855032477643943
64.0,64.0,1005.6001586914062,0.1781387739601991,2.8222566258346973,-1.2784227836424644,2.158820161725356,-1.3598118191510389,1.8033214309254848,1.4312019484559402,0.0812233307260337,2.5723035292130967,1.5728984824109573
64.0,64.0,1005.8743896484376,0.0594998054986024,2.4736092679713666,-0.1808303602303297,1.535912543515276,-0.2128728184311272,0.8096079746393341,0.1778975985534896,-0.0199302804665875,3.321000599716123,2.4317144383963893
64.0,64.0,1005.768310546875,1.5999854791936896,2.9805356758612893,-0.224463190705871,3.807145392204087,-0.3379384159359995,1.0087144864956603,0.8161970981207121,-0.0299745068515237,3.525817858828421,1.6851147134922917
64.0,65.0,1004.9807739257812,-0.5860263830397243,3.065616109898324,0.1649193318545723,2.737410361495438,-0.3930089285615246,-0.1533558996367499,-0.4746565737067606,-0.0213919792120722,1.949093119885468,2.2963317078347827
64.0,65.0,1007.9323120117188,0.2833582410088201,3.059506966734865,-0.4440224240314817,3.537913671363393,0.595304704543162,1.2959109613147133,1.0881878258195288,0.0842539774170956,4.340152561424111,1.591153092112809
64.0,65.0,1006.3142700195312,1.139511611358937,3.0694613868905667,-0.1653637898345447,3.4430469374271744,-0.2036379756711497,1.017926728273767,0.9696821854232316,-0.0703918319987118,3.339716178654164,1.1256383025099117
64.0,65.0,1005.7072143554688,1.6491448804843336,2.9104453120023,-0.2376035463302053,3.615676320374159,-0.5459213406507523,1.0802436756395946,1.0229389087533642,-0.0226071327225542,3.134768809825729,1.4551102740604491
64.0,65.0,1005.2555541992188,-0.5037094802039921,3.707585390221884,-0.3280569768488796,3.321070462527059,0.979043172621886,-0.4155761280008436,0.9565504599200948,0.2951346271246178,3.295787014291044,2.1819067114242974
64.0,65.0,1008.2530517578124,1.5270982961521142,2.378577058659652,-0.1300141971189669,3.4316988602336704,-0.3495752633471561,0.6940326962933131,0.758785861126745,0.0664492484260929,3.002636118435235,0.7040430065820917
64.0,65.0,1006.2119140625,0.4893625390202833,1.7795423029239368,-0.2283334970089545,3.1277989280704825,0.4981169607027755,1.141197769335064,2.5146578201478693,1.975507430672696,4.311031517865723,2.0922100116751228
64.0,65.0,1006.5108642578124,1.1685864152557035,2.7422863333485434,-0.1019311206427966,3.4927380014308915,-0.2862684911241392,1.1077000929173788,1.0805232300206655,0.6838549062987216,3.220790808114516,1.679788189972098
64.0,65.0,1006.1808471679688,1.5044895019604971,4.37353118641234,-0.1123117642728705,3.278240110355435,-0.2710004059046436,1.206590297347884,1.0726861605494895,-0.7094813345437163,3.301103040810469,1.658737095350794
64.0,65.0,1004.5355224609376,-0.2067583177486083,2.156645823399848,1.1237471826284795,3.780946817479548,-0.5114493991580722,1.3470285072754011,1.5426076556614716,0.9251629364195506,3.6326501297850458,1.193605314089168
64.0,65.0,1005.1493530273438,0.5735184706036716,3.028423329307017,0.2644622216036731,2.659398374348958,0.2306337810705419,1.0125999917583286,1.1341537852403114,0.5087035841895886,3.226086612326376,1.548830647479367
64.0,65.0,1006.3345947265624,2.034042837590201,2.9125964116908234,-0.2024967773422643,3.3085072469478023,-0.07703122756074,0.9718660779238922,0.9340710653988924,1.2723474077259571,3.310849095998795,1.667239863445168
64.0,65.0,1007.4547729492188,1.43629090195749,3.110062472569856,-0.6944199584856007,3.302300007810594,0.2527122463629391,1.3830220275508731,1.1692670148495758,0.4543218612108505,3.286882813634093,1.9327433745059648
64.0,65.0,1005.6038818359376,1.308516753266523,2.1752865939900867,0.1815601508968082,4.19439705578338,-0.2059303139175663,1.0777198568117343,1.0908442654933863,0.2003939982353898,2.6281803945220314,1.684505779710975
64.0,65.0,1005.079833984375,0.8078773908434,3.0635542735379326,-0.2222773718837908,3.644619233544741,-0.0438507735814526,1.4232936018416082,0.7302359461628485,0.463335757005806,3.131559441489576,1.6311643300045815
64.0,65.0,1006.5872802734376,0.2656690085363156,2.8994275720441487,-0.0359203097652873,2.439288483665521,-0.403613583524778,2.160790506390417,1.4511060060394816,0.484404972217794,3.372222679109396,2.807072668682597
64.0,65.0,1005.7649536132812,0.2825466944237913,3.223371955913502,-1.130107795435179,3.475165291581171,-1.048330892200188,0.6773142097574366,1.7224453178602437,-0.0116344510771347,2.978858171781275,1.664112733334867
64.0,65.0,1005.4412231445312,1.0760585928896025,3.043829209022953,0.1516249576889987,2.5040090899037493,0.108098310179216,1.3923376410461463,1.0123123187632306,-0.980625588420784,3.3143856714436004,0.2993660291472664
64.0,65.0,1007.20849609375,1.42340442516376,1.6389601706335597,-0.4707376408526464,3.5510485345363576,0.0655674880221845,0.5345868805727112,1.7189295151854895,0.652892798276838,3.565456415960298,1.6765185041381792
64.0,65.0,1005.7882080078124,1.930989912640924,2.5698273775009017,-0.4222718299406413,2.2647280101266523,-1.2334670620841697,1.1900713704557306,1.273633231737758,-0.0756089152430987,3.487418316929421,1.693288812527204
64.0,65.0,1007.544677734375,-0.2805326006232682,3.1038845231404446,-0.1870705914575828,3.988367848503743,-0.2562732772840708,1.540852333686741,0.7450130913541388,1.6656985897711236,2.857401366589688,0.9264712942409098
64.0,65.0,1004.8368530273438,-0.0192859539180938,3.1458012448024646,-0.4052589456220559,3.5837623621294377,-0.4446218579421889,1.004306573519272,1.0674916208430016,-0.1473208806064043,4.659302750457305,1.266183010783346
64.0,65.0,1005.0035400390624,1.488088734200528,3.2964916798764268,-0.081613556681665,3.4931910742310563,-0.4795947022471148,1.19443031097595,1.5983254058784726,0.3030366300005376,3.1093375136026897,1.3517079212642986
64.0,65.0,1005.59716796875,0.8422960777773174,3.0348209215701183,-0.2311176520887816,3.530445462000517,0.731073415144617,1.0838871087870037,1.0526527931079228,-0.2789778063184201,3.525442996103043,1.9314441196361605
64.0,65.0,1005.8321533203124,0.377814434290604,3.895551475372848,0.0535583373255332,3.414557908843645,-0.5334289284626546,0.985593986932181,0.7933330380200138,0.0535584523865163,3.290998620666775,1.0098828753892786
64.0,65.0,1007.56396484375,1.5915642805280938,3.21505950846519,-0.2410976595448242,3.6131165800756304,-0.2068099645460922,0.826244304596254,1.0307855897467215,-0.0010368592724361,3.335010733974512,1.4161522741382744
64.0,65.0,1006.750732421875,1.4983206496546757,3.310143956253831,-0.0995478391109807,4.111181782258067,-0.0736615879452686,2.3151370482507234,0.654147595066203,0.6455422381112422,3.3493750202887504,1.9151768831651383
64.0,65.0,1005.9476318359376,0.0416259073064684,3.056620648095169,0.9059087932371556,3.541676985417584,-0.4558259587305865,-0.3150494321593007,1.05123482986649,-0.0994281152615595,3.238383279985208,1.6565234082160285
64.0,65.0,1006.3308715820312,1.535959406806901,3.012881012953959,-0.1663306996994601,3.5850778383914594,-0.2867194392540477,1.0486903470382465,1.1491035130694829,-0.0172823082687018,3.5717012420075,1.522958118209904
64.0,65.0,1005.21337890625,1.1138422598907147,3.163510525715634,-0.3509051133911852,2.6758266898773537,-0.5122082648359199,1.0718111705207738,1.65587216787568,-1.0170876187562123,3.54151433099572,1.3460114713344828
64.0,65.0,1004.9675903320312,0.5163418992741506,3.048817683689679,-0.6671757961656667,3.038681368765338,-1.5010622553438249,0.7996637919310045,1.2467383098495923,0.0980610079545224,3.3445950501342527,1.5795039091826957
64.0,65.0,1006.794189453125,1.7842150229085714,3.086643907761759,-0.4071495097907874,3.529350539027141,-0.2415845827324029,1.1672353105920736,1.2567164862868203,-0.0182878182678372,3.312056437732381,1.5360403432342848
64.0,65.0,1005.5949096679688,1.065741447403239,3.566321993171797,-0.1722097588879127,3.335195644635442,0.4153135222526197,1.6432684793938577,1.2308026718224587,0.3065238812510272,3.32453208933479,1.4181087479272612
64.0,65.0,1007.9334716796876,1.1860174019719103,3.062699769325937,-0.5772754403344685,2.921296152802124,0.5203220957234284,1.220967665268109,0.7885410124274673,0.5750653020390918,3.2007527019435167,1.7099313399677305
64.0,65.0,1005.6847534179688,1.5291553936280218,2.501505383531246,-0.2181375611222888,3.0273038141281496,-0.2120236101567779,-0.0606551677314507,1.2525278734953254,0.419718581189239,3.340401835705691,1.7413380876269096
64.0,65.0,1007.3942260742188,1.5424126678030463,3.0792092971485934,-0.2950864639731521,3.4273389256056075,-0.2185157172346629,1.1555148532698905,1.027670704617852,-0.0089863143481305,3.1625335916527737,1.3009636469875132
64.0,65.0,1005.1350708007812,0.1661038185710084,2.5390123143543657,2.0774916054569346,1.835614257140512,-1.5735118140693944,0.0393769710875324,1.5364656260845004,0.9512514490147672,2.833057723425437,1.6722709438483858
64.0,65.0,1006.7476806640624,1.3783292661069166,2.227281756843792,0.7486796121921748,2.3676098445669496,-0.4352187250238886,0.1295667694666509,1.2582478032152908,0.9678886220425788,1.546052822985894,1.7088008776725607
64.0,65.0,1003.6841430664062,1.5264166200797986,3.063097861613356,-0.215819897253269,3.5490497273888275,-0.2048867388282806,1.0826619122252867,1.0511392207255632,-0.0170243374408754,3.2973942147249127,1.6821927523441609
64.0,65.0,1006.7684936523438,1.3436931167584212,2.9723827309808475,-0.6990999954194496,3.448097725237284,-0.2091829105316387,0.262391251339839,1.03385109722468,-0.0967344722036515,3.302876430253528,1.7245487486675914
64.0,65.0,1006.3912353515624,1.0823124156003283,3.145532408020725,0.0937498638335725,4.3492484902596935,-0.983369492477124,0.3045399617600217,1.0355153888892177,-0.6035785196627739,3.47882371336145,1.9749920545649893
64.0,65.0,1006.762451171875,0.911579189855552,2.951643676927795,0.8739934856927296,4.20168182927838,-0.2255314448514733,0.9538401412870204,1.055251361200275,2.289490443857167,3.223133074694574,1.6821020431151852
64.0,65.0,1006.4755249023438,1.5373922129536688,3.032235559935451,0.6874268984749604,3.275338603754686,-0.2140326921908348,1.494799281789143,0.9278351614159914,0.1155832775990138,3.2730834620692755,1.8184178138756064
64.0,65.0,1005.9786376953124,1.1755166225902458,3.0139295819900664,-0.2417305383366287,3.616814653335077,-0.2729520402836232,1.8592848557108288,1.1177652924446315,0.1211451494947978,3.912459696901169,2.2316448068592054
64.0,65.0,1004.7403564453124,0.4804166552562906,3.142058809388116,-0.507253232726782,3.78275224637308,-0.5671588827166028,1.1261544357254607,1.4122039073154182,0.5007209311294231,3.503301094810195,1.926829920271378
64.0,65.0,1006.9185791015624,1.4509446204054686,3.0812528002645063,-0.1416606528114395,3.046694966207418,-0.352949663141653,1.1938833599675431,1.0845074746720975,0.112653931850861,2.518078368562448,1.5348854350589625
64.0,65.0,1006.9170532226562,1.5008135023933489,2.9861872071511346,-0.431893834371605,2.8214919187287486,-0.2261427739521425,1.1105615551034884,0.4838116239205338,-0.0052966471293471,3.1909425469340382,0.7855032477643943
64.0,65.0,1005.6001586914062,0.1781387739601991,2.8222566258346973,-1.2784227836424644,2.158820161725356,-1.3598118191510389,1.8033214309254848,1.4312019484559402,0.0812233307260337,2.5723035292130967,1.5728984824109573
64.0,65.0,1005.8743896484376,0.0594998054986024,2.4736092679713666,-0.1808303602303297,1.535912543515276,-0.2128728184311272,0.8096079746393341,0.1778975985534896,-0.0199302804665875,3.321000599716123,2.4317144383963893
64.0,65.0,1005.768310546875,1.5999854791936896,2.9805356758612893,-0.224463190705871,3.807145392204087,-0.3379384159359995,1.0087144864956603,0.8161970981207121,-0.0299745068515237,3.525817858828421,1.6851147134922917
64.0,66.0,1004.9807739257812,-0.5860263830397243,3.065616109898324,0.1649193318545723,2.737410361495438,-0.3930089285615246,-0.1533558996367499,-0.4746565737067606,-0.0213919792120722,1.949093119885468,2.2963317078347827
64.0,66.0,1007.9323120117188,0.2833582410088201,3.059506966734865,-0.4440224240314817,3.537913671363393,0.595304704543162,1.2959109613147133,1.0881878258195288,0.0842539774170956,4.340152561424111,1.591153092112809
64.0,66.0,1006.3142700195312,1.139511611358937,3.0694613868905667,-0.1653637898345447,3.4430469374271744,-0.2036379756711497,1.017926728273767,0.9696821854232316,-0.0703918319987118,3.339716178654164,1.1256383025099117
64.0,66.0,1005.7072143554688,1.6491448804843336,2.9104453120023,-0.2376035463302053,3.615676320374159,-0.5459213406507523,1.0802436756395946,1.0229389087533642,-0.0226071327225542,3.134768809825729,1.4551102740604491
64.0,66.0,1005.2555541992188,-0.5037094802039921,3.707585390221884,-0.3280569768488796,3.321070462527059,0.979043172621886,-0.4155761280008436,0.9565504599200948,0.2951346271246178,3.295787014291044,2.1819067114242974
64.0,66.0,1008.2530517578124,1.5270982961521142,2.378577058659652,-0.1300141971189669,3.4316988602336704,-0.3495752633471561,0.6940326962933131,0.758785861126745,0.0664492484260929,3.002636118435235,0.7040430065820917
64.0,66.0,1006.2119140625,0.4893625390202833,1.7795423029239368,-0.2283334970089545,3.1277989280704825,0.4981169607027755,1.141197769335064,2.5146578201478693,1.975507430672696,4.311031517865723,2.0922100116751228
64.0,66.0,1006.5108642578124,1.1685864152557035,2.7422863333485434,-0.1019311206427966,3.4927380014308915,-0.2862684911241392,1.1077000929173788,1.0805232300206655,0.6838549062987216,3.220790808114516,1.679788189972098
64.0,66.0,1006.1808471679688,1.5044895019604971,4.37353118641234,-0.1123117642728705,3.278240110355435,-0.2710004059046436,1.206590297347884,1.0726861605494895,-0.7094813345437163,3.301103040810469,1.658737095350794
64.0,66.0,1004.5355224609376,-0.2067583177486083,2.156645823399848,1.1237471826284795,3.780946817479548,-0.5114493991580722,1.3470285072754011,1.5426076556614716,0.9251629364195506,3.6326501297850458,1.193605314089168
64.0,66.0,1005.1493530273438,0.5735184706036716,3.028423329307017,0.2644622216036731,2.659398374348958,0.2306337810705419,1.0125999917583286,1.1341537852403114,0.5087035841895886,3.226086612326376,1.548830647479367
64.0,66.0,1006.3345947265624,2.034042837590201,2.9125964116908234,-0.2024967773422643,3.3085072469478023,-0.07703122756074,0.9718660779238922,0.9340710653988924,1.2723474077259571,3.310849095998795,1.667239863445168
64.0,66.0,1007.4547729492188,1.43629090195749,3.110062472569856,-0.6944199584856007,3.302300007810594,0.2527122463629391,1.3830220275508731,1.1692670148495758,0.4543218612108505,3.286882813634093,1.9327433745059648
64.0,66.0,1005.6038818359376,1.308516753266523,2.1752865939900867,0.1815601508968082,4.19439705578338,-0.2059303139175663,1.0777198568117343,1.0908442654933863,0.2003939982353898,2.6281803945220314,1.684505779710975
64.0,66.0,1005.079833984375,0.8078773908434,3.0635542735379326,-0.2222773718837908,3.644619233544741,-0.0438507735814526,1.4232936018416082,0.7302359461628485,0.463335757005806,3.131559441489576,1.6311643300045815
64.0,66.0,1006.5872802734376,0.2656690085363156,2.8994275720441487,-0.0359203097652873,2.439288483665521,-0.403613583524778,2.160790506390417,1.4511060060394816,0.484404972217794,3.372222679109396,2.807072668682597
64.0,66.0,1005.7649536132812,0.2825466944237913,3.223371955913502,-1.130107795435179,3.475165291581171,-1.048330892200188,0.6773142097574366,1.7224453178602437,-0.0116344510771347,2.978858171781275,1.664112733334867
64.0,66.0,1005.4412231445312,1.0760585928896025,3.043829209022953,0.1516249576889987,2.5040090899037493,0.108098310179216,1.3923376410461463,1.0123123187632306,-0.980625588420784,3.3143856714436004,0.2993660291472664
64.0,66.0,1007.20849609375,1.42340442516376,1.6389601706335597,-0.4707376408526464,3.5510485345363576,0.0655674880221845,0.5345868805727112,1.7189295151854895,0.652892798276838,3.565456415960298,1.6765185041381792
64.0,66.0,1005.7882080078124,1.930989912640924,2.5698273775009017,-0.4222718299406413,2.2647280101266523,-1.2334670620841697,1.1900713704557306,1.273633231737758,-0.0756089152430987,3.487418316929421,1.693288812527204
64.0,66.0,1007.544677734375,-0.2805326006232682,3.1038845231404446,-0.1870705914575828,3.988367848503743,-0.2562732772840708,1.540852333686741,0.7450130913541388,1.6656985897711236,2.857401366589688,0.9264712942409098
64.0,66.0,1004.8368530273438,-0.0192859539180938,3.1458012448024646,-0.4052589456220559,3.5837623621294377,-0.4446218579421889,1.004306573519272,1.0674916208430016,-0.1473208806064043,4.659302750457305,1.266183010783346
64.0,66.0,1005.0035400390624,1.488088734200528,3.2964916798764268,-0.081613556681665,3.4931910742310563,-0.4795947022471148,1.19443031097595,1.5983254058784726,0.3030366300005376,3.1093375136026897,1.3517079212642986
64.0,66.0,1005.59716796875,0.8422960777773174,3.0348209215701183,-0.2311176520887816,3.530445462000517,0.731073415144617,1.0838871087870037,1.0526527931079228,-0.2789778063184201,3.525442996103043,1.9314441196361605
64.0,66.0,1005.8321533203124,0.377814434290604,3.895551475372848,0.0535583373255332,3.414557908843645,-0.5334289284626546,0.985593986932181,0.7933330380200138,0.0535584523865163,3.290998620666775,1.0098828753892786
64.0,66.0,1007.56396484375,1.5915642805280938,3.21505950846519,-0.2410976595448242,3.6131165800756304,-0.2068099645460922,0.826244304596254,1.0307855897467215,-0.0010368592724361,3.335010733974512,1.4161522741382744
64.0,66.0,1006.750732421875,1.4983206496546757,3.310143956253831,-0.0995478391109807,4.111181782258067,-0.0736615879452686,2.3151370482507234,0.654147595066203,0.6455422381112422,3.3493750202887504,1.9151768831651383
64.0,66.0,1005.9476318359376,0.0416259073064684,3.056620648095169,0.9059087932371556,3.541676985417584,-0.4558259587305865,-0.3150494321593007,1.05123482986649,-0.0994281152615595,3.238383279985208,1.6565234082160285
64.0,66.0,1006.3308715820312,1.535959406806901,3.012881012953959,-0.1663306996994601,3.5850778383914594,-0.2867194392540477,1.0486903470382465,1.1491035130694829,-0.0172823082687018,3.5717012420075,1.522958118209904
64.0,66.0,1005.21337890625,1.1138422598907147,3.163510525715634,-0.3509051133911852,2.6758266898773537,-0.5122082648359199,1.0718111705207738,1.65587216787568,-1.0170876187562123,3.54151433099572,1.3460114713344828
64.0,66.0,1004.9675903320312,0.5163418992741506,3.048817683689679,-0.6671757961656667,3.038681368765338,-1.5010622553438249,0.7996637919310045,1.2467383098495923,0.0980610079545224,3.3445950501342527,1.5795039091826957
64.0,66.0,1006.794189453125,1.7842150229085714,3.086643907761759,-0.4071495097907874,3.529350539027141,-0.2415845827324029,1.1672353105920736,1.2567164862868203,-0.0182878182678372,3.312056437732381,1.5360403432342848
64.0,66.0,1005.5949096679688,1.065741447403239,3.566321993171797,-0.1722097588879127,3.335195644635442,0.4153135222526197,1.6432684793938577,1.2308026718224587,0.3065238812510272,3.32453208933479,1.4181087479272612
64.0,66.0,1007.9334716796876,1.1860174019719103,3.062699769325937,-0.5772754403344685,2.921296152802124,0.5203220957234284,1.220967665268109,0.7885410124274673,0.5750653020390918,3.2007527019435167,1.7099313399677305
64.0,66.0,1005.6847534179688,1.5291553936280218,2.501505383531246,-0.2181375611222888,3.0273038141281496,-0.2120236101567779,-0.0606551677314507,1.2525278734953254,0.419718581189239,3.340401835705691,1.7413380876269096
64.0,66.0,1007.3942260742188,1.5424126678030463,3.0792092971485934,-0.2950864639731521,3.4273389256056075,-0.2185157172346629,1.1555148532698905,1.027670704617852,-0.0089863143481305,3.1625335916527737,1.3009636469875132
64.0,66.0,1005.1350708007812,0.1661038185710084,2.5390123143543657,2.0774916054569346,1.835614257140512,-1.5735118140693944,0.0393769710875324,1.5364656260845004,0.9512514490147672,2.833057723425437,1.6722709438483858
64.0,66.0,1006.7476806640624,1.3783292661069166,2.227281756843792,0.7486796121921748,2.3676098445669496,-0.4352187250238886,0.1295667694666509,1.2582478032152908,0.9678886220425788,1.546052822985894,1.7088008776725607
64.0,66.0,1003.6841430664062,1.5264166200797986,3.063097861613356,-0.215819897253269,3.5490497273888275,-0.2048867388282806,1.0826619122252867,1.0511392207255632,-0.0170243374408754,3.2973942147249127,1.6821927523441609
64.0,66.0,1006.7684936523438,1.3436931167584212,2.9723827309808475,-0.6990999954194496,3.448097725237284,-0.2091829105316387,0.262391251339839,1.03385109722468,-0.0967344722036515,3.302876430253528,1.7245487486675914
64.0,66.0,1006.3912353515624,1.0823124156003283,3.145532408020725,0.0937498638335725,4.3492484902596935,-0.983369492477124,0.3045399617600217,1.0355153888892177,-0.6035785196627739,3.47882371336145,1.9749920545649893
64.0,66.0,1006.762451171875,0.911579189855552,2.951643676927795,0.8739934856927296,4.20168182927838,-0.2255314448514733,0.9538401412870204,1.055251361200275,2.289490443857167,3.223133074694574,1.6821020431151852
64.0,66.0,1006.4755249023438,1.5373922129536688,3.032235559935451,0.6874268984749604,3.275338603754686,-0.2140326921908348,1.494799281789143,0.9278351614159914,0.1155832775990138,3.2730834620692755,1.8184178138756064
64.0,66.0,1005.9786376953124,1.1755166225902458,3.0139295819900664,-0.2417305383366287,3.616814653335077,-0.2729520402836232,1.8592848557108288,1.1177652924446315,0.1211451494947978,3.912459696901169,2.2316448068592054
64.0,66.0,1004.7403564453124,0.4804166552562906,3.142058809388116,-0.507253232726782,3.78275224637308,-0.5671588827166028,1.1261544357254607,1.4122039073154182,0.5007209311294231,3.503301094810195,1.926829920271378
64.0,66.0,1006.9185791015624,1.4509446204054686,3.0812528002645063,-0.1416606528114395,3.046694966207418,-0.352949663141653,1.1938833599675431,1.0845074746720975,0.112653931850861,2.518078368562448,1.5348854350589625
64.0,66.0,1006.9170532226562,1.5008135023933489,2.9861872071511346,-0.431893834371605,2.8214919187287486,-0.2261427739521425,1.1105615551034884,0.4838116239205338,-0.0052966471293471,3.1909425469340382,0.7855032477643943
64.0,66.0,1005.6001586914062,0.1781387739601991,2.8222566258346973,-1.2784227836424644,2.158820161725356,-1.3598118191510389,1.8033214309254848,1.4312019484559402,0.0812233307260337,2.5723035292130967,1.5728984824109573
64.0,66.0,1005.8743896484376,0.0594998054986024,2.4736092679713666,-0.1808303602303297,1.535912543515276,-0.2128728184311272,0.8096079746393341,0.1778975985534896,-0.0199302804665875,3.321000599716123,2.4317144383963893
64.0,66.0,1005.768310546875,1.5999854791936896,2.9805356758612893,-0.224463190705871,3.807145392204087,-0.3379384159359995,1.0087144864956603,0.8161970981207121,-0.0299745068515237,3.525817858828421,1.6851147134922917
64.0,67.0,1004.9807739257812,-0.5860263830397243,3.065616109898324,0.1649193318545723,2.737410361495438,-0.3930089285615246,-0.1533558996367499,-0.4746565737067606,-0.0213919792120722,1.949093119885468,2.2963317078347827
64.0,67.0,1007.9323120117188,0.2833582410088201,3.059506966734865,-0.4440224240314817,3.537913671363393,0.595304704543162,1.2959109613147133,1.0881878258195288,0.0842539774170956,4.340152561424111,1.591153092112809
64.0,67.0,1006.3142700195312,1.139511611358937,3.0694613868905667,-0.1653637898345447,3.4430469374271744,-0.2036379756711497,1.017926728273767,0.9696821854232316,-0.0703918319987118,3.339716178654164,1.1256383025099117
64.0,67.0,1005.7072143554688,1.6491448804843336,2.9104453120023,-0.2376035463302053,3.615676320374159,-0.5459213406507523,1.0802436756395946,1.0229389087533642,-0.0226071327225542,3.134768809825729,1.4551102740604491
64.0,67.0,1005.2555541992188,-0.5037094802039921,3.707585390221884,-0.3280569768488796,3.321070462527059,0.979043172621886,-0.4155761280008436,0.9565504599200948,0.2951346271246178,3.295787014291044,2.1819067114242974
64.0,67.0,1008.2530517578124,1.5270982961521142,2.378577058659652,-0.1300141971189669,3.4316988602336704,-0.3495752633471561,0.6940326962933131,0.758785861126745,0.0664492484260929,3.002636118435235,0.7040430065820917
64.0,67.0,1006.2119140625,0.4893625390202833,1.7795423029239368,-0.2283334970089545,3.1277989280704825,0.4981169607027755,1.141197769335064,2.5146578201478693,1.975507430672696,4.311031517865723,2.0922100116751228
64.0,67.0,1006.5108642578124,1.1685864152557035,2.7422863333485434,-0.1019311206427966,3.4927380014308915,-0.2862684911241392,1.1077000929173788,1.0805232300206655,0.6838549062987216,3.220790808114516,1.679788189972098
64.0,67.0,1006.1808471679688,1.5044895019604971,4.37353118641234,-0.1123117642728705,3.278240110355435,-0.2710004059046436,1.206590297347884,1.0726861605494895,-0.7094813345437163,3.301103040810469,1.658737095350794
64.0,67.0,1004.5355224609376,-0.2067583177486083,2.156645823399848,1.1237471826284795,3.780946817479548,-0.5114493991580722,1.3470285072754011,1.5426076556614716,0.9251629364195506,3.6326501297850458,1.193605314089168
64.0,67.0,1005.1493530273438,0.5735184706036716,3.028423329307017,0.2644622216036731,2.659398374348958,0.2306337810705419,1.0125999917583286,1.1341537852403114,0.5087035841895886,3.226086612326376,1.548830647479367
64.0,67.0,1006.3345947265624,2.034042837590201,2.9125964116908234,-0.2024967773422643,3.3085072469478023,-0.07703122756074,0.9718660779238922,0.9340710653988924,1.2723474077259571,3.310849095998795,1.667239863445168
64.0,67.0,1007.4547729492188,1.43629090195749,3.110062472569856,-0.6944199584856007,3.302300007810594,0.2527122463629391,1.3830220275508731,1.1692670148495758,0.4543218612108505,3.286882813634093,1.9327433745059648
64.0,67.0,1005.6038818359376,1.308516753266523,2.1752865939900867,0.1815601508968082,4.19439705578338,-0.2059303139175663,1.0777198568117343,1.0908442654933863,0.2003939982353898,2.6281803945220314,1.684505779710975
64.0,67.0,1005.079833984375,0.8078773908434,3.0635542735379326,-0.2222773718837908,3.644619233544741,-0.0438507735814526,1.4232936018416082,0.7302359461628485,0.463335757005806,3.131559441489576,1.6311643300045815
64.0,67.0,1006.5872802734376,0.2656690085363156,2.8994275720441487,-0.0359203097652873,2.439288483665521,-0.403613583524778,2.160790506390417,1.4511060060394816,0.484404972217794,3.372222679109396,2.807072668682597
64.0,67.0,1005.7649536132812,0.2825466944237913,3.223371955913502,-1.130107795435179,3.475165291581171,-1.048330892200188,0.6773142097574366,1.7224453178602437,-0.0116344510771347,2.978858171781275,1.664112733334867
64.0,67.0,1005.4412231445312,1.0760585928896025,3.043829209022953,0.1516249576889987,2.5040090899037493,0.108098310179216,1.3923376410461463,1.0123123187632306,-0.980625588420784,3.3143856714436004,0.2993660291472664
64.0,67.0,1007.20849609375,1.42340442516376,1.6389601706335597,-0.4707376408526464,3.5510485345363576,0.0655674880221845,0.5345868805727112,1.7189295151854895,0.652892798276838,3.565456415960298,1.6765185041381792
64.0,67.0,1005.7882080078124,1.930989912640924,2.5698273775009017,-0.4222718299406413,2.2647280101266523,-1.2334670620841697,1.1900713704557306,1.273633231737758,-0.0756089152430987,3.487418316929421,1.693288812527204
64.0,67.0,1007.544677734375,-0.2805326006232682,3.1038845231404446,-0.1870705914575828,3.988367848503743,-0.2562732772840708,1.540852333686741,0.7450130913541388,1.6656985897711236,2.857401366589688,0.9264712942409098
64.0,67.0,1004.8368530273438,-0.0192859539180938,3.1458012448024646,-0.4052589456220559,3.5837623621294377,-0.4446218579421889,1.004306573519272,1.0674916208430016,-0.1473208806064043,4.659302750457305,1.266183010783346
64.0,67.0,1005.0035400390624,1.488088734200528,3.2964916798764268,-0.081613556681665,3.4931910742310563,-0.4795947022471148,1.19443031097595,1.5983254058784726,0.3030366300005376,3.1093375136026897,1.3517079212642986
64.0,67.0,1005.59716796875,0.8422960777773174,3.0348209215701183,-0.2311176520887816,3.530445462000517,0.731073415144617,1.0838871087870037,1.0526527931079228,-0.2789778063184201,3.525442996103043,1.9314441196361605
64.0,67.0,1005.8321533203124,0.377814434290604,3.895551475372848,0.0535583373255332,3.414557908843645,-0.5334289284626546,0.985593986932181,0.7933330380200138,0.0535584523865163,3.290998620666775,1.0098828753892786
64.0,67.0,1007.56396484375,1.5915642805280938,3.21505950846519,-0.2410976595448242,3.6131165800756304,-0.2068099645460922,0.826244304596254,1.0307855897467215,-0.0010368592724361,3.335010733974512,1.4161522741382744
64.0,67.0,1006.750732421875,1.4983206496546757,3.310143956253831,-0.0995478391109807,4.111181782258067,-0.0736615879452686,2.3151370482507234,0.654147595066203,0.6455422381112422,3.3493750202887504,1.9151768831651383
64.0,67.0,1005.9476318359376,0.0416259073064684,3.056620648095169,0.9059087932371556,3.541676985417584,-0.4558259587305865,-0.3150494321593007,1.05123482986649,-0.0994281152615595,3.238383279985208,1.6565234082160285
64.0,67.0,1006.3308715820312,1.535959406806901,3.012881012953959,-0.1663306996994601,3.5850778383914594,-0.2867194392540477,1.0486903470382465,1.1491035130694829,-0.0172823082687018,3.5717012420075,1.522958118209904
64.0,67.0,1005.21337890625,1.1138422598907147,3.163510525715634,-0.3509051133911852,2.6758266898773537,-0.5122082648359199,1.0718111705207738,1.65587216787568,-1.0170876187562123,3.54151433099572,1.3460114713344828
64.0,67.0,1004.9675903320312,0.5163418992741506,3.048817683689679,-0.6671757961656667,3.038681368765338,-1.5010622553438249,0.7996637919310045,1.2467383098495923,0.0980610079545224,3.3445950501342527,1.5795039091826957
64.0,67.0,1006.794189453125,1.7842150229085714,3.086643907761759,-0.4071495097907874,3.529350539027141,-0.2415845827324029,1.1672353105920736,1.2567164862868203,-0.0182878182678372,3.312056437732381,1.5360403432342848
64.0,67.0,1005.5949096679688,1.065741447403239,3.566321993171797,-0.1722097588879127,3.335195644635442,0.4153135222526197,1.6432684793938577,1.2308026718224587,0.3065238812510272,3.32453208933479,1.4181087479272612
64.0,67.0,1007.3155517578124,1.5371241881530973,3.0630876048410456,-0.0871751942409553,3.5037983811037874,0.0538749320857102,1.0868473082144283,1.0345167488863027,-0.175052114745749,3.3374017791678297,1.6722190592691553
64.0,67.0,1005.6847534179688,1.5291553936280218,2.501505383531246,-0.2181375611222888,3.0273038141281496,-0.2120236101567779,-0.0606551677314507,1.2525278734953254,0.419718581189239,3.340401835705691,1.7413380876269096
64.0,67.0,1007.3942260742188,1.5424126678030463,3.0792092971485934,-0.2950864639731521,3.4273389256056075,-0.2185157172346629,1.1555148532698905,1.027670704617852,-0.0089863143481305,3.1625335916527737,1.3009636469875132
64.0,67.0,1005.1350708007812,0.1661038185710084,2.5390123143543657,2.0774916054569346,1.835614257140512,-1.5735118140693944,0.0393769710875324,1.5364656260845004,0.9512514490147672,2.833057723425437,1.6722709438483858
64.0,67.0,1006.7476806640624,1.3783292661069166,2.227281756843792,0.7486796121921748,2.3676098445669496,-0.4352187250238886,0.1295667694666509,1.2582478032152908,0.9678886220425788,1.546052822985894,1.7088008776725607
64.0,67.0,1003.6841430664062,1.5264166200797986,3.063097861613356,-0.215819897253269,3.5490497273888275,-0.2048867388282806,1.0826619122252867,1.0511392207255632,-0.0170243374408754,3.2973942147249127,1.6821927523441609
64.0,67.0,1006.7684936523438,1.3436931167584212,2.9723827309808475,-0.6990999954194496,3.448097725237284,-0.2091829105316387,0.262391251339839,1.03385109722468,-0.0967344722036515,3.302876430253528,1.7245487486675914
64.0,67.0,1006.3912353515624,1.0823124156003283,3.145532408020725,0.0937498638335725,4.3492484902596935,-0.983369492477124,0.3045399617600217,1.0355153888892177,-0.6035785196627739,3.47882371336145,1.9749920545649893
64.0,67.0,1006.762451171875,0.911579189855552,2.951643676927795,0.8739934856927296,4.20168182927838,-0.2255314448514733,0.9538401412870204,1.055251361200275,2.289490443857167,3.223133074694574,1.6821020431151852
64.0,67.0,1006.4755249023438,1.5373922129536688,3.032235559935451,0.6874268984749604,3.275338603754686,-0.2140326921908348,1.494799281789143,0.9278351614159914,0.1155832775990138,3.2730834620692755,1.8184178138756064
64.0,67.0,1005.9786376953124,1.1755166225902458,3.0139295819900664,-0.2417305383366287,3.616814653335077,-0.2729520402836232,1.8592848557108288,1.1177652924446315,0.1211451494947978,3.912459696901169,2.2316448068592054
64.0,67.0,1004.7403564453124,0.4804166552562906,3.142058809388116,-0.507253232726782,3.78275224637308,-0.5671588827166028,1.1261544357254607,1.4122039073154182,0.5007209311294231,3.503301094810195,1.926829920271378
64.0,67.0,1006.9185791015624,1.4509446204054686,3.0812528002645063,-0.1416606528114395,3.046694966207418,-0.352949663141653,1.1938833599675431,1.0845074746720975,0.112653931850861,2.518078368562448,1.5348854350589625
64.0,67.0,1006.9170532226562,1.5008135023933489,2.9861872071511346,-0.431893834371605,2.8214919187287486,-0.2261427739521425,1.1105615551034884,0.4838116239205338,-0.0052966471293471,3.1909425469340382,0.7855032477643943
64.0,67.0,1005.6001586914062,0.1781387739601991,2.8222566258346973,-1.2784227836424644,2.158820161725356,-1.3598118191510389,1.8033214309254848,1.4312019484559402,0.0812233307260337,2.5723035292130967,1.5728984824109573
64.0,67.0,1005.8743896484376,0.0594998054986024,2.4736092679713666,-0.1808303602303297,1.535912543515276,-0.2128728184311272,0.8096079746393341,0.1778975985534896,-0.0199302804665875,3.321000599716123,2.4317144383963893
64.0,67.0,1005.768310546875,1.5999854791936896,2.9805356758612893,-0.224463190705871,3.807145392204087,-0.3379384159359995,1.0087144864956603,0.8161970981207121,-0.0299745068515237,3.525817858828421,1.6851147134922917
64.0,68.0,1004.9807739257812,-0.5860263830397243,3.065616109898324,0.1649193318545723,2.737410361495438,-0.3930089285615246,-0.1533558996367499,-0.4746565737067606,-0.0213919792120722,1.949093119885468,2.2963317078347827
64.0,68.0,1007.9323120117188,0.2833582410088201,3.059506966734865,-0.4440224240314817,3.537913671363393,0.595304704543162,1.2959109613147133,1.0881878258195288,0.0842539774170956,4.340152561424111,1.591153092112809
64.0,68.0,1006.3142700195312,1.139511611358937,3.0694613868905667,-0.1653637898345447,3.4430469374271744,-0.2036379756711497,1.017926728273767,0.9696821854232316,-0.0703918319987118,3.339716178654164,1.1256383025099117
64.0,68.0,1005.7072143554688,1.6491448804843336,2.9104453120023,-0.2376035463302053,3.615676320374159,-0.5459213406507523,1.0802436756395946,1.0229389087533642,-0.0226071327225542,3.134768809825729,1.4551102740604491
64.0,68.0,1005.2555541992188,-0.5037094802039921,3.707585390221884,-0.3280569768488796,3.321070462527059,0.979043172621886,-0.4155761280008436,0.9565504599200948,0.2951346271246178,3.295787014291044,2.1819067114242974
64.0,68.0,1008.2530517578124,1.5270982961521142,2.378577058659652,-0.1300141971189669,3.4316988602336704,-0.3495752633471561,0.6940326962933131,0.758785861126745,0.0664492484260929,3.002636118435235,0.7040430065820917
64.0,68.0,1006.2119140625,0.4893625390202833,1.7795423029239368,-0.2283334970089545,3.1277989280704825,0.4981169607027755,1.141197769335064,2.5146578201478693,1.975507430672696,4.311031517865723,2.0922100116751228
64.0,68.0,1006.5108642578124,1.1685864152557035,2.7422863333485434,-0.1019311206427966,3.4927380014308915,-0.2862684911241392,1.1077000929173788,1.0805232300206655,0.6838549062987216,3.220790808114516,1.679788189972098
64.0,68.0,1006.1808471679688,1.5044895019604971,4.37353118641234,-0.1123117642728705,3.278240110355435,-0.2710004059046436,1.206590297347884,1.0726861605494895,-0.7094813345437163,3.301103040810469,1.658737095350794
64.0,68.0,1004.5355224609376,-0.2067583177486083,2.156645823399848,1.1237471826284795,3.780946817479548,-0.5114493991580722,1.3470285072754011,1.5426076556614716,0.9251629364195506,3.6326501297850458,1.193605314089168
64.0,68.0,1005.1493530273438,0.5735184706036716,3.028423329307017,0.2644622216036731,2.659398374348958,0.2306337810705419,1.0125999917583286,1.1341537852403114,0.5087035841895886,3.226086612326376,1.548830647479367
64.0,68.0,1006.3345947265624,2.034042837590201,2.9125964116908234,-0.2024967773422643,3.3085072469478023,-0.07703122756074,0.9718660779238922,0.9340710653988924,1.2723474077259571,3.310849095998795,1.667239863445168
64.0,68.0,1007.4547729492188,1.43629090195749,3.110062472569856,-0.6944199584856007,3.302300007810594,0.2527122463629391,1.3830220275508731,1.1692670148495758,0.4543218612108505,3.286882813634093,1.9327433745059648
64.0,68.0,1005.6038818359376,1.308516753266523,2.1752865939900867,0.1815601508968082,4.19439705578338,-0.2059303139175663,1.0777198568117343,1.0908442654933863,0.2003939982353898,2.6281803945220314,1.684505779710975
64.0,68.0,1005.079833984375,0.8078773908434,3.0635542735379326,-0.2222773718837908,3.644619233544741,-0.0438507735814526,1.4232936018416082,0.7302359461628485,0.463335757005806,3.131559441489576,1.6311643300045815
64.0,68.0,1006.5872802734376,0.2656690085363156,2.8994275720441487,-0.0359203097652873,2.439288483665521,-0.403613583524778,2.160790506390417,1.4511060060394816,0.484404972217794,3.372222679109396,2.807072668682597
64.0,68.0,1005.7649536132812,0.2825466944237913,3.223371955913502,-1.130107795435179,3.475165291581171,-1.048330892200188,0.6773142097574366,1.7224453178602437,-0.0116344510771347,2.978858171781275,1.664112733334867
64.0,68.0,1005.4412231445312,1.0760585928896025,3.043829209022953,0.1516249576889987,2.5040090899037493,0.108098310179216,1.3923376410461463,1.0123123187632306,-0.980625588420784,3.3143856714436004,0.2993660291472664
64.0,68.0,1007.20849609375,1.42340442516376,1.6389601706335597,-0.4707376408526464,3.5510485345363576,0.0655674880221845,0.5345868805727112,1.7189295151854895,0.652892798276838,3.565456415960298,1.6765185041381792
64.0,68.0,1005.7882080078124,1.930989912640924,2.5698273775009017,-0.4222718299406413,2.2647280101266523,-1.2334670620841697,1.1900713704557306,1.273633231737758,-0.0756089152430987,3.487418316929421,1.693288812527204
64.0,68.0,1007.544677734375,-0.2805326006232682,3.1038845231404446,-0.1870705914575828,3.988367848503743,-0.2562732772840708,1.540852333686741,0.7450130913541388,1.6656985897711236,2.857401366589688,0.9264712942409098
64.0,68.0,1004.8368530273438,-0.0192859539180938,3.1458012448024646,-0.4052589456220559,3.5837623621294377,-0.4446218579421889,1.004306573519272,1.0674916208430016,-0.1473208806064043,4.659302750457305,1.266183010783346
64.0,68.0,1005.0035400390624,1.488088734200528,3.2964916798764268,-0.081613556681665,3.4931910742310563,-0.4795947022471148,1.19443031097595,1.5983254058784726,0.3030366300005376,3.1093375136026897,1.3517079212642986
64.0,68.0,1005.59716796875,0.8422960777773174,3.0348209215701183,-0.2311176520887816,3.530445462000517,0.731073415144617,1.0838871087870037,1.0526527931079228,-0.2789778063184201,3.525442996103043,1.9314441196361605
64.0,68.0,1005.8321533203124,0.377814434290604,3.895551475372848,0.0535583373255332,3.414557908843645,-0.5334289284626546,0.985593986932181,0.7933330380200138,0.0535584523865163,3.290998620666775,1.0098828753892786
64.0,68.0,1007.56396484375,1.5915642805280938,3.21505950846519,-0.2410976595448242,3.6131165800756304,-0.2068099645460922,0.826244304596254,1.0307855897467215,-0.0010368592724361,3.335010733974512,1.4161522741382744
64.0,68.0,1006.750732421875,1.4983206496546757,3.310143956253831,-0.0995478391109807,4.111181782258067,-0.0736615879452686,2.3151370482507234,0.654147595066203,0.6455422381112422,3.3493750202887504,1.9151768831651383
64.0,68.0,1005.9476318359376,0.0416259073064684,3.056620648095169,0.9059087932371556,3.541676985417584,-0.4558259587305865,-0.3150494321593007,1.05123482986649,-0.0994281152615595,3.238383279985208,1.6565234082160285
64.0,68.0,1006.3308715820312,1.535959406806901,3.012881012953959,-0.1663306996994601,3.5850778383914594,-0.2867194392540477,1.0486903470382465,1.1491035130694829,-0.0172823082687018,3.5717012420075,1.522958118209904
64.0,68.0,1005.21337890625,1.1138422598907147,3.163510525715634,-0.3509051133911852,2.6758266898773537,-0.5122082648359199,1.0718111705207738,1.65587216787568,-1.0170876187562123,3.54151433099572,1.3460114713344828
64.0,68.0,1004.9675903320312,0.5163418992741506,3.048817683689679,-0.6671757961656667,3.038681368765338,-1.5010622553438249,0.7996637919310045,1.2467383098495923,0.0980610079545224,3.3445950501342527,1.5795039091826957
64.0,68.0,1006.794189453125,1.7842150229085714,3.086643907761759,-0.4071495097907874,3.529350539027141,-0.2415845827324029,1.1672353105920736,1.2567164862868203,-0.0182878182678372,3.312056437732381,1.5360403432342848
64.0,68.0,1005.5949096679688,1.065741447403239,3.566321993171797,-0.1722097588879127,3.335195644635442,0.4153135222526197,1.6432684793938577,1.2308026718224587,0.3065238812510272,3.32453208933479,1.4181087479272612
64.0,68.0,1007.3155517578124,1.5371241881530973,3.0630876048410456,-0.0871751942409553,3.5037983811037874,0.0538749320857102,1.0868473082144283,1.0345167488863027,-0.175052114745749,3.3374017791678297,1.6722190592691553
64.0,68.0,1005.6847534179688,1.5291553936280218,2.501505383531246,-0.2181375611222888,3.0273038141281496,-0.2120236101567779,-0.0606551677314507,1.2525278734953254,0.419718581189239,3.340401835705691,1.7413380876269096
64.0,68.0,1007.3942260742188,1.5424126678030463,3.0792092971485934,-0.2950864639731521,3.4273389256056075,-0.2185157172346629,1.1555148532698905,1.027670704617852,-0.0089863143481305,3.1625335916527737,1.3009636469875132
64.0,68.0,1005.1350708007812,0.1661038185710084,2.5390123143543657,2.0774916054569346,1.835614257140512,-1.5735118140693944,0.0393769710875324,1.5364656260845004,0.9512514490147672,2.833057723425437,1.6722709438483858
64.0,68.0,1006.7476806640624,1.3783292661069166,2.227281756843792,0.7486796121921748,2.3676098445669496,-0.4352187250238886,0.1295667694666509,1.2582478032152908,0.9678886220425788,1.546052822985894,1.7088008776725607
64.0,68.0,1003.6841430664062,1.5264166200797986,3.063097861613356,-0.215819897253269,3.5490497273888275,-0.2048867388282806,1.0826619122252867,1.0511392207255632,-0.0170243374408754,3.2973942147249127,1.6821927523441609
64.0,68.0,1006.7684936523438,1.3436931167584212,2.9723827309808475,-0.6990999954194496,3.448097725237284,-0.2091829105316387,0.262391251339839,1.03385109722468,-0.0967344722036515,3.302876430253528,1.7245487486675914
64.0,68.0,1006.3912353515624,1.0823124156003283,3.145532408020725,0.0937498638335725,4.3492484902596935,-0.983369492477124,0.3045399617600217,1.0355153888892177,-0.6035785196627739,3.47882371336145,1.9749920545649893
64.0,68.0,1006.762451171875,0.911579189855552,2.951643676927795,0.8739934856927296,4.20168182927838,-0.2255314448514733,0.9538401412870204,1.055251361200275,2.289490443857167,3.223133074694574,1.6821020431151852
64.0,68.0,1006.4755249023438,1.5373922129536688,3.032235559935451,0.6874268984749604,3.275338603754686,-0.2140326921908348,1.494799281789143,0.9278351614159914,0.1155832775990138,3.2730834620692755,1.8184178138756064
64.0,68.0,1005.9786376953124,1.1755166225902458,3.0139295819900664,-0.2417305383366287,3.616814653335077,-0.2729520402836232,1.8592848557108288,1.1177652924446315,0.1211451494947978,3.912459696901169,2.2316448068592054
64.0,68.0,1004.7403564453124,0.4804166552562906,3.142058809388116,-0.507253232726782,3.78275224637308,-0.5671588827166028,1.1261544357254607,1.4122039073154182,0.5007209311294231,3.503301094810195,1.926829920271378
64.0,68.0,1006.1528930664062,1.4584771219640935,3.0646681446090005,-0.0897342209063494,2.9714324332868927,0.4872548106915795,1.0218047715675216,1.021649081637355,-1.0252645470791708,3.3139842712644967,1.598501157972346
64.0,68.0,1006.9170532226562,1.5008135023933489,2.9861872071511346,-0.431893834371605,2.8214919187287486,-0.2261427739521425,1.1105615551034884,0.4838116239205338,-0.0052966471293471,3.1909425469340382,0.7855032477643943
64.0,68.0,1005.6001586914062,0.1781387739601991,2.8222566258346973,-1.2784227836424644,2.158820161725356,-1.3598118191510389,1.8033214309254848,1.4312019484559402,0.0812233307260337,2.5723035292130967,1.5728984824109573
64.0,68.0,1005.8743896484376,0.0594998054986024,2.4736092679713666,-0.1808303602303297,1.535912543515276,-0.2128728184311272,0.8096079746393341,0.1778975985534896,-0.0199302804665875,3.321000599716123,2.4317144383963893
64.0,68.0,1005.768310546875,1.5999854791936896,2.9805356758612893,-0.224463190705871,3.807145392204087,-0.3379384159359995,1.0087144864956603,0.8161970981207121,-0.0299745068515237,3.525817858828421,1.6851147134922917
64.0,69.0,1004.9807739257812,-0.5860263830397243,3.065616109898324,0.1649193318545723,2.737410361495438,-0.3930089285615246,-0.1533558996367499,-0.4746565737067606,-0.0213919792120722,1.949093119885468,2.2963317078347827
64.0,69.0,1007.9323120117188,0.2833582410088201,3.059506966734865,-0.4440224240314817,3.537913671363393,0.595304704543162,1.2959109613147133,1.0881878258195288,0.0842539774170956,4.340152561424111,1.591153092112809
64.0,69.0,1006.1361694335938,0.8387232566556513,3.06514310945846,-0.2027294162619589,3.4053886985494604,-0.2057767340794501,0.9954022963306812,1.0357322898782315,-0.0773616051418161,3.3487778925027016,1.045925357427675
64.0,69.0,1005.7072143554688,1.6491448804843336,2.9104453120023,-0.2376035463302053,3.615676320374159,-0.5459213406507523,1.0802436756395946,1.0229389087533642,-0.0226071327225542,3.134768809825729,1.4551102740604491
64.0,69.0,1005.2555541992188,-0.5037094802039921,3.707585390221884,-0.3280569768488796,3.321070462527059,0.979043172621886,-0.4155761280008436,0.9565504599200948,0.2951346271246178,3.295787014291044,2.1819067114242974
64.0,69.0,1008.2530517578124,1.5270982961521142,2.378577058659652,-0.1300141971189669,3.4316988602336704,-0.3495752633471561,0.6940326962933131,0.758785861126745,0.0664492484260929,3.002636118435235,0.7040430065820917
64.0,69.0,1006.2119140625,0.4893625390202833,1.7795423029239368,-0.2283334970089545,3.1277989280704825,0.4981169607027755,1.141197769335064,2.5146578201478693,1.975507430672696,4.311031517865723,2.0922100116751228
64.0,69.0,1006.5108642578124,1.1685864152557035,2.7422863333485434,-0.1019311206427966,3.4927380014308915,-0.2862684911241392,1.1077000929173788,1.0805232300206655,0.6838549062987216,3.220790808114516,1.679788189972098
64.0,69.0,1006.1808471679688,1.5044895019604971,4.37353118641234,-0.1123117642728705,3.278240110355435,-0.2710004059046436,1.206590297347884,1.0726861605494895,-0.7094813345437163,3.301103040810469,1.658737095350794
64.0,69.0,1004.5355224609376,-0.2067583177486083,2.156645823399848,1.1237471826284795,3.780946817479548,-0.5114493991580722,1.3470285072754011,1.5426076556614716,0.9251629364195506,3.6326501297850458,1.193605314089168
64.0,69.0,1005.1493530273438,0.5735184706036716,3.028423329307017,0.2644622216036731,2.659398374348958,0.2306337810705419,1.0125999917583286,1.1341537852403114,0.5087035841895886,3.226086612326376,1.548830647479367
64.0,69.0,1006.3345947265624,2.034042837590201,2.9125964116908234,-0.2024967773422643,3.3085072469478023,-0.07703122756074,0.9718660779238922,0.9340710653988924,1.2723474077259571,3.310849095998795,1.667239863445168
64.0,69.0,1007.4547729492188,1.43629090195749,3.110062472569856,-0.6944199584856007,3.302300007810594,0.2527122463629391,1.3830220275508731,1.1692670148495758,0.4543218612108505,3.286882813634093,1.9327433745059648
64.0,69.0,1005.6038818359376,1.308516753266523,2.1752865939900867,0.1815601508968082,4.19439705578338,-0.2059303139175663,1.0777198568117343,1.0908442654933863,0.2003939982353898,2.6281803945220314,1.684505779710975
64.0,69.0,1005.079833984375,0.8078773908434,3.0635542735379326,-0.2222773718837908,3.644619233544741,-0.0438507735814526,1.4232936018416082,0.7302359461628485,0.463335757005806,3.131559441489576,1.6311643300045815
64.0,69.0,1006.5872802734376,0.2656690085363156,2.8994275720441487,-0.0359203097652873,2.439288483665521,-0.403613583524778,2.160790506390417,1.4511060060394816,0.484404972217794,3.372222679109396,2.807072668682597
64.0,69.0,1005.7649536132812,0.2825466944237913,3.223371955913502,-1.130107795435179,3.475165291581171,-1.048330892200188,0.6773142097574366,1.7224453178602437,-0.0116344510771347,2.978858171781275,1.664112733334867
64.0,69.0,1005.4412231445312,1.0760585928896025,3.043829209022953,0.1516249576889987,2.5040090899037493,0.108098310179216,1.3923376410461463,1.0123123187632306,-0.980625588420784,3.3143856714436004,0.2993660291472664
64.0,69.0,1007.20849609375,1.42340442516376,1.6389601706335597,-0.4707376408526464,3.5510485345363576,0.0655674880221845,0.5345868805727112,1.7189295151854895,0.652892798276838,3.565456415960298,1.6765185041381792
64.0,69.0,1005.7882080078124,1.930989912640924,2.5698273775009017,-0.4222718299406413,2.2647280101266523,-1.2334670620841697,1.1900713704557306,1.273633231737758,-0.0756089152430987,3.487418316929421,1.693288812527204
64.0,69.0,1007.544677734375,-0.2805326006232682,3.1038845231404446,-0.1870705914575828,3.988367848503743,-0.2562732772840708,1.540852333686741,0.7450130913541388,1.6656985897711236,2.857401366589688,0.9264712942409098
64.0,69.0,1004.8368530273438,-0.0192859539180938,3.1458012448024646,-0.4052589456220559,3.5837623621294377,-0.4446218579421889,1.004306573519272,1.0674916208430016,-0.1473208806064043,4.659302750457305,1.266183010783346
64.0,69.0,1005.0035400390624,1.488088734200528,3.2964916798764268,-0.081613556681665,3.4931910742310563,-0.4795947022471148,1.19443031097595,1.5983254058784726,0.3030366300005376,3.1093375136026897,1.3517079212642986
64.0,69.0,1005.59716796875,0.8422960777773174,3.0348209215701183,-0.2311176520887816,3.530445462000517,0.731073415144617,1.0838871087870037,1.0526527931079228,-0.2789778063184201,3.525442996103043,1.9314441196361605
64.0,69.0,1005.8321533203124,0.377814434290604,3.895551475372848,0.0535583373255332,3.414557908843645,-0.5334289284626546,0.985593986932181,0.7933330380200138,0.0535584523865163,3.290998620666775,1.0098828753892786
64.0,69.0,1007.56396484375,1.5915642805280938,3.21505950846519,-0.2410976595448242,3.6131165800756304,-0.2068099645460922,0.826244304596254,1.0307855897467215,-0.0010368592724361,3.335010733974512,1.4161522741382744
64.0,69.0,1006.750732421875,1.4983206496546757,3.310143956253831,-0.0995478391109807,4.111181782258067,-0.0736615879452686,2.3151370482507234,0.654147595066203,0.6455422381112422,3.3493750202887504,1.9151768831651383
64.0,69.0,1005.9476318359376,0.0416259073064684,3.056620648095169,0.9059087932371556,3.541676985417584,-0.4558259587305865,-0.3150494321593007,1.05123482986649,-0.0994281152615595,3.238383279985208,1.6565234082160285
64.0,69.0,1006.3308715820312,1.535959406806901,3.012881012953959,-0.1663306996994601,3.5850778383914594,-0.2867194392540477,1.0486903470382465,1.1491035130694829,-0.0172823082687018,3.5717012420075,1.522958118209904
64.0,69.0,1005.21337890625,1.1138422598907147,3.163510525715634,-0.3509051133911852,2.6758266898773537,-0.5122082648359199,1.0718111705207738,1.65587216787568,-1.0170876187562123,3.54151433099572,1.3460114713344828
64.0,69.0,1004.9675903320312,0.5163418992741506,3.048817683689679,-0.6671757961656667,3.038681368765338,-1.5010622553438249,0.7996637919310045,1.2467383098495923,0.0980610079545224,3.3445950501342527,1.5795039091826957
64.0,69.0,1006.794189453125,1.7842150229085714,3.086643907761759,-0.4071495097907874,3.529350539027141,-0.2415845827324029,1.1672353105920736,1.2567164862868203,-0.0182878182678372,3.312056437732381,1.5360403432342848
64.0,69.0,1005.5949096679688,1.065741447403239,3.566321993171797,-0.1722097588879127,3.335195644635442,0.4153135222526197,1.6432684793938577,1.2308026718224587,0.3065238812510272,3.32453208933479,1.4181087479272612
64.0,69.0,1007.3155517578124,1.5371241881530973,3.0630876048410456,-0.0871751942409553,3.5037983811037874,0.0538749320857102,1.0868473082144283,1.0345167488863027,-0.175052114745749,3.3374017791678297,1.6722190592691553
64.0,69.0,1005.6847534179688,1.5291553936280218,2.501505383531246,-0.2181375611222888,3.0273038141281496,-0.2120236101567779,-0.0606551677314507,1.2525278734953254,0.419718581189239,3.340401835705691,1.7413380876269096
64.0,69.0,1007.3942260742188,1.5424126678030463,3.0792092971485934,-0.2950864639731521,3.4273389256056075,-0.2185157172346629,1.1555148532698905,1.027670704617852,-0.0089863143481305,3.1625335916527737,1.3009636469875132
64.0,69.0,1005.1350708007812,0.1661038185710084,2.5390123143543657,2.0774916054569346,1.835614257140512,-1.5735118140693944,0.0393769710875324,1.5364656260845004,0.9512514490147672,2.833057723425437,1.6722709438483858
64.0,69.0,1006.7476806640624,1.3783292661069166,2.227281756843792,0.7486796121921748,2.3676098445669496,-0.4352187250238886,0.1295667694666509,1.2582478032152908,0.9678886220425788,1.546052822985894,1.7088008776725607
64.0,69.0,1003.6841430664062,1.5264166200797986,3.063097861613356,-0.215819897253269,3.5490497273888275,-0.2048867388282806,1.0826619122252867,1.0511392207255632,-0.0170243374408754,3.2973942147249127,1.6821927523441609
64.0,69.0,1006.7684936523438,1.3436931167584212,2.9723827309808475,-0.6990999954194496,3.448097725237284,-0.2091829105316387,0.262391251339839,1.03385109722468,-0.0967344722036515,3.302876430253528,1.7245487486675914
64.0,69.0,1006.3912353515624,1.0823124156003283,3.145532408020725,0.0937498638335725,4.3492484902596935,-0.983369492477124,0.3045399617600217,1.0355153888892177,-0.6035785196627739,3.47882371336145,1.9749920545649893
64.0,69.0,1006.762451171875,0.911579189855552,2.951643676927795,0.8739934856927296,4.20168182927838,-0.2255314448514733,0.9538401412870204,1.055251361200275,2.289490443857167,3.223133074694574,1.6821020431151852
64.0,69.0,1006.4755249023438,1.5373922129536688,3.032235559935451,0.6874268984749604,3.275338603754686,-0.2140326921908348,1.494799281789143,0.9278351614159914,0.1155832775990138,3.2730834620692755,1.8184178138756064
64.0,69.0,1005.9786376953124,1.1755166225902458,3.0139295819900664,-0.2417305383366287,3.616814653335077,-0.2729520402836232,1.8592848557108288,1.1177652924446315,0.1211451494947978,3.912459696901169,2.2316448068592054
64.0,69.0,1004.7403564453124,0.4804166552562906,3.142058809388116,-0.507253232726782,3.78275224637308,-0.5671588827166028,1.1261544357254607,1.4122039073154182,0.5007209311294231,3.503301094810195,1.926829920271378
64.0,69.0,1006.1528930664062,1.4584771219640935,3.0646681446090005,-0.0897342209063494,2.9714324332868927,0.4872548106915795,1.0218047715675216,1.021649081637355,-1.0252645470791708,3.3139842712644967,1.598501157972346
64.0,69.0,1006.9170532226562,1.5008135023933489,2.9861872071511346,-0.431893834371605,2.8214919187287486,-0.2261427739521425,1.1105615551034884,0.4838116239205338,-0.0052966471293471,3.1909425469340382,0.7855032477643943
64.0,69.0,1005.6001586914062,0.1781387739601991,2.8222566258346973,-1.2784227836424644,2.158820161725356,-1.3598118191510389,1.8033214309254848,1.4312019484559402,0.0812233307260337,2.5723035292130967,1.5728984824109573
64.0,69.0,1005.8743896484376,0.0594998054986024,2.4736092679713666,-0.1808303602303297,1.535912543515276,-0.2128728184311272,0.8096079746393341,0.1778975985534896,-0.0199302804665875,3.321000599716123,2.4317144383963893
64.0,69.0,1005.768310546875,1.5999854791936896,2.9805356758612893,-0.224463190705871,3.807145392204087,-0.3379384159359995,1.0087144864956603,0.8161970981207121,-0.0299745068515237,3.525817858828421,1.6851147134922917
64.0,70.0,1004.9807739257812,-0.5860263830397243,3.065616109898324,0.1649193318545723,2.737410361495438,-0.3930089285615246,-0.1533558996367499,-0.4746565737067606,-0.0213919792120722,1.949093119885468,2.2963317078347827
64.0,70.0,1007.9323120117188,0.2833582410088201,3.059506966734865,-0.4440224240314817,3.537913671363393,0.595304704543162,1.2959109613147133,1.0881878258195288,0.0842539774170956,4.340152561424111,1.591153092112809
64.0,70.0,1006.1361694335938,0.8387232566556513,3.06514310945846,-0.2027294162619589,3.4053886985494604,-0.2057767340794501,0.9954022963306812,1.0357322898782315,-0.0773616051418161,3.3487778925027016,1.045925357427675
64.0,70.0,1005.7072143554688,1.6491448804843336,2.9104453120023,-0.2376035463302053,3.615676320374159,-0.5459213406507523,1.0802436756395946,1.0229389087533642,-0.0226071327225542,3.134768809825729,1.4551102740604491
64.0,70.0,1005.2555541992188,-0.5037094802039921,3.707585390221884,-0.3280569768488796,3.321070462527059,0.979043172621886,-0.4155761280008436,0.9565504599200948,0.2951346271246178,3.295787014291044,2.1819067114242974
64.0,70.0,1008.2530517578124,1.5270982961521142,2.378577058659652,-0.1300141971189669,3.4316988602336704,-0.3495752633471561,0.6940326962933131,0.758785861126745,0.0664492484260929,3.002636118435235,0.7040430065820917
64.0,70.0,1006.2119140625,0.4893625390202833,1.7795423029239368,-0.2283334970089545,3.1277989280704825,0.4981169607027755,1.141197769335064,2.5146578201478693,1.975507430672696,4.311031517865723,2.0922100116751228
64.0,70.0,1006.5108642578124,1.1685864152557035,2.7422863333485434,-0.1019311206427966,3.4927380014308915,-0.2862684911241392,1.1077000929173788,1.0805232300206655,0.6838549062987216,3.220790808114516,1.679788189972098
64.0,70.0,1006.1808471679688,1.5044895019604971,4.37353118641234,-0.1123117642728705,3.278240110355435,-0.2710004059046436,1.206590297347884,1.0726861605494895,-0.7094813345437163,3.301103040810469,1.658737095350794
64.0,70.0,1004.5355224609376,-0.2067583177486083,2.156645823399848,1.1237471826284795,3.780946817479548,-0.5114493991580722,1.3470285072754011,1.5426076556614716,0.9251629364195506,3.6326501297850458,1.193605314089168
64.0,70.0,1005.1493530273438,0.5735184706036716,3.028423329307017,0.2644622216036731,2.659398374348958,0.2306337810705419,1.0125999917583286,1.1341537852403114,0.5087035841895886,3.226086612326376,1.548830647479367
64.0,70.0,1006.3345947265624,2.034042837590201,2.9125964116908234,-0.2024967773422643,3.3085072469478023,-0.07703122756074,0.9718660779238922,0.9340710653988924,1.2723474077259571,3.310849095998795,1.667239863445168
64.0,70.0,1007.4547729492188,1.43629090195749,3.110062472569856,-0.6944199584856007,3.302300007810594,0.2527122463629391,1.3830220275508731,1.1692670148495758,0.4543218612108505,3.286882813634093,1.9327433745059648
64.0,70.0,1005.6038818359376,1.308516753266523,2.1752865939900867,0.1815601508968082,4.19439705578338,-0.2059303139175663,1.0777198568117343,1.0908442654933863,0.2003939982353898,2.6281803945220314,1.684505779710975
64.0,70.0,1005.079833984375,0.8078773908434,3.0635542735379326,-0.2222773718837908,3.644619233544741,-0.0438507735814526,1.4232936018416082,0.7302359461628485,0.463335757005806,3.131559441489576,1.6311643300045815
64.0,70.0,1006.5872802734376,0.2656690085363156,2.8994275720441487,-0.0359203097652873,2.439288483665521,-0.403613583524778,2.160790506390417,1.4511060060394816,0.484404972217794,3.372222679109396,2.807072668682597
64.0,70.0,1005.7649536132812,0.2825466944237913,3.223371955913502,-1.130107795435179,3.475165291581171,-1.048330892200188,0.6773142097574366,1.7224453178602437,-0.0116344510771347,2.978858171781275,1.664112733334867
64.0,70.0,1005.4412231445312,1.0760585928896025,3.043829209022953,0.1516249576889987,2.5040090899037493,0.108098310179216,1.3923376410461463,1.0123123187632306,-0.980625588420784,3.3143856714436004,0.2993660291472664
64.0,70.0,1007.20849609375,1.42340442516376,1.6389601706335597,-0.4707376408526464,3.5510485345363576,0.0655674880221845,0.5345868805727112,1.7189295151854895,0.652892798276838,3.565456415960298,1.6765185041381792
64.0,70.0,1005.7882080078124,1.930989912640924,2.5698273775009017,-0.4222718299406413,2.2647280101266523,-1.2334670620841697,1.1900713704557306,1.273633231737758,-0.0756089152430987,3.487418316929421,1.693288812527204
64.0,70.0,1007.544677734375,-0.2805326006232682,3.1038845231404446,-0.1870705914575828,3.988367848503743,-0.2562732772840708,1.540852333686741,0.7450130913541388,1.6656985897711236,2.857401366589688,0.9264712942409098
64.0,70.0,1004.8368530273438,-0.0192859539180938,3.1458012448024646,-0.4052589456220559,3.5837623621294377,-0.4446218579421889,1.004306573519272,1.0674916208430016,-0.1473208806064043,4.659302750457305,1.266183010783346
64.0,70.0,1005.0035400390624,1.488088734200528,3.2964916798764268,-0.081613556681665,3.4931910742310563,-0.4795947022471148,1.19443031097595,1.5983254058784726,0.3030366300005376,3.1093375136026897,1.3517079212642986
64.0,70.0,1005.59716796875,0.8422960777773174,3.0348209215701183,-0.2311176520887816,3.530445462000517,0.731073415144617,1.0838871087870037,1.0526527931079228,-0.2789778063184201,3.525442996103043,1.9314441196361605
64.0,70.0,1005.8321533203124,0.377814434290604,3.895551475372848,0.0535583373255332,3.414557908843645,-0.5334289284626546,0.985593986932181,0.7933330380200138,0.0535584523865163,3.290998620666775,1.0098828753892786
64.0,70.0,1007.56396484375,1.5915642805280938,3.21505950846519,-0.2410976595448242,3.6131165800756304,-0.2068099645460922,0.826244304596254,1.0307855897467215,-0.0010368592724361,3.335010733974512,1.4161522741382744
64.0,70.0,1006.750732421875,1.4983206496546757,3.310143956253831,-0.0995478391109807,4.111181782258067,-0.0736615879452686,2.3151370482507234,0.654147595066203,0.6455422381112422,3.3493750202887504,1.9151768831651383
64.0,70.0,1005.9476318359376,0.0416259073064684,3.056620648095169,0.9059087932371556,3.541676985417584,-0.4558259587305865,-0.3150494321593007,1.05123482986649,-0.0994281152615595,3.238383279985208,1.6565234082160285
64.0,70.0,1006.3308715820312,1.535959406806901,3.012881012953959,-0.1663306996994601,3.5850778383914594,-0.2867194392540477,1.0486903470382465,1.1491035130694829,-0.0172823082687018,3.5717012420075,1.522958118209904
64.0,70.0,1005.21337890625,1.1138422598907147,3.163510525715634,-0.3509051133911852,2.6758266898773537,-0.5122082648359199,1.0718111705207738,1.65587216787568,-1.0170876187562123,3.54151433099572,1.3460114713344828
64.0,70.0,1004.9675903320312,0.5163418992741506,3.048817683689679,-0.6671757961656667,3.038681368765338,-1.5010622553438249,0.7996637919310045,1.2467383098495923,0.0980610079545224,3.3445950501342527,1.5795039091826957
64.0,70.0,1006.794189453125,1.7842150229085714,3.086643907761759,-0.4071495097907874,3.529350539027141,-0.2415845827324029,1.1672353105920736,1.2567164862868203,-0.0182878182678372,3.312056437732381,1.5360403432342848
64.0,70.0,1005.5949096679688,1.065741447403239,3.566321993171797,-0.1722097588879127,3.335195644635442,0.4153135222526197,1.6432684793938577,1.2308026718224587,0.3065238812510272,3.32453208933479,1.4181087479272612
64.0,70.0,1007.3155517578124,1.5371241881530973,3.0630876048410456,-0.0871751942409553,3.5037983811037874,0.0538749320857102,1.0868473082144283,1.0345167488863027,-0.175052114745749,3.3374017791678297,1.6722190592691553
64.0,70.0,1005.6847534179688,1.5291553936280218,2.501505383531246,-0.2181375611222888,3.0273038141281496,-0.2120236101567779,-0.0606551677314507,1.2525278734953254,0.419718581189239,3.340401835705691,1.7413380876269096
64.0,70.0,1007.3942260742188,1.5424126678030463,3.0792092971485934,-0.2950864639731521,3.4273389256056075,-0.2185157172346629,1.1555148532698905,1.027670704617852,-0.0089863143481305,3.1625335916527737,1.3009636469875132
64.0,70.0,1005.1350708007812,0.1661038185710084,2.5390123143543657,2.0774916054569346,1.835614257140512,-1.5735118140693944,0.0393769710875324,1.5364656260845004,0.9512514490147672,2.833057723425437,1.6722709438483858
64.0,70.0,1006.7476806640624,1.3783292661069166,2.227281756843792,0.7486796121921748,2.3676098445669496,-0.4352187250238886,0.1295667694666509,1.2582478032152908,0.9678886220425788,1.546052822985894,1.7088008776725607
64.0,70.0,1003.6841430664062,1.5264166200797986,3.063097861613356,-0.215819897253269,3.5490497273888275,-0.2048867388282806,1.0826619122252867,1.0511392207255632,-0.0170243374408754,3.2973942147249127,1.6821927523441609
64.0,70.0,1006.7684936523438,1.3436931167584212,2.9723827309808475,-0.6990999954194496,3.448097725237284,-0.2091829105316387,0.262391251339839,1.03385109722468,-0.0967344722036515,3.302876430253528,1.7245487486675914
64.0,70.0,1006.3912353515624,1.0823124156003283,3.145532408020725,0.0937498638335725,4.3492484902596935,-0.983369492477124,0.3045399617600217,1.0355153888892177,-0.6035785196627739,3.47882371336145,1.9749920545649893
64.0,70.0,1006.762451171875,0.911579189855552,2.951643676927795,0.8739934856927296,4.20168182927838,-0.2255314448514733,0.9538401412870204,1.055251361200275,2.289490443857167,3.223133074694574,1.6821020431151852
64.0,70.0,1006.4755249023438,1.5373922129536688,3.032235559935451,0.6874268984749604,3.275338603754686,-0.2140326921908348,1.494799281789143,0.9278351614159914,0.1155832775990138,3.2730834620692755,1.8184178138756064
64.0,70.0,1005.9786376953124,1.1755166225902458,3.0139295819900664,-0.2417305383366287,3.616814653335077,-0.2729520402836232,1.8592848557108288,1.1177652924446315,0.1211451494947978,3.912459696901169,2.2316448068592054
64.0,70.0,1004.7403564453124,0.4804166552562906,3.142058809388116,-0.507253232726782,3.78275224637308,-0.5671588827166028,1.1261544357254607,1.4122039073154182,0.5007209311294231,3.503301094810195,1.926829920271378
64.0,70.0,1006.1528930664062,1.4584771219640935,3.0646681446090005,-0.0897342209063494,2.9714324332868927,0.4872548106915795,1.0218047715675216,1.021649081637355,-1.0252645470791708,3.3139842712644967,1.598501157972346
64.0,70.0,1006.9170532226562,1.5008135023933489,2.9861872071511346,-0.431893834371605,2.8214919187287486,-0.2261427739521425,1.1105615551034884,0.4838116239205338,-0.0052966471293471,3.1909425469340382,0.7855032477643943
64.0,70.0,1005.6001586914062,0.1781387739601991,2.8222566258346973,-1.2784227836424644,2.158820161725356,-1.3598118191510389,1.8033214309254848,1.4312019484559402,0.0812233307260337,2.5723035292130967,1.5728984824109573
64.0,70.0,1005.8743896484376,0.0594998054986024,2.4736092679713666,-0.1808303602303297,1.535912543515276,-0.2128728184311272,0.8096079746393341,0.1778975985534896,-0.0199302804665875,3.321000599716123,2.4317144383963893
64.0,70.0,1005.768310546875,1.5999854791936896,2.9805356758612893,-0.224463190705871,3.807145392204087,-0.3379384159359995,1.0087144864956603,0.8161970981207121,-0.0299745068515237,3.525817858828421,1.6851147134922917
64.0,71.0,1004.9807739257812,-0.5860263830397243,3.065616109898324,0.1649193318545723,2.737410361495438,-0.3930089285615246,-0.1533558996367499,-0.4746565737067606,-0.0213919792120722,1.949093119885468,2.2963317078347827
64.0,71.0,1007.9323120117188,0.2833582410088201,3.059506966734865,-0.4440224240314817,3.537913671363393,0.595304704543162,1.2959109613147133,1.0881878258195288,0.0842539774170956,4.340152561424111,1.591153092112809
64.0,71.0,1006.1361694335938,0.8387232566556513,3.06514310945846,-0.2027294162619589,3.4053886985494604,-0.2057767340794501,0.9954022963306812,1.0357322898782315,-0.0773616051418161,3.3487778925027016,1.045925357427675
64.0,71.0,1005.7072143554688,1.6491448804843336,2.9104453120023,-0.2376035463302053,3.615676320374159,-0.5459213406507523,1.0802436756395946,1.0229389087533642,-0.0226071327225542,3.134768809825729,1.4551102740604491
64.0,71.0,1005.2555541992188,-0.5037094802039921,3.707585390221884,-0.3280569768488796,3.321070462527059,0.979043172621886,-0.4155761280008436,0.9565504599200948,0.2951346271246178,3.295787014291044,2.1819067114242974
64.0,71.0,1008.2530517578124,1.5270982961521142,2.378577058659652,-0.1300141971189669,3.4316988602336704,-0.3495752633471561,0.6940326962933131,0.758785861126745,0.0664492484260929,3.002636118435235,0.7040430065820917
64.0,71.0,1006.2119140625,0.4893625390202833,1.7795423029239368,-0.2283334970089545,3.1277989280704825,0.4981169607027755,1.141197769335064,2.5146578201478693,1.975507430672696,4.311031517865723,2.0922100116751228
64.0,71.0,1006.5108642578124,1.1685864152557035,2.7422863333485434,-0.1019311206427966,3.4927380014308915,-0.2862684911241392,1.1077000929173788,1.0805232300206655,0.6838549062987216,3.220790808114516,1.679788189972098
64.0,71.0,1006.1808471679688,1.5044895019604971,4.37353118641234,-0.1123117642728705,3.278240110355435,-0.2710004059046436,1.206590297347884,1.0726861605494895,-0.7094813345437163,3.301103040810469,1.658737095350794
64.0,71.0,1004.5355224609376,-0.2067583177486083,2.156645823399848,1.1237471826284795,3.780946817479548,-0.5114493991580722,1.3470285072754011,1.5426076556614716,0.9251629364195506,3.6326501297850458,1.193605314089168
64.0,71.0,1005.1493530273438,0.5735184706036716,3.028423329307017,0.2644622216036731,2.659398374348958,0.2306337810705419,1.0125999917583286,1.1341537852403114,0.5087035841895886,3.226086612326376,1.548830647479367
64.0,71.0,1005.850341796875,0.7304566630682912,2.8380748741163657,-0.2219267898013583,3.466029501035801,-0.1102170028146247,1.110438836618309,0.9149193344556408,0.3481579968014066,3.321659140756495,1.6742221258225534
64.0,71.0,1007.4547729492188,1.43629090195749,3.110062472569856,-0.6944199584856007,3.302300007810594,0.2527122463629391,1.3830220275508731,1.1692670148495758,0.4543218612108505,3.286882813634093,1.9327433745059648
64.0,71.0,1005.6038818359376,1.308516753266523,2.1752865939900867,0.1815601508968082,4.19439705578338,-0.2059303139175663,1.0777198568117343,1.0908442654933863,0.2003939982353898,2.6281803945220314,1.684505779710975
64.0,71.0,1005.079833984375,0.8078773908434,3.0635542735379326,-0.2222773718837908,3.644619233544741,-0.0438507735814526,1.4232936018416082,0.7302359461628485,0.463335757005806,3.131559441489576,1.6311643300045815
64.0,71.0,1006.5872802734376,0.2656690085363156,2.8994275720441487,-0.0359203097652873,2.439288483665521,-0.403613583524778,2.160790506390417,1.4511060060394816,0.484404972217794,3.372222679109396,2.807072668682597
64.0,71.0,1005.7649536132812,0.2825466944237913,3.223371955913502,-1.130107795435179,3.475165291581171,-1.048330892200188,0.6773142097574366,1.7224453178602437,-0.0116344510771347,2.978858171781275,1.664112733334867
64.0,71.0,1005.4412231445312,1.0760585928896025,3.043829209022953,0.1516249576889987,2.5040090899037493,0.108098310179216,1.3923376410461463,1.0123123187632306,-0.980625588420784,3.3143856714436004,0.2993660291472664
64.0,71.0,1007.20849609375,1.42340442516376,1.6389601706335597,-0.4707376408526464,3.5510485345363576,0.0655674880221845,0.5345868805727112,1.7189295151854895,0.652892798276838,3.565456415960298,1.6765185041381792
64.0,71.0,1005.7882080078124,1.930989912640924,2.5698273775009017,-0.4222718299406413,2.2647280101266523,-1.2334670620841697,1.1900713704557306,1.273633231737758,-0.0756089152430987,3.487418316929421,1.693288812527204
64.0,71.0,1007.544677734375,-0.2805326006232682,3.1038845231404446,-0.1870705914575828,3.988367848503743,-0.2562732772840708,1.540852333686741,0.7450130913541388,1.6656985897711236,2.857401366589688,0.9264712942409098
64.0,71.0,1004.8368530273438,-0.0192859539180938,3.1458012448024646,-0.4052589456220559,3.5837623621294377,-0.4446218579421889,1.004306573519272,1.0674916208430016,-0.1473208806064043,4.659302750457305,1.266183010783346
64.0,71.0,1005.0035400390624,1.488088734200528,3.2964916798764268,-0.081613556681665,3.4931910742310563,-0.4795947022471148,1.19443031097595,1.5983254058784726,0.3030366300005376,3.1093375136026897,1.3517079212642986
64.0,71.0,1005.59716796875,0.8422960777773174,3.0348209215701183,-0.2311176520887816,3.530445462000517,0.731073415144617,1.0838871087870037,1.0526527931079228,-0.2789778063184201,3.525442996103043,1.9314441196361605
64.0,71.0,1005.8321533203124,0.377814434290604,3.895551475372848,0.0535583373255332,3.414557908843645,-0.5334289284626546,0.985593986932181,0.7933330380200138,0.0535584523865163,3.290998620666775,1.0098828753892786
64.0,71.0,1007.56396484375,1.5915642805280938,3.21505950846519,-0.2410976595448242,3.6131165800756304,-0.2068099645460922,0.826244304596254,1.0307855897467215,-0.0010368592724361,3.335010733974512,1.4161522741382744
64.0,71.0,1006.750732421875,1.4983206496546757,3.310143956253831,-0.0995478391109807,4.111181782258067,-0.0736615879452686,2.3151370482507234,0.654147595066203,0.6455422381112422,3.3493750202887504,1.9151768831651383
64.0,71.0,1005.9476318359376,0.0416259073064684,3.056620648095169,0.9059087932371556,3.541676985417584,-0.4558259587305865,-0.3150494321593007,1.05123482986649,-0.0994281152615595,3.238383279985208,1.6565234082160285
64.0,71.0,1006.3308715820312,1.535959406806901,3.012881012953959,-0.1663306996994601,3.5850778383914594,-0.2867194392540477,1.0486903470382465,1.1491035130694829,-0.0172823082687018,3.5717012420075,1.522958118209904
64.0,71.0,1005.21337890625,1.1138422598907147,3.163510525715634,-0.3509051133911852,2.6758266898773537,-0.5122082648359199,1.0718111705207738,1.65587216787568,-1.0170876187562123,3.54151433099572,1.3460114713344828
64.0,71.0,1004.9675903320312,0.5163418992741506,3.048817683689679,-0.6671757961656667,3.038681368765338,-1.5010622553438249,0.7996637919310045,1.2467383098495923,0.0980610079545224,3.3445950501342527,1.5795039091826957
64.0,71.0,1006.794189453125,1.7842150229085714,3.086643907761759,-0.4071495097907874,3.529350539027141,-0.2415845827324029,1.1672353105920736,1.2567164862868203,-0.0182878182678372,3.312056437732381,1.5360403432342848
64.0,71.0,1005.5949096679688,1.065741447403239,3.566321993171797,-0.1722097588879127,3.335195644635442,0.4153135222526197,1.6432684793938577,1.2308026718224587,0.3065238812510272,3.32453208933479,1.4181087479272612
64.0,71.0,1007.3155517578124,1.5371241881530973,3.0630876048410456,-0.0871751942409553,3.5037983811037874,0.0538749320857102,1.0868473082144283,1.0345167488863027,-0.175052114745749,3.3374017791678297,1.6722190592691553
64.0,71.0,1005.6847534179688,1.5291553936280218,2.501505383531246,-0.2181375611222888,3.0273038141281496,-0.2120236101567779,-0.0606551677314507,1.2525278734953254,0.419718581189239,3.340401835705691,1.7413380876269096
64.0,71.0,1007.3942260742188,1.5424126678030463,3.0792092971485934,-0.2950864639731521,3.4273389256056075,-0.2185157172346629,1.1555148532698905,1.027670704617852,-0.0089863143481305,3.1625335916527737,1.3009636469875132
64.0,71.0,1005.1350708007812,0.1661038185710084,2.5390123143543657,2.0774916054569346,1.835614257140512,-1.5735118140693944,0.0393769710875324,1.5364656260845004,0.9512514490147672,2.833057723425437,1.6722709438483858
64.0,71.0,1006.7476806640624,1.3783292661069166,2.227281756843792,0.7486796121921748,2.3676098445669496,-0.4352187250238886,0.1295667694666509,1.2582478032152908,0.9678886220425788,1.546052822985894,1.7088008776725607
64.0,71.0,1003.6841430664062,1.5264166200797986,3.063097861613356,-0.215819897253269,3.5490497273888275,-0.2048867388282806,1.0826619122252867,1.0511392207255632,-0.0170243374408754,3.2973942147249127,1.6821927523441609
64.0,71.0,1006.7684936523438,1.3436931167584212,2.9723827309808475,-0.6990999954194496,3.448097725237284,-0.2091829105316387,0.262391251339839,1.03385109722468,-0.0967344722036515,3.302876430253528,1.7245487486675914
64.0,71.0,1006.3912353515624,1.0823124156003283,3.145532408020725,0.0937498638335725,4.3492484902596935,-0.983369492477124,0.3045399617600217,1.0355153888892177,-0.6035785196627739,3.47882371336145,1.9749920545649893
64.0,71.0,1006.762451171875,0.911579189855552,2.951643676927795,0.8739934856927296,4.20168182927838,-0.2255314448514733,0.9538401412870204,1.055251361200275,2.289490443857167,3.223133074694574,1.6821020431151852
64.0,71.0,1006.4755249023438,1.5373922129536688,3.032235559935451,0.6874268984749604,3.275338603754686,-0.2140326921908348,1.494799281789143,0.9278351614159914,0.1155832775990138,3.2730834620692755,1.8184178138756064
64.0,71.0,1005.9786376953124,1.1755166225902458,3.0139295819900664,-0.2417305383366287,3.616814653335077,-0.2729520402836232,1.8592848557108288,1.1177652924446315,0.1211451494947978,3.912459696901169,2.2316448068592054
64.0,71.0,1004.7403564453124,0.4804166552562906,3.142058809388116,-0.507253232726782,3.78275224637308,-0.5671588827166028,1.1261544357254607,1.4122039073154182,0.5007209311294231,3.503301094810195,1.926829920271378
64.0,71.0,1006.1528930664062,1.4584771219640935,3.0646681446090005,-0.0897342209063494,2.9714324332868927,0.4872548106915795,1.0218047715675216,1.021649081637355,-1.0252645470791708,3.3139842712644967,1.598501157972346
64.0,71.0,1006.9170532226562,1.5008135023933489,2.9861872071511346,-0.431893834371605,2.8214919187287486,-0.2261427739521425,1.1105615551034884,0.4838116239205338,-0.0052966471293471,3.1909425469340382,0.7855032477643943
64.0,71.0,1005.6001586914062,0.1781387739601991,2.8222566258346973,-1.2784227836424644,2.158820161725356,-1.3598118191510389,1.8033214309254848,1.4312019484559402,0.0812233307260337,2.5723035292130967,1.5728984824109573
64.0,71.0,1005.8743896484376,0.0594998054986024,2.4736092679713666,-0.1808303602303297,1.535912543515276,-0.2128728184311272,0.8096079746393341,0.1778975985534896,-0.0199302804665875,3.321000599716123,2.4317144383963893
64.0,71.0,1005.768310546875,1.5999854791936896,2.9805356758612893,-0.224463190705871,3.807145392204087,-0.3379384159359995,1.0087144864956603,0.8161970981207121,-0.0299745068515237,3.525817858828421,1.6851147134922917
64.0,72.0,1004.9807739257812,-0.5860263830397243,3.065616109898324,0.1649193318545723,2.737410361495438,-0.3930089285615246,-0.1533558996367499,-0.4746565737067606,-0.0213919792120722,1.949093119885468,2.2963317078347827
64.0,72.0,1007.9323120117188,0.2833582410088201,3.059506966734865,-0.4440224240314817,3.537913671363393,0.595304704543162,1.2959109613147133,1.0881878258195288,0.0842539774170956,4.340152561424111,1.591153092112809
64.0,72.0,1006.1361694335938,0.8387232566556513,3.06514310945846,-0.2027294162619589,3.4053886985494604,-0.2057767340794501,0.9954022963306812,1.0357322898782315,-0.0773616051418161,3.3487778925027016,1.045925357427675
64.0,72.0,1005.7072143554688,1.6491448804843336,2.9104453120023,-0.2376035463302053,3.615676320374159,-0.5459213406507523,1.0802436756395946,1.0229389087533642,-0.0226071327225542,3.134768809825729,1.4551102740604491
64.0,72.0,1005.2555541992188,-0.5037094802039921,3.707585390221884,-0.3280569768488796,3.321070462527059,0.979043172621886,-0.4155761280008436,0.9565504599200948,0.2951346271246178,3.295787014291044,2.1819067114242974
64.0,72.0,1008.2530517578124,1.5270982961521142,2.378577058659652,-0.1300141971189669,3.4316988602336704,-0.3495752633471561,0.6940326962933131,0.758785861126745,0.0664492484260929,3.002636118435235,0.7040430065820917
64.0,72.0,1006.2119140625,0.4893625390202833,1.7795423029239368,-0.2283334970089545,3.1277989280704825,0.4981169607027755,1.141197769335064,2.5146578201478693,1.975507430672696,4.311031517865723,2.0922100116751228
64.0,72.0,1006.5108642578124,1.1685864152557035,2.7422863333485434,-0.1019311206427966,3.4927380014308915,-0.2862684911241392,1.1077000929173788,1.0805232300206655,0.6838549062987216,3.220790808114516,1.679788189972098
64.0,72.0,1006.1808471679688,1.5044895019604971,4.37353118641234,-0.1123117642728705,3.278240110355435,-0.2710004059046436,1.206590297347884,1.0726861605494895,-0.7094813345437163,3.301103040810469,1.658737095350794
64.0,72.0,1004.5355224609376,-0.2067583177486083,2.156645823399848,1.1237471826284795,3.780946817479548,-0.5114493991580722,1.3470285072754011,1.5426076556614716,0.9251629364195506,3.6326501297850458,1.193605314089168
64.0,72.0,1005.1493530273438,0.5735184706036716,3.028423329307017,0.2644622216036731,2.659398374348958,0.2306337810705419,1.0125999917583286,1.1341537852403114,0.5087035841895886,3.226086612326376,1.548830647479367
64.0,72.0,1005.850341796875,0.7304566630682912,2.8380748741163657,-0.2219267898013583,3.466029501035801,-0.1102170028146247,1.110438836618309,0.9149193344556408,0.3481579968014066,3.321659140756495,1.6742221258225534
64.0,72.0,1007.4547729492188,1.43629090195749,3.110062472569856,-0.6944199584856007,3.302300007810594,0.2527122463629391,1.3830220275508731,1.1692670148495758,0.4543218612108505,3.286882813634093,1.9327433745059648
64.0,72.0,1005.6038818359376,1.308516753266523,2.1752865939900867,0.1815601508968082,4.19439705578338,-0.2059303139175663,1.0777198568117343,1.0908442654933863,0.2003939982353898,2.6281803945220314,1.684505779710975
64.0,72.0,1005.079833984375,0.8078773908434,3.0635542735379326,-0.2222773718837908,3.644619233544741,-0.0438507735814526,1.4232936018416082,0.7302359461628485,0.463335757005806,3.131559441489576,1.6311643300045815
64.0,72.0,1006.5872802734376,0.2656690085363156,2.8994275720441487,-0.0359203097652873,2.439288483665521,-0.403613583524778,2.160790506390417,1.4511060060394816,0.484404972217794,3.372222679109396,2.807072668682597
64.0,72.0,1005.7649536132812,0.2825466944237913,3.223371955913502,-1.130107795435179,3.475165291581171,-1.048330892200188,0.6773142097574366,1.7224453178602437,-0.0116344510771347,2.978858171781275,1.664112733334867
64.0,72.0,1005.4412231445312,1.0760585928896025,3.043829209022953,0.1516249576889987,2.5040090899037493,0.108098310179216,1.3923376410461463,1.0123123187632306,-0.980625588420784,3.3143856714436004,0.2993660291472664
64.0,72.0,1007.20849609375,1.42340442516376,1.6389601706335597,-0.4707376408526464,3.5510485345363576,0.0655674880221845,0.5345868805727112,1.7189295151854895,0.652892798276838,3.565456415960298,1.6765185041381792
64.0,72.0,1005.7882080078124,1.930989912640924,2.5698273775009017,-0.4222718299406413,2.2647280101266523,-1.2334670620841697,1.1900713704557306,1.273633231737758,-0.0756089152430987,3.487418316929421,1.693288812527204
64.0,72.0,1007.544677734375,-0.2805326006232682,3.1038845231404446,-0.1870705914575828,3.988367848503743,-0.2562732772840708,1.540852333686741,0.7450130913541388,1.6656985897711236,2.857401366589688,0.9264712942409098
64.0,72.0,1004.8368530273438,-0.0192859539180938,3.1458012448024646,-0.4052589456220559,3.5837623621294377,-0.4446218579421889,1.004306573519272,1.0674916208430016,-0.1473208806064043,4.659302750457305,1.266183010783346
64.0,72.0,1005.0035400390624,1.488088734200528,3.2964916798764268,-0.081613556681665,3.4931910742310563,-0.4795947022471148,1.19443031097595,1.5983254058784726,0.3030366300005376,3.1093375136026897,1.3517079212642986
64.0,72.0,1005.59716796875,0.8422960777773174,3.0348209215701183,-0.2311176520887816,3.530445462000517,0.731073415144617,1.0838871087870037,1.0526527931079228,-0.2789778063184201,3.525442996103043,1.9314441196361605
64.0,72.0,1005.8321533203124,0.377814434290604,3.895551475372848,0.0535583373255332,3.414557908843645,-0.5334289284626546,0.985593986932181,0.7933330380200138,0.0535584523865163,3.290998620666775,1.0098828753892786
64.0,72.0,1007.56396484375,1.5915642805280938,3.21505950846519,-0.2410976595448242,3.6131165800756304,-0.2068099645460922,0.826244304596254,1.0307855897467215,-0.0010368592724361,3.335010733974512,1.4161522741382744
64.0,72.0,1006.750732421875,1.4983206496546757,3.310143956253831,-0.0995478391109807,4.111181782258067,-0.0736615879452686,2.3151370482507234,0.654147595066203,0.6455422381112422,3.3493750202887504,1.9151768831651383
64.0,72.0,1005.9476318359376,0.0416259073064684,3.056620648095169,0.9059087932371556,3.541676985417584,-0.4558259587305865,-0.3150494321593007,1.05123482986649,-0.0994281152615595,3.238383279985208,1.6565234082160285
64.0,72.0,1006.3308715820312,1.535959406806901,3.012881012953959,-0.1663306996994601,3.5850778383914594,-0.2867194392540477,1.0486903470382465,1.1491035130694829,-0.0172823082687018,3.5717012420075,1.522958118209904
64.0,72.0,1005.21337890625,1.1138422598907147,3.163510525715634,-0.3509051133911852,2.6758266898773537,-0.5122082648359199,1.0718111705207738,1.65587216787568,-1.0170876187562123,3.54151433099572,1.3460114713344828
64.0,72.0,1004.9675903320312,0.5163418992741506,3.048817683689679,-0.6671757961656667,3.038681368765338,-1.5010622553438249,0.7996637919310045,1.2467383098495923,0.0980610079545224,3.3445950501342527,1.5795039091826957
64.0,72.0,1006.794189453125,1.7842150229085714,3.086643907761759,-0.4071495097907874,3.529350539027141,-0.2415845827324029,1.1672353105920736,1.2567164862868203,-0.0182878182678372,3.312056437732381,1.5360403432342848
64.0,72.0,1005.5949096679688,1.065741447403239,3.566321993171797,-0.1722097588879127,3.335195644635442,0.4153135222526197,1.6432684793938577,1.2308026718224587,0.3065238812510272,3.32453208933479,1.4181087479272612
64.0,72.0,1007.3155517578124,1.5371241881530973,3.0630876048410456,-0.0871751942409553,3.5037983811037874,0.0538749320857102,1.0868473082144283,1.0345167488863027,-0.175052114745749,3.3374017791678297,1.6722190592691553
64.0,72.0,1005.6847534179688,1.5291553936280218,2.501505383531246,-0.2181375611222888,3.0273038141281496,-0.2120236101567779,-0.0606551677314507,1.2525278734953254,0.419718581189239,3.340401835705691,1.7413380876269096
64.0,72.0,1007.3942260742188,1.5424126678030463,3.0792092971485934,-0.2950864639731521,3.4273389256056075,-0.2185157172346629,1.1555148532698905,1.027670704617852,-0.0089863143481305,3.1625335916527737,1.3009636469875132
64.0,72.0,1005.1350708007812,0.1661038185710084,2.5390123143543657,2.0774916054569346,1.835614257140512,-1.5735118140693944,0.0393769710875324,1.5364656260845004,0.9512514490147672,2.833057723425437,1.6722709438483858
64.0,72.0,1006.7476806640624,1.3783292661069166,2.227281756843792,0.7486796121921748,2.3676098445669496,-0.4352187250238886,0.1295667694666509,1.2582478032152908,0.9678886220425788,1.546052822985894,1.7088008776725607
64.0,72.0,1003.6841430664062,1.5264166200797986,3.063097861613356,-0.215819897253269,3.5490497273888275,-0.2048867388282806,1.0826619122252867,1.0511392207255632,-0.0170243374408754,3.2973942147249127,1.6821927523441609
64.0,72.0,1006.7684936523438,1.3436931167584212,2.9723827309808475,-0.6990999954194496,3.448097725237284,-0.2091829105316387,0.262391251339839,1.03385109722468,-0.0967344722036515,3.302876430253528,1.7245487486675914
64.0,72.0,1006.3912353515624,1.0823124156003283,3.145532408020725,0.0937498638335725,4.3492484902596935,-0.983369492477124,0.3045399617600217,1.0355153888892177,-0.6035785196627739,3.47882371336145,1.9749920545649893
64.0,72.0,1006.762451171875,0.911579189855552,2.951643676927795,0.8739934856927296,4.20168182927838,-0.2255314448514733,0.9538401412870204,1.055251361200275,2.289490443857167,3.223133074694574,1.6821020431151852
64.0,72.0,1006.4755249023438,1.5373922129536688,3.032235559935451,0.6874268984749604,3.275338603754686,-0.2140326921908348,1.494799281789143,0.9278351614159914,0.1155832775990138,3.2730834620692755,1.8184178138756064
64.0,72.0,1005.9786376953124,1.1755166225902458,3.0139295819900664,-0.2417305383366287,3.616814653335077,-0.2729520402836232,1.8592848557108288,1.1177652924446315,0.1211451494947978,3.912459696901169,2.2316448068592054
64.0,72.0,1004.7403564453124,0.4804166552562906,3.142058809388116,-0.507253232726782,3.78275224637308,-0.5671588827166028,1.1261544357254607,1.4122039073154182,0.5007209311294231,3.503301094810195,1.926829920271378
64.0,72.0,1006.1528930664062,1.4584771219640935,3.0646681446090005,-0.0897342209063494,2.9714324332868927,0.4872548106915795,1.0218047715675216,1.021649081637355,-1.0252645470791708,3.3139842712644967,1.598501157972346
64.0,72.0,1006.9170532226562,1.5008135023933489,2.9861872071511346,-0.431893834371605,2.8214919187287486,-0.2261427739521425,1.1105615551034884,0.4838116239205338,-0.0052966471293471,3.1909425469340382,0.7855032477643943
64.0,72.0,1005.6001586914062,0.1781387739601991,2.8222566258346973,-1.2784227836424644,2.158820161725356,-1.3598118191510389,1.8033214309254848,1.4312019484559402,0.0812233307260337,2.5723035292130967,1.5728984824109573
64.0,72.0,1005.8743896484376,0.0594998054986024,2.4736092679713666,-0.1808303602303297,1.535912543515276,-0.2128728184311272,0.8096079746393341,0.1778975985534896,-0.0199302804665875,3.321000599716123,2.4317144383963893
64.0,72.0,1005.768310546875,1.5999854791936896,2.9805356758612893,-0.224463190705871,3.807145392204087,-0.3379384159359995,1.0087144864956603,0.8161970981207121,-0.0299745068515237,3.525817858828421,1.6851147134922917
64.0,73.0,1004.9807739257812,-0.5860263830397243,3.065616109898324,0.1649193318545723,2.737410361495438,-0.3930089285615246,-0.1533558996367499,-0.4746565737067606,-0.0213919792120722,1.949093119885468,2.2963317078347827
64.0,73.0,1007.9323120117188,0.2833582410088201,3.059506966734865,-0.4440224240314817,3.537913671363393,0.595304704543162,1.2959109613147133,1.0881878258195288,0.0842539774170956,4.340152561424111,1.591153092112809
64.0,73.0,1006.1361694335938,0.8387232566556513,3.06514310945846,-0.2027294162619589,3.4053886985494604,-0.2057767340794501,0.9954022963306812,1.0357322898782315,-0.0773616051418161,3.3487778925027016,1.045925357427675
64.0,73.0,1005.7072143554688,1.6491448804843336,2.9104453120023,-0.2376035463302053,3.615676320374159,-0.5459213406507523,1.0802436756395946,1.0229389087533642,-0.0226071327225542,3.134768809825729,1.4551102740604491
64.0,73.0,1005.2555541992188,-0.5037094802039921,3.707585390221884,-0.3280569768488796,3.321070462527059,0.979043172621886,-0.4155761280008436,0.9565504599200948,0.2951346271246178,3.295787014291044,2.1819067114242974
64.0,73.0,1008.2530517578124,1.5270982961521142,2.378577058659652,-0.1300141971189669,3.4316988602336704,-0.3495752633471561,0.6940326962933131,0.758785861126745,0.0664492484260929,3.002636118435235,0.7040430065820917
64.0,73.0,1006.2119140625,0.4893625390202833,1.7795423029239368,-0.2283334970089545,3.1277989280704825,0.4981169607027755,1.141197769335064,2.5146578201478693,1.975507430672696,4.311031517865723,2.0922100116751228
64.0,73.0,1006.5108642578124,1.1685864152557035,2.7422863333485434,-0.1019311206427966,3.4927380014308915,-0.2862684911241392,1.1077000929173788,1.0805232300206655,0.6838549062987216,3.220790808114516,1.679788189972098
64.0,73.0,1006.1808471679688,1.5044895019604971,4.37353118641234,-0.1123117642728705,3.278240110355435,-0.2710004059046436,1.206590297347884,1.0726861605494895,-0.7094813345437163,3.301103040810469,1.658737095350794
64.0,73.0,1004.5355224609376,-0.2067583177486083,2.156645823399848,1.1237471826284795,3.780946817479548,-0.5114493991580722,1.3470285072754011,1.5426076556614716,0.9251629364195506,3.6326501297850458,1.193605314089168
64.0,73.0,1005.1493530273438,0.5735184706036716,3.028423329307017,0.2644622216036731,2.659398374348958,0.2306337810705419,1.0125999917583286,1.1341537852403114,0.5087035841895886,3.226086612326376,1.548830647479367
64.0,73.0,1005.850341796875,0.7304566630682912,2.8380748741163657,-0.2219267898013583,3.466029501035801,-0.1102170028146247,1.110438836618309,0.9149193344556408,0.3481579968014066,3.321659140756495,1.6742221258225534
64.0,73.0,1007.4547729492188,1.43629090195749,3.110062472569856,-0.6944199584856007,3.302300007810594,0.2527122463629391,1.3830220275508731,1.1692670148495758,0.4543218612108505,3.286882813634093,1.9327433745059648
64.0,73.0,1005.6038818359376,1.308516753266523,2.1752865939900867,0.1815601508968082,4.19439705578338,-0.2059303139175663,1.0777198568117343,1.0908442654933863,0.2003939982353898,2.6281803945220314,1.684505779710975
64.0,73.0,1005.079833984375,0.8078773908434,3.0635542735379326,-0.2222773718837908,3.644619233544741,-0.0438507735814526,1.4232936018416082,0.7302359461628485,0.463335757005806,3.131559441489576,1.6311643300045815
64.0,73.0,1006.5872802734376,0.2656690085363156,2.8994275720441487,-0.0359203097652873,2.439288483665521,-0.403613583524778,2.160790506390417,1.4511060060394816,0.484404972217794,3.372222679109396,2.807072668682597
64.0,73.0,1005.7649536132812,0.2825466944237913,3.223371955913502,-1.130107795435179,3.475165291581171,-1.048330892200188,0.6773142097574366,1.7224453178602437,-0.0116344510771347,2.978858171781275,1.664112733334867
64.0,73.0,1005.4412231445312,1.0760585928896025,3.043829209022953,0.1516249576889987,2.5040090899037493,0.108098310179216,1.3923376410461463,1.0123123187632306,-0.980625588420784,3.3143856714436004,0.2993660291472664
64.0,73.0,1007.20849609375,1.42340442516376,1.6389601706335597,-0.4707376408526464,3.5510485345363576,0.0655674880221845,0.5345868805727112,1.7189295151854895,0.652892798276838,3.565456415960298,1.6765185041381792
64.0,73.0,1005.7882080078124,1.930989912640924,2.5698273775009017,-0.4222718299406413,2.2647280101266523,-1.2334670620841697,1.1900713704557306,1.273633231737758,-0.0756089152430987,3.487418316929421,1.693288812527204
64.0,73.0,1007.544677734375,-0.2805326006232682,3.1038845231404446,-0.1870705914575828,3.988367848503743,-0.2562732772840708,1.540852333686741,0.7450130913541388,1.6656985897711236,2.857401366589688,0.9264712942409098
64.0,73.0,1004.8368530273438,-0.0192859539180938,3.1458012448024646,-0.4052589456220559,3.5837623621294377,-0.4446218579421889,1.004306573519272,1.0674916208430016,-0.1473208806064043,4.659302750457305,1.266183010783346
64.0,73.0,1005.0035400390624,1.488088734200528,3.2964916798764268,-0.081613556681665,3.4931910742310563,-0.4795947022471148,1.19443031097595,1.5983254058784726,0.3030366300005376,3.1093375136026897,1.3517079212642986
64.0,73.0,1005.59716796875,0.8422960777773174,3.0348209215701183,-0.2311176520887816,3.530445462000517,0.731073415144617,1.0838871087870037,1.0526527931079228,-0.2789778063184201,3.525442996103043,1.9314441196361605
64.0,73.0,1005.8321533203124,0.377814434290604,3.895551475372848,0.0535583373255332,3.414557908843645,-0.5334289284626546,0.985593986932181,0.7933330380200138,0.0535584523865163,3.290998620666775,1.0098828753892786
64.0,73.0,1007.56396484375,1.5915642805280938,3.21505950846519,-0.2410976595448242,3.6131165800756304,-0.2068099645460922,0.826244304596254,1.0307855897467215,-0.0010368592724361,3.335010733974512,1.4161522741382744
64.0,73.0,1006.750732421875,1.4983206496546757,3.310143956253831,-0.0995478391109807,4.111181782258067,-0.0736615879452686,2.3151370482507234,0.654147595066203,0.6455422381112422,3.3493750202887504,1.9151768831651383
64.0,73.0,1005.9476318359376,0.0416259073064684,3.056620648095169,0.9059087932371556,3.541676985417584,-0.4558259587305865,-0.3150494321593007,1.05123482986649,-0.0994281152615595,3.238383279985208,1.6565234082160285
64.0,73.0,1006.3308715820312,1.535959406806901,3.012881012953959,-0.1663306996994601,3.5850778383914594,-0.2867194392540477,1.0486903470382465,1.1491035130694829,-0.0172823082687018,3.5717012420075,1.522958118209904
64.0,73.0,1005.21337890625,1.1138422598907147,3.163510525715634,-0.3509051133911852,2.6758266898773537,-0.5122082648359199,1.0718111705207738,1.65587216787568,-1.0170876187562123,3.54151433099572,1.3460114713344828
64.0,73.0,1004.9675903320312,0.5163418992741506,3.048817683689679,-0.6671757961656667,3.038681368765338,-1.5010622553438249,0.7996637919310045,1.2467383098495923,0.0980610079545224,3.3445950501342527,1.5795039091826957
64.0,73.0,1006.794189453125,1.7842150229085714,3.086643907761759,-0.4071495097907874,3.529350539027141,-0.2415845827324029,1.1672353105920736,1.2567164862868203,-0.0182878182678372,3.312056437732381,1.5360403432342848
64.0,73.0,1005.5949096679688,1.065741447403239,3.566321993171797,-0.1722097588879127,3.335195644635442,0.4153135222526197,1.6432684793938577,1.2308026718224587,0.3065238812510272,3.32453208933479,1.4181087479272612
64.0,73.0,1007.3155517578124,1.5371241881530973,3.0630876048410456,-0.0871751942409553,3.5037983811037874,0.0538749320857102,1.0868473082144283,1.0345167488863027,-0.175052114745749,3.3374017791678297,1.6722190592691553
64.0,73.0,1005.6847534179688,1.5291553936280218,2.501505383531246,-0.2181375611222888,3.0273038141281496,-0.2120236101567779,-0.0606551677314507,1.2525278734953254,0.419718581189239,3.340401835705691,1.7413380876269096
64.0,73.0,1007.3942260742188,1.5424126678030463,3.0792092971485934,-0.2950864639731521,3.4273389256056075,-0.2185157172346629,1.1555148532698905,1.027670704617852,-0.0089863143481305,3.1625335916527737,1.3009636469875132
64.0,73.0,1005.1350708007812,0.1661038185710084,2.5390123143543657,2.0774916054569346,1.835614257140512,-1.5735118140693944,0.0393769710875324,1.5364656260845004,0.9512514490147672,2.833057723425437,1.6722709438483858
64.0,73.0,1006.7476806640624,1.3783292661069166,2.227281756843792,0.7486796121921748,2.3676098445669496,-0.4352187250238886,0.1295667694666509,1.2582478032152908,0.9678886220425788,1.546052822985894,1.7088008776725607
64.0,73.0,1003.6841430664062,1.5264166200797986,3.063097861613356,-0.215819897253269,3.5490497273888275,-0.2048867388282806,1.0826619122252867,1.0511392207255632,-0.0170243374408754,3.2973942147249127,1.6821927523441609
64.0,73.0,1006.7684936523438,1.3436931167584212,2.9723827309808475,-0.6990999954194496,3.448097725237284,-0.2091829105316387,0.262391251339839,1.03385109722468,-0.0967344722036515,3.302876430253528,1.7245487486675914
64.0,73.0,1006.3912353515624,1.0823124156003283,3.145532408020725,0.0937498638335725,4.3492484902596935,-0.983369492477124,0.3045399617600217,1.0355153888892177,-0.6035785196627739,3.47882371336145,1.9749920545649893
64.0,73.0,1006.762451171875,0.911579189855552,2.951643676927795,0.8739934856927296,4.20168182927838,-0.2255314448514733,0.9538401412870204,1.055251361200275,2.289490443857167,3.223133074694574,1.6821020431151852
64.0,73.0,1006.4755249023438,1.5373922129536688,3.032235559935451,0.6874268984749604,3.275338603754686,-0.2140326921908348,1.494799281789143,0.9278351614159914,0.1155832775990138,3.2730834620692755,1.8184178138756064
64.0,73.0,1005.9786376953124,1.1755166225902458,3.0139295819900664,-0.2417305383366287,3.616814653335077,-0.2729520402836232,1.8592848557108288,1.1177652924446315,0.1211451494947978,3.912459696901169,2.2316448068592054
64.0,73.0,1004.7403564453124,0.4804166552562906,3.142058809388116,-0.507253232726782,3.78275224637308,-0.5671588827166028,1.1261544357254607,1.4122039073154182,0.5007209311294231,3.503301094810195,1.926829920271378
64.0,73.0,1006.1528930664062,1.4584771219640935,3.0646681446090005,-0.0897342209063494,2.9714324332868927,0.4872548106915795,1.0218047715675216,1.021649081637355,-1.0252645470791708,3.3139842712644967,1.598501157972346
64.0,73.0,1006.9170532226562,1.5008135023933489,2.9861872071511346,-0.431893834371605,2.8214919187287486,-0.2261427739521425,1.1105615551034884,0.4838116239205338,-0.0052966471293471,3.1909425469340382,0.7855032477643943
64.0,73.0,1005.6001586914062,0.1781387739601991,2.8222566258346973,-1.2784227836424644,2.158820161725356,-1.3598118191510389,1.8033214309254848,1.4312019484559402,0.0812233307260337,2.5723035292130967,1.5728984824109573
64.0,73.0,1005.8743896484376,0.0594998054986024,2.4736092679713666,-0.1808303602303297,1.535912543515276,-0.2128728184311272,0.8096079746393341,0.1778975985534896,-0.0199302804665875,3.321000599716123,2.4317144383963893
64.0,73.0,1005.768310546875,1.5999854791936896,2.9805356758612893,-0.224463190705871,3.807145392204087,-0.3379384159359995,1.0087144864956603,0.8161970981207121,-0.0299745068515237,3.525817858828421,1.6851147134922917
64.0,74.0,1004.9807739257812,-0.5860263830397243,3.065616109898324,0.1649193318545723,2.737410361495438,-0.3930089285615246,-0.1533558996367499,-0.4746565737067606,-0.0213919792120722,1.949093119885468,2.2963317078347827
64.0,74.0,1007.9323120117188,0.2833582410088201,3.059506966734865,-0.4440224240314817,3.537913671363393,0.595304704543162,1.2959109613147133,1.0881878258195288,0.0842539774170956,4.340152561424111,1.591153092112809
64.0,74.0,1006.1361694335938,0.8387232566556513,3.06514310945846,-0.2027294162619589,3.4053886985494604,-0.2057767340794501,0.9954022963306812,1.0357322898782315,-0.0773616051418161,3.3487778925027016,1.045925357427675
64.0,74.0,1005.7072143554688,1.6491448804843336,2.9104453120023,-0.2376035463302053,3.615676320374159,-0.5459213406507523,1.0802436756395946,1.0229389087533642,-0.0226071327225542,3.134768809825729,1.4551102740604491
64.0,74.0,1005.2555541992188,-0.5037094802039921,3.707585390221884,-0.3280569768488796,3.321070462527059,0.979043172621886,-0.4155761280008436,0.9565504599200948,0.2951346271246178,3.295787014291044,2.1819067114242974
64.0,74.0,1008.2530517578124,1.5270982961521142,2.378577058659652,-0.1300141971189669,3.4316988602336704,-0.3495752633471561,0.6940326962933131,0.758785861126745,0.0664492484260929,3.002636118435235,0.7040430065820917
64.0,74.0,1006.2119140625,0.4893625390202833,1.7795423029239368,-0.2283334970089545,3.1277989280704825,0.4981169607027755,1.141197769335064,2.5146578201478693,1.975507430672696,4.311031517865723,2.0922100116751228
64.0,74.0,1006.5108642578124,1.1685864152557035,2.7422863333485434,-0.1019311206427966,3.4927380014308915,-0.2862684911241392,1.1077000929173788,1.0805232300206655,0.6838549062987216,3.220790808114516,1.679788189972098
64.0,74.0,1006.1808471679688,1.5044895019604971,4.37353118641234,-0.1123117642728705,3.278240110355435,-0.2710004059046436,1.206590297347884,1.0726861605494895,-0.7094813345437163,3.301103040810469,1.658737095350794
64.0,74.0,1004.5355224609376,-0.2067583177486083,2.156645823399848,1.1237471826284795,3.780946817479548,-0.5114493991580722,1.3470285072754011,1.5426076556614716,0.9251629364195506,3.6326501297850458,1.193605314089168
64.0,74.0,1005.1493530273438,0.5735184706036716,3.028423329307017,0.2644622216036731,2.659398374348958,0.2306337810705419,1.0125999917583286,1.1341537852403114,0.5087035841895886,3.226086612326376,1.548830647479367
64.0,74.0,1005.850341796875,0.7304566630682912,2.8380748741163657,-0.2219267898013583,3.466029501035801,-0.1102170028146247,1.110438836618309,0.9149193344556408,0.3481579968014066,3.321659140756495,1.6742221258225534
64.0,74.0,1007.4547729492188,1.43629090195749,3.110062472569856,-0.6944199584856007,3.302300007810594,0.2527122463629391,1.3830220275508731,1.1692670148495758,0.4543218612108505,3.286882813634093,1.9327433745059648
64.0,74.0,1005.6038818359376,1.308516753266523,2.1752865939900867,0.1815601508968082,4.19439705578338,-0.2059303139175663,1.0777198568117343,1.0908442654933863,0.2003939982353898,2.6281803945220314,1.684505779710975
64.0,74.0,1005.079833984375,0.8078773908434,3.0635542735379326,-0.2222773718837908,3.644619233544741,-0.0438507735814526,1.4232936018416082,0.7302359461628485,0.463335757005806,3.131559441489576,1.6311643300045815
64.0,74.0,1006.5872802734376,0.2656690085363156,2.8994275720441487,-0.0359203097652873,2.439288483665521,-0.403613583524778,2.160790506390417,1.4511060060394816,0.484404972217794,3.372222679109396,2.807072668682597
64.0,74.0,1005.7649536132812,0.2825466944237913,3.223371955913502,-1.130107795435179,3.475165291581171,-1.048330892200188,0.6773142097574366,1.7224453178602437,-0.0116344510771347,2.978858171781275,1.664112733334867
64.0,74.0,1005.4412231445312,1.0760585928896025,3.043829209022953,0.1516249576889987,2.5040090899037493,0.108098310179216,1.3923376410461463,1.0123123187632306,-0.980625588420784,3.3143856714436004,0.2993660291472664
64.0,74.0,1007.20849609375,1.42340442516376,1.6389601706335597,-0.4707376408526464,3.5510485345363576,0.0655674880221845,0.5345868805727112,1.7189295151854895,0.652892798276838,3.565456415960298,1.6765185041381792
64.0,74.0,1005.7882080078124,1.930989912640924,2.5698273775009017,-0.4222718299406413,2.2647280101266523,-1.2334670620841697,1.1900713704557306,1.273633231737758,-0.0756089152430987,3.487418316929421,1.693288812527204
64.0,74.0,1007.2538452148438,-0.0688489490101389,3.08697885035138,-0.1956979402256456,3.227077162351756,-0.1831626462700541,1.60457756886145,0.3091449119349676,0.8437145160122203,3.29488335338292,2.1099674504448283
64.0,74.0,1004.8368530273438,-0.0192859539180938,3.1458012448024646,-0.4052589456220559,3.5837623621294377,-0.4446218579421889,1.004306573519272,1.0674916208430016,-0.1473208806064043,4.659302750457305,1.266183010783346
64.0,74.0,1005.0035400390624,1.488088734200528,3.2964916798764268,-0.081613556681665,3.4931910742310563,-0.4795947022471148,1.19443031097595,1.5983254058784726,0.3030366300005376,3.1093375136026897,1.3517079212642986
64.0,74.0,1005.59716796875,0.8422960777773174,3.0348209215701183,-0.2311176520887816,3.530445462000517,0.731073415144617,1.0838871087870037,1.0526527931079228,-0.2789778063184201,3.525442996103043,1.9314441196361605
64.0,74.0,1005.8321533203124,0.377814434290604,3.895551475372848,0.0535583373255332,3.414557908843645,-0.5334289284626546,0.985593986932181,0.7933330380200138,0.0535584523865163,3.290998620666775,1.0098828753892786
64.0,74.0,1007.56396484375,1.5915642805280938,3.21505950846519,-0.2410976595448242,3.6131165800756304,-0.2068099645460922,0.826244304596254,1.0307855897467215,-0.0010368592724361,3.335010733974512,1.4161522741382744
64.0,74.0,1006.750732421875,1.4983206496546757,3.310143956253831,-0.0995478391109807,4.111181782258067,-0.0736615879452686,2.3151370482507234,0.654147595066203,0.6455422381112422,3.3493750202887504,1.9151768831651383
64.0,74.0,1005.9476318359376,0.0416259073064684,3.056620648095169,0.9059087932371556,3.541676985417584,-0.4558259587305865,-0.3150494321593007,1.05123482986649,-0.0994281152615595,3.238383279985208,1.6565234082160285
64.0,74.0,1006.3308715820312,1.535959406806901,3.012881012953959,-0.1663306996994601,3.5850778383914594,-0.2867194392540477,1.0486903470382465,1.1491035130694829,-0.0172823082687018,3.5717012420075,1.522958118209904
64.0,74.0,1005.21337890625,1.1138422598907147,3.163510525715634,-0.3509051133911852,2.6758266898773537,-0.5122082648359199,1.0718111705207738,1.65587216787568,-1.0170876187562123,3.54151433099572,1.3460114713344828
64.0,74.0,1004.9675903320312,0.5163418992741506,3.048817683689679,-0.6671757961656667,3.038681368765338,-1.5010622553438249,0.7996637919310045,1.2467383098495923,0.0980610079545224,3.3445950501342527,1.5795039091826957
64.0,74.0,1006.794189453125,1.7842150229085714,3.086643907761759,-0.4071495097907874,3.529350539027141,-0.2415845827324029,1.1672353105920736,1.2567164862868203,-0.0182878182678372,3.312056437732381,1.5360403432342848
64.0,74.0,1005.5949096679688,1.065741447403239,3.566321993171797,-0.1722097588879127,3.335195644635442,0.4153135222526197,1.6432684793938577,1.2308026718224587,0.3065238812510272,3.32453208933479,1.4181087479272612
64.0,74.0,1007.3155517578124,1.5371241881530973,3.0630876048410456,-0.0871751942409553,3.5037983811037874,0.0538749320857102,1.0868473082144283,1.0345167488863027,-0.175052114745749,3.3374017791678297,1.6722190592691553
64.0,74.0,1005.6847534179688,1.5291553936280218,2.501505383531246,-0.2181375611222888,3.0273038141281496,-0.2120236101567779,-0.0606551677314507,1.2525278734953254,0.419718581189239,3.340401835705691,1.7413380876269096
64.0,74.0,1007.3942260742188,1.5424126678030463,3.0792092971485934,-0.2950864639731521,3.4273389256056075,-0.2185157172346629,1.1555148532698905,1.027670704617852,-0.0089863143481305,3.1625335916527737,1.3009636469875132
64.0,74.0,1005.1350708007812,0.1661038185710084,2.5390123143543657,2.0774916054569346,1.835614257140512,-1.5735118140693944,0.0393769710875324,1.5364656260845004,0.9512514490147672,2.833057723425437,1.6722709438483858
64.0,74.0,1006.7476806640624,1.3783292661069166,2.227281756843792,0.7486796121921748,2.3676098445669496,-0.4352187250238886,0.1295667694666509,1.2582478032152908,0.9678886220425788,1.546052822985894,1.7088008776725607
64.0,74.0,1003.6841430664062,1.5264166200797986,3.063097861613356,-0.215819897253269,3.5490497273888275,-0.2048867388282806,1.0826619122252867,1.0511392207255632,-0.0170243374408754,3.2973942147249127,1.6821927523441609
64.0,74.0,1006.7684936523438,1.3436931167584212,2.9723827309808475,-0.6990999954194496,3.448097725237284,-0.2091829105316387,0.262391251339839,1.03385109722468,-0.0967344722036515,3.302876430253528,1.7245487486675914
64.0,74.0,1006.3912353515624,1.0823124156003283,3.145532408020725,0.0937498638335725,4.3492484902596935,-0.983369492477124,0.3045399617600217,1.0355153888892177,-0.6035785196627739,3.47882371336145,1.9749920545649893
64.0,74.0,1006.762451171875,0.911579189855552,2.951643676927795,0.8739934856927296,4.20168182927838,-0.2255314448514733,0.9538401412870204,1.055251361200275,2.289490443857167,3.223133074694574,1.6821020431151852
64.0,74.0,1006.4755249023438,1.5373922129536688,3.032235559935451,0.6874268984749604,3.275338603754686,-0.2140326921908348,1.494799281789143,0.9278351614159914,0.1155832775990138,3.2730834620692755,1.8184178138756064
64.0,74.0,1005.9786376953124,1.1755166225902458,3.0139295819900664,-0.2417305383366287,3.616814653335077,-0.2729520402836232,1.8592848557108288,1.1177652924446315,0.1211451494947978,3.912459696901169,2.2316448068592054
64.0,74.0,1004.7403564453124,0.4804166552562906,3.142058809388116,-0.507253232726782,3.78275224637308,-0.5671588827166028,1.1261544357254607,1.4122039073154182,0.5007209311294231,3.503301094810195,1.926829920271378
64.0,74.0,1006.1528930664062,1.4584771219640935,3.0646681446090005,-0.0897342209063494,2.9714324332868927,0.4872548106915795,1.0218047715675216,1.021649081637355,-1.0252645470791708,3.3139842712644967,1.598501157972346
64.0,74.0,1006.9170532226562,1.5008135023933489,2.9861872071511346,-0.431893834371605,2.8214919187287486,-0.2261427739521425,1.1105615551034884,0.4838116239205338,-0.0052966471293471,3.1909425469340382,0.7855032477643943
64.0,74.0,1005.6001586914062,0.1781387739601991,2.8222566258346973,-1.2784227836424644,2.158820161725356,-1.3598118191510389,1.8033214309254848,1.4312019484559402,0.0812233307260337,2.5723035292130967,1.5728984824109573
64.0,74.0,1005.8743896484376,0.0594998054986024,2.4736092679713666,-0.1808303602303297,1.535912543515276,-0.2128728184311272,0.8096079746393341,0.1778975985534896,-0.0199302804665875,3.321000599716123,2.4317144383963893
64.0,74.0,1005.768310546875,1.5999854791936896,2.9805356758612893,-0.224463190705871,3.807145392204087,-0.3379384159359995,1.0087144864956603,0.8161970981207121,-0.0299745068515237,3.525817858828421,1.6851147134922917
64.0,75.0,1004.9807739257812,-0.5860263830397243,3.065616109898324,0.1649193318545723,2.737410361495438,-0.3930089285615246,-0.1533558996367499,-0.4746565737067606,-0.0213919792120722,1.949093119885468,2.2963317078347827
64.0,75.0,1007.9323120117188,0.2833582410088201,3.059506966734865,-0.4440224240314817,3.537913671363393,0.595304704543162,1.2959109613147133,1.0881878258195288,0.0842539774170956,4.340152561424111,1.591153092112809
64.0,75.0,1006.1361694335938,0.8387232566556513,3.06514310945846,-0.2027294162619589,3.4053886985494604,-0.2057767340794501,0.9954022963306812,1.0357322898782315,-0.0773616051418161,3.3487778925027016,1.045925357427675
64.0,75.0,1005.7072143554688,1.6491448804843336,2.9104453120023,-0.2376035463302053,3.615676320374159,-0.5459213406507523,1.0802436756395946,1.0229389087533642,-0.0226071327225542,3.134768809825729,1.4551102740604491
64.0,75.0,1005.2555541992188,-0.5037094802039921,3.707585390221884,-0.3280569768488796,3.321070462527059,0.979043172621886,-0.4155761280008436,0.9565504599200948,0.2951346271246178,3.295787014291044,2.1819067114242974
64.0,75.0,1008.2530517578124,1.5270982961521142,2.378577058659652,-0.1300141971189669,3.4316988602336704,-0.3495752633471561,0.6940326962933131,0.758785861126745,0.0664492484260929,3.002636118435235,0.7040430065820917
64.0,75.0,1006.2119140625,0.4893625390202833,1.7795423029239368,-0.2283334970089545,3.1277989280704825,0.4981169607027755,1.141197769335064,2.5146578201478693,1.975507430672696,4.311031517865723,2.0922100116751228
64.0,75.0,1006.5108642578124,1.1685864152557035,2.7422863333485434,-0.1019311206427966,3.4927380014308915,-0.2862684911241392,1.1077000929173788,1.0805232300206655,0.6838549062987216,3.220790808114516,1.679788189972098
64.0,75.0,1006.1808471679688,1.5044895019604971,4.37353118641234,-0.1123117642728705,3.278240110355435,-0.2710004059046436,1.206590297347884,1.0726861605494895,-0.7094813345437163,3.301103040810469,1.658737095350794
64.0,75.0,1004.5355224609376,-0.2067583177486083,2.156645823399848,1.1237471826284795,3.780946817479548,-0.5114493991580722,1.3470285072754011,1.5426076556614716,0.9251629364195506,3.6326501297850458,1.193605314089168
64.0,75.0,1005.1493530273438,0.5735184706036716,3.028423329307017,0.2644622216036731,2.659398374348958,0.2306337810705419,1.0125999917583286,1.1341537852403114,0.5087035841895886,3.226086612326376,1.548830647479367
64.0,75.0,1005.850341796875,0.7304566630682912,2.8380748741163657,-0.2219267898013583,3.466029501035801,-0.1102170028146247,1.110438836618309,0.9149193344556408,0.3481579968014066,3.321659140756495,1.6742221258225534
64.0,75.0,1007.4547729492188,1.43629090195749,3.110062472569856,-0.6944199584856007,3.302300007810594,0.2527122463629391,1.3830220275508731,1.1692670148495758,0.4543218612108505,3.286882813634093,1.9327433745059648
64.0,75.0,1005.6038818359376,1.308516753266523,2.1752865939900867,0.1815601508968082,4.19439705578338,-0.2059303139175663,1.0777198568117343,1.0908442654933863,0.2003939982353898,2.6281803945220314,1.684505779710975
64.0,75.0,1005.079833984375,0.8078773908434,3.0635542735379326,-0.2222773718837908,3.644619233544741,-0.0438507735814526,1.4232936018416082,0.7302359461628485,0.463335757005806,3.131559441489576,1.6311643300045815
64.0,75.0,1006.5872802734376,0.2656690085363156,2.8994275720441487,-0.0359203097652873,2.439288483665521,-0.403613583524778,2.160790506390417,1.4511060060394816,0.484404972217794,3.372222679109396,2.807072668682597
64.0,75.0,1005.7649536132812,0.2825466944237913,3.223371955913502,-1.130107795435179,3.475165291581171,-1.048330892200188,0.6773142097574366,1.7224453178602437,-0.0116344510771347,2.978858171781275,1.664112733334867
64.0,75.0,1005.4412231445312,1.0760585928896025,3.043829209022953,0.1516249576889987,2.5040090899037493,0.108098310179216,1.3923376410461463,1.0123123187632306,-0.980625588420784,3.3143856714436004,0.2993660291472664
64.0,75.0,1007.20849609375,1.42340442516376,1.6389601706335597,-0.4707376408526464,3.5510485345363576,0.0655674880221845,0.5345868805727112,1.7189295151854895,0.652892798276838,3.565456415960298,1.6765185041381792
64.0,75.0,1005.7882080078124,1.930989912640924,2.5698273775009017,-0.4222718299406413,2.2647280101266523,-1.2334670620841697,1.1900713704557306,1.273633231737758,-0.0756089152430987,3.487418316929421,1.693288812527204
64.0,75.0,1007.2538452148438,-0.0688489490101389,3.08697885035138,-0.1956979402256456,3.227077162351756,-0.1831626462700541,1.60457756886145,0.3091449119349676,0.8437145160122203,3.29488335338292,2.1099674504448283
64.0,75.0,1004.8368530273438,-0.0192859539180938,3.1458012448024646,-0.4052589456220559,3.5837623621294377,-0.4446218579421889,1.004306573519272,1.0674916208430016,-0.1473208806064043,4.659302750457305,1.266183010783346
64.0,75.0,1005.0035400390624,1.488088734200528,3.2964916798764268,-0.081613556681665,3.4931910742310563,-0.4795947022471148,1.19443031097595,1.5983254058784726,0.3030366300005376,3.1093375136026897,1.3517079212642986
64.0,75.0,1005.59716796875,0.8422960777773174,3.0348209215701183,-0.2311176520887816,3.530445462000517,0.731073415144617,1.0838871087870037,1.0526527931079228,-0.2789778063184201,3.525442996103043,1.9314441196361605
64.0,75.0,1005.8321533203124,0.377814434290604,3.895551475372848,0.0535583373255332,3.414557908843645,-0.5334289284626546,0.985593986932181,0.7933330380200138,0.0535584523865163,3.290998620666775,1.0098828753892786
64.0,75.0,1007.56396484375,1.5915642805280938,3.21505950846519,-0.2410976595448242,3.6131165800756304,-0.2068099645460922,0.826244304596254,1.0307855897467215,-0.0010368592724361,3.335010733974512,1.4161522741382744
64.0,75.0,1006.750732421875,1.4983206496546757,3.310143956253831,-0.0995478391109807,4.111181782258067,-0.0736615879452686,2.3151370482507234,0.654147595066203,0.6455422381112422,3.3493750202887504,1.9151768831651383
64.0,75.0,1005.9476318359376,0.0416259073064684,3.056620648095169,0.9059087932371556,3.541676985417584,-0.4558259587305865,-0.3150494321593007,1.05123482986649,-0.0994281152615595,3.238383279985208,1.6565234082160285
64.0,75.0,1006.3308715820312,1.535959406806901,3.012881012953959,-0.1663306996994601,3.5850778383914594,-0.2867194392540477,1.0486903470382465,1.1491035130694829,-0.0172823082687018,3.5717012420075,1.522958118209904
64.0,75.0,1005.21337890625,1.1138422598907147,3.163510525715634,-0.3509051133911852,2.6758266898773537,-0.5122082648359199,1.0718111705207738,1.65587216787568,-1.0170876187562123,3.54151433099572,1.3460114713344828
64.0,75.0,1004.9675903320312,0.5163418992741506,3.048817683689679,-0.6671757961656667,3.038681368765338,-1.5010622553438249,0.7996637919310045,1.2467383098495923,0.0980610079545224,3.3445950501342527,1.5795039091826957
64.0,75.0,1006.3289184570312,1.7974099483398065,3.092888203209704,-0.0959017245619343,3.5312609502374923,-0.4076641516729949,1.1635785614700738,0.9743760606250398,-0.0174946926555714,3.291325085893196,1.6809503018718033
64.0,75.0,1005.5949096679688,1.065741447403239,3.566321993171797,-0.1722097588879127,3.335195644635442,0.4153135222526197,1.6432684793938577,1.2308026718224587,0.3065238812510272,3.32453208933479,1.4181087479272612
64.0,75.0,1007.3155517578124,1.5371241881530973,3.0630876048410456,-0.0871751942409553,3.5037983811037874,0.0538749320857102,1.0868473082144283,1.0345167488863027,-0.175052114745749,3.3374017791678297,1.6722190592691553
64.0,75.0,1005.6847534179688,1.5291553936280218,2.501505383531246,-0.2181375611222888,3.0273038141281496,-0.2120236101567779,-0.0606551677314507,1.2525278734953254,0.419718581189239,3.340401835705691,1.7413380876269096
64.0,75.0,1007.3942260742188,1.5424126678030463,3.0792092971485934,-0.2950864639731521,3.4273389256056075,-0.2185157172346629,1.1555148532698905,1.027670704617852,-0.0089863143481305,3.1625335916527737,1.3009636469875132
64.0,75.0,1005.1350708007812,0.1661038185710084,2.5390123143543657,2.0774916054569346,1.835614257140512,-1.5735118140693944,0.0393769710875324,1.5364656260845004,0.9512514490147672,2.833057723425437,1.6722709438483858
64.0,75.0,1006.7476806640624,1.3783292661069166,2.227281756843792,0.7486796121921748,2.3676098445669496,-0.4352187250238886,0.1295667694666509,1.2582478032152908,0.9678886220425788,1.546052822985894,1.7088008776725607
64.0,75.0,1003.6841430664062,1.5264166200797986,3.063097861613356,-0.215819897253269,3.5490497273888275,-0.2048867388282806,1.0826619122252867,1.0511392207255632,-0.0170243374408754,3.2973942147249127,1.6821927523441609
64.0,75.0,1006.7684936523438,1.3436931167584212,2.9723827309808475,-0.6990999954194496,3.448097725237284,-0.2091829105316387,0.262391251339839,1.03385109722468,-0.0967344722036515,3.302876430253528,1.7245487486675914
64.0,75.0,1006.3912353515624,1.0823124156003283,3.145532408020725,0.0937498638335725,4.3492484902596935,-0.983369492477124,0.3045399617600217,1.0355153888892177,-0.6035785196627739,3.47882371336145,1.9749920545649893
64.0,75.0,1006.762451171875,0.911579189855552,2.951643676927795,0.8739934856927296,4.20168182927838,-0.2255314448514733,0.9538401412870204,1.055251361200275,2.289490443857167,3.223133074694574,1.6821020431151852
64.0,75.0,1006.4755249023438,1.5373922129536688,3.032235559935451,0.6874268984749604,3.275338603754686,-0.2140326921908348,1.494799281789143,0.9278351614159914,0.1155832775990138,3.2730834620692755,1.8184178138756064
64.0,75.0,1005.9786376953124,1.1755166225902458,3.0139295819900664,-0.2417305383366287,3.616814653335077,-0.2729520402836232,1.8592848557108288,1.1177652924446315,0.1211451494947978,3.912459696901169,2.2316448068592054
64.0,75.0,1004.7403564453124,0.4804166552562906,3.142058809388116,-0.507253232726782,3.78275224637308,-0.5671588827166028,1.1261544357254607,1.4122039073154182,0.5007209311294231,3.503301094810195,1.926829920271378
64.0,75.0,1006.1528930664062,1.4584771219640935,3.0646681446090005,-0.0897342209063494,2.9714324332868927,0.4872548106915795,1.0218047715675216,1.021649081637355,-1.0252645470791708,3.3139842712644967,1.598501157972346
64.0,75.0,1006.9170532226562,1.5008135023933489,2.9861872071511346,-0.431893834371605,2.8214919187287486,-0.2261427739521425,1.1105615551034884,0.4838116239205338,-0.0052966471293471,3.1909425469340382,0.7855032477643943
64.0,75.0,1005.6001586914062,0.1781387739601991,2.8222566258346973,-1.2784227836424644,2.158820161725356,-1.3598118191510389,1.8033214309254848,1.4312019484559402,0.0812233307260337,2.5723035292130967,1.5728984824109573
64.0,75.0,1005.8743896484376,0.0594998054986024,2.4736092679713666,-0.1808303602303297,1.535912543515276,-0.2128728184311272,0.8096079746393341,0.1778975985534896,-0.0199302804665875,3.321000599716123,2.4317144383963893
64.0,75.0,1005.768310546875,1.5999854791936896,2.9805356758612893,-0.224463190705871,3.807145392204087,-0.3379384159359995,1.0087144864956603,0.8161970981207121,-0.0299745068515237,3.525817858828421,1.6851147134922917
64.0,76.0,1004.9807739257812,-0.5860263830397243,3.065616109898324,0.1649193318545723,2.737410361495438,-0.3930089285615246,-0.1533558996367499,-0.4746565737067606,-0.0213919792120722,1.949093119885468,2.2963317078347827
64.0,76.0,1007.9323120117188,0.2833582410088201,3.059506966734865,-0.4440224240314817,3.537913671363393,0.595304704543162,1.2959109613147133,1.0881878258195288,0.0842539774170956,4.340152561424111,1.591153092112809
64.0,76.0,1006.1361694335938,0.8387232566556513,3.06514310945846,-0.2027294162619589,3.4053886985494604,-0.2057767340794501,0.9954022963306812,1.0357322898782315,-0.0773616051418161,3.3487778925027016,1.045925357427675
64.0,76.0,1005.7072143554688,1.6491448804843336,2.9104453120023,-0.2376035463302053,3.615676320374159,-0.5459213406507523,1.0802436756395946,1.0229389087533642,-0.0226071327225542,3.134768809825729,1.4551102740604491
64.0,76.0,1005.2555541992188,-0.5037094802039921,3.707585390221884,-0.3280569768488796,3.321070462527059,0.979043172621886,-0.4155761280008436,0.9565504599200948,0.2951346271246178,3.295787014291044,2.1819067114242974
64.0,76.0,1008.2530517578124,1.5270982961521142,2.378577058659652,-0.1300141971189669,3.4316988602336704,-0.3495752633471561,0.6940326962933131,0.758785861126745,0.0664492484260929,3.002636118435235,0.7040430065820917
64.0,76.0,1006.2119140625,0.4893625390202833,1.7795423029239368,-0.2283334970089545,3.1277989280704825,0.4981169607027755,1.141197769335064,2.5146578201478693,1.975507430672696,4.311031517865723,2.0922100116751228
64.0,76.0,1006.5108642578124,1.1685864152557035,2.7422863333485434,-0.1019311206427966,3.4927380014308915,-0.2862684911241392,1.1077000929173788,1.0805232300206655,0.6838549062987216,3.220790808114516,1.679788189972098
64.0,76.0,1006.1808471679688,1.5044895019604971,4.37353118641234,-0.1123117642728705,3.278240110355435,-0.2710004059046436,1.206590297347884,1.0726861605494895,-0.7094813345437163,3.301103040810469,1.658737095350794
64.0,76.0,1004.5355224609376,-0.2067583177486083,2.156645823399848,1.1237471826284795,3.780946817479548,-0.5114493991580722,1.3470285072754011,1.5426076556614716,0.9251629364195506,3.6326501297850458,1.193605314089168
64.0,76.0,1005.1493530273438,0.5735184706036716,3.028423329307017,0.2644622216036731,2.659398374348958,0.2306337810705419,1.0125999917583286,1.1341537852403114,0.5087035841895886,3.226086612326376,1.548830647479367
64.0,76.0,1005.850341796875,0.7304566630682912,2.8380748741163657,-0.2219267898013583,3.466029501035801,-0.1102170028146247,1.110438836618309,0.9149193344556408,0.3481579968014066,3.321659140756495,1.6742221258225534
64.0,76.0,1007.4547729492188,1.43629090195749,3.110062472569856,-0.6944199584856007,3.302300007810594,0.2527122463629391,1.3830220275508731,1.1692670148495758,0.4543218612108505,3.286882813634093,1.9327433745059648
64.0,76.0,1005.6038818359376,1.308516753266523,2.1752865939900867,0.1815601508968082,4.19439705578338,-0.2059303139175663,1.0777198568117343,1.0908442654933863,0.2003939982353898,2.6281803945220314,1.684505779710975
64.0,76.0,1005.079833984375,0.8078773908434,3.0635542735379326,-0.2222773718837908,3.644619233544741,-0.0438507735814526,1.4232936018416082,0.7302359461628485,0.463335757005806,3.131559441489576,1.6311643300045815
64.0,76.0,1006.5872802734376,0.2656690085363156,2.8994275720441487,-0.0359203097652873,2.439288483665521,-0.403613583524778,2.160790506390417,1.4511060060394816,0.484404972217794,3.372222679109396,2.807072668682597
64.0,76.0,1005.7649536132812,0.2825466944237913,3.223371955913502,-1.130107795435179,3.475165291581171,-1.048330892200188,0.6773142097574366,1.7224453178602437,-0.0116344510771347,2.978858171781275,1.664112733334867
64.0,76.0,1005.4412231445312,1.0760585928896025,3.043829209022953,0.1516249576889987,2.5040090899037493,0.108098310179216,1.3923376410461463,1.0123123187632306,-0.980625588420784,3.3143856714436004,0.2993660291472664
64.0,76.0,1007.20849609375,1.42340442516376,1.6389601706335597,-0.4707376408526464,3.5510485345363576,0.0655674880221845,0.5345868805727112,1.7189295151854895,0.652892798276838,3.565456415960298,1.6765185041381792
64.0,76.0,1005.7882080078124,1.930989912640924,2.5698273775009017,-0.4222718299406413,2.2647280101266523,-1.2334670620841697,1.1900713704557306,1.273633231737758,-0.0756089152430987,3.487418316929421,1.693288812527204
64.0,76.0,1007.2538452148438,-0.0688489490101389,3.08697885035138,-0.1956979402256456,3.227077162351756,-0.1831626462700541,1.60457756886145,0.3091449119349676,0.8437145160122203,3.29488335338292,2.1099674504448283
64.0,76.0,1004.8368530273438,-0.0192859539180938,3.1458012448024646,-0.4052589456220559,3.5837623621294377,-0.4446218579421889,1.004306573519272,1.0674916208430016,-0.1473208806064043,4.659302750457305,1.266183010783346
64.0,76.0,1005.0035400390624,1.488088734200528,3.2964916798764268,-0.081613556681665,3.4931910742310563,-0.4795947022471148,1.19443031097595,1.5983254058784726,0.3030366300005376,3.1093375136026897,1.3517079212642986
64.0,76.0,1005.59716796875,0.8422960777773174,3.0348209215701183,-0.2311176520887816,3.530445462000517,0.731073415144617,1.0838871087870037,1.0526527931079228,-0.2789778063184201,3.525442996103043,1.9314441196361605
64.0,76.0,1005.8321533203124,0.377814434290604,3.895551475372848,0.0535583373255332,3.414557908843645,-0.5334289284626546,0.985593986932181,0.7933330380200138,0.0535584523865163,3.290998620666775,1.0098828753892786
64.0,76.0,1007.56396484375,1.5915642805280938,3.21505950846519,-0.2410976595448242,3.6131165800756304,-0.2068099645460922,0.826244304596254,1.0307855897467215,-0.0010368592724361,3.335010733974512,1.4161522741382744
64.0,76.0,1006.750732421875,1.4983206496546757,3.310143956253831,-0.0995478391109807,4.111181782258067,-0.0736615879452686,2.3151370482507234,0.654147595066203,0.6455422381112422,3.3493750202887504,1.9151768831651383
64.0,76.0,1005.9476318359376,0.0416259073064684,3.056620648095169,0.9059087932371556,3.541676985417584,-0.4558259587305865,-0.3150494321593007,1.05123482986649,-0.0994281152615595,3.238383279985208,1.6565234082160285
64.0,76.0,1006.3308715820312,1.535959406806901,3.012881012953959,-0.1663306996994601,3.5850778383914594,-0.2867194392540477,1.0486903470382465,1.1491035130694829,-0.0172823082687018,3.5717012420075,1.522958118209904
64.0,76.0,1005.21337890625,1.1138422598907147,3.163510525715634,-0.3509051133911852,2.6758266898773537,-0.5122082648359199,1.0718111705207738,1.65587216787568,-1.0170876187562123,3.54151433099572,1.3460114713344828
64.0,76.0,1004.9675903320312,0.5163418992741506,3.048817683689679,-0.6671757961656667,3.038681368765338,-1.5010622553438249,0.7996637919310045,1.2467383098495923,0.0980610079545224,3.3445950501342527,1.5795039091826957
64.0,76.0,1004.8756713867188,1.803103039357084,3.04969122379482,-0.2380855070972431,3.544222673085715,-0.3675432124331079,1.0049334701620785,1.0915745130618049,-0.0166428366782459,3.286393579044508,1.7128181502425668
64.0,76.0,1005.5949096679688,1.065741447403239,3.566321993171797,-0.1722097588879127,3.335195644635442,0.4153135222526197,1.6432684793938577,1.2308026718224587,0.3065238812510272,3.32453208933479,1.4181087479272612
64.0,76.0,1007.3155517578124,1.5371241881530973,3.0630876048410456,-0.0871751942409553,3.5037983811037874,0.0538749320857102,1.0868473082144283,1.0345167488863027,-0.175052114745749,3.3374017791678297,1.6722190592691553
64.0,76.0,1005.6847534179688,1.5291553936280218,2.501505383531246,-0.2181375611222888,3.0273038141281496,-0.2120236101567779,-0.0606551677314507,1.2525278734953254,0.419718581189239,3.340401835705691,1.7413380876269096
64.0,76.0,1007.3942260742188,1.5424126678030463,3.0792092971485934,-0.2950864639731521,3.4273389256056075,-0.2185157172346629,1.1555148532698905,1.027670704617852,-0.0089863143481305,3.1625335916527737,1.3009636469875132
64.0,76.0,1005.1350708007812,0.1661038185710084,2.5390123143543657,2.0774916054569346,1.835614257140512,-1.5735118140693944,0.0393769710875324,1.5364656260845004,0.9512514490147672,2.833057723425437,1.6722709438483858
64.0,76.0,1006.7476806640624,1.3783292661069166,2.227281756843792,0.7486796121921748,2.3676098445669496,-0.4352187250238886,0.1295667694666509,1.2582478032152908,0.9678886220425788,1.546052822985894,1.7088008776725607
64.0,76.0,1003.6841430664062,1.5264166200797986,3.063097861613356,-0.215819897253269,3.5490497273888275,-0.2048867388282806,1.0826619122252867,1.0511392207255632,-0.0170243374408754,3.2973942147249127,1.6821927523441609
64.0,76.0,1006.7684936523438,1.3436931167584212,2.9723827309808475,-0.6990999954194496,3.448097725237284,-0.2091829105316387,0.262391251339839,1.03385109722468,-0.0967344722036515,3.302876430253528,1.7245487486675914
64.0,76.0,1006.3912353515624,1.0823124156003283,3.145532408020725,0.0937498638335725,4.3492484902596935,-0.983369492477124,0.3045399617600217,1.0355153888892177,-0.6035785196627739,3.47882371336145,1.9749920545649893
64.0,76.0,1006.762451171875,0.911579189855552,2.951643676927795,0.8739934856927296,4.20168182927838,-0.2255314448514733,0.9538401412870204,1.055251361200275,2.289490443857167,3.223133074694574,1.6821020431151852
64.0,76.0,1005.7315063476562,1.5396689441273124,3.0386942734840274,0.0727790596694881,3.99653790662412,-0.2180394714265182,1.1227822176659112,0.9898665587735348,-0.0161734394273001,3.292559616599718,1.7283088665121291
64.0,76.0,1005.9786376953124,1.1755166225902458,3.0139295819900664,-0.2417305383366287,3.616814653335077,-0.2729520402836232,1.8592848557108288,1.1177652924446315,0.1211451494947978,3.912459696901169,2.2316448068592054
64.0,76.0,1004.7403564453124,0.4804166552562906,3.142058809388116,-0.507253232726782,3.78275224637308,-0.5671588827166028,1.1261544357254607,1.4122039073154182,0.5007209311294231,3.503301094810195,1.926829920271378
64.0,76.0,1006.1528930664062,1.4584771219640935,3.0646681446090005,-0.0897342209063494,2.9714324332868927,0.4872548106915795,1.0218047715675216,1.021649081637355,-1.0252645470791708,3.3139842712644967,1.598501157972346
64.0,76.0,1006.9170532226562,1.5008135023933489,2.9861872071511346,-0.431893834371605,2.8214919187287486,-0.2261427739521425,1.1105615551034884,0.4838116239205338,-0.0052966471293471,3.1909425469340382,0.7855032477643943
64.0,76.0,1005.6001586914062,0.1781387739601991,2.8222566258346973,-1.2784227836424644,2.158820161725356,-1.3598118191510389,1.8033214309254848,1.4312019484559402,0.0812233307260337,2.5723035292130967,1.5728984824109573
64.0,76.0,1005.8743896484376,0.0594998054986024,2.4736092679713666,-0.1808303602303297,1.535912543515276,-0.2128728184311272,0.8096079746393341,0.1778975985534896,-0.0199302804665875,3.321000599716123,2.4317144383963893
64.0,76.0,1005.768310546875,1.5999854791936896,2.9805356758612893,-0.224463190705871,3.807145392204087,-0.3379384159359995,1.0087144864956603,0.8161970981207121,-0.0299745068515237,3.525817858828421,1.6851147134922917
64.0,77.0,1004.9807739257812,-0.5860263830397243,3.065616109898324,0.1649193318545723,2.737410361495438,-0.3930089285615246,-0.1533558996367499,-0.4746565737067606,-0.0213919792120722,1.949093119885468,2.2963317078347827
64.0,77.0,1007.9323120117188,0.2833582410088201,3.059506966734865,-0.4440224240314817,3.537913671363393,0.595304704543162,1.2959109613147133,1.0881878258195288,0.0842539774170956,4.340152561424111,1.591153092112809
64.0,77.0,1006.1361694335938,0.8387232566556513,3.06514310945846,-0.2027294162619589,3.4053886985494604,-0.2057767340794501,0.9954022963306812,1.0357322898782315,-0.0773616051418161,3.3487778925027016,1.045925357427675
64.0,77.0,1005.7072143554688,1.6491448804843336,2.9104453120023,-0.2376035463302053,3.615676320374159,-0.5459213406507523,1.0802436756395946,1.0229389087533642,-0.0226071327225542,3.134768809825729,1.4551102740604491
64.0,77.0,1005.2555541992188,-0.5037094802039921,3.707585390221884,-0.3280569768488796,3.321070462527059,0.979043172621886,-0.4155761280008436,0.9565504599200948,0.2951346271246178,3.295787014291044,2.1819067114242974
64.0,77.0,1008.2530517578124,1.5270982961521142,2.378577058659652,-0.1300141971189669,3.4316988602336704,-0.3495752633471561,0.6940326962933131,0.758785861126745,0.0664492484260929,3.002636118435235,0.7040430065820917
64.0,77.0,1006.2119140625,0.4893625390202833,1.7795423029239368,-0.2283334970089545,3.1277989280704825,0.4981169607027755,1.141197769335064,2.5146578201478693,1.975507430672696,4.311031517865723,2.0922100116751228
64.0,77.0,1005.9624633789062,1.4341756065414992,2.674566406838259,-0.2937512567374032,3.618245085659499,-0.2282419344102588,1.0644477042230736,1.0553152375833867,-0.0833603760118139,3.162931908465532,1.6804561699848746
64.0,77.0,1006.1808471679688,1.5044895019604971,4.37353118641234,-0.1123117642728705,3.278240110355435,-0.2710004059046436,1.206590297347884,1.0726861605494895,-0.7094813345437163,3.301103040810469,1.658737095350794
64.0,77.0,1004.5355224609376,-0.2067583177486083,2.156645823399848,1.1237471826284795,3.780946817479548,-0.5114493991580722,1.3470285072754011,1.5426076556614716,0.9251629364195506,3.6326501297850458,1.193605314089168
64.0,77.0,1005.1493530273438,0.5735184706036716,3.028423329307017,0.2644622216036731,2.659398374348958,0.2306337810705419,1.0125999917583286,1.1341537852403114,0.5087035841895886,3.226086612326376,1.548830647479367
64.0,77.0,1005.850341796875,0.7304566630682912,2.8380748741163657,-0.2219267898013583,3.466029501035801,-0.1102170028146247,1.110438836618309,0.9149193344556408,0.3481579968014066,3.321659140756495,1.6742221258225534
64.0,77.0,1007.4547729492188,1.43629090195749,3.110062472569856,-0.6944199584856007,3.302300007810594,0.2527122463629391,1.3830220275508731,1.1692670148495758,0.4543218612108505,3.286882813634093,1.9327433745059648
64.0,77.0,1005.6038818359376,1.308516753266523,2.1752865939900867,0.1815601508968082,4.19439705578338,-0.2059303139175663,1.0777198568117343,1.0908442654933863,0.2003939982353898,2.6281803945220314,1.684505779710975
64.0,77.0,1005.079833984375,0.8078773908434,3.0635542735379326,-0.2222773718837908,3.644619233544741,-0.0438507735814526,1.4232936018416082,0.7302359461628485,0.463335757005806,3.131559441489576,1.6311643300045815
64.0,77.0,1006.5872802734376,0.2656690085363156,2.8994275720441487,-0.0359203097652873,2.439288483665521,-0.403613583524778,2.160790506390417,1.4511060060394816,0.484404972217794,3.372222679109396,2.807072668682597
64.0,77.0,1005.7649536132812,0.2825466944237913,3.223371955913502,-1.130107795435179,3.475165291581171,-1.048330892200188,0.6773142097574366,1.7224453178602437,-0.0116344510771347,2.978858171781275,1.664112733334867
64.0,77.0,1003.8233642578124,1.028523366259821,3.0628461474330293,-0.3204188298828894,3.0167776901382988,0.2647472536681213,1.306874930918926,0.9514498344110252,-0.5399432597472117,3.348110656193866,0.8965220619264871
64.0,77.0,1007.20849609375,1.42340442516376,1.6389601706335597,-0.4707376408526464,3.5510485345363576,0.0655674880221845,0.5345868805727112,1.7189295151854895,0.652892798276838,3.565456415960298,1.6765185041381792
64.0,77.0,1005.7882080078124,1.930989912640924,2.5698273775009017,-0.4222718299406413,2.2647280101266523,-1.2334670620841697,1.1900713704557306,1.273633231737758,-0.0756089152430987,3.487418316929421,1.693288812527204
64.0,77.0,1007.2538452148438,-0.0688489490101389,3.08697885035138,-0.1956979402256456,3.227077162351756,-0.1831626462700541,1.60457756886145,0.3091449119349676,0.8437145160122203,3.29488335338292,2.1099674504448283
64.0,77.0,1004.8368530273438,-0.0192859539180938,3.1458012448024646,-0.4052589456220559,3.5837623621294377,-0.4446218579421889,1.004306573519272,1.0674916208430016,-0.1473208806064043,4.659302750457305,1.266183010783346
64.0,77.0,1005.0035400390624,1.488088734200528,3.2964916798764268,-0.081613556681665,3.4931910742310563,-0.4795947022471148,1.19443031097595,1.5983254058784726,0.3030366300005376,3.1093375136026897,1.3517079212642986
64.0,77.0,1005.59716796875,0.8422960777773174,3.0348209215701183,-0.2311176520887816,3.530445462000517,0.731073415144617,1.0838871087870037,1.0526527931079228,-0.2789778063184201,3.525442996103043,1.9314441196361605
64.0,77.0,1005.8321533203124,0.377814434290604,3.895551475372848,0.0535583373255332,3.414557908843645,-0.5334289284626546,0.985593986932181,0.7933330380200138,0.0535584523865163,3.290998620666775,1.0098828753892786
64.0,77.0,1006.4464721679688,1.5809811609032556,2.973684344508984,-0.2520182689694079,3.5675059166760548,-0.2077706524501733,0.9768099904424354,1.0682780433964296,-0.0034129855540246,3.316314287362724,1.5148379811241202
64.0,77.0,1006.750732421875,1.4983206496546757,3.310143956253831,-0.0995478391109807,4.111181782258067,-0.0736615879452686,2.3151370482507234,0.654147595066203,0.6455422381112422,3.3493750202887504,1.9151768831651383
64.0,77.0,1005.9476318359376,0.0416259073064684,3.056620648095169,0.9059087932371556,3.541676985417584,-0.4558259587305865,-0.3150494321593007,1.05123482986649,-0.0994281152615595,3.238383279985208,1.6565234082160285
64.0,77.0,1006.3308715820312,1.535959406806901,3.012881012953959,-0.1663306996994601,3.5850778383914594,-0.2867194392540477,1.0486903470382465,1.1491035130694829,-0.0172823082687018,3.5717012420075,1.522958118209904
64.0,77.0,1005.21337890625,1.1138422598907147,3.163510525715634,-0.3509051133911852,2.6758266898773537,-0.5122082648359199,1.0718111705207738,1.65587216787568,-1.0170876187562123,3.54151433099572,1.3460114713344828
64.0,77.0,1004.9675903320312,0.5163418992741506,3.048817683689679,-0.6671757961656667,3.038681368765338,-1.5010622553438249,0.7996637919310045,1.2467383098495923,0.0980610079545224,3.3445950501342527,1.5795039091826957
64.0,77.0,1004.8756713867188,1.803103039357084,3.04969122379482,-0.2380855070972431,3.544222673085715,-0.3675432124331079,1.0049334701620785,1.0915745130618049,-0.0166428366782459,3.286393579044508,1.7128181502425668
64.0,77.0,1005.5949096679688,1.065741447403239,3.566321993171797,-0.1722097588879127,3.335195644635442,0.4153135222526197,1.6432684793938577,1.2308026718224587,0.3065238812510272,3.32453208933479,1.4181087479272612
64.0,77.0,1007.3155517578124,1.5371241881530973,3.0630876048410456,-0.0871751942409553,3.5037983811037874,0.0538749320857102,1.0868473082144283,1.0345167488863027,-0.175052114745749,3.3374017791678297,1.6722190592691553
64.0,77.0,1005.6847534179688,1.5291553936280218,2.501505383531246,-0.2181375611222888,3.0273038141281496,-0.2120236101567779,-0.0606551677314507,1.2525278734953254,0.419718581189239,3.340401835705691,1.7413380876269096
64.0,77.0,1007.3942260742188,1.5424126678030463,3.0792092971485934,-0.2950864639731521,3.4273389256056075,-0.2185157172346629,1.1555148532698905,1.027670704617852,-0.0089863143481305,3.1625335916527737,1.3009636469875132
64.0,77.0,1005.1350708007812,0.1661038185710084,2.5390123143543657,2.0774916054569346,1.835614257140512,-1.5735118140693944,0.0393769710875324,1.5364656260845004,0.9512514490147672,2.833057723425437,1.6722709438483858
64.0,77.0,1006.7476806640624,1.3783292661069166,2.227281756843792,0.7486796121921748,2.3676098445669496,-0.4352187250238886,0.1295667694666509,1.2582478032152908,0.9678886220425788,1.546052822985894,1.7088008776725607
64.0,77.0,1003.6841430664062,1.5264166200797986,3.063097861613356,-0.215819897253269,3.5490497273888275,-0.2048867388282806,1.0826619122252867,1.0511392207255632,-0.0170243374408754,3.2973942147249127,1.6821927523441609
64.0,77.0,1006.7684936523438,1.3436931167584212,2.9723827309808475,-0.6990999954194496,3.448097725237284,-0.2091829105316387,0.262391251339839,1.03385109722468,-0.0967344722036515,3.302876430253528,1.7245487486675914
64.0,77.0,1006.3912353515624,1.0823124156003283,3.145532408020725,0.0937498638335725,4.3492484902596935,-0.983369492477124,0.3045399617600217,1.0355153888892177,-0.6035785196627739,3.47882371336145,1.9749920545649893
64.0,77.0,1006.762451171875,0.911579189855552,2.951643676927795,0.8739934856927296,4.20168182927838,-0.2255314448514733,0.9538401412870204,1.055251361200275,2.289490443857167,3.223133074694574,1.6821020431151852
64.0,77.0,1005.7315063476562,1.5396689441273124,3.0386942734840274,0.0727790596694881,3.99653790662412,-0.2180394714265182,1.1227822176659112,0.9898665587735348,-0.0161734394273001,3.292559616599718,1.7283088665121291
64.0,77.0,1005.9786376953124,1.1755166225902458,3.0139295819900664,-0.2417305383366287,3.616814653335077,-0.2729520402836232,1.8592848557108288,1.1177652924446315,0.1211451494947978,3.912459696901169,2.2316448068592054
64.0,77.0,1004.7403564453124,0.4804166552562906,3.142058809388116,-0.507253232726782,3.78275224637308,-0.5671588827166028,1.1261544357254607,1.4122039073154182,0.5007209311294231,3.503301094810195,1.926829920271378
64.0,77.0,1006.1528930664062,1.4584771219640935,3.0646681446090005,-0.0897342209063494,2.9714324332868927,0.4872548106915795,1.0218047715675216,1.021649081637355,-1.0252645470791708,3.3139842712644967,1.598501157972346
64.0,77.0,1006.9170532226562,1.5008135023933489,2.9861872071511346,-0.431893834371605,2.8214919187287486,-0.2261427739521425,1.1105615551034884,0.4838116239205338,-0.0052966471293471,3.1909425469340382,0.7855032477643943
64.0,77.0,1005.6001586914062,0.1781387739601991,2.8222566258346973,-1.2784227836424644,2.158820161725356,-1.3598118191510389,1.8033214309254848,1.4312019484559402,0.0812233307260337,2.5723035292130967,1.5728984824109573
64.0,77.0,1005.8743896484376,0.0594998054986024,2.4736092679713666,-0.1808303602303297,1.535912543515276,-0.2128728184311272,0.8096079746393341,0.1778975985534896,-0.0199302804665875,3.321000599716123,2.4317144383963893
64.0,77.0,1005.768310546875,1.5999854791936896,2.9805356758612893,-0.224463190705871,3.807145392204087,-0.3379384159359995,1.0087144864956603,0.8161970981207121,-0.0299745068515237,3.525817858828421,1.6851147134922917
64.0,78.0,1004.9807739257812,-0.5860263830397243,3.065616109898324,0.1649193318545723,2.737410361495438,-0.3930089285615246,-0.1533558996367499,-0.4746565737067606,-0.0213919792120722,1.949093119885468,2.2963317078347827
64.0,78.0,1007.9323120117188,0.2833582410088201,3.059506966734865,-0.4440224240314817,3.537913671363393,0.595304704543162,1.2959109613147133,1.0881878258195288,0.0842539774170956,4.340152561424111,1.591153092112809
64.0,78.0,1006.1361694335938,0.8387232566556513,3.06514310945846,-0.2027294162619589,3.4053886985494604,-0.2057767340794501,0.9954022963306812,1.0357322898782315,-0.0773616051418161,3.3487778925027016,1.045925357427675
64.0,78.0,1005.7072143554688,1.6491448804843336,2.9104453120023,-0.2376035463302053,3.615676320374159,-0.5459213406507523,1.0802436756395946,1.0229389087533642,-0.0226071327225542,3.134768809825729,1.4551102740604491
64.0,78.0,1005.2555541992188,-0.5037094802039921,3.707585390221884,-0.3280569768488796,3.321070462527059,0.979043172621886,-0.4155761280008436,0.9565504599200948,0.2951346271246178,3.295787014291044,2.1819067114242974
64.0,78.0,1008.2530517578124,1.5270982961521142,2.378577058659652,-0.1300141971189669,3.4316988602336704,-0.3495752633471561,0.6940326962933131,0.758785861126745,0.0664492484260929,3.002636118435235,0.7040430065820917
64.0,78.0,1006.2119140625,0.4893625390202833,1.7795423029239368,-0.2283334970089545,3.1277989280704825,0.4981169607027755,1.141197769335064,2.5146578201478693,1.975507430672696,4.311031517865723,2.0922100116751228
64.0,78.0,1005.9624633789062,1.4341756065414992,2.674566406838259,-0.2937512567374032,3.618245085659499,-0.2282419344102588,1.0644477042230736,1.0553152375833867,-0.0833603760118139,3.162931908465532,1.6804561699848746
64.0,78.0,1006.1808471679688,1.5044895019604971,4.37353118641234,-0.1123117642728705,3.278240110355435,-0.2710004059046436,1.206590297347884,1.0726861605494895,-0.7094813345437163,3.301103040810469,1.658737095350794
64.0,78.0,1004.5355224609376,-0.2067583177486083,2.156645823399848,1.1237471826284795,3.780946817479548,-0.5114493991580722,1.3470285072754011,1.5426076556614716,0.9251629364195506,3.6326501297850458,1.193605314089168
64.0,78.0,1005.1493530273438,0.5735184706036716,3.028423329307017,0.2644622216036731,2.659398374348958,0.2306337810705419,1.0125999917583286,1.1341537852403114,0.5087035841895886,3.226086612326376,1.548830647479367
64.0,78.0,1005.850341796875,0.7304566630682912,2.8380748741163657,-0.2219267898013583,3.466029501035801,-0.1102170028146247,1.110438836618309,0.9149193344556408,0.3481579968014066,3.321659140756495,1.6742221258225534
64.0,78.0,1007.4547729492188,1.43629090195749,3.110062472569856,-0.6944199584856007,3.302300007810594,0.2527122463629391,1.3830220275508731,1.1692670148495758,0.4543218612108505,3.286882813634093,1.9327433745059648
64.0,78.0,1005.6038818359376,1.308516753266523,2.1752865939900867,0.1815601508968082,4.19439705578338,-0.2059303139175663,1.0777198568117343,1.0908442654933863,0.2003939982353898,2.6281803945220314,1.684505779710975
64.0,78.0,1005.079833984375,0.8078773908434,3.0635542735379326,-0.2222773718837908,3.644619233544741,-0.0438507735814526,1.4232936018416082,0.7302359461628485,0.463335757005806,3.131559441489576,1.6311643300045815
64.0,78.0,1006.5872802734376,0.2656690085363156,2.8994275720441487,-0.0359203097652873,2.439288483665521,-0.403613583524778,2.160790506390417,1.4511060060394816,0.484404972217794,3.372222679109396,2.807072668682597
64.0,78.0,1005.7649536132812,0.2825466944237913,3.223371955913502,-1.130107795435179,3.475165291581171,-1.048330892200188,0.6773142097574366,1.7224453178602437,-0.0116344510771347,2.978858171781275,1.664112733334867
64.0,78.0,1003.8233642578124,1.028523366259821,3.0628461474330293,-0.3204188298828894,3.0167776901382988,0.2647472536681213,1.306874930918926,0.9514498344110252,-0.5399432597472117,3.348110656193866,0.8965220619264871
64.0,78.0,1007.20849609375,1.42340442516376,1.6389601706335597,-0.4707376408526464,3.5510485345363576,0.0655674880221845,0.5345868805727112,1.7189295151854895,0.652892798276838,3.565456415960298,1.6765185041381792
64.0,78.0,1005.7882080078124,1.930989912640924,2.5698273775009017,-0.4222718299406413,2.2647280101266523,-1.2334670620841697,1.1900713704557306,1.273633231737758,-0.0756089152430987,3.487418316929421,1.693288812527204
64.0,78.0,1007.2538452148438,-0.0688489490101389,3.08697885035138,-0.1956979402256456,3.227077162351756,-0.1831626462700541,1.60457756886145,0.3091449119349676,0.8437145160122203,3.29488335338292,2.1099674504448283
64.0,78.0,1004.8368530273438,-0.0192859539180938,3.1458012448024646,-0.4052589456220559,3.5837623621294377,-0.4446218579421889,1.004306573519272,1.0674916208430016,-0.1473208806064043,4.659302750457305,1.266183010783346
64.0,78.0,1005.0035400390624,1.488088734200528,3.2964916798764268,-0.081613556681665,3.4931910742310563,-0.4795947022471148,1.19443031097595,1.5983254058784726,0.3030366300005376,3.1093375136026897,1.3517079212642986
64.0,78.0,1005.59716796875,0.8422960777773174,3.0348209215701183,-0.2311176520887816,3.530445462000517,0.731073415144617,1.0838871087870037,1.0526527931079228,-0.2789778063184201,3.525442996103043,1.9314441196361605
64.0,78.0,1005.8321533203124,0.377814434290604,3.895551475372848,0.0535583373255332,3.414557908843645,-0.5334289284626546,0.985593986932181,0.7933330380200138,0.0535584523865163,3.290998620666775,1.0098828753892786
64.0,78.0,1006.4464721679688,1.5809811609032556,2.973684344508984,-0.2520182689694079,3.5675059166760548,-0.2077706524501733,0.9768099904424354,1.0682780433964296,-0.0034129855540246,3.316314287362724,1.5148379811241202
64.0,78.0,1006.750732421875,1.4983206496546757,3.310143956253831,-0.0995478391109807,4.111181782258067,-0.0736615879452686,2.3151370482507234,0.654147595066203,0.6455422381112422,3.3493750202887504,1.9151768831651383
64.0,78.0,1005.9476318359376,0.0416259073064684,3.056620648095169,0.9059087932371556,3.541676985417584,-0.4558259587305865,-0.3150494321593007,1.05123482986649,-0.0994281152615595,3.238383279985208,1.6565234082160285
64.0,78.0,1006.3308715820312,1.535959406806901,3.012881012953959,-0.1663306996994601,3.5850778383914594,-0.2867194392540477,1.0486903470382465,1.1491035130694829,-0.0172823082687018,3.5717012420075,1.522958118209904
64.0,78.0,1005.21337890625,1.1138422598907147,3.163510525715634,-0.3509051133911852,2.6758266898773537,-0.5122082648359199,1.0718111705207738,1.65587216787568,-1.0170876187562123,3.54151433099572,1.3460114713344828
64.0,78.0,1004.9675903320312,0.5163418992741506,3.048817683689679,-0.6671757961656667,3.038681368765338,-1.5010622553438249,0.7996637919310045,1.2467383098495923,0.0980610079545224,3.3445950501342527,1.5795039091826957
64.0,78.0,1004.8756713867188,1.803103039357084,3.04969122379482,-0.2380855070972431,3.544222673085715,-0.3675432124331079,1.0049334701620785,1.0915745130618049,-0.0166428366782459,3.286393579044508,1.7128181502425668
64.0,78.0,1005.5949096679688,1.065741447403239,3.566321993171797,-0.1722097588879127,3.335195644635442,0.4153135222526197,1.6432684793938577,1.2308026718224587,0.3065238812510272,3.32453208933479,1.4181087479272612
64.0,78.0,1007.3155517578124,1.5371241881530973,3.0630876048410456,-0.0871751942409553,3.5037983811037874,0.0538749320857102,1.0868473082144283,1.0345167488863027,-0.175052114745749,3.3374017791678297,1.6722190592691553
64.0,78.0,1005.6847534179688,1.5291553936280218,2.501505383531246,-0.2181375611222888,3.0273038141281496,-0.2120236101567779,-0.0606551677314507,1.2525278734953254,0.419718581189239,3.340401835705691,1.7413380876269096
64.0,78.0,1007.3942260742188,1.5424126678030463,3.0792092971485934,-0.2950864639731521,3.4273389256056075,-0.2185157172346629,1.1555148532698905,1.027670704617852,-0.0089863143481305,3.1625335916527737,1.3009636469875132
64.0,78.0,1005.1350708007812,0.1661038185710084,2.5390123143543657,2.0774916054569346,1.835614257140512,-1.5735118140693944,0.0393769710875324,1.5364656260845004,0.9512514490147672,2.833057723425437,1.6722709438483858
64.0,78.0,1006.7476806640624,1.3783292661069166,2.227281756843792,0.7486796121921748,2.3676098445669496,-0.4352187250238886,0.1295667694666509,1.2582478032152908,0.9678886220425788,1.546052822985894,1.7088008776725607
64.0,78.0,1003.6841430664062,1.5264166200797986,3.063097861613356,-0.215819897253269,3.5490497273888275,-0.2048867388282806,1.0826619122252867,1.0511392207255632,-0.0170243374408754,3.2973942147249127,1.6821927523441609
64.0,78.0,1006.7684936523438,1.3436931167584212,2.9723827309808475,-0.6990999954194496,3.448097725237284,-0.2091829105316387,0.262391251339839,1.03385109722468,-0.0967344722036515,3.302876430253528,1.7245487486675914
64.0,78.0,1006.3912353515624,1.0823124156003283,3.145532408020725,0.0937498638335725,4.3492484902596935,-0.983369492477124,0.3045399617600217,1.0355153888892177,-0.6035785196627739,3.47882371336145,1.9749920545649893
64.0,78.0,1006.762451171875,0.911579189855552,2.951643676927795,0.8739934856927296,4.20168182927838,-0.2255314448514733,0.9538401412870204,1.055251361200275,2.289490443857167,3.223133074694574,1.6821020431151852
64.0,78.0,1005.7315063476562,1.5396689441273124,3.0386942734840274,0.0727790596694881,3.99653790662412,-0.2180394714265182,1.1227822176659112,0.9898665587735348,-0.0161734394273001,3.292559616599718,1.7283088665121291
64.0,78.0,1005.9786376953124,1.1755166225902458,3.0139295819900664,-0.2417305383366287,3.616814653335077,-0.2729520402836232,1.8592848557108288,1.1177652924446315,0.1211451494947978,3.912459696901169,2.2316448068592054
64.0,78.0,1004.7403564453124,0.4804166552562906,3.142058809388116,-0.507253232726782,3.78275224637308,-0.5671588827166028,1.1261544357254607,1.4122039073154182,0.5007209311294231,3.503301094810195,1.926829920271378
64.0,78.0,1006.1528930664062,1.4584771219640935,3.0646681446090005,-0.0897342209063494,2.9714324332868927,0.4872548106915795,1.0218047715675216,1.021649081637355,-1.0252645470791708,3.3139842712644967,1.598501157972346
64.0,78.0,1006.9170532226562,1.5008135023933489,2.9861872071511346,-0.431893834371605,2.8214919187287486,-0.2261427739521425,1.1105615551034884,0.4838116239205338,-0.0052966471293471,3.1909425469340382,0.7855032477643943
64.0,78.0,1005.6001586914062,0.1781387739601991,2.8222566258346973,-1.2784227836424644,2.158820161725356,-1.3598118191510389,1.8033214309254848,1.4312019484559402,0.0812233307260337,2.5723035292130967,1.5728984824109573
64.0,78.0,1005.8743896484376,0.0594998054986024,2.4736092679713666,-0.1808303602303297,1.535912543515276,-0.2128728184311272,0.8096079746393341,0.1778975985534896,-0.0199302804665875,3.321000599716123,2.4317144383963893
64.0,78.0,1005.768310546875,1.5999854791936896,2.9805356758612893,-0.224463190705871,3.807145392204087,-0.3379384159359995,1.0087144864956603,0.8161970981207121,-0.0299745068515237,3.525817858828421,1.6851147134922917
64.0,79.0,1004.9807739257812,-0.5860263830397243,3.065616109898324,0.1649193318545723,2.737410361495438,-0.3930089285615246,-0.1533558996367499,-0.4746565737067606,-0.0213919792120722,1.949093119885468,2.2963317078347827
64.0,79.0,1007.9323120117188,0.2833582410088201,3.059506966734865,-0.4440224240314817,3.537913671363393,0.595304704543162,1.2959109613147133,1.0881878258195288,0.0842539774170956,4.340152561424111,1.591153092112809
64.0,79.0,1006.1361694335938,0.8387232566556513,3.06514310945846,-0.2027294162619589,3.4053886985494604,-0.2057767340794501,0.9954022963306812,1.0357322898782315,-0.0773616051418161,3.3487778925027016,1.045925357427675
64.0,79.0,1005.7072143554688,1.6491448804843336,2.9104453120023,-0.2376035463302053,3.615676320374159,-0.5459213406507523,1.0802436756395946,1.0229389087533642,-0.0226071327225542,3.134768809825729,1.4551102740604491
64.0,79.0,1005.2555541992188,-0.5037094802039921,3.707585390221884,-0.3280569768488796,3.321070462527059,0.979043172621886,-0.4155761280008436,0.9565504599200948,0.2951346271246178,3.295787014291044,2.1819067114242974
64.0,79.0,1008.2530517578124,1.5270982961521142,2.378577058659652,-0.1300141971189669,3.4316988602336704,-0.3495752633471561,0.6940326962933131,0.758785861126745,0.0664492484260929,3.002636118435235,0.7040430065820917
64.0,79.0,1006.2119140625,0.4893625390202833,1.7795423029239368,-0.2283334970089545,3.1277989280704825,0.4981169607027755,1.141197769335064,2.5146578201478693,1.975507430672696,4.311031517865723,2.0922100116751228
64.0,79.0,1005.9624633789062,1.4341756065414992,2.674566406838259,-0.2937512567374032,3.618245085659499,-0.2282419344102588,1.0644477042230736,1.0553152375833867,-0.0833603760118139,3.162931908465532,1.6804561699848746
64.0,79.0,1006.1808471679688,1.5044895019604971,4.37353118641234,-0.1123117642728705,3.278240110355435,-0.2710004059046436,1.206590297347884,1.0726861605494895,-0.7094813345437163,3.301103040810469,1.658737095350794
64.0,79.0,1004.5355224609376,-0.2067583177486083,2.156645823399848,1.1237471826284795,3.780946817479548,-0.5114493991580722,1.3470285072754011,1.5426076556614716,0.9251629364195506,3.6326501297850458,1.193605314089168
64.0,79.0,1005.1493530273438,0.5735184706036716,3.028423329307017,0.2644622216036731,2.659398374348958,0.2306337810705419,1.0125999917583286,1.1341537852403114,0.5087035841895886,3.226086612326376,1.548830647479367
64.0,79.0,1005.850341796875,0.7304566630682912,2.8380748741163657,-0.2219267898013583,3.466029501035801,-0.1102170028146247,1.110438836618309,0.9149193344556408,0.3481579968014066,3.321659140756495,1.6742221258225534
64.0,79.0,1007.4547729492188,1.43629090195749,3.110062472569856,-0.6944199584856007,3.302300007810594,0.2527122463629391,1.3830220275508731,1.1692670148495758,0.4543218612108505,3.286882813634093,1.9327433745059648
64.0,79.0,1005.6038818359376,1.308516753266523,2.1752865939900867,0.1815601508968082,4.19439705578338,-0.2059303139175663,1.0777198568117343,1.0908442654933863,0.2003939982353898,2.6281803945220314,1.684505779710975
64.0,79.0,1005.079833984375,0.8078773908434,3.0635542735379326,-0.2222773718837908,3.644619233544741,-0.0438507735814526,1.4232936018416082,0.7302359461628485,0.463335757005806,3.131559441489576,1.6311643300045815
64.0,79.0,1006.5872802734376,0.2656690085363156,2.8994275720441487,-0.0359203097652873,2.439288483665521,-0.403613583524778,2.160790506390417,1.4511060060394816,0.484404972217794,3.372222679109396,2.807072668682597
64.0,79.0,1005.7649536132812,0.2825466944237913,3.223371955913502,-1.130107795435179,3.475165291581171,-1.048330892200188,0.6773142097574366,1.7224453178602437,-0.0116344510771347,2.978858171781275,1.664112733334867
64.0,79.0,1003.8233642578124,1.028523366259821,3.0628461474330293,-0.3204188298828894,3.0167776901382988,0.2647472536681213,1.306874930918926,0.9514498344110252,-0.5399432597472117,3.348110656193866,0.8965220619264871
64.0,79.0,1007.20849609375,1.42340442516376,1.6389601706335597,-0.4707376408526464,3.5510485345363576,0.0655674880221845,0.5345868805727112,1.7189295151854895,0.652892798276838,3.565456415960298,1.6765185041381792
64.0,79.0,1005.7882080078124,1.930989912640924,2.5698273775009017,-0.4222718299406413,2.2647280101266523,-1.2334670620841697,1.1900713704557306,1.273633231737758,-0.0756089152430987,3.487418316929421,1.693288812527204
64.0,79.0,1007.2538452148438,-0.0688489490101389,3.08697885035138,-0.1956979402256456,3.227077162351756,-0.1831626462700541,1.60457756886145,0.3091449119349676,0.8437145160122203,3.29488335338292,2.1099674504448283
64.0,79.0,1004.8368530273438,-0.0192859539180938,3.1458012448024646,-0.4052589456220559,3.5837623621294377,-0.4446218579421889,1.004306573519272,1.0674916208430016,-0.1473208806064043,4.659302750457305,1.266183010783346
64.0,79.0,1005.0035400390624,1.488088734200528,3.2964916798764268,-0.081613556681665,3.4931910742310563,-0.4795947022471148,1.19443031097595,1.5983254058784726,0.3030366300005376,3.1093375136026897,1.3517079212642986
64.0,79.0,1005.59716796875,0.8422960777773174,3.0348209215701183,-0.2311176520887816,3.530445462000517,0.731073415144617,1.0838871087870037,1.0526527931079228,-0.2789778063184201,3.525442996103043,1.9314441196361605
64.0,79.0,1005.8321533203124,0.377814434290604,3.895551475372848,0.0535583373255332,3.414557908843645,-0.5334289284626546,0.985593986932181,0.7933330380200138,0.0535584523865163,3.290998620666775,1.0098828753892786
64.0,79.0,1006.4464721679688,1.5809811609032556,2.973684344508984,-0.2520182689694079,3.5675059166760548,-0.2077706524501733,0.9768099904424354,1.0682780433964296,-0.0034129855540246,3.316314287362724,1.5148379811241202
64.0,79.0,1006.750732421875,1.4983206496546757,3.310143956253831,-0.0995478391109807,4.111181782258067,-0.0736615879452686,2.3151370482507234,0.654147595066203,0.6455422381112422,3.3493750202887504,1.9151768831651383
64.0,79.0,1005.9476318359376,0.0416259073064684,3.056620648095169,0.9059087932371556,3.541676985417584,-0.4558259587305865,-0.3150494321593007,1.05123482986649,-0.0994281152615595,3.238383279985208,1.6565234082160285
64.0,79.0,1006.3308715820312,1.535959406806901,3.012881012953959,-0.1663306996994601,3.5850778383914594,-0.2867194392540477,1.0486903470382465,1.1491035130694829,-0.0172823082687018,3.5717012420075,1.522958118209904
64.0,79.0,1005.21337890625,1.1138422598907147,3.163510525715634,-0.3509051133911852,2.6758266898773537,-0.5122082648359199,1.0718111705207738,1.65587216787568,-1.0170876187562123,3.54151433099572,1.3460114713344828
64.0,79.0,1004.9675903320312,0.5163418992741506,3.048817683689679,-0.6671757961656667,3.038681368765338,-1.5010622553438249,0.7996637919310045,1.2467383098495923,0.0980610079545224,3.3445950501342527,1.5795039091826957
64.0,79.0,1004.8756713867188,1.803103039357084,3.04969122379482,-0.2380855070972431,3.544222673085715,-0.3675432124331079,1.0049334701620785,1.0915745130618049,-0.0166428366782459,3.286393579044508,1.7128181502425668
64.0,79.0,1005.5949096679688,1.065741447403239,3.566321993171797,-0.1722097588879127,3.335195644635442,0.4153135222526197,1.6432684793938577,1.2308026718224587,0.3065238812510272,3.32453208933479,1.4181087479272612
64.0,79.0,1007.3155517578124,1.5371241881530973,3.0630876048410456,-0.0871751942409553,3.5037983811037874,0.0538749320857102,1.0868473082144283,1.0345167488863027,-0.175052114745749,3.3374017791678297,1.6722190592691553
64.0,79.0,1005.6847534179688,1.5291553936280218,2.501505383531246,-0.2181375611222888,3.0273038141281496,-0.2120236101567779,-0.0606551677314507,1.2525278734953254,0.419718581189239,3.340401835705691,1.7413380876269096
64.0,79.0,1007.3942260742188,1.5424126678030463,3.0792092971485934,-0.2950864639731521,3.4273389256056075,-0.2185157172346629,1.1555148532698905,1.027670704617852,-0.0089863143481305,3.1625335916527737,1.3009636469875132
64.0,79.0,1005.1350708007812,0.1661038185710084,2.5390123143543657,2.0774916054569346,1.835614257140512,-1.5735118140693944,0.0393769710875324,1.5364656260845004,0.9512514490147672,2.833057723425437,1.6722709438483858
64.0,79.0,1006.7476806640624,1.3783292661069166,2.227281756843792,0.7486796121921748,2.3676098445669496,-0.4352187250238886,0.1295667694666509,1.2582478032152908,0.9678886220425788,1.546052822985894,1.7088008776725607
64.0,79.0,1003.6841430664062,1.5264166200797986,3.063097861613356,-0.215819897253269,3.5490497273888275,-0.2048867388282806,1.0826619122252867,1.0511392207255632,-0.0170243374408754,3.2973942147249127,1.6821927523441609
64.0,79.0,1006.7684936523438,1.3436931167584212,2.9723827309808475,-0.6990999954194496,3.448097725237284,-0.2091829105316387,0.262391251339839,1.03385109722468,-0.0967344722036515,3.302876430253528,1.7245487486675914
64.0,79.0,1006.3912353515624,1.0823124156003283,3.145532408020725,0.0937498638335725,4.3492484902596935,-0.983369492477124,0.3045399617600217,1.0355153888892177,-0.6035785196627739,3.47882371336145,1.9749920545649893
64.0,79.0,1006.762451171875,0.911579189855552,2.951643676927795,0.8739934856927296,4.20168182927838,-0.2255314448514733,0.9538401412870204,1.055251361200275,2.289490443857167,3.223133074694574,1.6821020431151852
64.0,79.0,1005.7315063476562,1.5396689441273124,3.0386942734840274,0.0727790596694881,3.99653790662412,-0.2180394714265182,1.1227822176659112,0.9898665587735348,-0.0161734394273001,3.292559616599718,1.7283088665121291
64.0,79.0,1005.9786376953124,1.1755166225902458,3.0139295819900664,-0.2417305383366287,3.616814653335077,-0.2729520402836232,1.8592848557108288,1.1177652924446315,0.1211451494947978,3.912459696901169,2.2316448068592054
64.0,79.0,1004.7403564453124,0.4804166552562906,3.142058809388116,-0.507253232726782,3.78275224637308,-0.5671588827166028,1.1261544357254607,1.4122039073154182,0.5007209311294231,3.503301094810195,1.926829920271378
64.0,79.0,1006.1528930664062,1.4584771219640935,3.0646681446090005,-0.0897342209063494,2.9714324332868927,0.4872548106915795,1.0218047715675216,1.021649081637355,-1.0252645470791708,3.3139842712644967,1.598501157972346
64.0,79.0,1006.9170532226562,1.5008135023933489,2.9861872071511346,-0.431893834371605,2.8214919187287486,-0.2261427739521425,1.1105615551034884,0.4838116239205338,-0.0052966471293471,3.1909425469340382,0.7855032477643943
64.0,79.0,1005.6001586914062,0.1781387739601991,2.8222566258346973,-1.2784227836424644,2.158820161725356,-1.3598118191510389,1.8033214309254848,1.4312019484559402,0.0812233307260337,2.5723035292130967,1.5728984824109573
64.0,79.0,1005.8743896484376,0.0594998054986024,2.4736092679713666,-0.1808303602303297,1.535912543515276,-0.2128728184311272,0.8096079746393341,0.1778975985534896,-0.0199302804665875,3.321000599716123,2.4317144383963893
64.0,79.0,1005.768310546875,1.5999854791936896,2.9805356758612893,-0.224463190705871,3.807145392204087,-0.3379384159359995,1.0087144864956603,0.8161970981207121,-0.0299745068515237,3.525817858828421,1.6851147134922917
64.0,80.0,1004.9807739257812,-0.5860263830397243,3.065616109898324,0.1649193318545723,2.737410361495438,-0.3930089285615246,-0.1533558996367499,-0.4746565737067606,-0.0213919792120722,1.949093119885468,2.2963317078347827
64.0,80.0,1007.9323120117188,0.2833582410088201,3.059506966734865,-0.4440224240314817,3.537913671363393,0.595304704543162,1.2959109613147133,1.0881878258195288,0.0842539774170956,4.340152561424111,1.591153092112809
64.0,80.0,1006.1361694335938,0.8387232566556513,3.06514310945846,-0.2027294162619589,3.4053886985494604,-0.2057767340794501,0.9954022963306812,1.0357322898782315,-0.0773616051418161,3.3487778925027016,1.045925357427675
64.0,80.0,1005.7072143554688,1.6491448804843336,2.9104453120023,-0.2376035463302053,3.615676320374159,-0.5459213406507523,1.0802436756395946,1.0229389087533642,-0.0226071327225542,3.134768809825729,1.4551102740604491
64.0,80.0,1005.2555541992188,-0.5037094802039921,3.707585390221884,-0.3280569768488796,3.321070462527059,0.979043172621886,-0.4155761280008436,0.9565504599200948,0.2951346271246178,3.295787014291044,2.1819067114242974
64.0,80.0,1008.2530517578124,1.5270982961521142,2.378577058659652,-0.1300141971189669,3.4316988602336704,-0.3495752633471561,0.6940326962933131,0.758785861126745,0.0664492484260929,3.002636118435235,0.7040430065820917
64.0,80.0,1006.2119140625,0.4893625390202833,1.7795423029239368,-0.2283334970089545,3.1277989280704825,0.4981169607027755,1.141197769335064,2.5146578201478693,1.975507430672696,4.311031517865723,2.0922100116751228
64.0,80.0,1005.9624633789062,1.4341756065414992,2.674566406838259,-0.2937512567374032,3.618245085659499,-0.2282419344102588,1.0644477042230736,1.0553152375833867,-0.0833603760118139,3.162931908465532,1.6804561699848746
64.0,80.0,1006.1808471679688,1.5044895019604971,4.37353118641234,-0.1123117642728705,3.278240110355435,-0.2710004059046436,1.206590297347884,1.0726861605494895,-0.7094813345437163,3.301103040810469,1.658737095350794
64.0,80.0,1004.5355224609376,-0.2067583177486083,2.156645823399848,1.1237471826284795,3.780946817479548,-0.5114493991580722,1.3470285072754011,1.5426076556614716,0.9251629364195506,3.6326501297850458,1.193605314089168
64.0,80.0,1005.1493530273438,0.5735184706036716,3.028423329307017,0.2644622216036731,2.659398374348958,0.2306337810705419,1.0125999917583286,1.1341537852403114,0.5087035841895886,3.226086612326376,1.548830647479367
64.0,80.0,1005.850341796875,0.7304566630682912,2.8380748741163657,-0.2219267898013583,3.466029501035801,-0.1102170028146247,1.110438836618309,0.9149193344556408,0.3481579968014066,3.321659140756495,1.6742221258225534
64.0,80.0,1007.4547729492188,1.43629090195749,3.110062472569856,-0.6944199584856007,3.302300007810594,0.2527122463629391,1.3830220275508731,1.1692670148495758,0.4543218612108505,3.286882813634093,1.9327433745059648
64.0,80.0,1005.6038818359376,1.308516753266523,2.1752865939900867,0.1815601508968082,4.19439705578338,-0.2059303139175663,1.0777198568117343,1.0908442654933863,0.2003939982353898,2.6281803945220314,1.684505779710975
64.0,80.0,1005.079833984375,0.8078773908434,3.0635542735379326,-0.2222773718837908,3.644619233544741,-0.0438507735814526,1.4232936018416082,0.7302359461628485,0.463335757005806,3.131559441489576,1.6311643300045815
64.0,80.0,1006.5872802734376,0.2656690085363156,2.8994275720441487,-0.0359203097652873,2.439288483665521,-0.403613583524778,2.160790506390417,1.4511060060394816,0.484404972217794,3.372222679109396,2.807072668682597
64.0,80.0,1005.7649536132812,0.2825466944237913,3.223371955913502,-1.130107795435179,3.475165291581171,-1.048330892200188,0.6773142097574366,1.7224453178602437,-0.0116344510771347,2.978858171781275,1.664112733334867
64.0,80.0,1003.8233642578124,1.028523366259821,3.0628461474330293,-0.3204188298828894,3.0167776901382988,0.2647472536681213,1.306874930918926,0.9514498344110252,-0.5399432597472117,3.348110656193866,0.8965220619264871
64.0,80.0,1007.20849609375,1.42340442516376,1.6389601706335597,-0.4707376408526464,3.5510485345363576,0.0655674880221845,0.5345868805727112,1.7189295151854895,0.652892798276838,3.565456415960298,1.6765185041381792
64.0,80.0,1005.7882080078124,1.930989912640924,2.5698273775009017,-0.4222718299406413,2.2647280101266523,-1.2334670620841697,1.1900713704557306,1.273633231737758,-0.0756089152430987,3.487418316929421,1.693288812527204
64.0,80.0,1007.2538452148438,-0.0688489490101389,3.08697885035138,-0.1956979402256456,3.227077162351756,-0.1831626462700541,1.60457756886145,0.3091449119349676,0.8437145160122203,3.29488335338292,2.1099674504448283
64.0,80.0,1004.8368530273438,-0.0192859539180938,3.1458012448024646,-0.4052589456220559,3.5837623621294377,-0.4446218579421889,1.004306573519272,1.0674916208430016,-0.1473208806064043,4.659302750457305,1.266183010783346
64.0,80.0,1005.0035400390624,1.488088734200528,3.2964916798764268,-0.081613556681665,3.4931910742310563,-0.4795947022471148,1.19443031097595,1.5983254058784726,0.3030366300005376,3.1093375136026897,1.3517079212642986
64.0,80.0,1005.59716796875,0.8422960777773174,3.0348209215701183,-0.2311176520887816,3.530445462000517,0.731073415144617,1.0838871087870037,1.0526527931079228,-0.2789778063184201,3.525442996103043,1.9314441196361605
64.0,80.0,1005.8321533203124,0.377814434290604,3.895551475372848,0.0535583373255332,3.414557908843645,-0.5334289284626546,0.985593986932181,0.7933330380200138,0.0535584523865163,3.290998620666775,1.0098828753892786
64.0,80.0,1006.4464721679688,1.5809811609032556,2.973684344508984,-0.2520182689694079,3.5675059166760548,-0.2077706524501733,0.9768099904424354,1.0682780433964296,-0.0034129855540246,3.316314287362724,1.5148379811241202
64.0,80.0,1006.750732421875,1.4983206496546757,3.310143956253831,-0.0995478391109807,4.111181782258067,-0.0736615879452686,2.3151370482507234,0.654147595066203,0.6455422381112422,3.3493750202887504,1.9151768831651383
64.0,80.0,1005.9476318359376,0.0416259073064684,3.056620648095169,0.9059087932371556,3.541676985417584,-0.4558259587305865,-0.3150494321593007,1.05123482986649,-0.0994281152615595,3.238383279985208,1.6565234082160285
64.0,80.0,1006.3308715820312,1.535959406806901,3.012881012953959,-0.1663306996994601,3.5850778383914594,-0.2867194392540477,1.0486903470382465,1.1491035130694829,-0.0172823082687018,3.5717012420075,1.522958118209904
64.0,80.0,1005.21337890625,1.1138422598907147,3.163510525715634,-0.3509051133911852,2.6758266898773537,-0.5122082648359199,1.0718111705207738,1.65587216787568,-1.0170876187562123,3.54151433099572,1.3460114713344828
64.0,80.0,1004.9675903320312,0.5163418992741506,3.048817683689679,-0.6671757961656667,3.038681368765338,-1.5010622553438249,0.7996637919310045,1.2467383098495923,0.0980610079545224,3.3445950501342527,1.5795039091826957
64.0,80.0,1004.8756713867188,1.803103039357084,3.04969122379482,-0.2380855070972431,3.544222673085715,-0.3675432124331079,1.0049334701620785,1.0915745130618049,-0.0166428366782459,3.286393579044508,1.7128181502425668
64.0,80.0,1005.5949096679688,1.065741447403239,3.566321993171797,-0.1722097588879127,3.335195644635442,0.4153135222526197,1.6432684793938577,1.2308026718224587,0.3065238812510272,3.32453208933479,1.4181087479272612
64.0,80.0,1007.3155517578124,1.5371241881530973,3.0630876048410456,-0.0871751942409553,3.5037983811037874,0.0538749320857102,1.0868473082144283,1.0345167488863027,-0.175052114745749,3.3374017791678297,1.6722190592691553
64.0,80.0,1005.6847534179688,1.5291553936280218,2.501505383531246,-0.2181375611222888,3.0273038141281496,-0.2120236101567779,-0.0606551677314507,1.2525278734953254,0.419718581189239,3.340401835705691,1.7413380876269096
64.0,80.0,1007.3942260742188,1.5424126678030463,3.0792092971485934,-0.2950864639731521,3.4273389256056075,-0.2185157172346629,1.1555148532698905,1.027670704617852,-0.0089863143481305,3.1625335916527737,1.3009636469875132
64.0,80.0,1005.1350708007812,0.1661038185710084,2.5390123143543657,2.0774916054569346,1.835614257140512,-1.5735118140693944,0.0393769710875324,1.5364656260845004,0.9512514490147672,2.833057723425437,1.6722709438483858
64.0,80.0,1006.7476806640624,1.3783292661069166,2.227281756843792,0.7486796121921748,2.3676098445669496,-0.4352187250238886,0.1295667694666509,1.2582478032152908,0.9678886220425788,1.546052822985894,1.7088008776725607
64.0,80.0,1003.6841430664062,1.5264166200797986,3.063097861613356,-0.215819897253269,3.5490497273888275,-0.2048867388282806,1.0826619122252867,1.0511392207255632,-0.0170243374408754,3.2973942147249127,1.6821927523441609
64.0,80.0,1006.7684936523438,1.3436931167584212,2.9723827309808475,-0.6990999954194496,3.448097725237284,-0.2091829105316387,0.262391251339839,1.03385109722468,-0.0967344722036515,3.302876430253528,1.7245487486675914
64.0,80.0,1006.3912353515624,1.0823124156003283,3.145532408020725,0.0937498638335725,4.3492484902596935,-0.983369492477124,0.3045399617600217,1.0355153888892177,-0.6035785196627739,3.47882371336145,1.9749920545649893
64.0,80.0,1006.762451171875,0.911579189855552,2.951643676927795,0.8739934856927296,4.20168182927838,-0.2255314448514733,0.9538401412870204,1.055251361200275,2.289490443857167,3.223133074694574,1.6821020431151852
64.0,80.0,1005.7315063476562,1.5396689441273124,3.0386942734840274,0.0727790596694881,3.99653790662412,-0.2180394714265182,1.1227822176659112,0.9898665587735348,-0.0161734394273001,3.292559616599718,1.7283088665121291
64.0,80.0,1005.9786376953124,1.1755166225902458,3.0139295819900664,-0.2417305383366287,3.616814653335077,-0.2729520402836232,1.8592848557108288,1.1177652924446315,0.1211451494947978,3.912459696901169,2.2316448068592054
64.0,80.0,1004.7403564453124,0.4804166552562906,3.142058809388116,-0.507253232726782,3.78275224637308,-0.5671588827166028,1.1261544357254607,1.4122039073154182,0.5007209311294231,3.503301094810195,1.926829920271378
64.0,80.0,1006.1528930664062,1.4584771219640935,3.0646681446090005,-0.0897342209063494,2.9714324332868927,0.4872548106915795,1.0218047715675216,1.021649081637355,-1.0252645470791708,3.3139842712644967,1.598501157972346
64.0,80.0,1006.9170532226562,1.5008135023933489,2.9861872071511346,-0.431893834371605,2.8214919187287486,-0.2261427739521425,1.1105615551034884,0.4838116239205338,-0.0052966471293471,3.1909425469340382,0.7855032477643943
64.0,80.0,1005.6001586914062,0.1781387739601991,2.8222566258346973,-1.2784227836424644,2.158820161725356,-1.3598118191510389,1.8033214309254848,1.4312019484559402,0.0812233307260337,2.5723035292130967,1.5728984824109573
64.0,80.0,1005.8743896484376,0.0594998054986024,2.4736092679713666,-0.1808303602303297,1.535912543515276,-0.2128728184311272,0.8096079746393341,0.1778975985534896,-0.0199302804665875,3.321000599716123,2.4317144383963893
64.0,80.0,1005.768310546875,1.5999854791936896,2.9805356758612893,-0.224463190705871,3.807145392204087,-0.3379384159359995,1.0087144864956603,0.8161970981207121,-0.0299745068515237,3.525817858828421,1.6851147134922917
64.0,81.0,1004.9807739257812,-0.5860263830397243,3.065616109898324,0.1649193318545723,2.737410361495438,-0.3930089285615246,-0.1533558996367499,-0.4746565737067606,-0.0213919792120722,1.949093119885468,2.2963317078347827
64.0,81.0,1007.9323120117188,0.2833582410088201,3.059506966734865,-0.4440224240314817,3.537913671363393,0.595304704543162,1.2959109613147133,1.0881878258195288,0.0842539774170956,4.340152561424111,1.591153092112809
64.0,81.0,1006.1361694335938,0.8387232566556513,3.06514310945846,-0.2027294162619589,3.4053886985494604,-0.2057767340794501,0.9954022963306812,1.0357322898782315,-0.0773616051418161,3.3487778925027016,1.045925357427675
64.0,81.0,1005.7072143554688,1.6491448804843336,2.9104453120023,-0.2376035463302053,3.615676320374159,-0.5459213406507523,1.0802436756395946,1.0229389087533642,-0.0226071327225542,3.134768809825729,1.4551102740604491
64.0,81.0,1005.2555541992188,-0.5037094802039921,3.707585390221884,-0.3280569768488796,3.321070462527059,0.979043172621886,-0.4155761280008436,0.9565504599200948,0.2951346271246178,3.295787014291044,2.1819067114242974
64.0,81.0,1008.2530517578124,1.5270982961521142,2.378577058659652,-0.1300141971189669,3.4316988602336704,-0.3495752633471561,0.6940326962933131,0.758785861126745,0.0664492484260929,3.002636118435235,0.7040430065820917
64.0,81.0,1006.2119140625,0.4893625390202833,1.7795423029239368,-0.2283334970089545,3.1277989280704825,0.4981169607027755,1.141197769335064,2.5146578201478693,1.975507430672696,4.311031517865723,2.0922100116751228
64.0,81.0,1005.9624633789062,1.4341756065414992,2.674566406838259,-0.2937512567374032,3.618245085659499,-0.2282419344102588,1.0644477042230736,1.0553152375833867,-0.0833603760118139,3.162931908465532,1.6804561699848746
64.0,81.0,1006.1808471679688,1.5044895019604971,4.37353118641234,-0.1123117642728705,3.278240110355435,-0.2710004059046436,1.206590297347884,1.0726861605494895,-0.7094813345437163,3.301103040810469,1.658737095350794
64.0,81.0,1004.5355224609376,-0.2067583177486083,2.156645823399848,1.1237471826284795,3.780946817479548,-0.5114493991580722,1.3470285072754011,1.5426076556614716,0.9251629364195506,3.6326501297850458,1.193605314089168
64.0,81.0,1005.1493530273438,0.5735184706036716,3.028423329307017,0.2644622216036731,2.659398374348958,0.2306337810705419,1.0125999917583286,1.1341537852403114,0.5087035841895886,3.226086612326376,1.548830647479367
64.0,81.0,1005.850341796875,0.7304566630682912,2.8380748741163657,-0.2219267898013583,3.466029501035801,-0.1102170028146247,1.110438836618309,0.9149193344556408,0.3481579968014066,3.321659140756495,1.6742221258225534
64.0,81.0,1007.4547729492188,1.43629090195749,3.110062472569856,-0.6944199584856007,3.302300007810594,0.2527122463629391,1.3830220275508731,1.1692670148495758,0.4543218612108505,3.286882813634093,1.9327433745059648
64.0,81.0,1005.6038818359376,1.308516753266523,2.1752865939900867,0.1815601508968082,4.19439705578338,-0.2059303139175663,1.0777198568117343,1.0908442654933863,0.2003939982353898,2.6281803945220314,1.684505779710975
64.0,81.0,1005.079833984375,0.8078773908434,3.0635542735379326,-0.2222773718837908,3.644619233544741,-0.0438507735814526,1.4232936018416082,0.7302359461628485,0.463335757005806,3.131559441489576,1.6311643300045815
64.0,81.0,1006.5872802734376,0.2656690085363156,2.8994275720441487,-0.0359203097652873,2.439288483665521,-0.403613583524778,2.160790506390417,1.4511060060394816,0.484404972217794,3.372222679109396,2.807072668682597
64.0,81.0,1005.7649536132812,0.2825466944237913,3.223371955913502,-1.130107795435179,3.475165291581171,-1.048330892200188,0.6773142097574366,1.7224453178602437,-0.0116344510771347,2.978858171781275,1.664112733334867
64.0,81.0,1003.8233642578124,1.028523366259821,3.0628461474330293,-0.3204188298828894,3.0167776901382988,0.2647472536681213,1.306874930918926,0.9514498344110252,-0.5399432597472117,3.348110656193866,0.8965220619264871
64.0,81.0,1007.20849609375,1.42340442516376,1.6389601706335597,-0.4707376408526464,3.5510485345363576,0.0655674880221845,0.5345868805727112,1.7189295151854895,0.652892798276838,3.565456415960298,1.6765185041381792
64.0,81.0,1005.7882080078124,1.930989912640924,2.5698273775009017,-0.4222718299406413,2.2647280101266523,-1.2334670620841697,1.1900713704557306,1.273633231737758,-0.0756089152430987,3.487418316929421,1.693288812527204
64.0,81.0,1007.2538452148438,-0.0688489490101389,3.08697885035138,-0.1956979402256456,3.227077162351756,-0.1831626462700541,1.60457756886145,0.3091449119349676,0.8437145160122203,3.29488335338292,2.1099674504448283
64.0,81.0,1004.8368530273438,-0.0192859539180938,3.1458012448024646,-0.4052589456220559,3.5837623621294377,-0.4446218579421889,1.004306573519272,1.0674916208430016,-0.1473208806064043,4.659302750457305,1.266183010783346
64.0,81.0,1005.0035400390624,1.488088734200528,3.2964916798764268,-0.081613556681665,3.4931910742310563,-0.4795947022471148,1.19443031097595,1.5983254058784726,0.3030366300005376,3.1093375136026897,1.3517079212642986
64.0,81.0,1005.59716796875,0.8422960777773174,3.0348209215701183,-0.2311176520887816,3.530445462000517,0.731073415144617,1.0838871087870037,1.0526527931079228,-0.2789778063184201,3.525442996103043,1.9314441196361605
64.0,81.0,1005.8321533203124,0.377814434290604,3.895551475372848,0.0535583373255332,3.414557908843645,-0.5334289284626546,0.985593986932181,0.7933330380200138,0.0535584523865163,3.290998620666775,1.0098828753892786
64.0,81.0,1006.4464721679688,1.5809811609032556,2.973684344508984,-0.2520182689694079,3.5675059166760548,-0.2077706524501733,0.9768099904424354,1.0682780433964296,-0.0034129855540246,3.316314287362724,1.5148379811241202
64.0,81.0,1006.1416015625,1.5194195767577958,3.13169691444319,0.1840492604754304,3.6966921254025658,-0.0658918054734986,1.6765788188399164,0.8722165089156587,-0.0526893113553003,3.3585637053876103,2.1425141671145624
64.0,81.0,1005.9476318359376,0.0416259073064684,3.056620648095169,0.9059087932371556,3.541676985417584,-0.4558259587305865,-0.3150494321593007,1.05123482986649,-0.0994281152615595,3.238383279985208,1.6565234082160285
64.0,81.0,1006.3308715820312,1.535959406806901,3.012881012953959,-0.1663306996994601,3.5850778383914594,-0.2867194392540477,1.0486903470382465,1.1491035130694829,-0.0172823082687018,3.5717012420075,1.522958118209904
64.0,81.0,1005.21337890625,1.1138422598907147,3.163510525715634,-0.3509051133911852,2.6758266898773537,-0.5122082648359199,1.0718111705207738,1.65587216787568,-1.0170876187562123,3.54151433099572,1.3460114713344828
64.0,81.0,1004.9675903320312,0.5163418992741506,3.048817683689679,-0.6671757961656667,3.038681368765338,-1.5010622553438249,0.7996637919310045,1.2467383098495923,0.0980610079545224,3.3445950501342527,1.5795039091826957
64.0,81.0,1004.8756713867188,1.803103039357084,3.04969122379482,-0.2380855070972431,3.544222673085715,-0.3675432124331079,1.0049334701620785,1.0915745130618049,-0.0166428366782459,3.286393579044508,1.7128181502425668
64.0,81.0,1005.5949096679688,1.065741447403239,3.566321993171797,-0.1722097588879127,3.335195644635442,0.4153135222526197,1.6432684793938577,1.2308026718224587,0.3065238812510272,3.32453208933479,1.4181087479272612
64.0,81.0,1007.3155517578124,1.5371241881530973,3.0630876048410456,-0.0871751942409553,3.5037983811037874,0.0538749320857102,1.0868473082144283,1.0345167488863027,-0.175052114745749,3.3374017791678297,1.6722190592691553
64.0,81.0,1005.6847534179688,1.5291553936280218,2.501505383531246,-0.2181375611222888,3.0273038141281496,-0.2120236101567779,-0.0606551677314507,1.2525278734953254,0.419718581189239,3.340401835705691,1.7413380876269096
64.0,81.0,1007.3942260742188,1.5424126678030463,3.0792092971485934,-0.2950864639731521,3.4273389256056075,-0.2185157172346629,1.1555148532698905,1.027670704617852,-0.0089863143481305,3.1625335916527737,1.3009636469875132
64.0,81.0,1005.1350708007812,0.1661038185710084,2.5390123143543657,2.0774916054569346,1.835614257140512,-1.5735118140693944,0.0393769710875324,1.5364656260845004,0.9512514490147672,2.833057723425437,1.6722709438483858
64.0,81.0,1006.7476806640624,1.3783292661069166,2.227281756843792,0.7486796121921748,2.3676098445669496,-0.4352187250238886,0.1295667694666509,1.2582478032152908,0.9678886220425788,1.546052822985894,1.7088008776725607
64.0,81.0,1003.6841430664062,1.5264166200797986,3.063097861613356,-0.215819897253269,3.5490497273888275,-0.2048867388282806,1.0826619122252867,1.0511392207255632,-0.0170243374408754,3.2973942147249127,1.6821927523441609
64.0,81.0,1006.7684936523438,1.3436931167584212,2.9723827309808475,-0.6990999954194496,3.448097725237284,-0.2091829105316387,0.262391251339839,1.03385109722468,-0.0967344722036515,3.302876430253528,1.7245487486675914
64.0,81.0,1006.3912353515624,1.0823124156003283,3.145532408020725,0.0937498638335725,4.3492484902596935,-0.983369492477124,0.3045399617600217,1.0355153888892177,-0.6035785196627739,3.47882371336145,1.9749920545649893
64.0,81.0,1006.762451171875,0.911579189855552,2.951643676927795,0.8739934856927296,4.20168182927838,-0.2255314448514733,0.9538401412870204,1.055251361200275,2.289490443857167,3.223133074694574,1.6821020431151852
64.0,81.0,1005.7315063476562,1.5396689441273124,3.0386942734840274,0.0727790596694881,3.99653790662412,-0.2180394714265182,1.1227822176659112,0.9898665587735348,-0.0161734394273001,3.292559616599718,1.7283088665121291
64.0,81.0,1005.9786376953124,1.1755166225902458,3.0139295819900664,-0.2417305383366287,3.616814653335077,-0.2729520402836232,1.8592848557108288,1.1177652924446315,0.1211451494947978,3.912459696901169,2.2316448068592054
64.0,81.0,1004.7403564453124,0.4804166552562906,3.142058809388116,-0.507253232726782,3.78275224637308,-0.5671588827166028,1.1261544357254607,1.4122039073154182,0.5007209311294231,3.503301094810195,1.926829920271378
64.0,81.0,1006.1528930664062,1.4584771219640935,3.0646681446090005,-0.0897342209063494,2.9714324332868927,0.4872548106915795,1.0218047715675216,1.021649081637355,-1.0252645470791708,3.3139842712644967,1.598501157972346
64.0,81.0,1006.9170532226562,1.5008135023933489,2.9861872071511346,-0.431893834371605,2.8214919187287486,-0.2261427739521425,1.1105615551034884,0.4838116239205338,-0.0052966471293471,3.1909425469340382,0.7855032477643943
64.0,81.0,1005.6001586914062,0.1781387739601991,2.8222566258346973,-1.2784227836424644,2.158820161725356,-1.3598118191510389,1.8033214309254848,1.4312019484559402,0.0812233307260337,2.5723035292130967,1.5728984824109573
64.0,81.0,1005.8743896484376,0.0594998054986024,2.4736092679713666,-0.1808303602303297,1.535912543515276,-0.2128728184311272,0.8096079746393341,0.1778975985534896,-0.0199302804665875,3.321000599716123,2.4317144383963893
64.0,81.0,1005.768310546875,1.5999854791936896,2.9805356758612893,-0.224463190705871,3.807145392204087,-0.3379384159359995,1.0087144864956603,0.8161970981207121,-0.0299745068515237,3.525817858828421,1.6851147134922917
64.0,82.0,1004.9807739257812,-0.5860263830397243,3.065616109898324,0.1649193318545723,2.737410361495438,-0.3930089285615246,-0.1533558996367499,-0.4746565737067606,-0.0213919792120722,1.949093119885468,2.2963317078347827
64.0,82.0,1007.9323120117188,0.2833582410088201,3.059506966734865,-0.4440224240314817,3.537913671363393,0.595304704543162,1.2959109613147133,1.0881878258195288,0.0842539774170956,4.340152561424111,1.591153092112809
64.0,82.0,1006.1361694335938,0.8387232566556513,3.06514310945846,-0.2027294162619589,3.4053886985494604,-0.2057767340794501,0.9954022963306812,1.0357322898782315,-0.0773616051418161,3.3487778925027016,1.045925357427675
64.0,82.0,1005.7072143554688,1.6491448804843336,2.9104453120023,-0.2376035463302053,3.615676320374159,-0.5459213406507523,1.0802436756395946,1.0229389087533642,-0.0226071327225542,3.134768809825729,1.4551102740604491
64.0,82.0,1005.2555541992188,-0.5037094802039921,3.707585390221884,-0.3280569768488796,3.321070462527059,0.979043172621886,-0.4155761280008436,0.9565504599200948,0.2951346271246178,3.295787014291044,2.1819067114242974
64.0,82.0,1008.2530517578124,1.5270982961521142,2.378577058659652,-0.1300141971189669,3.4316988602336704,-0.3495752633471561,0.6940326962933131,0.758785861126745,0.0664492484260929,3.002636118435235,0.7040430065820917
64.0,82.0,1006.2119140625,0.4893625390202833,1.7795423029239368,-0.2283334970089545,3.1277989280704825,0.4981169607027755,1.141197769335064,2.5146578201478693,1.975507430672696,4.311031517865723,2.0922100116751228
64.0,82.0,1005.9624633789062,1.4341756065414992,2.674566406838259,-0.2937512567374032,3.618245085659499,-0.2282419344102588,1.0644477042230736,1.0553152375833867,-0.0833603760118139,3.162931908465532,1.6804561699848746
64.0,82.0,1006.1808471679688,1.5044895019604971,4.37353118641234,-0.1123117642728705,3.278240110355435,-0.2710004059046436,1.206590297347884,1.0726861605494895,-0.7094813345437163,3.301103040810469,1.658737095350794
64.0,82.0,1004.5355224609376,-0.2067583177486083,2.156645823399848,1.1237471826284795,3.780946817479548,-0.5114493991580722,1.3470285072754011,1.5426076556614716,0.9251629364195506,3.6326501297850458,1.193605314089168
64.0,82.0,1005.1493530273438,0.5735184706036716,3.028423329307017,0.2644622216036731,2.659398374348958,0.2306337810705419,1.0125999917583286,1.1341537852403114,0.5087035841895886,3.226086612326376,1.548830647479367
64.0,82.0,1005.850341796875,0.7304566630682912,2.8380748741163657,-0.2219267898013583,3.466029501035801,-0.1102170028146247,1.110438836618309,0.9149193344556408,0.3481579968014066,3.321659140756495,1.6742221258225534
64.0,82.0,1007.4547729492188,1.43629090195749,3.110062472569856,-0.6944199584856007,3.302300007810594,0.2527122463629391,1.3830220275508731,1.1692670148495758,0.4543218612108505,3.286882813634093,1.9327433745059648
64.0,82.0,1005.6038818359376,1.308516753266523,2.1752865939900867,0.1815601508968082,4.19439705578338,-0.2059303139175663,1.0777198568117343,1.0908442654933863,0.2003939982353898,2.6281803945220314,1.684505779710975
64.0,82.0,1005.079833984375,0.8078773908434,3.0635542735379326,-0.2222773718837908,3.644619233544741,-0.0438507735814526,1.4232936018416082,0.7302359461628485,0.463335757005806,3.131559441489576,1.6311643300045815
64.0,82.0,1006.5872802734376,0.2656690085363156,2.8994275720441487,-0.0359203097652873,2.439288483665521,-0.403613583524778,2.160790506390417,1.4511060060394816,0.484404972217794,3.372222679109396,2.807072668682597
64.0,82.0,1005.7649536132812,0.2825466944237913,3.223371955913502,-1.130107795435179,3.475165291581171,-1.048330892200188,0.6773142097574366,1.7224453178602437,-0.0116344510771347,2.978858171781275,1.664112733334867
64.0,82.0,1003.8233642578124,1.028523366259821,3.0628461474330293,-0.3204188298828894,3.0167776901382988,0.2647472536681213,1.306874930918926,0.9514498344110252,-0.5399432597472117,3.348110656193866,0.8965220619264871
64.0,82.0,1007.20849609375,1.42340442516376,1.6389601706335597,-0.4707376408526464,3.5510485345363576,0.0655674880221845,0.5345868805727112,1.7189295151854895,0.652892798276838,3.565456415960298,1.6765185041381792
64.0,82.0,1005.7882080078124,1.930989912640924,2.5698273775009017,-0.4222718299406413,2.2647280101266523,-1.2334670620841697,1.1900713704557306,1.273633231737758,-0.0756089152430987,3.487418316929421,1.693288812527204
64.0,82.0,1007.2538452148438,-0.0688489490101389,3.08697885035138,-0.1956979402256456,3.227077162351756,-0.1831626462700541,1.60457756886145,0.3091449119349676,0.8437145160122203,3.29488335338292,2.1099674504448283
64.0,82.0,1004.8368530273438,-0.0192859539180938,3.1458012448024646,-0.4052589456220559,3.5837623621294377,-0.4446218579421889,1.004306573519272,1.0674916208430016,-0.1473208806064043,4.659302750457305,1.266183010783346
64.0,82.0,1005.0035400390624,1.488088734200528,3.2964916798764268,-0.081613556681665,3.4931910742310563,-0.4795947022471148,1.19443031097595,1.5983254058784726,0.3030366300005376,3.1093375136026897,1.3517079212642986
64.0,82.0,1005.59716796875,0.8422960777773174,3.0348209215701183,-0.2311176520887816,3.530445462000517,0.731073415144617,1.0838871087870037,1.0526527931079228,-0.2789778063184201,3.525442996103043,1.9314441196361605
64.0,82.0,1005.8321533203124,0.377814434290604,3.895551475372848,0.0535583373255332,3.414557908843645,-0.5334289284626546,0.985593986932181,0.7933330380200138,0.0535584523865163,3.290998620666775,1.0098828753892786
64.0,82.0,1006.4464721679688,1.5809811609032556,2.973684344508984,-0.2520182689694079,3.5675059166760548,-0.2077706524501733,0.9768099904424354,1.0682780433964296,-0.0034129855540246,3.316314287362724,1.5148379811241202
64.0,82.0,1006.1416015625,1.5194195767577958,3.13169691444319,0.1840492604754304,3.6966921254025658,-0.0658918054734986,1.6765788188399164,0.8722165089156587,-0.0526893113553003,3.3585637053876103,2.1425141671145624
64.0,82.0,1005.9476318359376,0.0416259073064684,3.056620648095169,0.9059087932371556,3.541676985417584,-0.4558259587305865,-0.3150494321593007,1.05123482986649,-0.0994281152615595,3.238383279985208,1.6565234082160285
64.0,82.0,1006.3308715820312,1.535959406806901,3.012881012953959,-0.1663306996994601,3.5850778383914594,-0.2867194392540477,1.0486903470382465,1.1491035130694829,-0.0172823082687018,3.5717012420075,1.522958118209904
64.0,82.0,1005.21337890625,1.1138422598907147,3.163510525715634,-0.3509051133911852,2.6758266898773537,-0.5122082648359199,1.0718111705207738,1.65587216787568,-1.0170876187562123,3.54151433099572,1.3460114713344828
64.0,82.0,1004.9675903320312,0.5163418992741506,3.048817683689679,-0.6671757961656667,3.038681368765338,-1.5010622553438249,0.7996637919310045,1.2467383098495923,0.0980610079545224,3.3445950501342527,1.5795039091826957
64.0,82.0,1004.8756713867188,1.803103039357084,3.04969122379482,-0.2380855070972431,3.544222673085715,-0.3675432124331079,1.0049334701620785,1.0915745130618049,-0.0166428366782459,3.286393579044508,1.7128181502425668
64.0,82.0,1005.5949096679688,1.065741447403239,3.566321993171797,-0.1722097588879127,3.335195644635442,0.4153135222526197,1.6432684793938577,1.2308026718224587,0.3065238812510272,3.32453208933479,1.4181087479272612
64.0,82.0,1007.3155517578124,1.5371241881530973,3.0630876048410456,-0.0871751942409553,3.5037983811037874,0.0538749320857102,1.0868473082144283,1.0345167488863027,-0.175052114745749,3.3374017791678297,1.6722190592691553
64.0,82.0,1005.6847534179688,1.5291553936280218,2.501505383531246,-0.2181375611222888,3.0273038141281496,-0.2120236101567779,-0.0606551677314507,1.2525278734953254,0.419718581189239,3.340401835705691,1.7413380876269096
64.0,82.0,1007.3942260742188,1.5424126678030463,3.0792092971485934,-0.2950864639731521,3.4273389256056075,-0.2185157172346629,1.1555148532698905,1.027670704617852,-0.0089863143481305,3.1625335916527737,1.3009636469875132
64.0,82.0,1005.1350708007812,0.1661038185710084,2.5390123143543657,2.0774916054569346,1.835614257140512,-1.5735118140693944,0.0393769710875324,1.5364656260845004,0.9512514490147672,2.833057723425437,1.6722709438483858
64.0,82.0,1006.7476806640624,1.3783292661069166,2.227281756843792,0.7486796121921748,2.3676098445669496,-0.4352187250238886,0.1295667694666509,1.2582478032152908,0.9678886220425788,1.546052822985894,1.7088008776725607
64.0,82.0,1003.6841430664062,1.5264166200797986,3.063097861613356,-0.215819897253269,3.5490497273888275,-0.2048867388282806,1.0826619122252867,1.0511392207255632,-0.0170243374408754,3.2973942147249127,1.6821927523441609
64.0,82.0,1006.7684936523438,1.3436931167584212,2.9723827309808475,-0.6990999954194496,3.448097725237284,-0.2091829105316387,0.262391251339839,1.03385109722468,-0.0967344722036515,3.302876430253528,1.7245487486675914
64.0,82.0,1006.3912353515624,1.0823124156003283,3.145532408020725,0.0937498638335725,4.3492484902596935,-0.983369492477124,0.3045399617600217,1.0355153888892177,-0.6035785196627739,3.47882371336145,1.9749920545649893
64.0,82.0,1006.762451171875,0.911579189855552,2.951643676927795,0.8739934856927296,4.20168182927838,-0.2255314448514733,0.9538401412870204,1.055251361200275,2.289490443857167,3.223133074694574,1.6821020431151852
64.0,82.0,1005.7315063476562,1.5396689441273124,3.0386942734840274,0.0727790596694881,3.99653790662412,-0.2180394714265182,1.1227822176659112,0.9898665587735348,-0.0161734394273001,3.292559616599718,1.7283088665121291
64.0,82.0,1005.9786376953124,1.1755166225902458,3.0139295819900664,-0.2417305383366287,3.616814653335077,-0.2729520402836232,1.8592848557108288,1.1177652924446315,0.1211451494947978,3.912459696901169,2.2316448068592054
64.0,82.0,1004.7403564453124,0.4804166552562906,3.142058809388116,-0.507253232726782,3.78275224637308,-0.5671588827166028,1.1261544357254607,1.4122039073154182,0.5007209311294231,3.503301094810195,1.926829920271378
64.0,82.0,1006.1528930664062,1.4584771219640935,3.0646681446090005,-0.0897342209063494,2.9714324332868927,0.4872548106915795,1.0218047715675216,1.021649081637355,-1.0252645470791708,3.3139842712644967,1.598501157972346
64.0,82.0,1006.9170532226562,1.5008135023933489,2.9861872071511346,-0.431893834371605,2.8214919187287486,-0.2261427739521425,1.1105615551034884,0.4838116239205338,-0.0052966471293471,3.1909425469340382,0.7855032477643943
64.0,82.0,1005.6001586914062,0.1781387739601991,2.8222566258346973,-1.2784227836424644,2.158820161725356,-1.3598118191510389,1.8033214309254848,1.4312019484559402,0.0812233307260337,2.5723035292130967,1.5728984824109573
64.0,82.0,1005.8743896484376,0.0594998054986024,2.4736092679713666,-0.1808303602303297,1.535912543515276,-0.2128728184311272,0.8096079746393341,0.1778975985534896,-0.0199302804665875,3.321000599716123,2.4317144383963893
64.0,82.0,1005.768310546875,1.5999854791936896,2.9805356758612893,-0.224463190705871,3.807145392204087,-0.3379384159359995,1.0087144864956603,0.8161970981207121,-0.0299745068515237,3.525817858828421,1.6851147134922917
64.0,83.0,1004.9807739257812,-0.5860263830397243,3.065616109898324,0.1649193318545723,2.737410361495438,-0.3930089285615246,-0.1533558996367499,-0.4746565737067606,-0.0213919792120722,1.949093119885468,2.2963317078347827
64.0,83.0,1007.9323120117188,0.2833582410088201,3.059506966734865,-0.4440224240314817,3.537913671363393,0.595304704543162,1.2959109613147133,1.0881878258195288,0.0842539774170956,4.340152561424111,1.591153092112809
64.0,83.0,1006.1361694335938,0.8387232566556513,3.06514310945846,-0.2027294162619589,3.4053886985494604,-0.2057767340794501,0.9954022963306812,1.0357322898782315,-0.0773616051418161,3.3487778925027016,1.045925357427675
64.0,83.0,1005.7072143554688,1.6491448804843336,2.9104453120023,-0.2376035463302053,3.615676320374159,-0.5459213406507523,1.0802436756395946,1.0229389087533642,-0.0226071327225542,3.134768809825729,1.4551102740604491
64.0,83.0,1005.2555541992188,-0.5037094802039921,3.707585390221884,-0.3280569768488796,3.321070462527059,0.979043172621886,-0.4155761280008436,0.9565504599200948,0.2951346271246178,3.295787014291044,2.1819067114242974
64.0,83.0,1008.2530517578124,1.5270982961521142,2.378577058659652,-0.1300141971189669,3.4316988602336704,-0.3495752633471561,0.6940326962933131,0.758785861126745,0.0664492484260929,3.002636118435235,0.7040430065820917
64.0,83.0,1006.2119140625,0.4893625390202833,1.7795423029239368,-0.2283334970089545,3.1277989280704825,0.4981169607027755,1.141197769335064,2.5146578201478693,1.975507430672696,4.311031517865723,2.0922100116751228
64.0,83.0,1005.9624633789062,1.4341756065414992,2.674566406838259,-0.2937512567374032,3.618245085659499,-0.2282419344102588,1.0644477042230736,1.0553152375833867,-0.0833603760118139,3.162931908465532,1.6804561699848746
64.0,83.0,1006.1808471679688,1.5044895019604971,4.37353118641234,-0.1123117642728705,3.278240110355435,-0.2710004059046436,1.206590297347884,1.0726861605494895,-0.7094813345437163,3.301103040810469,1.658737095350794
64.0,83.0,1004.5355224609376,-0.2067583177486083,2.156645823399848,1.1237471826284795,3.780946817479548,-0.5114493991580722,1.3470285072754011,1.5426076556614716,0.9251629364195506,3.6326501297850458,1.193605314089168
64.0,83.0,1005.1493530273438,0.5735184706036716,3.028423329307017,0.2644622216036731,2.659398374348958,0.2306337810705419,1.0125999917583286,1.1341537852403114,0.5087035841895886,3.226086612326376,1.548830647479367
64.0,83.0,1005.850341796875,0.7304566630682912,2.8380748741163657,-0.2219267898013583,3.466029501035801,-0.1102170028146247,1.110438836618309,0.9149193344556408,0.3481579968014066,3.321659140756495,1.6742221258225534
64.0,83.0,1007.4547729492188,1.43629090195749,3.110062472569856,-0.6944199584856007,3.302300007810594,0.2527122463629391,1.3830220275508731,1.1692670148495758,0.4543218612108505,3.286882813634093,1.9327433745059648
64.0,83.0,1005.6038818359376,1.308516753266523,2.1752865939900867,0.1815601508968082,4.19439705578338,-0.2059303139175663,1.0777198568117343,1.0908442654933863,0.2003939982353898,2.6281803945220314,1.684505779710975
64.0,83.0,1005.079833984375,0.8078773908434,3.0635542735379326,-0.2222773718837908,3.644619233544741,-0.0438507735814526,1.4232936018416082,0.7302359461628485,0.463335757005806,3.131559441489576,1.6311643300045815
64.0,83.0,1006.5872802734376,0.2656690085363156,2.8994275720441487,-0.0359203097652873,2.439288483665521,-0.403613583524778,2.160790506390417,1.4511060060394816,0.484404972217794,3.372222679109396,2.807072668682597
64.0,83.0,1005.7649536132812,0.2825466944237913,3.223371955913502,-1.130107795435179,3.475165291581171,-1.048330892200188,0.6773142097574366,1.7224453178602437,-0.0116344510771347,2.978858171781275,1.664112733334867
64.0,83.0,1003.8233642578124,1.028523366259821,3.0628461474330293,-0.3204188298828894,3.0167776901382988,0.2647472536681213,1.306874930918926,0.9514498344110252,-0.5399432597472117,3.348110656193866,0.8965220619264871
64.0,83.0,1007.20849609375,1.42340442516376,1.6389601706335597,-0.4707376408526464,3.5510485345363576,0.0655674880221845,0.5345868805727112,1.7189295151854895,0.652892798276838,3.565456415960298,1.6765185041381792
64.0,83.0,1005.7882080078124,1.930989912640924,2.5698273775009017,-0.4222718299406413,2.2647280101266523,-1.2334670620841697,1.1900713704557306,1.273633231737758,-0.0756089152430987,3.487418316929421,1.693288812527204
64.0,83.0,1007.2538452148438,-0.0688489490101389,3.08697885035138,-0.1956979402256456,3.227077162351756,-0.1831626462700541,1.60457756886145,0.3091449119349676,0.8437145160122203,3.29488335338292,2.1099674504448283
64.0,83.0,1004.8368530273438,-0.0192859539180938,3.1458012448024646,-0.4052589456220559,3.5837623621294377,-0.4446218579421889,1.004306573519272,1.0674916208430016,-0.1473208806064043,4.659302750457305,1.266183010783346
64.0,83.0,1005.0035400390624,1.488088734200528,3.2964916798764268,-0.081613556681665,3.4931910742310563,-0.4795947022471148,1.19443031097595,1.5983254058784726,0.3030366300005376,3.1093375136026897,1.3517079212642986
64.0,83.0,1005.59716796875,0.8422960777773174,3.0348209215701183,-0.2311176520887816,3.530445462000517,0.731073415144617,1.0838871087870037,1.0526527931079228,-0.2789778063184201,3.525442996103043,1.9314441196361605
64.0,83.0,1005.8321533203124,0.377814434290604,3.895551475372848,0.0535583373255332,3.414557908843645,-0.5334289284626546,0.985593986932181,0.7933330380200138,0.0535584523865163,3.290998620666775,1.0098828753892786
64.0,83.0,1006.4464721679688,1.5809811609032556,2.973684344508984,-0.2520182689694079,3.5675059166760548,-0.2077706524501733,0.9768099904424354,1.0682780433964296,-0.0034129855540246,3.316314287362724,1.5148379811241202
64.0,83.0,1006.1416015625,1.5194195767577958,3.13169691444319,0.1840492604754304,3.6966921254025658,-0.0658918054734986,1.6765788188399164,0.8722165089156587,-0.0526893113553003,3.3585637053876103,2.1425141671145624
64.0,83.0,1005.9476318359376,0.0416259073064684,3.056620648095169,0.9059087932371556,3.541676985417584,-0.4558259587305865,-0.3150494321593007,1.05123482986649,-0.0994281152615595,3.238383279985208,1.6565234082160285
64.0,83.0,1006.3308715820312,1.535959406806901,3.012881012953959,-0.1663306996994601,3.5850778383914594,-0.2867194392540477,1.0486903470382465,1.1491035130694829,-0.0172823082687018,3.5717012420075,1.522958118209904
64.0,83.0,1005.21337890625,1.1138422598907147,3.163510525715634,-0.3509051133911852,2.6758266898773537,-0.5122082648359199,1.0718111705207738,1.65587216787568,-1.0170876187562123,3.54151433099572,1.3460114713344828
64.0,83.0,1004.9675903320312,0.5163418992741506,3.048817683689679,-0.6671757961656667,3.038681368765338,-1.5010622553438249,0.7996637919310045,1.2467383098495923,0.0980610079545224,3.3445950501342527,1.5795039091826957
64.0,83.0,1004.8756713867188,1.803103039357084,3.04969122379482,-0.2380855070972431,3.544222673085715,-0.3675432124331079,1.0049334701620785,1.0915745130618049,-0.0166428366782459,3.286393579044508,1.7128181502425668
64.0,83.0,1005.5949096679688,1.065741447403239,3.566321993171797,-0.1722097588879127,3.335195644635442,0.4153135222526197,1.6432684793938577,1.2308026718224587,0.3065238812510272,3.32453208933479,1.4181087479272612
64.0,83.0,1007.3155517578124,1.5371241881530973,3.0630876048410456,-0.0871751942409553,3.5037983811037874,0.0538749320857102,1.0868473082144283,1.0345167488863027,-0.175052114745749,3.3374017791678297,1.6722190592691553
64.0,83.0,1005.6847534179688,1.5291553936280218,2.501505383531246,-0.2181375611222888,3.0273038141281496,-0.2120236101567779,-0.0606551677314507,1.2525278734953254,0.419718581189239,3.340401835705691,1.7413380876269096
64.0,83.0,1007.3942260742188,1.5424126678030463,3.0792092971485934,-0.2950864639731521,3.4273389256056075,-0.2185157172346629,1.1555148532698905,1.027670704617852,-0.0089863143481305,3.1625335916527737,1.3009636469875132
64.0,83.0,1005.1350708007812,0.1661038185710084,2.5390123143543657,2.0774916054569346,1.835614257140512,-1.5735118140693944,0.0393769710875324,1.5364656260845004,0.9512514490147672,2.833057723425437,1.6722709438483858
64.0,83.0,1006.7476806640624,1.3783292661069166,2.227281756843792,0.7486796121921748,2.3676098445669496,-0.4352187250238886,0.1295667694666509,1.2582478032152908,0.9678886220425788,1.546052822985894,1.7088008776725607
64.0,83.0,1003.6841430664062,1.5264166200797986,3.063097861613356,-0.215819897253269,3.5490497273888275,-0.2048867388282806,1.0826619122252867,1.0511392207255632,-0.0170243374408754,3.2973942147249127,1.6821927523441609
64.0,83.0,1006.7684936523438,1.3436931167584212,2.9723827309808475,-0.6990999954194496,3.448097725237284,-0.2091829105316387,0.262391251339839,1.03385109722468,-0.0967344722036515,3.302876430253528,1.7245487486675914
64.0,83.0,1006.3912353515624,1.0823124156003283,3.145532408020725,0.0937498638335725,4.3492484902596935,-0.983369492477124,0.3045399617600217,1.0355153888892177,-0.6035785196627739,3.47882371336145,1.9749920545649893
64.0,83.0,1006.762451171875,0.911579189855552,2.951643676927795,0.8739934856927296,4.20168182927838,-0.2255314448514733,0.9538401412870204,1.055251361200275,2.289490443857167,3.223133074694574,1.6821020431151852
64.0,83.0,1005.7315063476562,1.5396689441273124,3.0386942734840274,0.0727790596694881,3.99653790662412,-0.2180394714265182,1.1227822176659112,0.9898665587735348,-0.0161734394273001,3.292559616599718,1.7283088665121291
64.0,83.0,1005.9786376953124,1.1755166225902458,3.0139295819900664,-0.2417305383366287,3.616814653335077,-0.2729520402836232,1.8592848557108288,1.1177652924446315,0.1211451494947978,3.912459696901169,2.2316448068592054
64.0,83.0,1004.7403564453124,0.4804166552562906,3.142058809388116,-0.507253232726782,3.78275224637308,-0.5671588827166028,1.1261544357254607,1.4122039073154182,0.5007209311294231,3.503301094810195,1.926829920271378
64.0,83.0,1006.1528930664062,1.4584771219640935,3.0646681446090005,-0.0897342209063494,2.9714324332868927,0.4872548106915795,1.0218047715675216,1.021649081637355,-1.0252645470791708,3.3139842712644967,1.598501157972346
64.0,83.0,1006.9170532226562,1.5008135023933489,2.9861872071511346,-0.431893834371605,2.8214919187287486,-0.2261427739521425,1.1105615551034884,0.4838116239205338,-0.0052966471293471,3.1909425469340382,0.7855032477643943
64.0,83.0,1005.6001586914062,0.1781387739601991,2.8222566258346973,-1.2784227836424644,2.158820161725356,-1.3598118191510389,1.8033214309254848,1.4312019484559402,0.0812233307260337,2.5723035292130967,1.5728984824109573
64.0,83.0,1005.8743896484376,0.0594998054986024,2.4736092679713666,-0.1808303602303297,1.535912543515276,-0.2128728184311272,0.8096079746393341,0.1778975985534896,-0.0199302804665875,3.321000599716123,2.4317144383963893
64.0,83.0,1005.768310546875,1.5999854791936896,2.9805356758612893,-0.224463190705871,3.807145392204087,-0.3379384159359995,1.0087144864956603,0.8161970981207121,-0.0299745068515237,3.525817858828421,1.6851147134922917
64.0,84.0,1004.9807739257812,-0.5860263830397243,3.065616109898324,0.1649193318545723,2.737410361495438,-0.3930089285615246,-0.1533558996367499,-0.4746565737067606,-0.0213919792120722,1.949093119885468,2.2963317078347827
64.0,84.0,1007.9323120117188,0.2833582410088201,3.059506966734865,-0.4440224240314817,3.537913671363393,0.595304704543162,1.2959109613147133,1.0881878258195288,0.0842539774170956,4.340152561424111,1.591153092112809
64.0,84.0,1006.1361694335938,0.8387232566556513,3.06514310945846,-0.2027294162619589,3.4053886985494604,-0.2057767340794501,0.9954022963306812,1.0357322898782315,-0.0773616051418161,3.3487778925027016,1.045925357427675
64.0,84.0,1005.7072143554688,1.6491448804843336,2.9104453120023,-0.2376035463302053,3.615676320374159,-0.5459213406507523,1.0802436756395946,1.0229389087533642,-0.0226071327225542,3.134768809825729,1.4551102740604491
64.0,84.0,1005.2555541992188,-0.5037094802039921,3.707585390221884,-0.3280569768488796,3.321070462527059,0.979043172621886,-0.4155761280008436,0.9565504599200948,0.2951346271246178,3.295787014291044,2.1819067114242974
64.0,84.0,1008.2530517578124,1.5270982961521142,2.378577058659652,-0.1300141971189669,3.4316988602336704,-0.3495752633471561,0.6940326962933131,0.758785861126745,0.0664492484260929,3.002636118435235,0.7040430065820917
64.0,84.0,1006.2119140625,0.4893625390202833,1.7795423029239368,-0.2283334970089545,3.1277989280704825,0.4981169607027755,1.141197769335064,2.5146578201478693,1.975507430672696,4.311031517865723,2.0922100116751228
64.0,84.0,1005.9624633789062,1.4341756065414992,2.674566406838259,-0.2937512567374032,3.618245085659499,-0.2282419344102588,1.0644477042230736,1.0553152375833867,-0.0833603760118139,3.162931908465532,1.6804561699848746
64.0,84.0,1006.1808471679688,1.5044895019604971,4.37353118641234,-0.1123117642728705,3.278240110355435,-0.2710004059046436,1.206590297347884,1.0726861605494895,-0.7094813345437163,3.301103040810469,1.658737095350794
64.0,84.0,1004.5355224609376,-0.2067583177486083,2.156645823399848,1.1237471826284795,3.780946817479548,-0.5114493991580722,1.3470285072754011,1.5426076556614716,0.9251629364195506,3.6326501297850458,1.193605314089168
64.0,84.0,1005.1493530273438,0.5735184706036716,3.028423329307017,0.2644622216036731,2.659398374348958,0.2306337810705419,1.0125999917583286,1.1341537852403114,0.5087035841895886,3.226086612326376,1.548830647479367
64.0,84.0,1005.850341796875,0.7304566630682912,2.8380748741163657,-0.2219267898013583,3.466029501035801,-0.1102170028146247,1.110438836618309,0.9149193344556408,0.3481579968014066,3.321659140756495,1.6742221258225534
64.0,84.0,1007.4547729492188,1.43629090195749,3.110062472569856,-0.6944199584856007,3.302300007810594,0.2527122463629391,1.3830220275508731,1.1692670148495758,0.4543218612108505,3.286882813634093,1.9327433745059648
64.0,84.0,1005.6038818359376,1.308516753266523,2.1752865939900867,0.1815601508968082,4.19439705578338,-0.2059303139175663,1.0777198568117343,1.0908442654933863,0.2003939982353898,2.6281803945220314,1.684505779710975
64.0,84.0,1005.079833984375,0.8078773908434,3.0635542735379326,-0.2222773718837908,3.644619233544741,-0.0438507735814526,1.4232936018416082,0.7302359461628485,0.463335757005806,3.131559441489576,1.6311643300045815
64.0,84.0,1006.5872802734376,0.2656690085363156,2.8994275720441487,-0.0359203097652873,2.439288483665521,-0.403613583524778,2.160790506390417,1.4511060060394816,0.484404972217794,3.372222679109396,2.807072668682597
64.0,84.0,1005.7649536132812,0.2825466944237913,3.223371955913502,-1.130107795435179,3.475165291581171,-1.048330892200188,0.6773142097574366,1.7224453178602437,-0.0116344510771347,2.978858171781275,1.664112733334867
64.0,84.0,1003.8233642578124,1.028523366259821,3.0628461474330293,-0.3204188298828894,3.0167776901382988,0.2647472536681213,1.306874930918926,0.9514498344110252,-0.5399432597472117,3.348110656193866,0.8965220619264871
64.0,84.0,1007.20849609375,1.42340442516376,1.6389601706335597,-0.4707376408526464,3.5510485345363576,0.0655674880221845,0.5345868805727112,1.7189295151854895,0.652892798276838,3.565456415960298,1.6765185041381792
64.0,84.0,1005.7882080078124,1.930989912640924,2.5698273775009017,-0.4222718299406413,2.2647280101266523,-1.2334670620841697,1.1900713704557306,1.273633231737758,-0.0756089152430987,3.487418316929421,1.693288812527204
64.0,84.0,1007.2538452148438,-0.0688489490101389,3.08697885035138,-0.1956979402256456,3.227077162351756,-0.1831626462700541,1.60457756886145,0.3091449119349676,0.8437145160122203,3.29488335338292,2.1099674504448283
64.0,84.0,1004.8368530273438,-0.0192859539180938,3.1458012448024646,-0.4052589456220559,3.5837623621294377,-0.4446218579421889,1.004306573519272,1.0674916208430016,-0.1473208806064043,4.659302750457305,1.266183010783346
64.0,84.0,1005.0035400390624,1.488088734200528,3.2964916798764268,-0.081613556681665,3.4931910742310563,-0.4795947022471148,1.19443031097595,1.5983254058784726,0.3030366300005376,3.1093375136026897,1.3517079212642986
64.0,84.0,1005.59716796875,0.8422960777773174,3.0348209215701183,-0.2311176520887816,3.530445462000517,0.731073415144617,1.0838871087870037,1.0526527931079228,-0.2789778063184201,3.525442996103043,1.9314441196361605
64.0,84.0,1005.8321533203124,0.377814434290604,3.895551475372848,0.0535583373255332,3.414557908843645,-0.5334289284626546,0.985593986932181,0.7933330380200138,0.0535584523865163,3.290998620666775,1.0098828753892786
64.0,84.0,1006.4464721679688,1.5809811609032556,2.973684344508984,-0.2520182689694079,3.5675059166760548,-0.2077706524501733,0.9768099904424354,1.0682780433964296,-0.0034129855540246,3.316314287362724,1.5148379811241202
64.0,84.0,1006.1416015625,1.5194195767577958,3.13169691444319,0.1840492604754304,3.6966921254025658,-0.0658918054734986,1.6765788188399164,0.8722165089156587,-0.0526893113553003,3.3585637053876103,2.1425141671145624
64.0,84.0,1005.9476318359376,0.0416259073064684,3.056620648095169,0.9059087932371556,3.541676985417584,-0.4558259587305865,-0.3150494321593007,1.05123482986649,-0.0994281152615595,3.238383279985208,1.6565234082160285
64.0,84.0,1006.3308715820312,1.535959406806901,3.012881012953959,-0.1663306996994601,3.5850778383914594,-0.2867194392540477,1.0486903470382465,1.1491035130694829,-0.0172823082687018,3.5717012420075,1.522958118209904
64.0,84.0,1005.21337890625,1.1138422598907147,3.163510525715634,-0.3509051133911852,2.6758266898773537,-0.5122082648359199,1.0718111705207738,1.65587216787568,-1.0170876187562123,3.54151433099572,1.3460114713344828
64.0,84.0,1004.9675903320312,0.5163418992741506,3.048817683689679,-0.6671757961656667,3.038681368765338,-1.5010622553438249,0.7996637919310045,1.2467383098495923,0.0980610079545224,3.3445950501342527,1.5795039091826957
64.0,84.0,1004.8756713867188,1.803103039357084,3.04969122379482,-0.2380855070972431,3.544222673085715,-0.3675432124331079,1.0049334701620785,1.0915745130618049,-0.0166428366782459,3.286393579044508,1.7128181502425668
64.0,84.0,1005.5949096679688,1.065741447403239,3.566321993171797,-0.1722097588879127,3.335195644635442,0.4153135222526197,1.6432684793938577,1.2308026718224587,0.3065238812510272,3.32453208933479,1.4181087479272612
64.0,84.0,1007.3155517578124,1.5371241881530973,3.0630876048410456,-0.0871751942409553,3.5037983811037874,0.0538749320857102,1.0868473082144283,1.0345167488863027,-0.175052114745749,3.3374017791678297,1.6722190592691553
64.0,84.0,1005.6847534179688,1.5291553936280218,2.501505383531246,-0.2181375611222888,3.0273038141281496,-0.2120236101567779,-0.0606551677314507,1.2525278734953254,0.419718581189239,3.340401835705691,1.7413380876269096
64.0,84.0,1007.3942260742188,1.5424126678030463,3.0792092971485934,-0.2950864639731521,3.4273389256056075,-0.2185157172346629,1.1555148532698905,1.027670704617852,-0.0089863143481305,3.1625335916527737,1.3009636469875132
64.0,84.0,1005.1350708007812,0.1661038185710084,2.5390123143543657,2.0774916054569346,1.835614257140512,-1.5735118140693944,0.0393769710875324,1.5364656260845004,0.9512514490147672,2.833057723425437,1.6722709438483858
64.0,84.0,1006.7476806640624,1.3783292661069166,2.227281756843792,0.7486796121921748,2.3676098445669496,-0.4352187250238886,0.1295667694666509,1.2582478032152908,0.9678886220425788,1.546052822985894,1.7088008776725607
64.0,84.0,1003.6841430664062,1.5264166200797986,3.063097861613356,-0.215819897253269,3.5490497273888275,-0.2048867388282806,1.0826619122252867,1.0511392207255632,-0.0170243374408754,3.2973942147249127,1.6821927523441609
64.0,84.0,1006.7684936523438,1.3436931167584212,2.9723827309808475,-0.6990999954194496,3.448097725237284,-0.2091829105316387,0.262391251339839,1.03385109722468,-0.0967344722036515,3.302876430253528,1.7245487486675914
64.0,84.0,1006.3912353515624,1.0823124156003283,3.145532408020725,0.0937498638335725,4.3492484902596935,-0.983369492477124,0.3045399617600217,1.0355153888892177,-0.6035785196627739,3.47882371336145,1.9749920545649893
64.0,84.0,1006.762451171875,0.911579189855552,2.951643676927795,0.8739934856927296,4.20168182927838,-0.2255314448514733,0.9538401412870204,1.055251361200275,2.289490443857167,3.223133074694574,1.6821020431151852
64.0,84.0,1005.7315063476562,1.5396689441273124,3.0386942734840274,0.0727790596694881,3.99653790662412,-0.2180394714265182,1.1227822176659112,0.9898665587735348,-0.0161734394273001,3.292559616599718,1.7283088665121291
64.0,84.0,1005.9786376953124,1.1755166225902458,3.0139295819900664,-0.2417305383366287,3.616814653335077,-0.2729520402836232,1.8592848557108288,1.1177652924446315,0.1211451494947978,3.912459696901169,2.2316448068592054
64.0,84.0,1004.7403564453124,0.4804166552562906,3.142058809388116,-0.507253232726782,3.78275224637308,-0.5671588827166028,1.1261544357254607,1.4122039073154182,0.5007209311294231,3.503301094810195,1.926829920271378
64.0,84.0,1006.1528930664062,1.4584771219640935,3.0646681446090005,-0.0897342209063494,2.9714324332868927,0.4872548106915795,1.0218047715675216,1.021649081637355,-1.0252645470791708,3.3139842712644967,1.598501157972346
64.0,84.0,1006.9170532226562,1.5008135023933489,2.9861872071511346,-0.431893834371605,2.8214919187287486,-0.2261427739521425,1.1105615551034884,0.4838116239205338,-0.0052966471293471,3.1909425469340382,0.7855032477643943
64.0,84.0,1005.6001586914062,0.1781387739601991,2.8222566258346973,-1.2784227836424644,2.158820161725356,-1.3598118191510389,1.8033214309254848,1.4312019484559402,0.0812233307260337,2.5723035292130967,1.5728984824109573
64.0,84.0,1005.8743896484376,0.0594998054986024,2.4736092679713666,-0.1808303602303297,1.535912543515276,-0.2128728184311272,0.8096079746393341,0.1778975985534896,-0.0199302804665875,3.321000599716123,2.4317144383963893
64.0,84.0,1005.768310546875,1.5999854791936896,2.9805356758612893,-0.224463190705871,3.807145392204087,-0.3379384159359995,1.0087144864956603,0.8161970981207121,-0.0299745068515237,3.525817858828421,1.6851147134922917
64.0,85.0,1004.9807739257812,-0.5860263830397243,3.065616109898324,0.1649193318545723,2.737410361495438,-0.3930089285615246,-0.1533558996367499,-0.4746565737067606,-0.0213919792120722,1.949093119885468,2.2963317078347827
64.0,85.0,1007.9323120117188,0.2833582410088201,3.059506966734865,-0.4440224240314817,3.537913671363393,0.595304704543162,1.2959109613147133,1.0881878258195288,0.0842539774170956,4.340152561424111,1.591153092112809
64.0,85.0,1006.1361694335938,0.8387232566556513,3.06514310945846,-0.2027294162619589,3.4053886985494604,-0.2057767340794501,0.9954022963306812,1.0357322898782315,-0.0773616051418161,3.3487778925027016,1.045925357427675
64.0,85.0,1005.7072143554688,1.6491448804843336,2.9104453120023,-0.2376035463302053,3.615676320374159,-0.5459213406507523,1.0802436756395946,1.0229389087533642,-0.0226071327225542,3.134768809825729,1.4551102740604491
64.0,85.0,1005.2555541992188,-0.5037094802039921,3.707585390221884,-0.3280569768488796,3.321070462527059,0.979043172621886,-0.4155761280008436,0.9565504599200948,0.2951346271246178,3.295787014291044,2.1819067114242974
64.0,85.0,1008.2530517578124,1.5270982961521142,2.378577058659652,-0.1300141971189669,3.4316988602336704,-0.3495752633471561,0.6940326962933131,0.758785861126745,0.0664492484260929,3.002636118435235,0.7040430065820917
64.0,85.0,1006.2119140625,0.4893625390202833,1.7795423029239368,-0.2283334970089545,3.1277989280704825,0.4981169607027755,1.141197769335064,2.5146578201478693,1.975507430672696,4.311031517865723,2.0922100116751228
64.0,85.0,1005.9624633789062,1.4341756065414992,2.674566406838259,-0.2937512567374032,3.618245085659499,-0.2282419344102588,1.0644477042230736,1.0553152375833867,-0.0833603760118139,3.162931908465532,1.6804561699848746
64.0,85.0,1006.1808471679688,1.5044895019604971,4.37353118641234,-0.1123117642728705,3.278240110355435,-0.2710004059046436,1.206590297347884,1.0726861605494895,-0.7094813345437163,3.301103040810469,1.658737095350794
64.0,85.0,1004.5355224609376,-0.2067583177486083,2.156645823399848,1.1237471826284795,3.780946817479548,-0.5114493991580722,1.3470285072754011,1.5426076556614716,0.9251629364195506,3.6326501297850458,1.193605314089168
64.0,85.0,1005.1493530273438,0.5735184706036716,3.028423329307017,0.2644622216036731,2.659398374348958,0.2306337810705419,1.0125999917583286,1.1341537852403114,0.5087035841895886,3.226086612326376,1.548830647479367
64.0,85.0,1005.850341796875,0.7304566630682912,2.8380748741163657,-0.2219267898013583,3.466029501035801,-0.1102170028146247,1.110438836618309,0.9149193344556408,0.3481579968014066,3.321659140756495,1.6742221258225534
64.0,85.0,1007.4547729492188,1.43629090195749,3.110062472569856,-0.6944199584856007,3.302300007810594,0.2527122463629391,1.3830220275508731,1.1692670148495758,0.4543218612108505,3.286882813634093,1.9327433745059648
64.0,85.0,1005.6038818359376,1.308516753266523,2.1752865939900867,0.1815601508968082,4.19439705578338,-0.2059303139175663,1.0777198568117343,1.0908442654933863,0.2003939982353898,2.6281803945220314,1.684505779710975
64.0,85.0,1005.079833984375,0.8078773908434,3.0635542735379326,-0.2222773718837908,3.644619233544741,-0.0438507735814526,1.4232936018416082,0.7302359461628485,0.463335757005806,3.131559441489576,1.6311643300045815
64.0,85.0,1006.5872802734376,0.2656690085363156,2.8994275720441487,-0.0359203097652873,2.439288483665521,-0.403613583524778,2.160790506390417,1.4511060060394816,0.484404972217794,3.372222679109396,2.807072668682597
64.0,85.0,1005.7649536132812,0.2825466944237913,3.223371955913502,-1.130107795435179,3.475165291581171,-1.048330892200188,0.6773142097574366,1.7224453178602437,-0.0116344510771347,2.978858171781275,1.664112733334867
64.0,85.0,1003.8233642578124,1.028523366259821,3.0628461474330293,-0.3204188298828894,3.0167776901382988,0.2647472536681213,1.306874930918926,0.9514498344110252,-0.5399432597472117,3.348110656193866,0.8965220619264871
64.0,85.0,1007.20849609375,1.42340442516376,1.6389601706335597,-0.4707376408526464,3.5510485345363576,0.0655674880221845,0.5345868805727112,1.7189295151854895,0.652892798276838,3.565456415960298,1.6765185041381792
64.0,85.0,1005.7882080078124,1.930989912640924,2.5698273775009017,-0.4222718299406413,2.2647280101266523,-1.2334670620841697,1.1900713704557306,1.273633231737758,-0.0756089152430987,3.487418316929421,1.693288812527204
64.0,85.0,1007.2538452148438,-0.0688489490101389,3.08697885035138,-0.1956979402256456,3.227077162351756,-0.1831626462700541,1.60457756886145,0.3091449119349676,0.8437145160122203,3.29488335338292,2.1099674504448283
64.0,85.0,1004.8368530273438,-0.0192859539180938,3.1458012448024646,-0.4052589456220559,3.5837623621294377,-0.4446218579421889,1.004306573519272,1.0674916208430016,-0.1473208806064043,4.659302750457305,1.266183010783346
64.0,85.0,1005.0035400390624,1.488088734200528,3.2964916798764268,-0.081613556681665,3.4931910742310563,-0.4795947022471148,1.19443031097595,1.5983254058784726,0.3030366300005376,3.1093375136026897,1.3517079212642986
64.0,85.0,1005.59716796875,0.8422960777773174,3.0348209215701183,-0.2311176520887816,3.530445462000517,0.731073415144617,1.0838871087870037,1.0526527931079228,-0.2789778063184201,3.525442996103043,1.9314441196361605
64.0,85.0,1005.8321533203124,0.377814434290604,3.895551475372848,0.0535583373255332,3.414557908843645,-0.5334289284626546,0.985593986932181,0.7933330380200138,0.0535584523865163,3.290998620666775,1.0098828753892786
64.0,85.0,1006.4464721679688,1.5809811609032556,2.973684344508984,-0.2520182689694079,3.5675059166760548,-0.2077706524501733,0.9768099904424354,1.0682780433964296,-0.0034129855540246,3.316314287362724,1.5148379811241202
64.0,85.0,1006.1416015625,1.5194195767577958,3.13169691444319,0.1840492604754304,3.6966921254025658,-0.0658918054734986,1.6765788188399164,0.8722165089156587,-0.0526893113553003,3.3585637053876103,2.1425141671145624
64.0,85.0,1005.9476318359376,0.0416259073064684,3.056620648095169,0.9059087932371556,3.541676985417584,-0.4558259587305865,-0.3150494321593007,1.05123482986649,-0.0994281152615595,3.238383279985208,1.6565234082160285
64.0,85.0,1006.3308715820312,1.535959406806901,3.012881012953959,-0.1663306996994601,3.5850778383914594,-0.2867194392540477,1.0486903470382465,1.1491035130694829,-0.0172823082687018,3.5717012420075,1.522958118209904
64.0,85.0,1005.21337890625,1.1138422598907147,3.163510525715634,-0.3509051133911852,2.6758266898773537,-0.5122082648359199,1.0718111705207738,1.65587216787568,-1.0170876187562123,3.54151433099572,1.3460114713344828
64.0,85.0,1004.9675903320312,0.5163418992741506,3.048817683689679,-0.6671757961656667,3.038681368765338,-1.5010622553438249,0.7996637919310045,1.2467383098495923,0.0980610079545224,3.3445950501342527,1.5795039091826957
64.0,85.0,1004.8756713867188,1.803103039357084,3.04969122379482,-0.2380855070972431,3.544222673085715,-0.3675432124331079,1.0049334701620785,1.0915745130618049,-0.0166428366782459,3.286393579044508,1.7128181502425668
64.0,85.0,1005.5949096679688,1.065741447403239,3.566321993171797,-0.1722097588879127,3.335195644635442,0.4153135222526197,1.6432684793938577,1.2308026718224587,0.3065238812510272,3.32453208933479,1.4181087479272612
64.0,85.0,1007.3155517578124,1.5371241881530973,3.0630876048410456,-0.0871751942409553,3.5037983811037874,0.0538749320857102,1.0868473082144283,1.0345167488863027,-0.175052114745749,3.3374017791678297,1.6722190592691553
64.0,85.0,1005.6847534179688,1.5291553936280218,2.501505383531246,-0.2181375611222888,3.0273038141281496,-0.2120236101567779,-0.0606551677314507,1.2525278734953254,0.419718581189239,3.340401835705691,1.7413380876269096
64.0,85.0,1007.3942260742188,1.5424126678030463,3.0792092971485934,-0.2950864639731521,3.4273389256056075,-0.2185157172346629,1.1555148532698905,1.027670704617852,-0.0089863143481305,3.1625335916527737,1.3009636469875132
64.0,85.0,1005.1350708007812,0.1661038185710084,2.5390123143543657,2.0774916054569346,1.835614257140512,-1.5735118140693944,0.0393769710875324,1.5364656260845004,0.9512514490147672,2.833057723425437,1.6722709438483858
64.0,85.0,1006.7476806640624,1.3783292661069166,2.227281756843792,0.7486796121921748,2.3676098445669496,-0.4352187250238886,0.1295667694666509,1.2582478032152908,0.9678886220425788,1.546052822985894,1.7088008776725607
64.0,85.0,1003.6841430664062,1.5264166200797986,3.063097861613356,-0.215819897253269,3.5490497273888275,-0.2048867388282806,1.0826619122252867,1.0511392207255632,-0.0170243374408754,3.2973942147249127,1.6821927523441609
64.0,85.0,1006.7684936523438,1.3436931167584212,2.9723827309808475,-0.6990999954194496,3.448097725237284,-0.2091829105316387,0.262391251339839,1.03385109722468,-0.0967344722036515,3.302876430253528,1.7245487486675914
64.0,85.0,1006.3912353515624,1.0823124156003283,3.145532408020725,0.0937498638335725,4.3492484902596935,-0.983369492477124,0.3045399617600217,1.0355153888892177,-0.6035785196627739,3.47882371336145,1.9749920545649893
64.0,85.0,1006.762451171875,0.911579189855552,2.951643676927795,0.8739934856927296,4.20168182927838,-0.2255314448514733,0.9538401412870204,1.055251361200275,2.289490443857167,3.223133074694574,1.6821020431151852
64.0,85.0,1005.7315063476562,1.5396689441273124,3.0386942734840274,0.0727790596694881,3.99653790662412,-0.2180394714265182,1.1227822176659112,0.9898665587735348,-0.0161734394273001,3.292559616599718,1.7283088665121291
64.0,85.0,1005.9786376953124,1.1755166225902458,3.0139295819900664,-0.2417305383366287,3.616814653335077,-0.2729520402836232,1.8592848557108288,1.1177652924446315,0.1211451494947978,3.912459696901169,2.2316448068592054
64.0,85.0,1004.7403564453124,0.4804166552562906,3.142058809388116,-0.507253232726782,3.78275224637308,-0.5671588827166028,1.1261544357254607,1.4122039073154182,0.5007209311294231,3.503301094810195,1.926829920271378
64.0,85.0,1006.1528930664062,1.4584771219640935,3.0646681446090005,-0.0897342209063494,2.9714324332868927,0.4872548106915795,1.0218047715675216,1.021649081637355,-1.0252645470791708,3.3139842712644967,1.598501157972346
64.0,85.0,1006.9170532226562,1.5008135023933489,2.9861872071511346,-0.431893834371605,2.8214919187287486,-0.2261427739521425,1.1105615551034884,0.4838116239205338,-0.0052966471293471,3.1909425469340382,0.7855032477643943
64.0,85.0,1005.6001586914062,0.1781387739601991,2.8222566258346973,-1.2784227836424644,2.158820161725356,-1.3598118191510389,1.8033214309254848,1.4312019484559402,0.0812233307260337,2.5723035292130967,1.5728984824109573
64.0,85.0,1005.8743896484376,0.0594998054986024,2.4736092679713666,-0.1808303602303297,1.535912543515276,-0.2128728184311272,0.8096079746393341,0.1778975985534896,-0.0199302804665875,3.321000599716123,2.4317144383963893
64.0,85.0,1005.768310546875,1.5999854791936896,2.9805356758612893,-0.224463190705871,3.807145392204087,-0.3379384159359995,1.0087144864956603,0.8161970981207121,-0.0299745068515237,3.525817858828421,1.6851147134922917
64.0,86.0,1004.7705688476562,-0.4544287265598248,3.062173972220695,0.1729655489759677,2.9943601184715565,-0.192053599756429,-0.1349261357778195,0.6695620212450178,-0.0163932432461255,1.6540016053408708,1.1175596814486548
64.0,86.0,1007.9323120117188,0.2833582410088201,3.059506966734865,-0.4440224240314817,3.537913671363393,0.595304704543162,1.2959109613147133,1.0881878258195288,0.0842539774170956,4.340152561424111,1.591153092112809
64.0,86.0,1006.1361694335938,0.8387232566556513,3.06514310945846,-0.2027294162619589,3.4053886985494604,-0.2057767340794501,0.9954022963306812,1.0357322898782315,-0.0773616051418161,3.3487778925027016,1.045925357427675
64.0,86.0,1005.7072143554688,1.6491448804843336,2.9104453120023,-0.2376035463302053,3.615676320374159,-0.5459213406507523,1.0802436756395946,1.0229389087533642,-0.0226071327225542,3.134768809825729,1.4551102740604491
64.0,86.0,1005.2555541992188,-0.5037094802039921,3.707585390221884,-0.3280569768488796,3.321070462527059,0.979043172621886,-0.4155761280008436,0.9565504599200948,0.2951346271246178,3.295787014291044,2.1819067114242974
64.0,86.0,1008.2530517578124,1.5270982961521142,2.378577058659652,-0.1300141971189669,3.4316988602336704,-0.3495752633471561,0.6940326962933131,0.758785861126745,0.0664492484260929,3.002636118435235,0.7040430065820917
64.0,86.0,1006.2119140625,0.4893625390202833,1.7795423029239368,-0.2283334970089545,3.1277989280704825,0.4981169607027755,1.141197769335064,2.5146578201478693,1.975507430672696,4.311031517865723,2.0922100116751228
64.0,86.0,1005.9624633789062,1.4341756065414992,2.674566406838259,-0.2937512567374032,3.618245085659499,-0.2282419344102588,1.0644477042230736,1.0553152375833867,-0.0833603760118139,3.162931908465532,1.6804561699848746
64.0,86.0,1006.1808471679688,1.5044895019604971,4.37353118641234,-0.1123117642728705,3.278240110355435,-0.2710004059046436,1.206590297347884,1.0726861605494895,-0.7094813345437163,3.301103040810469,1.658737095350794
64.0,86.0,1004.5355224609376,-0.2067583177486083,2.156645823399848,1.1237471826284795,3.780946817479548,-0.5114493991580722,1.3470285072754011,1.5426076556614716,0.9251629364195506,3.6326501297850458,1.193605314089168
64.0,86.0,1005.1493530273438,0.5735184706036716,3.028423329307017,0.2644622216036731,2.659398374348958,0.2306337810705419,1.0125999917583286,1.1341537852403114,0.5087035841895886,3.226086612326376,1.548830647479367
64.0,86.0,1005.850341796875,0.7304566630682912,2.8380748741163657,-0.2219267898013583,3.466029501035801,-0.1102170028146247,1.110438836618309,0.9149193344556408,0.3481579968014066,3.321659140756495,1.6742221258225534
64.0,86.0,1007.4547729492188,1.43629090195749,3.110062472569856,-0.6944199584856007,3.302300007810594,0.2527122463629391,1.3830220275508731,1.1692670148495758,0.4543218612108505,3.286882813634093,1.9327433745059648
64.0,86.0,1005.6038818359376,1.308516753266523,2.1752865939900867,0.1815601508968082,4.19439705578338,-0.2059303139175663,1.0777198568117343,1.0908442654933863,0.2003939982353898,2.6281803945220314,1.684505779710975
64.0,86.0,1005.079833984375,0.8078773908434,3.0635542735379326,-0.2222773718837908,3.644619233544741,-0.0438507735814526,1.4232936018416082,0.7302359461628485,0.463335757005806,3.131559441489576,1.6311643300045815
64.0,86.0,1006.5872802734376,0.2656690085363156,2.8994275720441487,-0.0359203097652873,2.439288483665521,-0.403613583524778,2.160790506390417,1.4511060060394816,0.484404972217794,3.372222679109396,2.807072668682597
64.0,86.0,1005.7649536132812,0.2825466944237913,3.223371955913502,-1.130107795435179,3.475165291581171,-1.048330892200188,0.6773142097574366,1.7224453178602437,-0.0116344510771347,2.978858171781275,1.664112733334867
64.0,86.0,1003.8233642578124,1.028523366259821,3.0628461474330293,-0.3204188298828894,3.0167776901382988,0.2647472536681213,1.306874930918926,0.9514498344110252,-0.5399432597472117,3.348110656193866,0.8965220619264871
64.0,86.0,1007.20849609375,1.42340442516376,1.6389601706335597,-0.4707376408526464,3.5510485345363576,0.0655674880221845,0.5345868805727112,1.7189295151854895,0.652892798276838,3.565456415960298,1.6765185041381792
64.0,86.0,1005.7882080078124,1.930989912640924,2.5698273775009017,-0.4222718299406413,2.2647280101266523,-1.2334670620841697,1.1900713704557306,1.273633231737758,-0.0756089152430987,3.487418316929421,1.693288812527204
64.0,86.0,1007.2538452148438,-0.0688489490101389,3.08697885035138,-0.1956979402256456,3.227077162351756,-0.1831626462700541,1.60457756886145,0.3091449119349676,0.8437145160122203,3.29488335338292,2.1099674504448283
64.0,86.0,1004.8368530273438,-0.0192859539180938,3.1458012448024646,-0.4052589456220559,3.5837623621294377,-0.4446218579421889,1.004306573519272,1.0674916208430016,-0.1473208806064043,4.659302750457305,1.266183010783346
64.0,86.0,1005.0035400390624,1.488088734200528,3.2964916798764268,-0.081613556681665,3.4931910742310563,-0.4795947022471148,1.19443031097595,1.5983254058784726,0.3030366300005376,3.1093375136026897,1.3517079212642986
64.0,86.0,1005.59716796875,0.8422960777773174,3.0348209215701183,-0.2311176520887816,3.530445462000517,0.731073415144617,1.0838871087870037,1.0526527931079228,-0.2789778063184201,3.525442996103043,1.9314441196361605
64.0,86.0,1005.8321533203124,0.377814434290604,3.895551475372848,0.0535583373255332,3.414557908843645,-0.5334289284626546,0.985593986932181,0.7933330380200138,0.0535584523865163,3.290998620666775,1.0098828753892786
64.0,86.0,1006.4464721679688,1.5809811609032556,2.973684344508984,-0.2520182689694079,3.5675059166760548,-0.2077706524501733,0.9768099904424354,1.0682780433964296,-0.0034129855540246,3.316314287362724,1.5148379811241202
64.0,86.0,1006.1416015625,1.5194195767577958,3.13169691444319,0.1840492604754304,3.6966921254025658,-0.0658918054734986,1.6765788188399164,0.8722165089156587,-0.0526893113553003,3.3585637053876103,2.1425141671145624
64.0,86.0,1005.9476318359376,0.0416259073064684,3.056620648095169,0.9059087932371556,3.541676985417584,-0.4558259587305865,-0.3150494321593007,1.05123482986649,-0.0994281152615595,3.238383279985208,1.6565234082160285
64.0,86.0,1006.3308715820312,1.535959406806901,3.012881012953959,-0.1663306996994601,3.5850778383914594,-0.2867194392540477,1.0486903470382465,1.1491035130694829,-0.0172823082687018,3.5717012420075,1.522958118209904
64.0,86.0,1005.21337890625,1.1138422598907147,3.163510525715634,-0.3509051133911852,2.6758266898773537,-0.5122082648359199,1.0718111705207738,1.65587216787568,-1.0170876187562123,3.54151433099572,1.3460114713344828
64.0,86.0,1004.9675903320312,0.5163418992741506,3.048817683689679,-0.6671757961656667,3.038681368765338,-1.5010622553438249,0.7996637919310045,1.2467383098495923,0.0980610079545224,3.3445950501342527,1.5795039091826957
64.0,86.0,1004.8756713867188,1.803103039357084,3.04969122379482,-0.2380855070972431,3.544222673085715,-0.3675432124331079,1.0049334701620785,1.0915745130618049,-0.0166428366782459,3.286393579044508,1.7128181502425668
64.0,86.0,1005.5949096679688,1.065741447403239,3.566321993171797,-0.1722097588879127,3.335195644635442,0.4153135222526197,1.6432684793938577,1.2308026718224587,0.3065238812510272,3.32453208933479,1.4181087479272612
64.0,86.0,1007.3155517578124,1.5371241881530973,3.0630876048410456,-0.0871751942409553,3.5037983811037874,0.0538749320857102,1.0868473082144283,1.0345167488863027,-0.175052114745749,3.3374017791678297,1.6722190592691553
64.0,86.0,1005.6847534179688,1.5291553936280218,2.501505383531246,-0.2181375611222888,3.0273038141281496,-0.2120236101567779,-0.0606551677314507,1.2525278734953254,0.419718581189239,3.340401835705691,1.7413380876269096
64.0,86.0,1007.3942260742188,1.5424126678030463,3.0792092971485934,-0.2950864639731521,3.4273389256056075,-0.2185157172346629,1.1555148532698905,1.027670704617852,-0.0089863143481305,3.1625335916527737,1.3009636469875132
64.0,86.0,1005.1350708007812,0.1661038185710084,2.5390123143543657,2.0774916054569346,1.835614257140512,-1.5735118140693944,0.0393769710875324,1.5364656260845004,0.9512514490147672,2.833057723425437,1.6722709438483858
64.0,86.0,1006.7476806640624,1.3783292661069166,2.227281756843792,0.7486796121921748,2.3676098445669496,-0.4352187250238886,0.1295667694666509,1.2582478032152908,0.9678886220425788,1.546052822985894,1.7088008776725607
64.0,86.0,1003.6841430664062,1.5264166200797986,3.063097861613356,-0.215819897253269,3.5490497273888275,-0.2048867388282806,1.0826619122252867,1.0511392207255632,-0.0170243374408754,3.2973942147249127,1.6821927523441609
64.0,86.0,1006.7684936523438,1.3436931167584212,2.9723827309808475,-0.6990999954194496,3.448097725237284,-0.2091829105316387,0.262391251339839,1.03385109722468,-0.0967344722036515,3.302876430253528,1.7245487486675914
64.0,86.0,1006.3912353515624,1.0823124156003283,3.145532408020725,0.0937498638335725,4.3492484902596935,-0.983369492477124,0.3045399617600217,1.0355153888892177,-0.6035785196627739,3.47882371336145,1.9749920545649893
64.0,86.0,1006.762451171875,0.911579189855552,2.951643676927795,0.8739934856927296,4.20168182927838,-0.2255314448514733,0.9538401412870204,1.055251361200275,2.289490443857167,3.223133074694574,1.6821020431151852
64.0,86.0,1005.7315063476562,1.5396689441273124,3.0386942734840274,0.0727790596694881,3.99653790662412,-0.2180394714265182,1.1227822176659112,0.9898665587735348,-0.0161734394273001,3.292559616599718,1.7283088665121291
64.0,86.0,1005.9786376953124,1.1755166225902458,3.0139295819900664,-0.2417305383366287,3.616814653335077,-0.2729520402836232,1.8592848557108288,1.1177652924446315,0.1211451494947978,3.912459696901169,2.2316448068592054
64.0,86.0,1004.7403564453124,0.4804166552562906,3.142058809388116,-0.507253232726782,3.78275224637308,-0.5671588827166028,1.1261544357254607,1.4122039073154182,0.5007209311294231,3.503301094810195,1.926829920271378
64.0,86.0,1006.1528930664062,1.4584771219640935,3.0646681446090005,-0.0897342209063494,2.9714324332868927,0.4872548106915795,1.0218047715675216,1.021649081637355,-1.0252645470791708,3.3139842712644967,1.598501157972346
64.0,86.0,1006.9170532226562,1.5008135023933489,2.9861872071511346,-0.431893834371605,2.8214919187287486,-0.2261427739521425,1.1105615551034884,0.4838116239205338,-0.0052966471293471,3.1909425469340382,0.7855032477643943
64.0,86.0,1005.6001586914062,0.1781387739601991,2.8222566258346973,-1.2784227836424644,2.158820161725356,-1.3598118191510389,1.8033214309254848,1.4312019484559402,0.0812233307260337,2.5723035292130967,1.5728984824109573
64.0,86.0,1005.8743896484376,0.0594998054986024,2.4736092679713666,-0.1808303602303297,1.535912543515276,-0.2128728184311272,0.8096079746393341,0.1778975985534896,-0.0199302804665875,3.321000599716123,2.4317144383963893
64.0,86.0,1005.768310546875,1.5999854791936896,2.9805356758612893,-0.224463190705871,3.807145392204087,-0.3379384159359995,1.0087144864956603,0.8161970981207121,-0.0299745068515237,3.525817858828421,1.6851147134922917
64.0,87.0,1004.7705688476562,-0.4544287265598248,3.062173972220695,0.1729655489759677,2.9943601184715565,-0.192053599756429,-0.1349261357778195,0.6695620212450178,-0.0163932432461255,1.6540016053408708,1.1175596814486548
64.0,87.0,1007.9323120117188,0.2833582410088201,3.059506966734865,-0.4440224240314817,3.537913671363393,0.595304704543162,1.2959109613147133,1.0881878258195288,0.0842539774170956,4.340152561424111,1.591153092112809
64.0,87.0,1006.1361694335938,0.8387232566556513,3.06514310945846,-0.2027294162619589,3.4053886985494604,-0.2057767340794501,0.9954022963306812,1.0357322898782315,-0.0773616051418161,3.3487778925027016,1.045925357427675
64.0,87.0,1005.7072143554688,1.6491448804843336,2.9104453120023,-0.2376035463302053,3.615676320374159,-0.5459213406507523,1.0802436756395946,1.0229389087533642,-0.0226071327225542,3.134768809825729,1.4551102740604491
64.0,87.0,1005.2555541992188,-0.5037094802039921,3.707585390221884,-0.3280569768488796,3.321070462527059,0.979043172621886,-0.4155761280008436,0.9565504599200948,0.2951346271246178,3.295787014291044,2.1819067114242974
64.0,87.0,1008.2530517578124,1.5270982961521142,2.378577058659652,-0.1300141971189669,3.4316988602336704,-0.3495752633471561,0.6940326962933131,0.758785861126745,0.0664492484260929,3.002636118435235,0.7040430065820917
64.0,87.0,1006.2119140625,0.4893625390202833,1.7795423029239368,-0.2283334970089545,3.1277989280704825,0.4981169607027755,1.141197769335064,2.5146578201478693,1.975507430672696,4.311031517865723,2.0922100116751228
64.0,87.0,1005.9624633789062,1.4341756065414992,2.674566406838259,-0.2937512567374032,3.618245085659499,-0.2282419344102588,1.0644477042230736,1.0553152375833867,-0.0833603760118139,3.162931908465532,1.6804561699848746
64.0,87.0,1006.1808471679688,1.5044895019604971,4.37353118641234,-0.1123117642728705,3.278240110355435,-0.2710004059046436,1.206590297347884,1.0726861605494895,-0.7094813345437163,3.301103040810469,1.658737095350794
64.0,87.0,1004.5355224609376,-0.2067583177486083,2.156645823399848,1.1237471826284795,3.780946817479548,-0.5114493991580722,1.3470285072754011,1.5426076556614716,0.9251629364195506,3.6326501297850458,1.193605314089168
64.0,87.0,1005.1493530273438,0.5735184706036716,3.028423329307017,0.2644622216036731,2.659398374348958,0.2306337810705419,1.0125999917583286,1.1341537852403114,0.5087035841895886,3.226086612326376,1.548830647479367
64.0,87.0,1005.850341796875,0.7304566630682912,2.8380748741163657,-0.2219267898013583,3.466029501035801,-0.1102170028146247,1.110438836618309,0.9149193344556408,0.3481579968014066,3.321659140756495,1.6742221258225534
64.0,87.0,1007.4547729492188,1.43629090195749,3.110062472569856,-0.6944199584856007,3.302300007810594,0.2527122463629391,1.3830220275508731,1.1692670148495758,0.4543218612108505,3.286882813634093,1.9327433745059648
64.0,87.0,1005.6038818359376,1.308516753266523,2.1752865939900867,0.1815601508968082,4.19439705578338,-0.2059303139175663,1.0777198568117343,1.0908442654933863,0.2003939982353898,2.6281803945220314,1.684505779710975
64.0,87.0,1005.079833984375,0.8078773908434,3.0635542735379326,-0.2222773718837908,3.644619233544741,-0.0438507735814526,1.4232936018416082,0.7302359461628485,0.463335757005806,3.131559441489576,1.6311643300045815
64.0,87.0,1006.5872802734376,0.2656690085363156,2.8994275720441487,-0.0359203097652873,2.439288483665521,-0.403613583524778,2.160790506390417,1.4511060060394816,0.484404972217794,3.372222679109396,2.807072668682597
64.0,87.0,1005.7649536132812,0.2825466944237913,3.223371955913502,-1.130107795435179,3.475165291581171,-1.048330892200188,0.6773142097574366,1.7224453178602437,-0.0116344510771347,2.978858171781275,1.664112733334867
64.0,87.0,1003.8233642578124,1.028523366259821,3.0628461474330293,-0.3204188298828894,3.0167776901382988,0.2647472536681213,1.306874930918926,0.9514498344110252,-0.5399432597472117,3.348110656193866,0.8965220619264871
64.0,87.0,1007.20849609375,1.42340442516376,1.6389601706335597,-0.4707376408526464,3.5510485345363576,0.0655674880221845,0.5345868805727112,1.7189295151854895,0.652892798276838,3.565456415960298,1.6765185041381792
64.0,87.0,1005.7882080078124,1.930989912640924,2.5698273775009017,-0.4222718299406413,2.2647280101266523,-1.2334670620841697,1.1900713704557306,1.273633231737758,-0.0756089152430987,3.487418316929421,1.693288812527204
64.0,87.0,1007.2538452148438,-0.0688489490101389,3.08697885035138,-0.1956979402256456,3.227077162351756,-0.1831626462700541,1.60457756886145,0.3091449119349676,0.8437145160122203,3.29488335338292,2.1099674504448283
64.0,87.0,1004.8368530273438,-0.0192859539180938,3.1458012448024646,-0.4052589456220559,3.5837623621294377,-0.4446218579421889,1.004306573519272,1.0674916208430016,-0.1473208806064043,4.659302750457305,1.266183010783346
64.0,87.0,1005.0035400390624,1.488088734200528,3.2964916798764268,-0.081613556681665,3.4931910742310563,-0.4795947022471148,1.19443031097595,1.5983254058784726,0.3030366300005376,3.1093375136026897,1.3517079212642986
64.0,87.0,1005.59716796875,0.8422960777773174,3.0348209215701183,-0.2311176520887816,3.530445462000517,0.731073415144617,1.0838871087870037,1.0526527931079228,-0.2789778063184201,3.525442996103043,1.9314441196361605
64.0,87.0,1005.8321533203124,0.377814434290604,3.895551475372848,0.0535583373255332,3.414557908843645,-0.5334289284626546,0.985593986932181,0.7933330380200138,0.0535584523865163,3.290998620666775,1.0098828753892786
64.0,87.0,1006.4464721679688,1.5809811609032556,2.973684344508984,-0.2520182689694079,3.5675059166760548,-0.2077706524501733,0.9768099904424354,1.0682780433964296,-0.0034129855540246,3.316314287362724,1.5148379811241202
64.0,87.0,1006.1416015625,1.5194195767577958,3.13169691444319,0.1840492604754304,3.6966921254025658,-0.0658918054734986,1.6765788188399164,0.8722165089156587,-0.0526893113553003,3.3585637053876103,2.1425141671145624
64.0,87.0,1005.9476318359376,0.0416259073064684,3.056620648095169,0.9059087932371556,3.541676985417584,-0.4558259587305865,-0.3150494321593007,1.05123482986649,-0.0994281152615595,3.238383279985208,1.6565234082160285
64.0,87.0,1006.3308715820312,1.535959406806901,3.012881012953959,-0.1663306996994601,3.5850778383914594,-0.2867194392540477,1.0486903470382465,1.1491035130694829,-0.0172823082687018,3.5717012420075,1.522958118209904
64.0,87.0,1005.21337890625,1.1138422598907147,3.163510525715634,-0.3509051133911852,2.6758266898773537,-0.5122082648359199,1.0718111705207738,1.65587216787568,-1.0170876187562123,3.54151433099572,1.3460114713344828
64.0,87.0,1004.9675903320312,0.5163418992741506,3.048817683689679,-0.6671757961656667,3.038681368765338,-1.5010622553438249,0.7996637919310045,1.2467383098495923,0.0980610079545224,3.3445950501342527,1.5795039091826957
64.0,87.0,1004.8756713867188,1.803103039357084,3.04969122379482,-0.2380855070972431,3.544222673085715,-0.3675432124331079,1.0049334701620785,1.0915745130618049,-0.0166428366782459,3.286393579044508,1.7128181502425668
64.0,87.0,1005.5949096679688,1.065741447403239,3.566321993171797,-0.1722097588879127,3.335195644635442,0.4153135222526197,1.6432684793938577,1.2308026718224587,0.3065238812510272,3.32453208933479,1.4181087479272612
64.0,87.0,1007.3155517578124,1.5371241881530973,3.0630876048410456,-0.0871751942409553,3.5037983811037874,0.0538749320857102,1.0868473082144283,1.0345167488863027,-0.175052114745749,3.3374017791678297,1.6722190592691553
64.0,87.0,1005.6847534179688,1.5291553936280218,2.501505383531246,-0.2181375611222888,3.0273038141281496,-0.2120236101567779,-0.0606551677314507,1.2525278734953254,0.419718581189239,3.340401835705691,1.7413380876269096
64.0,87.0,1007.3942260742188,1.5424126678030463,3.0792092971485934,-0.2950864639731521,3.4273389256056075,-0.2185157172346629,1.1555148532698905,1.027670704617852,-0.0089863143481305,3.1625335916527737,1.3009636469875132
64.0,87.0,1005.1350708007812,0.1661038185710084,2.5390123143543657,2.0774916054569346,1.835614257140512,-1.5735118140693944,0.0393769710875324,1.5364656260845004,0.9512514490147672,2.833057723425437,1.6722709438483858
64.0,87.0,1006.7476806640624,1.3783292661069166,2.227281756843792,0.7486796121921748,2.3676098445669496,-0.4352187250238886,0.1295667694666509,1.2582478032152908,0.9678886220425788,1.546052822985894,1.7088008776725607
64.0,87.0,1003.6841430664062,1.5264166200797986,3.063097861613356,-0.215819897253269,3.5490497273888275,-0.2048867388282806,1.0826619122252867,1.0511392207255632,-0.0170243374408754,3.2973942147249127,1.6821927523441609
64.0,87.0,1006.7684936523438,1.3436931167584212,2.9723827309808475,-0.6990999954194496,3.448097725237284,-0.2091829105316387,0.262391251339839,1.03385109722468,-0.0967344722036515,3.302876430253528,1.7245487486675914
64.0,87.0,1006.3912353515624,1.0823124156003283,3.145532408020725,0.0937498638335725,4.3492484902596935,-0.983369492477124,0.3045399617600217,1.0355153888892177,-0.6035785196627739,3.47882371336145,1.9749920545649893
64.0,87.0,1006.762451171875,0.911579189855552,2.951643676927795,0.8739934856927296,4.20168182927838,-0.2255314448514733,0.9538401412870204,1.055251361200275,2.289490443857167,3.223133074694574,1.6821020431151852
64.0,87.0,1005.7315063476562,1.5396689441273124,3.0386942734840274,0.0727790596694881,3.99653790662412,-0.2180394714265182,1.1227822176659112,0.9898665587735348,-0.0161734394273001,3.292559616599718,1.7283088665121291
64.0,87.0,1005.9786376953124,1.1755166225902458,3.0139295819900664,-0.2417305383366287,3.616814653335077,-0.2729520402836232,1.8592848557108288,1.1177652924446315,0.1211451494947978,3.912459696901169,2.2316448068592054
64.0,87.0,1004.7403564453124,0.4804166552562906,3.142058809388116,-0.507253232726782,3.78275224637308,-0.5671588827166028,1.1261544357254607,1.4122039073154182,0.5007209311294231,3.503301094810195,1.926829920271378
64.0,87.0,1006.1528930664062,1.4584771219640935,3.0646681446090005,-0.0897342209063494,2.9714324332868927,0.4872548106915795,1.0218047715675216,1.021649081637355,-1.0252645470791708,3.3139842712644967,1.598501157972346
64.0,87.0,1006.9170532226562,1.5008135023933489,2.9861872071511346,-0.431893834371605,2.8214919187287486,-0.2261427739521425,1.1105615551034884,0.4838116239205338,-0.0052966471293471,3.1909425469340382,0.7855032477643943
64.0,87.0,1005.6001586914062,0.1781387739601991,2.8222566258346973,-1.2784227836424644,2.158820161725356,-1.3598118191510389,1.8033214309254848,1.4312019484559402,0.0812233307260337,2.5723035292130967,1.5728984824109573
64.0,87.0,1005.8743896484376,0.0594998054986024,2.4736092679713666,-0.1808303602303297,1.535912543515276,-0.2128728184311272,0.8096079746393341,0.1778975985534896,-0.0199302804665875,3.321000599716123,2.4317144383963893
64.0,87.0,1005.768310546875,1.5999854791936896,2.9805356758612893,-0.224463190705871,3.807145392204087,-0.3379384159359995,1.0087144864956603,0.8161970981207121,-0.0299745068515237,3.525817858828421,1.6851147134922917
64.0,88.0,1004.7705688476562,-0.4544287265598248,3.062173972220695,0.1729655489759677,2.9943601184715565,-0.192053599756429,-0.1349261357778195,0.6695620212450178,-0.0163932432461255,1.6540016053408708,1.1175596814486548
64.0,88.0,1007.3576049804688,0.9212569846597908,3.06139855165662,-0.1317967257900236,3.542737248419205,-1.233962615803387,1.2850703011185782,1.0033974406470525,-0.023572540304738,3.640052147588491,1.601728056724547
64.0,88.0,1006.1361694335938,0.8387232566556513,3.06514310945846,-0.2027294162619589,3.4053886985494604,-0.2057767340794501,0.9954022963306812,1.0357322898782315,-0.0773616051418161,3.3487778925027016,1.045925357427675
64.0,88.0,1005.7072143554688,1.6491448804843336,2.9104453120023,-0.2376035463302053,3.615676320374159,-0.5459213406507523,1.0802436756395946,1.0229389087533642,-0.0226071327225542,3.134768809825729,1.4551102740604491
64.0,88.0,1005.2555541992188,-0.5037094802039921,3.707585390221884,-0.3280569768488796,3.321070462527059,0.979043172621886,-0.4155761280008436,0.9565504599200948,0.2951346271246178,3.295787014291044,2.1819067114242974
64.0,88.0,1008.2530517578124,1.5270982961521142,2.378577058659652,-0.1300141971189669,3.4316988602336704,-0.3495752633471561,0.6940326962933131,0.758785861126745,0.0664492484260929,3.002636118435235,0.7040430065820917
64.0,88.0,1006.2119140625,0.4893625390202833,1.7795423029239368,-0.2283334970089545,3.1277989280704825,0.4981169607027755,1.141197769335064,2.5146578201478693,1.975507430672696,4.311031517865723,2.0922100116751228
64.0,88.0,1005.9624633789062,1.4341756065414992,2.674566406838259,-0.2937512567374032,3.618245085659499,-0.2282419344102588,1.0644477042230736,1.0553152375833867,-0.0833603760118139,3.162931908465532,1.6804561699848746
64.0,88.0,1006.1808471679688,1.5044895019604971,4.37353118641234,-0.1123117642728705,3.278240110355435,-0.2710004059046436,1.206590297347884,1.0726861605494895,-0.7094813345437163,3.301103040810469,1.658737095350794
64.0,88.0,1004.5355224609376,-0.2067583177486083,2.156645823399848,1.1237471826284795,3.780946817479548,-0.5114493991580722,1.3470285072754011,1.5426076556614716,0.9251629364195506,3.6326501297850458,1.193605314089168
64.0,88.0,1005.1493530273438,0.5735184706036716,3.028423329307017,0.2644622216036731,2.659398374348958,0.2306337810705419,1.0125999917583286,1.1341537852403114,0.5087035841895886,3.226086612326376,1.548830647479367
64.0,88.0,1005.850341796875,0.7304566630682912,2.8380748741163657,-0.2219267898013583,3.466029501035801,-0.1102170028146247,1.110438836618309,0.9149193344556408,0.3481579968014066,3.321659140756495,1.6742221258225534
64.0,88.0,1007.4547729492188,1.43629090195749,3.110062472569856,-0.6944199584856007,3.302300007810594,0.2527122463629391,1.3830220275508731,1.1692670148495758,0.4543218612108505,3.286882813634093,1.9327433745059648
64.0,88.0,1005.6038818359376,1.308516753266523,2.1752865939900867,0.1815601508968082,4.19439705578338,-0.2059303139175663,1.0777198568117343,1.0908442654933863,0.2003939982353898,2.6281803945220314,1.684505779710975
64.0,88.0,1005.079833984375,0.8078773908434,3.0635542735379326,-0.2222773718837908,3.644619233544741,-0.0438507735814526,1.4232936018416082,0.7302359461628485,0.463335757005806,3.131559441489576,1.6311643300045815
64.0,88.0,1006.5872802734376,0.2656690085363156,2.8994275720441487,-0.0359203097652873,2.439288483665521,-0.403613583524778,2.160790506390417,1.4511060060394816,0.484404972217794,3.372222679109396,2.807072668682597
64.0,88.0,1005.7649536132812,0.2825466944237913,3.223371955913502,-1.130107795435179,3.475165291581171,-1.048330892200188,0.6773142097574366,1.7224453178602437,-0.0116344510771347,2.978858171781275,1.664112733334867
64.0,88.0,1003.8233642578124,1.028523366259821,3.0628461474330293,-0.3204188298828894,3.0167776901382988,0.2647472536681213,1.306874930918926,0.9514498344110252,-0.5399432597472117,3.348110656193866,0.8965220619264871
64.0,88.0,1007.20849609375,1.42340442516376,1.6389601706335597,-0.4707376408526464,3.5510485345363576,0.0655674880221845,0.5345868805727112,1.7189295151854895,0.652892798276838,3.565456415960298,1.6765185041381792
64.0,88.0,1005.7882080078124,1.930989912640924,2.5698273775009017,-0.4222718299406413,2.2647280101266523,-1.2334670620841697,1.1900713704557306,1.273633231737758,-0.0756089152430987,3.487418316929421,1.693288812527204
64.0,88.0,1007.2538452148438,-0.0688489490101389,3.08697885035138,-0.1956979402256456,3.227077162351756,-0.1831626462700541,1.60457756886145,0.3091449119349676,0.8437145160122203,3.29488335338292,2.1099674504448283
64.0,88.0,1004.8368530273438,-0.0192859539180938,3.1458012448024646,-0.4052589456220559,3.5837623621294377,-0.4446218579421889,1.004306573519272,1.0674916208430016,-0.1473208806064043,4.659302750457305,1.266183010783346
64.0,88.0,1005.0035400390624,1.488088734200528,3.2964916798764268,-0.081613556681665,3.4931910742310563,-0.4795947022471148,1.19443031097595,1.5983254058784726,0.3030366300005376,3.1093375136026897,1.3517079212642986
64.0,88.0,1005.59716796875,0.8422960777773174,3.0348209215701183,-0.2311176520887816,3.530445462000517,0.731073415144617,1.0838871087870037,1.0526527931079228,-0.2789778063184201,3.525442996103043,1.9314441196361605
64.0,88.0,1005.8321533203124,0.377814434290604,3.895551475372848,0.0535583373255332,3.414557908843645,-0.5334289284626546,0.985593986932181,0.7933330380200138,0.0535584523865163,3.290998620666775,1.0098828753892786
64.0,88.0,1006.4464721679688,1.5809811609032556,2.973684344508984,-0.2520182689694079,3.5675059166760548,-0.2077706524501733,0.9768099904424354,1.0682780433964296,-0.0034129855540246,3.316314287362724,1.5148379811241202
64.0,88.0,1006.1416015625,1.5194195767577958,3.13169691444319,0.1840492604754304,3.6966921254025658,-0.0658918054734986,1.6765788188399164,0.8722165089156587,-0.0526893113553003,3.3585637053876103,2.1425141671145624
64.0,88.0,1005.9476318359376,0.0416259073064684,3.056620648095169,0.9059087932371556,3.541676985417584,-0.4558259587305865,-0.3150494321593007,1.05123482986649,-0.0994281152615595,3.238383279985208,1.6565234082160285
64.0,88.0,1006.3308715820312,1.535959406806901,3.012881012953959,-0.1663306996994601,3.5850778383914594,-0.2867194392540477,1.0486903470382465,1.1491035130694829,-0.0172823082687018,3.5717012420075,1.522958118209904
64.0,88.0,1005.21337890625,1.1138422598907147,3.163510525715634,-0.3509051133911852,2.6758266898773537,-0.5122082648359199,1.0718111705207738,1.65587216787568,-1.0170876187562123,3.54151433099572,1.3460114713344828
64.0,88.0,1004.9675903320312,0.5163418992741506,3.048817683689679,-0.6671757961656667,3.038681368765338,-1.5010622553438249,0.7996637919310045,1.2467383098495923,0.0980610079545224,3.3445950501342527,1.5795039091826957
64.0,88.0,1004.8756713867188,1.803103039357084,3.04969122379482,-0.2380855070972431,3.544222673085715,-0.3675432124331079,1.0049334701620785,1.0915745130618049,-0.0166428366782459,3.286393579044508,1.7128181502425668
64.0,88.0,1005.5949096679688,1.065741447403239,3.566321993171797,-0.1722097588879127,3.335195644635442,0.4153135222526197,1.6432684793938577,1.2308026718224587,0.3065238812510272,3.32453208933479,1.4181087479272612
64.0,88.0,1007.3155517578124,1.5371241881530973,3.0630876048410456,-0.0871751942409553,3.5037983811037874,0.0538749320857102,1.0868473082144283,1.0345167488863027,-0.175052114745749,3.3374017791678297,1.6722190592691553
64.0,88.0,1005.6847534179688,1.5291553936280218,2.501505383531246,-0.2181375611222888,3.0273038141281496,-0.2120236101567779,-0.0606551677314507,1.2525278734953254,0.419718581189239,3.340401835705691,1.7413380876269096
64.0,88.0,1007.3942260742188,1.5424126678030463,3.0792092971485934,-0.2950864639731521,3.4273389256056075,-0.2185157172346629,1.1555148532698905,1.027670704617852,-0.0089863143481305,3.1625335916527737,1.3009636469875132
64.0,88.0,1005.1350708007812,0.1661038185710084,2.5390123143543657,2.0774916054569346,1.835614257140512,-1.5735118140693944,0.0393769710875324,1.5364656260845004,0.9512514490147672,2.833057723425437,1.6722709438483858
64.0,88.0,1006.7476806640624,1.3783292661069166,2.227281756843792,0.7486796121921748,2.3676098445669496,-0.4352187250238886,0.1295667694666509,1.2582478032152908,0.9678886220425788,1.546052822985894,1.7088008776725607
64.0,88.0,1003.6841430664062,1.5264166200797986,3.063097861613356,-0.215819897253269,3.5490497273888275,-0.2048867388282806,1.0826619122252867,1.0511392207255632,-0.0170243374408754,3.2973942147249127,1.6821927523441609
64.0,88.0,1006.7684936523438,1.3436931167584212,2.9723827309808475,-0.6990999954194496,3.448097725237284,-0.2091829105316387,0.262391251339839,1.03385109722468,-0.0967344722036515,3.302876430253528,1.7245487486675914
64.0,88.0,1006.3912353515624,1.0823124156003283,3.145532408020725,0.0937498638335725,4.3492484902596935,-0.983369492477124,0.3045399617600217,1.0355153888892177,-0.6035785196627739,3.47882371336145,1.9749920545649893
64.0,88.0,1005.9546508789062,0.9774910519862512,2.9966431409109435,0.4128803033982741,3.8754920315794896,-0.1991468490866272,0.97247392135606,1.0547347529563285,2.030288962326594,3.222855217908842,1.6821978949551688
64.0,88.0,1005.7315063476562,1.5396689441273124,3.0386942734840274,0.0727790596694881,3.99653790662412,-0.2180394714265182,1.1227822176659112,0.9898665587735348,-0.0161734394273001,3.292559616599718,1.7283088665121291
64.0,88.0,1005.9786376953124,1.1755166225902458,3.0139295819900664,-0.2417305383366287,3.616814653335077,-0.2729520402836232,1.8592848557108288,1.1177652924446315,0.1211451494947978,3.912459696901169,2.2316448068592054
64.0,88.0,1004.7403564453124,0.4804166552562906,3.142058809388116,-0.507253232726782,3.78275224637308,-0.5671588827166028,1.1261544357254607,1.4122039073154182,0.5007209311294231,3.503301094810195,1.926829920271378
64.0,88.0,1006.1528930664062,1.4584771219640935,3.0646681446090005,-0.0897342209063494,2.9714324332868927,0.4872548106915795,1.0218047715675216,1.021649081637355,-1.0252645470791708,3.3139842712644967,1.598501157972346
64.0,88.0,1006.9170532226562,1.5008135023933489,2.9861872071511346,-0.431893834371605,2.8214919187287486,-0.2261427739521425,1.1105615551034884,0.4838116239205338,-0.0052966471293471,3.1909425469340382,0.7855032477643943
64.0,88.0,1005.6001586914062,0.1781387739601991,2.8222566258346973,-1.2784227836424644,2.158820161725356,-1.3598118191510389,1.8033214309254848,1.4312019484559402,0.0812233307260337,2.5723035292130967,1.5728984824109573
64.0,88.0,1005.8743896484376,0.0594998054986024,2.4736092679713666,-0.1808303602303297,1.535912543515276,-0.2128728184311272,0.8096079746393341,0.1778975985534896,-0.0199302804665875,3.321000599716123,2.4317144383963893
64.0,88.0,1005.768310546875,1.5999854791936896,2.9805356758612893,-0.224463190705871,3.807145392204087,-0.3379384159359995,1.0087144864956603,0.8161970981207121,-0.0299745068515237,3.525817858828421,1.6851147134922917
64.0,89.0,1004.7705688476562,-0.4544287265598248,3.062173972220695,0.1729655489759677,2.9943601184715565,-0.192053599756429,-0.1349261357778195,0.6695620212450178,-0.0163932432461255,1.6540016053408708,1.1175596814486548
64.0,89.0,1007.3576049804688,0.9212569846597908,3.06139855165662,-0.1317967257900236,3.542737248419205,-1.233962615803387,1.2850703011185782,1.0033974406470525,-0.023572540304738,3.640052147588491,1.601728056724547
64.0,89.0,1006.1361694335938,0.8387232566556513,3.06514310945846,-0.2027294162619589,3.4053886985494604,-0.2057767340794501,0.9954022963306812,1.0357322898782315,-0.0773616051418161,3.3487778925027016,1.045925357427675
64.0,89.0,1005.7072143554688,1.6491448804843336,2.9104453120023,-0.2376035463302053,3.615676320374159,-0.5459213406507523,1.0802436756395946,1.0229389087533642,-0.0226071327225542,3.134768809825729,1.4551102740604491
64.0,89.0,1005.2555541992188,-0.5037094802039921,3.707585390221884,-0.3280569768488796,3.321070462527059,0.979043172621886,-0.4155761280008436,0.9565504599200948,0.2951346271246178,3.295787014291044,2.1819067114242974
64.0,89.0,1008.2530517578124,1.5270982961521142,2.378577058659652,-0.1300141971189669,3.4316988602336704,-0.3495752633471561,0.6940326962933131,0.758785861126745,0.0664492484260929,3.002636118435235,0.7040430065820917
64.0,89.0,1006.2119140625,0.4893625390202833,1.7795423029239368,-0.2283334970089545,3.1277989280704825,0.4981169607027755,1.141197769335064,2.5146578201478693,1.975507430672696,4.311031517865723,2.0922100116751228
64.0,89.0,1005.9624633789062,1.4341756065414992,2.674566406838259,-0.2937512567374032,3.618245085659499,-0.2282419344102588,1.0644477042230736,1.0553152375833867,-0.0833603760118139,3.162931908465532,1.6804561699848746
64.0,89.0,1006.1808471679688,1.5044895019604971,4.37353118641234,-0.1123117642728705,3.278240110355435,-0.2710004059046436,1.206590297347884,1.0726861605494895,-0.7094813345437163,3.301103040810469,1.658737095350794
64.0,89.0,1004.5355224609376,-0.2067583177486083,2.156645823399848,1.1237471826284795,3.780946817479548,-0.5114493991580722,1.3470285072754011,1.5426076556614716,0.9251629364195506,3.6326501297850458,1.193605314089168
64.0,89.0,1005.1493530273438,0.5735184706036716,3.028423329307017,0.2644622216036731,2.659398374348958,0.2306337810705419,1.0125999917583286,1.1341537852403114,0.5087035841895886,3.226086612326376,1.548830647479367
64.0,89.0,1005.850341796875,0.7304566630682912,2.8380748741163657,-0.2219267898013583,3.466029501035801,-0.1102170028146247,1.110438836618309,0.9149193344556408,0.3481579968014066,3.321659140756495,1.6742221258225534
64.0,89.0,1007.4547729492188,1.43629090195749,3.110062472569856,-0.6944199584856007,3.302300007810594,0.2527122463629391,1.3830220275508731,1.1692670148495758,0.4543218612108505,3.286882813634093,1.9327433745059648
64.0,89.0,1005.6038818359376,1.308516753266523,2.1752865939900867,0.1815601508968082,4.19439705578338,-0.2059303139175663,1.0777198568117343,1.0908442654933863,0.2003939982353898,2.6281803945220314,1.684505779710975
64.0,89.0,1005.079833984375,0.8078773908434,3.0635542735379326,-0.2222773718837908,3.644619233544741,-0.0438507735814526,1.4232936018416082,0.7302359461628485,0.463335757005806,3.131559441489576,1.6311643300045815
64.0,89.0,1006.5872802734376,0.2656690085363156,2.8994275720441487,-0.0359203097652873,2.439288483665521,-0.403613583524778,2.160790506390417,1.4511060060394816,0.484404972217794,3.372222679109396,2.807072668682597
64.0,89.0,1005.7649536132812,0.2825466944237913,3.223371955913502,-1.130107795435179,3.475165291581171,-1.048330892200188,0.6773142097574366,1.7224453178602437,-0.0116344510771347,2.978858171781275,1.664112733334867
64.0,89.0,1003.8233642578124,1.028523366259821,3.0628461474330293,-0.3204188298828894,3.0167776901382988,0.2647472536681213,1.306874930918926,0.9514498344110252,-0.5399432597472117,3.348110656193866,0.8965220619264871
64.0,89.0,1007.20849609375,1.42340442516376,1.6389601706335597,-0.4707376408526464,3.5510485345363576,0.0655674880221845,0.5345868805727112,1.7189295151854895,0.652892798276838,3.565456415960298,1.6765185041381792
64.0,89.0,1005.7882080078124,1.930989912640924,2.5698273775009017,-0.4222718299406413,2.2647280101266523,-1.2334670620841697,1.1900713704557306,1.273633231737758,-0.0756089152430987,3.487418316929421,1.693288812527204
64.0,89.0,1006.8382568359376,0.1804789330101401,3.0917668051613663,-0.2176748729395974,3.129186080616745,-0.184644706135572,1.2461711329689706,0.486178220236735,0.5893075181890408,3.2961757838031907,1.713460639674954
64.0,89.0,1004.8368530273438,-0.0192859539180938,3.1458012448024646,-0.4052589456220559,3.5837623621294377,-0.4446218579421889,1.004306573519272,1.0674916208430016,-0.1473208806064043,4.659302750457305,1.266183010783346
64.0,89.0,1005.0035400390624,1.488088734200528,3.2964916798764268,-0.081613556681665,3.4931910742310563,-0.4795947022471148,1.19443031097595,1.5983254058784726,0.3030366300005376,3.1093375136026897,1.3517079212642986
64.0,89.0,1005.59716796875,0.8422960777773174,3.0348209215701183,-0.2311176520887816,3.530445462000517,0.731073415144617,1.0838871087870037,1.0526527931079228,-0.2789778063184201,3.525442996103043,1.9314441196361605
64.0,89.0,1005.8321533203124,0.377814434290604,3.895551475372848,0.0535583373255332,3.414557908843645,-0.5334289284626546,0.985593986932181,0.7933330380200138,0.0535584523865163,3.290998620666775,1.0098828753892786
64.0,89.0,1006.4464721679688,1.5809811609032556,2.973684344508984,-0.2520182689694079,3.5675059166760548,-0.2077706524501733,0.9768099904424354,1.0682780433964296,-0.0034129855540246,3.316314287362724,1.5148379811241202
64.0,89.0,1006.1416015625,1.5194195767577958,3.13169691444319,0.1840492604754304,3.6966921254025658,-0.0658918054734986,1.6765788188399164,0.8722165089156587,-0.0526893113553003,3.3585637053876103,2.1425141671145624
64.0,89.0,1005.9476318359376,0.0416259073064684,3.056620648095169,0.9059087932371556,3.541676985417584,-0.4558259587305865,-0.3150494321593007,1.05123482986649,-0.0994281152615595,3.238383279985208,1.6565234082160285
64.0,89.0,1006.3308715820312,1.535959406806901,3.012881012953959,-0.1663306996994601,3.5850778383914594,-0.2867194392540477,1.0486903470382465,1.1491035130694829,-0.0172823082687018,3.5717012420075,1.522958118209904
64.0,89.0,1005.21337890625,1.1138422598907147,3.163510525715634,-0.3509051133911852,2.6758266898773537,-0.5122082648359199,1.0718111705207738,1.65587216787568,-1.0170876187562123,3.54151433099572,1.3460114713344828
64.0,89.0,1004.9675903320312,0.5163418992741506,3.048817683689679,-0.6671757961656667,3.038681368765338,-1.5010622553438249,0.7996637919310045,1.2467383098495923,0.0980610079545224,3.3445950501342527,1.5795039091826957
64.0,89.0,1004.8756713867188,1.803103039357084,3.04969122379482,-0.2380855070972431,3.544222673085715,-0.3675432124331079,1.0049334701620785,1.0915745130618049,-0.0166428366782459,3.286393579044508,1.7128181502425668
64.0,89.0,1005.5949096679688,1.065741447403239,3.566321993171797,-0.1722097588879127,3.335195644635442,0.4153135222526197,1.6432684793938577,1.2308026718224587,0.3065238812510272,3.32453208933479,1.4181087479272612
64.0,89.0,1007.3155517578124,1.5371241881530973,3.0630876048410456,-0.0871751942409553,3.5037983811037874,0.0538749320857102,1.0868473082144283,1.0345167488863027,-0.175052114745749,3.3374017791678297,1.6722190592691553
64.0,89.0,1005.6847534179688,1.5291553936280218,2.501505383531246,-0.2181375611222888,3.0273038141281496,-0.2120236101567779,-0.0606551677314507,1.2525278734953254,0.419718581189239,3.340401835705691,1.7413380876269096
64.0,89.0,1007.3942260742188,1.5424126678030463,3.0792092971485934,-0.2950864639731521,3.4273389256056075,-0.2185157172346629,1.1555148532698905,1.027670704617852,-0.0089863143481305,3.1625335916527737,1.3009636469875132
64.0,89.0,1005.1350708007812,0.1661038185710084,2.5390123143543657,2.0774916054569346,1.835614257140512,-1.5735118140693944,0.0393769710875324,1.5364656260845004,0.9512514490147672,2.833057723425437,1.6722709438483858
64.0,89.0,1006.7476806640624,1.3783292661069166,2.227281756843792,0.7486796121921748,2.3676098445669496,-0.4352187250238886,0.1295667694666509,1.2582478032152908,0.9678886220425788,1.546052822985894,1.7088008776725607
64.0,89.0,1003.6841430664062,1.5264166200797986,3.063097861613356,-0.215819897253269,3.5490497273888275,-0.2048867388282806,1.0826619122252867,1.0511392207255632,-0.0170243374408754,3.2973942147249127,1.6821927523441609
64.0,89.0,1006.7684936523438,1.3436931167584212,2.9723827309808475,-0.6990999954194496,3.448097725237284,-0.2091829105316387,0.262391251339839,1.03385109722468,-0.0967344722036515,3.302876430253528,1.7245487486675914
64.0,89.0,1006.3912353515624,1.0823124156003283,3.145532408020725,0.0937498638335725,4.3492484902596935,-0.983369492477124,0.3045399617600217,1.0355153888892177,-0.6035785196627739,3.47882371336145,1.9749920545649893
64.0,89.0,1005.9546508789062,0.9774910519862512,2.9966431409109435,0.4128803033982741,3.8754920315794896,-0.1991468490866272,0.97247392135606,1.0547347529563285,2.030288962326594,3.222855217908842,1.6821978949551688
64.0,89.0,1005.7315063476562,1.5396689441273124,3.0386942734840274,0.0727790596694881,3.99653790662412,-0.2180394714265182,1.1227822176659112,0.9898665587735348,-0.0161734394273001,3.292559616599718,1.7283088665121291
64.0,89.0,1005.9786376953124,1.1755166225902458,3.0139295819900664,-0.2417305383366287,3.616814653335077,-0.2729520402836232,1.8592848557108288,1.1177652924446315,0.1211451494947978,3.912459696901169,2.2316448068592054
64.0,89.0,1004.7403564453124,0.4804166552562906,3.142058809388116,-0.507253232726782,3.78275224637308,-0.5671588827166028,1.1261544357254607,1.4122039073154182,0.5007209311294231,3.503301094810195,1.926829920271378
64.0,89.0,1004.5214233398438,1.3925082887281215,3.065088985864282,-0.1686798461004562,2.4937664364779137,-0.2246521629870259,1.0573601922845028,1.0844478999456344,-0.8866334099558765,3.2654268773896447,1.6563374701400866
64.0,89.0,1006.9170532226562,1.5008135023933489,2.9861872071511346,-0.431893834371605,2.8214919187287486,-0.2261427739521425,1.1105615551034884,0.4838116239205338,-0.0052966471293471,3.1909425469340382,0.7855032477643943
64.0,89.0,1005.6001586914062,0.1781387739601991,2.8222566258346973,-1.2784227836424644,2.158820161725356,-1.3598118191510389,1.8033214309254848,1.4312019484559402,0.0812233307260337,2.5723035292130967,1.5728984824109573
64.0,89.0,1005.8743896484376,0.0594998054986024,2.4736092679713666,-0.1808303602303297,1.535912543515276,-0.2128728184311272,0.8096079746393341,0.1778975985534896,-0.0199302804665875,3.321000599716123,2.4317144383963893
64.0,89.0,1005.768310546875,1.5999854791936896,2.9805356758612893,-0.224463190705871,3.807145392204087,-0.3379384159359995,1.0087144864956603,0.8161970981207121,-0.0299745068515237,3.525817858828421,1.6851147134922917
64.0,90.0,1004.7705688476562,-0.4544287265598248,3.062173972220695,0.1729655489759677,2.9943601184715565,-0.192053599756429,-0.1349261357778195,0.6695620212450178,-0.0163932432461255,1.6540016053408708,1.1175596814486548
64.0,90.0,1007.3576049804688,0.9212569846597908,3.06139855165662,-0.1317967257900236,3.542737248419205,-1.233962615803387,1.2850703011185782,1.0033974406470525,-0.023572540304738,3.640052147588491,1.601728056724547
64.0,90.0,1006.1361694335938,0.8387232566556513,3.06514310945846,-0.2027294162619589,3.4053886985494604,-0.2057767340794501,0.9954022963306812,1.0357322898782315,-0.0773616051418161,3.3487778925027016,1.045925357427675
64.0,90.0,1005.7072143554688,1.6491448804843336,2.9104453120023,-0.2376035463302053,3.615676320374159,-0.5459213406507523,1.0802436756395946,1.0229389087533642,-0.0226071327225542,3.134768809825729,1.4551102740604491
64.0,90.0,1005.2555541992188,-0.5037094802039921,3.707585390221884,-0.3280569768488796,3.321070462527059,0.979043172621886,-0.4155761280008436,0.9565504599200948,0.2951346271246178,3.295787014291044,2.1819067114242974
64.0,90.0,1008.2530517578124,1.5270982961521142,2.378577058659652,-0.1300141971189669,3.4316988602336704,-0.3495752633471561,0.6940326962933131,0.758785861126745,0.0664492484260929,3.002636118435235,0.7040430065820917
64.0,90.0,1006.2119140625,0.4893625390202833,1.7795423029239368,-0.2283334970089545,3.1277989280704825,0.4981169607027755,1.141197769335064,2.5146578201478693,1.975507430672696,4.311031517865723,2.0922100116751228
64.0,90.0,1005.9624633789062,1.4341756065414992,2.674566406838259,-0.2937512567374032,3.618245085659499,-0.2282419344102588,1.0644477042230736,1.0553152375833867,-0.0833603760118139,3.162931908465532,1.6804561699848746
64.0,90.0,1006.1808471679688,1.5044895019604971,4.37353118641234,-0.1123117642728705,3.278240110355435,-0.2710004059046436,1.206590297347884,1.0726861605494895,-0.7094813345437163,3.301103040810469,1.658737095350794
64.0,90.0,1004.5355224609376,-0.2067583177486083,2.156645823399848,1.1237471826284795,3.780946817479548,-0.5114493991580722,1.3470285072754011,1.5426076556614716,0.9251629364195506,3.6326501297850458,1.193605314089168
64.0,90.0,1005.1493530273438,0.5735184706036716,3.028423329307017,0.2644622216036731,2.659398374348958,0.2306337810705419,1.0125999917583286,1.1341537852403114,0.5087035841895886,3.226086612326376,1.548830647479367
64.0,90.0,1005.850341796875,0.7304566630682912,2.8380748741163657,-0.2219267898013583,3.466029501035801,-0.1102170028146247,1.110438836618309,0.9149193344556408,0.3481579968014066,3.321659140756495,1.6742221258225534
64.0,90.0,1007.4547729492188,1.43629090195749,3.110062472569856,-0.6944199584856007,3.302300007810594,0.2527122463629391,1.3830220275508731,1.1692670148495758,0.4543218612108505,3.286882813634093,1.9327433745059648
64.0,90.0,1005.6038818359376,1.308516753266523,2.1752865939900867,0.1815601508968082,4.19439705578338,-0.2059303139175663,1.0777198568117343,1.0908442654933863,0.2003939982353898,2.6281803945220314,1.684505779710975
64.0,90.0,1005.079833984375,0.8078773908434,3.0635542735379326,-0.2222773718837908,3.644619233544741,-0.0438507735814526,1.4232936018416082,0.7302359461628485,0.463335757005806,3.131559441489576,1.6311643300045815
64.0,90.0,1006.5872802734376,0.2656690085363156,2.8994275720441487,-0.0359203097652873,2.439288483665521,-0.403613583524778,2.160790506390417,1.4511060060394816,0.484404972217794,3.372222679109396,2.807072668682597
64.0,90.0,1005.7649536132812,0.2825466944237913,3.223371955913502,-1.130107795435179,3.475165291581171,-1.048330892200188,0.6773142097574366,1.7224453178602437,-0.0116344510771347,2.978858171781275,1.664112733334867
64.0,90.0,1003.8233642578124,1.028523366259821,3.0628461474330293,-0.3204188298828894,3.0167776901382988,0.2647472536681213,1.306874930918926,0.9514498344110252,-0.5399432597472117,3.348110656193866,0.8965220619264871
64.0,90.0,1007.20849609375,1.42340442516376,1.6389601706335597,-0.4707376408526464,3.5510485345363576,0.0655674880221845,0.5345868805727112,1.7189295151854895,0.652892798276838,3.565456415960298,1.6765185041381792
64.0,90.0,1005.7882080078124,1.930989912640924,2.5698273775009017,-0.4222718299406413,2.2647280101266523,-1.2334670620841697,1.1900713704557306,1.273633231737758,-0.0756089152430987,3.487418316929421,1.693288812527204
64.0,90.0,1006.8382568359376,0.1804789330101401,3.0917668051613663,-0.2176748729395974,3.129186080616745,-0.184644706135572,1.2461711329689706,0.486178220236735,0.5893075181890408,3.2961757838031907,1.713460639674954
64.0,90.0,1004.8368530273438,-0.0192859539180938,3.1458012448024646,-0.4052589456220559,3.5837623621294377,-0.4446218579421889,1.004306573519272,1.0674916208430016,-0.1473208806064043,4.659302750457305,1.266183010783346
64.0,90.0,1005.0035400390624,1.488088734200528,3.2964916798764268,-0.081613556681665,3.4931910742310563,-0.4795947022471148,1.19443031097595,1.5983254058784726,0.3030366300005376,3.1093375136026897,1.3517079212642986
64.0,90.0,1005.59716796875,0.8422960777773174,3.0348209215701183,-0.2311176520887816,3.530445462000517,0.731073415144617,1.0838871087870037,1.0526527931079228,-0.2789778063184201,3.525442996103043,1.9314441196361605
64.0,90.0,1005.8321533203124,0.377814434290604,3.895551475372848,0.0535583373255332,3.414557908843645,-0.5334289284626546,0.985593986932181,0.7933330380200138,0.0535584523865163,3.290998620666775,1.0098828753892786
64.0,90.0,1006.4464721679688,1.5809811609032556,2.973684344508984,-0.2520182689694079,3.5675059166760548,-0.2077706524501733,0.9768099904424354,1.0682780433964296,-0.0034129855540246,3.316314287362724,1.5148379811241202
64.0,90.0,1006.1416015625,1.5194195767577958,3.13169691444319,0.1840492604754304,3.6966921254025658,-0.0658918054734986,1.6765788188399164,0.8722165089156587,-0.0526893113553003,3.3585637053876103,2.1425141671145624
64.0,90.0,1005.9476318359376,0.0416259073064684,3.056620648095169,0.9059087932371556,3.541676985417584,-0.4558259587305865,-0.3150494321593007,1.05123482986649,-0.0994281152615595,3.238383279985208,1.6565234082160285
64.0,90.0,1006.3308715820312,1.535959406806901,3.012881012953959,-0.1663306996994601,3.5850778383914594,-0.2867194392540477,1.0486903470382465,1.1491035130694829,-0.0172823082687018,3.5717012420075,1.522958118209904
64.0,90.0,1005.21337890625,1.1138422598907147,3.163510525715634,-0.3509051133911852,2.6758266898773537,-0.5122082648359199,1.0718111705207738,1.65587216787568,-1.0170876187562123,3.54151433099572,1.3460114713344828
64.0,90.0,1004.9675903320312,0.5163418992741506,3.048817683689679,-0.6671757961656667,3.038681368765338,-1.5010622553438249,0.7996637919310045,1.2467383098495923,0.0980610079545224,3.3445950501342527,1.5795039091826957
64.0,90.0,1004.8756713867188,1.803103039357084,3.04969122379482,-0.2380855070972431,3.544222673085715,-0.3675432124331079,1.0049334701620785,1.0915745130618049,-0.0166428366782459,3.286393579044508,1.7128181502425668
64.0,90.0,1005.5949096679688,1.065741447403239,3.566321993171797,-0.1722097588879127,3.335195644635442,0.4153135222526197,1.6432684793938577,1.2308026718224587,0.3065238812510272,3.32453208933479,1.4181087479272612
64.0,90.0,1007.3155517578124,1.5371241881530973,3.0630876048410456,-0.0871751942409553,3.5037983811037874,0.0538749320857102,1.0868473082144283,1.0345167488863027,-0.175052114745749,3.3374017791678297,1.6722190592691553
64.0,90.0,1005.6847534179688,1.5291553936280218,2.501505383531246,-0.2181375611222888,3.0273038141281496,-0.2120236101567779,-0.0606551677314507,1.2525278734953254,0.419718581189239,3.340401835705691,1.7413380876269096
64.0,90.0,1007.3942260742188,1.5424126678030463,3.0792092971485934,-0.2950864639731521,3.4273389256056075,-0.2185157172346629,1.1555148532698905,1.027670704617852,-0.0089863143481305,3.1625335916527737,1.3009636469875132
64.0,90.0,1005.1350708007812,0.1661038185710084,2.5390123143543657,2.0774916054569346,1.835614257140512,-1.5735118140693944,0.0393769710875324,1.5364656260845004,0.9512514490147672,2.833057723425437,1.6722709438483858
64.0,90.0,1006.7476806640624,1.3783292661069166,2.227281756843792,0.7486796121921748,2.3676098445669496,-0.4352187250238886,0.1295667694666509,1.2582478032152908,0.9678886220425788,1.546052822985894,1.7088008776725607
64.0,90.0,1003.6841430664062,1.5264166200797986,3.063097861613356,-0.215819897253269,3.5490497273888275,-0.2048867388282806,1.0826619122252867,1.0511392207255632,-0.0170243374408754,3.2973942147249127,1.6821927523441609
64.0,90.0,1006.7684936523438,1.3436931167584212,2.9723827309808475,-0.6990999954194496,3.448097725237284,-0.2091829105316387,0.262391251339839,1.03385109722468,-0.0967344722036515,3.302876430253528,1.7245487486675914
64.0,90.0,1006.3912353515624,1.0823124156003283,3.145532408020725,0.0937498638335725,4.3492484902596935,-0.983369492477124,0.3045399617600217,1.0355153888892177,-0.6035785196627739,3.47882371336145,1.9749920545649893
64.0,90.0,1005.9546508789062,0.9774910519862512,2.9966431409109435,0.4128803033982741,3.8754920315794896,-0.1991468490866272,0.97247392135606,1.0547347529563285,2.030288962326594,3.222855217908842,1.6821978949551688
64.0,90.0,1005.7315063476562,1.5396689441273124,3.0386942734840274,0.0727790596694881,3.99653790662412,-0.2180394714265182,1.1227822176659112,0.9898665587735348,-0.0161734394273001,3.292559616599718,1.7283088665121291
64.0,90.0,1005.9786376953124,1.1755166225902458,3.0139295819900664,-0.2417305383366287,3.616814653335077,-0.2729520402836232,1.8592848557108288,1.1177652924446315,0.1211451494947978,3.912459696901169,2.2316448068592054
64.0,90.0,1004.7403564453124,0.4804166552562906,3.142058809388116,-0.507253232726782,3.78275224637308,-0.5671588827166028,1.1261544357254607,1.4122039073154182,0.5007209311294231,3.503301094810195,1.926829920271378
64.0,90.0,1004.5214233398438,1.3925082887281215,3.065088985864282,-0.1686798461004562,2.4937664364779137,-0.2246521629870259,1.0573601922845028,1.0844478999456344,-0.8866334099558765,3.2654268773896447,1.6563374701400866
64.0,90.0,1006.9170532226562,1.5008135023933489,2.9861872071511346,-0.431893834371605,2.8214919187287486,-0.2261427739521425,1.1105615551034884,0.4838116239205338,-0.0052966471293471,3.1909425469340382,0.7855032477643943
64.0,90.0,1005.6001586914062,0.1781387739601991,2.8222566258346973,-1.2784227836424644,2.158820161725356,-1.3598118191510389,1.8033214309254848,1.4312019484559402,0.0812233307260337,2.5723035292130967,1.5728984824109573
64.0,90.0,1005.8743896484376,0.0594998054986024,2.4736092679713666,-0.1808303602303297,1.535912543515276,-0.2128728184311272,0.8096079746393341,0.1778975985534896,-0.0199302804665875,3.321000599716123,2.4317144383963893
64.0,90.0,1005.768310546875,1.5999854791936896,2.9805356758612893,-0.224463190705871,3.807145392204087,-0.3379384159359995,1.0087144864956603,0.8161970981207121,-0.0299745068515237,3.525817858828421,1.6851147134922917
64.0,91.0,1004.7705688476562,-0.4544287265598248,3.062173972220695,0.1729655489759677,2.9943601184715565,-0.192053599756429,-0.1349261357778195,0.6695620212450178,-0.0163932432461255,1.6540016053408708,1.1175596814486548
64.0,91.0,1007.3576049804688,0.9212569846597908,3.06139855165662,-0.1317967257900236,3.542737248419205,-1.233962615803387,1.2850703011185782,1.0033974406470525,-0.023572540304738,3.640052147588491,1.601728056724547
64.0,91.0,1006.1361694335938,0.8387232566556513,3.06514310945846,-0.2027294162619589,3.4053886985494604,-0.2057767340794501,0.9954022963306812,1.0357322898782315,-0.0773616051418161,3.3487778925027016,1.045925357427675
64.0,91.0,1005.7072143554688,1.6491448804843336,2.9104453120023,-0.2376035463302053,3.615676320374159,-0.5459213406507523,1.0802436756395946,1.0229389087533642,-0.0226071327225542,3.134768809825729,1.4551102740604491
64.0,91.0,1005.2555541992188,-0.5037094802039921,3.707585390221884,-0.3280569768488796,3.321070462527059,0.979043172621886,-0.4155761280008436,0.9565504599200948,0.2951346271246178,3.295787014291044,2.1819067114242974
64.0,91.0,1008.2530517578124,1.5270982961521142,2.378577058659652,-0.1300141971189669,3.4316988602336704,-0.3495752633471561,0.6940326962933131,0.758785861126745,0.0664492484260929,3.002636118435235,0.7040430065820917
64.0,91.0,1006.2119140625,0.4893625390202833,1.7795423029239368,-0.2283334970089545,3.1277989280704825,0.4981169607027755,1.141197769335064,2.5146578201478693,1.975507430672696,4.311031517865723,2.0922100116751228
64.0,91.0,1005.9624633789062,1.4341756065414992,2.674566406838259,-0.2937512567374032,3.618245085659499,-0.2282419344102588,1.0644477042230736,1.0553152375833867,-0.0833603760118139,3.162931908465532,1.6804561699848746
64.0,91.0,1006.1808471679688,1.5044895019604971,4.37353118641234,-0.1123117642728705,3.278240110355435,-0.2710004059046436,1.206590297347884,1.0726861605494895,-0.7094813345437163,3.301103040810469,1.658737095350794
64.0,91.0,1004.5355224609376,-0.2067583177486083,2.156645823399848,1.1237471826284795,3.780946817479548,-0.5114493991580722,1.3470285072754011,1.5426076556614716,0.9251629364195506,3.6326501297850458,1.193605314089168
64.0,91.0,1005.1493530273438,0.5735184706036716,3.028423329307017,0.2644622216036731,2.659398374348958,0.2306337810705419,1.0125999917583286,1.1341537852403114,0.5087035841895886,3.226086612326376,1.548830647479367
64.0,91.0,1005.850341796875,0.7304566630682912,2.8380748741163657,-0.2219267898013583,3.466029501035801,-0.1102170028146247,1.110438836618309,0.9149193344556408,0.3481579968014066,3.321659140756495,1.6742221258225534
64.0,91.0,1007.4547729492188,1.43629090195749,3.110062472569856,-0.6944199584856007,3.302300007810594,0.2527122463629391,1.3830220275508731,1.1692670148495758,0.4543218612108505,3.286882813634093,1.9327433745059648
64.0,91.0,1005.6038818359376,1.308516753266523,2.1752865939900867,0.1815601508968082,4.19439705578338,-0.2059303139175663,1.0777198568117343,1.0908442654933863,0.2003939982353898,2.6281803945220314,1.684505779710975
64.0,91.0,1005.079833984375,0.8078773908434,3.0635542735379326,-0.2222773718837908,3.644619233544741,-0.0438507735814526,1.4232936018416082,0.7302359461628485,0.463335757005806,3.131559441489576,1.6311643300045815
64.0,91.0,1006.5872802734376,0.2656690085363156,2.8994275720441487,-0.0359203097652873,2.439288483665521,-0.403613583524778,2.160790506390417,1.4511060060394816,0.484404972217794,3.372222679109396,2.807072668682597
64.0,91.0,1005.7649536132812,0.2825466944237913,3.223371955913502,-1.130107795435179,3.475165291581171,-1.048330892200188,0.6773142097574366,1.7224453178602437,-0.0116344510771347,2.978858171781275,1.664112733334867
64.0,91.0,1003.8233642578124,1.028523366259821,3.0628461474330293,-0.3204188298828894,3.0167776901382988,0.2647472536681213,1.306874930918926,0.9514498344110252,-0.5399432597472117,3.348110656193866,0.8965220619264871
64.0,91.0,1006.2741088867188,1.643031542836416,3.606370926934152,-0.6934784640503268,3.544777025413626,-0.1168117638030309,0.939111865717292,1.235370936060419,0.8014975999324441,3.270795648100955,1.6707495569788469
64.0,91.0,1005.7882080078124,1.930989912640924,2.5698273775009017,-0.4222718299406413,2.2647280101266523,-1.2334670620841697,1.1900713704557306,1.273633231737758,-0.0756089152430987,3.487418316929421,1.693288812527204
64.0,91.0,1006.8382568359376,0.1804789330101401,3.0917668051613663,-0.2176748729395974,3.129186080616745,-0.184644706135572,1.2461711329689706,0.486178220236735,0.5893075181890408,3.2961757838031907,1.713460639674954
64.0,91.0,1004.8368530273438,-0.0192859539180938,3.1458012448024646,-0.4052589456220559,3.5837623621294377,-0.4446218579421889,1.004306573519272,1.0674916208430016,-0.1473208806064043,4.659302750457305,1.266183010783346
64.0,91.0,1005.0035400390624,1.488088734200528,3.2964916798764268,-0.081613556681665,3.4931910742310563,-0.4795947022471148,1.19443031097595,1.5983254058784726,0.3030366300005376,3.1093375136026897,1.3517079212642986
64.0,91.0,1005.59716796875,0.8422960777773174,3.0348209215701183,-0.2311176520887816,3.530445462000517,0.731073415144617,1.0838871087870037,1.0526527931079228,-0.2789778063184201,3.525442996103043,1.9314441196361605
64.0,91.0,1005.8321533203124,0.377814434290604,3.895551475372848,0.0535583373255332,3.414557908843645,-0.5334289284626546,0.985593986932181,0.7933330380200138,0.0535584523865163,3.290998620666775,1.0098828753892786
64.0,91.0,1006.4464721679688,1.5809811609032556,2.973684344508984,-0.2520182689694079,3.5675059166760548,-0.2077706524501733,0.9768099904424354,1.0682780433964296,-0.0034129855540246,3.316314287362724,1.5148379811241202
64.0,91.0,1006.1416015625,1.5194195767577958,3.13169691444319,0.1840492604754304,3.6966921254025658,-0.0658918054734986,1.6765788188399164,0.8722165089156587,-0.0526893113553003,3.3585637053876103,2.1425141671145624
64.0,91.0,1005.9476318359376,0.0416259073064684,3.056620648095169,0.9059087932371556,3.541676985417584,-0.4558259587305865,-0.3150494321593007,1.05123482986649,-0.0994281152615595,3.238383279985208,1.6565234082160285
64.0,91.0,1006.3308715820312,1.535959406806901,3.012881012953959,-0.1663306996994601,3.5850778383914594,-0.2867194392540477,1.0486903470382465,1.1491035130694829,-0.0172823082687018,3.5717012420075,1.522958118209904
64.0,91.0,1005.21337890625,1.1138422598907147,3.163510525715634,-0.3509051133911852,2.6758266898773537,-0.5122082648359199,1.0718111705207738,1.65587216787568,-1.0170876187562123,3.54151433099572,1.3460114713344828
64.0,91.0,1004.9675903320312,0.5163418992741506,3.048817683689679,-0.6671757961656667,3.038681368765338,-1.5010622553438249,0.7996637919310045,1.2467383098495923,0.0980610079545224,3.3445950501342527,1.5795039091826957
64.0,91.0,1004.8756713867188,1.803103039357084,3.04969122379482,-0.2380855070972431,3.544222673085715,-0.3675432124331079,1.0049334701620785,1.0915745130618049,-0.0166428366782459,3.286393579044508,1.7128181502425668
64.0,91.0,1005.5949096679688,1.065741447403239,3.566321993171797,-0.1722097588879127,3.335195644635442,0.4153135222526197,1.6432684793938577,1.2308026718224587,0.3065238812510272,3.32453208933479,1.4181087479272612
64.0,91.0,1007.3155517578124,1.5371241881530973,3.0630876048410456,-0.0871751942409553,3.5037983811037874,0.0538749320857102,1.0868473082144283,1.0345167488863027,-0.175052114745749,3.3374017791678297,1.6722190592691553
64.0,91.0,1005.6847534179688,1.5291553936280218,2.501505383531246,-0.2181375611222888,3.0273038141281496,-0.2120236101567779,-0.0606551677314507,1.2525278734953254,0.419718581189239,3.340401835705691,1.7413380876269096
64.0,91.0,1007.3942260742188,1.5424126678030463,3.0792092971485934,-0.2950864639731521,3.4273389256056075,-0.2185157172346629,1.1555148532698905,1.027670704617852,-0.0089863143481305,3.1625335916527737,1.3009636469875132
64.0,91.0,1005.1350708007812,0.1661038185710084,2.5390123143543657,2.0774916054569346,1.835614257140512,-1.5735118140693944,0.0393769710875324,1.5364656260845004,0.9512514490147672,2.833057723425437,1.6722709438483858
64.0,91.0,1006.7476806640624,1.3783292661069166,2.227281756843792,0.7486796121921748,2.3676098445669496,-0.4352187250238886,0.1295667694666509,1.2582478032152908,0.9678886220425788,1.546052822985894,1.7088008776725607
64.0,91.0,1003.6841430664062,1.5264166200797986,3.063097861613356,-0.215819897253269,3.5490497273888275,-0.2048867388282806,1.0826619122252867,1.0511392207255632,-0.0170243374408754,3.2973942147249127,1.6821927523441609
64.0,91.0,1006.7684936523438,1.3436931167584212,2.9723827309808475,-0.6990999954194496,3.448097725237284,-0.2091829105316387,0.262391251339839,1.03385109722468,-0.0967344722036515,3.302876430253528,1.7245487486675914
64.0,91.0,1006.3912353515624,1.0823124156003283,3.145532408020725,0.0937498638335725,4.3492484902596935,-0.983369492477124,0.3045399617600217,1.0355153888892177,-0.6035785196627739,3.47882371336145,1.9749920545649893
64.0,91.0,1005.9546508789062,0.9774910519862512,2.9966431409109435,0.4128803033982741,3.8754920315794896,-0.1991468490866272,0.97247392135606,1.0547347529563285,2.030288962326594,3.222855217908842,1.6821978949551688
64.0,91.0,1005.7315063476562,1.5396689441273124,3.0386942734840274,0.0727790596694881,3.99653790662412,-0.2180394714265182,1.1227822176659112,0.9898665587735348,-0.0161734394273001,3.292559616599718,1.7283088665121291
64.0,91.0,1005.9786376953124,1.1755166225902458,3.0139295819900664,-0.2417305383366287,3.616814653335077,-0.2729520402836232,1.8592848557108288,1.1177652924446315,0.1211451494947978,3.912459696901169,2.2316448068592054
64.0,91.0,1004.7403564453124,0.4804166552562906,3.142058809388116,-0.507253232726782,3.78275224637308,-0.5671588827166028,1.1261544357254607,1.4122039073154182,0.5007209311294231,3.503301094810195,1.926829920271378
64.0,91.0,1004.5214233398438,1.3925082887281215,3.065088985864282,-0.1686798461004562,2.4937664364779137,-0.2246521629870259,1.0573601922845028,1.0844478999456344,-0.8866334099558765,3.2654268773896447,1.6563374701400866
64.0,91.0,1006.9170532226562,1.5008135023933489,2.9861872071511346,-0.431893834371605,2.8214919187287486,-0.2261427739521425,1.1105615551034884,0.4838116239205338,-0.0052966471293471,3.1909425469340382,0.7855032477643943
64.0,91.0,1005.6001586914062,0.1781387739601991,2.8222566258346973,-1.2784227836424644,2.158820161725356,-1.3598118191510389,1.8033214309254848,1.4312019484559402,0.0812233307260337,2.5723035292130967,1.5728984824109573
64.0,91.0,1005.8743896484376,0.0594998054986024,2.4736092679713666,-0.1808303602303297,1.535912543515276,-0.2128728184311272,0.8096079746393341,0.1778975985534896,-0.0199302804665875,3.321000599716123,2.4317144383963893
64.0,91.0,1005.768310546875,1.5999854791936896,2.9805356758612893,-0.224463190705871,3.807145392204087,-0.3379384159359995,1.0087144864956603,0.8161970981207121,-0.0299745068515237,3.525817858828421,1.6851147134922917
64.0,92.0,1004.7705688476562,-0.4544287265598248,3.062173972220695,0.1729655489759677,2.9943601184715565,-0.192053599756429,-0.1349261357778195,0.6695620212450178,-0.0163932432461255,1.6540016053408708,1.1175596814486548
64.0,92.0,1007.3576049804688,0.9212569846597908,3.06139855165662,-0.1317967257900236,3.542737248419205,-1.233962615803387,1.2850703011185782,1.0033974406470525,-0.023572540304738,3.640052147588491,1.601728056724547
64.0,92.0,1006.1361694335938,0.8387232566556513,3.06514310945846,-0.2027294162619589,3.4053886985494604,-0.2057767340794501,0.9954022963306812,1.0357322898782315,-0.0773616051418161,3.3487778925027016,1.045925357427675
64.0,92.0,1005.7072143554688,1.6491448804843336,2.9104453120023,-0.2376035463302053,3.615676320374159,-0.5459213406507523,1.0802436756395946,1.0229389087533642,-0.0226071327225542,3.134768809825729,1.4551102740604491
64.0,92.0,1005.2555541992188,-0.5037094802039921,3.707585390221884,-0.3280569768488796,3.321070462527059,0.979043172621886,-0.4155761280008436,0.9565504599200948,0.2951346271246178,3.295787014291044,2.1819067114242974
64.0,92.0,1008.2530517578124,1.5270982961521142,2.378577058659652,-0.1300141971189669,3.4316988602336704,-0.3495752633471561,0.6940326962933131,0.758785861126745,0.0664492484260929,3.002636118435235,0.7040430065820917
64.0,92.0,1006.2119140625,0.4893625390202833,1.7795423029239368,-0.2283334970089545,3.1277989280704825,0.4981169607027755,1.141197769335064,2.5146578201478693,1.975507430672696,4.311031517865723,2.0922100116751228
64.0,92.0,1005.9624633789062,1.4341756065414992,2.674566406838259,-0.2937512567374032,3.618245085659499,-0.2282419344102588,1.0644477042230736,1.0553152375833867,-0.0833603760118139,3.162931908465532,1.6804561699848746
64.0,92.0,1006.1808471679688,1.5044895019604971,4.37353118641234,-0.1123117642728705,3.278240110355435,-0.2710004059046436,1.206590297347884,1.0726861605494895,-0.7094813345437163,3.301103040810469,1.658737095350794
64.0,92.0,1004.5355224609376,-0.2067583177486083,2.156645823399848,1.1237471826284795,3.780946817479548,-0.5114493991580722,1.3470285072754011,1.5426076556614716,0.9251629364195506,3.6326501297850458,1.193605314089168
64.0,92.0,1005.1493530273438,0.5735184706036716,3.028423329307017,0.2644622216036731,2.659398374348958,0.2306337810705419,1.0125999917583286,1.1341537852403114,0.5087035841895886,3.226086612326376,1.548830647479367
64.0,92.0,1005.850341796875,0.7304566630682912,2.8380748741163657,-0.2219267898013583,3.466029501035801,-0.1102170028146247,1.110438836618309,0.9149193344556408,0.3481579968014066,3.321659140756495,1.6742221258225534
64.0,92.0,1007.4547729492188,1.43629090195749,3.110062472569856,-0.6944199584856007,3.302300007810594,0.2527122463629391,1.3830220275508731,1.1692670148495758,0.4543218612108505,3.286882813634093,1.9327433745059648
64.0,92.0,1005.6038818359376,1.308516753266523,2.1752865939900867,0.1815601508968082,4.19439705578338,-0.2059303139175663,1.0777198568117343,1.0908442654933863,0.2003939982353898,2.6281803945220314,1.684505779710975
64.0,92.0,1005.079833984375,0.8078773908434,3.0635542735379326,-0.2222773718837908,3.644619233544741,-0.0438507735814526,1.4232936018416082,0.7302359461628485,0.463335757005806,3.131559441489576,1.6311643300045815
64.0,92.0,1006.5872802734376,0.2656690085363156,2.8994275720441487,-0.0359203097652873,2.439288483665521,-0.403613583524778,2.160790506390417,1.4511060060394816,0.484404972217794,3.372222679109396,2.807072668682597
64.0,92.0,1005.7649536132812,0.2825466944237913,3.223371955913502,-1.130107795435179,3.475165291581171,-1.048330892200188,0.6773142097574366,1.7224453178602437,-0.0116344510771347,2.978858171781275,1.664112733334867
64.0,92.0,1003.8233642578124,1.028523366259821,3.0628461474330293,-0.3204188298828894,3.0167776901382988,0.2647472536681213,1.306874930918926,0.9514498344110252,-0.5399432597472117,3.348110656193866,0.8965220619264871
64.0,92.0,1006.2741088867188,1.643031542836416,3.606370926934152,-0.6934784640503268,3.544777025413626,-0.1168117638030309,0.939111865717292,1.235370936060419,0.8014975999324441,3.270795648100955,1.6707495569788469
64.0,92.0,1005.7882080078124,1.930989912640924,2.5698273775009017,-0.4222718299406413,2.2647280101266523,-1.2334670620841697,1.1900713704557306,1.273633231737758,-0.0756089152430987,3.487418316929421,1.693288812527204
64.0,92.0,1006.8382568359376,0.1804789330101401,3.0917668051613663,-0.2176748729395974,3.129186080616745,-0.184644706135572,1.2461711329689706,0.486178220236735,0.5893075181890408,3.2961757838031907,1.713460639674954
64.0,92.0,1004.8368530273438,-0.0192859539180938,3.1458012448024646,-0.4052589456220559,3.5837623621294377,-0.4446218579421889,1.004306573519272,1.0674916208430016,-0.1473208806064043,4.659302750457305,1.266183010783346
64.0,92.0,1005.0035400390624,1.488088734200528,3.2964916798764268,-0.081613556681665,3.4931910742310563,-0.4795947022471148,1.19443031097595,1.5983254058784726,0.3030366300005376,3.1093375136026897,1.3517079212642986
64.0,92.0,1005.59716796875,0.8422960777773174,3.0348209215701183,-0.2311176520887816,3.530445462000517,0.731073415144617,1.0838871087870037,1.0526527931079228,-0.2789778063184201,3.525442996103043,1.9314441196361605
64.0,92.0,1005.1682739257812,0.4758226699530498,2.725912301651685,-0.0230184400084026,3.5041163169939864,-0.2839688026094656,0.98246182909671,0.7814411067738086,0.0567855685067581,3.2908997596538847,1.3640380101297185
64.0,92.0,1006.4464721679688,1.5809811609032556,2.973684344508984,-0.2520182689694079,3.5675059166760548,-0.2077706524501733,0.9768099904424354,1.0682780433964296,-0.0034129855540246,3.316314287362724,1.5148379811241202
64.0,92.0,1006.1416015625,1.5194195767577958,3.13169691444319,0.1840492604754304,3.6966921254025658,-0.0658918054734986,1.6765788188399164,0.8722165089156587,-0.0526893113553003,3.3585637053876103,2.1425141671145624
64.0,92.0,1005.9476318359376,0.0416259073064684,3.056620648095169,0.9059087932371556,3.541676985417584,-0.4558259587305865,-0.3150494321593007,1.05123482986649,-0.0994281152615595,3.238383279985208,1.6565234082160285
64.0,92.0,1006.3308715820312,1.535959406806901,3.012881012953959,-0.1663306996994601,3.5850778383914594,-0.2867194392540477,1.0486903470382465,1.1491035130694829,-0.0172823082687018,3.5717012420075,1.522958118209904
64.0,92.0,1005.21337890625,1.1138422598907147,3.163510525715634,-0.3509051133911852,2.6758266898773537,-0.5122082648359199,1.0718111705207738,1.65587216787568,-1.0170876187562123,3.54151433099572,1.3460114713344828
64.0,92.0,1004.9675903320312,0.5163418992741506,3.048817683689679,-0.6671757961656667,3.038681368765338,-1.5010622553438249,0.7996637919310045,1.2467383098495923,0.0980610079545224,3.3445950501342527,1.5795039091826957
64.0,92.0,1004.8756713867188,1.803103039357084,3.04969122379482,-0.2380855070972431,3.544222673085715,-0.3675432124331079,1.0049334701620785,1.0915745130618049,-0.0166428366782459,3.286393579044508,1.7128181502425668
64.0,92.0,1005.5949096679688,1.065741447403239,3.566321993171797,-0.1722097588879127,3.335195644635442,0.4153135222526197,1.6432684793938577,1.2308026718224587,0.3065238812510272,3.32453208933479,1.4181087479272612
64.0,92.0,1007.3155517578124,1.5371241881530973,3.0630876048410456,-0.0871751942409553,3.5037983811037874,0.0538749320857102,1.0868473082144283,1.0345167488863027,-0.175052114745749,3.3374017791678297,1.6722190592691553
64.0,92.0,1005.6847534179688,1.5291553936280218,2.501505383531246,-0.2181375611222888,3.0273038141281496,-0.2120236101567779,-0.0606551677314507,1.2525278734953254,0.419718581189239,3.340401835705691,1.7413380876269096
64.0,92.0,1007.3942260742188,1.5424126678030463,3.0792092971485934,-0.2950864639731521,3.4273389256056075,-0.2185157172346629,1.1555148532698905,1.027670704617852,-0.0089863143481305,3.1625335916527737,1.3009636469875132
64.0,92.0,1005.1350708007812,0.1661038185710084,2.5390123143543657,2.0774916054569346,1.835614257140512,-1.5735118140693944,0.0393769710875324,1.5364656260845004,0.9512514490147672,2.833057723425437,1.6722709438483858
64.0,92.0,1006.7476806640624,1.3783292661069166,2.227281756843792,0.7486796121921748,2.3676098445669496,-0.4352187250238886,0.1295667694666509,1.2582478032152908,0.9678886220425788,1.546052822985894,1.7088008776725607
64.0,92.0,1003.6841430664062,1.5264166200797986,3.063097861613356,-0.215819897253269,3.5490497273888275,-0.2048867388282806,1.0826619122252867,1.0511392207255632,-0.0170243374408754,3.2973942147249127,1.6821927523441609
64.0,92.0,1006.7684936523438,1.3436931167584212,2.9723827309808475,-0.6990999954194496,3.448097725237284,-0.2091829105316387,0.262391251339839,1.03385109722468,-0.0967344722036515,3.302876430253528,1.7245487486675914
64.0,92.0,1006.3912353515624,1.0823124156003283,3.145532408020725,0.0937498638335725,4.3492484902596935,-0.983369492477124,0.3045399617600217,1.0355153888892177,-0.6035785196627739,3.47882371336145,1.9749920545649893
64.0,92.0,1005.9546508789062,0.9774910519862512,2.9966431409109435,0.4128803033982741,3.8754920315794896,-0.1991468490866272,0.97247392135606,1.0547347529563285,2.030288962326594,3.222855217908842,1.6821978949551688
64.0,92.0,1005.7315063476562,1.5396689441273124,3.0386942734840274,0.0727790596694881,3.99653790662412,-0.2180394714265182,1.1227822176659112,0.9898665587735348,-0.0161734394273001,3.292559616599718,1.7283088665121291
64.0,92.0,1005.9786376953124,1.1755166225902458,3.0139295819900664,-0.2417305383366287,3.616814653335077,-0.2729520402836232,1.8592848557108288,1.1177652924446315,0.1211451494947978,3.912459696901169,2.2316448068592054
64.0,92.0,1004.7403564453124,0.4804166552562906,3.142058809388116,-0.507253232726782,3.78275224637308,-0.5671588827166028,1.1261544357254607,1.4122039073154182,0.5007209311294231,3.503301094810195,1.926829920271378
64.0,92.0,1004.5214233398438,1.3925082887281215,3.065088985864282,-0.1686798461004562,2.4937664364779137,-0.2246521629870259,1.0573601922845028,1.0844478999456344,-0.8866334099558765,3.2654268773896447,1.6563374701400866
64.0,92.0,1006.9170532226562,1.5008135023933489,2.9861872071511346,-0.431893834371605,2.8214919187287486,-0.2261427739521425,1.1105615551034884,0.4838116239205338,-0.0052966471293471,3.1909425469340382,0.7855032477643943
64.0,92.0,1005.6001586914062,0.1781387739601991,2.8222566258346973,-1.2784227836424644,2.158820161725356,-1.3598118191510389,1.8033214309254848,1.4312019484559402,0.0812233307260337,2.5723035292130967,1.5728984824109573
64.0,92.0,1005.8743896484376,0.0594998054986024,2.4736092679713666,-0.1808303602303297,1.535912543515276,-0.2128728184311272,0.8096079746393341,0.1778975985534896,-0.0199302804665875,3.321000599716123,2.4317144383963893
64.0,92.0,1005.768310546875,1.5999854791936896,2.9805356758612893,-0.224463190705871,3.807145392204087,-0.3379384159359995,1.0087144864956603,0.8161970981207121,-0.0299745068515237,3.525817858828421,1.6851147134922917
64.0,93.0,1004.7705688476562,-0.4544287265598248,3.062173972220695,0.1729655489759677,2.9943601184715565,-0.192053599756429,-0.1349261357778195,0.6695620212450178,-0.0163932432461255,1.6540016053408708,1.1175596814486548
64.0,93.0,1007.3576049804688,0.9212569846597908,3.06139855165662,-0.1317967257900236,3.542737248419205,-1.233962615803387,1.2850703011185782,1.0033974406470525,-0.023572540304738,3.640052147588491,1.601728056724547
64.0,93.0,1006.1361694335938,0.8387232566556513,3.06514310945846,-0.2027294162619589,3.4053886985494604,-0.2057767340794501,0.9954022963306812,1.0357322898782315,-0.0773616051418161,3.3487778925027016,1.045925357427675
64.0,93.0,1005.7072143554688,1.6491448804843336,2.9104453120023,-0.2376035463302053,3.615676320374159,-0.5459213406507523,1.0802436756395946,1.0229389087533642,-0.0226071327225542,3.134768809825729,1.4551102740604491
64.0,93.0,1005.2555541992188,-0.5037094802039921,3.707585390221884,-0.3280569768488796,3.321070462527059,0.979043172621886,-0.4155761280008436,0.9565504599200948,0.2951346271246178,3.295787014291044,2.1819067114242974
64.0,93.0,1008.2530517578124,1.5270982961521142,2.378577058659652,-0.1300141971189669,3.4316988602336704,-0.3495752633471561,0.6940326962933131,0.758785861126745,0.0664492484260929,3.002636118435235,0.7040430065820917
64.0,93.0,1006.2119140625,0.4893625390202833,1.7795423029239368,-0.2283334970089545,3.1277989280704825,0.4981169607027755,1.141197769335064,2.5146578201478693,1.975507430672696,4.311031517865723,2.0922100116751228
64.0,93.0,1005.9624633789062,1.4341756065414992,2.674566406838259,-0.2937512567374032,3.618245085659499,-0.2282419344102588,1.0644477042230736,1.0553152375833867,-0.0833603760118139,3.162931908465532,1.6804561699848746
64.0,93.0,1006.1808471679688,1.5044895019604971,4.37353118641234,-0.1123117642728705,3.278240110355435,-0.2710004059046436,1.206590297347884,1.0726861605494895,-0.7094813345437163,3.301103040810469,1.658737095350794
64.0,93.0,1004.5355224609376,-0.2067583177486083,2.156645823399848,1.1237471826284795,3.780946817479548,-0.5114493991580722,1.3470285072754011,1.5426076556614716,0.9251629364195506,3.6326501297850458,1.193605314089168
64.0,93.0,1005.1493530273438,0.5735184706036716,3.028423329307017,0.2644622216036731,2.659398374348958,0.2306337810705419,1.0125999917583286,1.1341537852403114,0.5087035841895886,3.226086612326376,1.548830647479367
64.0,93.0,1005.850341796875,0.7304566630682912,2.8380748741163657,-0.2219267898013583,3.466029501035801,-0.1102170028146247,1.110438836618309,0.9149193344556408,0.3481579968014066,3.321659140756495,1.6742221258225534
64.0,93.0,1007.4547729492188,1.43629090195749,3.110062472569856,-0.6944199584856007,3.302300007810594,0.2527122463629391,1.3830220275508731,1.1692670148495758,0.4543218612108505,3.286882813634093,1.9327433745059648
64.0,93.0,1005.6038818359376,1.308516753266523,2.1752865939900867,0.1815601508968082,4.19439705578338,-0.2059303139175663,1.0777198568117343,1.0908442654933863,0.2003939982353898,2.6281803945220314,1.684505779710975
64.0,93.0,1005.079833984375,0.8078773908434,3.0635542735379326,-0.2222773718837908,3.644619233544741,-0.0438507735814526,1.4232936018416082,0.7302359461628485,0.463335757005806,3.131559441489576,1.6311643300045815
64.0,93.0,1006.5872802734376,0.2656690085363156,2.8994275720441487,-0.0359203097652873,2.439288483665521,-0.403613583524778,2.160790506390417,1.4511060060394816,0.484404972217794,3.372222679109396,2.807072668682597
64.0,93.0,1005.7649536132812,0.2825466944237913,3.223371955913502,-1.130107795435179,3.475165291581171,-1.048330892200188,0.6773142097574366,1.7224453178602437,-0.0116344510771347,2.978858171781275,1.664112733334867
64.0,93.0,1003.8233642578124,1.028523366259821,3.0628461474330293,-0.3204188298828894,3.0167776901382988,0.2647472536681213,1.306874930918926,0.9514498344110252,-0.5399432597472117,3.348110656193866,0.8965220619264871
64.0,93.0,1006.2741088867188,1.643031542836416,3.606370926934152,-0.6934784640503268,3.544777025413626,-0.1168117638030309,0.939111865717292,1.235370936060419,0.8014975999324441,3.270795648100955,1.6707495569788469
64.0,93.0,1005.7882080078124,1.930989912640924,2.5698273775009017,-0.4222718299406413,2.2647280101266523,-1.2334670620841697,1.1900713704557306,1.273633231737758,-0.0756089152430987,3.487418316929421,1.693288812527204
64.0,93.0,1006.8382568359376,0.1804789330101401,3.0917668051613663,-0.2176748729395974,3.129186080616745,-0.184644706135572,1.2461711329689706,0.486178220236735,0.5893075181890408,3.2961757838031907,1.713460639674954
64.0,93.0,1004.8368530273438,-0.0192859539180938,3.1458012448024646,-0.4052589456220559,3.5837623621294377,-0.4446218579421889,1.004306573519272,1.0674916208430016,-0.1473208806064043,4.659302750457305,1.266183010783346
64.0,93.0,1005.0035400390624,1.488088734200528,3.2964916798764268,-0.081613556681665,3.4931910742310563,-0.4795947022471148,1.19443031097595,1.5983254058784726,0.3030366300005376,3.1093375136026897,1.3517079212642986
64.0,93.0,1005.59716796875,0.8422960777773174,3.0348209215701183,-0.2311176520887816,3.530445462000517,0.731073415144617,1.0838871087870037,1.0526527931079228,-0.2789778063184201,3.525442996103043,1.9314441196361605
64.0,93.0,1005.1682739257812,0.4758226699530498,2.725912301651685,-0.0230184400084026,3.5041163169939864,-0.2839688026094656,0.98246182909671,0.7814411067738086,0.0567855685067581,3.2908997596538847,1.3640380101297185
64.0,93.0,1006.4464721679688,1.5809811609032556,2.973684344508984,-0.2520182689694079,3.5675059166760548,-0.2077706524501733,0.9768099904424354,1.0682780433964296,-0.0034129855540246,3.316314287362724,1.5148379811241202
64.0,93.0,1006.1416015625,1.5194195767577958,3.13169691444319,0.1840492604754304,3.6966921254025658,-0.0658918054734986,1.6765788188399164,0.8722165089156587,-0.0526893113553003,3.3585637053876103,2.1425141671145624
64.0,93.0,1005.9476318359376,0.0416259073064684,3.056620648095169,0.9059087932371556,3.541676985417584,-0.4558259587305865,-0.3150494321593007,1.05123482986649,-0.0994281152615595,3.238383279985208,1.6565234082160285
64.0,93.0,1006.3308715820312,1.535959406806901,3.012881012953959,-0.1663306996994601,3.5850778383914594,-0.2867194392540477,1.0486903470382465,1.1491035130694829,-0.0172823082687018,3.5717012420075,1.522958118209904
64.0,93.0,1005.21337890625,1.1138422598907147,3.163510525715634,-0.3509051133911852,2.6758266898773537,-0.5122082648359199,1.0718111705207738,1.65587216787568,-1.0170876187562123,3.54151433099572,1.3460114713344828
64.0,93.0,1004.9675903320312,0.5163418992741506,3.048817683689679,-0.6671757961656667,3.038681368765338,-1.5010622553438249,0.7996637919310045,1.2467383098495923,0.0980610079545224,3.3445950501342527,1.5795039091826957
64.0,93.0,1004.8756713867188,1.803103039357084,3.04969122379482,-0.2380855070972431,3.544222673085715,-0.3675432124331079,1.0049334701620785,1.0915745130618049,-0.0166428366782459,3.286393579044508,1.7128181502425668
64.0,93.0,1005.5949096679688,1.065741447403239,3.566321993171797,-0.1722097588879127,3.335195644635442,0.4153135222526197,1.6432684793938577,1.2308026718224587,0.3065238812510272,3.32453208933479,1.4181087479272612
64.0,93.0,1007.3155517578124,1.5371241881530973,3.0630876048410456,-0.0871751942409553,3.5037983811037874,0.0538749320857102,1.0868473082144283,1.0345167488863027,-0.175052114745749,3.3374017791678297,1.6722190592691553
64.0,93.0,1005.6847534179688,1.5291553936280218,2.501505383531246,-0.2181375611222888,3.0273038141281496,-0.2120236101567779,-0.0606551677314507,1.2525278734953254,0.419718581189239,3.340401835705691,1.7413380876269096
64.0,93.0,1006.5454711914062,1.5150817170313888,3.0500979262757526,-0.2520225203091913,3.528283993323779,-0.2243109118159696,1.1946684576672195,1.0615906712215517,-0.0231480711115226,1.967957588010294,1.3953915012780045
64.0,93.0,1005.1350708007812,0.1661038185710084,2.5390123143543657,2.0774916054569346,1.835614257140512,-1.5735118140693944,0.0393769710875324,1.5364656260845004,0.9512514490147672,2.833057723425437,1.6722709438483858
64.0,93.0,1006.7476806640624,1.3783292661069166,2.227281756843792,0.7486796121921748,2.3676098445669496,-0.4352187250238886,0.1295667694666509,1.2582478032152908,0.9678886220425788,1.546052822985894,1.7088008776725607
64.0,93.0,1003.6841430664062,1.5264166200797986,3.063097861613356,-0.215819897253269,3.5490497273888275,-0.2048867388282806,1.0826619122252867,1.0511392207255632,-0.0170243374408754,3.2973942147249127,1.6821927523441609
64.0,93.0,1006.7684936523438,1.3436931167584212,2.9723827309808475,-0.6990999954194496,3.448097725237284,-0.2091829105316387,0.262391251339839,1.03385109722468,-0.0967344722036515,3.302876430253528,1.7245487486675914
64.0,93.0,1006.3912353515624,1.0823124156003283,3.145532408020725,0.0937498638335725,4.3492484902596935,-0.983369492477124,0.3045399617600217,1.0355153888892177,-0.6035785196627739,3.47882371336145,1.9749920545649893
64.0,93.0,1005.9546508789062,0.9774910519862512,2.9966431409109435,0.4128803033982741,3.8754920315794896,-0.1991468490866272,0.97247392135606,1.0547347529563285,2.030288962326594,3.222855217908842,1.6821978949551688
64.0,93.0,1005.7315063476562,1.5396689441273124,3.0386942734840274,0.0727790596694881,3.99653790662412,-0.2180394714265182,1.1227822176659112,0.9898665587735348,-0.0161734394273001,3.292559616599718,1.7283088665121291
64.0,93.0,1005.9786376953124,1.1755166225902458,3.0139295819900664,-0.2417305383366287,3.616814653335077,-0.2729520402836232,1.8592848557108288,1.1177652924446315,0.1211451494947978,3.912459696901169,2.2316448068592054
64.0,93.0,1004.7403564453124,0.4804166552562906,3.142058809388116,-0.507253232726782,3.78275224637308,-0.5671588827166028,1.1261544357254607,1.4122039073154182,0.5007209311294231,3.503301094810195,1.926829920271378
64.0,93.0,1004.5214233398438,1.3925082887281215,3.065088985864282,-0.1686798461004562,2.4937664364779137,-0.2246521629870259,1.0573601922845028,1.0844478999456344,-0.8866334099558765,3.2654268773896447,1.6563374701400866
64.0,93.0,1006.9170532226562,1.5008135023933489,2.9861872071511346,-0.431893834371605,2.8214919187287486,-0.2261427739521425,1.1105615551034884,0.4838116239205338,-0.0052966471293471,3.1909425469340382,0.7855032477643943
64.0,93.0,1005.6001586914062,0.1781387739601991,2.8222566258346973,-1.2784227836424644,2.158820161725356,-1.3598118191510389,1.8033214309254848,1.4312019484559402,0.0812233307260337,2.5723035292130967,1.5728984824109573
64.0,93.0,1005.8743896484376,0.0594998054986024,2.4736092679713666,-0.1808303602303297,1.535912543515276,-0.2128728184311272,0.8096079746393341,0.1778975985534896,-0.0199302804665875,3.321000599716123,2.4317144383963893
64.0,93.0,1005.768310546875,1.5999854791936896,2.9805356758612893,-0.224463190705871,3.807145392204087,-0.3379384159359995,1.0087144864956603,0.8161970981207121,-0.0299745068515237,3.525817858828421,1.6851147134922917
64.0,94.0,1004.7705688476562,-0.4544287265598248,3.062173972220695,0.1729655489759677,2.9943601184715565,-0.192053599756429,-0.1349261357778195,0.6695620212450178,-0.0163932432461255,1.6540016053408708,1.1175596814486548
64.0,94.0,1007.3576049804688,0.9212569846597908,3.06139855165662,-0.1317967257900236,3.542737248419205,-1.233962615803387,1.2850703011185782,1.0033974406470525,-0.023572540304738,3.640052147588491,1.601728056724547
64.0,94.0,1006.1361694335938,0.8387232566556513,3.06514310945846,-0.2027294162619589,3.4053886985494604,-0.2057767340794501,0.9954022963306812,1.0357322898782315,-0.0773616051418161,3.3487778925027016,1.045925357427675
64.0,94.0,1005.7072143554688,1.6491448804843336,2.9104453120023,-0.2376035463302053,3.615676320374159,-0.5459213406507523,1.0802436756395946,1.0229389087533642,-0.0226071327225542,3.134768809825729,1.4551102740604491
64.0,94.0,1005.2555541992188,-0.5037094802039921,3.707585390221884,-0.3280569768488796,3.321070462527059,0.979043172621886,-0.4155761280008436,0.9565504599200948,0.2951346271246178,3.295787014291044,2.1819067114242974
64.0,94.0,1008.2530517578124,1.5270982961521142,2.378577058659652,-0.1300141971189669,3.4316988602336704,-0.3495752633471561,0.6940326962933131,0.758785861126745,0.0664492484260929,3.002636118435235,0.7040430065820917
64.0,94.0,1006.2119140625,0.4893625390202833,1.7795423029239368,-0.2283334970089545,3.1277989280704825,0.4981169607027755,1.141197769335064,2.5146578201478693,1.975507430672696,4.311031517865723,2.0922100116751228
64.0,94.0,1005.9624633789062,1.4341756065414992,2.674566406838259,-0.2937512567374032,3.618245085659499,-0.2282419344102588,1.0644477042230736,1.0553152375833867,-0.0833603760118139,3.162931908465532,1.6804561699848746
64.0,94.0,1006.1808471679688,1.5044895019604971,4.37353118641234,-0.1123117642728705,3.278240110355435,-0.2710004059046436,1.206590297347884,1.0726861605494895,-0.7094813345437163,3.301103040810469,1.658737095350794
64.0,94.0,1004.5355224609376,-0.2067583177486083,2.156645823399848,1.1237471826284795,3.780946817479548,-0.5114493991580722,1.3470285072754011,1.5426076556614716,0.9251629364195506,3.6326501297850458,1.193605314089168
64.0,94.0,1005.1493530273438,0.5735184706036716,3.028423329307017,0.2644622216036731,2.659398374348958,0.2306337810705419,1.0125999917583286,1.1341537852403114,0.5087035841895886,3.226086612326376,1.548830647479367
64.0,94.0,1005.850341796875,0.7304566630682912,2.8380748741163657,-0.2219267898013583,3.466029501035801,-0.1102170028146247,1.110438836618309,0.9149193344556408,0.3481579968014066,3.321659140756495,1.6742221258225534
64.0,94.0,1007.4547729492188,1.43629090195749,3.110062472569856,-0.6944199584856007,3.302300007810594,0.2527122463629391,1.3830220275508731,1.1692670148495758,0.4543218612108505,3.286882813634093,1.9327433745059648
64.0,94.0,1005.6038818359376,1.308516753266523,2.1752865939900867,0.1815601508968082,4.19439705578338,-0.2059303139175663,1.0777198568117343,1.0908442654933863,0.2003939982353898,2.6281803945220314,1.684505779710975
64.0,94.0,1005.079833984375,0.8078773908434,3.0635542735379326,-0.2222773718837908,3.644619233544741,-0.0438507735814526,1.4232936018416082,0.7302359461628485,0.463335757005806,3.131559441489576,1.6311643300045815
64.0,94.0,1006.5872802734376,0.2656690085363156,2.8994275720441487,-0.0359203097652873,2.439288483665521,-0.403613583524778,2.160790506390417,1.4511060060394816,0.484404972217794,3.372222679109396,2.807072668682597
64.0,94.0,1005.7649536132812,0.2825466944237913,3.223371955913502,-1.130107795435179,3.475165291581171,-1.048330892200188,0.6773142097574366,1.7224453178602437,-0.0116344510771347,2.978858171781275,1.664112733334867
64.0,94.0,1003.8233642578124,1.028523366259821,3.0628461474330293,-0.3204188298828894,3.0167776901382988,0.2647472536681213,1.306874930918926,0.9514498344110252,-0.5399432597472117,3.348110656193866,0.8965220619264871
64.0,94.0,1006.2741088867188,1.643031542836416,3.606370926934152,-0.6934784640503268,3.544777025413626,-0.1168117638030309,0.939111865717292,1.235370936060419,0.8014975999324441,3.270795648100955,1.6707495569788469
64.0,94.0,1005.7882080078124,1.930989912640924,2.5698273775009017,-0.4222718299406413,2.2647280101266523,-1.2334670620841697,1.1900713704557306,1.273633231737758,-0.0756089152430987,3.487418316929421,1.693288812527204
64.0,94.0,1006.8382568359376,0.1804789330101401,3.0917668051613663,-0.2176748729395974,3.129186080616745,-0.184644706135572,1.2461711329689706,0.486178220236735,0.5893075181890408,3.2961757838031907,1.713460639674954
64.0,94.0,1004.8368530273438,-0.0192859539180938,3.1458012448024646,-0.4052589456220559,3.5837623621294377,-0.4446218579421889,1.004306573519272,1.0674916208430016,-0.1473208806064043,4.659302750457305,1.266183010783346
64.0,94.0,1005.0035400390624,1.488088734200528,3.2964916798764268,-0.081613556681665,3.4931910742310563,-0.4795947022471148,1.19443031097595,1.5983254058784726,0.3030366300005376,3.1093375136026897,1.3517079212642986
64.0,94.0,1005.59716796875,0.8422960777773174,3.0348209215701183,-0.2311176520887816,3.530445462000517,0.731073415144617,1.0838871087870037,1.0526527931079228,-0.2789778063184201,3.525442996103043,1.9314441196361605
64.0,94.0,1005.1682739257812,0.4758226699530498,2.725912301651685,-0.0230184400084026,3.5041163169939864,-0.2839688026094656,0.98246182909671,0.7814411067738086,0.0567855685067581,3.2908997596538847,1.3640380101297185
64.0,94.0,1006.4464721679688,1.5809811609032556,2.973684344508984,-0.2520182689694079,3.5675059166760548,-0.2077706524501733,0.9768099904424354,1.0682780433964296,-0.0034129855540246,3.316314287362724,1.5148379811241202
64.0,94.0,1006.1416015625,1.5194195767577958,3.13169691444319,0.1840492604754304,3.6966921254025658,-0.0658918054734986,1.6765788188399164,0.8722165089156587,-0.0526893113553003,3.3585637053876103,2.1425141671145624
64.0,94.0,1005.9476318359376,0.0416259073064684,3.056620648095169,0.9059087932371556,3.541676985417584,-0.4558259587305865,-0.3150494321593007,1.05123482986649,-0.0994281152615595,3.238383279985208,1.6565234082160285
64.0,94.0,1006.3308715820312,1.535959406806901,3.012881012953959,-0.1663306996994601,3.5850778383914594,-0.2867194392540477,1.0486903470382465,1.1491035130694829,-0.0172823082687018,3.5717012420075,1.522958118209904
64.0,94.0,1005.21337890625,1.1138422598907147,3.163510525715634,-0.3509051133911852,2.6758266898773537,-0.5122082648359199,1.0718111705207738,1.65587216787568,-1.0170876187562123,3.54151433099572,1.3460114713344828
64.0,94.0,1004.9675903320312,0.5163418992741506,3.048817683689679,-0.6671757961656667,3.038681368765338,-1.5010622553438249,0.7996637919310045,1.2467383098495923,0.0980610079545224,3.3445950501342527,1.5795039091826957
64.0,94.0,1004.8756713867188,1.803103039357084,3.04969122379482,-0.2380855070972431,3.544222673085715,-0.3675432124331079,1.0049334701620785,1.0915745130618049,-0.0166428366782459,3.286393579044508,1.7128181502425668
64.0,94.0,1005.5949096679688,1.065741447403239,3.566321993171797,-0.1722097588879127,3.335195644635442,0.4153135222526197,1.6432684793938577,1.2308026718224587,0.3065238812510272,3.32453208933479,1.4181087479272612
64.0,94.0,1007.3155517578124,1.5371241881530973,3.0630876048410456,-0.0871751942409553,3.5037983811037874,0.0538749320857102,1.0868473082144283,1.0345167488863027,-0.175052114745749,3.3374017791678297,1.6722190592691553
64.0,94.0,1005.6847534179688,1.5291553936280218,2.501505383531246,-0.2181375611222888,3.0273038141281496,-0.2120236101567779,-0.0606551677314507,1.2525278734953254,0.419718581189239,3.340401835705691,1.7413380876269096
64.0,94.0,1006.5454711914062,1.5150817170313888,3.0500979262757526,-0.2520225203091913,3.528283993323779,-0.2243109118159696,1.1946684576672195,1.0615906712215517,-0.0231480711115226,1.967957588010294,1.3953915012780045
64.0,94.0,1005.1350708007812,0.1661038185710084,2.5390123143543657,2.0774916054569346,1.835614257140512,-1.5735118140693944,0.0393769710875324,1.5364656260845004,0.9512514490147672,2.833057723425437,1.6722709438483858
64.0,94.0,1006.7476806640624,1.3783292661069166,2.227281756843792,0.7486796121921748,2.3676098445669496,-0.4352187250238886,0.1295667694666509,1.2582478032152908,0.9678886220425788,1.546052822985894,1.7088008776725607
64.0,94.0,1003.6841430664062,1.5264166200797986,3.063097861613356,-0.215819897253269,3.5490497273888275,-0.2048867388282806,1.0826619122252867,1.0511392207255632,-0.0170243374408754,3.2973942147249127,1.6821927523441609
64.0,94.0,1006.7684936523438,1.3436931167584212,2.9723827309808475,-0.6990999954194496,3.448097725237284,-0.2091829105316387,0.262391251339839,1.03385109722468,-0.0967344722036515,3.302876430253528,1.7245487486675914
64.0,94.0,1006.3912353515624,1.0823124156003283,3.145532408020725,0.0937498638335725,4.3492484902596935,-0.983369492477124,0.3045399617600217,1.0355153888892177,-0.6035785196627739,3.47882371336145,1.9749920545649893
64.0,94.0,1005.9546508789062,0.9774910519862512,2.9966431409109435,0.4128803033982741,3.8754920315794896,-0.1991468490866272,0.97247392135606,1.0547347529563285,2.030288962326594,3.222855217908842,1.6821978949551688
64.0,94.0,1005.7315063476562,1.5396689441273124,3.0386942734840274,0.0727790596694881,3.99653790662412,-0.2180394714265182,1.1227822176659112,0.9898665587735348,-0.0161734394273001,3.292559616599718,1.7283088665121291
64.0,94.0,1005.9786376953124,1.1755166225902458,3.0139295819900664,-0.2417305383366287,3.616814653335077,-0.2729520402836232,1.8592848557108288,1.1177652924446315,0.1211451494947978,3.912459696901169,2.2316448068592054
64.0,94.0,1004.7403564453124,0.4804166552562906,3.142058809388116,-0.507253232726782,3.78275224637308,-0.5671588827166028,1.1261544357254607,1.4122039073154182,0.5007209311294231,3.503301094810195,1.926829920271378
64.0,94.0,1004.5214233398438,1.3925082887281215,3.065088985864282,-0.1686798461004562,2.4937664364779137,-0.2246521629870259,1.0573601922845028,1.0844478999456344,-0.8866334099558765,3.2654268773896447,1.6563374701400866
64.0,94.0,1006.9170532226562,1.5008135023933489,2.9861872071511346,-0.431893834371605,2.8214919187287486,-0.2261427739521425,1.1105615551034884,0.4838116239205338,-0.0052966471293471,3.1909425469340382,0.7855032477643943
64.0,94.0,1005.6001586914062,0.1781387739601991,2.8222566258346973,-1.2784227836424644,2.158820161725356,-1.3598118191510389,1.8033214309254848,1.4312019484559402,0.0812233307260337,2.5723035292130967,1.5728984824109573
64.0,94.0,1005.8743896484376,0.0594998054986024,2.4736092679713666,-0.1808303602303297,1.535912543515276,-0.2128728184311272,0.8096079746393341,0.1778975985534896,-0.0199302804665875,3.321000599716123,2.4317144383963893
64.0,94.0,1005.768310546875,1.5999854791936896,2.9805356758612893,-0.224463190705871,3.807145392204087,-0.3379384159359995,1.0087144864956603,0.8161970981207121,-0.0299745068515237,3.525817858828421,1.6851147134922917
64.0,95.0,1004.7705688476562,-0.4544287265598248,3.062173972220695,0.1729655489759677,2.9943601184715565,-0.192053599756429,-0.1349261357778195,0.6695620212450178,-0.0163932432461255,1.6540016053408708,1.1175596814486548
64.0,95.0,1007.3576049804688,0.9212569846597908,3.06139855165662,-0.1317967257900236,3.542737248419205,-1.233962615803387,1.2850703011185782,1.0033974406470525,-0.023572540304738,3.640052147588491,1.601728056724547
64.0,95.0,1006.1361694335938,0.8387232566556513,3.06514310945846,-0.2027294162619589,3.4053886985494604,-0.2057767340794501,0.9954022963306812,1.0357322898782315,-0.0773616051418161,3.3487778925027016,1.045925357427675
64.0,95.0,1005.7072143554688,1.6491448804843336,2.9104453120023,-0.2376035463302053,3.615676320374159,-0.5459213406507523,1.0802436756395946,1.0229389087533642,-0.0226071327225542,3.134768809825729,1.4551102740604491
64.0,95.0,1005.2555541992188,-0.5037094802039921,3.707585390221884,-0.3280569768488796,3.321070462527059,0.979043172621886,-0.4155761280008436,0.9565504599200948,0.2951346271246178,3.295787014291044,2.1819067114242974
64.0,95.0,1008.2530517578124,1.5270982961521142,2.378577058659652,-0.1300141971189669,3.4316988602336704,-0.3495752633471561,0.6940326962933131,0.758785861126745,0.0664492484260929,3.002636118435235,0.7040430065820917
64.0,95.0,1006.2119140625,0.4893625390202833,1.7795423029239368,-0.2283334970089545,3.1277989280704825,0.4981169607027755,1.141197769335064,2.5146578201478693,1.975507430672696,4.311031517865723,2.0922100116751228
64.0,95.0,1005.1494140625,1.4267671879387,2.82151791963309,-0.2050135975394147,3.599402345635524,-0.212234014229664,1.0699343377498252,1.054124327480299,-0.0348381047181509,3.2384919490320403,1.683330061310487
64.0,95.0,1006.1808471679688,1.5044895019604971,4.37353118641234,-0.1123117642728705,3.278240110355435,-0.2710004059046436,1.206590297347884,1.0726861605494895,-0.7094813345437163,3.301103040810469,1.658737095350794
64.0,95.0,1004.5355224609376,-0.2067583177486083,2.156645823399848,1.1237471826284795,3.780946817479548,-0.5114493991580722,1.3470285072754011,1.5426076556614716,0.9251629364195506,3.6326501297850458,1.193605314089168
64.0,95.0,1005.1493530273438,0.5735184706036716,3.028423329307017,0.2644622216036731,2.659398374348958,0.2306337810705419,1.0125999917583286,1.1341537852403114,0.5087035841895886,3.226086612326376,1.548830647479367
64.0,95.0,1005.850341796875,0.7304566630682912,2.8380748741163657,-0.2219267898013583,3.466029501035801,-0.1102170028146247,1.110438836618309,0.9149193344556408,0.3481579968014066,3.321659140756495,1.6742221258225534
64.0,95.0,1007.0950317382812,1.446835224148964,3.0922601795919884,-0.452305704672947,3.21730163786542,-0.0825677138335264,1.2279749223139236,1.2275438040595814,-0.4912708696922656,3.2998959905492504,1.7170354603092577
64.0,95.0,1005.6038818359376,1.308516753266523,2.1752865939900867,0.1815601508968082,4.19439705578338,-0.2059303139175663,1.0777198568117343,1.0908442654933863,0.2003939982353898,2.6281803945220314,1.684505779710975
64.0,95.0,1005.079833984375,0.8078773908434,3.0635542735379326,-0.2222773718837908,3.644619233544741,-0.0438507735814526,1.4232936018416082,0.7302359461628485,0.463335757005806,3.131559441489576,1.6311643300045815
64.0,95.0,1006.5872802734376,0.2656690085363156,2.8994275720441487,-0.0359203097652873,2.439288483665521,-0.403613583524778,2.160790506390417,1.4511060060394816,0.484404972217794,3.372222679109396,2.807072668682597
64.0,95.0,1005.7649536132812,0.2825466944237913,3.223371955913502,-1.130107795435179,3.475165291581171,-1.048330892200188,0.6773142097574366,1.7224453178602437,-0.0116344510771347,2.978858171781275,1.664112733334867
64.0,95.0,1003.8233642578124,1.028523366259821,3.0628461474330293,-0.3204188298828894,3.0167776901382988,0.2647472536681213,1.306874930918926,0.9514498344110252,-0.5399432597472117,3.348110656193866,0.8965220619264871
64.0,95.0,1006.2741088867188,1.643031542836416,3.606370926934152,-0.6934784640503268,3.544777025413626,-0.1168117638030309,0.939111865717292,1.235370936060419,0.8014975999324441,3.270795648100955,1.6707495569788469
64.0,95.0,1005.7882080078124,1.930989912640924,2.5698273775009017,-0.4222718299406413,2.2647280101266523,-1.2334670620841697,1.1900713704557306,1.273633231737758,-0.0756089152430987,3.487418316929421,1.693288812527204
64.0,95.0,1006.8382568359376,0.1804789330101401,3.0917668051613663,-0.2176748729395974,3.129186080616745,-0.184644706135572,1.2461711329689706,0.486178220236735,0.5893075181890408,3.2961757838031907,1.713460639674954
64.0,95.0,1004.8368530273438,-0.0192859539180938,3.1458012448024646,-0.4052589456220559,3.5837623621294377,-0.4446218579421889,1.004306573519272,1.0674916208430016,-0.1473208806064043,4.659302750457305,1.266183010783346
64.0,95.0,1005.0035400390624,1.488088734200528,3.2964916798764268,-0.081613556681665,3.4931910742310563,-0.4795947022471148,1.19443031097595,1.5983254058784726,0.3030366300005376,3.1093375136026897,1.3517079212642986
64.0,95.0,1005.59716796875,0.8422960777773174,3.0348209215701183,-0.2311176520887816,3.530445462000517,0.731073415144617,1.0838871087870037,1.0526527931079228,-0.2789778063184201,3.525442996103043,1.9314441196361605
64.0,95.0,1005.1682739257812,0.4758226699530498,2.725912301651685,-0.0230184400084026,3.5041163169939864,-0.2839688026094656,0.98246182909671,0.7814411067738086,0.0567855685067581,3.2908997596538847,1.3640380101297185
64.0,95.0,1006.4464721679688,1.5809811609032556,2.973684344508984,-0.2520182689694079,3.5675059166760548,-0.2077706524501733,0.9768099904424354,1.0682780433964296,-0.0034129855540246,3.316314287362724,1.5148379811241202
64.0,95.0,1005.4376220703124,1.4939369051591875,3.208578143175042,-0.0838875551827738,3.6527902052474297,-0.0677512366808728,2.1295316682877434,1.0280783661595605,-0.0117743859456704,3.334761595860714,1.7120512362595308
64.0,95.0,1005.9476318359376,0.0416259073064684,3.056620648095169,0.9059087932371556,3.541676985417584,-0.4558259587305865,-0.3150494321593007,1.05123482986649,-0.0994281152615595,3.238383279985208,1.6565234082160285
64.0,95.0,1006.3308715820312,1.535959406806901,3.012881012953959,-0.1663306996994601,3.5850778383914594,-0.2867194392540477,1.0486903470382465,1.1491035130694829,-0.0172823082687018,3.5717012420075,1.522958118209904
64.0,95.0,1005.21337890625,1.1138422598907147,3.163510525715634,-0.3509051133911852,2.6758266898773537,-0.5122082648359199,1.0718111705207738,1.65587216787568,-1.0170876187562123,3.54151433099572,1.3460114713344828
64.0,95.0,1004.9675903320312,0.5163418992741506,3.048817683689679,-0.6671757961656667,3.038681368765338,-1.5010622553438249,0.7996637919310045,1.2467383098495923,0.0980610079545224,3.3445950501342527,1.5795039091826957
64.0,95.0,1004.8756713867188,1.803103039357084,3.04969122379482,-0.2380855070972431,3.544222673085715,-0.3675432124331079,1.0049334701620785,1.0915745130618049,-0.0166428366782459,3.286393579044508,1.7128181502425668
64.0,95.0,1005.5949096679688,1.065741447403239,3.566321993171797,-0.1722097588879127,3.335195644635442,0.4153135222526197,1.6432684793938577,1.2308026718224587,0.3065238812510272,3.32453208933479,1.4181087479272612
64.0,95.0,1007.3155517578124,1.5371241881530973,3.0630876048410456,-0.0871751942409553,3.5037983811037874,0.0538749320857102,1.0868473082144283,1.0345167488863027,-0.175052114745749,3.3374017791678297,1.6722190592691553
64.0,95.0,1005.6847534179688,1.5291553936280218,2.501505383531246,-0.2181375611222888,3.0273038141281496,-0.2120236101567779,-0.0606551677314507,1.2525278734953254,0.419718581189239,3.340401835705691,1.7413380876269096
64.0,95.0,1006.5454711914062,1.5150817170313888,3.0500979262757526,-0.2520225203091913,3.528283993323779,-0.2243109118159696,1.1946684576672195,1.0615906712215517,-0.0231480711115226,1.967957588010294,1.3953915012780045
64.0,95.0,1005.1350708007812,0.1661038185710084,2.5390123143543657,2.0774916054569346,1.835614257140512,-1.5735118140693944,0.0393769710875324,1.5364656260845004,0.9512514490147672,2.833057723425437,1.6722709438483858
64.0,95.0,1006.7476806640624,1.3783292661069166,2.227281756843792,0.7486796121921748,2.3676098445669496,-0.4352187250238886,0.1295667694666509,1.2582478032152908,0.9678886220425788,1.546052822985894,1.7088008776725607
64.0,95.0,1003.6841430664062,1.5264166200797986,3.063097861613356,-0.215819897253269,3.5490497273888275,-0.2048867388282806,1.0826619122252867,1.0511392207255632,-0.0170243374408754,3.2973942147249127,1.6821927523441609
64.0,95.0,1005.4440307617188,1.289907930668421,3.060733993275304,-0.3771185396291053,3.601437036110384,-0.2059808139188375,0.3652734226398119,1.0034986711764593,0.0034731841783003,3.2897084850853227,1.7074537634441065
64.0,95.0,1006.3912353515624,1.0823124156003283,3.145532408020725,0.0937498638335725,4.3492484902596935,-0.983369492477124,0.3045399617600217,1.0355153888892177,-0.6035785196627739,3.47882371336145,1.9749920545649893
64.0,95.0,1005.9546508789062,0.9774910519862512,2.9966431409109435,0.4128803033982741,3.8754920315794896,-0.1991468490866272,0.97247392135606,1.0547347529563285,2.030288962326594,3.222855217908842,1.6821978949551688
64.0,95.0,1005.7315063476562,1.5396689441273124,3.0386942734840274,0.0727790596694881,3.99653790662412,-0.2180394714265182,1.1227822176659112,0.9898665587735348,-0.0161734394273001,3.292559616599718,1.7283088665121291
64.0,95.0,1005.9786376953124,1.1755166225902458,3.0139295819900664,-0.2417305383366287,3.616814653335077,-0.2729520402836232,1.8592848557108288,1.1177652924446315,0.1211451494947978,3.912459696901169,2.2316448068592054
64.0,95.0,1004.7403564453124,0.4804166552562906,3.142058809388116,-0.507253232726782,3.78275224637308,-0.5671588827166028,1.1261544357254607,1.4122039073154182,0.5007209311294231,3.503301094810195,1.926829920271378
64.0,95.0,1004.5214233398438,1.3925082887281215,3.065088985864282,-0.1686798461004562,2.4937664364779137,-0.2246521629870259,1.0573601922845028,1.0844478999456344,-0.8866334099558765,3.2654268773896447,1.6563374701400866
64.0,95.0,1006.9170532226562,1.5008135023933489,2.9861872071511346,-0.431893834371605,2.8214919187287486,-0.2261427739521425,1.1105615551034884,0.4838116239205338,-0.0052966471293471,3.1909425469340382,0.7855032477643943
64.0,95.0,1005.6001586914062,0.1781387739601991,2.8222566258346973,-1.2784227836424644,2.158820161725356,-1.3598118191510389,1.8033214309254848,1.4312019484559402,0.0812233307260337,2.5723035292130967,1.5728984824109573
64.0,95.0,1005.8743896484376,0.0594998054986024,2.4736092679713666,-0.1808303602303297,1.535912543515276,-0.2128728184311272,0.8096079746393341,0.1778975985534896,-0.0199302804665875,3.321000599716123,2.4317144383963893
64.0,95.0,1005.768310546875,1.5999854791936896,2.9805356758612893,-0.224463190705871,3.807145392204087,-0.3379384159359995,1.0087144864956603,0.8161970981207121,-0.0299745068515237,3.525817858828421,1.6851147134922917
64.0,96.0,1004.7705688476562,-0.4544287265598248,3.062173972220695,0.1729655489759677,2.9943601184715565,-0.192053599756429,-0.1349261357778195,0.6695620212450178,-0.0163932432461255,1.6540016053408708,1.1175596814486548
64.0,96.0,1007.3576049804688,0.9212569846597908,3.06139855165662,-0.1317967257900236,3.542737248419205,-1.233962615803387,1.2850703011185782,1.0033974406470525,-0.023572540304738,3.640052147588491,1.601728056724547
64.0,96.0,1006.1361694335938,0.8387232566556513,3.06514310945846,-0.2027294162619589,3.4053886985494604,-0.2057767340794501,0.9954022963306812,1.0357322898782315,-0.0773616051418161,3.3487778925027016,1.045925357427675
64.0,96.0,1005.7072143554688,1.6491448804843336,2.9104453120023,-0.2376035463302053,3.615676320374159,-0.5459213406507523,1.0802436756395946,1.0229389087533642,-0.0226071327225542,3.134768809825729,1.4551102740604491
64.0,96.0,1005.2555541992188,-0.5037094802039921,3.707585390221884,-0.3280569768488796,3.321070462527059,0.979043172621886,-0.4155761280008436,0.9565504599200948,0.2951346271246178,3.295787014291044,2.1819067114242974
64.0,96.0,1008.2530517578124,1.5270982961521142,2.378577058659652,-0.1300141971189669,3.4316988602336704,-0.3495752633471561,0.6940326962933131,0.758785861126745,0.0664492484260929,3.002636118435235,0.7040430065820917
64.0,96.0,1006.2119140625,0.4893625390202833,1.7795423029239368,-0.2283334970089545,3.1277989280704825,0.4981169607027755,1.141197769335064,2.5146578201478693,1.975507430672696,4.311031517865723,2.0922100116751228
64.0,96.0,1005.1494140625,1.4267671879387,2.82151791963309,-0.2050135975394147,3.599402345635524,-0.212234014229664,1.0699343377498252,1.054124327480299,-0.0348381047181509,3.2384919490320403,1.683330061310487
64.0,96.0,1006.1808471679688,1.5044895019604971,4.37353118641234,-0.1123117642728705,3.278240110355435,-0.2710004059046436,1.206590297347884,1.0726861605494895,-0.7094813345437163,3.301103040810469,1.658737095350794
64.0,96.0,1004.5355224609376,-0.2067583177486083,2.156645823399848,1.1237471826284795,3.780946817479548,-0.5114493991580722,1.3470285072754011,1.5426076556614716,0.9251629364195506,3.6326501297850458,1.193605314089168
64.0,96.0,1005.1493530273438,0.5735184706036716,3.028423329307017,0.2644622216036731,2.659398374348958,0.2306337810705419,1.0125999917583286,1.1341537852403114,0.5087035841895886,3.226086612326376,1.548830647479367
64.0,96.0,1005.850341796875,0.7304566630682912,2.8380748741163657,-0.2219267898013583,3.466029501035801,-0.1102170028146247,1.110438836618309,0.9149193344556408,0.3481579968014066,3.321659140756495,1.6742221258225534
64.0,96.0,1007.0950317382812,1.446835224148964,3.0922601795919884,-0.452305704672947,3.21730163786542,-0.0825677138335264,1.2279749223139236,1.2275438040595814,-0.4912708696922656,3.2998959905492504,1.7170354603092577
64.0,96.0,1005.6038818359376,1.308516753266523,2.1752865939900867,0.1815601508968082,4.19439705578338,-0.2059303139175663,1.0777198568117343,1.0908442654933863,0.2003939982353898,2.6281803945220314,1.684505779710975
64.0,96.0,1005.079833984375,0.8078773908434,3.0635542735379326,-0.2222773718837908,3.644619233544741,-0.0438507735814526,1.4232936018416082,0.7302359461628485,0.463335757005806,3.131559441489576,1.6311643300045815
64.0,96.0,1006.5872802734376,0.2656690085363156,2.8994275720441487,-0.0359203097652873,2.439288483665521,-0.403613583524778,2.160790506390417,1.4511060060394816,0.484404972217794,3.372222679109396,2.807072668682597
64.0,96.0,1005.7649536132812,0.2825466944237913,3.223371955913502,-1.130107795435179,3.475165291581171,-1.048330892200188,0.6773142097574366,1.7224453178602437,-0.0116344510771347,2.978858171781275,1.664112733334867
64.0,96.0,1003.8233642578124,1.028523366259821,3.0628461474330293,-0.3204188298828894,3.0167776901382988,0.2647472536681213,1.306874930918926,0.9514498344110252,-0.5399432597472117,3.348110656193866,0.8965220619264871
64.0,96.0,1006.2741088867188,1.643031542836416,3.606370926934152,-0.6934784640503268,3.544777025413626,-0.1168117638030309,0.939111865717292,1.235370936060419,0.8014975999324441,3.270795648100955,1.6707495569788469
64.0,96.0,1005.7882080078124,1.930989912640924,2.5698273775009017,-0.4222718299406413,2.2647280101266523,-1.2334670620841697,1.1900713704557306,1.273633231737758,-0.0756089152430987,3.487418316929421,1.693288812527204
64.0,96.0,1006.8382568359376,0.1804789330101401,3.0917668051613663,-0.2176748729395974,3.129186080616745,-0.184644706135572,1.2461711329689706,0.486178220236735,0.5893075181890408,3.2961757838031907,1.713460639674954
64.0,96.0,1004.8368530273438,-0.0192859539180938,3.1458012448024646,-0.4052589456220559,3.5837623621294377,-0.4446218579421889,1.004306573519272,1.0674916208430016,-0.1473208806064043,4.659302750457305,1.266183010783346
64.0,96.0,1005.0035400390624,1.488088734200528,3.2964916798764268,-0.081613556681665,3.4931910742310563,-0.4795947022471148,1.19443031097595,1.5983254058784726,0.3030366300005376,3.1093375136026897,1.3517079212642986
64.0,96.0,1005.59716796875,0.8422960777773174,3.0348209215701183,-0.2311176520887816,3.530445462000517,0.731073415144617,1.0838871087870037,1.0526527931079228,-0.2789778063184201,3.525442996103043,1.9314441196361605
64.0,96.0,1005.1682739257812,0.4758226699530498,2.725912301651685,-0.0230184400084026,3.5041163169939864,-0.2839688026094656,0.98246182909671,0.7814411067738086,0.0567855685067581,3.2908997596538847,1.3640380101297185
64.0,96.0,1006.4464721679688,1.5809811609032556,2.973684344508984,-0.2520182689694079,3.5675059166760548,-0.2077706524501733,0.9768099904424354,1.0682780433964296,-0.0034129855540246,3.316314287362724,1.5148379811241202
64.0,96.0,1005.4376220703124,1.4939369051591875,3.208578143175042,-0.0838875551827738,3.6527902052474297,-0.0677512366808728,2.1295316682877434,1.0280783661595605,-0.0117743859456704,3.334761595860714,1.7120512362595308
64.0,96.0,1005.9476318359376,0.0416259073064684,3.056620648095169,0.9059087932371556,3.541676985417584,-0.4558259587305865,-0.3150494321593007,1.05123482986649,-0.0994281152615595,3.238383279985208,1.6565234082160285
64.0,96.0,1006.3308715820312,1.535959406806901,3.012881012953959,-0.1663306996994601,3.5850778383914594,-0.2867194392540477,1.0486903470382465,1.1491035130694829,-0.0172823082687018,3.5717012420075,1.522958118209904
64.0,96.0,1005.21337890625,1.1138422598907147,3.163510525715634,-0.3509051133911852,2.6758266898773537,-0.5122082648359199,1.0718111705207738,1.65587216787568,-1.0170876187562123,3.54151433099572,1.3460114713344828
64.0,96.0,1004.9675903320312,0.5163418992741506,3.048817683689679,-0.6671757961656667,3.038681368765338,-1.5010622553438249,0.7996637919310045,1.2467383098495923,0.0980610079545224,3.3445950501342527,1.5795039091826957
64.0,96.0,1004.8756713867188,1.803103039357084,3.04969122379482,-0.2380855070972431,3.544222673085715,-0.3675432124331079,1.0049334701620785,1.0915745130618049,-0.0166428366782459,3.286393579044508,1.7128181502425668
64.0,96.0,1005.5949096679688,1.065741447403239,3.566321993171797,-0.1722097588879127,3.335195644635442,0.4153135222526197,1.6432684793938577,1.2308026718224587,0.3065238812510272,3.32453208933479,1.4181087479272612
64.0,96.0,1007.3155517578124,1.5371241881530973,3.0630876048410456,-0.0871751942409553,3.5037983811037874,0.0538749320857102,1.0868473082144283,1.0345167488863027,-0.175052114745749,3.3374017791678297,1.6722190592691553
64.0,96.0,1005.6847534179688,1.5291553936280218,2.501505383531246,-0.2181375611222888,3.0273038141281496,-0.2120236101567779,-0.0606551677314507,1.2525278734953254,0.419718581189239,3.340401835705691,1.7413380876269096
64.0,96.0,1006.5454711914062,1.5150817170313888,3.0500979262757526,-0.2520225203091913,3.528283993323779,-0.2243109118159696,1.1946684576672195,1.0615906712215517,-0.0231480711115226,1.967957588010294,1.3953915012780045
64.0,96.0,1005.1350708007812,0.1661038185710084,2.5390123143543657,2.0774916054569346,1.835614257140512,-1.5735118140693944,0.0393769710875324,1.5364656260845004,0.9512514490147672,2.833057723425437,1.6722709438483858
64.0,96.0,1006.7476806640624,1.3783292661069166,2.227281756843792,0.7486796121921748,2.3676098445669496,-0.4352187250238886,0.1295667694666509,1.2582478032152908,0.9678886220425788,1.546052822985894,1.7088008776725607
64.0,96.0,1003.6841430664062,1.5264166200797986,3.063097861613356,-0.215819897253269,3.5490497273888275,-0.2048867388282806,1.0826619122252867,1.0511392207255632,-0.0170243374408754,3.2973942147249127,1.6821927523441609
64.0,96.0,1005.4440307617188,1.289907930668421,3.060733993275304,-0.3771185396291053,3.601437036110384,-0.2059808139188375,0.3652734226398119,1.0034986711764593,0.0034731841783003,3.2897084850853227,1.7074537634441065
64.0,96.0,1006.3912353515624,1.0823124156003283,3.145532408020725,0.0937498638335725,4.3492484902596935,-0.983369492477124,0.3045399617600217,1.0355153888892177,-0.6035785196627739,3.47882371336145,1.9749920545649893
64.0,96.0,1005.9546508789062,0.9774910519862512,2.9966431409109435,0.4128803033982741,3.8754920315794896,-0.1991468490866272,0.97247392135606,1.0547347529563285,2.030288962326594,3.222855217908842,1.6821978949551688
64.0,96.0,1005.7315063476562,1.5396689441273124,3.0386942734840274,0.0727790596694881,3.99653790662412,-0.2180394714265182,1.1227822176659112,0.9898665587735348,-0.0161734394273001,3.292559616599718,1.7283088665121291
64.0,96.0,1005.9786376953124,1.1755166225902458,3.0139295819900664,-0.2417305383366287,3.616814653335077,-0.2729520402836232,1.8592848557108288,1.1177652924446315,0.1211451494947978,3.912459696901169,2.2316448068592054
64.0,96.0,1004.7403564453124,0.4804166552562906,3.142058809388116,-0.507253232726782,3.78275224637308,-0.5671588827166028,1.1261544357254607,1.4122039073154182,0.5007209311294231,3.503301094810195,1.926829920271378
64.0,96.0,1004.5214233398438,1.3925082887281215,3.065088985864282,-0.1686798461004562,2.4937664364779137,-0.2246521629870259,1.0573601922845028,1.0844478999456344,-0.8866334099558765,3.2654268773896447,1.6563374701400866
64.0,96.0,1006.9170532226562,1.5008135023933489,2.9861872071511346,-0.431893834371605,2.8214919187287486,-0.2261427739521425,1.1105615551034884,0.4838116239205338,-0.0052966471293471,3.1909425469340382,0.7855032477643943
64.0,96.0,1005.6001586914062,0.1781387739601991,2.8222566258346973,-1.2784227836424644,2.158820161725356,-1.3598118191510389,1.8033214309254848,1.4312019484559402,0.0812233307260337,2.5723035292130967,1.5728984824109573
64.0,96.0,1005.8743896484376,0.0594998054986024,2.4736092679713666,-0.1808303602303297,1.535912543515276,-0.2128728184311272,0.8096079746393341,0.1778975985534896,-0.0199302804665875,3.321000599716123,2.4317144383963893
64.0,96.0,1005.768310546875,1.5999854791936896,2.9805356758612893,-0.224463190705871,3.807145392204087,-0.3379384159359995,1.0087144864956603,0.8161970981207121,-0.0299745068515237,3.525817858828421,1.6851147134922917
64.0,97.0,1004.7705688476562,-0.4544287265598248,3.062173972220695,0.1729655489759677,2.9943601184715565,-0.192053599756429,-0.1349261357778195,0.6695620212450178,-0.0163932432461255,1.6540016053408708,1.1175596814486548
64.0,97.0,1007.3576049804688,0.9212569846597908,3.06139855165662,-0.1317967257900236,3.542737248419205,-1.233962615803387,1.2850703011185782,1.0033974406470525,-0.023572540304738,3.640052147588491,1.601728056724547
64.0,97.0,1006.1361694335938,0.8387232566556513,3.06514310945846,-0.2027294162619589,3.4053886985494604,-0.2057767340794501,0.9954022963306812,1.0357322898782315,-0.0773616051418161,3.3487778925027016,1.045925357427675
64.0,97.0,1005.7072143554688,1.6491448804843336,2.9104453120023,-0.2376035463302053,3.615676320374159,-0.5459213406507523,1.0802436756395946,1.0229389087533642,-0.0226071327225542,3.134768809825729,1.4551102740604491
64.0,97.0,1005.2555541992188,-0.5037094802039921,3.707585390221884,-0.3280569768488796,3.321070462527059,0.979043172621886,-0.4155761280008436,0.9565504599200948,0.2951346271246178,3.295787014291044,2.1819067114242974
64.0,97.0,1008.2530517578124,1.5270982961521142,2.378577058659652,-0.1300141971189669,3.4316988602336704,-0.3495752633471561,0.6940326962933131,0.758785861126745,0.0664492484260929,3.002636118435235,0.7040430065820917
64.0,97.0,1006.2119140625,0.4893625390202833,1.7795423029239368,-0.2283334970089545,3.1277989280704825,0.4981169607027755,1.141197769335064,2.5146578201478693,1.975507430672696,4.311031517865723,2.0922100116751228
64.0,97.0,1005.1494140625,1.4267671879387,2.82151791963309,-0.2050135975394147,3.599402345635524,-0.212234014229664,1.0699343377498252,1.054124327480299,-0.0348381047181509,3.2384919490320403,1.683330061310487
64.0,97.0,1006.1808471679688,1.5044895019604971,4.37353118641234,-0.1123117642728705,3.278240110355435,-0.2710004059046436,1.206590297347884,1.0726861605494895,-0.7094813345437163,3.301103040810469,1.658737095350794
64.0,97.0,1004.5355224609376,-0.2067583177486083,2.156645823399848,1.1237471826284795,3.780946817479548,-0.5114493991580722,1.3470285072754011,1.5426076556614716,0.9251629364195506,3.6326501297850458,1.193605314089168
64.0,97.0,1005.1493530273438,0.5735184706036716,3.028423329307017,0.2644622216036731,2.659398374348958,0.2306337810705419,1.0125999917583286,1.1341537852403114,0.5087035841895886,3.226086612326376,1.548830647479367
64.0,97.0,1004.7785034179688,0.6991135168312739,2.894738252833397,-0.2188575842976097,3.4645647397683965,-0.2438181442738039,1.0991670823590096,0.687295206439572,1.314428712403647,3.3101250531130244,1.6781756112361752
64.0,97.0,1007.0950317382812,1.446835224148964,3.0922601795919884,-0.452305704672947,3.21730163786542,-0.0825677138335264,1.2279749223139236,1.2275438040595814,-0.4912708696922656,3.2998959905492504,1.7170354603092577
64.0,97.0,1005.6038818359376,1.308516753266523,2.1752865939900867,0.1815601508968082,4.19439705578338,-0.2059303139175663,1.0777198568117343,1.0908442654933863,0.2003939982353898,2.6281803945220314,1.684505779710975
64.0,97.0,1005.079833984375,0.8078773908434,3.0635542735379326,-0.2222773718837908,3.644619233544741,-0.0438507735814526,1.4232936018416082,0.7302359461628485,0.463335757005806,3.131559441489576,1.6311643300045815
64.0,97.0,1006.5872802734376,0.2656690085363156,2.8994275720441487,-0.0359203097652873,2.439288483665521,-0.403613583524778,2.160790506390417,1.4511060060394816,0.484404972217794,3.372222679109396,2.807072668682597
64.0,97.0,1005.7649536132812,0.2825466944237913,3.223371955913502,-1.130107795435179,3.475165291581171,-1.048330892200188,0.6773142097574366,1.7224453178602437,-0.0116344510771347,2.978858171781275,1.664112733334867
64.0,97.0,1003.8233642578124,1.028523366259821,3.0628461474330293,-0.3204188298828894,3.0167776901382988,0.2647472536681213,1.306874930918926,0.9514498344110252,-0.5399432597472117,3.348110656193866,0.8965220619264871
64.0,97.0,1006.2741088867188,1.643031542836416,3.606370926934152,-0.6934784640503268,3.544777025413626,-0.1168117638030309,0.939111865717292,1.235370936060419,0.8014975999324441,3.270795648100955,1.6707495569788469
64.0,97.0,1005.7882080078124,1.930989912640924,2.5698273775009017,-0.4222718299406413,2.2647280101266523,-1.2334670620841697,1.1900713704557306,1.273633231737758,-0.0756089152430987,3.487418316929421,1.693288812527204
64.0,97.0,1006.8382568359376,0.1804789330101401,3.0917668051613663,-0.2176748729395974,3.129186080616745,-0.184644706135572,1.2461711329689706,0.486178220236735,0.5893075181890408,3.2961757838031907,1.713460639674954
64.0,97.0,1004.8368530273438,-0.0192859539180938,3.1458012448024646,-0.4052589456220559,3.5837623621294377,-0.4446218579421889,1.004306573519272,1.0674916208430016,-0.1473208806064043,4.659302750457305,1.266183010783346
64.0,97.0,1005.0035400390624,1.488088734200528,3.2964916798764268,-0.081613556681665,3.4931910742310563,-0.4795947022471148,1.19443031097595,1.5983254058784726,0.3030366300005376,3.1093375136026897,1.3517079212642986
64.0,97.0,1005.59716796875,0.8422960777773174,3.0348209215701183,-0.2311176520887816,3.530445462000517,0.731073415144617,1.0838871087870037,1.0526527931079228,-0.2789778063184201,3.525442996103043,1.9314441196361605
64.0,97.0,1005.1682739257812,0.4758226699530498,2.725912301651685,-0.0230184400084026,3.5041163169939864,-0.2839688026094656,0.98246182909671,0.7814411067738086,0.0567855685067581,3.2908997596538847,1.3640380101297185
64.0,97.0,1006.4464721679688,1.5809811609032556,2.973684344508984,-0.2520182689694079,3.5675059166760548,-0.2077706524501733,0.9768099904424354,1.0682780433964296,-0.0034129855540246,3.316314287362724,1.5148379811241202
64.0,97.0,1005.4376220703124,1.4939369051591875,3.208578143175042,-0.0838875551827738,3.6527902052474297,-0.0677512366808728,2.1295316682877434,1.0280783661595605,-0.0117743859456704,3.334761595860714,1.7120512362595308
64.0,97.0,1005.9476318359376,0.0416259073064684,3.056620648095169,0.9059087932371556,3.541676985417584,-0.4558259587305865,-0.3150494321593007,1.05123482986649,-0.0994281152615595,3.238383279985208,1.6565234082160285
64.0,97.0,1006.3308715820312,1.535959406806901,3.012881012953959,-0.1663306996994601,3.5850778383914594,-0.2867194392540477,1.0486903470382465,1.1491035130694829,-0.0172823082687018,3.5717012420075,1.522958118209904
64.0,97.0,1005.21337890625,1.1138422598907147,3.163510525715634,-0.3509051133911852,2.6758266898773537,-0.5122082648359199,1.0718111705207738,1.65587216787568,-1.0170876187562123,3.54151433099572,1.3460114713344828
64.0,97.0,1004.9675903320312,0.5163418992741506,3.048817683689679,-0.6671757961656667,3.038681368765338,-1.5010622553438249,0.7996637919310045,1.2467383098495923,0.0980610079545224,3.3445950501342527,1.5795039091826957
64.0,97.0,1004.8756713867188,1.803103039357084,3.04969122379482,-0.2380855070972431,3.544222673085715,-0.3675432124331079,1.0049334701620785,1.0915745130618049,-0.0166428366782459,3.286393579044508,1.7128181502425668
64.0,97.0,1005.5949096679688,1.065741447403239,3.566321993171797,-0.1722097588879127,3.335195644635442,0.4153135222526197,1.6432684793938577,1.2308026718224587,0.3065238812510272,3.32453208933479,1.4181087479272612
64.0,97.0,1007.3155517578124,1.5371241881530973,3.0630876048410456,-0.0871751942409553,3.5037983811037874,0.0538749320857102,1.0868473082144283,1.0345167488863027,-0.175052114745749,3.3374017791678297,1.6722190592691553
64.0,97.0,1005.6847534179688,1.5291553936280218,2.501505383531246,-0.2181375611222888,3.0273038141281496,-0.2120236101567779,-0.0606551677314507,1.2525278734953254,0.419718581189239,3.340401835705691,1.7413380876269096
64.0,97.0,1006.3489990234376,1.5514520891483368,3.057318420357167,-0.2631982522786442,3.525985729806991,-0.211421577591669,1.0871765917978395,1.0592099546980789,-0.0142462550174791,2.96232874565588,1.5743383689854655
64.0,97.0,1005.1350708007812,0.1661038185710084,2.5390123143543657,2.0774916054569346,1.835614257140512,-1.5735118140693944,0.0393769710875324,1.5364656260845004,0.9512514490147672,2.833057723425437,1.6722709438483858
64.0,97.0,1006.7476806640624,1.3783292661069166,2.227281756843792,0.7486796121921748,2.3676098445669496,-0.4352187250238886,0.1295667694666509,1.2582478032152908,0.9678886220425788,1.546052822985894,1.7088008776725607
64.0,97.0,1003.6841430664062,1.5264166200797986,3.063097861613356,-0.215819897253269,3.5490497273888275,-0.2048867388282806,1.0826619122252867,1.0511392207255632,-0.0170243374408754,3.2973942147249127,1.6821927523441609
64.0,97.0,1005.4440307617188,1.289907930668421,3.060733993275304,-0.3771185396291053,3.601437036110384,-0.2059808139188375,0.3652734226398119,1.0034986711764593,0.0034731841783003,3.2897084850853227,1.7074537634441065
64.0,97.0,1006.3912353515624,1.0823124156003283,3.145532408020725,0.0937498638335725,4.3492484902596935,-0.983369492477124,0.3045399617600217,1.0355153888892177,-0.6035785196627739,3.47882371336145,1.9749920545649893
64.0,97.0,1005.9546508789062,0.9774910519862512,2.9966431409109435,0.4128803033982741,3.8754920315794896,-0.1991468490866272,0.97247392135606,1.0547347529563285,2.030288962326594,3.222855217908842,1.6821978949551688
64.0,97.0,1005.7315063476562,1.5396689441273124,3.0386942734840274,0.0727790596694881,3.99653790662412,-0.2180394714265182,1.1227822176659112,0.9898665587735348,-0.0161734394273001,3.292559616599718,1.7283088665121291
64.0,97.0,1005.9786376953124,1.1755166225902458,3.0139295819900664,-0.2417305383366287,3.616814653335077,-0.2729520402836232,1.8592848557108288,1.1177652924446315,0.1211451494947978,3.912459696901169,2.2316448068592054
64.0,97.0,1004.7403564453124,0.4804166552562906,3.142058809388116,-0.507253232726782,3.78275224637308,-0.5671588827166028,1.1261544357254607,1.4122039073154182,0.5007209311294231,3.503301094810195,1.926829920271378
64.0,97.0,1004.5214233398438,1.3925082887281215,3.065088985864282,-0.1686798461004562,2.4937664364779137,-0.2246521629870259,1.0573601922845028,1.0844478999456344,-0.8866334099558765,3.2654268773896447,1.6563374701400866
64.0,97.0,1006.9170532226562,1.5008135023933489,2.9861872071511346,-0.431893834371605,2.8214919187287486,-0.2261427739521425,1.1105615551034884,0.4838116239205338,-0.0052966471293471,3.1909425469340382,0.7855032477643943
64.0,97.0,1005.6001586914062,0.1781387739601991,2.8222566258346973,-1.2784227836424644,2.158820161725356,-1.3598118191510389,1.8033214309254848,1.4312019484559402,0.0812233307260337,2.5723035292130967,1.5728984824109573
64.0,97.0,1005.8743896484376,0.0594998054986024,2.4736092679713666,-0.1808303602303297,1.535912543515276,-0.2128728184311272,0.8096079746393341,0.1778975985534896,-0.0199302804665875,3.321000599716123,2.4317144383963893
64.0,97.0,1005.768310546875,1.5999854791936896,2.9805356758612893,-0.224463190705871,3.807145392204087,-0.3379384159359995,1.0087144864956603,0.8161970981207121,-0.0299745068515237,3.525817858828421,1.6851147134922917
64.0,98.0,1004.7705688476562,-0.4544287265598248,3.062173972220695,0.1729655489759677,2.9943601184715565,-0.192053599756429,-0.1349261357778195,0.6695620212450178,-0.0163932432461255,1.6540016053408708,1.1175596814486548
64.0,98.0,1007.3576049804688,0.9212569846597908,3.06139855165662,-0.1317967257900236,3.542737248419205,-1.233962615803387,1.2850703011185782,1.0033974406470525,-0.023572540304738,3.640052147588491,1.601728056724547
64.0,98.0,1006.1361694335938,0.8387232566556513,3.06514310945846,-0.2027294162619589,3.4053886985494604,-0.2057767340794501,0.9954022963306812,1.0357322898782315,-0.0773616051418161,3.3487778925027016,1.045925357427675
64.0,98.0,1005.7072143554688,1.6491448804843336,2.9104453120023,-0.2376035463302053,3.615676320374159,-0.5459213406507523,1.0802436756395946,1.0229389087533642,-0.0226071327225542,3.134768809825729,1.4551102740604491
64.0,98.0,1005.2555541992188,-0.5037094802039921,3.707585390221884,-0.3280569768488796,3.321070462527059,0.979043172621886,-0.4155761280008436,0.9565504599200948,0.2951346271246178,3.295787014291044,2.1819067114242974
64.0,98.0,1008.2530517578124,1.5270982961521142,2.378577058659652,-0.1300141971189669,3.4316988602336704,-0.3495752633471561,0.6940326962933131,0.758785861126745,0.0664492484260929,3.002636118435235,0.7040430065820917
64.0,98.0,1006.2119140625,0.4893625390202833,1.7795423029239368,-0.2283334970089545,3.1277989280704825,0.4981169607027755,1.141197769335064,2.5146578201478693,1.975507430672696,4.311031517865723,2.0922100116751228
64.0,98.0,1005.1494140625,1.4267671879387,2.82151791963309,-0.2050135975394147,3.599402345635524,-0.212234014229664,1.0699343377498252,1.054124327480299,-0.0348381047181509,3.2384919490320403,1.683330061310487
64.0,98.0,1006.1808471679688,1.5044895019604971,4.37353118641234,-0.1123117642728705,3.278240110355435,-0.2710004059046436,1.206590297347884,1.0726861605494895,-0.7094813345437163,3.301103040810469,1.658737095350794
64.0,98.0,1004.5355224609376,-0.2067583177486083,2.156645823399848,1.1237471826284795,3.780946817479548,-0.5114493991580722,1.3470285072754011,1.5426076556614716,0.9251629364195506,3.6326501297850458,1.193605314089168
64.0,98.0,1005.1493530273438,0.5735184706036716,3.028423329307017,0.2644622216036731,2.659398374348958,0.2306337810705419,1.0125999917583286,1.1341537852403114,0.5087035841895886,3.226086612326376,1.548830647479367
64.0,98.0,1004.7785034179688,0.6991135168312739,2.894738252833397,-0.2188575842976097,3.4645647397683965,-0.2438181442738039,1.0991670823590096,0.687295206439572,1.314428712403647,3.3101250531130244,1.6781756112361752
64.0,98.0,1007.0950317382812,1.446835224148964,3.0922601795919884,-0.452305704672947,3.21730163786542,-0.0825677138335264,1.2279749223139236,1.2275438040595814,-0.4912708696922656,3.2998959905492504,1.7170354603092577
64.0,98.0,1005.6038818359376,1.308516753266523,2.1752865939900867,0.1815601508968082,4.19439705578338,-0.2059303139175663,1.0777198568117343,1.0908442654933863,0.2003939982353898,2.6281803945220314,1.684505779710975
64.0,98.0,1005.079833984375,0.8078773908434,3.0635542735379326,-0.2222773718837908,3.644619233544741,-0.0438507735814526,1.4232936018416082,0.7302359461628485,0.463335757005806,3.131559441489576,1.6311643300045815
64.0,98.0,1006.5872802734376,0.2656690085363156,2.8994275720441487,-0.0359203097652873,2.439288483665521,-0.403613583524778,2.160790506390417,1.4511060060394816,0.484404972217794,3.372222679109396,2.807072668682597
64.0,98.0,1005.7649536132812,0.2825466944237913,3.223371955913502,-1.130107795435179,3.475165291581171,-1.048330892200188,0.6773142097574366,1.7224453178602437,-0.0116344510771347,2.978858171781275,1.664112733334867
64.0,98.0,1003.8233642578124,1.028523366259821,3.0628461474330293,-0.3204188298828894,3.0167776901382988,0.2647472536681213,1.306874930918926,0.9514498344110252,-0.5399432597472117,3.348110656193866,0.8965220619264871
64.0,98.0,1006.2741088867188,1.643031542836416,3.606370926934152,-0.6934784640503268,3.544777025413626,-0.1168117638030309,0.939111865717292,1.235370936060419,0.8014975999324441,3.270795648100955,1.6707495569788469
64.0,98.0,1005.7882080078124,1.930989912640924,2.5698273775009017,-0.4222718299406413,2.2647280101266523,-1.2334670620841697,1.1900713704557306,1.273633231737758,-0.0756089152430987,3.487418316929421,1.693288812527204
64.0,98.0,1006.8382568359376,0.1804789330101401,3.0917668051613663,-0.2176748729395974,3.129186080616745,-0.184644706135572,1.2461711329689706,0.486178220236735,0.5893075181890408,3.2961757838031907,1.713460639674954
64.0,98.0,1004.8368530273438,-0.0192859539180938,3.1458012448024646,-0.4052589456220559,3.5837623621294377,-0.4446218579421889,1.004306573519272,1.0674916208430016,-0.1473208806064043,4.659302750457305,1.266183010783346
64.0,98.0,1005.0035400390624,1.488088734200528,3.2964916798764268,-0.081613556681665,3.4931910742310563,-0.4795947022471148,1.19443031097595,1.5983254058784726,0.3030366300005376,3.1093375136026897,1.3517079212642986
64.0,98.0,1005.59716796875,0.8422960777773174,3.0348209215701183,-0.2311176520887816,3.530445462000517,0.731073415144617,1.0838871087870037,1.0526527931079228,-0.2789778063184201,3.525442996103043,1.9314441196361605
64.0,98.0,1005.1682739257812,0.4758226699530498,2.725912301651685,-0.0230184400084026,3.5041163169939864,-0.2839688026094656,0.98246182909671,0.7814411067738086,0.0567855685067581,3.2908997596538847,1.3640380101297185
64.0,98.0,1006.4464721679688,1.5809811609032556,2.973684344508984,-0.2520182689694079,3.5675059166760548,-0.2077706524501733,0.9768099904424354,1.0682780433964296,-0.0034129855540246,3.316314287362724,1.5148379811241202
64.0,98.0,1005.4376220703124,1.4939369051591875,3.208578143175042,-0.0838875551827738,3.6527902052474297,-0.0677512366808728,2.1295316682877434,1.0280783661595605,-0.0117743859456704,3.334761595860714,1.7120512362595308
64.0,98.0,1005.9476318359376,0.0416259073064684,3.056620648095169,0.9059087932371556,3.541676985417584,-0.4558259587305865,-0.3150494321593007,1.05123482986649,-0.0994281152615595,3.238383279985208,1.6565234082160285
64.0,98.0,1006.3308715820312,1.535959406806901,3.012881012953959,-0.1663306996994601,3.5850778383914594,-0.2867194392540477,1.0486903470382465,1.1491035130694829,-0.0172823082687018,3.5717012420075,1.522958118209904
64.0,98.0,1005.21337890625,1.1138422598907147,3.163510525715634,-0.3509051133911852,2.6758266898773537,-0.5122082648359199,1.0718111705207738,1.65587216787568,-1.0170876187562123,3.54151433099572,1.3460114713344828
64.0,98.0,1004.9675903320312,0.5163418992741506,3.048817683689679,-0.6671757961656667,3.038681368765338,-1.5010622553438249,0.7996637919310045,1.2467383098495923,0.0980610079545224,3.3445950501342527,1.5795039091826957
64.0,98.0,1004.8756713867188,1.803103039357084,3.04969122379482,-0.2380855070972431,3.544222673085715,-0.3675432124331079,1.0049334701620785,1.0915745130618049,-0.0166428366782459,3.286393579044508,1.7128181502425668
64.0,98.0,1005.5949096679688,1.065741447403239,3.566321993171797,-0.1722097588879127,3.335195644635442,0.4153135222526197,1.6432684793938577,1.2308026718224587,0.3065238812510272,3.32453208933479,1.4181087479272612
64.0,98.0,1007.3155517578124,1.5371241881530973,3.0630876048410456,-0.0871751942409553,3.5037983811037874,0.0538749320857102,1.0868473082144283,1.0345167488863027,-0.175052114745749,3.3374017791678297,1.6722190592691553
64.0,98.0,1005.6847534179688,1.5291553936280218,2.501505383531246,-0.2181375611222888,3.0273038141281496,-0.2120236101567779,-0.0606551677314507,1.2525278734953254,0.419718581189239,3.340401835705691,1.7413380876269096
64.0,98.0,1006.3489990234376,1.5514520891483368,3.057318420357167,-0.2631982522786442,3.525985729806991,-0.211421577591669,1.0871765917978395,1.0592099546980789,-0.0142462550174791,2.96232874565588,1.5743383689854655
64.0,98.0,1005.1350708007812,0.1661038185710084,2.5390123143543657,2.0774916054569346,1.835614257140512,-1.5735118140693944,0.0393769710875324,1.5364656260845004,0.9512514490147672,2.833057723425437,1.6722709438483858
64.0,98.0,1006.7476806640624,1.3783292661069166,2.227281756843792,0.7486796121921748,2.3676098445669496,-0.4352187250238886,0.1295667694666509,1.2582478032152908,0.9678886220425788,1.546052822985894,1.7088008776725607
64.0,98.0,1003.6841430664062,1.5264166200797986,3.063097861613356,-0.215819897253269,3.5490497273888275,-0.2048867388282806,1.0826619122252867,1.0511392207255632,-0.0170243374408754,3.2973942147249127,1.6821927523441609
64.0,98.0,1005.4440307617188,1.289907930668421,3.060733993275304,-0.3771185396291053,3.601437036110384,-0.2059808139188375,0.3652734226398119,1.0034986711764593,0.0034731841783003,3.2897084850853227,1.7074537634441065
64.0,98.0,1006.3912353515624,1.0823124156003283,3.145532408020725,0.0937498638335725,4.3492484902596935,-0.983369492477124,0.3045399617600217,1.0355153888892177,-0.6035785196627739,3.47882371336145,1.9749920545649893
64.0,98.0,1005.9546508789062,0.9774910519862512,2.9966431409109435,0.4128803033982741,3.8754920315794896,-0.1991468490866272,0.97247392135606,1.0547347529563285,2.030288962326594,3.222855217908842,1.6821978949551688
64.0,98.0,1005.7315063476562,1.5396689441273124,3.0386942734840274,0.0727790596694881,3.99653790662412,-0.2180394714265182,1.1227822176659112,0.9898665587735348,-0.0161734394273001,3.292559616599718,1.7283088665121291
64.0,98.0,1005.9786376953124,1.1755166225902458,3.0139295819900664,-0.2417305383366287,3.616814653335077,-0.2729520402836232,1.8592848557108288,1.1177652924446315,0.1211451494947978,3.912459696901169,2.2316448068592054
64.0,98.0,1004.7403564453124,0.4804166552562906,3.142058809388116,-0.507253232726782,3.78275224637308,-0.5671588827166028,1.1261544357254607,1.4122039073154182,0.5007209311294231,3.503301094810195,1.926829920271378
64.0,98.0,1004.5214233398438,1.3925082887281215,3.065088985864282,-0.1686798461004562,2.4937664364779137,-0.2246521629870259,1.0573601922845028,1.0844478999456344,-0.8866334099558765,3.2654268773896447,1.6563374701400866
64.0,98.0,1006.9170532226562,1.5008135023933489,2.9861872071511346,-0.431893834371605,2.8214919187287486,-0.2261427739521425,1.1105615551034884,0.4838116239205338,-0.0052966471293471,3.1909425469340382,0.7855032477643943
64.0,98.0,1005.6001586914062,0.1781387739601991,2.8222566258346973,-1.2784227836424644,2.158820161725356,-1.3598118191510389,1.8033214309254848,1.4312019484559402,0.0812233307260337,2.5723035292130967,1.5728984824109573
64.0,98.0,1005.8743896484376,0.0594998054986024,2.4736092679713666,-0.1808303602303297,1.535912543515276,-0.2128728184311272,0.8096079746393341,0.1778975985534896,-0.0199302804665875,3.321000599716123,2.4317144383963893
64.0,98.0,1005.768310546875,1.5999854791936896,2.9805356758612893,-0.224463190705871,3.807145392204087,-0.3379384159359995,1.0087144864956603,0.8161970981207121,-0.0299745068515237,3.525817858828421,1.6851147134922917
64.0,99.0,1004.7705688476562,-0.4544287265598248,3.062173972220695,0.1729655489759677,2.9943601184715565,-0.192053599756429,-0.1349261357778195,0.6695620212450178,-0.0163932432461255,1.6540016053408708,1.1175596814486548
64.0,99.0,1007.3576049804688,0.9212569846597908,3.06139855165662,-0.1317967257900236,3.542737248419205,-1.233962615803387,1.2850703011185782,1.0033974406470525,-0.023572540304738,3.640052147588491,1.601728056724547
64.0,99.0,1006.1361694335938,0.8387232566556513,3.06514310945846,-0.2027294162619589,3.4053886985494604,-0.2057767340794501,0.9954022963306812,1.0357322898782315,-0.0773616051418161,3.3487778925027016,1.045925357427675
64.0,99.0,1005.7072143554688,1.6491448804843336,2.9104453120023,-0.2376035463302053,3.615676320374159,-0.5459213406507523,1.0802436756395946,1.0229389087533642,-0.0226071327225542,3.134768809825729,1.4551102740604491
64.0,99.0,1005.2555541992188,-0.5037094802039921,3.707585390221884,-0.3280569768488796,3.321070462527059,0.979043172621886,-0.4155761280008436,0.9565504599200948,0.2951346271246178,3.295787014291044,2.1819067114242974
64.0,99.0,1008.2530517578124,1.5270982961521142,2.378577058659652,-0.1300141971189669,3.4316988602336704,-0.3495752633471561,0.6940326962933131,0.758785861126745,0.0664492484260929,3.002636118435235,0.7040430065820917
64.0,99.0,1006.2119140625,0.4893625390202833,1.7795423029239368,-0.2283334970089545,3.1277989280704825,0.4981169607027755,1.141197769335064,2.5146578201478693,1.975507430672696,4.311031517865723,2.0922100116751228
64.0,99.0,1005.1494140625,1.4267671879387,2.82151791963309,-0.2050135975394147,3.599402345635524,-0.212234014229664,1.0699343377498252,1.054124327480299,-0.0348381047181509,3.2384919490320403,1.683330061310487
64.0,99.0,1006.1808471679688,1.5044895019604971,4.37353118641234,-0.1123117642728705,3.278240110355435,-0.2710004059046436,1.206590297347884,1.0726861605494895,-0.7094813345437163,3.301103040810469,1.658737095350794
64.0,99.0,1004.5355224609376,-0.2067583177486083,2.156645823399848,1.1237471826284795,3.780946817479548,-0.5114493991580722,1.3470285072754011,1.5426076556614716,0.9251629364195506,3.6326501297850458,1.193605314089168
64.0,99.0,1005.1493530273438,0.5735184706036716,3.028423329307017,0.2644622216036731,2.659398374348958,0.2306337810705419,1.0125999917583286,1.1341537852403114,0.5087035841895886,3.226086612326376,1.548830647479367
64.0,99.0,1004.7785034179688,0.6991135168312739,2.894738252833397,-0.2188575842976097,3.4645647397683965,-0.2438181442738039,1.0991670823590096,0.687295206439572,1.314428712403647,3.3101250531130244,1.6781756112361752
64.0,99.0,1007.0950317382812,1.446835224148964,3.0922601795919884,-0.452305704672947,3.21730163786542,-0.0825677138335264,1.2279749223139236,1.2275438040595814,-0.4912708696922656,3.2998959905492504,1.7170354603092577
64.0,99.0,1005.6038818359376,1.308516753266523,2.1752865939900867,0.1815601508968082,4.19439705578338,-0.2059303139175663,1.0777198568117343,1.0908442654933863,0.2003939982353898,2.6281803945220314,1.684505779710975
64.0,99.0,1005.079833984375,0.8078773908434,3.0635542735379326,-0.2222773718837908,3.644619233544741,-0.0438507735814526,1.4232936018416082,0.7302359461628485,0.463335757005806,3.131559441489576,1.6311643300045815
64.0,99.0,1006.5872802734376,0.2656690085363156,2.8994275720441487,-0.0359203097652873,2.439288483665521,-0.403613583524778,2.160790506390417,1.4511060060394816,0.484404972217794,3.372222679109396,2.807072668682597
64.0,99.0,1005.7649536132812,0.2825466944237913,3.223371955913502,-1.130107795435179,3.475165291581171,-1.048330892200188,0.6773142097574366,1.7224453178602437,-0.0116344510771347,2.978858171781275,1.664112733334867
64.0,99.0,1003.8233642578124,1.028523366259821,3.0628461474330293,-0.3204188298828894,3.0167776901382988,0.2647472536681213,1.306874930918926,0.9514498344110252,-0.5399432597472117,3.348110656193866,0.8965220619264871
64.0,99.0,1006.2741088867188,1.643031542836416,3.606370926934152,-0.6934784640503268,3.544777025413626,-0.1168117638030309,0.939111865717292,1.235370936060419,0.8014975999324441,3.270795648100955,1.6707495569788469
64.0,99.0,1005.7882080078124,1.930989912640924,2.5698273775009017,-0.4222718299406413,2.2647280101266523,-1.2334670620841697,1.1900713704557306,1.273633231737758,-0.0756089152430987,3.487418316929421,1.693288812527204
64.0,99.0,1006.8382568359376,0.1804789330101401,3.0917668051613663,-0.2176748729395974,3.129186080616745,-0.184644706135572,1.2461711329689706,0.486178220236735,0.5893075181890408,3.2961757838031907,1.713460639674954
64.0,99.0,1004.8368530273438,-0.0192859539180938,3.1458012448024646,-0.4052589456220559,3.5837623621294377,-0.4446218579421889,1.004306573519272,1.0674916208430016,-0.1473208806064043,4.659302750457305,1.266183010783346
64.0,99.0,1005.0035400390624,1.488088734200528,3.2964916798764268,-0.081613556681665,3.4931910742310563,-0.4795947022471148,1.19443031097595,1.5983254058784726,0.3030366300005376,3.1093375136026897,1.3517079212642986
64.0,99.0,1005.59716796875,0.8422960777773174,3.0348209215701183,-0.2311176520887816,3.530445462000517,0.731073415144617,1.0838871087870037,1.0526527931079228,-0.2789778063184201,3.525442996103043,1.9314441196361605
64.0,99.0,1005.1682739257812,0.4758226699530498,2.725912301651685,-0.0230184400084026,3.5041163169939864,-0.2839688026094656,0.98246182909671,0.7814411067738086,0.0567855685067581,3.2908997596538847,1.3640380101297185
64.0,99.0,1006.4464721679688,1.5809811609032556,2.973684344508984,-0.2520182689694079,3.5675059166760548,-0.2077706524501733,0.9768099904424354,1.0682780433964296,-0.0034129855540246,3.316314287362724,1.5148379811241202
64.0,99.0,1005.4376220703124,1.4939369051591875,3.208578143175042,-0.0838875551827738,3.6527902052474297,-0.0677512366808728,2.1295316682877434,1.0280783661595605,-0.0117743859456704,3.334761595860714,1.7120512362595308
64.0,99.0,1005.9476318359376,0.0416259073064684,3.056620648095169,0.9059087932371556,3.541676985417584,-0.4558259587305865,-0.3150494321593007,1.05123482986649,-0.0994281152615595,3.238383279985208,1.6565234082160285
64.0,99.0,1006.3308715820312,1.535959406806901,3.012881012953959,-0.1663306996994601,3.5850778383914594,-0.2867194392540477,1.0486903470382465,1.1491035130694829,-0.0172823082687018,3.5717012420075,1.522958118209904
64.0,99.0,1005.21337890625,1.1138422598907147,3.163510525715634,-0.3509051133911852,2.6758266898773537,-0.5122082648359199,1.0718111705207738,1.65587216787568,-1.0170876187562123,3.54151433099572,1.3460114713344828
64.0,99.0,1004.9675903320312,0.5163418992741506,3.048817683689679,-0.6671757961656667,3.038681368765338,-1.5010622553438249,0.7996637919310045,1.2467383098495923,0.0980610079545224,3.3445950501342527,1.5795039091826957
64.0,99.0,1004.8756713867188,1.803103039357084,3.04969122379482,-0.2380855070972431,3.544222673085715,-0.3675432124331079,1.0049334701620785,1.0915745130618049,-0.0166428366782459,3.286393579044508,1.7128181502425668
64.0,99.0,1005.5949096679688,1.065741447403239,3.566321993171797,-0.1722097588879127,3.335195644635442,0.4153135222526197,1.6432684793938577,1.2308026718224587,0.3065238812510272,3.32453208933479,1.4181087479272612
64.0,99.0,1007.3155517578124,1.5371241881530973,3.0630876048410456,-0.0871751942409553,3.5037983811037874,0.0538749320857102,1.0868473082144283,1.0345167488863027,-0.175052114745749,3.3374017791678297,1.6722190592691553
64.0,99.0,1005.6847534179688,1.5291553936280218,2.501505383531246,-0.2181375611222888,3.0273038141281496,-0.2120236101567779,-0.0606551677314507,1.2525278734953254,0.419718581189239,3.340401835705691,1.7413380876269096
64.0,99.0,1006.3489990234376,1.5514520891483368,3.057318420357167,-0.2631982522786442,3.525985729806991,-0.211421577591669,1.0871765917978395,1.0592099546980789,-0.0142462550174791,2.96232874565588,1.5743383689854655
64.0,99.0,1005.1350708007812,0.1661038185710084,2.5390123143543657,2.0774916054569346,1.835614257140512,-1.5735118140693944,0.0393769710875324,1.5364656260845004,0.9512514490147672,2.833057723425437,1.6722709438483858
64.0,99.0,1006.7476806640624,1.3783292661069166,2.227281756843792,0.7486796121921748,2.3676098445669496,-0.4352187250238886,0.1295667694666509,1.2582478032152908,0.9678886220425788,1.546052822985894,1.7088008776725607
64.0,99.0,1003.6841430664062,1.5264166200797986,3.063097861613356,-0.215819897253269,3.5490497273888275,-0.2048867388282806,1.0826619122252867,1.0511392207255632,-0.0170243374408754,3.2973942147249127,1.6821927523441609
64.0,99.0,1005.4440307617188,1.289907930668421,3.060733993275304,-0.3771185396291053,3.601437036110384,-0.2059808139188375,0.3652734226398119,1.0034986711764593,0.0034731841783003,3.2897084850853227,1.7074537634441065
64.0,99.0,1006.3912353515624,1.0823124156003283,3.145532408020725,0.0937498638335725,4.3492484902596935,-0.983369492477124,0.3045399617600217,1.0355153888892177,-0.6035785196627739,3.47882371336145,1.9749920545649893
64.0,99.0,1005.9546508789062,0.9774910519862512,2.9966431409109435,0.4128803033982741,3.8754920315794896,-0.1991468490866272,0.97247392135606,1.0547347529563285,2.030288962326594,3.222855217908842,1.6821978949551688
64.0,99.0,1005.7315063476562,1.5396689441273124,3.0386942734840274,0.0727790596694881,3.99653790662412,-0.2180394714265182,1.1227822176659112,0.9898665587735348,-0.0161734394273001,3.292559616599718,1.7283088665121291
64.0,99.0,1005.9786376953124,1.1755166225902458,3.0139295819900664,-0.2417305383366287,3.616814653335077,-0.2729520402836232,1.8592848557108288,1.1177652924446315,0.1211451494947978,3.912459696901169,2.2316448068592054
64.0,99.0,1004.7403564453124,0.4804166552562906,3.142058809388116,-0.507253232726782,3.78275224637308,-0.5671588827166028,1.1261544357254607,1.4122039073154182,0.5007209311294231,3.503301094810195,1.926829920271378
64.0,99.0,1004.5214233398438,1.3925082887281215,3.065088985864282,-0.1686798461004562,2.4937664364779137,-0.2246521629870259,1.0573601922845028,1.0844478999456344,-0.8866334099558765,3.2654268773896447,1.6563374701400866
64.0,99.0,1006.9170532226562,1.5008135023933489,2.9861872071511346,-0.431893834371605,2.8214919187287486,-0.2261427739521425,1.1105615551034884,0.4838116239205338,-0.0052966471293471,3.1909425469340382,0.7855032477643943
64.0,99.0,1005.6001586914062,0.1781387739601991,2.8222566258346973,-1.2784227836424644,2.158820161725356,-1.3598118191510389,1.8033214309254848,1.4312019484559402,0.0812233307260337,2.5723035292130967,1.5728984824109573
64.0,99.0,1005.8743896484376,0.0594998054986024,2.4736092679713666,-0.1808303602303297,1.535912543515276,-0.2128728184311272,0.8096079746393341,0.1778975985534896,-0.0199302804665875,3.321000599716123,2.4317144383963893
64.0,99.0,1005.768310546875,1.5999854791936896,2.9805356758612893,-0.224463190705871,3.807145392204087,-0.3379384159359995,1.0087144864956603,0.8161970981207121,-0.0299745068515237,3.525817858828421,1.6851147134922917
64.0,100.0,1004.7705688476562,-0.4544287265598248,3.062173972220695,0.1729655489759677,2.9943601184715565,-0.192053599756429,-0.1349261357778195,0.6695620212450178,-0.0163932432461255,1.6540016053408708,1.1175596814486548
64.0,100.0,1007.3576049804688,0.9212569846597908,3.06139855165662,-0.1317967257900236,3.542737248419205,-1.233962615803387,1.2850703011185782,1.0033974406470525,-0.023572540304738,3.640052147588491,1.601728056724547
64.0,100.0,1006.1361694335938,0.8387232566556513,3.06514310945846,-0.2027294162619589,3.4053886985494604,-0.2057767340794501,0.9954022963306812,1.0357322898782315,-0.0773616051418161,3.3487778925027016,1.045925357427675
64.0,100.0,1005.7072143554688,1.6491448804843336,2.9104453120023,-0.2376035463302053,3.615676320374159,-0.5459213406507523,1.0802436756395946,1.0229389087533642,-0.0226071327225542,3.134768809825729,1.4551102740604491
64.0,100.0,1005.2555541992188,-0.5037094802039921,3.707585390221884,-0.3280569768488796,3.321070462527059,0.979043172621886,-0.4155761280008436,0.9565504599200948,0.2951346271246178,3.295787014291044,2.1819067114242974
64.0,100.0,1008.2530517578124,1.5270982961521142,2.378577058659652,-0.1300141971189669,3.4316988602336704,-0.3495752633471561,0.6940326962933131,0.758785861126745,0.0664492484260929,3.002636118435235,0.7040430065820917
64.0,100.0,1006.2119140625,0.4893625390202833,1.7795423029239368,-0.2283334970089545,3.1277989280704825,0.4981169607027755,1.141197769335064,2.5146578201478693,1.975507430672696,4.311031517865723,2.0922100116751228
64.0,100.0,1005.1494140625,1.4267671879387,2.82151791963309,-0.2050135975394147,3.599402345635524,-0.212234014229664,1.0699343377498252,1.054124327480299,-0.0348381047181509,3.2384919490320403,1.683330061310487
64.0,100.0,1006.1808471679688,1.5044895019604971,4.37353118641234,-0.1123117642728705,3.278240110355435,-0.2710004059046436,1.206590297347884,1.0726861605494895,-0.7094813345437163,3.301103040810469,1.658737095350794
64.0,100.0,1004.5355224609376,-0.2067583177486083,2.156645823399848,1.1237471826284795,3.780946817479548,-0.5114493991580722,1.3470285072754011,1.5426076556614716,0.9251629364195506,3.6326501297850458,1.193605314089168
64.0,100.0,1005.1493530273438,0.5735184706036716,3.028423329307017,0.2644622216036731,2.659398374348958,0.2306337810705419,1.0125999917583286,1.1341537852403114,0.5087035841895886,3.226086612326376,1.548830647479367
64.0,100.0,1004.7785034179688,0.6991135168312739,2.894738252833397,-0.2188575842976097,3.4645647397683965,-0.2438181442738039,1.0991670823590096,0.687295206439572,1.314428712403647,3.3101250531130244,1.6781756112361752
64.0,100.0,1007.0950317382812,1.446835224148964,3.0922601795919884,-0.452305704672947,3.21730163786542,-0.0825677138335264,1.2279749223139236,1.2275438040595814,-0.4912708696922656,3.2998959905492504,1.7170354603092577
64.0,100.0,1005.6038818359376,1.308516753266523,2.1752865939900867,0.1815601508968082,4.19439705578338,-0.2059303139175663,1.0777198568117343,1.0908442654933863,0.2003939982353898,2.6281803945220314,1.684505779710975
64.0,100.0,1005.079833984375,0.8078773908434,3.0635542735379326,-0.2222773718837908,3.644619233544741,-0.0438507735814526,1.4232936018416082,0.7302359461628485,0.463335757005806,3.131559441489576,1.6311643300045815
64.0,100.0,1006.5872802734376,0.2656690085363156,2.8994275720441487,-0.0359203097652873,2.439288483665521,-0.403613583524778,2.160790506390417,1.4511060060394816,0.484404972217794,3.372222679109396,2.807072668682597
64.0,100.0,1005.7649536132812,0.2825466944237913,3.223371955913502,-1.130107795435179,3.475165291581171,-1.048330892200188,0.6773142097574366,1.7224453178602437,-0.0116344510771347,2.978858171781275,1.664112733334867
64.0,100.0,1003.8233642578124,1.028523366259821,3.0628461474330293,-0.3204188298828894,3.0167776901382988,0.2647472536681213,1.306874930918926,0.9514498344110252,-0.5399432597472117,3.348110656193866,0.8965220619264871
64.0,100.0,1006.2741088867188,1.643031542836416,3.606370926934152,-0.6934784640503268,3.544777025413626,-0.1168117638030309,0.939111865717292,1.235370936060419,0.8014975999324441,3.270795648100955,1.6707495569788469
64.0,100.0,1005.7882080078124,1.930989912640924,2.5698273775009017,-0.4222718299406413,2.2647280101266523,-1.2334670620841697,1.1900713704557306,1.273633231737758,-0.0756089152430987,3.487418316929421,1.693288812527204
64.0,100.0,1006.8382568359376,0.1804789330101401,3.0917668051613663,-0.2176748729395974,3.129186080616745,-0.184644706135572,1.2461711329689706,0.486178220236735,0.5893075181890408,3.2961757838031907,1.713460639674954
64.0,100.0,1004.8368530273438,-0.0192859539180938,3.1458012448024646,-0.4052589456220559,3.5837623621294377,-0.4446218579421889,1.004306573519272,1.0674916208430016,-0.1473208806064043,4.659302750457305,1.266183010783346
64.0,100.0,1005.0035400390624,1.488088734200528,3.2964916798764268,-0.081613556681665,3.4931910742310563,-0.4795947022471148,1.19443031097595,1.5983254058784726,0.3030366300005376,3.1093375136026897,1.3517079212642986
64.0,100.0,1005.59716796875,0.8422960777773174,3.0348209215701183,-0.2311176520887816,3.530445462000517,0.731073415144617,1.0838871087870037,1.0526527931079228,-0.2789778063184201,3.525442996103043,1.9314441196361605
64.0,100.0,1005.1682739257812,0.4758226699530498,2.725912301651685,-0.0230184400084026,3.5041163169939864,-0.2839688026094656,0.98246182909671,0.7814411067738086,0.0567855685067581,3.2908997596538847,1.3640380101297185
64.0,100.0,1006.4464721679688,1.5809811609032556,2.973684344508984,-0.2520182689694079,3.5675059166760548,-0.2077706524501733,0.9768099904424354,1.0682780433964296,-0.0034129855540246,3.316314287362724,1.5148379811241202
64.0,100.0,1005.4376220703124,1.4939369051591875,3.208578143175042,-0.0838875551827738,3.6527902052474297,-0.0677512366808728,2.1295316682877434,1.0280783661595605,-0.0117743859456704,3.334761595860714,1.7120512362595308
64.0,100.0,1005.9476318359376,0.0416259073064684,3.056620648095169,0.9059087932371556,3.541676985417584,-0.4558259587305865,-0.3150494321593007,1.05123482986649,-0.0994281152615595,3.238383279985208,1.6565234082160285
64.0,100.0,1006.3308715820312,1.535959406806901,3.012881012953959,-0.1663306996994601,3.5850778383914594,-0.2867194392540477,1.0486903470382465,1.1491035130694829,-0.0172823082687018,3.5717012420075,1.522958118209904
64.0,100.0,1005.21337890625,1.1138422598907147,3.163510525715634,-0.3509051133911852,2.6758266898773537,-0.5122082648359199,1.0718111705207738,1.65587216787568,-1.0170876187562123,3.54151433099572,1.3460114713344828
64.0,100.0,1004.9675903320312,0.5163418992741506,3.048817683689679,-0.6671757961656667,3.038681368765338,-1.5010622553438249,0.7996637919310045,1.2467383098495923,0.0980610079545224,3.3445950501342527,1.5795039091826957
64.0,100.0,1004.8756713867188,1.803103039357084,3.04969122379482,-0.2380855070972431,3.544222673085715,-0.3675432124331079,1.0049334701620785,1.0915745130618049,-0.0166428366782459,3.286393579044508,1.7128181502425668
64.0,100.0,1005.5949096679688,1.065741447403239,3.566321993171797,-0.1722097588879127,3.335195644635442,0.4153135222526197,1.6432684793938577,1.2308026718224587,0.3065238812510272,3.32453208933479,1.4181087479272612
64.0,100.0,1007.3155517578124,1.5371241881530973,3.0630876048410456,-0.0871751942409553,3.5037983811037874,0.0538749320857102,1.0868473082144283,1.0345167488863027,-0.175052114745749,3.3374017791678297,1.6722190592691553
64.0,100.0,1005.6847534179688,1.5291553936280218,2.501505383531246,-0.2181375611222888,3.0273038141281496,-0.2120236101567779,-0.0606551677314507,1.2525278734953254,0.419718581189239,3.340401835705691,1.7413380876269096
64.0,100.0,1006.3489990234376,1.5514520891483368,3.057318420357167,-0.2631982522786442,3.525985729806991,-0.211421577591669,1.0871765917978395,1.0592099546980789,-0.0142462550174791,2.96232874565588,1.5743383689854655
64.0,100.0,1005.1350708007812,0.1661038185710084,2.5390123143543657,2.0774916054569346,1.835614257140512,-1.5735118140693944,0.0393769710875324,1.5364656260845004,0.9512514490147672,2.833057723425437,1.6722709438483858
64.0,100.0,1006.7476806640624,1.3783292661069166,2.227281756843792,0.7486796121921748,2.3676098445669496,-0.4352187250238886,0.1295667694666509,1.2582478032152908,0.9678886220425788,1.546052822985894,1.7088008776725607
64.0,100.0,1003.6841430664062,1.5264166200797986,3.063097861613356,-0.215819897253269,3.5490497273888275,-0.2048867388282806,1.0826619122252867,1.0511392207255632,-0.0170243374408754,3.2973942147249127,1.6821927523441609
64.0,100.0,1005.0227661132812,1.1090167985935704,3.054929262949412,0.2138404591139139,3.3785257770175283,-0.2062982807170551,0.6081492878130935,1.0163426512361524,-0.0348229360837541,3.2931519023315508,1.7331119502206431
64.0,100.0,1006.3912353515624,1.0823124156003283,3.145532408020725,0.0937498638335725,4.3492484902596935,-0.983369492477124,0.3045399617600217,1.0355153888892177,-0.6035785196627739,3.47882371336145,1.9749920545649893
64.0,100.0,1005.9546508789062,0.9774910519862512,2.9966431409109435,0.4128803033982741,3.8754920315794896,-0.1991468490866272,0.97247392135606,1.0547347529563285,2.030288962326594,3.222855217908842,1.6821978949551688
64.0,100.0,1005.7315063476562,1.5396689441273124,3.0386942734840274,0.0727790596694881,3.99653790662412,-0.2180394714265182,1.1227822176659112,0.9898665587735348,-0.0161734394273001,3.292559616599718,1.7283088665121291
64.0,100.0,1005.9786376953124,1.1755166225902458,3.0139295819900664,-0.2417305383366287,3.616814653335077,-0.2729520402836232,1.8592848557108288,1.1177652924446315,0.1211451494947978,3.912459696901169,2.2316448068592054
64.0,100.0,1004.7403564453124,0.4804166552562906,3.142058809388116,-0.507253232726782,3.78275224637308,-0.5671588827166028,1.1261544357254607,1.4122039073154182,0.5007209311294231,3.503301094810195,1.926829920271378
64.0,100.0,1004.5214233398438,1.3925082887281215,3.065088985864282,-0.1686798461004562,2.4937664364779137,-0.2246521629870259,1.0573601922845028,1.0844478999456344,-0.8866334099558765,3.2654268773896447,1.6563374701400866
64.0,100.0,1006.9170532226562,1.5008135023933489,2.9861872071511346,-0.431893834371605,2.8214919187287486,-0.2261427739521425,1.1105615551034884,0.4838116239205338,-0.0052966471293471,3.1909425469340382,0.7855032477643943
64.0,100.0,1005.6001586914062,0.1781387739601991,2.8222566258346973,-1.2784227836424644,2.158820161725356,-1.3598118191510389,1.8033214309254848,1.4312019484559402,0.0812233307260337,2.5723035292130967,1.5728984824109573
64.0,100.0,1005.8743896484376,0.0594998054986024,2.4736092679713666,-0.1808303602303297,1.535912543515276,-0.2128728184311272,0.8096079746393341,0.1778975985534896,-0.0199302804665875,3.321000599716123,2.4317144383963893
64.0,100.0,1005.768310546875,1.5999854791936896,2.9805356758612893,-0.224463190705871,3.807145392204087,-0.3379384159359995,1.0087144864956603,0.8161970981207121,-0.0299745068515237,3.525817858828421,1.6851147134922917
64.0,101.0,1004.7705688476562,-0.4544287265598248,3.062173972220695,0.1729655489759677,2.9943601184715565,-0.192053599756429,-0.1349261357778195,0.6695620212450178,-0.0163932432461255,1.6540016053408708,1.1175596814486548
64.0,101.0,1007.3576049804688,0.9212569846597908,3.06139855165662,-0.1317967257900236,3.542737248419205,-1.233962615803387,1.2850703011185782,1.0033974406470525,-0.023572540304738,3.640052147588491,1.601728056724547
64.0,101.0,1006.1361694335938,0.8387232566556513,3.06514310945846,-0.2027294162619589,3.4053886985494604,-0.2057767340794501,0.9954022963306812,1.0357322898782315,-0.0773616051418161,3.3487778925027016,1.045925357427675
64.0,101.0,1005.7072143554688,1.6491448804843336,2.9104453120023,-0.2376035463302053,3.615676320374159,-0.5459213406507523,1.0802436756395946,1.0229389087533642,-0.0226071327225542,3.134768809825729,1.4551102740604491
64.0,101.0,1005.2555541992188,-0.5037094802039921,3.707585390221884,-0.3280569768488796,3.321070462527059,0.979043172621886,-0.4155761280008436,0.9565504599200948,0.2951346271246178,3.295787014291044,2.1819067114242974
64.0,101.0,1008.2530517578124,1.5270982961521142,2.378577058659652,-0.1300141971189669,3.4316988602336704,-0.3495752633471561,0.6940326962933131,0.758785861126745,0.0664492484260929,3.002636118435235,0.7040430065820917
64.0,101.0,1006.2119140625,0.4893625390202833,1.7795423029239368,-0.2283334970089545,3.1277989280704825,0.4981169607027755,1.141197769335064,2.5146578201478693,1.975507430672696,4.311031517865723,2.0922100116751228
64.0,101.0,1005.1494140625,1.4267671879387,2.82151791963309,-0.2050135975394147,3.599402345635524,-0.212234014229664,1.0699343377498252,1.054124327480299,-0.0348381047181509,3.2384919490320403,1.683330061310487
64.0,101.0,1006.1808471679688,1.5044895019604971,4.37353118641234,-0.1123117642728705,3.278240110355435,-0.2710004059046436,1.206590297347884,1.0726861605494895,-0.7094813345437163,3.301103040810469,1.658737095350794
64.0,101.0,1004.5355224609376,-0.2067583177486083,2.156645823399848,1.1237471826284795,3.780946817479548,-0.5114493991580722,1.3470285072754011,1.5426076556614716,0.9251629364195506,3.6326501297850458,1.193605314089168
64.0,101.0,1005.1493530273438,0.5735184706036716,3.028423329307017,0.2644622216036731,2.659398374348958,0.2306337810705419,1.0125999917583286,1.1341537852403114,0.5087035841895886,3.226086612326376,1.548830647479367
64.0,101.0,1004.7785034179688,0.6991135168312739,2.894738252833397,-0.2188575842976097,3.4645647397683965,-0.2438181442738039,1.0991670823590096,0.687295206439572,1.314428712403647,3.3101250531130244,1.6781756112361752
64.0,101.0,1007.0950317382812,1.446835224148964,3.0922601795919884,-0.452305704672947,3.21730163786542,-0.0825677138335264,1.2279749223139236,1.2275438040595814,-0.4912708696922656,3.2998959905492504,1.7170354603092577
64.0,101.0,1005.6038818359376,1.308516753266523,2.1752865939900867,0.1815601508968082,4.19439705578338,-0.2059303139175663,1.0777198568117343,1.0908442654933863,0.2003939982353898,2.6281803945220314,1.684505779710975
64.0,101.0,1005.079833984375,0.8078773908434,3.0635542735379326,-0.2222773718837908,3.644619233544741,-0.0438507735814526,1.4232936018416082,0.7302359461628485,0.463335757005806,3.131559441489576,1.6311643300045815
64.0,101.0,1006.5872802734376,0.2656690085363156,2.8994275720441487,-0.0359203097652873,2.439288483665521,-0.403613583524778,2.160790506390417,1.4511060060394816,0.484404972217794,3.372222679109396,2.807072668682597
64.0,101.0,1005.7649536132812,0.2825466944237913,3.223371955913502,-1.130107795435179,3.475165291581171,-1.048330892200188,0.6773142097574366,1.7224453178602437,-0.0116344510771347,2.978858171781275,1.664112733334867
64.0,101.0,1003.8233642578124,1.028523366259821,3.0628461474330293,-0.3204188298828894,3.0167776901382988,0.2647472536681213,1.306874930918926,0.9514498344110252,-0.5399432597472117,3.348110656193866,0.8965220619264871
64.0,101.0,1006.2741088867188,1.643031542836416,3.606370926934152,-0.6934784640503268,3.544777025413626,-0.1168117638030309,0.939111865717292,1.235370936060419,0.8014975999324441,3.270795648100955,1.6707495569788469
64.0,101.0,1005.7882080078124,1.930989912640924,2.5698273775009017,-0.4222718299406413,2.2647280101266523,-1.2334670620841697,1.1900713704557306,1.273633231737758,-0.0756089152430987,3.487418316929421,1.693288812527204
64.0,101.0,1006.8382568359376,0.1804789330101401,3.0917668051613663,-0.2176748729395974,3.129186080616745,-0.184644706135572,1.2461711329689706,0.486178220236735,0.5893075181890408,3.2961757838031907,1.713460639674954
64.0,101.0,1004.8368530273438,-0.0192859539180938,3.1458012448024646,-0.4052589456220559,3.5837623621294377,-0.4446218579421889,1.004306573519272,1.0674916208430016,-0.1473208806064043,4.659302750457305,1.266183010783346
64.0,101.0,1005.0035400390624,1.488088734200528,3.2964916798764268,-0.081613556681665,3.4931910742310563,-0.4795947022471148,1.19443031097595,1.5983254058784726,0.3030366300005376,3.1093375136026897,1.3517079212642986
64.0,101.0,1005.59716796875,0.8422960777773174,3.0348209215701183,-0.2311176520887816,3.530445462000517,0.731073415144617,1.0838871087870037,1.0526527931079228,-0.2789778063184201,3.525442996103043,1.9314441196361605
64.0,101.0,1005.1682739257812,0.4758226699530498,2.725912301651685,-0.0230184400084026,3.5041163169939864,-0.2839688026094656,0.98246182909671,0.7814411067738086,0.0567855685067581,3.2908997596538847,1.3640380101297185
64.0,101.0,1006.4464721679688,1.5809811609032556,2.973684344508984,-0.2520182689694079,3.5675059166760548,-0.2077706524501733,0.9768099904424354,1.0682780433964296,-0.0034129855540246,3.316314287362724,1.5148379811241202
64.0,101.0,1005.4376220703124,1.4939369051591875,3.208578143175042,-0.0838875551827738,3.6527902052474297,-0.0677512366808728,2.1295316682877434,1.0280783661595605,-0.0117743859456704,3.334761595860714,1.7120512362595308
64.0,101.0,1005.9476318359376,0.0416259073064684,3.056620648095169,0.9059087932371556,3.541676985417584,-0.4558259587305865,-0.3150494321593007,1.05123482986649,-0.0994281152615595,3.238383279985208,1.6565234082160285
64.0,101.0,1006.3308715820312,1.535959406806901,3.012881012953959,-0.1663306996994601,3.5850778383914594,-0.2867194392540477,1.0486903470382465,1.1491035130694829,-0.0172823082687018,3.5717012420075,1.522958118209904
64.0,101.0,1005.1908569335938,1.1023887204012748,3.2341476803645643,-0.201467270177571,2.4973480581935963,-0.1713493341169948,1.0827305179708886,1.376827834472508,0.3857767790946929,3.6663823370834,1.765177587675498
64.0,101.0,1004.9675903320312,0.5163418992741506,3.048817683689679,-0.6671757961656667,3.038681368765338,-1.5010622553438249,0.7996637919310045,1.2467383098495923,0.0980610079545224,3.3445950501342527,1.5795039091826957
64.0,101.0,1004.8756713867188,1.803103039357084,3.04969122379482,-0.2380855070972431,3.544222673085715,-0.3675432124331079,1.0049334701620785,1.0915745130618049,-0.0166428366782459,3.286393579044508,1.7128181502425668
64.0,101.0,1005.5949096679688,1.065741447403239,3.566321993171797,-0.1722097588879127,3.335195644635442,0.4153135222526197,1.6432684793938577,1.2308026718224587,0.3065238812510272,3.32453208933479,1.4181087479272612
64.0,101.0,1007.3155517578124,1.5371241881530973,3.0630876048410456,-0.0871751942409553,3.5037983811037874,0.0538749320857102,1.0868473082144283,1.0345167488863027,-0.175052114745749,3.3374017791678297,1.6722190592691553
64.0,101.0,1005.6847534179688,1.5291553936280218,2.501505383531246,-0.2181375611222888,3.0273038141281496,-0.2120236101567779,-0.0606551677314507,1.2525278734953254,0.419718581189239,3.340401835705691,1.7413380876269096
64.0,101.0,1006.3489990234376,1.5514520891483368,3.057318420357167,-0.2631982522786442,3.525985729806991,-0.211421577591669,1.0871765917978395,1.0592099546980789,-0.0142462550174791,2.96232874565588,1.5743383689854655
64.0,101.0,1005.1350708007812,0.1661038185710084,2.5390123143543657,2.0774916054569346,1.835614257140512,-1.5735118140693944,0.0393769710875324,1.5364656260845004,0.9512514490147672,2.833057723425437,1.6722709438483858
64.0,101.0,1006.7476806640624,1.3783292661069166,2.227281756843792,0.7486796121921748,2.3676098445669496,-0.4352187250238886,0.1295667694666509,1.2582478032152908,0.9678886220425788,1.546052822985894,1.7088008776725607
64.0,101.0,1003.6841430664062,1.5264166200797986,3.063097861613356,-0.215819897253269,3.5490497273888275,-0.2048867388282806,1.0826619122252867,1.0511392207255632,-0.0170243374408754,3.2973942147249127,1.6821927523441609
64.0,101.0,1005.0227661132812,1.1090167985935704,3.054929262949412,0.2138404591139139,3.3785257770175283,-0.2062982807170551,0.6081492878130935,1.0163426512361524,-0.0348229360837541,3.2931519023315508,1.7331119502206431
64.0,101.0,1006.3912353515624,1.0823124156003283,3.145532408020725,0.0937498638335725,4.3492484902596935,-0.983369492477124,0.3045399617600217,1.0355153888892177,-0.6035785196627739,3.47882371336145,1.9749920545649893
64.0,101.0,1005.9546508789062,0.9774910519862512,2.9966431409109435,0.4128803033982741,3.8754920315794896,-0.1991468490866272,0.97247392135606,1.0547347529563285,2.030288962326594,3.222855217908842,1.6821978949551688
64.0,101.0,1005.7315063476562,1.5396689441273124,3.0386942734840274,0.0727790596694881,3.99653790662412,-0.2180394714265182,1.1227822176659112,0.9898665587735348,-0.0161734394273001,3.292559616599718,1.7283088665121291
64.0,101.0,1005.9786376953124,1.1755166225902458,3.0139295819900664,-0.2417305383366287,3.616814653335077,-0.2729520402836232,1.8592848557108288,1.1177652924446315,0.1211451494947978,3.912459696901169,2.2316448068592054
64.0,101.0,1004.7403564453124,0.4804166552562906,3.142058809388116,-0.507253232726782,3.78275224637308,-0.5671588827166028,1.1261544357254607,1.4122039073154182,0.5007209311294231,3.503301094810195,1.926829920271378
64.0,101.0,1004.5214233398438,1.3925082887281215,3.065088985864282,-0.1686798461004562,2.4937664364779137,-0.2246521629870259,1.0573601922845028,1.0844478999456344,-0.8866334099558765,3.2654268773896447,1.6563374701400866
64.0,101.0,1006.9170532226562,1.5008135023933489,2.9861872071511346,-0.431893834371605,2.8214919187287486,-0.2261427739521425,1.1105615551034884,0.4838116239205338,-0.0052966471293471,3.1909425469340382,0.7855032477643943
64.0,101.0,1005.6001586914062,0.1781387739601991,2.8222566258346973,-1.2784227836424644,2.158820161725356,-1.3598118191510389,1.8033214309254848,1.4312019484559402,0.0812233307260337,2.5723035292130967,1.5728984824109573
64.0,101.0,1005.8743896484376,0.0594998054986024,2.4736092679713666,-0.1808303602303297,1.535912543515276,-0.2128728184311272,0.8096079746393341,0.1778975985534896,-0.0199302804665875,3.321000599716123,2.4317144383963893
64.0,101.0,1005.768310546875,1.5999854791936896,2.9805356758612893,-0.224463190705871,3.807145392204087,-0.3379384159359995,1.0087144864956603,0.8161970981207121,-0.0299745068515237,3.525817858828421,1.6851147134922917
64.0,102.0,1004.7705688476562,-0.4544287265598248,3.062173972220695,0.1729655489759677,2.9943601184715565,-0.192053599756429,-0.1349261357778195,0.6695620212450178,-0.0163932432461255,1.6540016053408708,1.1175596814486548
64.0,102.0,1007.3576049804688,0.9212569846597908,3.06139855165662,-0.1317967257900236,3.542737248419205,-1.233962615803387,1.2850703011185782,1.0033974406470525,-0.023572540304738,3.640052147588491,1.601728056724547
64.0,102.0,1006.1361694335938,0.8387232566556513,3.06514310945846,-0.2027294162619589,3.4053886985494604,-0.2057767340794501,0.9954022963306812,1.0357322898782315,-0.0773616051418161,3.3487778925027016,1.045925357427675
64.0,102.0,1005.7072143554688,1.6491448804843336,2.9104453120023,-0.2376035463302053,3.615676320374159,-0.5459213406507523,1.0802436756395946,1.0229389087533642,-0.0226071327225542,3.134768809825729,1.4551102740604491
64.0,102.0,1005.2555541992188,-0.5037094802039921,3.707585390221884,-0.3280569768488796,3.321070462527059,0.979043172621886,-0.4155761280008436,0.9565504599200948,0.2951346271246178,3.295787014291044,2.1819067114242974
64.0,102.0,1008.2530517578124,1.5270982961521142,2.378577058659652,-0.1300141971189669,3.4316988602336704,-0.3495752633471561,0.6940326962933131,0.758785861126745,0.0664492484260929,3.002636118435235,0.7040430065820917
64.0,102.0,1006.2119140625,0.4893625390202833,1.7795423029239368,-0.2283334970089545,3.1277989280704825,0.4981169607027755,1.141197769335064,2.5146578201478693,1.975507430672696,4.311031517865723,2.0922100116751228
64.0,102.0,1005.1494140625,1.4267671879387,2.82151791963309,-0.2050135975394147,3.599402345635524,-0.212234014229664,1.0699343377498252,1.054124327480299,-0.0348381047181509,3.2384919490320403,1.683330061310487
64.0,102.0,1006.1808471679688,1.5044895019604971,4.37353118641234,-0.1123117642728705,3.278240110355435,-0.2710004059046436,1.206590297347884,1.0726861605494895,-0.7094813345437163,3.301103040810469,1.658737095350794
64.0,102.0,1004.5355224609376,-0.2067583177486083,2.156645823399848,1.1237471826284795,3.780946817479548,-0.5114493991580722,1.3470285072754011,1.5426076556614716,0.9251629364195506,3.6326501297850458,1.193605314089168
64.0,102.0,1005.1493530273438,0.5735184706036716,3.028423329307017,0.2644622216036731,2.659398374348958,0.2306337810705419,1.0125999917583286,1.1341537852403114,0.5087035841895886,3.226086612326376,1.548830647479367
64.0,102.0,1004.7785034179688,0.6991135168312739,2.894738252833397,-0.2188575842976097,3.4645647397683965,-0.2438181442738039,1.0991670823590096,0.687295206439572,1.314428712403647,3.3101250531130244,1.6781756112361752
64.0,102.0,1007.0950317382812,1.446835224148964,3.0922601795919884,-0.452305704672947,3.21730163786542,-0.0825677138335264,1.2279749223139236,1.2275438040595814,-0.4912708696922656,3.2998959905492504,1.7170354603092577
64.0,102.0,1005.6038818359376,1.308516753266523,2.1752865939900867,0.1815601508968082,4.19439705578338,-0.2059303139175663,1.0777198568117343,1.0908442654933863,0.2003939982353898,2.6281803945220314,1.684505779710975
64.0,102.0,1005.079833984375,0.8078773908434,3.0635542735379326,-0.2222773718837908,3.644619233544741,-0.0438507735814526,1.4232936018416082,0.7302359461628485,0.463335757005806,3.131559441489576,1.6311643300045815
64.0,102.0,1006.5872802734376,0.2656690085363156,2.8994275720441487,-0.0359203097652873,2.439288483665521,-0.403613583524778,2.160790506390417,1.4511060060394816,0.484404972217794,3.372222679109396,2.807072668682597
64.0,102.0,1005.7649536132812,0.2825466944237913,3.223371955913502,-1.130107795435179,3.475165291581171,-1.048330892200188,0.6773142097574366,1.7224453178602437,-0.0116344510771347,2.978858171781275,1.664112733334867
64.0,102.0,1003.8233642578124,1.028523366259821,3.0628461474330293,-0.3204188298828894,3.0167776901382988,0.2647472536681213,1.306874930918926,0.9514498344110252,-0.5399432597472117,3.348110656193866,0.8965220619264871
64.0,102.0,1006.2741088867188,1.643031542836416,3.606370926934152,-0.6934784640503268,3.544777025413626,-0.1168117638030309,0.939111865717292,1.235370936060419,0.8014975999324441,3.270795648100955,1.6707495569788469
64.0,102.0,1005.4580688476562,1.714830991173177,3.0751933772525515,-0.3198873779630757,3.0600901733655563,-0.3336865919117254,1.041410814400998,0.9802931378106874,-0.0717430790773777,3.30035801474969,1.62578042127942
64.0,102.0,1006.8382568359376,0.1804789330101401,3.0917668051613663,-0.2176748729395974,3.129186080616745,-0.184644706135572,1.2461711329689706,0.486178220236735,0.5893075181890408,3.2961757838031907,1.713460639674954
64.0,102.0,1004.8368530273438,-0.0192859539180938,3.1458012448024646,-0.4052589456220559,3.5837623621294377,-0.4446218579421889,1.004306573519272,1.0674916208430016,-0.1473208806064043,4.659302750457305,1.266183010783346
64.0,102.0,1005.0035400390624,1.488088734200528,3.2964916798764268,-0.081613556681665,3.4931910742310563,-0.4795947022471148,1.19443031097595,1.5983254058784726,0.3030366300005376,3.1093375136026897,1.3517079212642986
64.0,102.0,1005.59716796875,0.8422960777773174,3.0348209215701183,-0.2311176520887816,3.530445462000517,0.731073415144617,1.0838871087870037,1.0526527931079228,-0.2789778063184201,3.525442996103043,1.9314441196361605
64.0,102.0,1005.1682739257812,0.4758226699530498,2.725912301651685,-0.0230184400084026,3.5041163169939864,-0.2839688026094656,0.98246182909671,0.7814411067738086,0.0567855685067581,3.2908997596538847,1.3640380101297185
64.0,102.0,1006.4464721679688,1.5809811609032556,2.973684344508984,-0.2520182689694079,3.5675059166760548,-0.2077706524501733,0.9768099904424354,1.0682780433964296,-0.0034129855540246,3.316314287362724,1.5148379811241202
64.0,102.0,1005.4376220703124,1.4939369051591875,3.208578143175042,-0.0838875551827738,3.6527902052474297,-0.0677512366808728,2.1295316682877434,1.0280783661595605,-0.0117743859456704,3.334761595860714,1.7120512362595308
64.0,102.0,1005.9476318359376,0.0416259073064684,3.056620648095169,0.9059087932371556,3.541676985417584,-0.4558259587305865,-0.3150494321593007,1.05123482986649,-0.0994281152615595,3.238383279985208,1.6565234082160285
64.0,102.0,1006.3308715820312,1.535959406806901,3.012881012953959,-0.1663306996994601,3.5850778383914594,-0.2867194392540477,1.0486903470382465,1.1491035130694829,-0.0172823082687018,3.5717012420075,1.522958118209904
64.0,102.0,1005.1908569335938,1.1023887204012748,3.2341476803645643,-0.201467270177571,2.4973480581935963,-0.1713493341169948,1.0827305179708886,1.376827834472508,0.3857767790946929,3.6663823370834,1.765177587675498
64.0,102.0,1004.9675903320312,0.5163418992741506,3.048817683689679,-0.6671757961656667,3.038681368765338,-1.5010622553438249,0.7996637919310045,1.2467383098495923,0.0980610079545224,3.3445950501342527,1.5795039091826957
64.0,102.0,1004.8756713867188,1.803103039357084,3.04969122379482,-0.2380855070972431,3.544222673085715,-0.3675432124331079,1.0049334701620785,1.0915745130618049,-0.0166428366782459,3.286393579044508,1.7128181502425668
64.0,102.0,1005.5949096679688,1.065741447403239,3.566321993171797,-0.1722097588879127,3.335195644635442,0.4153135222526197,1.6432684793938577,1.2308026718224587,0.3065238812510272,3.32453208933479,1.4181087479272612
64.0,102.0,1007.3155517578124,1.5371241881530973,3.0630876048410456,-0.0871751942409553,3.5037983811037874,0.0538749320857102,1.0868473082144283,1.0345167488863027,-0.175052114745749,3.3374017791678297,1.6722190592691553
64.0,102.0,1005.6847534179688,1.5291553936280218,2.501505383531246,-0.2181375611222888,3.0273038141281496,-0.2120236101567779,-0.0606551677314507,1.2525278734953254,0.419718581189239,3.340401835705691,1.7413380876269096
64.0,102.0,1006.3489990234376,1.5514520891483368,3.057318420357167,-0.2631982522786442,3.525985729806991,-0.211421577591669,1.0871765917978395,1.0592099546980789,-0.0142462550174791,2.96232874565588,1.5743383689854655
64.0,102.0,1005.1350708007812,0.1661038185710084,2.5390123143543657,2.0774916054569346,1.835614257140512,-1.5735118140693944,0.0393769710875324,1.5364656260845004,0.9512514490147672,2.833057723425437,1.6722709438483858
64.0,102.0,1006.7476806640624,1.3783292661069166,2.227281756843792,0.7486796121921748,2.3676098445669496,-0.4352187250238886,0.1295667694666509,1.2582478032152908,0.9678886220425788,1.546052822985894,1.7088008776725607
64.0,102.0,1003.6841430664062,1.5264166200797986,3.063097861613356,-0.215819897253269,3.5490497273888275,-0.2048867388282806,1.0826619122252867,1.0511392207255632,-0.0170243374408754,3.2973942147249127,1.6821927523441609
64.0,102.0,1005.0227661132812,1.1090167985935704,3.054929262949412,0.2138404591139139,3.3785257770175283,-0.2062982807170551,0.6081492878130935,1.0163426512361524,-0.0348229360837541,3.2931519023315508,1.7331119502206431
64.0,102.0,1006.3912353515624,1.0823124156003283,3.145532408020725,0.0937498638335725,4.3492484902596935,-0.983369492477124,0.3045399617600217,1.0355153888892177,-0.6035785196627739,3.47882371336145,1.9749920545649893
64.0,102.0,1005.9546508789062,0.9774910519862512,2.9966431409109435,0.4128803033982741,3.8754920315794896,-0.1991468490866272,0.97247392135606,1.0547347529563285,2.030288962326594,3.222855217908842,1.6821978949551688
64.0,102.0,1005.7315063476562,1.5396689441273124,3.0386942734840274,0.0727790596694881,3.99653790662412,-0.2180394714265182,1.1227822176659112,0.9898665587735348,-0.0161734394273001,3.292559616599718,1.7283088665121291
64.0,102.0,1005.9786376953124,1.1755166225902458,3.0139295819900664,-0.2417305383366287,3.616814653335077,-0.2729520402836232,1.8592848557108288,1.1177652924446315,0.1211451494947978,3.912459696901169,2.2316448068592054
64.0,102.0,1004.7403564453124,0.4804166552562906,3.142058809388116,-0.507253232726782,3.78275224637308,-0.5671588827166028,1.1261544357254607,1.4122039073154182,0.5007209311294231,3.503301094810195,1.926829920271378
64.0,102.0,1004.5214233398438,1.3925082887281215,3.065088985864282,-0.1686798461004562,2.4937664364779137,-0.2246521629870259,1.0573601922845028,1.0844478999456344,-0.8866334099558765,3.2654268773896447,1.6563374701400866
64.0,102.0,1006.9170532226562,1.5008135023933489,2.9861872071511346,-0.431893834371605,2.8214919187287486,-0.2261427739521425,1.1105615551034884,0.4838116239205338,-0.0052966471293471,3.1909425469340382,0.7855032477643943
64.0,102.0,1005.6001586914062,0.1781387739601991,2.8222566258346973,-1.2784227836424644,2.158820161725356,-1.3598118191510389,1.8033214309254848,1.4312019484559402,0.0812233307260337,2.5723035292130967,1.5728984824109573
64.0,102.0,1005.8743896484376,0.0594998054986024,2.4736092679713666,-0.1808303602303297,1.535912543515276,-0.2128728184311272,0.8096079746393341,0.1778975985534896,-0.0199302804665875,3.321000599716123,2.4317144383963893
64.0,102.0,1005.768310546875,1.5999854791936896,2.9805356758612893,-0.224463190705871,3.807145392204087,-0.3379384159359995,1.0087144864956603,0.8161970981207121,-0.0299745068515237,3.525817858828421,1.6851147134922917
64.0,103.0,1004.6443481445312,0.6900176227674764,3.063074350782302,-0.3302721781170479,3.0126561550720083,-0.1976159951512532,1.5970259768578052,1.2511792713171723,-0.0167520924344081,3.4265898532482377,1.5636003792452855
64.0,103.0,1007.3576049804688,0.9212569846597908,3.06139855165662,-0.1317967257900236,3.542737248419205,-1.233962615803387,1.2850703011185782,1.0033974406470525,-0.023572540304738,3.640052147588491,1.601728056724547
64.0,103.0,1006.1361694335938,0.8387232566556513,3.06514310945846,-0.2027294162619589,3.4053886985494604,-0.2057767340794501,0.9954022963306812,1.0357322898782315,-0.0773616051418161,3.3487778925027016,1.045925357427675
64.0,103.0,1005.7072143554688,1.6491448804843336,2.9104453120023,-0.2376035463302053,3.615676320374159,-0.5459213406507523,1.0802436756395946,1.0229389087533642,-0.0226071327225542,3.134768809825729,1.4551102740604491
64.0,103.0,1005.2555541992188,-0.5037094802039921,3.707585390221884,-0.3280569768488796,3.321070462527059,0.979043172621886,-0.4155761280008436,0.9565504599200948,0.2951346271246178,3.295787014291044,2.1819067114242974
64.0,103.0,1008.2530517578124,1.5270982961521142,2.378577058659652,-0.1300141971189669,3.4316988602336704,-0.3495752633471561,0.6940326962933131,0.758785861126745,0.0664492484260929,3.002636118435235,0.7040430065820917
64.0,103.0,1006.2119140625,0.4893625390202833,1.7795423029239368,-0.2283334970089545,3.1277989280704825,0.4981169607027755,1.141197769335064,2.5146578201478693,1.975507430672696,4.311031517865723,2.0922100116751228
64.0,103.0,1005.1494140625,1.4267671879387,2.82151791963309,-0.2050135975394147,3.599402345635524,-0.212234014229664,1.0699343377498252,1.054124327480299,-0.0348381047181509,3.2384919490320403,1.683330061310487
64.0,103.0,1006.1808471679688,1.5044895019604971,4.37353118641234,-0.1123117642728705,3.278240110355435,-0.2710004059046436,1.206590297347884,1.0726861605494895,-0.7094813345437163,3.301103040810469,1.658737095350794
64.0,103.0,1004.5355224609376,-0.2067583177486083,2.156645823399848,1.1237471826284795,3.780946817479548,-0.5114493991580722,1.3470285072754011,1.5426076556614716,0.9251629364195506,3.6326501297850458,1.193605314089168
64.0,103.0,1005.1493530273438,0.5735184706036716,3.028423329307017,0.2644622216036731,2.659398374348958,0.2306337810705419,1.0125999917583286,1.1341537852403114,0.5087035841895886,3.226086612326376,1.548830647479367
64.0,103.0,1004.7785034179688,0.6991135168312739,2.894738252833397,-0.2188575842976097,3.4645647397683965,-0.2438181442738039,1.0991670823590096,0.687295206439572,1.314428712403647,3.3101250531130244,1.6781756112361752
64.0,103.0,1007.0950317382812,1.446835224148964,3.0922601795919884,-0.452305704672947,3.21730163786542,-0.0825677138335264,1.2279749223139236,1.2275438040595814,-0.4912708696922656,3.2998959905492504,1.7170354603092577
64.0,103.0,1005.6038818359376,1.308516753266523,2.1752865939900867,0.1815601508968082,4.19439705578338,-0.2059303139175663,1.0777198568117343,1.0908442654933863,0.2003939982353898,2.6281803945220314,1.684505779710975
64.0,103.0,1005.079833984375,0.8078773908434,3.0635542735379326,-0.2222773718837908,3.644619233544741,-0.0438507735814526,1.4232936018416082,0.7302359461628485,0.463335757005806,3.131559441489576,1.6311643300045815
64.0,103.0,1006.5872802734376,0.2656690085363156,2.8994275720441487,-0.0359203097652873,2.439288483665521,-0.403613583524778,2.160790506390417,1.4511060060394816,0.484404972217794,3.372222679109396,2.807072668682597
64.0,103.0,1005.7649536132812,0.2825466944237913,3.223371955913502,-1.130107795435179,3.475165291581171,-1.048330892200188,0.6773142097574366,1.7224453178602437,-0.0116344510771347,2.978858171781275,1.664112733334867
64.0,103.0,1003.8233642578124,1.028523366259821,3.0628461474330293,-0.3204188298828894,3.0167776901382988,0.2647472536681213,1.306874930918926,0.9514498344110252,-0.5399432597472117,3.348110656193866,0.8965220619264871
64.0,103.0,1006.2741088867188,1.643031542836416,3.606370926934152,-0.6934784640503268,3.544777025413626,-0.1168117638030309,0.939111865717292,1.235370936060419,0.8014975999324441,3.270795648100955,1.6707495569788469
64.0,103.0,1005.4580688476562,1.714830991173177,3.0751933772525515,-0.3198873779630757,3.0600901733655563,-0.3336865919117254,1.041410814400998,0.9802931378106874,-0.0717430790773777,3.30035801474969,1.62578042127942
64.0,103.0,1006.5862426757812,1.577995411367988,3.0412438101480164,-0.2176111300183387,2.876578888687626,-0.1833574859438068,1.0859197018828617,1.3363196681686382,0.4336556636014501,3.2957150676061744,1.5743912760214722
64.0,103.0,1004.8368530273438,-0.0192859539180938,3.1458012448024646,-0.4052589456220559,3.5837623621294377,-0.4446218579421889,1.004306573519272,1.0674916208430016,-0.1473208806064043,4.659302750457305,1.266183010783346
64.0,103.0,1005.0035400390624,1.488088734200528,3.2964916798764268,-0.081613556681665,3.4931910742310563,-0.4795947022471148,1.19443031097595,1.5983254058784726,0.3030366300005376,3.1093375136026897,1.3517079212642986
64.0,103.0,1005.59716796875,0.8422960777773174,3.0348209215701183,-0.2311176520887816,3.530445462000517,0.731073415144617,1.0838871087870037,1.0526527931079228,-0.2789778063184201,3.525442996103043,1.9314441196361605
64.0,103.0,1005.1682739257812,0.4758226699530498,2.725912301651685,-0.0230184400084026,3.5041163169939864,-0.2839688026094656,0.98246182909671,0.7814411067738086,0.0567855685067581,3.2908997596538847,1.3640380101297185
64.0,103.0,1006.4464721679688,1.5809811609032556,2.973684344508984,-0.2520182689694079,3.5675059166760548,-0.2077706524501733,0.9768099904424354,1.0682780433964296,-0.0034129855540246,3.316314287362724,1.5148379811241202
64.0,103.0,1005.4376220703124,1.4939369051591875,3.208578143175042,-0.0838875551827738,3.6527902052474297,-0.0677512366808728,2.1295316682877434,1.0280783661595605,-0.0117743859456704,3.334761595860714,1.7120512362595308
64.0,103.0,1005.9476318359376,0.0416259073064684,3.056620648095169,0.9059087932371556,3.541676985417584,-0.4558259587305865,-0.3150494321593007,1.05123482986649,-0.0994281152615595,3.238383279985208,1.6565234082160285
64.0,103.0,1006.3308715820312,1.535959406806901,3.012881012953959,-0.1663306996994601,3.5850778383914594,-0.2867194392540477,1.0486903470382465,1.1491035130694829,-0.0172823082687018,3.5717012420075,1.522958118209904
64.0,103.0,1005.1908569335938,1.1023887204012748,3.2341476803645643,-0.201467270177571,2.4973480581935963,-0.1713493341169948,1.0827305179708886,1.376827834472508,0.3857767790946929,3.6663823370834,1.765177587675498
64.0,103.0,1004.9675903320312,0.5163418992741506,3.048817683689679,-0.6671757961656667,3.038681368765338,-1.5010622553438249,0.7996637919310045,1.2467383098495923,0.0980610079545224,3.3445950501342527,1.5795039091826957
64.0,103.0,1004.8756713867188,1.803103039357084,3.04969122379482,-0.2380855070972431,3.544222673085715,-0.3675432124331079,1.0049334701620785,1.0915745130618049,-0.0166428366782459,3.286393579044508,1.7128181502425668
64.0,103.0,1005.5949096679688,1.065741447403239,3.566321993171797,-0.1722097588879127,3.335195644635442,0.4153135222526197,1.6432684793938577,1.2308026718224587,0.3065238812510272,3.32453208933479,1.4181087479272612
64.0,103.0,1007.3155517578124,1.5371241881530973,3.0630876048410456,-0.0871751942409553,3.5037983811037874,0.0538749320857102,1.0868473082144283,1.0345167488863027,-0.175052114745749,3.3374017791678297,1.6722190592691553
64.0,103.0,1005.6847534179688,1.5291553936280218,2.501505383531246,-0.2181375611222888,3.0273038141281496,-0.2120236101567779,-0.0606551677314507,1.2525278734953254,0.419718581189239,3.340401835705691,1.7413380876269096
64.0,103.0,1006.3489990234376,1.5514520891483368,3.057318420357167,-0.2631982522786442,3.525985729806991,-0.211421577591669,1.0871765917978395,1.0592099546980789,-0.0142462550174791,2.96232874565588,1.5743383689854655
64.0,103.0,1005.1350708007812,0.1661038185710084,2.5390123143543657,2.0774916054569346,1.835614257140512,-1.5735118140693944,0.0393769710875324,1.5364656260845004,0.9512514490147672,2.833057723425437,1.6722709438483858
64.0,103.0,1006.7476806640624,1.3783292661069166,2.227281756843792,0.7486796121921748,2.3676098445669496,-0.4352187250238886,0.1295667694666509,1.2582478032152908,0.9678886220425788,1.546052822985894,1.7088008776725607
64.0,103.0,1003.6841430664062,1.5264166200797986,3.063097861613356,-0.215819897253269,3.5490497273888275,-0.2048867388282806,1.0826619122252867,1.0511392207255632,-0.0170243374408754,3.2973942147249127,1.6821927523441609
64.0,103.0,1005.0227661132812,1.1090167985935704,3.054929262949412,0.2138404591139139,3.3785257770175283,-0.2062982807170551,0.6081492878130935,1.0163426512361524,-0.0348229360837541,3.2931519023315508,1.7331119502206431
64.0,103.0,1006.3912353515624,1.0823124156003283,3.145532408020725,0.0937498638335725,4.3492484902596935,-0.983369492477124,0.3045399617600217,1.0355153888892177,-0.6035785196627739,3.47882371336145,1.9749920545649893
64.0,103.0,1005.9546508789062,0.9774910519862512,2.9966431409109435,0.4128803033982741,3.8754920315794896,-0.1991468490866272,0.97247392135606,1.0547347529563285,2.030288962326594,3.222855217908842,1.6821978949551688
64.0,103.0,1005.7315063476562,1.5396689441273124,3.0386942734840274,0.0727790596694881,3.99653790662412,-0.2180394714265182,1.1227822176659112,0.9898665587735348,-0.0161734394273001,3.292559616599718,1.7283088665121291
64.0,103.0,1005.9786376953124,1.1755166225902458,3.0139295819900664,-0.2417305383366287,3.616814653335077,-0.2729520402836232,1.8592848557108288,1.1177652924446315,0.1211451494947978,3.912459696901169,2.2316448068592054
64.0,103.0,1004.7403564453124,0.4804166552562906,3.142058809388116,-0.507253232726782,3.78275224637308,-0.5671588827166028,1.1261544357254607,1.4122039073154182,0.5007209311294231,3.503301094810195,1.926829920271378
64.0,103.0,1004.5214233398438,1.3925082887281215,3.065088985864282,-0.1686798461004562,2.4937664364779137,-0.2246521629870259,1.0573601922845028,1.0844478999456344,-0.8866334099558765,3.2654268773896447,1.6563374701400866
64.0,103.0,1006.9170532226562,1.5008135023933489,2.9861872071511346,-0.431893834371605,2.8214919187287486,-0.2261427739521425,1.1105615551034884,0.4838116239205338,-0.0052966471293471,3.1909425469340382,0.7855032477643943
64.0,103.0,1005.6001586914062,0.1781387739601991,2.8222566258346973,-1.2784227836424644,2.158820161725356,-1.3598118191510389,1.8033214309254848,1.4312019484559402,0.0812233307260337,2.5723035292130967,1.5728984824109573
64.0,103.0,1005.8743896484376,0.0594998054986024,2.4736092679713666,-0.1808303602303297,1.535912543515276,-0.2128728184311272,0.8096079746393341,0.1778975985534896,-0.0199302804665875,3.321000599716123,2.4317144383963893
64.0,103.0,1005.768310546875,1.5999854791936896,2.9805356758612893,-0.224463190705871,3.807145392204087,-0.3379384159359995,1.0087144864956603,0.8161970981207121,-0.0299745068515237,3.525817858828421,1.6851147134922917
64.0,104.0,1004.6443481445312,0.6900176227674764,3.063074350782302,-0.3302721781170479,3.0126561550720083,-0.1976159951512532,1.5970259768578052,1.2511792713171723,-0.0167520924344081,3.4265898532482377,1.5636003792452855
64.0,104.0,1007.3576049804688,0.9212569846597908,3.06139855165662,-0.1317967257900236,3.542737248419205,-1.233962615803387,1.2850703011185782,1.0033974406470525,-0.023572540304738,3.640052147588491,1.601728056724547
64.0,104.0,1006.1292724609376,0.8825330645131402,3.064174342687368,-0.2362635771631851,3.582316996030628,-0.2074679037536006,0.9559810891053128,1.0531749231574068,-0.0434490340044395,3.286294651604756,2.3253331241426074
64.0,104.0,1005.7072143554688,1.6491448804843336,2.9104453120023,-0.2376035463302053,3.615676320374159,-0.5459213406507523,1.0802436756395946,1.0229389087533642,-0.0226071327225542,3.134768809825729,1.4551102740604491
64.0,104.0,1005.2555541992188,-0.5037094802039921,3.707585390221884,-0.3280569768488796,3.321070462527059,0.979043172621886,-0.4155761280008436,0.9565504599200948,0.2951346271246178,3.295787014291044,2.1819067114242974
64.0,104.0,1008.2530517578124,1.5270982961521142,2.378577058659652,-0.1300141971189669,3.4316988602336704,-0.3495752633471561,0.6940326962933131,0.758785861126745,0.0664492484260929,3.002636118435235,0.7040430065820917
64.0,104.0,1006.2119140625,0.4893625390202833,1.7795423029239368,-0.2283334970089545,3.1277989280704825,0.4981169607027755,1.141197769335064,2.5146578201478693,1.975507430672696,4.311031517865723,2.0922100116751228
64.0,104.0,1005.1494140625,1.4267671879387,2.82151791963309,-0.2050135975394147,3.599402345635524,-0.212234014229664,1.0699343377498252,1.054124327480299,-0.0348381047181509,3.2384919490320403,1.683330061310487
64.0,104.0,1006.1808471679688,1.5044895019604971,4.37353118641234,-0.1123117642728705,3.278240110355435,-0.2710004059046436,1.206590297347884,1.0726861605494895,-0.7094813345437163,3.301103040810469,1.658737095350794
64.0,104.0,1004.5355224609376,-0.2067583177486083,2.156645823399848,1.1237471826284795,3.780946817479548,-0.5114493991580722,1.3470285072754011,1.5426076556614716,0.9251629364195506,3.6326501297850458,1.193605314089168
64.0,104.0,1005.1493530273438,0.5735184706036716,3.028423329307017,0.2644622216036731,2.659398374348958,0.2306337810705419,1.0125999917583286,1.1341537852403114,0.5087035841895886,3.226086612326376,1.548830647479367
64.0,104.0,1004.7785034179688,0.6991135168312739,2.894738252833397,-0.2188575842976097,3.4645647397683965,-0.2438181442738039,1.0991670823590096,0.687295206439572,1.314428712403647,3.3101250531130244,1.6781756112361752
64.0,104.0,1007.0950317382812,1.446835224148964,3.0922601795919884,-0.452305704672947,3.21730163786542,-0.0825677138335264,1.2279749223139236,1.2275438040595814,-0.4912708696922656,3.2998959905492504,1.7170354603092577
64.0,104.0,1005.6038818359376,1.308516753266523,2.1752865939900867,0.1815601508968082,4.19439705578338,-0.2059303139175663,1.0777198568117343,1.0908442654933863,0.2003939982353898,2.6281803945220314,1.684505779710975
64.0,104.0,1005.079833984375,0.8078773908434,3.0635542735379326,-0.2222773718837908,3.644619233544741,-0.0438507735814526,1.4232936018416082,0.7302359461628485,0.463335757005806,3.131559441489576,1.6311643300045815
64.0,104.0,1006.5872802734376,0.2656690085363156,2.8994275720441487,-0.0359203097652873,2.439288483665521,-0.403613583524778,2.160790506390417,1.4511060060394816,0.484404972217794,3.372222679109396,2.807072668682597
64.0,104.0,1005.7649536132812,0.2825466944237913,3.223371955913502,-1.130107795435179,3.475165291581171,-1.048330892200188,0.6773142097574366,1.7224453178602437,-0.0116344510771347,2.978858171781275,1.664112733334867
64.0,104.0,1003.8233642578124,1.028523366259821,3.0628461474330293,-0.3204188298828894,3.0167776901382988,0.2647472536681213,1.306874930918926,0.9514498344110252,-0.5399432597472117,3.348110656193866,0.8965220619264871
64.0,104.0,1006.2741088867188,1.643031542836416,3.606370926934152,-0.6934784640503268,3.544777025413626,-0.1168117638030309,0.939111865717292,1.235370936060419,0.8014975999324441,3.270795648100955,1.6707495569788469
64.0,104.0,1005.4580688476562,1.714830991173177,3.0751933772525515,-0.3198873779630757,3.0600901733655563,-0.3336865919117254,1.041410814400998,0.9802931378106874,-0.0717430790773777,3.30035801474969,1.62578042127942
64.0,104.0,1006.5862426757812,1.577995411367988,3.0412438101480164,-0.2176111300183387,2.876578888687626,-0.1833574859438068,1.0859197018828617,1.3363196681686382,0.4336556636014501,3.2957150676061744,1.5743912760214722
64.0,104.0,1004.8368530273438,-0.0192859539180938,3.1458012448024646,-0.4052589456220559,3.5837623621294377,-0.4446218579421889,1.004306573519272,1.0674916208430016,-0.1473208806064043,4.659302750457305,1.266183010783346
64.0,104.0,1005.0035400390624,1.488088734200528,3.2964916798764268,-0.081613556681665,3.4931910742310563,-0.4795947022471148,1.19443031097595,1.5983254058784726,0.3030366300005376,3.1093375136026897,1.3517079212642986
64.0,104.0,1005.59716796875,0.8422960777773174,3.0348209215701183,-0.2311176520887816,3.530445462000517,0.731073415144617,1.0838871087870037,1.0526527931079228,-0.2789778063184201,3.525442996103043,1.9314441196361605
64.0,104.0,1005.1682739257812,0.4758226699530498,2.725912301651685,-0.0230184400084026,3.5041163169939864,-0.2839688026094656,0.98246182909671,0.7814411067738086,0.0567855685067581,3.2908997596538847,1.3640380101297185
64.0,104.0,1006.4464721679688,1.5809811609032556,2.973684344508984,-0.2520182689694079,3.5675059166760548,-0.2077706524501733,0.9768099904424354,1.0682780433964296,-0.0034129855540246,3.316314287362724,1.5148379811241202
64.0,104.0,1005.4376220703124,1.4939369051591875,3.208578143175042,-0.0838875551827738,3.6527902052474297,-0.0677512366808728,2.1295316682877434,1.0280783661595605,-0.0117743859456704,3.334761595860714,1.7120512362595308
64.0,104.0,1005.9476318359376,0.0416259073064684,3.056620648095169,0.9059087932371556,3.541676985417584,-0.4558259587305865,-0.3150494321593007,1.05123482986649,-0.0994281152615595,3.238383279985208,1.6565234082160285
64.0,104.0,1006.3308715820312,1.535959406806901,3.012881012953959,-0.1663306996994601,3.5850778383914594,-0.2867194392540477,1.0486903470382465,1.1491035130694829,-0.0172823082687018,3.5717012420075,1.522958118209904
64.0,104.0,1005.1908569335938,1.1023887204012748,3.2341476803645643,-0.201467270177571,2.4973480581935963,-0.1713493341169948,1.0827305179708886,1.376827834472508,0.3857767790946929,3.6663823370834,1.765177587675498
64.0,104.0,1004.9675903320312,0.5163418992741506,3.048817683689679,-0.6671757961656667,3.038681368765338,-1.5010622553438249,0.7996637919310045,1.2467383098495923,0.0980610079545224,3.3445950501342527,1.5795039091826957
64.0,104.0,1004.8756713867188,1.803103039357084,3.04969122379482,-0.2380855070972431,3.544222673085715,-0.3675432124331079,1.0049334701620785,1.0915745130618049,-0.0166428366782459,3.286393579044508,1.7128181502425668
64.0,104.0,1005.5949096679688,1.065741447403239,3.566321993171797,-0.1722097588879127,3.335195644635442,0.4153135222526197,1.6432684793938577,1.2308026718224587,0.3065238812510272,3.32453208933479,1.4181087479272612
64.0,104.0,1007.3155517578124,1.5371241881530973,3.0630876048410456,-0.0871751942409553,3.5037983811037874,0.0538749320857102,1.0868473082144283,1.0345167488863027,-0.175052114745749,3.3374017791678297,1.6722190592691553
64.0,104.0,1004.3433227539062,1.5246637626108075,2.588764633984187,-0.2247483509817702,3.541791433209113,-0.2094105942329443,0.0900981966808316,1.4472220790014578,0.3634141441016041,3.275517642189521,1.677631713184814
64.0,104.0,1006.3489990234376,1.5514520891483368,3.057318420357167,-0.2631982522786442,3.525985729806991,-0.211421577591669,1.0871765917978395,1.0592099546980789,-0.0142462550174791,2.96232874565588,1.5743383689854655
64.0,104.0,1005.1350708007812,0.1661038185710084,2.5390123143543657,2.0774916054569346,1.835614257140512,-1.5735118140693944,0.0393769710875324,1.5364656260845004,0.9512514490147672,2.833057723425437,1.6722709438483858
64.0,104.0,1006.7476806640624,1.3783292661069166,2.227281756843792,0.7486796121921748,2.3676098445669496,-0.4352187250238886,0.1295667694666509,1.2582478032152908,0.9678886220425788,1.546052822985894,1.7088008776725607
64.0,104.0,1003.6841430664062,1.5264166200797986,3.063097861613356,-0.215819897253269,3.5490497273888275,-0.2048867388282806,1.0826619122252867,1.0511392207255632,-0.0170243374408754,3.2973942147249127,1.6821927523441609
64.0,104.0,1005.0227661132812,1.1090167985935704,3.054929262949412,0.2138404591139139,3.3785257770175283,-0.2062982807170551,0.6081492878130935,1.0163426512361524,-0.0348229360837541,3.2931519023315508,1.7331119502206431
64.0,104.0,1006.3912353515624,1.0823124156003283,3.145532408020725,0.0937498638335725,4.3492484902596935,-0.983369492477124,0.3045399617600217,1.0355153888892177,-0.6035785196627739,3.47882371336145,1.9749920545649893
64.0,104.0,1005.9546508789062,0.9774910519862512,2.9966431409109435,0.4128803033982741,3.8754920315794896,-0.1991468490866272,0.97247392135606,1.0547347529563285,2.030288962326594,3.222855217908842,1.6821978949551688
64.0,104.0,1005.7315063476562,1.5396689441273124,3.0386942734840274,0.0727790596694881,3.99653790662412,-0.2180394714265182,1.1227822176659112,0.9898665587735348,-0.0161734394273001,3.292559616599718,1.7283088665121291
64.0,104.0,1005.9786376953124,1.1755166225902458,3.0139295819900664,-0.2417305383366287,3.616814653335077,-0.2729520402836232,1.8592848557108288,1.1177652924446315,0.1211451494947978,3.912459696901169,2.2316448068592054
64.0,104.0,1004.7403564453124,0.4804166552562906,3.142058809388116,-0.507253232726782,3.78275224637308,-0.5671588827166028,1.1261544357254607,1.4122039073154182,0.5007209311294231,3.503301094810195,1.926829920271378
64.0,104.0,1004.5214233398438,1.3925082887281215,3.065088985864282,-0.1686798461004562,2.4937664364779137,-0.2246521629870259,1.0573601922845028,1.0844478999456344,-0.8866334099558765,3.2654268773896447,1.6563374701400866
64.0,104.0,1006.9170532226562,1.5008135023933489,2.9861872071511346,-0.431893834371605,2.8214919187287486,-0.2261427739521425,1.1105615551034884,0.4838116239205338,-0.0052966471293471,3.1909425469340382,0.7855032477643943
64.0,104.0,1005.6001586914062,0.1781387739601991,2.8222566258346973,-1.2784227836424644,2.158820161725356,-1.3598118191510389,1.8033214309254848,1.4312019484559402,0.0812233307260337,2.5723035292130967,1.5728984824109573
64.0,104.0,1005.8743896484376,0.0594998054986024,2.4736092679713666,-0.1808303602303297,1.535912543515276,-0.2128728184311272,0.8096079746393341,0.1778975985534896,-0.0199302804665875,3.321000599716123,2.4317144383963893
64.0,104.0,1005.768310546875,1.5999854791936896,2.9805356758612893,-0.224463190705871,3.807145392204087,-0.3379384159359995,1.0087144864956603,0.8161970981207121,-0.0299745068515237,3.525817858828421,1.6851147134922917
64.0,105.0,1004.6443481445312,0.6900176227674764,3.063074350782302,-0.3302721781170479,3.0126561550720083,-0.1976159951512532,1.5970259768578052,1.2511792713171723,-0.0167520924344081,3.4265898532482377,1.5636003792452855
64.0,105.0,1007.3576049804688,0.9212569846597908,3.06139855165662,-0.1317967257900236,3.542737248419205,-1.233962615803387,1.2850703011185782,1.0033974406470525,-0.023572540304738,3.640052147588491,1.601728056724547
64.0,105.0,1006.1292724609376,0.8825330645131402,3.064174342687368,-0.2362635771631851,3.582316996030628,-0.2074679037536006,0.9559810891053128,1.0531749231574068,-0.0434490340044395,3.286294651604756,2.3253331241426074
64.0,105.0,1005.7072143554688,1.6491448804843336,2.9104453120023,-0.2376035463302053,3.615676320374159,-0.5459213406507523,1.0802436756395946,1.0229389087533642,-0.0226071327225542,3.134768809825729,1.4551102740604491
64.0,105.0,1005.2555541992188,-0.5037094802039921,3.707585390221884,-0.3280569768488796,3.321070462527059,0.979043172621886,-0.4155761280008436,0.9565504599200948,0.2951346271246178,3.295787014291044,2.1819067114242974
64.0,105.0,1008.2530517578124,1.5270982961521142,2.378577058659652,-0.1300141971189669,3.4316988602336704,-0.3495752633471561,0.6940326962933131,0.758785861126745,0.0664492484260929,3.002636118435235,0.7040430065820917
64.0,105.0,1006.2119140625,0.4893625390202833,1.7795423029239368,-0.2283334970089545,3.1277989280704825,0.4981169607027755,1.141197769335064,2.5146578201478693,1.975507430672696,4.311031517865723,2.0922100116751228
64.0,105.0,1005.1494140625,1.4267671879387,2.82151791963309,-0.2050135975394147,3.599402345635524,-0.212234014229664,1.0699343377498252,1.054124327480299,-0.0348381047181509,3.2384919490320403,1.683330061310487
64.0,105.0,1006.1808471679688,1.5044895019604971,4.37353118641234,-0.1123117642728705,3.278240110355435,-0.2710004059046436,1.206590297347884,1.0726861605494895,-0.7094813345437163,3.301103040810469,1.658737095350794
64.0,105.0,1004.5355224609376,-0.2067583177486083,2.156645823399848,1.1237471826284795,3.780946817479548,-0.5114493991580722,1.3470285072754011,1.5426076556614716,0.9251629364195506,3.6326501297850458,1.193605314089168
64.0,105.0,1005.1493530273438,0.5735184706036716,3.028423329307017,0.2644622216036731,2.659398374348958,0.2306337810705419,1.0125999917583286,1.1341537852403114,0.5087035841895886,3.226086612326376,1.548830647479367
64.0,105.0,1004.7785034179688,0.6991135168312739,2.894738252833397,-0.2188575842976097,3.4645647397683965,-0.2438181442738039,1.0991670823590096,0.687295206439572,1.314428712403647,3.3101250531130244,1.6781756112361752
64.0,105.0,1007.0950317382812,1.446835224148964,3.0922601795919884,-0.452305704672947,3.21730163786542,-0.0825677138335264,1.2279749223139236,1.2275438040595814,-0.4912708696922656,3.2998959905492504,1.7170354603092577
64.0,105.0,1005.6038818359376,1.308516753266523,2.1752865939900867,0.1815601508968082,4.19439705578338,-0.2059303139175663,1.0777198568117343,1.0908442654933863,0.2003939982353898,2.6281803945220314,1.684505779710975
64.0,105.0,1005.079833984375,0.8078773908434,3.0635542735379326,-0.2222773718837908,3.644619233544741,-0.0438507735814526,1.4232936018416082,0.7302359461628485,0.463335757005806,3.131559441489576,1.6311643300045815
64.0,105.0,1006.5872802734376,0.2656690085363156,2.8994275720441487,-0.0359203097652873,2.439288483665521,-0.403613583524778,2.160790506390417,1.4511060060394816,0.484404972217794,3.372222679109396,2.807072668682597
64.0,105.0,1005.7649536132812,0.2825466944237913,3.223371955913502,-1.130107795435179,3.475165291581171,-1.048330892200188,0.6773142097574366,1.7224453178602437,-0.0116344510771347,2.978858171781275,1.664112733334867
64.0,105.0,1003.8233642578124,1.028523366259821,3.0628461474330293,-0.3204188298828894,3.0167776901382988,0.2647472536681213,1.306874930918926,0.9514498344110252,-0.5399432597472117,3.348110656193866,0.8965220619264871
64.0,105.0,1006.2741088867188,1.643031542836416,3.606370926934152,-0.6934784640503268,3.544777025413626,-0.1168117638030309,0.939111865717292,1.235370936060419,0.8014975999324441,3.270795648100955,1.6707495569788469
64.0,105.0,1005.4580688476562,1.714830991173177,3.0751933772525515,-0.3198873779630757,3.0600901733655563,-0.3336865919117254,1.041410814400998,0.9802931378106874,-0.0717430790773777,3.30035801474969,1.62578042127942
64.0,105.0,1006.5862426757812,1.577995411367988,3.0412438101480164,-0.2176111300183387,2.876578888687626,-0.1833574859438068,1.0859197018828617,1.3363196681686382,0.4336556636014501,3.2957150676061744,1.5743912760214722
64.0,105.0,1004.8368530273438,-0.0192859539180938,3.1458012448024646,-0.4052589456220559,3.5837623621294377,-0.4446218579421889,1.004306573519272,1.0674916208430016,-0.1473208806064043,4.659302750457305,1.266183010783346
64.0,105.0,1005.0035400390624,1.488088734200528,3.2964916798764268,-0.081613556681665,3.4931910742310563,-0.4795947022471148,1.19443031097595,1.5983254058784726,0.3030366300005376,3.1093375136026897,1.3517079212642986
64.0,105.0,1005.59716796875,0.8422960777773174,3.0348209215701183,-0.2311176520887816,3.530445462000517,0.731073415144617,1.0838871087870037,1.0526527931079228,-0.2789778063184201,3.525442996103043,1.9314441196361605
64.0,105.0,1005.1682739257812,0.4758226699530498,2.725912301651685,-0.0230184400084026,3.5041163169939864,-0.2839688026094656,0.98246182909671,0.7814411067738086,0.0567855685067581,3.2908997596538847,1.3640380101297185
64.0,105.0,1006.4464721679688,1.5809811609032556,2.973684344508984,-0.2520182689694079,3.5675059166760548,-0.2077706524501733,0.9768099904424354,1.0682780433964296,-0.0034129855540246,3.316314287362724,1.5148379811241202
64.0,105.0,1005.4376220703124,1.4939369051591875,3.208578143175042,-0.0838875551827738,3.6527902052474297,-0.0677512366808728,2.1295316682877434,1.0280783661595605,-0.0117743859456704,3.334761595860714,1.7120512362595308
64.0,105.0,1005.9476318359376,0.0416259073064684,3.056620648095169,0.9059087932371556,3.541676985417584,-0.4558259587305865,-0.3150494321593007,1.05123482986649,-0.0994281152615595,3.238383279985208,1.6565234082160285
64.0,105.0,1006.3308715820312,1.535959406806901,3.012881012953959,-0.1663306996994601,3.5850778383914594,-0.2867194392540477,1.0486903470382465,1.1491035130694829,-0.0172823082687018,3.5717012420075,1.522958118209904
64.0,105.0,1005.1908569335938,1.1023887204012748,3.2341476803645643,-0.201467270177571,2.4973480581935963,-0.1713493341169948,1.0827305179708886,1.376827834472508,0.3857767790946929,3.6663823370834,1.765177587675498
64.0,105.0,1004.9675903320312,0.5163418992741506,3.048817683689679,-0.6671757961656667,3.038681368765338,-1.5010622553438249,0.7996637919310045,1.2467383098495923,0.0980610079545224,3.3445950501342527,1.5795039091826957
64.0,105.0,1004.8756713867188,1.803103039357084,3.04969122379482,-0.2380855070972431,3.544222673085715,-0.3675432124331079,1.0049334701620785,1.0915745130618049,-0.0166428366782459,3.286393579044508,1.7128181502425668
64.0,105.0,1005.5949096679688,1.065741447403239,3.566321993171797,-0.1722097588879127,3.335195644635442,0.4153135222526197,1.6432684793938577,1.2308026718224587,0.3065238812510272,3.32453208933479,1.4181087479272612
64.0,105.0,1007.3155517578124,1.5371241881530973,3.0630876048410456,-0.0871751942409553,3.5037983811037874,0.0538749320857102,1.0868473082144283,1.0345167488863027,-0.175052114745749,3.3374017791678297,1.6722190592691553
64.0,105.0,1004.3433227539062,1.5246637626108075,2.588764633984187,-0.2247483509817702,3.541791433209113,-0.2094105942329443,0.0900981966808316,1.4472220790014578,0.3634141441016041,3.275517642189521,1.677631713184814
64.0,105.0,1006.3489990234376,1.5514520891483368,3.057318420357167,-0.2631982522786442,3.525985729806991,-0.211421577591669,1.0871765917978395,1.0592099546980789,-0.0142462550174791,2.96232874565588,1.5743383689854655
64.0,105.0,1005.1350708007812,0.1661038185710084,2.5390123143543657,2.0774916054569346,1.835614257140512,-1.5735118140693944,0.0393769710875324,1.5364656260845004,0.9512514490147672,2.833057723425437,1.6722709438483858
64.0,105.0,1006.7476806640624,1.3783292661069166,2.227281756843792,0.7486796121921748,2.3676098445669496,-0.4352187250238886,0.1295667694666509,1.2582478032152908,0.9678886220425788,1.546052822985894,1.7088008776725607
64.0,105.0,1003.6841430664062,1.5264166200797986,3.063097861613356,-0.215819897253269,3.5490497273888275,-0.2048867388282806,1.0826619122252867,1.0511392207255632,-0.0170243374408754,3.2973942147249127,1.6821927523441609
64.0,105.0,1005.0227661132812,1.1090167985935704,3.054929262949412,0.2138404591139139,3.3785257770175283,-0.2062982807170551,0.6081492878130935,1.0163426512361524,-0.0348229360837541,3.2931519023315508,1.7331119502206431
64.0,105.0,1006.3912353515624,1.0823124156003283,3.145532408020725,0.0937498638335725,4.3492484902596935,-0.983369492477124,0.3045399617600217,1.0355153888892177,-0.6035785196627739,3.47882371336145,1.9749920545649893
64.0,105.0,1005.9546508789062,0.9774910519862512,2.9966431409109435,0.4128803033982741,3.8754920315794896,-0.1991468490866272,0.97247392135606,1.0547347529563285,2.030288962326594,3.222855217908842,1.6821978949551688
64.0,105.0,1005.7315063476562,1.5396689441273124,3.0386942734840274,0.0727790596694881,3.99653790662412,-0.2180394714265182,1.1227822176659112,0.9898665587735348,-0.0161734394273001,3.292559616599718,1.7283088665121291
64.0,105.0,1005.9786376953124,1.1755166225902458,3.0139295819900664,-0.2417305383366287,3.616814653335077,-0.2729520402836232,1.8592848557108288,1.1177652924446315,0.1211451494947978,3.912459696901169,2.2316448068592054
64.0,105.0,1004.7403564453124,0.4804166552562906,3.142058809388116,-0.507253232726782,3.78275224637308,-0.5671588827166028,1.1261544357254607,1.4122039073154182,0.5007209311294231,3.503301094810195,1.926829920271378
64.0,105.0,1004.5214233398438,1.3925082887281215,3.065088985864282,-0.1686798461004562,2.4937664364779137,-0.2246521629870259,1.0573601922845028,1.0844478999456344,-0.8866334099558765,3.2654268773896447,1.6563374701400866
64.0,105.0,1006.101806640625,1.5145614614356997,2.994643314133276,-0.4385238738008652,2.6498988515969346,-0.2204737755628775,1.1219320992016055,0.99350013477897,-0.0190371027451072,3.134156782158529,1.6797391789481235
64.0,105.0,1005.6001586914062,0.1781387739601991,2.8222566258346973,-1.2784227836424644,2.158820161725356,-1.3598118191510389,1.8033214309254848,1.4312019484559402,0.0812233307260337,2.5723035292130967,1.5728984824109573
64.0,105.0,1005.8743896484376,0.0594998054986024,2.4736092679713666,-0.1808303602303297,1.535912543515276,-0.2128728184311272,0.8096079746393341,0.1778975985534896,-0.0199302804665875,3.321000599716123,2.4317144383963893
64.0,105.0,1005.768310546875,1.5999854791936896,2.9805356758612893,-0.224463190705871,3.807145392204087,-0.3379384159359995,1.0087144864956603,0.8161970981207121,-0.0299745068515237,3.525817858828421,1.6851147134922917
64.0,106.0,1004.6443481445312,0.6900176227674764,3.063074350782302,-0.3302721781170479,3.0126561550720083,-0.1976159951512532,1.5970259768578052,1.2511792713171723,-0.0167520924344081,3.4265898532482377,1.5636003792452855
64.0,106.0,1007.3576049804688,0.9212569846597908,3.06139855165662,-0.1317967257900236,3.542737248419205,-1.233962615803387,1.2850703011185782,1.0033974406470525,-0.023572540304738,3.640052147588491,1.601728056724547
64.0,106.0,1006.1292724609376,0.8825330645131402,3.064174342687368,-0.2362635771631851,3.582316996030628,-0.2074679037536006,0.9559810891053128,1.0531749231574068,-0.0434490340044395,3.286294651604756,2.3253331241426074
64.0,106.0,1005.7072143554688,1.6491448804843336,2.9104453120023,-0.2376035463302053,3.615676320374159,-0.5459213406507523,1.0802436756395946,1.0229389087533642,-0.0226071327225542,3.134768809825729,1.4551102740604491
64.0,106.0,1005.2555541992188,-0.5037094802039921,3.707585390221884,-0.3280569768488796,3.321070462527059,0.979043172621886,-0.4155761280008436,0.9565504599200948,0.2951346271246178,3.295787014291044,2.1819067114242974
64.0,106.0,1008.2530517578124,1.5270982961521142,2.378577058659652,-0.1300141971189669,3.4316988602336704,-0.3495752633471561,0.6940326962933131,0.758785861126745,0.0664492484260929,3.002636118435235,0.7040430065820917
64.0,106.0,1006.2119140625,0.4893625390202833,1.7795423029239368,-0.2283334970089545,3.1277989280704825,0.4981169607027755,1.141197769335064,2.5146578201478693,1.975507430672696,4.311031517865723,2.0922100116751228
64.0,106.0,1005.1494140625,1.4267671879387,2.82151791963309,-0.2050135975394147,3.599402345635524,-0.212234014229664,1.0699343377498252,1.054124327480299,-0.0348381047181509,3.2384919490320403,1.683330061310487
64.0,106.0,1006.1808471679688,1.5044895019604971,4.37353118641234,-0.1123117642728705,3.278240110355435,-0.2710004059046436,1.206590297347884,1.0726861605494895,-0.7094813345437163,3.301103040810469,1.658737095350794
64.0,106.0,1004.5355224609376,-0.2067583177486083,2.156645823399848,1.1237471826284795,3.780946817479548,-0.5114493991580722,1.3470285072754011,1.5426076556614716,0.9251629364195506,3.6326501297850458,1.193605314089168
64.0,106.0,1005.1493530273438,0.5735184706036716,3.028423329307017,0.2644622216036731,2.659398374348958,0.2306337810705419,1.0125999917583286,1.1341537852403114,0.5087035841895886,3.226086612326376,1.548830647479367
64.0,106.0,1004.7785034179688,0.6991135168312739,2.894738252833397,-0.2188575842976097,3.4645647397683965,-0.2438181442738039,1.0991670823590096,0.687295206439572,1.314428712403647,3.3101250531130244,1.6781756112361752
64.0,106.0,1007.0950317382812,1.446835224148964,3.0922601795919884,-0.452305704672947,3.21730163786542,-0.0825677138335264,1.2279749223139236,1.2275438040595814,-0.4912708696922656,3.2998959905492504,1.7170354603092577
64.0,106.0,1005.6038818359376,1.308516753266523,2.1752865939900867,0.1815601508968082,4.19439705578338,-0.2059303139175663,1.0777198568117343,1.0908442654933863,0.2003939982353898,2.6281803945220314,1.684505779710975
64.0,106.0,1005.079833984375,0.8078773908434,3.0635542735379326,-0.2222773718837908,3.644619233544741,-0.0438507735814526,1.4232936018416082,0.7302359461628485,0.463335757005806,3.131559441489576,1.6311643300045815
64.0,106.0,1006.5872802734376,0.2656690085363156,2.8994275720441487,-0.0359203097652873,2.439288483665521,-0.403613583524778,2.160790506390417,1.4511060060394816,0.484404972217794,3.372222679109396,2.807072668682597
64.0,106.0,1005.7649536132812,0.2825466944237913,3.223371955913502,-1.130107795435179,3.475165291581171,-1.048330892200188,0.6773142097574366,1.7224453178602437,-0.0116344510771347,2.978858171781275,1.664112733334867
64.0,106.0,1003.8233642578124,1.028523366259821,3.0628461474330293,-0.3204188298828894,3.0167776901382988,0.2647472536681213,1.306874930918926,0.9514498344110252,-0.5399432597472117,3.348110656193866,0.8965220619264871
64.0,106.0,1006.2741088867188,1.643031542836416,3.606370926934152,-0.6934784640503268,3.544777025413626,-0.1168117638030309,0.939111865717292,1.235370936060419,0.8014975999324441,3.270795648100955,1.6707495569788469
64.0,106.0,1005.4580688476562,1.714830991173177,3.0751933772525515,-0.3198873779630757,3.0600901733655563,-0.3336865919117254,1.041410814400998,0.9802931378106874,-0.0717430790773777,3.30035801474969,1.62578042127942
64.0,106.0,1006.5862426757812,1.577995411367988,3.0412438101480164,-0.2176111300183387,2.876578888687626,-0.1833574859438068,1.0859197018828617,1.3363196681686382,0.4336556636014501,3.2957150676061744,1.5743912760214722
64.0,106.0,1004.8368530273438,-0.0192859539180938,3.1458012448024646,-0.4052589456220559,3.5837623621294377,-0.4446218579421889,1.004306573519272,1.0674916208430016,-0.1473208806064043,4.659302750457305,1.266183010783346
64.0,106.0,1005.0035400390624,1.488088734200528,3.2964916798764268,-0.081613556681665,3.4931910742310563,-0.4795947022471148,1.19443031097595,1.5983254058784726,0.3030366300005376,3.1093375136026897,1.3517079212642986
64.0,106.0,1005.59716796875,0.8422960777773174,3.0348209215701183,-0.2311176520887816,3.530445462000517,0.731073415144617,1.0838871087870037,1.0526527931079228,-0.2789778063184201,3.525442996103043,1.9314441196361605
64.0,106.0,1005.1682739257812,0.4758226699530498,2.725912301651685,-0.0230184400084026,3.5041163169939864,-0.2839688026094656,0.98246182909671,0.7814411067738086,0.0567855685067581,3.2908997596538847,1.3640380101297185
64.0,106.0,1006.4464721679688,1.5809811609032556,2.973684344508984,-0.2520182689694079,3.5675059166760548,-0.2077706524501733,0.9768099904424354,1.0682780433964296,-0.0034129855540246,3.316314287362724,1.5148379811241202
64.0,106.0,1005.4376220703124,1.4939369051591875,3.208578143175042,-0.0838875551827738,3.6527902052474297,-0.0677512366808728,2.1295316682877434,1.0280783661595605,-0.0117743859456704,3.334761595860714,1.7120512362595308
64.0,106.0,1005.9476318359376,0.0416259073064684,3.056620648095169,0.9059087932371556,3.541676985417584,-0.4558259587305865,-0.3150494321593007,1.05123482986649,-0.0994281152615595,3.238383279985208,1.6565234082160285
64.0,106.0,1006.3308715820312,1.535959406806901,3.012881012953959,-0.1663306996994601,3.5850778383914594,-0.2867194392540477,1.0486903470382465,1.1491035130694829,-0.0172823082687018,3.5717012420075,1.522958118209904
64.0,106.0,1005.1908569335938,1.1023887204012748,3.2341476803645643,-0.201467270177571,2.4973480581935963,-0.1713493341169948,1.0827305179708886,1.376827834472508,0.3857767790946929,3.6663823370834,1.765177587675498
64.0,106.0,1004.9675903320312,0.5163418992741506,3.048817683689679,-0.6671757961656667,3.038681368765338,-1.5010622553438249,0.7996637919310045,1.2467383098495923,0.0980610079545224,3.3445950501342527,1.5795039091826957
64.0,106.0,1004.8756713867188,1.803103039357084,3.04969122379482,-0.2380855070972431,3.544222673085715,-0.3675432124331079,1.0049334701620785,1.0915745130618049,-0.0166428366782459,3.286393579044508,1.7128181502425668
64.0,106.0,1005.5949096679688,1.065741447403239,3.566321993171797,-0.1722097588879127,3.335195644635442,0.4153135222526197,1.6432684793938577,1.2308026718224587,0.3065238812510272,3.32453208933479,1.4181087479272612
64.0,106.0,1007.3155517578124,1.5371241881530973,3.0630876048410456,-0.0871751942409553,3.5037983811037874,0.0538749320857102,1.0868473082144283,1.0345167488863027,-0.175052114745749,3.3374017791678297,1.6722190592691553
64.0,106.0,1004.3433227539062,1.5246637626108075,2.588764633984187,-0.2247483509817702,3.541791433209113,-0.2094105942329443,0.0900981966808316,1.4472220790014578,0.3634141441016041,3.275517642189521,1.677631713184814
64.0,106.0,1006.3489990234376,1.5514520891483368,3.057318420357167,-0.2631982522786442,3.525985729806991,-0.211421577591669,1.0871765917978395,1.0592099546980789,-0.0142462550174791,2.96232874565588,1.5743383689854655
64.0,106.0,1005.1350708007812,0.1661038185710084,2.5390123143543657,2.0774916054569346,1.835614257140512,-1.5735118140693944,0.0393769710875324,1.5364656260845004,0.9512514490147672,2.833057723425437,1.6722709438483858
64.0,106.0,1006.7476806640624,1.3783292661069166,2.227281756843792,0.7486796121921748,2.3676098445669496,-0.4352187250238886,0.1295667694666509,1.2582478032152908,0.9678886220425788,1.546052822985894,1.7088008776725607
64.0,106.0,1003.6841430664062,1.5264166200797986,3.063097861613356,-0.215819897253269,3.5490497273888275,-0.2048867388282806,1.0826619122252867,1.0511392207255632,-0.0170243374408754,3.2973942147249127,1.6821927523441609
64.0,106.0,1005.0227661132812,1.1090167985935704,3.054929262949412,0.2138404591139139,3.3785257770175283,-0.2062982807170551,0.6081492878130935,1.0163426512361524,-0.0348229360837541,3.2931519023315508,1.7331119502206431
64.0,106.0,1006.3912353515624,1.0823124156003283,3.145532408020725,0.0937498638335725,4.3492484902596935,-0.983369492477124,0.3045399617600217,1.0355153888892177,-0.6035785196627739,3.47882371336145,1.9749920545649893
64.0,106.0,1005.9546508789062,0.9774910519862512,2.9966431409109435,0.4128803033982741,3.8754920315794896,-0.1991468490866272,0.97247392135606,1.0547347529563285,2.030288962326594,3.222855217908842,1.6821978949551688
64.0,106.0,1005.7315063476562,1.5396689441273124,3.0386942734840274,0.0727790596694881,3.99653790662412,-0.2180394714265182,1.1227822176659112,0.9898665587735348,-0.0161734394273001,3.292559616599718,1.7283088665121291
64.0,106.0,1005.9786376953124,1.1755166225902458,3.0139295819900664,-0.2417305383366287,3.616814653335077,-0.2729520402836232,1.8592848557108288,1.1177652924446315,0.1211451494947978,3.912459696901169,2.2316448068592054
64.0,106.0,1004.7403564453124,0.4804166552562906,3.142058809388116,-0.507253232726782,3.78275224637308,-0.5671588827166028,1.1261544357254607,1.4122039073154182,0.5007209311294231,3.503301094810195,1.926829920271378
64.0,106.0,1004.5214233398438,1.3925082887281215,3.065088985864282,-0.1686798461004562,2.4937664364779137,-0.2246521629870259,1.0573601922845028,1.0844478999456344,-0.8866334099558765,3.2654268773896447,1.6563374701400866
64.0,106.0,1006.101806640625,1.5145614614356997,2.994643314133276,-0.4385238738008652,2.6498988515969346,-0.2204737755628775,1.1219320992016055,0.99350013477897,-0.0190371027451072,3.134156782158529,1.6797391789481235
64.0,106.0,1005.6001586914062,0.1781387739601991,2.8222566258346973,-1.2784227836424644,2.158820161725356,-1.3598118191510389,1.8033214309254848,1.4312019484559402,0.0812233307260337,2.5723035292130967,1.5728984824109573
64.0,106.0,1005.8743896484376,0.0594998054986024,2.4736092679713666,-0.1808303602303297,1.535912543515276,-0.2128728184311272,0.8096079746393341,0.1778975985534896,-0.0199302804665875,3.321000599716123,2.4317144383963893
64.0,106.0,1005.768310546875,1.5999854791936896,2.9805356758612893,-0.224463190705871,3.807145392204087,-0.3379384159359995,1.0087144864956603,0.8161970981207121,-0.0299745068515237,3.525817858828421,1.6851147134922917
64.0,107.0,1004.6443481445312,0.6900176227674764,3.063074350782302,-0.3302721781170479,3.0126561550720083,-0.1976159951512532,1.5970259768578052,1.2511792713171723,-0.0167520924344081,3.4265898532482377,1.5636003792452855
64.0,107.0,1007.3576049804688,0.9212569846597908,3.06139855165662,-0.1317967257900236,3.542737248419205,-1.233962615803387,1.2850703011185782,1.0033974406470525,-0.023572540304738,3.640052147588491,1.601728056724547
64.0,107.0,1006.1292724609376,0.8825330645131402,3.064174342687368,-0.2362635771631851,3.582316996030628,-0.2074679037536006,0.9559810891053128,1.0531749231574068,-0.0434490340044395,3.286294651604756,2.3253331241426074
64.0,107.0,1005.7072143554688,1.6491448804843336,2.9104453120023,-0.2376035463302053,3.615676320374159,-0.5459213406507523,1.0802436756395946,1.0229389087533642,-0.0226071327225542,3.134768809825729,1.4551102740604491
64.0,107.0,1005.2555541992188,-0.5037094802039921,3.707585390221884,-0.3280569768488796,3.321070462527059,0.979043172621886,-0.4155761280008436,0.9565504599200948,0.2951346271246178,3.295787014291044,2.1819067114242974
64.0,107.0,1008.2530517578124,1.5270982961521142,2.378577058659652,-0.1300141971189669,3.4316988602336704,-0.3495752633471561,0.6940326962933131,0.758785861126745,0.0664492484260929,3.002636118435235,0.7040430065820917
64.0,107.0,1006.2119140625,0.4893625390202833,1.7795423029239368,-0.2283334970089545,3.1277989280704825,0.4981169607027755,1.141197769335064,2.5146578201478693,1.975507430672696,4.311031517865723,2.0922100116751228
64.0,107.0,1005.1494140625,1.4267671879387,2.82151791963309,-0.2050135975394147,3.599402345635524,-0.212234014229664,1.0699343377498252,1.054124327480299,-0.0348381047181509,3.2384919490320403,1.683330061310487
64.0,107.0,1006.1808471679688,1.5044895019604971,4.37353118641234,-0.1123117642728705,3.278240110355435,-0.2710004059046436,1.206590297347884,1.0726861605494895,-0.7094813345437163,3.301103040810469,1.658737095350794
64.0,107.0,1004.5355224609376,-0.2067583177486083,2.156645823399848,1.1237471826284795,3.780946817479548,-0.5114493991580722,1.3470285072754011,1.5426076556614716,0.9251629364195506,3.6326501297850458,1.193605314089168
64.0,107.0,1005.1493530273438,0.5735184706036716,3.028423329307017,0.2644622216036731,2.659398374348958,0.2306337810705419,1.0125999917583286,1.1341537852403114,0.5087035841895886,3.226086612326376,1.548830647479367
64.0,107.0,1004.7785034179688,0.6991135168312739,2.894738252833397,-0.2188575842976097,3.4645647397683965,-0.2438181442738039,1.0991670823590096,0.687295206439572,1.314428712403647,3.3101250531130244,1.6781756112361752
64.0,107.0,1007.0950317382812,1.446835224148964,3.0922601795919884,-0.452305704672947,3.21730163786542,-0.0825677138335264,1.2279749223139236,1.2275438040595814,-0.4912708696922656,3.2998959905492504,1.7170354603092577
64.0,107.0,1005.6038818359376,1.308516753266523,2.1752865939900867,0.1815601508968082,4.19439705578338,-0.2059303139175663,1.0777198568117343,1.0908442654933863,0.2003939982353898,2.6281803945220314,1.684505779710975
64.0,107.0,1005.079833984375,0.8078773908434,3.0635542735379326,-0.2222773718837908,3.644619233544741,-0.0438507735814526,1.4232936018416082,0.7302359461628485,0.463335757005806,3.131559441489576,1.6311643300045815
64.0,107.0,1006.5872802734376,0.2656690085363156,2.8994275720441487,-0.0359203097652873,2.439288483665521,-0.403613583524778,2.160790506390417,1.4511060060394816,0.484404972217794,3.372222679109396,2.807072668682597
64.0,107.0,1005.7649536132812,0.2825466944237913,3.223371955913502,-1.130107795435179,3.475165291581171,-1.048330892200188,0.6773142097574366,1.7224453178602437,-0.0116344510771347,2.978858171781275,1.664112733334867
64.0,107.0,1003.8233642578124,1.028523366259821,3.0628461474330293,-0.3204188298828894,3.0167776901382988,0.2647472536681213,1.306874930918926,0.9514498344110252,-0.5399432597472117,3.348110656193866,0.8965220619264871
64.0,107.0,1006.2741088867188,1.643031542836416,3.606370926934152,-0.6934784640503268,3.544777025413626,-0.1168117638030309,0.939111865717292,1.235370936060419,0.8014975999324441,3.270795648100955,1.6707495569788469
64.0,107.0,1005.4580688476562,1.714830991173177,3.0751933772525515,-0.3198873779630757,3.0600901733655563,-0.3336865919117254,1.041410814400998,0.9802931378106874,-0.0717430790773777,3.30035801474969,1.62578042127942
64.0,107.0,1006.5862426757812,1.577995411367988,3.0412438101480164,-0.2176111300183387,2.876578888687626,-0.1833574859438068,1.0859197018828617,1.3363196681686382,0.4336556636014501,3.2957150676061744,1.5743912760214722
64.0,107.0,1004.8368530273438,-0.0192859539180938,3.1458012448024646,-0.4052589456220559,3.5837623621294377,-0.4446218579421889,1.004306573519272,1.0674916208430016,-0.1473208806064043,4.659302750457305,1.266183010783346
64.0,107.0,1005.0035400390624,1.488088734200528,3.2964916798764268,-0.081613556681665,3.4931910742310563,-0.4795947022471148,1.19443031097595,1.5983254058784726,0.3030366300005376,3.1093375136026897,1.3517079212642986
64.0,107.0,1005.59716796875,0.8422960777773174,3.0348209215701183,-0.2311176520887816,3.530445462000517,0.731073415144617,1.0838871087870037,1.0526527931079228,-0.2789778063184201,3.525442996103043,1.9314441196361605
64.0,107.0,1005.1682739257812,0.4758226699530498,2.725912301651685,-0.0230184400084026,3.5041163169939864,-0.2839688026094656,0.98246182909671,0.7814411067738086,0.0567855685067581,3.2908997596538847,1.3640380101297185
64.0,107.0,1006.4464721679688,1.5809811609032556,2.973684344508984,-0.2520182689694079,3.5675059166760548,-0.2077706524501733,0.9768099904424354,1.0682780433964296,-0.0034129855540246,3.316314287362724,1.5148379811241202
64.0,107.0,1005.4376220703124,1.4939369051591875,3.208578143175042,-0.0838875551827738,3.6527902052474297,-0.0677512366808728,2.1295316682877434,1.0280783661595605,-0.0117743859456704,3.334761595860714,1.7120512362595308
64.0,107.0,1005.9476318359376,0.0416259073064684,3.056620648095169,0.9059087932371556,3.541676985417584,-0.4558259587305865,-0.3150494321593007,1.05123482986649,-0.0994281152615595,3.238383279985208,1.6565234082160285
64.0,107.0,1006.3308715820312,1.535959406806901,3.012881012953959,-0.1663306996994601,3.5850778383914594,-0.2867194392540477,1.0486903470382465,1.1491035130694829,-0.0172823082687018,3.5717012420075,1.522958118209904
64.0,107.0,1005.1908569335938,1.1023887204012748,3.2341476803645643,-0.201467270177571,2.4973480581935963,-0.1713493341169948,1.0827305179708886,1.376827834472508,0.3857767790946929,3.6663823370834,1.765177587675498
64.0,107.0,1004.9675903320312,0.5163418992741506,3.048817683689679,-0.6671757961656667,3.038681368765338,-1.5010622553438249,0.7996637919310045,1.2467383098495923,0.0980610079545224,3.3445950501342527,1.5795039091826957
64.0,107.0,1004.8756713867188,1.803103039357084,3.04969122379482,-0.2380855070972431,3.544222673085715,-0.3675432124331079,1.0049334701620785,1.0915745130618049,-0.0166428366782459,3.286393579044508,1.7128181502425668
64.0,107.0,1005.5949096679688,1.065741447403239,3.566321993171797,-0.1722097588879127,3.335195644635442,0.4153135222526197,1.6432684793938577,1.2308026718224587,0.3065238812510272,3.32453208933479,1.4181087479272612
64.0,107.0,1007.3155517578124,1.5371241881530973,3.0630876048410456,-0.0871751942409553,3.5037983811037874,0.0538749320857102,1.0868473082144283,1.0345167488863027,-0.175052114745749,3.3374017791678297,1.6722190592691553
64.0,107.0,1004.3433227539062,1.5246637626108075,2.588764633984187,-0.2247483509817702,3.541791433209113,-0.2094105942329443,0.0900981966808316,1.4472220790014578,0.3634141441016041,3.275517642189521,1.677631713184814
64.0,107.0,1006.3489990234376,1.5514520891483368,3.057318420357167,-0.2631982522786442,3.525985729806991,-0.211421577591669,1.0871765917978395,1.0592099546980789,-0.0142462550174791,2.96232874565588,1.5743383689854655
64.0,107.0,1005.1350708007812,0.1661038185710084,2.5390123143543657,2.0774916054569346,1.835614257140512,-1.5735118140693944,0.0393769710875324,1.5364656260845004,0.9512514490147672,2.833057723425437,1.6722709438483858
64.0,107.0,1006.7476806640624,1.3783292661069166,2.227281756843792,0.7486796121921748,2.3676098445669496,-0.4352187250238886,0.1295667694666509,1.2582478032152908,0.9678886220425788,1.546052822985894,1.7088008776725607
64.0,107.0,1003.6841430664062,1.5264166200797986,3.063097861613356,-0.215819897253269,3.5490497273888275,-0.2048867388282806,1.0826619122252867,1.0511392207255632,-0.0170243374408754,3.2973942147249127,1.6821927523441609
64.0,107.0,1005.0227661132812,1.1090167985935704,3.054929262949412,0.2138404591139139,3.3785257770175283,-0.2062982807170551,0.6081492878130935,1.0163426512361524,-0.0348229360837541,3.2931519023315508,1.7331119502206431
64.0,107.0,1006.3912353515624,1.0823124156003283,3.145532408020725,0.0937498638335725,4.3492484902596935,-0.983369492477124,0.3045399617600217,1.0355153888892177,-0.6035785196627739,3.47882371336145,1.9749920545649893
64.0,107.0,1005.9546508789062,0.9774910519862512,2.9966431409109435,0.4128803033982741,3.8754920315794896,-0.1991468490866272,0.97247392135606,1.0547347529563285,2.030288962326594,3.222855217908842,1.6821978949551688
64.0,107.0,1005.7315063476562,1.5396689441273124,3.0386942734840274,0.0727790596694881,3.99653790662412,-0.2180394714265182,1.1227822176659112,0.9898665587735348,-0.0161734394273001,3.292559616599718,1.7283088665121291
64.0,107.0,1005.9786376953124,1.1755166225902458,3.0139295819900664,-0.2417305383366287,3.616814653335077,-0.2729520402836232,1.8592848557108288,1.1177652924446315,0.1211451494947978,3.912459696901169,2.2316448068592054
64.0,107.0,1004.7403564453124,0.4804166552562906,3.142058809388116,-0.507253232726782,3.78275224637308,-0.5671588827166028,1.1261544357254607,1.4122039073154182,0.5007209311294231,3.503301094810195,1.926829920271378
64.0,107.0,1004.5214233398438,1.3925082887281215,3.065088985864282,-0.1686798461004562,2.4937664364779137,-0.2246521629870259,1.0573601922845028,1.0844478999456344,-0.8866334099558765,3.2654268773896447,1.6563374701400866
64.0,107.0,1006.101806640625,1.5145614614356997,2.994643314133276,-0.4385238738008652,2.6498988515969346,-0.2204737755628775,1.1219320992016055,0.99350013477897,-0.0190371027451072,3.134156782158529,1.6797391789481235
64.0,107.0,1005.6001586914062,0.1781387739601991,2.8222566258346973,-1.2784227836424644,2.158820161725356,-1.3598118191510389,1.8033214309254848,1.4312019484559402,0.0812233307260337,2.5723035292130967,1.5728984824109573
64.0,107.0,1005.8743896484376,0.0594998054986024,2.4736092679713666,-0.1808303602303297,1.535912543515276,-0.2128728184311272,0.8096079746393341,0.1778975985534896,-0.0199302804665875,3.321000599716123,2.4317144383963893
64.0,107.0,1005.768310546875,1.5999854791936896,2.9805356758612893,-0.224463190705871,3.807145392204087,-0.3379384159359995,1.0087144864956603,0.8161970981207121,-0.0299745068515237,3.525817858828421,1.6851147134922917
64.0,108.0,1004.6443481445312,0.6900176227674764,3.063074350782302,-0.3302721781170479,3.0126561550720083,-0.1976159951512532,1.5970259768578052,1.2511792713171723,-0.0167520924344081,3.4265898532482377,1.5636003792452855
64.0,108.0,1007.3576049804688,0.9212569846597908,3.06139855165662,-0.1317967257900236,3.542737248419205,-1.233962615803387,1.2850703011185782,1.0033974406470525,-0.023572540304738,3.640052147588491,1.601728056724547
64.0,108.0,1006.1292724609376,0.8825330645131402,3.064174342687368,-0.2362635771631851,3.582316996030628,-0.2074679037536006,0.9559810891053128,1.0531749231574068,-0.0434490340044395,3.286294651604756,2.3253331241426074
64.0,108.0,1005.7072143554688,1.6491448804843336,2.9104453120023,-0.2376035463302053,3.615676320374159,-0.5459213406507523,1.0802436756395946,1.0229389087533642,-0.0226071327225542,3.134768809825729,1.4551102740604491
64.0,108.0,1005.2555541992188,-0.5037094802039921,3.707585390221884,-0.3280569768488796,3.321070462527059,0.979043172621886,-0.4155761280008436,0.9565504599200948,0.2951346271246178,3.295787014291044,2.1819067114242974
64.0,108.0,1008.2530517578124,1.5270982961521142,2.378577058659652,-0.1300141971189669,3.4316988602336704,-0.3495752633471561,0.6940326962933131,0.758785861126745,0.0664492484260929,3.002636118435235,0.7040430065820917
64.0,108.0,1006.2119140625,0.4893625390202833,1.7795423029239368,-0.2283334970089545,3.1277989280704825,0.4981169607027755,1.141197769335064,2.5146578201478693,1.975507430672696,4.311031517865723,2.0922100116751228
64.0,108.0,1005.1494140625,1.4267671879387,2.82151791963309,-0.2050135975394147,3.599402345635524,-0.212234014229664,1.0699343377498252,1.054124327480299,-0.0348381047181509,3.2384919490320403,1.683330061310487
64.0,108.0,1006.1808471679688,1.5044895019604971,4.37353118641234,-0.1123117642728705,3.278240110355435,-0.2710004059046436,1.206590297347884,1.0726861605494895,-0.7094813345437163,3.301103040810469,1.658737095350794
64.0,108.0,1004.5355224609376,-0.2067583177486083,2.156645823399848,1.1237471826284795,3.780946817479548,-0.5114493991580722,1.3470285072754011,1.5426076556614716,0.9251629364195506,3.6326501297850458,1.193605314089168
64.0,108.0,1005.1493530273438,0.5735184706036716,3.028423329307017,0.2644622216036731,2.659398374348958,0.2306337810705419,1.0125999917583286,1.1341537852403114,0.5087035841895886,3.226086612326376,1.548830647479367
64.0,108.0,1004.7785034179688,0.6991135168312739,2.894738252833397,-0.2188575842976097,3.4645647397683965,-0.2438181442738039,1.0991670823590096,0.687295206439572,1.314428712403647,3.3101250531130244,1.6781756112361752
64.0,108.0,1007.0950317382812,1.446835224148964,3.0922601795919884,-0.452305704672947,3.21730163786542,-0.0825677138335264,1.2279749223139236,1.2275438040595814,-0.4912708696922656,3.2998959905492504,1.7170354603092577
64.0,108.0,1005.6038818359376,1.308516753266523,2.1752865939900867,0.1815601508968082,4.19439705578338,-0.2059303139175663,1.0777198568117343,1.0908442654933863,0.2003939982353898,2.6281803945220314,1.684505779710975
64.0,108.0,1005.079833984375,0.8078773908434,3.0635542735379326,-0.2222773718837908,3.644619233544741,-0.0438507735814526,1.4232936018416082,0.7302359461628485,0.463335757005806,3.131559441489576,1.6311643300045815
64.0,108.0,1006.5872802734376,0.2656690085363156,2.8994275720441487,-0.0359203097652873,2.439288483665521,-0.403613583524778,2.160790506390417,1.4511060060394816,0.484404972217794,3.372222679109396,2.807072668682597
64.0,108.0,1005.7649536132812,0.2825466944237913,3.223371955913502,-1.130107795435179,3.475165291581171,-1.048330892200188,0.6773142097574366,1.7224453178602437,-0.0116344510771347,2.978858171781275,1.664112733334867
64.0,108.0,1003.8233642578124,1.028523366259821,3.0628461474330293,-0.3204188298828894,3.0167776901382988,0.2647472536681213,1.306874930918926,0.9514498344110252,-0.5399432597472117,3.348110656193866,0.8965220619264871
64.0,108.0,1006.2741088867188,1.643031542836416,3.606370926934152,-0.6934784640503268,3.544777025413626,-0.1168117638030309,0.939111865717292,1.235370936060419,0.8014975999324441,3.270795648100955,1.6707495569788469
64.0,108.0,1005.4580688476562,1.714830991173177,3.0751933772525515,-0.3198873779630757,3.0600901733655563,-0.3336865919117254,1.041410814400998,0.9802931378106874,-0.0717430790773777,3.30035801474969,1.62578042127942
64.0,108.0,1006.5862426757812,1.577995411367988,3.0412438101480164,-0.2176111300183387,2.876578888687626,-0.1833574859438068,1.0859197018828617,1.3363196681686382,0.4336556636014501,3.2957150676061744,1.5743912760214722
64.0,108.0,1004.8368530273438,-0.0192859539180938,3.1458012448024646,-0.4052589456220559,3.5837623621294377,-0.4446218579421889,1.004306573519272,1.0674916208430016,-0.1473208806064043,4.659302750457305,1.266183010783346
64.0,108.0,1005.0035400390624,1.488088734200528,3.2964916798764268,-0.081613556681665,3.4931910742310563,-0.4795947022471148,1.19443031097595,1.5983254058784726,0.3030366300005376,3.1093375136026897,1.3517079212642986
64.0,108.0,1005.59716796875,0.8422960777773174,3.0348209215701183,-0.2311176520887816,3.530445462000517,0.731073415144617,1.0838871087870037,1.0526527931079228,-0.2789778063184201,3.525442996103043,1.9314441196361605
64.0,108.0,1005.1682739257812,0.4758226699530498,2.725912301651685,-0.0230184400084026,3.5041163169939864,-0.2839688026094656,0.98246182909671,0.7814411067738086,0.0567855685067581,3.2908997596538847,1.3640380101297185
64.0,108.0,1006.4464721679688,1.5809811609032556,2.973684344508984,-0.2520182689694079,3.5675059166760548,-0.2077706524501733,0.9768099904424354,1.0682780433964296,-0.0034129855540246,3.316314287362724,1.5148379811241202
64.0,108.0,1005.4376220703124,1.4939369051591875,3.208578143175042,-0.0838875551827738,3.6527902052474297,-0.0677512366808728,2.1295316682877434,1.0280783661595605,-0.0117743859456704,3.334761595860714,1.7120512362595308
64.0,108.0,1005.9476318359376,0.0416259073064684,3.056620648095169,0.9059087932371556,3.541676985417584,-0.4558259587305865,-0.3150494321593007,1.05123482986649,-0.0994281152615595,3.238383279985208,1.6565234082160285
64.0,108.0,1006.3308715820312,1.535959406806901,3.012881012953959,-0.1663306996994601,3.5850778383914594,-0.2867194392540477,1.0486903470382465,1.1491035130694829,-0.0172823082687018,3.5717012420075,1.522958118209904
64.0,108.0,1005.1908569335938,1.1023887204012748,3.2341476803645643,-0.201467270177571,2.4973480581935963,-0.1713493341169948,1.0827305179708886,1.376827834472508,0.3857767790946929,3.6663823370834,1.765177587675498
64.0,108.0,1004.9675903320312,0.5163418992741506,3.048817683689679,-0.6671757961656667,3.038681368765338,-1.5010622553438249,0.7996637919310045,1.2467383098495923,0.0980610079545224,3.3445950501342527,1.5795039091826957
64.0,108.0,1004.8756713867188,1.803103039357084,3.04969122379482,-0.2380855070972431,3.544222673085715,-0.3675432124331079,1.0049334701620785,1.0915745130618049,-0.0166428366782459,3.286393579044508,1.7128181502425668
64.0,108.0,1005.5949096679688,1.065741447403239,3.566321993171797,-0.1722097588879127,3.335195644635442,0.4153135222526197,1.6432684793938577,1.2308026718224587,0.3065238812510272,3.32453208933479,1.4181087479272612
64.0,108.0,1007.3155517578124,1.5371241881530973,3.0630876048410456,-0.0871751942409553,3.5037983811037874,0.0538749320857102,1.0868473082144283,1.0345167488863027,-0.175052114745749,3.3374017791678297,1.6722190592691553
64.0,108.0,1004.3433227539062,1.5246637626108075,2.588764633984187,-0.2247483509817702,3.541791433209113,-0.2094105942329443,0.0900981966808316,1.4472220790014578,0.3634141441016041,3.275517642189521,1.677631713184814
64.0,108.0,1006.3489990234376,1.5514520891483368,3.057318420357167,-0.2631982522786442,3.525985729806991,-0.211421577591669,1.0871765917978395,1.0592099546980789,-0.0142462550174791,2.96232874565588,1.5743383689854655
64.0,108.0,1005.1350708007812,0.1661038185710084,2.5390123143543657,2.0774916054569346,1.835614257140512,-1.5735118140693944,0.0393769710875324,1.5364656260845004,0.9512514490147672,2.833057723425437,1.6722709438483858
64.0,108.0,1006.7476806640624,1.3783292661069166,2.227281756843792,0.7486796121921748,2.3676098445669496,-0.4352187250238886,0.1295667694666509,1.2582478032152908,0.9678886220425788,1.546052822985894,1.7088008776725607
64.0,108.0,1003.6841430664062,1.5264166200797986,3.063097861613356,-0.215819897253269,3.5490497273888275,-0.2048867388282806,1.0826619122252867,1.0511392207255632,-0.0170243374408754,3.2973942147249127,1.6821927523441609
64.0,108.0,1005.0227661132812,1.1090167985935704,3.054929262949412,0.2138404591139139,3.3785257770175283,-0.2062982807170551,0.6081492878130935,1.0163426512361524,-0.0348229360837541,3.2931519023315508,1.7331119502206431
64.0,108.0,1006.3912353515624,1.0823124156003283,3.145532408020725,0.0937498638335725,4.3492484902596935,-0.983369492477124,0.3045399617600217,1.0355153888892177,-0.6035785196627739,3.47882371336145,1.9749920545649893
64.0,108.0,1005.9546508789062,0.9774910519862512,2.9966431409109435,0.4128803033982741,3.8754920315794896,-0.1991468490866272,0.97247392135606,1.0547347529563285,2.030288962326594,3.222855217908842,1.6821978949551688
64.0,108.0,1005.7315063476562,1.5396689441273124,3.0386942734840274,0.0727790596694881,3.99653790662412,-0.2180394714265182,1.1227822176659112,0.9898665587735348,-0.0161734394273001,3.292559616599718,1.7283088665121291
64.0,108.0,1005.9786376953124,1.1755166225902458,3.0139295819900664,-0.2417305383366287,3.616814653335077,-0.2729520402836232,1.8592848557108288,1.1177652924446315,0.1211451494947978,3.912459696901169,2.2316448068592054
64.0,108.0,1004.7403564453124,0.4804166552562906,3.142058809388116,-0.507253232726782,3.78275224637308,-0.5671588827166028,1.1261544357254607,1.4122039073154182,0.5007209311294231,3.503301094810195,1.926829920271378
64.0,108.0,1004.5214233398438,1.3925082887281215,3.065088985864282,-0.1686798461004562,2.4937664364779137,-0.2246521629870259,1.0573601922845028,1.0844478999456344,-0.8866334099558765,3.2654268773896447,1.6563374701400866
64.0,108.0,1006.101806640625,1.5145614614356997,2.994643314133276,-0.4385238738008652,2.6498988515969346,-0.2204737755628775,1.1219320992016055,0.99350013477897,-0.0190371027451072,3.134156782158529,1.6797391789481235
64.0,108.0,1005.6001586914062,0.1781387739601991,2.8222566258346973,-1.2784227836424644,2.158820161725356,-1.3598118191510389,1.8033214309254848,1.4312019484559402,0.0812233307260337,2.5723035292130967,1.5728984824109573
64.0,108.0,1005.8743896484376,0.0594998054986024,2.4736092679713666,-0.1808303602303297,1.535912543515276,-0.2128728184311272,0.8096079746393341,0.1778975985534896,-0.0199302804665875,3.321000599716123,2.4317144383963893
64.0,108.0,1005.768310546875,1.5999854791936896,2.9805356758612893,-0.224463190705871,3.807145392204087,-0.3379384159359995,1.0087144864956603,0.8161970981207121,-0.0299745068515237,3.525817858828421,1.6851147134922917
64.0,109.0,1004.6443481445312,0.6900176227674764,3.063074350782302,-0.3302721781170479,3.0126561550720083,-0.1976159951512532,1.5970259768578052,1.2511792713171723,-0.0167520924344081,3.4265898532482377,1.5636003792452855
64.0,109.0,1007.3576049804688,0.9212569846597908,3.06139855165662,-0.1317967257900236,3.542737248419205,-1.233962615803387,1.2850703011185782,1.0033974406470525,-0.023572540304738,3.640052147588491,1.601728056724547
64.0,109.0,1006.1292724609376,0.8825330645131402,3.064174342687368,-0.2362635771631851,3.582316996030628,-0.2074679037536006,0.9559810891053128,1.0531749231574068,-0.0434490340044395,3.286294651604756,2.3253331241426074
64.0,109.0,1005.7072143554688,1.6491448804843336,2.9104453120023,-0.2376035463302053,3.615676320374159,-0.5459213406507523,1.0802436756395946,1.0229389087533642,-0.0226071327225542,3.134768809825729,1.4551102740604491
64.0,109.0,1005.2555541992188,-0.5037094802039921,3.707585390221884,-0.3280569768488796,3.321070462527059,0.979043172621886,-0.4155761280008436,0.9565504599200948,0.2951346271246178,3.295787014291044,2.1819067114242974
64.0,109.0,1008.2530517578124,1.5270982961521142,2.378577058659652,-0.1300141971189669,3.4316988602336704,-0.3495752633471561,0.6940326962933131,0.758785861126745,0.0664492484260929,3.002636118435235,0.7040430065820917
64.0,109.0,1006.2119140625,0.4893625390202833,1.7795423029239368,-0.2283334970089545,3.1277989280704825,0.4981169607027755,1.141197769335064,2.5146578201478693,1.975507430672696,4.311031517865723,2.0922100116751228
64.0,109.0,1005.1494140625,1.4267671879387,2.82151791963309,-0.2050135975394147,3.599402345635524,-0.212234014229664,1.0699343377498252,1.054124327480299,-0.0348381047181509,3.2384919490320403,1.683330061310487
64.0,109.0,1006.1808471679688,1.5044895019604971,4.37353118641234,-0.1123117642728705,3.278240110355435,-0.2710004059046436,1.206590297347884,1.0726861605494895,-0.7094813345437163,3.301103040810469,1.658737095350794
64.0,109.0,1004.5355224609376,-0.2067583177486083,2.156645823399848,1.1237471826284795,3.780946817479548,-0.5114493991580722,1.3470285072754011,1.5426076556614716,0.9251629364195506,3.6326501297850458,1.193605314089168
64.0,109.0,1005.1493530273438,0.5735184706036716,3.028423329307017,0.2644622216036731,2.659398374348958,0.2306337810705419,1.0125999917583286,1.1341537852403114,0.5087035841895886,3.226086612326376,1.548830647479367
64.0,109.0,1004.7785034179688,0.6991135168312739,2.894738252833397,-0.2188575842976097,3.4645647397683965,-0.2438181442738039,1.0991670823590096,0.687295206439572,1.314428712403647,3.3101250531130244,1.6781756112361752
64.0,109.0,1007.0950317382812,1.446835224148964,3.0922601795919884,-0.452305704672947,3.21730163786542,-0.0825677138335264,1.2279749223139236,1.2275438040595814,-0.4912708696922656,3.2998959905492504,1.7170354603092577
64.0,109.0,1005.6038818359376,1.308516753266523,2.1752865939900867,0.1815601508968082,4.19439705578338,-0.2059303139175663,1.0777198568117343,1.0908442654933863,0.2003939982353898,2.6281803945220314,1.684505779710975
64.0,109.0,1005.079833984375,0.8078773908434,3.0635542735379326,-0.2222773718837908,3.644619233544741,-0.0438507735814526,1.4232936018416082,0.7302359461628485,0.463335757005806,3.131559441489576,1.6311643300045815
64.0,109.0,1006.5872802734376,0.2656690085363156,2.8994275720441487,-0.0359203097652873,2.439288483665521,-0.403613583524778,2.160790506390417,1.4511060060394816,0.484404972217794,3.372222679109396,2.807072668682597
64.0,109.0,1005.7649536132812,0.2825466944237913,3.223371955913502,-1.130107795435179,3.475165291581171,-1.048330892200188,0.6773142097574366,1.7224453178602437,-0.0116344510771347,2.978858171781275,1.664112733334867
64.0,109.0,1003.8233642578124,1.028523366259821,3.0628461474330293,-0.3204188298828894,3.0167776901382988,0.2647472536681213,1.306874930918926,0.9514498344110252,-0.5399432597472117,3.348110656193866,0.8965220619264871
64.0,109.0,1006.2741088867188,1.643031542836416,3.606370926934152,-0.6934784640503268,3.544777025413626,-0.1168117638030309,0.939111865717292,1.235370936060419,0.8014975999324441,3.270795648100955,1.6707495569788469
64.0,109.0,1005.4580688476562,1.714830991173177,3.0751933772525515,-0.3198873779630757,3.0600901733655563,-0.3336865919117254,1.041410814400998,0.9802931378106874,-0.0717430790773777,3.30035801474969,1.62578042127942
64.0,109.0,1006.5862426757812,1.577995411367988,3.0412438101480164,-0.2176111300183387,2.876578888687626,-0.1833574859438068,1.0859197018828617,1.3363196681686382,0.4336556636014501,3.2957150676061744,1.5743912760214722
64.0,109.0,1004.8368530273438,-0.0192859539180938,3.1458012448024646,-0.4052589456220559,3.5837623621294377,-0.4446218579421889,1.004306573519272,1.0674916208430016,-0.1473208806064043,4.659302750457305,1.266183010783346
64.0,109.0,1005.0035400390624,1.488088734200528,3.2964916798764268,-0.081613556681665,3.4931910742310563,-0.4795947022471148,1.19443031097595,1.5983254058784726,0.3030366300005376,3.1093375136026897,1.3517079212642986
64.0,109.0,1005.59716796875,0.8422960777773174,3.0348209215701183,-0.2311176520887816,3.530445462000517,0.731073415144617,1.0838871087870037,1.0526527931079228,-0.2789778063184201,3.525442996103043,1.9314441196361605
64.0,109.0,1005.1682739257812,0.4758226699530498,2.725912301651685,-0.0230184400084026,3.5041163169939864,-0.2839688026094656,0.98246182909671,0.7814411067738086,0.0567855685067581,3.2908997596538847,1.3640380101297185
64.0,109.0,1006.4464721679688,1.5809811609032556,2.973684344508984,-0.2520182689694079,3.5675059166760548,-0.2077706524501733,0.9768099904424354,1.0682780433964296,-0.0034129855540246,3.316314287362724,1.5148379811241202
64.0,109.0,1005.4376220703124,1.4939369051591875,3.208578143175042,-0.0838875551827738,3.6527902052474297,-0.0677512366808728,2.1295316682877434,1.0280783661595605,-0.0117743859456704,3.334761595860714,1.7120512362595308
64.0,109.0,1005.9476318359376,0.0416259073064684,3.056620648095169,0.9059087932371556,3.541676985417584,-0.4558259587305865,-0.3150494321593007,1.05123482986649,-0.0994281152615595,3.238383279985208,1.6565234082160285
64.0,109.0,1006.3308715820312,1.535959406806901,3.012881012953959,-0.1663306996994601,3.5850778383914594,-0.2867194392540477,1.0486903470382465,1.1491035130694829,-0.0172823082687018,3.5717012420075,1.522958118209904
64.0,109.0,1005.1908569335938,1.1023887204012748,3.2341476803645643,-0.201467270177571,2.4973480581935963,-0.1713493341169948,1.0827305179708886,1.376827834472508,0.3857767790946929,3.6663823370834,1.765177587675498
64.0,109.0,1004.9675903320312,0.5163418992741506,3.048817683689679,-0.6671757961656667,3.038681368765338,-1.5010622553438249,0.7996637919310045,1.2467383098495923,0.0980610079545224,3.3445950501342527,1.5795039091826957
64.0,109.0,1004.8756713867188,1.803103039357084,3.04969122379482,-0.2380855070972431,3.544222673085715,-0.3675432124331079,1.0049334701620785,1.0915745130618049,-0.0166428366782459,3.286393579044508,1.7128181502425668
64.0,109.0,1005.5949096679688,1.065741447403239,3.566321993171797,-0.1722097588879127,3.335195644635442,0.4153135222526197,1.6432684793938577,1.2308026718224587,0.3065238812510272,3.32453208933479,1.4181087479272612
64.0,109.0,1007.3155517578124,1.5371241881530973,3.0630876048410456,-0.0871751942409553,3.5037983811037874,0.0538749320857102,1.0868473082144283,1.0345167488863027,-0.175052114745749,3.3374017791678297,1.6722190592691553
64.0,109.0,1004.3433227539062,1.5246637626108075,2.588764633984187,-0.2247483509817702,3.541791433209113,-0.2094105942329443,0.0900981966808316,1.4472220790014578,0.3634141441016041,3.275517642189521,1.677631713184814
64.0,109.0,1006.3489990234376,1.5514520891483368,3.057318420357167,-0.2631982522786442,3.525985729806991,-0.211421577591669,1.0871765917978395,1.0592099546980789,-0.0142462550174791,2.96232874565588,1.5743383689854655
64.0,109.0,1005.1350708007812,0.1661038185710084,2.5390123143543657,2.0774916054569346,1.835614257140512,-1.5735118140693944,0.0393769710875324,1.5364656260845004,0.9512514490147672,2.833057723425437,1.6722709438483858
64.0,109.0,1006.7476806640624,1.3783292661069166,2.227281756843792,0.7486796121921748,2.3676098445669496,-0.4352187250238886,0.1295667694666509,1.2582478032152908,0.9678886220425788,1.546052822985894,1.7088008776725607
64.0,109.0,1003.6841430664062,1.5264166200797986,3.063097861613356,-0.215819897253269,3.5490497273888275,-0.2048867388282806,1.0826619122252867,1.0511392207255632,-0.0170243374408754,3.2973942147249127,1.6821927523441609
64.0,109.0,1005.0227661132812,1.1090167985935704,3.054929262949412,0.2138404591139139,3.3785257770175283,-0.2062982807170551,0.6081492878130935,1.0163426512361524,-0.0348229360837541,3.2931519023315508,1.7331119502206431
64.0,109.0,1006.3912353515624,1.0823124156003283,3.145532408020725,0.0937498638335725,4.3492484902596935,-0.983369492477124,0.3045399617600217,1.0355153888892177,-0.6035785196627739,3.47882371336145,1.9749920545649893
64.0,109.0,1005.9546508789062,0.9774910519862512,2.9966431409109435,0.4128803033982741,3.8754920315794896,-0.1991468490866272,0.97247392135606,1.0547347529563285,2.030288962326594,3.222855217908842,1.6821978949551688
64.0,109.0,1005.7315063476562,1.5396689441273124,3.0386942734840274,0.0727790596694881,3.99653790662412,-0.2180394714265182,1.1227822176659112,0.9898665587735348,-0.0161734394273001,3.292559616599718,1.7283088665121291
64.0,109.0,1005.9786376953124,1.1755166225902458,3.0139295819900664,-0.2417305383366287,3.616814653335077,-0.2729520402836232,1.8592848557108288,1.1177652924446315,0.1211451494947978,3.912459696901169,2.2316448068592054
64.0,109.0,1004.7403564453124,0.4804166552562906,3.142058809388116,-0.507253232726782,3.78275224637308,-0.5671588827166028,1.1261544357254607,1.4122039073154182,0.5007209311294231,3.503301094810195,1.926829920271378
64.0,109.0,1004.5214233398438,1.3925082887281215,3.065088985864282,-0.1686798461004562,2.4937664364779137,-0.2246521629870259,1.0573601922845028,1.0844478999456344,-0.8866334099558765,3.2654268773896447,1.6563374701400866
64.0,109.0,1006.101806640625,1.5145614614356997,2.994643314133276,-0.4385238738008652,2.6498988515969346,-0.2204737755628775,1.1219320992016055,0.99350013477897,-0.0190371027451072,3.134156782158529,1.6797391789481235
64.0,109.0,1005.6001586914062,0.1781387739601991,2.8222566258346973,-1.2784227836424644,2.158820161725356,-1.3598118191510389,1.8033214309254848,1.4312019484559402,0.0812233307260337,2.5723035292130967,1.5728984824109573
64.0,109.0,1005.8743896484376,0.0594998054986024,2.4736092679713666,-0.1808303602303297,1.535912543515276,-0.2128728184311272,0.8096079746393341,0.1778975985534896,-0.0199302804665875,3.321000599716123,2.4317144383963893
64.0,109.0,1005.768310546875,1.5999854791936896,2.9805356758612893,-0.224463190705871,3.807145392204087,-0.3379384159359995,1.0087144864956603,0.8161970981207121,-0.0299745068515237,3.525817858828421,1.6851147134922917
64.0,110.0,1004.6443481445312,0.6900176227674764,3.063074350782302,-0.3302721781170479,3.0126561550720083,-0.1976159951512532,1.5970259768578052,1.2511792713171723,-0.0167520924344081,3.4265898532482377,1.5636003792452855
64.0,110.0,1007.3576049804688,0.9212569846597908,3.06139855165662,-0.1317967257900236,3.542737248419205,-1.233962615803387,1.2850703011185782,1.0033974406470525,-0.023572540304738,3.640052147588491,1.601728056724547
64.0,110.0,1006.1292724609376,0.8825330645131402,3.064174342687368,-0.2362635771631851,3.582316996030628,-0.2074679037536006,0.9559810891053128,1.0531749231574068,-0.0434490340044395,3.286294651604756,2.3253331241426074
64.0,110.0,1005.7072143554688,1.6491448804843336,2.9104453120023,-0.2376035463302053,3.615676320374159,-0.5459213406507523,1.0802436756395946,1.0229389087533642,-0.0226071327225542,3.134768809825729,1.4551102740604491
64.0,110.0,1005.2555541992188,-0.5037094802039921,3.707585390221884,-0.3280569768488796,3.321070462527059,0.979043172621886,-0.4155761280008436,0.9565504599200948,0.2951346271246178,3.295787014291044,2.1819067114242974
64.0,110.0,1008.2530517578124,1.5270982961521142,2.378577058659652,-0.1300141971189669,3.4316988602336704,-0.3495752633471561,0.6940326962933131,0.758785861126745,0.0664492484260929,3.002636118435235,0.7040430065820917
64.0,110.0,1006.2119140625,0.4893625390202833,1.7795423029239368,-0.2283334970089545,3.1277989280704825,0.4981169607027755,1.141197769335064,2.5146578201478693,1.975507430672696,4.311031517865723,2.0922100116751228
64.0,110.0,1005.1494140625,1.4267671879387,2.82151791963309,-0.2050135975394147,3.599402345635524,-0.212234014229664,1.0699343377498252,1.054124327480299,-0.0348381047181509,3.2384919490320403,1.683330061310487
64.0,110.0,1006.1808471679688,1.5044895019604971,4.37353118641234,-0.1123117642728705,3.278240110355435,-0.2710004059046436,1.206590297347884,1.0726861605494895,-0.7094813345437163,3.301103040810469,1.658737095350794
64.0,110.0,1004.5355224609376,-0.2067583177486083,2.156645823399848,1.1237471826284795,3.780946817479548,-0.5114493991580722,1.3470285072754011,1.5426076556614716,0.9251629364195506,3.6326501297850458,1.193605314089168
64.0,110.0,1005.1493530273438,0.5735184706036716,3.028423329307017,0.2644622216036731,2.659398374348958,0.2306337810705419,1.0125999917583286,1.1341537852403114,0.5087035841895886,3.226086612326376,1.548830647479367
64.0,110.0,1004.7785034179688,0.6991135168312739,2.894738252833397,-0.2188575842976097,3.4645647397683965,-0.2438181442738039,1.0991670823590096,0.687295206439572,1.314428712403647,3.3101250531130244,1.6781756112361752
64.0,110.0,1007.0950317382812,1.446835224148964,3.0922601795919884,-0.452305704672947,3.21730163786542,-0.0825677138335264,1.2279749223139236,1.2275438040595814,-0.4912708696922656,3.2998959905492504,1.7170354603092577
64.0,110.0,1005.6038818359376,1.308516753266523,2.1752865939900867,0.1815601508968082,4.19439705578338,-0.2059303139175663,1.0777198568117343,1.0908442654933863,0.2003939982353898,2.6281803945220314,1.684505779710975
64.0,110.0,1005.079833984375,0.8078773908434,3.0635542735379326,-0.2222773718837908,3.644619233544741,-0.0438507735814526,1.4232936018416082,0.7302359461628485,0.463335757005806,3.131559441489576,1.6311643300045815
64.0,110.0,1006.5872802734376,0.2656690085363156,2.8994275720441487,-0.0359203097652873,2.439288483665521,-0.403613583524778,2.160790506390417,1.4511060060394816,0.484404972217794,3.372222679109396,2.807072668682597
64.0,110.0,1005.7649536132812,0.2825466944237913,3.223371955913502,-1.130107795435179,3.475165291581171,-1.048330892200188,0.6773142097574366,1.7224453178602437,-0.0116344510771347,2.978858171781275,1.664112733334867
64.0,110.0,1003.8233642578124,1.028523366259821,3.0628461474330293,-0.3204188298828894,3.0167776901382988,0.2647472536681213,1.306874930918926,0.9514498344110252,-0.5399432597472117,3.348110656193866,0.8965220619264871
64.0,110.0,1006.2741088867188,1.643031542836416,3.606370926934152,-0.6934784640503268,3.544777025413626,-0.1168117638030309,0.939111865717292,1.235370936060419,0.8014975999324441,3.270795648100955,1.6707495569788469
64.0,110.0,1005.4580688476562,1.714830991173177,3.0751933772525515,-0.3198873779630757,3.0600901733655563,-0.3336865919117254,1.041410814400998,0.9802931378106874,-0.0717430790773777,3.30035801474969,1.62578042127942
64.0,110.0,1006.5862426757812,1.577995411367988,3.0412438101480164,-0.2176111300183387,2.876578888687626,-0.1833574859438068,1.0859197018828617,1.3363196681686382,0.4336556636014501,3.2957150676061744,1.5743912760214722
64.0,110.0,1004.8368530273438,-0.0192859539180938,3.1458012448024646,-0.4052589456220559,3.5837623621294377,-0.4446218579421889,1.004306573519272,1.0674916208430016,-0.1473208806064043,4.659302750457305,1.266183010783346
64.0,110.0,1005.0035400390624,1.488088734200528,3.2964916798764268,-0.081613556681665,3.4931910742310563,-0.4795947022471148,1.19443031097595,1.5983254058784726,0.3030366300005376,3.1093375136026897,1.3517079212642986
64.0,110.0,1005.59716796875,0.8422960777773174,3.0348209215701183,-0.2311176520887816,3.530445462000517,0.731073415144617,1.0838871087870037,1.0526527931079228,-0.2789778063184201,3.525442996103043,1.9314441196361605
64.0,110.0,1005.1682739257812,0.4758226699530498,2.725912301651685,-0.0230184400084026,3.5041163169939864,-0.2839688026094656,0.98246182909671,0.7814411067738086,0.0567855685067581,3.2908997596538847,1.3640380101297185
64.0,110.0,1006.4464721679688,1.5809811609032556,2.973684344508984,-0.2520182689694079,3.5675059166760548,-0.2077706524501733,0.9768099904424354,1.0682780433964296,-0.0034129855540246,3.316314287362724,1.5148379811241202
64.0,110.0,1005.4376220703124,1.4939369051591875,3.208578143175042,-0.0838875551827738,3.6527902052474297,-0.0677512366808728,2.1295316682877434,1.0280783661595605,-0.0117743859456704,3.334761595860714,1.7120512362595308
64.0,110.0,1005.9476318359376,0.0416259073064684,3.056620648095169,0.9059087932371556,3.541676985417584,-0.4558259587305865,-0.3150494321593007,1.05123482986649,-0.0994281152615595,3.238383279985208,1.6565234082160285
64.0,110.0,1006.3308715820312,1.535959406806901,3.012881012953959,-0.1663306996994601,3.5850778383914594,-0.2867194392540477,1.0486903470382465,1.1491035130694829,-0.0172823082687018,3.5717012420075,1.522958118209904
64.0,110.0,1005.1908569335938,1.1023887204012748,3.2341476803645643,-0.201467270177571,2.4973480581935963,-0.1713493341169948,1.0827305179708886,1.376827834472508,0.3857767790946929,3.6663823370834,1.765177587675498
64.0,110.0,1003.884033203125,1.1425112649696187,3.065090117718845,0.592860107788608,2.8071972518327133,0.2549808842303713,0.7688590957311772,1.1434486482266086,0.1774592781213724,3.2904317271738885,1.6652367097735672
64.0,110.0,1004.8756713867188,1.803103039357084,3.04969122379482,-0.2380855070972431,3.544222673085715,-0.3675432124331079,1.0049334701620785,1.0915745130618049,-0.0166428366782459,3.286393579044508,1.7128181502425668
64.0,110.0,1005.5949096679688,1.065741447403239,3.566321993171797,-0.1722097588879127,3.335195644635442,0.4153135222526197,1.6432684793938577,1.2308026718224587,0.3065238812510272,3.32453208933479,1.4181087479272612
64.0,110.0,1007.3155517578124,1.5371241881530973,3.0630876048410456,-0.0871751942409553,3.5037983811037874,0.0538749320857102,1.0868473082144283,1.0345167488863027,-0.175052114745749,3.3374017791678297,1.6722190592691553
64.0,110.0,1004.3433227539062,1.5246637626108075,2.588764633984187,-0.2247483509817702,3.541791433209113,-0.2094105942329443,0.0900981966808316,1.4472220790014578,0.3634141441016041,3.275517642189521,1.677631713184814
64.0,110.0,1006.3489990234376,1.5514520891483368,3.057318420357167,-0.2631982522786442,3.525985729806991,-0.211421577591669,1.0871765917978395,1.0592099546980789,-0.0142462550174791,2.96232874565588,1.5743383689854655
64.0,110.0,1005.1350708007812,0.1661038185710084,2.5390123143543657,2.0774916054569346,1.835614257140512,-1.5735118140693944,0.0393769710875324,1.5364656260845004,0.9512514490147672,2.833057723425437,1.6722709438483858
64.0,110.0,1006.7476806640624,1.3783292661069166,2.227281756843792,0.7486796121921748,2.3676098445669496,-0.4352187250238886,0.1295667694666509,1.2582478032152908,0.9678886220425788,1.546052822985894,1.7088008776725607
64.0,110.0,1003.6841430664062,1.5264166200797986,3.063097861613356,-0.215819897253269,3.5490497273888275,-0.2048867388282806,1.0826619122252867,1.0511392207255632,-0.0170243374408754,3.2973942147249127,1.6821927523441609
64.0,110.0,1005.0227661132812,1.1090167985935704,3.054929262949412,0.2138404591139139,3.3785257770175283,-0.2062982807170551,0.6081492878130935,1.0163426512361524,-0.0348229360837541,3.2931519023315508,1.7331119502206431
64.0,110.0,1006.3912353515624,1.0823124156003283,3.145532408020725,0.0937498638335725,4.3492484902596935,-0.983369492477124,0.3045399617600217,1.0355153888892177,-0.6035785196627739,3.47882371336145,1.9749920545649893
64.0,110.0,1005.9546508789062,0.9774910519862512,2.9966431409109435,0.4128803033982741,3.8754920315794896,-0.1991468490866272,0.97247392135606,1.0547347529563285,2.030288962326594,3.222855217908842,1.6821978949551688
64.0,110.0,1005.7315063476562,1.5396689441273124,3.0386942734840274,0.0727790596694881,3.99653790662412,-0.2180394714265182,1.1227822176659112,0.9898665587735348,-0.0161734394273001,3.292559616599718,1.7283088665121291
64.0,110.0,1005.9786376953124,1.1755166225902458,3.0139295819900664,-0.2417305383366287,3.616814653335077,-0.2729520402836232,1.8592848557108288,1.1177652924446315,0.1211451494947978,3.912459696901169,2.2316448068592054
64.0,110.0,1004.7403564453124,0.4804166552562906,3.142058809388116,-0.507253232726782,3.78275224637308,-0.5671588827166028,1.1261544357254607,1.4122039073154182,0.5007209311294231,3.503301094810195,1.926829920271378
64.0,110.0,1004.5214233398438,1.3925082887281215,3.065088985864282,-0.1686798461004562,2.4937664364779137,-0.2246521629870259,1.0573601922845028,1.0844478999456344,-0.8866334099558765,3.2654268773896447,1.6563374701400866
64.0,110.0,1006.101806640625,1.5145614614356997,2.994643314133276,-0.4385238738008652,2.6498988515969346,-0.2204737755628775,1.1219320992016055,0.99350013477897,-0.0190371027451072,3.134156782158529,1.6797391789481235
64.0,110.0,1005.6001586914062,0.1781387739601991,2.8222566258346973,-1.2784227836424644,2.158820161725356,-1.3598118191510389,1.8033214309254848,1.4312019484559402,0.0812233307260337,2.5723035292130967,1.5728984824109573
64.0,110.0,1005.8743896484376,0.0594998054986024,2.4736092679713666,-0.1808303602303297,1.535912543515276,-0.2128728184311272,0.8096079746393341,0.1778975985534896,-0.0199302804665875,3.321000599716123,2.4317144383963893
64.0,110.0,1005.768310546875,1.5999854791936896,2.9805356758612893,-0.224463190705871,3.807145392204087,-0.3379384159359995,1.0087144864956603,0.8161970981207121,-0.0299745068515237,3.525817858828421,1.6851147134922917
64.0,111.0,1004.6443481445312,0.6900176227674764,3.063074350782302,-0.3302721781170479,3.0126561550720083,-0.1976159951512532,1.5970259768578052,1.2511792713171723,-0.0167520924344081,3.4265898532482377,1.5636003792452855
64.0,111.0,1007.3576049804688,0.9212569846597908,3.06139855165662,-0.1317967257900236,3.542737248419205,-1.233962615803387,1.2850703011185782,1.0033974406470525,-0.023572540304738,3.640052147588491,1.601728056724547
64.0,111.0,1006.1292724609376,0.8825330645131402,3.064174342687368,-0.2362635771631851,3.582316996030628,-0.2074679037536006,0.9559810891053128,1.0531749231574068,-0.0434490340044395,3.286294651604756,2.3253331241426074
64.0,111.0,1005.7072143554688,1.6491448804843336,2.9104453120023,-0.2376035463302053,3.615676320374159,-0.5459213406507523,1.0802436756395946,1.0229389087533642,-0.0226071327225542,3.134768809825729,1.4551102740604491
64.0,111.0,1005.2555541992188,-0.5037094802039921,3.707585390221884,-0.3280569768488796,3.321070462527059,0.979043172621886,-0.4155761280008436,0.9565504599200948,0.2951346271246178,3.295787014291044,2.1819067114242974
64.0,111.0,1008.2530517578124,1.5270982961521142,2.378577058659652,-0.1300141971189669,3.4316988602336704,-0.3495752633471561,0.6940326962933131,0.758785861126745,0.0664492484260929,3.002636118435235,0.7040430065820917
64.0,111.0,1006.2119140625,0.4893625390202833,1.7795423029239368,-0.2283334970089545,3.1277989280704825,0.4981169607027755,1.141197769335064,2.5146578201478693,1.975507430672696,4.311031517865723,2.0922100116751228
64.0,111.0,1005.1494140625,1.4267671879387,2.82151791963309,-0.2050135975394147,3.599402345635524,-0.212234014229664,1.0699343377498252,1.054124327480299,-0.0348381047181509,3.2384919490320403,1.683330061310487
64.0,111.0,1006.1808471679688,1.5044895019604971,4.37353118641234,-0.1123117642728705,3.278240110355435,-0.2710004059046436,1.206590297347884,1.0726861605494895,-0.7094813345437163,3.301103040810469,1.658737095350794
64.0,111.0,1004.5355224609376,-0.2067583177486083,2.156645823399848,1.1237471826284795,3.780946817479548,-0.5114493991580722,1.3470285072754011,1.5426076556614716,0.9251629364195506,3.6326501297850458,1.193605314089168
64.0,111.0,1005.1493530273438,0.5735184706036716,3.028423329307017,0.2644622216036731,2.659398374348958,0.2306337810705419,1.0125999917583286,1.1341537852403114,0.5087035841895886,3.226086612326376,1.548830647479367
64.0,111.0,1004.7785034179688,0.6991135168312739,2.894738252833397,-0.2188575842976097,3.4645647397683965,-0.2438181442738039,1.0991670823590096,0.687295206439572,1.314428712403647,3.3101250531130244,1.6781756112361752
64.0,111.0,1007.0950317382812,1.446835224148964,3.0922601795919884,-0.452305704672947,3.21730163786542,-0.0825677138335264,1.2279749223139236,1.2275438040595814,-0.4912708696922656,3.2998959905492504,1.7170354603092577
64.0,111.0,1005.6038818359376,1.308516753266523,2.1752865939900867,0.1815601508968082,4.19439705578338,-0.2059303139175663,1.0777198568117343,1.0908442654933863,0.2003939982353898,2.6281803945220314,1.684505779710975
64.0,111.0,1005.079833984375,0.8078773908434,3.0635542735379326,-0.2222773718837908,3.644619233544741,-0.0438507735814526,1.4232936018416082,0.7302359461628485,0.463335757005806,3.131559441489576,1.6311643300045815
64.0,111.0,1006.5872802734376,0.2656690085363156,2.8994275720441487,-0.0359203097652873,2.439288483665521,-0.403613583524778,2.160790506390417,1.4511060060394816,0.484404972217794,3.372222679109396,2.807072668682597
64.0,111.0,1005.7649536132812,0.2825466944237913,3.223371955913502,-1.130107795435179,3.475165291581171,-1.048330892200188,0.6773142097574366,1.7224453178602437,-0.0116344510771347,2.978858171781275,1.664112733334867
64.0,111.0,1003.8233642578124,1.028523366259821,3.0628461474330293,-0.3204188298828894,3.0167776901382988,0.2647472536681213,1.306874930918926,0.9514498344110252,-0.5399432597472117,3.348110656193866,0.8965220619264871
64.0,111.0,1006.2741088867188,1.643031542836416,3.606370926934152,-0.6934784640503268,3.544777025413626,-0.1168117638030309,0.939111865717292,1.235370936060419,0.8014975999324441,3.270795648100955,1.6707495569788469
64.0,111.0,1005.4580688476562,1.714830991173177,3.0751933772525515,-0.3198873779630757,3.0600901733655563,-0.3336865919117254,1.041410814400998,0.9802931378106874,-0.0717430790773777,3.30035801474969,1.62578042127942
64.0,111.0,1006.5862426757812,1.577995411367988,3.0412438101480164,-0.2176111300183387,2.876578888687626,-0.1833574859438068,1.0859197018828617,1.3363196681686382,0.4336556636014501,3.2957150676061744,1.5743912760214722
64.0,111.0,1004.8368530273438,-0.0192859539180938,3.1458012448024646,-0.4052589456220559,3.5837623621294377,-0.4446218579421889,1.004306573519272,1.0674916208430016,-0.1473208806064043,4.659302750457305,1.266183010783346
64.0,111.0,1005.0035400390624,1.488088734200528,3.2964916798764268,-0.081613556681665,3.4931910742310563,-0.4795947022471148,1.19443031097595,1.5983254058784726,0.3030366300005376,3.1093375136026897,1.3517079212642986
64.0,111.0,1005.59716796875,0.8422960777773174,3.0348209215701183,-0.2311176520887816,3.530445462000517,0.731073415144617,1.0838871087870037,1.0526527931079228,-0.2789778063184201,3.525442996103043,1.9314441196361605
64.0,111.0,1005.1682739257812,0.4758226699530498,2.725912301651685,-0.0230184400084026,3.5041163169939864,-0.2839688026094656,0.98246182909671,0.7814411067738086,0.0567855685067581,3.2908997596538847,1.3640380101297185
64.0,111.0,1006.4464721679688,1.5809811609032556,2.973684344508984,-0.2520182689694079,3.5675059166760548,-0.2077706524501733,0.9768099904424354,1.0682780433964296,-0.0034129855540246,3.316314287362724,1.5148379811241202
64.0,111.0,1005.4376220703124,1.4939369051591875,3.208578143175042,-0.0838875551827738,3.6527902052474297,-0.0677512366808728,2.1295316682877434,1.0280783661595605,-0.0117743859456704,3.334761595860714,1.7120512362595308
64.0,111.0,1005.9476318359376,0.0416259073064684,3.056620648095169,0.9059087932371556,3.541676985417584,-0.4558259587305865,-0.3150494321593007,1.05123482986649,-0.0994281152615595,3.238383279985208,1.6565234082160285
64.0,111.0,1006.3308715820312,1.535959406806901,3.012881012953959,-0.1663306996994601,3.5850778383914594,-0.2867194392540477,1.0486903470382465,1.1491035130694829,-0.0172823082687018,3.5717012420075,1.522958118209904
64.0,111.0,1005.1908569335938,1.1023887204012748,3.2341476803645643,-0.201467270177571,2.4973480581935963,-0.1713493341169948,1.0827305179708886,1.376827834472508,0.3857767790946929,3.6663823370834,1.765177587675498
64.0,111.0,1003.884033203125,1.1425112649696187,3.065090117718845,0.592860107788608,2.8071972518327133,0.2549808842303713,0.7688590957311772,1.1434486482266086,0.1774592781213724,3.2904317271738885,1.6652367097735672
64.0,111.0,1004.8756713867188,1.803103039357084,3.04969122379482,-0.2380855070972431,3.544222673085715,-0.3675432124331079,1.0049334701620785,1.0915745130618049,-0.0166428366782459,3.286393579044508,1.7128181502425668
64.0,111.0,1005.5949096679688,1.065741447403239,3.566321993171797,-0.1722097588879127,3.335195644635442,0.4153135222526197,1.6432684793938577,1.2308026718224587,0.3065238812510272,3.32453208933479,1.4181087479272612
64.0,111.0,1007.3155517578124,1.5371241881530973,3.0630876048410456,-0.0871751942409553,3.5037983811037874,0.0538749320857102,1.0868473082144283,1.0345167488863027,-0.175052114745749,3.3374017791678297,1.6722190592691553
64.0,111.0,1004.3433227539062,1.5246637626108075,2.588764633984187,-0.2247483509817702,3.541791433209113,-0.2094105942329443,0.0900981966808316,1.4472220790014578,0.3634141441016041,3.275517642189521,1.677631713184814
64.0,111.0,1006.3489990234376,1.5514520891483368,3.057318420357167,-0.2631982522786442,3.525985729806991,-0.211421577591669,1.0871765917978395,1.0592099546980789,-0.0142462550174791,2.96232874565588,1.5743383689854655
64.0,111.0,1005.1350708007812,0.1661038185710084,2.5390123143543657,2.0774916054569346,1.835614257140512,-1.5735118140693944,0.0393769710875324,1.5364656260845004,0.9512514490147672,2.833057723425437,1.6722709438483858
64.0,111.0,1006.7476806640624,1.3783292661069166,2.227281756843792,0.7486796121921748,2.3676098445669496,-0.4352187250238886,0.1295667694666509,1.2582478032152908,0.9678886220425788,1.546052822985894,1.7088008776725607
64.0,111.0,1003.6841430664062,1.5264166200797986,3.063097861613356,-0.215819897253269,3.5490497273888275,-0.2048867388282806,1.0826619122252867,1.0511392207255632,-0.0170243374408754,3.2973942147249127,1.6821927523441609
64.0,111.0,1005.0227661132812,1.1090167985935704,3.054929262949412,0.2138404591139139,3.3785257770175283,-0.2062982807170551,0.6081492878130935,1.0163426512361524,-0.0348229360837541,3.2931519023315508,1.7331119502206431
64.0,111.0,1006.3912353515624,1.0823124156003283,3.145532408020725,0.0937498638335725,4.3492484902596935,-0.983369492477124,0.3045399617600217,1.0355153888892177,-0.6035785196627739,3.47882371336145,1.9749920545649893
64.0,111.0,1005.9546508789062,0.9774910519862512,2.9966431409109435,0.4128803033982741,3.8754920315794896,-0.1991468490866272,0.97247392135606,1.0547347529563285,2.030288962326594,3.222855217908842,1.6821978949551688
64.0,111.0,1005.7315063476562,1.5396689441273124,3.0386942734840274,0.0727790596694881,3.99653790662412,-0.2180394714265182,1.1227822176659112,0.9898665587735348,-0.0161734394273001,3.292559616599718,1.7283088665121291
64.0,111.0,1005.9786376953124,1.1755166225902458,3.0139295819900664,-0.2417305383366287,3.616814653335077,-0.2729520402836232,1.8592848557108288,1.1177652924446315,0.1211451494947978,3.912459696901169,2.2316448068592054
64.0,111.0,1004.7403564453124,0.4804166552562906,3.142058809388116,-0.507253232726782,3.78275224637308,-0.5671588827166028,1.1261544357254607,1.4122039073154182,0.5007209311294231,3.503301094810195,1.926829920271378
64.0,111.0,1004.5214233398438,1.3925082887281215,3.065088985864282,-0.1686798461004562,2.4937664364779137,-0.2246521629870259,1.0573601922845028,1.0844478999456344,-0.8866334099558765,3.2654268773896447,1.6563374701400866
64.0,111.0,1006.101806640625,1.5145614614356997,2.994643314133276,-0.4385238738008652,2.6498988515969346,-0.2204737755628775,1.1219320992016055,0.99350013477897,-0.0190371027451072,3.134156782158529,1.6797391789481235
64.0,111.0,1005.6001586914062,0.1781387739601991,2.8222566258346973,-1.2784227836424644,2.158820161725356,-1.3598118191510389,1.8033214309254848,1.4312019484559402,0.0812233307260337,2.5723035292130967,1.5728984824109573
64.0,111.0,1005.8743896484376,0.0594998054986024,2.4736092679713666,-0.1808303602303297,1.535912543515276,-0.2128728184311272,0.8096079746393341,0.1778975985534896,-0.0199302804665875,3.321000599716123,2.4317144383963893
64.0,111.0,1005.768310546875,1.5999854791936896,2.9805356758612893,-0.224463190705871,3.807145392204087,-0.3379384159359995,1.0087144864956603,0.8161970981207121,-0.0299745068515237,3.525817858828421,1.6851147134922917
64.0,112.0,1004.6443481445312,0.6900176227674764,3.063074350782302,-0.3302721781170479,3.0126561550720083,-0.1976159951512532,1.5970259768578052,1.2511792713171723,-0.0167520924344081,3.4265898532482377,1.5636003792452855
64.0,112.0,1007.3576049804688,0.9212569846597908,3.06139855165662,-0.1317967257900236,3.542737248419205,-1.233962615803387,1.2850703011185782,1.0033974406470525,-0.023572540304738,3.640052147588491,1.601728056724547
64.0,112.0,1006.1292724609376,0.8825330645131402,3.064174342687368,-0.2362635771631851,3.582316996030628,-0.2074679037536006,0.9559810891053128,1.0531749231574068,-0.0434490340044395,3.286294651604756,2.3253331241426074
64.0,112.0,1005.7072143554688,1.6491448804843336,2.9104453120023,-0.2376035463302053,3.615676320374159,-0.5459213406507523,1.0802436756395946,1.0229389087533642,-0.0226071327225542,3.134768809825729,1.4551102740604491
64.0,112.0,1005.2555541992188,-0.5037094802039921,3.707585390221884,-0.3280569768488796,3.321070462527059,0.979043172621886,-0.4155761280008436,0.9565504599200948,0.2951346271246178,3.295787014291044,2.1819067114242974
64.0,112.0,1008.2530517578124,1.5270982961521142,2.378577058659652,-0.1300141971189669,3.4316988602336704,-0.3495752633471561,0.6940326962933131,0.758785861126745,0.0664492484260929,3.002636118435235,0.7040430065820917
64.0,112.0,1006.2119140625,0.4893625390202833,1.7795423029239368,-0.2283334970089545,3.1277989280704825,0.4981169607027755,1.141197769335064,2.5146578201478693,1.975507430672696,4.311031517865723,2.0922100116751228
64.0,112.0,1005.1494140625,1.4267671879387,2.82151791963309,-0.2050135975394147,3.599402345635524,-0.212234014229664,1.0699343377498252,1.054124327480299,-0.0348381047181509,3.2384919490320403,1.683330061310487
64.0,112.0,1006.1808471679688,1.5044895019604971,4.37353118641234,-0.1123117642728705,3.278240110355435,-0.2710004059046436,1.206590297347884,1.0726861605494895,-0.7094813345437163,3.301103040810469,1.658737095350794
64.0,112.0,1004.5355224609376,-0.2067583177486083,2.156645823399848,1.1237471826284795,3.780946817479548,-0.5114493991580722,1.3470285072754011,1.5426076556614716,0.9251629364195506,3.6326501297850458,1.193605314089168
64.0,112.0,1005.1493530273438,0.5735184706036716,3.028423329307017,0.2644622216036731,2.659398374348958,0.2306337810705419,1.0125999917583286,1.1341537852403114,0.5087035841895886,3.226086612326376,1.548830647479367
64.0,112.0,1004.7785034179688,0.6991135168312739,2.894738252833397,-0.2188575842976097,3.4645647397683965,-0.2438181442738039,1.0991670823590096,0.687295206439572,1.314428712403647,3.3101250531130244,1.6781756112361752
64.0,112.0,1007.0950317382812,1.446835224148964,3.0922601795919884,-0.452305704672947,3.21730163786542,-0.0825677138335264,1.2279749223139236,1.2275438040595814,-0.4912708696922656,3.2998959905492504,1.7170354603092577
64.0,112.0,1005.6038818359376,1.308516753266523,2.1752865939900867,0.1815601508968082,4.19439705578338,-0.2059303139175663,1.0777198568117343,1.0908442654933863,0.2003939982353898,2.6281803945220314,1.684505779710975
64.0,112.0,1005.079833984375,0.8078773908434,3.0635542735379326,-0.2222773718837908,3.644619233544741,-0.0438507735814526,1.4232936018416082,0.7302359461628485,0.463335757005806,3.131559441489576,1.6311643300045815
64.0,112.0,1006.5872802734376,0.2656690085363156,2.8994275720441487,-0.0359203097652873,2.439288483665521,-0.403613583524778,2.160790506390417,1.4511060060394816,0.484404972217794,3.372222679109396,2.807072668682597
64.0,112.0,1005.7649536132812,0.2825466944237913,3.223371955913502,-1.130107795435179,3.475165291581171,-1.048330892200188,0.6773142097574366,1.7224453178602437,-0.0116344510771347,2.978858171781275,1.664112733334867
64.0,112.0,1003.8233642578124,1.028523366259821,3.0628461474330293,-0.3204188298828894,3.0167776901382988,0.2647472536681213,1.306874930918926,0.9514498344110252,-0.5399432597472117,3.348110656193866,0.8965220619264871
64.0,112.0,1006.2741088867188,1.643031542836416,3.606370926934152,-0.6934784640503268,3.544777025413626,-0.1168117638030309,0.939111865717292,1.235370936060419,0.8014975999324441,3.270795648100955,1.6707495569788469
64.0,112.0,1005.4580688476562,1.714830991173177,3.0751933772525515,-0.3198873779630757,3.0600901733655563,-0.3336865919117254,1.041410814400998,0.9802931378106874,-0.0717430790773777,3.30035801474969,1.62578042127942
64.0,112.0,1006.5862426757812,1.577995411367988,3.0412438101480164,-0.2176111300183387,2.876578888687626,-0.1833574859438068,1.0859197018828617,1.3363196681686382,0.4336556636014501,3.2957150676061744,1.5743912760214722
64.0,112.0,1004.8368530273438,-0.0192859539180938,3.1458012448024646,-0.4052589456220559,3.5837623621294377,-0.4446218579421889,1.004306573519272,1.0674916208430016,-0.1473208806064043,4.659302750457305,1.266183010783346
64.0,112.0,1005.0035400390624,1.488088734200528,3.2964916798764268,-0.081613556681665,3.4931910742310563,-0.4795947022471148,1.19443031097595,1.5983254058784726,0.3030366300005376,3.1093375136026897,1.3517079212642986
64.0,112.0,1005.59716796875,0.8422960777773174,3.0348209215701183,-0.2311176520887816,3.530445462000517,0.731073415144617,1.0838871087870037,1.0526527931079228,-0.2789778063184201,3.525442996103043,1.9314441196361605
64.0,112.0,1005.1682739257812,0.4758226699530498,2.725912301651685,-0.0230184400084026,3.5041163169939864,-0.2839688026094656,0.98246182909671,0.7814411067738086,0.0567855685067581,3.2908997596538847,1.3640380101297185
64.0,112.0,1006.4464721679688,1.5809811609032556,2.973684344508984,-0.2520182689694079,3.5675059166760548,-0.2077706524501733,0.9768099904424354,1.0682780433964296,-0.0034129855540246,3.316314287362724,1.5148379811241202
64.0,112.0,1005.4376220703124,1.4939369051591875,3.208578143175042,-0.0838875551827738,3.6527902052474297,-0.0677512366808728,2.1295316682877434,1.0280783661595605,-0.0117743859456704,3.334761595860714,1.7120512362595308
64.0,112.0,1005.9476318359376,0.0416259073064684,3.056620648095169,0.9059087932371556,3.541676985417584,-0.4558259587305865,-0.3150494321593007,1.05123482986649,-0.0994281152615595,3.238383279985208,1.6565234082160285
64.0,112.0,1006.3308715820312,1.535959406806901,3.012881012953959,-0.1663306996994601,3.5850778383914594,-0.2867194392540477,1.0486903470382465,1.1491035130694829,-0.0172823082687018,3.5717012420075,1.522958118209904
64.0,112.0,1005.1908569335938,1.1023887204012748,3.2341476803645643,-0.201467270177571,2.4973480581935963,-0.1713493341169948,1.0827305179708886,1.376827834472508,0.3857767790946929,3.6663823370834,1.765177587675498
64.0,112.0,1003.884033203125,1.1425112649696187,3.065090117718845,0.592860107788608,2.8071972518327133,0.2549808842303713,0.7688590957311772,1.1434486482266086,0.1774592781213724,3.2904317271738885,1.6652367097735672
64.0,112.0,1004.8756713867188,1.803103039357084,3.04969122379482,-0.2380855070972431,3.544222673085715,-0.3675432124331079,1.0049334701620785,1.0915745130618049,-0.0166428366782459,3.286393579044508,1.7128181502425668
64.0,112.0,1005.5949096679688,1.065741447403239,3.566321993171797,-0.1722097588879127,3.335195644635442,0.4153135222526197,1.6432684793938577,1.2308026718224587,0.3065238812510272,3.32453208933479,1.4181087479272612
64.0,112.0,1005.1708984375,1.5387374172758588,3.0630905424895096,-0.2761169812147975,3.539551483750204,-0.0710913967583387,1.0864629386437223,1.0432566156141505,0.0406253156605319,3.3703392304127733,1.6847979903288934
64.0,112.0,1004.3433227539062,1.5246637626108075,2.588764633984187,-0.2247483509817702,3.541791433209113,-0.2094105942329443,0.0900981966808316,1.4472220790014578,0.3634141441016041,3.275517642189521,1.677631713184814
64.0,112.0,1006.3489990234376,1.5514520891483368,3.057318420357167,-0.2631982522786442,3.525985729806991,-0.211421577591669,1.0871765917978395,1.0592099546980789,-0.0142462550174791,2.96232874565588,1.5743383689854655
64.0,112.0,1005.1350708007812,0.1661038185710084,2.5390123143543657,2.0774916054569346,1.835614257140512,-1.5735118140693944,0.0393769710875324,1.5364656260845004,0.9512514490147672,2.833057723425437,1.6722709438483858
64.0,112.0,1006.7476806640624,1.3783292661069166,2.227281756843792,0.7486796121921748,2.3676098445669496,-0.4352187250238886,0.1295667694666509,1.2582478032152908,0.9678886220425788,1.546052822985894,1.7088008776725607
64.0,112.0,1003.6841430664062,1.5264166200797986,3.063097861613356,-0.215819897253269,3.5490497273888275,-0.2048867388282806,1.0826619122252867,1.0511392207255632,-0.0170243374408754,3.2973942147249127,1.6821927523441609
64.0,112.0,1005.0227661132812,1.1090167985935704,3.054929262949412,0.2138404591139139,3.3785257770175283,-0.2062982807170551,0.6081492878130935,1.0163426512361524,-0.0348229360837541,3.2931519023315508,1.7331119502206431
64.0,112.0,1006.3912353515624,1.0823124156003283,3.145532408020725,0.0937498638335725,4.3492484902596935,-0.983369492477124,0.3045399617600217,1.0355153888892177,-0.6035785196627739,3.47882371336145,1.9749920545649893
64.0,112.0,1005.9546508789062,0.9774910519862512,2.9966431409109435,0.4128803033982741,3.8754920315794896,-0.1991468490866272,0.97247392135606,1.0547347529563285,2.030288962326594,3.222855217908842,1.6821978949551688
64.0,112.0,1005.7315063476562,1.5396689441273124,3.0386942734840274,0.0727790596694881,3.99653790662412,-0.2180394714265182,1.1227822176659112,0.9898665587735348,-0.0161734394273001,3.292559616599718,1.7283088665121291
64.0,112.0,1005.9786376953124,1.1755166225902458,3.0139295819900664,-0.2417305383366287,3.616814653335077,-0.2729520402836232,1.8592848557108288,1.1177652924446315,0.1211451494947978,3.912459696901169,2.2316448068592054
64.0,112.0,1004.7403564453124,0.4804166552562906,3.142058809388116,-0.507253232726782,3.78275224637308,-0.5671588827166028,1.1261544357254607,1.4122039073154182,0.5007209311294231,3.503301094810195,1.926829920271378
64.0,112.0,1004.5214233398438,1.3925082887281215,3.065088985864282,-0.1686798461004562,2.4937664364779137,-0.2246521629870259,1.0573601922845028,1.0844478999456344,-0.8866334099558765,3.2654268773896447,1.6563374701400866
64.0,112.0,1006.101806640625,1.5145614614356997,2.994643314133276,-0.4385238738008652,2.6498988515969346,-0.2204737755628775,1.1219320992016055,0.99350013477897,-0.0190371027451072,3.134156782158529,1.6797391789481235
64.0,112.0,1005.6001586914062,0.1781387739601991,2.8222566258346973,-1.2784227836424644,2.158820161725356,-1.3598118191510389,1.8033214309254848,1.4312019484559402,0.0812233307260337,2.5723035292130967,1.5728984824109573
64.0,112.0,1005.8743896484376,0.0594998054986024,2.4736092679713666,-0.1808303602303297,1.535912543515276,-0.2128728184311272,0.8096079746393341,0.1778975985534896,-0.0199302804665875,3.321000599716123,2.4317144383963893
64.0,112.0,1005.768310546875,1.5999854791936896,2.9805356758612893,-0.224463190705871,3.807145392204087,-0.3379384159359995,1.0087144864956603,0.8161970981207121,-0.0299745068515237,3.525817858828421,1.6851147134922917
64.0,113.0,1004.6443481445312,0.6900176227674764,3.063074350782302,-0.3302721781170479,3.0126561550720083,-0.1976159951512532,1.5970259768578052,1.2511792713171723,-0.0167520924344081,3.4265898532482377,1.5636003792452855
64.0,113.0,1007.3576049804688,0.9212569846597908,3.06139855165662,-0.1317967257900236,3.542737248419205,-1.233962615803387,1.2850703011185782,1.0033974406470525,-0.023572540304738,3.640052147588491,1.601728056724547
64.0,113.0,1006.1292724609376,0.8825330645131402,3.064174342687368,-0.2362635771631851,3.582316996030628,-0.2074679037536006,0.9559810891053128,1.0531749231574068,-0.0434490340044395,3.286294651604756,2.3253331241426074
64.0,113.0,1005.7072143554688,1.6491448804843336,2.9104453120023,-0.2376035463302053,3.615676320374159,-0.5459213406507523,1.0802436756395946,1.0229389087533642,-0.0226071327225542,3.134768809825729,1.4551102740604491
64.0,113.0,1005.2555541992188,-0.5037094802039921,3.707585390221884,-0.3280569768488796,3.321070462527059,0.979043172621886,-0.4155761280008436,0.9565504599200948,0.2951346271246178,3.295787014291044,2.1819067114242974
64.0,113.0,1008.2530517578124,1.5270982961521142,2.378577058659652,-0.1300141971189669,3.4316988602336704,-0.3495752633471561,0.6940326962933131,0.758785861126745,0.0664492484260929,3.002636118435235,0.7040430065820917
64.0,113.0,1006.2119140625,0.4893625390202833,1.7795423029239368,-0.2283334970089545,3.1277989280704825,0.4981169607027755,1.141197769335064,2.5146578201478693,1.975507430672696,4.311031517865723,2.0922100116751228
64.0,113.0,1005.1494140625,1.4267671879387,2.82151791963309,-0.2050135975394147,3.599402345635524,-0.212234014229664,1.0699343377498252,1.054124327480299,-0.0348381047181509,3.2384919490320403,1.683330061310487
64.0,113.0,1006.1808471679688,1.5044895019604971,4.37353118641234,-0.1123117642728705,3.278240110355435,-0.2710004059046436,1.206590297347884,1.0726861605494895,-0.7094813345437163,3.301103040810469,1.658737095350794
64.0,113.0,1004.5355224609376,-0.2067583177486083,2.156645823399848,1.1237471826284795,3.780946817479548,-0.5114493991580722,1.3470285072754011,1.5426076556614716,0.9251629364195506,3.6326501297850458,1.193605314089168
64.0,113.0,1005.1493530273438,0.5735184706036716,3.028423329307017,0.2644622216036731,2.659398374348958,0.2306337810705419,1.0125999917583286,1.1341537852403114,0.5087035841895886,3.226086612326376,1.548830647479367
64.0,113.0,1004.7785034179688,0.6991135168312739,2.894738252833397,-0.2188575842976097,3.4645647397683965,-0.2438181442738039,1.0991670823590096,0.687295206439572,1.314428712403647,3.3101250531130244,1.6781756112361752
64.0,113.0,1007.0950317382812,1.446835224148964,3.0922601795919884,-0.452305704672947,3.21730163786542,-0.0825677138335264,1.2279749223139236,1.2275438040595814,-0.4912708696922656,3.2998959905492504,1.7170354603092577
64.0,113.0,1005.6038818359376,1.308516753266523,2.1752865939900867,0.1815601508968082,4.19439705578338,-0.2059303139175663,1.0777198568117343,1.0908442654933863,0.2003939982353898,2.6281803945220314,1.684505779710975
64.0,113.0,1005.079833984375,0.8078773908434,3.0635542735379326,-0.2222773718837908,3.644619233544741,-0.0438507735814526,1.4232936018416082,0.7302359461628485,0.463335757005806,3.131559441489576,1.6311643300045815
64.0,113.0,1006.5872802734376,0.2656690085363156,2.8994275720441487,-0.0359203097652873,2.439288483665521,-0.403613583524778,2.160790506390417,1.4511060060394816,0.484404972217794,3.372222679109396,2.807072668682597
64.0,113.0,1005.7649536132812,0.2825466944237913,3.223371955913502,-1.130107795435179,3.475165291581171,-1.048330892200188,0.6773142097574366,1.7224453178602437,-0.0116344510771347,2.978858171781275,1.664112733334867
64.0,113.0,1003.8233642578124,1.028523366259821,3.0628461474330293,-0.3204188298828894,3.0167776901382988,0.2647472536681213,1.306874930918926,0.9514498344110252,-0.5399432597472117,3.348110656193866,0.8965220619264871
64.0,113.0,1006.2741088867188,1.643031542836416,3.606370926934152,-0.6934784640503268,3.544777025413626,-0.1168117638030309,0.939111865717292,1.235370936060419,0.8014975999324441,3.270795648100955,1.6707495569788469
64.0,113.0,1005.4580688476562,1.714830991173177,3.0751933772525515,-0.3198873779630757,3.0600901733655563,-0.3336865919117254,1.041410814400998,0.9802931378106874,-0.0717430790773777,3.30035801474969,1.62578042127942
64.0,113.0,1006.5862426757812,1.577995411367988,3.0412438101480164,-0.2176111300183387,2.876578888687626,-0.1833574859438068,1.0859197018828617,1.3363196681686382,0.4336556636014501,3.2957150676061744,1.5743912760214722
64.0,113.0,1004.8368530273438,-0.0192859539180938,3.1458012448024646,-0.4052589456220559,3.5837623621294377,-0.4446218579421889,1.004306573519272,1.0674916208430016,-0.1473208806064043,4.659302750457305,1.266183010783346
64.0,113.0,1005.0035400390624,1.488088734200528,3.2964916798764268,-0.081613556681665,3.4931910742310563,-0.4795947022471148,1.19443031097595,1.5983254058784726,0.3030366300005376,3.1093375136026897,1.3517079212642986
64.0,113.0,1005.59716796875,0.8422960777773174,3.0348209215701183,-0.2311176520887816,3.530445462000517,0.731073415144617,1.0838871087870037,1.0526527931079228,-0.2789778063184201,3.525442996103043,1.9314441196361605
64.0,113.0,1005.1682739257812,0.4758226699530498,2.725912301651685,-0.0230184400084026,3.5041163169939864,-0.2839688026094656,0.98246182909671,0.7814411067738086,0.0567855685067581,3.2908997596538847,1.3640380101297185
64.0,113.0,1006.4464721679688,1.5809811609032556,2.973684344508984,-0.2520182689694079,3.5675059166760548,-0.2077706524501733,0.9768099904424354,1.0682780433964296,-0.0034129855540246,3.316314287362724,1.5148379811241202
64.0,113.0,1005.4376220703124,1.4939369051591875,3.208578143175042,-0.0838875551827738,3.6527902052474297,-0.0677512366808728,2.1295316682877434,1.0280783661595605,-0.0117743859456704,3.334761595860714,1.7120512362595308
64.0,113.0,1005.9476318359376,0.0416259073064684,3.056620648095169,0.9059087932371556,3.541676985417584,-0.4558259587305865,-0.3150494321593007,1.05123482986649,-0.0994281152615595,3.238383279985208,1.6565234082160285
64.0,113.0,1006.3308715820312,1.535959406806901,3.012881012953959,-0.1663306996994601,3.5850778383914594,-0.2867194392540477,1.0486903470382465,1.1491035130694829,-0.0172823082687018,3.5717012420075,1.522958118209904
64.0,113.0,1005.1908569335938,1.1023887204012748,3.2341476803645643,-0.201467270177571,2.4973480581935963,-0.1713493341169948,1.0827305179708886,1.376827834472508,0.3857767790946929,3.6663823370834,1.765177587675498
64.0,113.0,1003.884033203125,1.1425112649696187,3.065090117718845,0.592860107788608,2.8071972518327133,0.2549808842303713,0.7688590957311772,1.1434486482266086,0.1774592781213724,3.2904317271738885,1.6652367097735672
64.0,113.0,1004.8756713867188,1.803103039357084,3.04969122379482,-0.2380855070972431,3.544222673085715,-0.3675432124331079,1.0049334701620785,1.0915745130618049,-0.0166428366782459,3.286393579044508,1.7128181502425668
64.0,113.0,1005.5949096679688,1.065741447403239,3.566321993171797,-0.1722097588879127,3.335195644635442,0.4153135222526197,1.6432684793938577,1.2308026718224587,0.3065238812510272,3.32453208933479,1.4181087479272612
64.0,113.0,1005.1708984375,1.5387374172758588,3.0630905424895096,-0.2761169812147975,3.539551483750204,-0.0710913967583387,1.0864629386437223,1.0432566156141505,0.0406253156605319,3.3703392304127733,1.6847979903288934
64.0,113.0,1004.3433227539062,1.5246637626108075,2.588764633984187,-0.2247483509817702,3.541791433209113,-0.2094105942329443,0.0900981966808316,1.4472220790014578,0.3634141441016041,3.275517642189521,1.677631713184814
64.0,113.0,1006.3489990234376,1.5514520891483368,3.057318420357167,-0.2631982522786442,3.525985729806991,-0.211421577591669,1.0871765917978395,1.0592099546980789,-0.0142462550174791,2.96232874565588,1.5743383689854655
64.0,113.0,1005.1350708007812,0.1661038185710084,2.5390123143543657,2.0774916054569346,1.835614257140512,-1.5735118140693944,0.0393769710875324,1.5364656260845004,0.9512514490147672,2.833057723425437,1.6722709438483858
64.0,113.0,1006.7476806640624,1.3783292661069166,2.227281756843792,0.7486796121921748,2.3676098445669496,-0.4352187250238886,0.1295667694666509,1.2582478032152908,0.9678886220425788,1.546052822985894,1.7088008776725607
64.0,113.0,1003.6841430664062,1.5264166200797986,3.063097861613356,-0.215819897253269,3.5490497273888275,-0.2048867388282806,1.0826619122252867,1.0511392207255632,-0.0170243374408754,3.2973942147249127,1.6821927523441609
64.0,113.0,1005.0227661132812,1.1090167985935704,3.054929262949412,0.2138404591139139,3.3785257770175283,-0.2062982807170551,0.6081492878130935,1.0163426512361524,-0.0348229360837541,3.2931519023315508,1.7331119502206431
64.0,113.0,1006.3912353515624,1.0823124156003283,3.145532408020725,0.0937498638335725,4.3492484902596935,-0.983369492477124,0.3045399617600217,1.0355153888892177,-0.6035785196627739,3.47882371336145,1.9749920545649893
64.0,113.0,1005.9546508789062,0.9774910519862512,2.9966431409109435,0.4128803033982741,3.8754920315794896,-0.1991468490866272,0.97247392135606,1.0547347529563285,2.030288962326594,3.222855217908842,1.6821978949551688
64.0,113.0,1005.7315063476562,1.5396689441273124,3.0386942734840274,0.0727790596694881,3.99653790662412,-0.2180394714265182,1.1227822176659112,0.9898665587735348,-0.0161734394273001,3.292559616599718,1.7283088665121291
64.0,113.0,1005.9786376953124,1.1755166225902458,3.0139295819900664,-0.2417305383366287,3.616814653335077,-0.2729520402836232,1.8592848557108288,1.1177652924446315,0.1211451494947978,3.912459696901169,2.2316448068592054
64.0,113.0,1004.7403564453124,0.4804166552562906,3.142058809388116,-0.507253232726782,3.78275224637308,-0.5671588827166028,1.1261544357254607,1.4122039073154182,0.5007209311294231,3.503301094810195,1.926829920271378
64.0,113.0,1004.5214233398438,1.3925082887281215,3.065088985864282,-0.1686798461004562,2.4937664364779137,-0.2246521629870259,1.0573601922845028,1.0844478999456344,-0.8866334099558765,3.2654268773896447,1.6563374701400866
64.0,113.0,1006.101806640625,1.5145614614356997,2.994643314133276,-0.4385238738008652,2.6498988515969346,-0.2204737755628775,1.1219320992016055,0.99350013477897,-0.0190371027451072,3.134156782158529,1.6797391789481235
64.0,113.0,1005.6001586914062,0.1781387739601991,2.8222566258346973,-1.2784227836424644,2.158820161725356,-1.3598118191510389,1.8033214309254848,1.4312019484559402,0.0812233307260337,2.5723035292130967,1.5728984824109573
64.0,113.0,1005.8743896484376,0.0594998054986024,2.4736092679713666,-0.1808303602303297,1.535912543515276,-0.2128728184311272,0.8096079746393341,0.1778975985534896,-0.0199302804665875,3.321000599716123,2.4317144383963893
64.0,113.0,1005.768310546875,1.5999854791936896,2.9805356758612893,-0.224463190705871,3.807145392204087,-0.3379384159359995,1.0087144864956603,0.8161970981207121,-0.0299745068515237,3.525817858828421,1.6851147134922917
64.0,114.0,1004.6443481445312,0.6900176227674764,3.063074350782302,-0.3302721781170479,3.0126561550720083,-0.1976159951512532,1.5970259768578052,1.2511792713171723,-0.0167520924344081,3.4265898532482377,1.5636003792452855
64.0,114.0,1007.3576049804688,0.9212569846597908,3.06139855165662,-0.1317967257900236,3.542737248419205,-1.233962615803387,1.2850703011185782,1.0033974406470525,-0.023572540304738,3.640052147588491,1.601728056724547
64.0,114.0,1006.1292724609376,0.8825330645131402,3.064174342687368,-0.2362635771631851,3.582316996030628,-0.2074679037536006,0.9559810891053128,1.0531749231574068,-0.0434490340044395,3.286294651604756,2.3253331241426074
64.0,114.0,1005.7072143554688,1.6491448804843336,2.9104453120023,-0.2376035463302053,3.615676320374159,-0.5459213406507523,1.0802436756395946,1.0229389087533642,-0.0226071327225542,3.134768809825729,1.4551102740604491
64.0,114.0,1005.2555541992188,-0.5037094802039921,3.707585390221884,-0.3280569768488796,3.321070462527059,0.979043172621886,-0.4155761280008436,0.9565504599200948,0.2951346271246178,3.295787014291044,2.1819067114242974
64.0,114.0,1008.2530517578124,1.5270982961521142,2.378577058659652,-0.1300141971189669,3.4316988602336704,-0.3495752633471561,0.6940326962933131,0.758785861126745,0.0664492484260929,3.002636118435235,0.7040430065820917
64.0,114.0,1006.2119140625,0.4893625390202833,1.7795423029239368,-0.2283334970089545,3.1277989280704825,0.4981169607027755,1.141197769335064,2.5146578201478693,1.975507430672696,4.311031517865723,2.0922100116751228
64.0,114.0,1005.1494140625,1.4267671879387,2.82151791963309,-0.2050135975394147,3.599402345635524,-0.212234014229664,1.0699343377498252,1.054124327480299,-0.0348381047181509,3.2384919490320403,1.683330061310487
64.0,114.0,1006.1808471679688,1.5044895019604971,4.37353118641234,-0.1123117642728705,3.278240110355435,-0.2710004059046436,1.206590297347884,1.0726861605494895,-0.7094813345437163,3.301103040810469,1.658737095350794
64.0,114.0,1004.5355224609376,-0.2067583177486083,2.156645823399848,1.1237471826284795,3.780946817479548,-0.5114493991580722,1.3470285072754011,1.5426076556614716,0.9251629364195506,3.6326501297850458,1.193605314089168
64.0,114.0,1005.1493530273438,0.5735184706036716,3.028423329307017,0.2644622216036731,2.659398374348958,0.2306337810705419,1.0125999917583286,1.1341537852403114,0.5087035841895886,3.226086612326376,1.548830647479367
64.0,114.0,1004.7785034179688,0.6991135168312739,2.894738252833397,-0.2188575842976097,3.4645647397683965,-0.2438181442738039,1.0991670823590096,0.687295206439572,1.314428712403647,3.3101250531130244,1.6781756112361752
64.0,114.0,1007.0950317382812,1.446835224148964,3.0922601795919884,-0.452305704672947,3.21730163786542,-0.0825677138335264,1.2279749223139236,1.2275438040595814,-0.4912708696922656,3.2998959905492504,1.7170354603092577
64.0,114.0,1005.6038818359376,1.308516753266523,2.1752865939900867,0.1815601508968082,4.19439705578338,-0.2059303139175663,1.0777198568117343,1.0908442654933863,0.2003939982353898,2.6281803945220314,1.684505779710975
64.0,114.0,1005.079833984375,0.8078773908434,3.0635542735379326,-0.2222773718837908,3.644619233544741,-0.0438507735814526,1.4232936018416082,0.7302359461628485,0.463335757005806,3.131559441489576,1.6311643300045815
64.0,114.0,1006.5872802734376,0.2656690085363156,2.8994275720441487,-0.0359203097652873,2.439288483665521,-0.403613583524778,2.160790506390417,1.4511060060394816,0.484404972217794,3.372222679109396,2.807072668682597
64.0,114.0,1005.7649536132812,0.2825466944237913,3.223371955913502,-1.130107795435179,3.475165291581171,-1.048330892200188,0.6773142097574366,1.7224453178602437,-0.0116344510771347,2.978858171781275,1.664112733334867
64.0,114.0,1003.8233642578124,1.028523366259821,3.0628461474330293,-0.3204188298828894,3.0167776901382988,0.2647472536681213,1.306874930918926,0.9514498344110252,-0.5399432597472117,3.348110656193866,0.8965220619264871
64.0,114.0,1006.2741088867188,1.643031542836416,3.606370926934152,-0.6934784640503268,3.544777025413626,-0.1168117638030309,0.939111865717292,1.235370936060419,0.8014975999324441,3.270795648100955,1.6707495569788469
64.0,114.0,1005.4580688476562,1.714830991173177,3.0751933772525515,-0.3198873779630757,3.0600901733655563,-0.3336865919117254,1.041410814400998,0.9802931378106874,-0.0717430790773777,3.30035801474969,1.62578042127942
64.0,114.0,1006.5862426757812,1.577995411367988,3.0412438101480164,-0.2176111300183387,2.876578888687626,-0.1833574859438068,1.0859197018828617,1.3363196681686382,0.4336556636014501,3.2957150676061744,1.5743912760214722
64.0,114.0,1004.8368530273438,-0.0192859539180938,3.1458012448024646,-0.4052589456220559,3.5837623621294377,-0.4446218579421889,1.004306573519272,1.0674916208430016,-0.1473208806064043,4.659302750457305,1.266183010783346
64.0,114.0,1005.0035400390624,1.488088734200528,3.2964916798764268,-0.081613556681665,3.4931910742310563,-0.4795947022471148,1.19443031097595,1.5983254058784726,0.3030366300005376,3.1093375136026897,1.3517079212642986
64.0,114.0,1005.59716796875,0.8422960777773174,3.0348209215701183,-0.2311176520887816,3.530445462000517,0.731073415144617,1.0838871087870037,1.0526527931079228,-0.2789778063184201,3.525442996103043,1.9314441196361605
64.0,114.0,1005.1682739257812,0.4758226699530498,2.725912301651685,-0.0230184400084026,3.5041163169939864,-0.2839688026094656,0.98246182909671,0.7814411067738086,0.0567855685067581,3.2908997596538847,1.3640380101297185
64.0,114.0,1006.4464721679688,1.5809811609032556,2.973684344508984,-0.2520182689694079,3.5675059166760548,-0.2077706524501733,0.9768099904424354,1.0682780433964296,-0.0034129855540246,3.316314287362724,1.5148379811241202
64.0,114.0,1005.4376220703124,1.4939369051591875,3.208578143175042,-0.0838875551827738,3.6527902052474297,-0.0677512366808728,2.1295316682877434,1.0280783661595605,-0.0117743859456704,3.334761595860714,1.7120512362595308
64.0,114.0,1005.9476318359376,0.0416259073064684,3.056620648095169,0.9059087932371556,3.541676985417584,-0.4558259587305865,-0.3150494321593007,1.05123482986649,-0.0994281152615595,3.238383279985208,1.6565234082160285
64.0,114.0,1006.3308715820312,1.535959406806901,3.012881012953959,-0.1663306996994601,3.5850778383914594,-0.2867194392540477,1.0486903470382465,1.1491035130694829,-0.0172823082687018,3.5717012420075,1.522958118209904
64.0,114.0,1005.1908569335938,1.1023887204012748,3.2341476803645643,-0.201467270177571,2.4973480581935963,-0.1713493341169948,1.0827305179708886,1.376827834472508,0.3857767790946929,3.6663823370834,1.765177587675498
64.0,114.0,1003.884033203125,1.1425112649696187,3.065090117718845,0.592860107788608,2.8071972518327133,0.2549808842303713,0.7688590957311772,1.1434486482266086,0.1774592781213724,3.2904317271738885,1.6652367097735672
64.0,114.0,1004.8756713867188,1.803103039357084,3.04969122379482,-0.2380855070972431,3.544222673085715,-0.3675432124331079,1.0049334701620785,1.0915745130618049,-0.0166428366782459,3.286393579044508,1.7128181502425668
64.0,114.0,1005.5949096679688,1.065741447403239,3.566321993171797,-0.1722097588879127,3.335195644635442,0.4153135222526197,1.6432684793938577,1.2308026718224587,0.3065238812510272,3.32453208933479,1.4181087479272612
64.0,114.0,1005.1708984375,1.5387374172758588,3.0630905424895096,-0.2761169812147975,3.539551483750204,-0.0710913967583387,1.0864629386437223,1.0432566156141505,0.0406253156605319,3.3703392304127733,1.6847979903288934
64.0,114.0,1004.3433227539062,1.5246637626108075,2.588764633984187,-0.2247483509817702,3.541791433209113,-0.2094105942329443,0.0900981966808316,1.4472220790014578,0.3634141441016041,3.275517642189521,1.677631713184814
64.0,114.0,1006.3489990234376,1.5514520891483368,3.057318420357167,-0.2631982522786442,3.525985729806991,-0.211421577591669,1.0871765917978395,1.0592099546980789,-0.0142462550174791,2.96232874565588,1.5743383689854655
64.0,114.0,1005.1350708007812,0.1661038185710084,2.5390123143543657,2.0774916054569346,1.835614257140512,-1.5735118140693944,0.0393769710875324,1.5364656260845004,0.9512514490147672,2.833057723425437,1.6722709438483858
64.0,114.0,1006.7476806640624,1.3783292661069166,2.227281756843792,0.7486796121921748,2.3676098445669496,-0.4352187250238886,0.1295667694666509,1.2582478032152908,0.9678886220425788,1.546052822985894,1.7088008776725607
64.0,114.0,1003.6841430664062,1.5264166200797986,3.063097861613356,-0.215819897253269,3.5490497273888275,-0.2048867388282806,1.0826619122252867,1.0511392207255632,-0.0170243374408754,3.2973942147249127,1.6821927523441609
64.0,114.0,1005.0227661132812,1.1090167985935704,3.054929262949412,0.2138404591139139,3.3785257770175283,-0.2062982807170551,0.6081492878130935,1.0163426512361524,-0.0348229360837541,3.2931519023315508,1.7331119502206431
64.0,114.0,1006.3912353515624,1.0823124156003283,3.145532408020725,0.0937498638335725,4.3492484902596935,-0.983369492477124,0.3045399617600217,1.0355153888892177,-0.6035785196627739,3.47882371336145,1.9749920545649893
64.0,114.0,1005.9546508789062,0.9774910519862512,2.9966431409109435,0.4128803033982741,3.8754920315794896,-0.1991468490866272,0.97247392135606,1.0547347529563285,2.030288962326594,3.222855217908842,1.6821978949551688
64.0,114.0,1005.7315063476562,1.5396689441273124,3.0386942734840274,0.0727790596694881,3.99653790662412,-0.2180394714265182,1.1227822176659112,0.9898665587735348,-0.0161734394273001,3.292559616599718,1.7283088665121291
64.0,114.0,1005.9786376953124,1.1755166225902458,3.0139295819900664,-0.2417305383366287,3.616814653335077,-0.2729520402836232,1.8592848557108288,1.1177652924446315,0.1211451494947978,3.912459696901169,2.2316448068592054
64.0,114.0,1004.7403564453124,0.4804166552562906,3.142058809388116,-0.507253232726782,3.78275224637308,-0.5671588827166028,1.1261544357254607,1.4122039073154182,0.5007209311294231,3.503301094810195,1.926829920271378
64.0,114.0,1004.5214233398438,1.3925082887281215,3.065088985864282,-0.1686798461004562,2.4937664364779137,-0.2246521629870259,1.0573601922845028,1.0844478999456344,-0.8866334099558765,3.2654268773896447,1.6563374701400866
64.0,114.0,1006.101806640625,1.5145614614356997,2.994643314133276,-0.4385238738008652,2.6498988515969346,-0.2204737755628775,1.1219320992016055,0.99350013477897,-0.0190371027451072,3.134156782158529,1.6797391789481235
64.0,114.0,1005.6001586914062,0.1781387739601991,2.8222566258346973,-1.2784227836424644,2.158820161725356,-1.3598118191510389,1.8033214309254848,1.4312019484559402,0.0812233307260337,2.5723035292130967,1.5728984824109573
64.0,114.0,1005.8743896484376,0.0594998054986024,2.4736092679713666,-0.1808303602303297,1.535912543515276,-0.2128728184311272,0.8096079746393341,0.1778975985534896,-0.0199302804665875,3.321000599716123,2.4317144383963893
64.0,114.0,1005.768310546875,1.5999854791936896,2.9805356758612893,-0.224463190705871,3.807145392204087,-0.3379384159359995,1.0087144864956603,0.8161970981207121,-0.0299745068515237,3.525817858828421,1.6851147134922917
64.0,115.0,1004.6443481445312,0.6900176227674764,3.063074350782302,-0.3302721781170479,3.0126561550720083,-0.1976159951512532,1.5970259768578052,1.2511792713171723,-0.0167520924344081,3.4265898532482377,1.5636003792452855
64.0,115.0,1007.3576049804688,0.9212569846597908,3.06139855165662,-0.1317967257900236,3.542737248419205,-1.233962615803387,1.2850703011185782,1.0033974406470525,-0.023572540304738,3.640052147588491,1.601728056724547
64.0,115.0,1006.1292724609376,0.8825330645131402,3.064174342687368,-0.2362635771631851,3.582316996030628,-0.2074679037536006,0.9559810891053128,1.0531749231574068,-0.0434490340044395,3.286294651604756,2.3253331241426074
64.0,115.0,1005.7072143554688,1.6491448804843336,2.9104453120023,-0.2376035463302053,3.615676320374159,-0.5459213406507523,1.0802436756395946,1.0229389087533642,-0.0226071327225542,3.134768809825729,1.4551102740604491
64.0,115.0,1005.2555541992188,-0.5037094802039921,3.707585390221884,-0.3280569768488796,3.321070462527059,0.979043172621886,-0.4155761280008436,0.9565504599200948,0.2951346271246178,3.295787014291044,2.1819067114242974
64.0,115.0,1008.2530517578124,1.5270982961521142,2.378577058659652,-0.1300141971189669,3.4316988602336704,-0.3495752633471561,0.6940326962933131,0.758785861126745,0.0664492484260929,3.002636118435235,0.7040430065820917
64.0,115.0,1006.2119140625,0.4893625390202833,1.7795423029239368,-0.2283334970089545,3.1277989280704825,0.4981169607027755,1.141197769335064,2.5146578201478693,1.975507430672696,4.311031517865723,2.0922100116751228
64.0,115.0,1005.1494140625,1.4267671879387,2.82151791963309,-0.2050135975394147,3.599402345635524,-0.212234014229664,1.0699343377498252,1.054124327480299,-0.0348381047181509,3.2384919490320403,1.683330061310487
64.0,115.0,1006.1808471679688,1.5044895019604971,4.37353118641234,-0.1123117642728705,3.278240110355435,-0.2710004059046436,1.206590297347884,1.0726861605494895,-0.7094813345437163,3.301103040810469,1.658737095350794
64.0,115.0,1004.5355224609376,-0.2067583177486083,2.156645823399848,1.1237471826284795,3.780946817479548,-0.5114493991580722,1.3470285072754011,1.5426076556614716,0.9251629364195506,3.6326501297850458,1.193605314089168
64.0,115.0,1005.1493530273438,0.5735184706036716,3.028423329307017,0.2644622216036731,2.659398374348958,0.2306337810705419,1.0125999917583286,1.1341537852403114,0.5087035841895886,3.226086612326376,1.548830647479367
64.0,115.0,1004.7785034179688,0.6991135168312739,2.894738252833397,-0.2188575842976097,3.4645647397683965,-0.2438181442738039,1.0991670823590096,0.687295206439572,1.314428712403647,3.3101250531130244,1.6781756112361752
64.0,115.0,1007.0950317382812,1.446835224148964,3.0922601795919884,-0.452305704672947,3.21730163786542,-0.0825677138335264,1.2279749223139236,1.2275438040595814,-0.4912708696922656,3.2998959905492504,1.7170354603092577
64.0,115.0,1005.6038818359376,1.308516753266523,2.1752865939900867,0.1815601508968082,4.19439705578338,-0.2059303139175663,1.0777198568117343,1.0908442654933863,0.2003939982353898,2.6281803945220314,1.684505779710975
64.0,115.0,1005.079833984375,0.8078773908434,3.0635542735379326,-0.2222773718837908,3.644619233544741,-0.0438507735814526,1.4232936018416082,0.7302359461628485,0.463335757005806,3.131559441489576,1.6311643300045815
64.0,115.0,1006.5872802734376,0.2656690085363156,2.8994275720441487,-0.0359203097652873,2.439288483665521,-0.403613583524778,2.160790506390417,1.4511060060394816,0.484404972217794,3.372222679109396,2.807072668682597
64.0,115.0,1005.7649536132812,0.2825466944237913,3.223371955913502,-1.130107795435179,3.475165291581171,-1.048330892200188,0.6773142097574366,1.7224453178602437,-0.0116344510771347,2.978858171781275,1.664112733334867
64.0,115.0,1003.8233642578124,1.028523366259821,3.0628461474330293,-0.3204188298828894,3.0167776901382988,0.2647472536681213,1.306874930918926,0.9514498344110252,-0.5399432597472117,3.348110656193866,0.8965220619264871
64.0,115.0,1006.2741088867188,1.643031542836416,3.606370926934152,-0.6934784640503268,3.544777025413626,-0.1168117638030309,0.939111865717292,1.235370936060419,0.8014975999324441,3.270795648100955,1.6707495569788469
64.0,115.0,1005.4580688476562,1.714830991173177,3.0751933772525515,-0.3198873779630757,3.0600901733655563,-0.3336865919117254,1.041410814400998,0.9802931378106874,-0.0717430790773777,3.30035801474969,1.62578042127942
64.0,115.0,1006.5862426757812,1.577995411367988,3.0412438101480164,-0.2176111300183387,2.876578888687626,-0.1833574859438068,1.0859197018828617,1.3363196681686382,0.4336556636014501,3.2957150676061744,1.5743912760214722
64.0,115.0,1004.8368530273438,-0.0192859539180938,3.1458012448024646,-0.4052589456220559,3.5837623621294377,-0.4446218579421889,1.004306573519272,1.0674916208430016,-0.1473208806064043,4.659302750457305,1.266183010783346
64.0,115.0,1005.0035400390624,1.488088734200528,3.2964916798764268,-0.081613556681665,3.4931910742310563,-0.4795947022471148,1.19443031097595,1.5983254058784726,0.3030366300005376,3.1093375136026897,1.3517079212642986
64.0,115.0,1005.59716796875,0.8422960777773174,3.0348209215701183,-0.2311176520887816,3.530445462000517,0.731073415144617,1.0838871087870037,1.0526527931079228,-0.2789778063184201,3.525442996103043,1.9314441196361605
64.0,115.0,1005.1682739257812,0.4758226699530498,2.725912301651685,-0.0230184400084026,3.5041163169939864,-0.2839688026094656,0.98246182909671,0.7814411067738086,0.0567855685067581,3.2908997596538847,1.3640380101297185
64.0,115.0,1006.4464721679688,1.5809811609032556,2.973684344508984,-0.2520182689694079,3.5675059166760548,-0.2077706524501733,0.9768099904424354,1.0682780433964296,-0.0034129855540246,3.316314287362724,1.5148379811241202
64.0,115.0,1005.4376220703124,1.4939369051591875,3.208578143175042,-0.0838875551827738,3.6527902052474297,-0.0677512366808728,2.1295316682877434,1.0280783661595605,-0.0117743859456704,3.334761595860714,1.7120512362595308
64.0,115.0,1005.9476318359376,0.0416259073064684,3.056620648095169,0.9059087932371556,3.541676985417584,-0.4558259587305865,-0.3150494321593007,1.05123482986649,-0.0994281152615595,3.238383279985208,1.6565234082160285
64.0,115.0,1006.3308715820312,1.535959406806901,3.012881012953959,-0.1663306996994601,3.5850778383914594,-0.2867194392540477,1.0486903470382465,1.1491035130694829,-0.0172823082687018,3.5717012420075,1.522958118209904
64.0,115.0,1005.1908569335938,1.1023887204012748,3.2341476803645643,-0.201467270177571,2.4973480581935963,-0.1713493341169948,1.0827305179708886,1.376827834472508,0.3857767790946929,3.6663823370834,1.765177587675498
64.0,115.0,1003.884033203125,1.1425112649696187,3.065090117718845,0.592860107788608,2.8071972518327133,0.2549808842303713,0.7688590957311772,1.1434486482266086,0.1774592781213724,3.2904317271738885,1.6652367097735672
64.0,115.0,1004.8756713867188,1.803103039357084,3.04969122379482,-0.2380855070972431,3.544222673085715,-0.3675432124331079,1.0049334701620785,1.0915745130618049,-0.0166428366782459,3.286393579044508,1.7128181502425668
64.0,115.0,1005.5949096679688,1.065741447403239,3.566321993171797,-0.1722097588879127,3.335195644635442,0.4153135222526197,1.6432684793938577,1.2308026718224587,0.3065238812510272,3.32453208933479,1.4181087479272612
64.0,115.0,1005.1708984375,1.5387374172758588,3.0630905424895096,-0.2761169812147975,3.539551483750204,-0.0710913967583387,1.0864629386437223,1.0432566156141505,0.0406253156605319,3.3703392304127733,1.6847979903288934
64.0,115.0,1004.3433227539062,1.5246637626108075,2.588764633984187,-0.2247483509817702,3.541791433209113,-0.2094105942329443,0.0900981966808316,1.4472220790014578,0.3634141441016041,3.275517642189521,1.677631713184814
64.0,115.0,1006.3489990234376,1.5514520891483368,3.057318420357167,-0.2631982522786442,3.525985729806991,-0.211421577591669,1.0871765917978395,1.0592099546980789,-0.0142462550174791,2.96232874565588,1.5743383689854655
64.0,115.0,1005.1350708007812,0.1661038185710084,2.5390123143543657,2.0774916054569346,1.835614257140512,-1.5735118140693944,0.0393769710875324,1.5364656260845004,0.9512514490147672,2.833057723425437,1.6722709438483858
64.0,115.0,1006.7476806640624,1.3783292661069166,2.227281756843792,0.7486796121921748,2.3676098445669496,-0.4352187250238886,0.1295667694666509,1.2582478032152908,0.9678886220425788,1.546052822985894,1.7088008776725607
64.0,115.0,1003.6841430664062,1.5264166200797986,3.063097861613356,-0.215819897253269,3.5490497273888275,-0.2048867388282806,1.0826619122252867,1.0511392207255632,-0.0170243374408754,3.2973942147249127,1.6821927523441609
64.0,115.0,1005.0227661132812,1.1090167985935704,3.054929262949412,0.2138404591139139,3.3785257770175283,-0.2062982807170551,0.6081492878130935,1.0163426512361524,-0.0348229360837541,3.2931519023315508,1.7331119502206431
64.0,115.0,1006.3912353515624,1.0823124156003283,3.145532408020725,0.0937498638335725,4.3492484902596935,-0.983369492477124,0.3045399617600217,1.0355153888892177,-0.6035785196627739,3.47882371336145,1.9749920545649893
64.0,115.0,1005.9546508789062,0.9774910519862512,2.9966431409109435,0.4128803033982741,3.8754920315794896,-0.1991468490866272,0.97247392135606,1.0547347529563285,2.030288962326594,3.222855217908842,1.6821978949551688
64.0,115.0,1005.7315063476562,1.5396689441273124,3.0386942734840274,0.0727790596694881,3.99653790662412,-0.2180394714265182,1.1227822176659112,0.9898665587735348,-0.0161734394273001,3.292559616599718,1.7283088665121291
64.0,115.0,1005.9786376953124,1.1755166225902458,3.0139295819900664,-0.2417305383366287,3.616814653335077,-0.2729520402836232,1.8592848557108288,1.1177652924446315,0.1211451494947978,3.912459696901169,2.2316448068592054
64.0,115.0,1004.7403564453124,0.4804166552562906,3.142058809388116,-0.507253232726782,3.78275224637308,-0.5671588827166028,1.1261544357254607,1.4122039073154182,0.5007209311294231,3.503301094810195,1.926829920271378
64.0,115.0,1004.5214233398438,1.3925082887281215,3.065088985864282,-0.1686798461004562,2.4937664364779137,-0.2246521629870259,1.0573601922845028,1.0844478999456344,-0.8866334099558765,3.2654268773896447,1.6563374701400866
64.0,115.0,1006.101806640625,1.5145614614356997,2.994643314133276,-0.4385238738008652,2.6498988515969346,-0.2204737755628775,1.1219320992016055,0.99350013477897,-0.0190371027451072,3.134156782158529,1.6797391789481235
64.0,115.0,1005.6001586914062,0.1781387739601991,2.8222566258346973,-1.2784227836424644,2.158820161725356,-1.3598118191510389,1.8033214309254848,1.4312019484559402,0.0812233307260337,2.5723035292130967,1.5728984824109573
64.0,115.0,1005.8743896484376,0.0594998054986024,2.4736092679713666,-0.1808303602303297,1.535912543515276,-0.2128728184311272,0.8096079746393341,0.1778975985534896,-0.0199302804665875,3.321000599716123,2.4317144383963893
64.0,115.0,1005.768310546875,1.5999854791936896,2.9805356758612893,-0.224463190705871,3.807145392204087,-0.3379384159359995,1.0087144864956603,0.8161970981207121,-0.0299745068515237,3.525817858828421,1.6851147134922917
64.0,116.0,1004.6443481445312,0.6900176227674764,3.063074350782302,-0.3302721781170479,3.0126561550720083,-0.1976159951512532,1.5970259768578052,1.2511792713171723,-0.0167520924344081,3.4265898532482377,1.5636003792452855
64.0,116.0,1007.3576049804688,0.9212569846597908,3.06139855165662,-0.1317967257900236,3.542737248419205,-1.233962615803387,1.2850703011185782,1.0033974406470525,-0.023572540304738,3.640052147588491,1.601728056724547
64.0,116.0,1006.1292724609376,0.8825330645131402,3.064174342687368,-0.2362635771631851,3.582316996030628,-0.2074679037536006,0.9559810891053128,1.0531749231574068,-0.0434490340044395,3.286294651604756,2.3253331241426074
64.0,116.0,1005.7072143554688,1.6491448804843336,2.9104453120023,-0.2376035463302053,3.615676320374159,-0.5459213406507523,1.0802436756395946,1.0229389087533642,-0.0226071327225542,3.134768809825729,1.4551102740604491
64.0,116.0,1005.2555541992188,-0.5037094802039921,3.707585390221884,-0.3280569768488796,3.321070462527059,0.979043172621886,-0.4155761280008436,0.9565504599200948,0.2951346271246178,3.295787014291044,2.1819067114242974
64.0,116.0,1008.2530517578124,1.5270982961521142,2.378577058659652,-0.1300141971189669,3.4316988602336704,-0.3495752633471561,0.6940326962933131,0.758785861126745,0.0664492484260929,3.002636118435235,0.7040430065820917
64.0,116.0,1006.2119140625,0.4893625390202833,1.7795423029239368,-0.2283334970089545,3.1277989280704825,0.4981169607027755,1.141197769335064,2.5146578201478693,1.975507430672696,4.311031517865723,2.0922100116751228
64.0,116.0,1005.1494140625,1.4267671879387,2.82151791963309,-0.2050135975394147,3.599402345635524,-0.212234014229664,1.0699343377498252,1.054124327480299,-0.0348381047181509,3.2384919490320403,1.683330061310487
64.0,116.0,1006.1808471679688,1.5044895019604971,4.37353118641234,-0.1123117642728705,3.278240110355435,-0.2710004059046436,1.206590297347884,1.0726861605494895,-0.7094813345437163,3.301103040810469,1.658737095350794
64.0,116.0,1004.5355224609376,-0.2067583177486083,2.156645823399848,1.1237471826284795,3.780946817479548,-0.5114493991580722,1.3470285072754011,1.5426076556614716,0.9251629364195506,3.6326501297850458,1.193605314089168
64.0,116.0,1005.1493530273438,0.5735184706036716,3.028423329307017,0.2644622216036731,2.659398374348958,0.2306337810705419,1.0125999917583286,1.1341537852403114,0.5087035841895886,3.226086612326376,1.548830647479367
64.0,116.0,1004.7785034179688,0.6991135168312739,2.894738252833397,-0.2188575842976097,3.4645647397683965,-0.2438181442738039,1.0991670823590096,0.687295206439572,1.314428712403647,3.3101250531130244,1.6781756112361752
64.0,116.0,1007.0950317382812,1.446835224148964,3.0922601795919884,-0.452305704672947,3.21730163786542,-0.0825677138335264,1.2279749223139236,1.2275438040595814,-0.4912708696922656,3.2998959905492504,1.7170354603092577
64.0,116.0,1005.6038818359376,1.308516753266523,2.1752865939900867,0.1815601508968082,4.19439705578338,-0.2059303139175663,1.0777198568117343,1.0908442654933863,0.2003939982353898,2.6281803945220314,1.684505779710975
64.0,116.0,1005.079833984375,0.8078773908434,3.0635542735379326,-0.2222773718837908,3.644619233544741,-0.0438507735814526,1.4232936018416082,0.7302359461628485,0.463335757005806,3.131559441489576,1.6311643300045815
64.0,116.0,1006.5872802734376,0.2656690085363156,2.8994275720441487,-0.0359203097652873,2.439288483665521,-0.403613583524778,2.160790506390417,1.4511060060394816,0.484404972217794,3.372222679109396,2.807072668682597
64.0,116.0,1005.7649536132812,0.2825466944237913,3.223371955913502,-1.130107795435179,3.475165291581171,-1.048330892200188,0.6773142097574366,1.7224453178602437,-0.0116344510771347,2.978858171781275,1.664112733334867
64.0,116.0,1003.8233642578124,1.028523366259821,3.0628461474330293,-0.3204188298828894,3.0167776901382988,0.2647472536681213,1.306874930918926,0.9514498344110252,-0.5399432597472117,3.348110656193866,0.8965220619264871
64.0,116.0,1006.2741088867188,1.643031542836416,3.606370926934152,-0.6934784640503268,3.544777025413626,-0.1168117638030309,0.939111865717292,1.235370936060419,0.8014975999324441,3.270795648100955,1.6707495569788469
64.0,116.0,1005.4580688476562,1.714830991173177,3.0751933772525515,-0.3198873779630757,3.0600901733655563,-0.3336865919117254,1.041410814400998,0.9802931378106874,-0.0717430790773777,3.30035801474969,1.62578042127942
64.0,116.0,1006.1286010742188,1.5630251164579407,3.034072154337606,-0.2144607478813976,3.3747890166807086,-0.1840946200972616,1.0834848120091078,1.505132191142844,0.0986427251527393,3.2971237436003165,1.6407078622033984
64.0,116.0,1004.8368530273438,-0.0192859539180938,3.1458012448024646,-0.4052589456220559,3.5837623621294377,-0.4446218579421889,1.004306573519272,1.0674916208430016,-0.1473208806064043,4.659302750457305,1.266183010783346
64.0,116.0,1005.0035400390624,1.488088734200528,3.2964916798764268,-0.081613556681665,3.4931910742310563,-0.4795947022471148,1.19443031097595,1.5983254058784726,0.3030366300005376,3.1093375136026897,1.3517079212642986
64.0,116.0,1005.59716796875,0.8422960777773174,3.0348209215701183,-0.2311176520887816,3.530445462000517,0.731073415144617,1.0838871087870037,1.0526527931079228,-0.2789778063184201,3.525442996103043,1.9314441196361605
64.0,116.0,1005.1682739257812,0.4758226699530498,2.725912301651685,-0.0230184400084026,3.5041163169939864,-0.2839688026094656,0.98246182909671,0.7814411067738086,0.0567855685067581,3.2908997596538847,1.3640380101297185
64.0,116.0,1006.4464721679688,1.5809811609032556,2.973684344508984,-0.2520182689694079,3.5675059166760548,-0.2077706524501733,0.9768099904424354,1.0682780433964296,-0.0034129855540246,3.316314287362724,1.5148379811241202
64.0,116.0,1005.4376220703124,1.4939369051591875,3.208578143175042,-0.0838875551827738,3.6527902052474297,-0.0677512366808728,2.1295316682877434,1.0280783661595605,-0.0117743859456704,3.334761595860714,1.7120512362595308
64.0,116.0,1005.9476318359376,0.0416259073064684,3.056620648095169,0.9059087932371556,3.541676985417584,-0.4558259587305865,-0.3150494321593007,1.05123482986649,-0.0994281152615595,3.238383279985208,1.6565234082160285
64.0,116.0,1006.3308715820312,1.535959406806901,3.012881012953959,-0.1663306996994601,3.5850778383914594,-0.2867194392540477,1.0486903470382465,1.1491035130694829,-0.0172823082687018,3.5717012420075,1.522958118209904
64.0,116.0,1005.1908569335938,1.1023887204012748,3.2341476803645643,-0.201467270177571,2.4973480581935963,-0.1713493341169948,1.0827305179708886,1.376827834472508,0.3857767790946929,3.6663823370834,1.765177587675498
64.0,116.0,1003.884033203125,1.1425112649696187,3.065090117718845,0.592860107788608,2.8071972518327133,0.2549808842303713,0.7688590957311772,1.1434486482266086,0.1774592781213724,3.2904317271738885,1.6652367097735672
64.0,116.0,1004.8756713867188,1.803103039357084,3.04969122379482,-0.2380855070972431,3.544222673085715,-0.3675432124331079,1.0049334701620785,1.0915745130618049,-0.0166428366782459,3.286393579044508,1.7128181502425668
64.0,116.0,1005.5949096679688,1.065741447403239,3.566321993171797,-0.1722097588879127,3.335195644635442,0.4153135222526197,1.6432684793938577,1.2308026718224587,0.3065238812510272,3.32453208933479,1.4181087479272612
64.0,116.0,1005.1708984375,1.5387374172758588,3.0630905424895096,-0.2761169812147975,3.539551483750204,-0.0710913967583387,1.0864629386437223,1.0432566156141505,0.0406253156605319,3.3703392304127733,1.6847979903288934
64.0,116.0,1004.3433227539062,1.5246637626108075,2.588764633984187,-0.2247483509817702,3.541791433209113,-0.2094105942329443,0.0900981966808316,1.4472220790014578,0.3634141441016041,3.275517642189521,1.677631713184814
64.0,116.0,1006.3489990234376,1.5514520891483368,3.057318420357167,-0.2631982522786442,3.525985729806991,-0.211421577591669,1.0871765917978395,1.0592099546980789,-0.0142462550174791,2.96232874565588,1.5743383689854655
64.0,116.0,1005.1350708007812,0.1661038185710084,2.5390123143543657,2.0774916054569346,1.835614257140512,-1.5735118140693944,0.0393769710875324,1.5364656260845004,0.9512514490147672,2.833057723425437,1.6722709438483858
64.0,116.0,1006.7476806640624,1.3783292661069166,2.227281756843792,0.7486796121921748,2.3676098445669496,-0.4352187250238886,0.1295667694666509,1.2582478032152908,0.9678886220425788,1.546052822985894,1.7088008776725607
64.0,116.0,1003.6841430664062,1.5264166200797986,3.063097861613356,-0.215819897253269,3.5490497273888275,-0.2048867388282806,1.0826619122252867,1.0511392207255632,-0.0170243374408754,3.2973942147249127,1.6821927523441609
64.0,116.0,1005.0227661132812,1.1090167985935704,3.054929262949412,0.2138404591139139,3.3785257770175283,-0.2062982807170551,0.6081492878130935,1.0163426512361524,-0.0348229360837541,3.2931519023315508,1.7331119502206431
64.0,116.0,1006.3912353515624,1.0823124156003283,3.145532408020725,0.0937498638335725,4.3492484902596935,-0.983369492477124,0.3045399617600217,1.0355153888892177,-0.6035785196627739,3.47882371336145,1.9749920545649893
64.0,116.0,1003.7677001953124,0.9753379059727132,3.027481911426474,0.8914709442373026,3.6385006360362526,-0.1936568623912141,0.9354252219936228,1.0515023454212475,1.5844169383747184,3.3013099988549235,1.6821957420369034
64.0,116.0,1005.7315063476562,1.5396689441273124,3.0386942734840274,0.0727790596694881,3.99653790662412,-0.2180394714265182,1.1227822176659112,0.9898665587735348,-0.0161734394273001,3.292559616599718,1.7283088665121291
64.0,116.0,1005.9786376953124,1.1755166225902458,3.0139295819900664,-0.2417305383366287,3.616814653335077,-0.2729520402836232,1.8592848557108288,1.1177652924446315,0.1211451494947978,3.912459696901169,2.2316448068592054
64.0,116.0,1004.7403564453124,0.4804166552562906,3.142058809388116,-0.507253232726782,3.78275224637308,-0.5671588827166028,1.1261544357254607,1.4122039073154182,0.5007209311294231,3.503301094810195,1.926829920271378
64.0,116.0,1004.5214233398438,1.3925082887281215,3.065088985864282,-0.1686798461004562,2.4937664364779137,-0.2246521629870259,1.0573601922845028,1.0844478999456344,-0.8866334099558765,3.2654268773896447,1.6563374701400866
64.0,116.0,1006.101806640625,1.5145614614356997,2.994643314133276,-0.4385238738008652,2.6498988515969346,-0.2204737755628775,1.1219320992016055,0.99350013477897,-0.0190371027451072,3.134156782158529,1.6797391789481235
64.0,116.0,1005.6001586914062,0.1781387739601991,2.8222566258346973,-1.2784227836424644,2.158820161725356,-1.3598118191510389,1.8033214309254848,1.4312019484559402,0.0812233307260337,2.5723035292130967,1.5728984824109573
64.0,116.0,1005.8743896484376,0.0594998054986024,2.4736092679713666,-0.1808303602303297,1.535912543515276,-0.2128728184311272,0.8096079746393341,0.1778975985534896,-0.0199302804665875,3.321000599716123,2.4317144383963893
64.0,116.0,1005.768310546875,1.5999854791936896,2.9805356758612893,-0.224463190705871,3.807145392204087,-0.3379384159359995,1.0087144864956603,0.8161970981207121,-0.0299745068515237,3.525817858828421,1.6851147134922917
64.0,117.0,1004.6443481445312,0.6900176227674764,3.063074350782302,-0.3302721781170479,3.0126561550720083,-0.1976159951512532,1.5970259768578052,1.2511792713171723,-0.0167520924344081,3.4265898532482377,1.5636003792452855
64.0,117.0,1007.3576049804688,0.9212569846597908,3.06139855165662,-0.1317967257900236,3.542737248419205,-1.233962615803387,1.2850703011185782,1.0033974406470525,-0.023572540304738,3.640052147588491,1.601728056724547
64.0,117.0,1006.1292724609376,0.8825330645131402,3.064174342687368,-0.2362635771631851,3.582316996030628,-0.2074679037536006,0.9559810891053128,1.0531749231574068,-0.0434490340044395,3.286294651604756,2.3253331241426074
64.0,117.0,1005.7072143554688,1.6491448804843336,2.9104453120023,-0.2376035463302053,3.615676320374159,-0.5459213406507523,1.0802436756395946,1.0229389087533642,-0.0226071327225542,3.134768809825729,1.4551102740604491
64.0,117.0,1005.2555541992188,-0.5037094802039921,3.707585390221884,-0.3280569768488796,3.321070462527059,0.979043172621886,-0.4155761280008436,0.9565504599200948,0.2951346271246178,3.295787014291044,2.1819067114242974
64.0,117.0,1008.2530517578124,1.5270982961521142,2.378577058659652,-0.1300141971189669,3.4316988602336704,-0.3495752633471561,0.6940326962933131,0.758785861126745,0.0664492484260929,3.002636118435235,0.7040430065820917
64.0,117.0,1006.2119140625,0.4893625390202833,1.7795423029239368,-0.2283334970089545,3.1277989280704825,0.4981169607027755,1.141197769335064,2.5146578201478693,1.975507430672696,4.311031517865723,2.0922100116751228
64.0,117.0,1005.1494140625,1.4267671879387,2.82151791963309,-0.2050135975394147,3.599402345635524,-0.212234014229664,1.0699343377498252,1.054124327480299,-0.0348381047181509,3.2384919490320403,1.683330061310487
64.0,117.0,1006.1808471679688,1.5044895019604971,4.37353118641234,-0.1123117642728705,3.278240110355435,-0.2710004059046436,1.206590297347884,1.0726861605494895,-0.7094813345437163,3.301103040810469,1.658737095350794
64.0,117.0,1004.5355224609376,-0.2067583177486083,2.156645823399848,1.1237471826284795,3.780946817479548,-0.5114493991580722,1.3470285072754011,1.5426076556614716,0.9251629364195506,3.6326501297850458,1.193605314089168
64.0,117.0,1005.1493530273438,0.5735184706036716,3.028423329307017,0.2644622216036731,2.659398374348958,0.2306337810705419,1.0125999917583286,1.1341537852403114,0.5087035841895886,3.226086612326376,1.548830647479367
64.0,117.0,1004.7785034179688,0.6991135168312739,2.894738252833397,-0.2188575842976097,3.4645647397683965,-0.2438181442738039,1.0991670823590096,0.687295206439572,1.314428712403647,3.3101250531130244,1.6781756112361752
64.0,117.0,1007.0950317382812,1.446835224148964,3.0922601795919884,-0.452305704672947,3.21730163786542,-0.0825677138335264,1.2279749223139236,1.2275438040595814,-0.4912708696922656,3.2998959905492504,1.7170354603092577
64.0,117.0,1005.6038818359376,1.308516753266523,2.1752865939900867,0.1815601508968082,4.19439705578338,-0.2059303139175663,1.0777198568117343,1.0908442654933863,0.2003939982353898,2.6281803945220314,1.684505779710975
64.0,117.0,1005.079833984375,0.8078773908434,3.0635542735379326,-0.2222773718837908,3.644619233544741,-0.0438507735814526,1.4232936018416082,0.7302359461628485,0.463335757005806,3.131559441489576,1.6311643300045815
64.0,117.0,1006.5872802734376,0.2656690085363156,2.8994275720441487,-0.0359203097652873,2.439288483665521,-0.403613583524778,2.160790506390417,1.4511060060394816,0.484404972217794,3.372222679109396,2.807072668682597
64.0,117.0,1005.7649536132812,0.2825466944237913,3.223371955913502,-1.130107795435179,3.475165291581171,-1.048330892200188,0.6773142097574366,1.7224453178602437,-0.0116344510771347,2.978858171781275,1.664112733334867
64.0,117.0,1003.8233642578124,1.028523366259821,3.0628461474330293,-0.3204188298828894,3.0167776901382988,0.2647472536681213,1.306874930918926,0.9514498344110252,-0.5399432597472117,3.348110656193866,0.8965220619264871
64.0,117.0,1006.2741088867188,1.643031542836416,3.606370926934152,-0.6934784640503268,3.544777025413626,-0.1168117638030309,0.939111865717292,1.235370936060419,0.8014975999324441,3.270795648100955,1.6707495569788469
64.0,117.0,1005.4580688476562,1.714830991173177,3.0751933772525515,-0.3198873779630757,3.0600901733655563,-0.3336865919117254,1.041410814400998,0.9802931378106874,-0.0717430790773777,3.30035801474969,1.62578042127942
64.0,117.0,1006.1286010742188,1.5630251164579407,3.034072154337606,-0.2144607478813976,3.3747890166807086,-0.1840946200972616,1.0834848120091078,1.505132191142844,0.0986427251527393,3.2971237436003165,1.6407078622033984
64.0,117.0,1004.8368530273438,-0.0192859539180938,3.1458012448024646,-0.4052589456220559,3.5837623621294377,-0.4446218579421889,1.004306573519272,1.0674916208430016,-0.1473208806064043,4.659302750457305,1.266183010783346
64.0,117.0,1005.0035400390624,1.488088734200528,3.2964916798764268,-0.081613556681665,3.4931910742310563,-0.4795947022471148,1.19443031097595,1.5983254058784726,0.3030366300005376,3.1093375136026897,1.3517079212642986
64.0,117.0,1005.59716796875,0.8422960777773174,3.0348209215701183,-0.2311176520887816,3.530445462000517,0.731073415144617,1.0838871087870037,1.0526527931079228,-0.2789778063184201,3.525442996103043,1.9314441196361605
64.0,117.0,1005.1682739257812,0.4758226699530498,2.725912301651685,-0.0230184400084026,3.5041163169939864,-0.2839688026094656,0.98246182909671,0.7814411067738086,0.0567855685067581,3.2908997596538847,1.3640380101297185
64.0,117.0,1006.4464721679688,1.5809811609032556,2.973684344508984,-0.2520182689694079,3.5675059166760548,-0.2077706524501733,0.9768099904424354,1.0682780433964296,-0.0034129855540246,3.316314287362724,1.5148379811241202
64.0,117.0,1005.4376220703124,1.4939369051591875,3.208578143175042,-0.0838875551827738,3.6527902052474297,-0.0677512366808728,2.1295316682877434,1.0280783661595605,-0.0117743859456704,3.334761595860714,1.7120512362595308
64.0,117.0,1005.9476318359376,0.0416259073064684,3.056620648095169,0.9059087932371556,3.541676985417584,-0.4558259587305865,-0.3150494321593007,1.05123482986649,-0.0994281152615595,3.238383279985208,1.6565234082160285
64.0,117.0,1006.3308715820312,1.535959406806901,3.012881012953959,-0.1663306996994601,3.5850778383914594,-0.2867194392540477,1.0486903470382465,1.1491035130694829,-0.0172823082687018,3.5717012420075,1.522958118209904
64.0,117.0,1005.1908569335938,1.1023887204012748,3.2341476803645643,-0.201467270177571,2.4973480581935963,-0.1713493341169948,1.0827305179708886,1.376827834472508,0.3857767790946929,3.6663823370834,1.765177587675498
64.0,117.0,1003.884033203125,1.1425112649696187,3.065090117718845,0.592860107788608,2.8071972518327133,0.2549808842303713,0.7688590957311772,1.1434486482266086,0.1774592781213724,3.2904317271738885,1.6652367097735672
64.0,117.0,1004.8756713867188,1.803103039357084,3.04969122379482,-0.2380855070972431,3.544222673085715,-0.3675432124331079,1.0049334701620785,1.0915745130618049,-0.0166428366782459,3.286393579044508,1.7128181502425668
64.0,117.0,1005.5949096679688,1.065741447403239,3.566321993171797,-0.1722097588879127,3.335195644635442,0.4153135222526197,1.6432684793938577,1.2308026718224587,0.3065238812510272,3.32453208933479,1.4181087479272612
64.0,117.0,1005.1708984375,1.5387374172758588,3.0630905424895096,-0.2761169812147975,3.539551483750204,-0.0710913967583387,1.0864629386437223,1.0432566156141505,0.0406253156605319,3.3703392304127733,1.6847979903288934
64.0,117.0,1004.3433227539062,1.5246637626108075,2.588764633984187,-0.2247483509817702,3.541791433209113,-0.2094105942329443,0.0900981966808316,1.4472220790014578,0.3634141441016041,3.275517642189521,1.677631713184814
64.0,117.0,1006.3489990234376,1.5514520891483368,3.057318420357167,-0.2631982522786442,3.525985729806991,-0.211421577591669,1.0871765917978395,1.0592099546980789,-0.0142462550174791,2.96232874565588,1.5743383689854655
64.0,117.0,1005.1350708007812,0.1661038185710084,2.5390123143543657,2.0774916054569346,1.835614257140512,-1.5735118140693944,0.0393769710875324,1.5364656260845004,0.9512514490147672,2.833057723425437,1.6722709438483858
64.0,117.0,1006.7476806640624,1.3783292661069166,2.227281756843792,0.7486796121921748,2.3676098445669496,-0.4352187250238886,0.1295667694666509,1.2582478032152908,0.9678886220425788,1.546052822985894,1.7088008776725607
64.0,117.0,1003.6841430664062,1.5264166200797986,3.063097861613356,-0.215819897253269,3.5490497273888275,-0.2048867388282806,1.0826619122252867,1.0511392207255632,-0.0170243374408754,3.2973942147249127,1.6821927523441609
64.0,117.0,1005.0227661132812,1.1090167985935704,3.054929262949412,0.2138404591139139,3.3785257770175283,-0.2062982807170551,0.6081492878130935,1.0163426512361524,-0.0348229360837541,3.2931519023315508,1.7331119502206431
64.0,117.0,1006.3912353515624,1.0823124156003283,3.145532408020725,0.0937498638335725,4.3492484902596935,-0.983369492477124,0.3045399617600217,1.0355153888892177,-0.6035785196627739,3.47882371336145,1.9749920545649893
64.0,117.0,1003.7677001953124,0.9753379059727132,3.027481911426474,0.8914709442373026,3.6385006360362526,-0.1936568623912141,0.9354252219936228,1.0515023454212475,1.5844169383747184,3.3013099988549235,1.6821957420369034
64.0,117.0,1005.7315063476562,1.5396689441273124,3.0386942734840274,0.0727790596694881,3.99653790662412,-0.2180394714265182,1.1227822176659112,0.9898665587735348,-0.0161734394273001,3.292559616599718,1.7283088665121291
64.0,117.0,1005.9786376953124,1.1755166225902458,3.0139295819900664,-0.2417305383366287,3.616814653335077,-0.2729520402836232,1.8592848557108288,1.1177652924446315,0.1211451494947978,3.912459696901169,2.2316448068592054
64.0,117.0,1004.7403564453124,0.4804166552562906,3.142058809388116,-0.507253232726782,3.78275224637308,-0.5671588827166028,1.1261544357254607,1.4122039073154182,0.5007209311294231,3.503301094810195,1.926829920271378
64.0,117.0,1004.5214233398438,1.3925082887281215,3.065088985864282,-0.1686798461004562,2.4937664364779137,-0.2246521629870259,1.0573601922845028,1.0844478999456344,-0.8866334099558765,3.2654268773896447,1.6563374701400866
64.0,117.0,1006.101806640625,1.5145614614356997,2.994643314133276,-0.4385238738008652,2.6498988515969346,-0.2204737755628775,1.1219320992016055,0.99350013477897,-0.0190371027451072,3.134156782158529,1.6797391789481235
64.0,117.0,1005.6001586914062,0.1781387739601991,2.8222566258346973,-1.2784227836424644,2.158820161725356,-1.3598118191510389,1.8033214309254848,1.4312019484559402,0.0812233307260337,2.5723035292130967,1.5728984824109573
64.0,117.0,1005.8743896484376,0.0594998054986024,2.4736092679713666,-0.1808303602303297,1.535912543515276,-0.2128728184311272,0.8096079746393341,0.1778975985534896,-0.0199302804665875,3.321000599716123,2.4317144383963893
64.0,117.0,1005.768310546875,1.5999854791936896,2.9805356758612893,-0.224463190705871,3.807145392204087,-0.3379384159359995,1.0087144864956603,0.8161970981207121,-0.0299745068515237,3.525817858828421,1.6851147134922917
64.0,118.0,1004.6443481445312,0.6900176227674764,3.063074350782302,-0.3302721781170479,3.0126561550720083,-0.1976159951512532,1.5970259768578052,1.2511792713171723,-0.0167520924344081,3.4265898532482377,1.5636003792452855
64.0,118.0,1007.3576049804688,0.9212569846597908,3.06139855165662,-0.1317967257900236,3.542737248419205,-1.233962615803387,1.2850703011185782,1.0033974406470525,-0.023572540304738,3.640052147588491,1.601728056724547
64.0,118.0,1006.1292724609376,0.8825330645131402,3.064174342687368,-0.2362635771631851,3.582316996030628,-0.2074679037536006,0.9559810891053128,1.0531749231574068,-0.0434490340044395,3.286294651604756,2.3253331241426074
64.0,118.0,1005.7072143554688,1.6491448804843336,2.9104453120023,-0.2376035463302053,3.615676320374159,-0.5459213406507523,1.0802436756395946,1.0229389087533642,-0.0226071327225542,3.134768809825729,1.4551102740604491
64.0,118.0,1005.2555541992188,-0.5037094802039921,3.707585390221884,-0.3280569768488796,3.321070462527059,0.979043172621886,-0.4155761280008436,0.9565504599200948,0.2951346271246178,3.295787014291044,2.1819067114242974
64.0,118.0,1008.2530517578124,1.5270982961521142,2.378577058659652,-0.1300141971189669,3.4316988602336704,-0.3495752633471561,0.6940326962933131,0.758785861126745,0.0664492484260929,3.002636118435235,0.7040430065820917
64.0,118.0,1006.2119140625,0.4893625390202833,1.7795423029239368,-0.2283334970089545,3.1277989280704825,0.4981169607027755,1.141197769335064,2.5146578201478693,1.975507430672696,4.311031517865723,2.0922100116751228
64.0,118.0,1005.1494140625,1.4267671879387,2.82151791963309,-0.2050135975394147,3.599402345635524,-0.212234014229664,1.0699343377498252,1.054124327480299,-0.0348381047181509,3.2384919490320403,1.683330061310487
64.0,118.0,1006.1808471679688,1.5044895019604971,4.37353118641234,-0.1123117642728705,3.278240110355435,-0.2710004059046436,1.206590297347884,1.0726861605494895,-0.7094813345437163,3.301103040810469,1.658737095350794
64.0,118.0,1004.5355224609376,-0.2067583177486083,2.156645823399848,1.1237471826284795,3.780946817479548,-0.5114493991580722,1.3470285072754011,1.5426076556614716,0.9251629364195506,3.6326501297850458,1.193605314089168
64.0,118.0,1005.1493530273438,0.5735184706036716,3.028423329307017,0.2644622216036731,2.659398374348958,0.2306337810705419,1.0125999917583286,1.1341537852403114,0.5087035841895886,3.226086612326376,1.548830647479367
64.0,118.0,1004.7785034179688,0.6991135168312739,2.894738252833397,-0.2188575842976097,3.4645647397683965,-0.2438181442738039,1.0991670823590096,0.687295206439572,1.314428712403647,3.3101250531130244,1.6781756112361752
64.0,118.0,1006.7550048828124,1.7724945126995004,3.0703987008149776,0.1826723068202544,3.2010081142690723,-0.121466419569273,1.2303004122357388,1.0661233202080411,-0.0710318298801985,3.2991645041737008,1.720742171507914
64.0,118.0,1005.6038818359376,1.308516753266523,2.1752865939900867,0.1815601508968082,4.19439705578338,-0.2059303139175663,1.0777198568117343,1.0908442654933863,0.2003939982353898,2.6281803945220314,1.684505779710975
64.0,118.0,1005.079833984375,0.8078773908434,3.0635542735379326,-0.2222773718837908,3.644619233544741,-0.0438507735814526,1.4232936018416082,0.7302359461628485,0.463335757005806,3.131559441489576,1.6311643300045815
64.0,118.0,1006.5872802734376,0.2656690085363156,2.8994275720441487,-0.0359203097652873,2.439288483665521,-0.403613583524778,2.160790506390417,1.4511060060394816,0.484404972217794,3.372222679109396,2.807072668682597
64.0,118.0,1005.7649536132812,0.2825466944237913,3.223371955913502,-1.130107795435179,3.475165291581171,-1.048330892200188,0.6773142097574366,1.7224453178602437,-0.0116344510771347,2.978858171781275,1.664112733334867
64.0,118.0,1003.8233642578124,1.028523366259821,3.0628461474330293,-0.3204188298828894,3.0167776901382988,0.2647472536681213,1.306874930918926,0.9514498344110252,-0.5399432597472117,3.348110656193866,0.8965220619264871
64.0,118.0,1006.2741088867188,1.643031542836416,3.606370926934152,-0.6934784640503268,3.544777025413626,-0.1168117638030309,0.939111865717292,1.235370936060419,0.8014975999324441,3.270795648100955,1.6707495569788469
64.0,118.0,1005.4580688476562,1.714830991173177,3.0751933772525515,-0.3198873779630757,3.0600901733655563,-0.3336865919117254,1.041410814400998,0.9802931378106874,-0.0717430790773777,3.30035801474969,1.62578042127942
64.0,118.0,1006.1286010742188,1.5630251164579407,3.034072154337606,-0.2144607478813976,3.3747890166807086,-0.1840946200972616,1.0834848120091078,1.505132191142844,0.0986427251527393,3.2971237436003165,1.6407078622033984
64.0,118.0,1004.8368530273438,-0.0192859539180938,3.1458012448024646,-0.4052589456220559,3.5837623621294377,-0.4446218579421889,1.004306573519272,1.0674916208430016,-0.1473208806064043,4.659302750457305,1.266183010783346
64.0,118.0,1005.0035400390624,1.488088734200528,3.2964916798764268,-0.081613556681665,3.4931910742310563,-0.4795947022471148,1.19443031097595,1.5983254058784726,0.3030366300005376,3.1093375136026897,1.3517079212642986
64.0,118.0,1005.59716796875,0.8422960777773174,3.0348209215701183,-0.2311176520887816,3.530445462000517,0.731073415144617,1.0838871087870037,1.0526527931079228,-0.2789778063184201,3.525442996103043,1.9314441196361605
64.0,118.0,1005.1682739257812,0.4758226699530498,2.725912301651685,-0.0230184400084026,3.5041163169939864,-0.2839688026094656,0.98246182909671,0.7814411067738086,0.0567855685067581,3.2908997596538847,1.3640380101297185
64.0,118.0,1006.4464721679688,1.5809811609032556,2.973684344508984,-0.2520182689694079,3.5675059166760548,-0.2077706524501733,0.9768099904424354,1.0682780433964296,-0.0034129855540246,3.316314287362724,1.5148379811241202
64.0,118.0,1005.4376220703124,1.4939369051591875,3.208578143175042,-0.0838875551827738,3.6527902052474297,-0.0677512366808728,2.1295316682877434,1.0280783661595605,-0.0117743859456704,3.334761595860714,1.7120512362595308
64.0,118.0,1005.9476318359376,0.0416259073064684,3.056620648095169,0.9059087932371556,3.541676985417584,-0.4558259587305865,-0.3150494321593007,1.05123482986649,-0.0994281152615595,3.238383279985208,1.6565234082160285
64.0,118.0,1006.3308715820312,1.535959406806901,3.012881012953959,-0.1663306996994601,3.5850778383914594,-0.2867194392540477,1.0486903470382465,1.1491035130694829,-0.0172823082687018,3.5717012420075,1.522958118209904
64.0,118.0,1005.1908569335938,1.1023887204012748,3.2341476803645643,-0.201467270177571,2.4973480581935963,-0.1713493341169948,1.0827305179708886,1.376827834472508,0.3857767790946929,3.6663823370834,1.765177587675498
64.0,118.0,1003.884033203125,1.1425112649696187,3.065090117718845,0.592860107788608,2.8071972518327133,0.2549808842303713,0.7688590957311772,1.1434486482266086,0.1774592781213724,3.2904317271738885,1.6652367097735672
64.0,118.0,1004.8756713867188,1.803103039357084,3.04969122379482,-0.2380855070972431,3.544222673085715,-0.3675432124331079,1.0049334701620785,1.0915745130618049,-0.0166428366782459,3.286393579044508,1.7128181502425668
64.0,118.0,1005.5949096679688,1.065741447403239,3.566321993171797,-0.1722097588879127,3.335195644635442,0.4153135222526197,1.6432684793938577,1.2308026718224587,0.3065238812510272,3.32453208933479,1.4181087479272612
64.0,118.0,1005.1708984375,1.5387374172758588,3.0630905424895096,-0.2761169812147975,3.539551483750204,-0.0710913967583387,1.0864629386437223,1.0432566156141505,0.0406253156605319,3.3703392304127733,1.6847979903288934
64.0,118.0,1004.3433227539062,1.5246637626108075,2.588764633984187,-0.2247483509817702,3.541791433209113,-0.2094105942329443,0.0900981966808316,1.4472220790014578,0.3634141441016041,3.275517642189521,1.677631713184814
64.0,118.0,1006.3489990234376,1.5514520891483368,3.057318420357167,-0.2631982522786442,3.525985729806991,-0.211421577591669,1.0871765917978395,1.0592099546980789,-0.0142462550174791,2.96232874565588,1.5743383689854655
64.0,118.0,1005.1350708007812,0.1661038185710084,2.5390123143543657,2.0774916054569346,1.835614257140512,-1.5735118140693944,0.0393769710875324,1.5364656260845004,0.9512514490147672,2.833057723425437,1.6722709438483858
64.0,118.0,1006.7476806640624,1.3783292661069166,2.227281756843792,0.7486796121921748,2.3676098445669496,-0.4352187250238886,0.1295667694666509,1.2582478032152908,0.9678886220425788,1.546052822985894,1.7088008776725607
64.0,118.0,1003.6841430664062,1.5264166200797986,3.063097861613356,-0.215819897253269,3.5490497273888275,-0.2048867388282806,1.0826619122252867,1.0511392207255632,-0.0170243374408754,3.2973942147249127,1.6821927523441609
64.0,118.0,1005.0227661132812,1.1090167985935704,3.054929262949412,0.2138404591139139,3.3785257770175283,-0.2062982807170551,0.6081492878130935,1.0163426512361524,-0.0348229360837541,3.2931519023315508,1.7331119502206431
64.0,118.0,1006.3912353515624,1.0823124156003283,3.145532408020725,0.0937498638335725,4.3492484902596935,-0.983369492477124,0.3045399617600217,1.0355153888892177,-0.6035785196627739,3.47882371336145,1.9749920545649893
64.0,118.0,1003.7677001953124,0.9753379059727132,3.027481911426474,0.8914709442373026,3.6385006360362526,-0.1936568623912141,0.9354252219936228,1.0515023454212475,1.5844169383747184,3.3013099988549235,1.6821957420369034
64.0,118.0,1005.7315063476562,1.5396689441273124,3.0386942734840274,0.0727790596694881,3.99653790662412,-0.2180394714265182,1.1227822176659112,0.9898665587735348,-0.0161734394273001,3.292559616599718,1.7283088665121291
64.0,118.0,1005.9786376953124,1.1755166225902458,3.0139295819900664,-0.2417305383366287,3.616814653335077,-0.2729520402836232,1.8592848557108288,1.1177652924446315,0.1211451494947978,3.912459696901169,2.2316448068592054
64.0,118.0,1004.7403564453124,0.4804166552562906,3.142058809388116,-0.507253232726782,3.78275224637308,-0.5671588827166028,1.1261544357254607,1.4122039073154182,0.5007209311294231,3.503301094810195,1.926829920271378
64.0,118.0,1004.5214233398438,1.3925082887281215,3.065088985864282,-0.1686798461004562,2.4937664364779137,-0.2246521629870259,1.0573601922845028,1.0844478999456344,-0.8866334099558765,3.2654268773896447,1.6563374701400866
64.0,118.0,1006.101806640625,1.5145614614356997,2.994643314133276,-0.4385238738008652,2.6498988515969346,-0.2204737755628775,1.1219320992016055,0.99350013477897,-0.0190371027451072,3.134156782158529,1.6797391789481235
64.0,118.0,1005.6001586914062,0.1781387739601991,2.8222566258346973,-1.2784227836424644,2.158820161725356,-1.3598118191510389,1.8033214309254848,1.4312019484559402,0.0812233307260337,2.5723035292130967,1.5728984824109573
64.0,118.0,1005.8743896484376,0.0594998054986024,2.4736092679713666,-0.1808303602303297,1.535912543515276,-0.2128728184311272,0.8096079746393341,0.1778975985534896,-0.0199302804665875,3.321000599716123,2.4317144383963893
64.0,118.0,1005.768310546875,1.5999854791936896,2.9805356758612893,-0.224463190705871,3.807145392204087,-0.3379384159359995,1.0087144864956603,0.8161970981207121,-0.0299745068515237,3.525817858828421,1.6851147134922917
64.0,119.0,1004.6443481445312,0.6900176227674764,3.063074350782302,-0.3302721781170479,3.0126561550720083,-0.1976159951512532,1.5970259768578052,1.2511792713171723,-0.0167520924344081,3.4265898532482377,1.5636003792452855
64.0,119.0,1007.3576049804688,0.9212569846597908,3.06139855165662,-0.1317967257900236,3.542737248419205,-1.233962615803387,1.2850703011185782,1.0033974406470525,-0.023572540304738,3.640052147588491,1.601728056724547
64.0,119.0,1006.1292724609376,0.8825330645131402,3.064174342687368,-0.2362635771631851,3.582316996030628,-0.2074679037536006,0.9559810891053128,1.0531749231574068,-0.0434490340044395,3.286294651604756,2.3253331241426074
64.0,119.0,1005.7072143554688,1.6491448804843336,2.9104453120023,-0.2376035463302053,3.615676320374159,-0.5459213406507523,1.0802436756395946,1.0229389087533642,-0.0226071327225542,3.134768809825729,1.4551102740604491
64.0,119.0,1005.2555541992188,-0.5037094802039921,3.707585390221884,-0.3280569768488796,3.321070462527059,0.979043172621886,-0.4155761280008436,0.9565504599200948,0.2951346271246178,3.295787014291044,2.1819067114242974
64.0,119.0,1008.2530517578124,1.5270982961521142,2.378577058659652,-0.1300141971189669,3.4316988602336704,-0.3495752633471561,0.6940326962933131,0.758785861126745,0.0664492484260929,3.002636118435235,0.7040430065820917
64.0,119.0,1006.2119140625,0.4893625390202833,1.7795423029239368,-0.2283334970089545,3.1277989280704825,0.4981169607027755,1.141197769335064,2.5146578201478693,1.975507430672696,4.311031517865723,2.0922100116751228
64.0,119.0,1005.1494140625,1.4267671879387,2.82151791963309,-0.2050135975394147,3.599402345635524,-0.212234014229664,1.0699343377498252,1.054124327480299,-0.0348381047181509,3.2384919490320403,1.683330061310487
64.0,119.0,1006.1808471679688,1.5044895019604971,4.37353118641234,-0.1123117642728705,3.278240110355435,-0.2710004059046436,1.206590297347884,1.0726861605494895,-0.7094813345437163,3.301103040810469,1.658737095350794
64.0,119.0,1004.5355224609376,-0.2067583177486083,2.156645823399848,1.1237471826284795,3.780946817479548,-0.5114493991580722,1.3470285072754011,1.5426076556614716,0.9251629364195506,3.6326501297850458,1.193605314089168
64.0,119.0,1005.1493530273438,0.5735184706036716,3.028423329307017,0.2644622216036731,2.659398374348958,0.2306337810705419,1.0125999917583286,1.1341537852403114,0.5087035841895886,3.226086612326376,1.548830647479367
64.0,119.0,1004.7785034179688,0.6991135168312739,2.894738252833397,-0.2188575842976097,3.4645647397683965,-0.2438181442738039,1.0991670823590096,0.687295206439572,1.314428712403647,3.3101250531130244,1.6781756112361752
64.0,119.0,1006.7550048828124,1.7724945126995004,3.0703987008149776,0.1826723068202544,3.2010081142690723,-0.121466419569273,1.2303004122357388,1.0661233202080411,-0.0710318298801985,3.2991645041737008,1.720742171507914
64.0,119.0,1005.6038818359376,1.308516753266523,2.1752865939900867,0.1815601508968082,4.19439705578338,-0.2059303139175663,1.0777198568117343,1.0908442654933863,0.2003939982353898,2.6281803945220314,1.684505779710975
64.0,119.0,1005.079833984375,0.8078773908434,3.0635542735379326,-0.2222773718837908,3.644619233544741,-0.0438507735814526,1.4232936018416082,0.7302359461628485,0.463335757005806,3.131559441489576,1.6311643300045815
64.0,119.0,1006.5872802734376,0.2656690085363156,2.8994275720441487,-0.0359203097652873,2.439288483665521,-0.403613583524778,2.160790506390417,1.4511060060394816,0.484404972217794,3.372222679109396,2.807072668682597
64.0,119.0,1005.7649536132812,0.2825466944237913,3.223371955913502,-1.130107795435179,3.475165291581171,-1.048330892200188,0.6773142097574366,1.7224453178602437,-0.0116344510771347,2.978858171781275,1.664112733334867
64.0,119.0,1003.8233642578124,1.028523366259821,3.0628461474330293,-0.3204188298828894,3.0167776901382988,0.2647472536681213,1.306874930918926,0.9514498344110252,-0.5399432597472117,3.348110656193866,0.8965220619264871
64.0,119.0,1006.2741088867188,1.643031542836416,3.606370926934152,-0.6934784640503268,3.544777025413626,-0.1168117638030309,0.939111865717292,1.235370936060419,0.8014975999324441,3.270795648100955,1.6707495569788469
64.0,119.0,1005.4580688476562,1.714830991173177,3.0751933772525515,-0.3198873779630757,3.0600901733655563,-0.3336865919117254,1.041410814400998,0.9802931378106874,-0.0717430790773777,3.30035801474969,1.62578042127942
64.0,119.0,1006.1286010742188,1.5630251164579407,3.034072154337606,-0.2144607478813976,3.3747890166807086,-0.1840946200972616,1.0834848120091078,1.505132191142844,0.0986427251527393,3.2971237436003165,1.6407078622033984
64.0,119.0,1004.8368530273438,-0.0192859539180938,3.1458012448024646,-0.4052589456220559,3.5837623621294377,-0.4446218579421889,1.004306573519272,1.0674916208430016,-0.1473208806064043,4.659302750457305,1.266183010783346
64.0,119.0,1005.0035400390624,1.488088734200528,3.2964916798764268,-0.081613556681665,3.4931910742310563,-0.4795947022471148,1.19443031097595,1.5983254058784726,0.3030366300005376,3.1093375136026897,1.3517079212642986
64.0,119.0,1005.59716796875,0.8422960777773174,3.0348209215701183,-0.2311176520887816,3.530445462000517,0.731073415144617,1.0838871087870037,1.0526527931079228,-0.2789778063184201,3.525442996103043,1.9314441196361605
64.0,119.0,1005.1682739257812,0.4758226699530498,2.725912301651685,-0.0230184400084026,3.5041163169939864,-0.2839688026094656,0.98246182909671,0.7814411067738086,0.0567855685067581,3.2908997596538847,1.3640380101297185
64.0,119.0,1006.4464721679688,1.5809811609032556,2.973684344508984,-0.2520182689694079,3.5675059166760548,-0.2077706524501733,0.9768099904424354,1.0682780433964296,-0.0034129855540246,3.316314287362724,1.5148379811241202
64.0,119.0,1005.4376220703124,1.4939369051591875,3.208578143175042,-0.0838875551827738,3.6527902052474297,-0.0677512366808728,2.1295316682877434,1.0280783661595605,-0.0117743859456704,3.334761595860714,1.7120512362595308
64.0,119.0,1005.9476318359376,0.0416259073064684,3.056620648095169,0.9059087932371556,3.541676985417584,-0.4558259587305865,-0.3150494321593007,1.05123482986649,-0.0994281152615595,3.238383279985208,1.6565234082160285
64.0,119.0,1006.3308715820312,1.535959406806901,3.012881012953959,-0.1663306996994601,3.5850778383914594,-0.2867194392540477,1.0486903470382465,1.1491035130694829,-0.0172823082687018,3.5717012420075,1.522958118209904
64.0,119.0,1005.1908569335938,1.1023887204012748,3.2341476803645643,-0.201467270177571,2.4973480581935963,-0.1713493341169948,1.0827305179708886,1.376827834472508,0.3857767790946929,3.6663823370834,1.765177587675498
64.0,119.0,1003.884033203125,1.1425112649696187,3.065090117718845,0.592860107788608,2.8071972518327133,0.2549808842303713,0.7688590957311772,1.1434486482266086,0.1774592781213724,3.2904317271738885,1.6652367097735672
64.0,119.0,1004.8756713867188,1.803103039357084,3.04969122379482,-0.2380855070972431,3.544222673085715,-0.3675432124331079,1.0049334701620785,1.0915745130618049,-0.0166428366782459,3.286393579044508,1.7128181502425668
64.0,119.0,1005.5949096679688,1.065741447403239,3.566321993171797,-0.1722097588879127,3.335195644635442,0.4153135222526197,1.6432684793938577,1.2308026718224587,0.3065238812510272,3.32453208933479,1.4181087479272612
64.0,119.0,1005.1708984375,1.5387374172758588,3.0630905424895096,-0.2761169812147975,3.539551483750204,-0.0710913967583387,1.0864629386437223,1.0432566156141505,0.0406253156605319,3.3703392304127733,1.6847979903288934
64.0,119.0,1004.3433227539062,1.5246637626108075,2.588764633984187,-0.2247483509817702,3.541791433209113,-0.2094105942329443,0.0900981966808316,1.4472220790014578,0.3634141441016041,3.275517642189521,1.677631713184814
64.0,119.0,1006.3489990234376,1.5514520891483368,3.057318420357167,-0.2631982522786442,3.525985729806991,-0.211421577591669,1.0871765917978395,1.0592099546980789,-0.0142462550174791,2.96232874565588,1.5743383689854655
64.0,119.0,1005.1350708007812,0.1661038185710084,2.5390123143543657,2.0774916054569346,1.835614257140512,-1.5735118140693944,0.0393769710875324,1.5364656260845004,0.9512514490147672,2.833057723425437,1.6722709438483858
64.0,119.0,1006.7476806640624,1.3783292661069166,2.227281756843792,0.7486796121921748,2.3676098445669496,-0.4352187250238886,0.1295667694666509,1.2582478032152908,0.9678886220425788,1.546052822985894,1.7088008776725607
64.0,119.0,1003.6841430664062,1.5264166200797986,3.063097861613356,-0.215819897253269,3.5490497273888275,-0.2048867388282806,1.0826619122252867,1.0511392207255632,-0.0170243374408754,3.2973942147249127,1.6821927523441609
64.0,119.0,1005.0227661132812,1.1090167985935704,3.054929262949412,0.2138404591139139,3.3785257770175283,-0.2062982807170551,0.6081492878130935,1.0163426512361524,-0.0348229360837541,3.2931519023315508,1.7331119502206431
64.0,119.0,1006.3912353515624,1.0823124156003283,3.145532408020725,0.0937498638335725,4.3492484902596935,-0.983369492477124,0.3045399617600217,1.0355153888892177,-0.6035785196627739,3.47882371336145,1.9749920545649893
64.0,119.0,1003.7677001953124,0.9753379059727132,3.027481911426474,0.8914709442373026,3.6385006360362526,-0.1936568623912141,0.9354252219936228,1.0515023454212475,1.5844169383747184,3.3013099988549235,1.6821957420369034
64.0,119.0,1005.7315063476562,1.5396689441273124,3.0386942734840274,0.0727790596694881,3.99653790662412,-0.2180394714265182,1.1227822176659112,0.9898665587735348,-0.0161734394273001,3.292559616599718,1.7283088665121291
64.0,119.0,1005.9786376953124,1.1755166225902458,3.0139295819900664,-0.2417305383366287,3.616814653335077,-0.2729520402836232,1.8592848557108288,1.1177652924446315,0.1211451494947978,3.912459696901169,2.2316448068592054
64.0,119.0,1004.7403564453124,0.4804166552562906,3.142058809388116,-0.507253232726782,3.78275224637308,-0.5671588827166028,1.1261544357254607,1.4122039073154182,0.5007209311294231,3.503301094810195,1.926829920271378
64.0,119.0,1004.5214233398438,1.3925082887281215,3.065088985864282,-0.1686798461004562,2.4937664364779137,-0.2246521629870259,1.0573601922845028,1.0844478999456344,-0.8866334099558765,3.2654268773896447,1.6563374701400866
64.0,119.0,1006.101806640625,1.5145614614356997,2.994643314133276,-0.4385238738008652,2.6498988515969346,-0.2204737755628775,1.1219320992016055,0.99350013477897,-0.0190371027451072,3.134156782158529,1.6797391789481235
64.0,119.0,1005.6001586914062,0.1781387739601991,2.8222566258346973,-1.2784227836424644,2.158820161725356,-1.3598118191510389,1.8033214309254848,1.4312019484559402,0.0812233307260337,2.5723035292130967,1.5728984824109573
64.0,119.0,1005.8743896484376,0.0594998054986024,2.4736092679713666,-0.1808303602303297,1.535912543515276,-0.2128728184311272,0.8096079746393341,0.1778975985534896,-0.0199302804665875,3.321000599716123,2.4317144383963893
64.0,119.0,1005.768310546875,1.5999854791936896,2.9805356758612893,-0.224463190705871,3.807145392204087,-0.3379384159359995,1.0087144864956603,0.8161970981207121,-0.0299745068515237,3.525817858828421,1.6851147134922917
64.0,120.0,1004.6443481445312,0.6900176227674764,3.063074350782302,-0.3302721781170479,3.0126561550720083,-0.1976159951512532,1.5970259768578052,1.2511792713171723,-0.0167520924344081,3.4265898532482377,1.5636003792452855
64.0,120.0,1007.3576049804688,0.9212569846597908,3.06139855165662,-0.1317967257900236,3.542737248419205,-1.233962615803387,1.2850703011185782,1.0033974406470525,-0.023572540304738,3.640052147588491,1.601728056724547
64.0,120.0,1006.1292724609376,0.8825330645131402,3.064174342687368,-0.2362635771631851,3.582316996030628,-0.2074679037536006,0.9559810891053128,1.0531749231574068,-0.0434490340044395,3.286294651604756,2.3253331241426074
64.0,120.0,1005.7072143554688,1.6491448804843336,2.9104453120023,-0.2376035463302053,3.615676320374159,-0.5459213406507523,1.0802436756395946,1.0229389087533642,-0.0226071327225542,3.134768809825729,1.4551102740604491
64.0,120.0,1005.2555541992188,-0.5037094802039921,3.707585390221884,-0.3280569768488796,3.321070462527059,0.979043172621886,-0.4155761280008436,0.9565504599200948,0.2951346271246178,3.295787014291044,2.1819067114242974
64.0,120.0,1008.2530517578124,1.5270982961521142,2.378577058659652,-0.1300141971189669,3.4316988602336704,-0.3495752633471561,0.6940326962933131,0.758785861126745,0.0664492484260929,3.002636118435235,0.7040430065820917
64.0,120.0,1006.2119140625,0.4893625390202833,1.7795423029239368,-0.2283334970089545,3.1277989280704825,0.4981169607027755,1.141197769335064,2.5146578201478693,1.975507430672696,4.311031517865723,2.0922100116751228
64.0,120.0,1005.1494140625,1.4267671879387,2.82151791963309,-0.2050135975394147,3.599402345635524,-0.212234014229664,1.0699343377498252,1.054124327480299,-0.0348381047181509,3.2384919490320403,1.683330061310487
64.0,120.0,1006.1808471679688,1.5044895019604971,4.37353118641234,-0.1123117642728705,3.278240110355435,-0.2710004059046436,1.206590297347884,1.0726861605494895,-0.7094813345437163,3.301103040810469,1.658737095350794
64.0,120.0,1004.5355224609376,-0.2067583177486083,2.156645823399848,1.1237471826284795,3.780946817479548,-0.5114493991580722,1.3470285072754011,1.5426076556614716,0.9251629364195506,3.6326501297850458,1.193605314089168
64.0,120.0,1005.1493530273438,0.5735184706036716,3.028423329307017,0.2644622216036731,2.659398374348958,0.2306337810705419,1.0125999917583286,1.1341537852403114,0.5087035841895886,3.226086612326376,1.548830647479367
64.0,120.0,1004.7785034179688,0.6991135168312739,2.894738252833397,-0.2188575842976097,3.4645647397683965,-0.2438181442738039,1.0991670823590096,0.687295206439572,1.314428712403647,3.3101250531130244,1.6781756112361752
64.0,120.0,1006.7550048828124,1.7724945126995004,3.0703987008149776,0.1826723068202544,3.2010081142690723,-0.121466419569273,1.2303004122357388,1.0661233202080411,-0.0710318298801985,3.2991645041737008,1.720742171507914
64.0,120.0,1005.6038818359376,1.308516753266523,2.1752865939900867,0.1815601508968082,4.19439705578338,-0.2059303139175663,1.0777198568117343,1.0908442654933863,0.2003939982353898,2.6281803945220314,1.684505779710975
64.0,120.0,1005.079833984375,0.8078773908434,3.0635542735379326,-0.2222773718837908,3.644619233544741,-0.0438507735814526,1.4232936018416082,0.7302359461628485,0.463335757005806,3.131559441489576,1.6311643300045815
64.0,120.0,1006.5872802734376,0.2656690085363156,2.8994275720441487,-0.0359203097652873,2.439288483665521,-0.403613583524778,2.160790506390417,1.4511060060394816,0.484404972217794,3.372222679109396,2.807072668682597
64.0,120.0,1005.7649536132812,0.2825466944237913,3.223371955913502,-1.130107795435179,3.475165291581171,-1.048330892200188,0.6773142097574366,1.7224453178602437,-0.0116344510771347,2.978858171781275,1.664112733334867
64.0,120.0,1003.8233642578124,1.028523366259821,3.0628461474330293,-0.3204188298828894,3.0167776901382988,0.2647472536681213,1.306874930918926,0.9514498344110252,-0.5399432597472117,3.348110656193866,0.8965220619264871
64.0,120.0,1006.2741088867188,1.643031542836416,3.606370926934152,-0.6934784640503268,3.544777025413626,-0.1168117638030309,0.939111865717292,1.235370936060419,0.8014975999324441,3.270795648100955,1.6707495569788469
64.0,120.0,1005.4580688476562,1.714830991173177,3.0751933772525515,-0.3198873779630757,3.0600901733655563,-0.3336865919117254,1.041410814400998,0.9802931378106874,-0.0717430790773777,3.30035801474969,1.62578042127942
64.0,120.0,1006.1286010742188,1.5630251164579407,3.034072154337606,-0.2144607478813976,3.3747890166807086,-0.1840946200972616,1.0834848120091078,1.505132191142844,0.0986427251527393,3.2971237436003165,1.6407078622033984
64.0,120.0,1004.8368530273438,-0.0192859539180938,3.1458012448024646,-0.4052589456220559,3.5837623621294377,-0.4446218579421889,1.004306573519272,1.0674916208430016,-0.1473208806064043,4.659302750457305,1.266183010783346
64.0,120.0,1005.0035400390624,1.488088734200528,3.2964916798764268,-0.081613556681665,3.4931910742310563,-0.4795947022471148,1.19443031097595,1.5983254058784726,0.3030366300005376,3.1093375136026897,1.3517079212642986
64.0,120.0,1005.59716796875,0.8422960777773174,3.0348209215701183,-0.2311176520887816,3.530445462000517,0.731073415144617,1.0838871087870037,1.0526527931079228,-0.2789778063184201,3.525442996103043,1.9314441196361605
64.0,120.0,1005.1682739257812,0.4758226699530498,2.725912301651685,-0.0230184400084026,3.5041163169939864,-0.2839688026094656,0.98246182909671,0.7814411067738086,0.0567855685067581,3.2908997596538847,1.3640380101297185
64.0,120.0,1006.4464721679688,1.5809811609032556,2.973684344508984,-0.2520182689694079,3.5675059166760548,-0.2077706524501733,0.9768099904424354,1.0682780433964296,-0.0034129855540246,3.316314287362724,1.5148379811241202
64.0,120.0,1005.4376220703124,1.4939369051591875,3.208578143175042,-0.0838875551827738,3.6527902052474297,-0.0677512366808728,2.1295316682877434,1.0280783661595605,-0.0117743859456704,3.334761595860714,1.7120512362595308
64.0,120.0,1005.9476318359376,0.0416259073064684,3.056620648095169,0.9059087932371556,3.541676985417584,-0.4558259587305865,-0.3150494321593007,1.05123482986649,-0.0994281152615595,3.238383279985208,1.6565234082160285
64.0,120.0,1006.3308715820312,1.535959406806901,3.012881012953959,-0.1663306996994601,3.5850778383914594,-0.2867194392540477,1.0486903470382465,1.1491035130694829,-0.0172823082687018,3.5717012420075,1.522958118209904
64.0,120.0,1005.1908569335938,1.1023887204012748,3.2341476803645643,-0.201467270177571,2.4973480581935963,-0.1713493341169948,1.0827305179708886,1.376827834472508,0.3857767790946929,3.6663823370834,1.765177587675498
64.0,120.0,1003.884033203125,1.1425112649696187,3.065090117718845,0.592860107788608,2.8071972518327133,0.2549808842303713,0.7688590957311772,1.1434486482266086,0.1774592781213724,3.2904317271738885,1.6652367097735672
64.0,120.0,1004.8756713867188,1.803103039357084,3.04969122379482,-0.2380855070972431,3.544222673085715,-0.3675432124331079,1.0049334701620785,1.0915745130618049,-0.0166428366782459,3.286393579044508,1.7128181502425668
64.0,120.0,1005.5949096679688,1.065741447403239,3.566321993171797,-0.1722097588879127,3.335195644635442,0.4153135222526197,1.6432684793938577,1.2308026718224587,0.3065238812510272,3.32453208933479,1.4181087479272612
64.0,120.0,1005.1708984375,1.5387374172758588,3.0630905424895096,-0.2761169812147975,3.539551483750204,-0.0710913967583387,1.0864629386437223,1.0432566156141505,0.0406253156605319,3.3703392304127733,1.6847979903288934
64.0,120.0,1004.3433227539062,1.5246637626108075,2.588764633984187,-0.2247483509817702,3.541791433209113,-0.2094105942329443,0.0900981966808316,1.4472220790014578,0.3634141441016041,3.275517642189521,1.677631713184814
64.0,120.0,1006.3489990234376,1.5514520891483368,3.057318420357167,-0.2631982522786442,3.525985729806991,-0.211421577591669,1.0871765917978395,1.0592099546980789,-0.0142462550174791,2.96232874565588,1.5743383689854655
64.0,120.0,1005.1350708007812,0.1661038185710084,2.5390123143543657,2.0774916054569346,1.835614257140512,-1.5735118140693944,0.0393769710875324,1.5364656260845004,0.9512514490147672,2.833057723425437,1.6722709438483858
64.0,120.0,1006.7476806640624,1.3783292661069166,2.227281756843792,0.7486796121921748,2.3676098445669496,-0.4352187250238886,0.1295667694666509,1.2582478032152908,0.9678886220425788,1.546052822985894,1.7088008776725607
64.0,120.0,1003.6841430664062,1.5264166200797986,3.063097861613356,-0.215819897253269,3.5490497273888275,-0.2048867388282806,1.0826619122252867,1.0511392207255632,-0.0170243374408754,3.2973942147249127,1.6821927523441609
64.0,120.0,1005.0227661132812,1.1090167985935704,3.054929262949412,0.2138404591139139,3.3785257770175283,-0.2062982807170551,0.6081492878130935,1.0163426512361524,-0.0348229360837541,3.2931519023315508,1.7331119502206431
64.0,120.0,1006.3912353515624,1.0823124156003283,3.145532408020725,0.0937498638335725,4.3492484902596935,-0.983369492477124,0.3045399617600217,1.0355153888892177,-0.6035785196627739,3.47882371336145,1.9749920545649893
64.0,120.0,1003.7677001953124,0.9753379059727132,3.027481911426474,0.8914709442373026,3.6385006360362526,-0.1936568623912141,0.9354252219936228,1.0515023454212475,1.5844169383747184,3.3013099988549235,1.6821957420369034
64.0,120.0,1005.7315063476562,1.5396689441273124,3.0386942734840274,0.0727790596694881,3.99653790662412,-0.2180394714265182,1.1227822176659112,0.9898665587735348,-0.0161734394273001,3.292559616599718,1.7283088665121291
64.0,120.0,1005.9786376953124,1.1755166225902458,3.0139295819900664,-0.2417305383366287,3.616814653335077,-0.2729520402836232,1.8592848557108288,1.1177652924446315,0.1211451494947978,3.912459696901169,2.2316448068592054
64.0,120.0,1004.7403564453124,0.4804166552562906,3.142058809388116,-0.507253232726782,3.78275224637308,-0.5671588827166028,1.1261544357254607,1.4122039073154182,0.5007209311294231,3.503301094810195,1.926829920271378
64.0,120.0,1004.5214233398438,1.3925082887281215,3.065088985864282,-0.1686798461004562,2.4937664364779137,-0.2246521629870259,1.0573601922845028,1.0844478999456344,-0.8866334099558765,3.2654268773896447,1.6563374701400866
64.0,120.0,1006.101806640625,1.5145614614356997,2.994643314133276,-0.4385238738008652,2.6498988515969346,-0.2204737755628775,1.1219320992016055,0.99350013477897,-0.0190371027451072,3.134156782158529,1.6797391789481235
64.0,120.0,1005.6001586914062,0.1781387739601991,2.8222566258346973,-1.2784227836424644,2.158820161725356,-1.3598118191510389,1.8033214309254848,1.4312019484559402,0.0812233307260337,2.5723035292130967,1.5728984824109573
64.0,120.0,1005.8743896484376,0.0594998054986024,2.4736092679713666,-0.1808303602303297,1.535912543515276,-0.2128728184311272,0.8096079746393341,0.1778975985534896,-0.0199302804665875,3.321000599716123,2.4317144383963893
64.0,120.0,1005.768310546875,1.5999854791936896,2.9805356758612893,-0.224463190705871,3.807145392204087,-0.3379384159359995,1.0087144864956603,0.8161970981207121,-0.0299745068515237,3.525817858828421,1.6851147134922917
64.0,121.0,1004.6443481445312,0.6900176227674764,3.063074350782302,-0.3302721781170479,3.0126561550720083,-0.1976159951512532,1.5970259768578052,1.2511792713171723,-0.0167520924344081,3.4265898532482377,1.5636003792452855
64.0,121.0,1007.3576049804688,0.9212569846597908,3.06139855165662,-0.1317967257900236,3.542737248419205,-1.233962615803387,1.2850703011185782,1.0033974406470525,-0.023572540304738,3.640052147588491,1.601728056724547
64.0,121.0,1006.1292724609376,0.8825330645131402,3.064174342687368,-0.2362635771631851,3.582316996030628,-0.2074679037536006,0.9559810891053128,1.0531749231574068,-0.0434490340044395,3.286294651604756,2.3253331241426074
64.0,121.0,1005.7072143554688,1.6491448804843336,2.9104453120023,-0.2376035463302053,3.615676320374159,-0.5459213406507523,1.0802436756395946,1.0229389087533642,-0.0226071327225542,3.134768809825729,1.4551102740604491
64.0,121.0,1005.2555541992188,-0.5037094802039921,3.707585390221884,-0.3280569768488796,3.321070462527059,0.979043172621886,-0.4155761280008436,0.9565504599200948,0.2951346271246178,3.295787014291044,2.1819067114242974
64.0,121.0,1008.2530517578124,1.5270982961521142,2.378577058659652,-0.1300141971189669,3.4316988602336704,-0.3495752633471561,0.6940326962933131,0.758785861126745,0.0664492484260929,3.002636118435235,0.7040430065820917
64.0,121.0,1006.2119140625,0.4893625390202833,1.7795423029239368,-0.2283334970089545,3.1277989280704825,0.4981169607027755,1.141197769335064,2.5146578201478693,1.975507430672696,4.311031517865723,2.0922100116751228
64.0,121.0,1005.1494140625,1.4267671879387,2.82151791963309,-0.2050135975394147,3.599402345635524,-0.212234014229664,1.0699343377498252,1.054124327480299,-0.0348381047181509,3.2384919490320403,1.683330061310487
64.0,121.0,1006.1808471679688,1.5044895019604971,4.37353118641234,-0.1123117642728705,3.278240110355435,-0.2710004059046436,1.206590297347884,1.0726861605494895,-0.7094813345437163,3.301103040810469,1.658737095350794
64.0,121.0,1004.5355224609376,-0.2067583177486083,2.156645823399848,1.1237471826284795,3.780946817479548,-0.5114493991580722,1.3470285072754011,1.5426076556614716,0.9251629364195506,3.6326501297850458,1.193605314089168
64.0,121.0,1005.1493530273438,0.5735184706036716,3.028423329307017,0.2644622216036731,2.659398374348958,0.2306337810705419,1.0125999917583286,1.1341537852403114,0.5087035841895886,3.226086612326376,1.548830647479367
64.0,121.0,1004.7785034179688,0.6991135168312739,2.894738252833397,-0.2188575842976097,3.4645647397683965,-0.2438181442738039,1.0991670823590096,0.687295206439572,1.314428712403647,3.3101250531130244,1.6781756112361752
64.0,121.0,1006.7550048828124,1.7724945126995004,3.0703987008149776,0.1826723068202544,3.2010081142690723,-0.121466419569273,1.2303004122357388,1.0661233202080411,-0.0710318298801985,3.2991645041737008,1.720742171507914
64.0,121.0,1005.6038818359376,1.308516753266523,2.1752865939900867,0.1815601508968082,4.19439705578338,-0.2059303139175663,1.0777198568117343,1.0908442654933863,0.2003939982353898,2.6281803945220314,1.684505779710975
64.0,121.0,1005.079833984375,0.8078773908434,3.0635542735379326,-0.2222773718837908,3.644619233544741,-0.0438507735814526,1.4232936018416082,0.7302359461628485,0.463335757005806,3.131559441489576,1.6311643300045815
64.0,121.0,1006.5872802734376,0.2656690085363156,2.8994275720441487,-0.0359203097652873,2.439288483665521,-0.403613583524778,2.160790506390417,1.4511060060394816,0.484404972217794,3.372222679109396,2.807072668682597
64.0,121.0,1005.7649536132812,0.2825466944237913,3.223371955913502,-1.130107795435179,3.475165291581171,-1.048330892200188,0.6773142097574366,1.7224453178602437,-0.0116344510771347,2.978858171781275,1.664112733334867
64.0,121.0,1003.8233642578124,1.028523366259821,3.0628461474330293,-0.3204188298828894,3.0167776901382988,0.2647472536681213,1.306874930918926,0.9514498344110252,-0.5399432597472117,3.348110656193866,0.8965220619264871
64.0,121.0,1006.2741088867188,1.643031542836416,3.606370926934152,-0.6934784640503268,3.544777025413626,-0.1168117638030309,0.939111865717292,1.235370936060419,0.8014975999324441,3.270795648100955,1.6707495569788469
64.0,121.0,1005.4580688476562,1.714830991173177,3.0751933772525515,-0.3198873779630757,3.0600901733655563,-0.3336865919117254,1.041410814400998,0.9802931378106874,-0.0717430790773777,3.30035801474969,1.62578042127942
64.0,121.0,1006.1286010742188,1.5630251164579407,3.034072154337606,-0.2144607478813976,3.3747890166807086,-0.1840946200972616,1.0834848120091078,1.505132191142844,0.0986427251527393,3.2971237436003165,1.6407078622033984
64.0,121.0,1004.8368530273438,-0.0192859539180938,3.1458012448024646,-0.4052589456220559,3.5837623621294377,-0.4446218579421889,1.004306573519272,1.0674916208430016,-0.1473208806064043,4.659302750457305,1.266183010783346
64.0,121.0,1005.0035400390624,1.488088734200528,3.2964916798764268,-0.081613556681665,3.4931910742310563,-0.4795947022471148,1.19443031097595,1.5983254058784726,0.3030366300005376,3.1093375136026897,1.3517079212642986
64.0,121.0,1005.59716796875,0.8422960777773174,3.0348209215701183,-0.2311176520887816,3.530445462000517,0.731073415144617,1.0838871087870037,1.0526527931079228,-0.2789778063184201,3.525442996103043,1.9314441196361605
64.0,121.0,1005.1682739257812,0.4758226699530498,2.725912301651685,-0.0230184400084026,3.5041163169939864,-0.2839688026094656,0.98246182909671,0.7814411067738086,0.0567855685067581,3.2908997596538847,1.3640380101297185
64.0,121.0,1006.4464721679688,1.5809811609032556,2.973684344508984,-0.2520182689694079,3.5675059166760548,-0.2077706524501733,0.9768099904424354,1.0682780433964296,-0.0034129855540246,3.316314287362724,1.5148379811241202
64.0,121.0,1005.4376220703124,1.4939369051591875,3.208578143175042,-0.0838875551827738,3.6527902052474297,-0.0677512366808728,2.1295316682877434,1.0280783661595605,-0.0117743859456704,3.334761595860714,1.7120512362595308
64.0,121.0,1005.9476318359376,0.0416259073064684,3.056620648095169,0.9059087932371556,3.541676985417584,-0.4558259587305865,-0.3150494321593007,1.05123482986649,-0.0994281152615595,3.238383279985208,1.6565234082160285
64.0,121.0,1006.3308715820312,1.535959406806901,3.012881012953959,-0.1663306996994601,3.5850778383914594,-0.2867194392540477,1.0486903470382465,1.1491035130694829,-0.0172823082687018,3.5717012420075,1.522958118209904
64.0,121.0,1005.1908569335938,1.1023887204012748,3.2341476803645643,-0.201467270177571,2.4973480581935963,-0.1713493341169948,1.0827305179708886,1.376827834472508,0.3857767790946929,3.6663823370834,1.765177587675498
64.0,121.0,1003.884033203125,1.1425112649696187,3.065090117718845,0.592860107788608,2.8071972518327133,0.2549808842303713,0.7688590957311772,1.1434486482266086,0.1774592781213724,3.2904317271738885,1.6652367097735672
64.0,121.0,1004.8756713867188,1.803103039357084,3.04969122379482,-0.2380855070972431,3.544222673085715,-0.3675432124331079,1.0049334701620785,1.0915745130618049,-0.0166428366782459,3.286393579044508,1.7128181502425668
64.0,121.0,1005.5949096679688,1.065741447403239,3.566321993171797,-0.1722097588879127,3.335195644635442,0.4153135222526197,1.6432684793938577,1.2308026718224587,0.3065238812510272,3.32453208933479,1.4181087479272612
64.0,121.0,1005.1708984375,1.5387374172758588,3.0630905424895096,-0.2761169812147975,3.539551483750204,-0.0710913967583387,1.0864629386437223,1.0432566156141505,0.0406253156605319,3.3703392304127733,1.6847979903288934
64.0,121.0,1004.3433227539062,1.5246637626108075,2.588764633984187,-0.2247483509817702,3.541791433209113,-0.2094105942329443,0.0900981966808316,1.4472220790014578,0.3634141441016041,3.275517642189521,1.677631713184814
64.0,121.0,1006.3489990234376,1.5514520891483368,3.057318420357167,-0.2631982522786442,3.525985729806991,-0.211421577591669,1.0871765917978395,1.0592099546980789,-0.0142462550174791,2.96232874565588,1.5743383689854655
64.0,121.0,1005.1350708007812,0.1661038185710084,2.5390123143543657,2.0774916054569346,1.835614257140512,-1.5735118140693944,0.0393769710875324,1.5364656260845004,0.9512514490147672,2.833057723425437,1.6722709438483858
64.0,121.0,1006.7476806640624,1.3783292661069166,2.227281756843792,0.7486796121921748,2.3676098445669496,-0.4352187250238886,0.1295667694666509,1.2582478032152908,0.9678886220425788,1.546052822985894,1.7088008776725607
64.0,121.0,1003.6841430664062,1.5264166200797986,3.063097861613356,-0.215819897253269,3.5490497273888275,-0.2048867388282806,1.0826619122252867,1.0511392207255632,-0.0170243374408754,3.2973942147249127,1.6821927523441609
64.0,121.0,1005.0227661132812,1.1090167985935704,3.054929262949412,0.2138404591139139,3.3785257770175283,-0.2062982807170551,0.6081492878130935,1.0163426512361524,-0.0348229360837541,3.2931519023315508,1.7331119502206431
64.0,121.0,1006.3912353515624,1.0823124156003283,3.145532408020725,0.0937498638335725,4.3492484902596935,-0.983369492477124,0.3045399617600217,1.0355153888892177,-0.6035785196627739,3.47882371336145,1.9749920545649893
64.0,121.0,1003.7677001953124,0.9753379059727132,3.027481911426474,0.8914709442373026,3.6385006360362526,-0.1936568623912141,0.9354252219936228,1.0515023454212475,1.5844169383747184,3.3013099988549235,1.6821957420369034
64.0,121.0,1005.7315063476562,1.5396689441273124,3.0386942734840274,0.0727790596694881,3.99653790662412,-0.2180394714265182,1.1227822176659112,0.9898665587735348,-0.0161734394273001,3.292559616599718,1.7283088665121291
64.0,121.0,1005.9786376953124,1.1755166225902458,3.0139295819900664,-0.2417305383366287,3.616814653335077,-0.2729520402836232,1.8592848557108288,1.1177652924446315,0.1211451494947978,3.912459696901169,2.2316448068592054
64.0,121.0,1004.7403564453124,0.4804166552562906,3.142058809388116,-0.507253232726782,3.78275224637308,-0.5671588827166028,1.1261544357254607,1.4122039073154182,0.5007209311294231,3.503301094810195,1.926829920271378
64.0,121.0,1004.5214233398438,1.3925082887281215,3.065088985864282,-0.1686798461004562,2.4937664364779137,-0.2246521629870259,1.0573601922845028,1.0844478999456344,-0.8866334099558765,3.2654268773896447,1.6563374701400866
64.0,121.0,1006.101806640625,1.5145614614356997,2.994643314133276,-0.4385238738008652,2.6498988515969346,-0.2204737755628775,1.1219320992016055,0.99350013477897,-0.0190371027451072,3.134156782158529,1.6797391789481235
64.0,121.0,1005.6001586914062,0.1781387739601991,2.8222566258346973,-1.2784227836424644,2.158820161725356,-1.3598118191510389,1.8033214309254848,1.4312019484559402,0.0812233307260337,2.5723035292130967,1.5728984824109573
64.0,121.0,1005.8743896484376,0.0594998054986024,2.4736092679713666,-0.1808303602303297,1.535912543515276,-0.2128728184311272,0.8096079746393341,0.1778975985534896,-0.0199302804665875,3.321000599716123,2.4317144383963893
64.0,121.0,1005.768310546875,1.5999854791936896,2.9805356758612893,-0.224463190705871,3.807145392204087,-0.3379384159359995,1.0087144864956603,0.8161970981207121,-0.0299745068515237,3.525817858828421,1.6851147134922917
64.0,122.0,1004.6443481445312,0.6900176227674764,3.063074350782302,-0.3302721781170479,3.0126561550720083,-0.1976159951512532,1.5970259768578052,1.2511792713171723,-0.0167520924344081,3.4265898532482377,1.5636003792452855
64.0,122.0,1007.3576049804688,0.9212569846597908,3.06139855165662,-0.1317967257900236,3.542737248419205,-1.233962615803387,1.2850703011185782,1.0033974406470525,-0.023572540304738,3.640052147588491,1.601728056724547
64.0,122.0,1006.1292724609376,0.8825330645131402,3.064174342687368,-0.2362635771631851,3.582316996030628,-0.2074679037536006,0.9559810891053128,1.0531749231574068,-0.0434490340044395,3.286294651604756,2.3253331241426074
64.0,122.0,1005.7072143554688,1.6491448804843336,2.9104453120023,-0.2376035463302053,3.615676320374159,-0.5459213406507523,1.0802436756395946,1.0229389087533642,-0.0226071327225542,3.134768809825729,1.4551102740604491
64.0,122.0,1005.2555541992188,-0.5037094802039921,3.707585390221884,-0.3280569768488796,3.321070462527059,0.979043172621886,-0.4155761280008436,0.9565504599200948,0.2951346271246178,3.295787014291044,2.1819067114242974
64.0,122.0,1008.2530517578124,1.5270982961521142,2.378577058659652,-0.1300141971189669,3.4316988602336704,-0.3495752633471561,0.6940326962933131,0.758785861126745,0.0664492484260929,3.002636118435235,0.7040430065820917
64.0,122.0,1006.2119140625,0.4893625390202833,1.7795423029239368,-0.2283334970089545,3.1277989280704825,0.4981169607027755,1.141197769335064,2.5146578201478693,1.975507430672696,4.311031517865723,2.0922100116751228
64.0,122.0,1005.1494140625,1.4267671879387,2.82151791963309,-0.2050135975394147,3.599402345635524,-0.212234014229664,1.0699343377498252,1.054124327480299,-0.0348381047181509,3.2384919490320403,1.683330061310487
64.0,122.0,1006.1808471679688,1.5044895019604971,4.37353118641234,-0.1123117642728705,3.278240110355435,-0.2710004059046436,1.206590297347884,1.0726861605494895,-0.7094813345437163,3.301103040810469,1.658737095350794
64.0,122.0,1004.5355224609376,-0.2067583177486083,2.156645823399848,1.1237471826284795,3.780946817479548,-0.5114493991580722,1.3470285072754011,1.5426076556614716,0.9251629364195506,3.6326501297850458,1.193605314089168
64.0,122.0,1005.1493530273438,0.5735184706036716,3.028423329307017,0.2644622216036731,2.659398374348958,0.2306337810705419,1.0125999917583286,1.1341537852403114,0.5087035841895886,3.226086612326376,1.548830647479367
64.0,122.0,1004.7785034179688,0.6991135168312739,2.894738252833397,-0.2188575842976097,3.4645647397683965,-0.2438181442738039,1.0991670823590096,0.687295206439572,1.314428712403647,3.3101250531130244,1.6781756112361752
64.0,122.0,1006.7550048828124,1.7724945126995004,3.0703987008149776,0.1826723068202544,3.2010081142690723,-0.121466419569273,1.2303004122357388,1.0661233202080411,-0.0710318298801985,3.2991645041737008,1.720742171507914
64.0,122.0,1005.6038818359376,1.308516753266523,2.1752865939900867,0.1815601508968082,4.19439705578338,-0.2059303139175663,1.0777198568117343,1.0908442654933863,0.2003939982353898,2.6281803945220314,1.684505779710975
64.0,122.0,1005.079833984375,0.8078773908434,3.0635542735379326,-0.2222773718837908,3.644619233544741,-0.0438507735814526,1.4232936018416082,0.7302359461628485,0.463335757005806,3.131559441489576,1.6311643300045815
64.0,122.0,1006.5872802734376,0.2656690085363156,2.8994275720441487,-0.0359203097652873,2.439288483665521,-0.403613583524778,2.160790506390417,1.4511060060394816,0.484404972217794,3.372222679109396,2.807072668682597
64.0,122.0,1005.7649536132812,0.2825466944237913,3.223371955913502,-1.130107795435179,3.475165291581171,-1.048330892200188,0.6773142097574366,1.7224453178602437,-0.0116344510771347,2.978858171781275,1.664112733334867
64.0,122.0,1003.8233642578124,1.028523366259821,3.0628461474330293,-0.3204188298828894,3.0167776901382988,0.2647472536681213,1.306874930918926,0.9514498344110252,-0.5399432597472117,3.348110656193866,0.8965220619264871
64.0,122.0,1006.2741088867188,1.643031542836416,3.606370926934152,-0.6934784640503268,3.544777025413626,-0.1168117638030309,0.939111865717292,1.235370936060419,0.8014975999324441,3.270795648100955,1.6707495569788469
64.0,122.0,1005.4580688476562,1.714830991173177,3.0751933772525515,-0.3198873779630757,3.0600901733655563,-0.3336865919117254,1.041410814400998,0.9802931378106874,-0.0717430790773777,3.30035801474969,1.62578042127942
64.0,122.0,1006.1286010742188,1.5630251164579407,3.034072154337606,-0.2144607478813976,3.3747890166807086,-0.1840946200972616,1.0834848120091078,1.505132191142844,0.0986427251527393,3.2971237436003165,1.6407078622033984
64.0,122.0,1004.8368530273438,-0.0192859539180938,3.1458012448024646,-0.4052589456220559,3.5837623621294377,-0.4446218579421889,1.004306573519272,1.0674916208430016,-0.1473208806064043,4.659302750457305,1.266183010783346
64.0,122.0,1005.0035400390624,1.488088734200528,3.2964916798764268,-0.081613556681665,3.4931910742310563,-0.4795947022471148,1.19443031097595,1.5983254058784726,0.3030366300005376,3.1093375136026897,1.3517079212642986
64.0,122.0,1005.59716796875,0.8422960777773174,3.0348209215701183,-0.2311176520887816,3.530445462000517,0.731073415144617,1.0838871087870037,1.0526527931079228,-0.2789778063184201,3.525442996103043,1.9314441196361605
64.0,122.0,1005.1682739257812,0.4758226699530498,2.725912301651685,-0.0230184400084026,3.5041163169939864,-0.2839688026094656,0.98246182909671,0.7814411067738086,0.0567855685067581,3.2908997596538847,1.3640380101297185
64.0,122.0,1006.4464721679688,1.5809811609032556,2.973684344508984,-0.2520182689694079,3.5675059166760548,-0.2077706524501733,0.9768099904424354,1.0682780433964296,-0.0034129855540246,3.316314287362724,1.5148379811241202
64.0,122.0,1005.4376220703124,1.4939369051591875,3.208578143175042,-0.0838875551827738,3.6527902052474297,-0.0677512366808728,2.1295316682877434,1.0280783661595605,-0.0117743859456704,3.334761595860714,1.7120512362595308
64.0,122.0,1005.9476318359376,0.0416259073064684,3.056620648095169,0.9059087932371556,3.541676985417584,-0.4558259587305865,-0.3150494321593007,1.05123482986649,-0.0994281152615595,3.238383279985208,1.6565234082160285
64.0,122.0,1006.3308715820312,1.535959406806901,3.012881012953959,-0.1663306996994601,3.5850778383914594,-0.2867194392540477,1.0486903470382465,1.1491035130694829,-0.0172823082687018,3.5717012420075,1.522958118209904
64.0,122.0,1005.1908569335938,1.1023887204012748,3.2341476803645643,-0.201467270177571,2.4973480581935963,-0.1713493341169948,1.0827305179708886,1.376827834472508,0.3857767790946929,3.6663823370834,1.765177587675498
64.0,122.0,1003.884033203125,1.1425112649696187,3.065090117718845,0.592860107788608,2.8071972518327133,0.2549808842303713,0.7688590957311772,1.1434486482266086,0.1774592781213724,3.2904317271738885,1.6652367097735672
64.0,122.0,1004.8756713867188,1.803103039357084,3.04969122379482,-0.2380855070972431,3.544222673085715,-0.3675432124331079,1.0049334701620785,1.0915745130618049,-0.0166428366782459,3.286393579044508,1.7128181502425668
64.0,122.0,1005.5949096679688,1.065741447403239,3.566321993171797,-0.1722097588879127,3.335195644635442,0.4153135222526197,1.6432684793938577,1.2308026718224587,0.3065238812510272,3.32453208933479,1.4181087479272612
64.0,122.0,1005.1708984375,1.5387374172758588,3.0630905424895096,-0.2761169812147975,3.539551483750204,-0.0710913967583387,1.0864629386437223,1.0432566156141505,0.0406253156605319,3.3703392304127733,1.6847979903288934
64.0,122.0,1004.3433227539062,1.5246637626108075,2.588764633984187,-0.2247483509817702,3.541791433209113,-0.2094105942329443,0.0900981966808316,1.4472220790014578,0.3634141441016041,3.275517642189521,1.677631713184814
64.0,122.0,1006.3489990234376,1.5514520891483368,3.057318420357167,-0.2631982522786442,3.525985729806991,-0.211421577591669,1.0871765917978395,1.0592099546980789,-0.0142462550174791,2.96232874565588,1.5743383689854655
64.0,122.0,1005.1350708007812,0.1661038185710084,2.5390123143543657,2.0774916054569346,1.835614257140512,-1.5735118140693944,0.0393769710875324,1.5364656260845004,0.9512514490147672,2.833057723425437,1.6722709438483858
64.0,122.0,1006.7476806640624,1.3783292661069166,2.227281756843792,0.7486796121921748,2.3676098445669496,-0.4352187250238886,0.1295667694666509,1.2582478032152908,0.9678886220425788,1.546052822985894,1.7088008776725607
64.0,122.0,1003.6841430664062,1.5264166200797986,3.063097861613356,-0.215819897253269,3.5490497273888275,-0.2048867388282806,1.0826619122252867,1.0511392207255632,-0.0170243374408754,3.2973942147249127,1.6821927523441609
64.0,122.0,1005.0227661132812,1.1090167985935704,3.054929262949412,0.2138404591139139,3.3785257770175283,-0.2062982807170551,0.6081492878130935,1.0163426512361524,-0.0348229360837541,3.2931519023315508,1.7331119502206431
64.0,122.0,1006.3912353515624,1.0823124156003283,3.145532408020725,0.0937498638335725,4.3492484902596935,-0.983369492477124,0.3045399617600217,1.0355153888892177,-0.6035785196627739,3.47882371336145,1.9749920545649893
64.0,122.0,1003.7677001953124,0.9753379059727132,3.027481911426474,0.8914709442373026,3.6385006360362526,-0.1936568623912141,0.9354252219936228,1.0515023454212475,1.5844169383747184,3.3013099988549235,1.6821957420369034
64.0,122.0,1005.7315063476562,1.5396689441273124,3.0386942734840274,0.0727790596694881,3.99653790662412,-0.2180394714265182,1.1227822176659112,0.9898665587735348,-0.0161734394273001,3.292559616599718,1.7283088665121291
64.0,122.0,1005.9786376953124,1.1755166225902458,3.0139295819900664,-0.2417305383366287,3.616814653335077,-0.2729520402836232,1.8592848557108288,1.1177652924446315,0.1211451494947978,3.912459696901169,2.2316448068592054
64.0,122.0,1004.7403564453124,0.4804166552562906,3.142058809388116,-0.507253232726782,3.78275224637308,-0.5671588827166028,1.1261544357254607,1.4122039073154182,0.5007209311294231,3.503301094810195,1.926829920271378
64.0,122.0,1004.5214233398438,1.3925082887281215,3.065088985864282,-0.1686798461004562,2.4937664364779137,-0.2246521629870259,1.0573601922845028,1.0844478999456344,-0.8866334099558765,3.2654268773896447,1.6563374701400866
64.0,122.0,1006.101806640625,1.5145614614356997,2.994643314133276,-0.4385238738008652,2.6498988515969346,-0.2204737755628775,1.1219320992016055,0.99350013477897,-0.0190371027451072,3.134156782158529,1.6797391789481235
64.0,122.0,1005.6001586914062,0.1781387739601991,2.8222566258346973,-1.2784227836424644,2.158820161725356,-1.3598118191510389,1.8033214309254848,1.4312019484559402,0.0812233307260337,2.5723035292130967,1.5728984824109573
64.0,122.0,1005.8743896484376,0.0594998054986024,2.4736092679713666,-0.1808303602303297,1.535912543515276,-0.2128728184311272,0.8096079746393341,0.1778975985534896,-0.0199302804665875,3.321000599716123,2.4317144383963893
64.0,122.0,1005.768310546875,1.5999854791936896,2.9805356758612893,-0.224463190705871,3.807145392204087,-0.3379384159359995,1.0087144864956603,0.8161970981207121,-0.0299745068515237,3.525817858828421,1.6851147134922917
64.0,123.0,1004.6443481445312,0.6900176227674764,3.063074350782302,-0.3302721781170479,3.0126561550720083,-0.1976159951512532,1.5970259768578052,1.2511792713171723,-0.0167520924344081,3.4265898532482377,1.5636003792452855
64.0,123.0,1007.3576049804688,0.9212569846597908,3.06139855165662,-0.1317967257900236,3.542737248419205,-1.233962615803387,1.2850703011185782,1.0033974406470525,-0.023572540304738,3.640052147588491,1.601728056724547
64.0,123.0,1006.1292724609376,0.8825330645131402,3.064174342687368,-0.2362635771631851,3.582316996030628,-0.2074679037536006,0.9559810891053128,1.0531749231574068,-0.0434490340044395,3.286294651604756,2.3253331241426074
64.0,123.0,1005.7072143554688,1.6491448804843336,2.9104453120023,-0.2376035463302053,3.615676320374159,-0.5459213406507523,1.0802436756395946,1.0229389087533642,-0.0226071327225542,3.134768809825729,1.4551102740604491
64.0,123.0,1005.2555541992188,-0.5037094802039921,3.707585390221884,-0.3280569768488796,3.321070462527059,0.979043172621886,-0.4155761280008436,0.9565504599200948,0.2951346271246178,3.295787014291044,2.1819067114242974
64.0,123.0,1008.2530517578124,1.5270982961521142,2.378577058659652,-0.1300141971189669,3.4316988602336704,-0.3495752633471561,0.6940326962933131,0.758785861126745,0.0664492484260929,3.002636118435235,0.7040430065820917
64.0,123.0,1006.2119140625,0.4893625390202833,1.7795423029239368,-0.2283334970089545,3.1277989280704825,0.4981169607027755,1.141197769335064,2.5146578201478693,1.975507430672696,4.311031517865723,2.0922100116751228
64.0,123.0,1005.1494140625,1.4267671879387,2.82151791963309,-0.2050135975394147,3.599402345635524,-0.212234014229664,1.0699343377498252,1.054124327480299,-0.0348381047181509,3.2384919490320403,1.683330061310487
64.0,123.0,1006.1808471679688,1.5044895019604971,4.37353118641234,-0.1123117642728705,3.278240110355435,-0.2710004059046436,1.206590297347884,1.0726861605494895,-0.7094813345437163,3.301103040810469,1.658737095350794
64.0,123.0,1004.5355224609376,-0.2067583177486083,2.156645823399848,1.1237471826284795,3.780946817479548,-0.5114493991580722,1.3470285072754011,1.5426076556614716,0.9251629364195506,3.6326501297850458,1.193605314089168
64.0,123.0,1005.1493530273438,0.5735184706036716,3.028423329307017,0.2644622216036731,2.659398374348958,0.2306337810705419,1.0125999917583286,1.1341537852403114,0.5087035841895886,3.226086612326376,1.548830647479367
64.0,123.0,1004.7785034179688,0.6991135168312739,2.894738252833397,-0.2188575842976097,3.4645647397683965,-0.2438181442738039,1.0991670823590096,0.687295206439572,1.314428712403647,3.3101250531130244,1.6781756112361752
64.0,123.0,1006.7550048828124,1.7724945126995004,3.0703987008149776,0.1826723068202544,3.2010081142690723,-0.121466419569273,1.2303004122357388,1.0661233202080411,-0.0710318298801985,3.2991645041737008,1.720742171507914
64.0,123.0,1005.6038818359376,1.308516753266523,2.1752865939900867,0.1815601508968082,4.19439705578338,-0.2059303139175663,1.0777198568117343,1.0908442654933863,0.2003939982353898,2.6281803945220314,1.684505779710975
64.0,123.0,1005.079833984375,0.8078773908434,3.0635542735379326,-0.2222773718837908,3.644619233544741,-0.0438507735814526,1.4232936018416082,0.7302359461628485,0.463335757005806,3.131559441489576,1.6311643300045815
64.0,123.0,1006.5872802734376,0.2656690085363156,2.8994275720441487,-0.0359203097652873,2.439288483665521,-0.403613583524778,2.160790506390417,1.4511060060394816,0.484404972217794,3.372222679109396,2.807072668682597
64.0,123.0,1005.7649536132812,0.2825466944237913,3.223371955913502,-1.130107795435179,3.475165291581171,-1.048330892200188,0.6773142097574366,1.7224453178602437,-0.0116344510771347,2.978858171781275,1.664112733334867
64.0,123.0,1003.8233642578124,1.028523366259821,3.0628461474330293,-0.3204188298828894,3.0167776901382988,0.2647472536681213,1.306874930918926,0.9514498344110252,-0.5399432597472117,3.348110656193866,0.8965220619264871
64.0,123.0,1006.2741088867188,1.643031542836416,3.606370926934152,-0.6934784640503268,3.544777025413626,-0.1168117638030309,0.939111865717292,1.235370936060419,0.8014975999324441,3.270795648100955,1.6707495569788469
64.0,123.0,1005.4580688476562,1.714830991173177,3.0751933772525515,-0.3198873779630757,3.0600901733655563,-0.3336865919117254,1.041410814400998,0.9802931378106874,-0.0717430790773777,3.30035801474969,1.62578042127942
64.0,123.0,1006.1286010742188,1.5630251164579407,3.034072154337606,-0.2144607478813976,3.3747890166807086,-0.1840946200972616,1.0834848120091078,1.505132191142844,0.0986427251527393,3.2971237436003165,1.6407078622033984
64.0,123.0,1004.8368530273438,-0.0192859539180938,3.1458012448024646,-0.4052589456220559,3.5837623621294377,-0.4446218579421889,1.004306573519272,1.0674916208430016,-0.1473208806064043,4.659302750457305,1.266183010783346
64.0,123.0,1005.0035400390624,1.488088734200528,3.2964916798764268,-0.081613556681665,3.4931910742310563,-0.4795947022471148,1.19443031097595,1.5983254058784726,0.3030366300005376,3.1093375136026897,1.3517079212642986
64.0,123.0,1005.59716796875,0.8422960777773174,3.0348209215701183,-0.2311176520887816,3.530445462000517,0.731073415144617,1.0838871087870037,1.0526527931079228,-0.2789778063184201,3.525442996103043,1.9314441196361605
64.0,123.0,1005.1682739257812,0.4758226699530498,2.725912301651685,-0.0230184400084026,3.5041163169939864,-0.2839688026094656,0.98246182909671,0.7814411067738086,0.0567855685067581,3.2908997596538847,1.3640380101297185
64.0,123.0,1006.4464721679688,1.5809811609032556,2.973684344508984,-0.2520182689694079,3.5675059166760548,-0.2077706524501733,0.9768099904424354,1.0682780433964296,-0.0034129855540246,3.316314287362724,1.5148379811241202
64.0,123.0,1005.4376220703124,1.4939369051591875,3.208578143175042,-0.0838875551827738,3.6527902052474297,-0.0677512366808728,2.1295316682877434,1.0280783661595605,-0.0117743859456704,3.334761595860714,1.7120512362595308
64.0,123.0,1005.9476318359376,0.0416259073064684,3.056620648095169,0.9059087932371556,3.541676985417584,-0.4558259587305865,-0.3150494321593007,1.05123482986649,-0.0994281152615595,3.238383279985208,1.6565234082160285
64.0,123.0,1006.3308715820312,1.535959406806901,3.012881012953959,-0.1663306996994601,3.5850778383914594,-0.2867194392540477,1.0486903470382465,1.1491035130694829,-0.0172823082687018,3.5717012420075,1.522958118209904
64.0,123.0,1005.1908569335938,1.1023887204012748,3.2341476803645643,-0.201467270177571,2.4973480581935963,-0.1713493341169948,1.0827305179708886,1.376827834472508,0.3857767790946929,3.6663823370834,1.765177587675498
64.0,123.0,1003.884033203125,1.1425112649696187,3.065090117718845,0.592860107788608,2.8071972518327133,0.2549808842303713,0.7688590957311772,1.1434486482266086,0.1774592781213724,3.2904317271738885,1.6652367097735672
64.0,123.0,1004.8756713867188,1.803103039357084,3.04969122379482,-0.2380855070972431,3.544222673085715,-0.3675432124331079,1.0049334701620785,1.0915745130618049,-0.0166428366782459,3.286393579044508,1.7128181502425668
64.0,123.0,1005.5949096679688,1.065741447403239,3.566321993171797,-0.1722097588879127,3.335195644635442,0.4153135222526197,1.6432684793938577,1.2308026718224587,0.3065238812510272,3.32453208933479,1.4181087479272612
64.0,123.0,1005.1708984375,1.5387374172758588,3.0630905424895096,-0.2761169812147975,3.539551483750204,-0.0710913967583387,1.0864629386437223,1.0432566156141505,0.0406253156605319,3.3703392304127733,1.6847979903288934
64.0,123.0,1004.3433227539062,1.5246637626108075,2.588764633984187,-0.2247483509817702,3.541791433209113,-0.2094105942329443,0.0900981966808316,1.4472220790014578,0.3634141441016041,3.275517642189521,1.677631713184814
64.0,123.0,1006.3489990234376,1.5514520891483368,3.057318420357167,-0.2631982522786442,3.525985729806991,-0.211421577591669,1.0871765917978395,1.0592099546980789,-0.0142462550174791,2.96232874565588,1.5743383689854655
64.0,123.0,1005.1350708007812,0.1661038185710084,2.5390123143543657,2.0774916054569346,1.835614257140512,-1.5735118140693944,0.0393769710875324,1.5364656260845004,0.9512514490147672,2.833057723425437,1.6722709438483858
64.0,123.0,1006.7476806640624,1.3783292661069166,2.227281756843792,0.7486796121921748,2.3676098445669496,-0.4352187250238886,0.1295667694666509,1.2582478032152908,0.9678886220425788,1.546052822985894,1.7088008776725607
64.0,123.0,1003.6841430664062,1.5264166200797986,3.063097861613356,-0.215819897253269,3.5490497273888275,-0.2048867388282806,1.0826619122252867,1.0511392207255632,-0.0170243374408754,3.2973942147249127,1.6821927523441609
64.0,123.0,1005.0227661132812,1.1090167985935704,3.054929262949412,0.2138404591139139,3.3785257770175283,-0.2062982807170551,0.6081492878130935,1.0163426512361524,-0.0348229360837541,3.2931519023315508,1.7331119502206431
64.0,123.0,1006.3912353515624,1.0823124156003283,3.145532408020725,0.0937498638335725,4.3492484902596935,-0.983369492477124,0.3045399617600217,1.0355153888892177,-0.6035785196627739,3.47882371336145,1.9749920545649893
64.0,123.0,1003.7677001953124,0.9753379059727132,3.027481911426474,0.8914709442373026,3.6385006360362526,-0.1936568623912141,0.9354252219936228,1.0515023454212475,1.5844169383747184,3.3013099988549235,1.6821957420369034
64.0,123.0,1005.7315063476562,1.5396689441273124,3.0386942734840274,0.0727790596694881,3.99653790662412,-0.2180394714265182,1.1227822176659112,0.9898665587735348,-0.0161734394273001,3.292559616599718,1.7283088665121291
64.0,123.0,1005.9786376953124,1.1755166225902458,3.0139295819900664,-0.2417305383366287,3.616814653335077,-0.2729520402836232,1.8592848557108288,1.1177652924446315,0.1211451494947978,3.912459696901169,2.2316448068592054
64.0,123.0,1004.7403564453124,0.4804166552562906,3.142058809388116,-0.507253232726782,3.78275224637308,-0.5671588827166028,1.1261544357254607,1.4122039073154182,0.5007209311294231,3.503301094810195,1.926829920271378
64.0,123.0,1004.5214233398438,1.3925082887281215,3.065088985864282,-0.1686798461004562,2.4937664364779137,-0.2246521629870259,1.0573601922845028,1.0844478999456344,-0.8866334099558765,3.2654268773896447,1.6563374701400866
64.0,123.0,1006.101806640625,1.5145614614356997,2.994643314133276,-0.4385238738008652,2.6498988515969346,-0.2204737755628775,1.1219320992016055,0.99350013477897,-0.0190371027451072,3.134156782158529,1.6797391789481235
64.0,123.0,1005.6001586914062,0.1781387739601991,2.8222566258346973,-1.2784227836424644,2.158820161725356,-1.3598118191510389,1.8033214309254848,1.4312019484559402,0.0812233307260337,2.5723035292130967,1.5728984824109573
64.0,123.0,1005.8743896484376,0.0594998054986024,2.4736092679713666,-0.1808303602303297,1.535912543515276,-0.2128728184311272,0.8096079746393341,0.1778975985534896,-0.0199302804665875,3.321000599716123,2.4317144383963893
64.0,123.0,1005.768310546875,1.5999854791936896,2.9805356758612893,-0.224463190705871,3.807145392204087,-0.3379384159359995,1.0087144864956603,0.8161970981207121,-0.0299745068515237,3.525817858828421,1.6851147134922917
64.0,124.0,1004.6443481445312,0.6900176227674764,3.063074350782302,-0.3302721781170479,3.0126561550720083,-0.1976159951512532,1.5970259768578052,1.2511792713171723,-0.0167520924344081,3.4265898532482377,1.5636003792452855
64.0,124.0,1007.3576049804688,0.9212569846597908,3.06139855165662,-0.1317967257900236,3.542737248419205,-1.233962615803387,1.2850703011185782,1.0033974406470525,-0.023572540304738,3.640052147588491,1.601728056724547
64.0,124.0,1006.1292724609376,0.8825330645131402,3.064174342687368,-0.2362635771631851,3.582316996030628,-0.2074679037536006,0.9559810891053128,1.0531749231574068,-0.0434490340044395,3.286294651604756,2.3253331241426074
64.0,124.0,1005.7072143554688,1.6491448804843336,2.9104453120023,-0.2376035463302053,3.615676320374159,-0.5459213406507523,1.0802436756395946,1.0229389087533642,-0.0226071327225542,3.134768809825729,1.4551102740604491
64.0,124.0,1005.2555541992188,-0.5037094802039921,3.707585390221884,-0.3280569768488796,3.321070462527059,0.979043172621886,-0.4155761280008436,0.9565504599200948,0.2951346271246178,3.295787014291044,2.1819067114242974
64.0,124.0,1008.2530517578124,1.5270982961521142,2.378577058659652,-0.1300141971189669,3.4316988602336704,-0.3495752633471561,0.6940326962933131,0.758785861126745,0.0664492484260929,3.002636118435235,0.7040430065820917
64.0,124.0,1006.2119140625,0.4893625390202833,1.7795423029239368,-0.2283334970089545,3.1277989280704825,0.4981169607027755,1.141197769335064,2.5146578201478693,1.975507430672696,4.311031517865723,2.0922100116751228
64.0,124.0,1005.1494140625,1.4267671879387,2.82151791963309,-0.2050135975394147,3.599402345635524,-0.212234014229664,1.0699343377498252,1.054124327480299,-0.0348381047181509,3.2384919490320403,1.683330061310487
64.0,124.0,1006.1808471679688,1.5044895019604971,4.37353118641234,-0.1123117642728705,3.278240110355435,-0.2710004059046436,1.206590297347884,1.0726861605494895,-0.7094813345437163,3.301103040810469,1.658737095350794
64.0,124.0,1004.5355224609376,-0.2067583177486083,2.156645823399848,1.1237471826284795,3.780946817479548,-0.5114493991580722,1.3470285072754011,1.5426076556614716,0.9251629364195506,3.6326501297850458,1.193605314089168
64.0,124.0,1005.1493530273438,0.5735184706036716,3.028423329307017,0.2644622216036731,2.659398374348958,0.2306337810705419,1.0125999917583286,1.1341537852403114,0.5087035841895886,3.226086612326376,1.548830647479367
64.0,124.0,1004.7785034179688,0.6991135168312739,2.894738252833397,-0.2188575842976097,3.4645647397683965,-0.2438181442738039,1.0991670823590096,0.687295206439572,1.314428712403647,3.3101250531130244,1.6781756112361752
64.0,124.0,1006.7550048828124,1.7724945126995004,3.0703987008149776,0.1826723068202544,3.2010081142690723,-0.121466419569273,1.2303004122357388,1.0661233202080411,-0.0710318298801985,3.2991645041737008,1.720742171507914
64.0,124.0,1005.6038818359376,1.308516753266523,2.1752865939900867,0.1815601508968082,4.19439705578338,-0.2059303139175663,1.0777198568117343,1.0908442654933863,0.2003939982353898,2.6281803945220314,1.684505779710975
64.0,124.0,1005.079833984375,0.8078773908434,3.0635542735379326,-0.2222773718837908,3.644619233544741,-0.0438507735814526,1.4232936018416082,0.7302359461628485,0.463335757005806,3.131559441489576,1.6311643300045815
64.0,124.0,1006.5872802734376,0.2656690085363156,2.8994275720441487,-0.0359203097652873,2.439288483665521,-0.403613583524778,2.160790506390417,1.4511060060394816,0.484404972217794,3.372222679109396,2.807072668682597
64.0,124.0,1005.7649536132812,0.2825466944237913,3.223371955913502,-1.130107795435179,3.475165291581171,-1.048330892200188,0.6773142097574366,1.7224453178602437,-0.0116344510771347,2.978858171781275,1.664112733334867
64.0,124.0,1003.8233642578124,1.028523366259821,3.0628461474330293,-0.3204188298828894,3.0167776901382988,0.2647472536681213,1.306874930918926,0.9514498344110252,-0.5399432597472117,3.348110656193866,0.8965220619264871
64.0,124.0,1006.2741088867188,1.643031542836416,3.606370926934152,-0.6934784640503268,3.544777025413626,-0.1168117638030309,0.939111865717292,1.235370936060419,0.8014975999324441,3.270795648100955,1.6707495569788469
64.0,124.0,1005.4580688476562,1.714830991173177,3.0751933772525515,-0.3198873779630757,3.0600901733655563,-0.3336865919117254,1.041410814400998,0.9802931378106874,-0.0717430790773777,3.30035801474969,1.62578042127942
64.0,124.0,1006.1286010742188,1.5630251164579407,3.034072154337606,-0.2144607478813976,3.3747890166807086,-0.1840946200972616,1.0834848120091078,1.505132191142844,0.0986427251527393,3.2971237436003165,1.6407078622033984
64.0,124.0,1004.8368530273438,-0.0192859539180938,3.1458012448024646,-0.4052589456220559,3.5837623621294377,-0.4446218579421889,1.004306573519272,1.0674916208430016,-0.1473208806064043,4.659302750457305,1.266183010783346
64.0,124.0,1005.0035400390624,1.488088734200528,3.2964916798764268,-0.081613556681665,3.4931910742310563,-0.4795947022471148,1.19443031097595,1.5983254058784726,0.3030366300005376,3.1093375136026897,1.3517079212642986
64.0,124.0,1005.59716796875,0.8422960777773174,3.0348209215701183,-0.2311176520887816,3.530445462000517,0.731073415144617,1.0838871087870037,1.0526527931079228,-0.2789778063184201,3.525442996103043,1.9314441196361605
64.0,124.0,1005.1682739257812,0.4758226699530498,2.725912301651685,-0.0230184400084026,3.5041163169939864,-0.2839688026094656,0.98246182909671,0.7814411067738086,0.0567855685067581,3.2908997596538847,1.3640380101297185
64.0,124.0,1006.4464721679688,1.5809811609032556,2.973684344508984,-0.2520182689694079,3.5675059166760548,-0.2077706524501733,0.9768099904424354,1.0682780433964296,-0.0034129855540246,3.316314287362724,1.5148379811241202
64.0,124.0,1005.4376220703124,1.4939369051591875,3.208578143175042,-0.0838875551827738,3.6527902052474297,-0.0677512366808728,2.1295316682877434,1.0280783661595605,-0.0117743859456704,3.334761595860714,1.7120512362595308
64.0,124.0,1005.9476318359376,0.0416259073064684,3.056620648095169,0.9059087932371556,3.541676985417584,-0.4558259587305865,-0.3150494321593007,1.05123482986649,-0.0994281152615595,3.238383279985208,1.6565234082160285
64.0,124.0,1006.3308715820312,1.535959406806901,3.012881012953959,-0.1663306996994601,3.5850778383914594,-0.2867194392540477,1.0486903470382465,1.1491035130694829,-0.0172823082687018,3.5717012420075,1.522958118209904
64.0,124.0,1005.1908569335938,1.1023887204012748,3.2341476803645643,-0.201467270177571,2.4973480581935963,-0.1713493341169948,1.0827305179708886,1.376827834472508,0.3857767790946929,3.6663823370834,1.765177587675498
64.0,124.0,1003.884033203125,1.1425112649696187,3.065090117718845,0.592860107788608,2.8071972518327133,0.2549808842303713,0.7688590957311772,1.1434486482266086,0.1774592781213724,3.2904317271738885,1.6652367097735672
64.0,124.0,1004.8756713867188,1.803103039357084,3.04969122379482,-0.2380855070972431,3.544222673085715,-0.3675432124331079,1.0049334701620785,1.0915745130618049,-0.0166428366782459,3.286393579044508,1.7128181502425668
64.0,124.0,1005.5949096679688,1.065741447403239,3.566321993171797,-0.1722097588879127,3.335195644635442,0.4153135222526197,1.6432684793938577,1.2308026718224587,0.3065238812510272,3.32453208933479,1.4181087479272612
64.0,124.0,1005.1708984375,1.5387374172758588,3.0630905424895096,-0.2761169812147975,3.539551483750204,-0.0710913967583387,1.0864629386437223,1.0432566156141505,0.0406253156605319,3.3703392304127733,1.6847979903288934
64.0,124.0,1004.3433227539062,1.5246637626108075,2.588764633984187,-0.2247483509817702,3.541791433209113,-0.2094105942329443,0.0900981966808316,1.4472220790014578,0.3634141441016041,3.275517642189521,1.677631713184814
64.0,124.0,1006.3489990234376,1.5514520891483368,3.057318420357167,-0.2631982522786442,3.525985729806991,-0.211421577591669,1.0871765917978395,1.0592099546980789,-0.0142462550174791,2.96232874565588,1.5743383689854655
64.0,124.0,1005.1350708007812,0.1661038185710084,2.5390123143543657,2.0774916054569346,1.835614257140512,-1.5735118140693944,0.0393769710875324,1.5364656260845004,0.9512514490147672,2.833057723425437,1.6722709438483858
64.0,124.0,1006.7476806640624,1.3783292661069166,2.227281756843792,0.7486796121921748,2.3676098445669496,-0.4352187250238886,0.1295667694666509,1.2582478032152908,0.9678886220425788,1.546052822985894,1.7088008776725607
64.0,124.0,1003.6841430664062,1.5264166200797986,3.063097861613356,-0.215819897253269,3.5490497273888275,-0.2048867388282806,1.0826619122252867,1.0511392207255632,-0.0170243374408754,3.2973942147249127,1.6821927523441609
64.0,124.0,1005.0227661132812,1.1090167985935704,3.054929262949412,0.2138404591139139,3.3785257770175283,-0.2062982807170551,0.6081492878130935,1.0163426512361524,-0.0348229360837541,3.2931519023315508,1.7331119502206431
64.0,124.0,1006.3912353515624,1.0823124156003283,3.145532408020725,0.0937498638335725,4.3492484902596935,-0.983369492477124,0.3045399617600217,1.0355153888892177,-0.6035785196627739,3.47882371336145,1.9749920545649893
64.0,124.0,1003.7677001953124,0.9753379059727132,3.027481911426474,0.8914709442373026,3.6385006360362526,-0.1936568623912141,0.9354252219936228,1.0515023454212475,1.5844169383747184,3.3013099988549235,1.6821957420369034
64.0,124.0,1005.7315063476562,1.5396689441273124,3.0386942734840274,0.0727790596694881,3.99653790662412,-0.2180394714265182,1.1227822176659112,0.9898665587735348,-0.0161734394273001,3.292559616599718,1.7283088665121291
64.0,124.0,1005.9786376953124,1.1755166225902458,3.0139295819900664,-0.2417305383366287,3.616814653335077,-0.2729520402836232,1.8592848557108288,1.1177652924446315,0.1211451494947978,3.912459696901169,2.2316448068592054
64.0,124.0,1004.7403564453124,0.4804166552562906,3.142058809388116,-0.507253232726782,3.78275224637308,-0.5671588827166028,1.1261544357254607,1.4122039073154182,0.5007209311294231,3.503301094810195,1.926829920271378
64.0,124.0,1004.5214233398438,1.3925082887281215,3.065088985864282,-0.1686798461004562,2.4937664364779137,-0.2246521629870259,1.0573601922845028,1.0844478999456344,-0.8866334099558765,3.2654268773896447,1.6563374701400866
64.0,124.0,1006.101806640625,1.5145614614356997,2.994643314133276,-0.4385238738008652,2.6498988515969346,-0.2204737755628775,1.1219320992016055,0.99350013477897,-0.0190371027451072,3.134156782158529,1.6797391789481235
64.0,124.0,1005.6001586914062,0.1781387739601991,2.8222566258346973,-1.2784227836424644,2.158820161725356,-1.3598118191510389,1.8033214309254848,1.4312019484559402,0.0812233307260337,2.5723035292130967,1.5728984824109573
64.0,124.0,1005.8743896484376,0.0594998054986024,2.4736092679713666,-0.1808303602303297,1.535912543515276,-0.2128728184311272,0.8096079746393341,0.1778975985534896,-0.0199302804665875,3.321000599716123,2.4317144383963893
64.0,124.0,1005.768310546875,1.5999854791936896,2.9805356758612893,-0.224463190705871,3.807145392204087,-0.3379384159359995,1.0087144864956603,0.8161970981207121,-0.0299745068515237,3.525817858828421,1.6851147134922917
64.0,125.0,1004.6443481445312,0.6900176227674764,3.063074350782302,-0.3302721781170479,3.0126561550720083,-0.1976159951512532,1.5970259768578052,1.2511792713171723,-0.0167520924344081,3.4265898532482377,1.5636003792452855
64.0,125.0,1007.3576049804688,0.9212569846597908,3.06139855165662,-0.1317967257900236,3.542737248419205,-1.233962615803387,1.2850703011185782,1.0033974406470525,-0.023572540304738,3.640052147588491,1.601728056724547
64.0,125.0,1006.1292724609376,0.8825330645131402,3.064174342687368,-0.2362635771631851,3.582316996030628,-0.2074679037536006,0.9559810891053128,1.0531749231574068,-0.0434490340044395,3.286294651604756,2.3253331241426074
64.0,125.0,1005.7072143554688,1.6491448804843336,2.9104453120023,-0.2376035463302053,3.615676320374159,-0.5459213406507523,1.0802436756395946,1.0229389087533642,-0.0226071327225542,3.134768809825729,1.4551102740604491
64.0,125.0,1005.2555541992188,-0.5037094802039921,3.707585390221884,-0.3280569768488796,3.321070462527059,0.979043172621886,-0.4155761280008436,0.9565504599200948,0.2951346271246178,3.295787014291044,2.1819067114242974
64.0,125.0,1008.2530517578124,1.5270982961521142,2.378577058659652,-0.1300141971189669,3.4316988602336704,-0.3495752633471561,0.6940326962933131,0.758785861126745,0.0664492484260929,3.002636118435235,0.7040430065820917
64.0,125.0,1006.2119140625,0.4893625390202833,1.7795423029239368,-0.2283334970089545,3.1277989280704825,0.4981169607027755,1.141197769335064,2.5146578201478693,1.975507430672696,4.311031517865723,2.0922100116751228
64.0,125.0,1005.1494140625,1.4267671879387,2.82151791963309,-0.2050135975394147,3.599402345635524,-0.212234014229664,1.0699343377498252,1.054124327480299,-0.0348381047181509,3.2384919490320403,1.683330061310487
64.0,125.0,1006.1808471679688,1.5044895019604971,4.37353118641234,-0.1123117642728705,3.278240110355435,-0.2710004059046436,1.206590297347884,1.0726861605494895,-0.7094813345437163,3.301103040810469,1.658737095350794
64.0,125.0,1004.5355224609376,-0.2067583177486083,2.156645823399848,1.1237471826284795,3.780946817479548,-0.5114493991580722,1.3470285072754011,1.5426076556614716,0.9251629364195506,3.6326501297850458,1.193605314089168
64.0,125.0,1005.1493530273438,0.5735184706036716,3.028423329307017,0.2644622216036731,2.659398374348958,0.2306337810705419,1.0125999917583286,1.1341537852403114,0.5087035841895886,3.226086612326376,1.548830647479367
64.0,125.0,1004.7785034179688,0.6991135168312739,2.894738252833397,-0.2188575842976097,3.4645647397683965,-0.2438181442738039,1.0991670823590096,0.687295206439572,1.314428712403647,3.3101250531130244,1.6781756112361752
64.0,125.0,1006.7550048828124,1.7724945126995004,3.0703987008149776,0.1826723068202544,3.2010081142690723,-0.121466419569273,1.2303004122357388,1.0661233202080411,-0.0710318298801985,3.2991645041737008,1.720742171507914
64.0,125.0,1005.6038818359376,1.308516753266523,2.1752865939900867,0.1815601508968082,4.19439705578338,-0.2059303139175663,1.0777198568117343,1.0908442654933863,0.2003939982353898,2.6281803945220314,1.684505779710975
64.0,125.0,1005.079833984375,0.8078773908434,3.0635542735379326,-0.2222773718837908,3.644619233544741,-0.0438507735814526,1.4232936018416082,0.7302359461628485,0.463335757005806,3.131559441489576,1.6311643300045815
64.0,125.0,1006.5872802734376,0.2656690085363156,2.8994275720441487,-0.0359203097652873,2.439288483665521,-0.403613583524778,2.160790506390417,1.4511060060394816,0.484404972217794,3.372222679109396,2.807072668682597
64.0,125.0,1005.7649536132812,0.2825466944237913,3.223371955913502,-1.130107795435179,3.475165291581171,-1.048330892200188,0.6773142097574366,1.7224453178602437,-0.0116344510771347,2.978858171781275,1.664112733334867
64.0,125.0,1003.8233642578124,1.028523366259821,3.0628461474330293,-0.3204188298828894,3.0167776901382988,0.2647472536681213,1.306874930918926,0.9514498344110252,-0.5399432597472117,3.348110656193866,0.8965220619264871
64.0,125.0,1006.2741088867188,1.643031542836416,3.606370926934152,-0.6934784640503268,3.544777025413626,-0.1168117638030309,0.939111865717292,1.235370936060419,0.8014975999324441,3.270795648100955,1.6707495569788469
64.0,125.0,1005.4580688476562,1.714830991173177,3.0751933772525515,-0.3198873779630757,3.0600901733655563,-0.3336865919117254,1.041410814400998,0.9802931378106874,-0.0717430790773777,3.30035801474969,1.62578042127942
64.0,125.0,1006.1286010742188,1.5630251164579407,3.034072154337606,-0.2144607478813976,3.3747890166807086,-0.1840946200972616,1.0834848120091078,1.505132191142844,0.0986427251527393,3.2971237436003165,1.6407078622033984
64.0,125.0,1004.8368530273438,-0.0192859539180938,3.1458012448024646,-0.4052589456220559,3.5837623621294377,-0.4446218579421889,1.004306573519272,1.0674916208430016,-0.1473208806064043,4.659302750457305,1.266183010783346
64.0,125.0,1005.0035400390624,1.488088734200528,3.2964916798764268,-0.081613556681665,3.4931910742310563,-0.4795947022471148,1.19443031097595,1.5983254058784726,0.3030366300005376,3.1093375136026897,1.3517079212642986
64.0,125.0,1005.59716796875,0.8422960777773174,3.0348209215701183,-0.2311176520887816,3.530445462000517,0.731073415144617,1.0838871087870037,1.0526527931079228,-0.2789778063184201,3.525442996103043,1.9314441196361605
64.0,125.0,1005.1682739257812,0.4758226699530498,2.725912301651685,-0.0230184400084026,3.5041163169939864,-0.2839688026094656,0.98246182909671,0.7814411067738086,0.0567855685067581,3.2908997596538847,1.3640380101297185
64.0,125.0,1006.4464721679688,1.5809811609032556,2.973684344508984,-0.2520182689694079,3.5675059166760548,-0.2077706524501733,0.9768099904424354,1.0682780433964296,-0.0034129855540246,3.316314287362724,1.5148379811241202
64.0,125.0,1005.4376220703124,1.4939369051591875,3.208578143175042,-0.0838875551827738,3.6527902052474297,-0.0677512366808728,2.1295316682877434,1.0280783661595605,-0.0117743859456704,3.334761595860714,1.7120512362595308
64.0,125.0,1005.9476318359376,0.0416259073064684,3.056620648095169,0.9059087932371556,3.541676985417584,-0.4558259587305865,-0.3150494321593007,1.05123482986649,-0.0994281152615595,3.238383279985208,1.6565234082160285
64.0,125.0,1006.3308715820312,1.535959406806901,3.012881012953959,-0.1663306996994601,3.5850778383914594,-0.2867194392540477,1.0486903470382465,1.1491035130694829,-0.0172823082687018,3.5717012420075,1.522958118209904
64.0,125.0,1005.1908569335938,1.1023887204012748,3.2341476803645643,-0.201467270177571,2.4973480581935963,-0.1713493341169948,1.0827305179708886,1.376827834472508,0.3857767790946929,3.6663823370834,1.765177587675498
64.0,125.0,1003.884033203125,1.1425112649696187,3.065090117718845,0.592860107788608,2.8071972518327133,0.2549808842303713,0.7688590957311772,1.1434486482266086,0.1774592781213724,3.2904317271738885,1.6652367097735672
64.0,125.0,1004.8756713867188,1.803103039357084,3.04969122379482,-0.2380855070972431,3.544222673085715,-0.3675432124331079,1.0049334701620785,1.0915745130618049,-0.0166428366782459,3.286393579044508,1.7128181502425668
64.0,125.0,1005.5949096679688,1.065741447403239,3.566321993171797,-0.1722097588879127,3.335195644635442,0.4153135222526197,1.6432684793938577,1.2308026718224587,0.3065238812510272,3.32453208933479,1.4181087479272612
64.0,125.0,1005.1708984375,1.5387374172758588,3.0630905424895096,-0.2761169812147975,3.539551483750204,-0.0710913967583387,1.0864629386437223,1.0432566156141505,0.0406253156605319,3.3703392304127733,1.6847979903288934
64.0,125.0,1004.3433227539062,1.5246637626108075,2.588764633984187,-0.2247483509817702,3.541791433209113,-0.2094105942329443,0.0900981966808316,1.4472220790014578,0.3634141441016041,3.275517642189521,1.677631713184814
64.0,125.0,1006.3489990234376,1.5514520891483368,3.057318420357167,-0.2631982522786442,3.525985729806991,-0.211421577591669,1.0871765917978395,1.0592099546980789,-0.0142462550174791,2.96232874565588,1.5743383689854655
64.0,125.0,1005.1350708007812,0.1661038185710084,2.5390123143543657,2.0774916054569346,1.835614257140512,-1.5735118140693944,0.0393769710875324,1.5364656260845004,0.9512514490147672,2.833057723425437,1.6722709438483858
64.0,125.0,1006.7476806640624,1.3783292661069166,2.227281756843792,0.7486796121921748,2.3676098445669496,-0.4352187250238886,0.1295667694666509,1.2582478032152908,0.9678886220425788,1.546052822985894,1.7088008776725607
64.0,125.0,1003.6841430664062,1.5264166200797986,3.063097861613356,-0.215819897253269,3.5490497273888275,-0.2048867388282806,1.0826619122252867,1.0511392207255632,-0.0170243374408754,3.2973942147249127,1.6821927523441609
64.0,125.0,1005.0227661132812,1.1090167985935704,3.054929262949412,0.2138404591139139,3.3785257770175283,-0.2062982807170551,0.6081492878130935,1.0163426512361524,-0.0348229360837541,3.2931519023315508,1.7331119502206431
64.0,125.0,1006.3912353515624,1.0823124156003283,3.145532408020725,0.0937498638335725,4.3492484902596935,-0.983369492477124,0.3045399617600217,1.0355153888892177,-0.6035785196627739,3.47882371336145,1.9749920545649893
64.0,125.0,1003.7677001953124,0.9753379059727132,3.027481911426474,0.8914709442373026,3.6385006360362526,-0.1936568623912141,0.9354252219936228,1.0515023454212475,1.5844169383747184,3.3013099988549235,1.6821957420369034
64.0,125.0,1005.7315063476562,1.5396689441273124,3.0386942734840274,0.0727790596694881,3.99653790662412,-0.2180394714265182,1.1227822176659112,0.9898665587735348,-0.0161734394273001,3.292559616599718,1.7283088665121291
64.0,125.0,1005.9786376953124,1.1755166225902458,3.0139295819900664,-0.2417305383366287,3.616814653335077,-0.2729520402836232,1.8592848557108288,1.1177652924446315,0.1211451494947978,3.912459696901169,2.2316448068592054
64.0,125.0,1004.7403564453124,0.4804166552562906,3.142058809388116,-0.507253232726782,3.78275224637308,-0.5671588827166028,1.1261544357254607,1.4122039073154182,0.5007209311294231,3.503301094810195,1.926829920271378
64.0,125.0,1004.5214233398438,1.3925082887281215,3.065088985864282,-0.1686798461004562,2.4937664364779137,-0.2246521629870259,1.0573601922845028,1.0844478999456344,-0.8866334099558765,3.2654268773896447,1.6563374701400866
64.0,125.0,1006.101806640625,1.5145614614356997,2.994643314133276,-0.4385238738008652,2.6498988515969346,-0.2204737755628775,1.1219320992016055,0.99350013477897,-0.0190371027451072,3.134156782158529,1.6797391789481235
64.0,125.0,1005.6001586914062,0.1781387739601991,2.8222566258346973,-1.2784227836424644,2.158820161725356,-1.3598118191510389,1.8033214309254848,1.4312019484559402,0.0812233307260337,2.5723035292130967,1.5728984824109573
64.0,125.0,1005.8743896484376,0.0594998054986024,2.4736092679713666,-0.1808303602303297,1.535912543515276,-0.2128728184311272,0.8096079746393341,0.1778975985534896,-0.0199302804665875,3.321000599716123,2.4317144383963893
64.0,125.0,1005.768310546875,1.5999854791936896,2.9805356758612893,-0.224463190705871,3.807145392204087,-0.3379384159359995,1.0087144864956603,0.8161970981207121,-0.0299745068515237,3.525817858828421,1.6851147134922917
64.0,126.0,1004.6443481445312,0.6900176227674764,3.063074350782302,-0.3302721781170479,3.0126561550720083,-0.1976159951512532,1.5970259768578052,1.2511792713171723,-0.0167520924344081,3.4265898532482377,1.5636003792452855
64.0,126.0,1007.3576049804688,0.9212569846597908,3.06139855165662,-0.1317967257900236,3.542737248419205,-1.233962615803387,1.2850703011185782,1.0033974406470525,-0.023572540304738,3.640052147588491,1.601728056724547
64.0,126.0,1006.1292724609376,0.8825330645131402,3.064174342687368,-0.2362635771631851,3.582316996030628,-0.2074679037536006,0.9559810891053128,1.0531749231574068,-0.0434490340044395,3.286294651604756,2.3253331241426074
64.0,126.0,1005.7072143554688,1.6491448804843336,2.9104453120023,-0.2376035463302053,3.615676320374159,-0.5459213406507523,1.0802436756395946,1.0229389087533642,-0.0226071327225542,3.134768809825729,1.4551102740604491
64.0,126.0,1005.2555541992188,-0.5037094802039921,3.707585390221884,-0.3280569768488796,3.321070462527059,0.979043172621886,-0.4155761280008436,0.9565504599200948,0.2951346271246178,3.295787014291044,2.1819067114242974
64.0,126.0,1008.2530517578124,1.5270982961521142,2.378577058659652,-0.1300141971189669,3.4316988602336704,-0.3495752633471561,0.6940326962933131,0.758785861126745,0.0664492484260929,3.002636118435235,0.7040430065820917
64.0,126.0,1006.2119140625,0.4893625390202833,1.7795423029239368,-0.2283334970089545,3.1277989280704825,0.4981169607027755,1.141197769335064,2.5146578201478693,1.975507430672696,4.311031517865723,2.0922100116751228
64.0,126.0,1005.1494140625,1.4267671879387,2.82151791963309,-0.2050135975394147,3.599402345635524,-0.212234014229664,1.0699343377498252,1.054124327480299,-0.0348381047181509,3.2384919490320403,1.683330061310487
64.0,126.0,1006.1808471679688,1.5044895019604971,4.37353118641234,-0.1123117642728705,3.278240110355435,-0.2710004059046436,1.206590297347884,1.0726861605494895,-0.7094813345437163,3.301103040810469,1.658737095350794
64.0,126.0,1004.5355224609376,-0.2067583177486083,2.156645823399848,1.1237471826284795,3.780946817479548,-0.5114493991580722,1.3470285072754011,1.5426076556614716,0.9251629364195506,3.6326501297850458,1.193605314089168
64.0,126.0,1005.1493530273438,0.5735184706036716,3.028423329307017,0.2644622216036731,2.659398374348958,0.2306337810705419,1.0125999917583286,1.1341537852403114,0.5087035841895886,3.226086612326376,1.548830647479367
64.0,126.0,1004.7785034179688,0.6991135168312739,2.894738252833397,-0.2188575842976097,3.4645647397683965,-0.2438181442738039,1.0991670823590096,0.687295206439572,1.314428712403647,3.3101250531130244,1.6781756112361752
64.0,126.0,1006.7550048828124,1.7724945126995004,3.0703987008149776,0.1826723068202544,3.2010081142690723,-0.121466419569273,1.2303004122357388,1.0661233202080411,-0.0710318298801985,3.2991645041737008,1.720742171507914
64.0,126.0,1005.6038818359376,1.308516753266523,2.1752865939900867,0.1815601508968082,4.19439705578338,-0.2059303139175663,1.0777198568117343,1.0908442654933863,0.2003939982353898,2.6281803945220314,1.684505779710975
64.0,126.0,1005.079833984375,0.8078773908434,3.0635542735379326,-0.2222773718837908,3.644619233544741,-0.0438507735814526,1.4232936018416082,0.7302359461628485,0.463335757005806,3.131559441489576,1.6311643300045815
64.0,126.0,1006.5872802734376,0.2656690085363156,2.8994275720441487,-0.0359203097652873,2.439288483665521,-0.403613583524778,2.160790506390417,1.4511060060394816,0.484404972217794,3.372222679109396,2.807072668682597
64.0,126.0,1005.7649536132812,0.2825466944237913,3.223371955913502,-1.130107795435179,3.475165291581171,-1.048330892200188,0.6773142097574366,1.7224453178602437,-0.0116344510771347,2.978858171781275,1.664112733334867
64.0,126.0,1003.8233642578124,1.028523366259821,3.0628461474330293,-0.3204188298828894,3.0167776901382988,0.2647472536681213,1.306874930918926,0.9514498344110252,-0.5399432597472117,3.348110656193866,0.8965220619264871
64.0,126.0,1006.2741088867188,1.643031542836416,3.606370926934152,-0.6934784640503268,3.544777025413626,-0.1168117638030309,0.939111865717292,1.235370936060419,0.8014975999324441,3.270795648100955,1.6707495569788469
64.0,126.0,1005.4580688476562,1.714830991173177,3.0751933772525515,-0.3198873779630757,3.0600901733655563,-0.3336865919117254,1.041410814400998,0.9802931378106874,-0.0717430790773777,3.30035801474969,1.62578042127942
64.0,126.0,1006.1286010742188,1.5630251164579407,3.034072154337606,-0.2144607478813976,3.3747890166807086,-0.1840946200972616,1.0834848120091078,1.505132191142844,0.0986427251527393,3.2971237436003165,1.6407078622033984
64.0,126.0,1004.8368530273438,-0.0192859539180938,3.1458012448024646,-0.4052589456220559,3.5837623621294377,-0.4446218579421889,1.004306573519272,1.0674916208430016,-0.1473208806064043,4.659302750457305,1.266183010783346
64.0,126.0,1005.0035400390624,1.488088734200528,3.2964916798764268,-0.081613556681665,3.4931910742310563,-0.4795947022471148,1.19443031097595,1.5983254058784726,0.3030366300005376,3.1093375136026897,1.3517079212642986
64.0,126.0,1005.59716796875,0.8422960777773174,3.0348209215701183,-0.2311176520887816,3.530445462000517,0.731073415144617,1.0838871087870037,1.0526527931079228,-0.2789778063184201,3.525442996103043,1.9314441196361605
64.0,126.0,1005.1682739257812,0.4758226699530498,2.725912301651685,-0.0230184400084026,3.5041163169939864,-0.2839688026094656,0.98246182909671,0.7814411067738086,0.0567855685067581,3.2908997596538847,1.3640380101297185
64.0,126.0,1004.932861328125,1.5796322669745138,2.974669102036052,-0.2759972217390695,3.567574034001228,-0.2093543612178015,1.4940440693796724,1.055340177568717,-0.0056815911348413,3.322450316094878,2.2801882162059304
64.0,126.0,1005.4376220703124,1.4939369051591875,3.208578143175042,-0.0838875551827738,3.6527902052474297,-0.0677512366808728,2.1295316682877434,1.0280783661595605,-0.0117743859456704,3.334761595860714,1.7120512362595308
64.0,126.0,1005.9476318359376,0.0416259073064684,3.056620648095169,0.9059087932371556,3.541676985417584,-0.4558259587305865,-0.3150494321593007,1.05123482986649,-0.0994281152615595,3.238383279985208,1.6565234082160285
64.0,126.0,1006.3308715820312,1.535959406806901,3.012881012953959,-0.1663306996994601,3.5850778383914594,-0.2867194392540477,1.0486903470382465,1.1491035130694829,-0.0172823082687018,3.5717012420075,1.522958118209904
64.0,126.0,1005.1908569335938,1.1023887204012748,3.2341476803645643,-0.201467270177571,2.4973480581935963,-0.1713493341169948,1.0827305179708886,1.376827834472508,0.3857767790946929,3.6663823370834,1.765177587675498
64.0,126.0,1003.884033203125,1.1425112649696187,3.065090117718845,0.592860107788608,2.8071972518327133,0.2549808842303713,0.7688590957311772,1.1434486482266086,0.1774592781213724,3.2904317271738885,1.6652367097735672
64.0,126.0,1004.8756713867188,1.803103039357084,3.04969122379482,-0.2380855070972431,3.544222673085715,-0.3675432124331079,1.0049334701620785,1.0915745130618049,-0.0166428366782459,3.286393579044508,1.7128181502425668
64.0,126.0,1005.5949096679688,1.065741447403239,3.566321993171797,-0.1722097588879127,3.335195644635442,0.4153135222526197,1.6432684793938577,1.2308026718224587,0.3065238812510272,3.32453208933479,1.4181087479272612
64.0,126.0,1005.1708984375,1.5387374172758588,3.0630905424895096,-0.2761169812147975,3.539551483750204,-0.0710913967583387,1.0864629386437223,1.0432566156141505,0.0406253156605319,3.3703392304127733,1.6847979903288934
64.0,126.0,1004.3433227539062,1.5246637626108075,2.588764633984187,-0.2247483509817702,3.541791433209113,-0.2094105942329443,0.0900981966808316,1.4472220790014578,0.3634141441016041,3.275517642189521,1.677631713184814
64.0,126.0,1006.3489990234376,1.5514520891483368,3.057318420357167,-0.2631982522786442,3.525985729806991,-0.211421577591669,1.0871765917978395,1.0592099546980789,-0.0142462550174791,2.96232874565588,1.5743383689854655
64.0,126.0,1005.1350708007812,0.1661038185710084,2.5390123143543657,2.0774916054569346,1.835614257140512,-1.5735118140693944,0.0393769710875324,1.5364656260845004,0.9512514490147672,2.833057723425437,1.6722709438483858
64.0,126.0,1006.7476806640624,1.3783292661069166,2.227281756843792,0.7486796121921748,2.3676098445669496,-0.4352187250238886,0.1295667694666509,1.2582478032152908,0.9678886220425788,1.546052822985894,1.7088008776725607
64.0,126.0,1003.6841430664062,1.5264166200797986,3.063097861613356,-0.215819897253269,3.5490497273888275,-0.2048867388282806,1.0826619122252867,1.0511392207255632,-0.0170243374408754,3.2973942147249127,1.6821927523441609
64.0,126.0,1005.0227661132812,1.1090167985935704,3.054929262949412,0.2138404591139139,3.3785257770175283,-0.2062982807170551,0.6081492878130935,1.0163426512361524,-0.0348229360837541,3.2931519023315508,1.7331119502206431
64.0,126.0,1006.3912353515624,1.0823124156003283,3.145532408020725,0.0937498638335725,4.3492484902596935,-0.983369492477124,0.3045399617600217,1.0355153888892177,-0.6035785196627739,3.47882371336145,1.9749920545649893
64.0,126.0,1003.7677001953124,0.9753379059727132,3.027481911426474,0.8914709442373026,3.6385006360362526,-0.1936568623912141,0.9354252219936228,1.0515023454212475,1.5844169383747184,3.3013099988549235,1.6821957420369034
64.0,126.0,1005.7315063476562,1.5396689441273124,3.0386942734840274,0.0727790596694881,3.99653790662412,-0.2180394714265182,1.1227822176659112,0.9898665587735348,-0.0161734394273001,3.292559616599718,1.7283088665121291
64.0,126.0,1005.9786376953124,1.1755166225902458,3.0139295819900664,-0.2417305383366287,3.616814653335077,-0.2729520402836232,1.8592848557108288,1.1177652924446315,0.1211451494947978,3.912459696901169,2.2316448068592054
64.0,126.0,1004.7403564453124,0.4804166552562906,3.142058809388116,-0.507253232726782,3.78275224637308,-0.5671588827166028,1.1261544357254607,1.4122039073154182,0.5007209311294231,3.503301094810195,1.926829920271378
64.0,126.0,1004.5214233398438,1.3925082887281215,3.065088985864282,-0.1686798461004562,2.4937664364779137,-0.2246521629870259,1.0573601922845028,1.0844478999456344,-0.8866334099558765,3.2654268773896447,1.6563374701400866
64.0,126.0,1006.101806640625,1.5145614614356997,2.994643314133276,-0.4385238738008652,2.6498988515969346,-0.2204737755628775,1.1219320992016055,0.99350013477897,-0.0190371027451072,3.134156782158529,1.6797391789481235
64.0,126.0,1005.6001586914062,0.1781387739601991,2.8222566258346973,-1.2784227836424644,2.158820161725356,-1.3598118191510389,1.8033214309254848,1.4312019484559402,0.0812233307260337,2.5723035292130967,1.5728984824109573
64.0,126.0,1005.8743896484376,0.0594998054986024,2.4736092679713666,-0.1808303602303297,1.535912543515276,-0.2128728184311272,0.8096079746393341,0.1778975985534896,-0.0199302804665875,3.321000599716123,2.4317144383963893
64.0,126.0,1005.768310546875,1.5999854791936896,2.9805356758612893,-0.224463190705871,3.807145392204087,-0.3379384159359995,1.0087144864956603,0.8161970981207121,-0.0299745068515237,3.525817858828421,1.6851147134922917
64.0,127.0,1004.6443481445312,0.6900176227674764,3.063074350782302,-0.3302721781170479,3.0126561550720083,-0.1976159951512532,1.5970259768578052,1.2511792713171723,-0.0167520924344081,3.4265898532482377,1.5636003792452855
64.0,127.0,1007.3576049804688,0.9212569846597908,3.06139855165662,-0.1317967257900236,3.542737248419205,-1.233962615803387,1.2850703011185782,1.0033974406470525,-0.023572540304738,3.640052147588491,1.601728056724547
64.0,127.0,1006.1292724609376,0.8825330645131402,3.064174342687368,-0.2362635771631851,3.582316996030628,-0.2074679037536006,0.9559810891053128,1.0531749231574068,-0.0434490340044395,3.286294651604756,2.3253331241426074
64.0,127.0,1005.7072143554688,1.6491448804843336,2.9104453120023,-0.2376035463302053,3.615676320374159,-0.5459213406507523,1.0802436756395946,1.0229389087533642,-0.0226071327225542,3.134768809825729,1.4551102740604491
64.0,127.0,1005.2555541992188,-0.5037094802039921,3.707585390221884,-0.3280569768488796,3.321070462527059,0.979043172621886,-0.4155761280008436,0.9565504599200948,0.2951346271246178,3.295787014291044,2.1819067114242974
64.0,127.0,1008.2530517578124,1.5270982961521142,2.378577058659652,-0.1300141971189669,3.4316988602336704,-0.3495752633471561,0.6940326962933131,0.758785861126745,0.0664492484260929,3.002636118435235,0.7040430065820917
64.0,127.0,1006.2119140625,0.4893625390202833,1.7795423029239368,-0.2283334970089545,3.1277989280704825,0.4981169607027755,1.141197769335064,2.5146578201478693,1.975507430672696,4.311031517865723,2.0922100116751228
64.0,127.0,1005.1494140625,1.4267671879387,2.82151791963309,-0.2050135975394147,3.599402345635524,-0.212234014229664,1.0699343377498252,1.054124327480299,-0.0348381047181509,3.2384919490320403,1.683330061310487
64.0,127.0,1006.1808471679688,1.5044895019604971,4.37353118641234,-0.1123117642728705,3.278240110355435,-0.2710004059046436,1.206590297347884,1.0726861605494895,-0.7094813345437163,3.301103040810469,1.658737095350794
64.0,127.0,1004.5355224609376,-0.2067583177486083,2.156645823399848,1.1237471826284795,3.780946817479548,-0.5114493991580722,1.3470285072754011,1.5426076556614716,0.9251629364195506,3.6326501297850458,1.193605314089168
64.0,127.0,1005.1493530273438,0.5735184706036716,3.028423329307017,0.2644622216036731,2.659398374348958,0.2306337810705419,1.0125999917583286,1.1341537852403114,0.5087035841895886,3.226086612326376,1.548830647479367
64.0,127.0,1004.7785034179688,0.6991135168312739,2.894738252833397,-0.2188575842976097,3.4645647397683965,-0.2438181442738039,1.0991670823590096,0.687295206439572,1.314428712403647,3.3101250531130244,1.6781756112361752
64.0,127.0,1006.7550048828124,1.7724945126995004,3.0703987008149776,0.1826723068202544,3.2010081142690723,-0.121466419569273,1.2303004122357388,1.0661233202080411,-0.0710318298801985,3.2991645041737008,1.720742171507914
64.0,127.0,1005.6038818359376,1.308516753266523,2.1752865939900867,0.1815601508968082,4.19439705578338,-0.2059303139175663,1.0777198568117343,1.0908442654933863,0.2003939982353898,2.6281803945220314,1.684505779710975
64.0,127.0,1005.079833984375,0.8078773908434,3.0635542735379326,-0.2222773718837908,3.644619233544741,-0.0438507735814526,1.4232936018416082,0.7302359461628485,0.463335757005806,3.131559441489576,1.6311643300045815
64.0,127.0,1006.5872802734376,0.2656690085363156,2.8994275720441487,-0.0359203097652873,2.439288483665521,-0.403613583524778,2.160790506390417,1.4511060060394816,0.484404972217794,3.372222679109396,2.807072668682597
64.0,127.0,1005.7649536132812,0.2825466944237913,3.223371955913502,-1.130107795435179,3.475165291581171,-1.048330892200188,0.6773142097574366,1.7224453178602437,-0.0116344510771347,2.978858171781275,1.664112733334867
64.0,127.0,1003.8233642578124,1.028523366259821,3.0628461474330293,-0.3204188298828894,3.0167776901382988,0.2647472536681213,1.306874930918926,0.9514498344110252,-0.5399432597472117,3.348110656193866,0.8965220619264871
64.0,127.0,1006.2741088867188,1.643031542836416,3.606370926934152,-0.6934784640503268,3.544777025413626,-0.1168117638030309,0.939111865717292,1.235370936060419,0.8014975999324441,3.270795648100955,1.6707495569788469
64.0,127.0,1005.4580688476562,1.714830991173177,3.0751933772525515,-0.3198873779630757,3.0600901733655563,-0.3336865919117254,1.041410814400998,0.9802931378106874,-0.0717430790773777,3.30035801474969,1.62578042127942
64.0,127.0,1006.1286010742188,1.5630251164579407,3.034072154337606,-0.2144607478813976,3.3747890166807086,-0.1840946200972616,1.0834848120091078,1.505132191142844,0.0986427251527393,3.2971237436003165,1.6407078622033984
64.0,127.0,1004.8368530273438,-0.0192859539180938,3.1458012448024646,-0.4052589456220559,3.5837623621294377,-0.4446218579421889,1.004306573519272,1.0674916208430016,-0.1473208806064043,4.659302750457305,1.266183010783346
64.0,127.0,1005.0035400390624,1.488088734200528,3.2964916798764268,-0.081613556681665,3.4931910742310563,-0.4795947022471148,1.19443031097595,1.5983254058784726,0.3030366300005376,3.1093375136026897,1.3517079212642986
64.0,127.0,1005.59716796875,0.8422960777773174,3.0348209215701183,-0.2311176520887816,3.530445462000517,0.731073415144617,1.0838871087870037,1.0526527931079228,-0.2789778063184201,3.525442996103043,1.9314441196361605
64.0,127.0,1005.1682739257812,0.4758226699530498,2.725912301651685,-0.0230184400084026,3.5041163169939864,-0.2839688026094656,0.98246182909671,0.7814411067738086,0.0567855685067581,3.2908997596538847,1.3640380101297185
64.0,127.0,1004.932861328125,1.5796322669745138,2.974669102036052,-0.2759972217390695,3.567574034001228,-0.2093543612178015,1.4940440693796724,1.055340177568717,-0.0056815911348413,3.322450316094878,2.2801882162059304
64.0,127.0,1005.4376220703124,1.4939369051591875,3.208578143175042,-0.0838875551827738,3.6527902052474297,-0.0677512366808728,2.1295316682877434,1.0280783661595605,-0.0117743859456704,3.334761595860714,1.7120512362595308
64.0,127.0,1005.9476318359376,0.0416259073064684,3.056620648095169,0.9059087932371556,3.541676985417584,-0.4558259587305865,-0.3150494321593007,1.05123482986649,-0.0994281152615595,3.238383279985208,1.6565234082160285
64.0,127.0,1006.3308715820312,1.535959406806901,3.012881012953959,-0.1663306996994601,3.5850778383914594,-0.2867194392540477,1.0486903470382465,1.1491035130694829,-0.0172823082687018,3.5717012420075,1.522958118209904
64.0,127.0,1005.1908569335938,1.1023887204012748,3.2341476803645643,-0.201467270177571,2.4973480581935963,-0.1713493341169948,1.0827305179708886,1.376827834472508,0.3857767790946929,3.6663823370834,1.765177587675498
64.0,127.0,1003.884033203125,1.1425112649696187,3.065090117718845,0.592860107788608,2.8071972518327133,0.2549808842303713,0.7688590957311772,1.1434486482266086,0.1774592781213724,3.2904317271738885,1.6652367097735672
64.0,127.0,1004.8756713867188,1.803103039357084,3.04969122379482,-0.2380855070972431,3.544222673085715,-0.3675432124331079,1.0049334701620785,1.0915745130618049,-0.0166428366782459,3.286393579044508,1.7128181502425668
64.0,127.0,1005.5949096679688,1.065741447403239,3.566321993171797,-0.1722097588879127,3.335195644635442,0.4153135222526197,1.6432684793938577,1.2308026718224587,0.3065238812510272,3.32453208933479,1.4181087479272612
64.0,127.0,1005.1708984375,1.5387374172758588,3.0630905424895096,-0.2761169812147975,3.539551483750204,-0.0710913967583387,1.0864629386437223,1.0432566156141505,0.0406253156605319,3.3703392304127733,1.6847979903288934
64.0,127.0,1004.3433227539062,1.5246637626108075,2.588764633984187,-0.2247483509817702,3.541791433209113,-0.2094105942329443,0.0900981966808316,1.4472220790014578,0.3634141441016041,3.275517642189521,1.677631713184814
64.0,127.0,1006.3489990234376,1.5514520891483368,3.057318420357167,-0.2631982522786442,3.525985729806991,-0.211421577591669,1.0871765917978395,1.0592099546980789,-0.0142462550174791,2.96232874565588,1.5743383689854655
64.0,127.0,1005.1350708007812,0.1661038185710084,2.5390123143543657,2.0774916054569346,1.835614257140512,-1.5735118140693944,0.0393769710875324,1.5364656260845004,0.9512514490147672,2.833057723425437,1.6722709438483858
64.0,127.0,1006.7476806640624,1.3783292661069166,2.227281756843792,0.7486796121921748,2.3676098445669496,-0.4352187250238886,0.1295667694666509,1.2582478032152908,0.9678886220425788,1.546052822985894,1.7088008776725607
64.0,127.0,1003.6841430664062,1.5264166200797986,3.063097861613356,-0.215819897253269,3.5490497273888275,-0.2048867388282806,1.0826619122252867,1.0511392207255632,-0.0170243374408754,3.2973942147249127,1.6821927523441609
64.0,127.0,1005.0227661132812,1.1090167985935704,3.054929262949412,0.2138404591139139,3.3785257770175283,-0.2062982807170551,0.6081492878130935,1.0163426512361524,-0.0348229360837541,3.2931519023315508,1.7331119502206431
64.0,127.0,1006.3912353515624,1.0823124156003283,3.145532408020725,0.0937498638335725,4.3492484902596935,-0.983369492477124,0.3045399617600217,1.0355153888892177,-0.6035785196627739,3.47882371336145,1.9749920545649893
64.0,127.0,1003.7677001953124,0.9753379059727132,3.027481911426474,0.8914709442373026,3.6385006360362526,-0.1936568623912141,0.9354252219936228,1.0515023454212475,1.5844169383747184,3.3013099988549235,1.6821957420369034
64.0,127.0,1005.7315063476562,1.5396689441273124,3.0386942734840274,0.0727790596694881,3.99653790662412,-0.2180394714265182,1.1227822176659112,0.9898665587735348,-0.0161734394273001,3.292559616599718,1.7283088665121291
64.0,127.0,1005.9786376953124,1.1755166225902458,3.0139295819900664,-0.2417305383366287,3.616814653335077,-0.2729520402836232,1.8592848557108288,1.1177652924446315,0.1211451494947978,3.912459696901169,2.2316448068592054
64.0,127.0,1004.7403564453124,0.4804166552562906,3.142058809388116,-0.507253232726782,3.78275224637308,-0.5671588827166028,1.1261544357254607,1.4122039073154182,0.5007209311294231,3.503301094810195,1.926829920271378
64.0,127.0,1004.5214233398438,1.3925082887281215,3.065088985864282,-0.1686798461004562,2.4937664364779137,-0.2246521629870259,1.0573601922845028,1.0844478999456344,-0.8866334099558765,3.2654268773896447,1.6563374701400866
64.0,127.0,1006.101806640625,1.5145614614356997,2.994643314133276,-0.4385238738008652,2.6498988515969346,-0.2204737755628775,1.1219320992016055,0.99350013477897,-0.0190371027451072,3.134156782158529,1.6797391789481235
64.0,127.0,1005.6001586914062,0.1781387739601991,2.8222566258346973,-1.2784227836424644,2.158820161725356,-1.3598118191510389,1.8033214309254848,1.4312019484559402,0.0812233307260337,2.5723035292130967,1.5728984824109573
64.0,127.0,1005.8743896484376,0.0594998054986024,2.4736092679713666,-0.1808303602303297,1.535912543515276,-0.2128728184311272,0.8096079746393341,0.1778975985534896,-0.0199302804665875,3.321000599716123,2.4317144383963893
64.0,127.0,1005.768310546875,1.5999854791936896,2.9805356758612893,-0.224463190705871,3.807145392204087,-0.3379384159359995,1.0087144864956603,0.8161970981207121,-0.0299745068515237,3.525817858828421,1.6851147134922917
64.0,128.0,1004.6443481445312,0.6900176227674764,3.063074350782302,-0.3302721781170479,3.0126561550720083,-0.1976159951512532,1.5970259768578052,1.2511792713171723,-0.0167520924344081,3.4265898532482377,1.5636003792452855
64.0,128.0,1007.3576049804688,0.9212569846597908,3.06139855165662,-0.1317967257900236,3.542737248419205,-1.233962615803387,1.2850703011185782,1.0033974406470525,-0.023572540304738,3.640052147588491,1.601728056724547
64.0,128.0,1006.1292724609376,0.8825330645131402,3.064174342687368,-0.2362635771631851,3.582316996030628,-0.2074679037536006,0.9559810891053128,1.0531749231574068,-0.0434490340044395,3.286294651604756,2.3253331241426074
64.0,128.0,1005.7072143554688,1.6491448804843336,2.9104453120023,-0.2376035463302053,3.615676320374159,-0.5459213406507523,1.0802436756395946,1.0229389087533642,-0.0226071327225542,3.134768809825729,1.4551102740604491
64.0,128.0,1005.2555541992188,-0.5037094802039921,3.707585390221884,-0.3280569768488796,3.321070462527059,0.979043172621886,-0.4155761280008436,0.9565504599200948,0.2951346271246178,3.295787014291044,2.1819067114242974
64.0,128.0,1008.2530517578124,1.5270982961521142,2.378577058659652,-0.1300141971189669,3.4316988602336704,-0.3495752633471561,0.6940326962933131,0.758785861126745,0.0664492484260929,3.002636118435235,0.7040430065820917
64.0,128.0,1006.2119140625,0.4893625390202833,1.7795423029239368,-0.2283334970089545,3.1277989280704825,0.4981169607027755,1.141197769335064,2.5146578201478693,1.975507430672696,4.311031517865723,2.0922100116751228
64.0,128.0,1005.1494140625,1.4267671879387,2.82151791963309,-0.2050135975394147,3.599402345635524,-0.212234014229664,1.0699343377498252,1.054124327480299,-0.0348381047181509,3.2384919490320403,1.683330061310487
64.0,128.0,1006.1808471679688,1.5044895019604971,4.37353118641234,-0.1123117642728705,3.278240110355435,-0.2710004059046436,1.206590297347884,1.0726861605494895,-0.7094813345437163,3.301103040810469,1.658737095350794
64.0,128.0,1004.5355224609376,-0.2067583177486083,2.156645823399848,1.1237471826284795,3.780946817479548,-0.5114493991580722,1.3470285072754011,1.5426076556614716,0.9251629364195506,3.6326501297850458,1.193605314089168
64.0,128.0,1005.1493530273438,0.5735184706036716,3.028423329307017,0.2644622216036731,2.659398374348958,0.2306337810705419,1.0125999917583286,1.1341537852403114,0.5087035841895886,3.226086612326376,1.548830647479367
64.0,128.0,1004.7785034179688,0.6991135168312739,2.894738252833397,-0.2188575842976097,3.4645647397683965,-0.2438181442738039,1.0991670823590096,0.687295206439572,1.314428712403647,3.3101250531130244,1.6781756112361752
64.0,128.0,1006.7550048828124,1.7724945126995004,3.0703987008149776,0.1826723068202544,3.2010081142690723,-0.121466419569273,1.2303004122357388,1.0661233202080411,-0.0710318298801985,3.2991645041737008,1.720742171507914
64.0,128.0,1005.6038818359376,1.308516753266523,2.1752865939900867,0.1815601508968082,4.19439705578338,-0.2059303139175663,1.0777198568117343,1.0908442654933863,0.2003939982353898,2.6281803945220314,1.684505779710975
64.0,128.0,1005.079833984375,0.8078773908434,3.0635542735379326,-0.2222773718837908,3.644619233544741,-0.0438507735814526,1.4232936018416082,0.7302359461628485,0.463335757005806,3.131559441489576,1.6311643300045815
64.0,128.0,1006.5872802734376,0.2656690085363156,2.8994275720441487,-0.0359203097652873,2.439288483665521,-0.403613583524778,2.160790506390417,1.4511060060394816,0.484404972217794,3.372222679109396,2.807072668682597
64.0,128.0,1005.7649536132812,0.2825466944237913,3.223371955913502,-1.130107795435179,3.475165291581171,-1.048330892200188,0.6773142097574366,1.7224453178602437,-0.0116344510771347,2.978858171781275,1.664112733334867
64.0,128.0,1003.8233642578124,1.028523366259821,3.0628461474330293,-0.3204188298828894,3.0167776901382988,0.2647472536681213,1.306874930918926,0.9514498344110252,-0.5399432597472117,3.348110656193866,0.8965220619264871
64.0,128.0,1006.2741088867188,1.643031542836416,3.606370926934152,-0.6934784640503268,3.544777025413626,-0.1168117638030309,0.939111865717292,1.235370936060419,0.8014975999324441,3.270795648100955,1.6707495569788469
64.0,128.0,1005.4580688476562,1.714830991173177,3.0751933772525515,-0.3198873779630757,3.0600901733655563,-0.3336865919117254,1.041410814400998,0.9802931378106874,-0.0717430790773777,3.30035801474969,1.62578042127942
64.0,128.0,1006.1286010742188,1.5630251164579407,3.034072154337606,-0.2144607478813976,3.3747890166807086,-0.1840946200972616,1.0834848120091078,1.505132191142844,0.0986427251527393,3.2971237436003165,1.6407078622033984
64.0,128.0,1004.8368530273438,-0.0192859539180938,3.1458012448024646,-0.4052589456220559,3.5837623621294377,-0.4446218579421889,1.004306573519272,1.0674916208430016,-0.1473208806064043,4.659302750457305,1.266183010783346
64.0,128.0,1005.0035400390624,1.488088734200528,3.2964916798764268,-0.081613556681665,3.4931910742310563,-0.4795947022471148,1.19443031097595,1.5983254058784726,0.3030366300005376,3.1093375136026897,1.3517079212642986
64.0,128.0,1005.59716796875,0.8422960777773174,3.0348209215701183,-0.2311176520887816,3.530445462000517,0.731073415144617,1.0838871087870037,1.0526527931079228,-0.2789778063184201,3.525442996103043,1.9314441196361605
64.0,128.0,1005.1682739257812,0.4758226699530498,2.725912301651685,-0.0230184400084026,3.5041163169939864,-0.2839688026094656,0.98246182909671,0.7814411067738086,0.0567855685067581,3.2908997596538847,1.3640380101297185
64.0,128.0,1004.932861328125,1.5796322669745138,2.974669102036052,-0.2759972217390695,3.567574034001228,-0.2093543612178015,1.4940440693796724,1.055340177568717,-0.0056815911348413,3.322450316094878,2.2801882162059304
64.0,128.0,1005.4376220703124,1.4939369051591875,3.208578143175042,-0.0838875551827738,3.6527902052474297,-0.0677512366808728,2.1295316682877434,1.0280783661595605,-0.0117743859456704,3.334761595860714,1.7120512362595308
64.0,128.0,1005.9476318359376,0.0416259073064684,3.056620648095169,0.9059087932371556,3.541676985417584,-0.4558259587305865,-0.3150494321593007,1.05123482986649,-0.0994281152615595,3.238383279985208,1.6565234082160285
64.0,128.0,1006.3308715820312,1.535959406806901,3.012881012953959,-0.1663306996994601,3.5850778383914594,-0.2867194392540477,1.0486903470382465,1.1491035130694829,-0.0172823082687018,3.5717012420075,1.522958118209904
64.0,128.0,1005.1908569335938,1.1023887204012748,3.2341476803645643,-0.201467270177571,2.4973480581935963,-0.1713493341169948,1.0827305179708886,1.376827834472508,0.3857767790946929,3.6663823370834,1.765177587675498
64.0,128.0,1003.884033203125,1.1425112649696187,3.065090117718845,0.592860107788608,2.8071972518327133,0.2549808842303713,0.7688590957311772,1.1434486482266086,0.1774592781213724,3.2904317271738885,1.6652367097735672
64.0,128.0,1004.8756713867188,1.803103039357084,3.04969122379482,-0.2380855070972431,3.544222673085715,-0.3675432124331079,1.0049334701620785,1.0915745130618049,-0.0166428366782459,3.286393579044508,1.7128181502425668
64.0,128.0,1005.5949096679688,1.065741447403239,3.566321993171797,-0.1722097588879127,3.335195644635442,0.4153135222526197,1.6432684793938577,1.2308026718224587,0.3065238812510272,3.32453208933479,1.4181087479272612
64.0,128.0,1005.1708984375,1.5387374172758588,3.0630905424895096,-0.2761169812147975,3.539551483750204,-0.0710913967583387,1.0864629386437223,1.0432566156141505,0.0406253156605319,3.3703392304127733,1.6847979903288934
64.0,128.0,1004.3433227539062,1.5246637626108075,2.588764633984187,-0.2247483509817702,3.541791433209113,-0.2094105942329443,0.0900981966808316,1.4472220790014578,0.3634141441016041,3.275517642189521,1.677631713184814
64.0,128.0,1006.3489990234376,1.5514520891483368,3.057318420357167,-0.2631982522786442,3.525985729806991,-0.211421577591669,1.0871765917978395,1.0592099546980789,-0.0142462550174791,2.96232874565588,1.5743383689854655
64.0,128.0,1005.1350708007812,0.1661038185710084,2.5390123143543657,2.0774916054569346,1.835614257140512,-1.5735118140693944,0.0393769710875324,1.5364656260845004,0.9512514490147672,2.833057723425437,1.6722709438483858
64.0,128.0,1006.7476806640624,1.3783292661069166,2.227281756843792,0.7486796121921748,2.3676098445669496,-0.4352187250238886,0.1295667694666509,1.2582478032152908,0.9678886220425788,1.546052822985894,1.7088008776725607
64.0,128.0,1003.6841430664062,1.5264166200797986,3.063097861613356,-0.215819897253269,3.5490497273888275,-0.2048867388282806,1.0826619122252867,1.0511392207255632,-0.0170243374408754,3.2973942147249127,1.6821927523441609
64.0,128.0,1005.0227661132812,1.1090167985935704,3.054929262949412,0.2138404591139139,3.3785257770175283,-0.2062982807170551,0.6081492878130935,1.0163426512361524,-0.0348229360837541,3.2931519023315508,1.7331119502206431
64.0,128.0,1006.3912353515624,1.0823124156003283,3.145532408020725,0.0937498638335725,4.3492484902596935,-0.983369492477124,0.3045399617600217,1.0355153888892177,-0.6035785196627739,3.47882371336145,1.9749920545649893
64.0,128.0,1003.7677001953124,0.9753379059727132,3.027481911426474,0.8914709442373026,3.6385006360362526,-0.1936568623912141,0.9354252219936228,1.0515023454212475,1.5844169383747184,3.3013099988549235,1.6821957420369034
64.0,128.0,1005.7315063476562,1.5396689441273124,3.0386942734840274,0.0727790596694881,3.99653790662412,-0.2180394714265182,1.1227822176659112,0.9898665587735348,-0.0161734394273001,3.292559616599718,1.7283088665121291
64.0,128.0,1005.9786376953124,1.1755166225902458,3.0139295819900664,-0.2417305383366287,3.616814653335077,-0.2729520402836232,1.8592848557108288,1.1177652924446315,0.1211451494947978,3.912459696901169,2.2316448068592054
64.0,128.0,1004.7403564453124,0.4804166552562906,3.142058809388116,-0.507253232726782,3.78275224637308,-0.5671588827166028,1.1261544357254607,1.4122039073154182,0.5007209311294231,3.503301094810195,1.926829920271378
64.0,128.0,1004.5214233398438,1.3925082887281215,3.065088985864282,-0.1686798461004562,2.4937664364779137,-0.2246521629870259,1.0573601922845028,1.0844478999456344,-0.8866334099558765,3.2654268773896447,1.6563374701400866
64.0,128.0,1006.101806640625,1.5145614614356997,2.994643314133276,-0.4385238738008652,2.6498988515969346,-0.2204737755628775,1.1219320992016055,0.99350013477897,-0.0190371027451072,3.134156782158529,1.6797391789481235
64.0,128.0,1005.6001586914062,0.1781387739601991,2.8222566258346973,-1.2784227836424644,2.158820161725356,-1.3598118191510389,1.8033214309254848,1.4312019484559402,0.0812233307260337,2.5723035292130967,1.5728984824109573
64.0,128.0,1005.8743896484376,0.0594998054986024,2.4736092679713666,-0.1808303602303297,1.535912543515276,-0.2128728184311272,0.8096079746393341,0.1778975985534896,-0.0199302804665875,3.321000599716123,2.4317144383963893
64.0,128.0,1005.768310546875,1.5999854791936896,2.9805356758612893,-0.224463190705871,3.807145392204087,-0.3379384159359995,1.0087144864956603,0.8161970981207121,-0.0299745068515237,3.525817858828421,1.6851147134922917
64.0,129.0,1004.6443481445312,0.6900176227674764,3.063074350782302,-0.3302721781170479,3.0126561550720083,-0.1976159951512532,1.5970259768578052,1.2511792713171723,-0.0167520924344081,3.4265898532482377,1.5636003792452855
64.0,129.0,1007.3576049804688,0.9212569846597908,3.06139855165662,-0.1317967257900236,3.542737248419205,-1.233962615803387,1.2850703011185782,1.0033974406470525,-0.023572540304738,3.640052147588491,1.601728056724547
64.0,129.0,1006.1292724609376,0.8825330645131402,3.064174342687368,-0.2362635771631851,3.582316996030628,-0.2074679037536006,0.9559810891053128,1.0531749231574068,-0.0434490340044395,3.286294651604756,2.3253331241426074
64.0,129.0,1005.7072143554688,1.6491448804843336,2.9104453120023,-0.2376035463302053,3.615676320374159,-0.5459213406507523,1.0802436756395946,1.0229389087533642,-0.0226071327225542,3.134768809825729,1.4551102740604491
64.0,129.0,1005.2555541992188,-0.5037094802039921,3.707585390221884,-0.3280569768488796,3.321070462527059,0.979043172621886,-0.4155761280008436,0.9565504599200948,0.2951346271246178,3.295787014291044,2.1819067114242974
64.0,129.0,1008.2530517578124,1.5270982961521142,2.378577058659652,-0.1300141971189669,3.4316988602336704,-0.3495752633471561,0.6940326962933131,0.758785861126745,0.0664492484260929,3.002636118435235,0.7040430065820917
64.0,129.0,1006.2119140625,0.4893625390202833,1.7795423029239368,-0.2283334970089545,3.1277989280704825,0.4981169607027755,1.141197769335064,2.5146578201478693,1.975507430672696,4.311031517865723,2.0922100116751228
64.0,129.0,1005.1494140625,1.4267671879387,2.82151791963309,-0.2050135975394147,3.599402345635524,-0.212234014229664,1.0699343377498252,1.054124327480299,-0.0348381047181509,3.2384919490320403,1.683330061310487
64.0,129.0,1006.1808471679688,1.5044895019604971,4.37353118641234,-0.1123117642728705,3.278240110355435,-0.2710004059046436,1.206590297347884,1.0726861605494895,-0.7094813345437163,3.301103040810469,1.658737095350794
64.0,129.0,1004.5355224609376,-0.2067583177486083,2.156645823399848,1.1237471826284795,3.780946817479548,-0.5114493991580722,1.3470285072754011,1.5426076556614716,0.9251629364195506,3.6326501297850458,1.193605314089168
64.0,129.0,1005.1493530273438,0.5735184706036716,3.028423329307017,0.2644622216036731,2.659398374348958,0.2306337810705419,1.0125999917583286,1.1341537852403114,0.5087035841895886,3.226086612326376,1.548830647479367
64.0,129.0,1004.7785034179688,0.6991135168312739,2.894738252833397,-0.2188575842976097,3.4645647397683965,-0.2438181442738039,1.0991670823590096,0.687295206439572,1.314428712403647,3.3101250531130244,1.6781756112361752
64.0,129.0,1006.7550048828124,1.7724945126995004,3.0703987008149776,0.1826723068202544,3.2010081142690723,-0.121466419569273,1.2303004122357388,1.0661233202080411,-0.0710318298801985,3.2991645041737008,1.720742171507914
64.0,129.0,1005.6038818359376,1.308516753266523,2.1752865939900867,0.1815601508968082,4.19439705578338,-0.2059303139175663,1.0777198568117343,1.0908442654933863,0.2003939982353898,2.6281803945220314,1.684505779710975
64.0,129.0,1005.079833984375,0.8078773908434,3.0635542735379326,-0.2222773718837908,3.644619233544741,-0.0438507735814526,1.4232936018416082,0.7302359461628485,0.463335757005806,3.131559441489576,1.6311643300045815
64.0,129.0,1006.5872802734376,0.2656690085363156,2.8994275720441487,-0.0359203097652873,2.439288483665521,-0.403613583524778,2.160790506390417,1.4511060060394816,0.484404972217794,3.372222679109396,2.807072668682597
64.0,129.0,1005.7649536132812,0.2825466944237913,3.223371955913502,-1.130107795435179,3.475165291581171,-1.048330892200188,0.6773142097574366,1.7224453178602437,-0.0116344510771347,2.978858171781275,1.664112733334867
64.0,129.0,1003.8233642578124,1.028523366259821,3.0628461474330293,-0.3204188298828894,3.0167776901382988,0.2647472536681213,1.306874930918926,0.9514498344110252,-0.5399432597472117,3.348110656193866,0.8965220619264871
64.0,129.0,1006.2741088867188,1.643031542836416,3.606370926934152,-0.6934784640503268,3.544777025413626,-0.1168117638030309,0.939111865717292,1.235370936060419,0.8014975999324441,3.270795648100955,1.6707495569788469
64.0,129.0,1005.4580688476562,1.714830991173177,3.0751933772525515,-0.3198873779630757,3.0600901733655563,-0.3336865919117254,1.041410814400998,0.9802931378106874,-0.0717430790773777,3.30035801474969,1.62578042127942
64.0,129.0,1006.1286010742188,1.5630251164579407,3.034072154337606,-0.2144607478813976,3.3747890166807086,-0.1840946200972616,1.0834848120091078,1.505132191142844,0.0986427251527393,3.2971237436003165,1.6407078622033984
64.0,129.0,1004.8368530273438,-0.0192859539180938,3.1458012448024646,-0.4052589456220559,3.5837623621294377,-0.4446218579421889,1.004306573519272,1.0674916208430016,-0.1473208806064043,4.659302750457305,1.266183010783346
64.0,129.0,1005.0035400390624,1.488088734200528,3.2964916798764268,-0.081613556681665,3.4931910742310563,-0.4795947022471148,1.19443031097595,1.5983254058784726,0.3030366300005376,3.1093375136026897,1.3517079212642986
64.0,129.0,1005.59716796875,0.8422960777773174,3.0348209215701183,-0.2311176520887816,3.530445462000517,0.731073415144617,1.0838871087870037,1.0526527931079228,-0.2789778063184201,3.525442996103043,1.9314441196361605
64.0,129.0,1005.1682739257812,0.4758226699530498,2.725912301651685,-0.0230184400084026,3.5041163169939864,-0.2839688026094656,0.98246182909671,0.7814411067738086,0.0567855685067581,3.2908997596538847,1.3640380101297185
64.0,129.0,1004.932861328125,1.5796322669745138,2.974669102036052,-0.2759972217390695,3.567574034001228,-0.2093543612178015,1.4940440693796724,1.055340177568717,-0.0056815911348413,3.322450316094878,2.2801882162059304
64.0,129.0,1005.4376220703124,1.4939369051591875,3.208578143175042,-0.0838875551827738,3.6527902052474297,-0.0677512366808728,2.1295316682877434,1.0280783661595605,-0.0117743859456704,3.334761595860714,1.7120512362595308
64.0,129.0,1005.9476318359376,0.0416259073064684,3.056620648095169,0.9059087932371556,3.541676985417584,-0.4558259587305865,-0.3150494321593007,1.05123482986649,-0.0994281152615595,3.238383279985208,1.6565234082160285
64.0,129.0,1006.3308715820312,1.535959406806901,3.012881012953959,-0.1663306996994601,3.5850778383914594,-0.2867194392540477,1.0486903470382465,1.1491035130694829,-0.0172823082687018,3.5717012420075,1.522958118209904
64.0,129.0,1005.1908569335938,1.1023887204012748,3.2341476803645643,-0.201467270177571,2.4973480581935963,-0.1713493341169948,1.0827305179708886,1.376827834472508,0.3857767790946929,3.6663823370834,1.765177587675498
64.0,129.0,1003.884033203125,1.1425112649696187,3.065090117718845,0.592860107788608,2.8071972518327133,0.2549808842303713,0.7688590957311772,1.1434486482266086,0.1774592781213724,3.2904317271738885,1.6652367097735672
64.0,129.0,1004.8756713867188,1.803103039357084,3.04969122379482,-0.2380855070972431,3.544222673085715,-0.3675432124331079,1.0049334701620785,1.0915745130618049,-0.0166428366782459,3.286393579044508,1.7128181502425668
64.0,129.0,1005.5949096679688,1.065741447403239,3.566321993171797,-0.1722097588879127,3.335195644635442,0.4153135222526197,1.6432684793938577,1.2308026718224587,0.3065238812510272,3.32453208933479,1.4181087479272612
64.0,129.0,1005.1708984375,1.5387374172758588,3.0630905424895096,-0.2761169812147975,3.539551483750204,-0.0710913967583387,1.0864629386437223,1.0432566156141505,0.0406253156605319,3.3703392304127733,1.6847979903288934
64.0,129.0,1004.3433227539062,1.5246637626108075,2.588764633984187,-0.2247483509817702,3.541791433209113,-0.2094105942329443,0.0900981966808316,1.4472220790014578,0.3634141441016041,3.275517642189521,1.677631713184814
64.0,129.0,1006.3489990234376,1.5514520891483368,3.057318420357167,-0.2631982522786442,3.525985729806991,-0.211421577591669,1.0871765917978395,1.0592099546980789,-0.0142462550174791,2.96232874565588,1.5743383689854655
64.0,129.0,1005.1350708007812,0.1661038185710084,2.5390123143543657,2.0774916054569346,1.835614257140512,-1.5735118140693944,0.0393769710875324,1.5364656260845004,0.9512514490147672,2.833057723425437,1.6722709438483858
64.0,129.0,1006.7476806640624,1.3783292661069166,2.227281756843792,0.7486796121921748,2.3676098445669496,-0.4352187250238886,0.1295667694666509,1.2582478032152908,0.9678886220425788,1.546052822985894,1.7088008776725607
64.0,129.0,1003.6841430664062,1.5264166200797986,3.063097861613356,-0.215819897253269,3.5490497273888275,-0.2048867388282806,1.0826619122252867,1.0511392207255632,-0.0170243374408754,3.2973942147249127,1.6821927523441609
64.0,129.0,1005.0227661132812,1.1090167985935704,3.054929262949412,0.2138404591139139,3.3785257770175283,-0.2062982807170551,0.6081492878130935,1.0163426512361524,-0.0348229360837541,3.2931519023315508,1.7331119502206431
64.0,129.0,1006.3912353515624,1.0823124156003283,3.145532408020725,0.0937498638335725,4.3492484902596935,-0.983369492477124,0.3045399617600217,1.0355153888892177,-0.6035785196627739,3.47882371336145,1.9749920545649893
64.0,129.0,1003.7677001953124,0.9753379059727132,3.027481911426474,0.8914709442373026,3.6385006360362526,-0.1936568623912141,0.9354252219936228,1.0515023454212475,1.5844169383747184,3.3013099988549235,1.6821957420369034
64.0,129.0,1005.7315063476562,1.5396689441273124,3.0386942734840274,0.0727790596694881,3.99653790662412,-0.2180394714265182,1.1227822176659112,0.9898665587735348,-0.0161734394273001,3.292559616599718,1.7283088665121291
64.0,129.0,1005.9786376953124,1.1755166225902458,3.0139295819900664,-0.2417305383366287,3.616814653335077,-0.2729520402836232,1.8592848557108288,1.1177652924446315,0.1211451494947978,3.912459696901169,2.2316448068592054
64.0,129.0,1004.7403564453124,0.4804166552562906,3.142058809388116,-0.507253232726782,3.78275224637308,-0.5671588827166028,1.1261544357254607,1.4122039073154182,0.5007209311294231,3.503301094810195,1.926829920271378
64.0,129.0,1004.5214233398438,1.3925082887281215,3.065088985864282,-0.1686798461004562,2.4937664364779137,-0.2246521629870259,1.0573601922845028,1.0844478999456344,-0.8866334099558765,3.2654268773896447,1.6563374701400866
64.0,129.0,1006.101806640625,1.5145614614356997,2.994643314133276,-0.4385238738008652,2.6498988515969346,-0.2204737755628775,1.1219320992016055,0.99350013477897,-0.0190371027451072,3.134156782158529,1.6797391789481235
64.0,129.0,1005.6001586914062,0.1781387739601991,2.8222566258346973,-1.2784227836424644,2.158820161725356,-1.3598118191510389,1.8033214309254848,1.4312019484559402,0.0812233307260337,2.5723035292130967,1.5728984824109573
64.0,129.0,1005.8743896484376,0.0594998054986024,2.4736092679713666,-0.1808303602303297,1.535912543515276,-0.2128728184311272,0.8096079746393341,0.1778975985534896,-0.0199302804665875,3.321000599716123,2.4317144383963893
64.0,129.0,1005.768310546875,1.5999854791936896,2.9805356758612893,-0.224463190705871,3.807145392204087,-0.3379384159359995,1.0087144864956603,0.8161970981207121,-0.0299745068515237,3.525817858828421,1.6851147134922917
64.0,130.0,1004.6443481445312,0.6900176227674764,3.063074350782302,-0.3302721781170479,3.0126561550720083,-0.1976159951512532,1.5970259768578052,1.2511792713171723,-0.0167520924344081,3.4265898532482377,1.5636003792452855
64.0,130.0,1006.714599609375,1.1112219897749327,3.061659804709003,-0.0274385792625755,3.561688296560024,0.2064784152974412,1.0738040094079655,1.0688615969128463,-0.0148464613404078,3.8557916142516495,1.5569376775051424
64.0,130.0,1006.1292724609376,0.8825330645131402,3.064174342687368,-0.2362635771631851,3.582316996030628,-0.2074679037536006,0.9559810891053128,1.0531749231574068,-0.0434490340044395,3.286294651604756,2.3253331241426074
64.0,130.0,1005.7072143554688,1.6491448804843336,2.9104453120023,-0.2376035463302053,3.615676320374159,-0.5459213406507523,1.0802436756395946,1.0229389087533642,-0.0226071327225542,3.134768809825729,1.4551102740604491
64.0,130.0,1005.2555541992188,-0.5037094802039921,3.707585390221884,-0.3280569768488796,3.321070462527059,0.979043172621886,-0.4155761280008436,0.9565504599200948,0.2951346271246178,3.295787014291044,2.1819067114242974
64.0,130.0,1008.2530517578124,1.5270982961521142,2.378577058659652,-0.1300141971189669,3.4316988602336704,-0.3495752633471561,0.6940326962933131,0.758785861126745,0.0664492484260929,3.002636118435235,0.7040430065820917
64.0,130.0,1006.2119140625,0.4893625390202833,1.7795423029239368,-0.2283334970089545,3.1277989280704825,0.4981169607027755,1.141197769335064,2.5146578201478693,1.975507430672696,4.311031517865723,2.0922100116751228
64.0,130.0,1005.1494140625,1.4267671879387,2.82151791963309,-0.2050135975394147,3.599402345635524,-0.212234014229664,1.0699343377498252,1.054124327480299,-0.0348381047181509,3.2384919490320403,1.683330061310487
64.0,130.0,1006.1808471679688,1.5044895019604971,4.37353118641234,-0.1123117642728705,3.278240110355435,-0.2710004059046436,1.206590297347884,1.0726861605494895,-0.7094813345437163,3.301103040810469,1.658737095350794
64.0,130.0,1004.5355224609376,-0.2067583177486083,2.156645823399848,1.1237471826284795,3.780946817479548,-0.5114493991580722,1.3470285072754011,1.5426076556614716,0.9251629364195506,3.6326501297850458,1.193605314089168
64.0,130.0,1005.1493530273438,0.5735184706036716,3.028423329307017,0.2644622216036731,2.659398374348958,0.2306337810705419,1.0125999917583286,1.1341537852403114,0.5087035841895886,3.226086612326376,1.548830647479367
64.0,130.0,1004.7785034179688,0.6991135168312739,2.894738252833397,-0.2188575842976097,3.4645647397683965,-0.2438181442738039,1.0991670823590096,0.687295206439572,1.314428712403647,3.3101250531130244,1.6781756112361752
64.0,130.0,1006.7550048828124,1.7724945126995004,3.0703987008149776,0.1826723068202544,3.2010081142690723,-0.121466419569273,1.2303004122357388,1.0661233202080411,-0.0710318298801985,3.2991645041737008,1.720742171507914
64.0,130.0,1005.6038818359376,1.308516753266523,2.1752865939900867,0.1815601508968082,4.19439705578338,-0.2059303139175663,1.0777198568117343,1.0908442654933863,0.2003939982353898,2.6281803945220314,1.684505779710975
64.0,130.0,1005.079833984375,0.8078773908434,3.0635542735379326,-0.2222773718837908,3.644619233544741,-0.0438507735814526,1.4232936018416082,0.7302359461628485,0.463335757005806,3.131559441489576,1.6311643300045815
64.0,130.0,1006.5872802734376,0.2656690085363156,2.8994275720441487,-0.0359203097652873,2.439288483665521,-0.403613583524778,2.160790506390417,1.4511060060394816,0.484404972217794,3.372222679109396,2.807072668682597
64.0,130.0,1005.7649536132812,0.2825466944237913,3.223371955913502,-1.130107795435179,3.475165291581171,-1.048330892200188,0.6773142097574366,1.7224453178602437,-0.0116344510771347,2.978858171781275,1.664112733334867
64.0,130.0,1003.8233642578124,1.028523366259821,3.0628461474330293,-0.3204188298828894,3.0167776901382988,0.2647472536681213,1.306874930918926,0.9514498344110252,-0.5399432597472117,3.348110656193866,0.8965220619264871
64.0,130.0,1006.2741088867188,1.643031542836416,3.606370926934152,-0.6934784640503268,3.544777025413626,-0.1168117638030309,0.939111865717292,1.235370936060419,0.8014975999324441,3.270795648100955,1.6707495569788469
64.0,130.0,1005.4580688476562,1.714830991173177,3.0751933772525515,-0.3198873779630757,3.0600901733655563,-0.3336865919117254,1.041410814400998,0.9802931378106874,-0.0717430790773777,3.30035801474969,1.62578042127942
64.0,130.0,1006.1286010742188,1.5630251164579407,3.034072154337606,-0.2144607478813976,3.3747890166807086,-0.1840946200972616,1.0834848120091078,1.505132191142844,0.0986427251527393,3.2971237436003165,1.6407078622033984
64.0,130.0,1004.8368530273438,-0.0192859539180938,3.1458012448024646,-0.4052589456220559,3.5837623621294377,-0.4446218579421889,1.004306573519272,1.0674916208430016,-0.1473208806064043,4.659302750457305,1.266183010783346
64.0,130.0,1005.0035400390624,1.488088734200528,3.2964916798764268,-0.081613556681665,3.4931910742310563,-0.4795947022471148,1.19443031097595,1.5983254058784726,0.3030366300005376,3.1093375136026897,1.3517079212642986
64.0,130.0,1005.59716796875,0.8422960777773174,3.0348209215701183,-0.2311176520887816,3.530445462000517,0.731073415144617,1.0838871087870037,1.0526527931079228,-0.2789778063184201,3.525442996103043,1.9314441196361605
64.0,130.0,1005.1682739257812,0.4758226699530498,2.725912301651685,-0.0230184400084026,3.5041163169939864,-0.2839688026094656,0.98246182909671,0.7814411067738086,0.0567855685067581,3.2908997596538847,1.3640380101297185
64.0,130.0,1004.932861328125,1.5796322669745138,2.974669102036052,-0.2759972217390695,3.567574034001228,-0.2093543612178015,1.4940440693796724,1.055340177568717,-0.0056815911348413,3.322450316094878,2.2801882162059304
64.0,130.0,1005.4376220703124,1.4939369051591875,3.208578143175042,-0.0838875551827738,3.6527902052474297,-0.0677512366808728,2.1295316682877434,1.0280783661595605,-0.0117743859456704,3.334761595860714,1.7120512362595308
64.0,130.0,1005.9476318359376,0.0416259073064684,3.056620648095169,0.9059087932371556,3.541676985417584,-0.4558259587305865,-0.3150494321593007,1.05123482986649,-0.0994281152615595,3.238383279985208,1.6565234082160285
64.0,130.0,1006.3308715820312,1.535959406806901,3.012881012953959,-0.1663306996994601,3.5850778383914594,-0.2867194392540477,1.0486903470382465,1.1491035130694829,-0.0172823082687018,3.5717012420075,1.522958118209904
64.0,130.0,1005.1908569335938,1.1023887204012748,3.2341476803645643,-0.201467270177571,2.4973480581935963,-0.1713493341169948,1.0827305179708886,1.376827834472508,0.3857767790946929,3.6663823370834,1.765177587675498
64.0,130.0,1003.884033203125,1.1425112649696187,3.065090117718845,0.592860107788608,2.8071972518327133,0.2549808842303713,0.7688590957311772,1.1434486482266086,0.1774592781213724,3.2904317271738885,1.6652367097735672
64.0,130.0,1004.8756713867188,1.803103039357084,3.04969122379482,-0.2380855070972431,3.544222673085715,-0.3675432124331079,1.0049334701620785,1.0915745130618049,-0.0166428366782459,3.286393579044508,1.7128181502425668
64.0,130.0,1005.5949096679688,1.065741447403239,3.566321993171797,-0.1722097588879127,3.335195644635442,0.4153135222526197,1.6432684793938577,1.2308026718224587,0.3065238812510272,3.32453208933479,1.4181087479272612
64.0,130.0,1005.1708984375,1.5387374172758588,3.0630905424895096,-0.2761169812147975,3.539551483750204,-0.0710913967583387,1.0864629386437223,1.0432566156141505,0.0406253156605319,3.3703392304127733,1.6847979903288934
64.0,130.0,1004.3433227539062,1.5246637626108075,2.588764633984187,-0.2247483509817702,3.541791433209113,-0.2094105942329443,0.0900981966808316,1.4472220790014578,0.3634141441016041,3.275517642189521,1.677631713184814
64.0,130.0,1006.3489990234376,1.5514520891483368,3.057318420357167,-0.2631982522786442,3.525985729806991,-0.211421577591669,1.0871765917978395,1.0592099546980789,-0.0142462550174791,2.96232874565588,1.5743383689854655
64.0,130.0,1005.1350708007812,0.1661038185710084,2.5390123143543657,2.0774916054569346,1.835614257140512,-1.5735118140693944,0.0393769710875324,1.5364656260845004,0.9512514490147672,2.833057723425437,1.6722709438483858
64.0,130.0,1006.7476806640624,1.3783292661069166,2.227281756843792,0.7486796121921748,2.3676098445669496,-0.4352187250238886,0.1295667694666509,1.2582478032152908,0.9678886220425788,1.546052822985894,1.7088008776725607
64.0,130.0,1003.6841430664062,1.5264166200797986,3.063097861613356,-0.215819897253269,3.5490497273888275,-0.2048867388282806,1.0826619122252867,1.0511392207255632,-0.0170243374408754,3.2973942147249127,1.6821927523441609
64.0,130.0,1005.0227661132812,1.1090167985935704,3.054929262949412,0.2138404591139139,3.3785257770175283,-0.2062982807170551,0.6081492878130935,1.0163426512361524,-0.0348229360837541,3.2931519023315508,1.7331119502206431
64.0,130.0,1006.3912353515624,1.0823124156003283,3.145532408020725,0.0937498638335725,4.3492484902596935,-0.983369492477124,0.3045399617600217,1.0355153888892177,-0.6035785196627739,3.47882371336145,1.9749920545649893
64.0,130.0,1003.7677001953124,0.9753379059727132,3.027481911426474,0.8914709442373026,3.6385006360362526,-0.1936568623912141,0.9354252219936228,1.0515023454212475,1.5844169383747184,3.3013099988549235,1.6821957420369034
64.0,130.0,1005.7315063476562,1.5396689441273124,3.0386942734840274,0.0727790596694881,3.99653790662412,-0.2180394714265182,1.1227822176659112,0.9898665587735348,-0.0161734394273001,3.292559616599718,1.7283088665121291
64.0,130.0,1005.9786376953124,1.1755166225902458,3.0139295819900664,-0.2417305383366287,3.616814653335077,-0.2729520402836232,1.8592848557108288,1.1177652924446315,0.1211451494947978,3.912459696901169,2.2316448068592054
64.0,130.0,1004.7403564453124,0.4804166552562906,3.142058809388116,-0.507253232726782,3.78275224637308,-0.5671588827166028,1.1261544357254607,1.4122039073154182,0.5007209311294231,3.503301094810195,1.926829920271378
64.0,130.0,1004.5214233398438,1.3925082887281215,3.065088985864282,-0.1686798461004562,2.4937664364779137,-0.2246521629870259,1.0573601922845028,1.0844478999456344,-0.8866334099558765,3.2654268773896447,1.6563374701400866
64.0,130.0,1006.101806640625,1.5145614614356997,2.994643314133276,-0.4385238738008652,2.6498988515969346,-0.2204737755628775,1.1219320992016055,0.99350013477897,-0.0190371027451072,3.134156782158529,1.6797391789481235
64.0,130.0,1005.6001586914062,0.1781387739601991,2.8222566258346973,-1.2784227836424644,2.158820161725356,-1.3598118191510389,1.8033214309254848,1.4312019484559402,0.0812233307260337,2.5723035292130967,1.5728984824109573
64.0,130.0,1005.8743896484376,0.0594998054986024,2.4736092679713666,-0.1808303602303297,1.535912543515276,-0.2128728184311272,0.8096079746393341,0.1778975985534896,-0.0199302804665875,3.321000599716123,2.4317144383963893
64.0,130.0,1005.768310546875,1.5999854791936896,2.9805356758612893,-0.224463190705871,3.807145392204087,-0.3379384159359995,1.0087144864956603,0.8161970981207121,-0.0299745068515237,3.525817858828421,1.6851147134922917
64.0,131.0,1004.6443481445312,0.6900176227674764,3.063074350782302,-0.3302721781170479,3.0126561550720083,-0.1976159951512532,1.5970259768578052,1.2511792713171723,-0.0167520924344081,3.4265898532482377,1.5636003792452855
64.0,131.0,1006.714599609375,1.1112219897749327,3.061659804709003,-0.0274385792625755,3.561688296560024,0.2064784152974412,1.0738040094079655,1.0688615969128463,-0.0148464613404078,3.8557916142516495,1.5569376775051424
64.0,131.0,1006.1292724609376,0.8825330645131402,3.064174342687368,-0.2362635771631851,3.582316996030628,-0.2074679037536006,0.9559810891053128,1.0531749231574068,-0.0434490340044395,3.286294651604756,2.3253331241426074
64.0,131.0,1005.7072143554688,1.6491448804843336,2.9104453120023,-0.2376035463302053,3.615676320374159,-0.5459213406507523,1.0802436756395946,1.0229389087533642,-0.0226071327225542,3.134768809825729,1.4551102740604491
64.0,131.0,1005.2555541992188,-0.5037094802039921,3.707585390221884,-0.3280569768488796,3.321070462527059,0.979043172621886,-0.4155761280008436,0.9565504599200948,0.2951346271246178,3.295787014291044,2.1819067114242974
64.0,131.0,1008.2530517578124,1.5270982961521142,2.378577058659652,-0.1300141971189669,3.4316988602336704,-0.3495752633471561,0.6940326962933131,0.758785861126745,0.0664492484260929,3.002636118435235,0.7040430065820917
64.0,131.0,1006.2119140625,0.4893625390202833,1.7795423029239368,-0.2283334970089545,3.1277989280704825,0.4981169607027755,1.141197769335064,2.5146578201478693,1.975507430672696,4.311031517865723,2.0922100116751228
64.0,131.0,1005.1494140625,1.4267671879387,2.82151791963309,-0.2050135975394147,3.599402345635524,-0.212234014229664,1.0699343377498252,1.054124327480299,-0.0348381047181509,3.2384919490320403,1.683330061310487
64.0,131.0,1006.1808471679688,1.5044895019604971,4.37353118641234,-0.1123117642728705,3.278240110355435,-0.2710004059046436,1.206590297347884,1.0726861605494895,-0.7094813345437163,3.301103040810469,1.658737095350794
64.0,131.0,1004.5355224609376,-0.2067583177486083,2.156645823399848,1.1237471826284795,3.780946817479548,-0.5114493991580722,1.3470285072754011,1.5426076556614716,0.9251629364195506,3.6326501297850458,1.193605314089168
64.0,131.0,1005.1493530273438,0.5735184706036716,3.028423329307017,0.2644622216036731,2.659398374348958,0.2306337810705419,1.0125999917583286,1.1341537852403114,0.5087035841895886,3.226086612326376,1.548830647479367
64.0,131.0,1004.7785034179688,0.6991135168312739,2.894738252833397,-0.2188575842976097,3.4645647397683965,-0.2438181442738039,1.0991670823590096,0.687295206439572,1.314428712403647,3.3101250531130244,1.6781756112361752
64.0,131.0,1006.7550048828124,1.7724945126995004,3.0703987008149776,0.1826723068202544,3.2010081142690723,-0.121466419569273,1.2303004122357388,1.0661233202080411,-0.0710318298801985,3.2991645041737008,1.720742171507914
64.0,131.0,1005.6038818359376,1.308516753266523,2.1752865939900867,0.1815601508968082,4.19439705578338,-0.2059303139175663,1.0777198568117343,1.0908442654933863,0.2003939982353898,2.6281803945220314,1.684505779710975
64.0,131.0,1005.079833984375,0.8078773908434,3.0635542735379326,-0.2222773718837908,3.644619233544741,-0.0438507735814526,1.4232936018416082,0.7302359461628485,0.463335757005806,3.131559441489576,1.6311643300045815
64.0,131.0,1006.5872802734376,0.2656690085363156,2.8994275720441487,-0.0359203097652873,2.439288483665521,-0.403613583524778,2.160790506390417,1.4511060060394816,0.484404972217794,3.372222679109396,2.807072668682597
64.0,131.0,1005.7649536132812,0.2825466944237913,3.223371955913502,-1.130107795435179,3.475165291581171,-1.048330892200188,0.6773142097574366,1.7224453178602437,-0.0116344510771347,2.978858171781275,1.664112733334867
64.0,131.0,1003.8233642578124,1.028523366259821,3.0628461474330293,-0.3204188298828894,3.0167776901382988,0.2647472536681213,1.306874930918926,0.9514498344110252,-0.5399432597472117,3.348110656193866,0.8965220619264871
64.0,131.0,1006.2741088867188,1.643031542836416,3.606370926934152,-0.6934784640503268,3.544777025413626,-0.1168117638030309,0.939111865717292,1.235370936060419,0.8014975999324441,3.270795648100955,1.6707495569788469
64.0,131.0,1005.4580688476562,1.714830991173177,3.0751933772525515,-0.3198873779630757,3.0600901733655563,-0.3336865919117254,1.041410814400998,0.9802931378106874,-0.0717430790773777,3.30035801474969,1.62578042127942
64.0,131.0,1006.1286010742188,1.5630251164579407,3.034072154337606,-0.2144607478813976,3.3747890166807086,-0.1840946200972616,1.0834848120091078,1.505132191142844,0.0986427251527393,3.2971237436003165,1.6407078622033984
64.0,131.0,1004.8368530273438,-0.0192859539180938,3.1458012448024646,-0.4052589456220559,3.5837623621294377,-0.4446218579421889,1.004306573519272,1.0674916208430016,-0.1473208806064043,4.659302750457305,1.266183010783346
64.0,131.0,1005.0035400390624,1.488088734200528,3.2964916798764268,-0.081613556681665,3.4931910742310563,-0.4795947022471148,1.19443031097595,1.5983254058784726,0.3030366300005376,3.1093375136026897,1.3517079212642986
64.0,131.0,1005.59716796875,0.8422960777773174,3.0348209215701183,-0.2311176520887816,3.530445462000517,0.731073415144617,1.0838871087870037,1.0526527931079228,-0.2789778063184201,3.525442996103043,1.9314441196361605
64.0,131.0,1005.1682739257812,0.4758226699530498,2.725912301651685,-0.0230184400084026,3.5041163169939864,-0.2839688026094656,0.98246182909671,0.7814411067738086,0.0567855685067581,3.2908997596538847,1.3640380101297185
64.0,131.0,1004.932861328125,1.5796322669745138,2.974669102036052,-0.2759972217390695,3.567574034001228,-0.2093543612178015,1.4940440693796724,1.055340177568717,-0.0056815911348413,3.322450316094878,2.2801882162059304
64.0,131.0,1005.4376220703124,1.4939369051591875,3.208578143175042,-0.0838875551827738,3.6527902052474297,-0.0677512366808728,2.1295316682877434,1.0280783661595605,-0.0117743859456704,3.334761595860714,1.7120512362595308
64.0,131.0,1005.9476318359376,0.0416259073064684,3.056620648095169,0.9059087932371556,3.541676985417584,-0.4558259587305865,-0.3150494321593007,1.05123482986649,-0.0994281152615595,3.238383279985208,1.6565234082160285
64.0,131.0,1006.3308715820312,1.535959406806901,3.012881012953959,-0.1663306996994601,3.5850778383914594,-0.2867194392540477,1.0486903470382465,1.1491035130694829,-0.0172823082687018,3.5717012420075,1.522958118209904
64.0,131.0,1005.1908569335938,1.1023887204012748,3.2341476803645643,-0.201467270177571,2.4973480581935963,-0.1713493341169948,1.0827305179708886,1.376827834472508,0.3857767790946929,3.6663823370834,1.765177587675498
64.0,131.0,1003.884033203125,1.1425112649696187,3.065090117718845,0.592860107788608,2.8071972518327133,0.2549808842303713,0.7688590957311772,1.1434486482266086,0.1774592781213724,3.2904317271738885,1.6652367097735672
64.0,131.0,1004.8756713867188,1.803103039357084,3.04969122379482,-0.2380855070972431,3.544222673085715,-0.3675432124331079,1.0049334701620785,1.0915745130618049,-0.0166428366782459,3.286393579044508,1.7128181502425668
64.0,131.0,1005.5949096679688,1.065741447403239,3.566321993171797,-0.1722097588879127,3.335195644635442,0.4153135222526197,1.6432684793938577,1.2308026718224587,0.3065238812510272,3.32453208933479,1.4181087479272612
64.0,131.0,1005.1708984375,1.5387374172758588,3.0630905424895096,-0.2761169812147975,3.539551483750204,-0.0710913967583387,1.0864629386437223,1.0432566156141505,0.0406253156605319,3.3703392304127733,1.6847979903288934
64.0,131.0,1004.3433227539062,1.5246637626108075,2.588764633984187,-0.2247483509817702,3.541791433209113,-0.2094105942329443,0.0900981966808316,1.4472220790014578,0.3634141441016041,3.275517642189521,1.677631713184814
64.0,131.0,1006.3489990234376,1.5514520891483368,3.057318420357167,-0.2631982522786442,3.525985729806991,-0.211421577591669,1.0871765917978395,1.0592099546980789,-0.0142462550174791,2.96232874565588,1.5743383689854655
64.0,131.0,1005.1350708007812,0.1661038185710084,2.5390123143543657,2.0774916054569346,1.835614257140512,-1.5735118140693944,0.0393769710875324,1.5364656260845004,0.9512514490147672,2.833057723425437,1.6722709438483858
64.0,131.0,1006.7476806640624,1.3783292661069166,2.227281756843792,0.7486796121921748,2.3676098445669496,-0.4352187250238886,0.1295667694666509,1.2582478032152908,0.9678886220425788,1.546052822985894,1.7088008776725607
64.0,131.0,1003.6841430664062,1.5264166200797986,3.063097861613356,-0.215819897253269,3.5490497273888275,-0.2048867388282806,1.0826619122252867,1.0511392207255632,-0.0170243374408754,3.2973942147249127,1.6821927523441609
64.0,131.0,1005.0227661132812,1.1090167985935704,3.054929262949412,0.2138404591139139,3.3785257770175283,-0.2062982807170551,0.6081492878130935,1.0163426512361524,-0.0348229360837541,3.2931519023315508,1.7331119502206431
64.0,131.0,1006.3912353515624,1.0823124156003283,3.145532408020725,0.0937498638335725,4.3492484902596935,-0.983369492477124,0.3045399617600217,1.0355153888892177,-0.6035785196627739,3.47882371336145,1.9749920545649893
64.0,131.0,1003.7677001953124,0.9753379059727132,3.027481911426474,0.8914709442373026,3.6385006360362526,-0.1936568623912141,0.9354252219936228,1.0515023454212475,1.5844169383747184,3.3013099988549235,1.6821957420369034
64.0,131.0,1005.7315063476562,1.5396689441273124,3.0386942734840274,0.0727790596694881,3.99653790662412,-0.2180394714265182,1.1227822176659112,0.9898665587735348,-0.0161734394273001,3.292559616599718,1.7283088665121291
64.0,131.0,1005.9786376953124,1.1755166225902458,3.0139295819900664,-0.2417305383366287,3.616814653335077,-0.2729520402836232,1.8592848557108288,1.1177652924446315,0.1211451494947978,3.912459696901169,2.2316448068592054
64.0,131.0,1004.7403564453124,0.4804166552562906,3.142058809388116,-0.507253232726782,3.78275224637308,-0.5671588827166028,1.1261544357254607,1.4122039073154182,0.5007209311294231,3.503301094810195,1.926829920271378
64.0,131.0,1004.5214233398438,1.3925082887281215,3.065088985864282,-0.1686798461004562,2.4937664364779137,-0.2246521629870259,1.0573601922845028,1.0844478999456344,-0.8866334099558765,3.2654268773896447,1.6563374701400866
64.0,131.0,1006.101806640625,1.5145614614356997,2.994643314133276,-0.4385238738008652,2.6498988515969346,-0.2204737755628775,1.1219320992016055,0.99350013477897,-0.0190371027451072,3.134156782158529,1.6797391789481235
64.0,131.0,1005.6001586914062,0.1781387739601991,2.8222566258346973,-1.2784227836424644,2.158820161725356,-1.3598118191510389,1.8033214309254848,1.4312019484559402,0.0812233307260337,2.5723035292130967,1.5728984824109573
64.0,131.0,1005.8743896484376,0.0594998054986024,2.4736092679713666,-0.1808303602303297,1.535912543515276,-0.2128728184311272,0.8096079746393341,0.1778975985534896,-0.0199302804665875,3.321000599716123,2.4317144383963893
64.0,131.0,1005.768310546875,1.5999854791936896,2.9805356758612893,-0.224463190705871,3.807145392204087,-0.3379384159359995,1.0087144864956603,0.8161970981207121,-0.0299745068515237,3.525817858828421,1.6851147134922917
64.0,132.0,1004.6443481445312,0.6900176227674764,3.063074350782302,-0.3302721781170479,3.0126561550720083,-0.1976159951512532,1.5970259768578052,1.2511792713171723,-0.0167520924344081,3.4265898532482377,1.5636003792452855
64.0,132.0,1006.714599609375,1.1112219897749327,3.061659804709003,-0.0274385792625755,3.561688296560024,0.2064784152974412,1.0738040094079655,1.0688615969128463,-0.0148464613404078,3.8557916142516495,1.5569376775051424
64.0,132.0,1006.1292724609376,0.8825330645131402,3.064174342687368,-0.2362635771631851,3.582316996030628,-0.2074679037536006,0.9559810891053128,1.0531749231574068,-0.0434490340044395,3.286294651604756,2.3253331241426074
64.0,132.0,1005.7072143554688,1.6491448804843336,2.9104453120023,-0.2376035463302053,3.615676320374159,-0.5459213406507523,1.0802436756395946,1.0229389087533642,-0.0226071327225542,3.134768809825729,1.4551102740604491
64.0,132.0,1005.2555541992188,-0.5037094802039921,3.707585390221884,-0.3280569768488796,3.321070462527059,0.979043172621886,-0.4155761280008436,0.9565504599200948,0.2951346271246178,3.295787014291044,2.1819067114242974
64.0,132.0,1008.2530517578124,1.5270982961521142,2.378577058659652,-0.1300141971189669,3.4316988602336704,-0.3495752633471561,0.6940326962933131,0.758785861126745,0.0664492484260929,3.002636118435235,0.7040430065820917
64.0,132.0,1006.2119140625,0.4893625390202833,1.7795423029239368,-0.2283334970089545,3.1277989280704825,0.4981169607027755,1.141197769335064,2.5146578201478693,1.975507430672696,4.311031517865723,2.0922100116751228
64.0,132.0,1005.1494140625,1.4267671879387,2.82151791963309,-0.2050135975394147,3.599402345635524,-0.212234014229664,1.0699343377498252,1.054124327480299,-0.0348381047181509,3.2384919490320403,1.683330061310487
64.0,132.0,1006.1808471679688,1.5044895019604971,4.37353118641234,-0.1123117642728705,3.278240110355435,-0.2710004059046436,1.206590297347884,1.0726861605494895,-0.7094813345437163,3.301103040810469,1.658737095350794
64.0,132.0,1004.5355224609376,-0.2067583177486083,2.156645823399848,1.1237471826284795,3.780946817479548,-0.5114493991580722,1.3470285072754011,1.5426076556614716,0.9251629364195506,3.6326501297850458,1.193605314089168
64.0,132.0,1005.1493530273438,0.5735184706036716,3.028423329307017,0.2644622216036731,2.659398374348958,0.2306337810705419,1.0125999917583286,1.1341537852403114,0.5087035841895886,3.226086612326376,1.548830647479367
64.0,132.0,1004.7785034179688,0.6991135168312739,2.894738252833397,-0.2188575842976097,3.4645647397683965,-0.2438181442738039,1.0991670823590096,0.687295206439572,1.314428712403647,3.3101250531130244,1.6781756112361752
64.0,132.0,1006.7550048828124,1.7724945126995004,3.0703987008149776,0.1826723068202544,3.2010081142690723,-0.121466419569273,1.2303004122357388,1.0661233202080411,-0.0710318298801985,3.2991645041737008,1.720742171507914
64.0,132.0,1005.6038818359376,1.308516753266523,2.1752865939900867,0.1815601508968082,4.19439705578338,-0.2059303139175663,1.0777198568117343,1.0908442654933863,0.2003939982353898,2.6281803945220314,1.684505779710975
64.0,132.0,1005.079833984375,0.8078773908434,3.0635542735379326,-0.2222773718837908,3.644619233544741,-0.0438507735814526,1.4232936018416082,0.7302359461628485,0.463335757005806,3.131559441489576,1.6311643300045815
64.0,132.0,1006.5872802734376,0.2656690085363156,2.8994275720441487,-0.0359203097652873,2.439288483665521,-0.403613583524778,2.160790506390417,1.4511060060394816,0.484404972217794,3.372222679109396,2.807072668682597
64.0,132.0,1005.7649536132812,0.2825466944237913,3.223371955913502,-1.130107795435179,3.475165291581171,-1.048330892200188,0.6773142097574366,1.7224453178602437,-0.0116344510771347,2.978858171781275,1.664112733334867
64.0,132.0,1003.8233642578124,1.028523366259821,3.0628461474330293,-0.3204188298828894,3.0167776901382988,0.2647472536681213,1.306874930918926,0.9514498344110252,-0.5399432597472117,3.348110656193866,0.8965220619264871
64.0,132.0,1006.2741088867188,1.643031542836416,3.606370926934152,-0.6934784640503268,3.544777025413626,-0.1168117638030309,0.939111865717292,1.235370936060419,0.8014975999324441,3.270795648100955,1.6707495569788469
64.0,132.0,1005.4580688476562,1.714830991173177,3.0751933772525515,-0.3198873779630757,3.0600901733655563,-0.3336865919117254,1.041410814400998,0.9802931378106874,-0.0717430790773777,3.30035801474969,1.62578042127942
64.0,132.0,1006.1286010742188,1.5630251164579407,3.034072154337606,-0.2144607478813976,3.3747890166807086,-0.1840946200972616,1.0834848120091078,1.505132191142844,0.0986427251527393,3.2971237436003165,1.6407078622033984
64.0,132.0,1004.8368530273438,-0.0192859539180938,3.1458012448024646,-0.4052589456220559,3.5837623621294377,-0.4446218579421889,1.004306573519272,1.0674916208430016,-0.1473208806064043,4.659302750457305,1.266183010783346
64.0,132.0,1005.0035400390624,1.488088734200528,3.2964916798764268,-0.081613556681665,3.4931910742310563,-0.4795947022471148,1.19443031097595,1.5983254058784726,0.3030366300005376,3.1093375136026897,1.3517079212642986
64.0,132.0,1005.59716796875,0.8422960777773174,3.0348209215701183,-0.2311176520887816,3.530445462000517,0.731073415144617,1.0838871087870037,1.0526527931079228,-0.2789778063184201,3.525442996103043,1.9314441196361605
64.0,132.0,1005.1682739257812,0.4758226699530498,2.725912301651685,-0.0230184400084026,3.5041163169939864,-0.2839688026094656,0.98246182909671,0.7814411067738086,0.0567855685067581,3.2908997596538847,1.3640380101297185
64.0,132.0,1004.932861328125,1.5796322669745138,2.974669102036052,-0.2759972217390695,3.567574034001228,-0.2093543612178015,1.4940440693796724,1.055340177568717,-0.0056815911348413,3.322450316094878,2.2801882162059304
64.0,132.0,1005.4376220703124,1.4939369051591875,3.208578143175042,-0.0838875551827738,3.6527902052474297,-0.0677512366808728,2.1295316682877434,1.0280783661595605,-0.0117743859456704,3.334761595860714,1.7120512362595308
64.0,132.0,1005.9476318359376,0.0416259073064684,3.056620648095169,0.9059087932371556,3.541676985417584,-0.4558259587305865,-0.3150494321593007,1.05123482986649,-0.0994281152615595,3.238383279985208,1.6565234082160285
64.0,132.0,1006.3308715820312,1.535959406806901,3.012881012953959,-0.1663306996994601,3.5850778383914594,-0.2867194392540477,1.0486903470382465,1.1491035130694829,-0.0172823082687018,3.5717012420075,1.522958118209904
64.0,132.0,1005.1908569335938,1.1023887204012748,3.2341476803645643,-0.201467270177571,2.4973480581935963,-0.1713493341169948,1.0827305179708886,1.376827834472508,0.3857767790946929,3.6663823370834,1.765177587675498
64.0,132.0,1003.884033203125,1.1425112649696187,3.065090117718845,0.592860107788608,2.8071972518327133,0.2549808842303713,0.7688590957311772,1.1434486482266086,0.1774592781213724,3.2904317271738885,1.6652367097735672
64.0,132.0,1004.8756713867188,1.803103039357084,3.04969122379482,-0.2380855070972431,3.544222673085715,-0.3675432124331079,1.0049334701620785,1.0915745130618049,-0.0166428366782459,3.286393579044508,1.7128181502425668
64.0,132.0,1005.5949096679688,1.065741447403239,3.566321993171797,-0.1722097588879127,3.335195644635442,0.4153135222526197,1.6432684793938577,1.2308026718224587,0.3065238812510272,3.32453208933479,1.4181087479272612
64.0,132.0,1005.1708984375,1.5387374172758588,3.0630905424895096,-0.2761169812147975,3.539551483750204,-0.0710913967583387,1.0864629386437223,1.0432566156141505,0.0406253156605319,3.3703392304127733,1.6847979903288934
64.0,132.0,1004.3433227539062,1.5246637626108075,2.588764633984187,-0.2247483509817702,3.541791433209113,-0.2094105942329443,0.0900981966808316,1.4472220790014578,0.3634141441016041,3.275517642189521,1.677631713184814
64.0,132.0,1006.3489990234376,1.5514520891483368,3.057318420357167,-0.2631982522786442,3.525985729806991,-0.211421577591669,1.0871765917978395,1.0592099546980789,-0.0142462550174791,2.96232874565588,1.5743383689854655
64.0,132.0,1005.1350708007812,0.1661038185710084,2.5390123143543657,2.0774916054569346,1.835614257140512,-1.5735118140693944,0.0393769710875324,1.5364656260845004,0.9512514490147672,2.833057723425437,1.6722709438483858
64.0,132.0,1006.7476806640624,1.3783292661069166,2.227281756843792,0.7486796121921748,2.3676098445669496,-0.4352187250238886,0.1295667694666509,1.2582478032152908,0.9678886220425788,1.546052822985894,1.7088008776725607
64.0,132.0,1003.6841430664062,1.5264166200797986,3.063097861613356,-0.215819897253269,3.5490497273888275,-0.2048867388282806,1.0826619122252867,1.0511392207255632,-0.0170243374408754,3.2973942147249127,1.6821927523441609
64.0,132.0,1005.0227661132812,1.1090167985935704,3.054929262949412,0.2138404591139139,3.3785257770175283,-0.2062982807170551,0.6081492878130935,1.0163426512361524,-0.0348229360837541,3.2931519023315508,1.7331119502206431
64.0,132.0,1006.3912353515624,1.0823124156003283,3.145532408020725,0.0937498638335725,4.3492484902596935,-0.983369492477124,0.3045399617600217,1.0355153888892177,-0.6035785196627739,3.47882371336145,1.9749920545649893
64.0,132.0,1003.7677001953124,0.9753379059727132,3.027481911426474,0.8914709442373026,3.6385006360362526,-0.1936568623912141,0.9354252219936228,1.0515023454212475,1.5844169383747184,3.3013099988549235,1.6821957420369034
64.0,132.0,1005.7315063476562,1.5396689441273124,3.0386942734840274,0.0727790596694881,3.99653790662412,-0.2180394714265182,1.1227822176659112,0.9898665587735348,-0.0161734394273001,3.292559616599718,1.7283088665121291
64.0,132.0,1005.9786376953124,1.1755166225902458,3.0139295819900664,-0.2417305383366287,3.616814653335077,-0.2729520402836232,1.8592848557108288,1.1177652924446315,0.1211451494947978,3.912459696901169,2.2316448068592054
64.0,132.0,1004.7403564453124,0.4804166552562906,3.142058809388116,-0.507253232726782,3.78275224637308,-0.5671588827166028,1.1261544357254607,1.4122039073154182,0.5007209311294231,3.503301094810195,1.926829920271378
64.0,132.0,1004.5214233398438,1.3925082887281215,3.065088985864282,-0.1686798461004562,2.4937664364779137,-0.2246521629870259,1.0573601922845028,1.0844478999456344,-0.8866334099558765,3.2654268773896447,1.6563374701400866
64.0,132.0,1006.101806640625,1.5145614614356997,2.994643314133276,-0.4385238738008652,2.6498988515969346,-0.2204737755628775,1.1219320992016055,0.99350013477897,-0.0190371027451072,3.134156782158529,1.6797391789481235
64.0,132.0,1005.6001586914062,0.1781387739601991,2.8222566258346973,-1.2784227836424644,2.158820161725356,-1.3598118191510389,1.8033214309254848,1.4312019484559402,0.0812233307260337,2.5723035292130967,1.5728984824109573
64.0,132.0,1005.8743896484376,0.0594998054986024,2.4736092679713666,-0.1808303602303297,1.535912543515276,-0.2128728184311272,0.8096079746393341,0.1778975985534896,-0.0199302804665875,3.321000599716123,2.4317144383963893
64.0,132.0,1005.768310546875,1.5999854791936896,2.9805356758612893,-0.224463190705871,3.807145392204087,-0.3379384159359995,1.0087144864956603,0.8161970981207121,-0.0299745068515237,3.525817858828421,1.6851147134922917
64.0,133.0,1004.6443481445312,0.6900176227674764,3.063074350782302,-0.3302721781170479,3.0126561550720083,-0.1976159951512532,1.5970259768578052,1.2511792713171723,-0.0167520924344081,3.4265898532482377,1.5636003792452855
64.0,133.0,1006.714599609375,1.1112219897749327,3.061659804709003,-0.0274385792625755,3.561688296560024,0.2064784152974412,1.0738040094079655,1.0688615969128463,-0.0148464613404078,3.8557916142516495,1.5569376775051424
64.0,133.0,1006.1292724609376,0.8825330645131402,3.064174342687368,-0.2362635771631851,3.582316996030628,-0.2074679037536006,0.9559810891053128,1.0531749231574068,-0.0434490340044395,3.286294651604756,2.3253331241426074
64.0,133.0,1005.7072143554688,1.6491448804843336,2.9104453120023,-0.2376035463302053,3.615676320374159,-0.5459213406507523,1.0802436756395946,1.0229389087533642,-0.0226071327225542,3.134768809825729,1.4551102740604491
64.0,133.0,1005.2555541992188,-0.5037094802039921,3.707585390221884,-0.3280569768488796,3.321070462527059,0.979043172621886,-0.4155761280008436,0.9565504599200948,0.2951346271246178,3.295787014291044,2.1819067114242974
64.0,133.0,1008.2530517578124,1.5270982961521142,2.378577058659652,-0.1300141971189669,3.4316988602336704,-0.3495752633471561,0.6940326962933131,0.758785861126745,0.0664492484260929,3.002636118435235,0.7040430065820917
64.0,133.0,1006.2119140625,0.4893625390202833,1.7795423029239368,-0.2283334970089545,3.1277989280704825,0.4981169607027755,1.141197769335064,2.5146578201478693,1.975507430672696,4.311031517865723,2.0922100116751228
64.0,133.0,1005.1494140625,1.4267671879387,2.82151791963309,-0.2050135975394147,3.599402345635524,-0.212234014229664,1.0699343377498252,1.054124327480299,-0.0348381047181509,3.2384919490320403,1.683330061310487
64.0,133.0,1006.1808471679688,1.5044895019604971,4.37353118641234,-0.1123117642728705,3.278240110355435,-0.2710004059046436,1.206590297347884,1.0726861605494895,-0.7094813345437163,3.301103040810469,1.658737095350794
64.0,133.0,1004.5355224609376,-0.2067583177486083,2.156645823399848,1.1237471826284795,3.780946817479548,-0.5114493991580722,1.3470285072754011,1.5426076556614716,0.9251629364195506,3.6326501297850458,1.193605314089168
64.0,133.0,1005.1493530273438,0.5735184706036716,3.028423329307017,0.2644622216036731,2.659398374348958,0.2306337810705419,1.0125999917583286,1.1341537852403114,0.5087035841895886,3.226086612326376,1.548830647479367
64.0,133.0,1004.7785034179688,0.6991135168312739,2.894738252833397,-0.2188575842976097,3.4645647397683965,-0.2438181442738039,1.0991670823590096,0.687295206439572,1.314428712403647,3.3101250531130244,1.6781756112361752
64.0,133.0,1006.7550048828124,1.7724945126995004,3.0703987008149776,0.1826723068202544,3.2010081142690723,-0.121466419569273,1.2303004122357388,1.0661233202080411,-0.0710318298801985,3.2991645041737008,1.720742171507914
64.0,133.0,1005.6038818359376,1.308516753266523,2.1752865939900867,0.1815601508968082,4.19439705578338,-0.2059303139175663,1.0777198568117343,1.0908442654933863,0.2003939982353898,2.6281803945220314,1.684505779710975
64.0,133.0,1005.079833984375,0.8078773908434,3.0635542735379326,-0.2222773718837908,3.644619233544741,-0.0438507735814526,1.4232936018416082,0.7302359461628485,0.463335757005806,3.131559441489576,1.6311643300045815
64.0,133.0,1006.5872802734376,0.2656690085363156,2.8994275720441487,-0.0359203097652873,2.439288483665521,-0.403613583524778,2.160790506390417,1.4511060060394816,0.484404972217794,3.372222679109396,2.807072668682597
64.0,133.0,1005.7649536132812,0.2825466944237913,3.223371955913502,-1.130107795435179,3.475165291581171,-1.048330892200188,0.6773142097574366,1.7224453178602437,-0.0116344510771347,2.978858171781275,1.664112733334867
64.0,133.0,1003.8233642578124,1.028523366259821,3.0628461474330293,-0.3204188298828894,3.0167776901382988,0.2647472536681213,1.306874930918926,0.9514498344110252,-0.5399432597472117,3.348110656193866,0.8965220619264871
64.0,133.0,1006.2741088867188,1.643031542836416,3.606370926934152,-0.6934784640503268,3.544777025413626,-0.1168117638030309,0.939111865717292,1.235370936060419,0.8014975999324441,3.270795648100955,1.6707495569788469
64.0,133.0,1005.4580688476562,1.714830991173177,3.0751933772525515,-0.3198873779630757,3.0600901733655563,-0.3336865919117254,1.041410814400998,0.9802931378106874,-0.0717430790773777,3.30035801474969,1.62578042127942
64.0,133.0,1006.1286010742188,1.5630251164579407,3.034072154337606,-0.2144607478813976,3.3747890166807086,-0.1840946200972616,1.0834848120091078,1.505132191142844,0.0986427251527393,3.2971237436003165,1.6407078622033984
64.0,133.0,1004.8368530273438,-0.0192859539180938,3.1458012448024646,-0.4052589456220559,3.5837623621294377,-0.4446218579421889,1.004306573519272,1.0674916208430016,-0.1473208806064043,4.659302750457305,1.266183010783346
64.0,133.0,1005.0035400390624,1.488088734200528,3.2964916798764268,-0.081613556681665,3.4931910742310563,-0.4795947022471148,1.19443031097595,1.5983254058784726,0.3030366300005376,3.1093375136026897,1.3517079212642986
64.0,133.0,1005.59716796875,0.8422960777773174,3.0348209215701183,-0.2311176520887816,3.530445462000517,0.731073415144617,1.0838871087870037,1.0526527931079228,-0.2789778063184201,3.525442996103043,1.9314441196361605
64.0,133.0,1005.1682739257812,0.4758226699530498,2.725912301651685,-0.0230184400084026,3.5041163169939864,-0.2839688026094656,0.98246182909671,0.7814411067738086,0.0567855685067581,3.2908997596538847,1.3640380101297185
64.0,133.0,1004.932861328125,1.5796322669745138,2.974669102036052,-0.2759972217390695,3.567574034001228,-0.2093543612178015,1.4940440693796724,1.055340177568717,-0.0056815911348413,3.322450316094878,2.2801882162059304
64.0,133.0,1005.4376220703124,1.4939369051591875,3.208578143175042,-0.0838875551827738,3.6527902052474297,-0.0677512366808728,2.1295316682877434,1.0280783661595605,-0.0117743859456704,3.334761595860714,1.7120512362595308
64.0,133.0,1005.9476318359376,0.0416259073064684,3.056620648095169,0.9059087932371556,3.541676985417584,-0.4558259587305865,-0.3150494321593007,1.05123482986649,-0.0994281152615595,3.238383279985208,1.6565234082160285
64.0,133.0,1006.3308715820312,1.535959406806901,3.012881012953959,-0.1663306996994601,3.5850778383914594,-0.2867194392540477,1.0486903470382465,1.1491035130694829,-0.0172823082687018,3.5717012420075,1.522958118209904
64.0,133.0,1005.1908569335938,1.1023887204012748,3.2341476803645643,-0.201467270177571,2.4973480581935963,-0.1713493341169948,1.0827305179708886,1.376827834472508,0.3857767790946929,3.6663823370834,1.765177587675498
64.0,133.0,1003.884033203125,1.1425112649696187,3.065090117718845,0.592860107788608,2.8071972518327133,0.2549808842303713,0.7688590957311772,1.1434486482266086,0.1774592781213724,3.2904317271738885,1.6652367097735672
64.0,133.0,1004.8756713867188,1.803103039357084,3.04969122379482,-0.2380855070972431,3.544222673085715,-0.3675432124331079,1.0049334701620785,1.0915745130618049,-0.0166428366782459,3.286393579044508,1.7128181502425668
64.0,133.0,1005.5949096679688,1.065741447403239,3.566321993171797,-0.1722097588879127,3.335195644635442,0.4153135222526197,1.6432684793938577,1.2308026718224587,0.3065238812510272,3.32453208933479,1.4181087479272612
64.0,133.0,1005.1708984375,1.5387374172758588,3.0630905424895096,-0.2761169812147975,3.539551483750204,-0.0710913967583387,1.0864629386437223,1.0432566156141505,0.0406253156605319,3.3703392304127733,1.6847979903288934
64.0,133.0,1004.3433227539062,1.5246637626108075,2.588764633984187,-0.2247483509817702,3.541791433209113,-0.2094105942329443,0.0900981966808316,1.4472220790014578,0.3634141441016041,3.275517642189521,1.677631713184814
64.0,133.0,1006.3489990234376,1.5514520891483368,3.057318420357167,-0.2631982522786442,3.525985729806991,-0.211421577591669,1.0871765917978395,1.0592099546980789,-0.0142462550174791,2.96232874565588,1.5743383689854655
64.0,133.0,1005.1350708007812,0.1661038185710084,2.5390123143543657,2.0774916054569346,1.835614257140512,-1.5735118140693944,0.0393769710875324,1.5364656260845004,0.9512514490147672,2.833057723425437,1.6722709438483858
64.0,133.0,1006.7476806640624,1.3783292661069166,2.227281756843792,0.7486796121921748,2.3676098445669496,-0.4352187250238886,0.1295667694666509,1.2582478032152908,0.9678886220425788,1.546052822985894,1.7088008776725607
64.0,133.0,1003.6841430664062,1.5264166200797986,3.063097861613356,-0.215819897253269,3.5490497273888275,-0.2048867388282806,1.0826619122252867,1.0511392207255632,-0.0170243374408754,3.2973942147249127,1.6821927523441609
64.0,133.0,1005.0227661132812,1.1090167985935704,3.054929262949412,0.2138404591139139,3.3785257770175283,-0.2062982807170551,0.6081492878130935,1.0163426512361524,-0.0348229360837541,3.2931519023315508,1.7331119502206431
64.0,133.0,1006.3912353515624,1.0823124156003283,3.145532408020725,0.0937498638335725,4.3492484902596935,-0.983369492477124,0.3045399617600217,1.0355153888892177,-0.6035785196627739,3.47882371336145,1.9749920545649893
64.0,133.0,1003.7677001953124,0.9753379059727132,3.027481911426474,0.8914709442373026,3.6385006360362526,-0.1936568623912141,0.9354252219936228,1.0515023454212475,1.5844169383747184,3.3013099988549235,1.6821957420369034
64.0,133.0,1005.7315063476562,1.5396689441273124,3.0386942734840274,0.0727790596694881,3.99653790662412,-0.2180394714265182,1.1227822176659112,0.9898665587735348,-0.0161734394273001,3.292559616599718,1.7283088665121291
64.0,133.0,1005.9786376953124,1.1755166225902458,3.0139295819900664,-0.2417305383366287,3.616814653335077,-0.2729520402836232,1.8592848557108288,1.1177652924446315,0.1211451494947978,3.912459696901169,2.2316448068592054
64.0,133.0,1004.7403564453124,0.4804166552562906,3.142058809388116,-0.507253232726782,3.78275224637308,-0.5671588827166028,1.1261544357254607,1.4122039073154182,0.5007209311294231,3.503301094810195,1.926829920271378
64.0,133.0,1004.5214233398438,1.3925082887281215,3.065088985864282,-0.1686798461004562,2.4937664364779137,-0.2246521629870259,1.0573601922845028,1.0844478999456344,-0.8866334099558765,3.2654268773896447,1.6563374701400866
64.0,133.0,1006.101806640625,1.5145614614356997,2.994643314133276,-0.4385238738008652,2.6498988515969346,-0.2204737755628775,1.1219320992016055,0.99350013477897,-0.0190371027451072,3.134156782158529,1.6797391789481235
64.0,133.0,1005.6001586914062,0.1781387739601991,2.8222566258346973,-1.2784227836424644,2.158820161725356,-1.3598118191510389,1.8033214309254848,1.4312019484559402,0.0812233307260337,2.5723035292130967,1.5728984824109573
64.0,133.0,1005.8743896484376,0.0594998054986024,2.4736092679713666,-0.1808303602303297,1.535912543515276,-0.2128728184311272,0.8096079746393341,0.1778975985534896,-0.0199302804665875,3.321000599716123,2.4317144383963893
64.0,133.0,1005.768310546875,1.5999854791936896,2.9805356758612893,-0.224463190705871,3.807145392204087,-0.3379384159359995,1.0087144864956603,0.8161970981207121,-0.0299745068515237,3.525817858828421,1.6851147134922917
64.0,134.0,1004.6443481445312,0.6900176227674764,3.063074350782302,-0.3302721781170479,3.0126561550720083,-0.1976159951512532,1.5970259768578052,1.2511792713171723,-0.0167520924344081,3.4265898532482377,1.5636003792452855
64.0,134.0,1006.714599609375,1.1112219897749327,3.061659804709003,-0.0274385792625755,3.561688296560024,0.2064784152974412,1.0738040094079655,1.0688615969128463,-0.0148464613404078,3.8557916142516495,1.5569376775051424
64.0,134.0,1006.1292724609376,0.8825330645131402,3.064174342687368,-0.2362635771631851,3.582316996030628,-0.2074679037536006,0.9559810891053128,1.0531749231574068,-0.0434490340044395,3.286294651604756,2.3253331241426074
64.0,134.0,1005.7072143554688,1.6491448804843336,2.9104453120023,-0.2376035463302053,3.615676320374159,-0.5459213406507523,1.0802436756395946,1.0229389087533642,-0.0226071327225542,3.134768809825729,1.4551102740604491
64.0,134.0,1005.2555541992188,-0.5037094802039921,3.707585390221884,-0.3280569768488796,3.321070462527059,0.979043172621886,-0.4155761280008436,0.9565504599200948,0.2951346271246178,3.295787014291044,2.1819067114242974
64.0,134.0,1008.2530517578124,1.5270982961521142,2.378577058659652,-0.1300141971189669,3.4316988602336704,-0.3495752633471561,0.6940326962933131,0.758785861126745,0.0664492484260929,3.002636118435235,0.7040430065820917
64.0,134.0,1006.2119140625,0.4893625390202833,1.7795423029239368,-0.2283334970089545,3.1277989280704825,0.4981169607027755,1.141197769335064,2.5146578201478693,1.975507430672696,4.311031517865723,2.0922100116751228
64.0,134.0,1005.1494140625,1.4267671879387,2.82151791963309,-0.2050135975394147,3.599402345635524,-0.212234014229664,1.0699343377498252,1.054124327480299,-0.0348381047181509,3.2384919490320403,1.683330061310487
64.0,134.0,1006.1808471679688,1.5044895019604971,4.37353118641234,-0.1123117642728705,3.278240110355435,-0.2710004059046436,1.206590297347884,1.0726861605494895,-0.7094813345437163,3.301103040810469,1.658737095350794
64.0,134.0,1004.5355224609376,-0.2067583177486083,2.156645823399848,1.1237471826284795,3.780946817479548,-0.5114493991580722,1.3470285072754011,1.5426076556614716,0.9251629364195506,3.6326501297850458,1.193605314089168
64.0,134.0,1005.1493530273438,0.5735184706036716,3.028423329307017,0.2644622216036731,2.659398374348958,0.2306337810705419,1.0125999917583286,1.1341537852403114,0.5087035841895886,3.226086612326376,1.548830647479367
64.0,134.0,1004.7785034179688,0.6991135168312739,2.894738252833397,-0.2188575842976097,3.4645647397683965,-0.2438181442738039,1.0991670823590096,0.687295206439572,1.314428712403647,3.3101250531130244,1.6781756112361752
64.0,134.0,1006.7550048828124,1.7724945126995004,3.0703987008149776,0.1826723068202544,3.2010081142690723,-0.121466419569273,1.2303004122357388,1.0661233202080411,-0.0710318298801985,3.2991645041737008,1.720742171507914
64.0,134.0,1005.6038818359376,1.308516753266523,2.1752865939900867,0.1815601508968082,4.19439705578338,-0.2059303139175663,1.0777198568117343,1.0908442654933863,0.2003939982353898,2.6281803945220314,1.684505779710975
64.0,134.0,1005.079833984375,0.8078773908434,3.0635542735379326,-0.2222773718837908,3.644619233544741,-0.0438507735814526,1.4232936018416082,0.7302359461628485,0.463335757005806,3.131559441489576,1.6311643300045815
64.0,134.0,1006.5872802734376,0.2656690085363156,2.8994275720441487,-0.0359203097652873,2.439288483665521,-0.403613583524778,2.160790506390417,1.4511060060394816,0.484404972217794,3.372222679109396,2.807072668682597
64.0,134.0,1005.7649536132812,0.2825466944237913,3.223371955913502,-1.130107795435179,3.475165291581171,-1.048330892200188,0.6773142097574366,1.7224453178602437,-0.0116344510771347,2.978858171781275,1.664112733334867
64.0,134.0,1003.8233642578124,1.028523366259821,3.0628461474330293,-0.3204188298828894,3.0167776901382988,0.2647472536681213,1.306874930918926,0.9514498344110252,-0.5399432597472117,3.348110656193866,0.8965220619264871
64.0,134.0,1006.2741088867188,1.643031542836416,3.606370926934152,-0.6934784640503268,3.544777025413626,-0.1168117638030309,0.939111865717292,1.235370936060419,0.8014975999324441,3.270795648100955,1.6707495569788469
64.0,134.0,1005.4580688476562,1.714830991173177,3.0751933772525515,-0.3198873779630757,3.0600901733655563,-0.3336865919117254,1.041410814400998,0.9802931378106874,-0.0717430790773777,3.30035801474969,1.62578042127942
64.0,134.0,1006.1286010742188,1.5630251164579407,3.034072154337606,-0.2144607478813976,3.3747890166807086,-0.1840946200972616,1.0834848120091078,1.505132191142844,0.0986427251527393,3.2971237436003165,1.6407078622033984
64.0,134.0,1004.8368530273438,-0.0192859539180938,3.1458012448024646,-0.4052589456220559,3.5837623621294377,-0.4446218579421889,1.004306573519272,1.0674916208430016,-0.1473208806064043,4.659302750457305,1.266183010783346
64.0,134.0,1005.0035400390624,1.488088734200528,3.2964916798764268,-0.081613556681665,3.4931910742310563,-0.4795947022471148,1.19443031097595,1.5983254058784726,0.3030366300005376,3.1093375136026897,1.3517079212642986
64.0,134.0,1005.59716796875,0.8422960777773174,3.0348209215701183,-0.2311176520887816,3.530445462000517,0.731073415144617,1.0838871087870037,1.0526527931079228,-0.2789778063184201,3.525442996103043,1.9314441196361605
64.0,134.0,1005.1682739257812,0.4758226699530498,2.725912301651685,-0.0230184400084026,3.5041163169939864,-0.2839688026094656,0.98246182909671,0.7814411067738086,0.0567855685067581,3.2908997596538847,1.3640380101297185
64.0,134.0,1004.932861328125,1.5796322669745138,2.974669102036052,-0.2759972217390695,3.567574034001228,-0.2093543612178015,1.4940440693796724,1.055340177568717,-0.0056815911348413,3.322450316094878,2.2801882162059304
64.0,134.0,1005.4376220703124,1.4939369051591875,3.208578143175042,-0.0838875551827738,3.6527902052474297,-0.0677512366808728,2.1295316682877434,1.0280783661595605,-0.0117743859456704,3.334761595860714,1.7120512362595308
64.0,134.0,1005.9476318359376,0.0416259073064684,3.056620648095169,0.9059087932371556,3.541676985417584,-0.4558259587305865,-0.3150494321593007,1.05123482986649,-0.0994281152615595,3.238383279985208,1.6565234082160285
64.0,134.0,1006.3308715820312,1.535959406806901,3.012881012953959,-0.1663306996994601,3.5850778383914594,-0.2867194392540477,1.0486903470382465,1.1491035130694829,-0.0172823082687018,3.5717012420075,1.522958118209904
64.0,134.0,1005.1908569335938,1.1023887204012748,3.2341476803645643,-0.201467270177571,2.4973480581935963,-0.1713493341169948,1.0827305179708886,1.376827834472508,0.3857767790946929,3.6663823370834,1.765177587675498
64.0,134.0,1003.884033203125,1.1425112649696187,3.065090117718845,0.592860107788608,2.8071972518327133,0.2549808842303713,0.7688590957311772,1.1434486482266086,0.1774592781213724,3.2904317271738885,1.6652367097735672
64.0,134.0,1004.8756713867188,1.803103039357084,3.04969122379482,-0.2380855070972431,3.544222673085715,-0.3675432124331079,1.0049334701620785,1.0915745130618049,-0.0166428366782459,3.286393579044508,1.7128181502425668
64.0,134.0,1005.5949096679688,1.065741447403239,3.566321993171797,-0.1722097588879127,3.335195644635442,0.4153135222526197,1.6432684793938577,1.2308026718224587,0.3065238812510272,3.32453208933479,1.4181087479272612
64.0,134.0,1005.1708984375,1.5387374172758588,3.0630905424895096,-0.2761169812147975,3.539551483750204,-0.0710913967583387,1.0864629386437223,1.0432566156141505,0.0406253156605319,3.3703392304127733,1.6847979903288934
64.0,134.0,1004.3433227539062,1.5246637626108075,2.588764633984187,-0.2247483509817702,3.541791433209113,-0.2094105942329443,0.0900981966808316,1.4472220790014578,0.3634141441016041,3.275517642189521,1.677631713184814
64.0,134.0,1006.3489990234376,1.5514520891483368,3.057318420357167,-0.2631982522786442,3.525985729806991,-0.211421577591669,1.0871765917978395,1.0592099546980789,-0.0142462550174791,2.96232874565588,1.5743383689854655
64.0,134.0,1005.1350708007812,0.1661038185710084,2.5390123143543657,2.0774916054569346,1.835614257140512,-1.5735118140693944,0.0393769710875324,1.5364656260845004,0.9512514490147672,2.833057723425437,1.6722709438483858
64.0,134.0,1006.7476806640624,1.3783292661069166,2.227281756843792,0.7486796121921748,2.3676098445669496,-0.4352187250238886,0.1295667694666509,1.2582478032152908,0.9678886220425788,1.546052822985894,1.7088008776725607
64.0,134.0,1003.6841430664062,1.5264166200797986,3.063097861613356,-0.215819897253269,3.5490497273888275,-0.2048867388282806,1.0826619122252867,1.0511392207255632,-0.0170243374408754,3.2973942147249127,1.6821927523441609
64.0,134.0,1005.0227661132812,1.1090167985935704,3.054929262949412,0.2138404591139139,3.3785257770175283,-0.2062982807170551,0.6081492878130935,1.0163426512361524,-0.0348229360837541,3.2931519023315508,1.7331119502206431
64.0,134.0,1006.3912353515624,1.0823124156003283,3.145532408020725,0.0937498638335725,4.3492484902596935,-0.983369492477124,0.3045399617600217,1.0355153888892177,-0.6035785196627739,3.47882371336145,1.9749920545649893
64.0,134.0,1003.7677001953124,0.9753379059727132,3.027481911426474,0.8914709442373026,3.6385006360362526,-0.1936568623912141,0.9354252219936228,1.0515023454212475,1.5844169383747184,3.3013099988549235,1.6821957420369034
64.0,134.0,1005.7315063476562,1.5396689441273124,3.0386942734840274,0.0727790596694881,3.99653790662412,-0.2180394714265182,1.1227822176659112,0.9898665587735348,-0.0161734394273001,3.292559616599718,1.7283088665121291
64.0,134.0,1005.9786376953124,1.1755166225902458,3.0139295819900664,-0.2417305383366287,3.616814653335077,-0.2729520402836232,1.8592848557108288,1.1177652924446315,0.1211451494947978,3.912459696901169,2.2316448068592054
64.0,134.0,1004.7403564453124,0.4804166552562906,3.142058809388116,-0.507253232726782,3.78275224637308,-0.5671588827166028,1.1261544357254607,1.4122039073154182,0.5007209311294231,3.503301094810195,1.926829920271378
64.0,134.0,1004.5214233398438,1.3925082887281215,3.065088985864282,-0.1686798461004562,2.4937664364779137,-0.2246521629870259,1.0573601922845028,1.0844478999456344,-0.8866334099558765,3.2654268773896447,1.6563374701400866
64.0,134.0,1006.101806640625,1.5145614614356997,2.994643314133276,-0.4385238738008652,2.6498988515969346,-0.2204737755628775,1.1219320992016055,0.99350013477897,-0.0190371027451072,3.134156782158529,1.6797391789481235
64.0,134.0,1005.6001586914062,0.1781387739601991,2.8222566258346973,-1.2784227836424644,2.158820161725356,-1.3598118191510389,1.8033214309254848,1.4312019484559402,0.0812233307260337,2.5723035292130967,1.5728984824109573
64.0,134.0,1005.8743896484376,0.0594998054986024,2.4736092679713666,-0.1808303602303297,1.535912543515276,-0.2128728184311272,0.8096079746393341,0.1778975985534896,-0.0199302804665875,3.321000599716123,2.4317144383963893
64.0,134.0,1005.768310546875,1.5999854791936896,2.9805356758612893,-0.224463190705871,3.807145392204087,-0.3379384159359995,1.0087144864956603,0.8161970981207121,-0.0299745068515237,3.525817858828421,1.6851147134922917
64.0,135.0,1004.6443481445312,0.6900176227674764,3.063074350782302,-0.3302721781170479,3.0126561550720083,-0.1976159951512532,1.5970259768578052,1.2511792713171723,-0.0167520924344081,3.4265898532482377,1.5636003792452855
64.0,135.0,1006.714599609375,1.1112219897749327,3.061659804709003,-0.0274385792625755,3.561688296560024,0.2064784152974412,1.0738040094079655,1.0688615969128463,-0.0148464613404078,3.8557916142516495,1.5569376775051424
64.0,135.0,1006.1292724609376,0.8825330645131402,3.064174342687368,-0.2362635771631851,3.582316996030628,-0.2074679037536006,0.9559810891053128,1.0531749231574068,-0.0434490340044395,3.286294651604756,2.3253331241426074
64.0,135.0,1005.7072143554688,1.6491448804843336,2.9104453120023,-0.2376035463302053,3.615676320374159,-0.5459213406507523,1.0802436756395946,1.0229389087533642,-0.0226071327225542,3.134768809825729,1.4551102740604491
64.0,135.0,1005.2555541992188,-0.5037094802039921,3.707585390221884,-0.3280569768488796,3.321070462527059,0.979043172621886,-0.4155761280008436,0.9565504599200948,0.2951346271246178,3.295787014291044,2.1819067114242974
64.0,135.0,1008.2530517578124,1.5270982961521142,2.378577058659652,-0.1300141971189669,3.4316988602336704,-0.3495752633471561,0.6940326962933131,0.758785861126745,0.0664492484260929,3.002636118435235,0.7040430065820917
64.0,135.0,1006.2119140625,0.4893625390202833,1.7795423029239368,-0.2283334970089545,3.1277989280704825,0.4981169607027755,1.141197769335064,2.5146578201478693,1.975507430672696,4.311031517865723,2.0922100116751228
64.0,135.0,1005.1494140625,1.4267671879387,2.82151791963309,-0.2050135975394147,3.599402345635524,-0.212234014229664,1.0699343377498252,1.054124327480299,-0.0348381047181509,3.2384919490320403,1.683330061310487
64.0,135.0,1006.1808471679688,1.5044895019604971,4.37353118641234,-0.1123117642728705,3.278240110355435,-0.2710004059046436,1.206590297347884,1.0726861605494895,-0.7094813345437163,3.301103040810469,1.658737095350794
64.0,135.0,1004.5355224609376,-0.2067583177486083,2.156645823399848,1.1237471826284795,3.780946817479548,-0.5114493991580722,1.3470285072754011,1.5426076556614716,0.9251629364195506,3.6326501297850458,1.193605314089168
64.0,135.0,1005.1493530273438,0.5735184706036716,3.028423329307017,0.2644622216036731,2.659398374348958,0.2306337810705419,1.0125999917583286,1.1341537852403114,0.5087035841895886,3.226086612326376,1.548830647479367
64.0,135.0,1004.7785034179688,0.6991135168312739,2.894738252833397,-0.2188575842976097,3.4645647397683965,-0.2438181442738039,1.0991670823590096,0.687295206439572,1.314428712403647,3.3101250531130244,1.6781756112361752
64.0,135.0,1006.7550048828124,1.7724945126995004,3.0703987008149776,0.1826723068202544,3.2010081142690723,-0.121466419569273,1.2303004122357388,1.0661233202080411,-0.0710318298801985,3.2991645041737008,1.720742171507914
64.0,135.0,1005.6038818359376,1.308516753266523,2.1752865939900867,0.1815601508968082,4.19439705578338,-0.2059303139175663,1.0777198568117343,1.0908442654933863,0.2003939982353898,2.6281803945220314,1.684505779710975
64.0,135.0,1005.079833984375,0.8078773908434,3.0635542735379326,-0.2222773718837908,3.644619233544741,-0.0438507735814526,1.4232936018416082,0.7302359461628485,0.463335757005806,3.131559441489576,1.6311643300045815
64.0,135.0,1006.5872802734376,0.2656690085363156,2.8994275720441487,-0.0359203097652873,2.439288483665521,-0.403613583524778,2.160790506390417,1.4511060060394816,0.484404972217794,3.372222679109396,2.807072668682597
64.0,135.0,1005.7649536132812,0.2825466944237913,3.223371955913502,-1.130107795435179,3.475165291581171,-1.048330892200188,0.6773142097574366,1.7224453178602437,-0.0116344510771347,2.978858171781275,1.664112733334867
64.0,135.0,1003.8233642578124,1.028523366259821,3.0628461474330293,-0.3204188298828894,3.0167776901382988,0.2647472536681213,1.306874930918926,0.9514498344110252,-0.5399432597472117,3.348110656193866,0.8965220619264871
64.0,135.0,1006.2741088867188,1.643031542836416,3.606370926934152,-0.6934784640503268,3.544777025413626,-0.1168117638030309,0.939111865717292,1.235370936060419,0.8014975999324441,3.270795648100955,1.6707495569788469
64.0,135.0,1005.4580688476562,1.714830991173177,3.0751933772525515,-0.3198873779630757,3.0600901733655563,-0.3336865919117254,1.041410814400998,0.9802931378106874,-0.0717430790773777,3.30035801474969,1.62578042127942
64.0,135.0,1006.1286010742188,1.5630251164579407,3.034072154337606,-0.2144607478813976,3.3747890166807086,-0.1840946200972616,1.0834848120091078,1.505132191142844,0.0986427251527393,3.2971237436003165,1.6407078622033984
64.0,135.0,1004.8368530273438,-0.0192859539180938,3.1458012448024646,-0.4052589456220559,3.5837623621294377,-0.4446218579421889,1.004306573519272,1.0674916208430016,-0.1473208806064043,4.659302750457305,1.266183010783346
64.0,135.0,1005.0035400390624,1.488088734200528,3.2964916798764268,-0.081613556681665,3.4931910742310563,-0.4795947022471148,1.19443031097595,1.5983254058784726,0.3030366300005376,3.1093375136026897,1.3517079212642986
64.0,135.0,1005.59716796875,0.8422960777773174,3.0348209215701183,-0.2311176520887816,3.530445462000517,0.731073415144617,1.0838871087870037,1.0526527931079228,-0.2789778063184201,3.525442996103043,1.9314441196361605
64.0,135.0,1005.1682739257812,0.4758226699530498,2.725912301651685,-0.0230184400084026,3.5041163169939864,-0.2839688026094656,0.98246182909671,0.7814411067738086,0.0567855685067581,3.2908997596538847,1.3640380101297185
64.0,135.0,1004.932861328125,1.5796322669745138,2.974669102036052,-0.2759972217390695,3.567574034001228,-0.2093543612178015,1.4940440693796724,1.055340177568717,-0.0056815911348413,3.322450316094878,2.2801882162059304
64.0,135.0,1005.4376220703124,1.4939369051591875,3.208578143175042,-0.0838875551827738,3.6527902052474297,-0.0677512366808728,2.1295316682877434,1.0280783661595605,-0.0117743859456704,3.334761595860714,1.7120512362595308
64.0,135.0,1005.9476318359376,0.0416259073064684,3.056620648095169,0.9059087932371556,3.541676985417584,-0.4558259587305865,-0.3150494321593007,1.05123482986649,-0.0994281152615595,3.238383279985208,1.6565234082160285
64.0,135.0,1006.3308715820312,1.535959406806901,3.012881012953959,-0.1663306996994601,3.5850778383914594,-0.2867194392540477,1.0486903470382465,1.1491035130694829,-0.0172823082687018,3.5717012420075,1.522958118209904
64.0,135.0,1005.1908569335938,1.1023887204012748,3.2341476803645643,-0.201467270177571,2.4973480581935963,-0.1713493341169948,1.0827305179708886,1.376827834472508,0.3857767790946929,3.6663823370834,1.765177587675498
64.0,135.0,1003.884033203125,1.1425112649696187,3.065090117718845,0.592860107788608,2.8071972518327133,0.2549808842303713,0.7688590957311772,1.1434486482266086,0.1774592781213724,3.2904317271738885,1.6652367097735672
64.0,135.0,1004.8756713867188,1.803103039357084,3.04969122379482,-0.2380855070972431,3.544222673085715,-0.3675432124331079,1.0049334701620785,1.0915745130618049,-0.0166428366782459,3.286393579044508,1.7128181502425668
64.0,135.0,1005.5949096679688,1.065741447403239,3.566321993171797,-0.1722097588879127,3.335195644635442,0.4153135222526197,1.6432684793938577,1.2308026718224587,0.3065238812510272,3.32453208933479,1.4181087479272612
64.0,135.0,1005.1708984375,1.5387374172758588,3.0630905424895096,-0.2761169812147975,3.539551483750204,-0.0710913967583387,1.0864629386437223,1.0432566156141505,0.0406253156605319,3.3703392304127733,1.6847979903288934
64.0,135.0,1004.3433227539062,1.5246637626108075,2.588764633984187,-0.2247483509817702,3.541791433209113,-0.2094105942329443,0.0900981966808316,1.4472220790014578,0.3634141441016041,3.275517642189521,1.677631713184814
64.0,135.0,1006.3489990234376,1.5514520891483368,3.057318420357167,-0.2631982522786442,3.525985729806991,-0.211421577591669,1.0871765917978395,1.0592099546980789,-0.0142462550174791,2.96232874565588,1.5743383689854655
64.0,135.0,1005.1350708007812,0.1661038185710084,2.5390123143543657,2.0774916054569346,1.835614257140512,-1.5735118140693944,0.0393769710875324,1.5364656260845004,0.9512514490147672,2.833057723425437,1.6722709438483858
64.0,135.0,1006.7476806640624,1.3783292661069166,2.227281756843792,0.7486796121921748,2.3676098445669496,-0.4352187250238886,0.1295667694666509,1.2582478032152908,0.9678886220425788,1.546052822985894,1.7088008776725607
64.0,135.0,1003.6841430664062,1.5264166200797986,3.063097861613356,-0.215819897253269,3.5490497273888275,-0.2048867388282806,1.0826619122252867,1.0511392207255632,-0.0170243374408754,3.2973942147249127,1.6821927523441609
64.0,135.0,1005.0227661132812,1.1090167985935704,3.054929262949412,0.2138404591139139,3.3785257770175283,-0.2062982807170551,0.6081492878130935,1.0163426512361524,-0.0348229360837541,3.2931519023315508,1.7331119502206431
64.0,135.0,1006.3912353515624,1.0823124156003283,3.145532408020725,0.0937498638335725,4.3492484902596935,-0.983369492477124,0.3045399617600217,1.0355153888892177,-0.6035785196627739,3.47882371336145,1.9749920545649893
64.0,135.0,1003.7677001953124,0.9753379059727132,3.027481911426474,0.8914709442373026,3.6385006360362526,-0.1936568623912141,0.9354252219936228,1.0515023454212475,1.5844169383747184,3.3013099988549235,1.6821957420369034
64.0,135.0,1005.7315063476562,1.5396689441273124,3.0386942734840274,0.0727790596694881,3.99653790662412,-0.2180394714265182,1.1227822176659112,0.9898665587735348,-0.0161734394273001,3.292559616599718,1.7283088665121291
64.0,135.0,1005.9786376953124,1.1755166225902458,3.0139295819900664,-0.2417305383366287,3.616814653335077,-0.2729520402836232,1.8592848557108288,1.1177652924446315,0.1211451494947978,3.912459696901169,2.2316448068592054
64.0,135.0,1004.7403564453124,0.4804166552562906,3.142058809388116,-0.507253232726782,3.78275224637308,-0.5671588827166028,1.1261544357254607,1.4122039073154182,0.5007209311294231,3.503301094810195,1.926829920271378
64.0,135.0,1004.5214233398438,1.3925082887281215,3.065088985864282,-0.1686798461004562,2.4937664364779137,-0.2246521629870259,1.0573601922845028,1.0844478999456344,-0.8866334099558765,3.2654268773896447,1.6563374701400866
64.0,135.0,1006.101806640625,1.5145614614356997,2.994643314133276,-0.4385238738008652,2.6498988515969346,-0.2204737755628775,1.1219320992016055,0.99350013477897,-0.0190371027451072,3.134156782158529,1.6797391789481235
64.0,135.0,1005.6001586914062,0.1781387739601991,2.8222566258346973,-1.2784227836424644,2.158820161725356,-1.3598118191510389,1.8033214309254848,1.4312019484559402,0.0812233307260337,2.5723035292130967,1.5728984824109573
64.0,135.0,1005.8743896484376,0.0594998054986024,2.4736092679713666,-0.1808303602303297,1.535912543515276,-0.2128728184311272,0.8096079746393341,0.1778975985534896,-0.0199302804665875,3.321000599716123,2.4317144383963893
64.0,135.0,1005.768310546875,1.5999854791936896,2.9805356758612893,-0.224463190705871,3.807145392204087,-0.3379384159359995,1.0087144864956603,0.8161970981207121,-0.0299745068515237,3.525817858828421,1.6851147134922917
64.0,136.0,1004.6443481445312,0.6900176227674764,3.063074350782302,-0.3302721781170479,3.0126561550720083,-0.1976159951512532,1.5970259768578052,1.2511792713171723,-0.0167520924344081,3.4265898532482377,1.5636003792452855
64.0,136.0,1006.714599609375,1.1112219897749327,3.061659804709003,-0.0274385792625755,3.561688296560024,0.2064784152974412,1.0738040094079655,1.0688615969128463,-0.0148464613404078,3.8557916142516495,1.5569376775051424
64.0,136.0,1006.1292724609376,0.8825330645131402,3.064174342687368,-0.2362635771631851,3.582316996030628,-0.2074679037536006,0.9559810891053128,1.0531749231574068,-0.0434490340044395,3.286294651604756,2.3253331241426074
64.0,136.0,1005.7072143554688,1.6491448804843336,2.9104453120023,-0.2376035463302053,3.615676320374159,-0.5459213406507523,1.0802436756395946,1.0229389087533642,-0.0226071327225542,3.134768809825729,1.4551102740604491
64.0,136.0,1005.2555541992188,-0.5037094802039921,3.707585390221884,-0.3280569768488796,3.321070462527059,0.979043172621886,-0.4155761280008436,0.9565504599200948,0.2951346271246178,3.295787014291044,2.1819067114242974
64.0,136.0,1008.2530517578124,1.5270982961521142,2.378577058659652,-0.1300141971189669,3.4316988602336704,-0.3495752633471561,0.6940326962933131,0.758785861126745,0.0664492484260929,3.002636118435235,0.7040430065820917
64.0,136.0,1006.2119140625,0.4893625390202833,1.7795423029239368,-0.2283334970089545,3.1277989280704825,0.4981169607027755,1.141197769335064,2.5146578201478693,1.975507430672696,4.311031517865723,2.0922100116751228
64.0,136.0,1005.1494140625,1.4267671879387,2.82151791963309,-0.2050135975394147,3.599402345635524,-0.212234014229664,1.0699343377498252,1.054124327480299,-0.0348381047181509,3.2384919490320403,1.683330061310487
64.0,136.0,1006.1808471679688,1.5044895019604971,4.37353118641234,-0.1123117642728705,3.278240110355435,-0.2710004059046436,1.206590297347884,1.0726861605494895,-0.7094813345437163,3.301103040810469,1.658737095350794
64.0,136.0,1004.5355224609376,-0.2067583177486083,2.156645823399848,1.1237471826284795,3.780946817479548,-0.5114493991580722,1.3470285072754011,1.5426076556614716,0.9251629364195506,3.6326501297850458,1.193605314089168
64.0,136.0,1005.1493530273438,0.5735184706036716,3.028423329307017,0.2644622216036731,2.659398374348958,0.2306337810705419,1.0125999917583286,1.1341537852403114,0.5087035841895886,3.226086612326376,1.548830647479367
64.0,136.0,1004.7785034179688,0.6991135168312739,2.894738252833397,-0.2188575842976097,3.4645647397683965,-0.2438181442738039,1.0991670823590096,0.687295206439572,1.314428712403647,3.3101250531130244,1.6781756112361752
64.0,136.0,1006.7550048828124,1.7724945126995004,3.0703987008149776,0.1826723068202544,3.2010081142690723,-0.121466419569273,1.2303004122357388,1.0661233202080411,-0.0710318298801985,3.2991645041737008,1.720742171507914
64.0,136.0,1004.95849609375,0.9162956780313632,2.1247201074083826,0.0379144096914144,3.0493734156772465,-0.204541723945408,1.0866278545155783,1.081534562537653,-0.1426858802547873,2.5531626479271203,1.6834925846586402
64.0,136.0,1005.079833984375,0.8078773908434,3.0635542735379326,-0.2222773718837908,3.644619233544741,-0.0438507735814526,1.4232936018416082,0.7302359461628485,0.463335757005806,3.131559441489576,1.6311643300045815
64.0,136.0,1006.5872802734376,0.2656690085363156,2.8994275720441487,-0.0359203097652873,2.439288483665521,-0.403613583524778,2.160790506390417,1.4511060060394816,0.484404972217794,3.372222679109396,2.807072668682597
64.0,136.0,1005.7649536132812,0.2825466944237913,3.223371955913502,-1.130107795435179,3.475165291581171,-1.048330892200188,0.6773142097574366,1.7224453178602437,-0.0116344510771347,2.978858171781275,1.664112733334867
64.0,136.0,1003.8233642578124,1.028523366259821,3.0628461474330293,-0.3204188298828894,3.0167776901382988,0.2647472536681213,1.306874930918926,0.9514498344110252,-0.5399432597472117,3.348110656193866,0.8965220619264871
64.0,136.0,1006.2741088867188,1.643031542836416,3.606370926934152,-0.6934784640503268,3.544777025413626,-0.1168117638030309,0.939111865717292,1.235370936060419,0.8014975999324441,3.270795648100955,1.6707495569788469
64.0,136.0,1005.4580688476562,1.714830991173177,3.0751933772525515,-0.3198873779630757,3.0600901733655563,-0.3336865919117254,1.041410814400998,0.9802931378106874,-0.0717430790773777,3.30035801474969,1.62578042127942
64.0,136.0,1006.1286010742188,1.5630251164579407,3.034072154337606,-0.2144607478813976,3.3747890166807086,-0.1840946200972616,1.0834848120091078,1.505132191142844,0.0986427251527393,3.2971237436003165,1.6407078622033984
64.0,136.0,1004.8368530273438,-0.0192859539180938,3.1458012448024646,-0.4052589456220559,3.5837623621294377,-0.4446218579421889,1.004306573519272,1.0674916208430016,-0.1473208806064043,4.659302750457305,1.266183010783346
64.0,136.0,1005.0035400390624,1.488088734200528,3.2964916798764268,-0.081613556681665,3.4931910742310563,-0.4795947022471148,1.19443031097595,1.5983254058784726,0.3030366300005376,3.1093375136026897,1.3517079212642986
64.0,136.0,1005.59716796875,0.8422960777773174,3.0348209215701183,-0.2311176520887816,3.530445462000517,0.731073415144617,1.0838871087870037,1.0526527931079228,-0.2789778063184201,3.525442996103043,1.9314441196361605
64.0,136.0,1005.1682739257812,0.4758226699530498,2.725912301651685,-0.0230184400084026,3.5041163169939864,-0.2839688026094656,0.98246182909671,0.7814411067738086,0.0567855685067581,3.2908997596538847,1.3640380101297185
64.0,136.0,1004.932861328125,1.5796322669745138,2.974669102036052,-0.2759972217390695,3.567574034001228,-0.2093543612178015,1.4940440693796724,1.055340177568717,-0.0056815911348413,3.322450316094878,2.2801882162059304
64.0,136.0,1005.4376220703124,1.4939369051591875,3.208578143175042,-0.0838875551827738,3.6527902052474297,-0.0677512366808728,2.1295316682877434,1.0280783661595605,-0.0117743859456704,3.334761595860714,1.7120512362595308
64.0,136.0,1005.9476318359376,0.0416259073064684,3.056620648095169,0.9059087932371556,3.541676985417584,-0.4558259587305865,-0.3150494321593007,1.05123482986649,-0.0994281152615595,3.238383279985208,1.6565234082160285
64.0,136.0,1006.3308715820312,1.535959406806901,3.012881012953959,-0.1663306996994601,3.5850778383914594,-0.2867194392540477,1.0486903470382465,1.1491035130694829,-0.0172823082687018,3.5717012420075,1.522958118209904
64.0,136.0,1005.1908569335938,1.1023887204012748,3.2341476803645643,-0.201467270177571,2.4973480581935963,-0.1713493341169948,1.0827305179708886,1.376827834472508,0.3857767790946929,3.6663823370834,1.765177587675498
64.0,136.0,1003.884033203125,1.1425112649696187,3.065090117718845,0.592860107788608,2.8071972518327133,0.2549808842303713,0.7688590957311772,1.1434486482266086,0.1774592781213724,3.2904317271738885,1.6652367097735672
64.0,136.0,1004.8756713867188,1.803103039357084,3.04969122379482,-0.2380855070972431,3.544222673085715,-0.3675432124331079,1.0049334701620785,1.0915745130618049,-0.0166428366782459,3.286393579044508,1.7128181502425668
64.0,136.0,1005.5949096679688,1.065741447403239,3.566321993171797,-0.1722097588879127,3.335195644635442,0.4153135222526197,1.6432684793938577,1.2308026718224587,0.3065238812510272,3.32453208933479,1.4181087479272612
64.0,136.0,1005.1708984375,1.5387374172758588,3.0630905424895096,-0.2761169812147975,3.539551483750204,-0.0710913967583387,1.0864629386437223,1.0432566156141505,0.0406253156605319,3.3703392304127733,1.6847979903288934
64.0,136.0,1004.3433227539062,1.5246637626108075,2.588764633984187,-0.2247483509817702,3.541791433209113,-0.2094105942329443,0.0900981966808316,1.4472220790014578,0.3634141441016041,3.275517642189521,1.677631713184814
64.0,136.0,1006.3489990234376,1.5514520891483368,3.057318420357167,-0.2631982522786442,3.525985729806991,-0.211421577591669,1.0871765917978395,1.0592099546980789,-0.0142462550174791,2.96232874565588,1.5743383689854655
64.0,136.0,1005.1350708007812,0.1661038185710084,2.5390123143543657,2.0774916054569346,1.835614257140512,-1.5735118140693944,0.0393769710875324,1.5364656260845004,0.9512514490147672,2.833057723425437,1.6722709438483858
64.0,136.0,1006.7476806640624,1.3783292661069166,2.227281756843792,0.7486796121921748,2.3676098445669496,-0.4352187250238886,0.1295667694666509,1.2582478032152908,0.9678886220425788,1.546052822985894,1.7088008776725607
64.0,136.0,1003.6841430664062,1.5264166200797986,3.063097861613356,-0.215819897253269,3.5490497273888275,-0.2048867388282806,1.0826619122252867,1.0511392207255632,-0.0170243374408754,3.2973942147249127,1.6821927523441609
64.0,136.0,1005.0227661132812,1.1090167985935704,3.054929262949412,0.2138404591139139,3.3785257770175283,-0.2062982807170551,0.6081492878130935,1.0163426512361524,-0.0348229360837541,3.2931519023315508,1.7331119502206431
64.0,136.0,1006.3912353515624,1.0823124156003283,3.145532408020725,0.0937498638335725,4.3492484902596935,-0.983369492477124,0.3045399617600217,1.0355153888892177,-0.6035785196627739,3.47882371336145,1.9749920545649893
64.0,136.0,1003.7677001953124,0.9753379059727132,3.027481911426474,0.8914709442373026,3.6385006360362526,-0.1936568623912141,0.9354252219936228,1.0515023454212475,1.5844169383747184,3.3013099988549235,1.6821957420369034
64.0,136.0,1005.7315063476562,1.5396689441273124,3.0386942734840274,0.0727790596694881,3.99653790662412,-0.2180394714265182,1.1227822176659112,0.9898665587735348,-0.0161734394273001,3.292559616599718,1.7283088665121291
64.0,136.0,1005.9786376953124,1.1755166225902458,3.0139295819900664,-0.2417305383366287,3.616814653335077,-0.2729520402836232,1.8592848557108288,1.1177652924446315,0.1211451494947978,3.912459696901169,2.2316448068592054
64.0,136.0,1004.7403564453124,0.4804166552562906,3.142058809388116,-0.507253232726782,3.78275224637308,-0.5671588827166028,1.1261544357254607,1.4122039073154182,0.5007209311294231,3.503301094810195,1.926829920271378
64.0,136.0,1004.5214233398438,1.3925082887281215,3.065088985864282,-0.1686798461004562,2.4937664364779137,-0.2246521629870259,1.0573601922845028,1.0844478999456344,-0.8866334099558765,3.2654268773896447,1.6563374701400866
64.0,136.0,1006.101806640625,1.5145614614356997,2.994643314133276,-0.4385238738008652,2.6498988515969346,-0.2204737755628775,1.1219320992016055,0.99350013477897,-0.0190371027451072,3.134156782158529,1.6797391789481235
64.0,136.0,1005.6001586914062,0.1781387739601991,2.8222566258346973,-1.2784227836424644,2.158820161725356,-1.3598118191510389,1.8033214309254848,1.4312019484559402,0.0812233307260337,2.5723035292130967,1.5728984824109573
64.0,136.0,1005.8743896484376,0.0594998054986024,2.4736092679713666,-0.1808303602303297,1.535912543515276,-0.2128728184311272,0.8096079746393341,0.1778975985534896,-0.0199302804665875,3.321000599716123,2.4317144383963893
64.0,136.0,1005.768310546875,1.5999854791936896,2.9805356758612893,-0.224463190705871,3.807145392204087,-0.3379384159359995,1.0087144864956603,0.8161970981207121,-0.0299745068515237,3.525817858828421,1.6851147134922917
64.0,137.0,1004.6443481445312,0.6900176227674764,3.063074350782302,-0.3302721781170479,3.0126561550720083,-0.1976159951512532,1.5970259768578052,1.2511792713171723,-0.0167520924344081,3.4265898532482377,1.5636003792452855
64.0,137.0,1006.714599609375,1.1112219897749327,3.061659804709003,-0.0274385792625755,3.561688296560024,0.2064784152974412,1.0738040094079655,1.0688615969128463,-0.0148464613404078,3.8557916142516495,1.5569376775051424
64.0,137.0,1006.1292724609376,0.8825330645131402,3.064174342687368,-0.2362635771631851,3.582316996030628,-0.2074679037536006,0.9559810891053128,1.0531749231574068,-0.0434490340044395,3.286294651604756,2.3253331241426074
64.0,137.0,1005.7072143554688,1.6491448804843336,2.9104453120023,-0.2376035463302053,3.615676320374159,-0.5459213406507523,1.0802436756395946,1.0229389087533642,-0.0226071327225542,3.134768809825729,1.4551102740604491
64.0,137.0,1005.2555541992188,-0.5037094802039921,3.707585390221884,-0.3280569768488796,3.321070462527059,0.979043172621886,-0.4155761280008436,0.9565504599200948,0.2951346271246178,3.295787014291044,2.1819067114242974
64.0,137.0,1008.2530517578124,1.5270982961521142,2.378577058659652,-0.1300141971189669,3.4316988602336704,-0.3495752633471561,0.6940326962933131,0.758785861126745,0.0664492484260929,3.002636118435235,0.7040430065820917
64.0,137.0,1006.2119140625,0.4893625390202833,1.7795423029239368,-0.2283334970089545,3.1277989280704825,0.4981169607027755,1.141197769335064,2.5146578201478693,1.975507430672696,4.311031517865723,2.0922100116751228
64.0,137.0,1005.1494140625,1.4267671879387,2.82151791963309,-0.2050135975394147,3.599402345635524,-0.212234014229664,1.0699343377498252,1.054124327480299,-0.0348381047181509,3.2384919490320403,1.683330061310487
64.0,137.0,1006.1808471679688,1.5044895019604971,4.37353118641234,-0.1123117642728705,3.278240110355435,-0.2710004059046436,1.206590297347884,1.0726861605494895,-0.7094813345437163,3.301103040810469,1.658737095350794
64.0,137.0,1004.5355224609376,-0.2067583177486083,2.156645823399848,1.1237471826284795,3.780946817479548,-0.5114493991580722,1.3470285072754011,1.5426076556614716,0.9251629364195506,3.6326501297850458,1.193605314089168
64.0,137.0,1005.1493530273438,0.5735184706036716,3.028423329307017,0.2644622216036731,2.659398374348958,0.2306337810705419,1.0125999917583286,1.1341537852403114,0.5087035841895886,3.226086612326376,1.548830647479367
64.0,137.0,1004.7785034179688,0.6991135168312739,2.894738252833397,-0.2188575842976097,3.4645647397683965,-0.2438181442738039,1.0991670823590096,0.687295206439572,1.314428712403647,3.3101250531130244,1.6781756112361752
64.0,137.0,1006.7550048828124,1.7724945126995004,3.0703987008149776,0.1826723068202544,3.2010081142690723,-0.121466419569273,1.2303004122357388,1.0661233202080411,-0.0710318298801985,3.2991645041737008,1.720742171507914
64.0,137.0,1004.95849609375,0.9162956780313632,2.1247201074083826,0.0379144096914144,3.0493734156772465,-0.204541723945408,1.0866278545155783,1.081534562537653,-0.1426858802547873,2.5531626479271203,1.6834925846586402
64.0,137.0,1005.079833984375,0.8078773908434,3.0635542735379326,-0.2222773718837908,3.644619233544741,-0.0438507735814526,1.4232936018416082,0.7302359461628485,0.463335757005806,3.131559441489576,1.6311643300045815
64.0,137.0,1006.5872802734376,0.2656690085363156,2.8994275720441487,-0.0359203097652873,2.439288483665521,-0.403613583524778,2.160790506390417,1.4511060060394816,0.484404972217794,3.372222679109396,2.807072668682597
64.0,137.0,1005.7649536132812,0.2825466944237913,3.223371955913502,-1.130107795435179,3.475165291581171,-1.048330892200188,0.6773142097574366,1.7224453178602437,-0.0116344510771347,2.978858171781275,1.664112733334867
64.0,137.0,1003.8233642578124,1.028523366259821,3.0628461474330293,-0.3204188298828894,3.0167776901382988,0.2647472536681213,1.306874930918926,0.9514498344110252,-0.5399432597472117,3.348110656193866,0.8965220619264871
64.0,137.0,1006.2741088867188,1.643031542836416,3.606370926934152,-0.6934784640503268,3.544777025413626,-0.1168117638030309,0.939111865717292,1.235370936060419,0.8014975999324441,3.270795648100955,1.6707495569788469
64.0,137.0,1005.4580688476562,1.714830991173177,3.0751933772525515,-0.3198873779630757,3.0600901733655563,-0.3336865919117254,1.041410814400998,0.9802931378106874,-0.0717430790773777,3.30035801474969,1.62578042127942
64.0,137.0,1006.1286010742188,1.5630251164579407,3.034072154337606,-0.2144607478813976,3.3747890166807086,-0.1840946200972616,1.0834848120091078,1.505132191142844,0.0986427251527393,3.2971237436003165,1.6407078622033984
64.0,137.0,1004.8368530273438,-0.0192859539180938,3.1458012448024646,-0.4052589456220559,3.5837623621294377,-0.4446218579421889,1.004306573519272,1.0674916208430016,-0.1473208806064043,4.659302750457305,1.266183010783346
64.0,137.0,1005.0035400390624,1.488088734200528,3.2964916798764268,-0.081613556681665,3.4931910742310563,-0.4795947022471148,1.19443031097595,1.5983254058784726,0.3030366300005376,3.1093375136026897,1.3517079212642986
64.0,137.0,1005.59716796875,0.8422960777773174,3.0348209215701183,-0.2311176520887816,3.530445462000517,0.731073415144617,1.0838871087870037,1.0526527931079228,-0.2789778063184201,3.525442996103043,1.9314441196361605
64.0,137.0,1005.1682739257812,0.4758226699530498,2.725912301651685,-0.0230184400084026,3.5041163169939864,-0.2839688026094656,0.98246182909671,0.7814411067738086,0.0567855685067581,3.2908997596538847,1.3640380101297185
64.0,137.0,1004.932861328125,1.5796322669745138,2.974669102036052,-0.2759972217390695,3.567574034001228,-0.2093543612178015,1.4940440693796724,1.055340177568717,-0.0056815911348413,3.322450316094878,2.2801882162059304
64.0,137.0,1005.4376220703124,1.4939369051591875,3.208578143175042,-0.0838875551827738,3.6527902052474297,-0.0677512366808728,2.1295316682877434,1.0280783661595605,-0.0117743859456704,3.334761595860714,1.7120512362595308
64.0,137.0,1005.9476318359376,0.0416259073064684,3.056620648095169,0.9059087932371556,3.541676985417584,-0.4558259587305865,-0.3150494321593007,1.05123482986649,-0.0994281152615595,3.238383279985208,1.6565234082160285
64.0,137.0,1006.3308715820312,1.535959406806901,3.012881012953959,-0.1663306996994601,3.5850778383914594,-0.2867194392540477,1.0486903470382465,1.1491035130694829,-0.0172823082687018,3.5717012420075,1.522958118209904
64.0,137.0,1005.1908569335938,1.1023887204012748,3.2341476803645643,-0.201467270177571,2.4973480581935963,-0.1713493341169948,1.0827305179708886,1.376827834472508,0.3857767790946929,3.6663823370834,1.765177587675498
64.0,137.0,1003.884033203125,1.1425112649696187,3.065090117718845,0.592860107788608,2.8071972518327133,0.2549808842303713,0.7688590957311772,1.1434486482266086,0.1774592781213724,3.2904317271738885,1.6652367097735672
64.0,137.0,1004.8756713867188,1.803103039357084,3.04969122379482,-0.2380855070972431,3.544222673085715,-0.3675432124331079,1.0049334701620785,1.0915745130618049,-0.0166428366782459,3.286393579044508,1.7128181502425668
64.0,137.0,1005.5949096679688,1.065741447403239,3.566321993171797,-0.1722097588879127,3.335195644635442,0.4153135222526197,1.6432684793938577,1.2308026718224587,0.3065238812510272,3.32453208933479,1.4181087479272612
64.0,137.0,1005.1708984375,1.5387374172758588,3.0630905424895096,-0.2761169812147975,3.539551483750204,-0.0710913967583387,1.0864629386437223,1.0432566156141505,0.0406253156605319,3.3703392304127733,1.6847979903288934
64.0,137.0,1004.3433227539062,1.5246637626108075,2.588764633984187,-0.2247483509817702,3.541791433209113,-0.2094105942329443,0.0900981966808316,1.4472220790014578,0.3634141441016041,3.275517642189521,1.677631713184814
64.0,137.0,1006.3489990234376,1.5514520891483368,3.057318420357167,-0.2631982522786442,3.525985729806991,-0.211421577591669,1.0871765917978395,1.0592099546980789,-0.0142462550174791,2.96232874565588,1.5743383689854655
64.0,137.0,1005.1350708007812,0.1661038185710084,2.5390123143543657,2.0774916054569346,1.835614257140512,-1.5735118140693944,0.0393769710875324,1.5364656260845004,0.9512514490147672,2.833057723425437,1.6722709438483858
64.0,137.0,1006.7476806640624,1.3783292661069166,2.227281756843792,0.7486796121921748,2.3676098445669496,-0.4352187250238886,0.1295667694666509,1.2582478032152908,0.9678886220425788,1.546052822985894,1.7088008776725607
64.0,137.0,1003.6841430664062,1.5264166200797986,3.063097861613356,-0.215819897253269,3.5490497273888275,-0.2048867388282806,1.0826619122252867,1.0511392207255632,-0.0170243374408754,3.2973942147249127,1.6821927523441609
64.0,137.0,1005.0227661132812,1.1090167985935704,3.054929262949412,0.2138404591139139,3.3785257770175283,-0.2062982807170551,0.6081492878130935,1.0163426512361524,-0.0348229360837541,3.2931519023315508,1.7331119502206431
64.0,137.0,1006.3912353515624,1.0823124156003283,3.145532408020725,0.0937498638335725,4.3492484902596935,-0.983369492477124,0.3045399617600217,1.0355153888892177,-0.6035785196627739,3.47882371336145,1.9749920545649893
64.0,137.0,1003.7677001953124,0.9753379059727132,3.027481911426474,0.8914709442373026,3.6385006360362526,-0.1936568623912141,0.9354252219936228,1.0515023454212475,1.5844169383747184,3.3013099988549235,1.6821957420369034
64.0,137.0,1005.7315063476562,1.5396689441273124,3.0386942734840274,0.0727790596694881,3.99653790662412,-0.2180394714265182,1.1227822176659112,0.9898665587735348,-0.0161734394273001,3.292559616599718,1.7283088665121291
64.0,137.0,1005.9786376953124,1.1755166225902458,3.0139295819900664,-0.2417305383366287,3.616814653335077,-0.2729520402836232,1.8592848557108288,1.1177652924446315,0.1211451494947978,3.912459696901169,2.2316448068592054
64.0,137.0,1004.7403564453124,0.4804166552562906,3.142058809388116,-0.507253232726782,3.78275224637308,-0.5671588827166028,1.1261544357254607,1.4122039073154182,0.5007209311294231,3.503301094810195,1.926829920271378
64.0,137.0,1004.5214233398438,1.3925082887281215,3.065088985864282,-0.1686798461004562,2.4937664364779137,-0.2246521629870259,1.0573601922845028,1.0844478999456344,-0.8866334099558765,3.2654268773896447,1.6563374701400866
64.0,137.0,1006.101806640625,1.5145614614356997,2.994643314133276,-0.4385238738008652,2.6498988515969346,-0.2204737755628775,1.1219320992016055,0.99350013477897,-0.0190371027451072,3.134156782158529,1.6797391789481235
64.0,137.0,1005.6001586914062,0.1781387739601991,2.8222566258346973,-1.2784227836424644,2.158820161725356,-1.3598118191510389,1.8033214309254848,1.4312019484559402,0.0812233307260337,2.5723035292130967,1.5728984824109573
64.0,137.0,1005.8743896484376,0.0594998054986024,2.4736092679713666,-0.1808303602303297,1.535912543515276,-0.2128728184311272,0.8096079746393341,0.1778975985534896,-0.0199302804665875,3.321000599716123,2.4317144383963893
64.0,137.0,1005.768310546875,1.5999854791936896,2.9805356758612893,-0.224463190705871,3.807145392204087,-0.3379384159359995,1.0087144864956603,0.8161970981207121,-0.0299745068515237,3.525817858828421,1.6851147134922917
64.0,138.0,1004.6443481445312,0.6900176227674764,3.063074350782302,-0.3302721781170479,3.0126561550720083,-0.1976159951512532,1.5970259768578052,1.2511792713171723,-0.0167520924344081,3.4265898532482377,1.5636003792452855
64.0,138.0,1006.714599609375,1.1112219897749327,3.061659804709003,-0.0274385792625755,3.561688296560024,0.2064784152974412,1.0738040094079655,1.0688615969128463,-0.0148464613404078,3.8557916142516495,1.5569376775051424
64.0,138.0,1006.1292724609376,0.8825330645131402,3.064174342687368,-0.2362635771631851,3.582316996030628,-0.2074679037536006,0.9559810891053128,1.0531749231574068,-0.0434490340044395,3.286294651604756,2.3253331241426074
64.0,138.0,1005.7072143554688,1.6491448804843336,2.9104453120023,-0.2376035463302053,3.615676320374159,-0.5459213406507523,1.0802436756395946,1.0229389087533642,-0.0226071327225542,3.134768809825729,1.4551102740604491
64.0,138.0,1005.2555541992188,-0.5037094802039921,3.707585390221884,-0.3280569768488796,3.321070462527059,0.979043172621886,-0.4155761280008436,0.9565504599200948,0.2951346271246178,3.295787014291044,2.1819067114242974
64.0,138.0,1006.83154296875,1.5265036097584397,2.4688393553651458,-0.2193779993269236,3.456649131017686,-0.280184533111481,1.4322115030166764,0.0073984864598439,0.0552709621325861,2.764100911123255,1.699477136905433
64.0,138.0,1006.2119140625,0.4893625390202833,1.7795423029239368,-0.2283334970089545,3.1277989280704825,0.4981169607027755,1.141197769335064,2.5146578201478693,1.975507430672696,4.311031517865723,2.0922100116751228
64.0,138.0,1005.1494140625,1.4267671879387,2.82151791963309,-0.2050135975394147,3.599402345635524,-0.212234014229664,1.0699343377498252,1.054124327480299,-0.0348381047181509,3.2384919490320403,1.683330061310487
64.0,138.0,1006.1808471679688,1.5044895019604971,4.37353118641234,-0.1123117642728705,3.278240110355435,-0.2710004059046436,1.206590297347884,1.0726861605494895,-0.7094813345437163,3.301103040810469,1.658737095350794
64.0,138.0,1004.5355224609376,-0.2067583177486083,2.156645823399848,1.1237471826284795,3.780946817479548,-0.5114493991580722,1.3470285072754011,1.5426076556614716,0.9251629364195506,3.6326501297850458,1.193605314089168
64.0,138.0,1005.1493530273438,0.5735184706036716,3.028423329307017,0.2644622216036731,2.659398374348958,0.2306337810705419,1.0125999917583286,1.1341537852403114,0.5087035841895886,3.226086612326376,1.548830647479367
64.0,138.0,1004.7785034179688,0.6991135168312739,2.894738252833397,-0.2188575842976097,3.4645647397683965,-0.2438181442738039,1.0991670823590096,0.687295206439572,1.314428712403647,3.3101250531130244,1.6781756112361752
64.0,138.0,1006.7550048828124,1.7724945126995004,3.0703987008149776,0.1826723068202544,3.2010081142690723,-0.121466419569273,1.2303004122357388,1.0661233202080411,-0.0710318298801985,3.2991645041737008,1.720742171507914
64.0,138.0,1004.95849609375,0.9162956780313632,2.1247201074083826,0.0379144096914144,3.0493734156772465,-0.204541723945408,1.0866278545155783,1.081534562537653,-0.1426858802547873,2.5531626479271203,1.6834925846586402
64.0,138.0,1005.079833984375,0.8078773908434,3.0635542735379326,-0.2222773718837908,3.644619233544741,-0.0438507735814526,1.4232936018416082,0.7302359461628485,0.463335757005806,3.131559441489576,1.6311643300045815
64.0,138.0,1005.9080810546876,1.0513515896295955,3.0324479004866207,-0.1399893757068982,2.5909601277576697,-0.1207554487964864,2.5126882206643253,1.1607896320933913,0.180815057255496,3.251736532375584,2.58552590355996
64.0,138.0,1005.7649536132812,0.2825466944237913,3.223371955913502,-1.130107795435179,3.475165291581171,-1.048330892200188,0.6773142097574366,1.7224453178602437,-0.0116344510771347,2.978858171781275,1.664112733334867
64.0,138.0,1003.8233642578124,1.028523366259821,3.0628461474330293,-0.3204188298828894,3.0167776901382988,0.2647472536681213,1.306874930918926,0.9514498344110252,-0.5399432597472117,3.348110656193866,0.8965220619264871
64.0,138.0,1006.2741088867188,1.643031542836416,3.606370926934152,-0.6934784640503268,3.544777025413626,-0.1168117638030309,0.939111865717292,1.235370936060419,0.8014975999324441,3.270795648100955,1.6707495569788469
64.0,138.0,1005.4580688476562,1.714830991173177,3.0751933772525515,-0.3198873779630757,3.0600901733655563,-0.3336865919117254,1.041410814400998,0.9802931378106874,-0.0717430790773777,3.30035801474969,1.62578042127942
64.0,138.0,1006.1286010742188,1.5630251164579407,3.034072154337606,-0.2144607478813976,3.3747890166807086,-0.1840946200972616,1.0834848120091078,1.505132191142844,0.0986427251527393,3.2971237436003165,1.6407078622033984
64.0,138.0,1004.8368530273438,-0.0192859539180938,3.1458012448024646,-0.4052589456220559,3.5837623621294377,-0.4446218579421889,1.004306573519272,1.0674916208430016,-0.1473208806064043,4.659302750457305,1.266183010783346
64.0,138.0,1005.0035400390624,1.488088734200528,3.2964916798764268,-0.081613556681665,3.4931910742310563,-0.4795947022471148,1.19443031097595,1.5983254058784726,0.3030366300005376,3.1093375136026897,1.3517079212642986
64.0,138.0,1005.59716796875,0.8422960777773174,3.0348209215701183,-0.2311176520887816,3.530445462000517,0.731073415144617,1.0838871087870037,1.0526527931079228,-0.2789778063184201,3.525442996103043,1.9314441196361605
64.0,138.0,1005.1682739257812,0.4758226699530498,2.725912301651685,-0.0230184400084026,3.5041163169939864,-0.2839688026094656,0.98246182909671,0.7814411067738086,0.0567855685067581,3.2908997596538847,1.3640380101297185
64.0,138.0,1004.932861328125,1.5796322669745138,2.974669102036052,-0.2759972217390695,3.567574034001228,-0.2093543612178015,1.4940440693796724,1.055340177568717,-0.0056815911348413,3.322450316094878,2.2801882162059304
64.0,138.0,1005.4376220703124,1.4939369051591875,3.208578143175042,-0.0838875551827738,3.6527902052474297,-0.0677512366808728,2.1295316682877434,1.0280783661595605,-0.0117743859456704,3.334761595860714,1.7120512362595308
64.0,138.0,1005.9476318359376,0.0416259073064684,3.056620648095169,0.9059087932371556,3.541676985417584,-0.4558259587305865,-0.3150494321593007,1.05123482986649,-0.0994281152615595,3.238383279985208,1.6565234082160285
64.0,138.0,1006.3308715820312,1.535959406806901,3.012881012953959,-0.1663306996994601,3.5850778383914594,-0.2867194392540477,1.0486903470382465,1.1491035130694829,-0.0172823082687018,3.5717012420075,1.522958118209904
64.0,138.0,1005.1908569335938,1.1023887204012748,3.2341476803645643,-0.201467270177571,2.4973480581935963,-0.1713493341169948,1.0827305179708886,1.376827834472508,0.3857767790946929,3.6663823370834,1.765177587675498
64.0,138.0,1003.884033203125,1.1425112649696187,3.065090117718845,0.592860107788608,2.8071972518327133,0.2549808842303713,0.7688590957311772,1.1434486482266086,0.1774592781213724,3.2904317271738885,1.6652367097735672
64.0,138.0,1004.8756713867188,1.803103039357084,3.04969122379482,-0.2380855070972431,3.544222673085715,-0.3675432124331079,1.0049334701620785,1.0915745130618049,-0.0166428366782459,3.286393579044508,1.7128181502425668
64.0,138.0,1005.5949096679688,1.065741447403239,3.566321993171797,-0.1722097588879127,3.335195644635442,0.4153135222526197,1.6432684793938577,1.2308026718224587,0.3065238812510272,3.32453208933479,1.4181087479272612
64.0,138.0,1005.1708984375,1.5387374172758588,3.0630905424895096,-0.2761169812147975,3.539551483750204,-0.0710913967583387,1.0864629386437223,1.0432566156141505,0.0406253156605319,3.3703392304127733,1.6847979903288934
64.0,138.0,1004.3433227539062,1.5246637626108075,2.588764633984187,-0.2247483509817702,3.541791433209113,-0.2094105942329443,0.0900981966808316,1.4472220790014578,0.3634141441016041,3.275517642189521,1.677631713184814
64.0,138.0,1006.3489990234376,1.5514520891483368,3.057318420357167,-0.2631982522786442,3.525985729806991,-0.211421577591669,1.0871765917978395,1.0592099546980789,-0.0142462550174791,2.96232874565588,1.5743383689854655
64.0,138.0,1005.1350708007812,0.1661038185710084,2.5390123143543657,2.0774916054569346,1.835614257140512,-1.5735118140693944,0.0393769710875324,1.5364656260845004,0.9512514490147672,2.833057723425437,1.6722709438483858
64.0,138.0,1006.7476806640624,1.3783292661069166,2.227281756843792,0.7486796121921748,2.3676098445669496,-0.4352187250238886,0.1295667694666509,1.2582478032152908,0.9678886220425788,1.546052822985894,1.7088008776725607
64.0,138.0,1003.6841430664062,1.5264166200797986,3.063097861613356,-0.215819897253269,3.5490497273888275,-0.2048867388282806,1.0826619122252867,1.0511392207255632,-0.0170243374408754,3.2973942147249127,1.6821927523441609
64.0,138.0,1005.0227661132812,1.1090167985935704,3.054929262949412,0.2138404591139139,3.3785257770175283,-0.2062982807170551,0.6081492878130935,1.0163426512361524,-0.0348229360837541,3.2931519023315508,1.7331119502206431
64.0,138.0,1006.3912353515624,1.0823124156003283,3.145532408020725,0.0937498638335725,4.3492484902596935,-0.983369492477124,0.3045399617600217,1.0355153888892177,-0.6035785196627739,3.47882371336145,1.9749920545649893
64.0,138.0,1003.7677001953124,0.9753379059727132,3.027481911426474,0.8914709442373026,3.6385006360362526,-0.1936568623912141,0.9354252219936228,1.0515023454212475,1.5844169383747184,3.3013099988549235,1.6821957420369034
64.0,138.0,1005.7315063476562,1.5396689441273124,3.0386942734840274,0.0727790596694881,3.99653790662412,-0.2180394714265182,1.1227822176659112,0.9898665587735348,-0.0161734394273001,3.292559616599718,1.7283088665121291
64.0,138.0,1005.9786376953124,1.1755166225902458,3.0139295819900664,-0.2417305383366287,3.616814653335077,-0.2729520402836232,1.8592848557108288,1.1177652924446315,0.1211451494947978,3.912459696901169,2.2316448068592054
64.0,138.0,1004.7403564453124,0.4804166552562906,3.142058809388116,-0.507253232726782,3.78275224637308,-0.5671588827166028,1.1261544357254607,1.4122039073154182,0.5007209311294231,3.503301094810195,1.926829920271378
64.0,138.0,1004.5214233398438,1.3925082887281215,3.065088985864282,-0.1686798461004562,2.4937664364779137,-0.2246521629870259,1.0573601922845028,1.0844478999456344,-0.8866334099558765,3.2654268773896447,1.6563374701400866
64.0,138.0,1006.101806640625,1.5145614614356997,2.994643314133276,-0.4385238738008652,2.6498988515969346,-0.2204737755628775,1.1219320992016055,0.99350013477897,-0.0190371027451072,3.134156782158529,1.6797391789481235
64.0,138.0,1005.6001586914062,0.1781387739601991,2.8222566258346973,-1.2784227836424644,2.158820161725356,-1.3598118191510389,1.8033214309254848,1.4312019484559402,0.0812233307260337,2.5723035292130967,1.5728984824109573
64.0,138.0,1005.8743896484376,0.0594998054986024,2.4736092679713666,-0.1808303602303297,1.535912543515276,-0.2128728184311272,0.8096079746393341,0.1778975985534896,-0.0199302804665875,3.321000599716123,2.4317144383963893
64.0,138.0,1005.768310546875,1.5999854791936896,2.9805356758612893,-0.224463190705871,3.807145392204087,-0.3379384159359995,1.0087144864956603,0.8161970981207121,-0.0299745068515237,3.525817858828421,1.6851147134922917
64.0,139.0,1004.6443481445312,0.6900176227674764,3.063074350782302,-0.3302721781170479,3.0126561550720083,-0.1976159951512532,1.5970259768578052,1.2511792713171723,-0.0167520924344081,3.4265898532482377,1.5636003792452855
64.0,139.0,1006.714599609375,1.1112219897749327,3.061659804709003,-0.0274385792625755,3.561688296560024,0.2064784152974412,1.0738040094079655,1.0688615969128463,-0.0148464613404078,3.8557916142516495,1.5569376775051424
64.0,139.0,1006.1292724609376,0.8825330645131402,3.064174342687368,-0.2362635771631851,3.582316996030628,-0.2074679037536006,0.9559810891053128,1.0531749231574068,-0.0434490340044395,3.286294651604756,2.3253331241426074
64.0,139.0,1005.7072143554688,1.6491448804843336,2.9104453120023,-0.2376035463302053,3.615676320374159,-0.5459213406507523,1.0802436756395946,1.0229389087533642,-0.0226071327225542,3.134768809825729,1.4551102740604491
64.0,139.0,1005.2555541992188,-0.5037094802039921,3.707585390221884,-0.3280569768488796,3.321070462527059,0.979043172621886,-0.4155761280008436,0.9565504599200948,0.2951346271246178,3.295787014291044,2.1819067114242974
64.0,139.0,1006.83154296875,1.5265036097584397,2.4688393553651458,-0.2193779993269236,3.456649131017686,-0.280184533111481,1.4322115030166764,0.0073984864598439,0.0552709621325861,2.764100911123255,1.699477136905433
64.0,139.0,1006.2119140625,0.4893625390202833,1.7795423029239368,-0.2283334970089545,3.1277989280704825,0.4981169607027755,1.141197769335064,2.5146578201478693,1.975507430672696,4.311031517865723,2.0922100116751228
64.0,139.0,1005.1494140625,1.4267671879387,2.82151791963309,-0.2050135975394147,3.599402345635524,-0.212234014229664,1.0699343377498252,1.054124327480299,-0.0348381047181509,3.2384919490320403,1.683330061310487
64.0,139.0,1006.1808471679688,1.5044895019604971,4.37353118641234,-0.1123117642728705,3.278240110355435,-0.2710004059046436,1.206590297347884,1.0726861605494895,-0.7094813345437163,3.301103040810469,1.658737095350794
64.0,139.0,1004.5355224609376,-0.2067583177486083,2.156645823399848,1.1237471826284795,3.780946817479548,-0.5114493991580722,1.3470285072754011,1.5426076556614716,0.9251629364195506,3.6326501297850458,1.193605314089168
64.0,139.0,1005.1493530273438,0.5735184706036716,3.028423329307017,0.2644622216036731,2.659398374348958,0.2306337810705419,1.0125999917583286,1.1341537852403114,0.5087035841895886,3.226086612326376,1.548830647479367
64.0,139.0,1004.7785034179688,0.6991135168312739,2.894738252833397,-0.2188575842976097,3.4645647397683965,-0.2438181442738039,1.0991670823590096,0.687295206439572,1.314428712403647,3.3101250531130244,1.6781756112361752
64.0,139.0,1006.7550048828124,1.7724945126995004,3.0703987008149776,0.1826723068202544,3.2010081142690723,-0.121466419569273,1.2303004122357388,1.0661233202080411,-0.0710318298801985,3.2991645041737008,1.720742171507914
64.0,139.0,1004.95849609375,0.9162956780313632,2.1247201074083826,0.0379144096914144,3.0493734156772465,-0.204541723945408,1.0866278545155783,1.081534562537653,-0.1426858802547873,2.5531626479271203,1.6834925846586402
64.0,139.0,1005.079833984375,0.8078773908434,3.0635542735379326,-0.2222773718837908,3.644619233544741,-0.0438507735814526,1.4232936018416082,0.7302359461628485,0.463335757005806,3.131559441489576,1.6311643300045815
64.0,139.0,1005.9080810546876,1.0513515896295955,3.0324479004866207,-0.1399893757068982,2.5909601277576697,-0.1207554487964864,2.5126882206643253,1.1607896320933913,0.180815057255496,3.251736532375584,2.58552590355996
64.0,139.0,1005.7649536132812,0.2825466944237913,3.223371955913502,-1.130107795435179,3.475165291581171,-1.048330892200188,0.6773142097574366,1.7224453178602437,-0.0116344510771347,2.978858171781275,1.664112733334867
64.0,139.0,1003.8233642578124,1.028523366259821,3.0628461474330293,-0.3204188298828894,3.0167776901382988,0.2647472536681213,1.306874930918926,0.9514498344110252,-0.5399432597472117,3.348110656193866,0.8965220619264871
64.0,139.0,1006.2741088867188,1.643031542836416,3.606370926934152,-0.6934784640503268,3.544777025413626,-0.1168117638030309,0.939111865717292,1.235370936060419,0.8014975999324441,3.270795648100955,1.6707495569788469
64.0,139.0,1005.4580688476562,1.714830991173177,3.0751933772525515,-0.3198873779630757,3.0600901733655563,-0.3336865919117254,1.041410814400998,0.9802931378106874,-0.0717430790773777,3.30035801474969,1.62578042127942
64.0,139.0,1006.1286010742188,1.5630251164579407,3.034072154337606,-0.2144607478813976,3.3747890166807086,-0.1840946200972616,1.0834848120091078,1.505132191142844,0.0986427251527393,3.2971237436003165,1.6407078622033984
64.0,139.0,1004.8368530273438,-0.0192859539180938,3.1458012448024646,-0.4052589456220559,3.5837623621294377,-0.4446218579421889,1.004306573519272,1.0674916208430016,-0.1473208806064043,4.659302750457305,1.266183010783346
64.0,139.0,1005.0035400390624,1.488088734200528,3.2964916798764268,-0.081613556681665,3.4931910742310563,-0.4795947022471148,1.19443031097595,1.5983254058784726,0.3030366300005376,3.1093375136026897,1.3517079212642986
64.0,139.0,1005.59716796875,0.8422960777773174,3.0348209215701183,-0.2311176520887816,3.530445462000517,0.731073415144617,1.0838871087870037,1.0526527931079228,-0.2789778063184201,3.525442996103043,1.9314441196361605
64.0,139.0,1005.1682739257812,0.4758226699530498,2.725912301651685,-0.0230184400084026,3.5041163169939864,-0.2839688026094656,0.98246182909671,0.7814411067738086,0.0567855685067581,3.2908997596538847,1.3640380101297185
64.0,139.0,1004.932861328125,1.5796322669745138,2.974669102036052,-0.2759972217390695,3.567574034001228,-0.2093543612178015,1.4940440693796724,1.055340177568717,-0.0056815911348413,3.322450316094878,2.2801882162059304
64.0,139.0,1005.4376220703124,1.4939369051591875,3.208578143175042,-0.0838875551827738,3.6527902052474297,-0.0677512366808728,2.1295316682877434,1.0280783661595605,-0.0117743859456704,3.334761595860714,1.7120512362595308
64.0,139.0,1005.9476318359376,0.0416259073064684,3.056620648095169,0.9059087932371556,3.541676985417584,-0.4558259587305865,-0.3150494321593007,1.05123482986649,-0.0994281152615595,3.238383279985208,1.6565234082160285
64.0,139.0,1006.3308715820312,1.535959406806901,3.012881012953959,-0.1663306996994601,3.5850778383914594,-0.2867194392540477,1.0486903470382465,1.1491035130694829,-0.0172823082687018,3.5717012420075,1.522958118209904
64.0,139.0,1005.1908569335938,1.1023887204012748,3.2341476803645643,-0.201467270177571,2.4973480581935963,-0.1713493341169948,1.0827305179708886,1.376827834472508,0.3857767790946929,3.6663823370834,1.765177587675498
64.0,139.0,1003.884033203125,1.1425112649696187,3.065090117718845,0.592860107788608,2.8071972518327133,0.2549808842303713,0.7688590957311772,1.1434486482266086,0.1774592781213724,3.2904317271738885,1.6652367097735672
64.0,139.0,1004.8756713867188,1.803103039357084,3.04969122379482,-0.2380855070972431,3.544222673085715,-0.3675432124331079,1.0049334701620785,1.0915745130618049,-0.0166428366782459,3.286393579044508,1.7128181502425668
64.0,139.0,1005.5949096679688,1.065741447403239,3.566321993171797,-0.1722097588879127,3.335195644635442,0.4153135222526197,1.6432684793938577,1.2308026718224587,0.3065238812510272,3.32453208933479,1.4181087479272612
64.0,139.0,1005.1708984375,1.5387374172758588,3.0630905424895096,-0.2761169812147975,3.539551483750204,-0.0710913967583387,1.0864629386437223,1.0432566156141505,0.0406253156605319,3.3703392304127733,1.6847979903288934
64.0,139.0,1004.3433227539062,1.5246637626108075,2.588764633984187,-0.2247483509817702,3.541791433209113,-0.2094105942329443,0.0900981966808316,1.4472220790014578,0.3634141441016041,3.275517642189521,1.677631713184814
64.0,139.0,1006.3489990234376,1.5514520891483368,3.057318420357167,-0.2631982522786442,3.525985729806991,-0.211421577591669,1.0871765917978395,1.0592099546980789,-0.0142462550174791,2.96232874565588,1.5743383689854655
64.0,139.0,1005.1350708007812,0.1661038185710084,2.5390123143543657,2.0774916054569346,1.835614257140512,-1.5735118140693944,0.0393769710875324,1.5364656260845004,0.9512514490147672,2.833057723425437,1.6722709438483858
64.0,139.0,1006.7476806640624,1.3783292661069166,2.227281756843792,0.7486796121921748,2.3676098445669496,-0.4352187250238886,0.1295667694666509,1.2582478032152908,0.9678886220425788,1.546052822985894,1.7088008776725607
64.0,139.0,1003.6841430664062,1.5264166200797986,3.063097861613356,-0.215819897253269,3.5490497273888275,-0.2048867388282806,1.0826619122252867,1.0511392207255632,-0.0170243374408754,3.2973942147249127,1.6821927523441609
64.0,139.0,1005.0227661132812,1.1090167985935704,3.054929262949412,0.2138404591139139,3.3785257770175283,-0.2062982807170551,0.6081492878130935,1.0163426512361524,-0.0348229360837541,3.2931519023315508,1.7331119502206431
64.0,139.0,1006.3912353515624,1.0823124156003283,3.145532408020725,0.0937498638335725,4.3492484902596935,-0.983369492477124,0.3045399617600217,1.0355153888892177,-0.6035785196627739,3.47882371336145,1.9749920545649893
64.0,139.0,1003.7677001953124,0.9753379059727132,3.027481911426474,0.8914709442373026,3.6385006360362526,-0.1936568623912141,0.9354252219936228,1.0515023454212475,1.5844169383747184,3.3013099988549235,1.6821957420369034
64.0,139.0,1005.7315063476562,1.5396689441273124,3.0386942734840274,0.0727790596694881,3.99653790662412,-0.2180394714265182,1.1227822176659112,0.9898665587735348,-0.0161734394273001,3.292559616599718,1.7283088665121291
64.0,139.0,1005.9786376953124,1.1755166225902458,3.0139295819900664,-0.2417305383366287,3.616814653335077,-0.2729520402836232,1.8592848557108288,1.1177652924446315,0.1211451494947978,3.912459696901169,2.2316448068592054
64.0,139.0,1004.7403564453124,0.4804166552562906,3.142058809388116,-0.507253232726782,3.78275224637308,-0.5671588827166028,1.1261544357254607,1.4122039073154182,0.5007209311294231,3.503301094810195,1.926829920271378
64.0,139.0,1004.5214233398438,1.3925082887281215,3.065088985864282,-0.1686798461004562,2.4937664364779137,-0.2246521629870259,1.0573601922845028,1.0844478999456344,-0.8866334099558765,3.2654268773896447,1.6563374701400866
64.0,139.0,1006.101806640625,1.5145614614356997,2.994643314133276,-0.4385238738008652,2.6498988515969346,-0.2204737755628775,1.1219320992016055,0.99350013477897,-0.0190371027451072,3.134156782158529,1.6797391789481235
64.0,139.0,1005.6001586914062,0.1781387739601991,2.8222566258346973,-1.2784227836424644,2.158820161725356,-1.3598118191510389,1.8033214309254848,1.4312019484559402,0.0812233307260337,2.5723035292130967,1.5728984824109573
64.0,139.0,1005.8743896484376,0.0594998054986024,2.4736092679713666,-0.1808303602303297,1.535912543515276,-0.2128728184311272,0.8096079746393341,0.1778975985534896,-0.0199302804665875,3.321000599716123,2.4317144383963893
64.0,139.0,1005.768310546875,1.5999854791936896,2.9805356758612893,-0.224463190705871,3.807145392204087,-0.3379384159359995,1.0087144864956603,0.8161970981207121,-0.0299745068515237,3.525817858828421,1.6851147134922917
64.0,140.0,1004.6443481445312,0.6900176227674764,3.063074350782302,-0.3302721781170479,3.0126561550720083,-0.1976159951512532,1.5970259768578052,1.2511792713171723,-0.0167520924344081,3.4265898532482377,1.5636003792452855
64.0,140.0,1006.714599609375,1.1112219897749327,3.061659804709003,-0.0274385792625755,3.561688296560024,0.2064784152974412,1.0738040094079655,1.0688615969128463,-0.0148464613404078,3.8557916142516495,1.5569376775051424
64.0,140.0,1006.1292724609376,0.8825330645131402,3.064174342687368,-0.2362635771631851,3.582316996030628,-0.2074679037536006,0.9559810891053128,1.0531749231574068,-0.0434490340044395,3.286294651604756,2.3253331241426074
64.0,140.0,1005.7072143554688,1.6491448804843336,2.9104453120023,-0.2376035463302053,3.615676320374159,-0.5459213406507523,1.0802436756395946,1.0229389087533642,-0.0226071327225542,3.134768809825729,1.4551102740604491
64.0,140.0,1005.2555541992188,-0.5037094802039921,3.707585390221884,-0.3280569768488796,3.321070462527059,0.979043172621886,-0.4155761280008436,0.9565504599200948,0.2951346271246178,3.295787014291044,2.1819067114242974
64.0,140.0,1006.83154296875,1.5265036097584397,2.4688393553651458,-0.2193779993269236,3.456649131017686,-0.280184533111481,1.4322115030166764,0.0073984864598439,0.0552709621325861,2.764100911123255,1.699477136905433
64.0,140.0,1006.2119140625,0.4893625390202833,1.7795423029239368,-0.2283334970089545,3.1277989280704825,0.4981169607027755,1.141197769335064,2.5146578201478693,1.975507430672696,4.311031517865723,2.0922100116751228
64.0,140.0,1005.1494140625,1.4267671879387,2.82151791963309,-0.2050135975394147,3.599402345635524,-0.212234014229664,1.0699343377498252,1.054124327480299,-0.0348381047181509,3.2384919490320403,1.683330061310487
64.0,140.0,1006.1808471679688,1.5044895019604971,4.37353118641234,-0.1123117642728705,3.278240110355435,-0.2710004059046436,1.206590297347884,1.0726861605494895,-0.7094813345437163,3.301103040810469,1.658737095350794
64.0,140.0,1004.5355224609376,-0.2067583177486083,2.156645823399848,1.1237471826284795,3.780946817479548,-0.5114493991580722,1.3470285072754011,1.5426076556614716,0.9251629364195506,3.6326501297850458,1.193605314089168
64.0,140.0,1005.1493530273438,0.5735184706036716,3.028423329307017,0.2644622216036731,2.659398374348958,0.2306337810705419,1.0125999917583286,1.1341537852403114,0.5087035841895886,3.226086612326376,1.548830647479367
64.0,140.0,1004.7785034179688,0.6991135168312739,2.894738252833397,-0.2188575842976097,3.4645647397683965,-0.2438181442738039,1.0991670823590096,0.687295206439572,1.314428712403647,3.3101250531130244,1.6781756112361752
64.0,140.0,1006.7550048828124,1.7724945126995004,3.0703987008149776,0.1826723068202544,3.2010081142690723,-0.121466419569273,1.2303004122357388,1.0661233202080411,-0.0710318298801985,3.2991645041737008,1.720742171507914
64.0,140.0,1004.95849609375,0.9162956780313632,2.1247201074083826,0.0379144096914144,3.0493734156772465,-0.204541723945408,1.0866278545155783,1.081534562537653,-0.1426858802547873,2.5531626479271203,1.6834925846586402
64.0,140.0,1005.079833984375,0.8078773908434,3.0635542735379326,-0.2222773718837908,3.644619233544741,-0.0438507735814526,1.4232936018416082,0.7302359461628485,0.463335757005806,3.131559441489576,1.6311643300045815
64.0,140.0,1005.9080810546876,1.0513515896295955,3.0324479004866207,-0.1399893757068982,2.5909601277576697,-0.1207554487964864,2.5126882206643253,1.1607896320933913,0.180815057255496,3.251736532375584,2.58552590355996
64.0,140.0,1005.7649536132812,0.2825466944237913,3.223371955913502,-1.130107795435179,3.475165291581171,-1.048330892200188,0.6773142097574366,1.7224453178602437,-0.0116344510771347,2.978858171781275,1.664112733334867
64.0,140.0,1003.8233642578124,1.028523366259821,3.0628461474330293,-0.3204188298828894,3.0167776901382988,0.2647472536681213,1.306874930918926,0.9514498344110252,-0.5399432597472117,3.348110656193866,0.8965220619264871
64.0,140.0,1006.2741088867188,1.643031542836416,3.606370926934152,-0.6934784640503268,3.544777025413626,-0.1168117638030309,0.939111865717292,1.235370936060419,0.8014975999324441,3.270795648100955,1.6707495569788469
64.0,140.0,1005.4580688476562,1.714830991173177,3.0751933772525515,-0.3198873779630757,3.0600901733655563,-0.3336865919117254,1.041410814400998,0.9802931378106874,-0.0717430790773777,3.30035801474969,1.62578042127942
64.0,140.0,1006.1286010742188,1.5630251164579407,3.034072154337606,-0.2144607478813976,3.3747890166807086,-0.1840946200972616,1.0834848120091078,1.505132191142844,0.0986427251527393,3.2971237436003165,1.6407078622033984
64.0,140.0,1004.8368530273438,-0.0192859539180938,3.1458012448024646,-0.4052589456220559,3.5837623621294377,-0.4446218579421889,1.004306573519272,1.0674916208430016,-0.1473208806064043,4.659302750457305,1.266183010783346
64.0,140.0,1005.0035400390624,1.488088734200528,3.2964916798764268,-0.081613556681665,3.4931910742310563,-0.4795947022471148,1.19443031097595,1.5983254058784726,0.3030366300005376,3.1093375136026897,1.3517079212642986
64.0,140.0,1005.59716796875,0.8422960777773174,3.0348209215701183,-0.2311176520887816,3.530445462000517,0.731073415144617,1.0838871087870037,1.0526527931079228,-0.2789778063184201,3.525442996103043,1.9314441196361605
64.0,140.0,1005.1682739257812,0.4758226699530498,2.725912301651685,-0.0230184400084026,3.5041163169939864,-0.2839688026094656,0.98246182909671,0.7814411067738086,0.0567855685067581,3.2908997596538847,1.3640380101297185
64.0,140.0,1004.932861328125,1.5796322669745138,2.974669102036052,-0.2759972217390695,3.567574034001228,-0.2093543612178015,1.4940440693796724,1.055340177568717,-0.0056815911348413,3.322450316094878,2.2801882162059304
64.0,140.0,1005.4376220703124,1.4939369051591875,3.208578143175042,-0.0838875551827738,3.6527902052474297,-0.0677512366808728,2.1295316682877434,1.0280783661595605,-0.0117743859456704,3.334761595860714,1.7120512362595308
64.0,140.0,1005.9476318359376,0.0416259073064684,3.056620648095169,0.9059087932371556,3.541676985417584,-0.4558259587305865,-0.3150494321593007,1.05123482986649,-0.0994281152615595,3.238383279985208,1.6565234082160285
64.0,140.0,1006.3308715820312,1.535959406806901,3.012881012953959,-0.1663306996994601,3.5850778383914594,-0.2867194392540477,1.0486903470382465,1.1491035130694829,-0.0172823082687018,3.5717012420075,1.522958118209904
64.0,140.0,1005.1908569335938,1.1023887204012748,3.2341476803645643,-0.201467270177571,2.4973480581935963,-0.1713493341169948,1.0827305179708886,1.376827834472508,0.3857767790946929,3.6663823370834,1.765177587675498
64.0,140.0,1003.884033203125,1.1425112649696187,3.065090117718845,0.592860107788608,2.8071972518327133,0.2549808842303713,0.7688590957311772,1.1434486482266086,0.1774592781213724,3.2904317271738885,1.6652367097735672
64.0,140.0,1004.8756713867188,1.803103039357084,3.04969122379482,-0.2380855070972431,3.544222673085715,-0.3675432124331079,1.0049334701620785,1.0915745130618049,-0.0166428366782459,3.286393579044508,1.7128181502425668
64.0,140.0,1005.5949096679688,1.065741447403239,3.566321993171797,-0.1722097588879127,3.335195644635442,0.4153135222526197,1.6432684793938577,1.2308026718224587,0.3065238812510272,3.32453208933479,1.4181087479272612
64.0,140.0,1005.1708984375,1.5387374172758588,3.0630905424895096,-0.2761169812147975,3.539551483750204,-0.0710913967583387,1.0864629386437223,1.0432566156141505,0.0406253156605319,3.3703392304127733,1.6847979903288934
64.0,140.0,1004.3433227539062,1.5246637626108075,2.588764633984187,-0.2247483509817702,3.541791433209113,-0.2094105942329443,0.0900981966808316,1.4472220790014578,0.3634141441016041,3.275517642189521,1.677631713184814
64.0,140.0,1006.3489990234376,1.5514520891483368,3.057318420357167,-0.2631982522786442,3.525985729806991,-0.211421577591669,1.0871765917978395,1.0592099546980789,-0.0142462550174791,2.96232874565588,1.5743383689854655
64.0,140.0,1005.1350708007812,0.1661038185710084,2.5390123143543657,2.0774916054569346,1.835614257140512,-1.5735118140693944,0.0393769710875324,1.5364656260845004,0.9512514490147672,2.833057723425437,1.6722709438483858
64.0,140.0,1006.7476806640624,1.3783292661069166,2.227281756843792,0.7486796121921748,2.3676098445669496,-0.4352187250238886,0.1295667694666509,1.2582478032152908,0.9678886220425788,1.546052822985894,1.7088008776725607
64.0,140.0,1003.6841430664062,1.5264166200797986,3.063097861613356,-0.215819897253269,3.5490497273888275,-0.2048867388282806,1.0826619122252867,1.0511392207255632,-0.0170243374408754,3.2973942147249127,1.6821927523441609
64.0,140.0,1005.0227661132812,1.1090167985935704,3.054929262949412,0.2138404591139139,3.3785257770175283,-0.2062982807170551,0.6081492878130935,1.0163426512361524,-0.0348229360837541,3.2931519023315508,1.7331119502206431
64.0,140.0,1006.3912353515624,1.0823124156003283,3.145532408020725,0.0937498638335725,4.3492484902596935,-0.983369492477124,0.3045399617600217,1.0355153888892177,-0.6035785196627739,3.47882371336145,1.9749920545649893
64.0,140.0,1003.7677001953124,0.9753379059727132,3.027481911426474,0.8914709442373026,3.6385006360362526,-0.1936568623912141,0.9354252219936228,1.0515023454212475,1.5844169383747184,3.3013099988549235,1.6821957420369034
64.0,140.0,1005.7315063476562,1.5396689441273124,3.0386942734840274,0.0727790596694881,3.99653790662412,-0.2180394714265182,1.1227822176659112,0.9898665587735348,-0.0161734394273001,3.292559616599718,1.7283088665121291
64.0,140.0,1005.9786376953124,1.1755166225902458,3.0139295819900664,-0.2417305383366287,3.616814653335077,-0.2729520402836232,1.8592848557108288,1.1177652924446315,0.1211451494947978,3.912459696901169,2.2316448068592054
64.0,140.0,1004.7403564453124,0.4804166552562906,3.142058809388116,-0.507253232726782,3.78275224637308,-0.5671588827166028,1.1261544357254607,1.4122039073154182,0.5007209311294231,3.503301094810195,1.926829920271378
64.0,140.0,1004.5214233398438,1.3925082887281215,3.065088985864282,-0.1686798461004562,2.4937664364779137,-0.2246521629870259,1.0573601922845028,1.0844478999456344,-0.8866334099558765,3.2654268773896447,1.6563374701400866
64.0,140.0,1006.101806640625,1.5145614614356997,2.994643314133276,-0.4385238738008652,2.6498988515969346,-0.2204737755628775,1.1219320992016055,0.99350013477897,-0.0190371027451072,3.134156782158529,1.6797391789481235
64.0,140.0,1005.6001586914062,0.1781387739601991,2.8222566258346973,-1.2784227836424644,2.158820161725356,-1.3598118191510389,1.8033214309254848,1.4312019484559402,0.0812233307260337,2.5723035292130967,1.5728984824109573
64.0,140.0,1005.8743896484376,0.0594998054986024,2.4736092679713666,-0.1808303602303297,1.535912543515276,-0.2128728184311272,0.8096079746393341,0.1778975985534896,-0.0199302804665875,3.321000599716123,2.4317144383963893
64.0,140.0,1005.768310546875,1.5999854791936896,2.9805356758612893,-0.224463190705871,3.807145392204087,-0.3379384159359995,1.0087144864956603,0.8161970981207121,-0.0299745068515237,3.525817858828421,1.6851147134922917
64.0,141.0,1004.6443481445312,0.6900176227674764,3.063074350782302,-0.3302721781170479,3.0126561550720083,-0.1976159951512532,1.5970259768578052,1.2511792713171723,-0.0167520924344081,3.4265898532482377,1.5636003792452855
64.0,141.0,1006.714599609375,1.1112219897749327,3.061659804709003,-0.0274385792625755,3.561688296560024,0.2064784152974412,1.0738040094079655,1.0688615969128463,-0.0148464613404078,3.8557916142516495,1.5569376775051424
64.0,141.0,1006.1292724609376,0.8825330645131402,3.064174342687368,-0.2362635771631851,3.582316996030628,-0.2074679037536006,0.9559810891053128,1.0531749231574068,-0.0434490340044395,3.286294651604756,2.3253331241426074
64.0,141.0,1005.7072143554688,1.6491448804843336,2.9104453120023,-0.2376035463302053,3.615676320374159,-0.5459213406507523,1.0802436756395946,1.0229389087533642,-0.0226071327225542,3.134768809825729,1.4551102740604491
64.0,141.0,1005.2555541992188,-0.5037094802039921,3.707585390221884,-0.3280569768488796,3.321070462527059,0.979043172621886,-0.4155761280008436,0.9565504599200948,0.2951346271246178,3.295787014291044,2.1819067114242974
64.0,141.0,1006.83154296875,1.5265036097584397,2.4688393553651458,-0.2193779993269236,3.456649131017686,-0.280184533111481,1.4322115030166764,0.0073984864598439,0.0552709621325861,2.764100911123255,1.699477136905433
64.0,141.0,1006.2119140625,0.4893625390202833,1.7795423029239368,-0.2283334970089545,3.1277989280704825,0.4981169607027755,1.141197769335064,2.5146578201478693,1.975507430672696,4.311031517865723,2.0922100116751228
64.0,141.0,1005.1494140625,1.4267671879387,2.82151791963309,-0.2050135975394147,3.599402345635524,-0.212234014229664,1.0699343377498252,1.054124327480299,-0.0348381047181509,3.2384919490320403,1.683330061310487
64.0,141.0,1006.1808471679688,1.5044895019604971,4.37353118641234,-0.1123117642728705,3.278240110355435,-0.2710004059046436,1.206590297347884,1.0726861605494895,-0.7094813345437163,3.301103040810469,1.658737095350794
64.0,141.0,1004.5355224609376,-0.2067583177486083,2.156645823399848,1.1237471826284795,3.780946817479548,-0.5114493991580722,1.3470285072754011,1.5426076556614716,0.9251629364195506,3.6326501297850458,1.193605314089168
64.0,141.0,1005.1493530273438,0.5735184706036716,3.028423329307017,0.2644622216036731,2.659398374348958,0.2306337810705419,1.0125999917583286,1.1341537852403114,0.5087035841895886,3.226086612326376,1.548830647479367
64.0,141.0,1004.7785034179688,0.6991135168312739,2.894738252833397,-0.2188575842976097,3.4645647397683965,-0.2438181442738039,1.0991670823590096,0.687295206439572,1.314428712403647,3.3101250531130244,1.6781756112361752
64.0,141.0,1006.7550048828124,1.7724945126995004,3.0703987008149776,0.1826723068202544,3.2010081142690723,-0.121466419569273,1.2303004122357388,1.0661233202080411,-0.0710318298801985,3.2991645041737008,1.720742171507914
64.0,141.0,1004.95849609375,0.9162956780313632,2.1247201074083826,0.0379144096914144,3.0493734156772465,-0.204541723945408,1.0866278545155783,1.081534562537653,-0.1426858802547873,2.5531626479271203,1.6834925846586402
64.0,141.0,1005.079833984375,0.8078773908434,3.0635542735379326,-0.2222773718837908,3.644619233544741,-0.0438507735814526,1.4232936018416082,0.7302359461628485,0.463335757005806,3.131559441489576,1.6311643300045815
64.0,141.0,1005.9080810546876,1.0513515896295955,3.0324479004866207,-0.1399893757068982,2.5909601277576697,-0.1207554487964864,2.5126882206643253,1.1607896320933913,0.180815057255496,3.251736532375584,2.58552590355996
64.0,141.0,1005.7649536132812,0.2825466944237913,3.223371955913502,-1.130107795435179,3.475165291581171,-1.048330892200188,0.6773142097574366,1.7224453178602437,-0.0116344510771347,2.978858171781275,1.664112733334867
64.0,141.0,1003.8233642578124,1.028523366259821,3.0628461474330293,-0.3204188298828894,3.0167776901382988,0.2647472536681213,1.306874930918926,0.9514498344110252,-0.5399432597472117,3.348110656193866,0.8965220619264871
64.0,141.0,1006.2741088867188,1.643031542836416,3.606370926934152,-0.6934784640503268,3.544777025413626,-0.1168117638030309,0.939111865717292,1.235370936060419,0.8014975999324441,3.270795648100955,1.6707495569788469
64.0,141.0,1005.4580688476562,1.714830991173177,3.0751933772525515,-0.3198873779630757,3.0600901733655563,-0.3336865919117254,1.041410814400998,0.9802931378106874,-0.0717430790773777,3.30035801474969,1.62578042127942
64.0,141.0,1006.1286010742188,1.5630251164579407,3.034072154337606,-0.2144607478813976,3.3747890166807086,-0.1840946200972616,1.0834848120091078,1.505132191142844,0.0986427251527393,3.2971237436003165,1.6407078622033984
64.0,141.0,1004.8368530273438,-0.0192859539180938,3.1458012448024646,-0.4052589456220559,3.5837623621294377,-0.4446218579421889,1.004306573519272,1.0674916208430016,-0.1473208806064043,4.659302750457305,1.266183010783346
64.0,141.0,1005.0035400390624,1.488088734200528,3.2964916798764268,-0.081613556681665,3.4931910742310563,-0.4795947022471148,1.19443031097595,1.5983254058784726,0.3030366300005376,3.1093375136026897,1.3517079212642986
64.0,141.0,1005.59716796875,0.8422960777773174,3.0348209215701183,-0.2311176520887816,3.530445462000517,0.731073415144617,1.0838871087870037,1.0526527931079228,-0.2789778063184201,3.525442996103043,1.9314441196361605
64.0,141.0,1005.1682739257812,0.4758226699530498,2.725912301651685,-0.0230184400084026,3.5041163169939864,-0.2839688026094656,0.98246182909671,0.7814411067738086,0.0567855685067581,3.2908997596538847,1.3640380101297185
64.0,141.0,1004.932861328125,1.5796322669745138,2.974669102036052,-0.2759972217390695,3.567574034001228,-0.2093543612178015,1.4940440693796724,1.055340177568717,-0.0056815911348413,3.322450316094878,2.2801882162059304
64.0,141.0,1005.4376220703124,1.4939369051591875,3.208578143175042,-0.0838875551827738,3.6527902052474297,-0.0677512366808728,2.1295316682877434,1.0280783661595605,-0.0117743859456704,3.334761595860714,1.7120512362595308
64.0,141.0,1005.9476318359376,0.0416259073064684,3.056620648095169,0.9059087932371556,3.541676985417584,-0.4558259587305865,-0.3150494321593007,1.05123482986649,-0.0994281152615595,3.238383279985208,1.6565234082160285
64.0,141.0,1006.3308715820312,1.535959406806901,3.012881012953959,-0.1663306996994601,3.5850778383914594,-0.2867194392540477,1.0486903470382465,1.1491035130694829,-0.0172823082687018,3.5717012420075,1.522958118209904
64.0,141.0,1005.1908569335938,1.1023887204012748,3.2341476803645643,-0.201467270177571,2.4973480581935963,-0.1713493341169948,1.0827305179708886,1.376827834472508,0.3857767790946929,3.6663823370834,1.765177587675498
64.0,141.0,1003.884033203125,1.1425112649696187,3.065090117718845,0.592860107788608,2.8071972518327133,0.2549808842303713,0.7688590957311772,1.1434486482266086,0.1774592781213724,3.2904317271738885,1.6652367097735672
64.0,141.0,1004.8756713867188,1.803103039357084,3.04969122379482,-0.2380855070972431,3.544222673085715,-0.3675432124331079,1.0049334701620785,1.0915745130618049,-0.0166428366782459,3.286393579044508,1.7128181502425668
64.0,141.0,1005.5949096679688,1.065741447403239,3.566321993171797,-0.1722097588879127,3.335195644635442,0.4153135222526197,1.6432684793938577,1.2308026718224587,0.3065238812510272,3.32453208933479,1.4181087479272612
64.0,141.0,1005.1708984375,1.5387374172758588,3.0630905424895096,-0.2761169812147975,3.539551483750204,-0.0710913967583387,1.0864629386437223,1.0432566156141505,0.0406253156605319,3.3703392304127733,1.6847979903288934
64.0,141.0,1004.3433227539062,1.5246637626108075,2.588764633984187,-0.2247483509817702,3.541791433209113,-0.2094105942329443,0.0900981966808316,1.4472220790014578,0.3634141441016041,3.275517642189521,1.677631713184814
64.0,141.0,1006.3489990234376,1.5514520891483368,3.057318420357167,-0.2631982522786442,3.525985729806991,-0.211421577591669,1.0871765917978395,1.0592099546980789,-0.0142462550174791,2.96232874565588,1.5743383689854655
64.0,141.0,1005.1350708007812,0.1661038185710084,2.5390123143543657,2.0774916054569346,1.835614257140512,-1.5735118140693944,0.0393769710875324,1.5364656260845004,0.9512514490147672,2.833057723425437,1.6722709438483858
64.0,141.0,1006.7476806640624,1.3783292661069166,2.227281756843792,0.7486796121921748,2.3676098445669496,-0.4352187250238886,0.1295667694666509,1.2582478032152908,0.9678886220425788,1.546052822985894,1.7088008776725607
64.0,141.0,1003.6841430664062,1.5264166200797986,3.063097861613356,-0.215819897253269,3.5490497273888275,-0.2048867388282806,1.0826619122252867,1.0511392207255632,-0.0170243374408754,3.2973942147249127,1.6821927523441609
64.0,141.0,1005.0227661132812,1.1090167985935704,3.054929262949412,0.2138404591139139,3.3785257770175283,-0.2062982807170551,0.6081492878130935,1.0163426512361524,-0.0348229360837541,3.2931519023315508,1.7331119502206431
64.0,141.0,1006.3912353515624,1.0823124156003283,3.145532408020725,0.0937498638335725,4.3492484902596935,-0.983369492477124,0.3045399617600217,1.0355153888892177,-0.6035785196627739,3.47882371336145,1.9749920545649893
64.0,141.0,1003.7677001953124,0.9753379059727132,3.027481911426474,0.8914709442373026,3.6385006360362526,-0.1936568623912141,0.9354252219936228,1.0515023454212475,1.5844169383747184,3.3013099988549235,1.6821957420369034
64.0,141.0,1005.7315063476562,1.5396689441273124,3.0386942734840274,0.0727790596694881,3.99653790662412,-0.2180394714265182,1.1227822176659112,0.9898665587735348,-0.0161734394273001,3.292559616599718,1.7283088665121291
64.0,141.0,1005.9786376953124,1.1755166225902458,3.0139295819900664,-0.2417305383366287,3.616814653335077,-0.2729520402836232,1.8592848557108288,1.1177652924446315,0.1211451494947978,3.912459696901169,2.2316448068592054
64.0,141.0,1004.7403564453124,0.4804166552562906,3.142058809388116,-0.507253232726782,3.78275224637308,-0.5671588827166028,1.1261544357254607,1.4122039073154182,0.5007209311294231,3.503301094810195,1.926829920271378
64.0,141.0,1004.5214233398438,1.3925082887281215,3.065088985864282,-0.1686798461004562,2.4937664364779137,-0.2246521629870259,1.0573601922845028,1.0844478999456344,-0.8866334099558765,3.2654268773896447,1.6563374701400866
64.0,141.0,1006.101806640625,1.5145614614356997,2.994643314133276,-0.4385238738008652,2.6498988515969346,-0.2204737755628775,1.1219320992016055,0.99350013477897,-0.0190371027451072,3.134156782158529,1.6797391789481235
64.0,141.0,1005.6001586914062,0.1781387739601991,2.8222566258346973,-1.2784227836424644,2.158820161725356,-1.3598118191510389,1.8033214309254848,1.4312019484559402,0.0812233307260337,2.5723035292130967,1.5728984824109573
64.0,141.0,1005.8743896484376,0.0594998054986024,2.4736092679713666,-0.1808303602303297,1.535912543515276,-0.2128728184311272,0.8096079746393341,0.1778975985534896,-0.0199302804665875,3.321000599716123,2.4317144383963893
64.0,141.0,1005.768310546875,1.5999854791936896,2.9805356758612893,-0.224463190705871,3.807145392204087,-0.3379384159359995,1.0087144864956603,0.8161970981207121,-0.0299745068515237,3.525817858828421,1.6851147134922917
64.0,142.0,1004.6443481445312,0.6900176227674764,3.063074350782302,-0.3302721781170479,3.0126561550720083,-0.1976159951512532,1.5970259768578052,1.2511792713171723,-0.0167520924344081,3.4265898532482377,1.5636003792452855
64.0,142.0,1006.714599609375,1.1112219897749327,3.061659804709003,-0.0274385792625755,3.561688296560024,0.2064784152974412,1.0738040094079655,1.0688615969128463,-0.0148464613404078,3.8557916142516495,1.5569376775051424
64.0,142.0,1006.1292724609376,0.8825330645131402,3.064174342687368,-0.2362635771631851,3.582316996030628,-0.2074679037536006,0.9559810891053128,1.0531749231574068,-0.0434490340044395,3.286294651604756,2.3253331241426074
64.0,142.0,1005.7072143554688,1.6491448804843336,2.9104453120023,-0.2376035463302053,3.615676320374159,-0.5459213406507523,1.0802436756395946,1.0229389087533642,-0.0226071327225542,3.134768809825729,1.4551102740604491
64.0,142.0,1005.2555541992188,-0.5037094802039921,3.707585390221884,-0.3280569768488796,3.321070462527059,0.979043172621886,-0.4155761280008436,0.9565504599200948,0.2951346271246178,3.295787014291044,2.1819067114242974
64.0,142.0,1006.83154296875,1.5265036097584397,2.4688393553651458,-0.2193779993269236,3.456649131017686,-0.280184533111481,1.4322115030166764,0.0073984864598439,0.0552709621325861,2.764100911123255,1.699477136905433
64.0,142.0,1006.2119140625,0.4893625390202833,1.7795423029239368,-0.2283334970089545,3.1277989280704825,0.4981169607027755,1.141197769335064,2.5146578201478693,1.975507430672696,4.311031517865723,2.0922100116751228
64.0,142.0,1005.1494140625,1.4267671879387,2.82151791963309,-0.2050135975394147,3.599402345635524,-0.212234014229664,1.0699343377498252,1.054124327480299,-0.0348381047181509,3.2384919490320403,1.683330061310487
64.0,142.0,1006.1808471679688,1.5044895019604971,4.37353118641234,-0.1123117642728705,3.278240110355435,-0.2710004059046436,1.206590297347884,1.0726861605494895,-0.7094813345437163,3.301103040810469,1.658737095350794
64.0,142.0,1004.5355224609376,-0.2067583177486083,2.156645823399848,1.1237471826284795,3.780946817479548,-0.5114493991580722,1.3470285072754011,1.5426076556614716,0.9251629364195506,3.6326501297850458,1.193605314089168
64.0,142.0,1005.1493530273438,0.5735184706036716,3.028423329307017,0.2644622216036731,2.659398374348958,0.2306337810705419,1.0125999917583286,1.1341537852403114,0.5087035841895886,3.226086612326376,1.548830647479367
64.0,142.0,1004.7785034179688,0.6991135168312739,2.894738252833397,-0.2188575842976097,3.4645647397683965,-0.2438181442738039,1.0991670823590096,0.687295206439572,1.314428712403647,3.3101250531130244,1.6781756112361752
64.0,142.0,1006.7550048828124,1.7724945126995004,3.0703987008149776,0.1826723068202544,3.2010081142690723,-0.121466419569273,1.2303004122357388,1.0661233202080411,-0.0710318298801985,3.2991645041737008,1.720742171507914
64.0,142.0,1004.95849609375,0.9162956780313632,2.1247201074083826,0.0379144096914144,3.0493734156772465,-0.204541723945408,1.0866278545155783,1.081534562537653,-0.1426858802547873,2.5531626479271203,1.6834925846586402
64.0,142.0,1005.079833984375,0.8078773908434,3.0635542735379326,-0.2222773718837908,3.644619233544741,-0.0438507735814526,1.4232936018416082,0.7302359461628485,0.463335757005806,3.131559441489576,1.6311643300045815
64.0,142.0,1005.9080810546876,1.0513515896295955,3.0324479004866207,-0.1399893757068982,2.5909601277576697,-0.1207554487964864,2.5126882206643253,1.1607896320933913,0.180815057255496,3.251736532375584,2.58552590355996
64.0,142.0,1005.7649536132812,0.2825466944237913,3.223371955913502,-1.130107795435179,3.475165291581171,-1.048330892200188,0.6773142097574366,1.7224453178602437,-0.0116344510771347,2.978858171781275,1.664112733334867
64.0,142.0,1003.8233642578124,1.028523366259821,3.0628461474330293,-0.3204188298828894,3.0167776901382988,0.2647472536681213,1.306874930918926,0.9514498344110252,-0.5399432597472117,3.348110656193866,0.8965220619264871
64.0,142.0,1006.2741088867188,1.643031542836416,3.606370926934152,-0.6934784640503268,3.544777025413626,-0.1168117638030309,0.939111865717292,1.235370936060419,0.8014975999324441,3.270795648100955,1.6707495569788469
64.0,142.0,1005.4580688476562,1.714830991173177,3.0751933772525515,-0.3198873779630757,3.0600901733655563,-0.3336865919117254,1.041410814400998,0.9802931378106874,-0.0717430790773777,3.30035801474969,1.62578042127942
64.0,142.0,1006.1286010742188,1.5630251164579407,3.034072154337606,-0.2144607478813976,3.3747890166807086,-0.1840946200972616,1.0834848120091078,1.505132191142844,0.0986427251527393,3.2971237436003165,1.6407078622033984
64.0,142.0,1004.8368530273438,-0.0192859539180938,3.1458012448024646,-0.4052589456220559,3.5837623621294377,-0.4446218579421889,1.004306573519272,1.0674916208430016,-0.1473208806064043,4.659302750457305,1.266183010783346
64.0,142.0,1005.0035400390624,1.488088734200528,3.2964916798764268,-0.081613556681665,3.4931910742310563,-0.4795947022471148,1.19443031097595,1.5983254058784726,0.3030366300005376,3.1093375136026897,1.3517079212642986
64.0,142.0,1005.59716796875,0.8422960777773174,3.0348209215701183,-0.2311176520887816,3.530445462000517,0.731073415144617,1.0838871087870037,1.0526527931079228,-0.2789778063184201,3.525442996103043,1.9314441196361605
64.0,142.0,1005.1682739257812,0.4758226699530498,2.725912301651685,-0.0230184400084026,3.5041163169939864,-0.2839688026094656,0.98246182909671,0.7814411067738086,0.0567855685067581,3.2908997596538847,1.3640380101297185
64.0,142.0,1004.932861328125,1.5796322669745138,2.974669102036052,-0.2759972217390695,3.567574034001228,-0.2093543612178015,1.4940440693796724,1.055340177568717,-0.0056815911348413,3.322450316094878,2.2801882162059304
64.0,142.0,1005.4376220703124,1.4939369051591875,3.208578143175042,-0.0838875551827738,3.6527902052474297,-0.0677512366808728,2.1295316682877434,1.0280783661595605,-0.0117743859456704,3.334761595860714,1.7120512362595308
64.0,142.0,1005.9476318359376,0.0416259073064684,3.056620648095169,0.9059087932371556,3.541676985417584,-0.4558259587305865,-0.3150494321593007,1.05123482986649,-0.0994281152615595,3.238383279985208,1.6565234082160285
64.0,142.0,1006.3308715820312,1.535959406806901,3.012881012953959,-0.1663306996994601,3.5850778383914594,-0.2867194392540477,1.0486903470382465,1.1491035130694829,-0.0172823082687018,3.5717012420075,1.522958118209904
64.0,142.0,1005.1908569335938,1.1023887204012748,3.2341476803645643,-0.201467270177571,2.4973480581935963,-0.1713493341169948,1.0827305179708886,1.376827834472508,0.3857767790946929,3.6663823370834,1.765177587675498
64.0,142.0,1003.884033203125,1.1425112649696187,3.065090117718845,0.592860107788608,2.8071972518327133,0.2549808842303713,0.7688590957311772,1.1434486482266086,0.1774592781213724,3.2904317271738885,1.6652367097735672
64.0,142.0,1004.8756713867188,1.803103039357084,3.04969122379482,-0.2380855070972431,3.544222673085715,-0.3675432124331079,1.0049334701620785,1.0915745130618049,-0.0166428366782459,3.286393579044508,1.7128181502425668
64.0,142.0,1005.5949096679688,1.065741447403239,3.566321993171797,-0.1722097588879127,3.335195644635442,0.4153135222526197,1.6432684793938577,1.2308026718224587,0.3065238812510272,3.32453208933479,1.4181087479272612
64.0,142.0,1005.1708984375,1.5387374172758588,3.0630905424895096,-0.2761169812147975,3.539551483750204,-0.0710913967583387,1.0864629386437223,1.0432566156141505,0.0406253156605319,3.3703392304127733,1.6847979903288934
64.0,142.0,1004.3433227539062,1.5246637626108075,2.588764633984187,-0.2247483509817702,3.541791433209113,-0.2094105942329443,0.0900981966808316,1.4472220790014578,0.3634141441016041,3.275517642189521,1.677631713184814
64.0,142.0,1006.3489990234376,1.5514520891483368,3.057318420357167,-0.2631982522786442,3.525985729806991,-0.211421577591669,1.0871765917978395,1.0592099546980789,-0.0142462550174791,2.96232874565588,1.5743383689854655
64.0,142.0,1005.1350708007812,0.1661038185710084,2.5390123143543657,2.0774916054569346,1.835614257140512,-1.5735118140693944,0.0393769710875324,1.5364656260845004,0.9512514490147672,2.833057723425437,1.6722709438483858
64.0,142.0,1006.7476806640624,1.3783292661069166,2.227281756843792,0.7486796121921748,2.3676098445669496,-0.4352187250238886,0.1295667694666509,1.2582478032152908,0.9678886220425788,1.546052822985894,1.7088008776725607
64.0,142.0,1003.6841430664062,1.5264166200797986,3.063097861613356,-0.215819897253269,3.5490497273888275,-0.2048867388282806,1.0826619122252867,1.0511392207255632,-0.0170243374408754,3.2973942147249127,1.6821927523441609
64.0,142.0,1005.0227661132812,1.1090167985935704,3.054929262949412,0.2138404591139139,3.3785257770175283,-0.2062982807170551,0.6081492878130935,1.0163426512361524,-0.0348229360837541,3.2931519023315508,1.7331119502206431
64.0,142.0,1006.3912353515624,1.0823124156003283,3.145532408020725,0.0937498638335725,4.3492484902596935,-0.983369492477124,0.3045399617600217,1.0355153888892177,-0.6035785196627739,3.47882371336145,1.9749920545649893
64.0,142.0,1003.7677001953124,0.9753379059727132,3.027481911426474,0.8914709442373026,3.6385006360362526,-0.1936568623912141,0.9354252219936228,1.0515023454212475,1.5844169383747184,3.3013099988549235,1.6821957420369034
64.0,142.0,1005.7315063476562,1.5396689441273124,3.0386942734840274,0.0727790596694881,3.99653790662412,-0.2180394714265182,1.1227822176659112,0.9898665587735348,-0.0161734394273001,3.292559616599718,1.7283088665121291
64.0,142.0,1005.9786376953124,1.1755166225902458,3.0139295819900664,-0.2417305383366287,3.616814653335077,-0.2729520402836232,1.8592848557108288,1.1177652924446315,0.1211451494947978,3.912459696901169,2.2316448068592054
64.0,142.0,1004.7403564453124,0.4804166552562906,3.142058809388116,-0.507253232726782,3.78275224637308,-0.5671588827166028,1.1261544357254607,1.4122039073154182,0.5007209311294231,3.503301094810195,1.926829920271378
64.0,142.0,1004.5214233398438,1.3925082887281215,3.065088985864282,-0.1686798461004562,2.4937664364779137,-0.2246521629870259,1.0573601922845028,1.0844478999456344,-0.8866334099558765,3.2654268773896447,1.6563374701400866
64.0,142.0,1006.101806640625,1.5145614614356997,2.994643314133276,-0.4385238738008652,2.6498988515969346,-0.2204737755628775,1.1219320992016055,0.99350013477897,-0.0190371027451072,3.134156782158529,1.6797391789481235
64.0,142.0,1005.5848999023438,-0.4976473021030942,3.419951677935696,-0.3086301958483286,3.870154605804175,-1.1699164176837953,1.6993185462984577,0.8701808901365833,0.0028869377323087,3.427754210534899,1.6924904654891433
64.0,142.0,1005.8743896484376,0.0594998054986024,2.4736092679713666,-0.1808303602303297,1.535912543515276,-0.2128728184311272,0.8096079746393341,0.1778975985534896,-0.0199302804665875,3.321000599716123,2.4317144383963893
64.0,142.0,1005.768310546875,1.5999854791936896,2.9805356758612893,-0.224463190705871,3.807145392204087,-0.3379384159359995,1.0087144864956603,0.8161970981207121,-0.0299745068515237,3.525817858828421,1.6851147134922917
64.0,143.0,1004.6443481445312,0.6900176227674764,3.063074350782302,-0.3302721781170479,3.0126561550720083,-0.1976159951512532,1.5970259768578052,1.2511792713171723,-0.0167520924344081,3.4265898532482377,1.5636003792452855
64.0,143.0,1006.714599609375,1.1112219897749327,3.061659804709003,-0.0274385792625755,3.561688296560024,0.2064784152974412,1.0738040094079655,1.0688615969128463,-0.0148464613404078,3.8557916142516495,1.5569376775051424
64.0,143.0,1006.1292724609376,0.8825330645131402,3.064174342687368,-0.2362635771631851,3.582316996030628,-0.2074679037536006,0.9559810891053128,1.0531749231574068,-0.0434490340044395,3.286294651604756,2.3253331241426074
64.0,143.0,1005.7072143554688,1.6491448804843336,2.9104453120023,-0.2376035463302053,3.615676320374159,-0.5459213406507523,1.0802436756395946,1.0229389087533642,-0.0226071327225542,3.134768809825729,1.4551102740604491
64.0,143.0,1005.2555541992188,-0.5037094802039921,3.707585390221884,-0.3280569768488796,3.321070462527059,0.979043172621886,-0.4155761280008436,0.9565504599200948,0.2951346271246178,3.295787014291044,2.1819067114242974
64.0,143.0,1006.83154296875,1.5265036097584397,2.4688393553651458,-0.2193779993269236,3.456649131017686,-0.280184533111481,1.4322115030166764,0.0073984864598439,0.0552709621325861,2.764100911123255,1.699477136905433
64.0,143.0,1006.2119140625,0.4893625390202833,1.7795423029239368,-0.2283334970089545,3.1277989280704825,0.4981169607027755,1.141197769335064,2.5146578201478693,1.975507430672696,4.311031517865723,2.0922100116751228
64.0,143.0,1005.1494140625,1.4267671879387,2.82151791963309,-0.2050135975394147,3.599402345635524,-0.212234014229664,1.0699343377498252,1.054124327480299,-0.0348381047181509,3.2384919490320403,1.683330061310487
64.0,143.0,1006.1808471679688,1.5044895019604971,4.37353118641234,-0.1123117642728705,3.278240110355435,-0.2710004059046436,1.206590297347884,1.0726861605494895,-0.7094813345437163,3.301103040810469,1.658737095350794
64.0,143.0,1004.5355224609376,-0.2067583177486083,2.156645823399848,1.1237471826284795,3.780946817479548,-0.5114493991580722,1.3470285072754011,1.5426076556614716,0.9251629364195506,3.6326501297850458,1.193605314089168
64.0,143.0,1005.1493530273438,0.5735184706036716,3.028423329307017,0.2644622216036731,2.659398374348958,0.2306337810705419,1.0125999917583286,1.1341537852403114,0.5087035841895886,3.226086612326376,1.548830647479367
64.0,143.0,1004.7785034179688,0.6991135168312739,2.894738252833397,-0.2188575842976097,3.4645647397683965,-0.2438181442738039,1.0991670823590096,0.687295206439572,1.314428712403647,3.3101250531130244,1.6781756112361752
64.0,143.0,1006.7550048828124,1.7724945126995004,3.0703987008149776,0.1826723068202544,3.2010081142690723,-0.121466419569273,1.2303004122357388,1.0661233202080411,-0.0710318298801985,3.2991645041737008,1.720742171507914
64.0,143.0,1004.95849609375,0.9162956780313632,2.1247201074083826,0.0379144096914144,3.0493734156772465,-0.204541723945408,1.0866278545155783,1.081534562537653,-0.1426858802547873,2.5531626479271203,1.6834925846586402
64.0,143.0,1005.079833984375,0.8078773908434,3.0635542735379326,-0.2222773718837908,3.644619233544741,-0.0438507735814526,1.4232936018416082,0.7302359461628485,0.463335757005806,3.131559441489576,1.6311643300045815
64.0,143.0,1005.9080810546876,1.0513515896295955,3.0324479004866207,-0.1399893757068982,2.5909601277576697,-0.1207554487964864,2.5126882206643253,1.1607896320933913,0.180815057255496,3.251736532375584,2.58552590355996
64.0,143.0,1005.7649536132812,0.2825466944237913,3.223371955913502,-1.130107795435179,3.475165291581171,-1.048330892200188,0.6773142097574366,1.7224453178602437,-0.0116344510771347,2.978858171781275,1.664112733334867
64.0,143.0,1003.8233642578124,1.028523366259821,3.0628461474330293,-0.3204188298828894,3.0167776901382988,0.2647472536681213,1.306874930918926,0.9514498344110252,-0.5399432597472117,3.348110656193866,0.8965220619264871
64.0,143.0,1006.2741088867188,1.643031542836416,3.606370926934152,-0.6934784640503268,3.544777025413626,-0.1168117638030309,0.939111865717292,1.235370936060419,0.8014975999324441,3.270795648100955,1.6707495569788469
64.0,143.0,1005.4580688476562,1.714830991173177,3.0751933772525515,-0.3198873779630757,3.0600901733655563,-0.3336865919117254,1.041410814400998,0.9802931378106874,-0.0717430790773777,3.30035801474969,1.62578042127942
64.0,143.0,1006.1286010742188,1.5630251164579407,3.034072154337606,-0.2144607478813976,3.3747890166807086,-0.1840946200972616,1.0834848120091078,1.505132191142844,0.0986427251527393,3.2971237436003165,1.6407078622033984
64.0,143.0,1004.8368530273438,-0.0192859539180938,3.1458012448024646,-0.4052589456220559,3.5837623621294377,-0.4446218579421889,1.004306573519272,1.0674916208430016,-0.1473208806064043,4.659302750457305,1.266183010783346
64.0,143.0,1005.0035400390624,1.488088734200528,3.2964916798764268,-0.081613556681665,3.4931910742310563,-0.4795947022471148,1.19443031097595,1.5983254058784726,0.3030366300005376,3.1093375136026897,1.3517079212642986
64.0,143.0,1005.59716796875,0.8422960777773174,3.0348209215701183,-0.2311176520887816,3.530445462000517,0.731073415144617,1.0838871087870037,1.0526527931079228,-0.2789778063184201,3.525442996103043,1.9314441196361605
64.0,143.0,1005.1682739257812,0.4758226699530498,2.725912301651685,-0.0230184400084026,3.5041163169939864,-0.2839688026094656,0.98246182909671,0.7814411067738086,0.0567855685067581,3.2908997596538847,1.3640380101297185
64.0,143.0,1004.932861328125,1.5796322669745138,2.974669102036052,-0.2759972217390695,3.567574034001228,-0.2093543612178015,1.4940440693796724,1.055340177568717,-0.0056815911348413,3.322450316094878,2.2801882162059304
64.0,143.0,1005.4376220703124,1.4939369051591875,3.208578143175042,-0.0838875551827738,3.6527902052474297,-0.0677512366808728,2.1295316682877434,1.0280783661595605,-0.0117743859456704,3.334761595860714,1.7120512362595308
64.0,143.0,1005.9476318359376,0.0416259073064684,3.056620648095169,0.9059087932371556,3.541676985417584,-0.4558259587305865,-0.3150494321593007,1.05123482986649,-0.0994281152615595,3.238383279985208,1.6565234082160285
64.0,143.0,1006.0139770507812,1.5426257774234884,2.963062015218996,-0.1644154265346108,3.571054709565818,-0.2255485820590461,1.124004775755031,1.0785750977224122,-0.0170868564908297,3.529492666873149,1.8095727813707885
64.0,143.0,1005.1908569335938,1.1023887204012748,3.2341476803645643,-0.201467270177571,2.4973480581935963,-0.1713493341169948,1.0827305179708886,1.376827834472508,0.3857767790946929,3.6663823370834,1.765177587675498
64.0,143.0,1003.884033203125,1.1425112649696187,3.065090117718845,0.592860107788608,2.8071972518327133,0.2549808842303713,0.7688590957311772,1.1434486482266086,0.1774592781213724,3.2904317271738885,1.6652367097735672
64.0,143.0,1004.8756713867188,1.803103039357084,3.04969122379482,-0.2380855070972431,3.544222673085715,-0.3675432124331079,1.0049334701620785,1.0915745130618049,-0.0166428366782459,3.286393579044508,1.7128181502425668
64.0,143.0,1005.5949096679688,1.065741447403239,3.566321993171797,-0.1722097588879127,3.335195644635442,0.4153135222526197,1.6432684793938577,1.2308026718224587,0.3065238812510272,3.32453208933479,1.4181087479272612
64.0,143.0,1005.1708984375,1.5387374172758588,3.0630905424895096,-0.2761169812147975,3.539551483750204,-0.0710913967583387,1.0864629386437223,1.0432566156141505,0.0406253156605319,3.3703392304127733,1.6847979903288934
64.0,143.0,1004.3433227539062,1.5246637626108075,2.588764633984187,-0.2247483509817702,3.541791433209113,-0.2094105942329443,0.0900981966808316,1.4472220790014578,0.3634141441016041,3.275517642189521,1.677631713184814
64.0,143.0,1006.3489990234376,1.5514520891483368,3.057318420357167,-0.2631982522786442,3.525985729806991,-0.211421577591669,1.0871765917978395,1.0592099546980789,-0.0142462550174791,2.96232874565588,1.5743383689854655
64.0,143.0,1005.1350708007812,0.1661038185710084,2.5390123143543657,2.0774916054569346,1.835614257140512,-1.5735118140693944,0.0393769710875324,1.5364656260845004,0.9512514490147672,2.833057723425437,1.6722709438483858
64.0,143.0,1006.7476806640624,1.3783292661069166,2.227281756843792,0.7486796121921748,2.3676098445669496,-0.4352187250238886,0.1295667694666509,1.2582478032152908,0.9678886220425788,1.546052822985894,1.7088008776725607
64.0,143.0,1003.6841430664062,1.5264166200797986,3.063097861613356,-0.215819897253269,3.5490497273888275,-0.2048867388282806,1.0826619122252867,1.0511392207255632,-0.0170243374408754,3.2973942147249127,1.6821927523441609
64.0,143.0,1005.0227661132812,1.1090167985935704,3.054929262949412,0.2138404591139139,3.3785257770175283,-0.2062982807170551,0.6081492878130935,1.0163426512361524,-0.0348229360837541,3.2931519023315508,1.7331119502206431
64.0,143.0,1006.3912353515624,1.0823124156003283,3.145532408020725,0.0937498638335725,4.3492484902596935,-0.983369492477124,0.3045399617600217,1.0355153888892177,-0.6035785196627739,3.47882371336145,1.9749920545649893
64.0,143.0,1003.7677001953124,0.9753379059727132,3.027481911426474,0.8914709442373026,3.6385006360362526,-0.1936568623912141,0.9354252219936228,1.0515023454212475,1.5844169383747184,3.3013099988549235,1.6821957420369034
64.0,143.0,1005.7315063476562,1.5396689441273124,3.0386942734840274,0.0727790596694881,3.99653790662412,-0.2180394714265182,1.1227822176659112,0.9898665587735348,-0.0161734394273001,3.292559616599718,1.7283088665121291
64.0,143.0,1005.9786376953124,1.1755166225902458,3.0139295819900664,-0.2417305383366287,3.616814653335077,-0.2729520402836232,1.8592848557108288,1.1177652924446315,0.1211451494947978,3.912459696901169,2.2316448068592054
64.0,143.0,1004.7403564453124,0.4804166552562906,3.142058809388116,-0.507253232726782,3.78275224637308,-0.5671588827166028,1.1261544357254607,1.4122039073154182,0.5007209311294231,3.503301094810195,1.926829920271378
64.0,143.0,1004.5214233398438,1.3925082887281215,3.065088985864282,-0.1686798461004562,2.4937664364779137,-0.2246521629870259,1.0573601922845028,1.0844478999456344,-0.8866334099558765,3.2654268773896447,1.6563374701400866
64.0,143.0,1006.101806640625,1.5145614614356997,2.994643314133276,-0.4385238738008652,2.6498988515969346,-0.2204737755628775,1.1219320992016055,0.99350013477897,-0.0190371027451072,3.134156782158529,1.6797391789481235
64.0,143.0,1005.5848999023438,-0.4976473021030942,3.419951677935696,-0.3086301958483286,3.870154605804175,-1.1699164176837953,1.6993185462984577,0.8701808901365833,0.0028869377323087,3.427754210534899,1.6924904654891433
64.0,143.0,1005.8743896484376,0.0594998054986024,2.4736092679713666,-0.1808303602303297,1.535912543515276,-0.2128728184311272,0.8096079746393341,0.1778975985534896,-0.0199302804665875,3.321000599716123,2.4317144383963893
64.0,143.0,1005.768310546875,1.5999854791936896,2.9805356758612893,-0.224463190705871,3.807145392204087,-0.3379384159359995,1.0087144864956603,0.8161970981207121,-0.0299745068515237,3.525817858828421,1.6851147134922917
64.0,144.0,1004.6443481445312,0.6900176227674764,3.063074350782302,-0.3302721781170479,3.0126561550720083,-0.1976159951512532,1.5970259768578052,1.2511792713171723,-0.0167520924344081,3.4265898532482377,1.5636003792452855
64.0,144.0,1006.714599609375,1.1112219897749327,3.061659804709003,-0.0274385792625755,3.561688296560024,0.2064784152974412,1.0738040094079655,1.0688615969128463,-0.0148464613404078,3.8557916142516495,1.5569376775051424
64.0,144.0,1006.1292724609376,0.8825330645131402,3.064174342687368,-0.2362635771631851,3.582316996030628,-0.2074679037536006,0.9559810891053128,1.0531749231574068,-0.0434490340044395,3.286294651604756,2.3253331241426074
64.0,144.0,1005.7072143554688,1.6491448804843336,2.9104453120023,-0.2376035463302053,3.615676320374159,-0.5459213406507523,1.0802436756395946,1.0229389087533642,-0.0226071327225542,3.134768809825729,1.4551102740604491
64.0,144.0,1005.2555541992188,-0.5037094802039921,3.707585390221884,-0.3280569768488796,3.321070462527059,0.979043172621886,-0.4155761280008436,0.9565504599200948,0.2951346271246178,3.295787014291044,2.1819067114242974
64.0,144.0,1006.83154296875,1.5265036097584397,2.4688393553651458,-0.2193779993269236,3.456649131017686,-0.280184533111481,1.4322115030166764,0.0073984864598439,0.0552709621325861,2.764100911123255,1.699477136905433
64.0,144.0,1006.2119140625,0.4893625390202833,1.7795423029239368,-0.2283334970089545,3.1277989280704825,0.4981169607027755,1.141197769335064,2.5146578201478693,1.975507430672696,4.311031517865723,2.0922100116751228
64.0,144.0,1005.1494140625,1.4267671879387,2.82151791963309,-0.2050135975394147,3.599402345635524,-0.212234014229664,1.0699343377498252,1.054124327480299,-0.0348381047181509,3.2384919490320403,1.683330061310487
64.0,144.0,1006.1808471679688,1.5044895019604971,4.37353118641234,-0.1123117642728705,3.278240110355435,-0.2710004059046436,1.206590297347884,1.0726861605494895,-0.7094813345437163,3.301103040810469,1.658737095350794
64.0,144.0,1004.5355224609376,-0.2067583177486083,2.156645823399848,1.1237471826284795,3.780946817479548,-0.5114493991580722,1.3470285072754011,1.5426076556614716,0.9251629364195506,3.6326501297850458,1.193605314089168
64.0,144.0,1005.1493530273438,0.5735184706036716,3.028423329307017,0.2644622216036731,2.659398374348958,0.2306337810705419,1.0125999917583286,1.1341537852403114,0.5087035841895886,3.226086612326376,1.548830647479367
64.0,144.0,1004.7785034179688,0.6991135168312739,2.894738252833397,-0.2188575842976097,3.4645647397683965,-0.2438181442738039,1.0991670823590096,0.687295206439572,1.314428712403647,3.3101250531130244,1.6781756112361752
64.0,144.0,1006.7550048828124,1.7724945126995004,3.0703987008149776,0.1826723068202544,3.2010081142690723,-0.121466419569273,1.2303004122357388,1.0661233202080411,-0.0710318298801985,3.2991645041737008,1.720742171507914
64.0,144.0,1004.95849609375,0.9162956780313632,2.1247201074083826,0.0379144096914144,3.0493734156772465,-0.204541723945408,1.0866278545155783,1.081534562537653,-0.1426858802547873,2.5531626479271203,1.6834925846586402
64.0,144.0,1005.079833984375,0.8078773908434,3.0635542735379326,-0.2222773718837908,3.644619233544741,-0.0438507735814526,1.4232936018416082,0.7302359461628485,0.463335757005806,3.131559441489576,1.6311643300045815
64.0,144.0,1005.9080810546876,1.0513515896295955,3.0324479004866207,-0.1399893757068982,2.5909601277576697,-0.1207554487964864,2.5126882206643253,1.1607896320933913,0.180815057255496,3.251736532375584,2.58552590355996
64.0,144.0,1005.7649536132812,0.2825466944237913,3.223371955913502,-1.130107795435179,3.475165291581171,-1.048330892200188,0.6773142097574366,1.7224453178602437,-0.0116344510771347,2.978858171781275,1.664112733334867
64.0,144.0,1003.8233642578124,1.028523366259821,3.0628461474330293,-0.3204188298828894,3.0167776901382988,0.2647472536681213,1.306874930918926,0.9514498344110252,-0.5399432597472117,3.348110656193866,0.8965220619264871
64.0,144.0,1006.2741088867188,1.643031542836416,3.606370926934152,-0.6934784640503268,3.544777025413626,-0.1168117638030309,0.939111865717292,1.235370936060419,0.8014975999324441,3.270795648100955,1.6707495569788469
64.0,144.0,1005.4580688476562,1.714830991173177,3.0751933772525515,-0.3198873779630757,3.0600901733655563,-0.3336865919117254,1.041410814400998,0.9802931378106874,-0.0717430790773777,3.30035801474969,1.62578042127942
64.0,144.0,1006.1286010742188,1.5630251164579407,3.034072154337606,-0.2144607478813976,3.3747890166807086,-0.1840946200972616,1.0834848120091078,1.505132191142844,0.0986427251527393,3.2971237436003165,1.6407078622033984
64.0,144.0,1004.8368530273438,-0.0192859539180938,3.1458012448024646,-0.4052589456220559,3.5837623621294377,-0.4446218579421889,1.004306573519272,1.0674916208430016,-0.1473208806064043,4.659302750457305,1.266183010783346
64.0,144.0,1005.0035400390624,1.488088734200528,3.2964916798764268,-0.081613556681665,3.4931910742310563,-0.4795947022471148,1.19443031097595,1.5983254058784726,0.3030366300005376,3.1093375136026897,1.3517079212642986
64.0,144.0,1005.59716796875,0.8422960777773174,3.0348209215701183,-0.2311176520887816,3.530445462000517,0.731073415144617,1.0838871087870037,1.0526527931079228,-0.2789778063184201,3.525442996103043,1.9314441196361605
64.0,144.0,1005.1682739257812,0.4758226699530498,2.725912301651685,-0.0230184400084026,3.5041163169939864,-0.2839688026094656,0.98246182909671,0.7814411067738086,0.0567855685067581,3.2908997596538847,1.3640380101297185
64.0,144.0,1004.932861328125,1.5796322669745138,2.974669102036052,-0.2759972217390695,3.567574034001228,-0.2093543612178015,1.4940440693796724,1.055340177568717,-0.0056815911348413,3.322450316094878,2.2801882162059304
64.0,144.0,1005.4376220703124,1.4939369051591875,3.208578143175042,-0.0838875551827738,3.6527902052474297,-0.0677512366808728,2.1295316682877434,1.0280783661595605,-0.0117743859456704,3.334761595860714,1.7120512362595308
64.0,144.0,1005.9476318359376,0.0416259073064684,3.056620648095169,0.9059087932371556,3.541676985417584,-0.4558259587305865,-0.3150494321593007,1.05123482986649,-0.0994281152615595,3.238383279985208,1.6565234082160285
64.0,144.0,1006.0139770507812,1.5426257774234884,2.963062015218996,-0.1644154265346108,3.571054709565818,-0.2255485820590461,1.124004775755031,1.0785750977224122,-0.0170868564908297,3.529492666873149,1.8095727813707885
64.0,144.0,1005.1908569335938,1.1023887204012748,3.2341476803645643,-0.201467270177571,2.4973480581935963,-0.1713493341169948,1.0827305179708886,1.376827834472508,0.3857767790946929,3.6663823370834,1.765177587675498
64.0,144.0,1003.884033203125,1.1425112649696187,3.065090117718845,0.592860107788608,2.8071972518327133,0.2549808842303713,0.7688590957311772,1.1434486482266086,0.1774592781213724,3.2904317271738885,1.6652367097735672
64.0,144.0,1004.8756713867188,1.803103039357084,3.04969122379482,-0.2380855070972431,3.544222673085715,-0.3675432124331079,1.0049334701620785,1.0915745130618049,-0.0166428366782459,3.286393579044508,1.7128181502425668
64.0,144.0,1005.5949096679688,1.065741447403239,3.566321993171797,-0.1722097588879127,3.335195644635442,0.4153135222526197,1.6432684793938577,1.2308026718224587,0.3065238812510272,3.32453208933479,1.4181087479272612
64.0,144.0,1005.1708984375,1.5387374172758588,3.0630905424895096,-0.2761169812147975,3.539551483750204,-0.0710913967583387,1.0864629386437223,1.0432566156141505,0.0406253156605319,3.3703392304127733,1.6847979903288934
64.0,144.0,1004.3433227539062,1.5246637626108075,2.588764633984187,-0.2247483509817702,3.541791433209113,-0.2094105942329443,0.0900981966808316,1.4472220790014578,0.3634141441016041,3.275517642189521,1.677631713184814
64.0,144.0,1006.3489990234376,1.5514520891483368,3.057318420357167,-0.2631982522786442,3.525985729806991,-0.211421577591669,1.0871765917978395,1.0592099546980789,-0.0142462550174791,2.96232874565588,1.5743383689854655
64.0,144.0,1005.1350708007812,0.1661038185710084,2.5390123143543657,2.0774916054569346,1.835614257140512,-1.5735118140693944,0.0393769710875324,1.5364656260845004,0.9512514490147672,2.833057723425437,1.6722709438483858
64.0,144.0,1006.7476806640624,1.3783292661069166,2.227281756843792,0.7486796121921748,2.3676098445669496,-0.4352187250238886,0.1295667694666509,1.2582478032152908,0.9678886220425788,1.546052822985894,1.7088008776725607
64.0,144.0,1003.6841430664062,1.5264166200797986,3.063097861613356,-0.215819897253269,3.5490497273888275,-0.2048867388282806,1.0826619122252867,1.0511392207255632,-0.0170243374408754,3.2973942147249127,1.6821927523441609
64.0,144.0,1005.0227661132812,1.1090167985935704,3.054929262949412,0.2138404591139139,3.3785257770175283,-0.2062982807170551,0.6081492878130935,1.0163426512361524,-0.0348229360837541,3.2931519023315508,1.7331119502206431
64.0,144.0,1006.3912353515624,1.0823124156003283,3.145532408020725,0.0937498638335725,4.3492484902596935,-0.983369492477124,0.3045399617600217,1.0355153888892177,-0.6035785196627739,3.47882371336145,1.9749920545649893
64.0,144.0,1003.7677001953124,0.9753379059727132,3.027481911426474,0.8914709442373026,3.6385006360362526,-0.1936568623912141,0.9354252219936228,1.0515023454212475,1.5844169383747184,3.3013099988549235,1.6821957420369034
64.0,144.0,1005.7315063476562,1.5396689441273124,3.0386942734840274,0.0727790596694881,3.99653790662412,-0.2180394714265182,1.1227822176659112,0.9898665587735348,-0.0161734394273001,3.292559616599718,1.7283088665121291
64.0,144.0,1005.9786376953124,1.1755166225902458,3.0139295819900664,-0.2417305383366287,3.616814653335077,-0.2729520402836232,1.8592848557108288,1.1177652924446315,0.1211451494947978,3.912459696901169,2.2316448068592054
64.0,144.0,1004.7403564453124,0.4804166552562906,3.142058809388116,-0.507253232726782,3.78275224637308,-0.5671588827166028,1.1261544357254607,1.4122039073154182,0.5007209311294231,3.503301094810195,1.926829920271378
64.0,144.0,1004.5214233398438,1.3925082887281215,3.065088985864282,-0.1686798461004562,2.4937664364779137,-0.2246521629870259,1.0573601922845028,1.0844478999456344,-0.8866334099558765,3.2654268773896447,1.6563374701400866
64.0,144.0,1006.101806640625,1.5145614614356997,2.994643314133276,-0.4385238738008652,2.6498988515969346,-0.2204737755628775,1.1219320992016055,0.99350013477897,-0.0190371027451072,3.134156782158529,1.6797391789481235
64.0,144.0,1005.5848999023438,-0.4976473021030942,3.419951677935696,-0.3086301958483286,3.870154605804175,-1.1699164176837953,1.6993185462984577,0.8701808901365833,0.0028869377323087,3.427754210534899,1.6924904654891433
64.0,144.0,1005.8743896484376,0.0594998054986024,2.4736092679713666,-0.1808303602303297,1.535912543515276,-0.2128728184311272,0.8096079746393341,0.1778975985534896,-0.0199302804665875,3.321000599716123,2.4317144383963893
64.0,144.0,1005.768310546875,1.5999854791936896,2.9805356758612893,-0.224463190705871,3.807145392204087,-0.3379384159359995,1.0087144864956603,0.8161970981207121,-0.0299745068515237,3.525817858828421,1.6851147134922917
64.0,145.0,1004.6443481445312,0.6900176227674764,3.063074350782302,-0.3302721781170479,3.0126561550720083,-0.1976159951512532,1.5970259768578052,1.2511792713171723,-0.0167520924344081,3.4265898532482377,1.5636003792452855
64.0,145.0,1006.714599609375,1.1112219897749327,3.061659804709003,-0.0274385792625755,3.561688296560024,0.2064784152974412,1.0738040094079655,1.0688615969128463,-0.0148464613404078,3.8557916142516495,1.5569376775051424
64.0,145.0,1006.1292724609376,0.8825330645131402,3.064174342687368,-0.2362635771631851,3.582316996030628,-0.2074679037536006,0.9559810891053128,1.0531749231574068,-0.0434490340044395,3.286294651604756,2.3253331241426074
64.0,145.0,1005.7072143554688,1.6491448804843336,2.9104453120023,-0.2376035463302053,3.615676320374159,-0.5459213406507523,1.0802436756395946,1.0229389087533642,-0.0226071327225542,3.134768809825729,1.4551102740604491
64.0,145.0,1005.2555541992188,-0.5037094802039921,3.707585390221884,-0.3280569768488796,3.321070462527059,0.979043172621886,-0.4155761280008436,0.9565504599200948,0.2951346271246178,3.295787014291044,2.1819067114242974
64.0,145.0,1006.83154296875,1.5265036097584397,2.4688393553651458,-0.2193779993269236,3.456649131017686,-0.280184533111481,1.4322115030166764,0.0073984864598439,0.0552709621325861,2.764100911123255,1.699477136905433
64.0,145.0,1006.2119140625,0.4893625390202833,1.7795423029239368,-0.2283334970089545,3.1277989280704825,0.4981169607027755,1.141197769335064,2.5146578201478693,1.975507430672696,4.311031517865723,2.0922100116751228
64.0,145.0,1005.1494140625,1.4267671879387,2.82151791963309,-0.2050135975394147,3.599402345635524,-0.212234014229664,1.0699343377498252,1.054124327480299,-0.0348381047181509,3.2384919490320403,1.683330061310487
64.0,145.0,1006.1808471679688,1.5044895019604971,4.37353118641234,-0.1123117642728705,3.278240110355435,-0.2710004059046436,1.206590297347884,1.0726861605494895,-0.7094813345437163,3.301103040810469,1.658737095350794
64.0,145.0,1004.5355224609376,-0.2067583177486083,2.156645823399848,1.1237471826284795,3.780946817479548,-0.5114493991580722,1.3470285072754011,1.5426076556614716,0.9251629364195506,3.6326501297850458,1.193605314089168
64.0,145.0,1005.1493530273438,0.5735184706036716,3.028423329307017,0.2644622216036731,2.659398374348958,0.2306337810705419,1.0125999917583286,1.1341537852403114,0.5087035841895886,3.226086612326376,1.548830647479367
64.0,145.0,1004.7785034179688,0.6991135168312739,2.894738252833397,-0.2188575842976097,3.4645647397683965,-0.2438181442738039,1.0991670823590096,0.687295206439572,1.314428712403647,3.3101250531130244,1.6781756112361752
64.0,145.0,1006.7550048828124,1.7724945126995004,3.0703987008149776,0.1826723068202544,3.2010081142690723,-0.121466419569273,1.2303004122357388,1.0661233202080411,-0.0710318298801985,3.2991645041737008,1.720742171507914
64.0,145.0,1004.95849609375,0.9162956780313632,2.1247201074083826,0.0379144096914144,3.0493734156772465,-0.204541723945408,1.0866278545155783,1.081534562537653,-0.1426858802547873,2.5531626479271203,1.6834925846586402
64.0,145.0,1005.079833984375,0.8078773908434,3.0635542735379326,-0.2222773718837908,3.644619233544741,-0.0438507735814526,1.4232936018416082,0.7302359461628485,0.463335757005806,3.131559441489576,1.6311643300045815
64.0,145.0,1005.9080810546876,1.0513515896295955,3.0324479004866207,-0.1399893757068982,2.5909601277576697,-0.1207554487964864,2.5126882206643253,1.1607896320933913,0.180815057255496,3.251736532375584,2.58552590355996
64.0,145.0,1005.7649536132812,0.2825466944237913,3.223371955913502,-1.130107795435179,3.475165291581171,-1.048330892200188,0.6773142097574366,1.7224453178602437,-0.0116344510771347,2.978858171781275,1.664112733334867
64.0,145.0,1003.8233642578124,1.028523366259821,3.0628461474330293,-0.3204188298828894,3.0167776901382988,0.2647472536681213,1.306874930918926,0.9514498344110252,-0.5399432597472117,3.348110656193866,0.8965220619264871
64.0,145.0,1006.2741088867188,1.643031542836416,3.606370926934152,-0.6934784640503268,3.544777025413626,-0.1168117638030309,0.939111865717292,1.235370936060419,0.8014975999324441,3.270795648100955,1.6707495569788469
64.0,145.0,1005.4580688476562,1.714830991173177,3.0751933772525515,-0.3198873779630757,3.0600901733655563,-0.3336865919117254,1.041410814400998,0.9802931378106874,-0.0717430790773777,3.30035801474969,1.62578042127942
64.0,145.0,1006.1286010742188,1.5630251164579407,3.034072154337606,-0.2144607478813976,3.3747890166807086,-0.1840946200972616,1.0834848120091078,1.505132191142844,0.0986427251527393,3.2971237436003165,1.6407078622033984
64.0,145.0,1004.8368530273438,-0.0192859539180938,3.1458012448024646,-0.4052589456220559,3.5837623621294377,-0.4446218579421889,1.004306573519272,1.0674916208430016,-0.1473208806064043,4.659302750457305,1.266183010783346
64.0,145.0,1005.0035400390624,1.488088734200528,3.2964916798764268,-0.081613556681665,3.4931910742310563,-0.4795947022471148,1.19443031097595,1.5983254058784726,0.3030366300005376,3.1093375136026897,1.3517079212642986
64.0,145.0,1005.59716796875,0.8422960777773174,3.0348209215701183,-0.2311176520887816,3.530445462000517,0.731073415144617,1.0838871087870037,1.0526527931079228,-0.2789778063184201,3.525442996103043,1.9314441196361605
64.0,145.0,1005.1682739257812,0.4758226699530498,2.725912301651685,-0.0230184400084026,3.5041163169939864,-0.2839688026094656,0.98246182909671,0.7814411067738086,0.0567855685067581,3.2908997596538847,1.3640380101297185
64.0,145.0,1004.932861328125,1.5796322669745138,2.974669102036052,-0.2759972217390695,3.567574034001228,-0.2093543612178015,1.4940440693796724,1.055340177568717,-0.0056815911348413,3.322450316094878,2.2801882162059304
64.0,145.0,1005.4376220703124,1.4939369051591875,3.208578143175042,-0.0838875551827738,3.6527902052474297,-0.0677512366808728,2.1295316682877434,1.0280783661595605,-0.0117743859456704,3.334761595860714,1.7120512362595308
64.0,145.0,1005.9476318359376,0.0416259073064684,3.056620648095169,0.9059087932371556,3.541676985417584,-0.4558259587305865,-0.3150494321593007,1.05123482986649,-0.0994281152615595,3.238383279985208,1.6565234082160285
64.0,145.0,1006.0139770507812,1.5426257774234884,2.963062015218996,-0.1644154265346108,3.571054709565818,-0.2255485820590461,1.124004775755031,1.0785750977224122,-0.0170868564908297,3.529492666873149,1.8095727813707885
64.0,145.0,1005.1908569335938,1.1023887204012748,3.2341476803645643,-0.201467270177571,2.4973480581935963,-0.1713493341169948,1.0827305179708886,1.376827834472508,0.3857767790946929,3.6663823370834,1.765177587675498
64.0,145.0,1003.884033203125,1.1425112649696187,3.065090117718845,0.592860107788608,2.8071972518327133,0.2549808842303713,0.7688590957311772,1.1434486482266086,0.1774592781213724,3.2904317271738885,1.6652367097735672
64.0,145.0,1004.8756713867188,1.803103039357084,3.04969122379482,-0.2380855070972431,3.544222673085715,-0.3675432124331079,1.0049334701620785,1.0915745130618049,-0.0166428366782459,3.286393579044508,1.7128181502425668
64.0,145.0,1005.5949096679688,1.065741447403239,3.566321993171797,-0.1722097588879127,3.335195644635442,0.4153135222526197,1.6432684793938577,1.2308026718224587,0.3065238812510272,3.32453208933479,1.4181087479272612
64.0,145.0,1005.1708984375,1.5387374172758588,3.0630905424895096,-0.2761169812147975,3.539551483750204,-0.0710913967583387,1.0864629386437223,1.0432566156141505,0.0406253156605319,3.3703392304127733,1.6847979903288934
64.0,145.0,1004.3433227539062,1.5246637626108075,2.588764633984187,-0.2247483509817702,3.541791433209113,-0.2094105942329443,0.0900981966808316,1.4472220790014578,0.3634141441016041,3.275517642189521,1.677631713184814
64.0,145.0,1006.3489990234376,1.5514520891483368,3.057318420357167,-0.2631982522786442,3.525985729806991,-0.211421577591669,1.0871765917978395,1.0592099546980789,-0.0142462550174791,2.96232874565588,1.5743383689854655
64.0,145.0,1005.1350708007812,0.1661038185710084,2.5390123143543657,2.0774916054569346,1.835614257140512,-1.5735118140693944,0.0393769710875324,1.5364656260845004,0.9512514490147672,2.833057723425437,1.6722709438483858
64.0,145.0,1006.7476806640624,1.3783292661069166,2.227281756843792,0.7486796121921748,2.3676098445669496,-0.4352187250238886,0.1295667694666509,1.2582478032152908,0.9678886220425788,1.546052822985894,1.7088008776725607
64.0,145.0,1003.6841430664062,1.5264166200797986,3.063097861613356,-0.215819897253269,3.5490497273888275,-0.2048867388282806,1.0826619122252867,1.0511392207255632,-0.0170243374408754,3.2973942147249127,1.6821927523441609
64.0,145.0,1005.0227661132812,1.1090167985935704,3.054929262949412,0.2138404591139139,3.3785257770175283,-0.2062982807170551,0.6081492878130935,1.0163426512361524,-0.0348229360837541,3.2931519023315508,1.7331119502206431
64.0,145.0,1006.3912353515624,1.0823124156003283,3.145532408020725,0.0937498638335725,4.3492484902596935,-0.983369492477124,0.3045399617600217,1.0355153888892177,-0.6035785196627739,3.47882371336145,1.9749920545649893
64.0,145.0,1003.7677001953124,0.9753379059727132,3.027481911426474,0.8914709442373026,3.6385006360362526,-0.1936568623912141,0.9354252219936228,1.0515023454212475,1.5844169383747184,3.3013099988549235,1.6821957420369034
64.0,145.0,1005.7315063476562,1.5396689441273124,3.0386942734840274,0.0727790596694881,3.99653790662412,-0.2180394714265182,1.1227822176659112,0.9898665587735348,-0.0161734394273001,3.292559616599718,1.7283088665121291
64.0,145.0,1005.9786376953124,1.1755166225902458,3.0139295819900664,-0.2417305383366287,3.616814653335077,-0.2729520402836232,1.8592848557108288,1.1177652924446315,0.1211451494947978,3.912459696901169,2.2316448068592054
64.0,145.0,1004.7403564453124,0.4804166552562906,3.142058809388116,-0.507253232726782,3.78275224637308,-0.5671588827166028,1.1261544357254607,1.4122039073154182,0.5007209311294231,3.503301094810195,1.926829920271378
64.0,145.0,1004.5214233398438,1.3925082887281215,3.065088985864282,-0.1686798461004562,2.4937664364779137,-0.2246521629870259,1.0573601922845028,1.0844478999456344,-0.8866334099558765,3.2654268773896447,1.6563374701400866
64.0,145.0,1006.101806640625,1.5145614614356997,2.994643314133276,-0.4385238738008652,2.6498988515969346,-0.2204737755628775,1.1219320992016055,0.99350013477897,-0.0190371027451072,3.134156782158529,1.6797391789481235
64.0,145.0,1005.5848999023438,-0.4976473021030942,3.419951677935696,-0.3086301958483286,3.870154605804175,-1.1699164176837953,1.6993185462984577,0.8701808901365833,0.0028869377323087,3.427754210534899,1.6924904654891433
64.0,145.0,1005.8743896484376,0.0594998054986024,2.4736092679713666,-0.1808303602303297,1.535912543515276,-0.2128728184311272,0.8096079746393341,0.1778975985534896,-0.0199302804665875,3.321000599716123,2.4317144383963893
64.0,145.0,1005.768310546875,1.5999854791936896,2.9805356758612893,-0.224463190705871,3.807145392204087,-0.3379384159359995,1.0087144864956603,0.8161970981207121,-0.0299745068515237,3.525817858828421,1.6851147134922917
64.0,146.0,1004.6443481445312,0.6900176227674764,3.063074350782302,-0.3302721781170479,3.0126561550720083,-0.1976159951512532,1.5970259768578052,1.2511792713171723,-0.0167520924344081,3.4265898532482377,1.5636003792452855
64.0,146.0,1006.714599609375,1.1112219897749327,3.061659804709003,-0.0274385792625755,3.561688296560024,0.2064784152974412,1.0738040094079655,1.0688615969128463,-0.0148464613404078,3.8557916142516495,1.5569376775051424
64.0,146.0,1006.1292724609376,0.8825330645131402,3.064174342687368,-0.2362635771631851,3.582316996030628,-0.2074679037536006,0.9559810891053128,1.0531749231574068,-0.0434490340044395,3.286294651604756,2.3253331241426074
64.0,146.0,1005.7072143554688,1.6491448804843336,2.9104453120023,-0.2376035463302053,3.615676320374159,-0.5459213406507523,1.0802436756395946,1.0229389087533642,-0.0226071327225542,3.134768809825729,1.4551102740604491
64.0,146.0,1005.2555541992188,-0.5037094802039921,3.707585390221884,-0.3280569768488796,3.321070462527059,0.979043172621886,-0.4155761280008436,0.9565504599200948,0.2951346271246178,3.295787014291044,2.1819067114242974
64.0,146.0,1006.83154296875,1.5265036097584397,2.4688393553651458,-0.2193779993269236,3.456649131017686,-0.280184533111481,1.4322115030166764,0.0073984864598439,0.0552709621325861,2.764100911123255,1.699477136905433
64.0,146.0,1006.2119140625,0.4893625390202833,1.7795423029239368,-0.2283334970089545,3.1277989280704825,0.4981169607027755,1.141197769335064,2.5146578201478693,1.975507430672696,4.311031517865723,2.0922100116751228
64.0,146.0,1005.1494140625,1.4267671879387,2.82151791963309,-0.2050135975394147,3.599402345635524,-0.212234014229664,1.0699343377498252,1.054124327480299,-0.0348381047181509,3.2384919490320403,1.683330061310487
64.0,146.0,1006.1808471679688,1.5044895019604971,4.37353118641234,-0.1123117642728705,3.278240110355435,-0.2710004059046436,1.206590297347884,1.0726861605494895,-0.7094813345437163,3.301103040810469,1.658737095350794
64.0,146.0,1004.5355224609376,-0.2067583177486083,2.156645823399848,1.1237471826284795,3.780946817479548,-0.5114493991580722,1.3470285072754011,1.5426076556614716,0.9251629364195506,3.6326501297850458,1.193605314089168
64.0,146.0,1005.1493530273438,0.5735184706036716,3.028423329307017,0.2644622216036731,2.659398374348958,0.2306337810705419,1.0125999917583286,1.1341537852403114,0.5087035841895886,3.226086612326376,1.548830647479367
64.0,146.0,1004.7785034179688,0.6991135168312739,2.894738252833397,-0.2188575842976097,3.4645647397683965,-0.2438181442738039,1.0991670823590096,0.687295206439572,1.314428712403647,3.3101250531130244,1.6781756112361752
64.0,146.0,1006.7550048828124,1.7724945126995004,3.0703987008149776,0.1826723068202544,3.2010081142690723,-0.121466419569273,1.2303004122357388,1.0661233202080411,-0.0710318298801985,3.2991645041737008,1.720742171507914
64.0,146.0,1004.95849609375,0.9162956780313632,2.1247201074083826,0.0379144096914144,3.0493734156772465,-0.204541723945408,1.0866278545155783,1.081534562537653,-0.1426858802547873,2.5531626479271203,1.6834925846586402
64.0,146.0,1005.079833984375,0.8078773908434,3.0635542735379326,-0.2222773718837908,3.644619233544741,-0.0438507735814526,1.4232936018416082,0.7302359461628485,0.463335757005806,3.131559441489576,1.6311643300045815
64.0,146.0,1005.9080810546876,1.0513515896295955,3.0324479004866207,-0.1399893757068982,2.5909601277576697,-0.1207554487964864,2.5126882206643253,1.1607896320933913,0.180815057255496,3.251736532375584,2.58552590355996
64.0,146.0,1005.7649536132812,0.2825466944237913,3.223371955913502,-1.130107795435179,3.475165291581171,-1.048330892200188,0.6773142097574366,1.7224453178602437,-0.0116344510771347,2.978858171781275,1.664112733334867
64.0,146.0,1003.8233642578124,1.028523366259821,3.0628461474330293,-0.3204188298828894,3.0167776901382988,0.2647472536681213,1.306874930918926,0.9514498344110252,-0.5399432597472117,3.348110656193866,0.8965220619264871
64.0,146.0,1006.2741088867188,1.643031542836416,3.606370926934152,-0.6934784640503268,3.544777025413626,-0.1168117638030309,0.939111865717292,1.235370936060419,0.8014975999324441,3.270795648100955,1.6707495569788469
64.0,146.0,1005.4580688476562,1.714830991173177,3.0751933772525515,-0.3198873779630757,3.0600901733655563,-0.3336865919117254,1.041410814400998,0.9802931378106874,-0.0717430790773777,3.30035801474969,1.62578042127942
64.0,146.0,1006.1286010742188,1.5630251164579407,3.034072154337606,-0.2144607478813976,3.3747890166807086,-0.1840946200972616,1.0834848120091078,1.505132191142844,0.0986427251527393,3.2971237436003165,1.6407078622033984
64.0,146.0,1004.8368530273438,-0.0192859539180938,3.1458012448024646,-0.4052589456220559,3.5837623621294377,-0.4446218579421889,1.004306573519272,1.0674916208430016,-0.1473208806064043,4.659302750457305,1.266183010783346
64.0,146.0,1005.0035400390624,1.488088734200528,3.2964916798764268,-0.081613556681665,3.4931910742310563,-0.4795947022471148,1.19443031097595,1.5983254058784726,0.3030366300005376,3.1093375136026897,1.3517079212642986
64.0,146.0,1005.59716796875,0.8422960777773174,3.0348209215701183,-0.2311176520887816,3.530445462000517,0.731073415144617,1.0838871087870037,1.0526527931079228,-0.2789778063184201,3.525442996103043,1.9314441196361605
64.0,146.0,1005.1682739257812,0.4758226699530498,2.725912301651685,-0.0230184400084026,3.5041163169939864,-0.2839688026094656,0.98246182909671,0.7814411067738086,0.0567855685067581,3.2908997596538847,1.3640380101297185
64.0,146.0,1004.932861328125,1.5796322669745138,2.974669102036052,-0.2759972217390695,3.567574034001228,-0.2093543612178015,1.4940440693796724,1.055340177568717,-0.0056815911348413,3.322450316094878,2.2801882162059304
64.0,146.0,1005.4376220703124,1.4939369051591875,3.208578143175042,-0.0838875551827738,3.6527902052474297,-0.0677512366808728,2.1295316682877434,1.0280783661595605,-0.0117743859456704,3.334761595860714,1.7120512362595308
64.0,146.0,1005.9476318359376,0.0416259073064684,3.056620648095169,0.9059087932371556,3.541676985417584,-0.4558259587305865,-0.3150494321593007,1.05123482986649,-0.0994281152615595,3.238383279985208,1.6565234082160285
64.0,146.0,1006.0139770507812,1.5426257774234884,2.963062015218996,-0.1644154265346108,3.571054709565818,-0.2255485820590461,1.124004775755031,1.0785750977224122,-0.0170868564908297,3.529492666873149,1.8095727813707885
64.0,146.0,1005.1908569335938,1.1023887204012748,3.2341476803645643,-0.201467270177571,2.4973480581935963,-0.1713493341169948,1.0827305179708886,1.376827834472508,0.3857767790946929,3.6663823370834,1.765177587675498
64.0,146.0,1003.884033203125,1.1425112649696187,3.065090117718845,0.592860107788608,2.8071972518327133,0.2549808842303713,0.7688590957311772,1.1434486482266086,0.1774592781213724,3.2904317271738885,1.6652367097735672
64.0,146.0,1004.8756713867188,1.803103039357084,3.04969122379482,-0.2380855070972431,3.544222673085715,-0.3675432124331079,1.0049334701620785,1.0915745130618049,-0.0166428366782459,3.286393579044508,1.7128181502425668
64.0,146.0,1005.5949096679688,1.065741447403239,3.566321993171797,-0.1722097588879127,3.335195644635442,0.4153135222526197,1.6432684793938577,1.2308026718224587,0.3065238812510272,3.32453208933479,1.4181087479272612
64.0,146.0,1005.1708984375,1.5387374172758588,3.0630905424895096,-0.2761169812147975,3.539551483750204,-0.0710913967583387,1.0864629386437223,1.0432566156141505,0.0406253156605319,3.3703392304127733,1.6847979903288934
64.0,146.0,1004.3433227539062,1.5246637626108075,2.588764633984187,-0.2247483509817702,3.541791433209113,-0.2094105942329443,0.0900981966808316,1.4472220790014578,0.3634141441016041,3.275517642189521,1.677631713184814
64.0,146.0,1006.3489990234376,1.5514520891483368,3.057318420357167,-0.2631982522786442,3.525985729806991,-0.211421577591669,1.0871765917978395,1.0592099546980789,-0.0142462550174791,2.96232874565588,1.5743383689854655
64.0,146.0,1005.1350708007812,0.1661038185710084,2.5390123143543657,2.0774916054569346,1.835614257140512,-1.5735118140693944,0.0393769710875324,1.5364656260845004,0.9512514490147672,2.833057723425437,1.6722709438483858
64.0,146.0,1006.7476806640624,1.3783292661069166,2.227281756843792,0.7486796121921748,2.3676098445669496,-0.4352187250238886,0.1295667694666509,1.2582478032152908,0.9678886220425788,1.546052822985894,1.7088008776725607
64.0,146.0,1003.6841430664062,1.5264166200797986,3.063097861613356,-0.215819897253269,3.5490497273888275,-0.2048867388282806,1.0826619122252867,1.0511392207255632,-0.0170243374408754,3.2973942147249127,1.6821927523441609
64.0,146.0,1005.0227661132812,1.1090167985935704,3.054929262949412,0.2138404591139139,3.3785257770175283,-0.2062982807170551,0.6081492878130935,1.0163426512361524,-0.0348229360837541,3.2931519023315508,1.7331119502206431
64.0,146.0,1006.3912353515624,1.0823124156003283,3.145532408020725,0.0937498638335725,4.3492484902596935,-0.983369492477124,0.3045399617600217,1.0355153888892177,-0.6035785196627739,3.47882371336145,1.9749920545649893
64.0,146.0,1003.7677001953124,0.9753379059727132,3.027481911426474,0.8914709442373026,3.6385006360362526,-0.1936568623912141,0.9354252219936228,1.0515023454212475,1.5844169383747184,3.3013099988549235,1.6821957420369034
64.0,146.0,1005.7315063476562,1.5396689441273124,3.0386942734840274,0.0727790596694881,3.99653790662412,-0.2180394714265182,1.1227822176659112,0.9898665587735348,-0.0161734394273001,3.292559616599718,1.7283088665121291
64.0,146.0,1005.9786376953124,1.1755166225902458,3.0139295819900664,-0.2417305383366287,3.616814653335077,-0.2729520402836232,1.8592848557108288,1.1177652924446315,0.1211451494947978,3.912459696901169,2.2316448068592054
64.0,146.0,1004.7403564453124,0.4804166552562906,3.142058809388116,-0.507253232726782,3.78275224637308,-0.5671588827166028,1.1261544357254607,1.4122039073154182,0.5007209311294231,3.503301094810195,1.926829920271378
64.0,146.0,1004.5214233398438,1.3925082887281215,3.065088985864282,-0.1686798461004562,2.4937664364779137,-0.2246521629870259,1.0573601922845028,1.0844478999456344,-0.8866334099558765,3.2654268773896447,1.6563374701400866
64.0,146.0,1006.101806640625,1.5145614614356997,2.994643314133276,-0.4385238738008652,2.6498988515969346,-0.2204737755628775,1.1219320992016055,0.99350013477897,-0.0190371027451072,3.134156782158529,1.6797391789481235
64.0,146.0,1005.5848999023438,-0.4976473021030942,3.419951677935696,-0.3086301958483286,3.870154605804175,-1.1699164176837953,1.6993185462984577,0.8701808901365833,0.0028869377323087,3.427754210534899,1.6924904654891433
64.0,146.0,1005.8743896484376,0.0594998054986024,2.4736092679713666,-0.1808303602303297,1.535912543515276,-0.2128728184311272,0.8096079746393341,0.1778975985534896,-0.0199302804665875,3.321000599716123,2.4317144383963893
64.0,146.0,1005.768310546875,1.5999854791936896,2.9805356758612893,-0.224463190705871,3.807145392204087,-0.3379384159359995,1.0087144864956603,0.8161970981207121,-0.0299745068515237,3.525817858828421,1.6851147134922917
64.0,147.0,1004.6443481445312,0.6900176227674764,3.063074350782302,-0.3302721781170479,3.0126561550720083,-0.1976159951512532,1.5970259768578052,1.2511792713171723,-0.0167520924344081,3.4265898532482377,1.5636003792452855
64.0,147.0,1006.714599609375,1.1112219897749327,3.061659804709003,-0.0274385792625755,3.561688296560024,0.2064784152974412,1.0738040094079655,1.0688615969128463,-0.0148464613404078,3.8557916142516495,1.5569376775051424
64.0,147.0,1006.1292724609376,0.8825330645131402,3.064174342687368,-0.2362635771631851,3.582316996030628,-0.2074679037536006,0.9559810891053128,1.0531749231574068,-0.0434490340044395,3.286294651604756,2.3253331241426074
64.0,147.0,1005.7072143554688,1.6491448804843336,2.9104453120023,-0.2376035463302053,3.615676320374159,-0.5459213406507523,1.0802436756395946,1.0229389087533642,-0.0226071327225542,3.134768809825729,1.4551102740604491
64.0,147.0,1005.2555541992188,-0.5037094802039921,3.707585390221884,-0.3280569768488796,3.321070462527059,0.979043172621886,-0.4155761280008436,0.9565504599200948,0.2951346271246178,3.295787014291044,2.1819067114242974
64.0,147.0,1006.83154296875,1.5265036097584397,2.4688393553651458,-0.2193779993269236,3.456649131017686,-0.280184533111481,1.4322115030166764,0.0073984864598439,0.0552709621325861,2.764100911123255,1.699477136905433
64.0,147.0,1006.2119140625,0.4893625390202833,1.7795423029239368,-0.2283334970089545,3.1277989280704825,0.4981169607027755,1.141197769335064,2.5146578201478693,1.975507430672696,4.311031517865723,2.0922100116751228
64.0,147.0,1005.1494140625,1.4267671879387,2.82151791963309,-0.2050135975394147,3.599402345635524,-0.212234014229664,1.0699343377498252,1.054124327480299,-0.0348381047181509,3.2384919490320403,1.683330061310487
64.0,147.0,1005.474853515625,1.5026949966969567,4.303640589644998,0.0467183102294996,3.508585978273294,-0.276222544546385,1.2632585220760255,0.9839023829757484,0.4548566034085533,3.319979299343642,1.681623450852277
64.0,147.0,1004.5355224609376,-0.2067583177486083,2.156645823399848,1.1237471826284795,3.780946817479548,-0.5114493991580722,1.3470285072754011,1.5426076556614716,0.9251629364195506,3.6326501297850458,1.193605314089168
64.0,147.0,1005.1493530273438,0.5735184706036716,3.028423329307017,0.2644622216036731,2.659398374348958,0.2306337810705419,1.0125999917583286,1.1341537852403114,0.5087035841895886,3.226086612326376,1.548830647479367
64.0,147.0,1004.7785034179688,0.6991135168312739,2.894738252833397,-0.2188575842976097,3.4645647397683965,-0.2438181442738039,1.0991670823590096,0.687295206439572,1.314428712403647,3.3101250531130244,1.6781756112361752
64.0,147.0,1006.7550048828124,1.7724945126995004,3.0703987008149776,0.1826723068202544,3.2010081142690723,-0.121466419569273,1.2303004122357388,1.0661233202080411,-0.0710318298801985,3.2991645041737008,1.720742171507914
64.0,147.0,1004.95849609375,0.9162956780313632,2.1247201074083826,0.0379144096914144,3.0493734156772465,-0.204541723945408,1.0866278545155783,1.081534562537653,-0.1426858802547873,2.5531626479271203,1.6834925846586402
64.0,147.0,1005.079833984375,0.8078773908434,3.0635542735379326,-0.2222773718837908,3.644619233544741,-0.0438507735814526,1.4232936018416082,0.7302359461628485,0.463335757005806,3.131559441489576,1.6311643300045815
64.0,147.0,1005.9080810546876,1.0513515896295955,3.0324479004866207,-0.1399893757068982,2.5909601277576697,-0.1207554487964864,2.5126882206643253,1.1607896320933913,0.180815057255496,3.251736532375584,2.58552590355996
64.0,147.0,1005.7649536132812,0.2825466944237913,3.223371955913502,-1.130107795435179,3.475165291581171,-1.048330892200188,0.6773142097574366,1.7224453178602437,-0.0116344510771347,2.978858171781275,1.664112733334867
64.0,147.0,1003.8233642578124,1.028523366259821,3.0628461474330293,-0.3204188298828894,3.0167776901382988,0.2647472536681213,1.306874930918926,0.9514498344110252,-0.5399432597472117,3.348110656193866,0.8965220619264871
64.0,147.0,1006.2741088867188,1.643031542836416,3.606370926934152,-0.6934784640503268,3.544777025413626,-0.1168117638030309,0.939111865717292,1.235370936060419,0.8014975999324441,3.270795648100955,1.6707495569788469
64.0,147.0,1005.4580688476562,1.714830991173177,3.0751933772525515,-0.3198873779630757,3.0600901733655563,-0.3336865919117254,1.041410814400998,0.9802931378106874,-0.0717430790773777,3.30035801474969,1.62578042127942
64.0,147.0,1006.1286010742188,1.5630251164579407,3.034072154337606,-0.2144607478813976,3.3747890166807086,-0.1840946200972616,1.0834848120091078,1.505132191142844,0.0986427251527393,3.2971237436003165,1.6407078622033984
64.0,147.0,1004.8368530273438,-0.0192859539180938,3.1458012448024646,-0.4052589456220559,3.5837623621294377,-0.4446218579421889,1.004306573519272,1.0674916208430016,-0.1473208806064043,4.659302750457305,1.266183010783346
64.0,147.0,1005.0035400390624,1.488088734200528,3.2964916798764268,-0.081613556681665,3.4931910742310563,-0.4795947022471148,1.19443031097595,1.5983254058784726,0.3030366300005376,3.1093375136026897,1.3517079212642986
64.0,147.0,1005.59716796875,0.8422960777773174,3.0348209215701183,-0.2311176520887816,3.530445462000517,0.731073415144617,1.0838871087870037,1.0526527931079228,-0.2789778063184201,3.525442996103043,1.9314441196361605
64.0,147.0,1005.1682739257812,0.4758226699530498,2.725912301651685,-0.0230184400084026,3.5041163169939864,-0.2839688026094656,0.98246182909671,0.7814411067738086,0.0567855685067581,3.2908997596538847,1.3640380101297185
64.0,147.0,1004.932861328125,1.5796322669745138,2.974669102036052,-0.2759972217390695,3.567574034001228,-0.2093543612178015,1.4940440693796724,1.055340177568717,-0.0056815911348413,3.322450316094878,2.2801882162059304
64.0,147.0,1005.4376220703124,1.4939369051591875,3.208578143175042,-0.0838875551827738,3.6527902052474297,-0.0677512366808728,2.1295316682877434,1.0280783661595605,-0.0117743859456704,3.334761595860714,1.7120512362595308
64.0,147.0,1005.9476318359376,0.0416259073064684,3.056620648095169,0.9059087932371556,3.541676985417584,-0.4558259587305865,-0.3150494321593007,1.05123482986649,-0.0994281152615595,3.238383279985208,1.6565234082160285
64.0,147.0,1006.0139770507812,1.5426257774234884,2.963062015218996,-0.1644154265346108,3.571054709565818,-0.2255485820590461,1.124004775755031,1.0785750977224122,-0.0170868564908297,3.529492666873149,1.8095727813707885
64.0,147.0,1005.1908569335938,1.1023887204012748,3.2341476803645643,-0.201467270177571,2.4973480581935963,-0.1713493341169948,1.0827305179708886,1.376827834472508,0.3857767790946929,3.6663823370834,1.765177587675498
64.0,147.0,1003.884033203125,1.1425112649696187,3.065090117718845,0.592860107788608,2.8071972518327133,0.2549808842303713,0.7688590957311772,1.1434486482266086,0.1774592781213724,3.2904317271738885,1.6652367097735672
64.0,147.0,1004.8756713867188,1.803103039357084,3.04969122379482,-0.2380855070972431,3.544222673085715,-0.3675432124331079,1.0049334701620785,1.0915745130618049,-0.0166428366782459,3.286393579044508,1.7128181502425668
64.0,147.0,1005.5949096679688,1.065741447403239,3.566321993171797,-0.1722097588879127,3.335195644635442,0.4153135222526197,1.6432684793938577,1.2308026718224587,0.3065238812510272,3.32453208933479,1.4181087479272612
64.0,147.0,1005.1708984375,1.5387374172758588,3.0630905424895096,-0.2761169812147975,3.539551483750204,-0.0710913967583387,1.0864629386437223,1.0432566156141505,0.0406253156605319,3.3703392304127733,1.6847979903288934
64.0,147.0,1004.3433227539062,1.5246637626108075,2.588764633984187,-0.2247483509817702,3.541791433209113,-0.2094105942329443,0.0900981966808316,1.4472220790014578,0.3634141441016041,3.275517642189521,1.677631713184814
64.0,147.0,1006.3489990234376,1.5514520891483368,3.057318420357167,-0.2631982522786442,3.525985729806991,-0.211421577591669,1.0871765917978395,1.0592099546980789,-0.0142462550174791,2.96232874565588,1.5743383689854655
64.0,147.0,1005.1350708007812,0.1661038185710084,2.5390123143543657,2.0774916054569346,1.835614257140512,-1.5735118140693944,0.0393769710875324,1.5364656260845004,0.9512514490147672,2.833057723425437,1.6722709438483858
64.0,147.0,1006.7476806640624,1.3783292661069166,2.227281756843792,0.7486796121921748,2.3676098445669496,-0.4352187250238886,0.1295667694666509,1.2582478032152908,0.9678886220425788,1.546052822985894,1.7088008776725607
64.0,147.0,1003.6841430664062,1.5264166200797986,3.063097861613356,-0.215819897253269,3.5490497273888275,-0.2048867388282806,1.0826619122252867,1.0511392207255632,-0.0170243374408754,3.2973942147249127,1.6821927523441609
64.0,147.0,1005.0227661132812,1.1090167985935704,3.054929262949412,0.2138404591139139,3.3785257770175283,-0.2062982807170551,0.6081492878130935,1.0163426512361524,-0.0348229360837541,3.2931519023315508,1.7331119502206431
64.0,147.0,1006.3912353515624,1.0823124156003283,3.145532408020725,0.0937498638335725,4.3492484902596935,-0.983369492477124,0.3045399617600217,1.0355153888892177,-0.6035785196627739,3.47882371336145,1.9749920545649893
64.0,147.0,1003.7677001953124,0.9753379059727132,3.027481911426474,0.8914709442373026,3.6385006360362526,-0.1936568623912141,0.9354252219936228,1.0515023454212475,1.5844169383747184,3.3013099988549235,1.6821957420369034
64.0,147.0,1005.7315063476562,1.5396689441273124,3.0386942734840274,0.0727790596694881,3.99653790662412,-0.2180394714265182,1.1227822176659112,0.9898665587735348,-0.0161734394273001,3.292559616599718,1.7283088665121291
64.0,147.0,1005.9786376953124,1.1755166225902458,3.0139295819900664,-0.2417305383366287,3.616814653335077,-0.2729520402836232,1.8592848557108288,1.1177652924446315,0.1211451494947978,3.912459696901169,2.2316448068592054
64.0,147.0,1004.7403564453124,0.4804166552562906,3.142058809388116,-0.507253232726782,3.78275224637308,-0.5671588827166028,1.1261544357254607,1.4122039073154182,0.5007209311294231,3.503301094810195,1.926829920271378
64.0,147.0,1004.5214233398438,1.3925082887281215,3.065088985864282,-0.1686798461004562,2.4937664364779137,-0.2246521629870259,1.0573601922845028,1.0844478999456344,-0.8866334099558765,3.2654268773896447,1.6563374701400866
64.0,147.0,1006.101806640625,1.5145614614356997,2.994643314133276,-0.4385238738008652,2.6498988515969346,-0.2204737755628775,1.1219320992016055,0.99350013477897,-0.0190371027451072,3.134156782158529,1.6797391789481235
64.0,147.0,1005.5848999023438,-0.4976473021030942,3.419951677935696,-0.3086301958483286,3.870154605804175,-1.1699164176837953,1.6993185462984577,0.8701808901365833,0.0028869377323087,3.427754210534899,1.6924904654891433
64.0,147.0,1005.8743896484376,0.0594998054986024,2.4736092679713666,-0.1808303602303297,1.535912543515276,-0.2128728184311272,0.8096079746393341,0.1778975985534896,-0.0199302804665875,3.321000599716123,2.4317144383963893
64.0,147.0,1005.768310546875,1.5999854791936896,2.9805356758612893,-0.224463190705871,3.807145392204087,-0.3379384159359995,1.0087144864956603,0.8161970981207121,-0.0299745068515237,3.525817858828421,1.6851147134922917
64.0,148.0,1004.6443481445312,0.6900176227674764,3.063074350782302,-0.3302721781170479,3.0126561550720083,-0.1976159951512532,1.5970259768578052,1.2511792713171723,-0.0167520924344081,3.4265898532482377,1.5636003792452855
64.0,148.0,1006.714599609375,1.1112219897749327,3.061659804709003,-0.0274385792625755,3.561688296560024,0.2064784152974412,1.0738040094079655,1.0688615969128463,-0.0148464613404078,3.8557916142516495,1.5569376775051424
64.0,148.0,1006.1292724609376,0.8825330645131402,3.064174342687368,-0.2362635771631851,3.582316996030628,-0.2074679037536006,0.9559810891053128,1.0531749231574068,-0.0434490340044395,3.286294651604756,2.3253331241426074
64.0,148.0,1005.7072143554688,1.6491448804843336,2.9104453120023,-0.2376035463302053,3.615676320374159,-0.5459213406507523,1.0802436756395946,1.0229389087533642,-0.0226071327225542,3.134768809825729,1.4551102740604491
64.0,148.0,1005.2555541992188,-0.5037094802039921,3.707585390221884,-0.3280569768488796,3.321070462527059,0.979043172621886,-0.4155761280008436,0.9565504599200948,0.2951346271246178,3.295787014291044,2.1819067114242974
64.0,148.0,1006.83154296875,1.5265036097584397,2.4688393553651458,-0.2193779993269236,3.456649131017686,-0.280184533111481,1.4322115030166764,0.0073984864598439,0.0552709621325861,2.764100911123255,1.699477136905433
64.0,148.0,1006.2119140625,0.4893625390202833,1.7795423029239368,-0.2283334970089545,3.1277989280704825,0.4981169607027755,1.141197769335064,2.5146578201478693,1.975507430672696,4.311031517865723,2.0922100116751228
64.0,148.0,1005.1494140625,1.4267671879387,2.82151791963309,-0.2050135975394147,3.599402345635524,-0.212234014229664,1.0699343377498252,1.054124327480299,-0.0348381047181509,3.2384919490320403,1.683330061310487
64.0,148.0,1005.474853515625,1.5026949966969567,4.303640589644998,0.0467183102294996,3.508585978273294,-0.276222544546385,1.2632585220760255,0.9839023829757484,0.4548566034085533,3.319979299343642,1.681623450852277
64.0,148.0,1004.5355224609376,-0.2067583177486083,2.156645823399848,1.1237471826284795,3.780946817479548,-0.5114493991580722,1.3470285072754011,1.5426076556614716,0.9251629364195506,3.6326501297850458,1.193605314089168
64.0,148.0,1005.1493530273438,0.5735184706036716,3.028423329307017,0.2644622216036731,2.659398374348958,0.2306337810705419,1.0125999917583286,1.1341537852403114,0.5087035841895886,3.226086612326376,1.548830647479367
64.0,148.0,1004.7785034179688,0.6991135168312739,2.894738252833397,-0.2188575842976097,3.4645647397683965,-0.2438181442738039,1.0991670823590096,0.687295206439572,1.314428712403647,3.3101250531130244,1.6781756112361752
64.0,148.0,1006.7550048828124,1.7724945126995004,3.0703987008149776,0.1826723068202544,3.2010081142690723,-0.121466419569273,1.2303004122357388,1.0661233202080411,-0.0710318298801985,3.2991645041737008,1.720742171507914
64.0,148.0,1004.95849609375,0.9162956780313632,2.1247201074083826,0.0379144096914144,3.0493734156772465,-0.204541723945408,1.0866278545155783,1.081534562537653,-0.1426858802547873,2.5531626479271203,1.6834925846586402
64.0,148.0,1005.079833984375,0.8078773908434,3.0635542735379326,-0.2222773718837908,3.644619233544741,-0.0438507735814526,1.4232936018416082,0.7302359461628485,0.463335757005806,3.131559441489576,1.6311643300045815
64.0,148.0,1005.9080810546876,1.0513515896295955,3.0324479004866207,-0.1399893757068982,2.5909601277576697,-0.1207554487964864,2.5126882206643253,1.1607896320933913,0.180815057255496,3.251736532375584,2.58552590355996
64.0,148.0,1005.7649536132812,0.2825466944237913,3.223371955913502,-1.130107795435179,3.475165291581171,-1.048330892200188,0.6773142097574366,1.7224453178602437,-0.0116344510771347,2.978858171781275,1.664112733334867
64.0,148.0,1003.8233642578124,1.028523366259821,3.0628461474330293,-0.3204188298828894,3.0167776901382988,0.2647472536681213,1.306874930918926,0.9514498344110252,-0.5399432597472117,3.348110656193866,0.8965220619264871
64.0,148.0,1006.2741088867188,1.643031542836416,3.606370926934152,-0.6934784640503268,3.544777025413626,-0.1168117638030309,0.939111865717292,1.235370936060419,0.8014975999324441,3.270795648100955,1.6707495569788469
64.0,148.0,1005.4580688476562,1.714830991173177,3.0751933772525515,-0.3198873779630757,3.0600901733655563,-0.3336865919117254,1.041410814400998,0.9802931378106874,-0.0717430790773777,3.30035801474969,1.62578042127942
64.0,148.0,1006.1286010742188,1.5630251164579407,3.034072154337606,-0.2144607478813976,3.3747890166807086,-0.1840946200972616,1.0834848120091078,1.505132191142844,0.0986427251527393,3.2971237436003165,1.6407078622033984
64.0,148.0,1004.8368530273438,-0.0192859539180938,3.1458012448024646,-0.4052589456220559,3.5837623621294377,-0.4446218579421889,1.004306573519272,1.0674916208430016,-0.1473208806064043,4.659302750457305,1.266183010783346
64.0,148.0,1005.0035400390624,1.488088734200528,3.2964916798764268,-0.081613556681665,3.4931910742310563,-0.4795947022471148,1.19443031097595,1.5983254058784726,0.3030366300005376,3.1093375136026897,1.3517079212642986
64.0,148.0,1005.59716796875,0.8422960777773174,3.0348209215701183,-0.2311176520887816,3.530445462000517,0.731073415144617,1.0838871087870037,1.0526527931079228,-0.2789778063184201,3.525442996103043,1.9314441196361605
64.0,148.0,1005.1682739257812,0.4758226699530498,2.725912301651685,-0.0230184400084026,3.5041163169939864,-0.2839688026094656,0.98246182909671,0.7814411067738086,0.0567855685067581,3.2908997596538847,1.3640380101297185
64.0,148.0,1004.932861328125,1.5796322669745138,2.974669102036052,-0.2759972217390695,3.567574034001228,-0.2093543612178015,1.4940440693796724,1.055340177568717,-0.0056815911348413,3.322450316094878,2.2801882162059304
64.0,148.0,1005.4376220703124,1.4939369051591875,3.208578143175042,-0.0838875551827738,3.6527902052474297,-0.0677512366808728,2.1295316682877434,1.0280783661595605,-0.0117743859456704,3.334761595860714,1.7120512362595308
64.0,148.0,1005.9476318359376,0.0416259073064684,3.056620648095169,0.9059087932371556,3.541676985417584,-0.4558259587305865,-0.3150494321593007,1.05123482986649,-0.0994281152615595,3.238383279985208,1.6565234082160285
64.0,148.0,1006.0139770507812,1.5426257774234884,2.963062015218996,-0.1644154265346108,3.571054709565818,-0.2255485820590461,1.124004775755031,1.0785750977224122,-0.0170868564908297,3.529492666873149,1.8095727813707885
64.0,148.0,1005.1908569335938,1.1023887204012748,3.2341476803645643,-0.201467270177571,2.4973480581935963,-0.1713493341169948,1.0827305179708886,1.376827834472508,0.3857767790946929,3.6663823370834,1.765177587675498
64.0,148.0,1003.884033203125,1.1425112649696187,3.065090117718845,0.592860107788608,2.8071972518327133,0.2549808842303713,0.7688590957311772,1.1434486482266086,0.1774592781213724,3.2904317271738885,1.6652367097735672
64.0,148.0,1004.8756713867188,1.803103039357084,3.04969122379482,-0.2380855070972431,3.544222673085715,-0.3675432124331079,1.0049334701620785,1.0915745130618049,-0.0166428366782459,3.286393579044508,1.7128181502425668
64.0,148.0,1005.5949096679688,1.065741447403239,3.566321993171797,-0.1722097588879127,3.335195644635442,0.4153135222526197,1.6432684793938577,1.2308026718224587,0.3065238812510272,3.32453208933479,1.4181087479272612
64.0,148.0,1005.1708984375,1.5387374172758588,3.0630905424895096,-0.2761169812147975,3.539551483750204,-0.0710913967583387,1.0864629386437223,1.0432566156141505,0.0406253156605319,3.3703392304127733,1.6847979903288934
64.0,148.0,1004.3433227539062,1.5246637626108075,2.588764633984187,-0.2247483509817702,3.541791433209113,-0.2094105942329443,0.0900981966808316,1.4472220790014578,0.3634141441016041,3.275517642189521,1.677631713184814
64.0,148.0,1006.3489990234376,1.5514520891483368,3.057318420357167,-0.2631982522786442,3.525985729806991,-0.211421577591669,1.0871765917978395,1.0592099546980789,-0.0142462550174791,2.96232874565588,1.5743383689854655
64.0,148.0,1005.1350708007812,0.1661038185710084,2.5390123143543657,2.0774916054569346,1.835614257140512,-1.5735118140693944,0.0393769710875324,1.5364656260845004,0.9512514490147672,2.833057723425437,1.6722709438483858
64.0,148.0,1006.7476806640624,1.3783292661069166,2.227281756843792,0.7486796121921748,2.3676098445669496,-0.4352187250238886,0.1295667694666509,1.2582478032152908,0.9678886220425788,1.546052822985894,1.7088008776725607
64.0,148.0,1003.6841430664062,1.5264166200797986,3.063097861613356,-0.215819897253269,3.5490497273888275,-0.2048867388282806,1.0826619122252867,1.0511392207255632,-0.0170243374408754,3.2973942147249127,1.6821927523441609
64.0,148.0,1005.0227661132812,1.1090167985935704,3.054929262949412,0.2138404591139139,3.3785257770175283,-0.2062982807170551,0.6081492878130935,1.0163426512361524,-0.0348229360837541,3.2931519023315508,1.7331119502206431
64.0,148.0,1006.3912353515624,1.0823124156003283,3.145532408020725,0.0937498638335725,4.3492484902596935,-0.983369492477124,0.3045399617600217,1.0355153888892177,-0.6035785196627739,3.47882371336145,1.9749920545649893
64.0,148.0,1003.7677001953124,0.9753379059727132,3.027481911426474,0.8914709442373026,3.6385006360362526,-0.1936568623912141,0.9354252219936228,1.0515023454212475,1.5844169383747184,3.3013099988549235,1.6821957420369034
64.0,148.0,1005.7315063476562,1.5396689441273124,3.0386942734840274,0.0727790596694881,3.99653790662412,-0.2180394714265182,1.1227822176659112,0.9898665587735348,-0.0161734394273001,3.292559616599718,1.7283088665121291
64.0,148.0,1005.9786376953124,1.1755166225902458,3.0139295819900664,-0.2417305383366287,3.616814653335077,-0.2729520402836232,1.8592848557108288,1.1177652924446315,0.1211451494947978,3.912459696901169,2.2316448068592054
64.0,148.0,1004.7403564453124,0.4804166552562906,3.142058809388116,-0.507253232726782,3.78275224637308,-0.5671588827166028,1.1261544357254607,1.4122039073154182,0.5007209311294231,3.503301094810195,1.926829920271378
64.0,148.0,1004.5214233398438,1.3925082887281215,3.065088985864282,-0.1686798461004562,2.4937664364779137,-0.2246521629870259,1.0573601922845028,1.0844478999456344,-0.8866334099558765,3.2654268773896447,1.6563374701400866
64.0,148.0,1006.101806640625,1.5145614614356997,2.994643314133276,-0.4385238738008652,2.6498988515969346,-0.2204737755628775,1.1219320992016055,0.99350013477897,-0.0190371027451072,3.134156782158529,1.6797391789481235
64.0,148.0,1005.5848999023438,-0.4976473021030942,3.419951677935696,-0.3086301958483286,3.870154605804175,-1.1699164176837953,1.6993185462984577,0.8701808901365833,0.0028869377323087,3.427754210534899,1.6924904654891433
64.0,148.0,1005.8743896484376,0.0594998054986024,2.4736092679713666,-0.1808303602303297,1.535912543515276,-0.2128728184311272,0.8096079746393341,0.1778975985534896,-0.0199302804665875,3.321000599716123,2.4317144383963893
64.0,148.0,1005.768310546875,1.5999854791936896,2.9805356758612893,-0.224463190705871,3.807145392204087,-0.3379384159359995,1.0087144864956603,0.8161970981207121,-0.0299745068515237,3.525817858828421,1.6851147134922917
64.0,149.0,1004.6443481445312,0.6900176227674764,3.063074350782302,-0.3302721781170479,3.0126561550720083,-0.1976159951512532,1.5970259768578052,1.2511792713171723,-0.0167520924344081,3.4265898532482377,1.5636003792452855
64.0,149.0,1006.714599609375,1.1112219897749327,3.061659804709003,-0.0274385792625755,3.561688296560024,0.2064784152974412,1.0738040094079655,1.0688615969128463,-0.0148464613404078,3.8557916142516495,1.5569376775051424
64.0,149.0,1006.1292724609376,0.8825330645131402,3.064174342687368,-0.2362635771631851,3.582316996030628,-0.2074679037536006,0.9559810891053128,1.0531749231574068,-0.0434490340044395,3.286294651604756,2.3253331241426074
64.0,149.0,1005.7072143554688,1.6491448804843336,2.9104453120023,-0.2376035463302053,3.615676320374159,-0.5459213406507523,1.0802436756395946,1.0229389087533642,-0.0226071327225542,3.134768809825729,1.4551102740604491
64.0,149.0,1005.2555541992188,-0.5037094802039921,3.707585390221884,-0.3280569768488796,3.321070462527059,0.979043172621886,-0.4155761280008436,0.9565504599200948,0.2951346271246178,3.295787014291044,2.1819067114242974
64.0,149.0,1006.83154296875,1.5265036097584397,2.4688393553651458,-0.2193779993269236,3.456649131017686,-0.280184533111481,1.4322115030166764,0.0073984864598439,0.0552709621325861,2.764100911123255,1.699477136905433
64.0,149.0,1006.2119140625,0.4893625390202833,1.7795423029239368,-0.2283334970089545,3.1277989280704825,0.4981169607027755,1.141197769335064,2.5146578201478693,1.975507430672696,4.311031517865723,2.0922100116751228
64.0,149.0,1005.1494140625,1.4267671879387,2.82151791963309,-0.2050135975394147,3.599402345635524,-0.212234014229664,1.0699343377498252,1.054124327480299,-0.0348381047181509,3.2384919490320403,1.683330061310487
64.0,149.0,1005.474853515625,1.5026949966969567,4.303640589644998,0.0467183102294996,3.508585978273294,-0.276222544546385,1.2632585220760255,0.9839023829757484,0.4548566034085533,3.319979299343642,1.681623450852277
64.0,149.0,1004.5355224609376,-0.2067583177486083,2.156645823399848,1.1237471826284795,3.780946817479548,-0.5114493991580722,1.3470285072754011,1.5426076556614716,0.9251629364195506,3.6326501297850458,1.193605314089168
64.0,149.0,1005.1493530273438,0.5735184706036716,3.028423329307017,0.2644622216036731,2.659398374348958,0.2306337810705419,1.0125999917583286,1.1341537852403114,0.5087035841895886,3.226086612326376,1.548830647479367
64.0,149.0,1004.7785034179688,0.6991135168312739,2.894738252833397,-0.2188575842976097,3.4645647397683965,-0.2438181442738039,1.0991670823590096,0.687295206439572,1.314428712403647,3.3101250531130244,1.6781756112361752
64.0,149.0,1006.7550048828124,1.7724945126995004,3.0703987008149776,0.1826723068202544,3.2010081142690723,-0.121466419569273,1.2303004122357388,1.0661233202080411,-0.0710318298801985,3.2991645041737008,1.720742171507914
64.0,149.0,1004.95849609375,0.9162956780313632,2.1247201074083826,0.0379144096914144,3.0493734156772465,-0.204541723945408,1.0866278545155783,1.081534562537653,-0.1426858802547873,2.5531626479271203,1.6834925846586402
64.0,149.0,1005.079833984375,0.8078773908434,3.0635542735379326,-0.2222773718837908,3.644619233544741,-0.0438507735814526,1.4232936018416082,0.7302359461628485,0.463335757005806,3.131559441489576,1.6311643300045815
64.0,149.0,1005.9080810546876,1.0513515896295955,3.0324479004866207,-0.1399893757068982,2.5909601277576697,-0.1207554487964864,2.5126882206643253,1.1607896320933913,0.180815057255496,3.251736532375584,2.58552590355996
64.0,149.0,1005.7649536132812,0.2825466944237913,3.223371955913502,-1.130107795435179,3.475165291581171,-1.048330892200188,0.6773142097574366,1.7224453178602437,-0.0116344510771347,2.978858171781275,1.664112733334867
64.0,149.0,1003.8233642578124,1.028523366259821,3.0628461474330293,-0.3204188298828894,3.0167776901382988,0.2647472536681213,1.306874930918926,0.9514498344110252,-0.5399432597472117,3.348110656193866,0.8965220619264871
64.0,149.0,1006.2741088867188,1.643031542836416,3.606370926934152,-0.6934784640503268,3.544777025413626,-0.1168117638030309,0.939111865717292,1.235370936060419,0.8014975999324441,3.270795648100955,1.6707495569788469
64.0,149.0,1005.4580688476562,1.714830991173177,3.0751933772525515,-0.3198873779630757,3.0600901733655563,-0.3336865919117254,1.041410814400998,0.9802931378106874,-0.0717430790773777,3.30035801474969,1.62578042127942
64.0,149.0,1006.1286010742188,1.5630251164579407,3.034072154337606,-0.2144607478813976,3.3747890166807086,-0.1840946200972616,1.0834848120091078,1.505132191142844,0.0986427251527393,3.2971237436003165,1.6407078622033984
64.0,149.0,1004.8368530273438,-0.0192859539180938,3.1458012448024646,-0.4052589456220559,3.5837623621294377,-0.4446218579421889,1.004306573519272,1.0674916208430016,-0.1473208806064043,4.659302750457305,1.266183010783346
64.0,149.0,1005.0035400390624,1.488088734200528,3.2964916798764268,-0.081613556681665,3.4931910742310563,-0.4795947022471148,1.19443031097595,1.5983254058784726,0.3030366300005376,3.1093375136026897,1.3517079212642986
64.0,149.0,1005.59716796875,0.8422960777773174,3.0348209215701183,-0.2311176520887816,3.530445462000517,0.731073415144617,1.0838871087870037,1.0526527931079228,-0.2789778063184201,3.525442996103043,1.9314441196361605
64.0,149.0,1005.1682739257812,0.4758226699530498,2.725912301651685,-0.0230184400084026,3.5041163169939864,-0.2839688026094656,0.98246182909671,0.7814411067738086,0.0567855685067581,3.2908997596538847,1.3640380101297185
64.0,149.0,1004.932861328125,1.5796322669745138,2.974669102036052,-0.2759972217390695,3.567574034001228,-0.2093543612178015,1.4940440693796724,1.055340177568717,-0.0056815911348413,3.322450316094878,2.2801882162059304
64.0,149.0,1005.4376220703124,1.4939369051591875,3.208578143175042,-0.0838875551827738,3.6527902052474297,-0.0677512366808728,2.1295316682877434,1.0280783661595605,-0.0117743859456704,3.334761595860714,1.7120512362595308
64.0,149.0,1005.9476318359376,0.0416259073064684,3.056620648095169,0.9059087932371556,3.541676985417584,-0.4558259587305865,-0.3150494321593007,1.05123482986649,-0.0994281152615595,3.238383279985208,1.6565234082160285
64.0,149.0,1006.0139770507812,1.5426257774234884,2.963062015218996,-0.1644154265346108,3.571054709565818,-0.2255485820590461,1.124004775755031,1.0785750977224122,-0.0170868564908297,3.529492666873149,1.8095727813707885
64.0,149.0,1005.1908569335938,1.1023887204012748,3.2341476803645643,-0.201467270177571,2.4973480581935963,-0.1713493341169948,1.0827305179708886,1.376827834472508,0.3857767790946929,3.6663823370834,1.765177587675498
64.0,149.0,1003.884033203125,1.1425112649696187,3.065090117718845,0.592860107788608,2.8071972518327133,0.2549808842303713,0.7688590957311772,1.1434486482266086,0.1774592781213724,3.2904317271738885,1.6652367097735672
64.0,149.0,1004.8756713867188,1.803103039357084,3.04969122379482,-0.2380855070972431,3.544222673085715,-0.3675432124331079,1.0049334701620785,1.0915745130618049,-0.0166428366782459,3.286393579044508,1.7128181502425668
64.0,149.0,1005.5949096679688,1.065741447403239,3.566321993171797,-0.1722097588879127,3.335195644635442,0.4153135222526197,1.6432684793938577,1.2308026718224587,0.3065238812510272,3.32453208933479,1.4181087479272612
64.0,149.0,1005.1708984375,1.5387374172758588,3.0630905424895096,-0.2761169812147975,3.539551483750204,-0.0710913967583387,1.0864629386437223,1.0432566156141505,0.0406253156605319,3.3703392304127733,1.6847979903288934
64.0,149.0,1004.3433227539062,1.5246637626108075,2.588764633984187,-0.2247483509817702,3.541791433209113,-0.2094105942329443,0.0900981966808316,1.4472220790014578,0.3634141441016041,3.275517642189521,1.677631713184814
64.0,149.0,1006.3489990234376,1.5514520891483368,3.057318420357167,-0.2631982522786442,3.525985729806991,-0.211421577591669,1.0871765917978395,1.0592099546980789,-0.0142462550174791,2.96232874565588,1.5743383689854655
64.0,149.0,1005.1350708007812,0.1661038185710084,2.5390123143543657,2.0774916054569346,1.835614257140512,-1.5735118140693944,0.0393769710875324,1.5364656260845004,0.9512514490147672,2.833057723425437,1.6722709438483858
64.0,149.0,1006.7476806640624,1.3783292661069166,2.227281756843792,0.7486796121921748,2.3676098445669496,-0.4352187250238886,0.1295667694666509,1.2582478032152908,0.9678886220425788,1.546052822985894,1.7088008776725607
64.0,149.0,1003.6841430664062,1.5264166200797986,3.063097861613356,-0.215819897253269,3.5490497273888275,-0.2048867388282806,1.0826619122252867,1.0511392207255632,-0.0170243374408754,3.2973942147249127,1.6821927523441609
64.0,149.0,1005.0227661132812,1.1090167985935704,3.054929262949412,0.2138404591139139,3.3785257770175283,-0.2062982807170551,0.6081492878130935,1.0163426512361524,-0.0348229360837541,3.2931519023315508,1.7331119502206431
64.0,149.0,1006.3912353515624,1.0823124156003283,3.145532408020725,0.0937498638335725,4.3492484902596935,-0.983369492477124,0.3045399617600217,1.0355153888892177,-0.6035785196627739,3.47882371336145,1.9749920545649893
64.0,149.0,1003.7677001953124,0.9753379059727132,3.027481911426474,0.8914709442373026,3.6385006360362526,-0.1936568623912141,0.9354252219936228,1.0515023454212475,1.5844169383747184,3.3013099988549235,1.6821957420369034
64.0,149.0,1005.7315063476562,1.5396689441273124,3.0386942734840274,0.0727790596694881,3.99653790662412,-0.2180394714265182,1.1227822176659112,0.9898665587735348,-0.0161734394273001,3.292559616599718,1.7283088665121291
64.0,149.0,1005.9786376953124,1.1755166225902458,3.0139295819900664,-0.2417305383366287,3.616814653335077,-0.2729520402836232,1.8592848557108288,1.1177652924446315,0.1211451494947978,3.912459696901169,2.2316448068592054
64.0,149.0,1004.7403564453124,0.4804166552562906,3.142058809388116,-0.507253232726782,3.78275224637308,-0.5671588827166028,1.1261544357254607,1.4122039073154182,0.5007209311294231,3.503301094810195,1.926829920271378
64.0,149.0,1004.5214233398438,1.3925082887281215,3.065088985864282,-0.1686798461004562,2.4937664364779137,-0.2246521629870259,1.0573601922845028,1.0844478999456344,-0.8866334099558765,3.2654268773896447,1.6563374701400866
64.0,149.0,1006.101806640625,1.5145614614356997,2.994643314133276,-0.4385238738008652,2.6498988515969346,-0.2204737755628775,1.1219320992016055,0.99350013477897,-0.0190371027451072,3.134156782158529,1.6797391789481235
64.0,149.0,1005.5848999023438,-0.4976473021030942,3.419951677935696,-0.3086301958483286,3.870154605804175,-1.1699164176837953,1.6993185462984577,0.8701808901365833,0.0028869377323087,3.427754210534899,1.6924904654891433
64.0,149.0,1005.8743896484376,0.0594998054986024,2.4736092679713666,-0.1808303602303297,1.535912543515276,-0.2128728184311272,0.8096079746393341,0.1778975985534896,-0.0199302804665875,3.321000599716123,2.4317144383963893
64.0,149.0,1005.768310546875,1.5999854791936896,2.9805356758612893,-0.224463190705871,3.807145392204087,-0.3379384159359995,1.0087144864956603,0.8161970981207121,-0.0299745068515237,3.525817858828421,1.6851147134922917
64.0,150.0,1004.6443481445312,0.6900176227674764,3.063074350782302,-0.3302721781170479,3.0126561550720083,-0.1976159951512532,1.5970259768578052,1.2511792713171723,-0.0167520924344081,3.4265898532482377,1.5636003792452855
64.0,150.0,1006.714599609375,1.1112219897749327,3.061659804709003,-0.0274385792625755,3.561688296560024,0.2064784152974412,1.0738040094079655,1.0688615969128463,-0.0148464613404078,3.8557916142516495,1.5569376775051424
64.0,150.0,1006.1292724609376,0.8825330645131402,3.064174342687368,-0.2362635771631851,3.582316996030628,-0.2074679037536006,0.9559810891053128,1.0531749231574068,-0.0434490340044395,3.286294651604756,2.3253331241426074
64.0,150.0,1005.7072143554688,1.6491448804843336,2.9104453120023,-0.2376035463302053,3.615676320374159,-0.5459213406507523,1.0802436756395946,1.0229389087533642,-0.0226071327225542,3.134768809825729,1.4551102740604491
64.0,150.0,1005.2555541992188,-0.5037094802039921,3.707585390221884,-0.3280569768488796,3.321070462527059,0.979043172621886,-0.4155761280008436,0.9565504599200948,0.2951346271246178,3.295787014291044,2.1819067114242974
64.0,150.0,1006.83154296875,1.5265036097584397,2.4688393553651458,-0.2193779993269236,3.456649131017686,-0.280184533111481,1.4322115030166764,0.0073984864598439,0.0552709621325861,2.764100911123255,1.699477136905433
64.0,150.0,1006.2119140625,0.4893625390202833,1.7795423029239368,-0.2283334970089545,3.1277989280704825,0.4981169607027755,1.141197769335064,2.5146578201478693,1.975507430672696,4.311031517865723,2.0922100116751228
64.0,150.0,1005.1494140625,1.4267671879387,2.82151791963309,-0.2050135975394147,3.599402345635524,-0.212234014229664,1.0699343377498252,1.054124327480299,-0.0348381047181509,3.2384919490320403,1.683330061310487
64.0,150.0,1005.474853515625,1.5026949966969567,4.303640589644998,0.0467183102294996,3.508585978273294,-0.276222544546385,1.2632585220760255,0.9839023829757484,0.4548566034085533,3.319979299343642,1.681623450852277
64.0,150.0,1004.5355224609376,-0.2067583177486083,2.156645823399848,1.1237471826284795,3.780946817479548,-0.5114493991580722,1.3470285072754011,1.5426076556614716,0.9251629364195506,3.6326501297850458,1.193605314089168
64.0,150.0,1005.1493530273438,0.5735184706036716,3.028423329307017,0.2644622216036731,2.659398374348958,0.2306337810705419,1.0125999917583286,1.1341537852403114,0.5087035841895886,3.226086612326376,1.548830647479367
64.0,150.0,1004.7785034179688,0.6991135168312739,2.894738252833397,-0.2188575842976097,3.4645647397683965,-0.2438181442738039,1.0991670823590096,0.687295206439572,1.314428712403647,3.3101250531130244,1.6781756112361752
64.0,150.0,1006.7550048828124,1.7724945126995004,3.0703987008149776,0.1826723068202544,3.2010081142690723,-0.121466419569273,1.2303004122357388,1.0661233202080411,-0.0710318298801985,3.2991645041737008,1.720742171507914
64.0,150.0,1004.95849609375,0.9162956780313632,2.1247201074083826,0.0379144096914144,3.0493734156772465,-0.204541723945408,1.0866278545155783,1.081534562537653,-0.1426858802547873,2.5531626479271203,1.6834925846586402
64.0,150.0,1005.079833984375,0.8078773908434,3.0635542735379326,-0.2222773718837908,3.644619233544741,-0.0438507735814526,1.4232936018416082,0.7302359461628485,0.463335757005806,3.131559441489576,1.6311643300045815
64.0,150.0,1005.9080810546876,1.0513515896295955,3.0324479004866207,-0.1399893757068982,2.5909601277576697,-0.1207554487964864,2.5126882206643253,1.1607896320933913,0.180815057255496,3.251736532375584,2.58552590355996
64.0,150.0,1005.7649536132812,0.2825466944237913,3.223371955913502,-1.130107795435179,3.475165291581171,-1.048330892200188,0.6773142097574366,1.7224453178602437,-0.0116344510771347,2.978858171781275,1.664112733334867
64.0,150.0,1003.8233642578124,1.028523366259821,3.0628461474330293,-0.3204188298828894,3.0167776901382988,0.2647472536681213,1.306874930918926,0.9514498344110252,-0.5399432597472117,3.348110656193866,0.8965220619264871
64.0,150.0,1006.2741088867188,1.643031542836416,3.606370926934152,-0.6934784640503268,3.544777025413626,-0.1168117638030309,0.939111865717292,1.235370936060419,0.8014975999324441,3.270795648100955,1.6707495569788469
64.0,150.0,1005.4580688476562,1.714830991173177,3.0751933772525515,-0.3198873779630757,3.0600901733655563,-0.3336865919117254,1.041410814400998,0.9802931378106874,-0.0717430790773777,3.30035801474969,1.62578042127942
64.0,150.0,1006.1286010742188,1.5630251164579407,3.034072154337606,-0.2144607478813976,3.3747890166807086,-0.1840946200972616,1.0834848120091078,1.505132191142844,0.0986427251527393,3.2971237436003165,1.6407078622033984
64.0,150.0,1004.8368530273438,-0.0192859539180938,3.1458012448024646,-0.4052589456220559,3.5837623621294377,-0.4446218579421889,1.004306573519272,1.0674916208430016,-0.1473208806064043,4.659302750457305,1.266183010783346
64.0,150.0,1005.0035400390624,1.488088734200528,3.2964916798764268,-0.081613556681665,3.4931910742310563,-0.4795947022471148,1.19443031097595,1.5983254058784726,0.3030366300005376,3.1093375136026897,1.3517079212642986
64.0,150.0,1005.59716796875,0.8422960777773174,3.0348209215701183,-0.2311176520887816,3.530445462000517,0.731073415144617,1.0838871087870037,1.0526527931079228,-0.2789778063184201,3.525442996103043,1.9314441196361605
64.0,150.0,1005.1682739257812,0.4758226699530498,2.725912301651685,-0.0230184400084026,3.5041163169939864,-0.2839688026094656,0.98246182909671,0.7814411067738086,0.0567855685067581,3.2908997596538847,1.3640380101297185
64.0,150.0,1004.932861328125,1.5796322669745138,2.974669102036052,-0.2759972217390695,3.567574034001228,-0.2093543612178015,1.4940440693796724,1.055340177568717,-0.0056815911348413,3.322450316094878,2.2801882162059304
64.0,150.0,1005.4376220703124,1.4939369051591875,3.208578143175042,-0.0838875551827738,3.6527902052474297,-0.0677512366808728,2.1295316682877434,1.0280783661595605,-0.0117743859456704,3.334761595860714,1.7120512362595308
64.0,150.0,1005.9476318359376,0.0416259073064684,3.056620648095169,0.9059087932371556,3.541676985417584,-0.4558259587305865,-0.3150494321593007,1.05123482986649,-0.0994281152615595,3.238383279985208,1.6565234082160285
64.0,150.0,1006.0139770507812,1.5426257774234884,2.963062015218996,-0.1644154265346108,3.571054709565818,-0.2255485820590461,1.124004775755031,1.0785750977224122,-0.0170868564908297,3.529492666873149,1.8095727813707885
64.0,150.0,1005.1908569335938,1.1023887204012748,3.2341476803645643,-0.201467270177571,2.4973480581935963,-0.1713493341169948,1.0827305179708886,1.376827834472508,0.3857767790946929,3.6663823370834,1.765177587675498
64.0,150.0,1003.884033203125,1.1425112649696187,3.065090117718845,0.592860107788608,2.8071972518327133,0.2549808842303713,0.7688590957311772,1.1434486482266086,0.1774592781213724,3.2904317271738885,1.6652367097735672
64.0,150.0,1004.8756713867188,1.803103039357084,3.04969122379482,-0.2380855070972431,3.544222673085715,-0.3675432124331079,1.0049334701620785,1.0915745130618049,-0.0166428366782459,3.286393579044508,1.7128181502425668
64.0,150.0,1005.5949096679688,1.065741447403239,3.566321993171797,-0.1722097588879127,3.335195644635442,0.4153135222526197,1.6432684793938577,1.2308026718224587,0.3065238812510272,3.32453208933479,1.4181087479272612
64.0,150.0,1005.1708984375,1.5387374172758588,3.0630905424895096,-0.2761169812147975,3.539551483750204,-0.0710913967583387,1.0864629386437223,1.0432566156141505,0.0406253156605319,3.3703392304127733,1.6847979903288934
64.0,150.0,1004.3433227539062,1.5246637626108075,2.588764633984187,-0.2247483509817702,3.541791433209113,-0.2094105942329443,0.0900981966808316,1.4472220790014578,0.3634141441016041,3.275517642189521,1.677631713184814
64.0,150.0,1006.3489990234376,1.5514520891483368,3.057318420357167,-0.2631982522786442,3.525985729806991,-0.211421577591669,1.0871765917978395,1.0592099546980789,-0.0142462550174791,2.96232874565588,1.5743383689854655
64.0,150.0,1005.1350708007812,0.1661038185710084,2.5390123143543657,2.0774916054569346,1.835614257140512,-1.5735118140693944,0.0393769710875324,1.5364656260845004,0.9512514490147672,2.833057723425437,1.6722709438483858
64.0,150.0,1006.7476806640624,1.3783292661069166,2.227281756843792,0.7486796121921748,2.3676098445669496,-0.4352187250238886,0.1295667694666509,1.2582478032152908,0.9678886220425788,1.546052822985894,1.7088008776725607
64.0,150.0,1003.6841430664062,1.5264166200797986,3.063097861613356,-0.215819897253269,3.5490497273888275,-0.2048867388282806,1.0826619122252867,1.0511392207255632,-0.0170243374408754,3.2973942147249127,1.6821927523441609
64.0,150.0,1005.0227661132812,1.1090167985935704,3.054929262949412,0.2138404591139139,3.3785257770175283,-0.2062982807170551,0.6081492878130935,1.0163426512361524,-0.0348229360837541,3.2931519023315508,1.7331119502206431
64.0,150.0,1006.3912353515624,1.0823124156003283,3.145532408020725,0.0937498638335725,4.3492484902596935,-0.983369492477124,0.3045399617600217,1.0355153888892177,-0.6035785196627739,3.47882371336145,1.9749920545649893
64.0,150.0,1003.7677001953124,0.9753379059727132,3.027481911426474,0.8914709442373026,3.6385006360362526,-0.1936568623912141,0.9354252219936228,1.0515023454212475,1.5844169383747184,3.3013099988549235,1.6821957420369034
64.0,150.0,1005.7315063476562,1.5396689441273124,3.0386942734840274,0.0727790596694881,3.99653790662412,-0.2180394714265182,1.1227822176659112,0.9898665587735348,-0.0161734394273001,3.292559616599718,1.7283088665121291
64.0,150.0,1005.9786376953124,1.1755166225902458,3.0139295819900664,-0.2417305383366287,3.616814653335077,-0.2729520402836232,1.8592848557108288,1.1177652924446315,0.1211451494947978,3.912459696901169,2.2316448068592054
64.0,150.0,1004.7403564453124,0.4804166552562906,3.142058809388116,-0.507253232726782,3.78275224637308,-0.5671588827166028,1.1261544357254607,1.4122039073154182,0.5007209311294231,3.503301094810195,1.926829920271378
64.0,150.0,1004.5214233398438,1.3925082887281215,3.065088985864282,-0.1686798461004562,2.4937664364779137,-0.2246521629870259,1.0573601922845028,1.0844478999456344,-0.8866334099558765,3.2654268773896447,1.6563374701400866
64.0,150.0,1006.101806640625,1.5145614614356997,2.994643314133276,-0.4385238738008652,2.6498988515969346,-0.2204737755628775,1.1219320992016055,0.99350013477897,-0.0190371027451072,3.134156782158529,1.6797391789481235
64.0,150.0,1005.5848999023438,-0.4976473021030942,3.419951677935696,-0.3086301958483286,3.870154605804175,-1.1699164176837953,1.6993185462984577,0.8701808901365833,0.0028869377323087,3.427754210534899,1.6924904654891433
64.0,150.0,1005.8743896484376,0.0594998054986024,2.4736092679713666,-0.1808303602303297,1.535912543515276,-0.2128728184311272,0.8096079746393341,0.1778975985534896,-0.0199302804665875,3.321000599716123,2.4317144383963893
64.0,150.0,1005.768310546875,1.5999854791936896,2.9805356758612893,-0.224463190705871,3.807145392204087,-0.3379384159359995,1.0087144864956603,0.8161970981207121,-0.0299745068515237,3.525817858828421,1.6851147134922917
64.0,151.0,1004.6443481445312,0.6900176227674764,3.063074350782302,-0.3302721781170479,3.0126561550720083,-0.1976159951512532,1.5970259768578052,1.2511792713171723,-0.0167520924344081,3.4265898532482377,1.5636003792452855
64.0,151.0,1006.714599609375,1.1112219897749327,3.061659804709003,-0.0274385792625755,3.561688296560024,0.2064784152974412,1.0738040094079655,1.0688615969128463,-0.0148464613404078,3.8557916142516495,1.5569376775051424
64.0,151.0,1006.1292724609376,0.8825330645131402,3.064174342687368,-0.2362635771631851,3.582316996030628,-0.2074679037536006,0.9559810891053128,1.0531749231574068,-0.0434490340044395,3.286294651604756,2.3253331241426074
64.0,151.0,1005.7072143554688,1.6491448804843336,2.9104453120023,-0.2376035463302053,3.615676320374159,-0.5459213406507523,1.0802436756395946,1.0229389087533642,-0.0226071327225542,3.134768809825729,1.4551102740604491
64.0,151.0,1005.2555541992188,-0.5037094802039921,3.707585390221884,-0.3280569768488796,3.321070462527059,0.979043172621886,-0.4155761280008436,0.9565504599200948,0.2951346271246178,3.295787014291044,2.1819067114242974
64.0,151.0,1006.83154296875,1.5265036097584397,2.4688393553651458,-0.2193779993269236,3.456649131017686,-0.280184533111481,1.4322115030166764,0.0073984864598439,0.0552709621325861,2.764100911123255,1.699477136905433
64.0,151.0,1006.2119140625,0.4893625390202833,1.7795423029239368,-0.2283334970089545,3.1277989280704825,0.4981169607027755,1.141197769335064,2.5146578201478693,1.975507430672696,4.311031517865723,2.0922100116751228
64.0,151.0,1005.1494140625,1.4267671879387,2.82151791963309,-0.2050135975394147,3.599402345635524,-0.212234014229664,1.0699343377498252,1.054124327480299,-0.0348381047181509,3.2384919490320403,1.683330061310487
64.0,151.0,1005.474853515625,1.5026949966969567,4.303640589644998,0.0467183102294996,3.508585978273294,-0.276222544546385,1.2632585220760255,0.9839023829757484,0.4548566034085533,3.319979299343642,1.681623450852277
64.0,151.0,1004.5355224609376,-0.2067583177486083,2.156645823399848,1.1237471826284795,3.780946817479548,-0.5114493991580722,1.3470285072754011,1.5426076556614716,0.9251629364195506,3.6326501297850458,1.193605314089168
64.0,151.0,1005.1493530273438,0.5735184706036716,3.028423329307017,0.2644622216036731,2.659398374348958,0.2306337810705419,1.0125999917583286,1.1341537852403114,0.5087035841895886,3.226086612326376,1.548830647479367
64.0,151.0,1004.7785034179688,0.6991135168312739,2.894738252833397,-0.2188575842976097,3.4645647397683965,-0.2438181442738039,1.0991670823590096,0.687295206439572,1.314428712403647,3.3101250531130244,1.6781756112361752
64.0,151.0,1006.7550048828124,1.7724945126995004,3.0703987008149776,0.1826723068202544,3.2010081142690723,-0.121466419569273,1.2303004122357388,1.0661233202080411,-0.0710318298801985,3.2991645041737008,1.720742171507914
64.0,151.0,1004.95849609375,0.9162956780313632,2.1247201074083826,0.0379144096914144,3.0493734156772465,-0.204541723945408,1.0866278545155783,1.081534562537653,-0.1426858802547873,2.5531626479271203,1.6834925846586402
64.0,151.0,1005.079833984375,0.8078773908434,3.0635542735379326,-0.2222773718837908,3.644619233544741,-0.0438507735814526,1.4232936018416082,0.7302359461628485,0.463335757005806,3.131559441489576,1.6311643300045815
64.0,151.0,1005.9080810546876,1.0513515896295955,3.0324479004866207,-0.1399893757068982,2.5909601277576697,-0.1207554487964864,2.5126882206643253,1.1607896320933913,0.180815057255496,3.251736532375584,2.58552590355996
64.0,151.0,1005.7649536132812,0.2825466944237913,3.223371955913502,-1.130107795435179,3.475165291581171,-1.048330892200188,0.6773142097574366,1.7224453178602437,-0.0116344510771347,2.978858171781275,1.664112733334867
64.0,151.0,1003.8233642578124,1.028523366259821,3.0628461474330293,-0.3204188298828894,3.0167776901382988,0.2647472536681213,1.306874930918926,0.9514498344110252,-0.5399432597472117,3.348110656193866,0.8965220619264871
64.0,151.0,1006.2741088867188,1.643031542836416,3.606370926934152,-0.6934784640503268,3.544777025413626,-0.1168117638030309,0.939111865717292,1.235370936060419,0.8014975999324441,3.270795648100955,1.6707495569788469
64.0,151.0,1005.4580688476562,1.714830991173177,3.0751933772525515,-0.3198873779630757,3.0600901733655563,-0.3336865919117254,1.041410814400998,0.9802931378106874,-0.0717430790773777,3.30035801474969,1.62578042127942
64.0,151.0,1006.1286010742188,1.5630251164579407,3.034072154337606,-0.2144607478813976,3.3747890166807086,-0.1840946200972616,1.0834848120091078,1.505132191142844,0.0986427251527393,3.2971237436003165,1.6407078622033984
64.0,151.0,1004.8368530273438,-0.0192859539180938,3.1458012448024646,-0.4052589456220559,3.5837623621294377,-0.4446218579421889,1.004306573519272,1.0674916208430016,-0.1473208806064043,4.659302750457305,1.266183010783346
64.0,151.0,1005.0035400390624,1.488088734200528,3.2964916798764268,-0.081613556681665,3.4931910742310563,-0.4795947022471148,1.19443031097595,1.5983254058784726,0.3030366300005376,3.1093375136026897,1.3517079212642986
64.0,151.0,1005.59716796875,0.8422960777773174,3.0348209215701183,-0.2311176520887816,3.530445462000517,0.731073415144617,1.0838871087870037,1.0526527931079228,-0.2789778063184201,3.525442996103043,1.9314441196361605
64.0,151.0,1005.1682739257812,0.4758226699530498,2.725912301651685,-0.0230184400084026,3.5041163169939864,-0.2839688026094656,0.98246182909671,0.7814411067738086,0.0567855685067581,3.2908997596538847,1.3640380101297185
64.0,151.0,1004.932861328125,1.5796322669745138,2.974669102036052,-0.2759972217390695,3.567574034001228,-0.2093543612178015,1.4940440693796724,1.055340177568717,-0.0056815911348413,3.322450316094878,2.2801882162059304
64.0,151.0,1005.4376220703124,1.4939369051591875,3.208578143175042,-0.0838875551827738,3.6527902052474297,-0.0677512366808728,2.1295316682877434,1.0280783661595605,-0.0117743859456704,3.334761595860714,1.7120512362595308
64.0,151.0,1005.9476318359376,0.0416259073064684,3.056620648095169,0.9059087932371556,3.541676985417584,-0.4558259587305865,-0.3150494321593007,1.05123482986649,-0.0994281152615595,3.238383279985208,1.6565234082160285
64.0,151.0,1006.0139770507812,1.5426257774234884,2.963062015218996,-0.1644154265346108,3.571054709565818,-0.2255485820590461,1.124004775755031,1.0785750977224122,-0.0170868564908297,3.529492666873149,1.8095727813707885
64.0,151.0,1005.1908569335938,1.1023887204012748,3.2341476803645643,-0.201467270177571,2.4973480581935963,-0.1713493341169948,1.0827305179708886,1.376827834472508,0.3857767790946929,3.6663823370834,1.765177587675498
64.0,151.0,1003.884033203125,1.1425112649696187,3.065090117718845,0.592860107788608,2.8071972518327133,0.2549808842303713,0.7688590957311772,1.1434486482266086,0.1774592781213724,3.2904317271738885,1.6652367097735672
64.0,151.0,1004.8756713867188,1.803103039357084,3.04969122379482,-0.2380855070972431,3.544222673085715,-0.3675432124331079,1.0049334701620785,1.0915745130618049,-0.0166428366782459,3.286393579044508,1.7128181502425668
64.0,151.0,1005.5949096679688,1.065741447403239,3.566321993171797,-0.1722097588879127,3.335195644635442,0.4153135222526197,1.6432684793938577,1.2308026718224587,0.3065238812510272,3.32453208933479,1.4181087479272612
64.0,151.0,1005.1708984375,1.5387374172758588,3.0630905424895096,-0.2761169812147975,3.539551483750204,-0.0710913967583387,1.0864629386437223,1.0432566156141505,0.0406253156605319,3.3703392304127733,1.6847979903288934
64.0,151.0,1004.3433227539062,1.5246637626108075,2.588764633984187,-0.2247483509817702,3.541791433209113,-0.2094105942329443,0.0900981966808316,1.4472220790014578,0.3634141441016041,3.275517642189521,1.677631713184814
64.0,151.0,1006.3489990234376,1.5514520891483368,3.057318420357167,-0.2631982522786442,3.525985729806991,-0.211421577591669,1.0871765917978395,1.0592099546980789,-0.0142462550174791,2.96232874565588,1.5743383689854655
64.0,151.0,1005.1350708007812,0.1661038185710084,2.5390123143543657,2.0774916054569346,1.835614257140512,-1.5735118140693944,0.0393769710875324,1.5364656260845004,0.9512514490147672,2.833057723425437,1.6722709438483858
64.0,151.0,1006.7476806640624,1.3783292661069166,2.227281756843792,0.7486796121921748,2.3676098445669496,-0.4352187250238886,0.1295667694666509,1.2582478032152908,0.9678886220425788,1.546052822985894,1.7088008776725607
64.0,151.0,1003.6841430664062,1.5264166200797986,3.063097861613356,-0.215819897253269,3.5490497273888275,-0.2048867388282806,1.0826619122252867,1.0511392207255632,-0.0170243374408754,3.2973942147249127,1.6821927523441609
64.0,151.0,1005.0227661132812,1.1090167985935704,3.054929262949412,0.2138404591139139,3.3785257770175283,-0.2062982807170551,0.6081492878130935,1.0163426512361524,-0.0348229360837541,3.2931519023315508,1.7331119502206431
64.0,151.0,1006.3912353515624,1.0823124156003283,3.145532408020725,0.0937498638335725,4.3492484902596935,-0.983369492477124,0.3045399617600217,1.0355153888892177,-0.6035785196627739,3.47882371336145,1.9749920545649893
64.0,151.0,1003.7677001953124,0.9753379059727132,3.027481911426474,0.8914709442373026,3.6385006360362526,-0.1936568623912141,0.9354252219936228,1.0515023454212475,1.5844169383747184,3.3013099988549235,1.6821957420369034
64.0,151.0,1005.7315063476562,1.5396689441273124,3.0386942734840274,0.0727790596694881,3.99653790662412,-0.2180394714265182,1.1227822176659112,0.9898665587735348,-0.0161734394273001,3.292559616599718,1.7283088665121291
64.0,151.0,1005.9786376953124,1.1755166225902458,3.0139295819900664,-0.2417305383366287,3.616814653335077,-0.2729520402836232,1.8592848557108288,1.1177652924446315,0.1211451494947978,3.912459696901169,2.2316448068592054
64.0,151.0,1004.7403564453124,0.4804166552562906,3.142058809388116,-0.507253232726782,3.78275224637308,-0.5671588827166028,1.1261544357254607,1.4122039073154182,0.5007209311294231,3.503301094810195,1.926829920271378
64.0,151.0,1004.5214233398438,1.3925082887281215,3.065088985864282,-0.1686798461004562,2.4937664364779137,-0.2246521629870259,1.0573601922845028,1.0844478999456344,-0.8866334099558765,3.2654268773896447,1.6563374701400866
64.0,151.0,1006.101806640625,1.5145614614356997,2.994643314133276,-0.4385238738008652,2.6498988515969346,-0.2204737755628775,1.1219320992016055,0.99350013477897,-0.0190371027451072,3.134156782158529,1.6797391789481235
64.0,151.0,1005.5848999023438,-0.4976473021030942,3.419951677935696,-0.3086301958483286,3.870154605804175,-1.1699164176837953,1.6993185462984577,0.8701808901365833,0.0028869377323087,3.427754210534899,1.6924904654891433
64.0,151.0,1005.8743896484376,0.0594998054986024,2.4736092679713666,-0.1808303602303297,1.535912543515276,-0.2128728184311272,0.8096079746393341,0.1778975985534896,-0.0199302804665875,3.321000599716123,2.4317144383963893
64.0,151.0,1005.768310546875,1.5999854791936896,2.9805356758612893,-0.224463190705871,3.807145392204087,-0.3379384159359995,1.0087144864956603,0.8161970981207121,-0.0299745068515237,3.525817858828421,1.6851147134922917
64.0,152.0,1004.6443481445312,0.6900176227674764,3.063074350782302,-0.3302721781170479,3.0126561550720083,-0.1976159951512532,1.5970259768578052,1.2511792713171723,-0.0167520924344081,3.4265898532482377,1.5636003792452855
64.0,152.0,1006.714599609375,1.1112219897749327,3.061659804709003,-0.0274385792625755,3.561688296560024,0.2064784152974412,1.0738040094079655,1.0688615969128463,-0.0148464613404078,3.8557916142516495,1.5569376775051424
64.0,152.0,1006.1292724609376,0.8825330645131402,3.064174342687368,-0.2362635771631851,3.582316996030628,-0.2074679037536006,0.9559810891053128,1.0531749231574068,-0.0434490340044395,3.286294651604756,2.3253331241426074
64.0,152.0,1005.7072143554688,1.6491448804843336,2.9104453120023,-0.2376035463302053,3.615676320374159,-0.5459213406507523,1.0802436756395946,1.0229389087533642,-0.0226071327225542,3.134768809825729,1.4551102740604491
64.0,152.0,1005.2555541992188,-0.5037094802039921,3.707585390221884,-0.3280569768488796,3.321070462527059,0.979043172621886,-0.4155761280008436,0.9565504599200948,0.2951346271246178,3.295787014291044,2.1819067114242974
64.0,152.0,1006.83154296875,1.5265036097584397,2.4688393553651458,-0.2193779993269236,3.456649131017686,-0.280184533111481,1.4322115030166764,0.0073984864598439,0.0552709621325861,2.764100911123255,1.699477136905433
64.0,152.0,1006.2119140625,0.4893625390202833,1.7795423029239368,-0.2283334970089545,3.1277989280704825,0.4981169607027755,1.141197769335064,2.5146578201478693,1.975507430672696,4.311031517865723,2.0922100116751228
64.0,152.0,1005.1494140625,1.4267671879387,2.82151791963309,-0.2050135975394147,3.599402345635524,-0.212234014229664,1.0699343377498252,1.054124327480299,-0.0348381047181509,3.2384919490320403,1.683330061310487
64.0,152.0,1005.474853515625,1.5026949966969567,4.303640589644998,0.0467183102294996,3.508585978273294,-0.276222544546385,1.2632585220760255,0.9839023829757484,0.4548566034085533,3.319979299343642,1.681623450852277
64.0,152.0,1004.5355224609376,-0.2067583177486083,2.156645823399848,1.1237471826284795,3.780946817479548,-0.5114493991580722,1.3470285072754011,1.5426076556614716,0.9251629364195506,3.6326501297850458,1.193605314089168
64.0,152.0,1005.1493530273438,0.5735184706036716,3.028423329307017,0.2644622216036731,2.659398374348958,0.2306337810705419,1.0125999917583286,1.1341537852403114,0.5087035841895886,3.226086612326376,1.548830647479367
64.0,152.0,1004.7785034179688,0.6991135168312739,2.894738252833397,-0.2188575842976097,3.4645647397683965,-0.2438181442738039,1.0991670823590096,0.687295206439572,1.314428712403647,3.3101250531130244,1.6781756112361752
64.0,152.0,1006.7550048828124,1.7724945126995004,3.0703987008149776,0.1826723068202544,3.2010081142690723,-0.121466419569273,1.2303004122357388,1.0661233202080411,-0.0710318298801985,3.2991645041737008,1.720742171507914
64.0,152.0,1004.95849609375,0.9162956780313632,2.1247201074083826,0.0379144096914144,3.0493734156772465,-0.204541723945408,1.0866278545155783,1.081534562537653,-0.1426858802547873,2.5531626479271203,1.6834925846586402
64.0,152.0,1005.079833984375,0.8078773908434,3.0635542735379326,-0.2222773718837908,3.644619233544741,-0.0438507735814526,1.4232936018416082,0.7302359461628485,0.463335757005806,3.131559441489576,1.6311643300045815
64.0,152.0,1005.9080810546876,1.0513515896295955,3.0324479004866207,-0.1399893757068982,2.5909601277576697,-0.1207554487964864,2.5126882206643253,1.1607896320933913,0.180815057255496,3.251736532375584,2.58552590355996
64.0,152.0,1005.7649536132812,0.2825466944237913,3.223371955913502,-1.130107795435179,3.475165291581171,-1.048330892200188,0.6773142097574366,1.7224453178602437,-0.0116344510771347,2.978858171781275,1.664112733334867
64.0,152.0,1003.8233642578124,1.028523366259821,3.0628461474330293,-0.3204188298828894,3.0167776901382988,0.2647472536681213,1.306874930918926,0.9514498344110252,-0.5399432597472117,3.348110656193866,0.8965220619264871
64.0,152.0,1006.2741088867188,1.643031542836416,3.606370926934152,-0.6934784640503268,3.544777025413626,-0.1168117638030309,0.939111865717292,1.235370936060419,0.8014975999324441,3.270795648100955,1.6707495569788469
64.0,152.0,1005.4580688476562,1.714830991173177,3.0751933772525515,-0.3198873779630757,3.0600901733655563,-0.3336865919117254,1.041410814400998,0.9802931378106874,-0.0717430790773777,3.30035801474969,1.62578042127942
64.0,152.0,1006.1286010742188,1.5630251164579407,3.034072154337606,-0.2144607478813976,3.3747890166807086,-0.1840946200972616,1.0834848120091078,1.505132191142844,0.0986427251527393,3.2971237436003165,1.6407078622033984
64.0,152.0,1004.8368530273438,-0.0192859539180938,3.1458012448024646,-0.4052589456220559,3.5837623621294377,-0.4446218579421889,1.004306573519272,1.0674916208430016,-0.1473208806064043,4.659302750457305,1.266183010783346
64.0,152.0,1005.0035400390624,1.488088734200528,3.2964916798764268,-0.081613556681665,3.4931910742310563,-0.4795947022471148,1.19443031097595,1.5983254058784726,0.3030366300005376,3.1093375136026897,1.3517079212642986
64.0,152.0,1005.59716796875,0.8422960777773174,3.0348209215701183,-0.2311176520887816,3.530445462000517,0.731073415144617,1.0838871087870037,1.0526527931079228,-0.2789778063184201,3.525442996103043,1.9314441196361605
64.0,152.0,1005.1682739257812,0.4758226699530498,2.725912301651685,-0.0230184400084026,3.5041163169939864,-0.2839688026094656,0.98246182909671,0.7814411067738086,0.0567855685067581,3.2908997596538847,1.3640380101297185
64.0,152.0,1004.932861328125,1.5796322669745138,2.974669102036052,-0.2759972217390695,3.567574034001228,-0.2093543612178015,1.4940440693796724,1.055340177568717,-0.0056815911348413,3.322450316094878,2.2801882162059304
64.0,152.0,1005.4376220703124,1.4939369051591875,3.208578143175042,-0.0838875551827738,3.6527902052474297,-0.0677512366808728,2.1295316682877434,1.0280783661595605,-0.0117743859456704,3.334761595860714,1.7120512362595308
64.0,152.0,1005.9476318359376,0.0416259073064684,3.056620648095169,0.9059087932371556,3.541676985417584,-0.4558259587305865,-0.3150494321593007,1.05123482986649,-0.0994281152615595,3.238383279985208,1.6565234082160285
64.0,152.0,1006.0139770507812,1.5426257774234884,2.963062015218996,-0.1644154265346108,3.571054709565818,-0.2255485820590461,1.124004775755031,1.0785750977224122,-0.0170868564908297,3.529492666873149,1.8095727813707885
64.0,152.0,1005.1908569335938,1.1023887204012748,3.2341476803645643,-0.201467270177571,2.4973480581935963,-0.1713493341169948,1.0827305179708886,1.376827834472508,0.3857767790946929,3.6663823370834,1.765177587675498
64.0,152.0,1003.884033203125,1.1425112649696187,3.065090117718845,0.592860107788608,2.8071972518327133,0.2549808842303713,0.7688590957311772,1.1434486482266086,0.1774592781213724,3.2904317271738885,1.6652367097735672
64.0,152.0,1004.8756713867188,1.803103039357084,3.04969122379482,-0.2380855070972431,3.544222673085715,-0.3675432124331079,1.0049334701620785,1.0915745130618049,-0.0166428366782459,3.286393579044508,1.7128181502425668
64.0,152.0,1005.5949096679688,1.065741447403239,3.566321993171797,-0.1722097588879127,3.335195644635442,0.4153135222526197,1.6432684793938577,1.2308026718224587,0.3065238812510272,3.32453208933479,1.4181087479272612
64.0,152.0,1005.1708984375,1.5387374172758588,3.0630905424895096,-0.2761169812147975,3.539551483750204,-0.0710913967583387,1.0864629386437223,1.0432566156141505,0.0406253156605319,3.3703392304127733,1.6847979903288934
64.0,152.0,1004.3433227539062,1.5246637626108075,2.588764633984187,-0.2247483509817702,3.541791433209113,-0.2094105942329443,0.0900981966808316,1.4472220790014578,0.3634141441016041,3.275517642189521,1.677631713184814
64.0,152.0,1006.3489990234376,1.5514520891483368,3.057318420357167,-0.2631982522786442,3.525985729806991,-0.211421577591669,1.0871765917978395,1.0592099546980789,-0.0142462550174791,2.96232874565588,1.5743383689854655
64.0,152.0,1005.1350708007812,0.1661038185710084,2.5390123143543657,2.0774916054569346,1.835614257140512,-1.5735118140693944,0.0393769710875324,1.5364656260845004,0.9512514490147672,2.833057723425437,1.6722709438483858
64.0,152.0,1006.7476806640624,1.3783292661069166,2.227281756843792,0.7486796121921748,2.3676098445669496,-0.4352187250238886,0.1295667694666509,1.2582478032152908,0.9678886220425788,1.546052822985894,1.7088008776725607
64.0,152.0,1003.6841430664062,1.5264166200797986,3.063097861613356,-0.215819897253269,3.5490497273888275,-0.2048867388282806,1.0826619122252867,1.0511392207255632,-0.0170243374408754,3.2973942147249127,1.6821927523441609
64.0,152.0,1005.0227661132812,1.1090167985935704,3.054929262949412,0.2138404591139139,3.3785257770175283,-0.2062982807170551,0.6081492878130935,1.0163426512361524,-0.0348229360837541,3.2931519023315508,1.7331119502206431
64.0,152.0,1006.3912353515624,1.0823124156003283,3.145532408020725,0.0937498638335725,4.3492484902596935,-0.983369492477124,0.3045399617600217,1.0355153888892177,-0.6035785196627739,3.47882371336145,1.9749920545649893
64.0,152.0,1003.7677001953124,0.9753379059727132,3.027481911426474,0.8914709442373026,3.6385006360362526,-0.1936568623912141,0.9354252219936228,1.0515023454212475,1.5844169383747184,3.3013099988549235,1.6821957420369034
64.0,152.0,1005.7315063476562,1.5396689441273124,3.0386942734840274,0.0727790596694881,3.99653790662412,-0.2180394714265182,1.1227822176659112,0.9898665587735348,-0.0161734394273001,3.292559616599718,1.7283088665121291
64.0,152.0,1005.9786376953124,1.1755166225902458,3.0139295819900664,-0.2417305383366287,3.616814653335077,-0.2729520402836232,1.8592848557108288,1.1177652924446315,0.1211451494947978,3.912459696901169,2.2316448068592054
64.0,152.0,1004.7403564453124,0.4804166552562906,3.142058809388116,-0.507253232726782,3.78275224637308,-0.5671588827166028,1.1261544357254607,1.4122039073154182,0.5007209311294231,3.503301094810195,1.926829920271378
64.0,152.0,1004.5214233398438,1.3925082887281215,3.065088985864282,-0.1686798461004562,2.4937664364779137,-0.2246521629870259,1.0573601922845028,1.0844478999456344,-0.8866334099558765,3.2654268773896447,1.6563374701400866
64.0,152.0,1006.101806640625,1.5145614614356997,2.994643314133276,-0.4385238738008652,2.6498988515969346,-0.2204737755628775,1.1219320992016055,0.99350013477897,-0.0190371027451072,3.134156782158529,1.6797391789481235
64.0,152.0,1005.5848999023438,-0.4976473021030942,3.419951677935696,-0.3086301958483286,3.870154605804175,-1.1699164176837953,1.6993185462984577,0.8701808901365833,0.0028869377323087,3.427754210534899,1.6924904654891433
64.0,152.0,1005.8743896484376,0.0594998054986024,2.4736092679713666,-0.1808303602303297,1.535912543515276,-0.2128728184311272,0.8096079746393341,0.1778975985534896,-0.0199302804665875,3.321000599716123,2.4317144383963893
64.0,152.0,1005.768310546875,1.5999854791936896,2.9805356758612893,-0.224463190705871,3.807145392204087,-0.3379384159359995,1.0087144864956603,0.8161970981207121,-0.0299745068515237,3.525817858828421,1.6851147134922917
64.0,153.0,1004.6443481445312,0.6900176227674764,3.063074350782302,-0.3302721781170479,3.0126561550720083,-0.1976159951512532,1.5970259768578052,1.2511792713171723,-0.0167520924344081,3.4265898532482377,1.5636003792452855
64.0,153.0,1006.072509765625,0.8129979015080218,3.0625484625269754,-0.0274607368305971,3.560464627617841,-0.0561365307945617,1.0757958091172746,1.0387039880570137,-0.0180609384480212,3.156465317795316,1.5387089975566504
64.0,153.0,1006.1292724609376,0.8825330645131402,3.064174342687368,-0.2362635771631851,3.582316996030628,-0.2074679037536006,0.9559810891053128,1.0531749231574068,-0.0434490340044395,3.286294651604756,2.3253331241426074
64.0,153.0,1005.7072143554688,1.6491448804843336,2.9104453120023,-0.2376035463302053,3.615676320374159,-0.5459213406507523,1.0802436756395946,1.0229389087533642,-0.0226071327225542,3.134768809825729,1.4551102740604491
64.0,153.0,1005.2555541992188,-0.5037094802039921,3.707585390221884,-0.3280569768488796,3.321070462527059,0.979043172621886,-0.4155761280008436,0.9565504599200948,0.2951346271246178,3.295787014291044,2.1819067114242974
64.0,153.0,1006.83154296875,1.5265036097584397,2.4688393553651458,-0.2193779993269236,3.456649131017686,-0.280184533111481,1.4322115030166764,0.0073984864598439,0.0552709621325861,2.764100911123255,1.699477136905433
64.0,153.0,1006.2119140625,0.4893625390202833,1.7795423029239368,-0.2283334970089545,3.1277989280704825,0.4981169607027755,1.141197769335064,2.5146578201478693,1.975507430672696,4.311031517865723,2.0922100116751228
64.0,153.0,1005.1494140625,1.4267671879387,2.82151791963309,-0.2050135975394147,3.599402345635524,-0.212234014229664,1.0699343377498252,1.054124327480299,-0.0348381047181509,3.2384919490320403,1.683330061310487
64.0,153.0,1005.474853515625,1.5026949966969567,4.303640589644998,0.0467183102294996,3.508585978273294,-0.276222544546385,1.2632585220760255,0.9839023829757484,0.4548566034085533,3.319979299343642,1.681623450852277
64.0,153.0,1004.5355224609376,-0.2067583177486083,2.156645823399848,1.1237471826284795,3.780946817479548,-0.5114493991580722,1.3470285072754011,1.5426076556614716,0.9251629364195506,3.6326501297850458,1.193605314089168
64.0,153.0,1005.1493530273438,0.5735184706036716,3.028423329307017,0.2644622216036731,2.659398374348958,0.2306337810705419,1.0125999917583286,1.1341537852403114,0.5087035841895886,3.226086612326376,1.548830647479367
64.0,153.0,1004.7785034179688,0.6991135168312739,2.894738252833397,-0.2188575842976097,3.4645647397683965,-0.2438181442738039,1.0991670823590096,0.687295206439572,1.314428712403647,3.3101250531130244,1.6781756112361752
64.0,153.0,1006.7550048828124,1.7724945126995004,3.0703987008149776,0.1826723068202544,3.2010081142690723,-0.121466419569273,1.2303004122357388,1.0661233202080411,-0.0710318298801985,3.2991645041737008,1.720742171507914
64.0,153.0,1004.95849609375,0.9162956780313632,2.1247201074083826,0.0379144096914144,3.0493734156772465,-0.204541723945408,1.0866278545155783,1.081534562537653,-0.1426858802547873,2.5531626479271203,1.6834925846586402
64.0,153.0,1005.079833984375,0.8078773908434,3.0635542735379326,-0.2222773718837908,3.644619233544741,-0.0438507735814526,1.4232936018416082,0.7302359461628485,0.463335757005806,3.131559441489576,1.6311643300045815
64.0,153.0,1005.9080810546876,1.0513515896295955,3.0324479004866207,-0.1399893757068982,2.5909601277576697,-0.1207554487964864,2.5126882206643253,1.1607896320933913,0.180815057255496,3.251736532375584,2.58552590355996
64.0,153.0,1005.7649536132812,0.2825466944237913,3.223371955913502,-1.130107795435179,3.475165291581171,-1.048330892200188,0.6773142097574366,1.7224453178602437,-0.0116344510771347,2.978858171781275,1.664112733334867
64.0,153.0,1003.8233642578124,1.028523366259821,3.0628461474330293,-0.3204188298828894,3.0167776901382988,0.2647472536681213,1.306874930918926,0.9514498344110252,-0.5399432597472117,3.348110656193866,0.8965220619264871
64.0,153.0,1006.2741088867188,1.643031542836416,3.606370926934152,-0.6934784640503268,3.544777025413626,-0.1168117638030309,0.939111865717292,1.235370936060419,0.8014975999324441,3.270795648100955,1.6707495569788469
64.0,153.0,1005.4580688476562,1.714830991173177,3.0751933772525515,-0.3198873779630757,3.0600901733655563,-0.3336865919117254,1.041410814400998,0.9802931378106874,-0.0717430790773777,3.30035801474969,1.62578042127942
64.0,153.0,1006.1286010742188,1.5630251164579407,3.034072154337606,-0.2144607478813976,3.3747890166807086,-0.1840946200972616,1.0834848120091078,1.505132191142844,0.0986427251527393,3.2971237436003165,1.6407078622033984
64.0,153.0,1004.8368530273438,-0.0192859539180938,3.1458012448024646,-0.4052589456220559,3.5837623621294377,-0.4446218579421889,1.004306573519272,1.0674916208430016,-0.1473208806064043,4.659302750457305,1.266183010783346
64.0,153.0,1005.0035400390624,1.488088734200528,3.2964916798764268,-0.081613556681665,3.4931910742310563,-0.4795947022471148,1.19443031097595,1.5983254058784726,0.3030366300005376,3.1093375136026897,1.3517079212642986
64.0,153.0,1005.59716796875,0.8422960777773174,3.0348209215701183,-0.2311176520887816,3.530445462000517,0.731073415144617,1.0838871087870037,1.0526527931079228,-0.2789778063184201,3.525442996103043,1.9314441196361605
64.0,153.0,1005.1682739257812,0.4758226699530498,2.725912301651685,-0.0230184400084026,3.5041163169939864,-0.2839688026094656,0.98246182909671,0.7814411067738086,0.0567855685067581,3.2908997596538847,1.3640380101297185
64.0,153.0,1004.932861328125,1.5796322669745138,2.974669102036052,-0.2759972217390695,3.567574034001228,-0.2093543612178015,1.4940440693796724,1.055340177568717,-0.0056815911348413,3.322450316094878,2.2801882162059304
64.0,153.0,1005.4376220703124,1.4939369051591875,3.208578143175042,-0.0838875551827738,3.6527902052474297,-0.0677512366808728,2.1295316682877434,1.0280783661595605,-0.0117743859456704,3.334761595860714,1.7120512362595308
64.0,153.0,1005.9476318359376,0.0416259073064684,3.056620648095169,0.9059087932371556,3.541676985417584,-0.4558259587305865,-0.3150494321593007,1.05123482986649,-0.0994281152615595,3.238383279985208,1.6565234082160285
64.0,153.0,1006.0139770507812,1.5426257774234884,2.963062015218996,-0.1644154265346108,3.571054709565818,-0.2255485820590461,1.124004775755031,1.0785750977224122,-0.0170868564908297,3.529492666873149,1.8095727813707885
64.0,153.0,1004.924560546875,1.3902787656971398,3.2388825019148166,-0.206591284257351,2.6835356447268124,-0.2393013169250669,1.0825663808182378,0.7880722208517016,0.1086941866441624,3.760609960660497,1.5499190461382142
64.0,153.0,1003.884033203125,1.1425112649696187,3.065090117718845,0.592860107788608,2.8071972518327133,0.2549808842303713,0.7688590957311772,1.1434486482266086,0.1774592781213724,3.2904317271738885,1.6652367097735672
64.0,153.0,1004.8756713867188,1.803103039357084,3.04969122379482,-0.2380855070972431,3.544222673085715,-0.3675432124331079,1.0049334701620785,1.0915745130618049,-0.0166428366782459,3.286393579044508,1.7128181502425668
64.0,153.0,1005.5949096679688,1.065741447403239,3.566321993171797,-0.1722097588879127,3.335195644635442,0.4153135222526197,1.6432684793938577,1.2308026718224587,0.3065238812510272,3.32453208933479,1.4181087479272612
64.0,153.0,1005.1708984375,1.5387374172758588,3.0630905424895096,-0.2761169812147975,3.539551483750204,-0.0710913967583387,1.0864629386437223,1.0432566156141505,0.0406253156605319,3.3703392304127733,1.6847979903288934
64.0,153.0,1004.3433227539062,1.5246637626108075,2.588764633984187,-0.2247483509817702,3.541791433209113,-0.2094105942329443,0.0900981966808316,1.4472220790014578,0.3634141441016041,3.275517642189521,1.677631713184814
64.0,153.0,1006.3489990234376,1.5514520891483368,3.057318420357167,-0.2631982522786442,3.525985729806991,-0.211421577591669,1.0871765917978395,1.0592099546980789,-0.0142462550174791,2.96232874565588,1.5743383689854655
64.0,153.0,1005.1350708007812,0.1661038185710084,2.5390123143543657,2.0774916054569346,1.835614257140512,-1.5735118140693944,0.0393769710875324,1.5364656260845004,0.9512514490147672,2.833057723425437,1.6722709438483858
64.0,153.0,1006.7476806640624,1.3783292661069166,2.227281756843792,0.7486796121921748,2.3676098445669496,-0.4352187250238886,0.1295667694666509,1.2582478032152908,0.9678886220425788,1.546052822985894,1.7088008776725607
64.0,153.0,1003.6841430664062,1.5264166200797986,3.063097861613356,-0.215819897253269,3.5490497273888275,-0.2048867388282806,1.0826619122252867,1.0511392207255632,-0.0170243374408754,3.2973942147249127,1.6821927523441609
64.0,153.0,1005.0227661132812,1.1090167985935704,3.054929262949412,0.2138404591139139,3.3785257770175283,-0.2062982807170551,0.6081492878130935,1.0163426512361524,-0.0348229360837541,3.2931519023315508,1.7331119502206431
64.0,153.0,1006.3912353515624,1.0823124156003283,3.145532408020725,0.0937498638335725,4.3492484902596935,-0.983369492477124,0.3045399617600217,1.0355153888892177,-0.6035785196627739,3.47882371336145,1.9749920545649893
64.0,153.0,1003.7677001953124,0.9753379059727132,3.027481911426474,0.8914709442373026,3.6385006360362526,-0.1936568623912141,0.9354252219936228,1.0515023454212475,1.5844169383747184,3.3013099988549235,1.6821957420369034
64.0,153.0,1005.7315063476562,1.5396689441273124,3.0386942734840274,0.0727790596694881,3.99653790662412,-0.2180394714265182,1.1227822176659112,0.9898665587735348,-0.0161734394273001,3.292559616599718,1.7283088665121291
64.0,153.0,1005.9786376953124,1.1755166225902458,3.0139295819900664,-0.2417305383366287,3.616814653335077,-0.2729520402836232,1.8592848557108288,1.1177652924446315,0.1211451494947978,3.912459696901169,2.2316448068592054
64.0,153.0,1004.7403564453124,0.4804166552562906,3.142058809388116,-0.507253232726782,3.78275224637308,-0.5671588827166028,1.1261544357254607,1.4122039073154182,0.5007209311294231,3.503301094810195,1.926829920271378
64.0,153.0,1004.5214233398438,1.3925082887281215,3.065088985864282,-0.1686798461004562,2.4937664364779137,-0.2246521629870259,1.0573601922845028,1.0844478999456344,-0.8866334099558765,3.2654268773896447,1.6563374701400866
64.0,153.0,1006.101806640625,1.5145614614356997,2.994643314133276,-0.4385238738008652,2.6498988515969346,-0.2204737755628775,1.1219320992016055,0.99350013477897,-0.0190371027451072,3.134156782158529,1.6797391789481235
64.0,153.0,1005.5848999023438,-0.4976473021030942,3.419951677935696,-0.3086301958483286,3.870154605804175,-1.1699164176837953,1.6993185462984577,0.8701808901365833,0.0028869377323087,3.427754210534899,1.6924904654891433
64.0,153.0,1005.8743896484376,0.0594998054986024,2.4736092679713666,-0.1808303602303297,1.535912543515276,-0.2128728184311272,0.8096079746393341,0.1778975985534896,-0.0199302804665875,3.321000599716123,2.4317144383963893
64.0,153.0,1005.768310546875,1.5999854791936896,2.9805356758612893,-0.224463190705871,3.807145392204087,-0.3379384159359995,1.0087144864956603,0.8161970981207121,-0.0299745068515237,3.525817858828421,1.6851147134922917
64.0,154.0,1004.6443481445312,0.6900176227674764,3.063074350782302,-0.3302721781170479,3.0126561550720083,-0.1976159951512532,1.5970259768578052,1.2511792713171723,-0.0167520924344081,3.4265898532482377,1.5636003792452855
64.0,154.0,1006.072509765625,0.8129979015080218,3.0625484625269754,-0.0274607368305971,3.560464627617841,-0.0561365307945617,1.0757958091172746,1.0387039880570137,-0.0180609384480212,3.156465317795316,1.5387089975566504
64.0,154.0,1006.1292724609376,0.8825330645131402,3.064174342687368,-0.2362635771631851,3.582316996030628,-0.2074679037536006,0.9559810891053128,1.0531749231574068,-0.0434490340044395,3.286294651604756,2.3253331241426074
64.0,154.0,1005.7072143554688,1.6491448804843336,2.9104453120023,-0.2376035463302053,3.615676320374159,-0.5459213406507523,1.0802436756395946,1.0229389087533642,-0.0226071327225542,3.134768809825729,1.4551102740604491
64.0,154.0,1005.2555541992188,-0.5037094802039921,3.707585390221884,-0.3280569768488796,3.321070462527059,0.979043172621886,-0.4155761280008436,0.9565504599200948,0.2951346271246178,3.295787014291044,2.1819067114242974
64.0,154.0,1006.83154296875,1.5265036097584397,2.4688393553651458,-0.2193779993269236,3.456649131017686,-0.280184533111481,1.4322115030166764,0.0073984864598439,0.0552709621325861,2.764100911123255,1.699477136905433
64.0,154.0,1006.2119140625,0.4893625390202833,1.7795423029239368,-0.2283334970089545,3.1277989280704825,0.4981169607027755,1.141197769335064,2.5146578201478693,1.975507430672696,4.311031517865723,2.0922100116751228
64.0,154.0,1005.1494140625,1.4267671879387,2.82151791963309,-0.2050135975394147,3.599402345635524,-0.212234014229664,1.0699343377498252,1.054124327480299,-0.0348381047181509,3.2384919490320403,1.683330061310487
64.0,154.0,1005.474853515625,1.5026949966969567,4.303640589644998,0.0467183102294996,3.508585978273294,-0.276222544546385,1.2632585220760255,0.9839023829757484,0.4548566034085533,3.319979299343642,1.681623450852277
64.0,154.0,1004.5355224609376,-0.2067583177486083,2.156645823399848,1.1237471826284795,3.780946817479548,-0.5114493991580722,1.3470285072754011,1.5426076556614716,0.9251629364195506,3.6326501297850458,1.193605314089168
64.0,154.0,1005.1493530273438,0.5735184706036716,3.028423329307017,0.2644622216036731,2.659398374348958,0.2306337810705419,1.0125999917583286,1.1341537852403114,0.5087035841895886,3.226086612326376,1.548830647479367
64.0,154.0,1004.7785034179688,0.6991135168312739,2.894738252833397,-0.2188575842976097,3.4645647397683965,-0.2438181442738039,1.0991670823590096,0.687295206439572,1.314428712403647,3.3101250531130244,1.6781756112361752
64.0,154.0,1006.7550048828124,1.7724945126995004,3.0703987008149776,0.1826723068202544,3.2010081142690723,-0.121466419569273,1.2303004122357388,1.0661233202080411,-0.0710318298801985,3.2991645041737008,1.720742171507914
64.0,154.0,1004.95849609375,0.9162956780313632,2.1247201074083826,0.0379144096914144,3.0493734156772465,-0.204541723945408,1.0866278545155783,1.081534562537653,-0.1426858802547873,2.5531626479271203,1.6834925846586402
64.0,154.0,1005.079833984375,0.8078773908434,3.0635542735379326,-0.2222773718837908,3.644619233544741,-0.0438507735814526,1.4232936018416082,0.7302359461628485,0.463335757005806,3.131559441489576,1.6311643300045815
64.0,154.0,1005.9080810546876,1.0513515896295955,3.0324479004866207,-0.1399893757068982,2.5909601277576697,-0.1207554487964864,2.5126882206643253,1.1607896320933913,0.180815057255496,3.251736532375584,2.58552590355996
64.0,154.0,1005.7649536132812,0.2825466944237913,3.223371955913502,-1.130107795435179,3.475165291581171,-1.048330892200188,0.6773142097574366,1.7224453178602437,-0.0116344510771347,2.978858171781275,1.664112733334867
64.0,154.0,1003.8233642578124,1.028523366259821,3.0628461474330293,-0.3204188298828894,3.0167776901382988,0.2647472536681213,1.306874930918926,0.9514498344110252,-0.5399432597472117,3.348110656193866,0.8965220619264871
64.0,154.0,1006.2741088867188,1.643031542836416,3.606370926934152,-0.6934784640503268,3.544777025413626,-0.1168117638030309,0.939111865717292,1.235370936060419,0.8014975999324441,3.270795648100955,1.6707495569788469
64.0,154.0,1005.4580688476562,1.714830991173177,3.0751933772525515,-0.3198873779630757,3.0600901733655563,-0.3336865919117254,1.041410814400998,0.9802931378106874,-0.0717430790773777,3.30035801474969,1.62578042127942
64.0,154.0,1006.1286010742188,1.5630251164579407,3.034072154337606,-0.2144607478813976,3.3747890166807086,-0.1840946200972616,1.0834848120091078,1.505132191142844,0.0986427251527393,3.2971237436003165,1.6407078622033984
64.0,154.0,1004.8368530273438,-0.0192859539180938,3.1458012448024646,-0.4052589456220559,3.5837623621294377,-0.4446218579421889,1.004306573519272,1.0674916208430016,-0.1473208806064043,4.659302750457305,1.266183010783346
64.0,154.0,1005.0035400390624,1.488088734200528,3.2964916798764268,-0.081613556681665,3.4931910742310563,-0.4795947022471148,1.19443031097595,1.5983254058784726,0.3030366300005376,3.1093375136026897,1.3517079212642986
64.0,154.0,1005.59716796875,0.8422960777773174,3.0348209215701183,-0.2311176520887816,3.530445462000517,0.731073415144617,1.0838871087870037,1.0526527931079228,-0.2789778063184201,3.525442996103043,1.9314441196361605
64.0,154.0,1005.1682739257812,0.4758226699530498,2.725912301651685,-0.0230184400084026,3.5041163169939864,-0.2839688026094656,0.98246182909671,0.7814411067738086,0.0567855685067581,3.2908997596538847,1.3640380101297185
64.0,154.0,1004.932861328125,1.5796322669745138,2.974669102036052,-0.2759972217390695,3.567574034001228,-0.2093543612178015,1.4940440693796724,1.055340177568717,-0.0056815911348413,3.322450316094878,2.2801882162059304
64.0,154.0,1005.4376220703124,1.4939369051591875,3.208578143175042,-0.0838875551827738,3.6527902052474297,-0.0677512366808728,2.1295316682877434,1.0280783661595605,-0.0117743859456704,3.334761595860714,1.7120512362595308
64.0,154.0,1005.9476318359376,0.0416259073064684,3.056620648095169,0.9059087932371556,3.541676985417584,-0.4558259587305865,-0.3150494321593007,1.05123482986649,-0.0994281152615595,3.238383279985208,1.6565234082160285
64.0,154.0,1006.0139770507812,1.5426257774234884,2.963062015218996,-0.1644154265346108,3.571054709565818,-0.2255485820590461,1.124004775755031,1.0785750977224122,-0.0170868564908297,3.529492666873149,1.8095727813707885
64.0,154.0,1004.924560546875,1.3902787656971398,3.2388825019148166,-0.206591284257351,2.6835356447268124,-0.2393013169250669,1.0825663808182378,0.7880722208517016,0.1086941866441624,3.760609960660497,1.5499190461382142
64.0,154.0,1003.884033203125,1.1425112649696187,3.065090117718845,0.592860107788608,2.8071972518327133,0.2549808842303713,0.7688590957311772,1.1434486482266086,0.1774592781213724,3.2904317271738885,1.6652367097735672
64.0,154.0,1004.8756713867188,1.803103039357084,3.04969122379482,-0.2380855070972431,3.544222673085715,-0.3675432124331079,1.0049334701620785,1.0915745130618049,-0.0166428366782459,3.286393579044508,1.7128181502425668
64.0,154.0,1005.5949096679688,1.065741447403239,3.566321993171797,-0.1722097588879127,3.335195644635442,0.4153135222526197,1.6432684793938577,1.2308026718224587,0.3065238812510272,3.32453208933479,1.4181087479272612
64.0,154.0,1005.1708984375,1.5387374172758588,3.0630905424895096,-0.2761169812147975,3.539551483750204,-0.0710913967583387,1.0864629386437223,1.0432566156141505,0.0406253156605319,3.3703392304127733,1.6847979903288934
64.0,154.0,1004.3433227539062,1.5246637626108075,2.588764633984187,-0.2247483509817702,3.541791433209113,-0.2094105942329443,0.0900981966808316,1.4472220790014578,0.3634141441016041,3.275517642189521,1.677631713184814
64.0,154.0,1006.3489990234376,1.5514520891483368,3.057318420357167,-0.2631982522786442,3.525985729806991,-0.211421577591669,1.0871765917978395,1.0592099546980789,-0.0142462550174791,2.96232874565588,1.5743383689854655
64.0,154.0,1005.1350708007812,0.1661038185710084,2.5390123143543657,2.0774916054569346,1.835614257140512,-1.5735118140693944,0.0393769710875324,1.5364656260845004,0.9512514490147672,2.833057723425437,1.6722709438483858
64.0,154.0,1006.7476806640624,1.3783292661069166,2.227281756843792,0.7486796121921748,2.3676098445669496,-0.4352187250238886,0.1295667694666509,1.2582478032152908,0.9678886220425788,1.546052822985894,1.7088008776725607
64.0,154.0,1003.6841430664062,1.5264166200797986,3.063097861613356,-0.215819897253269,3.5490497273888275,-0.2048867388282806,1.0826619122252867,1.0511392207255632,-0.0170243374408754,3.2973942147249127,1.6821927523441609
64.0,154.0,1005.0227661132812,1.1090167985935704,3.054929262949412,0.2138404591139139,3.3785257770175283,-0.2062982807170551,0.6081492878130935,1.0163426512361524,-0.0348229360837541,3.2931519023315508,1.7331119502206431
64.0,154.0,1006.3912353515624,1.0823124156003283,3.145532408020725,0.0937498638335725,4.3492484902596935,-0.983369492477124,0.3045399617600217,1.0355153888892177,-0.6035785196627739,3.47882371336145,1.9749920545649893
64.0,154.0,1003.7677001953124,0.9753379059727132,3.027481911426474,0.8914709442373026,3.6385006360362526,-0.1936568623912141,0.9354252219936228,1.0515023454212475,1.5844169383747184,3.3013099988549235,1.6821957420369034
64.0,154.0,1005.7315063476562,1.5396689441273124,3.0386942734840274,0.0727790596694881,3.99653790662412,-0.2180394714265182,1.1227822176659112,0.9898665587735348,-0.0161734394273001,3.292559616599718,1.7283088665121291
64.0,154.0,1005.9786376953124,1.1755166225902458,3.0139295819900664,-0.2417305383366287,3.616814653335077,-0.2729520402836232,1.8592848557108288,1.1177652924446315,0.1211451494947978,3.912459696901169,2.2316448068592054
64.0,154.0,1004.7403564453124,0.4804166552562906,3.142058809388116,-0.507253232726782,3.78275224637308,-0.5671588827166028,1.1261544357254607,1.4122039073154182,0.5007209311294231,3.503301094810195,1.926829920271378
64.0,154.0,1004.5214233398438,1.3925082887281215,3.065088985864282,-0.1686798461004562,2.4937664364779137,-0.2246521629870259,1.0573601922845028,1.0844478999456344,-0.8866334099558765,3.2654268773896447,1.6563374701400866
64.0,154.0,1006.101806640625,1.5145614614356997,2.994643314133276,-0.4385238738008652,2.6498988515969346,-0.2204737755628775,1.1219320992016055,0.99350013477897,-0.0190371027451072,3.134156782158529,1.6797391789481235
64.0,154.0,1005.5848999023438,-0.4976473021030942,3.419951677935696,-0.3086301958483286,3.870154605804175,-1.1699164176837953,1.6993185462984577,0.8701808901365833,0.0028869377323087,3.427754210534899,1.6924904654891433
64.0,154.0,1005.8743896484376,0.0594998054986024,2.4736092679713666,-0.1808303602303297,1.535912543515276,-0.2128728184311272,0.8096079746393341,0.1778975985534896,-0.0199302804665875,3.321000599716123,2.4317144383963893
64.0,154.0,1005.768310546875,1.5999854791936896,2.9805356758612893,-0.224463190705871,3.807145392204087,-0.3379384159359995,1.0087144864956603,0.8161970981207121,-0.0299745068515237,3.525817858828421,1.6851147134922917
64.0,155.0,1004.6443481445312,0.6900176227674764,3.063074350782302,-0.3302721781170479,3.0126561550720083,-0.1976159951512532,1.5970259768578052,1.2511792713171723,-0.0167520924344081,3.4265898532482377,1.5636003792452855
64.0,155.0,1006.072509765625,0.8129979015080218,3.0625484625269754,-0.0274607368305971,3.560464627617841,-0.0561365307945617,1.0757958091172746,1.0387039880570137,-0.0180609384480212,3.156465317795316,1.5387089975566504
64.0,155.0,1006.1292724609376,0.8825330645131402,3.064174342687368,-0.2362635771631851,3.582316996030628,-0.2074679037536006,0.9559810891053128,1.0531749231574068,-0.0434490340044395,3.286294651604756,2.3253331241426074
64.0,155.0,1005.7072143554688,1.6491448804843336,2.9104453120023,-0.2376035463302053,3.615676320374159,-0.5459213406507523,1.0802436756395946,1.0229389087533642,-0.0226071327225542,3.134768809825729,1.4551102740604491
64.0,155.0,1005.2555541992188,-0.5037094802039921,3.707585390221884,-0.3280569768488796,3.321070462527059,0.979043172621886,-0.4155761280008436,0.9565504599200948,0.2951346271246178,3.295787014291044,2.1819067114242974
64.0,155.0,1006.83154296875,1.5265036097584397,2.4688393553651458,-0.2193779993269236,3.456649131017686,-0.280184533111481,1.4322115030166764,0.0073984864598439,0.0552709621325861,2.764100911123255,1.699477136905433
64.0,155.0,1006.2119140625,0.4893625390202833,1.7795423029239368,-0.2283334970089545,3.1277989280704825,0.4981169607027755,1.141197769335064,2.5146578201478693,1.975507430672696,4.311031517865723,2.0922100116751228
64.0,155.0,1005.1494140625,1.4267671879387,2.82151791963309,-0.2050135975394147,3.599402345635524,-0.212234014229664,1.0699343377498252,1.054124327480299,-0.0348381047181509,3.2384919490320403,1.683330061310487
64.0,155.0,1005.474853515625,1.5026949966969567,4.303640589644998,0.0467183102294996,3.508585978273294,-0.276222544546385,1.2632585220760255,0.9839023829757484,0.4548566034085533,3.319979299343642,1.681623450852277
64.0,155.0,1004.5355224609376,-0.2067583177486083,2.156645823399848,1.1237471826284795,3.780946817479548,-0.5114493991580722,1.3470285072754011,1.5426076556614716,0.9251629364195506,3.6326501297850458,1.193605314089168
64.0,155.0,1005.1493530273438,0.5735184706036716,3.028423329307017,0.2644622216036731,2.659398374348958,0.2306337810705419,1.0125999917583286,1.1341537852403114,0.5087035841895886,3.226086612326376,1.548830647479367
64.0,155.0,1004.7785034179688,0.6991135168312739,2.894738252833397,-0.2188575842976097,3.4645647397683965,-0.2438181442738039,1.0991670823590096,0.687295206439572,1.314428712403647,3.3101250531130244,1.6781756112361752
64.0,155.0,1006.7550048828124,1.7724945126995004,3.0703987008149776,0.1826723068202544,3.2010081142690723,-0.121466419569273,1.2303004122357388,1.0661233202080411,-0.0710318298801985,3.2991645041737008,1.720742171507914
64.0,155.0,1004.95849609375,0.9162956780313632,2.1247201074083826,0.0379144096914144,3.0493734156772465,-0.204541723945408,1.0866278545155783,1.081534562537653,-0.1426858802547873,2.5531626479271203,1.6834925846586402
64.0,155.0,1005.079833984375,0.8078773908434,3.0635542735379326,-0.2222773718837908,3.644619233544741,-0.0438507735814526,1.4232936018416082,0.7302359461628485,0.463335757005806,3.131559441489576,1.6311643300045815
64.0,155.0,1005.9080810546876,1.0513515896295955,3.0324479004866207,-0.1399893757068982,2.5909601277576697,-0.1207554487964864,2.5126882206643253,1.1607896320933913,0.180815057255496,3.251736532375584,2.58552590355996
64.0,155.0,1005.7649536132812,0.2825466944237913,3.223371955913502,-1.130107795435179,3.475165291581171,-1.048330892200188,0.6773142097574366,1.7224453178602437,-0.0116344510771347,2.978858171781275,1.664112733334867
64.0,155.0,1003.8233642578124,1.028523366259821,3.0628461474330293,-0.3204188298828894,3.0167776901382988,0.2647472536681213,1.306874930918926,0.9514498344110252,-0.5399432597472117,3.348110656193866,0.8965220619264871
64.0,155.0,1006.2741088867188,1.643031542836416,3.606370926934152,-0.6934784640503268,3.544777025413626,-0.1168117638030309,0.939111865717292,1.235370936060419,0.8014975999324441,3.270795648100955,1.6707495569788469
64.0,155.0,1005.4580688476562,1.714830991173177,3.0751933772525515,-0.3198873779630757,3.0600901733655563,-0.3336865919117254,1.041410814400998,0.9802931378106874,-0.0717430790773777,3.30035801474969,1.62578042127942
64.0,155.0,1006.1286010742188,1.5630251164579407,3.034072154337606,-0.2144607478813976,3.3747890166807086,-0.1840946200972616,1.0834848120091078,1.505132191142844,0.0986427251527393,3.2971237436003165,1.6407078622033984
64.0,155.0,1004.8368530273438,-0.0192859539180938,3.1458012448024646,-0.4052589456220559,3.5837623621294377,-0.4446218579421889,1.004306573519272,1.0674916208430016,-0.1473208806064043,4.659302750457305,1.266183010783346
64.0,155.0,1005.0035400390624,1.488088734200528,3.2964916798764268,-0.081613556681665,3.4931910742310563,-0.4795947022471148,1.19443031097595,1.5983254058784726,0.3030366300005376,3.1093375136026897,1.3517079212642986
64.0,155.0,1005.59716796875,0.8422960777773174,3.0348209215701183,-0.2311176520887816,3.530445462000517,0.731073415144617,1.0838871087870037,1.0526527931079228,-0.2789778063184201,3.525442996103043,1.9314441196361605
64.0,155.0,1005.1682739257812,0.4758226699530498,2.725912301651685,-0.0230184400084026,3.5041163169939864,-0.2839688026094656,0.98246182909671,0.7814411067738086,0.0567855685067581,3.2908997596538847,1.3640380101297185
64.0,155.0,1004.932861328125,1.5796322669745138,2.974669102036052,-0.2759972217390695,3.567574034001228,-0.2093543612178015,1.4940440693796724,1.055340177568717,-0.0056815911348413,3.322450316094878,2.2801882162059304
64.0,155.0,1005.4376220703124,1.4939369051591875,3.208578143175042,-0.0838875551827738,3.6527902052474297,-0.0677512366808728,2.1295316682877434,1.0280783661595605,-0.0117743859456704,3.334761595860714,1.7120512362595308
64.0,155.0,1005.9476318359376,0.0416259073064684,3.056620648095169,0.9059087932371556,3.541676985417584,-0.4558259587305865,-0.3150494321593007,1.05123482986649,-0.0994281152615595,3.238383279985208,1.6565234082160285
64.0,155.0,1006.0139770507812,1.5426257774234884,2.963062015218996,-0.1644154265346108,3.571054709565818,-0.2255485820590461,1.124004775755031,1.0785750977224122,-0.0170868564908297,3.529492666873149,1.8095727813707885
64.0,155.0,1004.924560546875,1.3902787656971398,3.2388825019148166,-0.206591284257351,2.6835356447268124,-0.2393013169250669,1.0825663808182378,0.7880722208517016,0.1086941866441624,3.760609960660497,1.5499190461382142
64.0,155.0,1003.884033203125,1.1425112649696187,3.065090117718845,0.592860107788608,2.8071972518327133,0.2549808842303713,0.7688590957311772,1.1434486482266086,0.1774592781213724,3.2904317271738885,1.6652367097735672
64.0,155.0,1004.8756713867188,1.803103039357084,3.04969122379482,-0.2380855070972431,3.544222673085715,-0.3675432124331079,1.0049334701620785,1.0915745130618049,-0.0166428366782459,3.286393579044508,1.7128181502425668
64.0,155.0,1005.5949096679688,1.065741447403239,3.566321993171797,-0.1722097588879127,3.335195644635442,0.4153135222526197,1.6432684793938577,1.2308026718224587,0.3065238812510272,3.32453208933479,1.4181087479272612
64.0,155.0,1005.1708984375,1.5387374172758588,3.0630905424895096,-0.2761169812147975,3.539551483750204,-0.0710913967583387,1.0864629386437223,1.0432566156141505,0.0406253156605319,3.3703392304127733,1.6847979903288934
64.0,155.0,1004.3433227539062,1.5246637626108075,2.588764633984187,-0.2247483509817702,3.541791433209113,-0.2094105942329443,0.0900981966808316,1.4472220790014578,0.3634141441016041,3.275517642189521,1.677631713184814
64.0,155.0,1006.3489990234376,1.5514520891483368,3.057318420357167,-0.2631982522786442,3.525985729806991,-0.211421577591669,1.0871765917978395,1.0592099546980789,-0.0142462550174791,2.96232874565588,1.5743383689854655
64.0,155.0,1005.1350708007812,0.1661038185710084,2.5390123143543657,2.0774916054569346,1.835614257140512,-1.5735118140693944,0.0393769710875324,1.5364656260845004,0.9512514490147672,2.833057723425437,1.6722709438483858
64.0,155.0,1006.7476806640624,1.3783292661069166,2.227281756843792,0.7486796121921748,2.3676098445669496,-0.4352187250238886,0.1295667694666509,1.2582478032152908,0.9678886220425788,1.546052822985894,1.7088008776725607
64.0,155.0,1003.6841430664062,1.5264166200797986,3.063097861613356,-0.215819897253269,3.5490497273888275,-0.2048867388282806,1.0826619122252867,1.0511392207255632,-0.0170243374408754,3.2973942147249127,1.6821927523441609
64.0,155.0,1005.0227661132812,1.1090167985935704,3.054929262949412,0.2138404591139139,3.3785257770175283,-0.2062982807170551,0.6081492878130935,1.0163426512361524,-0.0348229360837541,3.2931519023315508,1.7331119502206431
64.0,155.0,1006.3912353515624,1.0823124156003283,3.145532408020725,0.0937498638335725,4.3492484902596935,-0.983369492477124,0.3045399617600217,1.0355153888892177,-0.6035785196627739,3.47882371336145,1.9749920545649893
64.0,155.0,1003.7677001953124,0.9753379059727132,3.027481911426474,0.8914709442373026,3.6385006360362526,-0.1936568623912141,0.9354252219936228,1.0515023454212475,1.5844169383747184,3.3013099988549235,1.6821957420369034
64.0,155.0,1005.7315063476562,1.5396689441273124,3.0386942734840274,0.0727790596694881,3.99653790662412,-0.2180394714265182,1.1227822176659112,0.9898665587735348,-0.0161734394273001,3.292559616599718,1.7283088665121291
64.0,155.0,1005.9786376953124,1.1755166225902458,3.0139295819900664,-0.2417305383366287,3.616814653335077,-0.2729520402836232,1.8592848557108288,1.1177652924446315,0.1211451494947978,3.912459696901169,2.2316448068592054
64.0,155.0,1004.7403564453124,0.4804166552562906,3.142058809388116,-0.507253232726782,3.78275224637308,-0.5671588827166028,1.1261544357254607,1.4122039073154182,0.5007209311294231,3.503301094810195,1.926829920271378
64.0,155.0,1004.5214233398438,1.3925082887281215,3.065088985864282,-0.1686798461004562,2.4937664364779137,-0.2246521629870259,1.0573601922845028,1.0844478999456344,-0.8866334099558765,3.2654268773896447,1.6563374701400866
64.0,155.0,1006.101806640625,1.5145614614356997,2.994643314133276,-0.4385238738008652,2.6498988515969346,-0.2204737755628775,1.1219320992016055,0.99350013477897,-0.0190371027451072,3.134156782158529,1.6797391789481235
64.0,155.0,1005.5848999023438,-0.4976473021030942,3.419951677935696,-0.3086301958483286,3.870154605804175,-1.1699164176837953,1.6993185462984577,0.8701808901365833,0.0028869377323087,3.427754210534899,1.6924904654891433
64.0,155.0,1005.8743896484376,0.0594998054986024,2.4736092679713666,-0.1808303602303297,1.535912543515276,-0.2128728184311272,0.8096079746393341,0.1778975985534896,-0.0199302804665875,3.321000599716123,2.4317144383963893
64.0,155.0,1005.768310546875,1.5999854791936896,2.9805356758612893,-0.224463190705871,3.807145392204087,-0.3379384159359995,1.0087144864956603,0.8161970981207121,-0.0299745068515237,3.525817858828421,1.6851147134922917
64.0,156.0,1004.6443481445312,0.6900176227674764,3.063074350782302,-0.3302721781170479,3.0126561550720083,-0.1976159951512532,1.5970259768578052,1.2511792713171723,-0.0167520924344081,3.4265898532482377,1.5636003792452855
64.0,156.0,1006.072509765625,0.8129979015080218,3.0625484625269754,-0.0274607368305971,3.560464627617841,-0.0561365307945617,1.0757958091172746,1.0387039880570137,-0.0180609384480212,3.156465317795316,1.5387089975566504
64.0,156.0,1006.1292724609376,0.8825330645131402,3.064174342687368,-0.2362635771631851,3.582316996030628,-0.2074679037536006,0.9559810891053128,1.0531749231574068,-0.0434490340044395,3.286294651604756,2.3253331241426074
64.0,156.0,1005.7072143554688,1.6491448804843336,2.9104453120023,-0.2376035463302053,3.615676320374159,-0.5459213406507523,1.0802436756395946,1.0229389087533642,-0.0226071327225542,3.134768809825729,1.4551102740604491
64.0,156.0,1005.2555541992188,-0.5037094802039921,3.707585390221884,-0.3280569768488796,3.321070462527059,0.979043172621886,-0.4155761280008436,0.9565504599200948,0.2951346271246178,3.295787014291044,2.1819067114242974
64.0,156.0,1006.83154296875,1.5265036097584397,2.4688393553651458,-0.2193779993269236,3.456649131017686,-0.280184533111481,1.4322115030166764,0.0073984864598439,0.0552709621325861,2.764100911123255,1.699477136905433
64.0,156.0,1006.2119140625,0.4893625390202833,1.7795423029239368,-0.2283334970089545,3.1277989280704825,0.4981169607027755,1.141197769335064,2.5146578201478693,1.975507430672696,4.311031517865723,2.0922100116751228
64.0,156.0,1005.1494140625,1.4267671879387,2.82151791963309,-0.2050135975394147,3.599402345635524,-0.212234014229664,1.0699343377498252,1.054124327480299,-0.0348381047181509,3.2384919490320403,1.683330061310487
64.0,156.0,1005.474853515625,1.5026949966969567,4.303640589644998,0.0467183102294996,3.508585978273294,-0.276222544546385,1.2632585220760255,0.9839023829757484,0.4548566034085533,3.319979299343642,1.681623450852277
64.0,156.0,1004.5355224609376,-0.2067583177486083,2.156645823399848,1.1237471826284795,3.780946817479548,-0.5114493991580722,1.3470285072754011,1.5426076556614716,0.9251629364195506,3.6326501297850458,1.193605314089168
64.0,156.0,1005.1493530273438,0.5735184706036716,3.028423329307017,0.2644622216036731,2.659398374348958,0.2306337810705419,1.0125999917583286,1.1341537852403114,0.5087035841895886,3.226086612326376,1.548830647479367
64.0,156.0,1004.7785034179688,0.6991135168312739,2.894738252833397,-0.2188575842976097,3.4645647397683965,-0.2438181442738039,1.0991670823590096,0.687295206439572,1.314428712403647,3.3101250531130244,1.6781756112361752
64.0,156.0,1006.7550048828124,1.7724945126995004,3.0703987008149776,0.1826723068202544,3.2010081142690723,-0.121466419569273,1.2303004122357388,1.0661233202080411,-0.0710318298801985,3.2991645041737008,1.720742171507914
64.0,156.0,1004.95849609375,0.9162956780313632,2.1247201074083826,0.0379144096914144,3.0493734156772465,-0.204541723945408,1.0866278545155783,1.081534562537653,-0.1426858802547873,2.5531626479271203,1.6834925846586402
64.0,156.0,1005.079833984375,0.8078773908434,3.0635542735379326,-0.2222773718837908,3.644619233544741,-0.0438507735814526,1.4232936018416082,0.7302359461628485,0.463335757005806,3.131559441489576,1.6311643300045815
64.0,156.0,1005.9080810546876,1.0513515896295955,3.0324479004866207,-0.1399893757068982,2.5909601277576697,-0.1207554487964864,2.5126882206643253,1.1607896320933913,0.180815057255496,3.251736532375584,2.58552590355996
64.0,156.0,1005.7649536132812,0.2825466944237913,3.223371955913502,-1.130107795435179,3.475165291581171,-1.048330892200188,0.6773142097574366,1.7224453178602437,-0.0116344510771347,2.978858171781275,1.664112733334867
64.0,156.0,1003.8233642578124,1.028523366259821,3.0628461474330293,-0.3204188298828894,3.0167776901382988,0.2647472536681213,1.306874930918926,0.9514498344110252,-0.5399432597472117,3.348110656193866,0.8965220619264871
64.0,156.0,1006.2741088867188,1.643031542836416,3.606370926934152,-0.6934784640503268,3.544777025413626,-0.1168117638030309,0.939111865717292,1.235370936060419,0.8014975999324441,3.270795648100955,1.6707495569788469
64.0,156.0,1005.4580688476562,1.714830991173177,3.0751933772525515,-0.3198873779630757,3.0600901733655563,-0.3336865919117254,1.041410814400998,0.9802931378106874,-0.0717430790773777,3.30035801474969,1.62578042127942
64.0,156.0,1006.1286010742188,1.5630251164579407,3.034072154337606,-0.2144607478813976,3.3747890166807086,-0.1840946200972616,1.0834848120091078,1.505132191142844,0.0986427251527393,3.2971237436003165,1.6407078622033984
64.0,156.0,1004.8368530273438,-0.0192859539180938,3.1458012448024646,-0.4052589456220559,3.5837623621294377,-0.4446218579421889,1.004306573519272,1.0674916208430016,-0.1473208806064043,4.659302750457305,1.266183010783346
64.0,156.0,1005.0035400390624,1.488088734200528,3.2964916798764268,-0.081613556681665,3.4931910742310563,-0.4795947022471148,1.19443031097595,1.5983254058784726,0.3030366300005376,3.1093375136026897,1.3517079212642986
64.0,156.0,1005.59716796875,0.8422960777773174,3.0348209215701183,-0.2311176520887816,3.530445462000517,0.731073415144617,1.0838871087870037,1.0526527931079228,-0.2789778063184201,3.525442996103043,1.9314441196361605
64.0,156.0,1005.1682739257812,0.4758226699530498,2.725912301651685,-0.0230184400084026,3.5041163169939864,-0.2839688026094656,0.98246182909671,0.7814411067738086,0.0567855685067581,3.2908997596538847,1.3640380101297185
64.0,156.0,1004.932861328125,1.5796322669745138,2.974669102036052,-0.2759972217390695,3.567574034001228,-0.2093543612178015,1.4940440693796724,1.055340177568717,-0.0056815911348413,3.322450316094878,2.2801882162059304
64.0,156.0,1005.4376220703124,1.4939369051591875,3.208578143175042,-0.0838875551827738,3.6527902052474297,-0.0677512366808728,2.1295316682877434,1.0280783661595605,-0.0117743859456704,3.334761595860714,1.7120512362595308
64.0,156.0,1005.9476318359376,0.0416259073064684,3.056620648095169,0.9059087932371556,3.541676985417584,-0.4558259587305865,-0.3150494321593007,1.05123482986649,-0.0994281152615595,3.238383279985208,1.6565234082160285
64.0,156.0,1006.0139770507812,1.5426257774234884,2.963062015218996,-0.1644154265346108,3.571054709565818,-0.2255485820590461,1.124004775755031,1.0785750977224122,-0.0170868564908297,3.529492666873149,1.8095727813707885
64.0,156.0,1004.924560546875,1.3902787656971398,3.2388825019148166,-0.206591284257351,2.6835356447268124,-0.2393013169250669,1.0825663808182378,0.7880722208517016,0.1086941866441624,3.760609960660497,1.5499190461382142
64.0,156.0,1003.884033203125,1.1425112649696187,3.065090117718845,0.592860107788608,2.8071972518327133,0.2549808842303713,0.7688590957311772,1.1434486482266086,0.1774592781213724,3.2904317271738885,1.6652367097735672
64.0,156.0,1004.8756713867188,1.803103039357084,3.04969122379482,-0.2380855070972431,3.544222673085715,-0.3675432124331079,1.0049334701620785,1.0915745130618049,-0.0166428366782459,3.286393579044508,1.7128181502425668
64.0,156.0,1005.5949096679688,1.065741447403239,3.566321993171797,-0.1722097588879127,3.335195644635442,0.4153135222526197,1.6432684793938577,1.2308026718224587,0.3065238812510272,3.32453208933479,1.4181087479272612
64.0,156.0,1005.1708984375,1.5387374172758588,3.0630905424895096,-0.2761169812147975,3.539551483750204,-0.0710913967583387,1.0864629386437223,1.0432566156141505,0.0406253156605319,3.3703392304127733,1.6847979903288934
64.0,156.0,1004.3433227539062,1.5246637626108075,2.588764633984187,-0.2247483509817702,3.541791433209113,-0.2094105942329443,0.0900981966808316,1.4472220790014578,0.3634141441016041,3.275517642189521,1.677631713184814
64.0,156.0,1006.3489990234376,1.5514520891483368,3.057318420357167,-0.2631982522786442,3.525985729806991,-0.211421577591669,1.0871765917978395,1.0592099546980789,-0.0142462550174791,2.96232874565588,1.5743383689854655
64.0,156.0,1005.1350708007812,0.1661038185710084,2.5390123143543657,2.0774916054569346,1.835614257140512,-1.5735118140693944,0.0393769710875324,1.5364656260845004,0.9512514490147672,2.833057723425437,1.6722709438483858
64.0,156.0,1006.7476806640624,1.3783292661069166,2.227281756843792,0.7486796121921748,2.3676098445669496,-0.4352187250238886,0.1295667694666509,1.2582478032152908,0.9678886220425788,1.546052822985894,1.7088008776725607
64.0,156.0,1003.6841430664062,1.5264166200797986,3.063097861613356,-0.215819897253269,3.5490497273888275,-0.2048867388282806,1.0826619122252867,1.0511392207255632,-0.0170243374408754,3.2973942147249127,1.6821927523441609
64.0,156.0,1005.0227661132812,1.1090167985935704,3.054929262949412,0.2138404591139139,3.3785257770175283,-0.2062982807170551,0.6081492878130935,1.0163426512361524,-0.0348229360837541,3.2931519023315508,1.7331119502206431
64.0,156.0,1006.3912353515624,1.0823124156003283,3.145532408020725,0.0937498638335725,4.3492484902596935,-0.983369492477124,0.3045399617600217,1.0355153888892177,-0.6035785196627739,3.47882371336145,1.9749920545649893
64.0,156.0,1003.7677001953124,0.9753379059727132,3.027481911426474,0.8914709442373026,3.6385006360362526,-0.1936568623912141,0.9354252219936228,1.0515023454212475,1.5844169383747184,3.3013099988549235,1.6821957420369034
64.0,156.0,1005.7315063476562,1.5396689441273124,3.0386942734840274,0.0727790596694881,3.99653790662412,-0.2180394714265182,1.1227822176659112,0.9898665587735348,-0.0161734394273001,3.292559616599718,1.7283088665121291
64.0,156.0,1005.9786376953124,1.1755166225902458,3.0139295819900664,-0.2417305383366287,3.616814653335077,-0.2729520402836232,1.8592848557108288,1.1177652924446315,0.1211451494947978,3.912459696901169,2.2316448068592054
64.0,156.0,1004.7403564453124,0.4804166552562906,3.142058809388116,-0.507253232726782,3.78275224637308,-0.5671588827166028,1.1261544357254607,1.4122039073154182,0.5007209311294231,3.503301094810195,1.926829920271378
64.0,156.0,1004.5214233398438,1.3925082887281215,3.065088985864282,-0.1686798461004562,2.4937664364779137,-0.2246521629870259,1.0573601922845028,1.0844478999456344,-0.8866334099558765,3.2654268773896447,1.6563374701400866
64.0,156.0,1006.101806640625,1.5145614614356997,2.994643314133276,-0.4385238738008652,2.6498988515969346,-0.2204737755628775,1.1219320992016055,0.99350013477897,-0.0190371027451072,3.134156782158529,1.6797391789481235
64.0,156.0,1005.5848999023438,-0.4976473021030942,3.419951677935696,-0.3086301958483286,3.870154605804175,-1.1699164176837953,1.6993185462984577,0.8701808901365833,0.0028869377323087,3.427754210534899,1.6924904654891433
64.0,156.0,1005.8743896484376,0.0594998054986024,2.4736092679713666,-0.1808303602303297,1.535912543515276,-0.2128728184311272,0.8096079746393341,0.1778975985534896,-0.0199302804665875,3.321000599716123,2.4317144383963893
64.0,156.0,1005.768310546875,1.5999854791936896,2.9805356758612893,-0.224463190705871,3.807145392204087,-0.3379384159359995,1.0087144864956603,0.8161970981207121,-0.0299745068515237,3.525817858828421,1.6851147134922917
64.0,157.0,1004.6443481445312,0.6900176227674764,3.063074350782302,-0.3302721781170479,3.0126561550720083,-0.1976159951512532,1.5970259768578052,1.2511792713171723,-0.0167520924344081,3.4265898532482377,1.5636003792452855
64.0,157.0,1006.072509765625,0.8129979015080218,3.0625484625269754,-0.0274607368305971,3.560464627617841,-0.0561365307945617,1.0757958091172746,1.0387039880570137,-0.0180609384480212,3.156465317795316,1.5387089975566504
64.0,157.0,1006.1292724609376,0.8825330645131402,3.064174342687368,-0.2362635771631851,3.582316996030628,-0.2074679037536006,0.9559810891053128,1.0531749231574068,-0.0434490340044395,3.286294651604756,2.3253331241426074
64.0,157.0,1005.7072143554688,1.6491448804843336,2.9104453120023,-0.2376035463302053,3.615676320374159,-0.5459213406507523,1.0802436756395946,1.0229389087533642,-0.0226071327225542,3.134768809825729,1.4551102740604491
64.0,157.0,1005.2555541992188,-0.5037094802039921,3.707585390221884,-0.3280569768488796,3.321070462527059,0.979043172621886,-0.4155761280008436,0.9565504599200948,0.2951346271246178,3.295787014291044,2.1819067114242974
64.0,157.0,1006.83154296875,1.5265036097584397,2.4688393553651458,-0.2193779993269236,3.456649131017686,-0.280184533111481,1.4322115030166764,0.0073984864598439,0.0552709621325861,2.764100911123255,1.699477136905433
64.0,157.0,1006.2119140625,0.4893625390202833,1.7795423029239368,-0.2283334970089545,3.1277989280704825,0.4981169607027755,1.141197769335064,2.5146578201478693,1.975507430672696,4.311031517865723,2.0922100116751228
64.0,157.0,1005.1494140625,1.4267671879387,2.82151791963309,-0.2050135975394147,3.599402345635524,-0.212234014229664,1.0699343377498252,1.054124327480299,-0.0348381047181509,3.2384919490320403,1.683330061310487
64.0,157.0,1005.474853515625,1.5026949966969567,4.303640589644998,0.0467183102294996,3.508585978273294,-0.276222544546385,1.2632585220760255,0.9839023829757484,0.4548566034085533,3.319979299343642,1.681623450852277
64.0,157.0,1004.5355224609376,-0.2067583177486083,2.156645823399848,1.1237471826284795,3.780946817479548,-0.5114493991580722,1.3470285072754011,1.5426076556614716,0.9251629364195506,3.6326501297850458,1.193605314089168
64.0,157.0,1005.1493530273438,0.5735184706036716,3.028423329307017,0.2644622216036731,2.659398374348958,0.2306337810705419,1.0125999917583286,1.1341537852403114,0.5087035841895886,3.226086612326376,1.548830647479367
64.0,157.0,1004.7785034179688,0.6991135168312739,2.894738252833397,-0.2188575842976097,3.4645647397683965,-0.2438181442738039,1.0991670823590096,0.687295206439572,1.314428712403647,3.3101250531130244,1.6781756112361752
64.0,157.0,1006.7550048828124,1.7724945126995004,3.0703987008149776,0.1826723068202544,3.2010081142690723,-0.121466419569273,1.2303004122357388,1.0661233202080411,-0.0710318298801985,3.2991645041737008,1.720742171507914
64.0,157.0,1004.95849609375,0.9162956780313632,2.1247201074083826,0.0379144096914144,3.0493734156772465,-0.204541723945408,1.0866278545155783,1.081534562537653,-0.1426858802547873,2.5531626479271203,1.6834925846586402
64.0,157.0,1005.079833984375,0.8078773908434,3.0635542735379326,-0.2222773718837908,3.644619233544741,-0.0438507735814526,1.4232936018416082,0.7302359461628485,0.463335757005806,3.131559441489576,1.6311643300045815
64.0,157.0,1005.9080810546876,1.0513515896295955,3.0324479004866207,-0.1399893757068982,2.5909601277576697,-0.1207554487964864,2.5126882206643253,1.1607896320933913,0.180815057255496,3.251736532375584,2.58552590355996
64.0,157.0,1005.7649536132812,0.2825466944237913,3.223371955913502,-1.130107795435179,3.475165291581171,-1.048330892200188,0.6773142097574366,1.7224453178602437,-0.0116344510771347,2.978858171781275,1.664112733334867
64.0,157.0,1003.8233642578124,1.028523366259821,3.0628461474330293,-0.3204188298828894,3.0167776901382988,0.2647472536681213,1.306874930918926,0.9514498344110252,-0.5399432597472117,3.348110656193866,0.8965220619264871
64.0,157.0,1006.2741088867188,1.643031542836416,3.606370926934152,-0.6934784640503268,3.544777025413626,-0.1168117638030309,0.939111865717292,1.235370936060419,0.8014975999324441,3.270795648100955,1.6707495569788469
64.0,157.0,1005.4580688476562,1.714830991173177,3.0751933772525515,-0.3198873779630757,3.0600901733655563,-0.3336865919117254,1.041410814400998,0.9802931378106874,-0.0717430790773777,3.30035801474969,1.62578042127942
64.0,157.0,1006.1286010742188,1.5630251164579407,3.034072154337606,-0.2144607478813976,3.3747890166807086,-0.1840946200972616,1.0834848120091078,1.505132191142844,0.0986427251527393,3.2971237436003165,1.6407078622033984
64.0,157.0,1004.8368530273438,-0.0192859539180938,3.1458012448024646,-0.4052589456220559,3.5837623621294377,-0.4446218579421889,1.004306573519272,1.0674916208430016,-0.1473208806064043,4.659302750457305,1.266183010783346
64.0,157.0,1005.0035400390624,1.488088734200528,3.2964916798764268,-0.081613556681665,3.4931910742310563,-0.4795947022471148,1.19443031097595,1.5983254058784726,0.3030366300005376,3.1093375136026897,1.3517079212642986
64.0,157.0,1005.59716796875,0.8422960777773174,3.0348209215701183,-0.2311176520887816,3.530445462000517,0.731073415144617,1.0838871087870037,1.0526527931079228,-0.2789778063184201,3.525442996103043,1.9314441196361605
64.0,157.0,1005.1682739257812,0.4758226699530498,2.725912301651685,-0.0230184400084026,3.5041163169939864,-0.2839688026094656,0.98246182909671,0.7814411067738086,0.0567855685067581,3.2908997596538847,1.3640380101297185
64.0,157.0,1004.932861328125,1.5796322669745138,2.974669102036052,-0.2759972217390695,3.567574034001228,-0.2093543612178015,1.4940440693796724,1.055340177568717,-0.0056815911348413,3.322450316094878,2.2801882162059304
64.0,157.0,1005.4376220703124,1.4939369051591875,3.208578143175042,-0.0838875551827738,3.6527902052474297,-0.0677512366808728,2.1295316682877434,1.0280783661595605,-0.0117743859456704,3.334761595860714,1.7120512362595308
64.0,157.0,1005.9476318359376,0.0416259073064684,3.056620648095169,0.9059087932371556,3.541676985417584,-0.4558259587305865,-0.3150494321593007,1.05123482986649,-0.0994281152615595,3.238383279985208,1.6565234082160285
64.0,157.0,1006.0139770507812,1.5426257774234884,2.963062015218996,-0.1644154265346108,3.571054709565818,-0.2255485820590461,1.124004775755031,1.0785750977224122,-0.0170868564908297,3.529492666873149,1.8095727813707885
64.0,157.0,1004.924560546875,1.3902787656971398,3.2388825019148166,-0.206591284257351,2.6835356447268124,-0.2393013169250669,1.0825663808182378,0.7880722208517016,0.1086941866441624,3.760609960660497,1.5499190461382142
64.0,157.0,1003.884033203125,1.1425112649696187,3.065090117718845,0.592860107788608,2.8071972518327133,0.2549808842303713,0.7688590957311772,1.1434486482266086,0.1774592781213724,3.2904317271738885,1.6652367097735672
64.0,157.0,1004.8756713867188,1.803103039357084,3.04969122379482,-0.2380855070972431,3.544222673085715,-0.3675432124331079,1.0049334701620785,1.0915745130618049,-0.0166428366782459,3.286393579044508,1.7128181502425668
64.0,157.0,1005.5949096679688,1.065741447403239,3.566321993171797,-0.1722097588879127,3.335195644635442,0.4153135222526197,1.6432684793938577,1.2308026718224587,0.3065238812510272,3.32453208933479,1.4181087479272612
64.0,157.0,1005.1708984375,1.5387374172758588,3.0630905424895096,-0.2761169812147975,3.539551483750204,-0.0710913967583387,1.0864629386437223,1.0432566156141505,0.0406253156605319,3.3703392304127733,1.6847979903288934
64.0,157.0,1004.3433227539062,1.5246637626108075,2.588764633984187,-0.2247483509817702,3.541791433209113,-0.2094105942329443,0.0900981966808316,1.4472220790014578,0.3634141441016041,3.275517642189521,1.677631713184814
64.0,157.0,1006.3489990234376,1.5514520891483368,3.057318420357167,-0.2631982522786442,3.525985729806991,-0.211421577591669,1.0871765917978395,1.0592099546980789,-0.0142462550174791,2.96232874565588,1.5743383689854655
64.0,157.0,1005.1350708007812,0.1661038185710084,2.5390123143543657,2.0774916054569346,1.835614257140512,-1.5735118140693944,0.0393769710875324,1.5364656260845004,0.9512514490147672,2.833057723425437,1.6722709438483858
64.0,157.0,1006.7476806640624,1.3783292661069166,2.227281756843792,0.7486796121921748,2.3676098445669496,-0.4352187250238886,0.1295667694666509,1.2582478032152908,0.9678886220425788,1.546052822985894,1.7088008776725607
64.0,157.0,1003.6841430664062,1.5264166200797986,3.063097861613356,-0.215819897253269,3.5490497273888275,-0.2048867388282806,1.0826619122252867,1.0511392207255632,-0.0170243374408754,3.2973942147249127,1.6821927523441609
64.0,157.0,1005.0227661132812,1.1090167985935704,3.054929262949412,0.2138404591139139,3.3785257770175283,-0.2062982807170551,0.6081492878130935,1.0163426512361524,-0.0348229360837541,3.2931519023315508,1.7331119502206431
64.0,157.0,1006.3912353515624,1.0823124156003283,3.145532408020725,0.0937498638335725,4.3492484902596935,-0.983369492477124,0.3045399617600217,1.0355153888892177,-0.6035785196627739,3.47882371336145,1.9749920545649893
64.0,157.0,1003.7677001953124,0.9753379059727132,3.027481911426474,0.8914709442373026,3.6385006360362526,-0.1936568623912141,0.9354252219936228,1.0515023454212475,1.5844169383747184,3.3013099988549235,1.6821957420369034
64.0,157.0,1005.7315063476562,1.5396689441273124,3.0386942734840274,0.0727790596694881,3.99653790662412,-0.2180394714265182,1.1227822176659112,0.9898665587735348,-0.0161734394273001,3.292559616599718,1.7283088665121291
64.0,157.0,1005.9786376953124,1.1755166225902458,3.0139295819900664,-0.2417305383366287,3.616814653335077,-0.2729520402836232,1.8592848557108288,1.1177652924446315,0.1211451494947978,3.912459696901169,2.2316448068592054
64.0,157.0,1004.7403564453124,0.4804166552562906,3.142058809388116,-0.507253232726782,3.78275224637308,-0.5671588827166028,1.1261544357254607,1.4122039073154182,0.5007209311294231,3.503301094810195,1.926829920271378
64.0,157.0,1004.5214233398438,1.3925082887281215,3.065088985864282,-0.1686798461004562,2.4937664364779137,-0.2246521629870259,1.0573601922845028,1.0844478999456344,-0.8866334099558765,3.2654268773896447,1.6563374701400866
64.0,157.0,1006.101806640625,1.5145614614356997,2.994643314133276,-0.4385238738008652,2.6498988515969346,-0.2204737755628775,1.1219320992016055,0.99350013477897,-0.0190371027451072,3.134156782158529,1.6797391789481235
64.0,157.0,1005.5848999023438,-0.4976473021030942,3.419951677935696,-0.3086301958483286,3.870154605804175,-1.1699164176837953,1.6993185462984577,0.8701808901365833,0.0028869377323087,3.427754210534899,1.6924904654891433
64.0,157.0,1005.8743896484376,0.0594998054986024,2.4736092679713666,-0.1808303602303297,1.535912543515276,-0.2128728184311272,0.8096079746393341,0.1778975985534896,-0.0199302804665875,3.321000599716123,2.4317144383963893
64.0,157.0,1005.768310546875,1.5999854791936896,2.9805356758612893,-0.224463190705871,3.807145392204087,-0.3379384159359995,1.0087144864956603,0.8161970981207121,-0.0299745068515237,3.525817858828421,1.6851147134922917
64.0,158.0,1004.6443481445312,0.6900176227674764,3.063074350782302,-0.3302721781170479,3.0126561550720083,-0.1976159951512532,1.5970259768578052,1.2511792713171723,-0.0167520924344081,3.4265898532482377,1.5636003792452855
64.0,158.0,1006.072509765625,0.8129979015080218,3.0625484625269754,-0.0274607368305971,3.560464627617841,-0.0561365307945617,1.0757958091172746,1.0387039880570137,-0.0180609384480212,3.156465317795316,1.5387089975566504
64.0,158.0,1006.1292724609376,0.8825330645131402,3.064174342687368,-0.2362635771631851,3.582316996030628,-0.2074679037536006,0.9559810891053128,1.0531749231574068,-0.0434490340044395,3.286294651604756,2.3253331241426074
64.0,158.0,1005.7072143554688,1.6491448804843336,2.9104453120023,-0.2376035463302053,3.615676320374159,-0.5459213406507523,1.0802436756395946,1.0229389087533642,-0.0226071327225542,3.134768809825729,1.4551102740604491
64.0,158.0,1005.2555541992188,-0.5037094802039921,3.707585390221884,-0.3280569768488796,3.321070462527059,0.979043172621886,-0.4155761280008436,0.9565504599200948,0.2951346271246178,3.295787014291044,2.1819067114242974
64.0,158.0,1006.83154296875,1.5265036097584397,2.4688393553651458,-0.2193779993269236,3.456649131017686,-0.280184533111481,1.4322115030166764,0.0073984864598439,0.0552709621325861,2.764100911123255,1.699477136905433
64.0,158.0,1006.2119140625,0.4893625390202833,1.7795423029239368,-0.2283334970089545,3.1277989280704825,0.4981169607027755,1.141197769335064,2.5146578201478693,1.975507430672696,4.311031517865723,2.0922100116751228
64.0,158.0,1005.1494140625,1.4267671879387,2.82151791963309,-0.2050135975394147,3.599402345635524,-0.212234014229664,1.0699343377498252,1.054124327480299,-0.0348381047181509,3.2384919490320403,1.683330061310487
64.0,158.0,1005.474853515625,1.5026949966969567,4.303640589644998,0.0467183102294996,3.508585978273294,-0.276222544546385,1.2632585220760255,0.9839023829757484,0.4548566034085533,3.319979299343642,1.681623450852277
64.0,158.0,1004.5355224609376,-0.2067583177486083,2.156645823399848,1.1237471826284795,3.780946817479548,-0.5114493991580722,1.3470285072754011,1.5426076556614716,0.9251629364195506,3.6326501297850458,1.193605314089168
64.0,158.0,1005.1493530273438,0.5735184706036716,3.028423329307017,0.2644622216036731,2.659398374348958,0.2306337810705419,1.0125999917583286,1.1341537852403114,0.5087035841895886,3.226086612326376,1.548830647479367
64.0,158.0,1004.7785034179688,0.6991135168312739,2.894738252833397,-0.2188575842976097,3.4645647397683965,-0.2438181442738039,1.0991670823590096,0.687295206439572,1.314428712403647,3.3101250531130244,1.6781756112361752
64.0,158.0,1006.7550048828124,1.7724945126995004,3.0703987008149776,0.1826723068202544,3.2010081142690723,-0.121466419569273,1.2303004122357388,1.0661233202080411,-0.0710318298801985,3.2991645041737008,1.720742171507914
64.0,158.0,1004.95849609375,0.9162956780313632,2.1247201074083826,0.0379144096914144,3.0493734156772465,-0.204541723945408,1.0866278545155783,1.081534562537653,-0.1426858802547873,2.5531626479271203,1.6834925846586402
64.0,158.0,1005.079833984375,0.8078773908434,3.0635542735379326,-0.2222773718837908,3.644619233544741,-0.0438507735814526,1.4232936018416082,0.7302359461628485,0.463335757005806,3.131559441489576,1.6311643300045815
64.0,158.0,1005.9080810546876,1.0513515896295955,3.0324479004866207,-0.1399893757068982,2.5909601277576697,-0.1207554487964864,2.5126882206643253,1.1607896320933913,0.180815057255496,3.251736532375584,2.58552590355996
64.0,158.0,1005.7649536132812,0.2825466944237913,3.223371955913502,-1.130107795435179,3.475165291581171,-1.048330892200188,0.6773142097574366,1.7224453178602437,-0.0116344510771347,2.978858171781275,1.664112733334867
64.0,158.0,1003.8233642578124,1.028523366259821,3.0628461474330293,-0.3204188298828894,3.0167776901382988,0.2647472536681213,1.306874930918926,0.9514498344110252,-0.5399432597472117,3.348110656193866,0.8965220619264871
64.0,158.0,1006.2741088867188,1.643031542836416,3.606370926934152,-0.6934784640503268,3.544777025413626,-0.1168117638030309,0.939111865717292,1.235370936060419,0.8014975999324441,3.270795648100955,1.6707495569788469
64.0,158.0,1005.4580688476562,1.714830991173177,3.0751933772525515,-0.3198873779630757,3.0600901733655563,-0.3336865919117254,1.041410814400998,0.9802931378106874,-0.0717430790773777,3.30035801474969,1.62578042127942
64.0,158.0,1006.1286010742188,1.5630251164579407,3.034072154337606,-0.2144607478813976,3.3747890166807086,-0.1840946200972616,1.0834848120091078,1.505132191142844,0.0986427251527393,3.2971237436003165,1.6407078622033984
64.0,158.0,1004.8368530273438,-0.0192859539180938,3.1458012448024646,-0.4052589456220559,3.5837623621294377,-0.4446218579421889,1.004306573519272,1.0674916208430016,-0.1473208806064043,4.659302750457305,1.266183010783346
64.0,158.0,1005.0035400390624,1.488088734200528,3.2964916798764268,-0.081613556681665,3.4931910742310563,-0.4795947022471148,1.19443031097595,1.5983254058784726,0.3030366300005376,3.1093375136026897,1.3517079212642986
64.0,158.0,1005.59716796875,0.8422960777773174,3.0348209215701183,-0.2311176520887816,3.530445462000517,0.731073415144617,1.0838871087870037,1.0526527931079228,-0.2789778063184201,3.525442996103043,1.9314441196361605
64.0,158.0,1005.1682739257812,0.4758226699530498,2.725912301651685,-0.0230184400084026,3.5041163169939864,-0.2839688026094656,0.98246182909671,0.7814411067738086,0.0567855685067581,3.2908997596538847,1.3640380101297185
64.0,158.0,1004.932861328125,1.5796322669745138,2.974669102036052,-0.2759972217390695,3.567574034001228,-0.2093543612178015,1.4940440693796724,1.055340177568717,-0.0056815911348413,3.322450316094878,2.2801882162059304
64.0,158.0,1005.4376220703124,1.4939369051591875,3.208578143175042,-0.0838875551827738,3.6527902052474297,-0.0677512366808728,2.1295316682877434,1.0280783661595605,-0.0117743859456704,3.334761595860714,1.7120512362595308
64.0,158.0,1005.9476318359376,0.0416259073064684,3.056620648095169,0.9059087932371556,3.541676985417584,-0.4558259587305865,-0.3150494321593007,1.05123482986649,-0.0994281152615595,3.238383279985208,1.6565234082160285
64.0,158.0,1006.0139770507812,1.5426257774234884,2.963062015218996,-0.1644154265346108,3.571054709565818,-0.2255485820590461,1.124004775755031,1.0785750977224122,-0.0170868564908297,3.529492666873149,1.8095727813707885
64.0,158.0,1004.924560546875,1.3902787656971398,3.2388825019148166,-0.206591284257351,2.6835356447268124,-0.2393013169250669,1.0825663808182378,0.7880722208517016,0.1086941866441624,3.760609960660497,1.5499190461382142
64.0,158.0,1003.884033203125,1.1425112649696187,3.065090117718845,0.592860107788608,2.8071972518327133,0.2549808842303713,0.7688590957311772,1.1434486482266086,0.1774592781213724,3.2904317271738885,1.6652367097735672
64.0,158.0,1004.8756713867188,1.803103039357084,3.04969122379482,-0.2380855070972431,3.544222673085715,-0.3675432124331079,1.0049334701620785,1.0915745130618049,-0.0166428366782459,3.286393579044508,1.7128181502425668
64.0,158.0,1005.5949096679688,1.065741447403239,3.566321993171797,-0.1722097588879127,3.335195644635442,0.4153135222526197,1.6432684793938577,1.2308026718224587,0.3065238812510272,3.32453208933479,1.4181087479272612
64.0,158.0,1005.1708984375,1.5387374172758588,3.0630905424895096,-0.2761169812147975,3.539551483750204,-0.0710913967583387,1.0864629386437223,1.0432566156141505,0.0406253156605319,3.3703392304127733,1.6847979903288934
64.0,158.0,1004.3433227539062,1.5246637626108075,2.588764633984187,-0.2247483509817702,3.541791433209113,-0.2094105942329443,0.0900981966808316,1.4472220790014578,0.3634141441016041,3.275517642189521,1.677631713184814
64.0,158.0,1006.3489990234376,1.5514520891483368,3.057318420357167,-0.2631982522786442,3.525985729806991,-0.211421577591669,1.0871765917978395,1.0592099546980789,-0.0142462550174791,2.96232874565588,1.5743383689854655
64.0,158.0,1005.1350708007812,0.1661038185710084,2.5390123143543657,2.0774916054569346,1.835614257140512,-1.5735118140693944,0.0393769710875324,1.5364656260845004,0.9512514490147672,2.833057723425437,1.6722709438483858
64.0,158.0,1006.7476806640624,1.3783292661069166,2.227281756843792,0.7486796121921748,2.3676098445669496,-0.4352187250238886,0.1295667694666509,1.2582478032152908,0.9678886220425788,1.546052822985894,1.7088008776725607
64.0,158.0,1003.6841430664062,1.5264166200797986,3.063097861613356,-0.215819897253269,3.5490497273888275,-0.2048867388282806,1.0826619122252867,1.0511392207255632,-0.0170243374408754,3.2973942147249127,1.6821927523441609
64.0,158.0,1005.0227661132812,1.1090167985935704,3.054929262949412,0.2138404591139139,3.3785257770175283,-0.2062982807170551,0.6081492878130935,1.0163426512361524,-0.0348229360837541,3.2931519023315508,1.7331119502206431
64.0,158.0,1006.3912353515624,1.0823124156003283,3.145532408020725,0.0937498638335725,4.3492484902596935,-0.983369492477124,0.3045399617600217,1.0355153888892177,-0.6035785196627739,3.47882371336145,1.9749920545649893
64.0,158.0,1003.7677001953124,0.9753379059727132,3.027481911426474,0.8914709442373026,3.6385006360362526,-0.1936568623912141,0.9354252219936228,1.0515023454212475,1.5844169383747184,3.3013099988549235,1.6821957420369034
64.0,158.0,1005.7315063476562,1.5396689441273124,3.0386942734840274,0.0727790596694881,3.99653790662412,-0.2180394714265182,1.1227822176659112,0.9898665587735348,-0.0161734394273001,3.292559616599718,1.7283088665121291
64.0,158.0,1005.9786376953124,1.1755166225902458,3.0139295819900664,-0.2417305383366287,3.616814653335077,-0.2729520402836232,1.8592848557108288,1.1177652924446315,0.1211451494947978,3.912459696901169,2.2316448068592054
64.0,158.0,1004.7403564453124,0.4804166552562906,3.142058809388116,-0.507253232726782,3.78275224637308,-0.5671588827166028,1.1261544357254607,1.4122039073154182,0.5007209311294231,3.503301094810195,1.926829920271378
64.0,158.0,1004.5214233398438,1.3925082887281215,3.065088985864282,-0.1686798461004562,2.4937664364779137,-0.2246521629870259,1.0573601922845028,1.0844478999456344,-0.8866334099558765,3.2654268773896447,1.6563374701400866
64.0,158.0,1006.101806640625,1.5145614614356997,2.994643314133276,-0.4385238738008652,2.6498988515969346,-0.2204737755628775,1.1219320992016055,0.99350013477897,-0.0190371027451072,3.134156782158529,1.6797391789481235
64.0,158.0,1005.5848999023438,-0.4976473021030942,3.419951677935696,-0.3086301958483286,3.870154605804175,-1.1699164176837953,1.6993185462984577,0.8701808901365833,0.0028869377323087,3.427754210534899,1.6924904654891433
64.0,158.0,1005.8743896484376,0.0594998054986024,2.4736092679713666,-0.1808303602303297,1.535912543515276,-0.2128728184311272,0.8096079746393341,0.1778975985534896,-0.0199302804665875,3.321000599716123,2.4317144383963893
64.0,158.0,1005.768310546875,1.5999854791936896,2.9805356758612893,-0.224463190705871,3.807145392204087,-0.3379384159359995,1.0087144864956603,0.8161970981207121,-0.0299745068515237,3.525817858828421,1.6851147134922917
64.0,159.0,1004.6443481445312,0.6900176227674764,3.063074350782302,-0.3302721781170479,3.0126561550720083,-0.1976159951512532,1.5970259768578052,1.2511792713171723,-0.0167520924344081,3.4265898532482377,1.5636003792452855
64.0,159.0,1006.072509765625,0.8129979015080218,3.0625484625269754,-0.0274607368305971,3.560464627617841,-0.0561365307945617,1.0757958091172746,1.0387039880570137,-0.0180609384480212,3.156465317795316,1.5387089975566504
64.0,159.0,1006.1292724609376,0.8825330645131402,3.064174342687368,-0.2362635771631851,3.582316996030628,-0.2074679037536006,0.9559810891053128,1.0531749231574068,-0.0434490340044395,3.286294651604756,2.3253331241426074
64.0,159.0,1005.7072143554688,1.6491448804843336,2.9104453120023,-0.2376035463302053,3.615676320374159,-0.5459213406507523,1.0802436756395946,1.0229389087533642,-0.0226071327225542,3.134768809825729,1.4551102740604491
64.0,159.0,1005.2555541992188,-0.5037094802039921,3.707585390221884,-0.3280569768488796,3.321070462527059,0.979043172621886,-0.4155761280008436,0.9565504599200948,0.2951346271246178,3.295787014291044,2.1819067114242974
64.0,159.0,1006.83154296875,1.5265036097584397,2.4688393553651458,-0.2193779993269236,3.456649131017686,-0.280184533111481,1.4322115030166764,0.0073984864598439,0.0552709621325861,2.764100911123255,1.699477136905433
64.0,159.0,1006.2119140625,0.4893625390202833,1.7795423029239368,-0.2283334970089545,3.1277989280704825,0.4981169607027755,1.141197769335064,2.5146578201478693,1.975507430672696,4.311031517865723,2.0922100116751228
64.0,159.0,1005.1494140625,1.4267671879387,2.82151791963309,-0.2050135975394147,3.599402345635524,-0.212234014229664,1.0699343377498252,1.054124327480299,-0.0348381047181509,3.2384919490320403,1.683330061310487
64.0,159.0,1005.474853515625,1.5026949966969567,4.303640589644998,0.0467183102294996,3.508585978273294,-0.276222544546385,1.2632585220760255,0.9839023829757484,0.4548566034085533,3.319979299343642,1.681623450852277
64.0,159.0,1004.5355224609376,-0.2067583177486083,2.156645823399848,1.1237471826284795,3.780946817479548,-0.5114493991580722,1.3470285072754011,1.5426076556614716,0.9251629364195506,3.6326501297850458,1.193605314089168
64.0,159.0,1005.1493530273438,0.5735184706036716,3.028423329307017,0.2644622216036731,2.659398374348958,0.2306337810705419,1.0125999917583286,1.1341537852403114,0.5087035841895886,3.226086612326376,1.548830647479367
64.0,159.0,1004.7785034179688,0.6991135168312739,2.894738252833397,-0.2188575842976097,3.4645647397683965,-0.2438181442738039,1.0991670823590096,0.687295206439572,1.314428712403647,3.3101250531130244,1.6781756112361752
64.0,159.0,1006.7550048828124,1.7724945126995004,3.0703987008149776,0.1826723068202544,3.2010081142690723,-0.121466419569273,1.2303004122357388,1.0661233202080411,-0.0710318298801985,3.2991645041737008,1.720742171507914
64.0,159.0,1004.95849609375,0.9162956780313632,2.1247201074083826,0.0379144096914144,3.0493734156772465,-0.204541723945408,1.0866278545155783,1.081534562537653,-0.1426858802547873,2.5531626479271203,1.6834925846586402
64.0,159.0,1005.079833984375,0.8078773908434,3.0635542735379326,-0.2222773718837908,3.644619233544741,-0.0438507735814526,1.4232936018416082,0.7302359461628485,0.463335757005806,3.131559441489576,1.6311643300045815
64.0,159.0,1005.9080810546876,1.0513515896295955,3.0324479004866207,-0.1399893757068982,2.5909601277576697,-0.1207554487964864,2.5126882206643253,1.1607896320933913,0.180815057255496,3.251736532375584,2.58552590355996
64.0,159.0,1005.7649536132812,0.2825466944237913,3.223371955913502,-1.130107795435179,3.475165291581171,-1.048330892200188,0.6773142097574366,1.7224453178602437,-0.0116344510771347,2.978858171781275,1.664112733334867
64.0,159.0,1003.8233642578124,1.028523366259821,3.0628461474330293,-0.3204188298828894,3.0167776901382988,0.2647472536681213,1.306874930918926,0.9514498344110252,-0.5399432597472117,3.348110656193866,0.8965220619264871
64.0,159.0,1006.2741088867188,1.643031542836416,3.606370926934152,-0.6934784640503268,3.544777025413626,-0.1168117638030309,0.939111865717292,1.235370936060419,0.8014975999324441,3.270795648100955,1.6707495569788469
64.0,159.0,1005.4580688476562,1.714830991173177,3.0751933772525515,-0.3198873779630757,3.0600901733655563,-0.3336865919117254,1.041410814400998,0.9802931378106874,-0.0717430790773777,3.30035801474969,1.62578042127942
64.0,159.0,1006.1286010742188,1.5630251164579407,3.034072154337606,-0.2144607478813976,3.3747890166807086,-0.1840946200972616,1.0834848120091078,1.505132191142844,0.0986427251527393,3.2971237436003165,1.6407078622033984
64.0,159.0,1004.8368530273438,-0.0192859539180938,3.1458012448024646,-0.4052589456220559,3.5837623621294377,-0.4446218579421889,1.004306573519272,1.0674916208430016,-0.1473208806064043,4.659302750457305,1.266183010783346
64.0,159.0,1005.0035400390624,1.488088734200528,3.2964916798764268,-0.081613556681665,3.4931910742310563,-0.4795947022471148,1.19443031097595,1.5983254058784726,0.3030366300005376,3.1093375136026897,1.3517079212642986
64.0,159.0,1005.59716796875,0.8422960777773174,3.0348209215701183,-0.2311176520887816,3.530445462000517,0.731073415144617,1.0838871087870037,1.0526527931079228,-0.2789778063184201,3.525442996103043,1.9314441196361605
64.0,159.0,1005.1682739257812,0.4758226699530498,2.725912301651685,-0.0230184400084026,3.5041163169939864,-0.2839688026094656,0.98246182909671,0.7814411067738086,0.0567855685067581,3.2908997596538847,1.3640380101297185
64.0,159.0,1004.932861328125,1.5796322669745138,2.974669102036052,-0.2759972217390695,3.567574034001228,-0.2093543612178015,1.4940440693796724,1.055340177568717,-0.0056815911348413,3.322450316094878,2.2801882162059304
64.0,159.0,1005.4376220703124,1.4939369051591875,3.208578143175042,-0.0838875551827738,3.6527902052474297,-0.0677512366808728,2.1295316682877434,1.0280783661595605,-0.0117743859456704,3.334761595860714,1.7120512362595308
64.0,159.0,1005.9476318359376,0.0416259073064684,3.056620648095169,0.9059087932371556,3.541676985417584,-0.4558259587305865,-0.3150494321593007,1.05123482986649,-0.0994281152615595,3.238383279985208,1.6565234082160285
64.0,159.0,1006.0139770507812,1.5426257774234884,2.963062015218996,-0.1644154265346108,3.571054709565818,-0.2255485820590461,1.124004775755031,1.0785750977224122,-0.0170868564908297,3.529492666873149,1.8095727813707885
64.0,159.0,1004.924560546875,1.3902787656971398,3.2388825019148166,-0.206591284257351,2.6835356447268124,-0.2393013169250669,1.0825663808182378,0.7880722208517016,0.1086941866441624,3.760609960660497,1.5499190461382142
64.0,159.0,1003.884033203125,1.1425112649696187,3.065090117718845,0.592860107788608,2.8071972518327133,0.2549808842303713,0.7688590957311772,1.1434486482266086,0.1774592781213724,3.2904317271738885,1.6652367097735672
64.0,159.0,1004.8756713867188,1.803103039357084,3.04969122379482,-0.2380855070972431,3.544222673085715,-0.3675432124331079,1.0049334701620785,1.0915745130618049,-0.0166428366782459,3.286393579044508,1.7128181502425668
64.0,159.0,1005.5949096679688,1.065741447403239,3.566321993171797,-0.1722097588879127,3.335195644635442,0.4153135222526197,1.6432684793938577,1.2308026718224587,0.3065238812510272,3.32453208933479,1.4181087479272612
64.0,159.0,1005.1708984375,1.5387374172758588,3.0630905424895096,-0.2761169812147975,3.539551483750204,-0.0710913967583387,1.0864629386437223,1.0432566156141505,0.0406253156605319,3.3703392304127733,1.6847979903288934
64.0,159.0,1004.3433227539062,1.5246637626108075,2.588764633984187,-0.2247483509817702,3.541791433209113,-0.2094105942329443,0.0900981966808316,1.4472220790014578,0.3634141441016041,3.275517642189521,1.677631713184814
64.0,159.0,1006.3489990234376,1.5514520891483368,3.057318420357167,-0.2631982522786442,3.525985729806991,-0.211421577591669,1.0871765917978395,1.0592099546980789,-0.0142462550174791,2.96232874565588,1.5743383689854655
64.0,159.0,1005.1350708007812,0.1661038185710084,2.5390123143543657,2.0774916054569346,1.835614257140512,-1.5735118140693944,0.0393769710875324,1.5364656260845004,0.9512514490147672,2.833057723425437,1.6722709438483858
64.0,159.0,1006.7476806640624,1.3783292661069166,2.227281756843792,0.7486796121921748,2.3676098445669496,-0.4352187250238886,0.1295667694666509,1.2582478032152908,0.9678886220425788,1.546052822985894,1.7088008776725607
64.0,159.0,1003.6841430664062,1.5264166200797986,3.063097861613356,-0.215819897253269,3.5490497273888275,-0.2048867388282806,1.0826619122252867,1.0511392207255632,-0.0170243374408754,3.2973942147249127,1.6821927523441609
64.0,159.0,1005.0227661132812,1.1090167985935704,3.054929262949412,0.2138404591139139,3.3785257770175283,-0.2062982807170551,0.6081492878130935,1.0163426512361524,-0.0348229360837541,3.2931519023315508,1.7331119502206431
64.0,159.0,1006.3912353515624,1.0823124156003283,3.145532408020725,0.0937498638335725,4.3492484902596935,-0.983369492477124,0.3045399617600217,1.0355153888892177,-0.6035785196627739,3.47882371336145,1.9749920545649893
64.0,159.0,1003.7677001953124,0.9753379059727132,3.027481911426474,0.8914709442373026,3.6385006360362526,-0.1936568623912141,0.9354252219936228,1.0515023454212475,1.5844169383747184,3.3013099988549235,1.6821957420369034
64.0,159.0,1005.7315063476562,1.5396689441273124,3.0386942734840274,0.0727790596694881,3.99653790662412,-0.2180394714265182,1.1227822176659112,0.9898665587735348,-0.0161734394273001,3.292559616599718,1.7283088665121291
64.0,159.0,1005.9786376953124,1.1755166225902458,3.0139295819900664,-0.2417305383366287,3.616814653335077,-0.2729520402836232,1.8592848557108288,1.1177652924446315,0.1211451494947978,3.912459696901169,2.2316448068592054
64.0,159.0,1004.7403564453124,0.4804166552562906,3.142058809388116,-0.507253232726782,3.78275224637308,-0.5671588827166028,1.1261544357254607,1.4122039073154182,0.5007209311294231,3.503301094810195,1.926829920271378
64.0,159.0,1004.5214233398438,1.3925082887281215,3.065088985864282,-0.1686798461004562,2.4937664364779137,-0.2246521629870259,1.0573601922845028,1.0844478999456344,-0.8866334099558765,3.2654268773896447,1.6563374701400866
64.0,159.0,1006.101806640625,1.5145614614356997,2.994643314133276,-0.4385238738008652,2.6498988515969346,-0.2204737755628775,1.1219320992016055,0.99350013477897,-0.0190371027451072,3.134156782158529,1.6797391789481235
64.0,159.0,1005.5848999023438,-0.4976473021030942,3.419951677935696,-0.3086301958483286,3.870154605804175,-1.1699164176837953,1.6993185462984577,0.8701808901365833,0.0028869377323087,3.427754210534899,1.6924904654891433
64.0,159.0,1005.8743896484376,0.0594998054986024,2.4736092679713666,-0.1808303602303297,1.535912543515276,-0.2128728184311272,0.8096079746393341,0.1778975985534896,-0.0199302804665875,3.321000599716123,2.4317144383963893
64.0,159.0,1005.768310546875,1.5999854791936896,2.9805356758612893,-0.224463190705871,3.807145392204087,-0.3379384159359995,1.0087144864956603,0.8161970981207121,-0.0299745068515237,3.525817858828421,1.6851147134922917
64.0,160.0,1004.6443481445312,0.6900176227674764,3.063074350782302,-0.3302721781170479,3.0126561550720083,-0.1976159951512532,1.5970259768578052,1.2511792713171723,-0.0167520924344081,3.4265898532482377,1.5636003792452855
64.0,160.0,1006.072509765625,0.8129979015080218,3.0625484625269754,-0.0274607368305971,3.560464627617841,-0.0561365307945617,1.0757958091172746,1.0387039880570137,-0.0180609384480212,3.156465317795316,1.5387089975566504
64.0,160.0,1006.1292724609376,0.8825330645131402,3.064174342687368,-0.2362635771631851,3.582316996030628,-0.2074679037536006,0.9559810891053128,1.0531749231574068,-0.0434490340044395,3.286294651604756,2.3253331241426074
64.0,160.0,1005.7072143554688,1.6491448804843336,2.9104453120023,-0.2376035463302053,3.615676320374159,-0.5459213406507523,1.0802436756395946,1.0229389087533642,-0.0226071327225542,3.134768809825729,1.4551102740604491
64.0,160.0,1005.2555541992188,-0.5037094802039921,3.707585390221884,-0.3280569768488796,3.321070462527059,0.979043172621886,-0.4155761280008436,0.9565504599200948,0.2951346271246178,3.295787014291044,2.1819067114242974
64.0,160.0,1006.83154296875,1.5265036097584397,2.4688393553651458,-0.2193779993269236,3.456649131017686,-0.280184533111481,1.4322115030166764,0.0073984864598439,0.0552709621325861,2.764100911123255,1.699477136905433
64.0,160.0,1006.2119140625,0.4893625390202833,1.7795423029239368,-0.2283334970089545,3.1277989280704825,0.4981169607027755,1.141197769335064,2.5146578201478693,1.975507430672696,4.311031517865723,2.0922100116751228
64.0,160.0,1005.1494140625,1.4267671879387,2.82151791963309,-0.2050135975394147,3.599402345635524,-0.212234014229664,1.0699343377498252,1.054124327480299,-0.0348381047181509,3.2384919490320403,1.683330061310487
64.0,160.0,1005.474853515625,1.5026949966969567,4.303640589644998,0.0467183102294996,3.508585978273294,-0.276222544546385,1.2632585220760255,0.9839023829757484,0.4548566034085533,3.319979299343642,1.681623450852277
64.0,160.0,1004.5355224609376,-0.2067583177486083,2.156645823399848,1.1237471826284795,3.780946817479548,-0.5114493991580722,1.3470285072754011,1.5426076556614716,0.9251629364195506,3.6326501297850458,1.193605314089168
64.0,160.0,1005.1493530273438,0.5735184706036716,3.028423329307017,0.2644622216036731,2.659398374348958,0.2306337810705419,1.0125999917583286,1.1341537852403114,0.5087035841895886,3.226086612326376,1.548830647479367
64.0,160.0,1004.7785034179688,0.6991135168312739,2.894738252833397,-0.2188575842976097,3.4645647397683965,-0.2438181442738039,1.0991670823590096,0.687295206439572,1.314428712403647,3.3101250531130244,1.6781756112361752
64.0,160.0,1006.7550048828124,1.7724945126995004,3.0703987008149776,0.1826723068202544,3.2010081142690723,-0.121466419569273,1.2303004122357388,1.0661233202080411,-0.0710318298801985,3.2991645041737008,1.720742171507914
64.0,160.0,1004.95849609375,0.9162956780313632,2.1247201074083826,0.0379144096914144,3.0493734156772465,-0.204541723945408,1.0866278545155783,1.081534562537653,-0.1426858802547873,2.5531626479271203,1.6834925846586402
64.0,160.0,1005.079833984375,0.8078773908434,3.0635542735379326,-0.2222773718837908,3.644619233544741,-0.0438507735814526,1.4232936018416082,0.7302359461628485,0.463335757005806,3.131559441489576,1.6311643300045815
64.0,160.0,1005.9080810546876,1.0513515896295955,3.0324479004866207,-0.1399893757068982,2.5909601277576697,-0.1207554487964864,2.5126882206643253,1.1607896320933913,0.180815057255496,3.251736532375584,2.58552590355996
64.0,160.0,1005.7649536132812,0.2825466944237913,3.223371955913502,-1.130107795435179,3.475165291581171,-1.048330892200188,0.6773142097574366,1.7224453178602437,-0.0116344510771347,2.978858171781275,1.664112733334867
64.0,160.0,1003.8233642578124,1.028523366259821,3.0628461474330293,-0.3204188298828894,3.0167776901382988,0.2647472536681213,1.306874930918926,0.9514498344110252,-0.5399432597472117,3.348110656193866,0.8965220619264871
64.0,160.0,1006.2741088867188,1.643031542836416,3.606370926934152,-0.6934784640503268,3.544777025413626,-0.1168117638030309,0.939111865717292,1.235370936060419,0.8014975999324441,3.270795648100955,1.6707495569788469
64.0,160.0,1005.4580688476562,1.714830991173177,3.0751933772525515,-0.3198873779630757,3.0600901733655563,-0.3336865919117254,1.041410814400998,0.9802931378106874,-0.0717430790773777,3.30035801474969,1.62578042127942
64.0,160.0,1006.1286010742188,1.5630251164579407,3.034072154337606,-0.2144607478813976,3.3747890166807086,-0.1840946200972616,1.0834848120091078,1.505132191142844,0.0986427251527393,3.2971237436003165,1.6407078622033984
64.0,160.0,1004.8368530273438,-0.0192859539180938,3.1458012448024646,-0.4052589456220559,3.5837623621294377,-0.4446218579421889,1.004306573519272,1.0674916208430016,-0.1473208806064043,4.659302750457305,1.266183010783346
64.0,160.0,1005.0035400390624,1.488088734200528,3.2964916798764268,-0.081613556681665,3.4931910742310563,-0.4795947022471148,1.19443031097595,1.5983254058784726,0.3030366300005376,3.1093375136026897,1.3517079212642986
64.0,160.0,1005.59716796875,0.8422960777773174,3.0348209215701183,-0.2311176520887816,3.530445462000517,0.731073415144617,1.0838871087870037,1.0526527931079228,-0.2789778063184201,3.525442996103043,1.9314441196361605
64.0,160.0,1005.1682739257812,0.4758226699530498,2.725912301651685,-0.0230184400084026,3.5041163169939864,-0.2839688026094656,0.98246182909671,0.7814411067738086,0.0567855685067581,3.2908997596538847,1.3640380101297185
64.0,160.0,1004.932861328125,1.5796322669745138,2.974669102036052,-0.2759972217390695,3.567574034001228,-0.2093543612178015,1.4940440693796724,1.055340177568717,-0.0056815911348413,3.322450316094878,2.2801882162059304
64.0,160.0,1005.4376220703124,1.4939369051591875,3.208578143175042,-0.0838875551827738,3.6527902052474297,-0.0677512366808728,2.1295316682877434,1.0280783661595605,-0.0117743859456704,3.334761595860714,1.7120512362595308
64.0,160.0,1005.9476318359376,0.0416259073064684,3.056620648095169,0.9059087932371556,3.541676985417584,-0.4558259587305865,-0.3150494321593007,1.05123482986649,-0.0994281152615595,3.238383279985208,1.6565234082160285
64.0,160.0,1006.0139770507812,1.5426257774234884,2.963062015218996,-0.1644154265346108,3.571054709565818,-0.2255485820590461,1.124004775755031,1.0785750977224122,-0.0170868564908297,3.529492666873149,1.8095727813707885
64.0,160.0,1004.924560546875,1.3902787656971398,3.2388825019148166,-0.206591284257351,2.6835356447268124,-0.2393013169250669,1.0825663808182378,0.7880722208517016,0.1086941866441624,3.760609960660497,1.5499190461382142
64.0,160.0,1003.884033203125,1.1425112649696187,3.065090117718845,0.592860107788608,2.8071972518327133,0.2549808842303713,0.7688590957311772,1.1434486482266086,0.1774592781213724,3.2904317271738885,1.6652367097735672
64.0,160.0,1004.8756713867188,1.803103039357084,3.04969122379482,-0.2380855070972431,3.544222673085715,-0.3675432124331079,1.0049334701620785,1.0915745130618049,-0.0166428366782459,3.286393579044508,1.7128181502425668
64.0,160.0,1005.5949096679688,1.065741447403239,3.566321993171797,-0.1722097588879127,3.335195644635442,0.4153135222526197,1.6432684793938577,1.2308026718224587,0.3065238812510272,3.32453208933479,1.4181087479272612
64.0,160.0,1005.1708984375,1.5387374172758588,3.0630905424895096,-0.2761169812147975,3.539551483750204,-0.0710913967583387,1.0864629386437223,1.0432566156141505,0.0406253156605319,3.3703392304127733,1.6847979903288934
64.0,160.0,1004.3433227539062,1.5246637626108075,2.588764633984187,-0.2247483509817702,3.541791433209113,-0.2094105942329443,0.0900981966808316,1.4472220790014578,0.3634141441016041,3.275517642189521,1.677631713184814
64.0,160.0,1006.3489990234376,1.5514520891483368,3.057318420357167,-0.2631982522786442,3.525985729806991,-0.211421577591669,1.0871765917978395,1.0592099546980789,-0.0142462550174791,2.96232874565588,1.5743383689854655
64.0,160.0,1005.1350708007812,0.1661038185710084,2.5390123143543657,2.0774916054569346,1.835614257140512,-1.5735118140693944,0.0393769710875324,1.5364656260845004,0.9512514490147672,2.833057723425437,1.6722709438483858
64.0,160.0,1006.7476806640624,1.3783292661069166,2.227281756843792,0.7486796121921748,2.3676098445669496,-0.4352187250238886,0.1295667694666509,1.2582478032152908,0.9678886220425788,1.546052822985894,1.7088008776725607
64.0,160.0,1003.6841430664062,1.5264166200797986,3.063097861613356,-0.215819897253269,3.5490497273888275,-0.2048867388282806,1.0826619122252867,1.0511392207255632,-0.0170243374408754,3.2973942147249127,1.6821927523441609
64.0,160.0,1005.0227661132812,1.1090167985935704,3.054929262949412,0.2138404591139139,3.3785257770175283,-0.2062982807170551,0.6081492878130935,1.0163426512361524,-0.0348229360837541,3.2931519023315508,1.7331119502206431
64.0,160.0,1006.3912353515624,1.0823124156003283,3.145532408020725,0.0937498638335725,4.3492484902596935,-0.983369492477124,0.3045399617600217,1.0355153888892177,-0.6035785196627739,3.47882371336145,1.9749920545649893
64.0,160.0,1003.7677001953124,0.9753379059727132,3.027481911426474,0.8914709442373026,3.6385006360362526,-0.1936568623912141,0.9354252219936228,1.0515023454212475,1.5844169383747184,3.3013099988549235,1.6821957420369034
64.0,160.0,1005.7315063476562,1.5396689441273124,3.0386942734840274,0.0727790596694881,3.99653790662412,-0.2180394714265182,1.1227822176659112,0.9898665587735348,-0.0161734394273001,3.292559616599718,1.7283088665121291
64.0,160.0,1005.9786376953124,1.1755166225902458,3.0139295819900664,-0.2417305383366287,3.616814653335077,-0.2729520402836232,1.8592848557108288,1.1177652924446315,0.1211451494947978,3.912459696901169,2.2316448068592054
64.0,160.0,1004.7403564453124,0.4804166552562906,3.142058809388116,-0.507253232726782,3.78275224637308,-0.5671588827166028,1.1261544357254607,1.4122039073154182,0.5007209311294231,3.503301094810195,1.926829920271378
64.0,160.0,1004.5214233398438,1.3925082887281215,3.065088985864282,-0.1686798461004562,2.4937664364779137,-0.2246521629870259,1.0573601922845028,1.0844478999456344,-0.8866334099558765,3.2654268773896447,1.6563374701400866
64.0,160.0,1006.101806640625,1.5145614614356997,2.994643314133276,-0.4385238738008652,2.6498988515969346,-0.2204737755628775,1.1219320992016055,0.99350013477897,-0.0190371027451072,3.134156782158529,1.6797391789481235
64.0,160.0,1005.5848999023438,-0.4976473021030942,3.419951677935696,-0.3086301958483286,3.870154605804175,-1.1699164176837953,1.6993185462984577,0.8701808901365833,0.0028869377323087,3.427754210534899,1.6924904654891433
64.0,160.0,1005.8743896484376,0.0594998054986024,2.4736092679713666,-0.1808303602303297,1.535912543515276,-0.2128728184311272,0.8096079746393341,0.1778975985534896,-0.0199302804665875,3.321000599716123,2.4317144383963893
64.0,160.0,1005.768310546875,1.5999854791936896,2.9805356758612893,-0.224463190705871,3.807145392204087,-0.3379384159359995,1.0087144864956603,0.8161970981207121,-0.0299745068515237,3.525817858828421,1.6851147134922917
64.0,161.0,1004.6443481445312,0.6900176227674764,3.063074350782302,-0.3302721781170479,3.0126561550720083,-0.1976159951512532,1.5970259768578052,1.2511792713171723,-0.0167520924344081,3.4265898532482377,1.5636003792452855
64.0,161.0,1006.072509765625,0.8129979015080218,3.0625484625269754,-0.0274607368305971,3.560464627617841,-0.0561365307945617,1.0757958091172746,1.0387039880570137,-0.0180609384480212,3.156465317795316,1.5387089975566504
64.0,161.0,1006.1292724609376,0.8825330645131402,3.064174342687368,-0.2362635771631851,3.582316996030628,-0.2074679037536006,0.9559810891053128,1.0531749231574068,-0.0434490340044395,3.286294651604756,2.3253331241426074
64.0,161.0,1005.7072143554688,1.6491448804843336,2.9104453120023,-0.2376035463302053,3.615676320374159,-0.5459213406507523,1.0802436756395946,1.0229389087533642,-0.0226071327225542,3.134768809825729,1.4551102740604491
64.0,161.0,1005.2555541992188,-0.5037094802039921,3.707585390221884,-0.3280569768488796,3.321070462527059,0.979043172621886,-0.4155761280008436,0.9565504599200948,0.2951346271246178,3.295787014291044,2.1819067114242974
64.0,161.0,1006.83154296875,1.5265036097584397,2.4688393553651458,-0.2193779993269236,3.456649131017686,-0.280184533111481,1.4322115030166764,0.0073984864598439,0.0552709621325861,2.764100911123255,1.699477136905433
64.0,161.0,1006.2119140625,0.4893625390202833,1.7795423029239368,-0.2283334970089545,3.1277989280704825,0.4981169607027755,1.141197769335064,2.5146578201478693,1.975507430672696,4.311031517865723,2.0922100116751228
64.0,161.0,1005.1494140625,1.4267671879387,2.82151791963309,-0.2050135975394147,3.599402345635524,-0.212234014229664,1.0699343377498252,1.054124327480299,-0.0348381047181509,3.2384919490320403,1.683330061310487
64.0,161.0,1005.474853515625,1.5026949966969567,4.303640589644998,0.0467183102294996,3.508585978273294,-0.276222544546385,1.2632585220760255,0.9839023829757484,0.4548566034085533,3.319979299343642,1.681623450852277
64.0,161.0,1004.5355224609376,-0.2067583177486083,2.156645823399848,1.1237471826284795,3.780946817479548,-0.5114493991580722,1.3470285072754011,1.5426076556614716,0.9251629364195506,3.6326501297850458,1.193605314089168
64.0,161.0,1005.1493530273438,0.5735184706036716,3.028423329307017,0.2644622216036731,2.659398374348958,0.2306337810705419,1.0125999917583286,1.1341537852403114,0.5087035841895886,3.226086612326376,1.548830647479367
64.0,161.0,1004.7785034179688,0.6991135168312739,2.894738252833397,-0.2188575842976097,3.4645647397683965,-0.2438181442738039,1.0991670823590096,0.687295206439572,1.314428712403647,3.3101250531130244,1.6781756112361752
64.0,161.0,1006.7550048828124,1.7724945126995004,3.0703987008149776,0.1826723068202544,3.2010081142690723,-0.121466419569273,1.2303004122357388,1.0661233202080411,-0.0710318298801985,3.2991645041737008,1.720742171507914
64.0,161.0,1004.95849609375,0.9162956780313632,2.1247201074083826,0.0379144096914144,3.0493734156772465,-0.204541723945408,1.0866278545155783,1.081534562537653,-0.1426858802547873,2.5531626479271203,1.6834925846586402
64.0,161.0,1005.079833984375,0.8078773908434,3.0635542735379326,-0.2222773718837908,3.644619233544741,-0.0438507735814526,1.4232936018416082,0.7302359461628485,0.463335757005806,3.131559441489576,1.6311643300045815
64.0,161.0,1005.9080810546876,1.0513515896295955,3.0324479004866207,-0.1399893757068982,2.5909601277576697,-0.1207554487964864,2.5126882206643253,1.1607896320933913,0.180815057255496,3.251736532375584,2.58552590355996
64.0,161.0,1005.7649536132812,0.2825466944237913,3.223371955913502,-1.130107795435179,3.475165291581171,-1.048330892200188,0.6773142097574366,1.7224453178602437,-0.0116344510771347,2.978858171781275,1.664112733334867
64.0,161.0,1003.8233642578124,1.028523366259821,3.0628461474330293,-0.3204188298828894,3.0167776901382988,0.2647472536681213,1.306874930918926,0.9514498344110252,-0.5399432597472117,3.348110656193866,0.8965220619264871
64.0,161.0,1006.2741088867188,1.643031542836416,3.606370926934152,-0.6934784640503268,3.544777025413626,-0.1168117638030309,0.939111865717292,1.235370936060419,0.8014975999324441,3.270795648100955,1.6707495569788469
64.0,161.0,1005.4580688476562,1.714830991173177,3.0751933772525515,-0.3198873779630757,3.0600901733655563,-0.3336865919117254,1.041410814400998,0.9802931378106874,-0.0717430790773777,3.30035801474969,1.62578042127942
64.0,161.0,1006.1286010742188,1.5630251164579407,3.034072154337606,-0.2144607478813976,3.3747890166807086,-0.1840946200972616,1.0834848120091078,1.505132191142844,0.0986427251527393,3.2971237436003165,1.6407078622033984
64.0,161.0,1004.8368530273438,-0.0192859539180938,3.1458012448024646,-0.4052589456220559,3.5837623621294377,-0.4446218579421889,1.004306573519272,1.0674916208430016,-0.1473208806064043,4.659302750457305,1.266183010783346
64.0,161.0,1005.0035400390624,1.488088734200528,3.2964916798764268,-0.081613556681665,3.4931910742310563,-0.4795947022471148,1.19443031097595,1.5983254058784726,0.3030366300005376,3.1093375136026897,1.3517079212642986
64.0,161.0,1005.59716796875,0.8422960777773174,3.0348209215701183,-0.2311176520887816,3.530445462000517,0.731073415144617,1.0838871087870037,1.0526527931079228,-0.2789778063184201,3.525442996103043,1.9314441196361605
64.0,161.0,1005.1682739257812,0.4758226699530498,2.725912301651685,-0.0230184400084026,3.5041163169939864,-0.2839688026094656,0.98246182909671,0.7814411067738086,0.0567855685067581,3.2908997596538847,1.3640380101297185
64.0,161.0,1004.932861328125,1.5796322669745138,2.974669102036052,-0.2759972217390695,3.567574034001228,-0.2093543612178015,1.4940440693796724,1.055340177568717,-0.0056815911348413,3.322450316094878,2.2801882162059304
64.0,161.0,1005.4376220703124,1.4939369051591875,3.208578143175042,-0.0838875551827738,3.6527902052474297,-0.0677512366808728,2.1295316682877434,1.0280783661595605,-0.0117743859456704,3.334761595860714,1.7120512362595308
64.0,161.0,1005.9476318359376,0.0416259073064684,3.056620648095169,0.9059087932371556,3.541676985417584,-0.4558259587305865,-0.3150494321593007,1.05123482986649,-0.0994281152615595,3.238383279985208,1.6565234082160285
64.0,161.0,1006.0139770507812,1.5426257774234884,2.963062015218996,-0.1644154265346108,3.571054709565818,-0.2255485820590461,1.124004775755031,1.0785750977224122,-0.0170868564908297,3.529492666873149,1.8095727813707885
64.0,161.0,1004.924560546875,1.3902787656971398,3.2388825019148166,-0.206591284257351,2.6835356447268124,-0.2393013169250669,1.0825663808182378,0.7880722208517016,0.1086941866441624,3.760609960660497,1.5499190461382142
64.0,161.0,1003.884033203125,1.1425112649696187,3.065090117718845,0.592860107788608,2.8071972518327133,0.2549808842303713,0.7688590957311772,1.1434486482266086,0.1774592781213724,3.2904317271738885,1.6652367097735672
64.0,161.0,1004.8756713867188,1.803103039357084,3.04969122379482,-0.2380855070972431,3.544222673085715,-0.3675432124331079,1.0049334701620785,1.0915745130618049,-0.0166428366782459,3.286393579044508,1.7128181502425668
64.0,161.0,1005.5949096679688,1.065741447403239,3.566321993171797,-0.1722097588879127,3.335195644635442,0.4153135222526197,1.6432684793938577,1.2308026718224587,0.3065238812510272,3.32453208933479,1.4181087479272612
64.0,161.0,1005.1708984375,1.5387374172758588,3.0630905424895096,-0.2761169812147975,3.539551483750204,-0.0710913967583387,1.0864629386437223,1.0432566156141505,0.0406253156605319,3.3703392304127733,1.6847979903288934
64.0,161.0,1004.3433227539062,1.5246637626108075,2.588764633984187,-0.2247483509817702,3.541791433209113,-0.2094105942329443,0.0900981966808316,1.4472220790014578,0.3634141441016041,3.275517642189521,1.677631713184814
64.0,161.0,1006.3489990234376,1.5514520891483368,3.057318420357167,-0.2631982522786442,3.525985729806991,-0.211421577591669,1.0871765917978395,1.0592099546980789,-0.0142462550174791,2.96232874565588,1.5743383689854655
64.0,161.0,1005.1350708007812,0.1661038185710084,2.5390123143543657,2.0774916054569346,1.835614257140512,-1.5735118140693944,0.0393769710875324,1.5364656260845004,0.9512514490147672,2.833057723425437,1.6722709438483858
64.0,161.0,1006.7476806640624,1.3783292661069166,2.227281756843792,0.7486796121921748,2.3676098445669496,-0.4352187250238886,0.1295667694666509,1.2582478032152908,0.9678886220425788,1.546052822985894,1.7088008776725607
64.0,161.0,1003.6841430664062,1.5264166200797986,3.063097861613356,-0.215819897253269,3.5490497273888275,-0.2048867388282806,1.0826619122252867,1.0511392207255632,-0.0170243374408754,3.2973942147249127,1.6821927523441609
64.0,161.0,1005.0227661132812,1.1090167985935704,3.054929262949412,0.2138404591139139,3.3785257770175283,-0.2062982807170551,0.6081492878130935,1.0163426512361524,-0.0348229360837541,3.2931519023315508,1.7331119502206431
64.0,161.0,1006.3912353515624,1.0823124156003283,3.145532408020725,0.0937498638335725,4.3492484902596935,-0.983369492477124,0.3045399617600217,1.0355153888892177,-0.6035785196627739,3.47882371336145,1.9749920545649893
64.0,161.0,1003.7677001953124,0.9753379059727132,3.027481911426474,0.8914709442373026,3.6385006360362526,-0.1936568623912141,0.9354252219936228,1.0515023454212475,1.5844169383747184,3.3013099988549235,1.6821957420369034
64.0,161.0,1005.7315063476562,1.5396689441273124,3.0386942734840274,0.0727790596694881,3.99653790662412,-0.2180394714265182,1.1227822176659112,0.9898665587735348,-0.0161734394273001,3.292559616599718,1.7283088665121291
64.0,161.0,1005.9786376953124,1.1755166225902458,3.0139295819900664,-0.2417305383366287,3.616814653335077,-0.2729520402836232,1.8592848557108288,1.1177652924446315,0.1211451494947978,3.912459696901169,2.2316448068592054
64.0,161.0,1004.7403564453124,0.4804166552562906,3.142058809388116,-0.507253232726782,3.78275224637308,-0.5671588827166028,1.1261544357254607,1.4122039073154182,0.5007209311294231,3.503301094810195,1.926829920271378
64.0,161.0,1004.5214233398438,1.3925082887281215,3.065088985864282,-0.1686798461004562,2.4937664364779137,-0.2246521629870259,1.0573601922845028,1.0844478999456344,-0.8866334099558765,3.2654268773896447,1.6563374701400866
64.0,161.0,1006.101806640625,1.5145614614356997,2.994643314133276,-0.4385238738008652,2.6498988515969346,-0.2204737755628775,1.1219320992016055,0.99350013477897,-0.0190371027451072,3.134156782158529,1.6797391789481235
64.0,161.0,1005.5848999023438,-0.4976473021030942,3.419951677935696,-0.3086301958483286,3.870154605804175,-1.1699164176837953,1.6993185462984577,0.8701808901365833,0.0028869377323087,3.427754210534899,1.6924904654891433
64.0,161.0,1005.8743896484376,0.0594998054986024,2.4736092679713666,-0.1808303602303297,1.535912543515276,-0.2128728184311272,0.8096079746393341,0.1778975985534896,-0.0199302804665875,3.321000599716123,2.4317144383963893
64.0,161.0,1005.768310546875,1.5999854791936896,2.9805356758612893,-0.224463190705871,3.807145392204087,-0.3379384159359995,1.0087144864956603,0.8161970981207121,-0.0299745068515237,3.525817858828421,1.6851147134922917
64.0,162.0,1004.6443481445312,0.6900176227674764,3.063074350782302,-0.3302721781170479,3.0126561550720083,-0.1976159951512532,1.5970259768578052,1.2511792713171723,-0.0167520924344081,3.4265898532482377,1.5636003792452855
64.0,162.0,1004.2421264648438,1.1090451639676264,3.063170278295987,-0.1754780434512142,3.5433184929382966,-0.1568456031498367,1.0766389807596008,1.0528787249669178,-0.0171620058962041,3.1145081813601543,1.5893554756452115
64.0,162.0,1006.1292724609376,0.8825330645131402,3.064174342687368,-0.2362635771631851,3.582316996030628,-0.2074679037536006,0.9559810891053128,1.0531749231574068,-0.0434490340044395,3.286294651604756,2.3253331241426074
64.0,162.0,1005.7072143554688,1.6491448804843336,2.9104453120023,-0.2376035463302053,3.615676320374159,-0.5459213406507523,1.0802436756395946,1.0229389087533642,-0.0226071327225542,3.134768809825729,1.4551102740604491
64.0,162.0,1005.2555541992188,-0.5037094802039921,3.707585390221884,-0.3280569768488796,3.321070462527059,0.979043172621886,-0.4155761280008436,0.9565504599200948,0.2951346271246178,3.295787014291044,2.1819067114242974
64.0,162.0,1006.83154296875,1.5265036097584397,2.4688393553651458,-0.2193779993269236,3.456649131017686,-0.280184533111481,1.4322115030166764,0.0073984864598439,0.0552709621325861,2.764100911123255,1.699477136905433
64.0,162.0,1006.2119140625,0.4893625390202833,1.7795423029239368,-0.2283334970089545,3.1277989280704825,0.4981169607027755,1.141197769335064,2.5146578201478693,1.975507430672696,4.311031517865723,2.0922100116751228
64.0,162.0,1005.1494140625,1.4267671879387,2.82151791963309,-0.2050135975394147,3.599402345635524,-0.212234014229664,1.0699343377498252,1.054124327480299,-0.0348381047181509,3.2384919490320403,1.683330061310487
64.0,162.0,1005.474853515625,1.5026949966969567,4.303640589644998,0.0467183102294996,3.508585978273294,-0.276222544546385,1.2632585220760255,0.9839023829757484,0.4548566034085533,3.319979299343642,1.681623450852277
64.0,162.0,1004.5355224609376,-0.2067583177486083,2.156645823399848,1.1237471826284795,3.780946817479548,-0.5114493991580722,1.3470285072754011,1.5426076556614716,0.9251629364195506,3.6326501297850458,1.193605314089168
64.0,162.0,1005.1493530273438,0.5735184706036716,3.028423329307017,0.2644622216036731,2.659398374348958,0.2306337810705419,1.0125999917583286,1.1341537852403114,0.5087035841895886,3.226086612326376,1.548830647479367
64.0,162.0,1004.7785034179688,0.6991135168312739,2.894738252833397,-0.2188575842976097,3.4645647397683965,-0.2438181442738039,1.0991670823590096,0.687295206439572,1.314428712403647,3.3101250531130244,1.6781756112361752
64.0,162.0,1006.7550048828124,1.7724945126995004,3.0703987008149776,0.1826723068202544,3.2010081142690723,-0.121466419569273,1.2303004122357388,1.0661233202080411,-0.0710318298801985,3.2991645041737008,1.720742171507914
64.0,162.0,1004.95849609375,0.9162956780313632,2.1247201074083826,0.0379144096914144,3.0493734156772465,-0.204541723945408,1.0866278545155783,1.081534562537653,-0.1426858802547873,2.5531626479271203,1.6834925846586402
64.0,162.0,1005.079833984375,0.8078773908434,3.0635542735379326,-0.2222773718837908,3.644619233544741,-0.0438507735814526,1.4232936018416082,0.7302359461628485,0.463335757005806,3.131559441489576,1.6311643300045815
64.0,162.0,1005.9080810546876,1.0513515896295955,3.0324479004866207,-0.1399893757068982,2.5909601277576697,-0.1207554487964864,2.5126882206643253,1.1607896320933913,0.180815057255496,3.251736532375584,2.58552590355996
64.0,162.0,1005.7649536132812,0.2825466944237913,3.223371955913502,-1.130107795435179,3.475165291581171,-1.048330892200188,0.6773142097574366,1.7224453178602437,-0.0116344510771347,2.978858171781275,1.664112733334867
64.0,162.0,1003.8233642578124,1.028523366259821,3.0628461474330293,-0.3204188298828894,3.0167776901382988,0.2647472536681213,1.306874930918926,0.9514498344110252,-0.5399432597472117,3.348110656193866,0.8965220619264871
64.0,162.0,1006.2741088867188,1.643031542836416,3.606370926934152,-0.6934784640503268,3.544777025413626,-0.1168117638030309,0.939111865717292,1.235370936060419,0.8014975999324441,3.270795648100955,1.6707495569788469
64.0,162.0,1005.4580688476562,1.714830991173177,3.0751933772525515,-0.3198873779630757,3.0600901733655563,-0.3336865919117254,1.041410814400998,0.9802931378106874,-0.0717430790773777,3.30035801474969,1.62578042127942
64.0,162.0,1006.1286010742188,1.5630251164579407,3.034072154337606,-0.2144607478813976,3.3747890166807086,-0.1840946200972616,1.0834848120091078,1.505132191142844,0.0986427251527393,3.2971237436003165,1.6407078622033984
64.0,162.0,1004.8368530273438,-0.0192859539180938,3.1458012448024646,-0.4052589456220559,3.5837623621294377,-0.4446218579421889,1.004306573519272,1.0674916208430016,-0.1473208806064043,4.659302750457305,1.266183010783346
64.0,162.0,1005.0035400390624,1.488088734200528,3.2964916798764268,-0.081613556681665,3.4931910742310563,-0.4795947022471148,1.19443031097595,1.5983254058784726,0.3030366300005376,3.1093375136026897,1.3517079212642986
64.0,162.0,1005.59716796875,0.8422960777773174,3.0348209215701183,-0.2311176520887816,3.530445462000517,0.731073415144617,1.0838871087870037,1.0526527931079228,-0.2789778063184201,3.525442996103043,1.9314441196361605
64.0,162.0,1005.1682739257812,0.4758226699530498,2.725912301651685,-0.0230184400084026,3.5041163169939864,-0.2839688026094656,0.98246182909671,0.7814411067738086,0.0567855685067581,3.2908997596538847,1.3640380101297185
64.0,162.0,1004.932861328125,1.5796322669745138,2.974669102036052,-0.2759972217390695,3.567574034001228,-0.2093543612178015,1.4940440693796724,1.055340177568717,-0.0056815911348413,3.322450316094878,2.2801882162059304
64.0,162.0,1005.4376220703124,1.4939369051591875,3.208578143175042,-0.0838875551827738,3.6527902052474297,-0.0677512366808728,2.1295316682877434,1.0280783661595605,-0.0117743859456704,3.334761595860714,1.7120512362595308
64.0,162.0,1005.9476318359376,0.0416259073064684,3.056620648095169,0.9059087932371556,3.541676985417584,-0.4558259587305865,-0.3150494321593007,1.05123482986649,-0.0994281152615595,3.238383279985208,1.6565234082160285
64.0,162.0,1006.0139770507812,1.5426257774234884,2.963062015218996,-0.1644154265346108,3.571054709565818,-0.2255485820590461,1.124004775755031,1.0785750977224122,-0.0170868564908297,3.529492666873149,1.8095727813707885
64.0,162.0,1004.924560546875,1.3902787656971398,3.2388825019148166,-0.206591284257351,2.6835356447268124,-0.2393013169250669,1.0825663808182378,0.7880722208517016,0.1086941866441624,3.760609960660497,1.5499190461382142
64.0,162.0,1003.884033203125,1.1425112649696187,3.065090117718845,0.592860107788608,2.8071972518327133,0.2549808842303713,0.7688590957311772,1.1434486482266086,0.1774592781213724,3.2904317271738885,1.6652367097735672
64.0,162.0,1004.8756713867188,1.803103039357084,3.04969122379482,-0.2380855070972431,3.544222673085715,-0.3675432124331079,1.0049334701620785,1.0915745130618049,-0.0166428366782459,3.286393579044508,1.7128181502425668
64.0,162.0,1005.5949096679688,1.065741447403239,3.566321993171797,-0.1722097588879127,3.335195644635442,0.4153135222526197,1.6432684793938577,1.2308026718224587,0.3065238812510272,3.32453208933479,1.4181087479272612
64.0,162.0,1005.1708984375,1.5387374172758588,3.0630905424895096,-0.2761169812147975,3.539551483750204,-0.0710913967583387,1.0864629386437223,1.0432566156141505,0.0406253156605319,3.3703392304127733,1.6847979903288934
64.0,162.0,1004.3433227539062,1.5246637626108075,2.588764633984187,-0.2247483509817702,3.541791433209113,-0.2094105942329443,0.0900981966808316,1.4472220790014578,0.3634141441016041,3.275517642189521,1.677631713184814
64.0,162.0,1006.3489990234376,1.5514520891483368,3.057318420357167,-0.2631982522786442,3.525985729806991,-0.211421577591669,1.0871765917978395,1.0592099546980789,-0.0142462550174791,2.96232874565588,1.5743383689854655
64.0,162.0,1005.1350708007812,0.1661038185710084,2.5390123143543657,2.0774916054569346,1.835614257140512,-1.5735118140693944,0.0393769710875324,1.5364656260845004,0.9512514490147672,2.833057723425437,1.6722709438483858
64.0,162.0,1006.7476806640624,1.3783292661069166,2.227281756843792,0.7486796121921748,2.3676098445669496,-0.4352187250238886,0.1295667694666509,1.2582478032152908,0.9678886220425788,1.546052822985894,1.7088008776725607
64.0,162.0,1003.6841430664062,1.5264166200797986,3.063097861613356,-0.215819897253269,3.5490497273888275,-0.2048867388282806,1.0826619122252867,1.0511392207255632,-0.0170243374408754,3.2973942147249127,1.6821927523441609
64.0,162.0,1005.0227661132812,1.1090167985935704,3.054929262949412,0.2138404591139139,3.3785257770175283,-0.2062982807170551,0.6081492878130935,1.0163426512361524,-0.0348229360837541,3.2931519023315508,1.7331119502206431
64.0,162.0,1006.3912353515624,1.0823124156003283,3.145532408020725,0.0937498638335725,4.3492484902596935,-0.983369492477124,0.3045399617600217,1.0355153888892177,-0.6035785196627739,3.47882371336145,1.9749920545649893
64.0,162.0,1003.7677001953124,0.9753379059727132,3.027481911426474,0.8914709442373026,3.6385006360362526,-0.1936568623912141,0.9354252219936228,1.0515023454212475,1.5844169383747184,3.3013099988549235,1.6821957420369034
64.0,162.0,1005.7315063476562,1.5396689441273124,3.0386942734840274,0.0727790596694881,3.99653790662412,-0.2180394714265182,1.1227822176659112,0.9898665587735348,-0.0161734394273001,3.292559616599718,1.7283088665121291
64.0,162.0,1005.9786376953124,1.1755166225902458,3.0139295819900664,-0.2417305383366287,3.616814653335077,-0.2729520402836232,1.8592848557108288,1.1177652924446315,0.1211451494947978,3.912459696901169,2.2316448068592054
64.0,162.0,1004.7403564453124,0.4804166552562906,3.142058809388116,-0.507253232726782,3.78275224637308,-0.5671588827166028,1.1261544357254607,1.4122039073154182,0.5007209311294231,3.503301094810195,1.926829920271378
64.0,162.0,1004.5214233398438,1.3925082887281215,3.065088985864282,-0.1686798461004562,2.4937664364779137,-0.2246521629870259,1.0573601922845028,1.0844478999456344,-0.8866334099558765,3.2654268773896447,1.6563374701400866
64.0,162.0,1006.101806640625,1.5145614614356997,2.994643314133276,-0.4385238738008652,2.6498988515969346,-0.2204737755628775,1.1219320992016055,0.99350013477897,-0.0190371027451072,3.134156782158529,1.6797391789481235
64.0,162.0,1005.5848999023438,-0.4976473021030942,3.419951677935696,-0.3086301958483286,3.870154605804175,-1.1699164176837953,1.6993185462984577,0.8701808901365833,0.0028869377323087,3.427754210534899,1.6924904654891433
64.0,162.0,1005.8743896484376,0.0594998054986024,2.4736092679713666,-0.1808303602303297,1.535912543515276,-0.2128728184311272,0.8096079746393341,0.1778975985534896,-0.0199302804665875,3.321000599716123,2.4317144383963893
64.0,162.0,1005.768310546875,1.5999854791936896,2.9805356758612893,-0.224463190705871,3.807145392204087,-0.3379384159359995,1.0087144864956603,0.8161970981207121,-0.0299745068515237,3.525817858828421,1.6851147134922917
64.0,163.0,1004.6443481445312,0.6900176227674764,3.063074350782302,-0.3302721781170479,3.0126561550720083,-0.1976159951512532,1.5970259768578052,1.2511792713171723,-0.0167520924344081,3.4265898532482377,1.5636003792452855
64.0,163.0,1004.2421264648438,1.1090451639676264,3.063170278295987,-0.1754780434512142,3.5433184929382966,-0.1568456031498367,1.0766389807596008,1.0528787249669178,-0.0171620058962041,3.1145081813601543,1.5893554756452115
64.0,163.0,1006.1292724609376,0.8825330645131402,3.064174342687368,-0.2362635771631851,3.582316996030628,-0.2074679037536006,0.9559810891053128,1.0531749231574068,-0.0434490340044395,3.286294651604756,2.3253331241426074
64.0,163.0,1005.7072143554688,1.6491448804843336,2.9104453120023,-0.2376035463302053,3.615676320374159,-0.5459213406507523,1.0802436756395946,1.0229389087533642,-0.0226071327225542,3.134768809825729,1.4551102740604491
64.0,163.0,1005.2555541992188,-0.5037094802039921,3.707585390221884,-0.3280569768488796,3.321070462527059,0.979043172621886,-0.4155761280008436,0.9565504599200948,0.2951346271246178,3.295787014291044,2.1819067114242974
64.0,163.0,1006.83154296875,1.5265036097584397,2.4688393553651458,-0.2193779993269236,3.456649131017686,-0.280184533111481,1.4322115030166764,0.0073984864598439,0.0552709621325861,2.764100911123255,1.699477136905433
64.0,163.0,1006.2119140625,0.4893625390202833,1.7795423029239368,-0.2283334970089545,3.1277989280704825,0.4981169607027755,1.141197769335064,2.5146578201478693,1.975507430672696,4.311031517865723,2.0922100116751228
64.0,163.0,1005.1494140625,1.4267671879387,2.82151791963309,-0.2050135975394147,3.599402345635524,-0.212234014229664,1.0699343377498252,1.054124327480299,-0.0348381047181509,3.2384919490320403,1.683330061310487
64.0,163.0,1005.474853515625,1.5026949966969567,4.303640589644998,0.0467183102294996,3.508585978273294,-0.276222544546385,1.2632585220760255,0.9839023829757484,0.4548566034085533,3.319979299343642,1.681623450852277
64.0,163.0,1004.5355224609376,-0.2067583177486083,2.156645823399848,1.1237471826284795,3.780946817479548,-0.5114493991580722,1.3470285072754011,1.5426076556614716,0.9251629364195506,3.6326501297850458,1.193605314089168
64.0,163.0,1005.1493530273438,0.5735184706036716,3.028423329307017,0.2644622216036731,2.659398374348958,0.2306337810705419,1.0125999917583286,1.1341537852403114,0.5087035841895886,3.226086612326376,1.548830647479367
64.0,163.0,1004.7785034179688,0.6991135168312739,2.894738252833397,-0.2188575842976097,3.4645647397683965,-0.2438181442738039,1.0991670823590096,0.687295206439572,1.314428712403647,3.3101250531130244,1.6781756112361752
64.0,163.0,1006.7550048828124,1.7724945126995004,3.0703987008149776,0.1826723068202544,3.2010081142690723,-0.121466419569273,1.2303004122357388,1.0661233202080411,-0.0710318298801985,3.2991645041737008,1.720742171507914
64.0,163.0,1004.95849609375,0.9162956780313632,2.1247201074083826,0.0379144096914144,3.0493734156772465,-0.204541723945408,1.0866278545155783,1.081534562537653,-0.1426858802547873,2.5531626479271203,1.6834925846586402
64.0,163.0,1005.079833984375,0.8078773908434,3.0635542735379326,-0.2222773718837908,3.644619233544741,-0.0438507735814526,1.4232936018416082,0.7302359461628485,0.463335757005806,3.131559441489576,1.6311643300045815
64.0,163.0,1005.9080810546876,1.0513515896295955,3.0324479004866207,-0.1399893757068982,2.5909601277576697,-0.1207554487964864,2.5126882206643253,1.1607896320933913,0.180815057255496,3.251736532375584,2.58552590355996
64.0,163.0,1005.7649536132812,0.2825466944237913,3.223371955913502,-1.130107795435179,3.475165291581171,-1.048330892200188,0.6773142097574366,1.7224453178602437,-0.0116344510771347,2.978858171781275,1.664112733334867
64.0,163.0,1003.8233642578124,1.028523366259821,3.0628461474330293,-0.3204188298828894,3.0167776901382988,0.2647472536681213,1.306874930918926,0.9514498344110252,-0.5399432597472117,3.348110656193866,0.8965220619264871
64.0,163.0,1006.2741088867188,1.643031542836416,3.606370926934152,-0.6934784640503268,3.544777025413626,-0.1168117638030309,0.939111865717292,1.235370936060419,0.8014975999324441,3.270795648100955,1.6707495569788469
64.0,163.0,1005.4580688476562,1.714830991173177,3.0751933772525515,-0.3198873779630757,3.0600901733655563,-0.3336865919117254,1.041410814400998,0.9802931378106874,-0.0717430790773777,3.30035801474969,1.62578042127942
64.0,163.0,1006.1286010742188,1.5630251164579407,3.034072154337606,-0.2144607478813976,3.3747890166807086,-0.1840946200972616,1.0834848120091078,1.505132191142844,0.0986427251527393,3.2971237436003165,1.6407078622033984
64.0,163.0,1004.8368530273438,-0.0192859539180938,3.1458012448024646,-0.4052589456220559,3.5837623621294377,-0.4446218579421889,1.004306573519272,1.0674916208430016,-0.1473208806064043,4.659302750457305,1.266183010783346
64.0,163.0,1005.0035400390624,1.488088734200528,3.2964916798764268,-0.081613556681665,3.4931910742310563,-0.4795947022471148,1.19443031097595,1.5983254058784726,0.3030366300005376,3.1093375136026897,1.3517079212642986
64.0,163.0,1005.59716796875,0.8422960777773174,3.0348209215701183,-0.2311176520887816,3.530445462000517,0.731073415144617,1.0838871087870037,1.0526527931079228,-0.2789778063184201,3.525442996103043,1.9314441196361605
64.0,163.0,1005.1682739257812,0.4758226699530498,2.725912301651685,-0.0230184400084026,3.5041163169939864,-0.2839688026094656,0.98246182909671,0.7814411067738086,0.0567855685067581,3.2908997596538847,1.3640380101297185
64.0,163.0,1004.932861328125,1.5796322669745138,2.974669102036052,-0.2759972217390695,3.567574034001228,-0.2093543612178015,1.4940440693796724,1.055340177568717,-0.0056815911348413,3.322450316094878,2.2801882162059304
64.0,163.0,1005.4376220703124,1.4939369051591875,3.208578143175042,-0.0838875551827738,3.6527902052474297,-0.0677512366808728,2.1295316682877434,1.0280783661595605,-0.0117743859456704,3.334761595860714,1.7120512362595308
64.0,163.0,1005.9476318359376,0.0416259073064684,3.056620648095169,0.9059087932371556,3.541676985417584,-0.4558259587305865,-0.3150494321593007,1.05123482986649,-0.0994281152615595,3.238383279985208,1.6565234082160285
64.0,163.0,1006.0139770507812,1.5426257774234884,2.963062015218996,-0.1644154265346108,3.571054709565818,-0.2255485820590461,1.124004775755031,1.0785750977224122,-0.0170868564908297,3.529492666873149,1.8095727813707885
64.0,163.0,1004.924560546875,1.3902787656971398,3.2388825019148166,-0.206591284257351,2.6835356447268124,-0.2393013169250669,1.0825663808182378,0.7880722208517016,0.1086941866441624,3.760609960660497,1.5499190461382142
64.0,163.0,1003.884033203125,1.1425112649696187,3.065090117718845,0.592860107788608,2.8071972518327133,0.2549808842303713,0.7688590957311772,1.1434486482266086,0.1774592781213724,3.2904317271738885,1.6652367097735672
64.0,163.0,1004.8756713867188,1.803103039357084,3.04969122379482,-0.2380855070972431,3.544222673085715,-0.3675432124331079,1.0049334701620785,1.0915745130618049,-0.0166428366782459,3.286393579044508,1.7128181502425668
64.0,163.0,1005.5949096679688,1.065741447403239,3.566321993171797,-0.1722097588879127,3.335195644635442,0.4153135222526197,1.6432684793938577,1.2308026718224587,0.3065238812510272,3.32453208933479,1.4181087479272612
64.0,163.0,1005.1708984375,1.5387374172758588,3.0630905424895096,-0.2761169812147975,3.539551483750204,-0.0710913967583387,1.0864629386437223,1.0432566156141505,0.0406253156605319,3.3703392304127733,1.6847979903288934
64.0,163.0,1004.3433227539062,1.5246637626108075,2.588764633984187,-0.2247483509817702,3.541791433209113,-0.2094105942329443,0.0900981966808316,1.4472220790014578,0.3634141441016041,3.275517642189521,1.677631713184814
64.0,163.0,1006.3489990234376,1.5514520891483368,3.057318420357167,-0.2631982522786442,3.525985729806991,-0.211421577591669,1.0871765917978395,1.0592099546980789,-0.0142462550174791,2.96232874565588,1.5743383689854655
64.0,163.0,1005.1350708007812,0.1661038185710084,2.5390123143543657,2.0774916054569346,1.835614257140512,-1.5735118140693944,0.0393769710875324,1.5364656260845004,0.9512514490147672,2.833057723425437,1.6722709438483858
64.0,163.0,1006.7476806640624,1.3783292661069166,2.227281756843792,0.7486796121921748,2.3676098445669496,-0.4352187250238886,0.1295667694666509,1.2582478032152908,0.9678886220425788,1.546052822985894,1.7088008776725607
64.0,163.0,1003.6841430664062,1.5264166200797986,3.063097861613356,-0.215819897253269,3.5490497273888275,-0.2048867388282806,1.0826619122252867,1.0511392207255632,-0.0170243374408754,3.2973942147249127,1.6821927523441609
64.0,163.0,1005.0227661132812,1.1090167985935704,3.054929262949412,0.2138404591139139,3.3785257770175283,-0.2062982807170551,0.6081492878130935,1.0163426512361524,-0.0348229360837541,3.2931519023315508,1.7331119502206431
64.0,163.0,1006.3912353515624,1.0823124156003283,3.145532408020725,0.0937498638335725,4.3492484902596935,-0.983369492477124,0.3045399617600217,1.0355153888892177,-0.6035785196627739,3.47882371336145,1.9749920545649893
64.0,163.0,1003.7677001953124,0.9753379059727132,3.027481911426474,0.8914709442373026,3.6385006360362526,-0.1936568623912141,0.9354252219936228,1.0515023454212475,1.5844169383747184,3.3013099988549235,1.6821957420369034
64.0,163.0,1005.7315063476562,1.5396689441273124,3.0386942734840274,0.0727790596694881,3.99653790662412,-0.2180394714265182,1.1227822176659112,0.9898665587735348,-0.0161734394273001,3.292559616599718,1.7283088665121291
64.0,163.0,1005.9786376953124,1.1755166225902458,3.0139295819900664,-0.2417305383366287,3.616814653335077,-0.2729520402836232,1.8592848557108288,1.1177652924446315,0.1211451494947978,3.912459696901169,2.2316448068592054
64.0,163.0,1004.7403564453124,0.4804166552562906,3.142058809388116,-0.507253232726782,3.78275224637308,-0.5671588827166028,1.1261544357254607,1.4122039073154182,0.5007209311294231,3.503301094810195,1.926829920271378
64.0,163.0,1004.5214233398438,1.3925082887281215,3.065088985864282,-0.1686798461004562,2.4937664364779137,-0.2246521629870259,1.0573601922845028,1.0844478999456344,-0.8866334099558765,3.2654268773896447,1.6563374701400866
64.0,163.0,1006.101806640625,1.5145614614356997,2.994643314133276,-0.4385238738008652,2.6498988515969346,-0.2204737755628775,1.1219320992016055,0.99350013477897,-0.0190371027451072,3.134156782158529,1.6797391789481235
64.0,163.0,1005.5848999023438,-0.4976473021030942,3.419951677935696,-0.3086301958483286,3.870154605804175,-1.1699164176837953,1.6993185462984577,0.8701808901365833,0.0028869377323087,3.427754210534899,1.6924904654891433
64.0,163.0,1005.8743896484376,0.0594998054986024,2.4736092679713666,-0.1808303602303297,1.535912543515276,-0.2128728184311272,0.8096079746393341,0.1778975985534896,-0.0199302804665875,3.321000599716123,2.4317144383963893
64.0,163.0,1005.768310546875,1.5999854791936896,2.9805356758612893,-0.224463190705871,3.807145392204087,-0.3379384159359995,1.0087144864956603,0.8161970981207121,-0.0299745068515237,3.525817858828421,1.6851147134922917
64.0,164.0,1004.6443481445312,0.6900176227674764,3.063074350782302,-0.3302721781170479,3.0126561550720083,-0.1976159951512532,1.5970259768578052,1.2511792713171723,-0.0167520924344081,3.4265898532482377,1.5636003792452855
64.0,164.0,1004.2421264648438,1.1090451639676264,3.063170278295987,-0.1754780434512142,3.5433184929382966,-0.1568456031498367,1.0766389807596008,1.0528787249669178,-0.0171620058962041,3.1145081813601543,1.5893554756452115
64.0,164.0,1006.1292724609376,0.8825330645131402,3.064174342687368,-0.2362635771631851,3.582316996030628,-0.2074679037536006,0.9559810891053128,1.0531749231574068,-0.0434490340044395,3.286294651604756,2.3253331241426074
64.0,164.0,1005.7072143554688,1.6491448804843336,2.9104453120023,-0.2376035463302053,3.615676320374159,-0.5459213406507523,1.0802436756395946,1.0229389087533642,-0.0226071327225542,3.134768809825729,1.4551102740604491
64.0,164.0,1005.2555541992188,-0.5037094802039921,3.707585390221884,-0.3280569768488796,3.321070462527059,0.979043172621886,-0.4155761280008436,0.9565504599200948,0.2951346271246178,3.295787014291044,2.1819067114242974
64.0,164.0,1006.83154296875,1.5265036097584397,2.4688393553651458,-0.2193779993269236,3.456649131017686,-0.280184533111481,1.4322115030166764,0.0073984864598439,0.0552709621325861,2.764100911123255,1.699477136905433
64.0,164.0,1006.2119140625,0.4893625390202833,1.7795423029239368,-0.2283334970089545,3.1277989280704825,0.4981169607027755,1.141197769335064,2.5146578201478693,1.975507430672696,4.311031517865723,2.0922100116751228
64.0,164.0,1005.1494140625,1.4267671879387,2.82151791963309,-0.2050135975394147,3.599402345635524,-0.212234014229664,1.0699343377498252,1.054124327480299,-0.0348381047181509,3.2384919490320403,1.683330061310487
64.0,164.0,1005.474853515625,1.5026949966969567,4.303640589644998,0.0467183102294996,3.508585978273294,-0.276222544546385,1.2632585220760255,0.9839023829757484,0.4548566034085533,3.319979299343642,1.681623450852277
64.0,164.0,1004.5355224609376,-0.2067583177486083,2.156645823399848,1.1237471826284795,3.780946817479548,-0.5114493991580722,1.3470285072754011,1.5426076556614716,0.9251629364195506,3.6326501297850458,1.193605314089168
64.0,164.0,1005.1493530273438,0.5735184706036716,3.028423329307017,0.2644622216036731,2.659398374348958,0.2306337810705419,1.0125999917583286,1.1341537852403114,0.5087035841895886,3.226086612326376,1.548830647479367
64.0,164.0,1004.7785034179688,0.6991135168312739,2.894738252833397,-0.2188575842976097,3.4645647397683965,-0.2438181442738039,1.0991670823590096,0.687295206439572,1.314428712403647,3.3101250531130244,1.6781756112361752
64.0,164.0,1006.7550048828124,1.7724945126995004,3.0703987008149776,0.1826723068202544,3.2010081142690723,-0.121466419569273,1.2303004122357388,1.0661233202080411,-0.0710318298801985,3.2991645041737008,1.720742171507914
64.0,164.0,1004.95849609375,0.9162956780313632,2.1247201074083826,0.0379144096914144,3.0493734156772465,-0.204541723945408,1.0866278545155783,1.081534562537653,-0.1426858802547873,2.5531626479271203,1.6834925846586402
64.0,164.0,1005.079833984375,0.8078773908434,3.0635542735379326,-0.2222773718837908,3.644619233544741,-0.0438507735814526,1.4232936018416082,0.7302359461628485,0.463335757005806,3.131559441489576,1.6311643300045815
64.0,164.0,1005.9080810546876,1.0513515896295955,3.0324479004866207,-0.1399893757068982,2.5909601277576697,-0.1207554487964864,2.5126882206643253,1.1607896320933913,0.180815057255496,3.251736532375584,2.58552590355996
64.0,164.0,1005.7649536132812,0.2825466944237913,3.223371955913502,-1.130107795435179,3.475165291581171,-1.048330892200188,0.6773142097574366,1.7224453178602437,-0.0116344510771347,2.978858171781275,1.664112733334867
64.0,164.0,1003.8233642578124,1.028523366259821,3.0628461474330293,-0.3204188298828894,3.0167776901382988,0.2647472536681213,1.306874930918926,0.9514498344110252,-0.5399432597472117,3.348110656193866,0.8965220619264871
64.0,164.0,1006.2741088867188,1.643031542836416,3.606370926934152,-0.6934784640503268,3.544777025413626,-0.1168117638030309,0.939111865717292,1.235370936060419,0.8014975999324441,3.270795648100955,1.6707495569788469
64.0,164.0,1005.4580688476562,1.714830991173177,3.0751933772525515,-0.3198873779630757,3.0600901733655563,-0.3336865919117254,1.041410814400998,0.9802931378106874,-0.0717430790773777,3.30035801474969,1.62578042127942
64.0,164.0,1006.1286010742188,1.5630251164579407,3.034072154337606,-0.2144607478813976,3.3747890166807086,-0.1840946200972616,1.0834848120091078,1.505132191142844,0.0986427251527393,3.2971237436003165,1.6407078622033984
64.0,164.0,1004.8368530273438,-0.0192859539180938,3.1458012448024646,-0.4052589456220559,3.5837623621294377,-0.4446218579421889,1.004306573519272,1.0674916208430016,-0.1473208806064043,4.659302750457305,1.266183010783346
64.0,164.0,1005.0035400390624,1.488088734200528,3.2964916798764268,-0.081613556681665,3.4931910742310563,-0.4795947022471148,1.19443031097595,1.5983254058784726,0.3030366300005376,3.1093375136026897,1.3517079212642986
64.0,164.0,1005.59716796875,0.8422960777773174,3.0348209215701183,-0.2311176520887816,3.530445462000517,0.731073415144617,1.0838871087870037,1.0526527931079228,-0.2789778063184201,3.525442996103043,1.9314441196361605
64.0,164.0,1005.1682739257812,0.4758226699530498,2.725912301651685,-0.0230184400084026,3.5041163169939864,-0.2839688026094656,0.98246182909671,0.7814411067738086,0.0567855685067581,3.2908997596538847,1.3640380101297185
64.0,164.0,1004.932861328125,1.5796322669745138,2.974669102036052,-0.2759972217390695,3.567574034001228,-0.2093543612178015,1.4940440693796724,1.055340177568717,-0.0056815911348413,3.322450316094878,2.2801882162059304
64.0,164.0,1005.4376220703124,1.4939369051591875,3.208578143175042,-0.0838875551827738,3.6527902052474297,-0.0677512366808728,2.1295316682877434,1.0280783661595605,-0.0117743859456704,3.334761595860714,1.7120512362595308
64.0,164.0,1005.9476318359376,0.0416259073064684,3.056620648095169,0.9059087932371556,3.541676985417584,-0.4558259587305865,-0.3150494321593007,1.05123482986649,-0.0994281152615595,3.238383279985208,1.6565234082160285
64.0,164.0,1006.0139770507812,1.5426257774234884,2.963062015218996,-0.1644154265346108,3.571054709565818,-0.2255485820590461,1.124004775755031,1.0785750977224122,-0.0170868564908297,3.529492666873149,1.8095727813707885
64.0,164.0,1004.924560546875,1.3902787656971398,3.2388825019148166,-0.206591284257351,2.6835356447268124,-0.2393013169250669,1.0825663808182378,0.7880722208517016,0.1086941866441624,3.760609960660497,1.5499190461382142
64.0,164.0,1003.884033203125,1.1425112649696187,3.065090117718845,0.592860107788608,2.8071972518327133,0.2549808842303713,0.7688590957311772,1.1434486482266086,0.1774592781213724,3.2904317271738885,1.6652367097735672
64.0,164.0,1004.8756713867188,1.803103039357084,3.04969122379482,-0.2380855070972431,3.544222673085715,-0.3675432124331079,1.0049334701620785,1.0915745130618049,-0.0166428366782459,3.286393579044508,1.7128181502425668
64.0,164.0,1005.5949096679688,1.065741447403239,3.566321993171797,-0.1722097588879127,3.335195644635442,0.4153135222526197,1.6432684793938577,1.2308026718224587,0.3065238812510272,3.32453208933479,1.4181087479272612
64.0,164.0,1005.1708984375,1.5387374172758588,3.0630905424895096,-0.2761169812147975,3.539551483750204,-0.0710913967583387,1.0864629386437223,1.0432566156141505,0.0406253156605319,3.3703392304127733,1.6847979903288934
64.0,164.0,1004.3433227539062,1.5246637626108075,2.588764633984187,-0.2247483509817702,3.541791433209113,-0.2094105942329443,0.0900981966808316,1.4472220790014578,0.3634141441016041,3.275517642189521,1.677631713184814
64.0,164.0,1006.3489990234376,1.5514520891483368,3.057318420357167,-0.2631982522786442,3.525985729806991,-0.211421577591669,1.0871765917978395,1.0592099546980789,-0.0142462550174791,2.96232874565588,1.5743383689854655
64.0,164.0,1005.1350708007812,0.1661038185710084,2.5390123143543657,2.0774916054569346,1.835614257140512,-1.5735118140693944,0.0393769710875324,1.5364656260845004,0.9512514490147672,2.833057723425437,1.6722709438483858
64.0,164.0,1006.7476806640624,1.3783292661069166,2.227281756843792,0.7486796121921748,2.3676098445669496,-0.4352187250238886,0.1295667694666509,1.2582478032152908,0.9678886220425788,1.546052822985894,1.7088008776725607
64.0,164.0,1003.6841430664062,1.5264166200797986,3.063097861613356,-0.215819897253269,3.5490497273888275,-0.2048867388282806,1.0826619122252867,1.0511392207255632,-0.0170243374408754,3.2973942147249127,1.6821927523441609
64.0,164.0,1005.0227661132812,1.1090167985935704,3.054929262949412,0.2138404591139139,3.3785257770175283,-0.2062982807170551,0.6081492878130935,1.0163426512361524,-0.0348229360837541,3.2931519023315508,1.7331119502206431
64.0,164.0,1006.3912353515624,1.0823124156003283,3.145532408020725,0.0937498638335725,4.3492484902596935,-0.983369492477124,0.3045399617600217,1.0355153888892177,-0.6035785196627739,3.47882371336145,1.9749920545649893
64.0,164.0,1003.7677001953124,0.9753379059727132,3.027481911426474,0.8914709442373026,3.6385006360362526,-0.1936568623912141,0.9354252219936228,1.0515023454212475,1.5844169383747184,3.3013099988549235,1.6821957420369034
64.0,164.0,1005.7315063476562,1.5396689441273124,3.0386942734840274,0.0727790596694881,3.99653790662412,-0.2180394714265182,1.1227822176659112,0.9898665587735348,-0.0161734394273001,3.292559616599718,1.7283088665121291
64.0,164.0,1005.9786376953124,1.1755166225902458,3.0139295819900664,-0.2417305383366287,3.616814653335077,-0.2729520402836232,1.8592848557108288,1.1177652924446315,0.1211451494947978,3.912459696901169,2.2316448068592054
64.0,164.0,1004.7403564453124,0.4804166552562906,3.142058809388116,-0.507253232726782,3.78275224637308,-0.5671588827166028,1.1261544357254607,1.4122039073154182,0.5007209311294231,3.503301094810195,1.926829920271378
64.0,164.0,1004.5214233398438,1.3925082887281215,3.065088985864282,-0.1686798461004562,2.4937664364779137,-0.2246521629870259,1.0573601922845028,1.0844478999456344,-0.8866334099558765,3.2654268773896447,1.6563374701400866
64.0,164.0,1006.101806640625,1.5145614614356997,2.994643314133276,-0.4385238738008652,2.6498988515969346,-0.2204737755628775,1.1219320992016055,0.99350013477897,-0.0190371027451072,3.134156782158529,1.6797391789481235
64.0,164.0,1005.5848999023438,-0.4976473021030942,3.419951677935696,-0.3086301958483286,3.870154605804175,-1.1699164176837953,1.6993185462984577,0.8701808901365833,0.0028869377323087,3.427754210534899,1.6924904654891433
64.0,164.0,1005.8743896484376,0.0594998054986024,2.4736092679713666,-0.1808303602303297,1.535912543515276,-0.2128728184311272,0.8096079746393341,0.1778975985534896,-0.0199302804665875,3.321000599716123,2.4317144383963893
64.0,164.0,1005.768310546875,1.5999854791936896,2.9805356758612893,-0.224463190705871,3.807145392204087,-0.3379384159359995,1.0087144864956603,0.8161970981207121,-0.0299745068515237,3.525817858828421,1.6851147134922917
64.0,165.0,1004.6443481445312,0.6900176227674764,3.063074350782302,-0.3302721781170479,3.0126561550720083,-0.1976159951512532,1.5970259768578052,1.2511792713171723,-0.0167520924344081,3.4265898532482377,1.5636003792452855
64.0,165.0,1004.2421264648438,1.1090451639676264,3.063170278295987,-0.1754780434512142,3.5433184929382966,-0.1568456031498367,1.0766389807596008,1.0528787249669178,-0.0171620058962041,3.1145081813601543,1.5893554756452115
64.0,165.0,1006.1292724609376,0.8825330645131402,3.064174342687368,-0.2362635771631851,3.582316996030628,-0.2074679037536006,0.9559810891053128,1.0531749231574068,-0.0434490340044395,3.286294651604756,2.3253331241426074
64.0,165.0,1005.7072143554688,1.6491448804843336,2.9104453120023,-0.2376035463302053,3.615676320374159,-0.5459213406507523,1.0802436756395946,1.0229389087533642,-0.0226071327225542,3.134768809825729,1.4551102740604491
64.0,165.0,1005.2555541992188,-0.5037094802039921,3.707585390221884,-0.3280569768488796,3.321070462527059,0.979043172621886,-0.4155761280008436,0.9565504599200948,0.2951346271246178,3.295787014291044,2.1819067114242974
64.0,165.0,1006.83154296875,1.5265036097584397,2.4688393553651458,-0.2193779993269236,3.456649131017686,-0.280184533111481,1.4322115030166764,0.0073984864598439,0.0552709621325861,2.764100911123255,1.699477136905433
64.0,165.0,1006.2119140625,0.4893625390202833,1.7795423029239368,-0.2283334970089545,3.1277989280704825,0.4981169607027755,1.141197769335064,2.5146578201478693,1.975507430672696,4.311031517865723,2.0922100116751228
64.0,165.0,1005.1494140625,1.4267671879387,2.82151791963309,-0.2050135975394147,3.599402345635524,-0.212234014229664,1.0699343377498252,1.054124327480299,-0.0348381047181509,3.2384919490320403,1.683330061310487
64.0,165.0,1005.474853515625,1.5026949966969567,4.303640589644998,0.0467183102294996,3.508585978273294,-0.276222544546385,1.2632585220760255,0.9839023829757484,0.4548566034085533,3.319979299343642,1.681623450852277
64.0,165.0,1004.5355224609376,-0.2067583177486083,2.156645823399848,1.1237471826284795,3.780946817479548,-0.5114493991580722,1.3470285072754011,1.5426076556614716,0.9251629364195506,3.6326501297850458,1.193605314089168
64.0,165.0,1005.1493530273438,0.5735184706036716,3.028423329307017,0.2644622216036731,2.659398374348958,0.2306337810705419,1.0125999917583286,1.1341537852403114,0.5087035841895886,3.226086612326376,1.548830647479367
64.0,165.0,1004.7785034179688,0.6991135168312739,2.894738252833397,-0.2188575842976097,3.4645647397683965,-0.2438181442738039,1.0991670823590096,0.687295206439572,1.314428712403647,3.3101250531130244,1.6781756112361752
64.0,165.0,1005.585205078125,1.4441076734521072,3.066111509674269,0.0067028297138759,3.194813058276394,-0.2495793018936137,1.1591742150332562,1.047291772061316,-0.0635626710663064,3.2934046480925203,1.7277033081006632
64.0,165.0,1004.95849609375,0.9162956780313632,2.1247201074083826,0.0379144096914144,3.0493734156772465,-0.204541723945408,1.0866278545155783,1.081534562537653,-0.1426858802547873,2.5531626479271203,1.6834925846586402
64.0,165.0,1005.079833984375,0.8078773908434,3.0635542735379326,-0.2222773718837908,3.644619233544741,-0.0438507735814526,1.4232936018416082,0.7302359461628485,0.463335757005806,3.131559441489576,1.6311643300045815
64.0,165.0,1005.9080810546876,1.0513515896295955,3.0324479004866207,-0.1399893757068982,2.5909601277576697,-0.1207554487964864,2.5126882206643253,1.1607896320933913,0.180815057255496,3.251736532375584,2.58552590355996
64.0,165.0,1005.7649536132812,0.2825466944237913,3.223371955913502,-1.130107795435179,3.475165291581171,-1.048330892200188,0.6773142097574366,1.7224453178602437,-0.0116344510771347,2.978858171781275,1.664112733334867
64.0,165.0,1003.8233642578124,1.028523366259821,3.0628461474330293,-0.3204188298828894,3.0167776901382988,0.2647472536681213,1.306874930918926,0.9514498344110252,-0.5399432597472117,3.348110656193866,0.8965220619264871
64.0,165.0,1006.2741088867188,1.643031542836416,3.606370926934152,-0.6934784640503268,3.544777025413626,-0.1168117638030309,0.939111865717292,1.235370936060419,0.8014975999324441,3.270795648100955,1.6707495569788469
64.0,165.0,1005.4580688476562,1.714830991173177,3.0751933772525515,-0.3198873779630757,3.0600901733655563,-0.3336865919117254,1.041410814400998,0.9802931378106874,-0.0717430790773777,3.30035801474969,1.62578042127942
64.0,165.0,1006.1286010742188,1.5630251164579407,3.034072154337606,-0.2144607478813976,3.3747890166807086,-0.1840946200972616,1.0834848120091078,1.505132191142844,0.0986427251527393,3.2971237436003165,1.6407078622033984
64.0,165.0,1004.8368530273438,-0.0192859539180938,3.1458012448024646,-0.4052589456220559,3.5837623621294377,-0.4446218579421889,1.004306573519272,1.0674916208430016,-0.1473208806064043,4.659302750457305,1.266183010783346
64.0,165.0,1005.0035400390624,1.488088734200528,3.2964916798764268,-0.081613556681665,3.4931910742310563,-0.4795947022471148,1.19443031097595,1.5983254058784726,0.3030366300005376,3.1093375136026897,1.3517079212642986
64.0,165.0,1005.59716796875,0.8422960777773174,3.0348209215701183,-0.2311176520887816,3.530445462000517,0.731073415144617,1.0838871087870037,1.0526527931079228,-0.2789778063184201,3.525442996103043,1.9314441196361605
64.0,165.0,1005.1682739257812,0.4758226699530498,2.725912301651685,-0.0230184400084026,3.5041163169939864,-0.2839688026094656,0.98246182909671,0.7814411067738086,0.0567855685067581,3.2908997596538847,1.3640380101297185
64.0,165.0,1004.932861328125,1.5796322669745138,2.974669102036052,-0.2759972217390695,3.567574034001228,-0.2093543612178015,1.4940440693796724,1.055340177568717,-0.0056815911348413,3.322450316094878,2.2801882162059304
64.0,165.0,1005.4376220703124,1.4939369051591875,3.208578143175042,-0.0838875551827738,3.6527902052474297,-0.0677512366808728,2.1295316682877434,1.0280783661595605,-0.0117743859456704,3.334761595860714,1.7120512362595308
64.0,165.0,1005.9476318359376,0.0416259073064684,3.056620648095169,0.9059087932371556,3.541676985417584,-0.4558259587305865,-0.3150494321593007,1.05123482986649,-0.0994281152615595,3.238383279985208,1.6565234082160285
64.0,165.0,1006.0139770507812,1.5426257774234884,2.963062015218996,-0.1644154265346108,3.571054709565818,-0.2255485820590461,1.124004775755031,1.0785750977224122,-0.0170868564908297,3.529492666873149,1.8095727813707885
64.0,165.0,1004.924560546875,1.3902787656971398,3.2388825019148166,-0.206591284257351,2.6835356447268124,-0.2393013169250669,1.0825663808182378,0.7880722208517016,0.1086941866441624,3.760609960660497,1.5499190461382142
64.0,165.0,1003.884033203125,1.1425112649696187,3.065090117718845,0.592860107788608,2.8071972518327133,0.2549808842303713,0.7688590957311772,1.1434486482266086,0.1774592781213724,3.2904317271738885,1.6652367097735672
64.0,165.0,1004.8756713867188,1.803103039357084,3.04969122379482,-0.2380855070972431,3.544222673085715,-0.3675432124331079,1.0049334701620785,1.0915745130618049,-0.0166428366782459,3.286393579044508,1.7128181502425668
64.0,165.0,1005.5949096679688,1.065741447403239,3.566321993171797,-0.1722097588879127,3.335195644635442,0.4153135222526197,1.6432684793938577,1.2308026718224587,0.3065238812510272,3.32453208933479,1.4181087479272612
64.0,165.0,1005.1708984375,1.5387374172758588,3.0630905424895096,-0.2761169812147975,3.539551483750204,-0.0710913967583387,1.0864629386437223,1.0432566156141505,0.0406253156605319,3.3703392304127733,1.6847979903288934
64.0,165.0,1004.3433227539062,1.5246637626108075,2.588764633984187,-0.2247483509817702,3.541791433209113,-0.2094105942329443,0.0900981966808316,1.4472220790014578,0.3634141441016041,3.275517642189521,1.677631713184814
64.0,165.0,1006.3489990234376,1.5514520891483368,3.057318420357167,-0.2631982522786442,3.525985729806991,-0.211421577591669,1.0871765917978395,1.0592099546980789,-0.0142462550174791,2.96232874565588,1.5743383689854655
64.0,165.0,1005.1350708007812,0.1661038185710084,2.5390123143543657,2.0774916054569346,1.835614257140512,-1.5735118140693944,0.0393769710875324,1.5364656260845004,0.9512514490147672,2.833057723425437,1.6722709438483858
64.0,165.0,1006.7476806640624,1.3783292661069166,2.227281756843792,0.7486796121921748,2.3676098445669496,-0.4352187250238886,0.1295667694666509,1.2582478032152908,0.9678886220425788,1.546052822985894,1.7088008776725607
64.0,165.0,1003.6841430664062,1.5264166200797986,3.063097861613356,-0.215819897253269,3.5490497273888275,-0.2048867388282806,1.0826619122252867,1.0511392207255632,-0.0170243374408754,3.2973942147249127,1.6821927523441609
64.0,165.0,1005.0227661132812,1.1090167985935704,3.054929262949412,0.2138404591139139,3.3785257770175283,-0.2062982807170551,0.6081492878130935,1.0163426512361524,-0.0348229360837541,3.2931519023315508,1.7331119502206431
64.0,165.0,1006.3912353515624,1.0823124156003283,3.145532408020725,0.0937498638335725,4.3492484902596935,-0.983369492477124,0.3045399617600217,1.0355153888892177,-0.6035785196627739,3.47882371336145,1.9749920545649893
64.0,165.0,1003.7677001953124,0.9753379059727132,3.027481911426474,0.8914709442373026,3.6385006360362526,-0.1936568623912141,0.9354252219936228,1.0515023454212475,1.5844169383747184,3.3013099988549235,1.6821957420369034
64.0,165.0,1005.7315063476562,1.5396689441273124,3.0386942734840274,0.0727790596694881,3.99653790662412,-0.2180394714265182,1.1227822176659112,0.9898665587735348,-0.0161734394273001,3.292559616599718,1.7283088665121291
64.0,165.0,1005.9786376953124,1.1755166225902458,3.0139295819900664,-0.2417305383366287,3.616814653335077,-0.2729520402836232,1.8592848557108288,1.1177652924446315,0.1211451494947978,3.912459696901169,2.2316448068592054
64.0,165.0,1004.7403564453124,0.4804166552562906,3.142058809388116,-0.507253232726782,3.78275224637308,-0.5671588827166028,1.1261544357254607,1.4122039073154182,0.5007209311294231,3.503301094810195,1.926829920271378
64.0,165.0,1004.5214233398438,1.3925082887281215,3.065088985864282,-0.1686798461004562,2.4937664364779137,-0.2246521629870259,1.0573601922845028,1.0844478999456344,-0.8866334099558765,3.2654268773896447,1.6563374701400866
64.0,165.0,1006.101806640625,1.5145614614356997,2.994643314133276,-0.4385238738008652,2.6498988515969346,-0.2204737755628775,1.1219320992016055,0.99350013477897,-0.0190371027451072,3.134156782158529,1.6797391789481235
64.0,165.0,1005.5848999023438,-0.4976473021030942,3.419951677935696,-0.3086301958483286,3.870154605804175,-1.1699164176837953,1.6993185462984577,0.8701808901365833,0.0028869377323087,3.427754210534899,1.6924904654891433
64.0,165.0,1005.8743896484376,0.0594998054986024,2.4736092679713666,-0.1808303602303297,1.535912543515276,-0.2128728184311272,0.8096079746393341,0.1778975985534896,-0.0199302804665875,3.321000599716123,2.4317144383963893
64.0,165.0,1005.768310546875,1.5999854791936896,2.9805356758612893,-0.224463190705871,3.807145392204087,-0.3379384159359995,1.0087144864956603,0.8161970981207121,-0.0299745068515237,3.525817858828421,1.6851147134922917
64.0,166.0,1004.6443481445312,0.6900176227674764,3.063074350782302,-0.3302721781170479,3.0126561550720083,-0.1976159951512532,1.5970259768578052,1.2511792713171723,-0.0167520924344081,3.4265898532482377,1.5636003792452855
64.0,166.0,1004.2421264648438,1.1090451639676264,3.063170278295987,-0.1754780434512142,3.5433184929382966,-0.1568456031498367,1.0766389807596008,1.0528787249669178,-0.0171620058962041,3.1145081813601543,1.5893554756452115
64.0,166.0,1006.1292724609376,0.8825330645131402,3.064174342687368,-0.2362635771631851,3.582316996030628,-0.2074679037536006,0.9559810891053128,1.0531749231574068,-0.0434490340044395,3.286294651604756,2.3253331241426074
64.0,166.0,1005.7072143554688,1.6491448804843336,2.9104453120023,-0.2376035463302053,3.615676320374159,-0.5459213406507523,1.0802436756395946,1.0229389087533642,-0.0226071327225542,3.134768809825729,1.4551102740604491
64.0,166.0,1005.2555541992188,-0.5037094802039921,3.707585390221884,-0.3280569768488796,3.321070462527059,0.979043172621886,-0.4155761280008436,0.9565504599200948,0.2951346271246178,3.295787014291044,2.1819067114242974
64.0,166.0,1006.83154296875,1.5265036097584397,2.4688393553651458,-0.2193779993269236,3.456649131017686,-0.280184533111481,1.4322115030166764,0.0073984864598439,0.0552709621325861,2.764100911123255,1.699477136905433
64.0,166.0,1006.2119140625,0.4893625390202833,1.7795423029239368,-0.2283334970089545,3.1277989280704825,0.4981169607027755,1.141197769335064,2.5146578201478693,1.975507430672696,4.311031517865723,2.0922100116751228
64.0,166.0,1005.1494140625,1.4267671879387,2.82151791963309,-0.2050135975394147,3.599402345635524,-0.212234014229664,1.0699343377498252,1.054124327480299,-0.0348381047181509,3.2384919490320403,1.683330061310487
64.0,166.0,1005.474853515625,1.5026949966969567,4.303640589644998,0.0467183102294996,3.508585978273294,-0.276222544546385,1.2632585220760255,0.9839023829757484,0.4548566034085533,3.319979299343642,1.681623450852277
64.0,166.0,1004.5355224609376,-0.2067583177486083,2.156645823399848,1.1237471826284795,3.780946817479548,-0.5114493991580722,1.3470285072754011,1.5426076556614716,0.9251629364195506,3.6326501297850458,1.193605314089168
64.0,166.0,1005.1493530273438,0.5735184706036716,3.028423329307017,0.2644622216036731,2.659398374348958,0.2306337810705419,1.0125999917583286,1.1341537852403114,0.5087035841895886,3.226086612326376,1.548830647479367
64.0,166.0,1004.7785034179688,0.6991135168312739,2.894738252833397,-0.2188575842976097,3.4645647397683965,-0.2438181442738039,1.0991670823590096,0.687295206439572,1.314428712403647,3.3101250531130244,1.6781756112361752
64.0,166.0,1005.585205078125,1.4441076734521072,3.066111509674269,0.0067028297138759,3.194813058276394,-0.2495793018936137,1.1591742150332562,1.047291772061316,-0.0635626710663064,3.2934046480925203,1.7277033081006632
64.0,166.0,1004.95849609375,0.9162956780313632,2.1247201074083826,0.0379144096914144,3.0493734156772465,-0.204541723945408,1.0866278545155783,1.081534562537653,-0.1426858802547873,2.5531626479271203,1.6834925846586402
64.0,166.0,1005.079833984375,0.8078773908434,3.0635542735379326,-0.2222773718837908,3.644619233544741,-0.0438507735814526,1.4232936018416082,0.7302359461628485,0.463335757005806,3.131559441489576,1.6311643300045815
64.0,166.0,1005.9080810546876,1.0513515896295955,3.0324479004866207,-0.1399893757068982,2.5909601277576697,-0.1207554487964864,2.5126882206643253,1.1607896320933913,0.180815057255496,3.251736532375584,2.58552590355996
64.0,166.0,1005.7649536132812,0.2825466944237913,3.223371955913502,-1.130107795435179,3.475165291581171,-1.048330892200188,0.6773142097574366,1.7224453178602437,-0.0116344510771347,2.978858171781275,1.664112733334867
64.0,166.0,1003.8233642578124,1.028523366259821,3.0628461474330293,-0.3204188298828894,3.0167776901382988,0.2647472536681213,1.306874930918926,0.9514498344110252,-0.5399432597472117,3.348110656193866,0.8965220619264871
64.0,166.0,1006.2741088867188,1.643031542836416,3.606370926934152,-0.6934784640503268,3.544777025413626,-0.1168117638030309,0.939111865717292,1.235370936060419,0.8014975999324441,3.270795648100955,1.6707495569788469
64.0,166.0,1005.4580688476562,1.714830991173177,3.0751933772525515,-0.3198873779630757,3.0600901733655563,-0.3336865919117254,1.041410814400998,0.9802931378106874,-0.0717430790773777,3.30035801474969,1.62578042127942
64.0,166.0,1006.1286010742188,1.5630251164579407,3.034072154337606,-0.2144607478813976,3.3747890166807086,-0.1840946200972616,1.0834848120091078,1.505132191142844,0.0986427251527393,3.2971237436003165,1.6407078622033984
64.0,166.0,1004.8368530273438,-0.0192859539180938,3.1458012448024646,-0.4052589456220559,3.5837623621294377,-0.4446218579421889,1.004306573519272,1.0674916208430016,-0.1473208806064043,4.659302750457305,1.266183010783346
64.0,166.0,1005.0035400390624,1.488088734200528,3.2964916798764268,-0.081613556681665,3.4931910742310563,-0.4795947022471148,1.19443031097595,1.5983254058784726,0.3030366300005376,3.1093375136026897,1.3517079212642986
64.0,166.0,1005.59716796875,0.8422960777773174,3.0348209215701183,-0.2311176520887816,3.530445462000517,0.731073415144617,1.0838871087870037,1.0526527931079228,-0.2789778063184201,3.525442996103043,1.9314441196361605
64.0,166.0,1005.1682739257812,0.4758226699530498,2.725912301651685,-0.0230184400084026,3.5041163169939864,-0.2839688026094656,0.98246182909671,0.7814411067738086,0.0567855685067581,3.2908997596538847,1.3640380101297185
64.0,166.0,1004.932861328125,1.5796322669745138,2.974669102036052,-0.2759972217390695,3.567574034001228,-0.2093543612178015,1.4940440693796724,1.055340177568717,-0.0056815911348413,3.322450316094878,2.2801882162059304
64.0,166.0,1005.4376220703124,1.4939369051591875,3.208578143175042,-0.0838875551827738,3.6527902052474297,-0.0677512366808728,2.1295316682877434,1.0280783661595605,-0.0117743859456704,3.334761595860714,1.7120512362595308
64.0,166.0,1005.9476318359376,0.0416259073064684,3.056620648095169,0.9059087932371556,3.541676985417584,-0.4558259587305865,-0.3150494321593007,1.05123482986649,-0.0994281152615595,3.238383279985208,1.6565234082160285
64.0,166.0,1006.0139770507812,1.5426257774234884,2.963062015218996,-0.1644154265346108,3.571054709565818,-0.2255485820590461,1.124004775755031,1.0785750977224122,-0.0170868564908297,3.529492666873149,1.8095727813707885
64.0,166.0,1004.924560546875,1.3902787656971398,3.2388825019148166,-0.206591284257351,2.6835356447268124,-0.2393013169250669,1.0825663808182378,0.7880722208517016,0.1086941866441624,3.760609960660497,1.5499190461382142
64.0,166.0,1003.884033203125,1.1425112649696187,3.065090117718845,0.592860107788608,2.8071972518327133,0.2549808842303713,0.7688590957311772,1.1434486482266086,0.1774592781213724,3.2904317271738885,1.6652367097735672
64.0,166.0,1004.8756713867188,1.803103039357084,3.04969122379482,-0.2380855070972431,3.544222673085715,-0.3675432124331079,1.0049334701620785,1.0915745130618049,-0.0166428366782459,3.286393579044508,1.7128181502425668
64.0,166.0,1005.5949096679688,1.065741447403239,3.566321993171797,-0.1722097588879127,3.335195644635442,0.4153135222526197,1.6432684793938577,1.2308026718224587,0.3065238812510272,3.32453208933479,1.4181087479272612
64.0,166.0,1005.1708984375,1.5387374172758588,3.0630905424895096,-0.2761169812147975,3.539551483750204,-0.0710913967583387,1.0864629386437223,1.0432566156141505,0.0406253156605319,3.3703392304127733,1.6847979903288934
64.0,166.0,1004.3433227539062,1.5246637626108075,2.588764633984187,-0.2247483509817702,3.541791433209113,-0.2094105942329443,0.0900981966808316,1.4472220790014578,0.3634141441016041,3.275517642189521,1.677631713184814
64.0,166.0,1006.3489990234376,1.5514520891483368,3.057318420357167,-0.2631982522786442,3.525985729806991,-0.211421577591669,1.0871765917978395,1.0592099546980789,-0.0142462550174791,2.96232874565588,1.5743383689854655
64.0,166.0,1005.1350708007812,0.1661038185710084,2.5390123143543657,2.0774916054569346,1.835614257140512,-1.5735118140693944,0.0393769710875324,1.5364656260845004,0.9512514490147672,2.833057723425437,1.6722709438483858
64.0,166.0,1006.7476806640624,1.3783292661069166,2.227281756843792,0.7486796121921748,2.3676098445669496,-0.4352187250238886,0.1295667694666509,1.2582478032152908,0.9678886220425788,1.546052822985894,1.7088008776725607
64.0,166.0,1003.6841430664062,1.5264166200797986,3.063097861613356,-0.215819897253269,3.5490497273888275,-0.2048867388282806,1.0826619122252867,1.0511392207255632,-0.0170243374408754,3.2973942147249127,1.6821927523441609
64.0,166.0,1005.0227661132812,1.1090167985935704,3.054929262949412,0.2138404591139139,3.3785257770175283,-0.2062982807170551,0.6081492878130935,1.0163426512361524,-0.0348229360837541,3.2931519023315508,1.7331119502206431
64.0,166.0,1006.3912353515624,1.0823124156003283,3.145532408020725,0.0937498638335725,4.3492484902596935,-0.983369492477124,0.3045399617600217,1.0355153888892177,-0.6035785196627739,3.47882371336145,1.9749920545649893
64.0,166.0,1003.7677001953124,0.9753379059727132,3.027481911426474,0.8914709442373026,3.6385006360362526,-0.1936568623912141,0.9354252219936228,1.0515023454212475,1.5844169383747184,3.3013099988549235,1.6821957420369034
64.0,166.0,1005.7315063476562,1.5396689441273124,3.0386942734840274,0.0727790596694881,3.99653790662412,-0.2180394714265182,1.1227822176659112,0.9898665587735348,-0.0161734394273001,3.292559616599718,1.7283088665121291
64.0,166.0,1005.9786376953124,1.1755166225902458,3.0139295819900664,-0.2417305383366287,3.616814653335077,-0.2729520402836232,1.8592848557108288,1.1177652924446315,0.1211451494947978,3.912459696901169,2.2316448068592054
64.0,166.0,1004.7403564453124,0.4804166552562906,3.142058809388116,-0.507253232726782,3.78275224637308,-0.5671588827166028,1.1261544357254607,1.4122039073154182,0.5007209311294231,3.503301094810195,1.926829920271378
64.0,166.0,1004.5214233398438,1.3925082887281215,3.065088985864282,-0.1686798461004562,2.4937664364779137,-0.2246521629870259,1.0573601922845028,1.0844478999456344,-0.8866334099558765,3.2654268773896447,1.6563374701400866
64.0,166.0,1006.101806640625,1.5145614614356997,2.994643314133276,-0.4385238738008652,2.6498988515969346,-0.2204737755628775,1.1219320992016055,0.99350013477897,-0.0190371027451072,3.134156782158529,1.6797391789481235
64.0,166.0,1005.5848999023438,-0.4976473021030942,3.419951677935696,-0.3086301958483286,3.870154605804175,-1.1699164176837953,1.6993185462984577,0.8701808901365833,0.0028869377323087,3.427754210534899,1.6924904654891433
64.0,166.0,1005.8743896484376,0.0594998054986024,2.4736092679713666,-0.1808303602303297,1.535912543515276,-0.2128728184311272,0.8096079746393341,0.1778975985534896,-0.0199302804665875,3.321000599716123,2.4317144383963893
64.0,166.0,1005.768310546875,1.5999854791936896,2.9805356758612893,-0.224463190705871,3.807145392204087,-0.3379384159359995,1.0087144864956603,0.8161970981207121,-0.0299745068515237,3.525817858828421,1.6851147134922917
64.0,167.0,1004.6443481445312,0.6900176227674764,3.063074350782302,-0.3302721781170479,3.0126561550720083,-0.1976159951512532,1.5970259768578052,1.2511792713171723,-0.0167520924344081,3.4265898532482377,1.5636003792452855
64.0,167.0,1004.2421264648438,1.1090451639676264,3.063170278295987,-0.1754780434512142,3.5433184929382966,-0.1568456031498367,1.0766389807596008,1.0528787249669178,-0.0171620058962041,3.1145081813601543,1.5893554756452115
64.0,167.0,1006.1292724609376,0.8825330645131402,3.064174342687368,-0.2362635771631851,3.582316996030628,-0.2074679037536006,0.9559810891053128,1.0531749231574068,-0.0434490340044395,3.286294651604756,2.3253331241426074
64.0,167.0,1005.7072143554688,1.6491448804843336,2.9104453120023,-0.2376035463302053,3.615676320374159,-0.5459213406507523,1.0802436756395946,1.0229389087533642,-0.0226071327225542,3.134768809825729,1.4551102740604491
64.0,167.0,1005.2555541992188,-0.5037094802039921,3.707585390221884,-0.3280569768488796,3.321070462527059,0.979043172621886,-0.4155761280008436,0.9565504599200948,0.2951346271246178,3.295787014291044,2.1819067114242974
64.0,167.0,1006.83154296875,1.5265036097584397,2.4688393553651458,-0.2193779993269236,3.456649131017686,-0.280184533111481,1.4322115030166764,0.0073984864598439,0.0552709621325861,2.764100911123255,1.699477136905433
64.0,167.0,1006.2119140625,0.4893625390202833,1.7795423029239368,-0.2283334970089545,3.1277989280704825,0.4981169607027755,1.141197769335064,2.5146578201478693,1.975507430672696,4.311031517865723,2.0922100116751228
64.0,167.0,1005.1494140625,1.4267671879387,2.82151791963309,-0.2050135975394147,3.599402345635524,-0.212234014229664,1.0699343377498252,1.054124327480299,-0.0348381047181509,3.2384919490320403,1.683330061310487
64.0,167.0,1005.474853515625,1.5026949966969567,4.303640589644998,0.0467183102294996,3.508585978273294,-0.276222544546385,1.2632585220760255,0.9839023829757484,0.4548566034085533,3.319979299343642,1.681623450852277
64.0,167.0,1004.5355224609376,-0.2067583177486083,2.156645823399848,1.1237471826284795,3.780946817479548,-0.5114493991580722,1.3470285072754011,1.5426076556614716,0.9251629364195506,3.6326501297850458,1.193605314089168
64.0,167.0,1005.1493530273438,0.5735184706036716,3.028423329307017,0.2644622216036731,2.659398374348958,0.2306337810705419,1.0125999917583286,1.1341537852403114,0.5087035841895886,3.226086612326376,1.548830647479367
64.0,167.0,1004.7785034179688,0.6991135168312739,2.894738252833397,-0.2188575842976097,3.4645647397683965,-0.2438181442738039,1.0991670823590096,0.687295206439572,1.314428712403647,3.3101250531130244,1.6781756112361752
64.0,167.0,1005.585205078125,1.4441076734521072,3.066111509674269,0.0067028297138759,3.194813058276394,-0.2495793018936137,1.1591742150332562,1.047291772061316,-0.0635626710663064,3.2934046480925203,1.7277033081006632
64.0,167.0,1004.95849609375,0.9162956780313632,2.1247201074083826,0.0379144096914144,3.0493734156772465,-0.204541723945408,1.0866278545155783,1.081534562537653,-0.1426858802547873,2.5531626479271203,1.6834925846586402
64.0,167.0,1005.079833984375,0.8078773908434,3.0635542735379326,-0.2222773718837908,3.644619233544741,-0.0438507735814526,1.4232936018416082,0.7302359461628485,0.463335757005806,3.131559441489576,1.6311643300045815
64.0,167.0,1005.9080810546876,1.0513515896295955,3.0324479004866207,-0.1399893757068982,2.5909601277576697,-0.1207554487964864,2.5126882206643253,1.1607896320933913,0.180815057255496,3.251736532375584,2.58552590355996
64.0,167.0,1005.7649536132812,0.2825466944237913,3.223371955913502,-1.130107795435179,3.475165291581171,-1.048330892200188,0.6773142097574366,1.7224453178602437,-0.0116344510771347,2.978858171781275,1.664112733334867
64.0,167.0,1003.8233642578124,1.028523366259821,3.0628461474330293,-0.3204188298828894,3.0167776901382988,0.2647472536681213,1.306874930918926,0.9514498344110252,-0.5399432597472117,3.348110656193866,0.8965220619264871
64.0,167.0,1006.2741088867188,1.643031542836416,3.606370926934152,-0.6934784640503268,3.544777025413626,-0.1168117638030309,0.939111865717292,1.235370936060419,0.8014975999324441,3.270795648100955,1.6707495569788469
64.0,167.0,1005.4580688476562,1.714830991173177,3.0751933772525515,-0.3198873779630757,3.0600901733655563,-0.3336865919117254,1.041410814400998,0.9802931378106874,-0.0717430790773777,3.30035801474969,1.62578042127942
64.0,167.0,1006.1286010742188,1.5630251164579407,3.034072154337606,-0.2144607478813976,3.3747890166807086,-0.1840946200972616,1.0834848120091078,1.505132191142844,0.0986427251527393,3.2971237436003165,1.6407078622033984
64.0,167.0,1004.8368530273438,-0.0192859539180938,3.1458012448024646,-0.4052589456220559,3.5837623621294377,-0.4446218579421889,1.004306573519272,1.0674916208430016,-0.1473208806064043,4.659302750457305,1.266183010783346
64.0,167.0,1005.0035400390624,1.488088734200528,3.2964916798764268,-0.081613556681665,3.4931910742310563,-0.4795947022471148,1.19443031097595,1.5983254058784726,0.3030366300005376,3.1093375136026897,1.3517079212642986
64.0,167.0,1005.59716796875,0.8422960777773174,3.0348209215701183,-0.2311176520887816,3.530445462000517,0.731073415144617,1.0838871087870037,1.0526527931079228,-0.2789778063184201,3.525442996103043,1.9314441196361605
64.0,167.0,1005.1682739257812,0.4758226699530498,2.725912301651685,-0.0230184400084026,3.5041163169939864,-0.2839688026094656,0.98246182909671,0.7814411067738086,0.0567855685067581,3.2908997596538847,1.3640380101297185
64.0,167.0,1004.932861328125,1.5796322669745138,2.974669102036052,-0.2759972217390695,3.567574034001228,-0.2093543612178015,1.4940440693796724,1.055340177568717,-0.0056815911348413,3.322450316094878,2.2801882162059304
64.0,167.0,1005.4376220703124,1.4939369051591875,3.208578143175042,-0.0838875551827738,3.6527902052474297,-0.0677512366808728,2.1295316682877434,1.0280783661595605,-0.0117743859456704,3.334761595860714,1.7120512362595308
64.0,167.0,1005.9476318359376,0.0416259073064684,3.056620648095169,0.9059087932371556,3.541676985417584,-0.4558259587305865,-0.3150494321593007,1.05123482986649,-0.0994281152615595,3.238383279985208,1.6565234082160285
64.0,167.0,1006.0139770507812,1.5426257774234884,2.963062015218996,-0.1644154265346108,3.571054709565818,-0.2255485820590461,1.124004775755031,1.0785750977224122,-0.0170868564908297,3.529492666873149,1.8095727813707885
64.0,167.0,1004.924560546875,1.3902787656971398,3.2388825019148166,-0.206591284257351,2.6835356447268124,-0.2393013169250669,1.0825663808182378,0.7880722208517016,0.1086941866441624,3.760609960660497,1.5499190461382142
64.0,167.0,1003.884033203125,1.1425112649696187,3.065090117718845,0.592860107788608,2.8071972518327133,0.2549808842303713,0.7688590957311772,1.1434486482266086,0.1774592781213724,3.2904317271738885,1.6652367097735672
64.0,167.0,1004.8756713867188,1.803103039357084,3.04969122379482,-0.2380855070972431,3.544222673085715,-0.3675432124331079,1.0049334701620785,1.0915745130618049,-0.0166428366782459,3.286393579044508,1.7128181502425668
64.0,167.0,1005.5949096679688,1.065741447403239,3.566321993171797,-0.1722097588879127,3.335195644635442,0.4153135222526197,1.6432684793938577,1.2308026718224587,0.3065238812510272,3.32453208933479,1.4181087479272612
64.0,167.0,1005.1708984375,1.5387374172758588,3.0630905424895096,-0.2761169812147975,3.539551483750204,-0.0710913967583387,1.0864629386437223,1.0432566156141505,0.0406253156605319,3.3703392304127733,1.6847979903288934
64.0,167.0,1004.3433227539062,1.5246637626108075,2.588764633984187,-0.2247483509817702,3.541791433209113,-0.2094105942329443,0.0900981966808316,1.4472220790014578,0.3634141441016041,3.275517642189521,1.677631713184814
64.0,167.0,1006.3489990234376,1.5514520891483368,3.057318420357167,-0.2631982522786442,3.525985729806991,-0.211421577591669,1.0871765917978395,1.0592099546980789,-0.0142462550174791,2.96232874565588,1.5743383689854655
64.0,167.0,1005.1350708007812,0.1661038185710084,2.5390123143543657,2.0774916054569346,1.835614257140512,-1.5735118140693944,0.0393769710875324,1.5364656260845004,0.9512514490147672,2.833057723425437,1.6722709438483858
64.0,167.0,1006.7476806640624,1.3783292661069166,2.227281756843792,0.7486796121921748,2.3676098445669496,-0.4352187250238886,0.1295667694666509,1.2582478032152908,0.9678886220425788,1.546052822985894,1.7088008776725607
64.0,167.0,1003.6841430664062,1.5264166200797986,3.063097861613356,-0.215819897253269,3.5490497273888275,-0.2048867388282806,1.0826619122252867,1.0511392207255632,-0.0170243374408754,3.2973942147249127,1.6821927523441609
64.0,167.0,1005.0227661132812,1.1090167985935704,3.054929262949412,0.2138404591139139,3.3785257770175283,-0.2062982807170551,0.6081492878130935,1.0163426512361524,-0.0348229360837541,3.2931519023315508,1.7331119502206431
64.0,167.0,1006.3912353515624,1.0823124156003283,3.145532408020725,0.0937498638335725,4.3492484902596935,-0.983369492477124,0.3045399617600217,1.0355153888892177,-0.6035785196627739,3.47882371336145,1.9749920545649893
64.0,167.0,1003.7677001953124,0.9753379059727132,3.027481911426474,0.8914709442373026,3.6385006360362526,-0.1936568623912141,0.9354252219936228,1.0515023454212475,1.5844169383747184,3.3013099988549235,1.6821957420369034
64.0,167.0,1005.7315063476562,1.5396689441273124,3.0386942734840274,0.0727790596694881,3.99653790662412,-0.2180394714265182,1.1227822176659112,0.9898665587735348,-0.0161734394273001,3.292559616599718,1.7283088665121291
64.0,167.0,1005.9786376953124,1.1755166225902458,3.0139295819900664,-0.2417305383366287,3.616814653335077,-0.2729520402836232,1.8592848557108288,1.1177652924446315,0.1211451494947978,3.912459696901169,2.2316448068592054
64.0,167.0,1004.7403564453124,0.4804166552562906,3.142058809388116,-0.507253232726782,3.78275224637308,-0.5671588827166028,1.1261544357254607,1.4122039073154182,0.5007209311294231,3.503301094810195,1.926829920271378
64.0,167.0,1004.5214233398438,1.3925082887281215,3.065088985864282,-0.1686798461004562,2.4937664364779137,-0.2246521629870259,1.0573601922845028,1.0844478999456344,-0.8866334099558765,3.2654268773896447,1.6563374701400866
64.0,167.0,1006.101806640625,1.5145614614356997,2.994643314133276,-0.4385238738008652,2.6498988515969346,-0.2204737755628775,1.1219320992016055,0.99350013477897,-0.0190371027451072,3.134156782158529,1.6797391789481235
64.0,167.0,1005.5848999023438,-0.4976473021030942,3.419951677935696,-0.3086301958483286,3.870154605804175,-1.1699164176837953,1.6993185462984577,0.8701808901365833,0.0028869377323087,3.427754210534899,1.6924904654891433
64.0,167.0,1005.8743896484376,0.0594998054986024,2.4736092679713666,-0.1808303602303297,1.535912543515276,-0.2128728184311272,0.8096079746393341,0.1778975985534896,-0.0199302804665875,3.321000599716123,2.4317144383963893
64.0,167.0,1005.768310546875,1.5999854791936896,2.9805356758612893,-0.224463190705871,3.807145392204087,-0.3379384159359995,1.0087144864956603,0.8161970981207121,-0.0299745068515237,3.525817858828421,1.6851147134922917
64.0,168.0,1004.6443481445312,0.6900176227674764,3.063074350782302,-0.3302721781170479,3.0126561550720083,-0.1976159951512532,1.5970259768578052,1.2511792713171723,-0.0167520924344081,3.4265898532482377,1.5636003792452855
64.0,168.0,1004.2421264648438,1.1090451639676264,3.063170278295987,-0.1754780434512142,3.5433184929382966,-0.1568456031498367,1.0766389807596008,1.0528787249669178,-0.0171620058962041,3.1145081813601543,1.5893554756452115
64.0,168.0,1006.1292724609376,0.8825330645131402,3.064174342687368,-0.2362635771631851,3.582316996030628,-0.2074679037536006,0.9559810891053128,1.0531749231574068,-0.0434490340044395,3.286294651604756,2.3253331241426074
64.0,168.0,1005.7072143554688,1.6491448804843336,2.9104453120023,-0.2376035463302053,3.615676320374159,-0.5459213406507523,1.0802436756395946,1.0229389087533642,-0.0226071327225542,3.134768809825729,1.4551102740604491
64.0,168.0,1005.2555541992188,-0.5037094802039921,3.707585390221884,-0.3280569768488796,3.321070462527059,0.979043172621886,-0.4155761280008436,0.9565504599200948,0.2951346271246178,3.295787014291044,2.1819067114242974
64.0,168.0,1006.83154296875,1.5265036097584397,2.4688393553651458,-0.2193779993269236,3.456649131017686,-0.280184533111481,1.4322115030166764,0.0073984864598439,0.0552709621325861,2.764100911123255,1.699477136905433
64.0,168.0,1006.2119140625,0.4893625390202833,1.7795423029239368,-0.2283334970089545,3.1277989280704825,0.4981169607027755,1.141197769335064,2.5146578201478693,1.975507430672696,4.311031517865723,2.0922100116751228
64.0,168.0,1005.1494140625,1.4267671879387,2.82151791963309,-0.2050135975394147,3.599402345635524,-0.212234014229664,1.0699343377498252,1.054124327480299,-0.0348381047181509,3.2384919490320403,1.683330061310487
64.0,168.0,1005.474853515625,1.5026949966969567,4.303640589644998,0.0467183102294996,3.508585978273294,-0.276222544546385,1.2632585220760255,0.9839023829757484,0.4548566034085533,3.319979299343642,1.681623450852277
64.0,168.0,1004.5355224609376,-0.2067583177486083,2.156645823399848,1.1237471826284795,3.780946817479548,-0.5114493991580722,1.3470285072754011,1.5426076556614716,0.9251629364195506,3.6326501297850458,1.193605314089168
64.0,168.0,1005.1493530273438,0.5735184706036716,3.028423329307017,0.2644622216036731,2.659398374348958,0.2306337810705419,1.0125999917583286,1.1341537852403114,0.5087035841895886,3.226086612326376,1.548830647479367
64.0,168.0,1004.7785034179688,0.6991135168312739,2.894738252833397,-0.2188575842976097,3.4645647397683965,-0.2438181442738039,1.0991670823590096,0.687295206439572,1.314428712403647,3.3101250531130244,1.6781756112361752
64.0,168.0,1005.585205078125,1.4441076734521072,3.066111509674269,0.0067028297138759,3.194813058276394,-0.2495793018936137,1.1591742150332562,1.047291772061316,-0.0635626710663064,3.2934046480925203,1.7277033081006632
64.0,168.0,1004.95849609375,0.9162956780313632,2.1247201074083826,0.0379144096914144,3.0493734156772465,-0.204541723945408,1.0866278545155783,1.081534562537653,-0.1426858802547873,2.5531626479271203,1.6834925846586402
64.0,168.0,1005.079833984375,0.8078773908434,3.0635542735379326,-0.2222773718837908,3.644619233544741,-0.0438507735814526,1.4232936018416082,0.7302359461628485,0.463335757005806,3.131559441489576,1.6311643300045815
64.0,168.0,1005.9080810546876,1.0513515896295955,3.0324479004866207,-0.1399893757068982,2.5909601277576697,-0.1207554487964864,2.5126882206643253,1.1607896320933913,0.180815057255496,3.251736532375584,2.58552590355996
64.0,168.0,1005.7649536132812,0.2825466944237913,3.223371955913502,-1.130107795435179,3.475165291581171,-1.048330892200188,0.6773142097574366,1.7224453178602437,-0.0116344510771347,2.978858171781275,1.664112733334867
64.0,168.0,1003.8233642578124,1.028523366259821,3.0628461474330293,-0.3204188298828894,3.0167776901382988,0.2647472536681213,1.306874930918926,0.9514498344110252,-0.5399432597472117,3.348110656193866,0.8965220619264871
64.0,168.0,1006.2741088867188,1.643031542836416,3.606370926934152,-0.6934784640503268,3.544777025413626,-0.1168117638030309,0.939111865717292,1.235370936060419,0.8014975999324441,3.270795648100955,1.6707495569788469
64.0,168.0,1005.4312744140624,1.3627715738376884,3.076635121501396,-0.2203183241854567,3.1897560510402903,-0.4507563945197057,1.1522013466208365,1.072078304572779,-0.0715777010715543,3.2997649430028133,1.6650114468654638
64.0,168.0,1006.1286010742188,1.5630251164579407,3.034072154337606,-0.2144607478813976,3.3747890166807086,-0.1840946200972616,1.0834848120091078,1.505132191142844,0.0986427251527393,3.2971237436003165,1.6407078622033984
64.0,168.0,1004.8368530273438,-0.0192859539180938,3.1458012448024646,-0.4052589456220559,3.5837623621294377,-0.4446218579421889,1.004306573519272,1.0674916208430016,-0.1473208806064043,4.659302750457305,1.266183010783346
64.0,168.0,1005.0035400390624,1.488088734200528,3.2964916798764268,-0.081613556681665,3.4931910742310563,-0.4795947022471148,1.19443031097595,1.5983254058784726,0.3030366300005376,3.1093375136026897,1.3517079212642986
64.0,168.0,1005.59716796875,0.8422960777773174,3.0348209215701183,-0.2311176520887816,3.530445462000517,0.731073415144617,1.0838871087870037,1.0526527931079228,-0.2789778063184201,3.525442996103043,1.9314441196361605
64.0,168.0,1005.1682739257812,0.4758226699530498,2.725912301651685,-0.0230184400084026,3.5041163169939864,-0.2839688026094656,0.98246182909671,0.7814411067738086,0.0567855685067581,3.2908997596538847,1.3640380101297185
64.0,168.0,1004.932861328125,1.5796322669745138,2.974669102036052,-0.2759972217390695,3.567574034001228,-0.2093543612178015,1.4940440693796724,1.055340177568717,-0.0056815911348413,3.322450316094878,2.2801882162059304
64.0,168.0,1005.4376220703124,1.4939369051591875,3.208578143175042,-0.0838875551827738,3.6527902052474297,-0.0677512366808728,2.1295316682877434,1.0280783661595605,-0.0117743859456704,3.334761595860714,1.7120512362595308
64.0,168.0,1005.9476318359376,0.0416259073064684,3.056620648095169,0.9059087932371556,3.541676985417584,-0.4558259587305865,-0.3150494321593007,1.05123482986649,-0.0994281152615595,3.238383279985208,1.6565234082160285
64.0,168.0,1006.0139770507812,1.5426257774234884,2.963062015218996,-0.1644154265346108,3.571054709565818,-0.2255485820590461,1.124004775755031,1.0785750977224122,-0.0170868564908297,3.529492666873149,1.8095727813707885
64.0,168.0,1004.924560546875,1.3902787656971398,3.2388825019148166,-0.206591284257351,2.6835356447268124,-0.2393013169250669,1.0825663808182378,0.7880722208517016,0.1086941866441624,3.760609960660497,1.5499190461382142
64.0,168.0,1003.884033203125,1.1425112649696187,3.065090117718845,0.592860107788608,2.8071972518327133,0.2549808842303713,0.7688590957311772,1.1434486482266086,0.1774592781213724,3.2904317271738885,1.6652367097735672
64.0,168.0,1004.8756713867188,1.803103039357084,3.04969122379482,-0.2380855070972431,3.544222673085715,-0.3675432124331079,1.0049334701620785,1.0915745130618049,-0.0166428366782459,3.286393579044508,1.7128181502425668
64.0,168.0,1005.5949096679688,1.065741447403239,3.566321993171797,-0.1722097588879127,3.335195644635442,0.4153135222526197,1.6432684793938577,1.2308026718224587,0.3065238812510272,3.32453208933479,1.4181087479272612
64.0,168.0,1005.1708984375,1.5387374172758588,3.0630905424895096,-0.2761169812147975,3.539551483750204,-0.0710913967583387,1.0864629386437223,1.0432566156141505,0.0406253156605319,3.3703392304127733,1.6847979903288934
64.0,168.0,1004.3433227539062,1.5246637626108075,2.588764633984187,-0.2247483509817702,3.541791433209113,-0.2094105942329443,0.0900981966808316,1.4472220790014578,0.3634141441016041,3.275517642189521,1.677631713184814
64.0,168.0,1006.3489990234376,1.5514520891483368,3.057318420357167,-0.2631982522786442,3.525985729806991,-0.211421577591669,1.0871765917978395,1.0592099546980789,-0.0142462550174791,2.96232874565588,1.5743383689854655
64.0,168.0,1002.565185546875,0.5472914493255665,3.366882117201061,1.3060013984334584,1.9325170226020087,-1.0074251950736448,0.7432223534795421,1.6951969237110474,0.1334456915648295,3.316198941140461,1.659375229627378
64.0,168.0,1006.7476806640624,1.3783292661069166,2.227281756843792,0.7486796121921748,2.3676098445669496,-0.4352187250238886,0.1295667694666509,1.2582478032152908,0.9678886220425788,1.546052822985894,1.7088008776725607
64.0,168.0,1003.6841430664062,1.5264166200797986,3.063097861613356,-0.215819897253269,3.5490497273888275,-0.2048867388282806,1.0826619122252867,1.0511392207255632,-0.0170243374408754,3.2973942147249127,1.6821927523441609
64.0,168.0,1005.0227661132812,1.1090167985935704,3.054929262949412,0.2138404591139139,3.3785257770175283,-0.2062982807170551,0.6081492878130935,1.0163426512361524,-0.0348229360837541,3.2931519023315508,1.7331119502206431
64.0,168.0,1006.3912353515624,1.0823124156003283,3.145532408020725,0.0937498638335725,4.3492484902596935,-0.983369492477124,0.3045399617600217,1.0355153888892177,-0.6035785196627739,3.47882371336145,1.9749920545649893
64.0,168.0,1003.7677001953124,0.9753379059727132,3.027481911426474,0.8914709442373026,3.6385006360362526,-0.1936568623912141,0.9354252219936228,1.0515023454212475,1.5844169383747184,3.3013099988549235,1.6821957420369034
64.0,168.0,1005.7315063476562,1.5396689441273124,3.0386942734840274,0.0727790596694881,3.99653790662412,-0.2180394714265182,1.1227822176659112,0.9898665587735348,-0.0161734394273001,3.292559616599718,1.7283088665121291
64.0,168.0,1005.9786376953124,1.1755166225902458,3.0139295819900664,-0.2417305383366287,3.616814653335077,-0.2729520402836232,1.8592848557108288,1.1177652924446315,0.1211451494947978,3.912459696901169,2.2316448068592054
64.0,168.0,1004.7403564453124,0.4804166552562906,3.142058809388116,-0.507253232726782,3.78275224637308,-0.5671588827166028,1.1261544357254607,1.4122039073154182,0.5007209311294231,3.503301094810195,1.926829920271378
64.0,168.0,1004.5214233398438,1.3925082887281215,3.065088985864282,-0.1686798461004562,2.4937664364779137,-0.2246521629870259,1.0573601922845028,1.0844478999456344,-0.8866334099558765,3.2654268773896447,1.6563374701400866
64.0,168.0,1006.101806640625,1.5145614614356997,2.994643314133276,-0.4385238738008652,2.6498988515969346,-0.2204737755628775,1.1219320992016055,0.99350013477897,-0.0190371027451072,3.134156782158529,1.6797391789481235
64.0,168.0,1005.5848999023438,-0.4976473021030942,3.419951677935696,-0.3086301958483286,3.870154605804175,-1.1699164176837953,1.6993185462984577,0.8701808901365833,0.0028869377323087,3.427754210534899,1.6924904654891433
64.0,168.0,1005.8743896484376,0.0594998054986024,2.4736092679713666,-0.1808303602303297,1.535912543515276,-0.2128728184311272,0.8096079746393341,0.1778975985534896,-0.0199302804665875,3.321000599716123,2.4317144383963893
64.0,168.0,1005.768310546875,1.5999854791936896,2.9805356758612893,-0.224463190705871,3.807145392204087,-0.3379384159359995,1.0087144864956603,0.8161970981207121,-0.0299745068515237,3.525817858828421,1.6851147134922917
64.0,169.0,1004.6443481445312,0.6900176227674764,3.063074350782302,-0.3302721781170479,3.0126561550720083,-0.1976159951512532,1.5970259768578052,1.2511792713171723,-0.0167520924344081,3.4265898532482377,1.5636003792452855
64.0,169.0,1004.2421264648438,1.1090451639676264,3.063170278295987,-0.1754780434512142,3.5433184929382966,-0.1568456031498367,1.0766389807596008,1.0528787249669178,-0.0171620058962041,3.1145081813601543,1.5893554756452115
64.0,169.0,1006.1292724609376,0.8825330645131402,3.064174342687368,-0.2362635771631851,3.582316996030628,-0.2074679037536006,0.9559810891053128,1.0531749231574068,-0.0434490340044395,3.286294651604756,2.3253331241426074
64.0,169.0,1005.7072143554688,1.6491448804843336,2.9104453120023,-0.2376035463302053,3.615676320374159,-0.5459213406507523,1.0802436756395946,1.0229389087533642,-0.0226071327225542,3.134768809825729,1.4551102740604491
64.0,169.0,1005.2555541992188,-0.5037094802039921,3.707585390221884,-0.3280569768488796,3.321070462527059,0.979043172621886,-0.4155761280008436,0.9565504599200948,0.2951346271246178,3.295787014291044,2.1819067114242974
64.0,169.0,1006.83154296875,1.5265036097584397,2.4688393553651458,-0.2193779993269236,3.456649131017686,-0.280184533111481,1.4322115030166764,0.0073984864598439,0.0552709621325861,2.764100911123255,1.699477136905433
64.0,169.0,1006.2119140625,0.4893625390202833,1.7795423029239368,-0.2283334970089545,3.1277989280704825,0.4981169607027755,1.141197769335064,2.5146578201478693,1.975507430672696,4.311031517865723,2.0922100116751228
64.0,169.0,1005.1494140625,1.4267671879387,2.82151791963309,-0.2050135975394147,3.599402345635524,-0.212234014229664,1.0699343377498252,1.054124327480299,-0.0348381047181509,3.2384919490320403,1.683330061310487
64.0,169.0,1005.474853515625,1.5026949966969567,4.303640589644998,0.0467183102294996,3.508585978273294,-0.276222544546385,1.2632585220760255,0.9839023829757484,0.4548566034085533,3.319979299343642,1.681623450852277
64.0,169.0,1004.5355224609376,-0.2067583177486083,2.156645823399848,1.1237471826284795,3.780946817479548,-0.5114493991580722,1.3470285072754011,1.5426076556614716,0.9251629364195506,3.6326501297850458,1.193605314089168
64.0,169.0,1005.1493530273438,0.5735184706036716,3.028423329307017,0.2644622216036731,2.659398374348958,0.2306337810705419,1.0125999917583286,1.1341537852403114,0.5087035841895886,3.226086612326376,1.548830647479367
64.0,169.0,1004.7785034179688,0.6991135168312739,2.894738252833397,-0.2188575842976097,3.4645647397683965,-0.2438181442738039,1.0991670823590096,0.687295206439572,1.314428712403647,3.3101250531130244,1.6781756112361752
64.0,169.0,1005.585205078125,1.4441076734521072,3.066111509674269,0.0067028297138759,3.194813058276394,-0.2495793018936137,1.1591742150332562,1.047291772061316,-0.0635626710663064,3.2934046480925203,1.7277033081006632
64.0,169.0,1004.95849609375,0.9162956780313632,2.1247201074083826,0.0379144096914144,3.0493734156772465,-0.204541723945408,1.0866278545155783,1.081534562537653,-0.1426858802547873,2.5531626479271203,1.6834925846586402
64.0,169.0,1005.079833984375,0.8078773908434,3.0635542735379326,-0.2222773718837908,3.644619233544741,-0.0438507735814526,1.4232936018416082,0.7302359461628485,0.463335757005806,3.131559441489576,1.6311643300045815
64.0,169.0,1005.9080810546876,1.0513515896295955,3.0324479004866207,-0.1399893757068982,2.5909601277576697,-0.1207554487964864,2.5126882206643253,1.1607896320933913,0.180815057255496,3.251736532375584,2.58552590355996
64.0,169.0,1005.7649536132812,0.2825466944237913,3.223371955913502,-1.130107795435179,3.475165291581171,-1.048330892200188,0.6773142097574366,1.7224453178602437,-0.0116344510771347,2.978858171781275,1.664112733334867
64.0,169.0,1003.8233642578124,1.028523366259821,3.0628461474330293,-0.3204188298828894,3.0167776901382988,0.2647472536681213,1.306874930918926,0.9514498344110252,-0.5399432597472117,3.348110656193866,0.8965220619264871
64.0,169.0,1006.2741088867188,1.643031542836416,3.606370926934152,-0.6934784640503268,3.544777025413626,-0.1168117638030309,0.939111865717292,1.235370936060419,0.8014975999324441,3.270795648100955,1.6707495569788469
64.0,169.0,1005.4312744140624,1.3627715738376884,3.076635121501396,-0.2203183241854567,3.1897560510402903,-0.4507563945197057,1.1522013466208365,1.072078304572779,-0.0715777010715543,3.2997649430028133,1.6650114468654638
64.0,169.0,1006.1286010742188,1.5630251164579407,3.034072154337606,-0.2144607478813976,3.3747890166807086,-0.1840946200972616,1.0834848120091078,1.505132191142844,0.0986427251527393,3.2971237436003165,1.6407078622033984
64.0,169.0,1004.8368530273438,-0.0192859539180938,3.1458012448024646,-0.4052589456220559,3.5837623621294377,-0.4446218579421889,1.004306573519272,1.0674916208430016,-0.1473208806064043,4.659302750457305,1.266183010783346
64.0,169.0,1005.0035400390624,1.488088734200528,3.2964916798764268,-0.081613556681665,3.4931910742310563,-0.4795947022471148,1.19443031097595,1.5983254058784726,0.3030366300005376,3.1093375136026897,1.3517079212642986
64.0,169.0,1005.59716796875,0.8422960777773174,3.0348209215701183,-0.2311176520887816,3.530445462000517,0.731073415144617,1.0838871087870037,1.0526527931079228,-0.2789778063184201,3.525442996103043,1.9314441196361605
64.0,169.0,1005.1682739257812,0.4758226699530498,2.725912301651685,-0.0230184400084026,3.5041163169939864,-0.2839688026094656,0.98246182909671,0.7814411067738086,0.0567855685067581,3.2908997596538847,1.3640380101297185
64.0,169.0,1004.932861328125,1.5796322669745138,2.974669102036052,-0.2759972217390695,3.567574034001228,-0.2093543612178015,1.4940440693796724,1.055340177568717,-0.0056815911348413,3.322450316094878,2.2801882162059304
64.0,169.0,1005.4376220703124,1.4939369051591875,3.208578143175042,-0.0838875551827738,3.6527902052474297,-0.0677512366808728,2.1295316682877434,1.0280783661595605,-0.0117743859456704,3.334761595860714,1.7120512362595308
64.0,169.0,1005.9476318359376,0.0416259073064684,3.056620648095169,0.9059087932371556,3.541676985417584,-0.4558259587305865,-0.3150494321593007,1.05123482986649,-0.0994281152615595,3.238383279985208,1.6565234082160285
64.0,169.0,1006.0139770507812,1.5426257774234884,2.963062015218996,-0.1644154265346108,3.571054709565818,-0.2255485820590461,1.124004775755031,1.0785750977224122,-0.0170868564908297,3.529492666873149,1.8095727813707885
64.0,169.0,1004.924560546875,1.3902787656971398,3.2388825019148166,-0.206591284257351,2.6835356447268124,-0.2393013169250669,1.0825663808182378,0.7880722208517016,0.1086941866441624,3.760609960660497,1.5499190461382142
64.0,169.0,1003.884033203125,1.1425112649696187,3.065090117718845,0.592860107788608,2.8071972518327133,0.2549808842303713,0.7688590957311772,1.1434486482266086,0.1774592781213724,3.2904317271738885,1.6652367097735672
64.0,169.0,1004.8756713867188,1.803103039357084,3.04969122379482,-0.2380855070972431,3.544222673085715,-0.3675432124331079,1.0049334701620785,1.0915745130618049,-0.0166428366782459,3.286393579044508,1.7128181502425668
64.0,169.0,1005.5949096679688,1.065741447403239,3.566321993171797,-0.1722097588879127,3.335195644635442,0.4153135222526197,1.6432684793938577,1.2308026718224587,0.3065238812510272,3.32453208933479,1.4181087479272612
64.0,169.0,1005.1708984375,1.5387374172758588,3.0630905424895096,-0.2761169812147975,3.539551483750204,-0.0710913967583387,1.0864629386437223,1.0432566156141505,0.0406253156605319,3.3703392304127733,1.6847979903288934
64.0,169.0,1004.3433227539062,1.5246637626108075,2.588764633984187,-0.2247483509817702,3.541791433209113,-0.2094105942329443,0.0900981966808316,1.4472220790014578,0.3634141441016041,3.275517642189521,1.677631713184814
64.0,169.0,1006.3489990234376,1.5514520891483368,3.057318420357167,-0.2631982522786442,3.525985729806991,-0.211421577591669,1.0871765917978395,1.0592099546980789,-0.0142462550174791,2.96232874565588,1.5743383689854655
64.0,169.0,1002.565185546875,0.5472914493255665,3.366882117201061,1.3060013984334584,1.9325170226020087,-1.0074251950736448,0.7432223534795421,1.6951969237110474,0.1334456915648295,3.316198941140461,1.659375229627378
64.0,169.0,1006.7476806640624,1.3783292661069166,2.227281756843792,0.7486796121921748,2.3676098445669496,-0.4352187250238886,0.1295667694666509,1.2582478032152908,0.9678886220425788,1.546052822985894,1.7088008776725607
64.0,169.0,1003.6841430664062,1.5264166200797986,3.063097861613356,-0.215819897253269,3.5490497273888275,-0.2048867388282806,1.0826619122252867,1.0511392207255632,-0.0170243374408754,3.2973942147249127,1.6821927523441609
64.0,169.0,1005.0227661132812,1.1090167985935704,3.054929262949412,0.2138404591139139,3.3785257770175283,-0.2062982807170551,0.6081492878130935,1.0163426512361524,-0.0348229360837541,3.2931519023315508,1.7331119502206431
64.0,169.0,1006.3912353515624,1.0823124156003283,3.145532408020725,0.0937498638335725,4.3492484902596935,-0.983369492477124,0.3045399617600217,1.0355153888892177,-0.6035785196627739,3.47882371336145,1.9749920545649893
64.0,169.0,1003.7677001953124,0.9753379059727132,3.027481911426474,0.8914709442373026,3.6385006360362526,-0.1936568623912141,0.9354252219936228,1.0515023454212475,1.5844169383747184,3.3013099988549235,1.6821957420369034
64.0,169.0,1005.7315063476562,1.5396689441273124,3.0386942734840274,0.0727790596694881,3.99653790662412,-0.2180394714265182,1.1227822176659112,0.9898665587735348,-0.0161734394273001,3.292559616599718,1.7283088665121291
64.0,169.0,1005.9786376953124,1.1755166225902458,3.0139295819900664,-0.2417305383366287,3.616814653335077,-0.2729520402836232,1.8592848557108288,1.1177652924446315,0.1211451494947978,3.912459696901169,2.2316448068592054
64.0,169.0,1004.7403564453124,0.4804166552562906,3.142058809388116,-0.507253232726782,3.78275224637308,-0.5671588827166028,1.1261544357254607,1.4122039073154182,0.5007209311294231,3.503301094810195,1.926829920271378
64.0,169.0,1004.5214233398438,1.3925082887281215,3.065088985864282,-0.1686798461004562,2.4937664364779137,-0.2246521629870259,1.0573601922845028,1.0844478999456344,-0.8866334099558765,3.2654268773896447,1.6563374701400866
64.0,169.0,1006.101806640625,1.5145614614356997,2.994643314133276,-0.4385238738008652,2.6498988515969346,-0.2204737755628775,1.1219320992016055,0.99350013477897,-0.0190371027451072,3.134156782158529,1.6797391789481235
64.0,169.0,1005.5848999023438,-0.4976473021030942,3.419951677935696,-0.3086301958483286,3.870154605804175,-1.1699164176837953,1.6993185462984577,0.8701808901365833,0.0028869377323087,3.427754210534899,1.6924904654891433
64.0,169.0,1005.8743896484376,0.0594998054986024,2.4736092679713666,-0.1808303602303297,1.535912543515276,-0.2128728184311272,0.8096079746393341,0.1778975985534896,-0.0199302804665875,3.321000599716123,2.4317144383963893
64.0,169.0,1005.768310546875,1.5999854791936896,2.9805356758612893,-0.224463190705871,3.807145392204087,-0.3379384159359995,1.0087144864956603,0.8161970981207121,-0.0299745068515237,3.525817858828421,1.6851147134922917
64.0,170.0,1004.6443481445312,0.6900176227674764,3.063074350782302,-0.3302721781170479,3.0126561550720083,-0.1976159951512532,1.5970259768578052,1.2511792713171723,-0.0167520924344081,3.4265898532482377,1.5636003792452855
64.0,170.0,1004.2421264648438,1.1090451639676264,3.063170278295987,-0.1754780434512142,3.5433184929382966,-0.1568456031498367,1.0766389807596008,1.0528787249669178,-0.0171620058962041,3.1145081813601543,1.5893554756452115
64.0,170.0,1006.1292724609376,0.8825330645131402,3.064174342687368,-0.2362635771631851,3.582316996030628,-0.2074679037536006,0.9559810891053128,1.0531749231574068,-0.0434490340044395,3.286294651604756,2.3253331241426074
64.0,170.0,1005.7072143554688,1.6491448804843336,2.9104453120023,-0.2376035463302053,3.615676320374159,-0.5459213406507523,1.0802436756395946,1.0229389087533642,-0.0226071327225542,3.134768809825729,1.4551102740604491
64.0,170.0,1005.2555541992188,-0.5037094802039921,3.707585390221884,-0.3280569768488796,3.321070462527059,0.979043172621886,-0.4155761280008436,0.9565504599200948,0.2951346271246178,3.295787014291044,2.1819067114242974
64.0,170.0,1006.83154296875,1.5265036097584397,2.4688393553651458,-0.2193779993269236,3.456649131017686,-0.280184533111481,1.4322115030166764,0.0073984864598439,0.0552709621325861,2.764100911123255,1.699477136905433
64.0,170.0,1006.2119140625,0.4893625390202833,1.7795423029239368,-0.2283334970089545,3.1277989280704825,0.4981169607027755,1.141197769335064,2.5146578201478693,1.975507430672696,4.311031517865723,2.0922100116751228
64.0,170.0,1005.1494140625,1.4267671879387,2.82151791963309,-0.2050135975394147,3.599402345635524,-0.212234014229664,1.0699343377498252,1.054124327480299,-0.0348381047181509,3.2384919490320403,1.683330061310487
64.0,170.0,1005.474853515625,1.5026949966969567,4.303640589644998,0.0467183102294996,3.508585978273294,-0.276222544546385,1.2632585220760255,0.9839023829757484,0.4548566034085533,3.319979299343642,1.681623450852277
64.0,170.0,1004.5355224609376,-0.2067583177486083,2.156645823399848,1.1237471826284795,3.780946817479548,-0.5114493991580722,1.3470285072754011,1.5426076556614716,0.9251629364195506,3.6326501297850458,1.193605314089168
64.0,170.0,1005.1493530273438,0.5735184706036716,3.028423329307017,0.2644622216036731,2.659398374348958,0.2306337810705419,1.0125999917583286,1.1341537852403114,0.5087035841895886,3.226086612326376,1.548830647479367
64.0,170.0,1004.7785034179688,0.6991135168312739,2.894738252833397,-0.2188575842976097,3.4645647397683965,-0.2438181442738039,1.0991670823590096,0.687295206439572,1.314428712403647,3.3101250531130244,1.6781756112361752
64.0,170.0,1005.585205078125,1.4441076734521072,3.066111509674269,0.0067028297138759,3.194813058276394,-0.2495793018936137,1.1591742150332562,1.047291772061316,-0.0635626710663064,3.2934046480925203,1.7277033081006632
64.0,170.0,1004.95849609375,0.9162956780313632,2.1247201074083826,0.0379144096914144,3.0493734156772465,-0.204541723945408,1.0866278545155783,1.081534562537653,-0.1426858802547873,2.5531626479271203,1.6834925846586402
64.0,170.0,1005.079833984375,0.8078773908434,3.0635542735379326,-0.2222773718837908,3.644619233544741,-0.0438507735814526,1.4232936018416082,0.7302359461628485,0.463335757005806,3.131559441489576,1.6311643300045815
64.0,170.0,1005.9080810546876,1.0513515896295955,3.0324479004866207,-0.1399893757068982,2.5909601277576697,-0.1207554487964864,2.5126882206643253,1.1607896320933913,0.180815057255496,3.251736532375584,2.58552590355996
64.0,170.0,1005.7649536132812,0.2825466944237913,3.223371955913502,-1.130107795435179,3.475165291581171,-1.048330892200188,0.6773142097574366,1.7224453178602437,-0.0116344510771347,2.978858171781275,1.664112733334867
64.0,170.0,1003.8233642578124,1.028523366259821,3.0628461474330293,-0.3204188298828894,3.0167776901382988,0.2647472536681213,1.306874930918926,0.9514498344110252,-0.5399432597472117,3.348110656193866,0.8965220619264871
64.0,170.0,1006.2741088867188,1.643031542836416,3.606370926934152,-0.6934784640503268,3.544777025413626,-0.1168117638030309,0.939111865717292,1.235370936060419,0.8014975999324441,3.270795648100955,1.6707495569788469
64.0,170.0,1005.4312744140624,1.3627715738376884,3.076635121501396,-0.2203183241854567,3.1897560510402903,-0.4507563945197057,1.1522013466208365,1.072078304572779,-0.0715777010715543,3.2997649430028133,1.6650114468654638
64.0,170.0,1006.1286010742188,1.5630251164579407,3.034072154337606,-0.2144607478813976,3.3747890166807086,-0.1840946200972616,1.0834848120091078,1.505132191142844,0.0986427251527393,3.2971237436003165,1.6407078622033984
64.0,170.0,1004.8368530273438,-0.0192859539180938,3.1458012448024646,-0.4052589456220559,3.5837623621294377,-0.4446218579421889,1.004306573519272,1.0674916208430016,-0.1473208806064043,4.659302750457305,1.266183010783346
64.0,170.0,1005.0035400390624,1.488088734200528,3.2964916798764268,-0.081613556681665,3.4931910742310563,-0.4795947022471148,1.19443031097595,1.5983254058784726,0.3030366300005376,3.1093375136026897,1.3517079212642986
64.0,170.0,1005.59716796875,0.8422960777773174,3.0348209215701183,-0.2311176520887816,3.530445462000517,0.731073415144617,1.0838871087870037,1.0526527931079228,-0.2789778063184201,3.525442996103043,1.9314441196361605
64.0,170.0,1005.1682739257812,0.4758226699530498,2.725912301651685,-0.0230184400084026,3.5041163169939864,-0.2839688026094656,0.98246182909671,0.7814411067738086,0.0567855685067581,3.2908997596538847,1.3640380101297185
64.0,170.0,1004.932861328125,1.5796322669745138,2.974669102036052,-0.2759972217390695,3.567574034001228,-0.2093543612178015,1.4940440693796724,1.055340177568717,-0.0056815911348413,3.322450316094878,2.2801882162059304
64.0,170.0,1005.4376220703124,1.4939369051591875,3.208578143175042,-0.0838875551827738,3.6527902052474297,-0.0677512366808728,2.1295316682877434,1.0280783661595605,-0.0117743859456704,3.334761595860714,1.7120512362595308
64.0,170.0,1005.9476318359376,0.0416259073064684,3.056620648095169,0.9059087932371556,3.541676985417584,-0.4558259587305865,-0.3150494321593007,1.05123482986649,-0.0994281152615595,3.238383279985208,1.6565234082160285
64.0,170.0,1006.0139770507812,1.5426257774234884,2.963062015218996,-0.1644154265346108,3.571054709565818,-0.2255485820590461,1.124004775755031,1.0785750977224122,-0.0170868564908297,3.529492666873149,1.8095727813707885
64.0,170.0,1004.924560546875,1.3902787656971398,3.2388825019148166,-0.206591284257351,2.6835356447268124,-0.2393013169250669,1.0825663808182378,0.7880722208517016,0.1086941866441624,3.760609960660497,1.5499190461382142
64.0,170.0,1003.884033203125,1.1425112649696187,3.065090117718845,0.592860107788608,2.8071972518327133,0.2549808842303713,0.7688590957311772,1.1434486482266086,0.1774592781213724,3.2904317271738885,1.6652367097735672
64.0,170.0,1004.8756713867188,1.803103039357084,3.04969122379482,-0.2380855070972431,3.544222673085715,-0.3675432124331079,1.0049334701620785,1.0915745130618049,-0.0166428366782459,3.286393579044508,1.7128181502425668
64.0,170.0,1005.5949096679688,1.065741447403239,3.566321993171797,-0.1722097588879127,3.335195644635442,0.4153135222526197,1.6432684793938577,1.2308026718224587,0.3065238812510272,3.32453208933479,1.4181087479272612
64.0,170.0,1005.1708984375,1.5387374172758588,3.0630905424895096,-0.2761169812147975,3.539551483750204,-0.0710913967583387,1.0864629386437223,1.0432566156141505,0.0406253156605319,3.3703392304127733,1.6847979903288934
64.0,170.0,1004.3433227539062,1.5246637626108075,2.588764633984187,-0.2247483509817702,3.541791433209113,-0.2094105942329443,0.0900981966808316,1.4472220790014578,0.3634141441016041,3.275517642189521,1.677631713184814
64.0,170.0,1006.3489990234376,1.5514520891483368,3.057318420357167,-0.2631982522786442,3.525985729806991,-0.211421577591669,1.0871765917978395,1.0592099546980789,-0.0142462550174791,2.96232874565588,1.5743383689854655
64.0,170.0,1002.565185546875,0.5472914493255665,3.366882117201061,1.3060013984334584,1.9325170226020087,-1.0074251950736448,0.7432223534795421,1.6951969237110474,0.1334456915648295,3.316198941140461,1.659375229627378
64.0,170.0,1006.7476806640624,1.3783292661069166,2.227281756843792,0.7486796121921748,2.3676098445669496,-0.4352187250238886,0.1295667694666509,1.2582478032152908,0.9678886220425788,1.546052822985894,1.7088008776725607
64.0,170.0,1003.6841430664062,1.5264166200797986,3.063097861613356,-0.215819897253269,3.5490497273888275,-0.2048867388282806,1.0826619122252867,1.0511392207255632,-0.0170243374408754,3.2973942147249127,1.6821927523441609
64.0,170.0,1005.0227661132812,1.1090167985935704,3.054929262949412,0.2138404591139139,3.3785257770175283,-0.2062982807170551,0.6081492878130935,1.0163426512361524,-0.0348229360837541,3.2931519023315508,1.7331119502206431
64.0,170.0,1006.3912353515624,1.0823124156003283,3.145532408020725,0.0937498638335725,4.3492484902596935,-0.983369492477124,0.3045399617600217,1.0355153888892177,-0.6035785196627739,3.47882371336145,1.9749920545649893
64.0,170.0,1003.7677001953124,0.9753379059727132,3.027481911426474,0.8914709442373026,3.6385006360362526,-0.1936568623912141,0.9354252219936228,1.0515023454212475,1.5844169383747184,3.3013099988549235,1.6821957420369034
64.0,170.0,1005.7315063476562,1.5396689441273124,3.0386942734840274,0.0727790596694881,3.99653790662412,-0.2180394714265182,1.1227822176659112,0.9898665587735348,-0.0161734394273001,3.292559616599718,1.7283088665121291
64.0,170.0,1005.9786376953124,1.1755166225902458,3.0139295819900664,-0.2417305383366287,3.616814653335077,-0.2729520402836232,1.8592848557108288,1.1177652924446315,0.1211451494947978,3.912459696901169,2.2316448068592054
64.0,170.0,1004.7403564453124,0.4804166552562906,3.142058809388116,-0.507253232726782,3.78275224637308,-0.5671588827166028,1.1261544357254607,1.4122039073154182,0.5007209311294231,3.503301094810195,1.926829920271378
64.0,170.0,1004.5214233398438,1.3925082887281215,3.065088985864282,-0.1686798461004562,2.4937664364779137,-0.2246521629870259,1.0573601922845028,1.0844478999456344,-0.8866334099558765,3.2654268773896447,1.6563374701400866
64.0,170.0,1006.101806640625,1.5145614614356997,2.994643314133276,-0.4385238738008652,2.6498988515969346,-0.2204737755628775,1.1219320992016055,0.99350013477897,-0.0190371027451072,3.134156782158529,1.6797391789481235
64.0,170.0,1005.5848999023438,-0.4976473021030942,3.419951677935696,-0.3086301958483286,3.870154605804175,-1.1699164176837953,1.6993185462984577,0.8701808901365833,0.0028869377323087,3.427754210534899,1.6924904654891433
64.0,170.0,1005.2015991210938,-0.9065866190336698,2.536369936448513,1.0012825911920764,0.7384741288722001,-1.3043415059826065,0.8367591620529873,1.226872201567225,0.259522407071536,3.263528619159368,0.8166144550606269
64.0,170.0,1005.768310546875,1.5999854791936896,2.9805356758612893,-0.224463190705871,3.807145392204087,-0.3379384159359995,1.0087144864956603,0.8161970981207121,-0.0299745068515237,3.525817858828421,1.6851147134922917
64.0,171.0,1004.6443481445312,0.6900176227674764,3.063074350782302,-0.3302721781170479,3.0126561550720083,-0.1976159951512532,1.5970259768578052,1.2511792713171723,-0.0167520924344081,3.4265898532482377,1.5636003792452855
64.0,171.0,1004.2421264648438,1.1090451639676264,3.063170278295987,-0.1754780434512142,3.5433184929382966,-0.1568456031498367,1.0766389807596008,1.0528787249669178,-0.0171620058962041,3.1145081813601543,1.5893554756452115
64.0,171.0,1006.1292724609376,0.8825330645131402,3.064174342687368,-0.2362635771631851,3.582316996030628,-0.2074679037536006,0.9559810891053128,1.0531749231574068,-0.0434490340044395,3.286294651604756,2.3253331241426074
64.0,171.0,1005.7072143554688,1.6491448804843336,2.9104453120023,-0.2376035463302053,3.615676320374159,-0.5459213406507523,1.0802436756395946,1.0229389087533642,-0.0226071327225542,3.134768809825729,1.4551102740604491
64.0,171.0,1005.2555541992188,-0.5037094802039921,3.707585390221884,-0.3280569768488796,3.321070462527059,0.979043172621886,-0.4155761280008436,0.9565504599200948,0.2951346271246178,3.295787014291044,2.1819067114242974
64.0,171.0,1006.83154296875,1.5265036097584397,2.4688393553651458,-0.2193779993269236,3.456649131017686,-0.280184533111481,1.4322115030166764,0.0073984864598439,0.0552709621325861,2.764100911123255,1.699477136905433
64.0,171.0,1006.2119140625,0.4893625390202833,1.7795423029239368,-0.2283334970089545,3.1277989280704825,0.4981169607027755,1.141197769335064,2.5146578201478693,1.975507430672696,4.311031517865723,2.0922100116751228
64.0,171.0,1005.1494140625,1.4267671879387,2.82151791963309,-0.2050135975394147,3.599402345635524,-0.212234014229664,1.0699343377498252,1.054124327480299,-0.0348381047181509,3.2384919490320403,1.683330061310487
64.0,171.0,1005.474853515625,1.5026949966969567,4.303640589644998,0.0467183102294996,3.508585978273294,-0.276222544546385,1.2632585220760255,0.9839023829757484,0.4548566034085533,3.319979299343642,1.681623450852277
64.0,171.0,1004.5355224609376,-0.2067583177486083,2.156645823399848,1.1237471826284795,3.780946817479548,-0.5114493991580722,1.3470285072754011,1.5426076556614716,0.9251629364195506,3.6326501297850458,1.193605314089168
64.0,171.0,1005.1493530273438,0.5735184706036716,3.028423329307017,0.2644622216036731,2.659398374348958,0.2306337810705419,1.0125999917583286,1.1341537852403114,0.5087035841895886,3.226086612326376,1.548830647479367
64.0,171.0,1004.7785034179688,0.6991135168312739,2.894738252833397,-0.2188575842976097,3.4645647397683965,-0.2438181442738039,1.0991670823590096,0.687295206439572,1.314428712403647,3.3101250531130244,1.6781756112361752
64.0,171.0,1005.585205078125,1.4441076734521072,3.066111509674269,0.0067028297138759,3.194813058276394,-0.2495793018936137,1.1591742150332562,1.047291772061316,-0.0635626710663064,3.2934046480925203,1.7277033081006632
64.0,171.0,1004.95849609375,0.9162956780313632,2.1247201074083826,0.0379144096914144,3.0493734156772465,-0.204541723945408,1.0866278545155783,1.081534562537653,-0.1426858802547873,2.5531626479271203,1.6834925846586402
64.0,171.0,1005.079833984375,0.8078773908434,3.0635542735379326,-0.2222773718837908,3.644619233544741,-0.0438507735814526,1.4232936018416082,0.7302359461628485,0.463335757005806,3.131559441489576,1.6311643300045815
64.0,171.0,1005.9080810546876,1.0513515896295955,3.0324479004866207,-0.1399893757068982,2.5909601277576697,-0.1207554487964864,2.5126882206643253,1.1607896320933913,0.180815057255496,3.251736532375584,2.58552590355996
64.0,171.0,1005.7649536132812,0.2825466944237913,3.223371955913502,-1.130107795435179,3.475165291581171,-1.048330892200188,0.6773142097574366,1.7224453178602437,-0.0116344510771347,2.978858171781275,1.664112733334867
64.0,171.0,1003.8233642578124,1.028523366259821,3.0628461474330293,-0.3204188298828894,3.0167776901382988,0.2647472536681213,1.306874930918926,0.9514498344110252,-0.5399432597472117,3.348110656193866,0.8965220619264871
64.0,171.0,1006.2741088867188,1.643031542836416,3.606370926934152,-0.6934784640503268,3.544777025413626,-0.1168117638030309,0.939111865717292,1.235370936060419,0.8014975999324441,3.270795648100955,1.6707495569788469
64.0,171.0,1005.4312744140624,1.3627715738376884,3.076635121501396,-0.2203183241854567,3.1897560510402903,-0.4507563945197057,1.1522013466208365,1.072078304572779,-0.0715777010715543,3.2997649430028133,1.6650114468654638
64.0,171.0,1006.1286010742188,1.5630251164579407,3.034072154337606,-0.2144607478813976,3.3747890166807086,-0.1840946200972616,1.0834848120091078,1.505132191142844,0.0986427251527393,3.2971237436003165,1.6407078622033984
64.0,171.0,1004.8368530273438,-0.0192859539180938,3.1458012448024646,-0.4052589456220559,3.5837623621294377,-0.4446218579421889,1.004306573519272,1.0674916208430016,-0.1473208806064043,4.659302750457305,1.266183010783346
64.0,171.0,1005.0035400390624,1.488088734200528,3.2964916798764268,-0.081613556681665,3.4931910742310563,-0.4795947022471148,1.19443031097595,1.5983254058784726,0.3030366300005376,3.1093375136026897,1.3517079212642986
64.0,171.0,1005.59716796875,0.8422960777773174,3.0348209215701183,-0.2311176520887816,3.530445462000517,0.731073415144617,1.0838871087870037,1.0526527931079228,-0.2789778063184201,3.525442996103043,1.9314441196361605
64.0,171.0,1005.1682739257812,0.4758226699530498,2.725912301651685,-0.0230184400084026,3.5041163169939864,-0.2839688026094656,0.98246182909671,0.7814411067738086,0.0567855685067581,3.2908997596538847,1.3640380101297185
64.0,171.0,1004.932861328125,1.5796322669745138,2.974669102036052,-0.2759972217390695,3.567574034001228,-0.2093543612178015,1.4940440693796724,1.055340177568717,-0.0056815911348413,3.322450316094878,2.2801882162059304
64.0,171.0,1005.4376220703124,1.4939369051591875,3.208578143175042,-0.0838875551827738,3.6527902052474297,-0.0677512366808728,2.1295316682877434,1.0280783661595605,-0.0117743859456704,3.334761595860714,1.7120512362595308
64.0,171.0,1005.9476318359376,0.0416259073064684,3.056620648095169,0.9059087932371556,3.541676985417584,-0.4558259587305865,-0.3150494321593007,1.05123482986649,-0.0994281152615595,3.238383279985208,1.6565234082160285
64.0,171.0,1006.0139770507812,1.5426257774234884,2.963062015218996,-0.1644154265346108,3.571054709565818,-0.2255485820590461,1.124004775755031,1.0785750977224122,-0.0170868564908297,3.529492666873149,1.8095727813707885
64.0,171.0,1004.924560546875,1.3902787656971398,3.2388825019148166,-0.206591284257351,2.6835356447268124,-0.2393013169250669,1.0825663808182378,0.7880722208517016,0.1086941866441624,3.760609960660497,1.5499190461382142
64.0,171.0,1003.884033203125,1.1425112649696187,3.065090117718845,0.592860107788608,2.8071972518327133,0.2549808842303713,0.7688590957311772,1.1434486482266086,0.1774592781213724,3.2904317271738885,1.6652367097735672
64.0,171.0,1004.8756713867188,1.803103039357084,3.04969122379482,-0.2380855070972431,3.544222673085715,-0.3675432124331079,1.0049334701620785,1.0915745130618049,-0.0166428366782459,3.286393579044508,1.7128181502425668
64.0,171.0,1005.5949096679688,1.065741447403239,3.566321993171797,-0.1722097588879127,3.335195644635442,0.4153135222526197,1.6432684793938577,1.2308026718224587,0.3065238812510272,3.32453208933479,1.4181087479272612
64.0,171.0,1005.1708984375,1.5387374172758588,3.0630905424895096,-0.2761169812147975,3.539551483750204,-0.0710913967583387,1.0864629386437223,1.0432566156141505,0.0406253156605319,3.3703392304127733,1.6847979903288934
64.0,171.0,1004.3433227539062,1.5246637626108075,2.588764633984187,-0.2247483509817702,3.541791433209113,-0.2094105942329443,0.0900981966808316,1.4472220790014578,0.3634141441016041,3.275517642189521,1.677631713184814
64.0,171.0,1006.3489990234376,1.5514520891483368,3.057318420357167,-0.2631982522786442,3.525985729806991,-0.211421577591669,1.0871765917978395,1.0592099546980789,-0.0142462550174791,2.96232874565588,1.5743383689854655
64.0,171.0,1002.565185546875,0.5472914493255665,3.366882117201061,1.3060013984334584,1.9325170226020087,-1.0074251950736448,0.7432223534795421,1.6951969237110474,0.1334456915648295,3.316198941140461,1.659375229627378
64.0,171.0,1006.7476806640624,1.3783292661069166,2.227281756843792,0.7486796121921748,2.3676098445669496,-0.4352187250238886,0.1295667694666509,1.2582478032152908,0.9678886220425788,1.546052822985894,1.7088008776725607
64.0,171.0,1003.6841430664062,1.5264166200797986,3.063097861613356,-0.215819897253269,3.5490497273888275,-0.2048867388282806,1.0826619122252867,1.0511392207255632,-0.0170243374408754,3.2973942147249127,1.6821927523441609
64.0,171.0,1005.0227661132812,1.1090167985935704,3.054929262949412,0.2138404591139139,3.3785257770175283,-0.2062982807170551,0.6081492878130935,1.0163426512361524,-0.0348229360837541,3.2931519023315508,1.7331119502206431
64.0,171.0,1006.3912353515624,1.0823124156003283,3.145532408020725,0.0937498638335725,4.3492484902596935,-0.983369492477124,0.3045399617600217,1.0355153888892177,-0.6035785196627739,3.47882371336145,1.9749920545649893
64.0,171.0,1003.7677001953124,0.9753379059727132,3.027481911426474,0.8914709442373026,3.6385006360362526,-0.1936568623912141,0.9354252219936228,1.0515023454212475,1.5844169383747184,3.3013099988549235,1.6821957420369034
64.0,171.0,1005.7315063476562,1.5396689441273124,3.0386942734840274,0.0727790596694881,3.99653790662412,-0.2180394714265182,1.1227822176659112,0.9898665587735348,-0.0161734394273001,3.292559616599718,1.7283088665121291
64.0,171.0,1005.9786376953124,1.1755166225902458,3.0139295819900664,-0.2417305383366287,3.616814653335077,-0.2729520402836232,1.8592848557108288,1.1177652924446315,0.1211451494947978,3.912459696901169,2.2316448068592054
64.0,171.0,1004.7403564453124,0.4804166552562906,3.142058809388116,-0.507253232726782,3.78275224637308,-0.5671588827166028,1.1261544357254607,1.4122039073154182,0.5007209311294231,3.503301094810195,1.926829920271378
64.0,171.0,1004.5214233398438,1.3925082887281215,3.065088985864282,-0.1686798461004562,2.4937664364779137,-0.2246521629870259,1.0573601922845028,1.0844478999456344,-0.8866334099558765,3.2654268773896447,1.6563374701400866
64.0,171.0,1006.101806640625,1.5145614614356997,2.994643314133276,-0.4385238738008652,2.6498988515969346,-0.2204737755628775,1.1219320992016055,0.99350013477897,-0.0190371027451072,3.134156782158529,1.6797391789481235
64.0,171.0,1005.5848999023438,-0.4976473021030942,3.419951677935696,-0.3086301958483286,3.870154605804175,-1.1699164176837953,1.6993185462984577,0.8701808901365833,0.0028869377323087,3.427754210534899,1.6924904654891433
64.0,171.0,1005.2015991210938,-0.9065866190336698,2.536369936448513,1.0012825911920764,0.7384741288722001,-1.3043415059826065,0.8367591620529873,1.226872201567225,0.259522407071536,3.263528619159368,0.8166144550606269
64.0,171.0,1005.768310546875,1.5999854791936896,2.9805356758612893,-0.224463190705871,3.807145392204087,-0.3379384159359995,1.0087144864956603,0.8161970981207121,-0.0299745068515237,3.525817858828421,1.6851147134922917
64.0,172.0,1004.6443481445312,0.6900176227674764,3.063074350782302,-0.3302721781170479,3.0126561550720083,-0.1976159951512532,1.5970259768578052,1.2511792713171723,-0.0167520924344081,3.4265898532482377,1.5636003792452855
64.0,172.0,1004.2421264648438,1.1090451639676264,3.063170278295987,-0.1754780434512142,3.5433184929382966,-0.1568456031498367,1.0766389807596008,1.0528787249669178,-0.0171620058962041,3.1145081813601543,1.5893554756452115
64.0,172.0,1006.1292724609376,0.8825330645131402,3.064174342687368,-0.2362635771631851,3.582316996030628,-0.2074679037536006,0.9559810891053128,1.0531749231574068,-0.0434490340044395,3.286294651604756,2.3253331241426074
64.0,172.0,1005.7072143554688,1.6491448804843336,2.9104453120023,-0.2376035463302053,3.615676320374159,-0.5459213406507523,1.0802436756395946,1.0229389087533642,-0.0226071327225542,3.134768809825729,1.4551102740604491
64.0,172.0,1005.2555541992188,-0.5037094802039921,3.707585390221884,-0.3280569768488796,3.321070462527059,0.979043172621886,-0.4155761280008436,0.9565504599200948,0.2951346271246178,3.295787014291044,2.1819067114242974
64.0,172.0,1006.83154296875,1.5265036097584397,2.4688393553651458,-0.2193779993269236,3.456649131017686,-0.280184533111481,1.4322115030166764,0.0073984864598439,0.0552709621325861,2.764100911123255,1.699477136905433
64.0,172.0,1006.2119140625,0.4893625390202833,1.7795423029239368,-0.2283334970089545,3.1277989280704825,0.4981169607027755,1.141197769335064,2.5146578201478693,1.975507430672696,4.311031517865723,2.0922100116751228
64.0,172.0,1005.1494140625,1.4267671879387,2.82151791963309,-0.2050135975394147,3.599402345635524,-0.212234014229664,1.0699343377498252,1.054124327480299,-0.0348381047181509,3.2384919490320403,1.683330061310487
64.0,172.0,1005.474853515625,1.5026949966969567,4.303640589644998,0.0467183102294996,3.508585978273294,-0.276222544546385,1.2632585220760255,0.9839023829757484,0.4548566034085533,3.319979299343642,1.681623450852277
64.0,172.0,1004.5355224609376,-0.2067583177486083,2.156645823399848,1.1237471826284795,3.780946817479548,-0.5114493991580722,1.3470285072754011,1.5426076556614716,0.9251629364195506,3.6326501297850458,1.193605314089168
64.0,172.0,1005.1493530273438,0.5735184706036716,3.028423329307017,0.2644622216036731,2.659398374348958,0.2306337810705419,1.0125999917583286,1.1341537852403114,0.5087035841895886,3.226086612326376,1.548830647479367
64.0,172.0,1004.7785034179688,0.6991135168312739,2.894738252833397,-0.2188575842976097,3.4645647397683965,-0.2438181442738039,1.0991670823590096,0.687295206439572,1.314428712403647,3.3101250531130244,1.6781756112361752
64.0,172.0,1005.585205078125,1.4441076734521072,3.066111509674269,0.0067028297138759,3.194813058276394,-0.2495793018936137,1.1591742150332562,1.047291772061316,-0.0635626710663064,3.2934046480925203,1.7277033081006632
64.0,172.0,1004.95849609375,0.9162956780313632,2.1247201074083826,0.0379144096914144,3.0493734156772465,-0.204541723945408,1.0866278545155783,1.081534562537653,-0.1426858802547873,2.5531626479271203,1.6834925846586402
64.0,172.0,1005.079833984375,0.8078773908434,3.0635542735379326,-0.2222773718837908,3.644619233544741,-0.0438507735814526,1.4232936018416082,0.7302359461628485,0.463335757005806,3.131559441489576,1.6311643300045815
64.0,172.0,1005.9080810546876,1.0513515896295955,3.0324479004866207,-0.1399893757068982,2.5909601277576697,-0.1207554487964864,2.5126882206643253,1.1607896320933913,0.180815057255496,3.251736532375584,2.58552590355996
64.0,172.0,1005.7649536132812,0.2825466944237913,3.223371955913502,-1.130107795435179,3.475165291581171,-1.048330892200188,0.6773142097574366,1.7224453178602437,-0.0116344510771347,2.978858171781275,1.664112733334867
64.0,172.0,1003.8233642578124,1.028523366259821,3.0628461474330293,-0.3204188298828894,3.0167776901382988,0.2647472536681213,1.306874930918926,0.9514498344110252,-0.5399432597472117,3.348110656193866,0.8965220619264871
64.0,172.0,1006.2741088867188,1.643031542836416,3.606370926934152,-0.6934784640503268,3.544777025413626,-0.1168117638030309,0.939111865717292,1.235370936060419,0.8014975999324441,3.270795648100955,1.6707495569788469
64.0,172.0,1005.4312744140624,1.3627715738376884,3.076635121501396,-0.2203183241854567,3.1897560510402903,-0.4507563945197057,1.1522013466208365,1.072078304572779,-0.0715777010715543,3.2997649430028133,1.6650114468654638
64.0,172.0,1006.1286010742188,1.5630251164579407,3.034072154337606,-0.2144607478813976,3.3747890166807086,-0.1840946200972616,1.0834848120091078,1.505132191142844,0.0986427251527393,3.2971237436003165,1.6407078622033984
64.0,172.0,1004.8368530273438,-0.0192859539180938,3.1458012448024646,-0.4052589456220559,3.5837623621294377,-0.4446218579421889,1.004306573519272,1.0674916208430016,-0.1473208806064043,4.659302750457305,1.266183010783346
64.0,172.0,1005.0035400390624,1.488088734200528,3.2964916798764268,-0.081613556681665,3.4931910742310563,-0.4795947022471148,1.19443031097595,1.5983254058784726,0.3030366300005376,3.1093375136026897,1.3517079212642986
64.0,172.0,1005.59716796875,0.8422960777773174,3.0348209215701183,-0.2311176520887816,3.530445462000517,0.731073415144617,1.0838871087870037,1.0526527931079228,-0.2789778063184201,3.525442996103043,1.9314441196361605
64.0,172.0,1005.1682739257812,0.4758226699530498,2.725912301651685,-0.0230184400084026,3.5041163169939864,-0.2839688026094656,0.98246182909671,0.7814411067738086,0.0567855685067581,3.2908997596538847,1.3640380101297185
64.0,172.0,1004.932861328125,1.5796322669745138,2.974669102036052,-0.2759972217390695,3.567574034001228,-0.2093543612178015,1.4940440693796724,1.055340177568717,-0.0056815911348413,3.322450316094878,2.2801882162059304
64.0,172.0,1005.4376220703124,1.4939369051591875,3.208578143175042,-0.0838875551827738,3.6527902052474297,-0.0677512366808728,2.1295316682877434,1.0280783661595605,-0.0117743859456704,3.334761595860714,1.7120512362595308
64.0,172.0,1005.9476318359376,0.0416259073064684,3.056620648095169,0.9059087932371556,3.541676985417584,-0.4558259587305865,-0.3150494321593007,1.05123482986649,-0.0994281152615595,3.238383279985208,1.6565234082160285
64.0,172.0,1006.0139770507812,1.5426257774234884,2.963062015218996,-0.1644154265346108,3.571054709565818,-0.2255485820590461,1.124004775755031,1.0785750977224122,-0.0170868564908297,3.529492666873149,1.8095727813707885
64.0,172.0,1004.924560546875,1.3902787656971398,3.2388825019148166,-0.206591284257351,2.6835356447268124,-0.2393013169250669,1.0825663808182378,0.7880722208517016,0.1086941866441624,3.760609960660497,1.5499190461382142
64.0,172.0,1003.884033203125,1.1425112649696187,3.065090117718845,0.592860107788608,2.8071972518327133,0.2549808842303713,0.7688590957311772,1.1434486482266086,0.1774592781213724,3.2904317271738885,1.6652367097735672
64.0,172.0,1004.8756713867188,1.803103039357084,3.04969122379482,-0.2380855070972431,3.544222673085715,-0.3675432124331079,1.0049334701620785,1.0915745130618049,-0.0166428366782459,3.286393579044508,1.7128181502425668
64.0,172.0,1005.5949096679688,1.065741447403239,3.566321993171797,-0.1722097588879127,3.335195644635442,0.4153135222526197,1.6432684793938577,1.2308026718224587,0.3065238812510272,3.32453208933479,1.4181087479272612
64.0,172.0,1005.1708984375,1.5387374172758588,3.0630905424895096,-0.2761169812147975,3.539551483750204,-0.0710913967583387,1.0864629386437223,1.0432566156141505,0.0406253156605319,3.3703392304127733,1.6847979903288934
64.0,172.0,1004.3433227539062,1.5246637626108075,2.588764633984187,-0.2247483509817702,3.541791433209113,-0.2094105942329443,0.0900981966808316,1.4472220790014578,0.3634141441016041,3.275517642189521,1.677631713184814
64.0,172.0,1006.3489990234376,1.5514520891483368,3.057318420357167,-0.2631982522786442,3.525985729806991,-0.211421577591669,1.0871765917978395,1.0592099546980789,-0.0142462550174791,2.96232874565588,1.5743383689854655
64.0,172.0,1002.565185546875,0.5472914493255665,3.366882117201061,1.3060013984334584,1.9325170226020087,-1.0074251950736448,0.7432223534795421,1.6951969237110474,0.1334456915648295,3.316198941140461,1.659375229627378
64.0,172.0,1006.7476806640624,1.3783292661069166,2.227281756843792,0.7486796121921748,2.3676098445669496,-0.4352187250238886,0.1295667694666509,1.2582478032152908,0.9678886220425788,1.546052822985894,1.7088008776725607
64.0,172.0,1003.6841430664062,1.5264166200797986,3.063097861613356,-0.215819897253269,3.5490497273888275,-0.2048867388282806,1.0826619122252867,1.0511392207255632,-0.0170243374408754,3.2973942147249127,1.6821927523441609
64.0,172.0,1005.0227661132812,1.1090167985935704,3.054929262949412,0.2138404591139139,3.3785257770175283,-0.2062982807170551,0.6081492878130935,1.0163426512361524,-0.0348229360837541,3.2931519023315508,1.7331119502206431
64.0,172.0,1006.3912353515624,1.0823124156003283,3.145532408020725,0.0937498638335725,4.3492484902596935,-0.983369492477124,0.3045399617600217,1.0355153888892177,-0.6035785196627739,3.47882371336145,1.9749920545649893
64.0,172.0,1003.7677001953124,0.9753379059727132,3.027481911426474,0.8914709442373026,3.6385006360362526,-0.1936568623912141,0.9354252219936228,1.0515023454212475,1.5844169383747184,3.3013099988549235,1.6821957420369034
64.0,172.0,1005.7315063476562,1.5396689441273124,3.0386942734840274,0.0727790596694881,3.99653790662412,-0.2180394714265182,1.1227822176659112,0.9898665587735348,-0.0161734394273001,3.292559616599718,1.7283088665121291
64.0,172.0,1005.9786376953124,1.1755166225902458,3.0139295819900664,-0.2417305383366287,3.616814653335077,-0.2729520402836232,1.8592848557108288,1.1177652924446315,0.1211451494947978,3.912459696901169,2.2316448068592054
64.0,172.0,1004.7403564453124,0.4804166552562906,3.142058809388116,-0.507253232726782,3.78275224637308,-0.5671588827166028,1.1261544357254607,1.4122039073154182,0.5007209311294231,3.503301094810195,1.926829920271378
64.0,172.0,1004.5214233398438,1.3925082887281215,3.065088985864282,-0.1686798461004562,2.4937664364779137,-0.2246521629870259,1.0573601922845028,1.0844478999456344,-0.8866334099558765,3.2654268773896447,1.6563374701400866
64.0,172.0,1006.101806640625,1.5145614614356997,2.994643314133276,-0.4385238738008652,2.6498988515969346,-0.2204737755628775,1.1219320992016055,0.99350013477897,-0.0190371027451072,3.134156782158529,1.6797391789481235
64.0,172.0,1005.5848999023438,-0.4976473021030942,3.419951677935696,-0.3086301958483286,3.870154605804175,-1.1699164176837953,1.6993185462984577,0.8701808901365833,0.0028869377323087,3.427754210534899,1.6924904654891433
64.0,172.0,1005.2015991210938,-0.9065866190336698,2.536369936448513,1.0012825911920764,0.7384741288722001,-1.3043415059826065,0.8367591620529873,1.226872201567225,0.259522407071536,3.263528619159368,0.8166144550606269
64.0,172.0,1005.768310546875,1.5999854791936896,2.9805356758612893,-0.224463190705871,3.807145392204087,-0.3379384159359995,1.0087144864956603,0.8161970981207121,-0.0299745068515237,3.525817858828421,1.6851147134922917
64.0,173.0,1004.6443481445312,0.6900176227674764,3.063074350782302,-0.3302721781170479,3.0126561550720083,-0.1976159951512532,1.5970259768578052,1.2511792713171723,-0.0167520924344081,3.4265898532482377,1.5636003792452855
64.0,173.0,1004.2421264648438,1.1090451639676264,3.063170278295987,-0.1754780434512142,3.5433184929382966,-0.1568456031498367,1.0766389807596008,1.0528787249669178,-0.0171620058962041,3.1145081813601543,1.5893554756452115
64.0,173.0,1006.1292724609376,0.8825330645131402,3.064174342687368,-0.2362635771631851,3.582316996030628,-0.2074679037536006,0.9559810891053128,1.0531749231574068,-0.0434490340044395,3.286294651604756,2.3253331241426074
64.0,173.0,1005.7072143554688,1.6491448804843336,2.9104453120023,-0.2376035463302053,3.615676320374159,-0.5459213406507523,1.0802436756395946,1.0229389087533642,-0.0226071327225542,3.134768809825729,1.4551102740604491
64.0,173.0,1005.2555541992188,-0.5037094802039921,3.707585390221884,-0.3280569768488796,3.321070462527059,0.979043172621886,-0.4155761280008436,0.9565504599200948,0.2951346271246178,3.295787014291044,2.1819067114242974
64.0,173.0,1006.83154296875,1.5265036097584397,2.4688393553651458,-0.2193779993269236,3.456649131017686,-0.280184533111481,1.4322115030166764,0.0073984864598439,0.0552709621325861,2.764100911123255,1.699477136905433
64.0,173.0,1006.2119140625,0.4893625390202833,1.7795423029239368,-0.2283334970089545,3.1277989280704825,0.4981169607027755,1.141197769335064,2.5146578201478693,1.975507430672696,4.311031517865723,2.0922100116751228
64.0,173.0,1005.1494140625,1.4267671879387,2.82151791963309,-0.2050135975394147,3.599402345635524,-0.212234014229664,1.0699343377498252,1.054124327480299,-0.0348381047181509,3.2384919490320403,1.683330061310487
64.0,173.0,1005.474853515625,1.5026949966969567,4.303640589644998,0.0467183102294996,3.508585978273294,-0.276222544546385,1.2632585220760255,0.9839023829757484,0.4548566034085533,3.319979299343642,1.681623450852277
64.0,173.0,1004.5355224609376,-0.2067583177486083,2.156645823399848,1.1237471826284795,3.780946817479548,-0.5114493991580722,1.3470285072754011,1.5426076556614716,0.9251629364195506,3.6326501297850458,1.193605314089168
64.0,173.0,1005.1493530273438,0.5735184706036716,3.028423329307017,0.2644622216036731,2.659398374348958,0.2306337810705419,1.0125999917583286,1.1341537852403114,0.5087035841895886,3.226086612326376,1.548830647479367
64.0,173.0,1004.7785034179688,0.6991135168312739,2.894738252833397,-0.2188575842976097,3.4645647397683965,-0.2438181442738039,1.0991670823590096,0.687295206439572,1.314428712403647,3.3101250531130244,1.6781756112361752
64.0,173.0,1005.585205078125,1.4441076734521072,3.066111509674269,0.0067028297138759,3.194813058276394,-0.2495793018936137,1.1591742150332562,1.047291772061316,-0.0635626710663064,3.2934046480925203,1.7277033081006632
64.0,173.0,1004.95849609375,0.9162956780313632,2.1247201074083826,0.0379144096914144,3.0493734156772465,-0.204541723945408,1.0866278545155783,1.081534562537653,-0.1426858802547873,2.5531626479271203,1.6834925846586402
64.0,173.0,1005.079833984375,0.8078773908434,3.0635542735379326,-0.2222773718837908,3.644619233544741,-0.0438507735814526,1.4232936018416082,0.7302359461628485,0.463335757005806,3.131559441489576,1.6311643300045815
64.0,173.0,1005.9080810546876,1.0513515896295955,3.0324479004866207,-0.1399893757068982,2.5909601277576697,-0.1207554487964864,2.5126882206643253,1.1607896320933913,0.180815057255496,3.251736532375584,2.58552590355996
64.0,173.0,1005.7649536132812,0.2825466944237913,3.223371955913502,-1.130107795435179,3.475165291581171,-1.048330892200188,0.6773142097574366,1.7224453178602437,-0.0116344510771347,2.978858171781275,1.664112733334867
64.0,173.0,1003.8233642578124,1.028523366259821,3.0628461474330293,-0.3204188298828894,3.0167776901382988,0.2647472536681213,1.306874930918926,0.9514498344110252,-0.5399432597472117,3.348110656193866,0.8965220619264871
64.0,173.0,1006.2741088867188,1.643031542836416,3.606370926934152,-0.6934784640503268,3.544777025413626,-0.1168117638030309,0.939111865717292,1.235370936060419,0.8014975999324441,3.270795648100955,1.6707495569788469
64.0,173.0,1005.4312744140624,1.3627715738376884,3.076635121501396,-0.2203183241854567,3.1897560510402903,-0.4507563945197057,1.1522013466208365,1.072078304572779,-0.0715777010715543,3.2997649430028133,1.6650114468654638
64.0,173.0,1006.1286010742188,1.5630251164579407,3.034072154337606,-0.2144607478813976,3.3747890166807086,-0.1840946200972616,1.0834848120091078,1.505132191142844,0.0986427251527393,3.2971237436003165,1.6407078622033984
64.0,173.0,1004.8368530273438,-0.0192859539180938,3.1458012448024646,-0.4052589456220559,3.5837623621294377,-0.4446218579421889,1.004306573519272,1.0674916208430016,-0.1473208806064043,4.659302750457305,1.266183010783346
64.0,173.0,1005.0035400390624,1.488088734200528,3.2964916798764268,-0.081613556681665,3.4931910742310563,-0.4795947022471148,1.19443031097595,1.5983254058784726,0.3030366300005376,3.1093375136026897,1.3517079212642986
64.0,173.0,1005.59716796875,0.8422960777773174,3.0348209215701183,-0.2311176520887816,3.530445462000517,0.731073415144617,1.0838871087870037,1.0526527931079228,-0.2789778063184201,3.525442996103043,1.9314441196361605
64.0,173.0,1005.1682739257812,0.4758226699530498,2.725912301651685,-0.0230184400084026,3.5041163169939864,-0.2839688026094656,0.98246182909671,0.7814411067738086,0.0567855685067581,3.2908997596538847,1.3640380101297185
64.0,173.0,1004.932861328125,1.5796322669745138,2.974669102036052,-0.2759972217390695,3.567574034001228,-0.2093543612178015,1.4940440693796724,1.055340177568717,-0.0056815911348413,3.322450316094878,2.2801882162059304
64.0,173.0,1005.4376220703124,1.4939369051591875,3.208578143175042,-0.0838875551827738,3.6527902052474297,-0.0677512366808728,2.1295316682877434,1.0280783661595605,-0.0117743859456704,3.334761595860714,1.7120512362595308
64.0,173.0,1005.9476318359376,0.0416259073064684,3.056620648095169,0.9059087932371556,3.541676985417584,-0.4558259587305865,-0.3150494321593007,1.05123482986649,-0.0994281152615595,3.238383279985208,1.6565234082160285
64.0,173.0,1006.0139770507812,1.5426257774234884,2.963062015218996,-0.1644154265346108,3.571054709565818,-0.2255485820590461,1.124004775755031,1.0785750977224122,-0.0170868564908297,3.529492666873149,1.8095727813707885
64.0,173.0,1004.924560546875,1.3902787656971398,3.2388825019148166,-0.206591284257351,2.6835356447268124,-0.2393013169250669,1.0825663808182378,0.7880722208517016,0.1086941866441624,3.760609960660497,1.5499190461382142
64.0,173.0,1003.884033203125,1.1425112649696187,3.065090117718845,0.592860107788608,2.8071972518327133,0.2549808842303713,0.7688590957311772,1.1434486482266086,0.1774592781213724,3.2904317271738885,1.6652367097735672
64.0,173.0,1004.8756713867188,1.803103039357084,3.04969122379482,-0.2380855070972431,3.544222673085715,-0.3675432124331079,1.0049334701620785,1.0915745130618049,-0.0166428366782459,3.286393579044508,1.7128181502425668
64.0,173.0,1005.5949096679688,1.065741447403239,3.566321993171797,-0.1722097588879127,3.335195644635442,0.4153135222526197,1.6432684793938577,1.2308026718224587,0.3065238812510272,3.32453208933479,1.4181087479272612
64.0,173.0,1005.1708984375,1.5387374172758588,3.0630905424895096,-0.2761169812147975,3.539551483750204,-0.0710913967583387,1.0864629386437223,1.0432566156141505,0.0406253156605319,3.3703392304127733,1.6847979903288934
64.0,173.0,1004.3433227539062,1.5246637626108075,2.588764633984187,-0.2247483509817702,3.541791433209113,-0.2094105942329443,0.0900981966808316,1.4472220790014578,0.3634141441016041,3.275517642189521,1.677631713184814
64.0,173.0,1006.2902221679688,-0.4251081873792355,3.285807122763265,-0.1892787533432827,2.527234148491948,-0.6010386156964528,0.6565171337625719,1.76275366174798,-0.0125229395337214,3.152359389102193,1.536172754489335
64.0,173.0,1002.565185546875,0.5472914493255665,3.366882117201061,1.3060013984334584,1.9325170226020087,-1.0074251950736448,0.7432223534795421,1.6951969237110474,0.1334456915648295,3.316198941140461,1.659375229627378
64.0,173.0,1006.7476806640624,1.3783292661069166,2.227281756843792,0.7486796121921748,2.3676098445669496,-0.4352187250238886,0.1295667694666509,1.2582478032152908,0.9678886220425788,1.546052822985894,1.7088008776725607
64.0,173.0,1003.6841430664062,1.5264166200797986,3.063097861613356,-0.215819897253269,3.5490497273888275,-0.2048867388282806,1.0826619122252867,1.0511392207255632,-0.0170243374408754,3.2973942147249127,1.6821927523441609
64.0,173.0,1005.0227661132812,1.1090167985935704,3.054929262949412,0.2138404591139139,3.3785257770175283,-0.2062982807170551,0.6081492878130935,1.0163426512361524,-0.0348229360837541,3.2931519023315508,1.7331119502206431
64.0,173.0,1006.3912353515624,1.0823124156003283,3.145532408020725,0.0937498638335725,4.3492484902596935,-0.983369492477124,0.3045399617600217,1.0355153888892177,-0.6035785196627739,3.47882371336145,1.9749920545649893
64.0,173.0,1003.7677001953124,0.9753379059727132,3.027481911426474,0.8914709442373026,3.6385006360362526,-0.1936568623912141,0.9354252219936228,1.0515023454212475,1.5844169383747184,3.3013099988549235,1.6821957420369034
64.0,173.0,1005.7315063476562,1.5396689441273124,3.0386942734840274,0.0727790596694881,3.99653790662412,-0.2180394714265182,1.1227822176659112,0.9898665587735348,-0.0161734394273001,3.292559616599718,1.7283088665121291
64.0,173.0,1005.9786376953124,1.1755166225902458,3.0139295819900664,-0.2417305383366287,3.616814653335077,-0.2729520402836232,1.8592848557108288,1.1177652924446315,0.1211451494947978,3.912459696901169,2.2316448068592054
64.0,173.0,1004.7403564453124,0.4804166552562906,3.142058809388116,-0.507253232726782,3.78275224637308,-0.5671588827166028,1.1261544357254607,1.4122039073154182,0.5007209311294231,3.503301094810195,1.926829920271378
64.0,173.0,1004.5214233398438,1.3925082887281215,3.065088985864282,-0.1686798461004562,2.4937664364779137,-0.2246521629870259,1.0573601922845028,1.0844478999456344,-0.8866334099558765,3.2654268773896447,1.6563374701400866
64.0,173.0,1006.101806640625,1.5145614614356997,2.994643314133276,-0.4385238738008652,2.6498988515969346,-0.2204737755628775,1.1219320992016055,0.99350013477897,-0.0190371027451072,3.134156782158529,1.6797391789481235
64.0,173.0,1005.5848999023438,-0.4976473021030942,3.419951677935696,-0.3086301958483286,3.870154605804175,-1.1699164176837953,1.6993185462984577,0.8701808901365833,0.0028869377323087,3.427754210534899,1.6924904654891433
64.0,173.0,1005.2015991210938,-0.9065866190336698,2.536369936448513,1.0012825911920764,0.7384741288722001,-1.3043415059826065,0.8367591620529873,1.226872201567225,0.259522407071536,3.263528619159368,0.8166144550606269
64.0,173.0,1005.768310546875,1.5999854791936896,2.9805356758612893,-0.224463190705871,3.807145392204087,-0.3379384159359995,1.0087144864956603,0.8161970981207121,-0.0299745068515237,3.525817858828421,1.6851147134922917
64.0,174.0,1004.6443481445312,0.6900176227674764,3.063074350782302,-0.3302721781170479,3.0126561550720083,-0.1976159951512532,1.5970259768578052,1.2511792713171723,-0.0167520924344081,3.4265898532482377,1.5636003792452855
64.0,174.0,1004.2421264648438,1.1090451639676264,3.063170278295987,-0.1754780434512142,3.5433184929382966,-0.1568456031498367,1.0766389807596008,1.0528787249669178,-0.0171620058962041,3.1145081813601543,1.5893554756452115
64.0,174.0,1006.1292724609376,0.8825330645131402,3.064174342687368,-0.2362635771631851,3.582316996030628,-0.2074679037536006,0.9559810891053128,1.0531749231574068,-0.0434490340044395,3.286294651604756,2.3253331241426074
64.0,174.0,1005.7072143554688,1.6491448804843336,2.9104453120023,-0.2376035463302053,3.615676320374159,-0.5459213406507523,1.0802436756395946,1.0229389087533642,-0.0226071327225542,3.134768809825729,1.4551102740604491
64.0,174.0,1005.2555541992188,-0.5037094802039921,3.707585390221884,-0.3280569768488796,3.321070462527059,0.979043172621886,-0.4155761280008436,0.9565504599200948,0.2951346271246178,3.295787014291044,2.1819067114242974
64.0,174.0,1006.83154296875,1.5265036097584397,2.4688393553651458,-0.2193779993269236,3.456649131017686,-0.280184533111481,1.4322115030166764,0.0073984864598439,0.0552709621325861,2.764100911123255,1.699477136905433
64.0,174.0,1006.2119140625,0.4893625390202833,1.7795423029239368,-0.2283334970089545,3.1277989280704825,0.4981169607027755,1.141197769335064,2.5146578201478693,1.975507430672696,4.311031517865723,2.0922100116751228
64.0,174.0,1005.1494140625,1.4267671879387,2.82151791963309,-0.2050135975394147,3.599402345635524,-0.212234014229664,1.0699343377498252,1.054124327480299,-0.0348381047181509,3.2384919490320403,1.683330061310487
64.0,174.0,1005.474853515625,1.5026949966969567,4.303640589644998,0.0467183102294996,3.508585978273294,-0.276222544546385,1.2632585220760255,0.9839023829757484,0.4548566034085533,3.319979299343642,1.681623450852277
64.0,174.0,1004.5355224609376,-0.2067583177486083,2.156645823399848,1.1237471826284795,3.780946817479548,-0.5114493991580722,1.3470285072754011,1.5426076556614716,0.9251629364195506,3.6326501297850458,1.193605314089168
64.0,174.0,1005.1493530273438,0.5735184706036716,3.028423329307017,0.2644622216036731,2.659398374348958,0.2306337810705419,1.0125999917583286,1.1341537852403114,0.5087035841895886,3.226086612326376,1.548830647479367
64.0,174.0,1004.7785034179688,0.6991135168312739,2.894738252833397,-0.2188575842976097,3.4645647397683965,-0.2438181442738039,1.0991670823590096,0.687295206439572,1.314428712403647,3.3101250531130244,1.6781756112361752
64.0,174.0,1005.585205078125,1.4441076734521072,3.066111509674269,0.0067028297138759,3.194813058276394,-0.2495793018936137,1.1591742150332562,1.047291772061316,-0.0635626710663064,3.2934046480925203,1.7277033081006632
64.0,174.0,1004.95849609375,0.9162956780313632,2.1247201074083826,0.0379144096914144,3.0493734156772465,-0.204541723945408,1.0866278545155783,1.081534562537653,-0.1426858802547873,2.5531626479271203,1.6834925846586402
64.0,174.0,1005.079833984375,0.8078773908434,3.0635542735379326,-0.2222773718837908,3.644619233544741,-0.0438507735814526,1.4232936018416082,0.7302359461628485,0.463335757005806,3.131559441489576,1.6311643300045815
64.0,174.0,1005.9080810546876,1.0513515896295955,3.0324479004866207,-0.1399893757068982,2.5909601277576697,-0.1207554487964864,2.5126882206643253,1.1607896320933913,0.180815057255496,3.251736532375584,2.58552590355996
64.0,174.0,1005.7649536132812,0.2825466944237913,3.223371955913502,-1.130107795435179,3.475165291581171,-1.048330892200188,0.6773142097574366,1.7224453178602437,-0.0116344510771347,2.978858171781275,1.664112733334867
64.0,174.0,1003.8233642578124,1.028523366259821,3.0628461474330293,-0.3204188298828894,3.0167776901382988,0.2647472536681213,1.306874930918926,0.9514498344110252,-0.5399432597472117,3.348110656193866,0.8965220619264871
64.0,174.0,1006.2741088867188,1.643031542836416,3.606370926934152,-0.6934784640503268,3.544777025413626,-0.1168117638030309,0.939111865717292,1.235370936060419,0.8014975999324441,3.270795648100955,1.6707495569788469
64.0,174.0,1005.4312744140624,1.3627715738376884,3.076635121501396,-0.2203183241854567,3.1897560510402903,-0.4507563945197057,1.1522013466208365,1.072078304572779,-0.0715777010715543,3.2997649430028133,1.6650114468654638
64.0,174.0,1006.1286010742188,1.5630251164579407,3.034072154337606,-0.2144607478813976,3.3747890166807086,-0.1840946200972616,1.0834848120091078,1.505132191142844,0.0986427251527393,3.2971237436003165,1.6407078622033984
64.0,174.0,1004.8368530273438,-0.0192859539180938,3.1458012448024646,-0.4052589456220559,3.5837623621294377,-0.4446218579421889,1.004306573519272,1.0674916208430016,-0.1473208806064043,4.659302750457305,1.266183010783346
64.0,174.0,1005.0035400390624,1.488088734200528,3.2964916798764268,-0.081613556681665,3.4931910742310563,-0.4795947022471148,1.19443031097595,1.5983254058784726,0.3030366300005376,3.1093375136026897,1.3517079212642986
64.0,174.0,1005.59716796875,0.8422960777773174,3.0348209215701183,-0.2311176520887816,3.530445462000517,0.731073415144617,1.0838871087870037,1.0526527931079228,-0.2789778063184201,3.525442996103043,1.9314441196361605
64.0,174.0,1005.1682739257812,0.4758226699530498,2.725912301651685,-0.0230184400084026,3.5041163169939864,-0.2839688026094656,0.98246182909671,0.7814411067738086,0.0567855685067581,3.2908997596538847,1.3640380101297185
64.0,174.0,1004.932861328125,1.5796322669745138,2.974669102036052,-0.2759972217390695,3.567574034001228,-0.2093543612178015,1.4940440693796724,1.055340177568717,-0.0056815911348413,3.322450316094878,2.2801882162059304
64.0,174.0,1005.4376220703124,1.4939369051591875,3.208578143175042,-0.0838875551827738,3.6527902052474297,-0.0677512366808728,2.1295316682877434,1.0280783661595605,-0.0117743859456704,3.334761595860714,1.7120512362595308
64.0,174.0,1005.9476318359376,0.0416259073064684,3.056620648095169,0.9059087932371556,3.541676985417584,-0.4558259587305865,-0.3150494321593007,1.05123482986649,-0.0994281152615595,3.238383279985208,1.6565234082160285
64.0,174.0,1006.0139770507812,1.5426257774234884,2.963062015218996,-0.1644154265346108,3.571054709565818,-0.2255485820590461,1.124004775755031,1.0785750977224122,-0.0170868564908297,3.529492666873149,1.8095727813707885
64.0,174.0,1004.924560546875,1.3902787656971398,3.2388825019148166,-0.206591284257351,2.6835356447268124,-0.2393013169250669,1.0825663808182378,0.7880722208517016,0.1086941866441624,3.760609960660497,1.5499190461382142
64.0,174.0,1003.884033203125,1.1425112649696187,3.065090117718845,0.592860107788608,2.8071972518327133,0.2549808842303713,0.7688590957311772,1.1434486482266086,0.1774592781213724,3.2904317271738885,1.6652367097735672
64.0,174.0,1004.8756713867188,1.803103039357084,3.04969122379482,-0.2380855070972431,3.544222673085715,-0.3675432124331079,1.0049334701620785,1.0915745130618049,-0.0166428366782459,3.286393579044508,1.7128181502425668
64.0,174.0,1005.5949096679688,1.065741447403239,3.566321993171797,-0.1722097588879127,3.335195644635442,0.4153135222526197,1.6432684793938577,1.2308026718224587,0.3065238812510272,3.32453208933479,1.4181087479272612
64.0,174.0,1005.1708984375,1.5387374172758588,3.0630905424895096,-0.2761169812147975,3.539551483750204,-0.0710913967583387,1.0864629386437223,1.0432566156141505,0.0406253156605319,3.3703392304127733,1.6847979903288934
64.0,174.0,1004.3433227539062,1.5246637626108075,2.588764633984187,-0.2247483509817702,3.541791433209113,-0.2094105942329443,0.0900981966808316,1.4472220790014578,0.3634141441016041,3.275517642189521,1.677631713184814
64.0,174.0,1006.2902221679688,-0.4251081873792355,3.285807122763265,-0.1892787533432827,2.527234148491948,-0.6010386156964528,0.6565171337625719,1.76275366174798,-0.0125229395337214,3.152359389102193,1.536172754489335
64.0,174.0,1002.565185546875,0.5472914493255665,3.366882117201061,1.3060013984334584,1.9325170226020087,-1.0074251950736448,0.7432223534795421,1.6951969237110474,0.1334456915648295,3.316198941140461,1.659375229627378
64.0,174.0,1006.7476806640624,1.3783292661069166,2.227281756843792,0.7486796121921748,2.3676098445669496,-0.4352187250238886,0.1295667694666509,1.2582478032152908,0.9678886220425788,1.546052822985894,1.7088008776725607
64.0,174.0,1003.6841430664062,1.5264166200797986,3.063097861613356,-0.215819897253269,3.5490497273888275,-0.2048867388282806,1.0826619122252867,1.0511392207255632,-0.0170243374408754,3.2973942147249127,1.6821927523441609
64.0,174.0,1005.0227661132812,1.1090167985935704,3.054929262949412,0.2138404591139139,3.3785257770175283,-0.2062982807170551,0.6081492878130935,1.0163426512361524,-0.0348229360837541,3.2931519023315508,1.7331119502206431
64.0,174.0,1006.3912353515624,1.0823124156003283,3.145532408020725,0.0937498638335725,4.3492484902596935,-0.983369492477124,0.3045399617600217,1.0355153888892177,-0.6035785196627739,3.47882371336145,1.9749920545649893
64.0,174.0,1003.7677001953124,0.9753379059727132,3.027481911426474,0.8914709442373026,3.6385006360362526,-0.1936568623912141,0.9354252219936228,1.0515023454212475,1.5844169383747184,3.3013099988549235,1.6821957420369034
64.0,174.0,1005.7315063476562,1.5396689441273124,3.0386942734840274,0.0727790596694881,3.99653790662412,-0.2180394714265182,1.1227822176659112,0.9898665587735348,-0.0161734394273001,3.292559616599718,1.7283088665121291
64.0,174.0,1005.9786376953124,1.1755166225902458,3.0139295819900664,-0.2417305383366287,3.616814653335077,-0.2729520402836232,1.8592848557108288,1.1177652924446315,0.1211451494947978,3.912459696901169,2.2316448068592054
64.0,174.0,1004.7403564453124,0.4804166552562906,3.142058809388116,-0.507253232726782,3.78275224637308,-0.5671588827166028,1.1261544357254607,1.4122039073154182,0.5007209311294231,3.503301094810195,1.926829920271378
64.0,174.0,1004.5214233398438,1.3925082887281215,3.065088985864282,-0.1686798461004562,2.4937664364779137,-0.2246521629870259,1.0573601922845028,1.0844478999456344,-0.8866334099558765,3.2654268773896447,1.6563374701400866
64.0,174.0,1006.101806640625,1.5145614614356997,2.994643314133276,-0.4385238738008652,2.6498988515969346,-0.2204737755628775,1.1219320992016055,0.99350013477897,-0.0190371027451072,3.134156782158529,1.6797391789481235
64.0,174.0,1005.5848999023438,-0.4976473021030942,3.419951677935696,-0.3086301958483286,3.870154605804175,-1.1699164176837953,1.6993185462984577,0.8701808901365833,0.0028869377323087,3.427754210534899,1.6924904654891433
64.0,174.0,1005.2015991210938,-0.9065866190336698,2.536369936448513,1.0012825911920764,0.7384741288722001,-1.3043415059826065,0.8367591620529873,1.226872201567225,0.259522407071536,3.263528619159368,0.8166144550606269
64.0,174.0,1005.768310546875,1.5999854791936896,2.9805356758612893,-0.224463190705871,3.807145392204087,-0.3379384159359995,1.0087144864956603,0.8161970981207121,-0.0299745068515237,3.525817858828421,1.6851147134922917
64.0,175.0,1004.6443481445312,0.6900176227674764,3.063074350782302,-0.3302721781170479,3.0126561550720083,-0.1976159951512532,1.5970259768578052,1.2511792713171723,-0.0167520924344081,3.4265898532482377,1.5636003792452855
64.0,175.0,1004.2421264648438,1.1090451639676264,3.063170278295987,-0.1754780434512142,3.5433184929382966,-0.1568456031498367,1.0766389807596008,1.0528787249669178,-0.0171620058962041,3.1145081813601543,1.5893554756452115
64.0,175.0,1006.1292724609376,0.8825330645131402,3.064174342687368,-0.2362635771631851,3.582316996030628,-0.2074679037536006,0.9559810891053128,1.0531749231574068,-0.0434490340044395,3.286294651604756,2.3253331241426074
64.0,175.0,1005.7072143554688,1.6491448804843336,2.9104453120023,-0.2376035463302053,3.615676320374159,-0.5459213406507523,1.0802436756395946,1.0229389087533642,-0.0226071327225542,3.134768809825729,1.4551102740604491
64.0,175.0,1005.2555541992188,-0.5037094802039921,3.707585390221884,-0.3280569768488796,3.321070462527059,0.979043172621886,-0.4155761280008436,0.9565504599200948,0.2951346271246178,3.295787014291044,2.1819067114242974
64.0,175.0,1006.83154296875,1.5265036097584397,2.4688393553651458,-0.2193779993269236,3.456649131017686,-0.280184533111481,1.4322115030166764,0.0073984864598439,0.0552709621325861,2.764100911123255,1.699477136905433
64.0,175.0,1006.2119140625,0.4893625390202833,1.7795423029239368,-0.2283334970089545,3.1277989280704825,0.4981169607027755,1.141197769335064,2.5146578201478693,1.975507430672696,4.311031517865723,2.0922100116751228
64.0,175.0,1005.1494140625,1.4267671879387,2.82151791963309,-0.2050135975394147,3.599402345635524,-0.212234014229664,1.0699343377498252,1.054124327480299,-0.0348381047181509,3.2384919490320403,1.683330061310487
64.0,175.0,1005.474853515625,1.5026949966969567,4.303640589644998,0.0467183102294996,3.508585978273294,-0.276222544546385,1.2632585220760255,0.9839023829757484,0.4548566034085533,3.319979299343642,1.681623450852277
64.0,175.0,1004.5355224609376,-0.2067583177486083,2.156645823399848,1.1237471826284795,3.780946817479548,-0.5114493991580722,1.3470285072754011,1.5426076556614716,0.9251629364195506,3.6326501297850458,1.193605314089168
64.0,175.0,1005.1493530273438,0.5735184706036716,3.028423329307017,0.2644622216036731,2.659398374348958,0.2306337810705419,1.0125999917583286,1.1341537852403114,0.5087035841895886,3.226086612326376,1.548830647479367
64.0,175.0,1004.7117919921876,0.4052530103725722,2.862964791291889,1.0244185980793992,1.6185629550949447,0.0861167524434486,0.806110362194968,0.5149989619430992,0.0762824622613271,3.306353246449835,1.6419964791765842
64.0,175.0,1005.585205078125,1.4441076734521072,3.066111509674269,0.0067028297138759,3.194813058276394,-0.2495793018936137,1.1591742150332562,1.047291772061316,-0.0635626710663064,3.2934046480925203,1.7277033081006632
64.0,175.0,1004.95849609375,0.9162956780313632,2.1247201074083826,0.0379144096914144,3.0493734156772465,-0.204541723945408,1.0866278545155783,1.081534562537653,-0.1426858802547873,2.5531626479271203,1.6834925846586402
64.0,175.0,1005.079833984375,0.8078773908434,3.0635542735379326,-0.2222773718837908,3.644619233544741,-0.0438507735814526,1.4232936018416082,0.7302359461628485,0.463335757005806,3.131559441489576,1.6311643300045815
64.0,175.0,1005.9080810546876,1.0513515896295955,3.0324479004866207,-0.1399893757068982,2.5909601277576697,-0.1207554487964864,2.5126882206643253,1.1607896320933913,0.180815057255496,3.251736532375584,2.58552590355996
64.0,175.0,1005.7649536132812,0.2825466944237913,3.223371955913502,-1.130107795435179,3.475165291581171,-1.048330892200188,0.6773142097574366,1.7224453178602437,-0.0116344510771347,2.978858171781275,1.664112733334867
64.0,175.0,1003.8233642578124,1.028523366259821,3.0628461474330293,-0.3204188298828894,3.0167776901382988,0.2647472536681213,1.306874930918926,0.9514498344110252,-0.5399432597472117,3.348110656193866,0.8965220619264871
64.0,175.0,1006.2741088867188,1.643031542836416,3.606370926934152,-0.6934784640503268,3.544777025413626,-0.1168117638030309,0.939111865717292,1.235370936060419,0.8014975999324441,3.270795648100955,1.6707495569788469
64.0,175.0,1005.4312744140624,1.3627715738376884,3.076635121501396,-0.2203183241854567,3.1897560510402903,-0.4507563945197057,1.1522013466208365,1.072078304572779,-0.0715777010715543,3.2997649430028133,1.6650114468654638
64.0,175.0,1006.1286010742188,1.5630251164579407,3.034072154337606,-0.2144607478813976,3.3747890166807086,-0.1840946200972616,1.0834848120091078,1.505132191142844,0.0986427251527393,3.2971237436003165,1.6407078622033984
64.0,175.0,1004.8368530273438,-0.0192859539180938,3.1458012448024646,-0.4052589456220559,3.5837623621294377,-0.4446218579421889,1.004306573519272,1.0674916208430016,-0.1473208806064043,4.659302750457305,1.266183010783346
64.0,175.0,1005.0035400390624,1.488088734200528,3.2964916798764268,-0.081613556681665,3.4931910742310563,-0.4795947022471148,1.19443031097595,1.5983254058784726,0.3030366300005376,3.1093375136026897,1.3517079212642986
64.0,175.0,1005.59716796875,0.8422960777773174,3.0348209215701183,-0.2311176520887816,3.530445462000517,0.731073415144617,1.0838871087870037,1.0526527931079228,-0.2789778063184201,3.525442996103043,1.9314441196361605
64.0,175.0,1005.1682739257812,0.4758226699530498,2.725912301651685,-0.0230184400084026,3.5041163169939864,-0.2839688026094656,0.98246182909671,0.7814411067738086,0.0567855685067581,3.2908997596538847,1.3640380101297185
64.0,175.0,1004.932861328125,1.5796322669745138,2.974669102036052,-0.2759972217390695,3.567574034001228,-0.2093543612178015,1.4940440693796724,1.055340177568717,-0.0056815911348413,3.322450316094878,2.2801882162059304
64.0,175.0,1005.4376220703124,1.4939369051591875,3.208578143175042,-0.0838875551827738,3.6527902052474297,-0.0677512366808728,2.1295316682877434,1.0280783661595605,-0.0117743859456704,3.334761595860714,1.7120512362595308
64.0,175.0,1005.9476318359376,0.0416259073064684,3.056620648095169,0.9059087932371556,3.541676985417584,-0.4558259587305865,-0.3150494321593007,1.05123482986649,-0.0994281152615595,3.238383279985208,1.6565234082160285
64.0,175.0,1006.0139770507812,1.5426257774234884,2.963062015218996,-0.1644154265346108,3.571054709565818,-0.2255485820590461,1.124004775755031,1.0785750977224122,-0.0170868564908297,3.529492666873149,1.8095727813707885
64.0,175.0,1004.924560546875,1.3902787656971398,3.2388825019148166,-0.206591284257351,2.6835356447268124,-0.2393013169250669,1.0825663808182378,0.7880722208517016,0.1086941866441624,3.760609960660497,1.5499190461382142
64.0,175.0,1003.884033203125,1.1425112649696187,3.065090117718845,0.592860107788608,2.8071972518327133,0.2549808842303713,0.7688590957311772,1.1434486482266086,0.1774592781213724,3.2904317271738885,1.6652367097735672
64.0,175.0,1004.8756713867188,1.803103039357084,3.04969122379482,-0.2380855070972431,3.544222673085715,-0.3675432124331079,1.0049334701620785,1.0915745130618049,-0.0166428366782459,3.286393579044508,1.7128181502425668
64.0,175.0,1005.5949096679688,1.065741447403239,3.566321993171797,-0.1722097588879127,3.335195644635442,0.4153135222526197,1.6432684793938577,1.2308026718224587,0.3065238812510272,3.32453208933479,1.4181087479272612
64.0,175.0,1005.1708984375,1.5387374172758588,3.0630905424895096,-0.2761169812147975,3.539551483750204,-0.0710913967583387,1.0864629386437223,1.0432566156141505,0.0406253156605319,3.3703392304127733,1.6847979903288934
64.0,175.0,1004.3433227539062,1.5246637626108075,2.588764633984187,-0.2247483509817702,3.541791433209113,-0.2094105942329443,0.0900981966808316,1.4472220790014578,0.3634141441016041,3.275517642189521,1.677631713184814
64.0,175.0,1006.2902221679688,-0.4251081873792355,3.285807122763265,-0.1892787533432827,2.527234148491948,-0.6010386156964528,0.6565171337625719,1.76275366174798,-0.0125229395337214,3.152359389102193,1.536172754489335
64.0,175.0,1002.565185546875,0.5472914493255665,3.366882117201061,1.3060013984334584,1.9325170226020087,-1.0074251950736448,0.7432223534795421,1.6951969237110474,0.1334456915648295,3.316198941140461,1.659375229627378
64.0,175.0,1006.7476806640624,1.3783292661069166,2.227281756843792,0.7486796121921748,2.3676098445669496,-0.4352187250238886,0.1295667694666509,1.2582478032152908,0.9678886220425788,1.546052822985894,1.7088008776725607
64.0,175.0,1003.6841430664062,1.5264166200797986,3.063097861613356,-0.215819897253269,3.5490497273888275,-0.2048867388282806,1.0826619122252867,1.0511392207255632,-0.0170243374408754,3.2973942147249127,1.6821927523441609
64.0,175.0,1005.0227661132812,1.1090167985935704,3.054929262949412,0.2138404591139139,3.3785257770175283,-0.2062982807170551,0.6081492878130935,1.0163426512361524,-0.0348229360837541,3.2931519023315508,1.7331119502206431
64.0,175.0,1006.3912353515624,1.0823124156003283,3.145532408020725,0.0937498638335725,4.3492484902596935,-0.983369492477124,0.3045399617600217,1.0355153888892177,-0.6035785196627739,3.47882371336145,1.9749920545649893
64.0,175.0,1003.7677001953124,0.9753379059727132,3.027481911426474,0.8914709442373026,3.6385006360362526,-0.1936568623912141,0.9354252219936228,1.0515023454212475,1.5844169383747184,3.3013099988549235,1.6821957420369034
64.0,175.0,1005.7315063476562,1.5396689441273124,3.0386942734840274,0.0727790596694881,3.99653790662412,-0.2180394714265182,1.1227822176659112,0.9898665587735348,-0.0161734394273001,3.292559616599718,1.7283088665121291
64.0,175.0,1005.9786376953124,1.1755166225902458,3.0139295819900664,-0.2417305383366287,3.616814653335077,-0.2729520402836232,1.8592848557108288,1.1177652924446315,0.1211451494947978,3.912459696901169,2.2316448068592054
64.0,175.0,1004.7403564453124,0.4804166552562906,3.142058809388116,-0.507253232726782,3.78275224637308,-0.5671588827166028,1.1261544357254607,1.4122039073154182,0.5007209311294231,3.503301094810195,1.926829920271378
64.0,175.0,1004.5214233398438,1.3925082887281215,3.065088985864282,-0.1686798461004562,2.4937664364779137,-0.2246521629870259,1.0573601922845028,1.0844478999456344,-0.8866334099558765,3.2654268773896447,1.6563374701400866
64.0,175.0,1006.101806640625,1.5145614614356997,2.994643314133276,-0.4385238738008652,2.6498988515969346,-0.2204737755628775,1.1219320992016055,0.99350013477897,-0.0190371027451072,3.134156782158529,1.6797391789481235
64.0,175.0,1005.5848999023438,-0.4976473021030942,3.419951677935696,-0.3086301958483286,3.870154605804175,-1.1699164176837953,1.6993185462984577,0.8701808901365833,0.0028869377323087,3.427754210534899,1.6924904654891433
64.0,175.0,1005.2015991210938,-0.9065866190336698,2.536369936448513,1.0012825911920764,0.7384741288722001,-1.3043415059826065,0.8367591620529873,1.226872201567225,0.259522407071536,3.263528619159368,0.8166144550606269
64.0,175.0,1005.768310546875,1.5999854791936896,2.9805356758612893,-0.224463190705871,3.807145392204087,-0.3379384159359995,1.0087144864956603,0.8161970981207121,-0.0299745068515237,3.525817858828421,1.6851147134922917
64.0,176.0,1004.6443481445312,0.6900176227674764,3.063074350782302,-0.3302721781170479,3.0126561550720083,-0.1976159951512532,1.5970259768578052,1.2511792713171723,-0.0167520924344081,3.4265898532482377,1.5636003792452855
64.0,176.0,1004.2421264648438,1.1090451639676264,3.063170278295987,-0.1754780434512142,3.5433184929382966,-0.1568456031498367,1.0766389807596008,1.0528787249669178,-0.0171620058962041,3.1145081813601543,1.5893554756452115
64.0,176.0,1006.1292724609376,0.8825330645131402,3.064174342687368,-0.2362635771631851,3.582316996030628,-0.2074679037536006,0.9559810891053128,1.0531749231574068,-0.0434490340044395,3.286294651604756,2.3253331241426074
64.0,176.0,1005.7072143554688,1.6491448804843336,2.9104453120023,-0.2376035463302053,3.615676320374159,-0.5459213406507523,1.0802436756395946,1.0229389087533642,-0.0226071327225542,3.134768809825729,1.4551102740604491
64.0,176.0,1005.2555541992188,-0.5037094802039921,3.707585390221884,-0.3280569768488796,3.321070462527059,0.979043172621886,-0.4155761280008436,0.9565504599200948,0.2951346271246178,3.295787014291044,2.1819067114242974
64.0,176.0,1006.83154296875,1.5265036097584397,2.4688393553651458,-0.2193779993269236,3.456649131017686,-0.280184533111481,1.4322115030166764,0.0073984864598439,0.0552709621325861,2.764100911123255,1.699477136905433
64.0,176.0,1006.2119140625,0.4893625390202833,1.7795423029239368,-0.2283334970089545,3.1277989280704825,0.4981169607027755,1.141197769335064,2.5146578201478693,1.975507430672696,4.311031517865723,2.0922100116751228
64.0,176.0,1005.1494140625,1.4267671879387,2.82151791963309,-0.2050135975394147,3.599402345635524,-0.212234014229664,1.0699343377498252,1.054124327480299,-0.0348381047181509,3.2384919490320403,1.683330061310487
64.0,176.0,1005.474853515625,1.5026949966969567,4.303640589644998,0.0467183102294996,3.508585978273294,-0.276222544546385,1.2632585220760255,0.9839023829757484,0.4548566034085533,3.319979299343642,1.681623450852277
64.0,176.0,1004.5355224609376,-0.2067583177486083,2.156645823399848,1.1237471826284795,3.780946817479548,-0.5114493991580722,1.3470285072754011,1.5426076556614716,0.9251629364195506,3.6326501297850458,1.193605314089168
64.0,176.0,1005.1493530273438,0.5735184706036716,3.028423329307017,0.2644622216036731,2.659398374348958,0.2306337810705419,1.0125999917583286,1.1341537852403114,0.5087035841895886,3.226086612326376,1.548830647479367
64.0,176.0,1004.7117919921876,0.4052530103725722,2.862964791291889,1.0244185980793992,1.6185629550949447,0.0861167524434486,0.806110362194968,0.5149989619430992,0.0762824622613271,3.306353246449835,1.6419964791765842
64.0,176.0,1005.585205078125,1.4441076734521072,3.066111509674269,0.0067028297138759,3.194813058276394,-0.2495793018936137,1.1591742150332562,1.047291772061316,-0.0635626710663064,3.2934046480925203,1.7277033081006632
64.0,176.0,1004.95849609375,0.9162956780313632,2.1247201074083826,0.0379144096914144,3.0493734156772465,-0.204541723945408,1.0866278545155783,1.081534562537653,-0.1426858802547873,2.5531626479271203,1.6834925846586402
64.0,176.0,1005.079833984375,0.8078773908434,3.0635542735379326,-0.2222773718837908,3.644619233544741,-0.0438507735814526,1.4232936018416082,0.7302359461628485,0.463335757005806,3.131559441489576,1.6311643300045815
64.0,176.0,1005.9080810546876,1.0513515896295955,3.0324479004866207,-0.1399893757068982,2.5909601277576697,-0.1207554487964864,2.5126882206643253,1.1607896320933913,0.180815057255496,3.251736532375584,2.58552590355996
64.0,176.0,1005.7649536132812,0.2825466944237913,3.223371955913502,-1.130107795435179,3.475165291581171,-1.048330892200188,0.6773142097574366,1.7224453178602437,-0.0116344510771347,2.978858171781275,1.664112733334867
64.0,176.0,1003.8233642578124,1.028523366259821,3.0628461474330293,-0.3204188298828894,3.0167776901382988,0.2647472536681213,1.306874930918926,0.9514498344110252,-0.5399432597472117,3.348110656193866,0.8965220619264871
64.0,176.0,1006.2741088867188,1.643031542836416,3.606370926934152,-0.6934784640503268,3.544777025413626,-0.1168117638030309,0.939111865717292,1.235370936060419,0.8014975999324441,3.270795648100955,1.6707495569788469
64.0,176.0,1005.4312744140624,1.3627715738376884,3.076635121501396,-0.2203183241854567,3.1897560510402903,-0.4507563945197057,1.1522013466208365,1.072078304572779,-0.0715777010715543,3.2997649430028133,1.6650114468654638
64.0,176.0,1006.1286010742188,1.5630251164579407,3.034072154337606,-0.2144607478813976,3.3747890166807086,-0.1840946200972616,1.0834848120091078,1.505132191142844,0.0986427251527393,3.2971237436003165,1.6407078622033984
64.0,176.0,1004.8368530273438,-0.0192859539180938,3.1458012448024646,-0.4052589456220559,3.5837623621294377,-0.4446218579421889,1.004306573519272,1.0674916208430016,-0.1473208806064043,4.659302750457305,1.266183010783346
64.0,176.0,1005.0035400390624,1.488088734200528,3.2964916798764268,-0.081613556681665,3.4931910742310563,-0.4795947022471148,1.19443031097595,1.5983254058784726,0.3030366300005376,3.1093375136026897,1.3517079212642986
64.0,176.0,1005.59716796875,0.8422960777773174,3.0348209215701183,-0.2311176520887816,3.530445462000517,0.731073415144617,1.0838871087870037,1.0526527931079228,-0.2789778063184201,3.525442996103043,1.9314441196361605
64.0,176.0,1005.1682739257812,0.4758226699530498,2.725912301651685,-0.0230184400084026,3.5041163169939864,-0.2839688026094656,0.98246182909671,0.7814411067738086,0.0567855685067581,3.2908997596538847,1.3640380101297185
64.0,176.0,1004.932861328125,1.5796322669745138,2.974669102036052,-0.2759972217390695,3.567574034001228,-0.2093543612178015,1.4940440693796724,1.055340177568717,-0.0056815911348413,3.322450316094878,2.2801882162059304
64.0,176.0,1005.4376220703124,1.4939369051591875,3.208578143175042,-0.0838875551827738,3.6527902052474297,-0.0677512366808728,2.1295316682877434,1.0280783661595605,-0.0117743859456704,3.334761595860714,1.7120512362595308
64.0,176.0,1005.9476318359376,0.0416259073064684,3.056620648095169,0.9059087932371556,3.541676985417584,-0.4558259587305865,-0.3150494321593007,1.05123482986649,-0.0994281152615595,3.238383279985208,1.6565234082160285
64.0,176.0,1006.0139770507812,1.5426257774234884,2.963062015218996,-0.1644154265346108,3.571054709565818,-0.2255485820590461,1.124004775755031,1.0785750977224122,-0.0170868564908297,3.529492666873149,1.8095727813707885
64.0,176.0,1004.924560546875,1.3902787656971398,3.2388825019148166,-0.206591284257351,2.6835356447268124,-0.2393013169250669,1.0825663808182378,0.7880722208517016,0.1086941866441624,3.760609960660497,1.5499190461382142
64.0,176.0,1003.884033203125,1.1425112649696187,3.065090117718845,0.592860107788608,2.8071972518327133,0.2549808842303713,0.7688590957311772,1.1434486482266086,0.1774592781213724,3.2904317271738885,1.6652367097735672
64.0,176.0,1004.8756713867188,1.803103039357084,3.04969122379482,-0.2380855070972431,3.544222673085715,-0.3675432124331079,1.0049334701620785,1.0915745130618049,-0.0166428366782459,3.286393579044508,1.7128181502425668
64.0,176.0,1005.5949096679688,1.065741447403239,3.566321993171797,-0.1722097588879127,3.335195644635442,0.4153135222526197,1.6432684793938577,1.2308026718224587,0.3065238812510272,3.32453208933479,1.4181087479272612
64.0,176.0,1005.1708984375,1.5387374172758588,3.0630905424895096,-0.2761169812147975,3.539551483750204,-0.0710913967583387,1.0864629386437223,1.0432566156141505,0.0406253156605319,3.3703392304127733,1.6847979903288934
64.0,176.0,1004.3433227539062,1.5246637626108075,2.588764633984187,-0.2247483509817702,3.541791433209113,-0.2094105942329443,0.0900981966808316,1.4472220790014578,0.3634141441016041,3.275517642189521,1.677631713184814
64.0,176.0,1006.2902221679688,-0.4251081873792355,3.285807122763265,-0.1892787533432827,2.527234148491948,-0.6010386156964528,0.6565171337625719,1.76275366174798,-0.0125229395337214,3.152359389102193,1.536172754489335
64.0,176.0,1002.565185546875,0.5472914493255665,3.366882117201061,1.3060013984334584,1.9325170226020087,-1.0074251950736448,0.7432223534795421,1.6951969237110474,0.1334456915648295,3.316198941140461,1.659375229627378
64.0,176.0,1006.7476806640624,1.3783292661069166,2.227281756843792,0.7486796121921748,2.3676098445669496,-0.4352187250238886,0.1295667694666509,1.2582478032152908,0.9678886220425788,1.546052822985894,1.7088008776725607
64.0,176.0,1003.6841430664062,1.5264166200797986,3.063097861613356,-0.215819897253269,3.5490497273888275,-0.2048867388282806,1.0826619122252867,1.0511392207255632,-0.0170243374408754,3.2973942147249127,1.6821927523441609
64.0,176.0,1005.0227661132812,1.1090167985935704,3.054929262949412,0.2138404591139139,3.3785257770175283,-0.2062982807170551,0.6081492878130935,1.0163426512361524,-0.0348229360837541,3.2931519023315508,1.7331119502206431
64.0,176.0,1006.3912353515624,1.0823124156003283,3.145532408020725,0.0937498638335725,4.3492484902596935,-0.983369492477124,0.3045399617600217,1.0355153888892177,-0.6035785196627739,3.47882371336145,1.9749920545649893
64.0,176.0,1003.7677001953124,0.9753379059727132,3.027481911426474,0.8914709442373026,3.6385006360362526,-0.1936568623912141,0.9354252219936228,1.0515023454212475,1.5844169383747184,3.3013099988549235,1.6821957420369034
64.0,176.0,1005.7315063476562,1.5396689441273124,3.0386942734840274,0.0727790596694881,3.99653790662412,-0.2180394714265182,1.1227822176659112,0.9898665587735348,-0.0161734394273001,3.292559616599718,1.7283088665121291
64.0,176.0,1005.9786376953124,1.1755166225902458,3.0139295819900664,-0.2417305383366287,3.616814653335077,-0.2729520402836232,1.8592848557108288,1.1177652924446315,0.1211451494947978,3.912459696901169,2.2316448068592054
64.0,176.0,1004.7403564453124,0.4804166552562906,3.142058809388116,-0.507253232726782,3.78275224637308,-0.5671588827166028,1.1261544357254607,1.4122039073154182,0.5007209311294231,3.503301094810195,1.926829920271378
64.0,176.0,1004.5214233398438,1.3925082887281215,3.065088985864282,-0.1686798461004562,2.4937664364779137,-0.2246521629870259,1.0573601922845028,1.0844478999456344,-0.8866334099558765,3.2654268773896447,1.6563374701400866
64.0,176.0,1006.101806640625,1.5145614614356997,2.994643314133276,-0.4385238738008652,2.6498988515969346,-0.2204737755628775,1.1219320992016055,0.99350013477897,-0.0190371027451072,3.134156782158529,1.6797391789481235
64.0,176.0,1005.5848999023438,-0.4976473021030942,3.419951677935696,-0.3086301958483286,3.870154605804175,-1.1699164176837953,1.6993185462984577,0.8701808901365833,0.0028869377323087,3.427754210534899,1.6924904654891433
64.0,176.0,1005.2015991210938,-0.9065866190336698,2.536369936448513,1.0012825911920764,0.7384741288722001,-1.3043415059826065,0.8367591620529873,1.226872201567225,0.259522407071536,3.263528619159368,0.8166144550606269
64.0,176.0,1005.768310546875,1.5999854791936896,2.9805356758612893,-0.224463190705871,3.807145392204087,-0.3379384159359995,1.0087144864956603,0.8161970981207121,-0.0299745068515237,3.525817858828421,1.6851147134922917
64.0,177.0,1004.6443481445312,0.6900176227674764,3.063074350782302,-0.3302721781170479,3.0126561550720083,-0.1976159951512532,1.5970259768578052,1.2511792713171723,-0.0167520924344081,3.4265898532482377,1.5636003792452855
64.0,177.0,1004.2421264648438,1.1090451639676264,3.063170278295987,-0.1754780434512142,3.5433184929382966,-0.1568456031498367,1.0766389807596008,1.0528787249669178,-0.0171620058962041,3.1145081813601543,1.5893554756452115
64.0,177.0,1006.1292724609376,0.8825330645131402,3.064174342687368,-0.2362635771631851,3.582316996030628,-0.2074679037536006,0.9559810891053128,1.0531749231574068,-0.0434490340044395,3.286294651604756,2.3253331241426074
64.0,177.0,1005.7072143554688,1.6491448804843336,2.9104453120023,-0.2376035463302053,3.615676320374159,-0.5459213406507523,1.0802436756395946,1.0229389087533642,-0.0226071327225542,3.134768809825729,1.4551102740604491
64.0,177.0,1005.2555541992188,-0.5037094802039921,3.707585390221884,-0.3280569768488796,3.321070462527059,0.979043172621886,-0.4155761280008436,0.9565504599200948,0.2951346271246178,3.295787014291044,2.1819067114242974
64.0,177.0,1006.83154296875,1.5265036097584397,2.4688393553651458,-0.2193779993269236,3.456649131017686,-0.280184533111481,1.4322115030166764,0.0073984864598439,0.0552709621325861,2.764100911123255,1.699477136905433
64.0,177.0,1006.2119140625,0.4893625390202833,1.7795423029239368,-0.2283334970089545,3.1277989280704825,0.4981169607027755,1.141197769335064,2.5146578201478693,1.975507430672696,4.311031517865723,2.0922100116751228
64.0,177.0,1005.1494140625,1.4267671879387,2.82151791963309,-0.2050135975394147,3.599402345635524,-0.212234014229664,1.0699343377498252,1.054124327480299,-0.0348381047181509,3.2384919490320403,1.683330061310487
64.0,177.0,1005.474853515625,1.5026949966969567,4.303640589644998,0.0467183102294996,3.508585978273294,-0.276222544546385,1.2632585220760255,0.9839023829757484,0.4548566034085533,3.319979299343642,1.681623450852277
64.0,177.0,1004.5355224609376,-0.2067583177486083,2.156645823399848,1.1237471826284795,3.780946817479548,-0.5114493991580722,1.3470285072754011,1.5426076556614716,0.9251629364195506,3.6326501297850458,1.193605314089168
64.0,177.0,1005.1493530273438,0.5735184706036716,3.028423329307017,0.2644622216036731,2.659398374348958,0.2306337810705419,1.0125999917583286,1.1341537852403114,0.5087035841895886,3.226086612326376,1.548830647479367
64.0,177.0,1004.7117919921876,0.4052530103725722,2.862964791291889,1.0244185980793992,1.6185629550949447,0.0861167524434486,0.806110362194968,0.5149989619430992,0.0762824622613271,3.306353246449835,1.6419964791765842
64.0,177.0,1005.585205078125,1.4441076734521072,3.066111509674269,0.0067028297138759,3.194813058276394,-0.2495793018936137,1.1591742150332562,1.047291772061316,-0.0635626710663064,3.2934046480925203,1.7277033081006632
64.0,177.0,1004.95849609375,0.9162956780313632,2.1247201074083826,0.0379144096914144,3.0493734156772465,-0.204541723945408,1.0866278545155783,1.081534562537653,-0.1426858802547873,2.5531626479271203,1.6834925846586402
64.0,177.0,1005.079833984375,0.8078773908434,3.0635542735379326,-0.2222773718837908,3.644619233544741,-0.0438507735814526,1.4232936018416082,0.7302359461628485,0.463335757005806,3.131559441489576,1.6311643300045815
64.0,177.0,1005.9080810546876,1.0513515896295955,3.0324479004866207,-0.1399893757068982,2.5909601277576697,-0.1207554487964864,2.5126882206643253,1.1607896320933913,0.180815057255496,3.251736532375584,2.58552590355996
64.0,177.0,1005.7649536132812,0.2825466944237913,3.223371955913502,-1.130107795435179,3.475165291581171,-1.048330892200188,0.6773142097574366,1.7224453178602437,-0.0116344510771347,2.978858171781275,1.664112733334867
64.0,177.0,1003.8233642578124,1.028523366259821,3.0628461474330293,-0.3204188298828894,3.0167776901382988,0.2647472536681213,1.306874930918926,0.9514498344110252,-0.5399432597472117,3.348110656193866,0.8965220619264871
64.0,177.0,1006.2741088867188,1.643031542836416,3.606370926934152,-0.6934784640503268,3.544777025413626,-0.1168117638030309,0.939111865717292,1.235370936060419,0.8014975999324441,3.270795648100955,1.6707495569788469
64.0,177.0,1005.4312744140624,1.3627715738376884,3.076635121501396,-0.2203183241854567,3.1897560510402903,-0.4507563945197057,1.1522013466208365,1.072078304572779,-0.0715777010715543,3.2997649430028133,1.6650114468654638
64.0,177.0,1006.1286010742188,1.5630251164579407,3.034072154337606,-0.2144607478813976,3.3747890166807086,-0.1840946200972616,1.0834848120091078,1.505132191142844,0.0986427251527393,3.2971237436003165,1.6407078622033984
64.0,177.0,1004.8368530273438,-0.0192859539180938,3.1458012448024646,-0.4052589456220559,3.5837623621294377,-0.4446218579421889,1.004306573519272,1.0674916208430016,-0.1473208806064043,4.659302750457305,1.266183010783346
64.0,177.0,1005.0035400390624,1.488088734200528,3.2964916798764268,-0.081613556681665,3.4931910742310563,-0.4795947022471148,1.19443031097595,1.5983254058784726,0.3030366300005376,3.1093375136026897,1.3517079212642986
64.0,177.0,1005.59716796875,0.8422960777773174,3.0348209215701183,-0.2311176520887816,3.530445462000517,0.731073415144617,1.0838871087870037,1.0526527931079228,-0.2789778063184201,3.525442996103043,1.9314441196361605
64.0,177.0,1005.1682739257812,0.4758226699530498,2.725912301651685,-0.0230184400084026,3.5041163169939864,-0.2839688026094656,0.98246182909671,0.7814411067738086,0.0567855685067581,3.2908997596538847,1.3640380101297185
64.0,177.0,1004.932861328125,1.5796322669745138,2.974669102036052,-0.2759972217390695,3.567574034001228,-0.2093543612178015,1.4940440693796724,1.055340177568717,-0.0056815911348413,3.322450316094878,2.2801882162059304
64.0,177.0,1005.4376220703124,1.4939369051591875,3.208578143175042,-0.0838875551827738,3.6527902052474297,-0.0677512366808728,2.1295316682877434,1.0280783661595605,-0.0117743859456704,3.334761595860714,1.7120512362595308
64.0,177.0,1005.9476318359376,0.0416259073064684,3.056620648095169,0.9059087932371556,3.541676985417584,-0.4558259587305865,-0.3150494321593007,1.05123482986649,-0.0994281152615595,3.238383279985208,1.6565234082160285
64.0,177.0,1006.0139770507812,1.5426257774234884,2.963062015218996,-0.1644154265346108,3.571054709565818,-0.2255485820590461,1.124004775755031,1.0785750977224122,-0.0170868564908297,3.529492666873149,1.8095727813707885
64.0,177.0,1004.924560546875,1.3902787656971398,3.2388825019148166,-0.206591284257351,2.6835356447268124,-0.2393013169250669,1.0825663808182378,0.7880722208517016,0.1086941866441624,3.760609960660497,1.5499190461382142
64.0,177.0,1003.884033203125,1.1425112649696187,3.065090117718845,0.592860107788608,2.8071972518327133,0.2549808842303713,0.7688590957311772,1.1434486482266086,0.1774592781213724,3.2904317271738885,1.6652367097735672
64.0,177.0,1004.8756713867188,1.803103039357084,3.04969122379482,-0.2380855070972431,3.544222673085715,-0.3675432124331079,1.0049334701620785,1.0915745130618049,-0.0166428366782459,3.286393579044508,1.7128181502425668
64.0,177.0,1005.5949096679688,1.065741447403239,3.566321993171797,-0.1722097588879127,3.335195644635442,0.4153135222526197,1.6432684793938577,1.2308026718224587,0.3065238812510272,3.32453208933479,1.4181087479272612
64.0,177.0,1005.1708984375,1.5387374172758588,3.0630905424895096,-0.2761169812147975,3.539551483750204,-0.0710913967583387,1.0864629386437223,1.0432566156141505,0.0406253156605319,3.3703392304127733,1.6847979903288934
64.0,177.0,1004.3433227539062,1.5246637626108075,2.588764633984187,-0.2247483509817702,3.541791433209113,-0.2094105942329443,0.0900981966808316,1.4472220790014578,0.3634141441016041,3.275517642189521,1.677631713184814
64.0,177.0,1006.2902221679688,-0.4251081873792355,3.285807122763265,-0.1892787533432827,2.527234148491948,-0.6010386156964528,0.6565171337625719,1.76275366174798,-0.0125229395337214,3.152359389102193,1.536172754489335
64.0,177.0,1002.565185546875,0.5472914493255665,3.366882117201061,1.3060013984334584,1.9325170226020087,-1.0074251950736448,0.7432223534795421,1.6951969237110474,0.1334456915648295,3.316198941140461,1.659375229627378
64.0,177.0,1006.7476806640624,1.3783292661069166,2.227281756843792,0.7486796121921748,2.3676098445669496,-0.4352187250238886,0.1295667694666509,1.2582478032152908,0.9678886220425788,1.546052822985894,1.7088008776725607
64.0,177.0,1003.6841430664062,1.5264166200797986,3.063097861613356,-0.215819897253269,3.5490497273888275,-0.2048867388282806,1.0826619122252867,1.0511392207255632,-0.0170243374408754,3.2973942147249127,1.6821927523441609
64.0,177.0,1005.0227661132812,1.1090167985935704,3.054929262949412,0.2138404591139139,3.3785257770175283,-0.2062982807170551,0.6081492878130935,1.0163426512361524,-0.0348229360837541,3.2931519023315508,1.7331119502206431
64.0,177.0,1006.3912353515624,1.0823124156003283,3.145532408020725,0.0937498638335725,4.3492484902596935,-0.983369492477124,0.3045399617600217,1.0355153888892177,-0.6035785196627739,3.47882371336145,1.9749920545649893
64.0,177.0,1003.7677001953124,0.9753379059727132,3.027481911426474,0.8914709442373026,3.6385006360362526,-0.1936568623912141,0.9354252219936228,1.0515023454212475,1.5844169383747184,3.3013099988549235,1.6821957420369034
64.0,177.0,1005.7315063476562,1.5396689441273124,3.0386942734840274,0.0727790596694881,3.99653790662412,-0.2180394714265182,1.1227822176659112,0.9898665587735348,-0.0161734394273001,3.292559616599718,1.7283088665121291
64.0,177.0,1005.9786376953124,1.1755166225902458,3.0139295819900664,-0.2417305383366287,3.616814653335077,-0.2729520402836232,1.8592848557108288,1.1177652924446315,0.1211451494947978,3.912459696901169,2.2316448068592054
64.0,177.0,1004.7403564453124,0.4804166552562906,3.142058809388116,-0.507253232726782,3.78275224637308,-0.5671588827166028,1.1261544357254607,1.4122039073154182,0.5007209311294231,3.503301094810195,1.926829920271378
64.0,177.0,1004.5214233398438,1.3925082887281215,3.065088985864282,-0.1686798461004562,2.4937664364779137,-0.2246521629870259,1.0573601922845028,1.0844478999456344,-0.8866334099558765,3.2654268773896447,1.6563374701400866
64.0,177.0,1006.101806640625,1.5145614614356997,2.994643314133276,-0.4385238738008652,2.6498988515969346,-0.2204737755628775,1.1219320992016055,0.99350013477897,-0.0190371027451072,3.134156782158529,1.6797391789481235
64.0,177.0,1005.5848999023438,-0.4976473021030942,3.419951677935696,-0.3086301958483286,3.870154605804175,-1.1699164176837953,1.6993185462984577,0.8701808901365833,0.0028869377323087,3.427754210534899,1.6924904654891433
64.0,177.0,1005.2015991210938,-0.9065866190336698,2.536369936448513,1.0012825911920764,0.7384741288722001,-1.3043415059826065,0.8367591620529873,1.226872201567225,0.259522407071536,3.263528619159368,0.8166144550606269
64.0,177.0,1005.768310546875,1.5999854791936896,2.9805356758612893,-0.224463190705871,3.807145392204087,-0.3379384159359995,1.0087144864956603,0.8161970981207121,-0.0299745068515237,3.525817858828421,1.6851147134922917
64.0,178.0,1004.6443481445312,0.6900176227674764,3.063074350782302,-0.3302721781170479,3.0126561550720083,-0.1976159951512532,1.5970259768578052,1.2511792713171723,-0.0167520924344081,3.4265898532482377,1.5636003792452855
64.0,178.0,1004.2421264648438,1.1090451639676264,3.063170278295987,-0.1754780434512142,3.5433184929382966,-0.1568456031498367,1.0766389807596008,1.0528787249669178,-0.0171620058962041,3.1145081813601543,1.5893554756452115
64.0,178.0,1006.1292724609376,0.8825330645131402,3.064174342687368,-0.2362635771631851,3.582316996030628,-0.2074679037536006,0.9559810891053128,1.0531749231574068,-0.0434490340044395,3.286294651604756,2.3253331241426074
64.0,178.0,1005.7072143554688,1.6491448804843336,2.9104453120023,-0.2376035463302053,3.615676320374159,-0.5459213406507523,1.0802436756395946,1.0229389087533642,-0.0226071327225542,3.134768809825729,1.4551102740604491
64.0,178.0,1005.2555541992188,-0.5037094802039921,3.707585390221884,-0.3280569768488796,3.321070462527059,0.979043172621886,-0.4155761280008436,0.9565504599200948,0.2951346271246178,3.295787014291044,2.1819067114242974
64.0,178.0,1006.83154296875,1.5265036097584397,2.4688393553651458,-0.2193779993269236,3.456649131017686,-0.280184533111481,1.4322115030166764,0.0073984864598439,0.0552709621325861,2.764100911123255,1.699477136905433
64.0,178.0,1006.2119140625,0.4893625390202833,1.7795423029239368,-0.2283334970089545,3.1277989280704825,0.4981169607027755,1.141197769335064,2.5146578201478693,1.975507430672696,4.311031517865723,2.0922100116751228
64.0,178.0,1005.1494140625,1.4267671879387,2.82151791963309,-0.2050135975394147,3.599402345635524,-0.212234014229664,1.0699343377498252,1.054124327480299,-0.0348381047181509,3.2384919490320403,1.683330061310487
64.0,178.0,1005.474853515625,1.5026949966969567,4.303640589644998,0.0467183102294996,3.508585978273294,-0.276222544546385,1.2632585220760255,0.9839023829757484,0.4548566034085533,3.319979299343642,1.681623450852277
64.0,178.0,1004.5355224609376,-0.2067583177486083,2.156645823399848,1.1237471826284795,3.780946817479548,-0.5114493991580722,1.3470285072754011,1.5426076556614716,0.9251629364195506,3.6326501297850458,1.193605314089168
64.0,178.0,1005.1493530273438,0.5735184706036716,3.028423329307017,0.2644622216036731,2.659398374348958,0.2306337810705419,1.0125999917583286,1.1341537852403114,0.5087035841895886,3.226086612326376,1.548830647479367
64.0,178.0,1004.7117919921876,0.4052530103725722,2.862964791291889,1.0244185980793992,1.6185629550949447,0.0861167524434486,0.806110362194968,0.5149989619430992,0.0762824622613271,3.306353246449835,1.6419964791765842
64.0,178.0,1005.585205078125,1.4441076734521072,3.066111509674269,0.0067028297138759,3.194813058276394,-0.2495793018936137,1.1591742150332562,1.047291772061316,-0.0635626710663064,3.2934046480925203,1.7277033081006632
64.0,178.0,1004.95849609375,0.9162956780313632,2.1247201074083826,0.0379144096914144,3.0493734156772465,-0.204541723945408,1.0866278545155783,1.081534562537653,-0.1426858802547873,2.5531626479271203,1.6834925846586402
64.0,178.0,1005.079833984375,0.8078773908434,3.0635542735379326,-0.2222773718837908,3.644619233544741,-0.0438507735814526,1.4232936018416082,0.7302359461628485,0.463335757005806,3.131559441489576,1.6311643300045815
64.0,178.0,1005.9080810546876,1.0513515896295955,3.0324479004866207,-0.1399893757068982,2.5909601277576697,-0.1207554487964864,2.5126882206643253,1.1607896320933913,0.180815057255496,3.251736532375584,2.58552590355996
64.0,178.0,1005.7649536132812,0.2825466944237913,3.223371955913502,-1.130107795435179,3.475165291581171,-1.048330892200188,0.6773142097574366,1.7224453178602437,-0.0116344510771347,2.978858171781275,1.664112733334867
64.0,178.0,1003.8233642578124,1.028523366259821,3.0628461474330293,-0.3204188298828894,3.0167776901382988,0.2647472536681213,1.306874930918926,0.9514498344110252,-0.5399432597472117,3.348110656193866,0.8965220619264871
64.0,178.0,1006.2741088867188,1.643031542836416,3.606370926934152,-0.6934784640503268,3.544777025413626,-0.1168117638030309,0.939111865717292,1.235370936060419,0.8014975999324441,3.270795648100955,1.6707495569788469
64.0,178.0,1005.4312744140624,1.3627715738376884,3.076635121501396,-0.2203183241854567,3.1897560510402903,-0.4507563945197057,1.1522013466208365,1.072078304572779,-0.0715777010715543,3.2997649430028133,1.6650114468654638
64.0,178.0,1006.1286010742188,1.5630251164579407,3.034072154337606,-0.2144607478813976,3.3747890166807086,-0.1840946200972616,1.0834848120091078,1.505132191142844,0.0986427251527393,3.2971237436003165,1.6407078622033984
64.0,178.0,1004.8368530273438,-0.0192859539180938,3.1458012448024646,-0.4052589456220559,3.5837623621294377,-0.4446218579421889,1.004306573519272,1.0674916208430016,-0.1473208806064043,4.659302750457305,1.266183010783346
64.0,178.0,1005.0035400390624,1.488088734200528,3.2964916798764268,-0.081613556681665,3.4931910742310563,-0.4795947022471148,1.19443031097595,1.5983254058784726,0.3030366300005376,3.1093375136026897,1.3517079212642986
64.0,178.0,1005.59716796875,0.8422960777773174,3.0348209215701183,-0.2311176520887816,3.530445462000517,0.731073415144617,1.0838871087870037,1.0526527931079228,-0.2789778063184201,3.525442996103043,1.9314441196361605
64.0,178.0,1005.1682739257812,0.4758226699530498,2.725912301651685,-0.0230184400084026,3.5041163169939864,-0.2839688026094656,0.98246182909671,0.7814411067738086,0.0567855685067581,3.2908997596538847,1.3640380101297185
64.0,178.0,1004.932861328125,1.5796322669745138,2.974669102036052,-0.2759972217390695,3.567574034001228,-0.2093543612178015,1.4940440693796724,1.055340177568717,-0.0056815911348413,3.322450316094878,2.2801882162059304
64.0,178.0,1005.4376220703124,1.4939369051591875,3.208578143175042,-0.0838875551827738,3.6527902052474297,-0.0677512366808728,2.1295316682877434,1.0280783661595605,-0.0117743859456704,3.334761595860714,1.7120512362595308
64.0,178.0,1005.9476318359376,0.0416259073064684,3.056620648095169,0.9059087932371556,3.541676985417584,-0.4558259587305865,-0.3150494321593007,1.05123482986649,-0.0994281152615595,3.238383279985208,1.6565234082160285
64.0,178.0,1006.0139770507812,1.5426257774234884,2.963062015218996,-0.1644154265346108,3.571054709565818,-0.2255485820590461,1.124004775755031,1.0785750977224122,-0.0170868564908297,3.529492666873149,1.8095727813707885
64.0,178.0,1004.924560546875,1.3902787656971398,3.2388825019148166,-0.206591284257351,2.6835356447268124,-0.2393013169250669,1.0825663808182378,0.7880722208517016,0.1086941866441624,3.760609960660497,1.5499190461382142
64.0,178.0,1003.884033203125,1.1425112649696187,3.065090117718845,0.592860107788608,2.8071972518327133,0.2549808842303713,0.7688590957311772,1.1434486482266086,0.1774592781213724,3.2904317271738885,1.6652367097735672
64.0,178.0,1004.8756713867188,1.803103039357084,3.04969122379482,-0.2380855070972431,3.544222673085715,-0.3675432124331079,1.0049334701620785,1.0915745130618049,-0.0166428366782459,3.286393579044508,1.7128181502425668
64.0,178.0,1005.5949096679688,1.065741447403239,3.566321993171797,-0.1722097588879127,3.335195644635442,0.4153135222526197,1.6432684793938577,1.2308026718224587,0.3065238812510272,3.32453208933479,1.4181087479272612
64.0,178.0,1005.1708984375,1.5387374172758588,3.0630905424895096,-0.2761169812147975,3.539551483750204,-0.0710913967583387,1.0864629386437223,1.0432566156141505,0.0406253156605319,3.3703392304127733,1.6847979903288934
64.0,178.0,1004.3433227539062,1.5246637626108075,2.588764633984187,-0.2247483509817702,3.541791433209113,-0.2094105942329443,0.0900981966808316,1.4472220790014578,0.3634141441016041,3.275517642189521,1.677631713184814
64.0,178.0,1006.2902221679688,-0.4251081873792355,3.285807122763265,-0.1892787533432827,2.527234148491948,-0.6010386156964528,0.6565171337625719,1.76275366174798,-0.0125229395337214,3.152359389102193,1.536172754489335
64.0,178.0,1002.565185546875,0.5472914493255665,3.366882117201061,1.3060013984334584,1.9325170226020087,-1.0074251950736448,0.7432223534795421,1.6951969237110474,0.1334456915648295,3.316198941140461,1.659375229627378
64.0,178.0,1006.7476806640624,1.3783292661069166,2.227281756843792,0.7486796121921748,2.3676098445669496,-0.4352187250238886,0.1295667694666509,1.2582478032152908,0.9678886220425788,1.546052822985894,1.7088008776725607
64.0,178.0,1003.6841430664062,1.5264166200797986,3.063097861613356,-0.215819897253269,3.5490497273888275,-0.2048867388282806,1.0826619122252867,1.0511392207255632,-0.0170243374408754,3.2973942147249127,1.6821927523441609
64.0,178.0,1005.0227661132812,1.1090167985935704,3.054929262949412,0.2138404591139139,3.3785257770175283,-0.2062982807170551,0.6081492878130935,1.0163426512361524,-0.0348229360837541,3.2931519023315508,1.7331119502206431
64.0,178.0,1006.3912353515624,1.0823124156003283,3.145532408020725,0.0937498638335725,4.3492484902596935,-0.983369492477124,0.3045399617600217,1.0355153888892177,-0.6035785196627739,3.47882371336145,1.9749920545649893
64.0,178.0,1003.7677001953124,0.9753379059727132,3.027481911426474,0.8914709442373026,3.6385006360362526,-0.1936568623912141,0.9354252219936228,1.0515023454212475,1.5844169383747184,3.3013099988549235,1.6821957420369034
64.0,178.0,1005.7315063476562,1.5396689441273124,3.0386942734840274,0.0727790596694881,3.99653790662412,-0.2180394714265182,1.1227822176659112,0.9898665587735348,-0.0161734394273001,3.292559616599718,1.7283088665121291
64.0,178.0,1005.9786376953124,1.1755166225902458,3.0139295819900664,-0.2417305383366287,3.616814653335077,-0.2729520402836232,1.8592848557108288,1.1177652924446315,0.1211451494947978,3.912459696901169,2.2316448068592054
64.0,178.0,1004.7403564453124,0.4804166552562906,3.142058809388116,-0.507253232726782,3.78275224637308,-0.5671588827166028,1.1261544357254607,1.4122039073154182,0.5007209311294231,3.503301094810195,1.926829920271378
64.0,178.0,1004.5214233398438,1.3925082887281215,3.065088985864282,-0.1686798461004562,2.4937664364779137,-0.2246521629870259,1.0573601922845028,1.0844478999456344,-0.8866334099558765,3.2654268773896447,1.6563374701400866
64.0,178.0,1006.101806640625,1.5145614614356997,2.994643314133276,-0.4385238738008652,2.6498988515969346,-0.2204737755628775,1.1219320992016055,0.99350013477897,-0.0190371027451072,3.134156782158529,1.6797391789481235
64.0,178.0,1005.5848999023438,-0.4976473021030942,3.419951677935696,-0.3086301958483286,3.870154605804175,-1.1699164176837953,1.6993185462984577,0.8701808901365833,0.0028869377323087,3.427754210534899,1.6924904654891433
64.0,178.0,1005.2015991210938,-0.9065866190336698,2.536369936448513,1.0012825911920764,0.7384741288722001,-1.3043415059826065,0.8367591620529873,1.226872201567225,0.259522407071536,3.263528619159368,0.8166144550606269
64.0,178.0,1005.768310546875,1.5999854791936896,2.9805356758612893,-0.224463190705871,3.807145392204087,-0.3379384159359995,1.0087144864956603,0.8161970981207121,-0.0299745068515237,3.525817858828421,1.6851147134922917
64.0,179.0,1004.6443481445312,0.6900176227674764,3.063074350782302,-0.3302721781170479,3.0126561550720083,-0.1976159951512532,1.5970259768578052,1.2511792713171723,-0.0167520924344081,3.4265898532482377,1.5636003792452855
64.0,179.0,1004.2421264648438,1.1090451639676264,3.063170278295987,-0.1754780434512142,3.5433184929382966,-0.1568456031498367,1.0766389807596008,1.0528787249669178,-0.0171620058962041,3.1145081813601543,1.5893554756452115
64.0,179.0,1006.1292724609376,0.8825330645131402,3.064174342687368,-0.2362635771631851,3.582316996030628,-0.2074679037536006,0.9559810891053128,1.0531749231574068,-0.0434490340044395,3.286294651604756,2.3253331241426074
64.0,179.0,1005.7072143554688,1.6491448804843336,2.9104453120023,-0.2376035463302053,3.615676320374159,-0.5459213406507523,1.0802436756395946,1.0229389087533642,-0.0226071327225542,3.134768809825729,1.4551102740604491
64.0,179.0,1005.2555541992188,-0.5037094802039921,3.707585390221884,-0.3280569768488796,3.321070462527059,0.979043172621886,-0.4155761280008436,0.9565504599200948,0.2951346271246178,3.295787014291044,2.1819067114242974
64.0,179.0,1006.83154296875,1.5265036097584397,2.4688393553651458,-0.2193779993269236,3.456649131017686,-0.280184533111481,1.4322115030166764,0.0073984864598439,0.0552709621325861,2.764100911123255,1.699477136905433
64.0,179.0,1006.2119140625,0.4893625390202833,1.7795423029239368,-0.2283334970089545,3.1277989280704825,0.4981169607027755,1.141197769335064,2.5146578201478693,1.975507430672696,4.311031517865723,2.0922100116751228
64.0,179.0,1005.1494140625,1.4267671879387,2.82151791963309,-0.2050135975394147,3.599402345635524,-0.212234014229664,1.0699343377498252,1.054124327480299,-0.0348381047181509,3.2384919490320403,1.683330061310487
64.0,179.0,1005.474853515625,1.5026949966969567,4.303640589644998,0.0467183102294996,3.508585978273294,-0.276222544546385,1.2632585220760255,0.9839023829757484,0.4548566034085533,3.319979299343642,1.681623450852277
64.0,179.0,1004.5355224609376,-0.2067583177486083,2.156645823399848,1.1237471826284795,3.780946817479548,-0.5114493991580722,1.3470285072754011,1.5426076556614716,0.9251629364195506,3.6326501297850458,1.193605314089168
64.0,179.0,1005.1493530273438,0.5735184706036716,3.028423329307017,0.2644622216036731,2.659398374348958,0.2306337810705419,1.0125999917583286,1.1341537852403114,0.5087035841895886,3.226086612326376,1.548830647479367
64.0,179.0,1004.7117919921876,0.4052530103725722,2.862964791291889,1.0244185980793992,1.6185629550949447,0.0861167524434486,0.806110362194968,0.5149989619430992,0.0762824622613271,3.306353246449835,1.6419964791765842
64.0,179.0,1005.585205078125,1.4441076734521072,3.066111509674269,0.0067028297138759,3.194813058276394,-0.2495793018936137,1.1591742150332562,1.047291772061316,-0.0635626710663064,3.2934046480925203,1.7277033081006632
64.0,179.0,1004.95849609375,0.9162956780313632,2.1247201074083826,0.0379144096914144,3.0493734156772465,-0.204541723945408,1.0866278545155783,1.081534562537653,-0.1426858802547873,2.5531626479271203,1.6834925846586402
64.0,179.0,1005.079833984375,0.8078773908434,3.0635542735379326,-0.2222773718837908,3.644619233544741,-0.0438507735814526,1.4232936018416082,0.7302359461628485,0.463335757005806,3.131559441489576,1.6311643300045815
64.0,179.0,1005.9080810546876,1.0513515896295955,3.0324479004866207,-0.1399893757068982,2.5909601277576697,-0.1207554487964864,2.5126882206643253,1.1607896320933913,0.180815057255496,3.251736532375584,2.58552590355996
64.0,179.0,1005.7649536132812,0.2825466944237913,3.223371955913502,-1.130107795435179,3.475165291581171,-1.048330892200188,0.6773142097574366,1.7224453178602437,-0.0116344510771347,2.978858171781275,1.664112733334867
64.0,179.0,1003.8233642578124,1.028523366259821,3.0628461474330293,-0.3204188298828894,3.0167776901382988,0.2647472536681213,1.306874930918926,0.9514498344110252,-0.5399432597472117,3.348110656193866,0.8965220619264871
64.0,179.0,1006.2741088867188,1.643031542836416,3.606370926934152,-0.6934784640503268,3.544777025413626,-0.1168117638030309,0.939111865717292,1.235370936060419,0.8014975999324441,3.270795648100955,1.6707495569788469
64.0,179.0,1005.4312744140624,1.3627715738376884,3.076635121501396,-0.2203183241854567,3.1897560510402903,-0.4507563945197057,1.1522013466208365,1.072078304572779,-0.0715777010715543,3.2997649430028133,1.6650114468654638
64.0,179.0,1006.1286010742188,1.5630251164579407,3.034072154337606,-0.2144607478813976,3.3747890166807086,-0.1840946200972616,1.0834848120091078,1.505132191142844,0.0986427251527393,3.2971237436003165,1.6407078622033984
64.0,179.0,1004.8368530273438,-0.0192859539180938,3.1458012448024646,-0.4052589456220559,3.5837623621294377,-0.4446218579421889,1.004306573519272,1.0674916208430016,-0.1473208806064043,4.659302750457305,1.266183010783346
64.0,179.0,1005.0035400390624,1.488088734200528,3.2964916798764268,-0.081613556681665,3.4931910742310563,-0.4795947022471148,1.19443031097595,1.5983254058784726,0.3030366300005376,3.1093375136026897,1.3517079212642986
64.0,179.0,1005.59716796875,0.8422960777773174,3.0348209215701183,-0.2311176520887816,3.530445462000517,0.731073415144617,1.0838871087870037,1.0526527931079228,-0.2789778063184201,3.525442996103043,1.9314441196361605
64.0,179.0,1005.1682739257812,0.4758226699530498,2.725912301651685,-0.0230184400084026,3.5041163169939864,-0.2839688026094656,0.98246182909671,0.7814411067738086,0.0567855685067581,3.2908997596538847,1.3640380101297185
64.0,179.0,1004.932861328125,1.5796322669745138,2.974669102036052,-0.2759972217390695,3.567574034001228,-0.2093543612178015,1.4940440693796724,1.055340177568717,-0.0056815911348413,3.322450316094878,2.2801882162059304
64.0,179.0,1005.4376220703124,1.4939369051591875,3.208578143175042,-0.0838875551827738,3.6527902052474297,-0.0677512366808728,2.1295316682877434,1.0280783661595605,-0.0117743859456704,3.334761595860714,1.7120512362595308
64.0,179.0,1005.9476318359376,0.0416259073064684,3.056620648095169,0.9059087932371556,3.541676985417584,-0.4558259587305865,-0.3150494321593007,1.05123482986649,-0.0994281152615595,3.238383279985208,1.6565234082160285
64.0,179.0,1006.0139770507812,1.5426257774234884,2.963062015218996,-0.1644154265346108,3.571054709565818,-0.2255485820590461,1.124004775755031,1.0785750977224122,-0.0170868564908297,3.529492666873149,1.8095727813707885
64.0,179.0,1004.924560546875,1.3902787656971398,3.2388825019148166,-0.206591284257351,2.6835356447268124,-0.2393013169250669,1.0825663808182378,0.7880722208517016,0.1086941866441624,3.760609960660497,1.5499190461382142
64.0,179.0,1003.884033203125,1.1425112649696187,3.065090117718845,0.592860107788608,2.8071972518327133,0.2549808842303713,0.7688590957311772,1.1434486482266086,0.1774592781213724,3.2904317271738885,1.6652367097735672
64.0,179.0,1004.8756713867188,1.803103039357084,3.04969122379482,-0.2380855070972431,3.544222673085715,-0.3675432124331079,1.0049334701620785,1.0915745130618049,-0.0166428366782459,3.286393579044508,1.7128181502425668
64.0,179.0,1005.5949096679688,1.065741447403239,3.566321993171797,-0.1722097588879127,3.335195644635442,0.4153135222526197,1.6432684793938577,1.2308026718224587,0.3065238812510272,3.32453208933479,1.4181087479272612
64.0,179.0,1005.1708984375,1.5387374172758588,3.0630905424895096,-0.2761169812147975,3.539551483750204,-0.0710913967583387,1.0864629386437223,1.0432566156141505,0.0406253156605319,3.3703392304127733,1.6847979903288934
64.0,179.0,1004.3433227539062,1.5246637626108075,2.588764633984187,-0.2247483509817702,3.541791433209113,-0.2094105942329443,0.0900981966808316,1.4472220790014578,0.3634141441016041,3.275517642189521,1.677631713184814
64.0,179.0,1006.2902221679688,-0.4251081873792355,3.285807122763265,-0.1892787533432827,2.527234148491948,-0.6010386156964528,0.6565171337625719,1.76275366174798,-0.0125229395337214,3.152359389102193,1.536172754489335
64.0,179.0,1002.565185546875,0.5472914493255665,3.366882117201061,1.3060013984334584,1.9325170226020087,-1.0074251950736448,0.7432223534795421,1.6951969237110474,0.1334456915648295,3.316198941140461,1.659375229627378
64.0,179.0,1006.7476806640624,1.3783292661069166,2.227281756843792,0.7486796121921748,2.3676098445669496,-0.4352187250238886,0.1295667694666509,1.2582478032152908,0.9678886220425788,1.546052822985894,1.7088008776725607
64.0,179.0,1003.6841430664062,1.5264166200797986,3.063097861613356,-0.215819897253269,3.5490497273888275,-0.2048867388282806,1.0826619122252867,1.0511392207255632,-0.0170243374408754,3.2973942147249127,1.6821927523441609
64.0,179.0,1005.0227661132812,1.1090167985935704,3.054929262949412,0.2138404591139139,3.3785257770175283,-0.2062982807170551,0.6081492878130935,1.0163426512361524,-0.0348229360837541,3.2931519023315508,1.7331119502206431
64.0,179.0,1006.3912353515624,1.0823124156003283,3.145532408020725,0.0937498638335725,4.3492484902596935,-0.983369492477124,0.3045399617600217,1.0355153888892177,-0.6035785196627739,3.47882371336145,1.9749920545649893
64.0,179.0,1003.7677001953124,0.9753379059727132,3.027481911426474,0.8914709442373026,3.6385006360362526,-0.1936568623912141,0.9354252219936228,1.0515023454212475,1.5844169383747184,3.3013099988549235,1.6821957420369034
64.0,179.0,1005.7315063476562,1.5396689441273124,3.0386942734840274,0.0727790596694881,3.99653790662412,-0.2180394714265182,1.1227822176659112,0.9898665587735348,-0.0161734394273001,3.292559616599718,1.7283088665121291
64.0,179.0,1005.9786376953124,1.1755166225902458,3.0139295819900664,-0.2417305383366287,3.616814653335077,-0.2729520402836232,1.8592848557108288,1.1177652924446315,0.1211451494947978,3.912459696901169,2.2316448068592054
64.0,179.0,1004.7403564453124,0.4804166552562906,3.142058809388116,-0.507253232726782,3.78275224637308,-0.5671588827166028,1.1261544357254607,1.4122039073154182,0.5007209311294231,3.503301094810195,1.926829920271378
64.0,179.0,1004.5214233398438,1.3925082887281215,3.065088985864282,-0.1686798461004562,2.4937664364779137,-0.2246521629870259,1.0573601922845028,1.0844478999456344,-0.8866334099558765,3.2654268773896447,1.6563374701400866
64.0,179.0,1006.101806640625,1.5145614614356997,2.994643314133276,-0.4385238738008652,2.6498988515969346,-0.2204737755628775,1.1219320992016055,0.99350013477897,-0.0190371027451072,3.134156782158529,1.6797391789481235
64.0,179.0,1005.5848999023438,-0.4976473021030942,3.419951677935696,-0.3086301958483286,3.870154605804175,-1.1699164176837953,1.6993185462984577,0.8701808901365833,0.0028869377323087,3.427754210534899,1.6924904654891433
64.0,179.0,1005.2015991210938,-0.9065866190336698,2.536369936448513,1.0012825911920764,0.7384741288722001,-1.3043415059826065,0.8367591620529873,1.226872201567225,0.259522407071536,3.263528619159368,0.8166144550606269
64.0,179.0,1005.768310546875,1.5999854791936896,2.9805356758612893,-0.224463190705871,3.807145392204087,-0.3379384159359995,1.0087144864956603,0.8161970981207121,-0.0299745068515237,3.525817858828421,1.6851147134922917
64.0,180.0,1004.6443481445312,0.6900176227674764,3.063074350782302,-0.3302721781170479,3.0126561550720083,-0.1976159951512532,1.5970259768578052,1.2511792713171723,-0.0167520924344081,3.4265898532482377,1.5636003792452855
64.0,180.0,1004.2421264648438,1.1090451639676264,3.063170278295987,-0.1754780434512142,3.5433184929382966,-0.1568456031498367,1.0766389807596008,1.0528787249669178,-0.0171620058962041,3.1145081813601543,1.5893554756452115
64.0,180.0,1006.1292724609376,0.8825330645131402,3.064174342687368,-0.2362635771631851,3.582316996030628,-0.2074679037536006,0.9559810891053128,1.0531749231574068,-0.0434490340044395,3.286294651604756,2.3253331241426074
64.0,180.0,1005.7072143554688,1.6491448804843336,2.9104453120023,-0.2376035463302053,3.615676320374159,-0.5459213406507523,1.0802436756395946,1.0229389087533642,-0.0226071327225542,3.134768809825729,1.4551102740604491
64.0,180.0,1005.2555541992188,-0.5037094802039921,3.707585390221884,-0.3280569768488796,3.321070462527059,0.979043172621886,-0.4155761280008436,0.9565504599200948,0.2951346271246178,3.295787014291044,2.1819067114242974
64.0,180.0,1006.83154296875,1.5265036097584397,2.4688393553651458,-0.2193779993269236,3.456649131017686,-0.280184533111481,1.4322115030166764,0.0073984864598439,0.0552709621325861,2.764100911123255,1.699477136905433
64.0,180.0,1006.2119140625,0.4893625390202833,1.7795423029239368,-0.2283334970089545,3.1277989280704825,0.4981169607027755,1.141197769335064,2.5146578201478693,1.975507430672696,4.311031517865723,2.0922100116751228
64.0,180.0,1005.1494140625,1.4267671879387,2.82151791963309,-0.2050135975394147,3.599402345635524,-0.212234014229664,1.0699343377498252,1.054124327480299,-0.0348381047181509,3.2384919490320403,1.683330061310487
64.0,180.0,1005.474853515625,1.5026949966969567,4.303640589644998,0.0467183102294996,3.508585978273294,-0.276222544546385,1.2632585220760255,0.9839023829757484,0.4548566034085533,3.319979299343642,1.681623450852277
64.0,180.0,1004.5355224609376,-0.2067583177486083,2.156645823399848,1.1237471826284795,3.780946817479548,-0.5114493991580722,1.3470285072754011,1.5426076556614716,0.9251629364195506,3.6326501297850458,1.193605314089168
64.0,180.0,1005.1493530273438,0.5735184706036716,3.028423329307017,0.2644622216036731,2.659398374348958,0.2306337810705419,1.0125999917583286,1.1341537852403114,0.5087035841895886,3.226086612326376,1.548830647479367
64.0,180.0,1004.7117919921876,0.4052530103725722,2.862964791291889,1.0244185980793992,1.6185629550949447,0.0861167524434486,0.806110362194968,0.5149989619430992,0.0762824622613271,3.306353246449835,1.6419964791765842
64.0,180.0,1005.585205078125,1.4441076734521072,3.066111509674269,0.0067028297138759,3.194813058276394,-0.2495793018936137,1.1591742150332562,1.047291772061316,-0.0635626710663064,3.2934046480925203,1.7277033081006632
64.0,180.0,1004.95849609375,0.9162956780313632,2.1247201074083826,0.0379144096914144,3.0493734156772465,-0.204541723945408,1.0866278545155783,1.081534562537653,-0.1426858802547873,2.5531626479271203,1.6834925846586402
64.0,180.0,1005.079833984375,0.8078773908434,3.0635542735379326,-0.2222773718837908,3.644619233544741,-0.0438507735814526,1.4232936018416082,0.7302359461628485,0.463335757005806,3.131559441489576,1.6311643300045815
64.0,180.0,1005.9080810546876,1.0513515896295955,3.0324479004866207,-0.1399893757068982,2.5909601277576697,-0.1207554487964864,2.5126882206643253,1.1607896320933913,0.180815057255496,3.251736532375584,2.58552590355996
64.0,180.0,1005.7649536132812,0.2825466944237913,3.223371955913502,-1.130107795435179,3.475165291581171,-1.048330892200188,0.6773142097574366,1.7224453178602437,-0.0116344510771347,2.978858171781275,1.664112733334867
64.0,180.0,1003.8233642578124,1.028523366259821,3.0628461474330293,-0.3204188298828894,3.0167776901382988,0.2647472536681213,1.306874930918926,0.9514498344110252,-0.5399432597472117,3.348110656193866,0.8965220619264871
64.0,180.0,1006.2741088867188,1.643031542836416,3.606370926934152,-0.6934784640503268,3.544777025413626,-0.1168117638030309,0.939111865717292,1.235370936060419,0.8014975999324441,3.270795648100955,1.6707495569788469
64.0,180.0,1005.4312744140624,1.3627715738376884,3.076635121501396,-0.2203183241854567,3.1897560510402903,-0.4507563945197057,1.1522013466208365,1.072078304572779,-0.0715777010715543,3.2997649430028133,1.6650114468654638
64.0,180.0,1006.1286010742188,1.5630251164579407,3.034072154337606,-0.2144607478813976,3.3747890166807086,-0.1840946200972616,1.0834848120091078,1.505132191142844,0.0986427251527393,3.2971237436003165,1.6407078622033984
64.0,180.0,1004.8368530273438,-0.0192859539180938,3.1458012448024646,-0.4052589456220559,3.5837623621294377,-0.4446218579421889,1.004306573519272,1.0674916208430016,-0.1473208806064043,4.659302750457305,1.266183010783346
64.0,180.0,1005.0035400390624,1.488088734200528,3.2964916798764268,-0.081613556681665,3.4931910742310563,-0.4795947022471148,1.19443031097595,1.5983254058784726,0.3030366300005376,3.1093375136026897,1.3517079212642986
64.0,180.0,1005.59716796875,0.8422960777773174,3.0348209215701183,-0.2311176520887816,3.530445462000517,0.731073415144617,1.0838871087870037,1.0526527931079228,-0.2789778063184201,3.525442996103043,1.9314441196361605
64.0,180.0,1005.1682739257812,0.4758226699530498,2.725912301651685,-0.0230184400084026,3.5041163169939864,-0.2839688026094656,0.98246182909671,0.7814411067738086,0.0567855685067581,3.2908997596538847,1.3640380101297185
64.0,180.0,1004.932861328125,1.5796322669745138,2.974669102036052,-0.2759972217390695,3.567574034001228,-0.2093543612178015,1.4940440693796724,1.055340177568717,-0.0056815911348413,3.322450316094878,2.2801882162059304
64.0,180.0,1005.4376220703124,1.4939369051591875,3.208578143175042,-0.0838875551827738,3.6527902052474297,-0.0677512366808728,2.1295316682877434,1.0280783661595605,-0.0117743859456704,3.334761595860714,1.7120512362595308
64.0,180.0,1005.9476318359376,0.0416259073064684,3.056620648095169,0.9059087932371556,3.541676985417584,-0.4558259587305865,-0.3150494321593007,1.05123482986649,-0.0994281152615595,3.238383279985208,1.6565234082160285
64.0,180.0,1006.0139770507812,1.5426257774234884,2.963062015218996,-0.1644154265346108,3.571054709565818,-0.2255485820590461,1.124004775755031,1.0785750977224122,-0.0170868564908297,3.529492666873149,1.8095727813707885
64.0,180.0,1004.924560546875,1.3902787656971398,3.2388825019148166,-0.206591284257351,2.6835356447268124,-0.2393013169250669,1.0825663808182378,0.7880722208517016,0.1086941866441624,3.760609960660497,1.5499190461382142
64.0,180.0,1003.884033203125,1.1425112649696187,3.065090117718845,0.592860107788608,2.8071972518327133,0.2549808842303713,0.7688590957311772,1.1434486482266086,0.1774592781213724,3.2904317271738885,1.6652367097735672
64.0,180.0,1004.8756713867188,1.803103039357084,3.04969122379482,-0.2380855070972431,3.544222673085715,-0.3675432124331079,1.0049334701620785,1.0915745130618049,-0.0166428366782459,3.286393579044508,1.7128181502425668
64.0,180.0,1005.5949096679688,1.065741447403239,3.566321993171797,-0.1722097588879127,3.335195644635442,0.4153135222526197,1.6432684793938577,1.2308026718224587,0.3065238812510272,3.32453208933479,1.4181087479272612
64.0,180.0,1005.1708984375,1.5387374172758588,3.0630905424895096,-0.2761169812147975,3.539551483750204,-0.0710913967583387,1.0864629386437223,1.0432566156141505,0.0406253156605319,3.3703392304127733,1.6847979903288934
64.0,180.0,1004.3433227539062,1.5246637626108075,2.588764633984187,-0.2247483509817702,3.541791433209113,-0.2094105942329443,0.0900981966808316,1.4472220790014578,0.3634141441016041,3.275517642189521,1.677631713184814
64.0,180.0,1006.2902221679688,-0.4251081873792355,3.285807122763265,-0.1892787533432827,2.527234148491948,-0.6010386156964528,0.6565171337625719,1.76275366174798,-0.0125229395337214,3.152359389102193,1.536172754489335
64.0,180.0,1002.565185546875,0.5472914493255665,3.366882117201061,1.3060013984334584,1.9325170226020087,-1.0074251950736448,0.7432223534795421,1.6951969237110474,0.1334456915648295,3.316198941140461,1.659375229627378
64.0,180.0,1006.7476806640624,1.3783292661069166,2.227281756843792,0.7486796121921748,2.3676098445669496,-0.4352187250238886,0.1295667694666509,1.2582478032152908,0.9678886220425788,1.546052822985894,1.7088008776725607
64.0,180.0,1003.6841430664062,1.5264166200797986,3.063097861613356,-0.215819897253269,3.5490497273888275,-0.2048867388282806,1.0826619122252867,1.0511392207255632,-0.0170243374408754,3.2973942147249127,1.6821927523441609
64.0,180.0,1005.0227661132812,1.1090167985935704,3.054929262949412,0.2138404591139139,3.3785257770175283,-0.2062982807170551,0.6081492878130935,1.0163426512361524,-0.0348229360837541,3.2931519023315508,1.7331119502206431
64.0,180.0,1006.3912353515624,1.0823124156003283,3.145532408020725,0.0937498638335725,4.3492484902596935,-0.983369492477124,0.3045399617600217,1.0355153888892177,-0.6035785196627739,3.47882371336145,1.9749920545649893
64.0,180.0,1003.7677001953124,0.9753379059727132,3.027481911426474,0.8914709442373026,3.6385006360362526,-0.1936568623912141,0.9354252219936228,1.0515023454212475,1.5844169383747184,3.3013099988549235,1.6821957420369034
64.0,180.0,1005.7315063476562,1.5396689441273124,3.0386942734840274,0.0727790596694881,3.99653790662412,-0.2180394714265182,1.1227822176659112,0.9898665587735348,-0.0161734394273001,3.292559616599718,1.7283088665121291
64.0,180.0,1005.9786376953124,1.1755166225902458,3.0139295819900664,-0.2417305383366287,3.616814653335077,-0.2729520402836232,1.8592848557108288,1.1177652924446315,0.1211451494947978,3.912459696901169,2.2316448068592054
64.0,180.0,1004.7403564453124,0.4804166552562906,3.142058809388116,-0.507253232726782,3.78275224637308,-0.5671588827166028,1.1261544357254607,1.4122039073154182,0.5007209311294231,3.503301094810195,1.926829920271378
64.0,180.0,1004.5214233398438,1.3925082887281215,3.065088985864282,-0.1686798461004562,2.4937664364779137,-0.2246521629870259,1.0573601922845028,1.0844478999456344,-0.8866334099558765,3.2654268773896447,1.6563374701400866
64.0,180.0,1006.101806640625,1.5145614614356997,2.994643314133276,-0.4385238738008652,2.6498988515969346,-0.2204737755628775,1.1219320992016055,0.99350013477897,-0.0190371027451072,3.134156782158529,1.6797391789481235
64.0,180.0,1005.5848999023438,-0.4976473021030942,3.419951677935696,-0.3086301958483286,3.870154605804175,-1.1699164176837953,1.6993185462984577,0.8701808901365833,0.0028869377323087,3.427754210534899,1.6924904654891433
64.0,180.0,1005.2015991210938,-0.9065866190336698,2.536369936448513,1.0012825911920764,0.7384741288722001,-1.3043415059826065,0.8367591620529873,1.226872201567225,0.259522407071536,3.263528619159368,0.8166144550606269
64.0,180.0,1005.768310546875,1.5999854791936896,2.9805356758612893,-0.224463190705871,3.807145392204087,-0.3379384159359995,1.0087144864956603,0.8161970981207121,-0.0299745068515237,3.525817858828421,1.6851147134922917
64.0,181.0,1004.6443481445312,0.6900176227674764,3.063074350782302,-0.3302721781170479,3.0126561550720083,-0.1976159951512532,1.5970259768578052,1.2511792713171723,-0.0167520924344081,3.4265898532482377,1.5636003792452855
64.0,181.0,1004.2421264648438,1.1090451639676264,3.063170278295987,-0.1754780434512142,3.5433184929382966,-0.1568456031498367,1.0766389807596008,1.0528787249669178,-0.0171620058962041,3.1145081813601543,1.5893554756452115
64.0,181.0,1006.1292724609376,0.8825330645131402,3.064174342687368,-0.2362635771631851,3.582316996030628,-0.2074679037536006,0.9559810891053128,1.0531749231574068,-0.0434490340044395,3.286294651604756,2.3253331241426074
64.0,181.0,1005.7072143554688,1.6491448804843336,2.9104453120023,-0.2376035463302053,3.615676320374159,-0.5459213406507523,1.0802436756395946,1.0229389087533642,-0.0226071327225542,3.134768809825729,1.4551102740604491
64.0,181.0,1005.2555541992188,-0.5037094802039921,3.707585390221884,-0.3280569768488796,3.321070462527059,0.979043172621886,-0.4155761280008436,0.9565504599200948,0.2951346271246178,3.295787014291044,2.1819067114242974
64.0,181.0,1006.83154296875,1.5265036097584397,2.4688393553651458,-0.2193779993269236,3.456649131017686,-0.280184533111481,1.4322115030166764,0.0073984864598439,0.0552709621325861,2.764100911123255,1.699477136905433
64.0,181.0,1006.2119140625,0.4893625390202833,1.7795423029239368,-0.2283334970089545,3.1277989280704825,0.4981169607027755,1.141197769335064,2.5146578201478693,1.975507430672696,4.311031517865723,2.0922100116751228
64.0,181.0,1005.1494140625,1.4267671879387,2.82151791963309,-0.2050135975394147,3.599402345635524,-0.212234014229664,1.0699343377498252,1.054124327480299,-0.0348381047181509,3.2384919490320403,1.683330061310487
64.0,181.0,1005.474853515625,1.5026949966969567,4.303640589644998,0.0467183102294996,3.508585978273294,-0.276222544546385,1.2632585220760255,0.9839023829757484,0.4548566034085533,3.319979299343642,1.681623450852277
64.0,181.0,1004.5355224609376,-0.2067583177486083,2.156645823399848,1.1237471826284795,3.780946817479548,-0.5114493991580722,1.3470285072754011,1.5426076556614716,0.9251629364195506,3.6326501297850458,1.193605314089168
64.0,181.0,1005.1493530273438,0.5735184706036716,3.028423329307017,0.2644622216036731,2.659398374348958,0.2306337810705419,1.0125999917583286,1.1341537852403114,0.5087035841895886,3.226086612326376,1.548830647479367
64.0,181.0,1004.7117919921876,0.4052530103725722,2.862964791291889,1.0244185980793992,1.6185629550949447,0.0861167524434486,0.806110362194968,0.5149989619430992,0.0762824622613271,3.306353246449835,1.6419964791765842
64.0,181.0,1005.585205078125,1.4441076734521072,3.066111509674269,0.0067028297138759,3.194813058276394,-0.2495793018936137,1.1591742150332562,1.047291772061316,-0.0635626710663064,3.2934046480925203,1.7277033081006632
64.0,181.0,1004.95849609375,0.9162956780313632,2.1247201074083826,0.0379144096914144,3.0493734156772465,-0.204541723945408,1.0866278545155783,1.081534562537653,-0.1426858802547873,2.5531626479271203,1.6834925846586402
64.0,181.0,1005.079833984375,0.8078773908434,3.0635542735379326,-0.2222773718837908,3.644619233544741,-0.0438507735814526,1.4232936018416082,0.7302359461628485,0.463335757005806,3.131559441489576,1.6311643300045815
64.0,181.0,1005.9080810546876,1.0513515896295955,3.0324479004866207,-0.1399893757068982,2.5909601277576697,-0.1207554487964864,2.5126882206643253,1.1607896320933913,0.180815057255496,3.251736532375584,2.58552590355996
64.0,181.0,1005.7649536132812,0.2825466944237913,3.223371955913502,-1.130107795435179,3.475165291581171,-1.048330892200188,0.6773142097574366,1.7224453178602437,-0.0116344510771347,2.978858171781275,1.664112733334867
64.0,181.0,1003.8233642578124,1.028523366259821,3.0628461474330293,-0.3204188298828894,3.0167776901382988,0.2647472536681213,1.306874930918926,0.9514498344110252,-0.5399432597472117,3.348110656193866,0.8965220619264871
64.0,181.0,1006.2741088867188,1.643031542836416,3.606370926934152,-0.6934784640503268,3.544777025413626,-0.1168117638030309,0.939111865717292,1.235370936060419,0.8014975999324441,3.270795648100955,1.6707495569788469
64.0,181.0,1005.4312744140624,1.3627715738376884,3.076635121501396,-0.2203183241854567,3.1897560510402903,-0.4507563945197057,1.1522013466208365,1.072078304572779,-0.0715777010715543,3.2997649430028133,1.6650114468654638
64.0,181.0,1006.1286010742188,1.5630251164579407,3.034072154337606,-0.2144607478813976,3.3747890166807086,-0.1840946200972616,1.0834848120091078,1.505132191142844,0.0986427251527393,3.2971237436003165,1.6407078622033984
64.0,181.0,1004.8368530273438,-0.0192859539180938,3.1458012448024646,-0.4052589456220559,3.5837623621294377,-0.4446218579421889,1.004306573519272,1.0674916208430016,-0.1473208806064043,4.659302750457305,1.266183010783346
64.0,181.0,1005.0035400390624,1.488088734200528,3.2964916798764268,-0.081613556681665,3.4931910742310563,-0.4795947022471148,1.19443031097595,1.5983254058784726,0.3030366300005376,3.1093375136026897,1.3517079212642986
64.0,181.0,1005.59716796875,0.8422960777773174,3.0348209215701183,-0.2311176520887816,3.530445462000517,0.731073415144617,1.0838871087870037,1.0526527931079228,-0.2789778063184201,3.525442996103043,1.9314441196361605
64.0,181.0,1005.1682739257812,0.4758226699530498,2.725912301651685,-0.0230184400084026,3.5041163169939864,-0.2839688026094656,0.98246182909671,0.7814411067738086,0.0567855685067581,3.2908997596538847,1.3640380101297185
64.0,181.0,1004.932861328125,1.5796322669745138,2.974669102036052,-0.2759972217390695,3.567574034001228,-0.2093543612178015,1.4940440693796724,1.055340177568717,-0.0056815911348413,3.322450316094878,2.2801882162059304
64.0,181.0,1005.4376220703124,1.4939369051591875,3.208578143175042,-0.0838875551827738,3.6527902052474297,-0.0677512366808728,2.1295316682877434,1.0280783661595605,-0.0117743859456704,3.334761595860714,1.7120512362595308
64.0,181.0,1005.9476318359376,0.0416259073064684,3.056620648095169,0.9059087932371556,3.541676985417584,-0.4558259587305865,-0.3150494321593007,1.05123482986649,-0.0994281152615595,3.238383279985208,1.6565234082160285
64.0,181.0,1006.0139770507812,1.5426257774234884,2.963062015218996,-0.1644154265346108,3.571054709565818,-0.2255485820590461,1.124004775755031,1.0785750977224122,-0.0170868564908297,3.529492666873149,1.8095727813707885
64.0,181.0,1004.924560546875,1.3902787656971398,3.2388825019148166,-0.206591284257351,2.6835356447268124,-0.2393013169250669,1.0825663808182378,0.7880722208517016,0.1086941866441624,3.760609960660497,1.5499190461382142
64.0,181.0,1003.884033203125,1.1425112649696187,3.065090117718845,0.592860107788608,2.8071972518327133,0.2549808842303713,0.7688590957311772,1.1434486482266086,0.1774592781213724,3.2904317271738885,1.6652367097735672
64.0,181.0,1004.8756713867188,1.803103039357084,3.04969122379482,-0.2380855070972431,3.544222673085715,-0.3675432124331079,1.0049334701620785,1.0915745130618049,-0.0166428366782459,3.286393579044508,1.7128181502425668
64.0,181.0,1005.5949096679688,1.065741447403239,3.566321993171797,-0.1722097588879127,3.335195644635442,0.4153135222526197,1.6432684793938577,1.2308026718224587,0.3065238812510272,3.32453208933479,1.4181087479272612
64.0,181.0,1005.1708984375,1.5387374172758588,3.0630905424895096,-0.2761169812147975,3.539551483750204,-0.0710913967583387,1.0864629386437223,1.0432566156141505,0.0406253156605319,3.3703392304127733,1.6847979903288934
64.0,181.0,1004.3433227539062,1.5246637626108075,2.588764633984187,-0.2247483509817702,3.541791433209113,-0.2094105942329443,0.0900981966808316,1.4472220790014578,0.3634141441016041,3.275517642189521,1.677631713184814
64.0,181.0,1006.2902221679688,-0.4251081873792355,3.285807122763265,-0.1892787533432827,2.527234148491948,-0.6010386156964528,0.6565171337625719,1.76275366174798,-0.0125229395337214,3.152359389102193,1.536172754489335
64.0,181.0,1002.565185546875,0.5472914493255665,3.366882117201061,1.3060013984334584,1.9325170226020087,-1.0074251950736448,0.7432223534795421,1.6951969237110474,0.1334456915648295,3.316198941140461,1.659375229627378
64.0,181.0,1006.7476806640624,1.3783292661069166,2.227281756843792,0.7486796121921748,2.3676098445669496,-0.4352187250238886,0.1295667694666509,1.2582478032152908,0.9678886220425788,1.546052822985894,1.7088008776725607
64.0,181.0,1003.6841430664062,1.5264166200797986,3.063097861613356,-0.215819897253269,3.5490497273888275,-0.2048867388282806,1.0826619122252867,1.0511392207255632,-0.0170243374408754,3.2973942147249127,1.6821927523441609
64.0,181.0,1005.0227661132812,1.1090167985935704,3.054929262949412,0.2138404591139139,3.3785257770175283,-0.2062982807170551,0.6081492878130935,1.0163426512361524,-0.0348229360837541,3.2931519023315508,1.7331119502206431
64.0,181.0,1006.3912353515624,1.0823124156003283,3.145532408020725,0.0937498638335725,4.3492484902596935,-0.983369492477124,0.3045399617600217,1.0355153888892177,-0.6035785196627739,3.47882371336145,1.9749920545649893
64.0,181.0,1003.7677001953124,0.9753379059727132,3.027481911426474,0.8914709442373026,3.6385006360362526,-0.1936568623912141,0.9354252219936228,1.0515023454212475,1.5844169383747184,3.3013099988549235,1.6821957420369034
64.0,181.0,1005.7315063476562,1.5396689441273124,3.0386942734840274,0.0727790596694881,3.99653790662412,-0.2180394714265182,1.1227822176659112,0.9898665587735348,-0.0161734394273001,3.292559616599718,1.7283088665121291
64.0,181.0,1005.9786376953124,1.1755166225902458,3.0139295819900664,-0.2417305383366287,3.616814653335077,-0.2729520402836232,1.8592848557108288,1.1177652924446315,0.1211451494947978,3.912459696901169,2.2316448068592054
64.0,181.0,1004.7403564453124,0.4804166552562906,3.142058809388116,-0.507253232726782,3.78275224637308,-0.5671588827166028,1.1261544357254607,1.4122039073154182,0.5007209311294231,3.503301094810195,1.926829920271378
64.0,181.0,1004.5214233398438,1.3925082887281215,3.065088985864282,-0.1686798461004562,2.4937664364779137,-0.2246521629870259,1.0573601922845028,1.0844478999456344,-0.8866334099558765,3.2654268773896447,1.6563374701400866
64.0,181.0,1006.101806640625,1.5145614614356997,2.994643314133276,-0.4385238738008652,2.6498988515969346,-0.2204737755628775,1.1219320992016055,0.99350013477897,-0.0190371027451072,3.134156782158529,1.6797391789481235
64.0,181.0,1005.5848999023438,-0.4976473021030942,3.419951677935696,-0.3086301958483286,3.870154605804175,-1.1699164176837953,1.6993185462984577,0.8701808901365833,0.0028869377323087,3.427754210534899,1.6924904654891433
64.0,181.0,1005.2015991210938,-0.9065866190336698,2.536369936448513,1.0012825911920764,0.7384741288722001,-1.3043415059826065,0.8367591620529873,1.226872201567225,0.259522407071536,3.263528619159368,0.8166144550606269
64.0,181.0,1005.768310546875,1.5999854791936896,2.9805356758612893,-0.224463190705871,3.807145392204087,-0.3379384159359995,1.0087144864956603,0.8161970981207121,-0.0299745068515237,3.525817858828421,1.6851147134922917
64.0,182.0,1004.6443481445312,0.6900176227674764,3.063074350782302,-0.3302721781170479,3.0126561550720083,-0.1976159951512532,1.5970259768578052,1.2511792713171723,-0.0167520924344081,3.4265898532482377,1.5636003792452855
64.0,182.0,1004.2421264648438,1.1090451639676264,3.063170278295987,-0.1754780434512142,3.5433184929382966,-0.1568456031498367,1.0766389807596008,1.0528787249669178,-0.0171620058962041,3.1145081813601543,1.5893554756452115
64.0,182.0,1006.1292724609376,0.8825330645131402,3.064174342687368,-0.2362635771631851,3.582316996030628,-0.2074679037536006,0.9559810891053128,1.0531749231574068,-0.0434490340044395,3.286294651604756,2.3253331241426074
64.0,182.0,1005.7072143554688,1.6491448804843336,2.9104453120023,-0.2376035463302053,3.615676320374159,-0.5459213406507523,1.0802436756395946,1.0229389087533642,-0.0226071327225542,3.134768809825729,1.4551102740604491
64.0,182.0,1005.2555541992188,-0.5037094802039921,3.707585390221884,-0.3280569768488796,3.321070462527059,0.979043172621886,-0.4155761280008436,0.9565504599200948,0.2951346271246178,3.295787014291044,2.1819067114242974
64.0,182.0,1006.83154296875,1.5265036097584397,2.4688393553651458,-0.2193779993269236,3.456649131017686,-0.280184533111481,1.4322115030166764,0.0073984864598439,0.0552709621325861,2.764100911123255,1.699477136905433
64.0,182.0,1006.2119140625,0.4893625390202833,1.7795423029239368,-0.2283334970089545,3.1277989280704825,0.4981169607027755,1.141197769335064,2.5146578201478693,1.975507430672696,4.311031517865723,2.0922100116751228
64.0,182.0,1005.1494140625,1.4267671879387,2.82151791963309,-0.2050135975394147,3.599402345635524,-0.212234014229664,1.0699343377498252,1.054124327480299,-0.0348381047181509,3.2384919490320403,1.683330061310487
64.0,182.0,1005.474853515625,1.5026949966969567,4.303640589644998,0.0467183102294996,3.508585978273294,-0.276222544546385,1.2632585220760255,0.9839023829757484,0.4548566034085533,3.319979299343642,1.681623450852277
64.0,182.0,1004.5355224609376,-0.2067583177486083,2.156645823399848,1.1237471826284795,3.780946817479548,-0.5114493991580722,1.3470285072754011,1.5426076556614716,0.9251629364195506,3.6326501297850458,1.193605314089168
64.0,182.0,1005.1493530273438,0.5735184706036716,3.028423329307017,0.2644622216036731,2.659398374348958,0.2306337810705419,1.0125999917583286,1.1341537852403114,0.5087035841895886,3.226086612326376,1.548830647479367
64.0,182.0,1004.7117919921876,0.4052530103725722,2.862964791291889,1.0244185980793992,1.6185629550949447,0.0861167524434486,0.806110362194968,0.5149989619430992,0.0762824622613271,3.306353246449835,1.6419964791765842
64.0,182.0,1005.585205078125,1.4441076734521072,3.066111509674269,0.0067028297138759,3.194813058276394,-0.2495793018936137,1.1591742150332562,1.047291772061316,-0.0635626710663064,3.2934046480925203,1.7277033081006632
64.0,182.0,1004.95849609375,0.9162956780313632,2.1247201074083826,0.0379144096914144,3.0493734156772465,-0.204541723945408,1.0866278545155783,1.081534562537653,-0.1426858802547873,2.5531626479271203,1.6834925846586402
64.0,182.0,1005.079833984375,0.8078773908434,3.0635542735379326,-0.2222773718837908,3.644619233544741,-0.0438507735814526,1.4232936018416082,0.7302359461628485,0.463335757005806,3.131559441489576,1.6311643300045815
64.0,182.0,1005.9080810546876,1.0513515896295955,3.0324479004866207,-0.1399893757068982,2.5909601277576697,-0.1207554487964864,2.5126882206643253,1.1607896320933913,0.180815057255496,3.251736532375584,2.58552590355996
64.0,182.0,1005.7649536132812,0.2825466944237913,3.223371955913502,-1.130107795435179,3.475165291581171,-1.048330892200188,0.6773142097574366,1.7224453178602437,-0.0116344510771347,2.978858171781275,1.664112733334867
64.0,182.0,1003.8233642578124,1.028523366259821,3.0628461474330293,-0.3204188298828894,3.0167776901382988,0.2647472536681213,1.306874930918926,0.9514498344110252,-0.5399432597472117,3.348110656193866,0.8965220619264871
64.0,182.0,1006.2741088867188,1.643031542836416,3.606370926934152,-0.6934784640503268,3.544777025413626,-0.1168117638030309,0.939111865717292,1.235370936060419,0.8014975999324441,3.270795648100955,1.6707495569788469
64.0,182.0,1005.4312744140624,1.3627715738376884,3.076635121501396,-0.2203183241854567,3.1897560510402903,-0.4507563945197057,1.1522013466208365,1.072078304572779,-0.0715777010715543,3.2997649430028133,1.6650114468654638
64.0,182.0,1006.1286010742188,1.5630251164579407,3.034072154337606,-0.2144607478813976,3.3747890166807086,-0.1840946200972616,1.0834848120091078,1.505132191142844,0.0986427251527393,3.2971237436003165,1.6407078622033984
64.0,182.0,1004.8368530273438,-0.0192859539180938,3.1458012448024646,-0.4052589456220559,3.5837623621294377,-0.4446218579421889,1.004306573519272,1.0674916208430016,-0.1473208806064043,4.659302750457305,1.266183010783346
64.0,182.0,1005.0035400390624,1.488088734200528,3.2964916798764268,-0.081613556681665,3.4931910742310563,-0.4795947022471148,1.19443031097595,1.5983254058784726,0.3030366300005376,3.1093375136026897,1.3517079212642986
64.0,182.0,1005.59716796875,0.8422960777773174,3.0348209215701183,-0.2311176520887816,3.530445462000517,0.731073415144617,1.0838871087870037,1.0526527931079228,-0.2789778063184201,3.525442996103043,1.9314441196361605
64.0,182.0,1005.1682739257812,0.4758226699530498,2.725912301651685,-0.0230184400084026,3.5041163169939864,-0.2839688026094656,0.98246182909671,0.7814411067738086,0.0567855685067581,3.2908997596538847,1.3640380101297185
64.0,182.0,1004.932861328125,1.5796322669745138,2.974669102036052,-0.2759972217390695,3.567574034001228,-0.2093543612178015,1.4940440693796724,1.055340177568717,-0.0056815911348413,3.322450316094878,2.2801882162059304
64.0,182.0,1005.4376220703124,1.4939369051591875,3.208578143175042,-0.0838875551827738,3.6527902052474297,-0.0677512366808728,2.1295316682877434,1.0280783661595605,-0.0117743859456704,3.334761595860714,1.7120512362595308
64.0,182.0,1005.9476318359376,0.0416259073064684,3.056620648095169,0.9059087932371556,3.541676985417584,-0.4558259587305865,-0.3150494321593007,1.05123482986649,-0.0994281152615595,3.238383279985208,1.6565234082160285
64.0,182.0,1006.0139770507812,1.5426257774234884,2.963062015218996,-0.1644154265346108,3.571054709565818,-0.2255485820590461,1.124004775755031,1.0785750977224122,-0.0170868564908297,3.529492666873149,1.8095727813707885
64.0,182.0,1004.924560546875,1.3902787656971398,3.2388825019148166,-0.206591284257351,2.6835356447268124,-0.2393013169250669,1.0825663808182378,0.7880722208517016,0.1086941866441624,3.760609960660497,1.5499190461382142
64.0,182.0,1003.884033203125,1.1425112649696187,3.065090117718845,0.592860107788608,2.8071972518327133,0.2549808842303713,0.7688590957311772,1.1434486482266086,0.1774592781213724,3.2904317271738885,1.6652367097735672
64.0,182.0,1004.8756713867188,1.803103039357084,3.04969122379482,-0.2380855070972431,3.544222673085715,-0.3675432124331079,1.0049334701620785,1.0915745130618049,-0.0166428366782459,3.286393579044508,1.7128181502425668
64.0,182.0,1005.5949096679688,1.065741447403239,3.566321993171797,-0.1722097588879127,3.335195644635442,0.4153135222526197,1.6432684793938577,1.2308026718224587,0.3065238812510272,3.32453208933479,1.4181087479272612
64.0,182.0,1005.1708984375,1.5387374172758588,3.0630905424895096,-0.2761169812147975,3.539551483750204,-0.0710913967583387,1.0864629386437223,1.0432566156141505,0.0406253156605319,3.3703392304127733,1.6847979903288934
64.0,182.0,1004.3433227539062,1.5246637626108075,2.588764633984187,-0.2247483509817702,3.541791433209113,-0.2094105942329443,0.0900981966808316,1.4472220790014578,0.3634141441016041,3.275517642189521,1.677631713184814
64.0,182.0,1006.2902221679688,-0.4251081873792355,3.285807122763265,-0.1892787533432827,2.527234148491948,-0.6010386156964528,0.6565171337625719,1.76275366174798,-0.0125229395337214,3.152359389102193,1.536172754489335
64.0,182.0,1002.565185546875,0.5472914493255665,3.366882117201061,1.3060013984334584,1.9325170226020087,-1.0074251950736448,0.7432223534795421,1.6951969237110474,0.1334456915648295,3.316198941140461,1.659375229627378
64.0,182.0,1006.7476806640624,1.3783292661069166,2.227281756843792,0.7486796121921748,2.3676098445669496,-0.4352187250238886,0.1295667694666509,1.2582478032152908,0.9678886220425788,1.546052822985894,1.7088008776725607
64.0,182.0,1003.6841430664062,1.5264166200797986,3.063097861613356,-0.215819897253269,3.5490497273888275,-0.2048867388282806,1.0826619122252867,1.0511392207255632,-0.0170243374408754,3.2973942147249127,1.6821927523441609
64.0,182.0,1005.0227661132812,1.1090167985935704,3.054929262949412,0.2138404591139139,3.3785257770175283,-0.2062982807170551,0.6081492878130935,1.0163426512361524,-0.0348229360837541,3.2931519023315508,1.7331119502206431
64.0,182.0,1006.3912353515624,1.0823124156003283,3.145532408020725,0.0937498638335725,4.3492484902596935,-0.983369492477124,0.3045399617600217,1.0355153888892177,-0.6035785196627739,3.47882371336145,1.9749920545649893
64.0,182.0,1003.7677001953124,0.9753379059727132,3.027481911426474,0.8914709442373026,3.6385006360362526,-0.1936568623912141,0.9354252219936228,1.0515023454212475,1.5844169383747184,3.3013099988549235,1.6821957420369034
64.0,182.0,1005.7315063476562,1.5396689441273124,3.0386942734840274,0.0727790596694881,3.99653790662412,-0.2180394714265182,1.1227822176659112,0.9898665587735348,-0.0161734394273001,3.292559616599718,1.7283088665121291
64.0,182.0,1005.9786376953124,1.1755166225902458,3.0139295819900664,-0.2417305383366287,3.616814653335077,-0.2729520402836232,1.8592848557108288,1.1177652924446315,0.1211451494947978,3.912459696901169,2.2316448068592054
64.0,182.0,1004.7403564453124,0.4804166552562906,3.142058809388116,-0.507253232726782,3.78275224637308,-0.5671588827166028,1.1261544357254607,1.4122039073154182,0.5007209311294231,3.503301094810195,1.926829920271378
64.0,182.0,1004.5214233398438,1.3925082887281215,3.065088985864282,-0.1686798461004562,2.4937664364779137,-0.2246521629870259,1.0573601922845028,1.0844478999456344,-0.8866334099558765,3.2654268773896447,1.6563374701400866
64.0,182.0,1006.101806640625,1.5145614614356997,2.994643314133276,-0.4385238738008652,2.6498988515969346,-0.2204737755628775,1.1219320992016055,0.99350013477897,-0.0190371027451072,3.134156782158529,1.6797391789481235
64.0,182.0,1005.5848999023438,-0.4976473021030942,3.419951677935696,-0.3086301958483286,3.870154605804175,-1.1699164176837953,1.6993185462984577,0.8701808901365833,0.0028869377323087,3.427754210534899,1.6924904654891433
64.0,182.0,1005.2015991210938,-0.9065866190336698,2.536369936448513,1.0012825911920764,0.7384741288722001,-1.3043415059826065,0.8367591620529873,1.226872201567225,0.259522407071536,3.263528619159368,0.8166144550606269
64.0,182.0,1005.768310546875,1.5999854791936896,2.9805356758612893,-0.224463190705871,3.807145392204087,-0.3379384159359995,1.0087144864956603,0.8161970981207121,-0.0299745068515237,3.525817858828421,1.6851147134922917
64.0,183.0,1004.6443481445312,0.6900176227674764,3.063074350782302,-0.3302721781170479,3.0126561550720083,-0.1976159951512532,1.5970259768578052,1.2511792713171723,-0.0167520924344081,3.4265898532482377,1.5636003792452855
64.0,183.0,1004.2421264648438,1.1090451639676264,3.063170278295987,-0.1754780434512142,3.5433184929382966,-0.1568456031498367,1.0766389807596008,1.0528787249669178,-0.0171620058962041,3.1145081813601543,1.5893554756452115
64.0,183.0,1006.1292724609376,0.8825330645131402,3.064174342687368,-0.2362635771631851,3.582316996030628,-0.2074679037536006,0.9559810891053128,1.0531749231574068,-0.0434490340044395,3.286294651604756,2.3253331241426074
64.0,183.0,1005.7072143554688,1.6491448804843336,2.9104453120023,-0.2376035463302053,3.615676320374159,-0.5459213406507523,1.0802436756395946,1.0229389087533642,-0.0226071327225542,3.134768809825729,1.4551102740604491
64.0,183.0,1005.2555541992188,-0.5037094802039921,3.707585390221884,-0.3280569768488796,3.321070462527059,0.979043172621886,-0.4155761280008436,0.9565504599200948,0.2951346271246178,3.295787014291044,2.1819067114242974
64.0,183.0,1006.83154296875,1.5265036097584397,2.4688393553651458,-0.2193779993269236,3.456649131017686,-0.280184533111481,1.4322115030166764,0.0073984864598439,0.0552709621325861,2.764100911123255,1.699477136905433
64.0,183.0,1006.2119140625,0.4893625390202833,1.7795423029239368,-0.2283334970089545,3.1277989280704825,0.4981169607027755,1.141197769335064,2.5146578201478693,1.975507430672696,4.311031517865723,2.0922100116751228
64.0,183.0,1005.1494140625,1.4267671879387,2.82151791963309,-0.2050135975394147,3.599402345635524,-0.212234014229664,1.0699343377498252,1.054124327480299,-0.0348381047181509,3.2384919490320403,1.683330061310487
64.0,183.0,1005.474853515625,1.5026949966969567,4.303640589644998,0.0467183102294996,3.508585978273294,-0.276222544546385,1.2632585220760255,0.9839023829757484,0.4548566034085533,3.319979299343642,1.681623450852277
64.0,183.0,1004.5355224609376,-0.2067583177486083,2.156645823399848,1.1237471826284795,3.780946817479548,-0.5114493991580722,1.3470285072754011,1.5426076556614716,0.9251629364195506,3.6326501297850458,1.193605314089168
64.0,183.0,1005.1493530273438,0.5735184706036716,3.028423329307017,0.2644622216036731,2.659398374348958,0.2306337810705419,1.0125999917583286,1.1341537852403114,0.5087035841895886,3.226086612326376,1.548830647479367
64.0,183.0,1004.7117919921876,0.4052530103725722,2.862964791291889,1.0244185980793992,1.6185629550949447,0.0861167524434486,0.806110362194968,0.5149989619430992,0.0762824622613271,3.306353246449835,1.6419964791765842
64.0,183.0,1005.585205078125,1.4441076734521072,3.066111509674269,0.0067028297138759,3.194813058276394,-0.2495793018936137,1.1591742150332562,1.047291772061316,-0.0635626710663064,3.2934046480925203,1.7277033081006632
64.0,183.0,1004.95849609375,0.9162956780313632,2.1247201074083826,0.0379144096914144,3.0493734156772465,-0.204541723945408,1.0866278545155783,1.081534562537653,-0.1426858802547873,2.5531626479271203,1.6834925846586402
64.0,183.0,1005.079833984375,0.8078773908434,3.0635542735379326,-0.2222773718837908,3.644619233544741,-0.0438507735814526,1.4232936018416082,0.7302359461628485,0.463335757005806,3.131559441489576,1.6311643300045815
64.0,183.0,1005.9080810546876,1.0513515896295955,3.0324479004866207,-0.1399893757068982,2.5909601277576697,-0.1207554487964864,2.5126882206643253,1.1607896320933913,0.180815057255496,3.251736532375584,2.58552590355996
64.0,183.0,1005.7649536132812,0.2825466944237913,3.223371955913502,-1.130107795435179,3.475165291581171,-1.048330892200188,0.6773142097574366,1.7224453178602437,-0.0116344510771347,2.978858171781275,1.664112733334867
64.0,183.0,1003.8233642578124,1.028523366259821,3.0628461474330293,-0.3204188298828894,3.0167776901382988,0.2647472536681213,1.306874930918926,0.9514498344110252,-0.5399432597472117,3.348110656193866,0.8965220619264871
64.0,183.0,1006.2741088867188,1.643031542836416,3.606370926934152,-0.6934784640503268,3.544777025413626,-0.1168117638030309,0.939111865717292,1.235370936060419,0.8014975999324441,3.270795648100955,1.6707495569788469
64.0,183.0,1005.4312744140624,1.3627715738376884,3.076635121501396,-0.2203183241854567,3.1897560510402903,-0.4507563945197057,1.1522013466208365,1.072078304572779,-0.0715777010715543,3.2997649430028133,1.6650114468654638
64.0,183.0,1006.1286010742188,1.5630251164579407,3.034072154337606,-0.2144607478813976,3.3747890166807086,-0.1840946200972616,1.0834848120091078,1.505132191142844,0.0986427251527393,3.2971237436003165,1.6407078622033984
64.0,183.0,1004.8368530273438,-0.0192859539180938,3.1458012448024646,-0.4052589456220559,3.5837623621294377,-0.4446218579421889,1.004306573519272,1.0674916208430016,-0.1473208806064043,4.659302750457305,1.266183010783346
64.0,183.0,1005.0035400390624,1.488088734200528,3.2964916798764268,-0.081613556681665,3.4931910742310563,-0.4795947022471148,1.19443031097595,1.5983254058784726,0.3030366300005376,3.1093375136026897,1.3517079212642986
64.0,183.0,1005.59716796875,0.8422960777773174,3.0348209215701183,-0.2311176520887816,3.530445462000517,0.731073415144617,1.0838871087870037,1.0526527931079228,-0.2789778063184201,3.525442996103043,1.9314441196361605
64.0,183.0,1005.1682739257812,0.4758226699530498,2.725912301651685,-0.0230184400084026,3.5041163169939864,-0.2839688026094656,0.98246182909671,0.7814411067738086,0.0567855685067581,3.2908997596538847,1.3640380101297185
64.0,183.0,1004.932861328125,1.5796322669745138,2.974669102036052,-0.2759972217390695,3.567574034001228,-0.2093543612178015,1.4940440693796724,1.055340177568717,-0.0056815911348413,3.322450316094878,2.2801882162059304
64.0,183.0,1005.4376220703124,1.4939369051591875,3.208578143175042,-0.0838875551827738,3.6527902052474297,-0.0677512366808728,2.1295316682877434,1.0280783661595605,-0.0117743859456704,3.334761595860714,1.7120512362595308
64.0,183.0,1005.9476318359376,0.0416259073064684,3.056620648095169,0.9059087932371556,3.541676985417584,-0.4558259587305865,-0.3150494321593007,1.05123482986649,-0.0994281152615595,3.238383279985208,1.6565234082160285
64.0,183.0,1006.0139770507812,1.5426257774234884,2.963062015218996,-0.1644154265346108,3.571054709565818,-0.2255485820590461,1.124004775755031,1.0785750977224122,-0.0170868564908297,3.529492666873149,1.8095727813707885
64.0,183.0,1004.924560546875,1.3902787656971398,3.2388825019148166,-0.206591284257351,2.6835356447268124,-0.2393013169250669,1.0825663808182378,0.7880722208517016,0.1086941866441624,3.760609960660497,1.5499190461382142
64.0,183.0,1003.884033203125,1.1425112649696187,3.065090117718845,0.592860107788608,2.8071972518327133,0.2549808842303713,0.7688590957311772,1.1434486482266086,0.1774592781213724,3.2904317271738885,1.6652367097735672
64.0,183.0,1004.8756713867188,1.803103039357084,3.04969122379482,-0.2380855070972431,3.544222673085715,-0.3675432124331079,1.0049334701620785,1.0915745130618049,-0.0166428366782459,3.286393579044508,1.7128181502425668
64.0,183.0,1005.5949096679688,1.065741447403239,3.566321993171797,-0.1722097588879127,3.335195644635442,0.4153135222526197,1.6432684793938577,1.2308026718224587,0.3065238812510272,3.32453208933479,1.4181087479272612
64.0,183.0,1005.1708984375,1.5387374172758588,3.0630905424895096,-0.2761169812147975,3.539551483750204,-0.0710913967583387,1.0864629386437223,1.0432566156141505,0.0406253156605319,3.3703392304127733,1.6847979903288934
64.0,183.0,1004.3433227539062,1.5246637626108075,2.588764633984187,-0.2247483509817702,3.541791433209113,-0.2094105942329443,0.0900981966808316,1.4472220790014578,0.3634141441016041,3.275517642189521,1.677631713184814
64.0,183.0,1006.2902221679688,-0.4251081873792355,3.285807122763265,-0.1892787533432827,2.527234148491948,-0.6010386156964528,0.6565171337625719,1.76275366174798,-0.0125229395337214,3.152359389102193,1.536172754489335
64.0,183.0,1002.565185546875,0.5472914493255665,3.366882117201061,1.3060013984334584,1.9325170226020087,-1.0074251950736448,0.7432223534795421,1.6951969237110474,0.1334456915648295,3.316198941140461,1.659375229627378
64.0,183.0,1006.7476806640624,1.3783292661069166,2.227281756843792,0.7486796121921748,2.3676098445669496,-0.4352187250238886,0.1295667694666509,1.2582478032152908,0.9678886220425788,1.546052822985894,1.7088008776725607
64.0,183.0,1003.6841430664062,1.5264166200797986,3.063097861613356,-0.215819897253269,3.5490497273888275,-0.2048867388282806,1.0826619122252867,1.0511392207255632,-0.0170243374408754,3.2973942147249127,1.6821927523441609
64.0,183.0,1005.0227661132812,1.1090167985935704,3.054929262949412,0.2138404591139139,3.3785257770175283,-0.2062982807170551,0.6081492878130935,1.0163426512361524,-0.0348229360837541,3.2931519023315508,1.7331119502206431
64.0,183.0,1006.3912353515624,1.0823124156003283,3.145532408020725,0.0937498638335725,4.3492484902596935,-0.983369492477124,0.3045399617600217,1.0355153888892177,-0.6035785196627739,3.47882371336145,1.9749920545649893
64.0,183.0,1003.7677001953124,0.9753379059727132,3.027481911426474,0.8914709442373026,3.6385006360362526,-0.1936568623912141,0.9354252219936228,1.0515023454212475,1.5844169383747184,3.3013099988549235,1.6821957420369034
64.0,183.0,1005.7315063476562,1.5396689441273124,3.0386942734840274,0.0727790596694881,3.99653790662412,-0.2180394714265182,1.1227822176659112,0.9898665587735348,-0.0161734394273001,3.292559616599718,1.7283088665121291
64.0,183.0,1005.9786376953124,1.1755166225902458,3.0139295819900664,-0.2417305383366287,3.616814653335077,-0.2729520402836232,1.8592848557108288,1.1177652924446315,0.1211451494947978,3.912459696901169,2.2316448068592054
64.0,183.0,1004.7403564453124,0.4804166552562906,3.142058809388116,-0.507253232726782,3.78275224637308,-0.5671588827166028,1.1261544357254607,1.4122039073154182,0.5007209311294231,3.503301094810195,1.926829920271378
64.0,183.0,1004.5214233398438,1.3925082887281215,3.065088985864282,-0.1686798461004562,2.4937664364779137,-0.2246521629870259,1.0573601922845028,1.0844478999456344,-0.8866334099558765,3.2654268773896447,1.6563374701400866
64.0,183.0,1006.101806640625,1.5145614614356997,2.994643314133276,-0.4385238738008652,2.6498988515969346,-0.2204737755628775,1.1219320992016055,0.99350013477897,-0.0190371027451072,3.134156782158529,1.6797391789481235
64.0,183.0,1005.5848999023438,-0.4976473021030942,3.419951677935696,-0.3086301958483286,3.870154605804175,-1.1699164176837953,1.6993185462984577,0.8701808901365833,0.0028869377323087,3.427754210534899,1.6924904654891433
64.0,183.0,1005.2015991210938,-0.9065866190336698,2.536369936448513,1.0012825911920764,0.7384741288722001,-1.3043415059826065,0.8367591620529873,1.226872201567225,0.259522407071536,3.263528619159368,0.8166144550606269
64.0,183.0,1005.768310546875,1.5999854791936896,2.9805356758612893,-0.224463190705871,3.807145392204087,-0.3379384159359995,1.0087144864956603,0.8161970981207121,-0.0299745068515237,3.525817858828421,1.6851147134922917
64.0,184.0,1004.6443481445312,0.6900176227674764,3.063074350782302,-0.3302721781170479,3.0126561550720083,-0.1976159951512532,1.5970259768578052,1.2511792713171723,-0.0167520924344081,3.4265898532482377,1.5636003792452855
64.0,184.0,1004.2421264648438,1.1090451639676264,3.063170278295987,-0.1754780434512142,3.5433184929382966,-0.1568456031498367,1.0766389807596008,1.0528787249669178,-0.0171620058962041,3.1145081813601543,1.5893554756452115
64.0,184.0,1006.1292724609376,0.8825330645131402,3.064174342687368,-0.2362635771631851,3.582316996030628,-0.2074679037536006,0.9559810891053128,1.0531749231574068,-0.0434490340044395,3.286294651604756,2.3253331241426074
64.0,184.0,1005.7072143554688,1.6491448804843336,2.9104453120023,-0.2376035463302053,3.615676320374159,-0.5459213406507523,1.0802436756395946,1.0229389087533642,-0.0226071327225542,3.134768809825729,1.4551102740604491
64.0,184.0,1005.2555541992188,-0.5037094802039921,3.707585390221884,-0.3280569768488796,3.321070462527059,0.979043172621886,-0.4155761280008436,0.9565504599200948,0.2951346271246178,3.295787014291044,2.1819067114242974
64.0,184.0,1006.83154296875,1.5265036097584397,2.4688393553651458,-0.2193779993269236,3.456649131017686,-0.280184533111481,1.4322115030166764,0.0073984864598439,0.0552709621325861,2.764100911123255,1.699477136905433
64.0,184.0,1006.2119140625,0.4893625390202833,1.7795423029239368,-0.2283334970089545,3.1277989280704825,0.4981169607027755,1.141197769335064,2.5146578201478693,1.975507430672696,4.311031517865723,2.0922100116751228
64.0,184.0,1005.1494140625,1.4267671879387,2.82151791963309,-0.2050135975394147,3.599402345635524,-0.212234014229664,1.0699343377498252,1.054124327480299,-0.0348381047181509,3.2384919490320403,1.683330061310487
64.0,184.0,1005.474853515625,1.5026949966969567,4.303640589644998,0.0467183102294996,3.508585978273294,-0.276222544546385,1.2632585220760255,0.9839023829757484,0.4548566034085533,3.319979299343642,1.681623450852277
64.0,184.0,1004.5355224609376,-0.2067583177486083,2.156645823399848,1.1237471826284795,3.780946817479548,-0.5114493991580722,1.3470285072754011,1.5426076556614716,0.9251629364195506,3.6326501297850458,1.193605314089168
64.0,184.0,1005.1493530273438,0.5735184706036716,3.028423329307017,0.2644622216036731,2.659398374348958,0.2306337810705419,1.0125999917583286,1.1341537852403114,0.5087035841895886,3.226086612326376,1.548830647479367
64.0,184.0,1004.7117919921876,0.4052530103725722,2.862964791291889,1.0244185980793992,1.6185629550949447,0.0861167524434486,0.806110362194968,0.5149989619430992,0.0762824622613271,3.306353246449835,1.6419964791765842
64.0,184.0,1005.585205078125,1.4441076734521072,3.066111509674269,0.0067028297138759,3.194813058276394,-0.2495793018936137,1.1591742150332562,1.047291772061316,-0.0635626710663064,3.2934046480925203,1.7277033081006632
64.0,184.0,1004.95849609375,0.9162956780313632,2.1247201074083826,0.0379144096914144,3.0493734156772465,-0.204541723945408,1.0866278545155783,1.081534562537653,-0.1426858802547873,2.5531626479271203,1.6834925846586402
64.0,184.0,1005.079833984375,0.8078773908434,3.0635542735379326,-0.2222773718837908,3.644619233544741,-0.0438507735814526,1.4232936018416082,0.7302359461628485,0.463335757005806,3.131559441489576,1.6311643300045815
64.0,184.0,1005.9080810546876,1.0513515896295955,3.0324479004866207,-0.1399893757068982,2.5909601277576697,-0.1207554487964864,2.5126882206643253,1.1607896320933913,0.180815057255496,3.251736532375584,2.58552590355996
64.0,184.0,1005.7649536132812,0.2825466944237913,3.223371955913502,-1.130107795435179,3.475165291581171,-1.048330892200188,0.6773142097574366,1.7224453178602437,-0.0116344510771347,2.978858171781275,1.664112733334867
64.0,184.0,1003.8233642578124,1.028523366259821,3.0628461474330293,-0.3204188298828894,3.0167776901382988,0.2647472536681213,1.306874930918926,0.9514498344110252,-0.5399432597472117,3.348110656193866,0.8965220619264871
64.0,184.0,1006.2741088867188,1.643031542836416,3.606370926934152,-0.6934784640503268,3.544777025413626,-0.1168117638030309,0.939111865717292,1.235370936060419,0.8014975999324441,3.270795648100955,1.6707495569788469
64.0,184.0,1005.4312744140624,1.3627715738376884,3.076635121501396,-0.2203183241854567,3.1897560510402903,-0.4507563945197057,1.1522013466208365,1.072078304572779,-0.0715777010715543,3.2997649430028133,1.6650114468654638
64.0,184.0,1006.1286010742188,1.5630251164579407,3.034072154337606,-0.2144607478813976,3.3747890166807086,-0.1840946200972616,1.0834848120091078,1.505132191142844,0.0986427251527393,3.2971237436003165,1.6407078622033984
64.0,184.0,1004.8368530273438,-0.0192859539180938,3.1458012448024646,-0.4052589456220559,3.5837623621294377,-0.4446218579421889,1.004306573519272,1.0674916208430016,-0.1473208806064043,4.659302750457305,1.266183010783346
64.0,184.0,1005.0035400390624,1.488088734200528,3.2964916798764268,-0.081613556681665,3.4931910742310563,-0.4795947022471148,1.19443031097595,1.5983254058784726,0.3030366300005376,3.1093375136026897,1.3517079212642986
64.0,184.0,1005.59716796875,0.8422960777773174,3.0348209215701183,-0.2311176520887816,3.530445462000517,0.731073415144617,1.0838871087870037,1.0526527931079228,-0.2789778063184201,3.525442996103043,1.9314441196361605
64.0,184.0,1005.1682739257812,0.4758226699530498,2.725912301651685,-0.0230184400084026,3.5041163169939864,-0.2839688026094656,0.98246182909671,0.7814411067738086,0.0567855685067581,3.2908997596538847,1.3640380101297185
64.0,184.0,1004.932861328125,1.5796322669745138,2.974669102036052,-0.2759972217390695,3.567574034001228,-0.2093543612178015,1.4940440693796724,1.055340177568717,-0.0056815911348413,3.322450316094878,2.2801882162059304
64.0,184.0,1005.4376220703124,1.4939369051591875,3.208578143175042,-0.0838875551827738,3.6527902052474297,-0.0677512366808728,2.1295316682877434,1.0280783661595605,-0.0117743859456704,3.334761595860714,1.7120512362595308
64.0,184.0,1005.9476318359376,0.0416259073064684,3.056620648095169,0.9059087932371556,3.541676985417584,-0.4558259587305865,-0.3150494321593007,1.05123482986649,-0.0994281152615595,3.238383279985208,1.6565234082160285
64.0,184.0,1006.0139770507812,1.5426257774234884,2.963062015218996,-0.1644154265346108,3.571054709565818,-0.2255485820590461,1.124004775755031,1.0785750977224122,-0.0170868564908297,3.529492666873149,1.8095727813707885
64.0,184.0,1004.924560546875,1.3902787656971398,3.2388825019148166,-0.206591284257351,2.6835356447268124,-0.2393013169250669,1.0825663808182378,0.7880722208517016,0.1086941866441624,3.760609960660497,1.5499190461382142
64.0,184.0,1003.884033203125,1.1425112649696187,3.065090117718845,0.592860107788608,2.8071972518327133,0.2549808842303713,0.7688590957311772,1.1434486482266086,0.1774592781213724,3.2904317271738885,1.6652367097735672
64.0,184.0,1004.8756713867188,1.803103039357084,3.04969122379482,-0.2380855070972431,3.544222673085715,-0.3675432124331079,1.0049334701620785,1.0915745130618049,-0.0166428366782459,3.286393579044508,1.7128181502425668
64.0,184.0,1005.5949096679688,1.065741447403239,3.566321993171797,-0.1722097588879127,3.335195644635442,0.4153135222526197,1.6432684793938577,1.2308026718224587,0.3065238812510272,3.32453208933479,1.4181087479272612
64.0,184.0,1005.1708984375,1.5387374172758588,3.0630905424895096,-0.2761169812147975,3.539551483750204,-0.0710913967583387,1.0864629386437223,1.0432566156141505,0.0406253156605319,3.3703392304127733,1.6847979903288934
64.0,184.0,1004.3433227539062,1.5246637626108075,2.588764633984187,-0.2247483509817702,3.541791433209113,-0.2094105942329443,0.0900981966808316,1.4472220790014578,0.3634141441016041,3.275517642189521,1.677631713184814
64.0,184.0,1006.2902221679688,-0.4251081873792355,3.285807122763265,-0.1892787533432827,2.527234148491948,-0.6010386156964528,0.6565171337625719,1.76275366174798,-0.0125229395337214,3.152359389102193,1.536172754489335
64.0,184.0,1002.565185546875,0.5472914493255665,3.366882117201061,1.3060013984334584,1.9325170226020087,-1.0074251950736448,0.7432223534795421,1.6951969237110474,0.1334456915648295,3.316198941140461,1.659375229627378
64.0,184.0,1006.7476806640624,1.3783292661069166,2.227281756843792,0.7486796121921748,2.3676098445669496,-0.4352187250238886,0.1295667694666509,1.2582478032152908,0.9678886220425788,1.546052822985894,1.7088008776725607
64.0,184.0,1003.6841430664062,1.5264166200797986,3.063097861613356,-0.215819897253269,3.5490497273888275,-0.2048867388282806,1.0826619122252867,1.0511392207255632,-0.0170243374408754,3.2973942147249127,1.6821927523441609
64.0,184.0,1005.0227661132812,1.1090167985935704,3.054929262949412,0.2138404591139139,3.3785257770175283,-0.2062982807170551,0.6081492878130935,1.0163426512361524,-0.0348229360837541,3.2931519023315508,1.7331119502206431
64.0,184.0,1006.3912353515624,1.0823124156003283,3.145532408020725,0.0937498638335725,4.3492484902596935,-0.983369492477124,0.3045399617600217,1.0355153888892177,-0.6035785196627739,3.47882371336145,1.9749920545649893
64.0,184.0,1003.7677001953124,0.9753379059727132,3.027481911426474,0.8914709442373026,3.6385006360362526,-0.1936568623912141,0.9354252219936228,1.0515023454212475,1.5844169383747184,3.3013099988549235,1.6821957420369034
64.0,184.0,1005.7315063476562,1.5396689441273124,3.0386942734840274,0.0727790596694881,3.99653790662412,-0.2180394714265182,1.1227822176659112,0.9898665587735348,-0.0161734394273001,3.292559616599718,1.7283088665121291
64.0,184.0,1005.9786376953124,1.1755166225902458,3.0139295819900664,-0.2417305383366287,3.616814653335077,-0.2729520402836232,1.8592848557108288,1.1177652924446315,0.1211451494947978,3.912459696901169,2.2316448068592054
64.0,184.0,1004.7403564453124,0.4804166552562906,3.142058809388116,-0.507253232726782,3.78275224637308,-0.5671588827166028,1.1261544357254607,1.4122039073154182,0.5007209311294231,3.503301094810195,1.926829920271378
64.0,184.0,1004.5214233398438,1.3925082887281215,3.065088985864282,-0.1686798461004562,2.4937664364779137,-0.2246521629870259,1.0573601922845028,1.0844478999456344,-0.8866334099558765,3.2654268773896447,1.6563374701400866
64.0,184.0,1006.101806640625,1.5145614614356997,2.994643314133276,-0.4385238738008652,2.6498988515969346,-0.2204737755628775,1.1219320992016055,0.99350013477897,-0.0190371027451072,3.134156782158529,1.6797391789481235
64.0,184.0,1005.5848999023438,-0.4976473021030942,3.419951677935696,-0.3086301958483286,3.870154605804175,-1.1699164176837953,1.6993185462984577,0.8701808901365833,0.0028869377323087,3.427754210534899,1.6924904654891433
64.0,184.0,1005.2015991210938,-0.9065866190336698,2.536369936448513,1.0012825911920764,0.7384741288722001,-1.3043415059826065,0.8367591620529873,1.226872201567225,0.259522407071536,3.263528619159368,0.8166144550606269
64.0,184.0,1005.768310546875,1.5999854791936896,2.9805356758612893,-0.224463190705871,3.807145392204087,-0.3379384159359995,1.0087144864956603,0.8161970981207121,-0.0299745068515237,3.525817858828421,1.6851147134922917
64.0,185.0,1004.6443481445312,0.6900176227674764,3.063074350782302,-0.3302721781170479,3.0126561550720083,-0.1976159951512532,1.5970259768578052,1.2511792713171723,-0.0167520924344081,3.4265898532482377,1.5636003792452855
64.0,185.0,1004.2421264648438,1.1090451639676264,3.063170278295987,-0.1754780434512142,3.5433184929382966,-0.1568456031498367,1.0766389807596008,1.0528787249669178,-0.0171620058962041,3.1145081813601543,1.5893554756452115
64.0,185.0,1006.1292724609376,0.8825330645131402,3.064174342687368,-0.2362635771631851,3.582316996030628,-0.2074679037536006,0.9559810891053128,1.0531749231574068,-0.0434490340044395,3.286294651604756,2.3253331241426074
64.0,185.0,1005.7072143554688,1.6491448804843336,2.9104453120023,-0.2376035463302053,3.615676320374159,-0.5459213406507523,1.0802436756395946,1.0229389087533642,-0.0226071327225542,3.134768809825729,1.4551102740604491
64.0,185.0,1005.2555541992188,-0.5037094802039921,3.707585390221884,-0.3280569768488796,3.321070462527059,0.979043172621886,-0.4155761280008436,0.9565504599200948,0.2951346271246178,3.295787014291044,2.1819067114242974
64.0,185.0,1006.83154296875,1.5265036097584397,2.4688393553651458,-0.2193779993269236,3.456649131017686,-0.280184533111481,1.4322115030166764,0.0073984864598439,0.0552709621325861,2.764100911123255,1.699477136905433
64.0,185.0,1006.2119140625,0.4893625390202833,1.7795423029239368,-0.2283334970089545,3.1277989280704825,0.4981169607027755,1.141197769335064,2.5146578201478693,1.975507430672696,4.311031517865723,2.0922100116751228
64.0,185.0,1005.1494140625,1.4267671879387,2.82151791963309,-0.2050135975394147,3.599402345635524,-0.212234014229664,1.0699343377498252,1.054124327480299,-0.0348381047181509,3.2384919490320403,1.683330061310487
64.0,185.0,1005.474853515625,1.5026949966969567,4.303640589644998,0.0467183102294996,3.508585978273294,-0.276222544546385,1.2632585220760255,0.9839023829757484,0.4548566034085533,3.319979299343642,1.681623450852277
64.0,185.0,1004.5355224609376,-0.2067583177486083,2.156645823399848,1.1237471826284795,3.780946817479548,-0.5114493991580722,1.3470285072754011,1.5426076556614716,0.9251629364195506,3.6326501297850458,1.193605314089168
64.0,185.0,1005.1493530273438,0.5735184706036716,3.028423329307017,0.2644622216036731,2.659398374348958,0.2306337810705419,1.0125999917583286,1.1341537852403114,0.5087035841895886,3.226086612326376,1.548830647479367
64.0,185.0,1004.7117919921876,0.4052530103725722,2.862964791291889,1.0244185980793992,1.6185629550949447,0.0861167524434486,0.806110362194968,0.5149989619430992,0.0762824622613271,3.306353246449835,1.6419964791765842
64.0,185.0,1005.585205078125,1.4441076734521072,3.066111509674269,0.0067028297138759,3.194813058276394,-0.2495793018936137,1.1591742150332562,1.047291772061316,-0.0635626710663064,3.2934046480925203,1.7277033081006632
64.0,185.0,1004.95849609375,0.9162956780313632,2.1247201074083826,0.0379144096914144,3.0493734156772465,-0.204541723945408,1.0866278545155783,1.081534562537653,-0.1426858802547873,2.5531626479271203,1.6834925846586402
64.0,185.0,1005.079833984375,0.8078773908434,3.0635542735379326,-0.2222773718837908,3.644619233544741,-0.0438507735814526,1.4232936018416082,0.7302359461628485,0.463335757005806,3.131559441489576,1.6311643300045815
64.0,185.0,1005.9080810546876,1.0513515896295955,3.0324479004866207,-0.1399893757068982,2.5909601277576697,-0.1207554487964864,2.5126882206643253,1.1607896320933913,0.180815057255496,3.251736532375584,2.58552590355996
64.0,185.0,1005.7649536132812,0.2825466944237913,3.223371955913502,-1.130107795435179,3.475165291581171,-1.048330892200188,0.6773142097574366,1.7224453178602437,-0.0116344510771347,2.978858171781275,1.664112733334867
64.0,185.0,1003.8233642578124,1.028523366259821,3.0628461474330293,-0.3204188298828894,3.0167776901382988,0.2647472536681213,1.306874930918926,0.9514498344110252,-0.5399432597472117,3.348110656193866,0.8965220619264871
64.0,185.0,1006.2741088867188,1.643031542836416,3.606370926934152,-0.6934784640503268,3.544777025413626,-0.1168117638030309,0.939111865717292,1.235370936060419,0.8014975999324441,3.270795648100955,1.6707495569788469
64.0,185.0,1005.4312744140624,1.3627715738376884,3.076635121501396,-0.2203183241854567,3.1897560510402903,-0.4507563945197057,1.1522013466208365,1.072078304572779,-0.0715777010715543,3.2997649430028133,1.6650114468654638
64.0,185.0,1006.1286010742188,1.5630251164579407,3.034072154337606,-0.2144607478813976,3.3747890166807086,-0.1840946200972616,1.0834848120091078,1.505132191142844,0.0986427251527393,3.2971237436003165,1.6407078622033984
64.0,185.0,1004.8368530273438,-0.0192859539180938,3.1458012448024646,-0.4052589456220559,3.5837623621294377,-0.4446218579421889,1.004306573519272,1.0674916208430016,-0.1473208806064043,4.659302750457305,1.266183010783346
64.0,185.0,1005.0035400390624,1.488088734200528,3.2964916798764268,-0.081613556681665,3.4931910742310563,-0.4795947022471148,1.19443031097595,1.5983254058784726,0.3030366300005376,3.1093375136026897,1.3517079212642986
64.0,185.0,1005.59716796875,0.8422960777773174,3.0348209215701183,-0.2311176520887816,3.530445462000517,0.731073415144617,1.0838871087870037,1.0526527931079228,-0.2789778063184201,3.525442996103043,1.9314441196361605
64.0,185.0,1005.1682739257812,0.4758226699530498,2.725912301651685,-0.0230184400084026,3.5041163169939864,-0.2839688026094656,0.98246182909671,0.7814411067738086,0.0567855685067581,3.2908997596538847,1.3640380101297185
64.0,185.0,1004.932861328125,1.5796322669745138,2.974669102036052,-0.2759972217390695,3.567574034001228,-0.2093543612178015,1.4940440693796724,1.055340177568717,-0.0056815911348413,3.322450316094878,2.2801882162059304
64.0,185.0,1005.4376220703124,1.4939369051591875,3.208578143175042,-0.0838875551827738,3.6527902052474297,-0.0677512366808728,2.1295316682877434,1.0280783661595605,-0.0117743859456704,3.334761595860714,1.7120512362595308
64.0,185.0,1005.9476318359376,0.0416259073064684,3.056620648095169,0.9059087932371556,3.541676985417584,-0.4558259587305865,-0.3150494321593007,1.05123482986649,-0.0994281152615595,3.238383279985208,1.6565234082160285
64.0,185.0,1006.0139770507812,1.5426257774234884,2.963062015218996,-0.1644154265346108,3.571054709565818,-0.2255485820590461,1.124004775755031,1.0785750977224122,-0.0170868564908297,3.529492666873149,1.8095727813707885
64.0,185.0,1004.924560546875,1.3902787656971398,3.2388825019148166,-0.206591284257351,2.6835356447268124,-0.2393013169250669,1.0825663808182378,0.7880722208517016,0.1086941866441624,3.760609960660497,1.5499190461382142
64.0,185.0,1003.884033203125,1.1425112649696187,3.065090117718845,0.592860107788608,2.8071972518327133,0.2549808842303713,0.7688590957311772,1.1434486482266086,0.1774592781213724,3.2904317271738885,1.6652367097735672
64.0,185.0,1004.8756713867188,1.803103039357084,3.04969122379482,-0.2380855070972431,3.544222673085715,-0.3675432124331079,1.0049334701620785,1.0915745130618049,-0.0166428366782459,3.286393579044508,1.7128181502425668
64.0,185.0,1005.5949096679688,1.065741447403239,3.566321993171797,-0.1722097588879127,3.335195644635442,0.4153135222526197,1.6432684793938577,1.2308026718224587,0.3065238812510272,3.32453208933479,1.4181087479272612
64.0,185.0,1005.1708984375,1.5387374172758588,3.0630905424895096,-0.2761169812147975,3.539551483750204,-0.0710913967583387,1.0864629386437223,1.0432566156141505,0.0406253156605319,3.3703392304127733,1.6847979903288934
64.0,185.0,1004.3433227539062,1.5246637626108075,2.588764633984187,-0.2247483509817702,3.541791433209113,-0.2094105942329443,0.0900981966808316,1.4472220790014578,0.3634141441016041,3.275517642189521,1.677631713184814
64.0,185.0,1006.2902221679688,-0.4251081873792355,3.285807122763265,-0.1892787533432827,2.527234148491948,-0.6010386156964528,0.6565171337625719,1.76275366174798,-0.0125229395337214,3.152359389102193,1.536172754489335
64.0,185.0,1002.565185546875,0.5472914493255665,3.366882117201061,1.3060013984334584,1.9325170226020087,-1.0074251950736448,0.7432223534795421,1.6951969237110474,0.1334456915648295,3.316198941140461,1.659375229627378
64.0,185.0,1006.7476806640624,1.3783292661069166,2.227281756843792,0.7486796121921748,2.3676098445669496,-0.4352187250238886,0.1295667694666509,1.2582478032152908,0.9678886220425788,1.546052822985894,1.7088008776725607
64.0,185.0,1003.6841430664062,1.5264166200797986,3.063097861613356,-0.215819897253269,3.5490497273888275,-0.2048867388282806,1.0826619122252867,1.0511392207255632,-0.0170243374408754,3.2973942147249127,1.6821927523441609
64.0,185.0,1005.0227661132812,1.1090167985935704,3.054929262949412,0.2138404591139139,3.3785257770175283,-0.2062982807170551,0.6081492878130935,1.0163426512361524,-0.0348229360837541,3.2931519023315508,1.7331119502206431
64.0,185.0,1006.3912353515624,1.0823124156003283,3.145532408020725,0.0937498638335725,4.3492484902596935,-0.983369492477124,0.3045399617600217,1.0355153888892177,-0.6035785196627739,3.47882371336145,1.9749920545649893
64.0,185.0,1003.7677001953124,0.9753379059727132,3.027481911426474,0.8914709442373026,3.6385006360362526,-0.1936568623912141,0.9354252219936228,1.0515023454212475,1.5844169383747184,3.3013099988549235,1.6821957420369034
64.0,185.0,1005.7315063476562,1.5396689441273124,3.0386942734840274,0.0727790596694881,3.99653790662412,-0.2180394714265182,1.1227822176659112,0.9898665587735348,-0.0161734394273001,3.292559616599718,1.7283088665121291
64.0,185.0,1005.9786376953124,1.1755166225902458,3.0139295819900664,-0.2417305383366287,3.616814653335077,-0.2729520402836232,1.8592848557108288,1.1177652924446315,0.1211451494947978,3.912459696901169,2.2316448068592054
64.0,185.0,1004.7403564453124,0.4804166552562906,3.142058809388116,-0.507253232726782,3.78275224637308,-0.5671588827166028,1.1261544357254607,1.4122039073154182,0.5007209311294231,3.503301094810195,1.926829920271378
64.0,185.0,1004.5214233398438,1.3925082887281215,3.065088985864282,-0.1686798461004562,2.4937664364779137,-0.2246521629870259,1.0573601922845028,1.0844478999456344,-0.8866334099558765,3.2654268773896447,1.6563374701400866
64.0,185.0,1006.101806640625,1.5145614614356997,2.994643314133276,-0.4385238738008652,2.6498988515969346,-0.2204737755628775,1.1219320992016055,0.99350013477897,-0.0190371027451072,3.134156782158529,1.6797391789481235
64.0,185.0,1005.5848999023438,-0.4976473021030942,3.419951677935696,-0.3086301958483286,3.870154605804175,-1.1699164176837953,1.6993185462984577,0.8701808901365833,0.0028869377323087,3.427754210534899,1.6924904654891433
64.0,185.0,1005.2015991210938,-0.9065866190336698,2.536369936448513,1.0012825911920764,0.7384741288722001,-1.3043415059826065,0.8367591620529873,1.226872201567225,0.259522407071536,3.263528619159368,0.8166144550606269
64.0,185.0,1005.768310546875,1.5999854791936896,2.9805356758612893,-0.224463190705871,3.807145392204087,-0.3379384159359995,1.0087144864956603,0.8161970981207121,-0.0299745068515237,3.525817858828421,1.6851147134922917
64.0,186.0,1004.6443481445312,0.6900176227674764,3.063074350782302,-0.3302721781170479,3.0126561550720083,-0.1976159951512532,1.5970259768578052,1.2511792713171723,-0.0167520924344081,3.4265898532482377,1.5636003792452855
64.0,186.0,1004.2421264648438,1.1090451639676264,3.063170278295987,-0.1754780434512142,3.5433184929382966,-0.1568456031498367,1.0766389807596008,1.0528787249669178,-0.0171620058962041,3.1145081813601543,1.5893554756452115
64.0,186.0,1006.1292724609376,0.8825330645131402,3.064174342687368,-0.2362635771631851,3.582316996030628,-0.2074679037536006,0.9559810891053128,1.0531749231574068,-0.0434490340044395,3.286294651604756,2.3253331241426074
64.0,186.0,1005.7072143554688,1.6491448804843336,2.9104453120023,-0.2376035463302053,3.615676320374159,-0.5459213406507523,1.0802436756395946,1.0229389087533642,-0.0226071327225542,3.134768809825729,1.4551102740604491
64.0,186.0,1005.2555541992188,-0.5037094802039921,3.707585390221884,-0.3280569768488796,3.321070462527059,0.979043172621886,-0.4155761280008436,0.9565504599200948,0.2951346271246178,3.295787014291044,2.1819067114242974
64.0,186.0,1006.83154296875,1.5265036097584397,2.4688393553651458,-0.2193779993269236,3.456649131017686,-0.280184533111481,1.4322115030166764,0.0073984864598439,0.0552709621325861,2.764100911123255,1.699477136905433
64.0,186.0,1006.2119140625,0.4893625390202833,1.7795423029239368,-0.2283334970089545,3.1277989280704825,0.4981169607027755,1.141197769335064,2.5146578201478693,1.975507430672696,4.311031517865723,2.0922100116751228
64.0,186.0,1005.1494140625,1.4267671879387,2.82151791963309,-0.2050135975394147,3.599402345635524,-0.212234014229664,1.0699343377498252,1.054124327480299,-0.0348381047181509,3.2384919490320403,1.683330061310487
64.0,186.0,1005.474853515625,1.5026949966969567,4.303640589644998,0.0467183102294996,3.508585978273294,-0.276222544546385,1.2632585220760255,0.9839023829757484,0.4548566034085533,3.319979299343642,1.681623450852277
64.0,186.0,1004.5355224609376,-0.2067583177486083,2.156645823399848,1.1237471826284795,3.780946817479548,-0.5114493991580722,1.3470285072754011,1.5426076556614716,0.9251629364195506,3.6326501297850458,1.193605314089168
64.0,186.0,1005.1493530273438,0.5735184706036716,3.028423329307017,0.2644622216036731,2.659398374348958,0.2306337810705419,1.0125999917583286,1.1341537852403114,0.5087035841895886,3.226086612326376,1.548830647479367
64.0,186.0,1004.7117919921876,0.4052530103725722,2.862964791291889,1.0244185980793992,1.6185629550949447,0.0861167524434486,0.806110362194968,0.5149989619430992,0.0762824622613271,3.306353246449835,1.6419964791765842
64.0,186.0,1005.585205078125,1.4441076734521072,3.066111509674269,0.0067028297138759,3.194813058276394,-0.2495793018936137,1.1591742150332562,1.047291772061316,-0.0635626710663064,3.2934046480925203,1.7277033081006632
64.0,186.0,1004.95849609375,0.9162956780313632,2.1247201074083826,0.0379144096914144,3.0493734156772465,-0.204541723945408,1.0866278545155783,1.081534562537653,-0.1426858802547873,2.5531626479271203,1.6834925846586402
64.0,186.0,1005.079833984375,0.8078773908434,3.0635542735379326,-0.2222773718837908,3.644619233544741,-0.0438507735814526,1.4232936018416082,0.7302359461628485,0.463335757005806,3.131559441489576,1.6311643300045815
64.0,186.0,1005.9080810546876,1.0513515896295955,3.0324479004866207,-0.1399893757068982,2.5909601277576697,-0.1207554487964864,2.5126882206643253,1.1607896320933913,0.180815057255496,3.251736532375584,2.58552590355996
64.0,186.0,1005.7649536132812,0.2825466944237913,3.223371955913502,-1.130107795435179,3.475165291581171,-1.048330892200188,0.6773142097574366,1.7224453178602437,-0.0116344510771347,2.978858171781275,1.664112733334867
64.0,186.0,1003.8233642578124,1.028523366259821,3.0628461474330293,-0.3204188298828894,3.0167776901382988,0.2647472536681213,1.306874930918926,0.9514498344110252,-0.5399432597472117,3.348110656193866,0.8965220619264871
64.0,186.0,1006.2741088867188,1.643031542836416,3.606370926934152,-0.6934784640503268,3.544777025413626,-0.1168117638030309,0.939111865717292,1.235370936060419,0.8014975999324441,3.270795648100955,1.6707495569788469
64.0,186.0,1005.4312744140624,1.3627715738376884,3.076635121501396,-0.2203183241854567,3.1897560510402903,-0.4507563945197057,1.1522013466208365,1.072078304572779,-0.0715777010715543,3.2997649430028133,1.6650114468654638
64.0,186.0,1006.1286010742188,1.5630251164579407,3.034072154337606,-0.2144607478813976,3.3747890166807086,-0.1840946200972616,1.0834848120091078,1.505132191142844,0.0986427251527393,3.2971237436003165,1.6407078622033984
64.0,186.0,1004.8368530273438,-0.0192859539180938,3.1458012448024646,-0.4052589456220559,3.5837623621294377,-0.4446218579421889,1.004306573519272,1.0674916208430016,-0.1473208806064043,4.659302750457305,1.266183010783346
64.0,186.0,1005.0035400390624,1.488088734200528,3.2964916798764268,-0.081613556681665,3.4931910742310563,-0.4795947022471148,1.19443031097595,1.5983254058784726,0.3030366300005376,3.1093375136026897,1.3517079212642986
64.0,186.0,1005.59716796875,0.8422960777773174,3.0348209215701183,-0.2311176520887816,3.530445462000517,0.731073415144617,1.0838871087870037,1.0526527931079228,-0.2789778063184201,3.525442996103043,1.9314441196361605
64.0,186.0,1005.1682739257812,0.4758226699530498,2.725912301651685,-0.0230184400084026,3.5041163169939864,-0.2839688026094656,0.98246182909671,0.7814411067738086,0.0567855685067581,3.2908997596538847,1.3640380101297185
64.0,186.0,1004.932861328125,1.5796322669745138,2.974669102036052,-0.2759972217390695,3.567574034001228,-0.2093543612178015,1.4940440693796724,1.055340177568717,-0.0056815911348413,3.322450316094878,2.2801882162059304
64.0,186.0,1005.4376220703124,1.4939369051591875,3.208578143175042,-0.0838875551827738,3.6527902052474297,-0.0677512366808728,2.1295316682877434,1.0280783661595605,-0.0117743859456704,3.334761595860714,1.7120512362595308
64.0,186.0,1005.9476318359376,0.0416259073064684,3.056620648095169,0.9059087932371556,3.541676985417584,-0.4558259587305865,-0.3150494321593007,1.05123482986649,-0.0994281152615595,3.238383279985208,1.6565234082160285
64.0,186.0,1006.0139770507812,1.5426257774234884,2.963062015218996,-0.1644154265346108,3.571054709565818,-0.2255485820590461,1.124004775755031,1.0785750977224122,-0.0170868564908297,3.529492666873149,1.8095727813707885
64.0,186.0,1004.924560546875,1.3902787656971398,3.2388825019148166,-0.206591284257351,2.6835356447268124,-0.2393013169250669,1.0825663808182378,0.7880722208517016,0.1086941866441624,3.760609960660497,1.5499190461382142
64.0,186.0,1003.884033203125,1.1425112649696187,3.065090117718845,0.592860107788608,2.8071972518327133,0.2549808842303713,0.7688590957311772,1.1434486482266086,0.1774592781213724,3.2904317271738885,1.6652367097735672
64.0,186.0,1004.8756713867188,1.803103039357084,3.04969122379482,-0.2380855070972431,3.544222673085715,-0.3675432124331079,1.0049334701620785,1.0915745130618049,-0.0166428366782459,3.286393579044508,1.7128181502425668
64.0,186.0,1005.5949096679688,1.065741447403239,3.566321993171797,-0.1722097588879127,3.335195644635442,0.4153135222526197,1.6432684793938577,1.2308026718224587,0.3065238812510272,3.32453208933479,1.4181087479272612
64.0,186.0,1005.1708984375,1.5387374172758588,3.0630905424895096,-0.2761169812147975,3.539551483750204,-0.0710913967583387,1.0864629386437223,1.0432566156141505,0.0406253156605319,3.3703392304127733,1.6847979903288934
64.0,186.0,1004.3433227539062,1.5246637626108075,2.588764633984187,-0.2247483509817702,3.541791433209113,-0.2094105942329443,0.0900981966808316,1.4472220790014578,0.3634141441016041,3.275517642189521,1.677631713184814
64.0,186.0,1006.2902221679688,-0.4251081873792355,3.285807122763265,-0.1892787533432827,2.527234148491948,-0.6010386156964528,0.6565171337625719,1.76275366174798,-0.0125229395337214,3.152359389102193,1.536172754489335
64.0,186.0,1002.565185546875,0.5472914493255665,3.366882117201061,1.3060013984334584,1.9325170226020087,-1.0074251950736448,0.7432223534795421,1.6951969237110474,0.1334456915648295,3.316198941140461,1.659375229627378
64.0,186.0,1006.7476806640624,1.3783292661069166,2.227281756843792,0.7486796121921748,2.3676098445669496,-0.4352187250238886,0.1295667694666509,1.2582478032152908,0.9678886220425788,1.546052822985894,1.7088008776725607
64.0,186.0,1003.6841430664062,1.5264166200797986,3.063097861613356,-0.215819897253269,3.5490497273888275,-0.2048867388282806,1.0826619122252867,1.0511392207255632,-0.0170243374408754,3.2973942147249127,1.6821927523441609
64.0,186.0,1005.0227661132812,1.1090167985935704,3.054929262949412,0.2138404591139139,3.3785257770175283,-0.2062982807170551,0.6081492878130935,1.0163426512361524,-0.0348229360837541,3.2931519023315508,1.7331119502206431
64.0,186.0,1006.3912353515624,1.0823124156003283,3.145532408020725,0.0937498638335725,4.3492484902596935,-0.983369492477124,0.3045399617600217,1.0355153888892177,-0.6035785196627739,3.47882371336145,1.9749920545649893
64.0,186.0,1003.7677001953124,0.9753379059727132,3.027481911426474,0.8914709442373026,3.6385006360362526,-0.1936568623912141,0.9354252219936228,1.0515023454212475,1.5844169383747184,3.3013099988549235,1.6821957420369034
64.0,186.0,1005.7315063476562,1.5396689441273124,3.0386942734840274,0.0727790596694881,3.99653790662412,-0.2180394714265182,1.1227822176659112,0.9898665587735348,-0.0161734394273001,3.292559616599718,1.7283088665121291
64.0,186.0,1005.9786376953124,1.1755166225902458,3.0139295819900664,-0.2417305383366287,3.616814653335077,-0.2729520402836232,1.8592848557108288,1.1177652924446315,0.1211451494947978,3.912459696901169,2.2316448068592054
64.0,186.0,1004.7403564453124,0.4804166552562906,3.142058809388116,-0.507253232726782,3.78275224637308,-0.5671588827166028,1.1261544357254607,1.4122039073154182,0.5007209311294231,3.503301094810195,1.926829920271378
64.0,186.0,1004.5214233398438,1.3925082887281215,3.065088985864282,-0.1686798461004562,2.4937664364779137,-0.2246521629870259,1.0573601922845028,1.0844478999456344,-0.8866334099558765,3.2654268773896447,1.6563374701400866
64.0,186.0,1006.101806640625,1.5145614614356997,2.994643314133276,-0.4385238738008652,2.6498988515969346,-0.2204737755628775,1.1219320992016055,0.99350013477897,-0.0190371027451072,3.134156782158529,1.6797391789481235
64.0,186.0,1005.5848999023438,-0.4976473021030942,3.419951677935696,-0.3086301958483286,3.870154605804175,-1.1699164176837953,1.6993185462984577,0.8701808901365833,0.0028869377323087,3.427754210534899,1.6924904654891433
64.0,186.0,1005.2015991210938,-0.9065866190336698,2.536369936448513,1.0012825911920764,0.7384741288722001,-1.3043415059826065,0.8367591620529873,1.226872201567225,0.259522407071536,3.263528619159368,0.8166144550606269
64.0,186.0,1005.768310546875,1.5999854791936896,2.9805356758612893,-0.224463190705871,3.807145392204087,-0.3379384159359995,1.0087144864956603,0.8161970981207121,-0.0299745068515237,3.525817858828421,1.6851147134922917
64.0,187.0,1004.6443481445312,0.6900176227674764,3.063074350782302,-0.3302721781170479,3.0126561550720083,-0.1976159951512532,1.5970259768578052,1.2511792713171723,-0.0167520924344081,3.4265898532482377,1.5636003792452855
64.0,187.0,1004.2421264648438,1.1090451639676264,3.063170278295987,-0.1754780434512142,3.5433184929382966,-0.1568456031498367,1.0766389807596008,1.0528787249669178,-0.0171620058962041,3.1145081813601543,1.5893554756452115
64.0,187.0,1006.1292724609376,0.8825330645131402,3.064174342687368,-0.2362635771631851,3.582316996030628,-0.2074679037536006,0.9559810891053128,1.0531749231574068,-0.0434490340044395,3.286294651604756,2.3253331241426074
64.0,187.0,1005.7072143554688,1.6491448804843336,2.9104453120023,-0.2376035463302053,3.615676320374159,-0.5459213406507523,1.0802436756395946,1.0229389087533642,-0.0226071327225542,3.134768809825729,1.4551102740604491
64.0,187.0,1005.2555541992188,-0.5037094802039921,3.707585390221884,-0.3280569768488796,3.321070462527059,0.979043172621886,-0.4155761280008436,0.9565504599200948,0.2951346271246178,3.295787014291044,2.1819067114242974
64.0,187.0,1006.83154296875,1.5265036097584397,2.4688393553651458,-0.2193779993269236,3.456649131017686,-0.280184533111481,1.4322115030166764,0.0073984864598439,0.0552709621325861,2.764100911123255,1.699477136905433
64.0,187.0,1006.2119140625,0.4893625390202833,1.7795423029239368,-0.2283334970089545,3.1277989280704825,0.4981169607027755,1.141197769335064,2.5146578201478693,1.975507430672696,4.311031517865723,2.0922100116751228
64.0,187.0,1005.1494140625,1.4267671879387,2.82151791963309,-0.2050135975394147,3.599402345635524,-0.212234014229664,1.0699343377498252,1.054124327480299,-0.0348381047181509,3.2384919490320403,1.683330061310487
64.0,187.0,1005.474853515625,1.5026949966969567,4.303640589644998,0.0467183102294996,3.508585978273294,-0.276222544546385,1.2632585220760255,0.9839023829757484,0.4548566034085533,3.319979299343642,1.681623450852277
64.0,187.0,1004.5355224609376,-0.2067583177486083,2.156645823399848,1.1237471826284795,3.780946817479548,-0.5114493991580722,1.3470285072754011,1.5426076556614716,0.9251629364195506,3.6326501297850458,1.193605314089168
64.0,187.0,1005.1493530273438,0.5735184706036716,3.028423329307017,0.2644622216036731,2.659398374348958,0.2306337810705419,1.0125999917583286,1.1341537852403114,0.5087035841895886,3.226086612326376,1.548830647479367
64.0,187.0,1004.7117919921876,0.4052530103725722,2.862964791291889,1.0244185980793992,1.6185629550949447,0.0861167524434486,0.806110362194968,0.5149989619430992,0.0762824622613271,3.306353246449835,1.6419964791765842
64.0,187.0,1005.585205078125,1.4441076734521072,3.066111509674269,0.0067028297138759,3.194813058276394,-0.2495793018936137,1.1591742150332562,1.047291772061316,-0.0635626710663064,3.2934046480925203,1.7277033081006632
64.0,187.0,1004.95849609375,0.9162956780313632,2.1247201074083826,0.0379144096914144,3.0493734156772465,-0.204541723945408,1.0866278545155783,1.081534562537653,-0.1426858802547873,2.5531626479271203,1.6834925846586402
64.0,187.0,1005.079833984375,0.8078773908434,3.0635542735379326,-0.2222773718837908,3.644619233544741,-0.0438507735814526,1.4232936018416082,0.7302359461628485,0.463335757005806,3.131559441489576,1.6311643300045815
64.0,187.0,1005.9080810546876,1.0513515896295955,3.0324479004866207,-0.1399893757068982,2.5909601277576697,-0.1207554487964864,2.5126882206643253,1.1607896320933913,0.180815057255496,3.251736532375584,2.58552590355996
64.0,187.0,1005.7649536132812,0.2825466944237913,3.223371955913502,-1.130107795435179,3.475165291581171,-1.048330892200188,0.6773142097574366,1.7224453178602437,-0.0116344510771347,2.978858171781275,1.664112733334867
64.0,187.0,1003.8233642578124,1.028523366259821,3.0628461474330293,-0.3204188298828894,3.0167776901382988,0.2647472536681213,1.306874930918926,0.9514498344110252,-0.5399432597472117,3.348110656193866,0.8965220619264871
64.0,187.0,1006.2741088867188,1.643031542836416,3.606370926934152,-0.6934784640503268,3.544777025413626,-0.1168117638030309,0.939111865717292,1.235370936060419,0.8014975999324441,3.270795648100955,1.6707495569788469
64.0,187.0,1005.4312744140624,1.3627715738376884,3.076635121501396,-0.2203183241854567,3.1897560510402903,-0.4507563945197057,1.1522013466208365,1.072078304572779,-0.0715777010715543,3.2997649430028133,1.6650114468654638
64.0,187.0,1006.1286010742188,1.5630251164579407,3.034072154337606,-0.2144607478813976,3.3747890166807086,-0.1840946200972616,1.0834848120091078,1.505132191142844,0.0986427251527393,3.2971237436003165,1.6407078622033984
64.0,187.0,1004.8368530273438,-0.0192859539180938,3.1458012448024646,-0.4052589456220559,3.5837623621294377,-0.4446218579421889,1.004306573519272,1.0674916208430016,-0.1473208806064043,4.659302750457305,1.266183010783346
64.0,187.0,1005.0035400390624,1.488088734200528,3.2964916798764268,-0.081613556681665,3.4931910742310563,-0.4795947022471148,1.19443031097595,1.5983254058784726,0.3030366300005376,3.1093375136026897,1.3517079212642986
64.0,187.0,1005.59716796875,0.8422960777773174,3.0348209215701183,-0.2311176520887816,3.530445462000517,0.731073415144617,1.0838871087870037,1.0526527931079228,-0.2789778063184201,3.525442996103043,1.9314441196361605
64.0,187.0,1005.1682739257812,0.4758226699530498,2.725912301651685,-0.0230184400084026,3.5041163169939864,-0.2839688026094656,0.98246182909671,0.7814411067738086,0.0567855685067581,3.2908997596538847,1.3640380101297185
64.0,187.0,1004.932861328125,1.5796322669745138,2.974669102036052,-0.2759972217390695,3.567574034001228,-0.2093543612178015,1.4940440693796724,1.055340177568717,-0.0056815911348413,3.322450316094878,2.2801882162059304
64.0,187.0,1005.4376220703124,1.4939369051591875,3.208578143175042,-0.0838875551827738,3.6527902052474297,-0.0677512366808728,2.1295316682877434,1.0280783661595605,-0.0117743859456704,3.334761595860714,1.7120512362595308
64.0,187.0,1005.9476318359376,0.0416259073064684,3.056620648095169,0.9059087932371556,3.541676985417584,-0.4558259587305865,-0.3150494321593007,1.05123482986649,-0.0994281152615595,3.238383279985208,1.6565234082160285
64.0,187.0,1006.0139770507812,1.5426257774234884,2.963062015218996,-0.1644154265346108,3.571054709565818,-0.2255485820590461,1.124004775755031,1.0785750977224122,-0.0170868564908297,3.529492666873149,1.8095727813707885
64.0,187.0,1004.924560546875,1.3902787656971398,3.2388825019148166,-0.206591284257351,2.6835356447268124,-0.2393013169250669,1.0825663808182378,0.7880722208517016,0.1086941866441624,3.760609960660497,1.5499190461382142
64.0,187.0,1003.884033203125,1.1425112649696187,3.065090117718845,0.592860107788608,2.8071972518327133,0.2549808842303713,0.7688590957311772,1.1434486482266086,0.1774592781213724,3.2904317271738885,1.6652367097735672
64.0,187.0,1004.8756713867188,1.803103039357084,3.04969122379482,-0.2380855070972431,3.544222673085715,-0.3675432124331079,1.0049334701620785,1.0915745130618049,-0.0166428366782459,3.286393579044508,1.7128181502425668
64.0,187.0,1005.5949096679688,1.065741447403239,3.566321993171797,-0.1722097588879127,3.335195644635442,0.4153135222526197,1.6432684793938577,1.2308026718224587,0.3065238812510272,3.32453208933479,1.4181087479272612
64.0,187.0,1005.1708984375,1.5387374172758588,3.0630905424895096,-0.2761169812147975,3.539551483750204,-0.0710913967583387,1.0864629386437223,1.0432566156141505,0.0406253156605319,3.3703392304127733,1.6847979903288934
64.0,187.0,1004.3433227539062,1.5246637626108075,2.588764633984187,-0.2247483509817702,3.541791433209113,-0.2094105942329443,0.0900981966808316,1.4472220790014578,0.3634141441016041,3.275517642189521,1.677631713184814
64.0,187.0,1006.2902221679688,-0.4251081873792355,3.285807122763265,-0.1892787533432827,2.527234148491948,-0.6010386156964528,0.6565171337625719,1.76275366174798,-0.0125229395337214,3.152359389102193,1.536172754489335
64.0,187.0,1002.565185546875,0.5472914493255665,3.366882117201061,1.3060013984334584,1.9325170226020087,-1.0074251950736448,0.7432223534795421,1.6951969237110474,0.1334456915648295,3.316198941140461,1.659375229627378
64.0,187.0,1006.7476806640624,1.3783292661069166,2.227281756843792,0.7486796121921748,2.3676098445669496,-0.4352187250238886,0.1295667694666509,1.2582478032152908,0.9678886220425788,1.546052822985894,1.7088008776725607
64.0,187.0,1003.6841430664062,1.5264166200797986,3.063097861613356,-0.215819897253269,3.5490497273888275,-0.2048867388282806,1.0826619122252867,1.0511392207255632,-0.0170243374408754,3.2973942147249127,1.6821927523441609
64.0,187.0,1005.0227661132812,1.1090167985935704,3.054929262949412,0.2138404591139139,3.3785257770175283,-0.2062982807170551,0.6081492878130935,1.0163426512361524,-0.0348229360837541,3.2931519023315508,1.7331119502206431
64.0,187.0,1006.3912353515624,1.0823124156003283,3.145532408020725,0.0937498638335725,4.3492484902596935,-0.983369492477124,0.3045399617600217,1.0355153888892177,-0.6035785196627739,3.47882371336145,1.9749920545649893
64.0,187.0,1003.7677001953124,0.9753379059727132,3.027481911426474,0.8914709442373026,3.6385006360362526,-0.1936568623912141,0.9354252219936228,1.0515023454212475,1.5844169383747184,3.3013099988549235,1.6821957420369034
64.0,187.0,1005.7315063476562,1.5396689441273124,3.0386942734840274,0.0727790596694881,3.99653790662412,-0.2180394714265182,1.1227822176659112,0.9898665587735348,-0.0161734394273001,3.292559616599718,1.7283088665121291
64.0,187.0,1005.9786376953124,1.1755166225902458,3.0139295819900664,-0.2417305383366287,3.616814653335077,-0.2729520402836232,1.8592848557108288,1.1177652924446315,0.1211451494947978,3.912459696901169,2.2316448068592054
64.0,187.0,1004.7403564453124,0.4804166552562906,3.142058809388116,-0.507253232726782,3.78275224637308,-0.5671588827166028,1.1261544357254607,1.4122039073154182,0.5007209311294231,3.503301094810195,1.926829920271378
64.0,187.0,1004.5214233398438,1.3925082887281215,3.065088985864282,-0.1686798461004562,2.4937664364779137,-0.2246521629870259,1.0573601922845028,1.0844478999456344,-0.8866334099558765,3.2654268773896447,1.6563374701400866
64.0,187.0,1006.101806640625,1.5145614614356997,2.994643314133276,-0.4385238738008652,2.6498988515969346,-0.2204737755628775,1.1219320992016055,0.99350013477897,-0.0190371027451072,3.134156782158529,1.6797391789481235
64.0,187.0,1005.5848999023438,-0.4976473021030942,3.419951677935696,-0.3086301958483286,3.870154605804175,-1.1699164176837953,1.6993185462984577,0.8701808901365833,0.0028869377323087,3.427754210534899,1.6924904654891433
64.0,187.0,1005.2015991210938,-0.9065866190336698,2.536369936448513,1.0012825911920764,0.7384741288722001,-1.3043415059826065,0.8367591620529873,1.226872201567225,0.259522407071536,3.263528619159368,0.8166144550606269
64.0,187.0,1005.768310546875,1.5999854791936896,2.9805356758612893,-0.224463190705871,3.807145392204087,-0.3379384159359995,1.0087144864956603,0.8161970981207121,-0.0299745068515237,3.525817858828421,1.6851147134922917
64.0,188.0,1004.6443481445312,0.6900176227674764,3.063074350782302,-0.3302721781170479,3.0126561550720083,-0.1976159951512532,1.5970259768578052,1.2511792713171723,-0.0167520924344081,3.4265898532482377,1.5636003792452855
64.0,188.0,1004.2421264648438,1.1090451639676264,3.063170278295987,-0.1754780434512142,3.5433184929382966,-0.1568456031498367,1.0766389807596008,1.0528787249669178,-0.0171620058962041,3.1145081813601543,1.5893554756452115
64.0,188.0,1006.1292724609376,0.8825330645131402,3.064174342687368,-0.2362635771631851,3.582316996030628,-0.2074679037536006,0.9559810891053128,1.0531749231574068,-0.0434490340044395,3.286294651604756,2.3253331241426074
64.0,188.0,1005.7072143554688,1.6491448804843336,2.9104453120023,-0.2376035463302053,3.615676320374159,-0.5459213406507523,1.0802436756395946,1.0229389087533642,-0.0226071327225542,3.134768809825729,1.4551102740604491
64.0,188.0,1005.2555541992188,-0.5037094802039921,3.707585390221884,-0.3280569768488796,3.321070462527059,0.979043172621886,-0.4155761280008436,0.9565504599200948,0.2951346271246178,3.295787014291044,2.1819067114242974
64.0,188.0,1006.83154296875,1.5265036097584397,2.4688393553651458,-0.2193779993269236,3.456649131017686,-0.280184533111481,1.4322115030166764,0.0073984864598439,0.0552709621325861,2.764100911123255,1.699477136905433
64.0,188.0,1006.2119140625,0.4893625390202833,1.7795423029239368,-0.2283334970089545,3.1277989280704825,0.4981169607027755,1.141197769335064,2.5146578201478693,1.975507430672696,4.311031517865723,2.0922100116751228
64.0,188.0,1005.1494140625,1.4267671879387,2.82151791963309,-0.2050135975394147,3.599402345635524,-0.212234014229664,1.0699343377498252,1.054124327480299,-0.0348381047181509,3.2384919490320403,1.683330061310487
64.0,188.0,1005.474853515625,1.5026949966969567,4.303640589644998,0.0467183102294996,3.508585978273294,-0.276222544546385,1.2632585220760255,0.9839023829757484,0.4548566034085533,3.319979299343642,1.681623450852277
64.0,188.0,1004.5355224609376,-0.2067583177486083,2.156645823399848,1.1237471826284795,3.780946817479548,-0.5114493991580722,1.3470285072754011,1.5426076556614716,0.9251629364195506,3.6326501297850458,1.193605314089168
64.0,188.0,1005.1493530273438,0.5735184706036716,3.028423329307017,0.2644622216036731,2.659398374348958,0.2306337810705419,1.0125999917583286,1.1341537852403114,0.5087035841895886,3.226086612326376,1.548830647479367
64.0,188.0,1004.7117919921876,0.4052530103725722,2.862964791291889,1.0244185980793992,1.6185629550949447,0.0861167524434486,0.806110362194968,0.5149989619430992,0.0762824622613271,3.306353246449835,1.6419964791765842
64.0,188.0,1005.585205078125,1.4441076734521072,3.066111509674269,0.0067028297138759,3.194813058276394,-0.2495793018936137,1.1591742150332562,1.047291772061316,-0.0635626710663064,3.2934046480925203,1.7277033081006632
64.0,188.0,1004.95849609375,0.9162956780313632,2.1247201074083826,0.0379144096914144,3.0493734156772465,-0.204541723945408,1.0866278545155783,1.081534562537653,-0.1426858802547873,2.5531626479271203,1.6834925846586402
64.0,188.0,1005.079833984375,0.8078773908434,3.0635542735379326,-0.2222773718837908,3.644619233544741,-0.0438507735814526,1.4232936018416082,0.7302359461628485,0.463335757005806,3.131559441489576,1.6311643300045815
64.0,188.0,1005.9080810546876,1.0513515896295955,3.0324479004866207,-0.1399893757068982,2.5909601277576697,-0.1207554487964864,2.5126882206643253,1.1607896320933913,0.180815057255496,3.251736532375584,2.58552590355996
64.0,188.0,1005.7649536132812,0.2825466944237913,3.223371955913502,-1.130107795435179,3.475165291581171,-1.048330892200188,0.6773142097574366,1.7224453178602437,-0.0116344510771347,2.978858171781275,1.664112733334867
64.0,188.0,1003.8233642578124,1.028523366259821,3.0628461474330293,-0.3204188298828894,3.0167776901382988,0.2647472536681213,1.306874930918926,0.9514498344110252,-0.5399432597472117,3.348110656193866,0.8965220619264871
64.0,188.0,1006.2741088867188,1.643031542836416,3.606370926934152,-0.6934784640503268,3.544777025413626,-0.1168117638030309,0.939111865717292,1.235370936060419,0.8014975999324441,3.270795648100955,1.6707495569788469
64.0,188.0,1005.4312744140624,1.3627715738376884,3.076635121501396,-0.2203183241854567,3.1897560510402903,-0.4507563945197057,1.1522013466208365,1.072078304572779,-0.0715777010715543,3.2997649430028133,1.6650114468654638
64.0,188.0,1006.1286010742188,1.5630251164579407,3.034072154337606,-0.2144607478813976,3.3747890166807086,-0.1840946200972616,1.0834848120091078,1.505132191142844,0.0986427251527393,3.2971237436003165,1.6407078622033984
64.0,188.0,1004.8368530273438,-0.0192859539180938,3.1458012448024646,-0.4052589456220559,3.5837623621294377,-0.4446218579421889,1.004306573519272,1.0674916208430016,-0.1473208806064043,4.659302750457305,1.266183010783346
64.0,188.0,1005.0035400390624,1.488088734200528,3.2964916798764268,-0.081613556681665,3.4931910742310563,-0.4795947022471148,1.19443031097595,1.5983254058784726,0.3030366300005376,3.1093375136026897,1.3517079212642986
64.0,188.0,1005.59716796875,0.8422960777773174,3.0348209215701183,-0.2311176520887816,3.530445462000517,0.731073415144617,1.0838871087870037,1.0526527931079228,-0.2789778063184201,3.525442996103043,1.9314441196361605
64.0,188.0,1005.1682739257812,0.4758226699530498,2.725912301651685,-0.0230184400084026,3.5041163169939864,-0.2839688026094656,0.98246182909671,0.7814411067738086,0.0567855685067581,3.2908997596538847,1.3640380101297185
64.0,188.0,1004.932861328125,1.5796322669745138,2.974669102036052,-0.2759972217390695,3.567574034001228,-0.2093543612178015,1.4940440693796724,1.055340177568717,-0.0056815911348413,3.322450316094878,2.2801882162059304
64.0,188.0,1005.4376220703124,1.4939369051591875,3.208578143175042,-0.0838875551827738,3.6527902052474297,-0.0677512366808728,2.1295316682877434,1.0280783661595605,-0.0117743859456704,3.334761595860714,1.7120512362595308
64.0,188.0,1005.9476318359376,0.0416259073064684,3.056620648095169,0.9059087932371556,3.541676985417584,-0.4558259587305865,-0.3150494321593007,1.05123482986649,-0.0994281152615595,3.238383279985208,1.6565234082160285
64.0,188.0,1006.0139770507812,1.5426257774234884,2.963062015218996,-0.1644154265346108,3.571054709565818,-0.2255485820590461,1.124004775755031,1.0785750977224122,-0.0170868564908297,3.529492666873149,1.8095727813707885
64.0,188.0,1004.924560546875,1.3902787656971398,3.2388825019148166,-0.206591284257351,2.6835356447268124,-0.2393013169250669,1.0825663808182378,0.7880722208517016,0.1086941866441624,3.760609960660497,1.5499190461382142
64.0,188.0,1003.884033203125,1.1425112649696187,3.065090117718845,0.592860107788608,2.8071972518327133,0.2549808842303713,0.7688590957311772,1.1434486482266086,0.1774592781213724,3.2904317271738885,1.6652367097735672
64.0,188.0,1004.8756713867188,1.803103039357084,3.04969122379482,-0.2380855070972431,3.544222673085715,-0.3675432124331079,1.0049334701620785,1.0915745130618049,-0.0166428366782459,3.286393579044508,1.7128181502425668
64.0,188.0,1005.5949096679688,1.065741447403239,3.566321993171797,-0.1722097588879127,3.335195644635442,0.4153135222526197,1.6432684793938577,1.2308026718224587,0.3065238812510272,3.32453208933479,1.4181087479272612
64.0,188.0,1005.1708984375,1.5387374172758588,3.0630905424895096,-0.2761169812147975,3.539551483750204,-0.0710913967583387,1.0864629386437223,1.0432566156141505,0.0406253156605319,3.3703392304127733,1.6847979903288934
64.0,188.0,1004.3433227539062,1.5246637626108075,2.588764633984187,-0.2247483509817702,3.541791433209113,-0.2094105942329443,0.0900981966808316,1.4472220790014578,0.3634141441016041,3.275517642189521,1.677631713184814
64.0,188.0,1006.2902221679688,-0.4251081873792355,3.285807122763265,-0.1892787533432827,2.527234148491948,-0.6010386156964528,0.6565171337625719,1.76275366174798,-0.0125229395337214,3.152359389102193,1.536172754489335
64.0,188.0,1002.565185546875,0.5472914493255665,3.366882117201061,1.3060013984334584,1.9325170226020087,-1.0074251950736448,0.7432223534795421,1.6951969237110474,0.1334456915648295,3.316198941140461,1.659375229627378
64.0,188.0,1006.7476806640624,1.3783292661069166,2.227281756843792,0.7486796121921748,2.3676098445669496,-0.4352187250238886,0.1295667694666509,1.2582478032152908,0.9678886220425788,1.546052822985894,1.7088008776725607
64.0,188.0,1003.6841430664062,1.5264166200797986,3.063097861613356,-0.215819897253269,3.5490497273888275,-0.2048867388282806,1.0826619122252867,1.0511392207255632,-0.0170243374408754,3.2973942147249127,1.6821927523441609
64.0,188.0,1005.0227661132812,1.1090167985935704,3.054929262949412,0.2138404591139139,3.3785257770175283,-0.2062982807170551,0.6081492878130935,1.0163426512361524,-0.0348229360837541,3.2931519023315508,1.7331119502206431
64.0,188.0,1006.3912353515624,1.0823124156003283,3.145532408020725,0.0937498638335725,4.3492484902596935,-0.983369492477124,0.3045399617600217,1.0355153888892177,-0.6035785196627739,3.47882371336145,1.9749920545649893
64.0,188.0,1003.7677001953124,0.9753379059727132,3.027481911426474,0.8914709442373026,3.6385006360362526,-0.1936568623912141,0.9354252219936228,1.0515023454212475,1.5844169383747184,3.3013099988549235,1.6821957420369034
64.0,188.0,1005.7315063476562,1.5396689441273124,3.0386942734840274,0.0727790596694881,3.99653790662412,-0.2180394714265182,1.1227822176659112,0.9898665587735348,-0.0161734394273001,3.292559616599718,1.7283088665121291
64.0,188.0,1005.9786376953124,1.1755166225902458,3.0139295819900664,-0.2417305383366287,3.616814653335077,-0.2729520402836232,1.8592848557108288,1.1177652924446315,0.1211451494947978,3.912459696901169,2.2316448068592054
64.0,188.0,1004.7403564453124,0.4804166552562906,3.142058809388116,-0.507253232726782,3.78275224637308,-0.5671588827166028,1.1261544357254607,1.4122039073154182,0.5007209311294231,3.503301094810195,1.926829920271378
64.0,188.0,1004.5214233398438,1.3925082887281215,3.065088985864282,-0.1686798461004562,2.4937664364779137,-0.2246521629870259,1.0573601922845028,1.0844478999456344,-0.8866334099558765,3.2654268773896447,1.6563374701400866
64.0,188.0,1006.101806640625,1.5145614614356997,2.994643314133276,-0.4385238738008652,2.6498988515969346,-0.2204737755628775,1.1219320992016055,0.99350013477897,-0.0190371027451072,3.134156782158529,1.6797391789481235
64.0,188.0,1005.5848999023438,-0.4976473021030942,3.419951677935696,-0.3086301958483286,3.870154605804175,-1.1699164176837953,1.6993185462984577,0.8701808901365833,0.0028869377323087,3.427754210534899,1.6924904654891433
64.0,188.0,1005.2015991210938,-0.9065866190336698,2.536369936448513,1.0012825911920764,0.7384741288722001,-1.3043415059826065,0.8367591620529873,1.226872201567225,0.259522407071536,3.263528619159368,0.8166144550606269
64.0,188.0,1005.768310546875,1.5999854791936896,2.9805356758612893,-0.224463190705871,3.807145392204087,-0.3379384159359995,1.0087144864956603,0.8161970981207121,-0.0299745068515237,3.525817858828421,1.6851147134922917
64.0,189.0,1004.6443481445312,0.6900176227674764,3.063074350782302,-0.3302721781170479,3.0126561550720083,-0.1976159951512532,1.5970259768578052,1.2511792713171723,-0.0167520924344081,3.4265898532482377,1.5636003792452855
64.0,189.0,1004.2421264648438,1.1090451639676264,3.063170278295987,-0.1754780434512142,3.5433184929382966,-0.1568456031498367,1.0766389807596008,1.0528787249669178,-0.0171620058962041,3.1145081813601543,1.5893554756452115
64.0,189.0,1006.1292724609376,0.8825330645131402,3.064174342687368,-0.2362635771631851,3.582316996030628,-0.2074679037536006,0.9559810891053128,1.0531749231574068,-0.0434490340044395,3.286294651604756,2.3253331241426074
64.0,189.0,1005.7072143554688,1.6491448804843336,2.9104453120023,-0.2376035463302053,3.615676320374159,-0.5459213406507523,1.0802436756395946,1.0229389087533642,-0.0226071327225542,3.134768809825729,1.4551102740604491
64.0,189.0,1005.2555541992188,-0.5037094802039921,3.707585390221884,-0.3280569768488796,3.321070462527059,0.979043172621886,-0.4155761280008436,0.9565504599200948,0.2951346271246178,3.295787014291044,2.1819067114242974
64.0,189.0,1006.83154296875,1.5265036097584397,2.4688393553651458,-0.2193779993269236,3.456649131017686,-0.280184533111481,1.4322115030166764,0.0073984864598439,0.0552709621325861,2.764100911123255,1.699477136905433
64.0,189.0,1006.2119140625,0.4893625390202833,1.7795423029239368,-0.2283334970089545,3.1277989280704825,0.4981169607027755,1.141197769335064,2.5146578201478693,1.975507430672696,4.311031517865723,2.0922100116751228
64.0,189.0,1005.1494140625,1.4267671879387,2.82151791963309,-0.2050135975394147,3.599402345635524,-0.212234014229664,1.0699343377498252,1.054124327480299,-0.0348381047181509,3.2384919490320403,1.683330061310487
64.0,189.0,1005.474853515625,1.5026949966969567,4.303640589644998,0.0467183102294996,3.508585978273294,-0.276222544546385,1.2632585220760255,0.9839023829757484,0.4548566034085533,3.319979299343642,1.681623450852277
64.0,189.0,1004.5355224609376,-0.2067583177486083,2.156645823399848,1.1237471826284795,3.780946817479548,-0.5114493991580722,1.3470285072754011,1.5426076556614716,0.9251629364195506,3.6326501297850458,1.193605314089168
64.0,189.0,1005.1493530273438,0.5735184706036716,3.028423329307017,0.2644622216036731,2.659398374348958,0.2306337810705419,1.0125999917583286,1.1341537852403114,0.5087035841895886,3.226086612326376,1.548830647479367
64.0,189.0,1004.7117919921876,0.4052530103725722,2.862964791291889,1.0244185980793992,1.6185629550949447,0.0861167524434486,0.806110362194968,0.5149989619430992,0.0762824622613271,3.306353246449835,1.6419964791765842
64.0,189.0,1005.585205078125,1.4441076734521072,3.066111509674269,0.0067028297138759,3.194813058276394,-0.2495793018936137,1.1591742150332562,1.047291772061316,-0.0635626710663064,3.2934046480925203,1.7277033081006632
64.0,189.0,1004.95849609375,0.9162956780313632,2.1247201074083826,0.0379144096914144,3.0493734156772465,-0.204541723945408,1.0866278545155783,1.081534562537653,-0.1426858802547873,2.5531626479271203,1.6834925846586402
64.0,189.0,1005.079833984375,0.8078773908434,3.0635542735379326,-0.2222773718837908,3.644619233544741,-0.0438507735814526,1.4232936018416082,0.7302359461628485,0.463335757005806,3.131559441489576,1.6311643300045815
64.0,189.0,1005.9080810546876,1.0513515896295955,3.0324479004866207,-0.1399893757068982,2.5909601277576697,-0.1207554487964864,2.5126882206643253,1.1607896320933913,0.180815057255496,3.251736532375584,2.58552590355996
64.0,189.0,1005.7649536132812,0.2825466944237913,3.223371955913502,-1.130107795435179,3.475165291581171,-1.048330892200188,0.6773142097574366,1.7224453178602437,-0.0116344510771347,2.978858171781275,1.664112733334867
64.0,189.0,1003.8233642578124,1.028523366259821,3.0628461474330293,-0.3204188298828894,3.0167776901382988,0.2647472536681213,1.306874930918926,0.9514498344110252,-0.5399432597472117,3.348110656193866,0.8965220619264871
64.0,189.0,1006.2741088867188,1.643031542836416,3.606370926934152,-0.6934784640503268,3.544777025413626,-0.1168117638030309,0.939111865717292,1.235370936060419,0.8014975999324441,3.270795648100955,1.6707495569788469
64.0,189.0,1005.4312744140624,1.3627715738376884,3.076635121501396,-0.2203183241854567,3.1897560510402903,-0.4507563945197057,1.1522013466208365,1.072078304572779,-0.0715777010715543,3.2997649430028133,1.6650114468654638
64.0,189.0,1006.1286010742188,1.5630251164579407,3.034072154337606,-0.2144607478813976,3.3747890166807086,-0.1840946200972616,1.0834848120091078,1.505132191142844,0.0986427251527393,3.2971237436003165,1.6407078622033984
64.0,189.0,1004.8368530273438,-0.0192859539180938,3.1458012448024646,-0.4052589456220559,3.5837623621294377,-0.4446218579421889,1.004306573519272,1.0674916208430016,-0.1473208806064043,4.659302750457305,1.266183010783346
64.0,189.0,1005.0035400390624,1.488088734200528,3.2964916798764268,-0.081613556681665,3.4931910742310563,-0.4795947022471148,1.19443031097595,1.5983254058784726,0.3030366300005376,3.1093375136026897,1.3517079212642986
64.0,189.0,1005.59716796875,0.8422960777773174,3.0348209215701183,-0.2311176520887816,3.530445462000517,0.731073415144617,1.0838871087870037,1.0526527931079228,-0.2789778063184201,3.525442996103043,1.9314441196361605
64.0,189.0,1005.1682739257812,0.4758226699530498,2.725912301651685,-0.0230184400084026,3.5041163169939864,-0.2839688026094656,0.98246182909671,0.7814411067738086,0.0567855685067581,3.2908997596538847,1.3640380101297185
64.0,189.0,1004.932861328125,1.5796322669745138,2.974669102036052,-0.2759972217390695,3.567574034001228,-0.2093543612178015,1.4940440693796724,1.055340177568717,-0.0056815911348413,3.322450316094878,2.2801882162059304
64.0,189.0,1005.4376220703124,1.4939369051591875,3.208578143175042,-0.0838875551827738,3.6527902052474297,-0.0677512366808728,2.1295316682877434,1.0280783661595605,-0.0117743859456704,3.334761595860714,1.7120512362595308
64.0,189.0,1005.9476318359376,0.0416259073064684,3.056620648095169,0.9059087932371556,3.541676985417584,-0.4558259587305865,-0.3150494321593007,1.05123482986649,-0.0994281152615595,3.238383279985208,1.6565234082160285
64.0,189.0,1006.0139770507812,1.5426257774234884,2.963062015218996,-0.1644154265346108,3.571054709565818,-0.2255485820590461,1.124004775755031,1.0785750977224122,-0.0170868564908297,3.529492666873149,1.8095727813707885
64.0,189.0,1004.924560546875,1.3902787656971398,3.2388825019148166,-0.206591284257351,2.6835356447268124,-0.2393013169250669,1.0825663808182378,0.7880722208517016,0.1086941866441624,3.760609960660497,1.5499190461382142
64.0,189.0,1003.884033203125,1.1425112649696187,3.065090117718845,0.592860107788608,2.8071972518327133,0.2549808842303713,0.7688590957311772,1.1434486482266086,0.1774592781213724,3.2904317271738885,1.6652367097735672
64.0,189.0,1004.8756713867188,1.803103039357084,3.04969122379482,-0.2380855070972431,3.544222673085715,-0.3675432124331079,1.0049334701620785,1.0915745130618049,-0.0166428366782459,3.286393579044508,1.7128181502425668
64.0,189.0,1005.5949096679688,1.065741447403239,3.566321993171797,-0.1722097588879127,3.335195644635442,0.4153135222526197,1.6432684793938577,1.2308026718224587,0.3065238812510272,3.32453208933479,1.4181087479272612
64.0,189.0,1005.1708984375,1.5387374172758588,3.0630905424895096,-0.2761169812147975,3.539551483750204,-0.0710913967583387,1.0864629386437223,1.0432566156141505,0.0406253156605319,3.3703392304127733,1.6847979903288934
64.0,189.0,1004.3433227539062,1.5246637626108075,2.588764633984187,-0.2247483509817702,3.541791433209113,-0.2094105942329443,0.0900981966808316,1.4472220790014578,0.3634141441016041,3.275517642189521,1.677631713184814
64.0,189.0,1006.2902221679688,-0.4251081873792355,3.285807122763265,-0.1892787533432827,2.527234148491948,-0.6010386156964528,0.6565171337625719,1.76275366174798,-0.0125229395337214,3.152359389102193,1.536172754489335
64.0,189.0,1002.565185546875,0.5472914493255665,3.366882117201061,1.3060013984334584,1.9325170226020087,-1.0074251950736448,0.7432223534795421,1.6951969237110474,0.1334456915648295,3.316198941140461,1.659375229627378
64.0,189.0,1006.7476806640624,1.3783292661069166,2.227281756843792,0.7486796121921748,2.3676098445669496,-0.4352187250238886,0.1295667694666509,1.2582478032152908,0.9678886220425788,1.546052822985894,1.7088008776725607
64.0,189.0,1003.6841430664062,1.5264166200797986,3.063097861613356,-0.215819897253269,3.5490497273888275,-0.2048867388282806,1.0826619122252867,1.0511392207255632,-0.0170243374408754,3.2973942147249127,1.6821927523441609
64.0,189.0,1005.0227661132812,1.1090167985935704,3.054929262949412,0.2138404591139139,3.3785257770175283,-0.2062982807170551,0.6081492878130935,1.0163426512361524,-0.0348229360837541,3.2931519023315508,1.7331119502206431
64.0,189.0,1006.3912353515624,1.0823124156003283,3.145532408020725,0.0937498638335725,4.3492484902596935,-0.983369492477124,0.3045399617600217,1.0355153888892177,-0.6035785196627739,3.47882371336145,1.9749920545649893
64.0,189.0,1003.7677001953124,0.9753379059727132,3.027481911426474,0.8914709442373026,3.6385006360362526,-0.1936568623912141,0.9354252219936228,1.0515023454212475,1.5844169383747184,3.3013099988549235,1.6821957420369034
64.0,189.0,1005.7315063476562,1.5396689441273124,3.0386942734840274,0.0727790596694881,3.99653790662412,-0.2180394714265182,1.1227822176659112,0.9898665587735348,-0.0161734394273001,3.292559616599718,1.7283088665121291
64.0,189.0,1005.9786376953124,1.1755166225902458,3.0139295819900664,-0.2417305383366287,3.616814653335077,-0.2729520402836232,1.8592848557108288,1.1177652924446315,0.1211451494947978,3.912459696901169,2.2316448068592054
64.0,189.0,1004.7403564453124,0.4804166552562906,3.142058809388116,-0.507253232726782,3.78275224637308,-0.5671588827166028,1.1261544357254607,1.4122039073154182,0.5007209311294231,3.503301094810195,1.926829920271378
64.0,189.0,1004.5214233398438,1.3925082887281215,3.065088985864282,-0.1686798461004562,2.4937664364779137,-0.2246521629870259,1.0573601922845028,1.0844478999456344,-0.8866334099558765,3.2654268773896447,1.6563374701400866
64.0,189.0,1006.101806640625,1.5145614614356997,2.994643314133276,-0.4385238738008652,2.6498988515969346,-0.2204737755628775,1.1219320992016055,0.99350013477897,-0.0190371027451072,3.134156782158529,1.6797391789481235
64.0,189.0,1005.5848999023438,-0.4976473021030942,3.419951677935696,-0.3086301958483286,3.870154605804175,-1.1699164176837953,1.6993185462984577,0.8701808901365833,0.0028869377323087,3.427754210534899,1.6924904654891433
64.0,189.0,1005.2015991210938,-0.9065866190336698,2.536369936448513,1.0012825911920764,0.7384741288722001,-1.3043415059826065,0.8367591620529873,1.226872201567225,0.259522407071536,3.263528619159368,0.8166144550606269
64.0,189.0,1005.768310546875,1.5999854791936896,2.9805356758612893,-0.224463190705871,3.807145392204087,-0.3379384159359995,1.0087144864956603,0.8161970981207121,-0.0299745068515237,3.525817858828421,1.6851147134922917
64.0,190.0,1004.6443481445312,0.6900176227674764,3.063074350782302,-0.3302721781170479,3.0126561550720083,-0.1976159951512532,1.5970259768578052,1.2511792713171723,-0.0167520924344081,3.4265898532482377,1.5636003792452855
64.0,190.0,1004.2421264648438,1.1090451639676264,3.063170278295987,-0.1754780434512142,3.5433184929382966,-0.1568456031498367,1.0766389807596008,1.0528787249669178,-0.0171620058962041,3.1145081813601543,1.5893554756452115
64.0,190.0,1006.1292724609376,0.8825330645131402,3.064174342687368,-0.2362635771631851,3.582316996030628,-0.2074679037536006,0.9559810891053128,1.0531749231574068,-0.0434490340044395,3.286294651604756,2.3253331241426074
64.0,190.0,1005.7072143554688,1.6491448804843336,2.9104453120023,-0.2376035463302053,3.615676320374159,-0.5459213406507523,1.0802436756395946,1.0229389087533642,-0.0226071327225542,3.134768809825729,1.4551102740604491
64.0,190.0,1005.2555541992188,-0.5037094802039921,3.707585390221884,-0.3280569768488796,3.321070462527059,0.979043172621886,-0.4155761280008436,0.9565504599200948,0.2951346271246178,3.295787014291044,2.1819067114242974
64.0,190.0,1006.83154296875,1.5265036097584397,2.4688393553651458,-0.2193779993269236,3.456649131017686,-0.280184533111481,1.4322115030166764,0.0073984864598439,0.0552709621325861,2.764100911123255,1.699477136905433
64.0,190.0,1006.2119140625,0.4893625390202833,1.7795423029239368,-0.2283334970089545,3.1277989280704825,0.4981169607027755,1.141197769335064,2.5146578201478693,1.975507430672696,4.311031517865723,2.0922100116751228
64.0,190.0,1005.1494140625,1.4267671879387,2.82151791963309,-0.2050135975394147,3.599402345635524,-0.212234014229664,1.0699343377498252,1.054124327480299,-0.0348381047181509,3.2384919490320403,1.683330061310487
64.0,190.0,1005.474853515625,1.5026949966969567,4.303640589644998,0.0467183102294996,3.508585978273294,-0.276222544546385,1.2632585220760255,0.9839023829757484,0.4548566034085533,3.319979299343642,1.681623450852277
64.0,190.0,1004.5355224609376,-0.2067583177486083,2.156645823399848,1.1237471826284795,3.780946817479548,-0.5114493991580722,1.3470285072754011,1.5426076556614716,0.9251629364195506,3.6326501297850458,1.193605314089168
64.0,190.0,1005.1493530273438,0.5735184706036716,3.028423329307017,0.2644622216036731,2.659398374348958,0.2306337810705419,1.0125999917583286,1.1341537852403114,0.5087035841895886,3.226086612326376,1.548830647479367
64.0,190.0,1004.7117919921876,0.4052530103725722,2.862964791291889,1.0244185980793992,1.6185629550949447,0.0861167524434486,0.806110362194968,0.5149989619430992,0.0762824622613271,3.306353246449835,1.6419964791765842
64.0,190.0,1005.585205078125,1.4441076734521072,3.066111509674269,0.0067028297138759,3.194813058276394,-0.2495793018936137,1.1591742150332562,1.047291772061316,-0.0635626710663064,3.2934046480925203,1.7277033081006632
64.0,190.0,1004.95849609375,0.9162956780313632,2.1247201074083826,0.0379144096914144,3.0493734156772465,-0.204541723945408,1.0866278545155783,1.081534562537653,-0.1426858802547873,2.5531626479271203,1.6834925846586402
64.0,190.0,1005.079833984375,0.8078773908434,3.0635542735379326,-0.2222773718837908,3.644619233544741,-0.0438507735814526,1.4232936018416082,0.7302359461628485,0.463335757005806,3.131559441489576,1.6311643300045815
64.0,190.0,1005.9080810546876,1.0513515896295955,3.0324479004866207,-0.1399893757068982,2.5909601277576697,-0.1207554487964864,2.5126882206643253,1.1607896320933913,0.180815057255496,3.251736532375584,2.58552590355996
64.0,190.0,1005.7649536132812,0.2825466944237913,3.223371955913502,-1.130107795435179,3.475165291581171,-1.048330892200188,0.6773142097574366,1.7224453178602437,-0.0116344510771347,2.978858171781275,1.664112733334867
64.0,190.0,1003.8233642578124,1.028523366259821,3.0628461474330293,-0.3204188298828894,3.0167776901382988,0.2647472536681213,1.306874930918926,0.9514498344110252,-0.5399432597472117,3.348110656193866,0.8965220619264871
64.0,190.0,1006.2741088867188,1.643031542836416,3.606370926934152,-0.6934784640503268,3.544777025413626,-0.1168117638030309,0.939111865717292,1.235370936060419,0.8014975999324441,3.270795648100955,1.6707495569788469
64.0,190.0,1005.4312744140624,1.3627715738376884,3.076635121501396,-0.2203183241854567,3.1897560510402903,-0.4507563945197057,1.1522013466208365,1.072078304572779,-0.0715777010715543,3.2997649430028133,1.6650114468654638
64.0,190.0,1006.1286010742188,1.5630251164579407,3.034072154337606,-0.2144607478813976,3.3747890166807086,-0.1840946200972616,1.0834848120091078,1.505132191142844,0.0986427251527393,3.2971237436003165,1.6407078622033984
64.0,190.0,1004.8368530273438,-0.0192859539180938,3.1458012448024646,-0.4052589456220559,3.5837623621294377,-0.4446218579421889,1.004306573519272,1.0674916208430016,-0.1473208806064043,4.659302750457305,1.266183010783346
64.0,190.0,1005.0035400390624,1.488088734200528,3.2964916798764268,-0.081613556681665,3.4931910742310563,-0.4795947022471148,1.19443031097595,1.5983254058784726,0.3030366300005376,3.1093375136026897,1.3517079212642986
64.0,190.0,1005.59716796875,0.8422960777773174,3.0348209215701183,-0.2311176520887816,3.530445462000517,0.731073415144617,1.0838871087870037,1.0526527931079228,-0.2789778063184201,3.525442996103043,1.9314441196361605
64.0,190.0,1005.1682739257812,0.4758226699530498,2.725912301651685,-0.0230184400084026,3.5041163169939864,-0.2839688026094656,0.98246182909671,0.7814411067738086,0.0567855685067581,3.2908997596538847,1.3640380101297185
64.0,190.0,1004.932861328125,1.5796322669745138,2.974669102036052,-0.2759972217390695,3.567574034001228,-0.2093543612178015,1.4940440693796724,1.055340177568717,-0.0056815911348413,3.322450316094878,2.2801882162059304
64.0,190.0,1005.4376220703124,1.4939369051591875,3.208578143175042,-0.0838875551827738,3.6527902052474297,-0.0677512366808728,2.1295316682877434,1.0280783661595605,-0.0117743859456704,3.334761595860714,1.7120512362595308
64.0,190.0,1005.9476318359376,0.0416259073064684,3.056620648095169,0.9059087932371556,3.541676985417584,-0.4558259587305865,-0.3150494321593007,1.05123482986649,-0.0994281152615595,3.238383279985208,1.6565234082160285
64.0,190.0,1006.0139770507812,1.5426257774234884,2.963062015218996,-0.1644154265346108,3.571054709565818,-0.2255485820590461,1.124004775755031,1.0785750977224122,-0.0170868564908297,3.529492666873149,1.8095727813707885
64.0,190.0,1004.924560546875,1.3902787656971398,3.2388825019148166,-0.206591284257351,2.6835356447268124,-0.2393013169250669,1.0825663808182378,0.7880722208517016,0.1086941866441624,3.760609960660497,1.5499190461382142
64.0,190.0,1003.884033203125,1.1425112649696187,3.065090117718845,0.592860107788608,2.8071972518327133,0.2549808842303713,0.7688590957311772,1.1434486482266086,0.1774592781213724,3.2904317271738885,1.6652367097735672
64.0,190.0,1004.8756713867188,1.803103039357084,3.04969122379482,-0.2380855070972431,3.544222673085715,-0.3675432124331079,1.0049334701620785,1.0915745130618049,-0.0166428366782459,3.286393579044508,1.7128181502425668
64.0,190.0,1005.5949096679688,1.065741447403239,3.566321993171797,-0.1722097588879127,3.335195644635442,0.4153135222526197,1.6432684793938577,1.2308026718224587,0.3065238812510272,3.32453208933479,1.4181087479272612
64.0,190.0,1005.1708984375,1.5387374172758588,3.0630905424895096,-0.2761169812147975,3.539551483750204,-0.0710913967583387,1.0864629386437223,1.0432566156141505,0.0406253156605319,3.3703392304127733,1.6847979903288934
64.0,190.0,1004.3433227539062,1.5246637626108075,2.588764633984187,-0.2247483509817702,3.541791433209113,-0.2094105942329443,0.0900981966808316,1.4472220790014578,0.3634141441016041,3.275517642189521,1.677631713184814
64.0,190.0,1006.2902221679688,-0.4251081873792355,3.285807122763265,-0.1892787533432827,2.527234148491948,-0.6010386156964528,0.6565171337625719,1.76275366174798,-0.0125229395337214,3.152359389102193,1.536172754489335
64.0,190.0,1002.565185546875,0.5472914493255665,3.366882117201061,1.3060013984334584,1.9325170226020087,-1.0074251950736448,0.7432223534795421,1.6951969237110474,0.1334456915648295,3.316198941140461,1.659375229627378
64.0,190.0,1006.7476806640624,1.3783292661069166,2.227281756843792,0.7486796121921748,2.3676098445669496,-0.4352187250238886,0.1295667694666509,1.2582478032152908,0.9678886220425788,1.546052822985894,1.7088008776725607
64.0,190.0,1003.6841430664062,1.5264166200797986,3.063097861613356,-0.215819897253269,3.5490497273888275,-0.2048867388282806,1.0826619122252867,1.0511392207255632,-0.0170243374408754,3.2973942147249127,1.6821927523441609
64.0,190.0,1005.0227661132812,1.1090167985935704,3.054929262949412,0.2138404591139139,3.3785257770175283,-0.2062982807170551,0.6081492878130935,1.0163426512361524,-0.0348229360837541,3.2931519023315508,1.7331119502206431
64.0,190.0,1006.3912353515624,1.0823124156003283,3.145532408020725,0.0937498638335725,4.3492484902596935,-0.983369492477124,0.3045399617600217,1.0355153888892177,-0.6035785196627739,3.47882371336145,1.9749920545649893
64.0,190.0,1003.7677001953124,0.9753379059727132,3.027481911426474,0.8914709442373026,3.6385006360362526,-0.1936568623912141,0.9354252219936228,1.0515023454212475,1.5844169383747184,3.3013099988549235,1.6821957420369034
64.0,190.0,1005.7315063476562,1.5396689441273124,3.0386942734840274,0.0727790596694881,3.99653790662412,-0.2180394714265182,1.1227822176659112,0.9898665587735348,-0.0161734394273001,3.292559616599718,1.7283088665121291
64.0,190.0,1005.9786376953124,1.1755166225902458,3.0139295819900664,-0.2417305383366287,3.616814653335077,-0.2729520402836232,1.8592848557108288,1.1177652924446315,0.1211451494947978,3.912459696901169,2.2316448068592054
64.0,190.0,1004.7403564453124,0.4804166552562906,3.142058809388116,-0.507253232726782,3.78275224637308,-0.5671588827166028,1.1261544357254607,1.4122039073154182,0.5007209311294231,3.503301094810195,1.926829920271378
64.0,190.0,1004.5214233398438,1.3925082887281215,3.065088985864282,-0.1686798461004562,2.4937664364779137,-0.2246521629870259,1.0573601922845028,1.0844478999456344,-0.8866334099558765,3.2654268773896447,1.6563374701400866
64.0,190.0,1006.101806640625,1.5145614614356997,2.994643314133276,-0.4385238738008652,2.6498988515969346,-0.2204737755628775,1.1219320992016055,0.99350013477897,-0.0190371027451072,3.134156782158529,1.6797391789481235
64.0,190.0,1005.5848999023438,-0.4976473021030942,3.419951677935696,-0.3086301958483286,3.870154605804175,-1.1699164176837953,1.6993185462984577,0.8701808901365833,0.0028869377323087,3.427754210534899,1.6924904654891433
64.0,190.0,1005.2015991210938,-0.9065866190336698,2.536369936448513,1.0012825911920764,0.7384741288722001,-1.3043415059826065,0.8367591620529873,1.226872201567225,0.259522407071536,3.263528619159368,0.8166144550606269
64.0,190.0,1005.768310546875,1.5999854791936896,2.9805356758612893,-0.224463190705871,3.807145392204087,-0.3379384159359995,1.0087144864956603,0.8161970981207121,-0.0299745068515237,3.525817858828421,1.6851147134922917
64.0,191.0,1004.6443481445312,0.6900176227674764,3.063074350782302,-0.3302721781170479,3.0126561550720083,-0.1976159951512532,1.5970259768578052,1.2511792713171723,-0.0167520924344081,3.4265898532482377,1.5636003792452855
64.0,191.0,1004.2421264648438,1.1090451639676264,3.063170278295987,-0.1754780434512142,3.5433184929382966,-0.1568456031498367,1.0766389807596008,1.0528787249669178,-0.0171620058962041,3.1145081813601543,1.5893554756452115
64.0,191.0,1006.1292724609376,0.8825330645131402,3.064174342687368,-0.2362635771631851,3.582316996030628,-0.2074679037536006,0.9559810891053128,1.0531749231574068,-0.0434490340044395,3.286294651604756,2.3253331241426074
64.0,191.0,1005.7072143554688,1.6491448804843336,2.9104453120023,-0.2376035463302053,3.615676320374159,-0.5459213406507523,1.0802436756395946,1.0229389087533642,-0.0226071327225542,3.134768809825729,1.4551102740604491
64.0,191.0,1005.2555541992188,-0.5037094802039921,3.707585390221884,-0.3280569768488796,3.321070462527059,0.979043172621886,-0.4155761280008436,0.9565504599200948,0.2951346271246178,3.295787014291044,2.1819067114242974
64.0,191.0,1006.83154296875,1.5265036097584397,2.4688393553651458,-0.2193779993269236,3.456649131017686,-0.280184533111481,1.4322115030166764,0.0073984864598439,0.0552709621325861,2.764100911123255,1.699477136905433
64.0,191.0,1006.2119140625,0.4893625390202833,1.7795423029239368,-0.2283334970089545,3.1277989280704825,0.4981169607027755,1.141197769335064,2.5146578201478693,1.975507430672696,4.311031517865723,2.0922100116751228
64.0,191.0,1005.1494140625,1.4267671879387,2.82151791963309,-0.2050135975394147,3.599402345635524,-0.212234014229664,1.0699343377498252,1.054124327480299,-0.0348381047181509,3.2384919490320403,1.683330061310487
64.0,191.0,1005.474853515625,1.5026949966969567,4.303640589644998,0.0467183102294996,3.508585978273294,-0.276222544546385,1.2632585220760255,0.9839023829757484,0.4548566034085533,3.319979299343642,1.681623450852277
64.0,191.0,1004.5355224609376,-0.2067583177486083,2.156645823399848,1.1237471826284795,3.780946817479548,-0.5114493991580722,1.3470285072754011,1.5426076556614716,0.9251629364195506,3.6326501297850458,1.193605314089168
64.0,191.0,1005.1493530273438,0.5735184706036716,3.028423329307017,0.2644622216036731,2.659398374348958,0.2306337810705419,1.0125999917583286,1.1341537852403114,0.5087035841895886,3.226086612326376,1.548830647479367
64.0,191.0,1004.7117919921876,0.4052530103725722,2.862964791291889,1.0244185980793992,1.6185629550949447,0.0861167524434486,0.806110362194968,0.5149989619430992,0.0762824622613271,3.306353246449835,1.6419964791765842
64.0,191.0,1005.585205078125,1.4441076734521072,3.066111509674269,0.0067028297138759,3.194813058276394,-0.2495793018936137,1.1591742150332562,1.047291772061316,-0.0635626710663064,3.2934046480925203,1.7277033081006632
64.0,191.0,1004.95849609375,0.9162956780313632,2.1247201074083826,0.0379144096914144,3.0493734156772465,-0.204541723945408,1.0866278545155783,1.081534562537653,-0.1426858802547873,2.5531626479271203,1.6834925846586402
64.0,191.0,1005.079833984375,0.8078773908434,3.0635542735379326,-0.2222773718837908,3.644619233544741,-0.0438507735814526,1.4232936018416082,0.7302359461628485,0.463335757005806,3.131559441489576,1.6311643300045815
64.0,191.0,1005.9080810546876,1.0513515896295955,3.0324479004866207,-0.1399893757068982,2.5909601277576697,-0.1207554487964864,2.5126882206643253,1.1607896320933913,0.180815057255496,3.251736532375584,2.58552590355996
64.0,191.0,1005.7649536132812,0.2825466944237913,3.223371955913502,-1.130107795435179,3.475165291581171,-1.048330892200188,0.6773142097574366,1.7224453178602437,-0.0116344510771347,2.978858171781275,1.664112733334867
64.0,191.0,1003.8233642578124,1.028523366259821,3.0628461474330293,-0.3204188298828894,3.0167776901382988,0.2647472536681213,1.306874930918926,0.9514498344110252,-0.5399432597472117,3.348110656193866,0.8965220619264871
64.0,191.0,1006.2741088867188,1.643031542836416,3.606370926934152,-0.6934784640503268,3.544777025413626,-0.1168117638030309,0.939111865717292,1.235370936060419,0.8014975999324441,3.270795648100955,1.6707495569788469
64.0,191.0,1005.4312744140624,1.3627715738376884,3.076635121501396,-0.2203183241854567,3.1897560510402903,-0.4507563945197057,1.1522013466208365,1.072078304572779,-0.0715777010715543,3.2997649430028133,1.6650114468654638
64.0,191.0,1006.1286010742188,1.5630251164579407,3.034072154337606,-0.2144607478813976,3.3747890166807086,-0.1840946200972616,1.0834848120091078,1.505132191142844,0.0986427251527393,3.2971237436003165,1.6407078622033984
64.0,191.0,1004.8368530273438,-0.0192859539180938,3.1458012448024646,-0.4052589456220559,3.5837623621294377,-0.4446218579421889,1.004306573519272,1.0674916208430016,-0.1473208806064043,4.659302750457305,1.266183010783346
64.0,191.0,1005.0035400390624,1.488088734200528,3.2964916798764268,-0.081613556681665,3.4931910742310563,-0.4795947022471148,1.19443031097595,1.5983254058784726,0.3030366300005376,3.1093375136026897,1.3517079212642986
64.0,191.0,1005.59716796875,0.8422960777773174,3.0348209215701183,-0.2311176520887816,3.530445462000517,0.731073415144617,1.0838871087870037,1.0526527931079228,-0.2789778063184201,3.525442996103043,1.9314441196361605
64.0,191.0,1005.1682739257812,0.4758226699530498,2.725912301651685,-0.0230184400084026,3.5041163169939864,-0.2839688026094656,0.98246182909671,0.7814411067738086,0.0567855685067581,3.2908997596538847,1.3640380101297185
64.0,191.0,1004.932861328125,1.5796322669745138,2.974669102036052,-0.2759972217390695,3.567574034001228,-0.2093543612178015,1.4940440693796724,1.055340177568717,-0.0056815911348413,3.322450316094878,2.2801882162059304
64.0,191.0,1005.4376220703124,1.4939369051591875,3.208578143175042,-0.0838875551827738,3.6527902052474297,-0.0677512366808728,2.1295316682877434,1.0280783661595605,-0.0117743859456704,3.334761595860714,1.7120512362595308
64.0,191.0,1005.9476318359376,0.0416259073064684,3.056620648095169,0.9059087932371556,3.541676985417584,-0.4558259587305865,-0.3150494321593007,1.05123482986649,-0.0994281152615595,3.238383279985208,1.6565234082160285
64.0,191.0,1006.0139770507812,1.5426257774234884,2.963062015218996,-0.1644154265346108,3.571054709565818,-0.2255485820590461,1.124004775755031,1.0785750977224122,-0.0170868564908297,3.529492666873149,1.8095727813707885
64.0,191.0,1004.924560546875,1.3902787656971398,3.2388825019148166,-0.206591284257351,2.6835356447268124,-0.2393013169250669,1.0825663808182378,0.7880722208517016,0.1086941866441624,3.760609960660497,1.5499190461382142
64.0,191.0,1003.884033203125,1.1425112649696187,3.065090117718845,0.592860107788608,2.8071972518327133,0.2549808842303713,0.7688590957311772,1.1434486482266086,0.1774592781213724,3.2904317271738885,1.6652367097735672
64.0,191.0,1004.8756713867188,1.803103039357084,3.04969122379482,-0.2380855070972431,3.544222673085715,-0.3675432124331079,1.0049334701620785,1.0915745130618049,-0.0166428366782459,3.286393579044508,1.7128181502425668
64.0,191.0,1005.5949096679688,1.065741447403239,3.566321993171797,-0.1722097588879127,3.335195644635442,0.4153135222526197,1.6432684793938577,1.2308026718224587,0.3065238812510272,3.32453208933479,1.4181087479272612
64.0,191.0,1005.1708984375,1.5387374172758588,3.0630905424895096,-0.2761169812147975,3.539551483750204,-0.0710913967583387,1.0864629386437223,1.0432566156141505,0.0406253156605319,3.3703392304127733,1.6847979903288934
64.0,191.0,1004.3433227539062,1.5246637626108075,2.588764633984187,-0.2247483509817702,3.541791433209113,-0.2094105942329443,0.0900981966808316,1.4472220790014578,0.3634141441016041,3.275517642189521,1.677631713184814
64.0,191.0,1006.2902221679688,-0.4251081873792355,3.285807122763265,-0.1892787533432827,2.527234148491948,-0.6010386156964528,0.6565171337625719,1.76275366174798,-0.0125229395337214,3.152359389102193,1.536172754489335
64.0,191.0,1002.565185546875,0.5472914493255665,3.366882117201061,1.3060013984334584,1.9325170226020087,-1.0074251950736448,0.7432223534795421,1.6951969237110474,0.1334456915648295,3.316198941140461,1.659375229627378
64.0,191.0,1006.7476806640624,1.3783292661069166,2.227281756843792,0.7486796121921748,2.3676098445669496,-0.4352187250238886,0.1295667694666509,1.2582478032152908,0.9678886220425788,1.546052822985894,1.7088008776725607
64.0,191.0,1003.6841430664062,1.5264166200797986,3.063097861613356,-0.215819897253269,3.5490497273888275,-0.2048867388282806,1.0826619122252867,1.0511392207255632,-0.0170243374408754,3.2973942147249127,1.6821927523441609
64.0,191.0,1005.0227661132812,1.1090167985935704,3.054929262949412,0.2138404591139139,3.3785257770175283,-0.2062982807170551,0.6081492878130935,1.0163426512361524,-0.0348229360837541,3.2931519023315508,1.7331119502206431
64.0,191.0,1006.3912353515624,1.0823124156003283,3.145532408020725,0.0937498638335725,4.3492484902596935,-0.983369492477124,0.3045399617600217,1.0355153888892177,-0.6035785196627739,3.47882371336145,1.9749920545649893
64.0,191.0,1003.7677001953124,0.9753379059727132,3.027481911426474,0.8914709442373026,3.6385006360362526,-0.1936568623912141,0.9354252219936228,1.0515023454212475,1.5844169383747184,3.3013099988549235,1.6821957420369034
64.0,191.0,1005.7315063476562,1.5396689441273124,3.0386942734840274,0.0727790596694881,3.99653790662412,-0.2180394714265182,1.1227822176659112,0.9898665587735348,-0.0161734394273001,3.292559616599718,1.7283088665121291
64.0,191.0,1005.9786376953124,1.1755166225902458,3.0139295819900664,-0.2417305383366287,3.616814653335077,-0.2729520402836232,1.8592848557108288,1.1177652924446315,0.1211451494947978,3.912459696901169,2.2316448068592054
64.0,191.0,1004.7403564453124,0.4804166552562906,3.142058809388116,-0.507253232726782,3.78275224637308,-0.5671588827166028,1.1261544357254607,1.4122039073154182,0.5007209311294231,3.503301094810195,1.926829920271378
64.0,191.0,1004.5214233398438,1.3925082887281215,3.065088985864282,-0.1686798461004562,2.4937664364779137,-0.2246521629870259,1.0573601922845028,1.0844478999456344,-0.8866334099558765,3.2654268773896447,1.6563374701400866
64.0,191.0,1006.101806640625,1.5145614614356997,2.994643314133276,-0.4385238738008652,2.6498988515969346,-0.2204737755628775,1.1219320992016055,0.99350013477897,-0.0190371027451072,3.134156782158529,1.6797391789481235
64.0,191.0,1005.5848999023438,-0.4976473021030942,3.419951677935696,-0.3086301958483286,3.870154605804175,-1.1699164176837953,1.6993185462984577,0.8701808901365833,0.0028869377323087,3.427754210534899,1.6924904654891433
64.0,191.0,1005.2015991210938,-0.9065866190336698,2.536369936448513,1.0012825911920764,0.7384741288722001,-1.3043415059826065,0.8367591620529873,1.226872201567225,0.259522407071536,3.263528619159368,0.8166144550606269
64.0,191.0,1005.768310546875,1.5999854791936896,2.9805356758612893,-0.224463190705871,3.807145392204087,-0.3379384159359995,1.0087144864956603,0.8161970981207121,-0.0299745068515237,3.525817858828421,1.6851147134922917
64.0,192.0,1004.6443481445312,0.6900176227674764,3.063074350782302,-0.3302721781170479,3.0126561550720083,-0.1976159951512532,1.5970259768578052,1.2511792713171723,-0.0167520924344081,3.4265898532482377,1.5636003792452855
64.0,192.0,1004.2421264648438,1.1090451639676264,3.063170278295987,-0.1754780434512142,3.5433184929382966,-0.1568456031498367,1.0766389807596008,1.0528787249669178,-0.0171620058962041,3.1145081813601543,1.5893554756452115
64.0,192.0,1006.1292724609376,0.8825330645131402,3.064174342687368,-0.2362635771631851,3.582316996030628,-0.2074679037536006,0.9559810891053128,1.0531749231574068,-0.0434490340044395,3.286294651604756,2.3253331241426074
64.0,192.0,1005.7072143554688,1.6491448804843336,2.9104453120023,-0.2376035463302053,3.615676320374159,-0.5459213406507523,1.0802436756395946,1.0229389087533642,-0.0226071327225542,3.134768809825729,1.4551102740604491
64.0,192.0,1005.2555541992188,-0.5037094802039921,3.707585390221884,-0.3280569768488796,3.321070462527059,0.979043172621886,-0.4155761280008436,0.9565504599200948,0.2951346271246178,3.295787014291044,2.1819067114242974
64.0,192.0,1006.83154296875,1.5265036097584397,2.4688393553651458,-0.2193779993269236,3.456649131017686,-0.280184533111481,1.4322115030166764,0.0073984864598439,0.0552709621325861,2.764100911123255,1.699477136905433
64.0,192.0,1006.2119140625,0.4893625390202833,1.7795423029239368,-0.2283334970089545,3.1277989280704825,0.4981169607027755,1.141197769335064,2.5146578201478693,1.975507430672696,4.311031517865723,2.0922100116751228
64.0,192.0,1005.1494140625,1.4267671879387,2.82151791963309,-0.2050135975394147,3.599402345635524,-0.212234014229664,1.0699343377498252,1.054124327480299,-0.0348381047181509,3.2384919490320403,1.683330061310487
64.0,192.0,1005.474853515625,1.5026949966969567,4.303640589644998,0.0467183102294996,3.508585978273294,-0.276222544546385,1.2632585220760255,0.9839023829757484,0.4548566034085533,3.319979299343642,1.681623450852277
64.0,192.0,1004.5355224609376,-0.2067583177486083,2.156645823399848,1.1237471826284795,3.780946817479548,-0.5114493991580722,1.3470285072754011,1.5426076556614716,0.9251629364195506,3.6326501297850458,1.193605314089168
64.0,192.0,1005.1493530273438,0.5735184706036716,3.028423329307017,0.2644622216036731,2.659398374348958,0.2306337810705419,1.0125999917583286,1.1341537852403114,0.5087035841895886,3.226086612326376,1.548830647479367
64.0,192.0,1004.7117919921876,0.4052530103725722,2.862964791291889,1.0244185980793992,1.6185629550949447,0.0861167524434486,0.806110362194968,0.5149989619430992,0.0762824622613271,3.306353246449835,1.6419964791765842
64.0,192.0,1005.585205078125,1.4441076734521072,3.066111509674269,0.0067028297138759,3.194813058276394,-0.2495793018936137,1.1591742150332562,1.047291772061316,-0.0635626710663064,3.2934046480925203,1.7277033081006632
64.0,192.0,1004.95849609375,0.9162956780313632,2.1247201074083826,0.0379144096914144,3.0493734156772465,-0.204541723945408,1.0866278545155783,1.081534562537653,-0.1426858802547873,2.5531626479271203,1.6834925846586402
64.0,192.0,1005.079833984375,0.8078773908434,3.0635542735379326,-0.2222773718837908,3.644619233544741,-0.0438507735814526,1.4232936018416082,0.7302359461628485,0.463335757005806,3.131559441489576,1.6311643300045815
64.0,192.0,1005.9080810546876,1.0513515896295955,3.0324479004866207,-0.1399893757068982,2.5909601277576697,-0.1207554487964864,2.5126882206643253,1.1607896320933913,0.180815057255496,3.251736532375584,2.58552590355996
64.0,192.0,1005.7649536132812,0.2825466944237913,3.223371955913502,-1.130107795435179,3.475165291581171,-1.048330892200188,0.6773142097574366,1.7224453178602437,-0.0116344510771347,2.978858171781275,1.664112733334867
64.0,192.0,1003.8233642578124,1.028523366259821,3.0628461474330293,-0.3204188298828894,3.0167776901382988,0.2647472536681213,1.306874930918926,0.9514498344110252,-0.5399432597472117,3.348110656193866,0.8965220619264871
64.0,192.0,1006.2741088867188,1.643031542836416,3.606370926934152,-0.6934784640503268,3.544777025413626,-0.1168117638030309,0.939111865717292,1.235370936060419,0.8014975999324441,3.270795648100955,1.6707495569788469
64.0,192.0,1005.4312744140624,1.3627715738376884,3.076635121501396,-0.2203183241854567,3.1897560510402903,-0.4507563945197057,1.1522013466208365,1.072078304572779,-0.0715777010715543,3.2997649430028133,1.6650114468654638
64.0,192.0,1006.1286010742188,1.5630251164579407,3.034072154337606,-0.2144607478813976,3.3747890166807086,-0.1840946200972616,1.0834848120091078,1.505132191142844,0.0986427251527393,3.2971237436003165,1.6407078622033984
64.0,192.0,1004.8368530273438,-0.0192859539180938,3.1458012448024646,-0.4052589456220559,3.5837623621294377,-0.4446218579421889,1.004306573519272,1.0674916208430016,-0.1473208806064043,4.659302750457305,1.266183010783346
64.0,192.0,1005.0035400390624,1.488088734200528,3.2964916798764268,-0.081613556681665,3.4931910742310563,-0.4795947022471148,1.19443031097595,1.5983254058784726,0.3030366300005376,3.1093375136026897,1.3517079212642986
64.0,192.0,1005.59716796875,0.8422960777773174,3.0348209215701183,-0.2311176520887816,3.530445462000517,0.731073415144617,1.0838871087870037,1.0526527931079228,-0.2789778063184201,3.525442996103043,1.9314441196361605
64.0,192.0,1005.1682739257812,0.4758226699530498,2.725912301651685,-0.0230184400084026,3.5041163169939864,-0.2839688026094656,0.98246182909671,0.7814411067738086,0.0567855685067581,3.2908997596538847,1.3640380101297185
64.0,192.0,1004.932861328125,1.5796322669745138,2.974669102036052,-0.2759972217390695,3.567574034001228,-0.2093543612178015,1.4940440693796724,1.055340177568717,-0.0056815911348413,3.322450316094878,2.2801882162059304
64.0,192.0,1005.4376220703124,1.4939369051591875,3.208578143175042,-0.0838875551827738,3.6527902052474297,-0.0677512366808728,2.1295316682877434,1.0280783661595605,-0.0117743859456704,3.334761595860714,1.7120512362595308
64.0,192.0,1005.9476318359376,0.0416259073064684,3.056620648095169,0.9059087932371556,3.541676985417584,-0.4558259587305865,-0.3150494321593007,1.05123482986649,-0.0994281152615595,3.238383279985208,1.6565234082160285
64.0,192.0,1006.0139770507812,1.5426257774234884,2.963062015218996,-0.1644154265346108,3.571054709565818,-0.2255485820590461,1.124004775755031,1.0785750977224122,-0.0170868564908297,3.529492666873149,1.8095727813707885
64.0,192.0,1004.924560546875,1.3902787656971398,3.2388825019148166,-0.206591284257351,2.6835356447268124,-0.2393013169250669,1.0825663808182378,0.7880722208517016,0.1086941866441624,3.760609960660497,1.5499190461382142
64.0,192.0,1003.884033203125,1.1425112649696187,3.065090117718845,0.592860107788608,2.8071972518327133,0.2549808842303713,0.7688590957311772,1.1434486482266086,0.1774592781213724,3.2904317271738885,1.6652367097735672
64.0,192.0,1004.8756713867188,1.803103039357084,3.04969122379482,-0.2380855070972431,3.544222673085715,-0.3675432124331079,1.0049334701620785,1.0915745130618049,-0.0166428366782459,3.286393579044508,1.7128181502425668
64.0,192.0,1005.5949096679688,1.065741447403239,3.566321993171797,-0.1722097588879127,3.335195644635442,0.4153135222526197,1.6432684793938577,1.2308026718224587,0.3065238812510272,3.32453208933479,1.4181087479272612
64.0,192.0,1005.1708984375,1.5387374172758588,3.0630905424895096,-0.2761169812147975,3.539551483750204,-0.0710913967583387,1.0864629386437223,1.0432566156141505,0.0406253156605319,3.3703392304127733,1.6847979903288934
64.0,192.0,1004.3433227539062,1.5246637626108075,2.588764633984187,-0.2247483509817702,3.541791433209113,-0.2094105942329443,0.0900981966808316,1.4472220790014578,0.3634141441016041,3.275517642189521,1.677631713184814
64.0,192.0,1006.2902221679688,-0.4251081873792355,3.285807122763265,-0.1892787533432827,2.527234148491948,-0.6010386156964528,0.6565171337625719,1.76275366174798,-0.0125229395337214,3.152359389102193,1.536172754489335
64.0,192.0,1002.565185546875,0.5472914493255665,3.366882117201061,1.3060013984334584,1.9325170226020087,-1.0074251950736448,0.7432223534795421,1.6951969237110474,0.1334456915648295,3.316198941140461,1.659375229627378
64.0,192.0,1006.7476806640624,1.3783292661069166,2.227281756843792,0.7486796121921748,2.3676098445669496,-0.4352187250238886,0.1295667694666509,1.2582478032152908,0.9678886220425788,1.546052822985894,1.7088008776725607
64.0,192.0,1003.6841430664062,1.5264166200797986,3.063097861613356,-0.215819897253269,3.5490497273888275,-0.2048867388282806,1.0826619122252867,1.0511392207255632,-0.0170243374408754,3.2973942147249127,1.6821927523441609
64.0,192.0,1005.0227661132812,1.1090167985935704,3.054929262949412,0.2138404591139139,3.3785257770175283,-0.2062982807170551,0.6081492878130935,1.0163426512361524,-0.0348229360837541,3.2931519023315508,1.7331119502206431
64.0,192.0,1006.3912353515624,1.0823124156003283,3.145532408020725,0.0937498638335725,4.3492484902596935,-0.983369492477124,0.3045399617600217,1.0355153888892177,-0.6035785196627739,3.47882371336145,1.9749920545649893
64.0,192.0,1003.7677001953124,0.9753379059727132,3.027481911426474,0.8914709442373026,3.6385006360362526,-0.1936568623912141,0.9354252219936228,1.0515023454212475,1.5844169383747184,3.3013099988549235,1.6821957420369034
64.0,192.0,1005.7315063476562,1.5396689441273124,3.0386942734840274,0.0727790596694881,3.99653790662412,-0.2180394714265182,1.1227822176659112,0.9898665587735348,-0.0161734394273001,3.292559616599718,1.7283088665121291
64.0,192.0,1005.9786376953124,1.1755166225902458,3.0139295819900664,-0.2417305383366287,3.616814653335077,-0.2729520402836232,1.8592848557108288,1.1177652924446315,0.1211451494947978,3.912459696901169,2.2316448068592054
64.0,192.0,1004.7403564453124,0.4804166552562906,3.142058809388116,-0.507253232726782,3.78275224637308,-0.5671588827166028,1.1261544357254607,1.4122039073154182,0.5007209311294231,3.503301094810195,1.926829920271378
64.0,192.0,1004.5214233398438,1.3925082887281215,3.065088985864282,-0.1686798461004562,2.4937664364779137,-0.2246521629870259,1.0573601922845028,1.0844478999456344,-0.8866334099558765,3.2654268773896447,1.6563374701400866
64.0,192.0,1006.101806640625,1.5145614614356997,2.994643314133276,-0.4385238738008652,2.6498988515969346,-0.2204737755628775,1.1219320992016055,0.99350013477897,-0.0190371027451072,3.134156782158529,1.6797391789481235
64.0,192.0,1005.5848999023438,-0.4976473021030942,3.419951677935696,-0.3086301958483286,3.870154605804175,-1.1699164176837953,1.6993185462984577,0.8701808901365833,0.0028869377323087,3.427754210534899,1.6924904654891433
64.0,192.0,1005.2015991210938,-0.9065866190336698,2.536369936448513,1.0012825911920764,0.7384741288722001,-1.3043415059826065,0.8367591620529873,1.226872201567225,0.259522407071536,3.263528619159368,0.8166144550606269
64.0,192.0,1005.768310546875,1.5999854791936896,2.9805356758612893,-0.224463190705871,3.807145392204087,-0.3379384159359995,1.0087144864956603,0.8161970981207121,-0.0299745068515237,3.525817858828421,1.6851147134922917
64.0,193.0,1004.6443481445312,0.6900176227674764,3.063074350782302,-0.3302721781170479,3.0126561550720083,-0.1976159951512532,1.5970259768578052,1.2511792713171723,-0.0167520924344081,3.4265898532482377,1.5636003792452855
64.0,193.0,1004.2421264648438,1.1090451639676264,3.063170278295987,-0.1754780434512142,3.5433184929382966,-0.1568456031498367,1.0766389807596008,1.0528787249669178,-0.0171620058962041,3.1145081813601543,1.5893554756452115
64.0,193.0,1006.1292724609376,0.8825330645131402,3.064174342687368,-0.2362635771631851,3.582316996030628,-0.2074679037536006,0.9559810891053128,1.0531749231574068,-0.0434490340044395,3.286294651604756,2.3253331241426074
64.0,193.0,1005.7072143554688,1.6491448804843336,2.9104453120023,-0.2376035463302053,3.615676320374159,-0.5459213406507523,1.0802436756395946,1.0229389087533642,-0.0226071327225542,3.134768809825729,1.4551102740604491
64.0,193.0,1005.2555541992188,-0.5037094802039921,3.707585390221884,-0.3280569768488796,3.321070462527059,0.979043172621886,-0.4155761280008436,0.9565504599200948,0.2951346271246178,3.295787014291044,2.1819067114242974
64.0,193.0,1006.83154296875,1.5265036097584397,2.4688393553651458,-0.2193779993269236,3.456649131017686,-0.280184533111481,1.4322115030166764,0.0073984864598439,0.0552709621325861,2.764100911123255,1.699477136905433
64.0,193.0,1006.2119140625,0.4893625390202833,1.7795423029239368,-0.2283334970089545,3.1277989280704825,0.4981169607027755,1.141197769335064,2.5146578201478693,1.975507430672696,4.311031517865723,2.0922100116751228
64.0,193.0,1005.1494140625,1.4267671879387,2.82151791963309,-0.2050135975394147,3.599402345635524,-0.212234014229664,1.0699343377498252,1.054124327480299,-0.0348381047181509,3.2384919490320403,1.683330061310487
64.0,193.0,1005.474853515625,1.5026949966969567,4.303640589644998,0.0467183102294996,3.508585978273294,-0.276222544546385,1.2632585220760255,0.9839023829757484,0.4548566034085533,3.319979299343642,1.681623450852277
64.0,193.0,1004.5355224609376,-0.2067583177486083,2.156645823399848,1.1237471826284795,3.780946817479548,-0.5114493991580722,1.3470285072754011,1.5426076556614716,0.9251629364195506,3.6326501297850458,1.193605314089168
64.0,193.0,1005.1493530273438,0.5735184706036716,3.028423329307017,0.2644622216036731,2.659398374348958,0.2306337810705419,1.0125999917583286,1.1341537852403114,0.5087035841895886,3.226086612326376,1.548830647479367
64.0,193.0,1004.7117919921876,0.4052530103725722,2.862964791291889,1.0244185980793992,1.6185629550949447,0.0861167524434486,0.806110362194968,0.5149989619430992,0.0762824622613271,3.306353246449835,1.6419964791765842
64.0,193.0,1005.585205078125,1.4441076734521072,3.066111509674269,0.0067028297138759,3.194813058276394,-0.2495793018936137,1.1591742150332562,1.047291772061316,-0.0635626710663064,3.2934046480925203,1.7277033081006632
64.0,193.0,1004.95849609375,0.9162956780313632,2.1247201074083826,0.0379144096914144,3.0493734156772465,-0.204541723945408,1.0866278545155783,1.081534562537653,-0.1426858802547873,2.5531626479271203,1.6834925846586402
64.0,193.0,1005.079833984375,0.8078773908434,3.0635542735379326,-0.2222773718837908,3.644619233544741,-0.0438507735814526,1.4232936018416082,0.7302359461628485,0.463335757005806,3.131559441489576,1.6311643300045815
64.0,193.0,1005.9080810546876,1.0513515896295955,3.0324479004866207,-0.1399893757068982,2.5909601277576697,-0.1207554487964864,2.5126882206643253,1.1607896320933913,0.180815057255496,3.251736532375584,2.58552590355996
64.0,193.0,1005.7649536132812,0.2825466944237913,3.223371955913502,-1.130107795435179,3.475165291581171,-1.048330892200188,0.6773142097574366,1.7224453178602437,-0.0116344510771347,2.978858171781275,1.664112733334867
64.0,193.0,1003.8233642578124,1.028523366259821,3.0628461474330293,-0.3204188298828894,3.0167776901382988,0.2647472536681213,1.306874930918926,0.9514498344110252,-0.5399432597472117,3.348110656193866,0.8965220619264871
64.0,193.0,1006.2741088867188,1.643031542836416,3.606370926934152,-0.6934784640503268,3.544777025413626,-0.1168117638030309,0.939111865717292,1.235370936060419,0.8014975999324441,3.270795648100955,1.6707495569788469
64.0,193.0,1005.4312744140624,1.3627715738376884,3.076635121501396,-0.2203183241854567,3.1897560510402903,-0.4507563945197057,1.1522013466208365,1.072078304572779,-0.0715777010715543,3.2997649430028133,1.6650114468654638
64.0,193.0,1006.1286010742188,1.5630251164579407,3.034072154337606,-0.2144607478813976,3.3747890166807086,-0.1840946200972616,1.0834848120091078,1.505132191142844,0.0986427251527393,3.2971237436003165,1.6407078622033984
64.0,193.0,1004.8368530273438,-0.0192859539180938,3.1458012448024646,-0.4052589456220559,3.5837623621294377,-0.4446218579421889,1.004306573519272,1.0674916208430016,-0.1473208806064043,4.659302750457305,1.266183010783346
64.0,193.0,1005.0035400390624,1.488088734200528,3.2964916798764268,-0.081613556681665,3.4931910742310563,-0.4795947022471148,1.19443031097595,1.5983254058784726,0.3030366300005376,3.1093375136026897,1.3517079212642986
64.0,193.0,1005.59716796875,0.8422960777773174,3.0348209215701183,-0.2311176520887816,3.530445462000517,0.731073415144617,1.0838871087870037,1.0526527931079228,-0.2789778063184201,3.525442996103043,1.9314441196361605
64.0,193.0,1005.1682739257812,0.4758226699530498,2.725912301651685,-0.0230184400084026,3.5041163169939864,-0.2839688026094656,0.98246182909671,0.7814411067738086,0.0567855685067581,3.2908997596538847,1.3640380101297185
64.0,193.0,1004.932861328125,1.5796322669745138,2.974669102036052,-0.2759972217390695,3.567574034001228,-0.2093543612178015,1.4940440693796724,1.055340177568717,-0.0056815911348413,3.322450316094878,2.2801882162059304
64.0,193.0,1005.4376220703124,1.4939369051591875,3.208578143175042,-0.0838875551827738,3.6527902052474297,-0.0677512366808728,2.1295316682877434,1.0280783661595605,-0.0117743859456704,3.334761595860714,1.7120512362595308
64.0,193.0,1005.9476318359376,0.0416259073064684,3.056620648095169,0.9059087932371556,3.541676985417584,-0.4558259587305865,-0.3150494321593007,1.05123482986649,-0.0994281152615595,3.238383279985208,1.6565234082160285
64.0,193.0,1006.0139770507812,1.5426257774234884,2.963062015218996,-0.1644154265346108,3.571054709565818,-0.2255485820590461,1.124004775755031,1.0785750977224122,-0.0170868564908297,3.529492666873149,1.8095727813707885
64.0,193.0,1004.924560546875,1.3902787656971398,3.2388825019148166,-0.206591284257351,2.6835356447268124,-0.2393013169250669,1.0825663808182378,0.7880722208517016,0.1086941866441624,3.760609960660497,1.5499190461382142
64.0,193.0,1003.884033203125,1.1425112649696187,3.065090117718845,0.592860107788608,2.8071972518327133,0.2549808842303713,0.7688590957311772,1.1434486482266086,0.1774592781213724,3.2904317271738885,1.6652367097735672
64.0,193.0,1004.8756713867188,1.803103039357084,3.04969122379482,-0.2380855070972431,3.544222673085715,-0.3675432124331079,1.0049334701620785,1.0915745130618049,-0.0166428366782459,3.286393579044508,1.7128181502425668
64.0,193.0,1005.5949096679688,1.065741447403239,3.566321993171797,-0.1722097588879127,3.335195644635442,0.4153135222526197,1.6432684793938577,1.2308026718224587,0.3065238812510272,3.32453208933479,1.4181087479272612
64.0,193.0,1005.1708984375,1.5387374172758588,3.0630905424895096,-0.2761169812147975,3.539551483750204,-0.0710913967583387,1.0864629386437223,1.0432566156141505,0.0406253156605319,3.3703392304127733,1.6847979903288934
64.0,193.0,1004.3433227539062,1.5246637626108075,2.588764633984187,-0.2247483509817702,3.541791433209113,-0.2094105942329443,0.0900981966808316,1.4472220790014578,0.3634141441016041,3.275517642189521,1.677631713184814
64.0,193.0,1006.2902221679688,-0.4251081873792355,3.285807122763265,-0.1892787533432827,2.527234148491948,-0.6010386156964528,0.6565171337625719,1.76275366174798,-0.0125229395337214,3.152359389102193,1.536172754489335
64.0,193.0,1002.565185546875,0.5472914493255665,3.366882117201061,1.3060013984334584,1.9325170226020087,-1.0074251950736448,0.7432223534795421,1.6951969237110474,0.1334456915648295,3.316198941140461,1.659375229627378
64.0,193.0,1006.7476806640624,1.3783292661069166,2.227281756843792,0.7486796121921748,2.3676098445669496,-0.4352187250238886,0.1295667694666509,1.2582478032152908,0.9678886220425788,1.546052822985894,1.7088008776725607
64.0,193.0,1003.6841430664062,1.5264166200797986,3.063097861613356,-0.215819897253269,3.5490497273888275,-0.2048867388282806,1.0826619122252867,1.0511392207255632,-0.0170243374408754,3.2973942147249127,1.6821927523441609
64.0,193.0,1005.0227661132812,1.1090167985935704,3.054929262949412,0.2138404591139139,3.3785257770175283,-0.2062982807170551,0.6081492878130935,1.0163426512361524,-0.0348229360837541,3.2931519023315508,1.7331119502206431
64.0,193.0,1006.3912353515624,1.0823124156003283,3.145532408020725,0.0937498638335725,4.3492484902596935,-0.983369492477124,0.3045399617600217,1.0355153888892177,-0.6035785196627739,3.47882371336145,1.9749920545649893
64.0,193.0,1003.7677001953124,0.9753379059727132,3.027481911426474,0.8914709442373026,3.6385006360362526,-0.1936568623912141,0.9354252219936228,1.0515023454212475,1.5844169383747184,3.3013099988549235,1.6821957420369034
64.0,193.0,1005.7315063476562,1.5396689441273124,3.0386942734840274,0.0727790596694881,3.99653790662412,-0.2180394714265182,1.1227822176659112,0.9898665587735348,-0.0161734394273001,3.292559616599718,1.7283088665121291
64.0,193.0,1005.9786376953124,1.1755166225902458,3.0139295819900664,-0.2417305383366287,3.616814653335077,-0.2729520402836232,1.8592848557108288,1.1177652924446315,0.1211451494947978,3.912459696901169,2.2316448068592054
64.0,193.0,1004.7403564453124,0.4804166552562906,3.142058809388116,-0.507253232726782,3.78275224637308,-0.5671588827166028,1.1261544357254607,1.4122039073154182,0.5007209311294231,3.503301094810195,1.926829920271378
64.0,193.0,1004.5214233398438,1.3925082887281215,3.065088985864282,-0.1686798461004562,2.4937664364779137,-0.2246521629870259,1.0573601922845028,1.0844478999456344,-0.8866334099558765,3.2654268773896447,1.6563374701400866
64.0,193.0,1006.101806640625,1.5145614614356997,2.994643314133276,-0.4385238738008652,2.6498988515969346,-0.2204737755628775,1.1219320992016055,0.99350013477897,-0.0190371027451072,3.134156782158529,1.6797391789481235
64.0,193.0,1005.5848999023438,-0.4976473021030942,3.419951677935696,-0.3086301958483286,3.870154605804175,-1.1699164176837953,1.6993185462984577,0.8701808901365833,0.0028869377323087,3.427754210534899,1.6924904654891433
64.0,193.0,1005.2015991210938,-0.9065866190336698,2.536369936448513,1.0012825911920764,0.7384741288722001,-1.3043415059826065,0.8367591620529873,1.226872201567225,0.259522407071536,3.263528619159368,0.8166144550606269
64.0,193.0,1005.768310546875,1.5999854791936896,2.9805356758612893,-0.224463190705871,3.807145392204087,-0.3379384159359995,1.0087144864956603,0.8161970981207121,-0.0299745068515237,3.525817858828421,1.6851147134922917
64.0,194.0,1004.6443481445312,0.6900176227674764,3.063074350782302,-0.3302721781170479,3.0126561550720083,-0.1976159951512532,1.5970259768578052,1.2511792713171723,-0.0167520924344081,3.4265898532482377,1.5636003792452855
64.0,194.0,1004.2421264648438,1.1090451639676264,3.063170278295987,-0.1754780434512142,3.5433184929382966,-0.1568456031498367,1.0766389807596008,1.0528787249669178,-0.0171620058962041,3.1145081813601543,1.5893554756452115
64.0,194.0,1006.1292724609376,0.8825330645131402,3.064174342687368,-0.2362635771631851,3.582316996030628,-0.2074679037536006,0.9559810891053128,1.0531749231574068,-0.0434490340044395,3.286294651604756,2.3253331241426074
64.0,194.0,1005.7072143554688,1.6491448804843336,2.9104453120023,-0.2376035463302053,3.615676320374159,-0.5459213406507523,1.0802436756395946,1.0229389087533642,-0.0226071327225542,3.134768809825729,1.4551102740604491
64.0,194.0,1005.2555541992188,-0.5037094802039921,3.707585390221884,-0.3280569768488796,3.321070462527059,0.979043172621886,-0.4155761280008436,0.9565504599200948,0.2951346271246178,3.295787014291044,2.1819067114242974
64.0,194.0,1006.83154296875,1.5265036097584397,2.4688393553651458,-0.2193779993269236,3.456649131017686,-0.280184533111481,1.4322115030166764,0.0073984864598439,0.0552709621325861,2.764100911123255,1.699477136905433
64.0,194.0,1006.2119140625,0.4893625390202833,1.7795423029239368,-0.2283334970089545,3.1277989280704825,0.4981169607027755,1.141197769335064,2.5146578201478693,1.975507430672696,4.311031517865723,2.0922100116751228
64.0,194.0,1005.1494140625,1.4267671879387,2.82151791963309,-0.2050135975394147,3.599402345635524,-0.212234014229664,1.0699343377498252,1.054124327480299,-0.0348381047181509,3.2384919490320403,1.683330061310487
64.0,194.0,1005.474853515625,1.5026949966969567,4.303640589644998,0.0467183102294996,3.508585978273294,-0.276222544546385,1.2632585220760255,0.9839023829757484,0.4548566034085533,3.319979299343642,1.681623450852277
64.0,194.0,1004.5355224609376,-0.2067583177486083,2.156645823399848,1.1237471826284795,3.780946817479548,-0.5114493991580722,1.3470285072754011,1.5426076556614716,0.9251629364195506,3.6326501297850458,1.193605314089168
64.0,194.0,1005.1493530273438,0.5735184706036716,3.028423329307017,0.2644622216036731,2.659398374348958,0.2306337810705419,1.0125999917583286,1.1341537852403114,0.5087035841895886,3.226086612326376,1.548830647479367
64.0,194.0,1004.7117919921876,0.4052530103725722,2.862964791291889,1.0244185980793992,1.6185629550949447,0.0861167524434486,0.806110362194968,0.5149989619430992,0.0762824622613271,3.306353246449835,1.6419964791765842
64.0,194.0,1005.585205078125,1.4441076734521072,3.066111509674269,0.0067028297138759,3.194813058276394,-0.2495793018936137,1.1591742150332562,1.047291772061316,-0.0635626710663064,3.2934046480925203,1.7277033081006632
64.0,194.0,1004.95849609375,0.9162956780313632,2.1247201074083826,0.0379144096914144,3.0493734156772465,-0.204541723945408,1.0866278545155783,1.081534562537653,-0.1426858802547873,2.5531626479271203,1.6834925846586402
64.0,194.0,1005.079833984375,0.8078773908434,3.0635542735379326,-0.2222773718837908,3.644619233544741,-0.0438507735814526,1.4232936018416082,0.7302359461628485,0.463335757005806,3.131559441489576,1.6311643300045815
64.0,194.0,1005.9080810546876,1.0513515896295955,3.0324479004866207,-0.1399893757068982,2.5909601277576697,-0.1207554487964864,2.5126882206643253,1.1607896320933913,0.180815057255496,3.251736532375584,2.58552590355996
64.0,194.0,1005.7649536132812,0.2825466944237913,3.223371955913502,-1.130107795435179,3.475165291581171,-1.048330892200188,0.6773142097574366,1.7224453178602437,-0.0116344510771347,2.978858171781275,1.664112733334867
64.0,194.0,1003.8233642578124,1.028523366259821,3.0628461474330293,-0.3204188298828894,3.0167776901382988,0.2647472536681213,1.306874930918926,0.9514498344110252,-0.5399432597472117,3.348110656193866,0.8965220619264871
64.0,194.0,1006.2741088867188,1.643031542836416,3.606370926934152,-0.6934784640503268,3.544777025413626,-0.1168117638030309,0.939111865717292,1.235370936060419,0.8014975999324441,3.270795648100955,1.6707495569788469
64.0,194.0,1005.4312744140624,1.3627715738376884,3.076635121501396,-0.2203183241854567,3.1897560510402903,-0.4507563945197057,1.1522013466208365,1.072078304572779,-0.0715777010715543,3.2997649430028133,1.6650114468654638
64.0,194.0,1006.1286010742188,1.5630251164579407,3.034072154337606,-0.2144607478813976,3.3747890166807086,-0.1840946200972616,1.0834848120091078,1.505132191142844,0.0986427251527393,3.2971237436003165,1.6407078622033984
64.0,194.0,1004.8368530273438,-0.0192859539180938,3.1458012448024646,-0.4052589456220559,3.5837623621294377,-0.4446218579421889,1.004306573519272,1.0674916208430016,-0.1473208806064043,4.659302750457305,1.266183010783346
64.0,194.0,1005.0035400390624,1.488088734200528,3.2964916798764268,-0.081613556681665,3.4931910742310563,-0.4795947022471148,1.19443031097595,1.5983254058784726,0.3030366300005376,3.1093375136026897,1.3517079212642986
64.0,194.0,1005.59716796875,0.8422960777773174,3.0348209215701183,-0.2311176520887816,3.530445462000517,0.731073415144617,1.0838871087870037,1.0526527931079228,-0.2789778063184201,3.525442996103043,1.9314441196361605
64.0,194.0,1005.1682739257812,0.4758226699530498,2.725912301651685,-0.0230184400084026,3.5041163169939864,-0.2839688026094656,0.98246182909671,0.7814411067738086,0.0567855685067581,3.2908997596538847,1.3640380101297185
64.0,194.0,1004.932861328125,1.5796322669745138,2.974669102036052,-0.2759972217390695,3.567574034001228,-0.2093543612178015,1.4940440693796724,1.055340177568717,-0.0056815911348413,3.322450316094878,2.2801882162059304
64.0,194.0,1005.4376220703124,1.4939369051591875,3.208578143175042,-0.0838875551827738,3.6527902052474297,-0.0677512366808728,2.1295316682877434,1.0280783661595605,-0.0117743859456704,3.334761595860714,1.7120512362595308
64.0,194.0,1005.9476318359376,0.0416259073064684,3.056620648095169,0.9059087932371556,3.541676985417584,-0.4558259587305865,-0.3150494321593007,1.05123482986649,-0.0994281152615595,3.238383279985208,1.6565234082160285
64.0,194.0,1006.0139770507812,1.5426257774234884,2.963062015218996,-0.1644154265346108,3.571054709565818,-0.2255485820590461,1.124004775755031,1.0785750977224122,-0.0170868564908297,3.529492666873149,1.8095727813707885
64.0,194.0,1004.924560546875,1.3902787656971398,3.2388825019148166,-0.206591284257351,2.6835356447268124,-0.2393013169250669,1.0825663808182378,0.7880722208517016,0.1086941866441624,3.760609960660497,1.5499190461382142
64.0,194.0,1003.884033203125,1.1425112649696187,3.065090117718845,0.592860107788608,2.8071972518327133,0.2549808842303713,0.7688590957311772,1.1434486482266086,0.1774592781213724,3.2904317271738885,1.6652367097735672
64.0,194.0,1004.8756713867188,1.803103039357084,3.04969122379482,-0.2380855070972431,3.544222673085715,-0.3675432124331079,1.0049334701620785,1.0915745130618049,-0.0166428366782459,3.286393579044508,1.7128181502425668
64.0,194.0,1005.5949096679688,1.065741447403239,3.566321993171797,-0.1722097588879127,3.335195644635442,0.4153135222526197,1.6432684793938577,1.2308026718224587,0.3065238812510272,3.32453208933479,1.4181087479272612
64.0,194.0,1005.1708984375,1.5387374172758588,3.0630905424895096,-0.2761169812147975,3.539551483750204,-0.0710913967583387,1.0864629386437223,1.0432566156141505,0.0406253156605319,3.3703392304127733,1.6847979903288934
64.0,194.0,1004.3433227539062,1.5246637626108075,2.588764633984187,-0.2247483509817702,3.541791433209113,-0.2094105942329443,0.0900981966808316,1.4472220790014578,0.3634141441016041,3.275517642189521,1.677631713184814
64.0,194.0,1006.2902221679688,-0.4251081873792355,3.285807122763265,-0.1892787533432827,2.527234148491948,-0.6010386156964528,0.6565171337625719,1.76275366174798,-0.0125229395337214,3.152359389102193,1.536172754489335
64.0,194.0,1002.565185546875,0.5472914493255665,3.366882117201061,1.3060013984334584,1.9325170226020087,-1.0074251950736448,0.7432223534795421,1.6951969237110474,0.1334456915648295,3.316198941140461,1.659375229627378
64.0,194.0,1006.7476806640624,1.3783292661069166,2.227281756843792,0.7486796121921748,2.3676098445669496,-0.4352187250238886,0.1295667694666509,1.2582478032152908,0.9678886220425788,1.546052822985894,1.7088008776725607
64.0,194.0,1003.6841430664062,1.5264166200797986,3.063097861613356,-0.215819897253269,3.5490497273888275,-0.2048867388282806,1.0826619122252867,1.0511392207255632,-0.0170243374408754,3.2973942147249127,1.6821927523441609
64.0,194.0,1005.0227661132812,1.1090167985935704,3.054929262949412,0.2138404591139139,3.3785257770175283,-0.2062982807170551,0.6081492878130935,1.0163426512361524,-0.0348229360837541,3.2931519023315508,1.7331119502206431
64.0,194.0,1006.3912353515624,1.0823124156003283,3.145532408020725,0.0937498638335725,4.3492484902596935,-0.983369492477124,0.3045399617600217,1.0355153888892177,-0.6035785196627739,3.47882371336145,1.9749920545649893
64.0,194.0,1003.7677001953124,0.9753379059727132,3.027481911426474,0.8914709442373026,3.6385006360362526,-0.1936568623912141,0.9354252219936228,1.0515023454212475,1.5844169383747184,3.3013099988549235,1.6821957420369034
64.0,194.0,1005.7315063476562,1.5396689441273124,3.0386942734840274,0.0727790596694881,3.99653790662412,-0.2180394714265182,1.1227822176659112,0.9898665587735348,-0.0161734394273001,3.292559616599718,1.7283088665121291
64.0,194.0,1005.9786376953124,1.1755166225902458,3.0139295819900664,-0.2417305383366287,3.616814653335077,-0.2729520402836232,1.8592848557108288,1.1177652924446315,0.1211451494947978,3.912459696901169,2.2316448068592054
64.0,194.0,1004.7403564453124,0.4804166552562906,3.142058809388116,-0.507253232726782,3.78275224637308,-0.5671588827166028,1.1261544357254607,1.4122039073154182,0.5007209311294231,3.503301094810195,1.926829920271378
64.0,194.0,1004.5214233398438,1.3925082887281215,3.065088985864282,-0.1686798461004562,2.4937664364779137,-0.2246521629870259,1.0573601922845028,1.0844478999456344,-0.8866334099558765,3.2654268773896447,1.6563374701400866
64.0,194.0,1006.101806640625,1.5145614614356997,2.994643314133276,-0.4385238738008652,2.6498988515969346,-0.2204737755628775,1.1219320992016055,0.99350013477897,-0.0190371027451072,3.134156782158529,1.6797391789481235
64.0,194.0,1005.5848999023438,-0.4976473021030942,3.419951677935696,-0.3086301958483286,3.870154605804175,-1.1699164176837953,1.6993185462984577,0.8701808901365833,0.0028869377323087,3.427754210534899,1.6924904654891433
64.0,194.0,1005.2015991210938,-0.9065866190336698,2.536369936448513,1.0012825911920764,0.7384741288722001,-1.3043415059826065,0.8367591620529873,1.226872201567225,0.259522407071536,3.263528619159368,0.8166144550606269
64.0,194.0,1005.768310546875,1.5999854791936896,2.9805356758612893,-0.224463190705871,3.807145392204087,-0.3379384159359995,1.0087144864956603,0.8161970981207121,-0.0299745068515237,3.525817858828421,1.6851147134922917
64.0,195.0,1004.6443481445312,0.6900176227674764,3.063074350782302,-0.3302721781170479,3.0126561550720083,-0.1976159951512532,1.5970259768578052,1.2511792713171723,-0.0167520924344081,3.4265898532482377,1.5636003792452855
64.0,195.0,1004.2421264648438,1.1090451639676264,3.063170278295987,-0.1754780434512142,3.5433184929382966,-0.1568456031498367,1.0766389807596008,1.0528787249669178,-0.0171620058962041,3.1145081813601543,1.5893554756452115
64.0,195.0,1006.1292724609376,0.8825330645131402,3.064174342687368,-0.2362635771631851,3.582316996030628,-0.2074679037536006,0.9559810891053128,1.0531749231574068,-0.0434490340044395,3.286294651604756,2.3253331241426074
64.0,195.0,1005.7072143554688,1.6491448804843336,2.9104453120023,-0.2376035463302053,3.615676320374159,-0.5459213406507523,1.0802436756395946,1.0229389087533642,-0.0226071327225542,3.134768809825729,1.4551102740604491
64.0,195.0,1005.2555541992188,-0.5037094802039921,3.707585390221884,-0.3280569768488796,3.321070462527059,0.979043172621886,-0.4155761280008436,0.9565504599200948,0.2951346271246178,3.295787014291044,2.1819067114242974
64.0,195.0,1006.83154296875,1.5265036097584397,2.4688393553651458,-0.2193779993269236,3.456649131017686,-0.280184533111481,1.4322115030166764,0.0073984864598439,0.0552709621325861,2.764100911123255,1.699477136905433
64.0,195.0,1006.2119140625,0.4893625390202833,1.7795423029239368,-0.2283334970089545,3.1277989280704825,0.4981169607027755,1.141197769335064,2.5146578201478693,1.975507430672696,4.311031517865723,2.0922100116751228
64.0,195.0,1005.1494140625,1.4267671879387,2.82151791963309,-0.2050135975394147,3.599402345635524,-0.212234014229664,1.0699343377498252,1.054124327480299,-0.0348381047181509,3.2384919490320403,1.683330061310487
64.0,195.0,1005.474853515625,1.5026949966969567,4.303640589644998,0.0467183102294996,3.508585978273294,-0.276222544546385,1.2632585220760255,0.9839023829757484,0.4548566034085533,3.319979299343642,1.681623450852277
64.0,195.0,1004.5355224609376,-0.2067583177486083,2.156645823399848,1.1237471826284795,3.780946817479548,-0.5114493991580722,1.3470285072754011,1.5426076556614716,0.9251629364195506,3.6326501297850458,1.193605314089168
64.0,195.0,1005.1493530273438,0.5735184706036716,3.028423329307017,0.2644622216036731,2.659398374348958,0.2306337810705419,1.0125999917583286,1.1341537852403114,0.5087035841895886,3.226086612326376,1.548830647479367
64.0,195.0,1004.7117919921876,0.4052530103725722,2.862964791291889,1.0244185980793992,1.6185629550949447,0.0861167524434486,0.806110362194968,0.5149989619430992,0.0762824622613271,3.306353246449835,1.6419964791765842
64.0,195.0,1005.585205078125,1.4441076734521072,3.066111509674269,0.0067028297138759,3.194813058276394,-0.2495793018936137,1.1591742150332562,1.047291772061316,-0.0635626710663064,3.2934046480925203,1.7277033081006632
64.0,195.0,1004.95849609375,0.9162956780313632,2.1247201074083826,0.0379144096914144,3.0493734156772465,-0.204541723945408,1.0866278545155783,1.081534562537653,-0.1426858802547873,2.5531626479271203,1.6834925846586402
64.0,195.0,1005.079833984375,0.8078773908434,3.0635542735379326,-0.2222773718837908,3.644619233544741,-0.0438507735814526,1.4232936018416082,0.7302359461628485,0.463335757005806,3.131559441489576,1.6311643300045815
64.0,195.0,1005.9080810546876,1.0513515896295955,3.0324479004866207,-0.1399893757068982,2.5909601277576697,-0.1207554487964864,2.5126882206643253,1.1607896320933913,0.180815057255496,3.251736532375584,2.58552590355996
64.0,195.0,1005.7649536132812,0.2825466944237913,3.223371955913502,-1.130107795435179,3.475165291581171,-1.048330892200188,0.6773142097574366,1.7224453178602437,-0.0116344510771347,2.978858171781275,1.664112733334867
64.0,195.0,1003.8233642578124,1.028523366259821,3.0628461474330293,-0.3204188298828894,3.0167776901382988,0.2647472536681213,1.306874930918926,0.9514498344110252,-0.5399432597472117,3.348110656193866,0.8965220619264871
64.0,195.0,1006.2741088867188,1.643031542836416,3.606370926934152,-0.6934784640503268,3.544777025413626,-0.1168117638030309,0.939111865717292,1.235370936060419,0.8014975999324441,3.270795648100955,1.6707495569788469
64.0,195.0,1005.4312744140624,1.3627715738376884,3.076635121501396,-0.2203183241854567,3.1897560510402903,-0.4507563945197057,1.1522013466208365,1.072078304572779,-0.0715777010715543,3.2997649430028133,1.6650114468654638
64.0,195.0,1006.1286010742188,1.5630251164579407,3.034072154337606,-0.2144607478813976,3.3747890166807086,-0.1840946200972616,1.0834848120091078,1.505132191142844,0.0986427251527393,3.2971237436003165,1.6407078622033984
64.0,195.0,1004.8368530273438,-0.0192859539180938,3.1458012448024646,-0.4052589456220559,3.5837623621294377,-0.4446218579421889,1.004306573519272,1.0674916208430016,-0.1473208806064043,4.659302750457305,1.266183010783346
64.0,195.0,1005.0035400390624,1.488088734200528,3.2964916798764268,-0.081613556681665,3.4931910742310563,-0.4795947022471148,1.19443031097595,1.5983254058784726,0.3030366300005376,3.1093375136026897,1.3517079212642986
64.0,195.0,1005.59716796875,0.8422960777773174,3.0348209215701183,-0.2311176520887816,3.530445462000517,0.731073415144617,1.0838871087870037,1.0526527931079228,-0.2789778063184201,3.525442996103043,1.9314441196361605
64.0,195.0,1005.1682739257812,0.4758226699530498,2.725912301651685,-0.0230184400084026,3.5041163169939864,-0.2839688026094656,0.98246182909671,0.7814411067738086,0.0567855685067581,3.2908997596538847,1.3640380101297185
64.0,195.0,1004.932861328125,1.5796322669745138,2.974669102036052,-0.2759972217390695,3.567574034001228,-0.2093543612178015,1.4940440693796724,1.055340177568717,-0.0056815911348413,3.322450316094878,2.2801882162059304
64.0,195.0,1005.4376220703124,1.4939369051591875,3.208578143175042,-0.0838875551827738,3.6527902052474297,-0.0677512366808728,2.1295316682877434,1.0280783661595605,-0.0117743859456704,3.334761595860714,1.7120512362595308
64.0,195.0,1005.9476318359376,0.0416259073064684,3.056620648095169,0.9059087932371556,3.541676985417584,-0.4558259587305865,-0.3150494321593007,1.05123482986649,-0.0994281152615595,3.238383279985208,1.6565234082160285
64.0,195.0,1006.0139770507812,1.5426257774234884,2.963062015218996,-0.1644154265346108,3.571054709565818,-0.2255485820590461,1.124004775755031,1.0785750977224122,-0.0170868564908297,3.529492666873149,1.8095727813707885
64.0,195.0,1004.924560546875,1.3902787656971398,3.2388825019148166,-0.206591284257351,2.6835356447268124,-0.2393013169250669,1.0825663808182378,0.7880722208517016,0.1086941866441624,3.760609960660497,1.5499190461382142
64.0,195.0,1003.884033203125,1.1425112649696187,3.065090117718845,0.592860107788608,2.8071972518327133,0.2549808842303713,0.7688590957311772,1.1434486482266086,0.1774592781213724,3.2904317271738885,1.6652367097735672
64.0,195.0,1004.8756713867188,1.803103039357084,3.04969122379482,-0.2380855070972431,3.544222673085715,-0.3675432124331079,1.0049334701620785,1.0915745130618049,-0.0166428366782459,3.286393579044508,1.7128181502425668
64.0,195.0,1005.5949096679688,1.065741447403239,3.566321993171797,-0.1722097588879127,3.335195644635442,0.4153135222526197,1.6432684793938577,1.2308026718224587,0.3065238812510272,3.32453208933479,1.4181087479272612
64.0,195.0,1005.1708984375,1.5387374172758588,3.0630905424895096,-0.2761169812147975,3.539551483750204,-0.0710913967583387,1.0864629386437223,1.0432566156141505,0.0406253156605319,3.3703392304127733,1.6847979903288934
64.0,195.0,1004.3433227539062,1.5246637626108075,2.588764633984187,-0.2247483509817702,3.541791433209113,-0.2094105942329443,0.0900981966808316,1.4472220790014578,0.3634141441016041,3.275517642189521,1.677631713184814
64.0,195.0,1006.2902221679688,-0.4251081873792355,3.285807122763265,-0.1892787533432827,2.527234148491948,-0.6010386156964528,0.6565171337625719,1.76275366174798,-0.0125229395337214,3.152359389102193,1.536172754489335
64.0,195.0,1002.565185546875,0.5472914493255665,3.366882117201061,1.3060013984334584,1.9325170226020087,-1.0074251950736448,0.7432223534795421,1.6951969237110474,0.1334456915648295,3.316198941140461,1.659375229627378
64.0,195.0,1006.7476806640624,1.3783292661069166,2.227281756843792,0.7486796121921748,2.3676098445669496,-0.4352187250238886,0.1295667694666509,1.2582478032152908,0.9678886220425788,1.546052822985894,1.7088008776725607
64.0,195.0,1003.6841430664062,1.5264166200797986,3.063097861613356,-0.215819897253269,3.5490497273888275,-0.2048867388282806,1.0826619122252867,1.0511392207255632,-0.0170243374408754,3.2973942147249127,1.6821927523441609
64.0,195.0,1005.0227661132812,1.1090167985935704,3.054929262949412,0.2138404591139139,3.3785257770175283,-0.2062982807170551,0.6081492878130935,1.0163426512361524,-0.0348229360837541,3.2931519023315508,1.7331119502206431
64.0,195.0,1006.3912353515624,1.0823124156003283,3.145532408020725,0.0937498638335725,4.3492484902596935,-0.983369492477124,0.3045399617600217,1.0355153888892177,-0.6035785196627739,3.47882371336145,1.9749920545649893
64.0,195.0,1003.7677001953124,0.9753379059727132,3.027481911426474,0.8914709442373026,3.6385006360362526,-0.1936568623912141,0.9354252219936228,1.0515023454212475,1.5844169383747184,3.3013099988549235,1.6821957420369034
64.0,195.0,1005.7315063476562,1.5396689441273124,3.0386942734840274,0.0727790596694881,3.99653790662412,-0.2180394714265182,1.1227822176659112,0.9898665587735348,-0.0161734394273001,3.292559616599718,1.7283088665121291
64.0,195.0,1005.9786376953124,1.1755166225902458,3.0139295819900664,-0.2417305383366287,3.616814653335077,-0.2729520402836232,1.8592848557108288,1.1177652924446315,0.1211451494947978,3.912459696901169,2.2316448068592054
64.0,195.0,1004.7403564453124,0.4804166552562906,3.142058809388116,-0.507253232726782,3.78275224637308,-0.5671588827166028,1.1261544357254607,1.4122039073154182,0.5007209311294231,3.503301094810195,1.926829920271378
64.0,195.0,1004.5214233398438,1.3925082887281215,3.065088985864282,-0.1686798461004562,2.4937664364779137,-0.2246521629870259,1.0573601922845028,1.0844478999456344,-0.8866334099558765,3.2654268773896447,1.6563374701400866
64.0,195.0,1006.101806640625,1.5145614614356997,2.994643314133276,-0.4385238738008652,2.6498988515969346,-0.2204737755628775,1.1219320992016055,0.99350013477897,-0.0190371027451072,3.134156782158529,1.6797391789481235
64.0,195.0,1005.5848999023438,-0.4976473021030942,3.419951677935696,-0.3086301958483286,3.870154605804175,-1.1699164176837953,1.6993185462984577,0.8701808901365833,0.0028869377323087,3.427754210534899,1.6924904654891433
64.0,195.0,1005.2015991210938,-0.9065866190336698,2.536369936448513,1.0012825911920764,0.7384741288722001,-1.3043415059826065,0.8367591620529873,1.226872201567225,0.259522407071536,3.263528619159368,0.8166144550606269
64.0,195.0,1005.768310546875,1.5999854791936896,2.9805356758612893,-0.224463190705871,3.807145392204087,-0.3379384159359995,1.0087144864956603,0.8161970981207121,-0.0299745068515237,3.525817858828421,1.6851147134922917
64.0,196.0,1004.6443481445312,0.6900176227674764,3.063074350782302,-0.3302721781170479,3.0126561550720083,-0.1976159951512532,1.5970259768578052,1.2511792713171723,-0.0167520924344081,3.4265898532482377,1.5636003792452855
64.0,196.0,1004.2421264648438,1.1090451639676264,3.063170278295987,-0.1754780434512142,3.5433184929382966,-0.1568456031498367,1.0766389807596008,1.0528787249669178,-0.0171620058962041,3.1145081813601543,1.5893554756452115
64.0,196.0,1006.1292724609376,0.8825330645131402,3.064174342687368,-0.2362635771631851,3.582316996030628,-0.2074679037536006,0.9559810891053128,1.0531749231574068,-0.0434490340044395,3.286294651604756,2.3253331241426074
64.0,196.0,1005.7072143554688,1.6491448804843336,2.9104453120023,-0.2376035463302053,3.615676320374159,-0.5459213406507523,1.0802436756395946,1.0229389087533642,-0.0226071327225542,3.134768809825729,1.4551102740604491
64.0,196.0,1005.2555541992188,-0.5037094802039921,3.707585390221884,-0.3280569768488796,3.321070462527059,0.979043172621886,-0.4155761280008436,0.9565504599200948,0.2951346271246178,3.295787014291044,2.1819067114242974
64.0,196.0,1006.83154296875,1.5265036097584397,2.4688393553651458,-0.2193779993269236,3.456649131017686,-0.280184533111481,1.4322115030166764,0.0073984864598439,0.0552709621325861,2.764100911123255,1.699477136905433
64.0,196.0,1006.2119140625,0.4893625390202833,1.7795423029239368,-0.2283334970089545,3.1277989280704825,0.4981169607027755,1.141197769335064,2.5146578201478693,1.975507430672696,4.311031517865723,2.0922100116751228
64.0,196.0,1005.1494140625,1.4267671879387,2.82151791963309,-0.2050135975394147,3.599402345635524,-0.212234014229664,1.0699343377498252,1.054124327480299,-0.0348381047181509,3.2384919490320403,1.683330061310487
64.0,196.0,1005.474853515625,1.5026949966969567,4.303640589644998,0.0467183102294996,3.508585978273294,-0.276222544546385,1.2632585220760255,0.9839023829757484,0.4548566034085533,3.319979299343642,1.681623450852277
64.0,196.0,1004.5355224609376,-0.2067583177486083,2.156645823399848,1.1237471826284795,3.780946817479548,-0.5114493991580722,1.3470285072754011,1.5426076556614716,0.9251629364195506,3.6326501297850458,1.193605314089168
64.0,196.0,1005.1493530273438,0.5735184706036716,3.028423329307017,0.2644622216036731,2.659398374348958,0.2306337810705419,1.0125999917583286,1.1341537852403114,0.5087035841895886,3.226086612326376,1.548830647479367
64.0,196.0,1004.7117919921876,0.4052530103725722,2.862964791291889,1.0244185980793992,1.6185629550949447,0.0861167524434486,0.806110362194968,0.5149989619430992,0.0762824622613271,3.306353246449835,1.6419964791765842
64.0,196.0,1005.585205078125,1.4441076734521072,3.066111509674269,0.0067028297138759,3.194813058276394,-0.2495793018936137,1.1591742150332562,1.047291772061316,-0.0635626710663064,3.2934046480925203,1.7277033081006632
64.0,196.0,1004.95849609375,0.9162956780313632,2.1247201074083826,0.0379144096914144,3.0493734156772465,-0.204541723945408,1.0866278545155783,1.081534562537653,-0.1426858802547873,2.5531626479271203,1.6834925846586402
64.0,196.0,1005.079833984375,0.8078773908434,3.0635542735379326,-0.2222773718837908,3.644619233544741,-0.0438507735814526,1.4232936018416082,0.7302359461628485,0.463335757005806,3.131559441489576,1.6311643300045815
64.0,196.0,1005.9080810546876,1.0513515896295955,3.0324479004866207,-0.1399893757068982,2.5909601277576697,-0.1207554487964864,2.5126882206643253,1.1607896320933913,0.180815057255496,3.251736532375584,2.58552590355996
64.0,196.0,1005.7649536132812,0.2825466944237913,3.223371955913502,-1.130107795435179,3.475165291581171,-1.048330892200188,0.6773142097574366,1.7224453178602437,-0.0116344510771347,2.978858171781275,1.664112733334867
64.0,196.0,1003.8233642578124,1.028523366259821,3.0628461474330293,-0.3204188298828894,3.0167776901382988,0.2647472536681213,1.306874930918926,0.9514498344110252,-0.5399432597472117,3.348110656193866,0.8965220619264871
64.0,196.0,1006.2741088867188,1.643031542836416,3.606370926934152,-0.6934784640503268,3.544777025413626,-0.1168117638030309,0.939111865717292,1.235370936060419,0.8014975999324441,3.270795648100955,1.6707495569788469
64.0,196.0,1005.4312744140624,1.3627715738376884,3.076635121501396,-0.2203183241854567,3.1897560510402903,-0.4507563945197057,1.1522013466208365,1.072078304572779,-0.0715777010715543,3.2997649430028133,1.6650114468654638
64.0,196.0,1006.1286010742188,1.5630251164579407,3.034072154337606,-0.2144607478813976,3.3747890166807086,-0.1840946200972616,1.0834848120091078,1.505132191142844,0.0986427251527393,3.2971237436003165,1.6407078622033984
64.0,196.0,1004.8368530273438,-0.0192859539180938,3.1458012448024646,-0.4052589456220559,3.5837623621294377,-0.4446218579421889,1.004306573519272,1.0674916208430016,-0.1473208806064043,4.659302750457305,1.266183010783346
64.0,196.0,1005.0035400390624,1.488088734200528,3.2964916798764268,-0.081613556681665,3.4931910742310563,-0.4795947022471148,1.19443031097595,1.5983254058784726,0.3030366300005376,3.1093375136026897,1.3517079212642986
64.0,196.0,1005.59716796875,0.8422960777773174,3.0348209215701183,-0.2311176520887816,3.530445462000517,0.731073415144617,1.0838871087870037,1.0526527931079228,-0.2789778063184201,3.525442996103043,1.9314441196361605
64.0,196.0,1005.1682739257812,0.4758226699530498,2.725912301651685,-0.0230184400084026,3.5041163169939864,-0.2839688026094656,0.98246182909671,0.7814411067738086,0.0567855685067581,3.2908997596538847,1.3640380101297185
64.0,196.0,1004.932861328125,1.5796322669745138,2.974669102036052,-0.2759972217390695,3.567574034001228,-0.2093543612178015,1.4940440693796724,1.055340177568717,-0.0056815911348413,3.322450316094878,2.2801882162059304
64.0,196.0,1005.4376220703124,1.4939369051591875,3.208578143175042,-0.0838875551827738,3.6527902052474297,-0.0677512366808728,2.1295316682877434,1.0280783661595605,-0.0117743859456704,3.334761595860714,1.7120512362595308
64.0,196.0,1005.9476318359376,0.0416259073064684,3.056620648095169,0.9059087932371556,3.541676985417584,-0.4558259587305865,-0.3150494321593007,1.05123482986649,-0.0994281152615595,3.238383279985208,1.6565234082160285
64.0,196.0,1006.0139770507812,1.5426257774234884,2.963062015218996,-0.1644154265346108,3.571054709565818,-0.2255485820590461,1.124004775755031,1.0785750977224122,-0.0170868564908297,3.529492666873149,1.8095727813707885
64.0,196.0,1004.924560546875,1.3902787656971398,3.2388825019148166,-0.206591284257351,2.6835356447268124,-0.2393013169250669,1.0825663808182378,0.7880722208517016,0.1086941866441624,3.760609960660497,1.5499190461382142
64.0,196.0,1003.884033203125,1.1425112649696187,3.065090117718845,0.592860107788608,2.8071972518327133,0.2549808842303713,0.7688590957311772,1.1434486482266086,0.1774592781213724,3.2904317271738885,1.6652367097735672
64.0,196.0,1004.8756713867188,1.803103039357084,3.04969122379482,-0.2380855070972431,3.544222673085715,-0.3675432124331079,1.0049334701620785,1.0915745130618049,-0.0166428366782459,3.286393579044508,1.7128181502425668
64.0,196.0,1005.5949096679688,1.065741447403239,3.566321993171797,-0.1722097588879127,3.335195644635442,0.4153135222526197,1.6432684793938577,1.2308026718224587,0.3065238812510272,3.32453208933479,1.4181087479272612
64.0,196.0,1005.1708984375,1.5387374172758588,3.0630905424895096,-0.2761169812147975,3.539551483750204,-0.0710913967583387,1.0864629386437223,1.0432566156141505,0.0406253156605319,3.3703392304127733,1.6847979903288934
64.0,196.0,1004.3433227539062,1.5246637626108075,2.588764633984187,-0.2247483509817702,3.541791433209113,-0.2094105942329443,0.0900981966808316,1.4472220790014578,0.3634141441016041,3.275517642189521,1.677631713184814
64.0,196.0,1006.2902221679688,-0.4251081873792355,3.285807122763265,-0.1892787533432827,2.527234148491948,-0.6010386156964528,0.6565171337625719,1.76275366174798,-0.0125229395337214,3.152359389102193,1.536172754489335
64.0,196.0,1002.565185546875,0.5472914493255665,3.366882117201061,1.3060013984334584,1.9325170226020087,-1.0074251950736448,0.7432223534795421,1.6951969237110474,0.1334456915648295,3.316198941140461,1.659375229627378
64.0,196.0,1006.7476806640624,1.3783292661069166,2.227281756843792,0.7486796121921748,2.3676098445669496,-0.4352187250238886,0.1295667694666509,1.2582478032152908,0.9678886220425788,1.546052822985894,1.7088008776725607
64.0,196.0,1003.6841430664062,1.5264166200797986,3.063097861613356,-0.215819897253269,3.5490497273888275,-0.2048867388282806,1.0826619122252867,1.0511392207255632,-0.0170243374408754,3.2973942147249127,1.6821927523441609
64.0,196.0,1005.0227661132812,1.1090167985935704,3.054929262949412,0.2138404591139139,3.3785257770175283,-0.2062982807170551,0.6081492878130935,1.0163426512361524,-0.0348229360837541,3.2931519023315508,1.7331119502206431
64.0,196.0,1006.3912353515624,1.0823124156003283,3.145532408020725,0.0937498638335725,4.3492484902596935,-0.983369492477124,0.3045399617600217,1.0355153888892177,-0.6035785196627739,3.47882371336145,1.9749920545649893
64.0,196.0,1003.7677001953124,0.9753379059727132,3.027481911426474,0.8914709442373026,3.6385006360362526,-0.1936568623912141,0.9354252219936228,1.0515023454212475,1.5844169383747184,3.3013099988549235,1.6821957420369034
64.0,196.0,1005.7315063476562,1.5396689441273124,3.0386942734840274,0.0727790596694881,3.99653790662412,-0.2180394714265182,1.1227822176659112,0.9898665587735348,-0.0161734394273001,3.292559616599718,1.7283088665121291
64.0,196.0,1005.9786376953124,1.1755166225902458,3.0139295819900664,-0.2417305383366287,3.616814653335077,-0.2729520402836232,1.8592848557108288,1.1177652924446315,0.1211451494947978,3.912459696901169,2.2316448068592054
64.0,196.0,1004.7403564453124,0.4804166552562906,3.142058809388116,-0.507253232726782,3.78275224637308,-0.5671588827166028,1.1261544357254607,1.4122039073154182,0.5007209311294231,3.503301094810195,1.926829920271378
64.0,196.0,1004.5214233398438,1.3925082887281215,3.065088985864282,-0.1686798461004562,2.4937664364779137,-0.2246521629870259,1.0573601922845028,1.0844478999456344,-0.8866334099558765,3.2654268773896447,1.6563374701400866
64.0,196.0,1006.101806640625,1.5145614614356997,2.994643314133276,-0.4385238738008652,2.6498988515969346,-0.2204737755628775,1.1219320992016055,0.99350013477897,-0.0190371027451072,3.134156782158529,1.6797391789481235
64.0,196.0,1005.5848999023438,-0.4976473021030942,3.419951677935696,-0.3086301958483286,3.870154605804175,-1.1699164176837953,1.6993185462984577,0.8701808901365833,0.0028869377323087,3.427754210534899,1.6924904654891433
64.0,196.0,1005.2015991210938,-0.9065866190336698,2.536369936448513,1.0012825911920764,0.7384741288722001,-1.3043415059826065,0.8367591620529873,1.226872201567225,0.259522407071536,3.263528619159368,0.8166144550606269
64.0,196.0,1005.768310546875,1.5999854791936896,2.9805356758612893,-0.224463190705871,3.807145392204087,-0.3379384159359995,1.0087144864956603,0.8161970981207121,-0.0299745068515237,3.525817858828421,1.6851147134922917
64.0,197.0,1004.6443481445312,0.6900176227674764,3.063074350782302,-0.3302721781170479,3.0126561550720083,-0.1976159951512532,1.5970259768578052,1.2511792713171723,-0.0167520924344081,3.4265898532482377,1.5636003792452855
64.0,197.0,1004.2421264648438,1.1090451639676264,3.063170278295987,-0.1754780434512142,3.5433184929382966,-0.1568456031498367,1.0766389807596008,1.0528787249669178,-0.0171620058962041,3.1145081813601543,1.5893554756452115
64.0,197.0,1006.1292724609376,0.8825330645131402,3.064174342687368,-0.2362635771631851,3.582316996030628,-0.2074679037536006,0.9559810891053128,1.0531749231574068,-0.0434490340044395,3.286294651604756,2.3253331241426074
64.0,197.0,1005.7072143554688,1.6491448804843336,2.9104453120023,-0.2376035463302053,3.615676320374159,-0.5459213406507523,1.0802436756395946,1.0229389087533642,-0.0226071327225542,3.134768809825729,1.4551102740604491
64.0,197.0,1005.2555541992188,-0.5037094802039921,3.707585390221884,-0.3280569768488796,3.321070462527059,0.979043172621886,-0.4155761280008436,0.9565504599200948,0.2951346271246178,3.295787014291044,2.1819067114242974
64.0,197.0,1006.83154296875,1.5265036097584397,2.4688393553651458,-0.2193779993269236,3.456649131017686,-0.280184533111481,1.4322115030166764,0.0073984864598439,0.0552709621325861,2.764100911123255,1.699477136905433
64.0,197.0,1006.2119140625,0.4893625390202833,1.7795423029239368,-0.2283334970089545,3.1277989280704825,0.4981169607027755,1.141197769335064,2.5146578201478693,1.975507430672696,4.311031517865723,2.0922100116751228
64.0,197.0,1005.1494140625,1.4267671879387,2.82151791963309,-0.2050135975394147,3.599402345635524,-0.212234014229664,1.0699343377498252,1.054124327480299,-0.0348381047181509,3.2384919490320403,1.683330061310487
64.0,197.0,1005.474853515625,1.5026949966969567,4.303640589644998,0.0467183102294996,3.508585978273294,-0.276222544546385,1.2632585220760255,0.9839023829757484,0.4548566034085533,3.319979299343642,1.681623450852277
64.0,197.0,1004.5355224609376,-0.2067583177486083,2.156645823399848,1.1237471826284795,3.780946817479548,-0.5114493991580722,1.3470285072754011,1.5426076556614716,0.9251629364195506,3.6326501297850458,1.193605314089168
64.0,197.0,1005.1493530273438,0.5735184706036716,3.028423329307017,0.2644622216036731,2.659398374348958,0.2306337810705419,1.0125999917583286,1.1341537852403114,0.5087035841895886,3.226086612326376,1.548830647479367
64.0,197.0,1004.7117919921876,0.4052530103725722,2.862964791291889,1.0244185980793992,1.6185629550949447,0.0861167524434486,0.806110362194968,0.5149989619430992,0.0762824622613271,3.306353246449835,1.6419964791765842
64.0,197.0,1005.585205078125,1.4441076734521072,3.066111509674269,0.0067028297138759,3.194813058276394,-0.2495793018936137,1.1591742150332562,1.047291772061316,-0.0635626710663064,3.2934046480925203,1.7277033081006632
64.0,197.0,1004.95849609375,0.9162956780313632,2.1247201074083826,0.0379144096914144,3.0493734156772465,-0.204541723945408,1.0866278545155783,1.081534562537653,-0.1426858802547873,2.5531626479271203,1.6834925846586402
64.0,197.0,1005.079833984375,0.8078773908434,3.0635542735379326,-0.2222773718837908,3.644619233544741,-0.0438507735814526,1.4232936018416082,0.7302359461628485,0.463335757005806,3.131559441489576,1.6311643300045815
64.0,197.0,1005.9080810546876,1.0513515896295955,3.0324479004866207,-0.1399893757068982,2.5909601277576697,-0.1207554487964864,2.5126882206643253,1.1607896320933913,0.180815057255496,3.251736532375584,2.58552590355996
64.0,197.0,1005.7649536132812,0.2825466944237913,3.223371955913502,-1.130107795435179,3.475165291581171,-1.048330892200188,0.6773142097574366,1.7224453178602437,-0.0116344510771347,2.978858171781275,1.664112733334867
64.0,197.0,1003.8233642578124,1.028523366259821,3.0628461474330293,-0.3204188298828894,3.0167776901382988,0.2647472536681213,1.306874930918926,0.9514498344110252,-0.5399432597472117,3.348110656193866,0.8965220619264871
64.0,197.0,1006.2741088867188,1.643031542836416,3.606370926934152,-0.6934784640503268,3.544777025413626,-0.1168117638030309,0.939111865717292,1.235370936060419,0.8014975999324441,3.270795648100955,1.6707495569788469
64.0,197.0,1005.4312744140624,1.3627715738376884,3.076635121501396,-0.2203183241854567,3.1897560510402903,-0.4507563945197057,1.1522013466208365,1.072078304572779,-0.0715777010715543,3.2997649430028133,1.6650114468654638
64.0,197.0,1006.1286010742188,1.5630251164579407,3.034072154337606,-0.2144607478813976,3.3747890166807086,-0.1840946200972616,1.0834848120091078,1.505132191142844,0.0986427251527393,3.2971237436003165,1.6407078622033984
64.0,197.0,1004.8368530273438,-0.0192859539180938,3.1458012448024646,-0.4052589456220559,3.5837623621294377,-0.4446218579421889,1.004306573519272,1.0674916208430016,-0.1473208806064043,4.659302750457305,1.266183010783346
64.0,197.0,1005.0035400390624,1.488088734200528,3.2964916798764268,-0.081613556681665,3.4931910742310563,-0.4795947022471148,1.19443031097595,1.5983254058784726,0.3030366300005376,3.1093375136026897,1.3517079212642986
64.0,197.0,1005.59716796875,0.8422960777773174,3.0348209215701183,-0.2311176520887816,3.530445462000517,0.731073415144617,1.0838871087870037,1.0526527931079228,-0.2789778063184201,3.525442996103043,1.9314441196361605
64.0,197.0,1005.1682739257812,0.4758226699530498,2.725912301651685,-0.0230184400084026,3.5041163169939864,-0.2839688026094656,0.98246182909671,0.7814411067738086,0.0567855685067581,3.2908997596538847,1.3640380101297185
64.0,197.0,1004.932861328125,1.5796322669745138,2.974669102036052,-0.2759972217390695,3.567574034001228,-0.2093543612178015,1.4940440693796724,1.055340177568717,-0.0056815911348413,3.322450316094878,2.2801882162059304
64.0,197.0,1005.4376220703124,1.4939369051591875,3.208578143175042,-0.0838875551827738,3.6527902052474297,-0.0677512366808728,2.1295316682877434,1.0280783661595605,-0.0117743859456704,3.334761595860714,1.7120512362595308
64.0,197.0,1005.9476318359376,0.0416259073064684,3.056620648095169,0.9059087932371556,3.541676985417584,-0.4558259587305865,-0.3150494321593007,1.05123482986649,-0.0994281152615595,3.238383279985208,1.6565234082160285
64.0,197.0,1006.0139770507812,1.5426257774234884,2.963062015218996,-0.1644154265346108,3.571054709565818,-0.2255485820590461,1.124004775755031,1.0785750977224122,-0.0170868564908297,3.529492666873149,1.8095727813707885
64.0,197.0,1004.924560546875,1.3902787656971398,3.2388825019148166,-0.206591284257351,2.6835356447268124,-0.2393013169250669,1.0825663808182378,0.7880722208517016,0.1086941866441624,3.760609960660497,1.5499190461382142
64.0,197.0,1003.884033203125,1.1425112649696187,3.065090117718845,0.592860107788608,2.8071972518327133,0.2549808842303713,0.7688590957311772,1.1434486482266086,0.1774592781213724,3.2904317271738885,1.6652367097735672
64.0,197.0,1004.8756713867188,1.803103039357084,3.04969122379482,-0.2380855070972431,3.544222673085715,-0.3675432124331079,1.0049334701620785,1.0915745130618049,-0.0166428366782459,3.286393579044508,1.7128181502425668
64.0,197.0,1005.5949096679688,1.065741447403239,3.566321993171797,-0.1722097588879127,3.335195644635442,0.4153135222526197,1.6432684793938577,1.2308026718224587,0.3065238812510272,3.32453208933479,1.4181087479272612
64.0,197.0,1005.1708984375,1.5387374172758588,3.0630905424895096,-0.2761169812147975,3.539551483750204,-0.0710913967583387,1.0864629386437223,1.0432566156141505,0.0406253156605319,3.3703392304127733,1.6847979903288934
64.0,197.0,1004.3433227539062,1.5246637626108075,2.588764633984187,-0.2247483509817702,3.541791433209113,-0.2094105942329443,0.0900981966808316,1.4472220790014578,0.3634141441016041,3.275517642189521,1.677631713184814
64.0,197.0,1006.2902221679688,-0.4251081873792355,3.285807122763265,-0.1892787533432827,2.527234148491948,-0.6010386156964528,0.6565171337625719,1.76275366174798,-0.0125229395337214,3.152359389102193,1.536172754489335
64.0,197.0,1002.565185546875,0.5472914493255665,3.366882117201061,1.3060013984334584,1.9325170226020087,-1.0074251950736448,0.7432223534795421,1.6951969237110474,0.1334456915648295,3.316198941140461,1.659375229627378
64.0,197.0,1006.7476806640624,1.3783292661069166,2.227281756843792,0.7486796121921748,2.3676098445669496,-0.4352187250238886,0.1295667694666509,1.2582478032152908,0.9678886220425788,1.546052822985894,1.7088008776725607
64.0,197.0,1003.6841430664062,1.5264166200797986,3.063097861613356,-0.215819897253269,3.5490497273888275,-0.2048867388282806,1.0826619122252867,1.0511392207255632,-0.0170243374408754,3.2973942147249127,1.6821927523441609
64.0,197.0,1005.0227661132812,1.1090167985935704,3.054929262949412,0.2138404591139139,3.3785257770175283,-0.2062982807170551,0.6081492878130935,1.0163426512361524,-0.0348229360837541,3.2931519023315508,1.7331119502206431
64.0,197.0,1006.3912353515624,1.0823124156003283,3.145532408020725,0.0937498638335725,4.3492484902596935,-0.983369492477124,0.3045399617600217,1.0355153888892177,-0.6035785196627739,3.47882371336145,1.9749920545649893
64.0,197.0,1003.7677001953124,0.9753379059727132,3.027481911426474,0.8914709442373026,3.6385006360362526,-0.1936568623912141,0.9354252219936228,1.0515023454212475,1.5844169383747184,3.3013099988549235,1.6821957420369034
64.0,197.0,1005.7315063476562,1.5396689441273124,3.0386942734840274,0.0727790596694881,3.99653790662412,-0.2180394714265182,1.1227822176659112,0.9898665587735348,-0.0161734394273001,3.292559616599718,1.7283088665121291
64.0,197.0,1005.9786376953124,1.1755166225902458,3.0139295819900664,-0.2417305383366287,3.616814653335077,-0.2729520402836232,1.8592848557108288,1.1177652924446315,0.1211451494947978,3.912459696901169,2.2316448068592054
64.0,197.0,1004.7403564453124,0.4804166552562906,3.142058809388116,-0.507253232726782,3.78275224637308,-0.5671588827166028,1.1261544357254607,1.4122039073154182,0.5007209311294231,3.503301094810195,1.926829920271378
64.0,197.0,1004.5214233398438,1.3925082887281215,3.065088985864282,-0.1686798461004562,2.4937664364779137,-0.2246521629870259,1.0573601922845028,1.0844478999456344,-0.8866334099558765,3.2654268773896447,1.6563374701400866
64.0,197.0,1006.101806640625,1.5145614614356997,2.994643314133276,-0.4385238738008652,2.6498988515969346,-0.2204737755628775,1.1219320992016055,0.99350013477897,-0.0190371027451072,3.134156782158529,1.6797391789481235
64.0,197.0,1005.5848999023438,-0.4976473021030942,3.419951677935696,-0.3086301958483286,3.870154605804175,-1.1699164176837953,1.6993185462984577,0.8701808901365833,0.0028869377323087,3.427754210534899,1.6924904654891433
64.0,197.0,1005.2015991210938,-0.9065866190336698,2.536369936448513,1.0012825911920764,0.7384741288722001,-1.3043415059826065,0.8367591620529873,1.226872201567225,0.259522407071536,3.263528619159368,0.8166144550606269
64.0,197.0,1005.768310546875,1.5999854791936896,2.9805356758612893,-0.224463190705871,3.807145392204087,-0.3379384159359995,1.0087144864956603,0.8161970981207121,-0.0299745068515237,3.525817858828421,1.6851147134922917
64.0,198.0,1004.6443481445312,0.6900176227674764,3.063074350782302,-0.3302721781170479,3.0126561550720083,-0.1976159951512532,1.5970259768578052,1.2511792713171723,-0.0167520924344081,3.4265898532482377,1.5636003792452855
64.0,198.0,1004.2421264648438,1.1090451639676264,3.063170278295987,-0.1754780434512142,3.5433184929382966,-0.1568456031498367,1.0766389807596008,1.0528787249669178,-0.0171620058962041,3.1145081813601543,1.5893554756452115
64.0,198.0,1006.1292724609376,0.8825330645131402,3.064174342687368,-0.2362635771631851,3.582316996030628,-0.2074679037536006,0.9559810891053128,1.0531749231574068,-0.0434490340044395,3.286294651604756,2.3253331241426074
64.0,198.0,1005.7072143554688,1.6491448804843336,2.9104453120023,-0.2376035463302053,3.615676320374159,-0.5459213406507523,1.0802436756395946,1.0229389087533642,-0.0226071327225542,3.134768809825729,1.4551102740604491
64.0,198.0,1005.2555541992188,-0.5037094802039921,3.707585390221884,-0.3280569768488796,3.321070462527059,0.979043172621886,-0.4155761280008436,0.9565504599200948,0.2951346271246178,3.295787014291044,2.1819067114242974
64.0,198.0,1006.83154296875,1.5265036097584397,2.4688393553651458,-0.2193779993269236,3.456649131017686,-0.280184533111481,1.4322115030166764,0.0073984864598439,0.0552709621325861,2.764100911123255,1.699477136905433
64.0,198.0,1006.2119140625,0.4893625390202833,1.7795423029239368,-0.2283334970089545,3.1277989280704825,0.4981169607027755,1.141197769335064,2.5146578201478693,1.975507430672696,4.311031517865723,2.0922100116751228
64.0,198.0,1005.1494140625,1.4267671879387,2.82151791963309,-0.2050135975394147,3.599402345635524,-0.212234014229664,1.0699343377498252,1.054124327480299,-0.0348381047181509,3.2384919490320403,1.683330061310487
64.0,198.0,1005.474853515625,1.5026949966969567,4.303640589644998,0.0467183102294996,3.508585978273294,-0.276222544546385,1.2632585220760255,0.9839023829757484,0.4548566034085533,3.319979299343642,1.681623450852277
64.0,198.0,1004.5355224609376,-0.2067583177486083,2.156645823399848,1.1237471826284795,3.780946817479548,-0.5114493991580722,1.3470285072754011,1.5426076556614716,0.9251629364195506,3.6326501297850458,1.193605314089168
64.0,198.0,1005.1493530273438,0.5735184706036716,3.028423329307017,0.2644622216036731,2.659398374348958,0.2306337810705419,1.0125999917583286,1.1341537852403114,0.5087035841895886,3.226086612326376,1.548830647479367
64.0,198.0,1004.7117919921876,0.4052530103725722,2.862964791291889,1.0244185980793992,1.6185629550949447,0.0861167524434486,0.806110362194968,0.5149989619430992,0.0762824622613271,3.306353246449835,1.6419964791765842
64.0,198.0,1005.585205078125,1.4441076734521072,3.066111509674269,0.0067028297138759,3.194813058276394,-0.2495793018936137,1.1591742150332562,1.047291772061316,-0.0635626710663064,3.2934046480925203,1.7277033081006632
64.0,198.0,1004.95849609375,0.9162956780313632,2.1247201074083826,0.0379144096914144,3.0493734156772465,-0.204541723945408,1.0866278545155783,1.081534562537653,-0.1426858802547873,2.5531626479271203,1.6834925846586402
64.0,198.0,1005.079833984375,0.8078773908434,3.0635542735379326,-0.2222773718837908,3.644619233544741,-0.0438507735814526,1.4232936018416082,0.7302359461628485,0.463335757005806,3.131559441489576,1.6311643300045815
64.0,198.0,1005.9080810546876,1.0513515896295955,3.0324479004866207,-0.1399893757068982,2.5909601277576697,-0.1207554487964864,2.5126882206643253,1.1607896320933913,0.180815057255496,3.251736532375584,2.58552590355996
64.0,198.0,1005.7649536132812,0.2825466944237913,3.223371955913502,-1.130107795435179,3.475165291581171,-1.048330892200188,0.6773142097574366,1.7224453178602437,-0.0116344510771347,2.978858171781275,1.664112733334867
64.0,198.0,1003.8233642578124,1.028523366259821,3.0628461474330293,-0.3204188298828894,3.0167776901382988,0.2647472536681213,1.306874930918926,0.9514498344110252,-0.5399432597472117,3.348110656193866,0.8965220619264871
64.0,198.0,1006.2741088867188,1.643031542836416,3.606370926934152,-0.6934784640503268,3.544777025413626,-0.1168117638030309,0.939111865717292,1.235370936060419,0.8014975999324441,3.270795648100955,1.6707495569788469
64.0,198.0,1005.4312744140624,1.3627715738376884,3.076635121501396,-0.2203183241854567,3.1897560510402903,-0.4507563945197057,1.1522013466208365,1.072078304572779,-0.0715777010715543,3.2997649430028133,1.6650114468654638
64.0,198.0,1006.1286010742188,1.5630251164579407,3.034072154337606,-0.2144607478813976,3.3747890166807086,-0.1840946200972616,1.0834848120091078,1.505132191142844,0.0986427251527393,3.2971237436003165,1.6407078622033984
64.0,198.0,1004.8368530273438,-0.0192859539180938,3.1458012448024646,-0.4052589456220559,3.5837623621294377,-0.4446218579421889,1.004306573519272,1.0674916208430016,-0.1473208806064043,4.659302750457305,1.266183010783346
64.0,198.0,1005.0035400390624,1.488088734200528,3.2964916798764268,-0.081613556681665,3.4931910742310563,-0.4795947022471148,1.19443031097595,1.5983254058784726,0.3030366300005376,3.1093375136026897,1.3517079212642986
64.0,198.0,1005.59716796875,0.8422960777773174,3.0348209215701183,-0.2311176520887816,3.530445462000517,0.731073415144617,1.0838871087870037,1.0526527931079228,-0.2789778063184201,3.525442996103043,1.9314441196361605
64.0,198.0,1005.1682739257812,0.4758226699530498,2.725912301651685,-0.0230184400084026,3.5041163169939864,-0.2839688026094656,0.98246182909671,0.7814411067738086,0.0567855685067581,3.2908997596538847,1.3640380101297185
64.0,198.0,1004.932861328125,1.5796322669745138,2.974669102036052,-0.2759972217390695,3.567574034001228,-0.2093543612178015,1.4940440693796724,1.055340177568717,-0.0056815911348413,3.322450316094878,2.2801882162059304
64.0,198.0,1005.4376220703124,1.4939369051591875,3.208578143175042,-0.0838875551827738,3.6527902052474297,-0.0677512366808728,2.1295316682877434,1.0280783661595605,-0.0117743859456704,3.334761595860714,1.7120512362595308
64.0,198.0,1005.9476318359376,0.0416259073064684,3.056620648095169,0.9059087932371556,3.541676985417584,-0.4558259587305865,-0.3150494321593007,1.05123482986649,-0.0994281152615595,3.238383279985208,1.6565234082160285
64.0,198.0,1006.0139770507812,1.5426257774234884,2.963062015218996,-0.1644154265346108,3.571054709565818,-0.2255485820590461,1.124004775755031,1.0785750977224122,-0.0170868564908297,3.529492666873149,1.8095727813707885
64.0,198.0,1004.924560546875,1.3902787656971398,3.2388825019148166,-0.206591284257351,2.6835356447268124,-0.2393013169250669,1.0825663808182378,0.7880722208517016,0.1086941866441624,3.760609960660497,1.5499190461382142
64.0,198.0,1003.884033203125,1.1425112649696187,3.065090117718845,0.592860107788608,2.8071972518327133,0.2549808842303713,0.7688590957311772,1.1434486482266086,0.1774592781213724,3.2904317271738885,1.6652367097735672
64.0,198.0,1004.8756713867188,1.803103039357084,3.04969122379482,-0.2380855070972431,3.544222673085715,-0.3675432124331079,1.0049334701620785,1.0915745130618049,-0.0166428366782459,3.286393579044508,1.7128181502425668
64.0,198.0,1005.5949096679688,1.065741447403239,3.566321993171797,-0.1722097588879127,3.335195644635442,0.4153135222526197,1.6432684793938577,1.2308026718224587,0.3065238812510272,3.32453208933479,1.4181087479272612
64.0,198.0,1005.1708984375,1.5387374172758588,3.0630905424895096,-0.2761169812147975,3.539551483750204,-0.0710913967583387,1.0864629386437223,1.0432566156141505,0.0406253156605319,3.3703392304127733,1.6847979903288934
64.0,198.0,1004.3433227539062,1.5246637626108075,2.588764633984187,-0.2247483509817702,3.541791433209113,-0.2094105942329443,0.0900981966808316,1.4472220790014578,0.3634141441016041,3.275517642189521,1.677631713184814
64.0,198.0,1006.2902221679688,-0.4251081873792355,3.285807122763265,-0.1892787533432827,2.527234148491948,-0.6010386156964528,0.6565171337625719,1.76275366174798,-0.0125229395337214,3.152359389102193,1.536172754489335
64.0,198.0,1002.565185546875,0.5472914493255665,3.366882117201061,1.3060013984334584,1.9325170226020087,-1.0074251950736448,0.7432223534795421,1.6951969237110474,0.1334456915648295,3.316198941140461,1.659375229627378
64.0,198.0,1006.7476806640624,1.3783292661069166,2.227281756843792,0.7486796121921748,2.3676098445669496,-0.4352187250238886,0.1295667694666509,1.2582478032152908,0.9678886220425788,1.546052822985894,1.7088008776725607
64.0,198.0,1003.6841430664062,1.5264166200797986,3.063097861613356,-0.215819897253269,3.5490497273888275,-0.2048867388282806,1.0826619122252867,1.0511392207255632,-0.0170243374408754,3.2973942147249127,1.6821927523441609
64.0,198.0,1005.0227661132812,1.1090167985935704,3.054929262949412,0.2138404591139139,3.3785257770175283,-0.2062982807170551,0.6081492878130935,1.0163426512361524,-0.0348229360837541,3.2931519023315508,1.7331119502206431
64.0,198.0,1006.3912353515624,1.0823124156003283,3.145532408020725,0.0937498638335725,4.3492484902596935,-0.983369492477124,0.3045399617600217,1.0355153888892177,-0.6035785196627739,3.47882371336145,1.9749920545649893
64.0,198.0,1003.7677001953124,0.9753379059727132,3.027481911426474,0.8914709442373026,3.6385006360362526,-0.1936568623912141,0.9354252219936228,1.0515023454212475,1.5844169383747184,3.3013099988549235,1.6821957420369034
64.0,198.0,1005.7315063476562,1.5396689441273124,3.0386942734840274,0.0727790596694881,3.99653790662412,-0.2180394714265182,1.1227822176659112,0.9898665587735348,-0.0161734394273001,3.292559616599718,1.7283088665121291
64.0,198.0,1005.9786376953124,1.1755166225902458,3.0139295819900664,-0.2417305383366287,3.616814653335077,-0.2729520402836232,1.8592848557108288,1.1177652924446315,0.1211451494947978,3.912459696901169,2.2316448068592054
64.0,198.0,1004.7403564453124,0.4804166552562906,3.142058809388116,-0.507253232726782,3.78275224637308,-0.5671588827166028,1.1261544357254607,1.4122039073154182,0.5007209311294231,3.503301094810195,1.926829920271378
64.0,198.0,1004.5214233398438,1.3925082887281215,3.065088985864282,-0.1686798461004562,2.4937664364779137,-0.2246521629870259,1.0573601922845028,1.0844478999456344,-0.8866334099558765,3.2654268773896447,1.6563374701400866
64.0,198.0,1006.101806640625,1.5145614614356997,2.994643314133276,-0.4385238738008652,2.6498988515969346,-0.2204737755628775,1.1219320992016055,0.99350013477897,-0.0190371027451072,3.134156782158529,1.6797391789481235
64.0,198.0,1005.5848999023438,-0.4976473021030942,3.419951677935696,-0.3086301958483286,3.870154605804175,-1.1699164176837953,1.6993185462984577,0.8701808901365833,0.0028869377323087,3.427754210534899,1.6924904654891433
64.0,198.0,1005.2015991210938,-0.9065866190336698,2.536369936448513,1.0012825911920764,0.7384741288722001,-1.3043415059826065,0.8367591620529873,1.226872201567225,0.259522407071536,3.263528619159368,0.8166144550606269
64.0,198.0,1005.768310546875,1.5999854791936896,2.9805356758612893,-0.224463190705871,3.807145392204087,-0.3379384159359995,1.0087144864956603,0.8161970981207121,-0.0299745068515237,3.525817858828421,1.6851147134922917
64.0,199.0,1004.6443481445312,0.6900176227674764,3.063074350782302,-0.3302721781170479,3.0126561550720083,-0.1976159951512532,1.5970259768578052,1.2511792713171723,-0.0167520924344081,3.4265898532482377,1.5636003792452855
64.0,199.0,1004.2421264648438,1.1090451639676264,3.063170278295987,-0.1754780434512142,3.5433184929382966,-0.1568456031498367,1.0766389807596008,1.0528787249669178,-0.0171620058962041,3.1145081813601543,1.5893554756452115
64.0,199.0,1006.1292724609376,0.8825330645131402,3.064174342687368,-0.2362635771631851,3.582316996030628,-0.2074679037536006,0.9559810891053128,1.0531749231574068,-0.0434490340044395,3.286294651604756,2.3253331241426074
64.0,199.0,1005.7072143554688,1.6491448804843336,2.9104453120023,-0.2376035463302053,3.615676320374159,-0.5459213406507523,1.0802436756395946,1.0229389087533642,-0.0226071327225542,3.134768809825729,1.4551102740604491
64.0,199.0,1005.2555541992188,-0.5037094802039921,3.707585390221884,-0.3280569768488796,3.321070462527059,0.979043172621886,-0.4155761280008436,0.9565504599200948,0.2951346271246178,3.295787014291044,2.1819067114242974
64.0,199.0,1006.83154296875,1.5265036097584397,2.4688393553651458,-0.2193779993269236,3.456649131017686,-0.280184533111481,1.4322115030166764,0.0073984864598439,0.0552709621325861,2.764100911123255,1.699477136905433
64.0,199.0,1006.2119140625,0.4893625390202833,1.7795423029239368,-0.2283334970089545,3.1277989280704825,0.4981169607027755,1.141197769335064,2.5146578201478693,1.975507430672696,4.311031517865723,2.0922100116751228
64.0,199.0,1005.1494140625,1.4267671879387,2.82151791963309,-0.2050135975394147,3.599402345635524,-0.212234014229664,1.0699343377498252,1.054124327480299,-0.0348381047181509,3.2384919490320403,1.683330061310487
64.0,199.0,1005.474853515625,1.5026949966969567,4.303640589644998,0.0467183102294996,3.508585978273294,-0.276222544546385,1.2632585220760255,0.9839023829757484,0.4548566034085533,3.319979299343642,1.681623450852277
64.0,199.0,1004.5355224609376,-0.2067583177486083,2.156645823399848,1.1237471826284795,3.780946817479548,-0.5114493991580722,1.3470285072754011,1.5426076556614716,0.9251629364195506,3.6326501297850458,1.193605314089168
64.0,199.0,1005.1493530273438,0.5735184706036716,3.028423329307017,0.2644622216036731,2.659398374348958,0.2306337810705419,1.0125999917583286,1.1341537852403114,0.5087035841895886,3.226086612326376,1.548830647479367
64.0,199.0,1004.7117919921876,0.4052530103725722,2.862964791291889,1.0244185980793992,1.6185629550949447,0.0861167524434486,0.806110362194968,0.5149989619430992,0.0762824622613271,3.306353246449835,1.6419964791765842
64.0,199.0,1005.585205078125,1.4441076734521072,3.066111509674269,0.0067028297138759,3.194813058276394,-0.2495793018936137,1.1591742150332562,1.047291772061316,-0.0635626710663064,3.2934046480925203,1.7277033081006632
64.0,199.0,1004.95849609375,0.9162956780313632,2.1247201074083826,0.0379144096914144,3.0493734156772465,-0.204541723945408,1.0866278545155783,1.081534562537653,-0.1426858802547873,2.5531626479271203,1.6834925846586402
64.0,199.0,1005.079833984375,0.8078773908434,3.0635542735379326,-0.2222773718837908,3.644619233544741,-0.0438507735814526,1.4232936018416082,0.7302359461628485,0.463335757005806,3.131559441489576,1.6311643300045815
64.0,199.0,1005.9080810546876,1.0513515896295955,3.0324479004866207,-0.1399893757068982,2.5909601277576697,-0.1207554487964864,2.5126882206643253,1.1607896320933913,0.180815057255496,3.251736532375584,2.58552590355996
64.0,199.0,1005.7649536132812,0.2825466944237913,3.223371955913502,-1.130107795435179,3.475165291581171,-1.048330892200188,0.6773142097574366,1.7224453178602437,-0.0116344510771347,2.978858171781275,1.664112733334867
64.0,199.0,1003.8233642578124,1.028523366259821,3.0628461474330293,-0.3204188298828894,3.0167776901382988,0.2647472536681213,1.306874930918926,0.9514498344110252,-0.5399432597472117,3.348110656193866,0.8965220619264871
64.0,199.0,1006.2741088867188,1.643031542836416,3.606370926934152,-0.6934784640503268,3.544777025413626,-0.1168117638030309,0.939111865717292,1.235370936060419,0.8014975999324441,3.270795648100955,1.6707495569788469
64.0,199.0,1005.4312744140624,1.3627715738376884,3.076635121501396,-0.2203183241854567,3.1897560510402903,-0.4507563945197057,1.1522013466208365,1.072078304572779,-0.0715777010715543,3.2997649430028133,1.6650114468654638
64.0,199.0,1006.1286010742188,1.5630251164579407,3.034072154337606,-0.2144607478813976,3.3747890166807086,-0.1840946200972616,1.0834848120091078,1.505132191142844,0.0986427251527393,3.2971237436003165,1.6407078622033984
64.0,199.0,1004.8368530273438,-0.0192859539180938,3.1458012448024646,-0.4052589456220559,3.5837623621294377,-0.4446218579421889,1.004306573519272,1.0674916208430016,-0.1473208806064043,4.659302750457305,1.266183010783346
64.0,199.0,1005.0035400390624,1.488088734200528,3.2964916798764268,-0.081613556681665,3.4931910742310563,-0.4795947022471148,1.19443031097595,1.5983254058784726,0.3030366300005376,3.1093375136026897,1.3517079212642986
64.0,199.0,1005.59716796875,0.8422960777773174,3.0348209215701183,-0.2311176520887816,3.530445462000517,0.731073415144617,1.0838871087870037,1.0526527931079228,-0.2789778063184201,3.525442996103043,1.9314441196361605
64.0,199.0,1005.1682739257812,0.4758226699530498,2.725912301651685,-0.0230184400084026,3.5041163169939864,-0.2839688026094656,0.98246182909671,0.7814411067738086,0.0567855685067581,3.2908997596538847,1.3640380101297185
64.0,199.0,1004.932861328125,1.5796322669745138,2.974669102036052,-0.2759972217390695,3.567574034001228,-0.2093543612178015,1.4940440693796724,1.055340177568717,-0.0056815911348413,3.322450316094878,2.2801882162059304
64.0,199.0,1005.4376220703124,1.4939369051591875,3.208578143175042,-0.0838875551827738,3.6527902052474297,-0.0677512366808728,2.1295316682877434,1.0280783661595605,-0.0117743859456704,3.334761595860714,1.7120512362595308
64.0,199.0,1005.9476318359376,0.0416259073064684,3.056620648095169,0.9059087932371556,3.541676985417584,-0.4558259587305865,-0.3150494321593007,1.05123482986649,-0.0994281152615595,3.238383279985208,1.6565234082160285
64.0,199.0,1006.0139770507812,1.5426257774234884,2.963062015218996,-0.1644154265346108,3.571054709565818,-0.2255485820590461,1.124004775755031,1.0785750977224122,-0.0170868564908297,3.529492666873149,1.8095727813707885
64.0,199.0,1004.924560546875,1.3902787656971398,3.2388825019148166,-0.206591284257351,2.6835356447268124,-0.2393013169250669,1.0825663808182378,0.7880722208517016,0.1086941866441624,3.760609960660497,1.5499190461382142
64.0,199.0,1003.884033203125,1.1425112649696187,3.065090117718845,0.592860107788608,2.8071972518327133,0.2549808842303713,0.7688590957311772,1.1434486482266086,0.1774592781213724,3.2904317271738885,1.6652367097735672
64.0,199.0,1004.8756713867188,1.803103039357084,3.04969122379482,-0.2380855070972431,3.544222673085715,-0.3675432124331079,1.0049334701620785,1.0915745130618049,-0.0166428366782459,3.286393579044508,1.7128181502425668
64.0,199.0,1005.5949096679688,1.065741447403239,3.566321993171797,-0.1722097588879127,3.335195644635442,0.4153135222526197,1.6432684793938577,1.2308026718224587,0.3065238812510272,3.32453208933479,1.4181087479272612
64.0,199.0,1005.1708984375,1.5387374172758588,3.0630905424895096,-0.2761169812147975,3.539551483750204,-0.0710913967583387,1.0864629386437223,1.0432566156141505,0.0406253156605319,3.3703392304127733,1.6847979903288934
64.0,199.0,1004.3433227539062,1.5246637626108075,2.588764633984187,-0.2247483509817702,3.541791433209113,-0.2094105942329443,0.0900981966808316,1.4472220790014578,0.3634141441016041,3.275517642189521,1.677631713184814
64.0,199.0,1006.2902221679688,-0.4251081873792355,3.285807122763265,-0.1892787533432827,2.527234148491948,-0.6010386156964528,0.6565171337625719,1.76275366174798,-0.0125229395337214,3.152359389102193,1.536172754489335
64.0,199.0,1002.565185546875,0.5472914493255665,3.366882117201061,1.3060013984334584,1.9325170226020087,-1.0074251950736448,0.7432223534795421,1.6951969237110474,0.1334456915648295,3.316198941140461,1.659375229627378
64.0,199.0,1006.7476806640624,1.3783292661069166,2.227281756843792,0.7486796121921748,2.3676098445669496,-0.4352187250238886,0.1295667694666509,1.2582478032152908,0.9678886220425788,1.546052822985894,1.7088008776725607
64.0,199.0,1003.6841430664062,1.5264166200797986,3.063097861613356,-0.215819897253269,3.5490497273888275,-0.2048867388282806,1.0826619122252867,1.0511392207255632,-0.0170243374408754,3.2973942147249127,1.6821927523441609
64.0,199.0,1005.0227661132812,1.1090167985935704,3.054929262949412,0.2138404591139139,3.3785257770175283,-0.2062982807170551,0.6081492878130935,1.0163426512361524,-0.0348229360837541,3.2931519023315508,1.7331119502206431
64.0,199.0,1006.3912353515624,1.0823124156003283,3.145532408020725,0.0937498638335725,4.3492484902596935,-0.983369492477124,0.3045399617600217,1.0355153888892177,-0.6035785196627739,3.47882371336145,1.9749920545649893
64.0,199.0,1003.7677001953124,0.9753379059727132,3.027481911426474,0.8914709442373026,3.6385006360362526,-0.1936568623912141,0.9354252219936228,1.0515023454212475,1.5844169383747184,3.3013099988549235,1.6821957420369034
64.0,199.0,1005.7315063476562,1.5396689441273124,3.0386942734840274,0.0727790596694881,3.99653790662412,-0.2180394714265182,1.1227822176659112,0.9898665587735348,-0.0161734394273001,3.292559616599718,1.7283088665121291
64.0,199.0,1005.9786376953124,1.1755166225902458,3.0139295819900664,-0.2417305383366287,3.616814653335077,-0.2729520402836232,1.8592848557108288,1.1177652924446315,0.1211451494947978,3.912459696901169,2.2316448068592054
64.0,199.0,1004.7403564453124,0.4804166552562906,3.142058809388116,-0.507253232726782,3.78275224637308,-0.5671588827166028,1.1261544357254607,1.4122039073154182,0.5007209311294231,3.503301094810195,1.926829920271378
64.0,199.0,1004.5214233398438,1.3925082887281215,3.065088985864282,-0.1686798461004562,2.4937664364779137,-0.2246521629870259,1.0573601922845028,1.0844478999456344,-0.8866334099558765,3.2654268773896447,1.6563374701400866
64.0,199.0,1006.101806640625,1.5145614614356997,2.994643314133276,-0.4385238738008652,2.6498988515969346,-0.2204737755628775,1.1219320992016055,0.99350013477897,-0.0190371027451072,3.134156782158529,1.6797391789481235
64.0,199.0,1005.5848999023438,-0.4976473021030942,3.419951677935696,-0.3086301958483286,3.870154605804175,-1.1699164176837953,1.6993185462984577,0.8701808901365833,0.0028869377323087,3.427754210534899,1.6924904654891433
64.0,199.0,1005.2015991210938,-0.9065866190336698,2.536369936448513,1.0012825911920764,0.7384741288722001,-1.3043415059826065,0.8367591620529873,1.226872201567225,0.259522407071536,3.263528619159368,0.8166144550606269
64.0,199.0,1005.768310546875,1.5999854791936896,2.9805356758612893,-0.224463190705871,3.807145392204087,-0.3379384159359995,1.0087144864956603,0.8161970981207121,-0.0299745068515237,3.525817858828421,1.6851147134922917
64.0,200.0,1004.6443481445312,0.6900176227674764,3.063074350782302,-0.3302721781170479,3.0126561550720083,-0.1976159951512532,1.5970259768578052,1.2511792713171723,-0.0167520924344081,3.4265898532482377,1.5636003792452855
64.0,200.0,1004.2421264648438,1.1090451639676264,3.063170278295987,-0.1754780434512142,3.5433184929382966,-0.1568456031498367,1.0766389807596008,1.0528787249669178,-0.0171620058962041,3.1145081813601543,1.5893554756452115
64.0,200.0,1006.1292724609376,0.8825330645131402,3.064174342687368,-0.2362635771631851,3.582316996030628,-0.2074679037536006,0.9559810891053128,1.0531749231574068,-0.0434490340044395,3.286294651604756,2.3253331241426074
64.0,200.0,1005.7072143554688,1.6491448804843336,2.9104453120023,-0.2376035463302053,3.615676320374159,-0.5459213406507523,1.0802436756395946,1.0229389087533642,-0.0226071327225542,3.134768809825729,1.4551102740604491
64.0,200.0,1005.2555541992188,-0.5037094802039921,3.707585390221884,-0.3280569768488796,3.321070462527059,0.979043172621886,-0.4155761280008436,0.9565504599200948,0.2951346271246178,3.295787014291044,2.1819067114242974
64.0,200.0,1006.83154296875,1.5265036097584397,2.4688393553651458,-0.2193779993269236,3.456649131017686,-0.280184533111481,1.4322115030166764,0.0073984864598439,0.0552709621325861,2.764100911123255,1.699477136905433
64.0,200.0,1006.2119140625,0.4893625390202833,1.7795423029239368,-0.2283334970089545,3.1277989280704825,0.4981169607027755,1.141197769335064,2.5146578201478693,1.975507430672696,4.311031517865723,2.0922100116751228
64.0,200.0,1005.1494140625,1.4267671879387,2.82151791963309,-0.2050135975394147,3.599402345635524,-0.212234014229664,1.0699343377498252,1.054124327480299,-0.0348381047181509,3.2384919490320403,1.683330061310487
64.0,200.0,1005.474853515625,1.5026949966969567,4.303640589644998,0.0467183102294996,3.508585978273294,-0.276222544546385,1.2632585220760255,0.9839023829757484,0.4548566034085533,3.319979299343642,1.681623450852277
64.0,200.0,1004.5355224609376,-0.2067583177486083,2.156645823399848,1.1237471826284795,3.780946817479548,-0.5114493991580722,1.3470285072754011,1.5426076556614716,0.9251629364195506,3.6326501297850458,1.193605314089168
64.0,200.0,1005.1493530273438,0.5735184706036716,3.028423329307017,0.2644622216036731,2.659398374348958,0.2306337810705419,1.0125999917583286,1.1341537852403114,0.5087035841895886,3.226086612326376,1.548830647479367
64.0,200.0,1004.7117919921876,0.4052530103725722,2.862964791291889,1.0244185980793992,1.6185629550949447,0.0861167524434486,0.806110362194968,0.5149989619430992,0.0762824622613271,3.306353246449835,1.6419964791765842
64.0,200.0,1005.585205078125,1.4441076734521072,3.066111509674269,0.0067028297138759,3.194813058276394,-0.2495793018936137,1.1591742150332562,1.047291772061316,-0.0635626710663064,3.2934046480925203,1.7277033081006632
64.0,200.0,1004.95849609375,0.9162956780313632,2.1247201074083826,0.0379144096914144,3.0493734156772465,-0.204541723945408,1.0866278545155783,1.081534562537653,-0.1426858802547873,2.5531626479271203,1.6834925846586402
64.0,200.0,1005.079833984375,0.8078773908434,3.0635542735379326,-0.2222773718837908,3.644619233544741,-0.0438507735814526,1.4232936018416082,0.7302359461628485,0.463335757005806,3.131559441489576,1.6311643300045815
64.0,200.0,1005.9080810546876,1.0513515896295955,3.0324479004866207,-0.1399893757068982,2.5909601277576697,-0.1207554487964864,2.5126882206643253,1.1607896320933913,0.180815057255496,3.251736532375584,2.58552590355996
64.0,200.0,1005.7649536132812,0.2825466944237913,3.223371955913502,-1.130107795435179,3.475165291581171,-1.048330892200188,0.6773142097574366,1.7224453178602437,-0.0116344510771347,2.978858171781275,1.664112733334867
64.0,200.0,1003.8233642578124,1.028523366259821,3.0628461474330293,-0.3204188298828894,3.0167776901382988,0.2647472536681213,1.306874930918926,0.9514498344110252,-0.5399432597472117,3.348110656193866,0.8965220619264871
64.0,200.0,1006.2741088867188,1.643031542836416,3.606370926934152,-0.6934784640503268,3.544777025413626,-0.1168117638030309,0.939111865717292,1.235370936060419,0.8014975999324441,3.270795648100955,1.6707495569788469
64.0,200.0,1005.4312744140624,1.3627715738376884,3.076635121501396,-0.2203183241854567,3.1897560510402903,-0.4507563945197057,1.1522013466208365,1.072078304572779,-0.0715777010715543,3.2997649430028133,1.6650114468654638
64.0,200.0,1006.1286010742188,1.5630251164579407,3.034072154337606,-0.2144607478813976,3.3747890166807086,-0.1840946200972616,1.0834848120091078,1.505132191142844,0.0986427251527393,3.2971237436003165,1.6407078622033984
64.0,200.0,1004.8368530273438,-0.0192859539180938,3.1458012448024646,-0.4052589456220559,3.5837623621294377,-0.4446218579421889,1.004306573519272,1.0674916208430016,-0.1473208806064043,4.659302750457305,1.266183010783346
64.0,200.0,1005.0035400390624,1.488088734200528,3.2964916798764268,-0.081613556681665,3.4931910742310563,-0.4795947022471148,1.19443031097595,1.5983254058784726,0.3030366300005376,3.1093375136026897,1.3517079212642986
64.0,200.0,1005.59716796875,0.8422960777773174,3.0348209215701183,-0.2311176520887816,3.530445462000517,0.731073415144617,1.0838871087870037,1.0526527931079228,-0.2789778063184201,3.525442996103043,1.9314441196361605
64.0,200.0,1005.1682739257812,0.4758226699530498,2.725912301651685,-0.0230184400084026,3.5041163169939864,-0.2839688026094656,0.98246182909671,0.7814411067738086,0.0567855685067581,3.2908997596538847,1.3640380101297185
64.0,200.0,1004.932861328125,1.5796322669745138,2.974669102036052,-0.2759972217390695,3.567574034001228,-0.2093543612178015,1.4940440693796724,1.055340177568717,-0.0056815911348413,3.322450316094878,2.2801882162059304
64.0,200.0,1005.4376220703124,1.4939369051591875,3.208578143175042,-0.0838875551827738,3.6527902052474297,-0.0677512366808728,2.1295316682877434,1.0280783661595605,-0.0117743859456704,3.334761595860714,1.7120512362595308
64.0,200.0,1005.9476318359376,0.0416259073064684,3.056620648095169,0.9059087932371556,3.541676985417584,-0.4558259587305865,-0.3150494321593007,1.05123482986649,-0.0994281152615595,3.238383279985208,1.6565234082160285
64.0,200.0,1006.0139770507812,1.5426257774234884,2.963062015218996,-0.1644154265346108,3.571054709565818,-0.2255485820590461,1.124004775755031,1.0785750977224122,-0.0170868564908297,3.529492666873149,1.8095727813707885
64.0,200.0,1004.924560546875,1.3902787656971398,3.2388825019148166,-0.206591284257351,2.6835356447268124,-0.2393013169250669,1.0825663808182378,0.7880722208517016,0.1086941866441624,3.760609960660497,1.5499190461382142
64.0,200.0,1003.884033203125,1.1425112649696187,3.065090117718845,0.592860107788608,2.8071972518327133,0.2549808842303713,0.7688590957311772,1.1434486482266086,0.1774592781213724,3.2904317271738885,1.6652367097735672
64.0,200.0,1004.8756713867188,1.803103039357084,3.04969122379482,-0.2380855070972431,3.544222673085715,-0.3675432124331079,1.0049334701620785,1.0915745130618049,-0.0166428366782459,3.286393579044508,1.7128181502425668
64.0,200.0,1005.5949096679688,1.065741447403239,3.566321993171797,-0.1722097588879127,3.335195644635442,0.4153135222526197,1.6432684793938577,1.2308026718224587,0.3065238812510272,3.32453208933479,1.4181087479272612
64.0,200.0,1005.1708984375,1.5387374172758588,3.0630905424895096,-0.2761169812147975,3.539551483750204,-0.0710913967583387,1.0864629386437223,1.0432566156141505,0.0406253156605319,3.3703392304127733,1.6847979903288934
64.0,200.0,1004.3433227539062,1.5246637626108075,2.588764633984187,-0.2247483509817702,3.541791433209113,-0.2094105942329443,0.0900981966808316,1.4472220790014578,0.3634141441016041,3.275517642189521,1.677631713184814
64.0,200.0,1006.2902221679688,-0.4251081873792355,3.285807122763265,-0.1892787533432827,2.527234148491948,-0.6010386156964528,0.6565171337625719,1.76275366174798,-0.0125229395337214,3.152359389102193,1.536172754489335
64.0,200.0,1002.565185546875,0.5472914493255665,3.366882117201061,1.3060013984334584,1.9325170226020087,-1.0074251950736448,0.7432223534795421,1.6951969237110474,0.1334456915648295,3.316198941140461,1.659375229627378
64.0,200.0,1006.7476806640624,1.3783292661069166,2.227281756843792,0.7486796121921748,2.3676098445669496,-0.4352187250238886,0.1295667694666509,1.2582478032152908,0.9678886220425788,1.546052822985894,1.7088008776725607
64.0,200.0,1003.6841430664062,1.5264166200797986,3.063097861613356,-0.215819897253269,3.5490497273888275,-0.2048867388282806,1.0826619122252867,1.0511392207255632,-0.0170243374408754,3.2973942147249127,1.6821927523441609
64.0,200.0,1005.0227661132812,1.1090167985935704,3.054929262949412,0.2138404591139139,3.3785257770175283,-0.2062982807170551,0.6081492878130935,1.0163426512361524,-0.0348229360837541,3.2931519023315508,1.7331119502206431
64.0,200.0,1006.3912353515624,1.0823124156003283,3.145532408020725,0.0937498638335725,4.3492484902596935,-0.983369492477124,0.3045399617600217,1.0355153888892177,-0.6035785196627739,3.47882371336145,1.9749920545649893
64.0,200.0,1003.7677001953124,0.9753379059727132,3.027481911426474,0.8914709442373026,3.6385006360362526,-0.1936568623912141,0.9354252219936228,1.0515023454212475,1.5844169383747184,3.3013099988549235,1.6821957420369034
64.0,200.0,1005.7315063476562,1.5396689441273124,3.0386942734840274,0.0727790596694881,3.99653790662412,-0.2180394714265182,1.1227822176659112,0.9898665587735348,-0.0161734394273001,3.292559616599718,1.7283088665121291
64.0,200.0,1005.9786376953124,1.1755166225902458,3.0139295819900664,-0.2417305383366287,3.616814653335077,-0.2729520402836232,1.8592848557108288,1.1177652924446315,0.1211451494947978,3.912459696901169,2.2316448068592054
64.0,200.0,1004.7403564453124,0.4804166552562906,3.142058809388116,-0.507253232726782,3.78275224637308,-0.5671588827166028,1.1261544357254607,1.4122039073154182,0.5007209311294231,3.503301094810195,1.926829920271378
64.0,200.0,1004.5214233398438,1.3925082887281215,3.065088985864282,-0.1686798461004562,2.4937664364779137,-0.2246521629870259,1.0573601922845028,1.0844478999456344,-0.8866334099558765,3.2654268773896447,1.6563374701400866
64.0,200.0,1006.101806640625,1.5145614614356997,2.994643314133276,-0.4385238738008652,2.6498988515969346,-0.2204737755628775,1.1219320992016055,0.99350013477897,-0.0190371027451072,3.134156782158529,1.6797391789481235
64.0,200.0,1005.5848999023438,-0.4976473021030942,3.419951677935696,-0.3086301958483286,3.870154605804175,-1.1699164176837953,1.6993185462984577,0.8701808901365833,0.0028869377323087,3.427754210534899,1.6924904654891433
64.0,200.0,1005.2015991210938,-0.9065866190336698,2.536369936448513,1.0012825911920764,0.7384741288722001,-1.3043415059826065,0.8367591620529873,1.226872201567225,0.259522407071536,3.263528619159368,0.8166144550606269
64.0,200.0,1005.768310546875,1.5999854791936896,2.9805356758612893,-0.224463190705871,3.807145392204087,-0.3379384159359995,1.0087144864956603,0.8161970981207121,-0.0299745068515237,3.525817858828421,1.6851147134922917
64.0,201.0,1004.6443481445312,0.6900176227674764,3.063074350782302,-0.3302721781170479,3.0126561550720083,-0.1976159951512532,1.5970259768578052,1.2511792713171723,-0.0167520924344081,3.4265898532482377,1.5636003792452855
64.0,201.0,1004.2421264648438,1.1090451639676264,3.063170278295987,-0.1754780434512142,3.5433184929382966,-0.1568456031498367,1.0766389807596008,1.0528787249669178,-0.0171620058962041,3.1145081813601543,1.5893554756452115
64.0,201.0,1006.1292724609376,0.8825330645131402,3.064174342687368,-0.2362635771631851,3.582316996030628,-0.2074679037536006,0.9559810891053128,1.0531749231574068,-0.0434490340044395,3.286294651604756,2.3253331241426074
64.0,201.0,1005.7072143554688,1.6491448804843336,2.9104453120023,-0.2376035463302053,3.615676320374159,-0.5459213406507523,1.0802436756395946,1.0229389087533642,-0.0226071327225542,3.134768809825729,1.4551102740604491
64.0,201.0,1005.2555541992188,-0.5037094802039921,3.707585390221884,-0.3280569768488796,3.321070462527059,0.979043172621886,-0.4155761280008436,0.9565504599200948,0.2951346271246178,3.295787014291044,2.1819067114242974
64.0,201.0,1006.83154296875,1.5265036097584397,2.4688393553651458,-0.2193779993269236,3.456649131017686,-0.280184533111481,1.4322115030166764,0.0073984864598439,0.0552709621325861,2.764100911123255,1.699477136905433
64.0,201.0,1006.2119140625,0.4893625390202833,1.7795423029239368,-0.2283334970089545,3.1277989280704825,0.4981169607027755,1.141197769335064,2.5146578201478693,1.975507430672696,4.311031517865723,2.0922100116751228
64.0,201.0,1005.1494140625,1.4267671879387,2.82151791963309,-0.2050135975394147,3.599402345635524,-0.212234014229664,1.0699343377498252,1.054124327480299,-0.0348381047181509,3.2384919490320403,1.683330061310487
64.0,201.0,1005.474853515625,1.5026949966969567,4.303640589644998,0.0467183102294996,3.508585978273294,-0.276222544546385,1.2632585220760255,0.9839023829757484,0.4548566034085533,3.319979299343642,1.681623450852277
64.0,201.0,1004.5355224609376,-0.2067583177486083,2.156645823399848,1.1237471826284795,3.780946817479548,-0.5114493991580722,1.3470285072754011,1.5426076556614716,0.9251629364195506,3.6326501297850458,1.193605314089168
64.0,201.0,1005.1493530273438,0.5735184706036716,3.028423329307017,0.2644622216036731,2.659398374348958,0.2306337810705419,1.0125999917583286,1.1341537852403114,0.5087035841895886,3.226086612326376,1.548830647479367
64.0,201.0,1004.7117919921876,0.4052530103725722,2.862964791291889,1.0244185980793992,1.6185629550949447,0.0861167524434486,0.806110362194968,0.5149989619430992,0.0762824622613271,3.306353246449835,1.6419964791765842
64.0,201.0,1005.585205078125,1.4441076734521072,3.066111509674269,0.0067028297138759,3.194813058276394,-0.2495793018936137,1.1591742150332562,1.047291772061316,-0.0635626710663064,3.2934046480925203,1.7277033081006632
64.0,201.0,1004.95849609375,0.9162956780313632,2.1247201074083826,0.0379144096914144,3.0493734156772465,-0.204541723945408,1.0866278545155783,1.081534562537653,-0.1426858802547873,2.5531626479271203,1.6834925846586402
64.0,201.0,1005.079833984375,0.8078773908434,3.0635542735379326,-0.2222773718837908,3.644619233544741,-0.0438507735814526,1.4232936018416082,0.7302359461628485,0.463335757005806,3.131559441489576,1.6311643300045815
64.0,201.0,1005.9080810546876,1.0513515896295955,3.0324479004866207,-0.1399893757068982,2.5909601277576697,-0.1207554487964864,2.5126882206643253,1.1607896320933913,0.180815057255496,3.251736532375584,2.58552590355996
64.0,201.0,1005.7649536132812,0.2825466944237913,3.223371955913502,-1.130107795435179,3.475165291581171,-1.048330892200188,0.6773142097574366,1.7224453178602437,-0.0116344510771347,2.978858171781275,1.664112733334867
64.0,201.0,1003.8233642578124,1.028523366259821,3.0628461474330293,-0.3204188298828894,3.0167776901382988,0.2647472536681213,1.306874930918926,0.9514498344110252,-0.5399432597472117,3.348110656193866,0.8965220619264871
64.0,201.0,1006.2741088867188,1.643031542836416,3.606370926934152,-0.6934784640503268,3.544777025413626,-0.1168117638030309,0.939111865717292,1.235370936060419,0.8014975999324441,3.270795648100955,1.6707495569788469
64.0,201.0,1005.4312744140624,1.3627715738376884,3.076635121501396,-0.2203183241854567,3.1897560510402903,-0.4507563945197057,1.1522013466208365,1.072078304572779,-0.0715777010715543,3.2997649430028133,1.6650114468654638
64.0,201.0,1006.1286010742188,1.5630251164579407,3.034072154337606,-0.2144607478813976,3.3747890166807086,-0.1840946200972616,1.0834848120091078,1.505132191142844,0.0986427251527393,3.2971237436003165,1.6407078622033984
64.0,201.0,1004.8368530273438,-0.0192859539180938,3.1458012448024646,-0.4052589456220559,3.5837623621294377,-0.4446218579421889,1.004306573519272,1.0674916208430016,-0.1473208806064043,4.659302750457305,1.266183010783346
64.0,201.0,1005.0035400390624,1.488088734200528,3.2964916798764268,-0.081613556681665,3.4931910742310563,-0.4795947022471148,1.19443031097595,1.5983254058784726,0.3030366300005376,3.1093375136026897,1.3517079212642986
64.0,201.0,1005.59716796875,0.8422960777773174,3.0348209215701183,-0.2311176520887816,3.530445462000517,0.731073415144617,1.0838871087870037,1.0526527931079228,-0.2789778063184201,3.525442996103043,1.9314441196361605
64.0,201.0,1005.1682739257812,0.4758226699530498,2.725912301651685,-0.0230184400084026,3.5041163169939864,-0.2839688026094656,0.98246182909671,0.7814411067738086,0.0567855685067581,3.2908997596538847,1.3640380101297185
64.0,201.0,1004.932861328125,1.5796322669745138,2.974669102036052,-0.2759972217390695,3.567574034001228,-0.2093543612178015,1.4940440693796724,1.055340177568717,-0.0056815911348413,3.322450316094878,2.2801882162059304
64.0,201.0,1005.4376220703124,1.4939369051591875,3.208578143175042,-0.0838875551827738,3.6527902052474297,-0.0677512366808728,2.1295316682877434,1.0280783661595605,-0.0117743859456704,3.334761595860714,1.7120512362595308
64.0,201.0,1005.9476318359376,0.0416259073064684,3.056620648095169,0.9059087932371556,3.541676985417584,-0.4558259587305865,-0.3150494321593007,1.05123482986649,-0.0994281152615595,3.238383279985208,1.6565234082160285
64.0,201.0,1006.0139770507812,1.5426257774234884,2.963062015218996,-0.1644154265346108,3.571054709565818,-0.2255485820590461,1.124004775755031,1.0785750977224122,-0.0170868564908297,3.529492666873149,1.8095727813707885
64.0,201.0,1004.924560546875,1.3902787656971398,3.2388825019148166,-0.206591284257351,2.6835356447268124,-0.2393013169250669,1.0825663808182378,0.7880722208517016,0.1086941866441624,3.760609960660497,1.5499190461382142
64.0,201.0,1003.884033203125,1.1425112649696187,3.065090117718845,0.592860107788608,2.8071972518327133,0.2549808842303713,0.7688590957311772,1.1434486482266086,0.1774592781213724,3.2904317271738885,1.6652367097735672
64.0,201.0,1004.8756713867188,1.803103039357084,3.04969122379482,-0.2380855070972431,3.544222673085715,-0.3675432124331079,1.0049334701620785,1.0915745130618049,-0.0166428366782459,3.286393579044508,1.7128181502425668
64.0,201.0,1005.5949096679688,1.065741447403239,3.566321993171797,-0.1722097588879127,3.335195644635442,0.4153135222526197,1.6432684793938577,1.2308026718224587,0.3065238812510272,3.32453208933479,1.4181087479272612
64.0,201.0,1005.1708984375,1.5387374172758588,3.0630905424895096,-0.2761169812147975,3.539551483750204,-0.0710913967583387,1.0864629386437223,1.0432566156141505,0.0406253156605319,3.3703392304127733,1.6847979903288934
64.0,201.0,1004.3433227539062,1.5246637626108075,2.588764633984187,-0.2247483509817702,3.541791433209113,-0.2094105942329443,0.0900981966808316,1.4472220790014578,0.3634141441016041,3.275517642189521,1.677631713184814
64.0,201.0,1006.2902221679688,-0.4251081873792355,3.285807122763265,-0.1892787533432827,2.527234148491948,-0.6010386156964528,0.6565171337625719,1.76275366174798,-0.0125229395337214,3.152359389102193,1.536172754489335
64.0,201.0,1002.565185546875,0.5472914493255665,3.366882117201061,1.3060013984334584,1.9325170226020087,-1.0074251950736448,0.7432223534795421,1.6951969237110474,0.1334456915648295,3.316198941140461,1.659375229627378
64.0,201.0,1006.7476806640624,1.3783292661069166,2.227281756843792,0.7486796121921748,2.3676098445669496,-0.4352187250238886,0.1295667694666509,1.2582478032152908,0.9678886220425788,1.546052822985894,1.7088008776725607
64.0,201.0,1003.6841430664062,1.5264166200797986,3.063097861613356,-0.215819897253269,3.5490497273888275,-0.2048867388282806,1.0826619122252867,1.0511392207255632,-0.0170243374408754,3.2973942147249127,1.6821927523441609
64.0,201.0,1005.0227661132812,1.1090167985935704,3.054929262949412,0.2138404591139139,3.3785257770175283,-0.2062982807170551,0.6081492878130935,1.0163426512361524,-0.0348229360837541,3.2931519023315508,1.7331119502206431
64.0,201.0,1006.3912353515624,1.0823124156003283,3.145532408020725,0.0937498638335725,4.3492484902596935,-0.983369492477124,0.3045399617600217,1.0355153888892177,-0.6035785196627739,3.47882371336145,1.9749920545649893
64.0,201.0,1003.7677001953124,0.9753379059727132,3.027481911426474,0.8914709442373026,3.6385006360362526,-0.1936568623912141,0.9354252219936228,1.0515023454212475,1.5844169383747184,3.3013099988549235,1.6821957420369034
64.0,201.0,1005.7315063476562,1.5396689441273124,3.0386942734840274,0.0727790596694881,3.99653790662412,-0.2180394714265182,1.1227822176659112,0.9898665587735348,-0.0161734394273001,3.292559616599718,1.7283088665121291
64.0,201.0,1005.9786376953124,1.1755166225902458,3.0139295819900664,-0.2417305383366287,3.616814653335077,-0.2729520402836232,1.8592848557108288,1.1177652924446315,0.1211451494947978,3.912459696901169,2.2316448068592054
64.0,201.0,1004.7403564453124,0.4804166552562906,3.142058809388116,-0.507253232726782,3.78275224637308,-0.5671588827166028,1.1261544357254607,1.4122039073154182,0.5007209311294231,3.503301094810195,1.926829920271378
64.0,201.0,1004.5214233398438,1.3925082887281215,3.065088985864282,-0.1686798461004562,2.4937664364779137,-0.2246521629870259,1.0573601922845028,1.0844478999456344,-0.8866334099558765,3.2654268773896447,1.6563374701400866
64.0,201.0,1006.101806640625,1.5145614614356997,2.994643314133276,-0.4385238738008652,2.6498988515969346,-0.2204737755628775,1.1219320992016055,0.99350013477897,-0.0190371027451072,3.134156782158529,1.6797391789481235
64.0,201.0,1005.5848999023438,-0.4976473021030942,3.419951677935696,-0.3086301958483286,3.870154605804175,-1.1699164176837953,1.6993185462984577,0.8701808901365833,0.0028869377323087,3.427754210534899,1.6924904654891433
64.0,201.0,1005.2015991210938,-0.9065866190336698,2.536369936448513,1.0012825911920764,0.7384741288722001,-1.3043415059826065,0.8367591620529873,1.226872201567225,0.259522407071536,3.263528619159368,0.8166144550606269
64.0,201.0,1005.768310546875,1.5999854791936896,2.9805356758612893,-0.224463190705871,3.807145392204087,-0.3379384159359995,1.0087144864956603,0.8161970981207121,-0.0299745068515237,3.525817858828421,1.6851147134922917
64.0,202.0,1004.6443481445312,0.6900176227674764,3.063074350782302,-0.3302721781170479,3.0126561550720083,-0.1976159951512532,1.5970259768578052,1.2511792713171723,-0.0167520924344081,3.4265898532482377,1.5636003792452855
64.0,202.0,1004.2421264648438,1.1090451639676264,3.063170278295987,-0.1754780434512142,3.5433184929382966,-0.1568456031498367,1.0766389807596008,1.0528787249669178,-0.0171620058962041,3.1145081813601543,1.5893554756452115
64.0,202.0,1006.1292724609376,0.8825330645131402,3.064174342687368,-0.2362635771631851,3.582316996030628,-0.2074679037536006,0.9559810891053128,1.0531749231574068,-0.0434490340044395,3.286294651604756,2.3253331241426074
64.0,202.0,1005.7072143554688,1.6491448804843336,2.9104453120023,-0.2376035463302053,3.615676320374159,-0.5459213406507523,1.0802436756395946,1.0229389087533642,-0.0226071327225542,3.134768809825729,1.4551102740604491
64.0,202.0,1005.2555541992188,-0.5037094802039921,3.707585390221884,-0.3280569768488796,3.321070462527059,0.979043172621886,-0.4155761280008436,0.9565504599200948,0.2951346271246178,3.295787014291044,2.1819067114242974
64.0,202.0,1006.83154296875,1.5265036097584397,2.4688393553651458,-0.2193779993269236,3.456649131017686,-0.280184533111481,1.4322115030166764,0.0073984864598439,0.0552709621325861,2.764100911123255,1.699477136905433
64.0,202.0,1006.2119140625,0.4893625390202833,1.7795423029239368,-0.2283334970089545,3.1277989280704825,0.4981169607027755,1.141197769335064,2.5146578201478693,1.975507430672696,4.311031517865723,2.0922100116751228
64.0,202.0,1005.1494140625,1.4267671879387,2.82151791963309,-0.2050135975394147,3.599402345635524,-0.212234014229664,1.0699343377498252,1.054124327480299,-0.0348381047181509,3.2384919490320403,1.683330061310487
64.0,202.0,1005.474853515625,1.5026949966969567,4.303640589644998,0.0467183102294996,3.508585978273294,-0.276222544546385,1.2632585220760255,0.9839023829757484,0.4548566034085533,3.319979299343642,1.681623450852277
64.0,202.0,1004.5355224609376,-0.2067583177486083,2.156645823399848,1.1237471826284795,3.780946817479548,-0.5114493991580722,1.3470285072754011,1.5426076556614716,0.9251629364195506,3.6326501297850458,1.193605314089168
64.0,202.0,1005.1493530273438,0.5735184706036716,3.028423329307017,0.2644622216036731,2.659398374348958,0.2306337810705419,1.0125999917583286,1.1341537852403114,0.5087035841895886,3.226086612326376,1.548830647479367
64.0,202.0,1004.7117919921876,0.4052530103725722,2.862964791291889,1.0244185980793992,1.6185629550949447,0.0861167524434486,0.806110362194968,0.5149989619430992,0.0762824622613271,3.306353246449835,1.6419964791765842
64.0,202.0,1005.585205078125,1.4441076734521072,3.066111509674269,0.0067028297138759,3.194813058276394,-0.2495793018936137,1.1591742150332562,1.047291772061316,-0.0635626710663064,3.2934046480925203,1.7277033081006632
64.0,202.0,1004.95849609375,0.9162956780313632,2.1247201074083826,0.0379144096914144,3.0493734156772465,-0.204541723945408,1.0866278545155783,1.081534562537653,-0.1426858802547873,2.5531626479271203,1.6834925846586402
64.0,202.0,1005.079833984375,0.8078773908434,3.0635542735379326,-0.2222773718837908,3.644619233544741,-0.0438507735814526,1.4232936018416082,0.7302359461628485,0.463335757005806,3.131559441489576,1.6311643300045815
64.0,202.0,1005.9080810546876,1.0513515896295955,3.0324479004866207,-0.1399893757068982,2.5909601277576697,-0.1207554487964864,2.5126882206643253,1.1607896320933913,0.180815057255496,3.251736532375584,2.58552590355996
64.0,202.0,1005.7649536132812,0.2825466944237913,3.223371955913502,-1.130107795435179,3.475165291581171,-1.048330892200188,0.6773142097574366,1.7224453178602437,-0.0116344510771347,2.978858171781275,1.664112733334867
64.0,202.0,1003.8233642578124,1.028523366259821,3.0628461474330293,-0.3204188298828894,3.0167776901382988,0.2647472536681213,1.306874930918926,0.9514498344110252,-0.5399432597472117,3.348110656193866,0.8965220619264871
64.0,202.0,1006.2741088867188,1.643031542836416,3.606370926934152,-0.6934784640503268,3.544777025413626,-0.1168117638030309,0.939111865717292,1.235370936060419,0.8014975999324441,3.270795648100955,1.6707495569788469
64.0,202.0,1005.4312744140624,1.3627715738376884,3.076635121501396,-0.2203183241854567,3.1897560510402903,-0.4507563945197057,1.1522013466208365,1.072078304572779,-0.0715777010715543,3.2997649430028133,1.6650114468654638
64.0,202.0,1006.1286010742188,1.5630251164579407,3.034072154337606,-0.2144607478813976,3.3747890166807086,-0.1840946200972616,1.0834848120091078,1.505132191142844,0.0986427251527393,3.2971237436003165,1.6407078622033984
64.0,202.0,1004.8368530273438,-0.0192859539180938,3.1458012448024646,-0.4052589456220559,3.5837623621294377,-0.4446218579421889,1.004306573519272,1.0674916208430016,-0.1473208806064043,4.659302750457305,1.266183010783346
64.0,202.0,1005.0035400390624,1.488088734200528,3.2964916798764268,-0.081613556681665,3.4931910742310563,-0.4795947022471148,1.19443031097595,1.5983254058784726,0.3030366300005376,3.1093375136026897,1.3517079212642986
64.0,202.0,1005.59716796875,0.8422960777773174,3.0348209215701183,-0.2311176520887816,3.530445462000517,0.731073415144617,1.0838871087870037,1.0526527931079228,-0.2789778063184201,3.525442996103043,1.9314441196361605
64.0,202.0,1005.1682739257812,0.4758226699530498,2.725912301651685,-0.0230184400084026,3.5041163169939864,-0.2839688026094656,0.98246182909671,0.7814411067738086,0.0567855685067581,3.2908997596538847,1.3640380101297185
64.0,202.0,1004.932861328125,1.5796322669745138,2.974669102036052,-0.2759972217390695,3.567574034001228,-0.2093543612178015,1.4940440693796724,1.055340177568717,-0.0056815911348413,3.322450316094878,2.2801882162059304
64.0,202.0,1005.4376220703124,1.4939369051591875,3.208578143175042,-0.0838875551827738,3.6527902052474297,-0.0677512366808728,2.1295316682877434,1.0280783661595605,-0.0117743859456704,3.334761595860714,1.7120512362595308
64.0,202.0,1005.9476318359376,0.0416259073064684,3.056620648095169,0.9059087932371556,3.541676985417584,-0.4558259587305865,-0.3150494321593007,1.05123482986649,-0.0994281152615595,3.238383279985208,1.6565234082160285
64.0,202.0,1006.0139770507812,1.5426257774234884,2.963062015218996,-0.1644154265346108,3.571054709565818,-0.2255485820590461,1.124004775755031,1.0785750977224122,-0.0170868564908297,3.529492666873149,1.8095727813707885
64.0,202.0,1004.924560546875,1.3902787656971398,3.2388825019148166,-0.206591284257351,2.6835356447268124,-0.2393013169250669,1.0825663808182378,0.7880722208517016,0.1086941866441624,3.760609960660497,1.5499190461382142
64.0,202.0,1003.884033203125,1.1425112649696187,3.065090117718845,0.592860107788608,2.8071972518327133,0.2549808842303713,0.7688590957311772,1.1434486482266086,0.1774592781213724,3.2904317271738885,1.6652367097735672
64.0,202.0,1004.8756713867188,1.803103039357084,3.04969122379482,-0.2380855070972431,3.544222673085715,-0.3675432124331079,1.0049334701620785,1.0915745130618049,-0.0166428366782459,3.286393579044508,1.7128181502425668
64.0,202.0,1005.5949096679688,1.065741447403239,3.566321993171797,-0.1722097588879127,3.335195644635442,0.4153135222526197,1.6432684793938577,1.2308026718224587,0.3065238812510272,3.32453208933479,1.4181087479272612
64.0,202.0,1005.1708984375,1.5387374172758588,3.0630905424895096,-0.2761169812147975,3.539551483750204,-0.0710913967583387,1.0864629386437223,1.0432566156141505,0.0406253156605319,3.3703392304127733,1.6847979903288934
64.0,202.0,1004.3433227539062,1.5246637626108075,2.588764633984187,-0.2247483509817702,3.541791433209113,-0.2094105942329443,0.0900981966808316,1.4472220790014578,0.3634141441016041,3.275517642189521,1.677631713184814
64.0,202.0,1006.2902221679688,-0.4251081873792355,3.285807122763265,-0.1892787533432827,2.527234148491948,-0.6010386156964528,0.6565171337625719,1.76275366174798,-0.0125229395337214,3.152359389102193,1.536172754489335
64.0,202.0,1002.565185546875,0.5472914493255665,3.366882117201061,1.3060013984334584,1.9325170226020087,-1.0074251950736448,0.7432223534795421,1.6951969237110474,0.1334456915648295,3.316198941140461,1.659375229627378
64.0,202.0,1006.7476806640624,1.3783292661069166,2.227281756843792,0.7486796121921748,2.3676098445669496,-0.4352187250238886,0.1295667694666509,1.2582478032152908,0.9678886220425788,1.546052822985894,1.7088008776725607
64.0,202.0,1003.6841430664062,1.5264166200797986,3.063097861613356,-0.215819897253269,3.5490497273888275,-0.2048867388282806,1.0826619122252867,1.0511392207255632,-0.0170243374408754,3.2973942147249127,1.6821927523441609
64.0,202.0,1005.0227661132812,1.1090167985935704,3.054929262949412,0.2138404591139139,3.3785257770175283,-0.2062982807170551,0.6081492878130935,1.0163426512361524,-0.0348229360837541,3.2931519023315508,1.7331119502206431
64.0,202.0,1006.3912353515624,1.0823124156003283,3.145532408020725,0.0937498638335725,4.3492484902596935,-0.983369492477124,0.3045399617600217,1.0355153888892177,-0.6035785196627739,3.47882371336145,1.9749920545649893
64.0,202.0,1003.7677001953124,0.9753379059727132,3.027481911426474,0.8914709442373026,3.6385006360362526,-0.1936568623912141,0.9354252219936228,1.0515023454212475,1.5844169383747184,3.3013099988549235,1.6821957420369034
64.0,202.0,1005.7315063476562,1.5396689441273124,3.0386942734840274,0.0727790596694881,3.99653790662412,-0.2180394714265182,1.1227822176659112,0.9898665587735348,-0.0161734394273001,3.292559616599718,1.7283088665121291
64.0,202.0,1005.9786376953124,1.1755166225902458,3.0139295819900664,-0.2417305383366287,3.616814653335077,-0.2729520402836232,1.8592848557108288,1.1177652924446315,0.1211451494947978,3.912459696901169,2.2316448068592054
64.0,202.0,1004.7403564453124,0.4804166552562906,3.142058809388116,-0.507253232726782,3.78275224637308,-0.5671588827166028,1.1261544357254607,1.4122039073154182,0.5007209311294231,3.503301094810195,1.926829920271378
64.0,202.0,1004.5214233398438,1.3925082887281215,3.065088985864282,-0.1686798461004562,2.4937664364779137,-0.2246521629870259,1.0573601922845028,1.0844478999456344,-0.8866334099558765,3.2654268773896447,1.6563374701400866
64.0,202.0,1006.101806640625,1.5145614614356997,2.994643314133276,-0.4385238738008652,2.6498988515969346,-0.2204737755628775,1.1219320992016055,0.99350013477897,-0.0190371027451072,3.134156782158529,1.6797391789481235
64.0,202.0,1005.5848999023438,-0.4976473021030942,3.419951677935696,-0.3086301958483286,3.870154605804175,-1.1699164176837953,1.6993185462984577,0.8701808901365833,0.0028869377323087,3.427754210534899,1.6924904654891433
64.0,202.0,1005.2015991210938,-0.9065866190336698,2.536369936448513,1.0012825911920764,0.7384741288722001,-1.3043415059826065,0.8367591620529873,1.226872201567225,0.259522407071536,3.263528619159368,0.8166144550606269
64.0,202.0,1005.768310546875,1.5999854791936896,2.9805356758612893,-0.224463190705871,3.807145392204087,-0.3379384159359995,1.0087144864956603,0.8161970981207121,-0.0299745068515237,3.525817858828421,1.6851147134922917
64.0,203.0,1004.6443481445312,0.6900176227674764,3.063074350782302,-0.3302721781170479,3.0126561550720083,-0.1976159951512532,1.5970259768578052,1.2511792713171723,-0.0167520924344081,3.4265898532482377,1.5636003792452855
64.0,203.0,1004.2421264648438,1.1090451639676264,3.063170278295987,-0.1754780434512142,3.5433184929382966,-0.1568456031498367,1.0766389807596008,1.0528787249669178,-0.0171620058962041,3.1145081813601543,1.5893554756452115
64.0,203.0,1006.1292724609376,0.8825330645131402,3.064174342687368,-0.2362635771631851,3.582316996030628,-0.2074679037536006,0.9559810891053128,1.0531749231574068,-0.0434490340044395,3.286294651604756,2.3253331241426074
64.0,203.0,1005.7072143554688,1.6491448804843336,2.9104453120023,-0.2376035463302053,3.615676320374159,-0.5459213406507523,1.0802436756395946,1.0229389087533642,-0.0226071327225542,3.134768809825729,1.4551102740604491
64.0,203.0,1005.2555541992188,-0.5037094802039921,3.707585390221884,-0.3280569768488796,3.321070462527059,0.979043172621886,-0.4155761280008436,0.9565504599200948,0.2951346271246178,3.295787014291044,2.1819067114242974
64.0,203.0,1006.83154296875,1.5265036097584397,2.4688393553651458,-0.2193779993269236,3.456649131017686,-0.280184533111481,1.4322115030166764,0.0073984864598439,0.0552709621325861,2.764100911123255,1.699477136905433
64.0,203.0,1006.2119140625,0.4893625390202833,1.7795423029239368,-0.2283334970089545,3.1277989280704825,0.4981169607027755,1.141197769335064,2.5146578201478693,1.975507430672696,4.311031517865723,2.0922100116751228
64.0,203.0,1005.1494140625,1.4267671879387,2.82151791963309,-0.2050135975394147,3.599402345635524,-0.212234014229664,1.0699343377498252,1.054124327480299,-0.0348381047181509,3.2384919490320403,1.683330061310487
64.0,203.0,1005.474853515625,1.5026949966969567,4.303640589644998,0.0467183102294996,3.508585978273294,-0.276222544546385,1.2632585220760255,0.9839023829757484,0.4548566034085533,3.319979299343642,1.681623450852277
64.0,203.0,1004.5355224609376,-0.2067583177486083,2.156645823399848,1.1237471826284795,3.780946817479548,-0.5114493991580722,1.3470285072754011,1.5426076556614716,0.9251629364195506,3.6326501297850458,1.193605314089168
64.0,203.0,1005.1493530273438,0.5735184706036716,3.028423329307017,0.2644622216036731,2.659398374348958,0.2306337810705419,1.0125999917583286,1.1341537852403114,0.5087035841895886,3.226086612326376,1.548830647479367
64.0,203.0,1004.7117919921876,0.4052530103725722,2.862964791291889,1.0244185980793992,1.6185629550949447,0.0861167524434486,0.806110362194968,0.5149989619430992,0.0762824622613271,3.306353246449835,1.6419964791765842
64.0,203.0,1005.585205078125,1.4441076734521072,3.066111509674269,0.0067028297138759,3.194813058276394,-0.2495793018936137,1.1591742150332562,1.047291772061316,-0.0635626710663064,3.2934046480925203,1.7277033081006632
64.0,203.0,1004.95849609375,0.9162956780313632,2.1247201074083826,0.0379144096914144,3.0493734156772465,-0.204541723945408,1.0866278545155783,1.081534562537653,-0.1426858802547873,2.5531626479271203,1.6834925846586402
64.0,203.0,1005.079833984375,0.8078773908434,3.0635542735379326,-0.2222773718837908,3.644619233544741,-0.0438507735814526,1.4232936018416082,0.7302359461628485,0.463335757005806,3.131559441489576,1.6311643300045815
64.0,203.0,1005.9080810546876,1.0513515896295955,3.0324479004866207,-0.1399893757068982,2.5909601277576697,-0.1207554487964864,2.5126882206643253,1.1607896320933913,0.180815057255496,3.251736532375584,2.58552590355996
64.0,203.0,1005.7649536132812,0.2825466944237913,3.223371955913502,-1.130107795435179,3.475165291581171,-1.048330892200188,0.6773142097574366,1.7224453178602437,-0.0116344510771347,2.978858171781275,1.664112733334867
64.0,203.0,1003.8233642578124,1.028523366259821,3.0628461474330293,-0.3204188298828894,3.0167776901382988,0.2647472536681213,1.306874930918926,0.9514498344110252,-0.5399432597472117,3.348110656193866,0.8965220619264871
64.0,203.0,1006.2741088867188,1.643031542836416,3.606370926934152,-0.6934784640503268,3.544777025413626,-0.1168117638030309,0.939111865717292,1.235370936060419,0.8014975999324441,3.270795648100955,1.6707495569788469
64.0,203.0,1005.4312744140624,1.3627715738376884,3.076635121501396,-0.2203183241854567,3.1897560510402903,-0.4507563945197057,1.1522013466208365,1.072078304572779,-0.0715777010715543,3.2997649430028133,1.6650114468654638
64.0,203.0,1006.1286010742188,1.5630251164579407,3.034072154337606,-0.2144607478813976,3.3747890166807086,-0.1840946200972616,1.0834848120091078,1.505132191142844,0.0986427251527393,3.2971237436003165,1.6407078622033984
64.0,203.0,1004.8368530273438,-0.0192859539180938,3.1458012448024646,-0.4052589456220559,3.5837623621294377,-0.4446218579421889,1.004306573519272,1.0674916208430016,-0.1473208806064043,4.659302750457305,1.266183010783346
64.0,203.0,1005.0035400390624,1.488088734200528,3.2964916798764268,-0.081613556681665,3.4931910742310563,-0.4795947022471148,1.19443031097595,1.5983254058784726,0.3030366300005376,3.1093375136026897,1.3517079212642986
64.0,203.0,1005.59716796875,0.8422960777773174,3.0348209215701183,-0.2311176520887816,3.530445462000517,0.731073415144617,1.0838871087870037,1.0526527931079228,-0.2789778063184201,3.525442996103043,1.9314441196361605
64.0,203.0,1005.1682739257812,0.4758226699530498,2.725912301651685,-0.0230184400084026,3.5041163169939864,-0.2839688026094656,0.98246182909671,0.7814411067738086,0.0567855685067581,3.2908997596538847,1.3640380101297185
64.0,203.0,1004.932861328125,1.5796322669745138,2.974669102036052,-0.2759972217390695,3.567574034001228,-0.2093543612178015,1.4940440693796724,1.055340177568717,-0.0056815911348413,3.322450316094878,2.2801882162059304
64.0,203.0,1005.4376220703124,1.4939369051591875,3.208578143175042,-0.0838875551827738,3.6527902052474297,-0.0677512366808728,2.1295316682877434,1.0280783661595605,-0.0117743859456704,3.334761595860714,1.7120512362595308
64.0,203.0,1005.9476318359376,0.0416259073064684,3.056620648095169,0.9059087932371556,3.541676985417584,-0.4558259587305865,-0.3150494321593007,1.05123482986649,-0.0994281152615595,3.238383279985208,1.6565234082160285
64.0,203.0,1006.0139770507812,1.5426257774234884,2.963062015218996,-0.1644154265346108,3.571054709565818,-0.2255485820590461,1.124004775755031,1.0785750977224122,-0.0170868564908297,3.529492666873149,1.8095727813707885
64.0,203.0,1004.924560546875,1.3902787656971398,3.2388825019148166,-0.206591284257351,2.6835356447268124,-0.2393013169250669,1.0825663808182378,0.7880722208517016,0.1086941866441624,3.760609960660497,1.5499190461382142
64.0,203.0,1003.884033203125,1.1425112649696187,3.065090117718845,0.592860107788608,2.8071972518327133,0.2549808842303713,0.7688590957311772,1.1434486482266086,0.1774592781213724,3.2904317271738885,1.6652367097735672
64.0,203.0,1004.8756713867188,1.803103039357084,3.04969122379482,-0.2380855070972431,3.544222673085715,-0.3675432124331079,1.0049334701620785,1.0915745130618049,-0.0166428366782459,3.286393579044508,1.7128181502425668
64.0,203.0,1005.5949096679688,1.065741447403239,3.566321993171797,-0.1722097588879127,3.335195644635442,0.4153135222526197,1.6432684793938577,1.2308026718224587,0.3065238812510272,3.32453208933479,1.4181087479272612
64.0,203.0,1005.1708984375,1.5387374172758588,3.0630905424895096,-0.2761169812147975,3.539551483750204,-0.0710913967583387,1.0864629386437223,1.0432566156141505,0.0406253156605319,3.3703392304127733,1.6847979903288934
64.0,203.0,1004.3433227539062,1.5246637626108075,2.588764633984187,-0.2247483509817702,3.541791433209113,-0.2094105942329443,0.0900981966808316,1.4472220790014578,0.3634141441016041,3.275517642189521,1.677631713184814
64.0,203.0,1006.2902221679688,-0.4251081873792355,3.285807122763265,-0.1892787533432827,2.527234148491948,-0.6010386156964528,0.6565171337625719,1.76275366174798,-0.0125229395337214,3.152359389102193,1.536172754489335
64.0,203.0,1002.565185546875,0.5472914493255665,3.366882117201061,1.3060013984334584,1.9325170226020087,-1.0074251950736448,0.7432223534795421,1.6951969237110474,0.1334456915648295,3.316198941140461,1.659375229627378
64.0,203.0,1006.7476806640624,1.3783292661069166,2.227281756843792,0.7486796121921748,2.3676098445669496,-0.4352187250238886,0.1295667694666509,1.2582478032152908,0.9678886220425788,1.546052822985894,1.7088008776725607
64.0,203.0,1003.6841430664062,1.5264166200797986,3.063097861613356,-0.215819897253269,3.5490497273888275,-0.2048867388282806,1.0826619122252867,1.0511392207255632,-0.0170243374408754,3.2973942147249127,1.6821927523441609
64.0,203.0,1005.0227661132812,1.1090167985935704,3.054929262949412,0.2138404591139139,3.3785257770175283,-0.2062982807170551,0.6081492878130935,1.0163426512361524,-0.0348229360837541,3.2931519023315508,1.7331119502206431
64.0,203.0,1006.3912353515624,1.0823124156003283,3.145532408020725,0.0937498638335725,4.3492484902596935,-0.983369492477124,0.3045399617600217,1.0355153888892177,-0.6035785196627739,3.47882371336145,1.9749920545649893
64.0,203.0,1003.7677001953124,0.9753379059727132,3.027481911426474,0.8914709442373026,3.6385006360362526,-0.1936568623912141,0.9354252219936228,1.0515023454212475,1.5844169383747184,3.3013099988549235,1.6821957420369034
64.0,203.0,1005.7315063476562,1.5396689441273124,3.0386942734840274,0.0727790596694881,3.99653790662412,-0.2180394714265182,1.1227822176659112,0.9898665587735348,-0.0161734394273001,3.292559616599718,1.7283088665121291
64.0,203.0,1005.9786376953124,1.1755166225902458,3.0139295819900664,-0.2417305383366287,3.616814653335077,-0.2729520402836232,1.8592848557108288,1.1177652924446315,0.1211451494947978,3.912459696901169,2.2316448068592054
64.0,203.0,1004.7403564453124,0.4804166552562906,3.142058809388116,-0.507253232726782,3.78275224637308,-0.5671588827166028,1.1261544357254607,1.4122039073154182,0.5007209311294231,3.503301094810195,1.926829920271378
64.0,203.0,1004.5214233398438,1.3925082887281215,3.065088985864282,-0.1686798461004562,2.4937664364779137,-0.2246521629870259,1.0573601922845028,1.0844478999456344,-0.8866334099558765,3.2654268773896447,1.6563374701400866
64.0,203.0,1006.101806640625,1.5145614614356997,2.994643314133276,-0.4385238738008652,2.6498988515969346,-0.2204737755628775,1.1219320992016055,0.99350013477897,-0.0190371027451072,3.134156782158529,1.6797391789481235
64.0,203.0,1005.5848999023438,-0.4976473021030942,3.419951677935696,-0.3086301958483286,3.870154605804175,-1.1699164176837953,1.6993185462984577,0.8701808901365833,0.0028869377323087,3.427754210534899,1.6924904654891433
64.0,203.0,1005.2015991210938,-0.9065866190336698,2.536369936448513,1.0012825911920764,0.7384741288722001,-1.3043415059826065,0.8367591620529873,1.226872201567225,0.259522407071536,3.263528619159368,0.8166144550606269
64.0,203.0,1005.768310546875,1.5999854791936896,2.9805356758612893,-0.224463190705871,3.807145392204087,-0.3379384159359995,1.0087144864956603,0.8161970981207121,-0.0299745068515237,3.525817858828421,1.6851147134922917
64.0,204.0,1004.6443481445312,0.6900176227674764,3.063074350782302,-0.3302721781170479,3.0126561550720083,-0.1976159951512532,1.5970259768578052,1.2511792713171723,-0.0167520924344081,3.4265898532482377,1.5636003792452855
64.0,204.0,1004.2421264648438,1.1090451639676264,3.063170278295987,-0.1754780434512142,3.5433184929382966,-0.1568456031498367,1.0766389807596008,1.0528787249669178,-0.0171620058962041,3.1145081813601543,1.5893554756452115
64.0,204.0,1006.1292724609376,0.8825330645131402,3.064174342687368,-0.2362635771631851,3.582316996030628,-0.2074679037536006,0.9559810891053128,1.0531749231574068,-0.0434490340044395,3.286294651604756,2.3253331241426074
64.0,204.0,1005.7072143554688,1.6491448804843336,2.9104453120023,-0.2376035463302053,3.615676320374159,-0.5459213406507523,1.0802436756395946,1.0229389087533642,-0.0226071327225542,3.134768809825729,1.4551102740604491
64.0,204.0,1005.2555541992188,-0.5037094802039921,3.707585390221884,-0.3280569768488796,3.321070462527059,0.979043172621886,-0.4155761280008436,0.9565504599200948,0.2951346271246178,3.295787014291044,2.1819067114242974
64.0,204.0,1006.83154296875,1.5265036097584397,2.4688393553651458,-0.2193779993269236,3.456649131017686,-0.280184533111481,1.4322115030166764,0.0073984864598439,0.0552709621325861,2.764100911123255,1.699477136905433
64.0,204.0,1006.2119140625,0.4893625390202833,1.7795423029239368,-0.2283334970089545,3.1277989280704825,0.4981169607027755,1.141197769335064,2.5146578201478693,1.975507430672696,4.311031517865723,2.0922100116751228
64.0,204.0,1005.1494140625,1.4267671879387,2.82151791963309,-0.2050135975394147,3.599402345635524,-0.212234014229664,1.0699343377498252,1.054124327480299,-0.0348381047181509,3.2384919490320403,1.683330061310487
64.0,204.0,1005.474853515625,1.5026949966969567,4.303640589644998,0.0467183102294996,3.508585978273294,-0.276222544546385,1.2632585220760255,0.9839023829757484,0.4548566034085533,3.319979299343642,1.681623450852277
64.0,204.0,1004.5355224609376,-0.2067583177486083,2.156645823399848,1.1237471826284795,3.780946817479548,-0.5114493991580722,1.3470285072754011,1.5426076556614716,0.9251629364195506,3.6326501297850458,1.193605314089168
64.0,204.0,1005.1493530273438,0.5735184706036716,3.028423329307017,0.2644622216036731,2.659398374348958,0.2306337810705419,1.0125999917583286,1.1341537852403114,0.5087035841895886,3.226086612326376,1.548830647479367
64.0,204.0,1004.7117919921876,0.4052530103725722,2.862964791291889,1.0244185980793992,1.6185629550949447,0.0861167524434486,0.806110362194968,0.5149989619430992,0.0762824622613271,3.306353246449835,1.6419964791765842
64.0,204.0,1005.585205078125,1.4441076734521072,3.066111509674269,0.0067028297138759,3.194813058276394,-0.2495793018936137,1.1591742150332562,1.047291772061316,-0.0635626710663064,3.2934046480925203,1.7277033081006632
64.0,204.0,1004.95849609375,0.9162956780313632,2.1247201074083826,0.0379144096914144,3.0493734156772465,-0.204541723945408,1.0866278545155783,1.081534562537653,-0.1426858802547873,2.5531626479271203,1.6834925846586402
64.0,204.0,1005.079833984375,0.8078773908434,3.0635542735379326,-0.2222773718837908,3.644619233544741,-0.0438507735814526,1.4232936018416082,0.7302359461628485,0.463335757005806,3.131559441489576,1.6311643300045815
64.0,204.0,1005.9080810546876,1.0513515896295955,3.0324479004866207,-0.1399893757068982,2.5909601277576697,-0.1207554487964864,2.5126882206643253,1.1607896320933913,0.180815057255496,3.251736532375584,2.58552590355996
64.0,204.0,1005.7649536132812,0.2825466944237913,3.223371955913502,-1.130107795435179,3.475165291581171,-1.048330892200188,0.6773142097574366,1.7224453178602437,-0.0116344510771347,2.978858171781275,1.664112733334867
64.0,204.0,1003.8233642578124,1.028523366259821,3.0628461474330293,-0.3204188298828894,3.0167776901382988,0.2647472536681213,1.306874930918926,0.9514498344110252,-0.5399432597472117,3.348110656193866,0.8965220619264871
64.0,204.0,1006.2741088867188,1.643031542836416,3.606370926934152,-0.6934784640503268,3.544777025413626,-0.1168117638030309,0.939111865717292,1.235370936060419,0.8014975999324441,3.270795648100955,1.6707495569788469
64.0,204.0,1005.4312744140624,1.3627715738376884,3.076635121501396,-0.2203183241854567,3.1897560510402903,-0.4507563945197057,1.1522013466208365,1.072078304572779,-0.0715777010715543,3.2997649430028133,1.6650114468654638
64.0,204.0,1006.1286010742188,1.5630251164579407,3.034072154337606,-0.2144607478813976,3.3747890166807086,-0.1840946200972616,1.0834848120091078,1.505132191142844,0.0986427251527393,3.2971237436003165,1.6407078622033984
64.0,204.0,1004.8368530273438,-0.0192859539180938,3.1458012448024646,-0.4052589456220559,3.5837623621294377,-0.4446218579421889,1.004306573519272,1.0674916208430016,-0.1473208806064043,4.659302750457305,1.266183010783346
64.0,204.0,1005.0035400390624,1.488088734200528,3.2964916798764268,-0.081613556681665,3.4931910742310563,-0.4795947022471148,1.19443031097595,1.5983254058784726,0.3030366300005376,3.1093375136026897,1.3517079212642986
64.0,204.0,1005.59716796875,0.8422960777773174,3.0348209215701183,-0.2311176520887816,3.530445462000517,0.731073415144617,1.0838871087870037,1.0526527931079228,-0.2789778063184201,3.525442996103043,1.9314441196361605
64.0,204.0,1005.1682739257812,0.4758226699530498,2.725912301651685,-0.0230184400084026,3.5041163169939864,-0.2839688026094656,0.98246182909671,0.7814411067738086,0.0567855685067581,3.2908997596538847,1.3640380101297185
64.0,204.0,1004.932861328125,1.5796322669745138,2.974669102036052,-0.2759972217390695,3.567574034001228,-0.2093543612178015,1.4940440693796724,1.055340177568717,-0.0056815911348413,3.322450316094878,2.2801882162059304
64.0,204.0,1005.4376220703124,1.4939369051591875,3.208578143175042,-0.0838875551827738,3.6527902052474297,-0.0677512366808728,2.1295316682877434,1.0280783661595605,-0.0117743859456704,3.334761595860714,1.7120512362595308
64.0,204.0,1005.9476318359376,0.0416259073064684,3.056620648095169,0.9059087932371556,3.541676985417584,-0.4558259587305865,-0.3150494321593007,1.05123482986649,-0.0994281152615595,3.238383279985208,1.6565234082160285
64.0,204.0,1005.81201171875,1.0493680198447488,3.1481788145602274,-0.3742052874168526,1.7340138049668434,0.0318673716322229,0.8640905123034281,1.2404658485720614,-0.0193011184880681,2.7865877149951315,1.7316496760128115
64.0,204.0,1004.924560546875,1.3902787656971398,3.2388825019148166,-0.206591284257351,2.6835356447268124,-0.2393013169250669,1.0825663808182378,0.7880722208517016,0.1086941866441624,3.760609960660497,1.5499190461382142
64.0,204.0,1003.884033203125,1.1425112649696187,3.065090117718845,0.592860107788608,2.8071972518327133,0.2549808842303713,0.7688590957311772,1.1434486482266086,0.1774592781213724,3.2904317271738885,1.6652367097735672
64.0,204.0,1004.8756713867188,1.803103039357084,3.04969122379482,-0.2380855070972431,3.544222673085715,-0.3675432124331079,1.0049334701620785,1.0915745130618049,-0.0166428366782459,3.286393579044508,1.7128181502425668
64.0,204.0,1005.5949096679688,1.065741447403239,3.566321993171797,-0.1722097588879127,3.335195644635442,0.4153135222526197,1.6432684793938577,1.2308026718224587,0.3065238812510272,3.32453208933479,1.4181087479272612
64.0,204.0,1005.1708984375,1.5387374172758588,3.0630905424895096,-0.2761169812147975,3.539551483750204,-0.0710913967583387,1.0864629386437223,1.0432566156141505,0.0406253156605319,3.3703392304127733,1.6847979903288934
64.0,204.0,1004.3433227539062,1.5246637626108075,2.588764633984187,-0.2247483509817702,3.541791433209113,-0.2094105942329443,0.0900981966808316,1.4472220790014578,0.3634141441016041,3.275517642189521,1.677631713184814
64.0,204.0,1006.2902221679688,-0.4251081873792355,3.285807122763265,-0.1892787533432827,2.527234148491948,-0.6010386156964528,0.6565171337625719,1.76275366174798,-0.0125229395337214,3.152359389102193,1.536172754489335
64.0,204.0,1002.565185546875,0.5472914493255665,3.366882117201061,1.3060013984334584,1.9325170226020087,-1.0074251950736448,0.7432223534795421,1.6951969237110474,0.1334456915648295,3.316198941140461,1.659375229627378
64.0,204.0,1006.7476806640624,1.3783292661069166,2.227281756843792,0.7486796121921748,2.3676098445669496,-0.4352187250238886,0.1295667694666509,1.2582478032152908,0.9678886220425788,1.546052822985894,1.7088008776725607
64.0,204.0,1003.6841430664062,1.5264166200797986,3.063097861613356,-0.215819897253269,3.5490497273888275,-0.2048867388282806,1.0826619122252867,1.0511392207255632,-0.0170243374408754,3.2973942147249127,1.6821927523441609
64.0,204.0,1005.0227661132812,1.1090167985935704,3.054929262949412,0.2138404591139139,3.3785257770175283,-0.2062982807170551,0.6081492878130935,1.0163426512361524,-0.0348229360837541,3.2931519023315508,1.7331119502206431
64.0,204.0,1006.3912353515624,1.0823124156003283,3.145532408020725,0.0937498638335725,4.3492484902596935,-0.983369492477124,0.3045399617600217,1.0355153888892177,-0.6035785196627739,3.47882371336145,1.9749920545649893
64.0,204.0,1003.7677001953124,0.9753379059727132,3.027481911426474,0.8914709442373026,3.6385006360362526,-0.1936568623912141,0.9354252219936228,1.0515023454212475,1.5844169383747184,3.3013099988549235,1.6821957420369034
64.0,204.0,1005.7315063476562,1.5396689441273124,3.0386942734840274,0.0727790596694881,3.99653790662412,-0.2180394714265182,1.1227822176659112,0.9898665587735348,-0.0161734394273001,3.292559616599718,1.7283088665121291
64.0,204.0,1005.9786376953124,1.1755166225902458,3.0139295819900664,-0.2417305383366287,3.616814653335077,-0.2729520402836232,1.8592848557108288,1.1177652924446315,0.1211451494947978,3.912459696901169,2.2316448068592054
64.0,204.0,1004.7403564453124,0.4804166552562906,3.142058809388116,-0.507253232726782,3.78275224637308,-0.5671588827166028,1.1261544357254607,1.4122039073154182,0.5007209311294231,3.503301094810195,1.926829920271378
64.0,204.0,1004.5214233398438,1.3925082887281215,3.065088985864282,-0.1686798461004562,2.4937664364779137,-0.2246521629870259,1.0573601922845028,1.0844478999456344,-0.8866334099558765,3.2654268773896447,1.6563374701400866
64.0,204.0,1006.101806640625,1.5145614614356997,2.994643314133276,-0.4385238738008652,2.6498988515969346,-0.2204737755628775,1.1219320992016055,0.99350013477897,-0.0190371027451072,3.134156782158529,1.6797391789481235
64.0,204.0,1005.5848999023438,-0.4976473021030942,3.419951677935696,-0.3086301958483286,3.870154605804175,-1.1699164176837953,1.6993185462984577,0.8701808901365833,0.0028869377323087,3.427754210534899,1.6924904654891433
64.0,204.0,1005.2015991210938,-0.9065866190336698,2.536369936448513,1.0012825911920764,0.7384741288722001,-1.3043415059826065,0.8367591620529873,1.226872201567225,0.259522407071536,3.263528619159368,0.8166144550606269
64.0,204.0,1005.768310546875,1.5999854791936896,2.9805356758612893,-0.224463190705871,3.807145392204087,-0.3379384159359995,1.0087144864956603,0.8161970981207121,-0.0299745068515237,3.525817858828421,1.6851147134922917
64.0,205.0,1004.6443481445312,0.6900176227674764,3.063074350782302,-0.3302721781170479,3.0126561550720083,-0.1976159951512532,1.5970259768578052,1.2511792713171723,-0.0167520924344081,3.4265898532482377,1.5636003792452855
64.0,205.0,1004.2421264648438,1.1090451639676264,3.063170278295987,-0.1754780434512142,3.5433184929382966,-0.1568456031498367,1.0766389807596008,1.0528787249669178,-0.0171620058962041,3.1145081813601543,1.5893554756452115
64.0,205.0,1006.1292724609376,0.8825330645131402,3.064174342687368,-0.2362635771631851,3.582316996030628,-0.2074679037536006,0.9559810891053128,1.0531749231574068,-0.0434490340044395,3.286294651604756,2.3253331241426074
64.0,205.0,1005.7072143554688,1.6491448804843336,2.9104453120023,-0.2376035463302053,3.615676320374159,-0.5459213406507523,1.0802436756395946,1.0229389087533642,-0.0226071327225542,3.134768809825729,1.4551102740604491
64.0,205.0,1005.2555541992188,-0.5037094802039921,3.707585390221884,-0.3280569768488796,3.321070462527059,0.979043172621886,-0.4155761280008436,0.9565504599200948,0.2951346271246178,3.295787014291044,2.1819067114242974
64.0,205.0,1006.83154296875,1.5265036097584397,2.4688393553651458,-0.2193779993269236,3.456649131017686,-0.280184533111481,1.4322115030166764,0.0073984864598439,0.0552709621325861,2.764100911123255,1.699477136905433
64.0,205.0,1006.2119140625,0.4893625390202833,1.7795423029239368,-0.2283334970089545,3.1277989280704825,0.4981169607027755,1.141197769335064,2.5146578201478693,1.975507430672696,4.311031517865723,2.0922100116751228
64.0,205.0,1005.1494140625,1.4267671879387,2.82151791963309,-0.2050135975394147,3.599402345635524,-0.212234014229664,1.0699343377498252,1.054124327480299,-0.0348381047181509,3.2384919490320403,1.683330061310487
64.0,205.0,1005.474853515625,1.5026949966969567,4.303640589644998,0.0467183102294996,3.508585978273294,-0.276222544546385,1.2632585220760255,0.9839023829757484,0.4548566034085533,3.319979299343642,1.681623450852277
64.0,205.0,1004.5355224609376,-0.2067583177486083,2.156645823399848,1.1237471826284795,3.780946817479548,-0.5114493991580722,1.3470285072754011,1.5426076556614716,0.9251629364195506,3.6326501297850458,1.193605314089168
64.0,205.0,1005.1493530273438,0.5735184706036716,3.028423329307017,0.2644622216036731,2.659398374348958,0.2306337810705419,1.0125999917583286,1.1341537852403114,0.5087035841895886,3.226086612326376,1.548830647479367
64.0,205.0,1004.7117919921876,0.4052530103725722,2.862964791291889,1.0244185980793992,1.6185629550949447,0.0861167524434486,0.806110362194968,0.5149989619430992,0.0762824622613271,3.306353246449835,1.6419964791765842
64.0,205.0,1005.585205078125,1.4441076734521072,3.066111509674269,0.0067028297138759,3.194813058276394,-0.2495793018936137,1.1591742150332562,1.047291772061316,-0.0635626710663064,3.2934046480925203,1.7277033081006632
64.0,205.0,1004.95849609375,0.9162956780313632,2.1247201074083826,0.0379144096914144,3.0493734156772465,-0.204541723945408,1.0866278545155783,1.081534562537653,-0.1426858802547873,2.5531626479271203,1.6834925846586402
64.0,205.0,1005.079833984375,0.8078773908434,3.0635542735379326,-0.2222773718837908,3.644619233544741,-0.0438507735814526,1.4232936018416082,0.7302359461628485,0.463335757005806,3.131559441489576,1.6311643300045815
64.0,205.0,1005.9080810546876,1.0513515896295955,3.0324479004866207,-0.1399893757068982,2.5909601277576697,-0.1207554487964864,2.5126882206643253,1.1607896320933913,0.180815057255496,3.251736532375584,2.58552590355996
64.0,205.0,1005.7649536132812,0.2825466944237913,3.223371955913502,-1.130107795435179,3.475165291581171,-1.048330892200188,0.6773142097574366,1.7224453178602437,-0.0116344510771347,2.978858171781275,1.664112733334867
64.0,205.0,1003.8233642578124,1.028523366259821,3.0628461474330293,-0.3204188298828894,3.0167776901382988,0.2647472536681213,1.306874930918926,0.9514498344110252,-0.5399432597472117,3.348110656193866,0.8965220619264871
64.0,205.0,1006.2741088867188,1.643031542836416,3.606370926934152,-0.6934784640503268,3.544777025413626,-0.1168117638030309,0.939111865717292,1.235370936060419,0.8014975999324441,3.270795648100955,1.6707495569788469
64.0,205.0,1005.4312744140624,1.3627715738376884,3.076635121501396,-0.2203183241854567,3.1897560510402903,-0.4507563945197057,1.1522013466208365,1.072078304572779,-0.0715777010715543,3.2997649430028133,1.6650114468654638
64.0,205.0,1006.1286010742188,1.5630251164579407,3.034072154337606,-0.2144607478813976,3.3747890166807086,-0.1840946200972616,1.0834848120091078,1.505132191142844,0.0986427251527393,3.2971237436003165,1.6407078622033984
64.0,205.0,1004.8368530273438,-0.0192859539180938,3.1458012448024646,-0.4052589456220559,3.5837623621294377,-0.4446218579421889,1.004306573519272,1.0674916208430016,-0.1473208806064043,4.659302750457305,1.266183010783346
64.0,205.0,1005.0035400390624,1.488088734200528,3.2964916798764268,-0.081613556681665,3.4931910742310563,-0.4795947022471148,1.19443031097595,1.5983254058784726,0.3030366300005376,3.1093375136026897,1.3517079212642986
64.0,205.0,1005.59716796875,0.8422960777773174,3.0348209215701183,-0.2311176520887816,3.530445462000517,0.731073415144617,1.0838871087870037,1.0526527931079228,-0.2789778063184201,3.525442996103043,1.9314441196361605
64.0,205.0,1005.1682739257812,0.4758226699530498,2.725912301651685,-0.0230184400084026,3.5041163169939864,-0.2839688026094656,0.98246182909671,0.7814411067738086,0.0567855685067581,3.2908997596538847,1.3640380101297185
64.0,205.0,1004.932861328125,1.5796322669745138,2.974669102036052,-0.2759972217390695,3.567574034001228,-0.2093543612178015,1.4940440693796724,1.055340177568717,-0.0056815911348413,3.322450316094878,2.2801882162059304
64.0,205.0,1005.4376220703124,1.4939369051591875,3.208578143175042,-0.0838875551827738,3.6527902052474297,-0.0677512366808728,2.1295316682877434,1.0280783661595605,-0.0117743859456704,3.334761595860714,1.7120512362595308
64.0,205.0,1005.9476318359376,0.0416259073064684,3.056620648095169,0.9059087932371556,3.541676985417584,-0.4558259587305865,-0.3150494321593007,1.05123482986649,-0.0994281152615595,3.238383279985208,1.6565234082160285
64.0,205.0,1005.81201171875,1.0493680198447488,3.1481788145602274,-0.3742052874168526,1.7340138049668434,0.0318673716322229,0.8640905123034281,1.2404658485720614,-0.0193011184880681,2.7865877149951315,1.7316496760128115
64.0,205.0,1004.924560546875,1.3902787656971398,3.2388825019148166,-0.206591284257351,2.6835356447268124,-0.2393013169250669,1.0825663808182378,0.7880722208517016,0.1086941866441624,3.760609960660497,1.5499190461382142
64.0,205.0,1003.884033203125,1.1425112649696187,3.065090117718845,0.592860107788608,2.8071972518327133,0.2549808842303713,0.7688590957311772,1.1434486482266086,0.1774592781213724,3.2904317271738885,1.6652367097735672
64.0,205.0,1004.8756713867188,1.803103039357084,3.04969122379482,-0.2380855070972431,3.544222673085715,-0.3675432124331079,1.0049334701620785,1.0915745130618049,-0.0166428366782459,3.286393579044508,1.7128181502425668
64.0,205.0,1005.5949096679688,1.065741447403239,3.566321993171797,-0.1722097588879127,3.335195644635442,0.4153135222526197,1.6432684793938577,1.2308026718224587,0.3065238812510272,3.32453208933479,1.4181087479272612
64.0,205.0,1005.1708984375,1.5387374172758588,3.0630905424895096,-0.2761169812147975,3.539551483750204,-0.0710913967583387,1.0864629386437223,1.0432566156141505,0.0406253156605319,3.3703392304127733,1.6847979903288934
64.0,205.0,1004.3433227539062,1.5246637626108075,2.588764633984187,-0.2247483509817702,3.541791433209113,-0.2094105942329443,0.0900981966808316,1.4472220790014578,0.3634141441016041,3.275517642189521,1.677631713184814
64.0,205.0,1006.2902221679688,-0.4251081873792355,3.285807122763265,-0.1892787533432827,2.527234148491948,-0.6010386156964528,0.6565171337625719,1.76275366174798,-0.0125229395337214,3.152359389102193,1.536172754489335
64.0,205.0,1002.565185546875,0.5472914493255665,3.366882117201061,1.3060013984334584,1.9325170226020087,-1.0074251950736448,0.7432223534795421,1.6951969237110474,0.1334456915648295,3.316198941140461,1.659375229627378
64.0,205.0,1006.7476806640624,1.3783292661069166,2.227281756843792,0.7486796121921748,2.3676098445669496,-0.4352187250238886,0.1295667694666509,1.2582478032152908,0.9678886220425788,1.546052822985894,1.7088008776725607
64.0,205.0,1003.6841430664062,1.5264166200797986,3.063097861613356,-0.215819897253269,3.5490497273888275,-0.2048867388282806,1.0826619122252867,1.0511392207255632,-0.0170243374408754,3.2973942147249127,1.6821927523441609
64.0,205.0,1005.0227661132812,1.1090167985935704,3.054929262949412,0.2138404591139139,3.3785257770175283,-0.2062982807170551,0.6081492878130935,1.0163426512361524,-0.0348229360837541,3.2931519023315508,1.7331119502206431
64.0,205.0,1006.3912353515624,1.0823124156003283,3.145532408020725,0.0937498638335725,4.3492484902596935,-0.983369492477124,0.3045399617600217,1.0355153888892177,-0.6035785196627739,3.47882371336145,1.9749920545649893
64.0,205.0,1003.7677001953124,0.9753379059727132,3.027481911426474,0.8914709442373026,3.6385006360362526,-0.1936568623912141,0.9354252219936228,1.0515023454212475,1.5844169383747184,3.3013099988549235,1.6821957420369034
64.0,205.0,1005.7315063476562,1.5396689441273124,3.0386942734840274,0.0727790596694881,3.99653790662412,-0.2180394714265182,1.1227822176659112,0.9898665587735348,-0.0161734394273001,3.292559616599718,1.7283088665121291
64.0,205.0,1005.9786376953124,1.1755166225902458,3.0139295819900664,-0.2417305383366287,3.616814653335077,-0.2729520402836232,1.8592848557108288,1.1177652924446315,0.1211451494947978,3.912459696901169,2.2316448068592054
64.0,205.0,1004.7403564453124,0.4804166552562906,3.142058809388116,-0.507253232726782,3.78275224637308,-0.5671588827166028,1.1261544357254607,1.4122039073154182,0.5007209311294231,3.503301094810195,1.926829920271378
64.0,205.0,1004.5214233398438,1.3925082887281215,3.065088985864282,-0.1686798461004562,2.4937664364779137,-0.2246521629870259,1.0573601922845028,1.0844478999456344,-0.8866334099558765,3.2654268773896447,1.6563374701400866
64.0,205.0,1006.101806640625,1.5145614614356997,2.994643314133276,-0.4385238738008652,2.6498988515969346,-0.2204737755628775,1.1219320992016055,0.99350013477897,-0.0190371027451072,3.134156782158529,1.6797391789481235
64.0,205.0,1005.5848999023438,-0.4976473021030942,3.419951677935696,-0.3086301958483286,3.870154605804175,-1.1699164176837953,1.6993185462984577,0.8701808901365833,0.0028869377323087,3.427754210534899,1.6924904654891433
64.0,205.0,1005.2015991210938,-0.9065866190336698,2.536369936448513,1.0012825911920764,0.7384741288722001,-1.3043415059826065,0.8367591620529873,1.226872201567225,0.259522407071536,3.263528619159368,0.8166144550606269
64.0,205.0,1005.768310546875,1.5999854791936896,2.9805356758612893,-0.224463190705871,3.807145392204087,-0.3379384159359995,1.0087144864956603,0.8161970981207121,-0.0299745068515237,3.525817858828421,1.6851147134922917
64.0,206.0,1004.6443481445312,0.6900176227674764,3.063074350782302,-0.3302721781170479,3.0126561550720083,-0.1976159951512532,1.5970259768578052,1.2511792713171723,-0.0167520924344081,3.4265898532482377,1.5636003792452855
64.0,206.0,1004.2421264648438,1.1090451639676264,3.063170278295987,-0.1754780434512142,3.5433184929382966,-0.1568456031498367,1.0766389807596008,1.0528787249669178,-0.0171620058962041,3.1145081813601543,1.5893554756452115
64.0,206.0,1006.1292724609376,0.8825330645131402,3.064174342687368,-0.2362635771631851,3.582316996030628,-0.2074679037536006,0.9559810891053128,1.0531749231574068,-0.0434490340044395,3.286294651604756,2.3253331241426074
64.0,206.0,1005.7072143554688,1.6491448804843336,2.9104453120023,-0.2376035463302053,3.615676320374159,-0.5459213406507523,1.0802436756395946,1.0229389087533642,-0.0226071327225542,3.134768809825729,1.4551102740604491
64.0,206.0,1005.2555541992188,-0.5037094802039921,3.707585390221884,-0.3280569768488796,3.321070462527059,0.979043172621886,-0.4155761280008436,0.9565504599200948,0.2951346271246178,3.295787014291044,2.1819067114242974
64.0,206.0,1006.83154296875,1.5265036097584397,2.4688393553651458,-0.2193779993269236,3.456649131017686,-0.280184533111481,1.4322115030166764,0.0073984864598439,0.0552709621325861,2.764100911123255,1.699477136905433
64.0,206.0,1006.2119140625,0.4893625390202833,1.7795423029239368,-0.2283334970089545,3.1277989280704825,0.4981169607027755,1.141197769335064,2.5146578201478693,1.975507430672696,4.311031517865723,2.0922100116751228
64.0,206.0,1005.1494140625,1.4267671879387,2.82151791963309,-0.2050135975394147,3.599402345635524,-0.212234014229664,1.0699343377498252,1.054124327480299,-0.0348381047181509,3.2384919490320403,1.683330061310487
64.0,206.0,1005.474853515625,1.5026949966969567,4.303640589644998,0.0467183102294996,3.508585978273294,-0.276222544546385,1.2632585220760255,0.9839023829757484,0.4548566034085533,3.319979299343642,1.681623450852277
64.0,206.0,1004.5355224609376,-0.2067583177486083,2.156645823399848,1.1237471826284795,3.780946817479548,-0.5114493991580722,1.3470285072754011,1.5426076556614716,0.9251629364195506,3.6326501297850458,1.193605314089168
64.0,206.0,1005.1493530273438,0.5735184706036716,3.028423329307017,0.2644622216036731,2.659398374348958,0.2306337810705419,1.0125999917583286,1.1341537852403114,0.5087035841895886,3.226086612326376,1.548830647479367
64.0,206.0,1004.7117919921876,0.4052530103725722,2.862964791291889,1.0244185980793992,1.6185629550949447,0.0861167524434486,0.806110362194968,0.5149989619430992,0.0762824622613271,3.306353246449835,1.6419964791765842
64.0,206.0,1005.585205078125,1.4441076734521072,3.066111509674269,0.0067028297138759,3.194813058276394,-0.2495793018936137,1.1591742150332562,1.047291772061316,-0.0635626710663064,3.2934046480925203,1.7277033081006632
64.0,206.0,1004.95849609375,0.9162956780313632,2.1247201074083826,0.0379144096914144,3.0493734156772465,-0.204541723945408,1.0866278545155783,1.081534562537653,-0.1426858802547873,2.5531626479271203,1.6834925846586402
64.0,206.0,1005.079833984375,0.8078773908434,3.0635542735379326,-0.2222773718837908,3.644619233544741,-0.0438507735814526,1.4232936018416082,0.7302359461628485,0.463335757005806,3.131559441489576,1.6311643300045815
64.0,206.0,1005.9080810546876,1.0513515896295955,3.0324479004866207,-0.1399893757068982,2.5909601277576697,-0.1207554487964864,2.5126882206643253,1.1607896320933913,0.180815057255496,3.251736532375584,2.58552590355996
64.0,206.0,1005.7649536132812,0.2825466944237913,3.223371955913502,-1.130107795435179,3.475165291581171,-1.048330892200188,0.6773142097574366,1.7224453178602437,-0.0116344510771347,2.978858171781275,1.664112733334867
64.0,206.0,1003.8233642578124,1.028523366259821,3.0628461474330293,-0.3204188298828894,3.0167776901382988,0.2647472536681213,1.306874930918926,0.9514498344110252,-0.5399432597472117,3.348110656193866,0.8965220619264871
64.0,206.0,1006.2741088867188,1.643031542836416,3.606370926934152,-0.6934784640503268,3.544777025413626,-0.1168117638030309,0.939111865717292,1.235370936060419,0.8014975999324441,3.270795648100955,1.6707495569788469
64.0,206.0,1005.4312744140624,1.3627715738376884,3.076635121501396,-0.2203183241854567,3.1897560510402903,-0.4507563945197057,1.1522013466208365,1.072078304572779,-0.0715777010715543,3.2997649430028133,1.6650114468654638
64.0,206.0,1006.1286010742188,1.5630251164579407,3.034072154337606,-0.2144607478813976,3.3747890166807086,-0.1840946200972616,1.0834848120091078,1.505132191142844,0.0986427251527393,3.2971237436003165,1.6407078622033984
64.0,206.0,1004.8368530273438,-0.0192859539180938,3.1458012448024646,-0.4052589456220559,3.5837623621294377,-0.4446218579421889,1.004306573519272,1.0674916208430016,-0.1473208806064043,4.659302750457305,1.266183010783346
64.0,206.0,1005.0035400390624,1.488088734200528,3.2964916798764268,-0.081613556681665,3.4931910742310563,-0.4795947022471148,1.19443031097595,1.5983254058784726,0.3030366300005376,3.1093375136026897,1.3517079212642986
64.0,206.0,1005.59716796875,0.8422960777773174,3.0348209215701183,-0.2311176520887816,3.530445462000517,0.731073415144617,1.0838871087870037,1.0526527931079228,-0.2789778063184201,3.525442996103043,1.9314441196361605
64.0,206.0,1005.1682739257812,0.4758226699530498,2.725912301651685,-0.0230184400084026,3.5041163169939864,-0.2839688026094656,0.98246182909671,0.7814411067738086,0.0567855685067581,3.2908997596538847,1.3640380101297185
64.0,206.0,1004.932861328125,1.5796322669745138,2.974669102036052,-0.2759972217390695,3.567574034001228,-0.2093543612178015,1.4940440693796724,1.055340177568717,-0.0056815911348413,3.322450316094878,2.2801882162059304
64.0,206.0,1005.4376220703124,1.4939369051591875,3.208578143175042,-0.0838875551827738,3.6527902052474297,-0.0677512366808728,2.1295316682877434,1.0280783661595605,-0.0117743859456704,3.334761595860714,1.7120512362595308
64.0,206.0,1005.9476318359376,0.0416259073064684,3.056620648095169,0.9059087932371556,3.541676985417584,-0.4558259587305865,-0.3150494321593007,1.05123482986649,-0.0994281152615595,3.238383279985208,1.6565234082160285
64.0,206.0,1005.81201171875,1.0493680198447488,3.1481788145602274,-0.3742052874168526,1.7340138049668434,0.0318673716322229,0.8640905123034281,1.2404658485720614,-0.0193011184880681,2.7865877149951315,1.7316496760128115
64.0,206.0,1004.924560546875,1.3902787656971398,3.2388825019148166,-0.206591284257351,2.6835356447268124,-0.2393013169250669,1.0825663808182378,0.7880722208517016,0.1086941866441624,3.760609960660497,1.5499190461382142
64.0,206.0,1003.884033203125,1.1425112649696187,3.065090117718845,0.592860107788608,2.8071972518327133,0.2549808842303713,0.7688590957311772,1.1434486482266086,0.1774592781213724,3.2904317271738885,1.6652367097735672
64.0,206.0,1004.8756713867188,1.803103039357084,3.04969122379482,-0.2380855070972431,3.544222673085715,-0.3675432124331079,1.0049334701620785,1.0915745130618049,-0.0166428366782459,3.286393579044508,1.7128181502425668
64.0,206.0,1005.5949096679688,1.065741447403239,3.566321993171797,-0.1722097588879127,3.335195644635442,0.4153135222526197,1.6432684793938577,1.2308026718224587,0.3065238812510272,3.32453208933479,1.4181087479272612
64.0,206.0,1005.1708984375,1.5387374172758588,3.0630905424895096,-0.2761169812147975,3.539551483750204,-0.0710913967583387,1.0864629386437223,1.0432566156141505,0.0406253156605319,3.3703392304127733,1.6847979903288934
64.0,206.0,1004.3433227539062,1.5246637626108075,2.588764633984187,-0.2247483509817702,3.541791433209113,-0.2094105942329443,0.0900981966808316,1.4472220790014578,0.3634141441016041,3.275517642189521,1.677631713184814
64.0,206.0,1006.2902221679688,-0.4251081873792355,3.285807122763265,-0.1892787533432827,2.527234148491948,-0.6010386156964528,0.6565171337625719,1.76275366174798,-0.0125229395337214,3.152359389102193,1.536172754489335
64.0,206.0,1002.565185546875,0.5472914493255665,3.366882117201061,1.3060013984334584,1.9325170226020087,-1.0074251950736448,0.7432223534795421,1.6951969237110474,0.1334456915648295,3.316198941140461,1.659375229627378
64.0,206.0,1006.7476806640624,1.3783292661069166,2.227281756843792,0.7486796121921748,2.3676098445669496,-0.4352187250238886,0.1295667694666509,1.2582478032152908,0.9678886220425788,1.546052822985894,1.7088008776725607
64.0,206.0,1003.6841430664062,1.5264166200797986,3.063097861613356,-0.215819897253269,3.5490497273888275,-0.2048867388282806,1.0826619122252867,1.0511392207255632,-0.0170243374408754,3.2973942147249127,1.6821927523441609
64.0,206.0,1005.0227661132812,1.1090167985935704,3.054929262949412,0.2138404591139139,3.3785257770175283,-0.2062982807170551,0.6081492878130935,1.0163426512361524,-0.0348229360837541,3.2931519023315508,1.7331119502206431
64.0,206.0,1006.3912353515624,1.0823124156003283,3.145532408020725,0.0937498638335725,4.3492484902596935,-0.983369492477124,0.3045399617600217,1.0355153888892177,-0.6035785196627739,3.47882371336145,1.9749920545649893
64.0,206.0,1003.7677001953124,0.9753379059727132,3.027481911426474,0.8914709442373026,3.6385006360362526,-0.1936568623912141,0.9354252219936228,1.0515023454212475,1.5844169383747184,3.3013099988549235,1.6821957420369034
64.0,206.0,1005.7315063476562,1.5396689441273124,3.0386942734840274,0.0727790596694881,3.99653790662412,-0.2180394714265182,1.1227822176659112,0.9898665587735348,-0.0161734394273001,3.292559616599718,1.7283088665121291
64.0,206.0,1005.9786376953124,1.1755166225902458,3.0139295819900664,-0.2417305383366287,3.616814653335077,-0.2729520402836232,1.8592848557108288,1.1177652924446315,0.1211451494947978,3.912459696901169,2.2316448068592054
64.0,206.0,1004.7403564453124,0.4804166552562906,3.142058809388116,-0.507253232726782,3.78275224637308,-0.5671588827166028,1.1261544357254607,1.4122039073154182,0.5007209311294231,3.503301094810195,1.926829920271378
64.0,206.0,1004.5214233398438,1.3925082887281215,3.065088985864282,-0.1686798461004562,2.4937664364779137,-0.2246521629870259,1.0573601922845028,1.0844478999456344,-0.8866334099558765,3.2654268773896447,1.6563374701400866
64.0,206.0,1006.101806640625,1.5145614614356997,2.994643314133276,-0.4385238738008652,2.6498988515969346,-0.2204737755628775,1.1219320992016055,0.99350013477897,-0.0190371027451072,3.134156782158529,1.6797391789481235
64.0,206.0,1005.5848999023438,-0.4976473021030942,3.419951677935696,-0.3086301958483286,3.870154605804175,-1.1699164176837953,1.6993185462984577,0.8701808901365833,0.0028869377323087,3.427754210534899,1.6924904654891433
64.0,206.0,1005.2015991210938,-0.9065866190336698,2.536369936448513,1.0012825911920764,0.7384741288722001,-1.3043415059826065,0.8367591620529873,1.226872201567225,0.259522407071536,3.263528619159368,0.8166144550606269
64.0,206.0,1005.768310546875,1.5999854791936896,2.9805356758612893,-0.224463190705871,3.807145392204087,-0.3379384159359995,1.0087144864956603,0.8161970981207121,-0.0299745068515237,3.525817858828421,1.6851147134922917
64.0,207.0,1004.6443481445312,0.6900176227674764,3.063074350782302,-0.3302721781170479,3.0126561550720083,-0.1976159951512532,1.5970259768578052,1.2511792713171723,-0.0167520924344081,3.4265898532482377,1.5636003792452855
64.0,207.0,1004.2421264648438,1.1090451639676264,3.063170278295987,-0.1754780434512142,3.5433184929382966,-0.1568456031498367,1.0766389807596008,1.0528787249669178,-0.0171620058962041,3.1145081813601543,1.5893554756452115
64.0,207.0,1006.1292724609376,0.8825330645131402,3.064174342687368,-0.2362635771631851,3.582316996030628,-0.2074679037536006,0.9559810891053128,1.0531749231574068,-0.0434490340044395,3.286294651604756,2.3253331241426074
64.0,207.0,1005.7072143554688,1.6491448804843336,2.9104453120023,-0.2376035463302053,3.615676320374159,-0.5459213406507523,1.0802436756395946,1.0229389087533642,-0.0226071327225542,3.134768809825729,1.4551102740604491
64.0,207.0,1005.2555541992188,-0.5037094802039921,3.707585390221884,-0.3280569768488796,3.321070462527059,0.979043172621886,-0.4155761280008436,0.9565504599200948,0.2951346271246178,3.295787014291044,2.1819067114242974
64.0,207.0,1006.83154296875,1.5265036097584397,2.4688393553651458,-0.2193779993269236,3.456649131017686,-0.280184533111481,1.4322115030166764,0.0073984864598439,0.0552709621325861,2.764100911123255,1.699477136905433
64.0,207.0,1006.2119140625,0.4893625390202833,1.7795423029239368,-0.2283334970089545,3.1277989280704825,0.4981169607027755,1.141197769335064,2.5146578201478693,1.975507430672696,4.311031517865723,2.0922100116751228
64.0,207.0,1005.1494140625,1.4267671879387,2.82151791963309,-0.2050135975394147,3.599402345635524,-0.212234014229664,1.0699343377498252,1.054124327480299,-0.0348381047181509,3.2384919490320403,1.683330061310487
64.0,207.0,1005.474853515625,1.5026949966969567,4.303640589644998,0.0467183102294996,3.508585978273294,-0.276222544546385,1.2632585220760255,0.9839023829757484,0.4548566034085533,3.319979299343642,1.681623450852277
64.0,207.0,1004.5355224609376,-0.2067583177486083,2.156645823399848,1.1237471826284795,3.780946817479548,-0.5114493991580722,1.3470285072754011,1.5426076556614716,0.9251629364195506,3.6326501297850458,1.193605314089168
64.0,207.0,1005.1493530273438,0.5735184706036716,3.028423329307017,0.2644622216036731,2.659398374348958,0.2306337810705419,1.0125999917583286,1.1341537852403114,0.5087035841895886,3.226086612326376,1.548830647479367
64.0,207.0,1004.7117919921876,0.4052530103725722,2.862964791291889,1.0244185980793992,1.6185629550949447,0.0861167524434486,0.806110362194968,0.5149989619430992,0.0762824622613271,3.306353246449835,1.6419964791765842
64.0,207.0,1005.585205078125,1.4441076734521072,3.066111509674269,0.0067028297138759,3.194813058276394,-0.2495793018936137,1.1591742150332562,1.047291772061316,-0.0635626710663064,3.2934046480925203,1.7277033081006632
64.0,207.0,1004.95849609375,0.9162956780313632,2.1247201074083826,0.0379144096914144,3.0493734156772465,-0.204541723945408,1.0866278545155783,1.081534562537653,-0.1426858802547873,2.5531626479271203,1.6834925846586402
64.0,207.0,1003.9569702148438,0.448016906340041,3.105722986450256,0.8138035866923863,3.0955404770734902,0.2620725015799733,1.6869868466778326,0.0600023277914734,0.2622416693067444,3.1208073658522064,1.5478276998793208
64.0,207.0,1005.9080810546876,1.0513515896295955,3.0324479004866207,-0.1399893757068982,2.5909601277576697,-0.1207554487964864,2.5126882206643253,1.1607896320933913,0.180815057255496,3.251736532375584,2.58552590355996
64.0,207.0,1005.7649536132812,0.2825466944237913,3.223371955913502,-1.130107795435179,3.475165291581171,-1.048330892200188,0.6773142097574366,1.7224453178602437,-0.0116344510771347,2.978858171781275,1.664112733334867
64.0,207.0,1003.8233642578124,1.028523366259821,3.0628461474330293,-0.3204188298828894,3.0167776901382988,0.2647472536681213,1.306874930918926,0.9514498344110252,-0.5399432597472117,3.348110656193866,0.8965220619264871
64.0,207.0,1006.2741088867188,1.643031542836416,3.606370926934152,-0.6934784640503268,3.544777025413626,-0.1168117638030309,0.939111865717292,1.235370936060419,0.8014975999324441,3.270795648100955,1.6707495569788469
64.0,207.0,1005.4312744140624,1.3627715738376884,3.076635121501396,-0.2203183241854567,3.1897560510402903,-0.4507563945197057,1.1522013466208365,1.072078304572779,-0.0715777010715543,3.2997649430028133,1.6650114468654638
64.0,207.0,1006.1286010742188,1.5630251164579407,3.034072154337606,-0.2144607478813976,3.3747890166807086,-0.1840946200972616,1.0834848120091078,1.505132191142844,0.0986427251527393,3.2971237436003165,1.6407078622033984
64.0,207.0,1004.8368530273438,-0.0192859539180938,3.1458012448024646,-0.4052589456220559,3.5837623621294377,-0.4446218579421889,1.004306573519272,1.0674916208430016,-0.1473208806064043,4.659302750457305,1.266183010783346
64.0,207.0,1005.0035400390624,1.488088734200528,3.2964916798764268,-0.081613556681665,3.4931910742310563,-0.4795947022471148,1.19443031097595,1.5983254058784726,0.3030366300005376,3.1093375136026897,1.3517079212642986
64.0,207.0,1005.59716796875,0.8422960777773174,3.0348209215701183,-0.2311176520887816,3.530445462000517,0.731073415144617,1.0838871087870037,1.0526527931079228,-0.2789778063184201,3.525442996103043,1.9314441196361605
64.0,207.0,1005.1682739257812,0.4758226699530498,2.725912301651685,-0.0230184400084026,3.5041163169939864,-0.2839688026094656,0.98246182909671,0.7814411067738086,0.0567855685067581,3.2908997596538847,1.3640380101297185
64.0,207.0,1004.932861328125,1.5796322669745138,2.974669102036052,-0.2759972217390695,3.567574034001228,-0.2093543612178015,1.4940440693796724,1.055340177568717,-0.0056815911348413,3.322450316094878,2.2801882162059304
64.0,207.0,1005.4376220703124,1.4939369051591875,3.208578143175042,-0.0838875551827738,3.6527902052474297,-0.0677512366808728,2.1295316682877434,1.0280783661595605,-0.0117743859456704,3.334761595860714,1.7120512362595308
64.0,207.0,1005.9476318359376,0.0416259073064684,3.056620648095169,0.9059087932371556,3.541676985417584,-0.4558259587305865,-0.3150494321593007,1.05123482986649,-0.0994281152615595,3.238383279985208,1.6565234082160285
64.0,207.0,1005.81201171875,1.0493680198447488,3.1481788145602274,-0.3742052874168526,1.7340138049668434,0.0318673716322229,0.8640905123034281,1.2404658485720614,-0.0193011184880681,2.7865877149951315,1.7316496760128115
64.0,207.0,1004.924560546875,1.3902787656971398,3.2388825019148166,-0.206591284257351,2.6835356447268124,-0.2393013169250669,1.0825663808182378,0.7880722208517016,0.1086941866441624,3.760609960660497,1.5499190461382142
64.0,207.0,1003.884033203125,1.1425112649696187,3.065090117718845,0.592860107788608,2.8071972518327133,0.2549808842303713,0.7688590957311772,1.1434486482266086,0.1774592781213724,3.2904317271738885,1.6652367097735672
64.0,207.0,1004.8756713867188,1.803103039357084,3.04969122379482,-0.2380855070972431,3.544222673085715,-0.3675432124331079,1.0049334701620785,1.0915745130618049,-0.0166428366782459,3.286393579044508,1.7128181502425668
64.0,207.0,1005.5949096679688,1.065741447403239,3.566321993171797,-0.1722097588879127,3.335195644635442,0.4153135222526197,1.6432684793938577,1.2308026718224587,0.3065238812510272,3.32453208933479,1.4181087479272612
64.0,207.0,1005.1708984375,1.5387374172758588,3.0630905424895096,-0.2761169812147975,3.539551483750204,-0.0710913967583387,1.0864629386437223,1.0432566156141505,0.0406253156605319,3.3703392304127733,1.6847979903288934
64.0,207.0,1004.3433227539062,1.5246637626108075,2.588764633984187,-0.2247483509817702,3.541791433209113,-0.2094105942329443,0.0900981966808316,1.4472220790014578,0.3634141441016041,3.275517642189521,1.677631713184814
64.0,207.0,1006.2902221679688,-0.4251081873792355,3.285807122763265,-0.1892787533432827,2.527234148491948,-0.6010386156964528,0.6565171337625719,1.76275366174798,-0.0125229395337214,3.152359389102193,1.536172754489335
64.0,207.0,1002.565185546875,0.5472914493255665,3.366882117201061,1.3060013984334584,1.9325170226020087,-1.0074251950736448,0.7432223534795421,1.6951969237110474,0.1334456915648295,3.316198941140461,1.659375229627378
64.0,207.0,1006.7476806640624,1.3783292661069166,2.227281756843792,0.7486796121921748,2.3676098445669496,-0.4352187250238886,0.1295667694666509,1.2582478032152908,0.9678886220425788,1.546052822985894,1.7088008776725607
64.0,207.0,1003.6841430664062,1.5264166200797986,3.063097861613356,-0.215819897253269,3.5490497273888275,-0.2048867388282806,1.0826619122252867,1.0511392207255632,-0.0170243374408754,3.2973942147249127,1.6821927523441609
64.0,207.0,1005.0227661132812,1.1090167985935704,3.054929262949412,0.2138404591139139,3.3785257770175283,-0.2062982807170551,0.6081492878130935,1.0163426512361524,-0.0348229360837541,3.2931519023315508,1.7331119502206431
64.0,207.0,1006.3912353515624,1.0823124156003283,3.145532408020725,0.0937498638335725,4.3492484902596935,-0.983369492477124,0.3045399617600217,1.0355153888892177,-0.6035785196627739,3.47882371336145,1.9749920545649893
64.0,207.0,1003.7677001953124,0.9753379059727132,3.027481911426474,0.8914709442373026,3.6385006360362526,-0.1936568623912141,0.9354252219936228,1.0515023454212475,1.5844169383747184,3.3013099988549235,1.6821957420369034
64.0,207.0,1005.7315063476562,1.5396689441273124,3.0386942734840274,0.0727790596694881,3.99653790662412,-0.2180394714265182,1.1227822176659112,0.9898665587735348,-0.0161734394273001,3.292559616599718,1.7283088665121291
64.0,207.0,1005.9786376953124,1.1755166225902458,3.0139295819900664,-0.2417305383366287,3.616814653335077,-0.2729520402836232,1.8592848557108288,1.1177652924446315,0.1211451494947978,3.912459696901169,2.2316448068592054
64.0,207.0,1004.7403564453124,0.4804166552562906,3.142058809388116,-0.507253232726782,3.78275224637308,-0.5671588827166028,1.1261544357254607,1.4122039073154182,0.5007209311294231,3.503301094810195,1.926829920271378
64.0,207.0,1004.5214233398438,1.3925082887281215,3.065088985864282,-0.1686798461004562,2.4937664364779137,-0.2246521629870259,1.0573601922845028,1.0844478999456344,-0.8866334099558765,3.2654268773896447,1.6563374701400866
64.0,207.0,1006.101806640625,1.5145614614356997,2.994643314133276,-0.4385238738008652,2.6498988515969346,-0.2204737755628775,1.1219320992016055,0.99350013477897,-0.0190371027451072,3.134156782158529,1.6797391789481235
64.0,207.0,1005.5848999023438,-0.4976473021030942,3.419951677935696,-0.3086301958483286,3.870154605804175,-1.1699164176837953,1.6993185462984577,0.8701808901365833,0.0028869377323087,3.427754210534899,1.6924904654891433
64.0,207.0,1004.2504272460938,-0.8223529424704155,2.825127807401638,-0.323922086313651,1.937577607926971,-0.7880478165526897,-0.5658922756132105,1.2049866790758093,0.2624683225465503,3.2458834880441487,0.9881096602322688
64.0,207.0,1005.768310546875,1.5999854791936896,2.9805356758612893,-0.224463190705871,3.807145392204087,-0.3379384159359995,1.0087144864956603,0.8161970981207121,-0.0299745068515237,3.525817858828421,1.6851147134922917
64.0,208.0,1004.6443481445312,0.6900176227674764,3.063074350782302,-0.3302721781170479,3.0126561550720083,-0.1976159951512532,1.5970259768578052,1.2511792713171723,-0.0167520924344081,3.4265898532482377,1.5636003792452855
64.0,208.0,1004.2421264648438,1.1090451639676264,3.063170278295987,-0.1754780434512142,3.5433184929382966,-0.1568456031498367,1.0766389807596008,1.0528787249669178,-0.0171620058962041,3.1145081813601543,1.5893554756452115
64.0,208.0,1006.1292724609376,0.8825330645131402,3.064174342687368,-0.2362635771631851,3.582316996030628,-0.2074679037536006,0.9559810891053128,1.0531749231574068,-0.0434490340044395,3.286294651604756,2.3253331241426074
64.0,208.0,1005.7072143554688,1.6491448804843336,2.9104453120023,-0.2376035463302053,3.615676320374159,-0.5459213406507523,1.0802436756395946,1.0229389087533642,-0.0226071327225542,3.134768809825729,1.4551102740604491
64.0,208.0,1005.2555541992188,-0.5037094802039921,3.707585390221884,-0.3280569768488796,3.321070462527059,0.979043172621886,-0.4155761280008436,0.9565504599200948,0.2951346271246178,3.295787014291044,2.1819067114242974
64.0,208.0,1006.83154296875,1.5265036097584397,2.4688393553651458,-0.2193779993269236,3.456649131017686,-0.280184533111481,1.4322115030166764,0.0073984864598439,0.0552709621325861,2.764100911123255,1.699477136905433
64.0,208.0,1006.2119140625,0.4893625390202833,1.7795423029239368,-0.2283334970089545,3.1277989280704825,0.4981169607027755,1.141197769335064,2.5146578201478693,1.975507430672696,4.311031517865723,2.0922100116751228
64.0,208.0,1005.1494140625,1.4267671879387,2.82151791963309,-0.2050135975394147,3.599402345635524,-0.212234014229664,1.0699343377498252,1.054124327480299,-0.0348381047181509,3.2384919490320403,1.683330061310487
64.0,208.0,1005.474853515625,1.5026949966969567,4.303640589644998,0.0467183102294996,3.508585978273294,-0.276222544546385,1.2632585220760255,0.9839023829757484,0.4548566034085533,3.319979299343642,1.681623450852277
64.0,208.0,1004.5355224609376,-0.2067583177486083,2.156645823399848,1.1237471826284795,3.780946817479548,-0.5114493991580722,1.3470285072754011,1.5426076556614716,0.9251629364195506,3.6326501297850458,1.193605314089168
64.0,208.0,1005.1493530273438,0.5735184706036716,3.028423329307017,0.2644622216036731,2.659398374348958,0.2306337810705419,1.0125999917583286,1.1341537852403114,0.5087035841895886,3.226086612326376,1.548830647479367
64.0,208.0,1004.7117919921876,0.4052530103725722,2.862964791291889,1.0244185980793992,1.6185629550949447,0.0861167524434486,0.806110362194968,0.5149989619430992,0.0762824622613271,3.306353246449835,1.6419964791765842
64.0,208.0,1005.585205078125,1.4441076734521072,3.066111509674269,0.0067028297138759,3.194813058276394,-0.2495793018936137,1.1591742150332562,1.047291772061316,-0.0635626710663064,3.2934046480925203,1.7277033081006632
64.0,208.0,1004.95849609375,0.9162956780313632,2.1247201074083826,0.0379144096914144,3.0493734156772465,-0.204541723945408,1.0866278545155783,1.081534562537653,-0.1426858802547873,2.5531626479271203,1.6834925846586402
64.0,208.0,1003.9569702148438,0.448016906340041,3.105722986450256,0.8138035866923863,3.0955404770734902,0.2620725015799733,1.6869868466778326,0.0600023277914734,0.2622416693067444,3.1208073658522064,1.5478276998793208
64.0,208.0,1005.9080810546876,1.0513515896295955,3.0324479004866207,-0.1399893757068982,2.5909601277576697,-0.1207554487964864,2.5126882206643253,1.1607896320933913,0.180815057255496,3.251736532375584,2.58552590355996
64.0,208.0,1005.7649536132812,0.2825466944237913,3.223371955913502,-1.130107795435179,3.475165291581171,-1.048330892200188,0.6773142097574366,1.7224453178602437,-0.0116344510771347,2.978858171781275,1.664112733334867
64.0,208.0,1003.8233642578124,1.028523366259821,3.0628461474330293,-0.3204188298828894,3.0167776901382988,0.2647472536681213,1.306874930918926,0.9514498344110252,-0.5399432597472117,3.348110656193866,0.8965220619264871
64.0,208.0,1006.2741088867188,1.643031542836416,3.606370926934152,-0.6934784640503268,3.544777025413626,-0.1168117638030309,0.939111865717292,1.235370936060419,0.8014975999324441,3.270795648100955,1.6707495569788469
64.0,208.0,1005.4312744140624,1.3627715738376884,3.076635121501396,-0.2203183241854567,3.1897560510402903,-0.4507563945197057,1.1522013466208365,1.072078304572779,-0.0715777010715543,3.2997649430028133,1.6650114468654638
64.0,208.0,1006.1286010742188,1.5630251164579407,3.034072154337606,-0.2144607478813976,3.3747890166807086,-0.1840946200972616,1.0834848120091078,1.505132191142844,0.0986427251527393,3.2971237436003165,1.6407078622033984
64.0,208.0,1004.8368530273438,-0.0192859539180938,3.1458012448024646,-0.4052589456220559,3.5837623621294377,-0.4446218579421889,1.004306573519272,1.0674916208430016,-0.1473208806064043,4.659302750457305,1.266183010783346
64.0,208.0,1005.0035400390624,1.488088734200528,3.2964916798764268,-0.081613556681665,3.4931910742310563,-0.4795947022471148,1.19443031097595,1.5983254058784726,0.3030366300005376,3.1093375136026897,1.3517079212642986
64.0,208.0,1005.59716796875,0.8422960777773174,3.0348209215701183,-0.2311176520887816,3.530445462000517,0.731073415144617,1.0838871087870037,1.0526527931079228,-0.2789778063184201,3.525442996103043,1.9314441196361605
64.0,208.0,1005.1682739257812,0.4758226699530498,2.725912301651685,-0.0230184400084026,3.5041163169939864,-0.2839688026094656,0.98246182909671,0.7814411067738086,0.0567855685067581,3.2908997596538847,1.3640380101297185
64.0,208.0,1004.932861328125,1.5796322669745138,2.974669102036052,-0.2759972217390695,3.567574034001228,-0.2093543612178015,1.4940440693796724,1.055340177568717,-0.0056815911348413,3.322450316094878,2.2801882162059304
64.0,208.0,1005.4376220703124,1.4939369051591875,3.208578143175042,-0.0838875551827738,3.6527902052474297,-0.0677512366808728,2.1295316682877434,1.0280783661595605,-0.0117743859456704,3.334761595860714,1.7120512362595308
64.0,208.0,1005.9476318359376,0.0416259073064684,3.056620648095169,0.9059087932371556,3.541676985417584,-0.4558259587305865,-0.3150494321593007,1.05123482986649,-0.0994281152615595,3.238383279985208,1.6565234082160285
64.0,208.0,1005.81201171875,1.0493680198447488,3.1481788145602274,-0.3742052874168526,1.7340138049668434,0.0318673716322229,0.8640905123034281,1.2404658485720614,-0.0193011184880681,2.7865877149951315,1.7316496760128115
64.0,208.0,1004.924560546875,1.3902787656971398,3.2388825019148166,-0.206591284257351,2.6835356447268124,-0.2393013169250669,1.0825663808182378,0.7880722208517016,0.1086941866441624,3.760609960660497,1.5499190461382142
64.0,208.0,1003.884033203125,1.1425112649696187,3.065090117718845,0.592860107788608,2.8071972518327133,0.2549808842303713,0.7688590957311772,1.1434486482266086,0.1774592781213724,3.2904317271738885,1.6652367097735672
64.0,208.0,1004.8756713867188,1.803103039357084,3.04969122379482,-0.2380855070972431,3.544222673085715,-0.3675432124331079,1.0049334701620785,1.0915745130618049,-0.0166428366782459,3.286393579044508,1.7128181502425668
64.0,208.0,1005.5949096679688,1.065741447403239,3.566321993171797,-0.1722097588879127,3.335195644635442,0.4153135222526197,1.6432684793938577,1.2308026718224587,0.3065238812510272,3.32453208933479,1.4181087479272612
64.0,208.0,1005.1708984375,1.5387374172758588,3.0630905424895096,-0.2761169812147975,3.539551483750204,-0.0710913967583387,1.0864629386437223,1.0432566156141505,0.0406253156605319,3.3703392304127733,1.6847979903288934
64.0,208.0,1004.3433227539062,1.5246637626108075,2.588764633984187,-0.2247483509817702,3.541791433209113,-0.2094105942329443,0.0900981966808316,1.4472220790014578,0.3634141441016041,3.275517642189521,1.677631713184814
64.0,208.0,1006.2902221679688,-0.4251081873792355,3.285807122763265,-0.1892787533432827,2.527234148491948,-0.6010386156964528,0.6565171337625719,1.76275366174798,-0.0125229395337214,3.152359389102193,1.536172754489335
64.0,208.0,1002.565185546875,0.5472914493255665,3.366882117201061,1.3060013984334584,1.9325170226020087,-1.0074251950736448,0.7432223534795421,1.6951969237110474,0.1334456915648295,3.316198941140461,1.659375229627378
64.0,208.0,1006.7476806640624,1.3783292661069166,2.227281756843792,0.7486796121921748,2.3676098445669496,-0.4352187250238886,0.1295667694666509,1.2582478032152908,0.9678886220425788,1.546052822985894,1.7088008776725607
64.0,208.0,1003.6841430664062,1.5264166200797986,3.063097861613356,-0.215819897253269,3.5490497273888275,-0.2048867388282806,1.0826619122252867,1.0511392207255632,-0.0170243374408754,3.2973942147249127,1.6821927523441609
64.0,208.0,1005.0227661132812,1.1090167985935704,3.054929262949412,0.2138404591139139,3.3785257770175283,-0.2062982807170551,0.6081492878130935,1.0163426512361524,-0.0348229360837541,3.2931519023315508,1.7331119502206431
64.0,208.0,1006.3912353515624,1.0823124156003283,3.145532408020725,0.0937498638335725,4.3492484902596935,-0.983369492477124,0.3045399617600217,1.0355153888892177,-0.6035785196627739,3.47882371336145,1.9749920545649893
64.0,208.0,1003.7677001953124,0.9753379059727132,3.027481911426474,0.8914709442373026,3.6385006360362526,-0.1936568623912141,0.9354252219936228,1.0515023454212475,1.5844169383747184,3.3013099988549235,1.6821957420369034
64.0,208.0,1005.7315063476562,1.5396689441273124,3.0386942734840274,0.0727790596694881,3.99653790662412,-0.2180394714265182,1.1227822176659112,0.9898665587735348,-0.0161734394273001,3.292559616599718,1.7283088665121291
64.0,208.0,1005.9786376953124,1.1755166225902458,3.0139295819900664,-0.2417305383366287,3.616814653335077,-0.2729520402836232,1.8592848557108288,1.1177652924446315,0.1211451494947978,3.912459696901169,2.2316448068592054
64.0,208.0,1004.7403564453124,0.4804166552562906,3.142058809388116,-0.507253232726782,3.78275224637308,-0.5671588827166028,1.1261544357254607,1.4122039073154182,0.5007209311294231,3.503301094810195,1.926829920271378
64.0,208.0,1004.5214233398438,1.3925082887281215,3.065088985864282,-0.1686798461004562,2.4937664364779137,-0.2246521629870259,1.0573601922845028,1.0844478999456344,-0.8866334099558765,3.2654268773896447,1.6563374701400866
64.0,208.0,1006.101806640625,1.5145614614356997,2.994643314133276,-0.4385238738008652,2.6498988515969346,-0.2204737755628775,1.1219320992016055,0.99350013477897,-0.0190371027451072,3.134156782158529,1.6797391789481235
64.0,208.0,1005.5848999023438,-0.4976473021030942,3.419951677935696,-0.3086301958483286,3.870154605804175,-1.1699164176837953,1.6993185462984577,0.8701808901365833,0.0028869377323087,3.427754210534899,1.6924904654891433
64.0,208.0,1004.2504272460938,-0.8223529424704155,2.825127807401638,-0.323922086313651,1.937577607926971,-0.7880478165526897,-0.5658922756132105,1.2049866790758093,0.2624683225465503,3.2458834880441487,0.9881096602322688
64.0,208.0,1005.768310546875,1.5999854791936896,2.9805356758612893,-0.224463190705871,3.807145392204087,-0.3379384159359995,1.0087144864956603,0.8161970981207121,-0.0299745068515237,3.525817858828421,1.6851147134922917
64.0,209.0,1004.6443481445312,0.6900176227674764,3.063074350782302,-0.3302721781170479,3.0126561550720083,-0.1976159951512532,1.5970259768578052,1.2511792713171723,-0.0167520924344081,3.4265898532482377,1.5636003792452855
64.0,209.0,1004.2421264648438,1.1090451639676264,3.063170278295987,-0.1754780434512142,3.5433184929382966,-0.1568456031498367,1.0766389807596008,1.0528787249669178,-0.0171620058962041,3.1145081813601543,1.5893554756452115
64.0,209.0,1006.1292724609376,0.8825330645131402,3.064174342687368,-0.2362635771631851,3.582316996030628,-0.2074679037536006,0.9559810891053128,1.0531749231574068,-0.0434490340044395,3.286294651604756,2.3253331241426074
64.0,209.0,1005.7072143554688,1.6491448804843336,2.9104453120023,-0.2376035463302053,3.615676320374159,-0.5459213406507523,1.0802436756395946,1.0229389087533642,-0.0226071327225542,3.134768809825729,1.4551102740604491
64.0,209.0,1005.2555541992188,-0.5037094802039921,3.707585390221884,-0.3280569768488796,3.321070462527059,0.979043172621886,-0.4155761280008436,0.9565504599200948,0.2951346271246178,3.295787014291044,2.1819067114242974
64.0,209.0,1006.83154296875,1.5265036097584397,2.4688393553651458,-0.2193779993269236,3.456649131017686,-0.280184533111481,1.4322115030166764,0.0073984864598439,0.0552709621325861,2.764100911123255,1.699477136905433
64.0,209.0,1006.2119140625,0.4893625390202833,1.7795423029239368,-0.2283334970089545,3.1277989280704825,0.4981169607027755,1.141197769335064,2.5146578201478693,1.975507430672696,4.311031517865723,2.0922100116751228
64.0,209.0,1005.1494140625,1.4267671879387,2.82151791963309,-0.2050135975394147,3.599402345635524,-0.212234014229664,1.0699343377498252,1.054124327480299,-0.0348381047181509,3.2384919490320403,1.683330061310487
64.0,209.0,1005.474853515625,1.5026949966969567,4.303640589644998,0.0467183102294996,3.508585978273294,-0.276222544546385,1.2632585220760255,0.9839023829757484,0.4548566034085533,3.319979299343642,1.681623450852277
64.0,209.0,1004.5355224609376,-0.2067583177486083,2.156645823399848,1.1237471826284795,3.780946817479548,-0.5114493991580722,1.3470285072754011,1.5426076556614716,0.9251629364195506,3.6326501297850458,1.193605314089168
64.0,209.0,1005.1493530273438,0.5735184706036716,3.028423329307017,0.2644622216036731,2.659398374348958,0.2306337810705419,1.0125999917583286,1.1341537852403114,0.5087035841895886,3.226086612326376,1.548830647479367
64.0,209.0,1004.7117919921876,0.4052530103725722,2.862964791291889,1.0244185980793992,1.6185629550949447,0.0861167524434486,0.806110362194968,0.5149989619430992,0.0762824622613271,3.306353246449835,1.6419964791765842
64.0,209.0,1005.585205078125,1.4441076734521072,3.066111509674269,0.0067028297138759,3.194813058276394,-0.2495793018936137,1.1591742150332562,1.047291772061316,-0.0635626710663064,3.2934046480925203,1.7277033081006632
64.0,209.0,1004.95849609375,0.9162956780313632,2.1247201074083826,0.0379144096914144,3.0493734156772465,-0.204541723945408,1.0866278545155783,1.081534562537653,-0.1426858802547873,2.5531626479271203,1.6834925846586402
64.0,209.0,1003.9569702148438,0.448016906340041,3.105722986450256,0.8138035866923863,3.0955404770734902,0.2620725015799733,1.6869868466778326,0.0600023277914734,0.2622416693067444,3.1208073658522064,1.5478276998793208
64.0,209.0,1005.9080810546876,1.0513515896295955,3.0324479004866207,-0.1399893757068982,2.5909601277576697,-0.1207554487964864,2.5126882206643253,1.1607896320933913,0.180815057255496,3.251736532375584,2.58552590355996
64.0,209.0,1005.7649536132812,0.2825466944237913,3.223371955913502,-1.130107795435179,3.475165291581171,-1.048330892200188,0.6773142097574366,1.7224453178602437,-0.0116344510771347,2.978858171781275,1.664112733334867
64.0,209.0,1003.8233642578124,1.028523366259821,3.0628461474330293,-0.3204188298828894,3.0167776901382988,0.2647472536681213,1.306874930918926,0.9514498344110252,-0.5399432597472117,3.348110656193866,0.8965220619264871
64.0,209.0,1006.2741088867188,1.643031542836416,3.606370926934152,-0.6934784640503268,3.544777025413626,-0.1168117638030309,0.939111865717292,1.235370936060419,0.8014975999324441,3.270795648100955,1.6707495569788469
64.0,209.0,1005.4312744140624,1.3627715738376884,3.076635121501396,-0.2203183241854567,3.1897560510402903,-0.4507563945197057,1.1522013466208365,1.072078304572779,-0.0715777010715543,3.2997649430028133,1.6650114468654638
64.0,209.0,1006.1286010742188,1.5630251164579407,3.034072154337606,-0.2144607478813976,3.3747890166807086,-0.1840946200972616,1.0834848120091078,1.505132191142844,0.0986427251527393,3.2971237436003165,1.6407078622033984
64.0,209.0,1004.8368530273438,-0.0192859539180938,3.1458012448024646,-0.4052589456220559,3.5837623621294377,-0.4446218579421889,1.004306573519272,1.0674916208430016,-0.1473208806064043,4.659302750457305,1.266183010783346
64.0,209.0,1005.0035400390624,1.488088734200528,3.2964916798764268,-0.081613556681665,3.4931910742310563,-0.4795947022471148,1.19443031097595,1.5983254058784726,0.3030366300005376,3.1093375136026897,1.3517079212642986
64.0,209.0,1005.59716796875,0.8422960777773174,3.0348209215701183,-0.2311176520887816,3.530445462000517,0.731073415144617,1.0838871087870037,1.0526527931079228,-0.2789778063184201,3.525442996103043,1.9314441196361605
64.0,209.0,1005.1682739257812,0.4758226699530498,2.725912301651685,-0.0230184400084026,3.5041163169939864,-0.2839688026094656,0.98246182909671,0.7814411067738086,0.0567855685067581,3.2908997596538847,1.3640380101297185
64.0,209.0,1004.932861328125,1.5796322669745138,2.974669102036052,-0.2759972217390695,3.567574034001228,-0.2093543612178015,1.4940440693796724,1.055340177568717,-0.0056815911348413,3.322450316094878,2.2801882162059304
64.0,209.0,1005.4376220703124,1.4939369051591875,3.208578143175042,-0.0838875551827738,3.6527902052474297,-0.0677512366808728,2.1295316682877434,1.0280783661595605,-0.0117743859456704,3.334761595860714,1.7120512362595308
64.0,209.0,1005.9476318359376,0.0416259073064684,3.056620648095169,0.9059087932371556,3.541676985417584,-0.4558259587305865,-0.3150494321593007,1.05123482986649,-0.0994281152615595,3.238383279985208,1.6565234082160285
64.0,209.0,1005.81201171875,1.0493680198447488,3.1481788145602274,-0.3742052874168526,1.7340138049668434,0.0318673716322229,0.8640905123034281,1.2404658485720614,-0.0193011184880681,2.7865877149951315,1.7316496760128115
64.0,209.0,1004.924560546875,1.3902787656971398,3.2388825019148166,-0.206591284257351,2.6835356447268124,-0.2393013169250669,1.0825663808182378,0.7880722208517016,0.1086941866441624,3.760609960660497,1.5499190461382142
64.0,209.0,1003.884033203125,1.1425112649696187,3.065090117718845,0.592860107788608,2.8071972518327133,0.2549808842303713,0.7688590957311772,1.1434486482266086,0.1774592781213724,3.2904317271738885,1.6652367097735672
64.0,209.0,1004.8756713867188,1.803103039357084,3.04969122379482,-0.2380855070972431,3.544222673085715,-0.3675432124331079,1.0049334701620785,1.0915745130618049,-0.0166428366782459,3.286393579044508,1.7128181502425668
64.0,209.0,1005.5949096679688,1.065741447403239,3.566321993171797,-0.1722097588879127,3.335195644635442,0.4153135222526197,1.6432684793938577,1.2308026718224587,0.3065238812510272,3.32453208933479,1.4181087479272612
64.0,209.0,1005.1708984375,1.5387374172758588,3.0630905424895096,-0.2761169812147975,3.539551483750204,-0.0710913967583387,1.0864629386437223,1.0432566156141505,0.0406253156605319,3.3703392304127733,1.6847979903288934
64.0,209.0,1004.3433227539062,1.5246637626108075,2.588764633984187,-0.2247483509817702,3.541791433209113,-0.2094105942329443,0.0900981966808316,1.4472220790014578,0.3634141441016041,3.275517642189521,1.677631713184814
64.0,209.0,1006.2902221679688,-0.4251081873792355,3.285807122763265,-0.1892787533432827,2.527234148491948,-0.6010386156964528,0.6565171337625719,1.76275366174798,-0.0125229395337214,3.152359389102193,1.536172754489335
64.0,209.0,1002.565185546875,0.5472914493255665,3.366882117201061,1.3060013984334584,1.9325170226020087,-1.0074251950736448,0.7432223534795421,1.6951969237110474,0.1334456915648295,3.316198941140461,1.659375229627378
64.0,209.0,1006.7476806640624,1.3783292661069166,2.227281756843792,0.7486796121921748,2.3676098445669496,-0.4352187250238886,0.1295667694666509,1.2582478032152908,0.9678886220425788,1.546052822985894,1.7088008776725607
64.0,209.0,1003.6841430664062,1.5264166200797986,3.063097861613356,-0.215819897253269,3.5490497273888275,-0.2048867388282806,1.0826619122252867,1.0511392207255632,-0.0170243374408754,3.2973942147249127,1.6821927523441609
64.0,209.0,1005.0227661132812,1.1090167985935704,3.054929262949412,0.2138404591139139,3.3785257770175283,-0.2062982807170551,0.6081492878130935,1.0163426512361524,-0.0348229360837541,3.2931519023315508,1.7331119502206431
64.0,209.0,1006.3912353515624,1.0823124156003283,3.145532408020725,0.0937498638335725,4.3492484902596935,-0.983369492477124,0.3045399617600217,1.0355153888892177,-0.6035785196627739,3.47882371336145,1.9749920545649893
64.0,209.0,1003.7677001953124,0.9753379059727132,3.027481911426474,0.8914709442373026,3.6385006360362526,-0.1936568623912141,0.9354252219936228,1.0515023454212475,1.5844169383747184,3.3013099988549235,1.6821957420369034
64.0,209.0,1005.7315063476562,1.5396689441273124,3.0386942734840274,0.0727790596694881,3.99653790662412,-0.2180394714265182,1.1227822176659112,0.9898665587735348,-0.0161734394273001,3.292559616599718,1.7283088665121291
64.0,209.0,1005.9786376953124,1.1755166225902458,3.0139295819900664,-0.2417305383366287,3.616814653335077,-0.2729520402836232,1.8592848557108288,1.1177652924446315,0.1211451494947978,3.912459696901169,2.2316448068592054
64.0,209.0,1004.7403564453124,0.4804166552562906,3.142058809388116,-0.507253232726782,3.78275224637308,-0.5671588827166028,1.1261544357254607,1.4122039073154182,0.5007209311294231,3.503301094810195,1.926829920271378
64.0,209.0,1004.5214233398438,1.3925082887281215,3.065088985864282,-0.1686798461004562,2.4937664364779137,-0.2246521629870259,1.0573601922845028,1.0844478999456344,-0.8866334099558765,3.2654268773896447,1.6563374701400866
64.0,209.0,1006.101806640625,1.5145614614356997,2.994643314133276,-0.4385238738008652,2.6498988515969346,-0.2204737755628775,1.1219320992016055,0.99350013477897,-0.0190371027451072,3.134156782158529,1.6797391789481235
64.0,209.0,1005.5848999023438,-0.4976473021030942,3.419951677935696,-0.3086301958483286,3.870154605804175,-1.1699164176837953,1.6993185462984577,0.8701808901365833,0.0028869377323087,3.427754210534899,1.6924904654891433
64.0,209.0,1004.2504272460938,-0.8223529424704155,2.825127807401638,-0.323922086313651,1.937577607926971,-0.7880478165526897,-0.5658922756132105,1.2049866790758093,0.2624683225465503,3.2458834880441487,0.9881096602322688
64.0,209.0,1005.768310546875,1.5999854791936896,2.9805356758612893,-0.224463190705871,3.807145392204087,-0.3379384159359995,1.0087144864956603,0.8161970981207121,-0.0299745068515237,3.525817858828421,1.6851147134922917
64.0,210.0,1004.6443481445312,0.6900176227674764,3.063074350782302,-0.3302721781170479,3.0126561550720083,-0.1976159951512532,1.5970259768578052,1.2511792713171723,-0.0167520924344081,3.4265898532482377,1.5636003792452855
64.0,210.0,1004.2421264648438,1.1090451639676264,3.063170278295987,-0.1754780434512142,3.5433184929382966,-0.1568456031498367,1.0766389807596008,1.0528787249669178,-0.0171620058962041,3.1145081813601543,1.5893554756452115
64.0,210.0,1006.1292724609376,0.8825330645131402,3.064174342687368,-0.2362635771631851,3.582316996030628,-0.2074679037536006,0.9559810891053128,1.0531749231574068,-0.0434490340044395,3.286294651604756,2.3253331241426074
64.0,210.0,1005.7072143554688,1.6491448804843336,2.9104453120023,-0.2376035463302053,3.615676320374159,-0.5459213406507523,1.0802436756395946,1.0229389087533642,-0.0226071327225542,3.134768809825729,1.4551102740604491
64.0,210.0,1005.2555541992188,-0.5037094802039921,3.707585390221884,-0.3280569768488796,3.321070462527059,0.979043172621886,-0.4155761280008436,0.9565504599200948,0.2951346271246178,3.295787014291044,2.1819067114242974
64.0,210.0,1006.83154296875,1.5265036097584397,2.4688393553651458,-0.2193779993269236,3.456649131017686,-0.280184533111481,1.4322115030166764,0.0073984864598439,0.0552709621325861,2.764100911123255,1.699477136905433
64.0,210.0,1006.2119140625,0.4893625390202833,1.7795423029239368,-0.2283334970089545,3.1277989280704825,0.4981169607027755,1.141197769335064,2.5146578201478693,1.975507430672696,4.311031517865723,2.0922100116751228
64.0,210.0,1005.1494140625,1.4267671879387,2.82151791963309,-0.2050135975394147,3.599402345635524,-0.212234014229664,1.0699343377498252,1.054124327480299,-0.0348381047181509,3.2384919490320403,1.683330061310487
64.0,210.0,1005.474853515625,1.5026949966969567,4.303640589644998,0.0467183102294996,3.508585978273294,-0.276222544546385,1.2632585220760255,0.9839023829757484,0.4548566034085533,3.319979299343642,1.681623450852277
64.0,210.0,1004.5355224609376,-0.2067583177486083,2.156645823399848,1.1237471826284795,3.780946817479548,-0.5114493991580722,1.3470285072754011,1.5426076556614716,0.9251629364195506,3.6326501297850458,1.193605314089168
64.0,210.0,1005.1493530273438,0.5735184706036716,3.028423329307017,0.2644622216036731,2.659398374348958,0.2306337810705419,1.0125999917583286,1.1341537852403114,0.5087035841895886,3.226086612326376,1.548830647479367
64.0,210.0,1004.7117919921876,0.4052530103725722,2.862964791291889,1.0244185980793992,1.6185629550949447,0.0861167524434486,0.806110362194968,0.5149989619430992,0.0762824622613271,3.306353246449835,1.6419964791765842
64.0,210.0,1005.585205078125,1.4441076734521072,3.066111509674269,0.0067028297138759,3.194813058276394,-0.2495793018936137,1.1591742150332562,1.047291772061316,-0.0635626710663064,3.2934046480925203,1.7277033081006632
64.0,210.0,1004.95849609375,0.9162956780313632,2.1247201074083826,0.0379144096914144,3.0493734156772465,-0.204541723945408,1.0866278545155783,1.081534562537653,-0.1426858802547873,2.5531626479271203,1.6834925846586402
64.0,210.0,1003.9569702148438,0.448016906340041,3.105722986450256,0.8138035866923863,3.0955404770734902,0.2620725015799733,1.6869868466778326,0.0600023277914734,0.2622416693067444,3.1208073658522064,1.5478276998793208
64.0,210.0,1005.9080810546876,1.0513515896295955,3.0324479004866207,-0.1399893757068982,2.5909601277576697,-0.1207554487964864,2.5126882206643253,1.1607896320933913,0.180815057255496,3.251736532375584,2.58552590355996
64.0,210.0,1005.7649536132812,0.2825466944237913,3.223371955913502,-1.130107795435179,3.475165291581171,-1.048330892200188,0.6773142097574366,1.7224453178602437,-0.0116344510771347,2.978858171781275,1.664112733334867
64.0,210.0,1003.8233642578124,1.028523366259821,3.0628461474330293,-0.3204188298828894,3.0167776901382988,0.2647472536681213,1.306874930918926,0.9514498344110252,-0.5399432597472117,3.348110656193866,0.8965220619264871
64.0,210.0,1006.2741088867188,1.643031542836416,3.606370926934152,-0.6934784640503268,3.544777025413626,-0.1168117638030309,0.939111865717292,1.235370936060419,0.8014975999324441,3.270795648100955,1.6707495569788469
64.0,210.0,1005.4312744140624,1.3627715738376884,3.076635121501396,-0.2203183241854567,3.1897560510402903,-0.4507563945197057,1.1522013466208365,1.072078304572779,-0.0715777010715543,3.2997649430028133,1.6650114468654638
64.0,210.0,1006.1286010742188,1.5630251164579407,3.034072154337606,-0.2144607478813976,3.3747890166807086,-0.1840946200972616,1.0834848120091078,1.505132191142844,0.0986427251527393,3.2971237436003165,1.6407078622033984
64.0,210.0,1004.8368530273438,-0.0192859539180938,3.1458012448024646,-0.4052589456220559,3.5837623621294377,-0.4446218579421889,1.004306573519272,1.0674916208430016,-0.1473208806064043,4.659302750457305,1.266183010783346
64.0,210.0,1005.0035400390624,1.488088734200528,3.2964916798764268,-0.081613556681665,3.4931910742310563,-0.4795947022471148,1.19443031097595,1.5983254058784726,0.3030366300005376,3.1093375136026897,1.3517079212642986
64.0,210.0,1005.59716796875,0.8422960777773174,3.0348209215701183,-0.2311176520887816,3.530445462000517,0.731073415144617,1.0838871087870037,1.0526527931079228,-0.2789778063184201,3.525442996103043,1.9314441196361605
64.0,210.0,1005.1682739257812,0.4758226699530498,2.725912301651685,-0.0230184400084026,3.5041163169939864,-0.2839688026094656,0.98246182909671,0.7814411067738086,0.0567855685067581,3.2908997596538847,1.3640380101297185
64.0,210.0,1004.932861328125,1.5796322669745138,2.974669102036052,-0.2759972217390695,3.567574034001228,-0.2093543612178015,1.4940440693796724,1.055340177568717,-0.0056815911348413,3.322450316094878,2.2801882162059304
64.0,210.0,1005.4376220703124,1.4939369051591875,3.208578143175042,-0.0838875551827738,3.6527902052474297,-0.0677512366808728,2.1295316682877434,1.0280783661595605,-0.0117743859456704,3.334761595860714,1.7120512362595308
64.0,210.0,1005.9476318359376,0.0416259073064684,3.056620648095169,0.9059087932371556,3.541676985417584,-0.4558259587305865,-0.3150494321593007,1.05123482986649,-0.0994281152615595,3.238383279985208,1.6565234082160285
64.0,210.0,1005.81201171875,1.0493680198447488,3.1481788145602274,-0.3742052874168526,1.7340138049668434,0.0318673716322229,0.8640905123034281,1.2404658485720614,-0.0193011184880681,2.7865877149951315,1.7316496760128115
64.0,210.0,1004.924560546875,1.3902787656971398,3.2388825019148166,-0.206591284257351,2.6835356447268124,-0.2393013169250669,1.0825663808182378,0.7880722208517016,0.1086941866441624,3.760609960660497,1.5499190461382142
64.0,210.0,1003.884033203125,1.1425112649696187,3.065090117718845,0.592860107788608,2.8071972518327133,0.2549808842303713,0.7688590957311772,1.1434486482266086,0.1774592781213724,3.2904317271738885,1.6652367097735672
64.0,210.0,1004.8756713867188,1.803103039357084,3.04969122379482,-0.2380855070972431,3.544222673085715,-0.3675432124331079,1.0049334701620785,1.0915745130618049,-0.0166428366782459,3.286393579044508,1.7128181502425668
64.0,210.0,1005.5949096679688,1.065741447403239,3.566321993171797,-0.1722097588879127,3.335195644635442,0.4153135222526197,1.6432684793938577,1.2308026718224587,0.3065238812510272,3.32453208933479,1.4181087479272612
64.0,210.0,1005.1708984375,1.5387374172758588,3.0630905424895096,-0.2761169812147975,3.539551483750204,-0.0710913967583387,1.0864629386437223,1.0432566156141505,0.0406253156605319,3.3703392304127733,1.6847979903288934
64.0,210.0,1004.3433227539062,1.5246637626108075,2.588764633984187,-0.2247483509817702,3.541791433209113,-0.2094105942329443,0.0900981966808316,1.4472220790014578,0.3634141441016041,3.275517642189521,1.677631713184814
64.0,210.0,1006.2902221679688,-0.4251081873792355,3.285807122763265,-0.1892787533432827,2.527234148491948,-0.6010386156964528,0.6565171337625719,1.76275366174798,-0.0125229395337214,3.152359389102193,1.536172754489335
64.0,210.0,1002.565185546875,0.5472914493255665,3.366882117201061,1.3060013984334584,1.9325170226020087,-1.0074251950736448,0.7432223534795421,1.6951969237110474,0.1334456915648295,3.316198941140461,1.659375229627378
64.0,210.0,1006.7476806640624,1.3783292661069166,2.227281756843792,0.7486796121921748,2.3676098445669496,-0.4352187250238886,0.1295667694666509,1.2582478032152908,0.9678886220425788,1.546052822985894,1.7088008776725607
64.0,210.0,1003.6841430664062,1.5264166200797986,3.063097861613356,-0.215819897253269,3.5490497273888275,-0.2048867388282806,1.0826619122252867,1.0511392207255632,-0.0170243374408754,3.2973942147249127,1.6821927523441609
64.0,210.0,1005.0227661132812,1.1090167985935704,3.054929262949412,0.2138404591139139,3.3785257770175283,-0.2062982807170551,0.6081492878130935,1.0163426512361524,-0.0348229360837541,3.2931519023315508,1.7331119502206431
64.0,210.0,1006.3912353515624,1.0823124156003283,3.145532408020725,0.0937498638335725,4.3492484902596935,-0.983369492477124,0.3045399617600217,1.0355153888892177,-0.6035785196627739,3.47882371336145,1.9749920545649893
64.0,210.0,1003.7677001953124,0.9753379059727132,3.027481911426474,0.8914709442373026,3.6385006360362526,-0.1936568623912141,0.9354252219936228,1.0515023454212475,1.5844169383747184,3.3013099988549235,1.6821957420369034
64.0,210.0,1005.7315063476562,1.5396689441273124,3.0386942734840274,0.0727790596694881,3.99653790662412,-0.2180394714265182,1.1227822176659112,0.9898665587735348,-0.0161734394273001,3.292559616599718,1.7283088665121291
64.0,210.0,1005.9786376953124,1.1755166225902458,3.0139295819900664,-0.2417305383366287,3.616814653335077,-0.2729520402836232,1.8592848557108288,1.1177652924446315,0.1211451494947978,3.912459696901169,2.2316448068592054
64.0,210.0,1004.7403564453124,0.4804166552562906,3.142058809388116,-0.507253232726782,3.78275224637308,-0.5671588827166028,1.1261544357254607,1.4122039073154182,0.5007209311294231,3.503301094810195,1.926829920271378
64.0,210.0,1004.5214233398438,1.3925082887281215,3.065088985864282,-0.1686798461004562,2.4937664364779137,-0.2246521629870259,1.0573601922845028,1.0844478999456344,-0.8866334099558765,3.2654268773896447,1.6563374701400866
64.0,210.0,1006.101806640625,1.5145614614356997,2.994643314133276,-0.4385238738008652,2.6498988515969346,-0.2204737755628775,1.1219320992016055,0.99350013477897,-0.0190371027451072,3.134156782158529,1.6797391789481235
64.0,210.0,1005.5848999023438,-0.4976473021030942,3.419951677935696,-0.3086301958483286,3.870154605804175,-1.1699164176837953,1.6993185462984577,0.8701808901365833,0.0028869377323087,3.427754210534899,1.6924904654891433
64.0,210.0,1004.2504272460938,-0.8223529424704155,2.825127807401638,-0.323922086313651,1.937577607926971,-0.7880478165526897,-0.5658922756132105,1.2049866790758093,0.2624683225465503,3.2458834880441487,0.9881096602322688
64.0,210.0,1005.768310546875,1.5999854791936896,2.9805356758612893,-0.224463190705871,3.807145392204087,-0.3379384159359995,1.0087144864956603,0.8161970981207121,-0.0299745068515237,3.525817858828421,1.6851147134922917
64.0,211.0,1004.6443481445312,0.6900176227674764,3.063074350782302,-0.3302721781170479,3.0126561550720083,-0.1976159951512532,1.5970259768578052,1.2511792713171723,-0.0167520924344081,3.4265898532482377,1.5636003792452855
64.0,211.0,1004.2421264648438,1.1090451639676264,3.063170278295987,-0.1754780434512142,3.5433184929382966,-0.1568456031498367,1.0766389807596008,1.0528787249669178,-0.0171620058962041,3.1145081813601543,1.5893554756452115
64.0,211.0,1006.1292724609376,0.8825330645131402,3.064174342687368,-0.2362635771631851,3.582316996030628,-0.2074679037536006,0.9559810891053128,1.0531749231574068,-0.0434490340044395,3.286294651604756,2.3253331241426074
64.0,211.0,1005.7072143554688,1.6491448804843336,2.9104453120023,-0.2376035463302053,3.615676320374159,-0.5459213406507523,1.0802436756395946,1.0229389087533642,-0.0226071327225542,3.134768809825729,1.4551102740604491
64.0,211.0,1005.2555541992188,-0.5037094802039921,3.707585390221884,-0.3280569768488796,3.321070462527059,0.979043172621886,-0.4155761280008436,0.9565504599200948,0.2951346271246178,3.295787014291044,2.1819067114242974
64.0,211.0,1006.83154296875,1.5265036097584397,2.4688393553651458,-0.2193779993269236,3.456649131017686,-0.280184533111481,1.4322115030166764,0.0073984864598439,0.0552709621325861,2.764100911123255,1.699477136905433
64.0,211.0,1006.2119140625,0.4893625390202833,1.7795423029239368,-0.2283334970089545,3.1277989280704825,0.4981169607027755,1.141197769335064,2.5146578201478693,1.975507430672696,4.311031517865723,2.0922100116751228
64.0,211.0,1005.1494140625,1.4267671879387,2.82151791963309,-0.2050135975394147,3.599402345635524,-0.212234014229664,1.0699343377498252,1.054124327480299,-0.0348381047181509,3.2384919490320403,1.683330061310487
64.0,211.0,1005.474853515625,1.5026949966969567,4.303640589644998,0.0467183102294996,3.508585978273294,-0.276222544546385,1.2632585220760255,0.9839023829757484,0.4548566034085533,3.319979299343642,1.681623450852277
64.0,211.0,1004.5355224609376,-0.2067583177486083,2.156645823399848,1.1237471826284795,3.780946817479548,-0.5114493991580722,1.3470285072754011,1.5426076556614716,0.9251629364195506,3.6326501297850458,1.193605314089168
64.0,211.0,1004.0458984375,0.6627964073101363,1.902544155917261,1.7356517264199556,1.1276967507837976,-0.9532319298265536,0.6325625002596181,1.4181961809212862,1.2571856093798428,3.247627624338968,0.7396376473821458
64.0,211.0,1004.7117919921876,0.4052530103725722,2.862964791291889,1.0244185980793992,1.6185629550949447,0.0861167524434486,0.806110362194968,0.5149989619430992,0.0762824622613271,3.306353246449835,1.6419964791765842
64.0,211.0,1005.585205078125,1.4441076734521072,3.066111509674269,0.0067028297138759,3.194813058276394,-0.2495793018936137,1.1591742150332562,1.047291772061316,-0.0635626710663064,3.2934046480925203,1.7277033081006632
64.0,211.0,1004.95849609375,0.9162956780313632,2.1247201074083826,0.0379144096914144,3.0493734156772465,-0.204541723945408,1.0866278545155783,1.081534562537653,-0.1426858802547873,2.5531626479271203,1.6834925846586402
64.0,211.0,1003.9569702148438,0.448016906340041,3.105722986450256,0.8138035866923863,3.0955404770734902,0.2620725015799733,1.6869868466778326,0.0600023277914734,0.2622416693067444,3.1208073658522064,1.5478276998793208
64.0,211.0,1005.9080810546876,1.0513515896295955,3.0324479004866207,-0.1399893757068982,2.5909601277576697,-0.1207554487964864,2.5126882206643253,1.1607896320933913,0.180815057255496,3.251736532375584,2.58552590355996
64.0,211.0,1005.7649536132812,0.2825466944237913,3.223371955913502,-1.130107795435179,3.475165291581171,-1.048330892200188,0.6773142097574366,1.7224453178602437,-0.0116344510771347,2.978858171781275,1.664112733334867
64.0,211.0,1003.8233642578124,1.028523366259821,3.0628461474330293,-0.3204188298828894,3.0167776901382988,0.2647472536681213,1.306874930918926,0.9514498344110252,-0.5399432597472117,3.348110656193866,0.8965220619264871
64.0,211.0,1006.2741088867188,1.643031542836416,3.606370926934152,-0.6934784640503268,3.544777025413626,-0.1168117638030309,0.939111865717292,1.235370936060419,0.8014975999324441,3.270795648100955,1.6707495569788469
64.0,211.0,1005.4312744140624,1.3627715738376884,3.076635121501396,-0.2203183241854567,3.1897560510402903,-0.4507563945197057,1.1522013466208365,1.072078304572779,-0.0715777010715543,3.2997649430028133,1.6650114468654638
64.0,211.0,1006.1286010742188,1.5630251164579407,3.034072154337606,-0.2144607478813976,3.3747890166807086,-0.1840946200972616,1.0834848120091078,1.505132191142844,0.0986427251527393,3.2971237436003165,1.6407078622033984
64.0,211.0,1004.8368530273438,-0.0192859539180938,3.1458012448024646,-0.4052589456220559,3.5837623621294377,-0.4446218579421889,1.004306573519272,1.0674916208430016,-0.1473208806064043,4.659302750457305,1.266183010783346
64.0,211.0,1005.0035400390624,1.488088734200528,3.2964916798764268,-0.081613556681665,3.4931910742310563,-0.4795947022471148,1.19443031097595,1.5983254058784726,0.3030366300005376,3.1093375136026897,1.3517079212642986
64.0,211.0,1005.59716796875,0.8422960777773174,3.0348209215701183,-0.2311176520887816,3.530445462000517,0.731073415144617,1.0838871087870037,1.0526527931079228,-0.2789778063184201,3.525442996103043,1.9314441196361605
64.0,211.0,1005.1682739257812,0.4758226699530498,2.725912301651685,-0.0230184400084026,3.5041163169939864,-0.2839688026094656,0.98246182909671,0.7814411067738086,0.0567855685067581,3.2908997596538847,1.3640380101297185
64.0,211.0,1004.932861328125,1.5796322669745138,2.974669102036052,-0.2759972217390695,3.567574034001228,-0.2093543612178015,1.4940440693796724,1.055340177568717,-0.0056815911348413,3.322450316094878,2.2801882162059304
64.0,211.0,1005.4376220703124,1.4939369051591875,3.208578143175042,-0.0838875551827738,3.6527902052474297,-0.0677512366808728,2.1295316682877434,1.0280783661595605,-0.0117743859456704,3.334761595860714,1.7120512362595308
64.0,211.0,1005.9476318359376,0.0416259073064684,3.056620648095169,0.9059087932371556,3.541676985417584,-0.4558259587305865,-0.3150494321593007,1.05123482986649,-0.0994281152615595,3.238383279985208,1.6565234082160285
64.0,211.0,1005.81201171875,1.0493680198447488,3.1481788145602274,-0.3742052874168526,1.7340138049668434,0.0318673716322229,0.8640905123034281,1.2404658485720614,-0.0193011184880681,2.7865877149951315,1.7316496760128115
64.0,211.0,1004.924560546875,1.3902787656971398,3.2388825019148166,-0.206591284257351,2.6835356447268124,-0.2393013169250669,1.0825663808182378,0.7880722208517016,0.1086941866441624,3.760609960660497,1.5499190461382142
64.0,211.0,1003.884033203125,1.1425112649696187,3.065090117718845,0.592860107788608,2.8071972518327133,0.2549808842303713,0.7688590957311772,1.1434486482266086,0.1774592781213724,3.2904317271738885,1.6652367097735672
64.0,211.0,1004.8756713867188,1.803103039357084,3.04969122379482,-0.2380855070972431,3.544222673085715,-0.3675432124331079,1.0049334701620785,1.0915745130618049,-0.0166428366782459,3.286393579044508,1.7128181502425668
64.0,211.0,1005.5949096679688,1.065741447403239,3.566321993171797,-0.1722097588879127,3.335195644635442,0.4153135222526197,1.6432684793938577,1.2308026718224587,0.3065238812510272,3.32453208933479,1.4181087479272612
64.0,211.0,1005.1708984375,1.5387374172758588,3.0630905424895096,-0.2761169812147975,3.539551483750204,-0.0710913967583387,1.0864629386437223,1.0432566156141505,0.0406253156605319,3.3703392304127733,1.6847979903288934
64.0,211.0,1004.3433227539062,1.5246637626108075,2.588764633984187,-0.2247483509817702,3.541791433209113,-0.2094105942329443,0.0900981966808316,1.4472220790014578,0.3634141441016041,3.275517642189521,1.677631713184814
64.0,211.0,1006.2902221679688,-0.4251081873792355,3.285807122763265,-0.1892787533432827,2.527234148491948,-0.6010386156964528,0.6565171337625719,1.76275366174798,-0.0125229395337214,3.152359389102193,1.536172754489335
64.0,211.0,1002.565185546875,0.5472914493255665,3.366882117201061,1.3060013984334584,1.9325170226020087,-1.0074251950736448,0.7432223534795421,1.6951969237110474,0.1334456915648295,3.316198941140461,1.659375229627378
64.0,211.0,1006.7476806640624,1.3783292661069166,2.227281756843792,0.7486796121921748,2.3676098445669496,-0.4352187250238886,0.1295667694666509,1.2582478032152908,0.9678886220425788,1.546052822985894,1.7088008776725607
64.0,211.0,1003.6841430664062,1.5264166200797986,3.063097861613356,-0.215819897253269,3.5490497273888275,-0.2048867388282806,1.0826619122252867,1.0511392207255632,-0.0170243374408754,3.2973942147249127,1.6821927523441609
64.0,211.0,1005.0227661132812,1.1090167985935704,3.054929262949412,0.2138404591139139,3.3785257770175283,-0.2062982807170551,0.6081492878130935,1.0163426512361524,-0.0348229360837541,3.2931519023315508,1.7331119502206431
64.0,211.0,1006.3912353515624,1.0823124156003283,3.145532408020725,0.0937498638335725,4.3492484902596935,-0.983369492477124,0.3045399617600217,1.0355153888892177,-0.6035785196627739,3.47882371336145,1.9749920545649893
64.0,211.0,1003.7677001953124,0.9753379059727132,3.027481911426474,0.8914709442373026,3.6385006360362526,-0.1936568623912141,0.9354252219936228,1.0515023454212475,1.5844169383747184,3.3013099988549235,1.6821957420369034
64.0,211.0,1005.7315063476562,1.5396689441273124,3.0386942734840274,0.0727790596694881,3.99653790662412,-0.2180394714265182,1.1227822176659112,0.9898665587735348,-0.0161734394273001,3.292559616599718,1.7283088665121291
64.0,211.0,1005.9786376953124,1.1755166225902458,3.0139295819900664,-0.2417305383366287,3.616814653335077,-0.2729520402836232,1.8592848557108288,1.1177652924446315,0.1211451494947978,3.912459696901169,2.2316448068592054
64.0,211.0,1004.7403564453124,0.4804166552562906,3.142058809388116,-0.507253232726782,3.78275224637308,-0.5671588827166028,1.1261544357254607,1.4122039073154182,0.5007209311294231,3.503301094810195,1.926829920271378
64.0,211.0,1004.5214233398438,1.3925082887281215,3.065088985864282,-0.1686798461004562,2.4937664364779137,-0.2246521629870259,1.0573601922845028,1.0844478999456344,-0.8866334099558765,3.2654268773896447,1.6563374701400866
64.0,211.0,1006.101806640625,1.5145614614356997,2.994643314133276,-0.4385238738008652,2.6498988515969346,-0.2204737755628775,1.1219320992016055,0.99350013477897,-0.0190371027451072,3.134156782158529,1.6797391789481235
64.0,211.0,1005.5848999023438,-0.4976473021030942,3.419951677935696,-0.3086301958483286,3.870154605804175,-1.1699164176837953,1.6993185462984577,0.8701808901365833,0.0028869377323087,3.427754210534899,1.6924904654891433
64.0,211.0,1004.2504272460938,-0.8223529424704155,2.825127807401638,-0.323922086313651,1.937577607926971,-0.7880478165526897,-0.5658922756132105,1.2049866790758093,0.2624683225465503,3.2458834880441487,0.9881096602322688
64.0,211.0,1005.768310546875,1.5999854791936896,2.9805356758612893,-0.224463190705871,3.807145392204087,-0.3379384159359995,1.0087144864956603,0.8161970981207121,-0.0299745068515237,3.525817858828421,1.6851147134922917
64.0,212.0,1004.6443481445312,0.6900176227674764,3.063074350782302,-0.3302721781170479,3.0126561550720083,-0.1976159951512532,1.5970259768578052,1.2511792713171723,-0.0167520924344081,3.4265898532482377,1.5636003792452855
64.0,212.0,1004.2421264648438,1.1090451639676264,3.063170278295987,-0.1754780434512142,3.5433184929382966,-0.1568456031498367,1.0766389807596008,1.0528787249669178,-0.0171620058962041,3.1145081813601543,1.5893554756452115
64.0,212.0,1006.1292724609376,0.8825330645131402,3.064174342687368,-0.2362635771631851,3.582316996030628,-0.2074679037536006,0.9559810891053128,1.0531749231574068,-0.0434490340044395,3.286294651604756,2.3253331241426074
64.0,212.0,1005.7072143554688,1.6491448804843336,2.9104453120023,-0.2376035463302053,3.615676320374159,-0.5459213406507523,1.0802436756395946,1.0229389087533642,-0.0226071327225542,3.134768809825729,1.4551102740604491
64.0,212.0,1005.2555541992188,-0.5037094802039921,3.707585390221884,-0.3280569768488796,3.321070462527059,0.979043172621886,-0.4155761280008436,0.9565504599200948,0.2951346271246178,3.295787014291044,2.1819067114242974
64.0,212.0,1006.83154296875,1.5265036097584397,2.4688393553651458,-0.2193779993269236,3.456649131017686,-0.280184533111481,1.4322115030166764,0.0073984864598439,0.0552709621325861,2.764100911123255,1.699477136905433
64.0,212.0,1006.2119140625,0.4893625390202833,1.7795423029239368,-0.2283334970089545,3.1277989280704825,0.4981169607027755,1.141197769335064,2.5146578201478693,1.975507430672696,4.311031517865723,2.0922100116751228
64.0,212.0,1005.1494140625,1.4267671879387,2.82151791963309,-0.2050135975394147,3.599402345635524,-0.212234014229664,1.0699343377498252,1.054124327480299,-0.0348381047181509,3.2384919490320403,1.683330061310487
64.0,212.0,1005.474853515625,1.5026949966969567,4.303640589644998,0.0467183102294996,3.508585978273294,-0.276222544546385,1.2632585220760255,0.9839023829757484,0.4548566034085533,3.319979299343642,1.681623450852277
64.0,212.0,1004.5355224609376,-0.2067583177486083,2.156645823399848,1.1237471826284795,3.780946817479548,-0.5114493991580722,1.3470285072754011,1.5426076556614716,0.9251629364195506,3.6326501297850458,1.193605314089168
64.0,212.0,1004.0458984375,0.6627964073101363,1.902544155917261,1.7356517264199556,1.1276967507837976,-0.9532319298265536,0.6325625002596181,1.4181961809212862,1.2571856093798428,3.247627624338968,0.7396376473821458
64.0,212.0,1004.7117919921876,0.4052530103725722,2.862964791291889,1.0244185980793992,1.6185629550949447,0.0861167524434486,0.806110362194968,0.5149989619430992,0.0762824622613271,3.306353246449835,1.6419964791765842
64.0,212.0,1005.585205078125,1.4441076734521072,3.066111509674269,0.0067028297138759,3.194813058276394,-0.2495793018936137,1.1591742150332562,1.047291772061316,-0.0635626710663064,3.2934046480925203,1.7277033081006632
64.0,212.0,1004.95849609375,0.9162956780313632,2.1247201074083826,0.0379144096914144,3.0493734156772465,-0.204541723945408,1.0866278545155783,1.081534562537653,-0.1426858802547873,2.5531626479271203,1.6834925846586402
64.0,212.0,1003.9569702148438,0.448016906340041,3.105722986450256,0.8138035866923863,3.0955404770734902,0.2620725015799733,1.6869868466778326,0.0600023277914734,0.2622416693067444,3.1208073658522064,1.5478276998793208
64.0,212.0,1005.9080810546876,1.0513515896295955,3.0324479004866207,-0.1399893757068982,2.5909601277576697,-0.1207554487964864,2.5126882206643253,1.1607896320933913,0.180815057255496,3.251736532375584,2.58552590355996
64.0,212.0,1005.7649536132812,0.2825466944237913,3.223371955913502,-1.130107795435179,3.475165291581171,-1.048330892200188,0.6773142097574366,1.7224453178602437,-0.0116344510771347,2.978858171781275,1.664112733334867
64.0,212.0,1003.8233642578124,1.028523366259821,3.0628461474330293,-0.3204188298828894,3.0167776901382988,0.2647472536681213,1.306874930918926,0.9514498344110252,-0.5399432597472117,3.348110656193866,0.8965220619264871
64.0,212.0,1006.2741088867188,1.643031542836416,3.606370926934152,-0.6934784640503268,3.544777025413626,-0.1168117638030309,0.939111865717292,1.235370936060419,0.8014975999324441,3.270795648100955,1.6707495569788469
64.0,212.0,1005.4312744140624,1.3627715738376884,3.076635121501396,-0.2203183241854567,3.1897560510402903,-0.4507563945197057,1.1522013466208365,1.072078304572779,-0.0715777010715543,3.2997649430028133,1.6650114468654638
64.0,212.0,1006.1286010742188,1.5630251164579407,3.034072154337606,-0.2144607478813976,3.3747890166807086,-0.1840946200972616,1.0834848120091078,1.505132191142844,0.0986427251527393,3.2971237436003165,1.6407078622033984
64.0,212.0,1004.8368530273438,-0.0192859539180938,3.1458012448024646,-0.4052589456220559,3.5837623621294377,-0.4446218579421889,1.004306573519272,1.0674916208430016,-0.1473208806064043,4.659302750457305,1.266183010783346
64.0,212.0,1005.0035400390624,1.488088734200528,3.2964916798764268,-0.081613556681665,3.4931910742310563,-0.4795947022471148,1.19443031097595,1.5983254058784726,0.3030366300005376,3.1093375136026897,1.3517079212642986
64.0,212.0,1005.59716796875,0.8422960777773174,3.0348209215701183,-0.2311176520887816,3.530445462000517,0.731073415144617,1.0838871087870037,1.0526527931079228,-0.2789778063184201,3.525442996103043,1.9314441196361605
64.0,212.0,1005.1682739257812,0.4758226699530498,2.725912301651685,-0.0230184400084026,3.5041163169939864,-0.2839688026094656,0.98246182909671,0.7814411067738086,0.0567855685067581,3.2908997596538847,1.3640380101297185
64.0,212.0,1004.932861328125,1.5796322669745138,2.974669102036052,-0.2759972217390695,3.567574034001228,-0.2093543612178015,1.4940440693796724,1.055340177568717,-0.0056815911348413,3.322450316094878,2.2801882162059304
64.0,212.0,1005.4376220703124,1.4939369051591875,3.208578143175042,-0.0838875551827738,3.6527902052474297,-0.0677512366808728,2.1295316682877434,1.0280783661595605,-0.0117743859456704,3.334761595860714,1.7120512362595308
64.0,212.0,1005.9476318359376,0.0416259073064684,3.056620648095169,0.9059087932371556,3.541676985417584,-0.4558259587305865,-0.3150494321593007,1.05123482986649,-0.0994281152615595,3.238383279985208,1.6565234082160285
64.0,212.0,1005.81201171875,1.0493680198447488,3.1481788145602274,-0.3742052874168526,1.7340138049668434,0.0318673716322229,0.8640905123034281,1.2404658485720614,-0.0193011184880681,2.7865877149951315,1.7316496760128115
64.0,212.0,1004.924560546875,1.3902787656971398,3.2388825019148166,-0.206591284257351,2.6835356447268124,-0.2393013169250669,1.0825663808182378,0.7880722208517016,0.1086941866441624,3.760609960660497,1.5499190461382142
64.0,212.0,1003.884033203125,1.1425112649696187,3.065090117718845,0.592860107788608,2.8071972518327133,0.2549808842303713,0.7688590957311772,1.1434486482266086,0.1774592781213724,3.2904317271738885,1.6652367097735672
64.0,212.0,1004.8756713867188,1.803103039357084,3.04969122379482,-0.2380855070972431,3.544222673085715,-0.3675432124331079,1.0049334701620785,1.0915745130618049,-0.0166428366782459,3.286393579044508,1.7128181502425668
64.0,212.0,1005.5949096679688,1.065741447403239,3.566321993171797,-0.1722097588879127,3.335195644635442,0.4153135222526197,1.6432684793938577,1.2308026718224587,0.3065238812510272,3.32453208933479,1.4181087479272612
64.0,212.0,1005.1708984375,1.5387374172758588,3.0630905424895096,-0.2761169812147975,3.539551483750204,-0.0710913967583387,1.0864629386437223,1.0432566156141505,0.0406253156605319,3.3703392304127733,1.6847979903288934
64.0,212.0,1004.3433227539062,1.5246637626108075,2.588764633984187,-0.2247483509817702,3.541791433209113,-0.2094105942329443,0.0900981966808316,1.4472220790014578,0.3634141441016041,3.275517642189521,1.677631713184814
64.0,212.0,1006.2902221679688,-0.4251081873792355,3.285807122763265,-0.1892787533432827,2.527234148491948,-0.6010386156964528,0.6565171337625719,1.76275366174798,-0.0125229395337214,3.152359389102193,1.536172754489335
64.0,212.0,1002.565185546875,0.5472914493255665,3.366882117201061,1.3060013984334584,1.9325170226020087,-1.0074251950736448,0.7432223534795421,1.6951969237110474,0.1334456915648295,3.316198941140461,1.659375229627378
64.0,212.0,1006.7476806640624,1.3783292661069166,2.227281756843792,0.7486796121921748,2.3676098445669496,-0.4352187250238886,0.1295667694666509,1.2582478032152908,0.9678886220425788,1.546052822985894,1.7088008776725607
64.0,212.0,1003.6841430664062,1.5264166200797986,3.063097861613356,-0.215819897253269,3.5490497273888275,-0.2048867388282806,1.0826619122252867,1.0511392207255632,-0.0170243374408754,3.2973942147249127,1.6821927523441609
64.0,212.0,1005.0227661132812,1.1090167985935704,3.054929262949412,0.2138404591139139,3.3785257770175283,-0.2062982807170551,0.6081492878130935,1.0163426512361524,-0.0348229360837541,3.2931519023315508,1.7331119502206431
64.0,212.0,1006.3912353515624,1.0823124156003283,3.145532408020725,0.0937498638335725,4.3492484902596935,-0.983369492477124,0.3045399617600217,1.0355153888892177,-0.6035785196627739,3.47882371336145,1.9749920545649893
64.0,212.0,1003.7677001953124,0.9753379059727132,3.027481911426474,0.8914709442373026,3.6385006360362526,-0.1936568623912141,0.9354252219936228,1.0515023454212475,1.5844169383747184,3.3013099988549235,1.6821957420369034
64.0,212.0,1005.7315063476562,1.5396689441273124,3.0386942734840274,0.0727790596694881,3.99653790662412,-0.2180394714265182,1.1227822176659112,0.9898665587735348,-0.0161734394273001,3.292559616599718,1.7283088665121291
64.0,212.0,1005.9786376953124,1.1755166225902458,3.0139295819900664,-0.2417305383366287,3.616814653335077,-0.2729520402836232,1.8592848557108288,1.1177652924446315,0.1211451494947978,3.912459696901169,2.2316448068592054
64.0,212.0,1004.7403564453124,0.4804166552562906,3.142058809388116,-0.507253232726782,3.78275224637308,-0.5671588827166028,1.1261544357254607,1.4122039073154182,0.5007209311294231,3.503301094810195,1.926829920271378
64.0,212.0,1004.5214233398438,1.3925082887281215,3.065088985864282,-0.1686798461004562,2.4937664364779137,-0.2246521629870259,1.0573601922845028,1.0844478999456344,-0.8866334099558765,3.2654268773896447,1.6563374701400866
64.0,212.0,1006.101806640625,1.5145614614356997,2.994643314133276,-0.4385238738008652,2.6498988515969346,-0.2204737755628775,1.1219320992016055,0.99350013477897,-0.0190371027451072,3.134156782158529,1.6797391789481235
64.0,212.0,1005.5848999023438,-0.4976473021030942,3.419951677935696,-0.3086301958483286,3.870154605804175,-1.1699164176837953,1.6993185462984577,0.8701808901365833,0.0028869377323087,3.427754210534899,1.6924904654891433
64.0,212.0,1004.2504272460938,-0.8223529424704155,2.825127807401638,-0.323922086313651,1.937577607926971,-0.7880478165526897,-0.5658922756132105,1.2049866790758093,0.2624683225465503,3.2458834880441487,0.9881096602322688
64.0,212.0,1005.768310546875,1.5999854791936896,2.9805356758612893,-0.224463190705871,3.807145392204087,-0.3379384159359995,1.0087144864956603,0.8161970981207121,-0.0299745068515237,3.525817858828421,1.6851147134922917
64.0,213.0,1004.6443481445312,0.6900176227674764,3.063074350782302,-0.3302721781170479,3.0126561550720083,-0.1976159951512532,1.5970259768578052,1.2511792713171723,-0.0167520924344081,3.4265898532482377,1.5636003792452855
64.0,213.0,1004.2421264648438,1.1090451639676264,3.063170278295987,-0.1754780434512142,3.5433184929382966,-0.1568456031498367,1.0766389807596008,1.0528787249669178,-0.0171620058962041,3.1145081813601543,1.5893554756452115
64.0,213.0,1006.1292724609376,0.8825330645131402,3.064174342687368,-0.2362635771631851,3.582316996030628,-0.2074679037536006,0.9559810891053128,1.0531749231574068,-0.0434490340044395,3.286294651604756,2.3253331241426074
64.0,213.0,1005.7072143554688,1.6491448804843336,2.9104453120023,-0.2376035463302053,3.615676320374159,-0.5459213406507523,1.0802436756395946,1.0229389087533642,-0.0226071327225542,3.134768809825729,1.4551102740604491
64.0,213.0,1005.2555541992188,-0.5037094802039921,3.707585390221884,-0.3280569768488796,3.321070462527059,0.979043172621886,-0.4155761280008436,0.9565504599200948,0.2951346271246178,3.295787014291044,2.1819067114242974
64.0,213.0,1006.83154296875,1.5265036097584397,2.4688393553651458,-0.2193779993269236,3.456649131017686,-0.280184533111481,1.4322115030166764,0.0073984864598439,0.0552709621325861,2.764100911123255,1.699477136905433
64.0,213.0,1006.2119140625,0.4893625390202833,1.7795423029239368,-0.2283334970089545,3.1277989280704825,0.4981169607027755,1.141197769335064,2.5146578201478693,1.975507430672696,4.311031517865723,2.0922100116751228
64.0,213.0,1005.1494140625,1.4267671879387,2.82151791963309,-0.2050135975394147,3.599402345635524,-0.212234014229664,1.0699343377498252,1.054124327480299,-0.0348381047181509,3.2384919490320403,1.683330061310487
64.0,213.0,1005.474853515625,1.5026949966969567,4.303640589644998,0.0467183102294996,3.508585978273294,-0.276222544546385,1.2632585220760255,0.9839023829757484,0.4548566034085533,3.319979299343642,1.681623450852277
64.0,213.0,1004.5355224609376,-0.2067583177486083,2.156645823399848,1.1237471826284795,3.780946817479548,-0.5114493991580722,1.3470285072754011,1.5426076556614716,0.9251629364195506,3.6326501297850458,1.193605314089168
64.0,213.0,1004.0458984375,0.6627964073101363,1.902544155917261,1.7356517264199556,1.1276967507837976,-0.9532319298265536,0.6325625002596181,1.4181961809212862,1.2571856093798428,3.247627624338968,0.7396376473821458
64.0,213.0,1004.7117919921876,0.4052530103725722,2.862964791291889,1.0244185980793992,1.6185629550949447,0.0861167524434486,0.806110362194968,0.5149989619430992,0.0762824622613271,3.306353246449835,1.6419964791765842
64.0,213.0,1005.585205078125,1.4441076734521072,3.066111509674269,0.0067028297138759,3.194813058276394,-0.2495793018936137,1.1591742150332562,1.047291772061316,-0.0635626710663064,3.2934046480925203,1.7277033081006632
64.0,213.0,1004.95849609375,0.9162956780313632,2.1247201074083826,0.0379144096914144,3.0493734156772465,-0.204541723945408,1.0866278545155783,1.081534562537653,-0.1426858802547873,2.5531626479271203,1.6834925846586402
64.0,213.0,1003.9569702148438,0.448016906340041,3.105722986450256,0.8138035866923863,3.0955404770734902,0.2620725015799733,1.6869868466778326,0.0600023277914734,0.2622416693067444,3.1208073658522064,1.5478276998793208
64.0,213.0,1005.9080810546876,1.0513515896295955,3.0324479004866207,-0.1399893757068982,2.5909601277576697,-0.1207554487964864,2.5126882206643253,1.1607896320933913,0.180815057255496,3.251736532375584,2.58552590355996
64.0,213.0,1005.7649536132812,0.2825466944237913,3.223371955913502,-1.130107795435179,3.475165291581171,-1.048330892200188,0.6773142097574366,1.7224453178602437,-0.0116344510771347,2.978858171781275,1.664112733334867
64.0,213.0,1003.8233642578124,1.028523366259821,3.0628461474330293,-0.3204188298828894,3.0167776901382988,0.2647472536681213,1.306874930918926,0.9514498344110252,-0.5399432597472117,3.348110656193866,0.8965220619264871
64.0,213.0,1006.2741088867188,1.643031542836416,3.606370926934152,-0.6934784640503268,3.544777025413626,-0.1168117638030309,0.939111865717292,1.235370936060419,0.8014975999324441,3.270795648100955,1.6707495569788469
64.0,213.0,1005.4312744140624,1.3627715738376884,3.076635121501396,-0.2203183241854567,3.1897560510402903,-0.4507563945197057,1.1522013466208365,1.072078304572779,-0.0715777010715543,3.2997649430028133,1.6650114468654638
64.0,213.0,1006.1286010742188,1.5630251164579407,3.034072154337606,-0.2144607478813976,3.3747890166807086,-0.1840946200972616,1.0834848120091078,1.505132191142844,0.0986427251527393,3.2971237436003165,1.6407078622033984
64.0,213.0,1004.8368530273438,-0.0192859539180938,3.1458012448024646,-0.4052589456220559,3.5837623621294377,-0.4446218579421889,1.004306573519272,1.0674916208430016,-0.1473208806064043,4.659302750457305,1.266183010783346
64.0,213.0,1005.0035400390624,1.488088734200528,3.2964916798764268,-0.081613556681665,3.4931910742310563,-0.4795947022471148,1.19443031097595,1.5983254058784726,0.3030366300005376,3.1093375136026897,1.3517079212642986
64.0,213.0,1005.59716796875,0.8422960777773174,3.0348209215701183,-0.2311176520887816,3.530445462000517,0.731073415144617,1.0838871087870037,1.0526527931079228,-0.2789778063184201,3.525442996103043,1.9314441196361605
64.0,213.0,1005.1682739257812,0.4758226699530498,2.725912301651685,-0.0230184400084026,3.5041163169939864,-0.2839688026094656,0.98246182909671,0.7814411067738086,0.0567855685067581,3.2908997596538847,1.3640380101297185
64.0,213.0,1004.932861328125,1.5796322669745138,2.974669102036052,-0.2759972217390695,3.567574034001228,-0.2093543612178015,1.4940440693796724,1.055340177568717,-0.0056815911348413,3.322450316094878,2.2801882162059304
64.0,213.0,1005.4376220703124,1.4939369051591875,3.208578143175042,-0.0838875551827738,3.6527902052474297,-0.0677512366808728,2.1295316682877434,1.0280783661595605,-0.0117743859456704,3.334761595860714,1.7120512362595308
64.0,213.0,1005.9476318359376,0.0416259073064684,3.056620648095169,0.9059087932371556,3.541676985417584,-0.4558259587305865,-0.3150494321593007,1.05123482986649,-0.0994281152615595,3.238383279985208,1.6565234082160285
64.0,213.0,1005.81201171875,1.0493680198447488,3.1481788145602274,-0.3742052874168526,1.7340138049668434,0.0318673716322229,0.8640905123034281,1.2404658485720614,-0.0193011184880681,2.7865877149951315,1.7316496760128115
64.0,213.0,1004.924560546875,1.3902787656971398,3.2388825019148166,-0.206591284257351,2.6835356447268124,-0.2393013169250669,1.0825663808182378,0.7880722208517016,0.1086941866441624,3.760609960660497,1.5499190461382142
64.0,213.0,1003.884033203125,1.1425112649696187,3.065090117718845,0.592860107788608,2.8071972518327133,0.2549808842303713,0.7688590957311772,1.1434486482266086,0.1774592781213724,3.2904317271738885,1.6652367097735672
64.0,213.0,1004.8756713867188,1.803103039357084,3.04969122379482,-0.2380855070972431,3.544222673085715,-0.3675432124331079,1.0049334701620785,1.0915745130618049,-0.0166428366782459,3.286393579044508,1.7128181502425668
64.0,213.0,1005.5949096679688,1.065741447403239,3.566321993171797,-0.1722097588879127,3.335195644635442,0.4153135222526197,1.6432684793938577,1.2308026718224587,0.3065238812510272,3.32453208933479,1.4181087479272612
64.0,213.0,1005.1708984375,1.5387374172758588,3.0630905424895096,-0.2761169812147975,3.539551483750204,-0.0710913967583387,1.0864629386437223,1.0432566156141505,0.0406253156605319,3.3703392304127733,1.6847979903288934
64.0,213.0,1004.3433227539062,1.5246637626108075,2.588764633984187,-0.2247483509817702,3.541791433209113,-0.2094105942329443,0.0900981966808316,1.4472220790014578,0.3634141441016041,3.275517642189521,1.677631713184814
64.0,213.0,1006.2902221679688,-0.4251081873792355,3.285807122763265,-0.1892787533432827,2.527234148491948,-0.6010386156964528,0.6565171337625719,1.76275366174798,-0.0125229395337214,3.152359389102193,1.536172754489335
64.0,213.0,1002.565185546875,0.5472914493255665,3.366882117201061,1.3060013984334584,1.9325170226020087,-1.0074251950736448,0.7432223534795421,1.6951969237110474,0.1334456915648295,3.316198941140461,1.659375229627378
64.0,213.0,1006.7476806640624,1.3783292661069166,2.227281756843792,0.7486796121921748,2.3676098445669496,-0.4352187250238886,0.1295667694666509,1.2582478032152908,0.9678886220425788,1.546052822985894,1.7088008776725607
64.0,213.0,1003.6841430664062,1.5264166200797986,3.063097861613356,-0.215819897253269,3.5490497273888275,-0.2048867388282806,1.0826619122252867,1.0511392207255632,-0.0170243374408754,3.2973942147249127,1.6821927523441609
64.0,213.0,1005.0227661132812,1.1090167985935704,3.054929262949412,0.2138404591139139,3.3785257770175283,-0.2062982807170551,0.6081492878130935,1.0163426512361524,-0.0348229360837541,3.2931519023315508,1.7331119502206431
64.0,213.0,1006.3912353515624,1.0823124156003283,3.145532408020725,0.0937498638335725,4.3492484902596935,-0.983369492477124,0.3045399617600217,1.0355153888892177,-0.6035785196627739,3.47882371336145,1.9749920545649893
64.0,213.0,1003.7677001953124,0.9753379059727132,3.027481911426474,0.8914709442373026,3.6385006360362526,-0.1936568623912141,0.9354252219936228,1.0515023454212475,1.5844169383747184,3.3013099988549235,1.6821957420369034
64.0,213.0,1005.7315063476562,1.5396689441273124,3.0386942734840274,0.0727790596694881,3.99653790662412,-0.2180394714265182,1.1227822176659112,0.9898665587735348,-0.0161734394273001,3.292559616599718,1.7283088665121291
64.0,213.0,1005.9786376953124,1.1755166225902458,3.0139295819900664,-0.2417305383366287,3.616814653335077,-0.2729520402836232,1.8592848557108288,1.1177652924446315,0.1211451494947978,3.912459696901169,2.2316448068592054
64.0,213.0,1004.7403564453124,0.4804166552562906,3.142058809388116,-0.507253232726782,3.78275224637308,-0.5671588827166028,1.1261544357254607,1.4122039073154182,0.5007209311294231,3.503301094810195,1.926829920271378
64.0,213.0,1004.5214233398438,1.3925082887281215,3.065088985864282,-0.1686798461004562,2.4937664364779137,-0.2246521629870259,1.0573601922845028,1.0844478999456344,-0.8866334099558765,3.2654268773896447,1.6563374701400866
64.0,213.0,1006.101806640625,1.5145614614356997,2.994643314133276,-0.4385238738008652,2.6498988515969346,-0.2204737755628775,1.1219320992016055,0.99350013477897,-0.0190371027451072,3.134156782158529,1.6797391789481235
64.0,213.0,1005.5848999023438,-0.4976473021030942,3.419951677935696,-0.3086301958483286,3.870154605804175,-1.1699164176837953,1.6993185462984577,0.8701808901365833,0.0028869377323087,3.427754210534899,1.6924904654891433
64.0,213.0,1004.2504272460938,-0.8223529424704155,2.825127807401638,-0.323922086313651,1.937577607926971,-0.7880478165526897,-0.5658922756132105,1.2049866790758093,0.2624683225465503,3.2458834880441487,0.9881096602322688
64.0,213.0,1005.768310546875,1.5999854791936896,2.9805356758612893,-0.224463190705871,3.807145392204087,-0.3379384159359995,1.0087144864956603,0.8161970981207121,-0.0299745068515237,3.525817858828421,1.6851147134922917
64.0,214.0,1004.6443481445312,0.6900176227674764,3.063074350782302,-0.3302721781170479,3.0126561550720083,-0.1976159951512532,1.5970259768578052,1.2511792713171723,-0.0167520924344081,3.4265898532482377,1.5636003792452855
64.0,214.0,1004.2421264648438,1.1090451639676264,3.063170278295987,-0.1754780434512142,3.5433184929382966,-0.1568456031498367,1.0766389807596008,1.0528787249669178,-0.0171620058962041,3.1145081813601543,1.5893554756452115
64.0,214.0,1006.1292724609376,0.8825330645131402,3.064174342687368,-0.2362635771631851,3.582316996030628,-0.2074679037536006,0.9559810891053128,1.0531749231574068,-0.0434490340044395,3.286294651604756,2.3253331241426074
64.0,214.0,1005.7072143554688,1.6491448804843336,2.9104453120023,-0.2376035463302053,3.615676320374159,-0.5459213406507523,1.0802436756395946,1.0229389087533642,-0.0226071327225542,3.134768809825729,1.4551102740604491
64.0,214.0,1005.2555541992188,-0.5037094802039921,3.707585390221884,-0.3280569768488796,3.321070462527059,0.979043172621886,-0.4155761280008436,0.9565504599200948,0.2951346271246178,3.295787014291044,2.1819067114242974
64.0,214.0,1006.83154296875,1.5265036097584397,2.4688393553651458,-0.2193779993269236,3.456649131017686,-0.280184533111481,1.4322115030166764,0.0073984864598439,0.0552709621325861,2.764100911123255,1.699477136905433
64.0,214.0,1006.2119140625,0.4893625390202833,1.7795423029239368,-0.2283334970089545,3.1277989280704825,0.4981169607027755,1.141197769335064,2.5146578201478693,1.975507430672696,4.311031517865723,2.0922100116751228
64.0,214.0,1005.1494140625,1.4267671879387,2.82151791963309,-0.2050135975394147,3.599402345635524,-0.212234014229664,1.0699343377498252,1.054124327480299,-0.0348381047181509,3.2384919490320403,1.683330061310487
64.0,214.0,1005.474853515625,1.5026949966969567,4.303640589644998,0.0467183102294996,3.508585978273294,-0.276222544546385,1.2632585220760255,0.9839023829757484,0.4548566034085533,3.319979299343642,1.681623450852277
64.0,214.0,1004.5355224609376,-0.2067583177486083,2.156645823399848,1.1237471826284795,3.780946817479548,-0.5114493991580722,1.3470285072754011,1.5426076556614716,0.9251629364195506,3.6326501297850458,1.193605314089168
64.0,214.0,1004.0458984375,0.6627964073101363,1.902544155917261,1.7356517264199556,1.1276967507837976,-0.9532319298265536,0.6325625002596181,1.4181961809212862,1.2571856093798428,3.247627624338968,0.7396376473821458
64.0,214.0,1004.7117919921876,0.4052530103725722,2.862964791291889,1.0244185980793992,1.6185629550949447,0.0861167524434486,0.806110362194968,0.5149989619430992,0.0762824622613271,3.306353246449835,1.6419964791765842
64.0,214.0,1005.585205078125,1.4441076734521072,3.066111509674269,0.0067028297138759,3.194813058276394,-0.2495793018936137,1.1591742150332562,1.047291772061316,-0.0635626710663064,3.2934046480925203,1.7277033081006632
64.0,214.0,1004.95849609375,0.9162956780313632,2.1247201074083826,0.0379144096914144,3.0493734156772465,-0.204541723945408,1.0866278545155783,1.081534562537653,-0.1426858802547873,2.5531626479271203,1.6834925846586402
64.0,214.0,1003.9569702148438,0.448016906340041,3.105722986450256,0.8138035866923863,3.0955404770734902,0.2620725015799733,1.6869868466778326,0.0600023277914734,0.2622416693067444,3.1208073658522064,1.5478276998793208
64.0,214.0,1005.9080810546876,1.0513515896295955,3.0324479004866207,-0.1399893757068982,2.5909601277576697,-0.1207554487964864,2.5126882206643253,1.1607896320933913,0.180815057255496,3.251736532375584,2.58552590355996
64.0,214.0,1005.7649536132812,0.2825466944237913,3.223371955913502,-1.130107795435179,3.475165291581171,-1.048330892200188,0.6773142097574366,1.7224453178602437,-0.0116344510771347,2.978858171781275,1.664112733334867
64.0,214.0,1003.8233642578124,1.028523366259821,3.0628461474330293,-0.3204188298828894,3.0167776901382988,0.2647472536681213,1.306874930918926,0.9514498344110252,-0.5399432597472117,3.348110656193866,0.8965220619264871
64.0,214.0,1006.2741088867188,1.643031542836416,3.606370926934152,-0.6934784640503268,3.544777025413626,-0.1168117638030309,0.939111865717292,1.235370936060419,0.8014975999324441,3.270795648100955,1.6707495569788469
64.0,214.0,1005.4312744140624,1.3627715738376884,3.076635121501396,-0.2203183241854567,3.1897560510402903,-0.4507563945197057,1.1522013466208365,1.072078304572779,-0.0715777010715543,3.2997649430028133,1.6650114468654638
64.0,214.0,1006.1286010742188,1.5630251164579407,3.034072154337606,-0.2144607478813976,3.3747890166807086,-0.1840946200972616,1.0834848120091078,1.505132191142844,0.0986427251527393,3.2971237436003165,1.6407078622033984
64.0,214.0,1004.8368530273438,-0.0192859539180938,3.1458012448024646,-0.4052589456220559,3.5837623621294377,-0.4446218579421889,1.004306573519272,1.0674916208430016,-0.1473208806064043,4.659302750457305,1.266183010783346
64.0,214.0,1005.0035400390624,1.488088734200528,3.2964916798764268,-0.081613556681665,3.4931910742310563,-0.4795947022471148,1.19443031097595,1.5983254058784726,0.3030366300005376,3.1093375136026897,1.3517079212642986
64.0,214.0,1005.59716796875,0.8422960777773174,3.0348209215701183,-0.2311176520887816,3.530445462000517,0.731073415144617,1.0838871087870037,1.0526527931079228,-0.2789778063184201,3.525442996103043,1.9314441196361605
64.0,214.0,1005.1682739257812,0.4758226699530498,2.725912301651685,-0.0230184400084026,3.5041163169939864,-0.2839688026094656,0.98246182909671,0.7814411067738086,0.0567855685067581,3.2908997596538847,1.3640380101297185
64.0,214.0,1004.932861328125,1.5796322669745138,2.974669102036052,-0.2759972217390695,3.567574034001228,-0.2093543612178015,1.4940440693796724,1.055340177568717,-0.0056815911348413,3.322450316094878,2.2801882162059304
64.0,214.0,1005.4376220703124,1.4939369051591875,3.208578143175042,-0.0838875551827738,3.6527902052474297,-0.0677512366808728,2.1295316682877434,1.0280783661595605,-0.0117743859456704,3.334761595860714,1.7120512362595308
64.0,214.0,1005.9476318359376,0.0416259073064684,3.056620648095169,0.9059087932371556,3.541676985417584,-0.4558259587305865,-0.3150494321593007,1.05123482986649,-0.0994281152615595,3.238383279985208,1.6565234082160285
64.0,214.0,1005.81201171875,1.0493680198447488,3.1481788145602274,-0.3742052874168526,1.7340138049668434,0.0318673716322229,0.8640905123034281,1.2404658485720614,-0.0193011184880681,2.7865877149951315,1.7316496760128115
64.0,214.0,1004.924560546875,1.3902787656971398,3.2388825019148166,-0.206591284257351,2.6835356447268124,-0.2393013169250669,1.0825663808182378,0.7880722208517016,0.1086941866441624,3.760609960660497,1.5499190461382142
64.0,214.0,1003.884033203125,1.1425112649696187,3.065090117718845,0.592860107788608,2.8071972518327133,0.2549808842303713,0.7688590957311772,1.1434486482266086,0.1774592781213724,3.2904317271738885,1.6652367097735672
64.0,214.0,1004.8756713867188,1.803103039357084,3.04969122379482,-0.2380855070972431,3.544222673085715,-0.3675432124331079,1.0049334701620785,1.0915745130618049,-0.0166428366782459,3.286393579044508,1.7128181502425668
64.0,214.0,1005.5949096679688,1.065741447403239,3.566321993171797,-0.1722097588879127,3.335195644635442,0.4153135222526197,1.6432684793938577,1.2308026718224587,0.3065238812510272,3.32453208933479,1.4181087479272612
64.0,214.0,1005.1708984375,1.5387374172758588,3.0630905424895096,-0.2761169812147975,3.539551483750204,-0.0710913967583387,1.0864629386437223,1.0432566156141505,0.0406253156605319,3.3703392304127733,1.6847979903288934
64.0,214.0,1004.3433227539062,1.5246637626108075,2.588764633984187,-0.2247483509817702,3.541791433209113,-0.2094105942329443,0.0900981966808316,1.4472220790014578,0.3634141441016041,3.275517642189521,1.677631713184814
64.0,214.0,1006.2902221679688,-0.4251081873792355,3.285807122763265,-0.1892787533432827,2.527234148491948,-0.6010386156964528,0.6565171337625719,1.76275366174798,-0.0125229395337214,3.152359389102193,1.536172754489335
64.0,214.0,1002.565185546875,0.5472914493255665,3.366882117201061,1.3060013984334584,1.9325170226020087,-1.0074251950736448,0.7432223534795421,1.6951969237110474,0.1334456915648295,3.316198941140461,1.659375229627378
64.0,214.0,1006.7476806640624,1.3783292661069166,2.227281756843792,0.7486796121921748,2.3676098445669496,-0.4352187250238886,0.1295667694666509,1.2582478032152908,0.9678886220425788,1.546052822985894,1.7088008776725607
64.0,214.0,1003.6841430664062,1.5264166200797986,3.063097861613356,-0.215819897253269,3.5490497273888275,-0.2048867388282806,1.0826619122252867,1.0511392207255632,-0.0170243374408754,3.2973942147249127,1.6821927523441609
64.0,214.0,1005.0227661132812,1.1090167985935704,3.054929262949412,0.2138404591139139,3.3785257770175283,-0.2062982807170551,0.6081492878130935,1.0163426512361524,-0.0348229360837541,3.2931519023315508,1.7331119502206431
64.0,214.0,1006.3912353515624,1.0823124156003283,3.145532408020725,0.0937498638335725,4.3492484902596935,-0.983369492477124,0.3045399617600217,1.0355153888892177,-0.6035785196627739,3.47882371336145,1.9749920545649893
64.0,214.0,1003.7677001953124,0.9753379059727132,3.027481911426474,0.8914709442373026,3.6385006360362526,-0.1936568623912141,0.9354252219936228,1.0515023454212475,1.5844169383747184,3.3013099988549235,1.6821957420369034
64.0,214.0,1005.7315063476562,1.5396689441273124,3.0386942734840274,0.0727790596694881,3.99653790662412,-0.2180394714265182,1.1227822176659112,0.9898665587735348,-0.0161734394273001,3.292559616599718,1.7283088665121291
64.0,214.0,1005.9786376953124,1.1755166225902458,3.0139295819900664,-0.2417305383366287,3.616814653335077,-0.2729520402836232,1.8592848557108288,1.1177652924446315,0.1211451494947978,3.912459696901169,2.2316448068592054
64.0,214.0,1004.7403564453124,0.4804166552562906,3.142058809388116,-0.507253232726782,3.78275224637308,-0.5671588827166028,1.1261544357254607,1.4122039073154182,0.5007209311294231,3.503301094810195,1.926829920271378
64.0,214.0,1004.5214233398438,1.3925082887281215,3.065088985864282,-0.1686798461004562,2.4937664364779137,-0.2246521629870259,1.0573601922845028,1.0844478999456344,-0.8866334099558765,3.2654268773896447,1.6563374701400866
64.0,214.0,1006.101806640625,1.5145614614356997,2.994643314133276,-0.4385238738008652,2.6498988515969346,-0.2204737755628775,1.1219320992016055,0.99350013477897,-0.0190371027451072,3.134156782158529,1.6797391789481235
64.0,214.0,1005.5848999023438,-0.4976473021030942,3.419951677935696,-0.3086301958483286,3.870154605804175,-1.1699164176837953,1.6993185462984577,0.8701808901365833,0.0028869377323087,3.427754210534899,1.6924904654891433
64.0,214.0,1004.2504272460938,-0.8223529424704155,2.825127807401638,-0.323922086313651,1.937577607926971,-0.7880478165526897,-0.5658922756132105,1.2049866790758093,0.2624683225465503,3.2458834880441487,0.9881096602322688
64.0,214.0,1005.768310546875,1.5999854791936896,2.9805356758612893,-0.224463190705871,3.807145392204087,-0.3379384159359995,1.0087144864956603,0.8161970981207121,-0.0299745068515237,3.525817858828421,1.6851147134922917
64.0,215.0,1004.6443481445312,0.6900176227674764,3.063074350782302,-0.3302721781170479,3.0126561550720083,-0.1976159951512532,1.5970259768578052,1.2511792713171723,-0.0167520924344081,3.4265898532482377,1.5636003792452855
64.0,215.0,1004.2421264648438,1.1090451639676264,3.063170278295987,-0.1754780434512142,3.5433184929382966,-0.1568456031498367,1.0766389807596008,1.0528787249669178,-0.0171620058962041,3.1145081813601543,1.5893554756452115
64.0,215.0,1006.1292724609376,0.8825330645131402,3.064174342687368,-0.2362635771631851,3.582316996030628,-0.2074679037536006,0.9559810891053128,1.0531749231574068,-0.0434490340044395,3.286294651604756,2.3253331241426074
64.0,215.0,1005.7072143554688,1.6491448804843336,2.9104453120023,-0.2376035463302053,3.615676320374159,-0.5459213406507523,1.0802436756395946,1.0229389087533642,-0.0226071327225542,3.134768809825729,1.4551102740604491
64.0,215.0,1005.2555541992188,-0.5037094802039921,3.707585390221884,-0.3280569768488796,3.321070462527059,0.979043172621886,-0.4155761280008436,0.9565504599200948,0.2951346271246178,3.295787014291044,2.1819067114242974
64.0,215.0,1006.83154296875,1.5265036097584397,2.4688393553651458,-0.2193779993269236,3.456649131017686,-0.280184533111481,1.4322115030166764,0.0073984864598439,0.0552709621325861,2.764100911123255,1.699477136905433
64.0,215.0,1006.2119140625,0.4893625390202833,1.7795423029239368,-0.2283334970089545,3.1277989280704825,0.4981169607027755,1.141197769335064,2.5146578201478693,1.975507430672696,4.311031517865723,2.0922100116751228
64.0,215.0,1005.1494140625,1.4267671879387,2.82151791963309,-0.2050135975394147,3.599402345635524,-0.212234014229664,1.0699343377498252,1.054124327480299,-0.0348381047181509,3.2384919490320403,1.683330061310487
64.0,215.0,1005.474853515625,1.5026949966969567,4.303640589644998,0.0467183102294996,3.508585978273294,-0.276222544546385,1.2632585220760255,0.9839023829757484,0.4548566034085533,3.319979299343642,1.681623450852277
64.0,215.0,1004.5355224609376,-0.2067583177486083,2.156645823399848,1.1237471826284795,3.780946817479548,-0.5114493991580722,1.3470285072754011,1.5426076556614716,0.9251629364195506,3.6326501297850458,1.193605314089168
64.0,215.0,1004.0458984375,0.6627964073101363,1.902544155917261,1.7356517264199556,1.1276967507837976,-0.9532319298265536,0.6325625002596181,1.4181961809212862,1.2571856093798428,3.247627624338968,0.7396376473821458
64.0,215.0,1004.7117919921876,0.4052530103725722,2.862964791291889,1.0244185980793992,1.6185629550949447,0.0861167524434486,0.806110362194968,0.5149989619430992,0.0762824622613271,3.306353246449835,1.6419964791765842
64.0,215.0,1005.585205078125,1.4441076734521072,3.066111509674269,0.0067028297138759,3.194813058276394,-0.2495793018936137,1.1591742150332562,1.047291772061316,-0.0635626710663064,3.2934046480925203,1.7277033081006632
64.0,215.0,1004.95849609375,0.9162956780313632,2.1247201074083826,0.0379144096914144,3.0493734156772465,-0.204541723945408,1.0866278545155783,1.081534562537653,-0.1426858802547873,2.5531626479271203,1.6834925846586402
64.0,215.0,1003.9569702148438,0.448016906340041,3.105722986450256,0.8138035866923863,3.0955404770734902,0.2620725015799733,1.6869868466778326,0.0600023277914734,0.2622416693067444,3.1208073658522064,1.5478276998793208
64.0,215.0,1005.9080810546876,1.0513515896295955,3.0324479004866207,-0.1399893757068982,2.5909601277576697,-0.1207554487964864,2.5126882206643253,1.1607896320933913,0.180815057255496,3.251736532375584,2.58552590355996
64.0,215.0,1005.7649536132812,0.2825466944237913,3.223371955913502,-1.130107795435179,3.475165291581171,-1.048330892200188,0.6773142097574366,1.7224453178602437,-0.0116344510771347,2.978858171781275,1.664112733334867
64.0,215.0,1003.8233642578124,1.028523366259821,3.0628461474330293,-0.3204188298828894,3.0167776901382988,0.2647472536681213,1.306874930918926,0.9514498344110252,-0.5399432597472117,3.348110656193866,0.8965220619264871
64.0,215.0,1006.2741088867188,1.643031542836416,3.606370926934152,-0.6934784640503268,3.544777025413626,-0.1168117638030309,0.939111865717292,1.235370936060419,0.8014975999324441,3.270795648100955,1.6707495569788469
64.0,215.0,1005.4312744140624,1.3627715738376884,3.076635121501396,-0.2203183241854567,3.1897560510402903,-0.4507563945197057,1.1522013466208365,1.072078304572779,-0.0715777010715543,3.2997649430028133,1.6650114468654638
64.0,215.0,1006.1286010742188,1.5630251164579407,3.034072154337606,-0.2144607478813976,3.3747890166807086,-0.1840946200972616,1.0834848120091078,1.505132191142844,0.0986427251527393,3.2971237436003165,1.6407078622033984
64.0,215.0,1004.8368530273438,-0.0192859539180938,3.1458012448024646,-0.4052589456220559,3.5837623621294377,-0.4446218579421889,1.004306573519272,1.0674916208430016,-0.1473208806064043,4.659302750457305,1.266183010783346
64.0,215.0,1005.0035400390624,1.488088734200528,3.2964916798764268,-0.081613556681665,3.4931910742310563,-0.4795947022471148,1.19443031097595,1.5983254058784726,0.3030366300005376,3.1093375136026897,1.3517079212642986
64.0,215.0,1005.59716796875,0.8422960777773174,3.0348209215701183,-0.2311176520887816,3.530445462000517,0.731073415144617,1.0838871087870037,1.0526527931079228,-0.2789778063184201,3.525442996103043,1.9314441196361605
64.0,215.0,1005.1682739257812,0.4758226699530498,2.725912301651685,-0.0230184400084026,3.5041163169939864,-0.2839688026094656,0.98246182909671,0.7814411067738086,0.0567855685067581,3.2908997596538847,1.3640380101297185
64.0,215.0,1004.932861328125,1.5796322669745138,2.974669102036052,-0.2759972217390695,3.567574034001228,-0.2093543612178015,1.4940440693796724,1.055340177568717,-0.0056815911348413,3.322450316094878,2.2801882162059304
64.0,215.0,1005.4376220703124,1.4939369051591875,3.208578143175042,-0.0838875551827738,3.6527902052474297,-0.0677512366808728,2.1295316682877434,1.0280783661595605,-0.0117743859456704,3.334761595860714,1.7120512362595308
64.0,215.0,1005.9476318359376,0.0416259073064684,3.056620648095169,0.9059087932371556,3.541676985417584,-0.4558259587305865,-0.3150494321593007,1.05123482986649,-0.0994281152615595,3.238383279985208,1.6565234082160285
64.0,215.0,1005.81201171875,1.0493680198447488,3.1481788145602274,-0.3742052874168526,1.7340138049668434,0.0318673716322229,0.8640905123034281,1.2404658485720614,-0.0193011184880681,2.7865877149951315,1.7316496760128115
64.0,215.0,1004.924560546875,1.3902787656971398,3.2388825019148166,-0.206591284257351,2.6835356447268124,-0.2393013169250669,1.0825663808182378,0.7880722208517016,0.1086941866441624,3.760609960660497,1.5499190461382142
64.0,215.0,1003.884033203125,1.1425112649696187,3.065090117718845,0.592860107788608,2.8071972518327133,0.2549808842303713,0.7688590957311772,1.1434486482266086,0.1774592781213724,3.2904317271738885,1.6652367097735672
64.0,215.0,1004.8756713867188,1.803103039357084,3.04969122379482,-0.2380855070972431,3.544222673085715,-0.3675432124331079,1.0049334701620785,1.0915745130618049,-0.0166428366782459,3.286393579044508,1.7128181502425668
64.0,215.0,1005.5949096679688,1.065741447403239,3.566321993171797,-0.1722097588879127,3.335195644635442,0.4153135222526197,1.6432684793938577,1.2308026718224587,0.3065238812510272,3.32453208933479,1.4181087479272612
64.0,215.0,1005.1708984375,1.5387374172758588,3.0630905424895096,-0.2761169812147975,3.539551483750204,-0.0710913967583387,1.0864629386437223,1.0432566156141505,0.0406253156605319,3.3703392304127733,1.6847979903288934
64.0,215.0,1004.3433227539062,1.5246637626108075,2.588764633984187,-0.2247483509817702,3.541791433209113,-0.2094105942329443,0.0900981966808316,1.4472220790014578,0.3634141441016041,3.275517642189521,1.677631713184814
64.0,215.0,1006.2902221679688,-0.4251081873792355,3.285807122763265,-0.1892787533432827,2.527234148491948,-0.6010386156964528,0.6565171337625719,1.76275366174798,-0.0125229395337214,3.152359389102193,1.536172754489335
64.0,215.0,1002.565185546875,0.5472914493255665,3.366882117201061,1.3060013984334584,1.9325170226020087,-1.0074251950736448,0.7432223534795421,1.6951969237110474,0.1334456915648295,3.316198941140461,1.659375229627378
64.0,215.0,1006.7476806640624,1.3783292661069166,2.227281756843792,0.7486796121921748,2.3676098445669496,-0.4352187250238886,0.1295667694666509,1.2582478032152908,0.9678886220425788,1.546052822985894,1.7088008776725607
64.0,215.0,1003.6841430664062,1.5264166200797986,3.063097861613356,-0.215819897253269,3.5490497273888275,-0.2048867388282806,1.0826619122252867,1.0511392207255632,-0.0170243374408754,3.2973942147249127,1.6821927523441609
64.0,215.0,1005.0227661132812,1.1090167985935704,3.054929262949412,0.2138404591139139,3.3785257770175283,-0.2062982807170551,0.6081492878130935,1.0163426512361524,-0.0348229360837541,3.2931519023315508,1.7331119502206431
64.0,215.0,1006.3912353515624,1.0823124156003283,3.145532408020725,0.0937498638335725,4.3492484902596935,-0.983369492477124,0.3045399617600217,1.0355153888892177,-0.6035785196627739,3.47882371336145,1.9749920545649893
64.0,215.0,1003.7677001953124,0.9753379059727132,3.027481911426474,0.8914709442373026,3.6385006360362526,-0.1936568623912141,0.9354252219936228,1.0515023454212475,1.5844169383747184,3.3013099988549235,1.6821957420369034
64.0,215.0,1005.7315063476562,1.5396689441273124,3.0386942734840274,0.0727790596694881,3.99653790662412,-0.2180394714265182,1.1227822176659112,0.9898665587735348,-0.0161734394273001,3.292559616599718,1.7283088665121291
64.0,215.0,1005.9786376953124,1.1755166225902458,3.0139295819900664,-0.2417305383366287,3.616814653335077,-0.2729520402836232,1.8592848557108288,1.1177652924446315,0.1211451494947978,3.912459696901169,2.2316448068592054
64.0,215.0,1004.7403564453124,0.4804166552562906,3.142058809388116,-0.507253232726782,3.78275224637308,-0.5671588827166028,1.1261544357254607,1.4122039073154182,0.5007209311294231,3.503301094810195,1.926829920271378
64.0,215.0,1004.5214233398438,1.3925082887281215,3.065088985864282,-0.1686798461004562,2.4937664364779137,-0.2246521629870259,1.0573601922845028,1.0844478999456344,-0.8866334099558765,3.2654268773896447,1.6563374701400866
64.0,215.0,1006.101806640625,1.5145614614356997,2.994643314133276,-0.4385238738008652,2.6498988515969346,-0.2204737755628775,1.1219320992016055,0.99350013477897,-0.0190371027451072,3.134156782158529,1.6797391789481235
64.0,215.0,1005.5848999023438,-0.4976473021030942,3.419951677935696,-0.3086301958483286,3.870154605804175,-1.1699164176837953,1.6993185462984577,0.8701808901365833,0.0028869377323087,3.427754210534899,1.6924904654891433
64.0,215.0,1004.2504272460938,-0.8223529424704155,2.825127807401638,-0.323922086313651,1.937577607926971,-0.7880478165526897,-0.5658922756132105,1.2049866790758093,0.2624683225465503,3.2458834880441487,0.9881096602322688
64.0,215.0,1005.768310546875,1.5999854791936896,2.9805356758612893,-0.224463190705871,3.807145392204087,-0.3379384159359995,1.0087144864956603,0.8161970981207121,-0.0299745068515237,3.525817858828421,1.6851147134922917
64.0,216.0,1004.6443481445312,0.6900176227674764,3.063074350782302,-0.3302721781170479,3.0126561550720083,-0.1976159951512532,1.5970259768578052,1.2511792713171723,-0.0167520924344081,3.4265898532482377,1.5636003792452855
64.0,216.0,1004.2421264648438,1.1090451639676264,3.063170278295987,-0.1754780434512142,3.5433184929382966,-0.1568456031498367,1.0766389807596008,1.0528787249669178,-0.0171620058962041,3.1145081813601543,1.5893554756452115
64.0,216.0,1006.1292724609376,0.8825330645131402,3.064174342687368,-0.2362635771631851,3.582316996030628,-0.2074679037536006,0.9559810891053128,1.0531749231574068,-0.0434490340044395,3.286294651604756,2.3253331241426074
64.0,216.0,1005.7072143554688,1.6491448804843336,2.9104453120023,-0.2376035463302053,3.615676320374159,-0.5459213406507523,1.0802436756395946,1.0229389087533642,-0.0226071327225542,3.134768809825729,1.4551102740604491
64.0,216.0,1005.2555541992188,-0.5037094802039921,3.707585390221884,-0.3280569768488796,3.321070462527059,0.979043172621886,-0.4155761280008436,0.9565504599200948,0.2951346271246178,3.295787014291044,2.1819067114242974
64.0,216.0,1006.83154296875,1.5265036097584397,2.4688393553651458,-0.2193779993269236,3.456649131017686,-0.280184533111481,1.4322115030166764,0.0073984864598439,0.0552709621325861,2.764100911123255,1.699477136905433
64.0,216.0,1006.2119140625,0.4893625390202833,1.7795423029239368,-0.2283334970089545,3.1277989280704825,0.4981169607027755,1.141197769335064,2.5146578201478693,1.975507430672696,4.311031517865723,2.0922100116751228
64.0,216.0,1005.1494140625,1.4267671879387,2.82151791963309,-0.2050135975394147,3.599402345635524,-0.212234014229664,1.0699343377498252,1.054124327480299,-0.0348381047181509,3.2384919490320403,1.683330061310487
64.0,216.0,1005.474853515625,1.5026949966969567,4.303640589644998,0.0467183102294996,3.508585978273294,-0.276222544546385,1.2632585220760255,0.9839023829757484,0.4548566034085533,3.319979299343642,1.681623450852277
64.0,216.0,1004.5355224609376,-0.2067583177486083,2.156645823399848,1.1237471826284795,3.780946817479548,-0.5114493991580722,1.3470285072754011,1.5426076556614716,0.9251629364195506,3.6326501297850458,1.193605314089168
64.0,216.0,1004.0458984375,0.6627964073101363,1.902544155917261,1.7356517264199556,1.1276967507837976,-0.9532319298265536,0.6325625002596181,1.4181961809212862,1.2571856093798428,3.247627624338968,0.7396376473821458
64.0,216.0,1004.7117919921876,0.4052530103725722,2.862964791291889,1.0244185980793992,1.6185629550949447,0.0861167524434486,0.806110362194968,0.5149989619430992,0.0762824622613271,3.306353246449835,1.6419964791765842
64.0,216.0,1005.585205078125,1.4441076734521072,3.066111509674269,0.0067028297138759,3.194813058276394,-0.2495793018936137,1.1591742150332562,1.047291772061316,-0.0635626710663064,3.2934046480925203,1.7277033081006632
64.0,216.0,1004.95849609375,0.9162956780313632,2.1247201074083826,0.0379144096914144,3.0493734156772465,-0.204541723945408,1.0866278545155783,1.081534562537653,-0.1426858802547873,2.5531626479271203,1.6834925846586402
64.0,216.0,1003.9569702148438,0.448016906340041,3.105722986450256,0.8138035866923863,3.0955404770734902,0.2620725015799733,1.6869868466778326,0.0600023277914734,0.2622416693067444,3.1208073658522064,1.5478276998793208
64.0,216.0,1005.9080810546876,1.0513515896295955,3.0324479004866207,-0.1399893757068982,2.5909601277576697,-0.1207554487964864,2.5126882206643253,1.1607896320933913,0.180815057255496,3.251736532375584,2.58552590355996
64.0,216.0,1005.7649536132812,0.2825466944237913,3.223371955913502,-1.130107795435179,3.475165291581171,-1.048330892200188,0.6773142097574366,1.7224453178602437,-0.0116344510771347,2.978858171781275,1.664112733334867
64.0,216.0,1003.8233642578124,1.028523366259821,3.0628461474330293,-0.3204188298828894,3.0167776901382988,0.2647472536681213,1.306874930918926,0.9514498344110252,-0.5399432597472117,3.348110656193866,0.8965220619264871
64.0,216.0,1006.2741088867188,1.643031542836416,3.606370926934152,-0.6934784640503268,3.544777025413626,-0.1168117638030309,0.939111865717292,1.235370936060419,0.8014975999324441,3.270795648100955,1.6707495569788469
64.0,216.0,1005.4312744140624,1.3627715738376884,3.076635121501396,-0.2203183241854567,3.1897560510402903,-0.4507563945197057,1.1522013466208365,1.072078304572779,-0.0715777010715543,3.2997649430028133,1.6650114468654638
64.0,216.0,1006.1286010742188,1.5630251164579407,3.034072154337606,-0.2144607478813976,3.3747890166807086,-0.1840946200972616,1.0834848120091078,1.505132191142844,0.0986427251527393,3.2971237436003165,1.6407078622033984
64.0,216.0,1004.8368530273438,-0.0192859539180938,3.1458012448024646,-0.4052589456220559,3.5837623621294377,-0.4446218579421889,1.004306573519272,1.0674916208430016,-0.1473208806064043,4.659302750457305,1.266183010783346
64.0,216.0,1005.0035400390624,1.488088734200528,3.2964916798764268,-0.081613556681665,3.4931910742310563,-0.4795947022471148,1.19443031097595,1.5983254058784726,0.3030366300005376,3.1093375136026897,1.3517079212642986
64.0,216.0,1005.59716796875,0.8422960777773174,3.0348209215701183,-0.2311176520887816,3.530445462000517,0.731073415144617,1.0838871087870037,1.0526527931079228,-0.2789778063184201,3.525442996103043,1.9314441196361605
64.0,216.0,1005.1682739257812,0.4758226699530498,2.725912301651685,-0.0230184400084026,3.5041163169939864,-0.2839688026094656,0.98246182909671,0.7814411067738086,0.0567855685067581,3.2908997596538847,1.3640380101297185
64.0,216.0,1004.932861328125,1.5796322669745138,2.974669102036052,-0.2759972217390695,3.567574034001228,-0.2093543612178015,1.4940440693796724,1.055340177568717,-0.0056815911348413,3.322450316094878,2.2801882162059304
64.0,216.0,1005.4376220703124,1.4939369051591875,3.208578143175042,-0.0838875551827738,3.6527902052474297,-0.0677512366808728,2.1295316682877434,1.0280783661595605,-0.0117743859456704,3.334761595860714,1.7120512362595308
64.0,216.0,1005.9476318359376,0.0416259073064684,3.056620648095169,0.9059087932371556,3.541676985417584,-0.4558259587305865,-0.3150494321593007,1.05123482986649,-0.0994281152615595,3.238383279985208,1.6565234082160285
64.0,216.0,1005.81201171875,1.0493680198447488,3.1481788145602274,-0.3742052874168526,1.7340138049668434,0.0318673716322229,0.8640905123034281,1.2404658485720614,-0.0193011184880681,2.7865877149951315,1.7316496760128115
64.0,216.0,1004.924560546875,1.3902787656971398,3.2388825019148166,-0.206591284257351,2.6835356447268124,-0.2393013169250669,1.0825663808182378,0.7880722208517016,0.1086941866441624,3.760609960660497,1.5499190461382142
64.0,216.0,1003.884033203125,1.1425112649696187,3.065090117718845,0.592860107788608,2.8071972518327133,0.2549808842303713,0.7688590957311772,1.1434486482266086,0.1774592781213724,3.2904317271738885,1.6652367097735672
64.0,216.0,1004.8756713867188,1.803103039357084,3.04969122379482,-0.2380855070972431,3.544222673085715,-0.3675432124331079,1.0049334701620785,1.0915745130618049,-0.0166428366782459,3.286393579044508,1.7128181502425668
64.0,216.0,1005.5949096679688,1.065741447403239,3.566321993171797,-0.1722097588879127,3.335195644635442,0.4153135222526197,1.6432684793938577,1.2308026718224587,0.3065238812510272,3.32453208933479,1.4181087479272612
64.0,216.0,1005.1708984375,1.5387374172758588,3.0630905424895096,-0.2761169812147975,3.539551483750204,-0.0710913967583387,1.0864629386437223,1.0432566156141505,0.0406253156605319,3.3703392304127733,1.6847979903288934
64.0,216.0,1004.3433227539062,1.5246637626108075,2.588764633984187,-0.2247483509817702,3.541791433209113,-0.2094105942329443,0.0900981966808316,1.4472220790014578,0.3634141441016041,3.275517642189521,1.677631713184814
64.0,216.0,1006.2902221679688,-0.4251081873792355,3.285807122763265,-0.1892787533432827,2.527234148491948,-0.6010386156964528,0.6565171337625719,1.76275366174798,-0.0125229395337214,3.152359389102193,1.536172754489335
64.0,216.0,1002.565185546875,0.5472914493255665,3.366882117201061,1.3060013984334584,1.9325170226020087,-1.0074251950736448,0.7432223534795421,1.6951969237110474,0.1334456915648295,3.316198941140461,1.659375229627378
64.0,216.0,1006.7476806640624,1.3783292661069166,2.227281756843792,0.7486796121921748,2.3676098445669496,-0.4352187250238886,0.1295667694666509,1.2582478032152908,0.9678886220425788,1.546052822985894,1.7088008776725607
64.0,216.0,1003.6841430664062,1.5264166200797986,3.063097861613356,-0.215819897253269,3.5490497273888275,-0.2048867388282806,1.0826619122252867,1.0511392207255632,-0.0170243374408754,3.2973942147249127,1.6821927523441609
64.0,216.0,1005.0227661132812,1.1090167985935704,3.054929262949412,0.2138404591139139,3.3785257770175283,-0.2062982807170551,0.6081492878130935,1.0163426512361524,-0.0348229360837541,3.2931519023315508,1.7331119502206431
64.0,216.0,1006.3912353515624,1.0823124156003283,3.145532408020725,0.0937498638335725,4.3492484902596935,-0.983369492477124,0.3045399617600217,1.0355153888892177,-0.6035785196627739,3.47882371336145,1.9749920545649893
64.0,216.0,1003.7677001953124,0.9753379059727132,3.027481911426474,0.8914709442373026,3.6385006360362526,-0.1936568623912141,0.9354252219936228,1.0515023454212475,1.5844169383747184,3.3013099988549235,1.6821957420369034
64.0,216.0,1005.7315063476562,1.5396689441273124,3.0386942734840274,0.0727790596694881,3.99653790662412,-0.2180394714265182,1.1227822176659112,0.9898665587735348,-0.0161734394273001,3.292559616599718,1.7283088665121291
64.0,216.0,1005.9786376953124,1.1755166225902458,3.0139295819900664,-0.2417305383366287,3.616814653335077,-0.2729520402836232,1.8592848557108288,1.1177652924446315,0.1211451494947978,3.912459696901169,2.2316448068592054
64.0,216.0,1004.7403564453124,0.4804166552562906,3.142058809388116,-0.507253232726782,3.78275224637308,-0.5671588827166028,1.1261544357254607,1.4122039073154182,0.5007209311294231,3.503301094810195,1.926829920271378
64.0,216.0,1004.5214233398438,1.3925082887281215,3.065088985864282,-0.1686798461004562,2.4937664364779137,-0.2246521629870259,1.0573601922845028,1.0844478999456344,-0.8866334099558765,3.2654268773896447,1.6563374701400866
64.0,216.0,1006.101806640625,1.5145614614356997,2.994643314133276,-0.4385238738008652,2.6498988515969346,-0.2204737755628775,1.1219320992016055,0.99350013477897,-0.0190371027451072,3.134156782158529,1.6797391789481235
64.0,216.0,1005.5848999023438,-0.4976473021030942,3.419951677935696,-0.3086301958483286,3.870154605804175,-1.1699164176837953,1.6993185462984577,0.8701808901365833,0.0028869377323087,3.427754210534899,1.6924904654891433
64.0,216.0,1004.2504272460938,-0.8223529424704155,2.825127807401638,-0.323922086313651,1.937577607926971,-0.7880478165526897,-0.5658922756132105,1.2049866790758093,0.2624683225465503,3.2458834880441487,0.9881096602322688
64.0,216.0,1005.768310546875,1.5999854791936896,2.9805356758612893,-0.224463190705871,3.807145392204087,-0.3379384159359995,1.0087144864956603,0.8161970981207121,-0.0299745068515237,3.525817858828421,1.6851147134922917
64.0,217.0,1004.6443481445312,0.6900176227674764,3.063074350782302,-0.3302721781170479,3.0126561550720083,-0.1976159951512532,1.5970259768578052,1.2511792713171723,-0.0167520924344081,3.4265898532482377,1.5636003792452855
64.0,217.0,1004.2421264648438,1.1090451639676264,3.063170278295987,-0.1754780434512142,3.5433184929382966,-0.1568456031498367,1.0766389807596008,1.0528787249669178,-0.0171620058962041,3.1145081813601543,1.5893554756452115
64.0,217.0,1006.1292724609376,0.8825330645131402,3.064174342687368,-0.2362635771631851,3.582316996030628,-0.2074679037536006,0.9559810891053128,1.0531749231574068,-0.0434490340044395,3.286294651604756,2.3253331241426074
64.0,217.0,1005.7072143554688,1.6491448804843336,2.9104453120023,-0.2376035463302053,3.615676320374159,-0.5459213406507523,1.0802436756395946,1.0229389087533642,-0.0226071327225542,3.134768809825729,1.4551102740604491
64.0,217.0,1005.2555541992188,-0.5037094802039921,3.707585390221884,-0.3280569768488796,3.321070462527059,0.979043172621886,-0.4155761280008436,0.9565504599200948,0.2951346271246178,3.295787014291044,2.1819067114242974
64.0,217.0,1006.83154296875,1.5265036097584397,2.4688393553651458,-0.2193779993269236,3.456649131017686,-0.280184533111481,1.4322115030166764,0.0073984864598439,0.0552709621325861,2.764100911123255,1.699477136905433
64.0,217.0,1006.2119140625,0.4893625390202833,1.7795423029239368,-0.2283334970089545,3.1277989280704825,0.4981169607027755,1.141197769335064,2.5146578201478693,1.975507430672696,4.311031517865723,2.0922100116751228
64.0,217.0,1005.1494140625,1.4267671879387,2.82151791963309,-0.2050135975394147,3.599402345635524,-0.212234014229664,1.0699343377498252,1.054124327480299,-0.0348381047181509,3.2384919490320403,1.683330061310487
64.0,217.0,1005.474853515625,1.5026949966969567,4.303640589644998,0.0467183102294996,3.508585978273294,-0.276222544546385,1.2632585220760255,0.9839023829757484,0.4548566034085533,3.319979299343642,1.681623450852277
64.0,217.0,1004.5355224609376,-0.2067583177486083,2.156645823399848,1.1237471826284795,3.780946817479548,-0.5114493991580722,1.3470285072754011,1.5426076556614716,0.9251629364195506,3.6326501297850458,1.193605314089168
64.0,217.0,1004.0458984375,0.6627964073101363,1.902544155917261,1.7356517264199556,1.1276967507837976,-0.9532319298265536,0.6325625002596181,1.4181961809212862,1.2571856093798428,3.247627624338968,0.7396376473821458
64.0,217.0,1004.7117919921876,0.4052530103725722,2.862964791291889,1.0244185980793992,1.6185629550949447,0.0861167524434486,0.806110362194968,0.5149989619430992,0.0762824622613271,3.306353246449835,1.6419964791765842
64.0,217.0,1005.585205078125,1.4441076734521072,3.066111509674269,0.0067028297138759,3.194813058276394,-0.2495793018936137,1.1591742150332562,1.047291772061316,-0.0635626710663064,3.2934046480925203,1.7277033081006632
64.0,217.0,1004.95849609375,0.9162956780313632,2.1247201074083826,0.0379144096914144,3.0493734156772465,-0.204541723945408,1.0866278545155783,1.081534562537653,-0.1426858802547873,2.5531626479271203,1.6834925846586402
64.0,217.0,1003.9569702148438,0.448016906340041,3.105722986450256,0.8138035866923863,3.0955404770734902,0.2620725015799733,1.6869868466778326,0.0600023277914734,0.2622416693067444,3.1208073658522064,1.5478276998793208
64.0,217.0,1005.9080810546876,1.0513515896295955,3.0324479004866207,-0.1399893757068982,2.5909601277576697,-0.1207554487964864,2.5126882206643253,1.1607896320933913,0.180815057255496,3.251736532375584,2.58552590355996
64.0,217.0,1005.7649536132812,0.2825466944237913,3.223371955913502,-1.130107795435179,3.475165291581171,-1.048330892200188,0.6773142097574366,1.7224453178602437,-0.0116344510771347,2.978858171781275,1.664112733334867
64.0,217.0,1003.8233642578124,1.028523366259821,3.0628461474330293,-0.3204188298828894,3.0167776901382988,0.2647472536681213,1.306874930918926,0.9514498344110252,-0.5399432597472117,3.348110656193866,0.8965220619264871
64.0,217.0,1006.2741088867188,1.643031542836416,3.606370926934152,-0.6934784640503268,3.544777025413626,-0.1168117638030309,0.939111865717292,1.235370936060419,0.8014975999324441,3.270795648100955,1.6707495569788469
64.0,217.0,1005.4312744140624,1.3627715738376884,3.076635121501396,-0.2203183241854567,3.1897560510402903,-0.4507563945197057,1.1522013466208365,1.072078304572779,-0.0715777010715543,3.2997649430028133,1.6650114468654638
64.0,217.0,1006.1286010742188,1.5630251164579407,3.034072154337606,-0.2144607478813976,3.3747890166807086,-0.1840946200972616,1.0834848120091078,1.505132191142844,0.0986427251527393,3.2971237436003165,1.6407078622033984
64.0,217.0,1004.8368530273438,-0.0192859539180938,3.1458012448024646,-0.4052589456220559,3.5837623621294377,-0.4446218579421889,1.004306573519272,1.0674916208430016,-0.1473208806064043,4.659302750457305,1.266183010783346
64.0,217.0,1005.0035400390624,1.488088734200528,3.2964916798764268,-0.081613556681665,3.4931910742310563,-0.4795947022471148,1.19443031097595,1.5983254058784726,0.3030366300005376,3.1093375136026897,1.3517079212642986
64.0,217.0,1005.59716796875,0.8422960777773174,3.0348209215701183,-0.2311176520887816,3.530445462000517,0.731073415144617,1.0838871087870037,1.0526527931079228,-0.2789778063184201,3.525442996103043,1.9314441196361605
64.0,217.0,1005.1682739257812,0.4758226699530498,2.725912301651685,-0.0230184400084026,3.5041163169939864,-0.2839688026094656,0.98246182909671,0.7814411067738086,0.0567855685067581,3.2908997596538847,1.3640380101297185
64.0,217.0,1004.932861328125,1.5796322669745138,2.974669102036052,-0.2759972217390695,3.567574034001228,-0.2093543612178015,1.4940440693796724,1.055340177568717,-0.0056815911348413,3.322450316094878,2.2801882162059304
64.0,217.0,1005.4376220703124,1.4939369051591875,3.208578143175042,-0.0838875551827738,3.6527902052474297,-0.0677512366808728,2.1295316682877434,1.0280783661595605,-0.0117743859456704,3.334761595860714,1.7120512362595308
64.0,217.0,1005.9476318359376,0.0416259073064684,3.056620648095169,0.9059087932371556,3.541676985417584,-0.4558259587305865,-0.3150494321593007,1.05123482986649,-0.0994281152615595,3.238383279985208,1.6565234082160285
64.0,217.0,1005.81201171875,1.0493680198447488,3.1481788145602274,-0.3742052874168526,1.7340138049668434,0.0318673716322229,0.8640905123034281,1.2404658485720614,-0.0193011184880681,2.7865877149951315,1.7316496760128115
64.0,217.0,1004.924560546875,1.3902787656971398,3.2388825019148166,-0.206591284257351,2.6835356447268124,-0.2393013169250669,1.0825663808182378,0.7880722208517016,0.1086941866441624,3.760609960660497,1.5499190461382142
64.0,217.0,1003.884033203125,1.1425112649696187,3.065090117718845,0.592860107788608,2.8071972518327133,0.2549808842303713,0.7688590957311772,1.1434486482266086,0.1774592781213724,3.2904317271738885,1.6652367097735672
64.0,217.0,1004.8756713867188,1.803103039357084,3.04969122379482,-0.2380855070972431,3.544222673085715,-0.3675432124331079,1.0049334701620785,1.0915745130618049,-0.0166428366782459,3.286393579044508,1.7128181502425668
64.0,217.0,1005.5949096679688,1.065741447403239,3.566321993171797,-0.1722097588879127,3.335195644635442,0.4153135222526197,1.6432684793938577,1.2308026718224587,0.3065238812510272,3.32453208933479,1.4181087479272612
64.0,217.0,1005.1708984375,1.5387374172758588,3.0630905424895096,-0.2761169812147975,3.539551483750204,-0.0710913967583387,1.0864629386437223,1.0432566156141505,0.0406253156605319,3.3703392304127733,1.6847979903288934
64.0,217.0,1004.3433227539062,1.5246637626108075,2.588764633984187,-0.2247483509817702,3.541791433209113,-0.2094105942329443,0.0900981966808316,1.4472220790014578,0.3634141441016041,3.275517642189521,1.677631713184814
64.0,217.0,1006.2902221679688,-0.4251081873792355,3.285807122763265,-0.1892787533432827,2.527234148491948,-0.6010386156964528,0.6565171337625719,1.76275366174798,-0.0125229395337214,3.152359389102193,1.536172754489335
64.0,217.0,1002.565185546875,0.5472914493255665,3.366882117201061,1.3060013984334584,1.9325170226020087,-1.0074251950736448,0.7432223534795421,1.6951969237110474,0.1334456915648295,3.316198941140461,1.659375229627378
64.0,217.0,1006.7476806640624,1.3783292661069166,2.227281756843792,0.7486796121921748,2.3676098445669496,-0.4352187250238886,0.1295667694666509,1.2582478032152908,0.9678886220425788,1.546052822985894,1.7088008776725607
64.0,217.0,1003.6841430664062,1.5264166200797986,3.063097861613356,-0.215819897253269,3.5490497273888275,-0.2048867388282806,1.0826619122252867,1.0511392207255632,-0.0170243374408754,3.2973942147249127,1.6821927523441609
64.0,217.0,1005.0227661132812,1.1090167985935704,3.054929262949412,0.2138404591139139,3.3785257770175283,-0.2062982807170551,0.6081492878130935,1.0163426512361524,-0.0348229360837541,3.2931519023315508,1.7331119502206431
64.0,217.0,1006.3912353515624,1.0823124156003283,3.145532408020725,0.0937498638335725,4.3492484902596935,-0.983369492477124,0.3045399617600217,1.0355153888892177,-0.6035785196627739,3.47882371336145,1.9749920545649893
64.0,217.0,1003.7677001953124,0.9753379059727132,3.027481911426474,0.8914709442373026,3.6385006360362526,-0.1936568623912141,0.9354252219936228,1.0515023454212475,1.5844169383747184,3.3013099988549235,1.6821957420369034
64.0,217.0,1005.7315063476562,1.5396689441273124,3.0386942734840274,0.0727790596694881,3.99653790662412,-0.2180394714265182,1.1227822176659112,0.9898665587735348,-0.0161734394273001,3.292559616599718,1.7283088665121291
64.0,217.0,1005.9786376953124,1.1755166225902458,3.0139295819900664,-0.2417305383366287,3.616814653335077,-0.2729520402836232,1.8592848557108288,1.1177652924446315,0.1211451494947978,3.912459696901169,2.2316448068592054
64.0,217.0,1004.7403564453124,0.4804166552562906,3.142058809388116,-0.507253232726782,3.78275224637308,-0.5671588827166028,1.1261544357254607,1.4122039073154182,0.5007209311294231,3.503301094810195,1.926829920271378
64.0,217.0,1004.5214233398438,1.3925082887281215,3.065088985864282,-0.1686798461004562,2.4937664364779137,-0.2246521629870259,1.0573601922845028,1.0844478999456344,-0.8866334099558765,3.2654268773896447,1.6563374701400866
64.0,217.0,1006.101806640625,1.5145614614356997,2.994643314133276,-0.4385238738008652,2.6498988515969346,-0.2204737755628775,1.1219320992016055,0.99350013477897,-0.0190371027451072,3.134156782158529,1.6797391789481235
64.0,217.0,1005.5848999023438,-0.4976473021030942,3.419951677935696,-0.3086301958483286,3.870154605804175,-1.1699164176837953,1.6993185462984577,0.8701808901365833,0.0028869377323087,3.427754210534899,1.6924904654891433
64.0,217.0,1004.2504272460938,-0.8223529424704155,2.825127807401638,-0.323922086313651,1.937577607926971,-0.7880478165526897,-0.5658922756132105,1.2049866790758093,0.2624683225465503,3.2458834880441487,0.9881096602322688
64.0,217.0,1005.768310546875,1.5999854791936896,2.9805356758612893,-0.224463190705871,3.807145392204087,-0.3379384159359995,1.0087144864956603,0.8161970981207121,-0.0299745068515237,3.525817858828421,1.6851147134922917
64.0,218.0,1004.6443481445312,0.6900176227674764,3.063074350782302,-0.3302721781170479,3.0126561550720083,-0.1976159951512532,1.5970259768578052,1.2511792713171723,-0.0167520924344081,3.4265898532482377,1.5636003792452855
64.0,218.0,1004.2421264648438,1.1090451639676264,3.063170278295987,-0.1754780434512142,3.5433184929382966,-0.1568456031498367,1.0766389807596008,1.0528787249669178,-0.0171620058962041,3.1145081813601543,1.5893554756452115
64.0,218.0,1006.1292724609376,0.8825330645131402,3.064174342687368,-0.2362635771631851,3.582316996030628,-0.2074679037536006,0.9559810891053128,1.0531749231574068,-0.0434490340044395,3.286294651604756,2.3253331241426074
64.0,218.0,1005.7072143554688,1.6491448804843336,2.9104453120023,-0.2376035463302053,3.615676320374159,-0.5459213406507523,1.0802436756395946,1.0229389087533642,-0.0226071327225542,3.134768809825729,1.4551102740604491
64.0,218.0,1005.2555541992188,-0.5037094802039921,3.707585390221884,-0.3280569768488796,3.321070462527059,0.979043172621886,-0.4155761280008436,0.9565504599200948,0.2951346271246178,3.295787014291044,2.1819067114242974
64.0,218.0,1006.83154296875,1.5265036097584397,2.4688393553651458,-0.2193779993269236,3.456649131017686,-0.280184533111481,1.4322115030166764,0.0073984864598439,0.0552709621325861,2.764100911123255,1.699477136905433
64.0,218.0,1006.2119140625,0.4893625390202833,1.7795423029239368,-0.2283334970089545,3.1277989280704825,0.4981169607027755,1.141197769335064,2.5146578201478693,1.975507430672696,4.311031517865723,2.0922100116751228
64.0,218.0,1005.1494140625,1.4267671879387,2.82151791963309,-0.2050135975394147,3.599402345635524,-0.212234014229664,1.0699343377498252,1.054124327480299,-0.0348381047181509,3.2384919490320403,1.683330061310487
64.0,218.0,1005.474853515625,1.5026949966969567,4.303640589644998,0.0467183102294996,3.508585978273294,-0.276222544546385,1.2632585220760255,0.9839023829757484,0.4548566034085533,3.319979299343642,1.681623450852277
64.0,218.0,1004.5355224609376,-0.2067583177486083,2.156645823399848,1.1237471826284795,3.780946817479548,-0.5114493991580722,1.3470285072754011,1.5426076556614716,0.9251629364195506,3.6326501297850458,1.193605314089168
64.0,218.0,1004.0458984375,0.6627964073101363,1.902544155917261,1.7356517264199556,1.1276967507837976,-0.9532319298265536,0.6325625002596181,1.4181961809212862,1.2571856093798428,3.247627624338968,0.7396376473821458
64.0,218.0,1004.7117919921876,0.4052530103725722,2.862964791291889,1.0244185980793992,1.6185629550949447,0.0861167524434486,0.806110362194968,0.5149989619430992,0.0762824622613271,3.306353246449835,1.6419964791765842
64.0,218.0,1005.585205078125,1.4441076734521072,3.066111509674269,0.0067028297138759,3.194813058276394,-0.2495793018936137,1.1591742150332562,1.047291772061316,-0.0635626710663064,3.2934046480925203,1.7277033081006632
64.0,218.0,1004.95849609375,0.9162956780313632,2.1247201074083826,0.0379144096914144,3.0493734156772465,-0.204541723945408,1.0866278545155783,1.081534562537653,-0.1426858802547873,2.5531626479271203,1.6834925846586402
64.0,218.0,1003.9569702148438,0.448016906340041,3.105722986450256,0.8138035866923863,3.0955404770734902,0.2620725015799733,1.6869868466778326,0.0600023277914734,0.2622416693067444,3.1208073658522064,1.5478276998793208
64.0,218.0,1005.9080810546876,1.0513515896295955,3.0324479004866207,-0.1399893757068982,2.5909601277576697,-0.1207554487964864,2.5126882206643253,1.1607896320933913,0.180815057255496,3.251736532375584,2.58552590355996
64.0,218.0,1005.7649536132812,0.2825466944237913,3.223371955913502,-1.130107795435179,3.475165291581171,-1.048330892200188,0.6773142097574366,1.7224453178602437,-0.0116344510771347,2.978858171781275,1.664112733334867
64.0,218.0,1003.8233642578124,1.028523366259821,3.0628461474330293,-0.3204188298828894,3.0167776901382988,0.2647472536681213,1.306874930918926,0.9514498344110252,-0.5399432597472117,3.348110656193866,0.8965220619264871
64.0,218.0,1006.2741088867188,1.643031542836416,3.606370926934152,-0.6934784640503268,3.544777025413626,-0.1168117638030309,0.939111865717292,1.235370936060419,0.8014975999324441,3.270795648100955,1.6707495569788469
64.0,218.0,1005.4312744140624,1.3627715738376884,3.076635121501396,-0.2203183241854567,3.1897560510402903,-0.4507563945197057,1.1522013466208365,1.072078304572779,-0.0715777010715543,3.2997649430028133,1.6650114468654638
64.0,218.0,1006.1286010742188,1.5630251164579407,3.034072154337606,-0.2144607478813976,3.3747890166807086,-0.1840946200972616,1.0834848120091078,1.505132191142844,0.0986427251527393,3.2971237436003165,1.6407078622033984
64.0,218.0,1004.8368530273438,-0.0192859539180938,3.1458012448024646,-0.4052589456220559,3.5837623621294377,-0.4446218579421889,1.004306573519272,1.0674916208430016,-0.1473208806064043,4.659302750457305,1.266183010783346
64.0,218.0,1005.0035400390624,1.488088734200528,3.2964916798764268,-0.081613556681665,3.4931910742310563,-0.4795947022471148,1.19443031097595,1.5983254058784726,0.3030366300005376,3.1093375136026897,1.3517079212642986
64.0,218.0,1005.59716796875,0.8422960777773174,3.0348209215701183,-0.2311176520887816,3.530445462000517,0.731073415144617,1.0838871087870037,1.0526527931079228,-0.2789778063184201,3.525442996103043,1.9314441196361605
64.0,218.0,1005.1682739257812,0.4758226699530498,2.725912301651685,-0.0230184400084026,3.5041163169939864,-0.2839688026094656,0.98246182909671,0.7814411067738086,0.0567855685067581,3.2908997596538847,1.3640380101297185
64.0,218.0,1004.932861328125,1.5796322669745138,2.974669102036052,-0.2759972217390695,3.567574034001228,-0.2093543612178015,1.4940440693796724,1.055340177568717,-0.0056815911348413,3.322450316094878,2.2801882162059304
64.0,218.0,1005.4376220703124,1.4939369051591875,3.208578143175042,-0.0838875551827738,3.6527902052474297,-0.0677512366808728,2.1295316682877434,1.0280783661595605,-0.0117743859456704,3.334761595860714,1.7120512362595308
64.0,218.0,1005.9476318359376,0.0416259073064684,3.056620648095169,0.9059087932371556,3.541676985417584,-0.4558259587305865,-0.3150494321593007,1.05123482986649,-0.0994281152615595,3.238383279985208,1.6565234082160285
64.0,218.0,1005.81201171875,1.0493680198447488,3.1481788145602274,-0.3742052874168526,1.7340138049668434,0.0318673716322229,0.8640905123034281,1.2404658485720614,-0.0193011184880681,2.7865877149951315,1.7316496760128115
64.0,218.0,1004.924560546875,1.3902787656971398,3.2388825019148166,-0.206591284257351,2.6835356447268124,-0.2393013169250669,1.0825663808182378,0.7880722208517016,0.1086941866441624,3.760609960660497,1.5499190461382142
64.0,218.0,1003.884033203125,1.1425112649696187,3.065090117718845,0.592860107788608,2.8071972518327133,0.2549808842303713,0.7688590957311772,1.1434486482266086,0.1774592781213724,3.2904317271738885,1.6652367097735672
64.0,218.0,1004.8756713867188,1.803103039357084,3.04969122379482,-0.2380855070972431,3.544222673085715,-0.3675432124331079,1.0049334701620785,1.0915745130618049,-0.0166428366782459,3.286393579044508,1.7128181502425668
64.0,218.0,1005.5949096679688,1.065741447403239,3.566321993171797,-0.1722097588879127,3.335195644635442,0.4153135222526197,1.6432684793938577,1.2308026718224587,0.3065238812510272,3.32453208933479,1.4181087479272612
64.0,218.0,1005.1708984375,1.5387374172758588,3.0630905424895096,-0.2761169812147975,3.539551483750204,-0.0710913967583387,1.0864629386437223,1.0432566156141505,0.0406253156605319,3.3703392304127733,1.6847979903288934
64.0,218.0,1004.3433227539062,1.5246637626108075,2.588764633984187,-0.2247483509817702,3.541791433209113,-0.2094105942329443,0.0900981966808316,1.4472220790014578,0.3634141441016041,3.275517642189521,1.677631713184814
64.0,218.0,1006.2902221679688,-0.4251081873792355,3.285807122763265,-0.1892787533432827,2.527234148491948,-0.6010386156964528,0.6565171337625719,1.76275366174798,-0.0125229395337214,3.152359389102193,1.536172754489335
64.0,218.0,1002.565185546875,0.5472914493255665,3.366882117201061,1.3060013984334584,1.9325170226020087,-1.0074251950736448,0.7432223534795421,1.6951969237110474,0.1334456915648295,3.316198941140461,1.659375229627378
64.0,218.0,1006.7476806640624,1.3783292661069166,2.227281756843792,0.7486796121921748,2.3676098445669496,-0.4352187250238886,0.1295667694666509,1.2582478032152908,0.9678886220425788,1.546052822985894,1.7088008776725607
64.0,218.0,1003.6841430664062,1.5264166200797986,3.063097861613356,-0.215819897253269,3.5490497273888275,-0.2048867388282806,1.0826619122252867,1.0511392207255632,-0.0170243374408754,3.2973942147249127,1.6821927523441609
64.0,218.0,1005.0227661132812,1.1090167985935704,3.054929262949412,0.2138404591139139,3.3785257770175283,-0.2062982807170551,0.6081492878130935,1.0163426512361524,-0.0348229360837541,3.2931519023315508,1.7331119502206431
64.0,218.0,1006.3912353515624,1.0823124156003283,3.145532408020725,0.0937498638335725,4.3492484902596935,-0.983369492477124,0.3045399617600217,1.0355153888892177,-0.6035785196627739,3.47882371336145,1.9749920545649893
64.0,218.0,1003.7677001953124,0.9753379059727132,3.027481911426474,0.8914709442373026,3.6385006360362526,-0.1936568623912141,0.9354252219936228,1.0515023454212475,1.5844169383747184,3.3013099988549235,1.6821957420369034
64.0,218.0,1005.7315063476562,1.5396689441273124,3.0386942734840274,0.0727790596694881,3.99653790662412,-0.2180394714265182,1.1227822176659112,0.9898665587735348,-0.0161734394273001,3.292559616599718,1.7283088665121291
64.0,218.0,1005.9786376953124,1.1755166225902458,3.0139295819900664,-0.2417305383366287,3.616814653335077,-0.2729520402836232,1.8592848557108288,1.1177652924446315,0.1211451494947978,3.912459696901169,2.2316448068592054
64.0,218.0,1004.7403564453124,0.4804166552562906,3.142058809388116,-0.507253232726782,3.78275224637308,-0.5671588827166028,1.1261544357254607,1.4122039073154182,0.5007209311294231,3.503301094810195,1.926829920271378
64.0,218.0,1004.5214233398438,1.3925082887281215,3.065088985864282,-0.1686798461004562,2.4937664364779137,-0.2246521629870259,1.0573601922845028,1.0844478999456344,-0.8866334099558765,3.2654268773896447,1.6563374701400866
64.0,218.0,1006.101806640625,1.5145614614356997,2.994643314133276,-0.4385238738008652,2.6498988515969346,-0.2204737755628775,1.1219320992016055,0.99350013477897,-0.0190371027451072,3.134156782158529,1.6797391789481235
64.0,218.0,1005.5848999023438,-0.4976473021030942,3.419951677935696,-0.3086301958483286,3.870154605804175,-1.1699164176837953,1.6993185462984577,0.8701808901365833,0.0028869377323087,3.427754210534899,1.6924904654891433
64.0,218.0,1004.2504272460938,-0.8223529424704155,2.825127807401638,-0.323922086313651,1.937577607926971,-0.7880478165526897,-0.5658922756132105,1.2049866790758093,0.2624683225465503,3.2458834880441487,0.9881096602322688
64.0,218.0,1005.768310546875,1.5999854791936896,2.9805356758612893,-0.224463190705871,3.807145392204087,-0.3379384159359995,1.0087144864956603,0.8161970981207121,-0.0299745068515237,3.525817858828421,1.6851147134922917
64.0,219.0,1004.6443481445312,0.6900176227674764,3.063074350782302,-0.3302721781170479,3.0126561550720083,-0.1976159951512532,1.5970259768578052,1.2511792713171723,-0.0167520924344081,3.4265898532482377,1.5636003792452855
64.0,219.0,1004.2421264648438,1.1090451639676264,3.063170278295987,-0.1754780434512142,3.5433184929382966,-0.1568456031498367,1.0766389807596008,1.0528787249669178,-0.0171620058962041,3.1145081813601543,1.5893554756452115
64.0,219.0,1006.1292724609376,0.8825330645131402,3.064174342687368,-0.2362635771631851,3.582316996030628,-0.2074679037536006,0.9559810891053128,1.0531749231574068,-0.0434490340044395,3.286294651604756,2.3253331241426074
64.0,219.0,1005.7072143554688,1.6491448804843336,2.9104453120023,-0.2376035463302053,3.615676320374159,-0.5459213406507523,1.0802436756395946,1.0229389087533642,-0.0226071327225542,3.134768809825729,1.4551102740604491
64.0,219.0,1005.2555541992188,-0.5037094802039921,3.707585390221884,-0.3280569768488796,3.321070462527059,0.979043172621886,-0.4155761280008436,0.9565504599200948,0.2951346271246178,3.295787014291044,2.1819067114242974
64.0,219.0,1006.83154296875,1.5265036097584397,2.4688393553651458,-0.2193779993269236,3.456649131017686,-0.280184533111481,1.4322115030166764,0.0073984864598439,0.0552709621325861,2.764100911123255,1.699477136905433
64.0,219.0,1006.2119140625,0.4893625390202833,1.7795423029239368,-0.2283334970089545,3.1277989280704825,0.4981169607027755,1.141197769335064,2.5146578201478693,1.975507430672696,4.311031517865723,2.0922100116751228
64.0,219.0,1005.1494140625,1.4267671879387,2.82151791963309,-0.2050135975394147,3.599402345635524,-0.212234014229664,1.0699343377498252,1.054124327480299,-0.0348381047181509,3.2384919490320403,1.683330061310487
64.0,219.0,1005.474853515625,1.5026949966969567,4.303640589644998,0.0467183102294996,3.508585978273294,-0.276222544546385,1.2632585220760255,0.9839023829757484,0.4548566034085533,3.319979299343642,1.681623450852277
64.0,219.0,1004.5355224609376,-0.2067583177486083,2.156645823399848,1.1237471826284795,3.780946817479548,-0.5114493991580722,1.3470285072754011,1.5426076556614716,0.9251629364195506,3.6326501297850458,1.193605314089168
64.0,219.0,1004.0458984375,0.6627964073101363,1.902544155917261,1.7356517264199556,1.1276967507837976,-0.9532319298265536,0.6325625002596181,1.4181961809212862,1.2571856093798428,3.247627624338968,0.7396376473821458
64.0,219.0,1004.7117919921876,0.4052530103725722,2.862964791291889,1.0244185980793992,1.6185629550949447,0.0861167524434486,0.806110362194968,0.5149989619430992,0.0762824622613271,3.306353246449835,1.6419964791765842
64.0,219.0,1005.585205078125,1.4441076734521072,3.066111509674269,0.0067028297138759,3.194813058276394,-0.2495793018936137,1.1591742150332562,1.047291772061316,-0.0635626710663064,3.2934046480925203,1.7277033081006632
64.0,219.0,1004.95849609375,0.9162956780313632,2.1247201074083826,0.0379144096914144,3.0493734156772465,-0.204541723945408,1.0866278545155783,1.081534562537653,-0.1426858802547873,2.5531626479271203,1.6834925846586402
64.0,219.0,1003.9569702148438,0.448016906340041,3.105722986450256,0.8138035866923863,3.0955404770734902,0.2620725015799733,1.6869868466778326,0.0600023277914734,0.2622416693067444,3.1208073658522064,1.5478276998793208
64.0,219.0,1005.9080810546876,1.0513515896295955,3.0324479004866207,-0.1399893757068982,2.5909601277576697,-0.1207554487964864,2.5126882206643253,1.1607896320933913,0.180815057255496,3.251736532375584,2.58552590355996
64.0,219.0,1005.7649536132812,0.2825466944237913,3.223371955913502,-1.130107795435179,3.475165291581171,-1.048330892200188,0.6773142097574366,1.7224453178602437,-0.0116344510771347,2.978858171781275,1.664112733334867
64.0,219.0,1003.8233642578124,1.028523366259821,3.0628461474330293,-0.3204188298828894,3.0167776901382988,0.2647472536681213,1.306874930918926,0.9514498344110252,-0.5399432597472117,3.348110656193866,0.8965220619264871
64.0,219.0,1006.2741088867188,1.643031542836416,3.606370926934152,-0.6934784640503268,3.544777025413626,-0.1168117638030309,0.939111865717292,1.235370936060419,0.8014975999324441,3.270795648100955,1.6707495569788469
64.0,219.0,1005.4312744140624,1.3627715738376884,3.076635121501396,-0.2203183241854567,3.1897560510402903,-0.4507563945197057,1.1522013466208365,1.072078304572779,-0.0715777010715543,3.2997649430028133,1.6650114468654638
64.0,219.0,1006.1286010742188,1.5630251164579407,3.034072154337606,-0.2144607478813976,3.3747890166807086,-0.1840946200972616,1.0834848120091078,1.505132191142844,0.0986427251527393,3.2971237436003165,1.6407078622033984
64.0,219.0,1004.8368530273438,-0.0192859539180938,3.1458012448024646,-0.4052589456220559,3.5837623621294377,-0.4446218579421889,1.004306573519272,1.0674916208430016,-0.1473208806064043,4.659302750457305,1.266183010783346
64.0,219.0,1005.0035400390624,1.488088734200528,3.2964916798764268,-0.081613556681665,3.4931910742310563,-0.4795947022471148,1.19443031097595,1.5983254058784726,0.3030366300005376,3.1093375136026897,1.3517079212642986
64.0,219.0,1005.59716796875,0.8422960777773174,3.0348209215701183,-0.2311176520887816,3.530445462000517,0.731073415144617,1.0838871087870037,1.0526527931079228,-0.2789778063184201,3.525442996103043,1.9314441196361605
64.0,219.0,1005.1682739257812,0.4758226699530498,2.725912301651685,-0.0230184400084026,3.5041163169939864,-0.2839688026094656,0.98246182909671,0.7814411067738086,0.0567855685067581,3.2908997596538847,1.3640380101297185
64.0,219.0,1004.932861328125,1.5796322669745138,2.974669102036052,-0.2759972217390695,3.567574034001228,-0.2093543612178015,1.4940440693796724,1.055340177568717,-0.0056815911348413,3.322450316094878,2.2801882162059304
64.0,219.0,1005.4376220703124,1.4939369051591875,3.208578143175042,-0.0838875551827738,3.6527902052474297,-0.0677512366808728,2.1295316682877434,1.0280783661595605,-0.0117743859456704,3.334761595860714,1.7120512362595308
64.0,219.0,1005.9476318359376,0.0416259073064684,3.056620648095169,0.9059087932371556,3.541676985417584,-0.4558259587305865,-0.3150494321593007,1.05123482986649,-0.0994281152615595,3.238383279985208,1.6565234082160285
64.0,219.0,1005.81201171875,1.0493680198447488,3.1481788145602274,-0.3742052874168526,1.7340138049668434,0.0318673716322229,0.8640905123034281,1.2404658485720614,-0.0193011184880681,2.7865877149951315,1.7316496760128115
64.0,219.0,1004.924560546875,1.3902787656971398,3.2388825019148166,-0.206591284257351,2.6835356447268124,-0.2393013169250669,1.0825663808182378,0.7880722208517016,0.1086941866441624,3.760609960660497,1.5499190461382142
64.0,219.0,1003.884033203125,1.1425112649696187,3.065090117718845,0.592860107788608,2.8071972518327133,0.2549808842303713,0.7688590957311772,1.1434486482266086,0.1774592781213724,3.2904317271738885,1.6652367097735672
64.0,219.0,1004.8756713867188,1.803103039357084,3.04969122379482,-0.2380855070972431,3.544222673085715,-0.3675432124331079,1.0049334701620785,1.0915745130618049,-0.0166428366782459,3.286393579044508,1.7128181502425668
64.0,219.0,1005.5949096679688,1.065741447403239,3.566321993171797,-0.1722097588879127,3.335195644635442,0.4153135222526197,1.6432684793938577,1.2308026718224587,0.3065238812510272,3.32453208933479,1.4181087479272612
64.0,219.0,1005.1708984375,1.5387374172758588,3.0630905424895096,-0.2761169812147975,3.539551483750204,-0.0710913967583387,1.0864629386437223,1.0432566156141505,0.0406253156605319,3.3703392304127733,1.6847979903288934
64.0,219.0,1004.3433227539062,1.5246637626108075,2.588764633984187,-0.2247483509817702,3.541791433209113,-0.2094105942329443,0.0900981966808316,1.4472220790014578,0.3634141441016041,3.275517642189521,1.677631713184814
64.0,219.0,1006.2902221679688,-0.4251081873792355,3.285807122763265,-0.1892787533432827,2.527234148491948,-0.6010386156964528,0.6565171337625719,1.76275366174798,-0.0125229395337214,3.152359389102193,1.536172754489335
64.0,219.0,1002.565185546875,0.5472914493255665,3.366882117201061,1.3060013984334584,1.9325170226020087,-1.0074251950736448,0.7432223534795421,1.6951969237110474,0.1334456915648295,3.316198941140461,1.659375229627378
64.0,219.0,1006.7476806640624,1.3783292661069166,2.227281756843792,0.7486796121921748,2.3676098445669496,-0.4352187250238886,0.1295667694666509,1.2582478032152908,0.9678886220425788,1.546052822985894,1.7088008776725607
64.0,219.0,1003.6841430664062,1.5264166200797986,3.063097861613356,-0.215819897253269,3.5490497273888275,-0.2048867388282806,1.0826619122252867,1.0511392207255632,-0.0170243374408754,3.2973942147249127,1.6821927523441609
64.0,219.0,1005.0227661132812,1.1090167985935704,3.054929262949412,0.2138404591139139,3.3785257770175283,-0.2062982807170551,0.6081492878130935,1.0163426512361524,-0.0348229360837541,3.2931519023315508,1.7331119502206431
64.0,219.0,1006.3912353515624,1.0823124156003283,3.145532408020725,0.0937498638335725,4.3492484902596935,-0.983369492477124,0.3045399617600217,1.0355153888892177,-0.6035785196627739,3.47882371336145,1.9749920545649893
64.0,219.0,1003.7677001953124,0.9753379059727132,3.027481911426474,0.8914709442373026,3.6385006360362526,-0.1936568623912141,0.9354252219936228,1.0515023454212475,1.5844169383747184,3.3013099988549235,1.6821957420369034
64.0,219.0,1005.7315063476562,1.5396689441273124,3.0386942734840274,0.0727790596694881,3.99653790662412,-0.2180394714265182,1.1227822176659112,0.9898665587735348,-0.0161734394273001,3.292559616599718,1.7283088665121291
64.0,219.0,1005.9786376953124,1.1755166225902458,3.0139295819900664,-0.2417305383366287,3.616814653335077,-0.2729520402836232,1.8592848557108288,1.1177652924446315,0.1211451494947978,3.912459696901169,2.2316448068592054
64.0,219.0,1004.7403564453124,0.4804166552562906,3.142058809388116,-0.507253232726782,3.78275224637308,-0.5671588827166028,1.1261544357254607,1.4122039073154182,0.5007209311294231,3.503301094810195,1.926829920271378
64.0,219.0,1004.5214233398438,1.3925082887281215,3.065088985864282,-0.1686798461004562,2.4937664364779137,-0.2246521629870259,1.0573601922845028,1.0844478999456344,-0.8866334099558765,3.2654268773896447,1.6563374701400866
64.0,219.0,1006.101806640625,1.5145614614356997,2.994643314133276,-0.4385238738008652,2.6498988515969346,-0.2204737755628775,1.1219320992016055,0.99350013477897,-0.0190371027451072,3.134156782158529,1.6797391789481235
64.0,219.0,1005.5848999023438,-0.4976473021030942,3.419951677935696,-0.3086301958483286,3.870154605804175,-1.1699164176837953,1.6993185462984577,0.8701808901365833,0.0028869377323087,3.427754210534899,1.6924904654891433
64.0,219.0,1004.2504272460938,-0.8223529424704155,2.825127807401638,-0.323922086313651,1.937577607926971,-0.7880478165526897,-0.5658922756132105,1.2049866790758093,0.2624683225465503,3.2458834880441487,0.9881096602322688
64.0,219.0,1005.768310546875,1.5999854791936896,2.9805356758612893,-0.224463190705871,3.807145392204087,-0.3379384159359995,1.0087144864956603,0.8161970981207121,-0.0299745068515237,3.525817858828421,1.6851147134922917
64.0,220.0,1004.6443481445312,0.6900176227674764,3.063074350782302,-0.3302721781170479,3.0126561550720083,-0.1976159951512532,1.5970259768578052,1.2511792713171723,-0.0167520924344081,3.4265898532482377,1.5636003792452855
64.0,220.0,1004.2421264648438,1.1090451639676264,3.063170278295987,-0.1754780434512142,3.5433184929382966,-0.1568456031498367,1.0766389807596008,1.0528787249669178,-0.0171620058962041,3.1145081813601543,1.5893554756452115
64.0,220.0,1005.7791137695312,0.6317410114373033,3.3821840388898674,-0.6555082762858517,1.8304964441013163,0.265419887632873,0.7751960162999161,1.243165064585624,-0.3543464243561521,3.598221077351875,1.5754946386202904
64.0,220.0,1005.7072143554688,1.6491448804843336,2.9104453120023,-0.2376035463302053,3.615676320374159,-0.5459213406507523,1.0802436756395946,1.0229389087533642,-0.0226071327225542,3.134768809825729,1.4551102740604491
64.0,220.0,1005.2555541992188,-0.5037094802039921,3.707585390221884,-0.3280569768488796,3.321070462527059,0.979043172621886,-0.4155761280008436,0.9565504599200948,0.2951346271246178,3.295787014291044,2.1819067114242974
64.0,220.0,1006.83154296875,1.5265036097584397,2.4688393553651458,-0.2193779993269236,3.456649131017686,-0.280184533111481,1.4322115030166764,0.0073984864598439,0.0552709621325861,2.764100911123255,1.699477136905433
64.0,220.0,1006.2119140625,0.4893625390202833,1.7795423029239368,-0.2283334970089545,3.1277989280704825,0.4981169607027755,1.141197769335064,2.5146578201478693,1.975507430672696,4.311031517865723,2.0922100116751228
64.0,220.0,1005.1494140625,1.4267671879387,2.82151791963309,-0.2050135975394147,3.599402345635524,-0.212234014229664,1.0699343377498252,1.054124327480299,-0.0348381047181509,3.2384919490320403,1.683330061310487
64.0,220.0,1005.474853515625,1.5026949966969567,4.303640589644998,0.0467183102294996,3.508585978273294,-0.276222544546385,1.2632585220760255,0.9839023829757484,0.4548566034085533,3.319979299343642,1.681623450852277
64.0,220.0,1004.5355224609376,-0.2067583177486083,2.156645823399848,1.1237471826284795,3.780946817479548,-0.5114493991580722,1.3470285072754011,1.5426076556614716,0.9251629364195506,3.6326501297850458,1.193605314089168
64.0,220.0,1004.0458984375,0.6627964073101363,1.902544155917261,1.7356517264199556,1.1276967507837976,-0.9532319298265536,0.6325625002596181,1.4181961809212862,1.2571856093798428,3.247627624338968,0.7396376473821458
64.0,220.0,1004.7117919921876,0.4052530103725722,2.862964791291889,1.0244185980793992,1.6185629550949447,0.0861167524434486,0.806110362194968,0.5149989619430992,0.0762824622613271,3.306353246449835,1.6419964791765842
64.0,220.0,1005.585205078125,1.4441076734521072,3.066111509674269,0.0067028297138759,3.194813058276394,-0.2495793018936137,1.1591742150332562,1.047291772061316,-0.0635626710663064,3.2934046480925203,1.7277033081006632
64.0,220.0,1004.95849609375,0.9162956780313632,2.1247201074083826,0.0379144096914144,3.0493734156772465,-0.204541723945408,1.0866278545155783,1.081534562537653,-0.1426858802547873,2.5531626479271203,1.6834925846586402
64.0,220.0,1003.9569702148438,0.448016906340041,3.105722986450256,0.8138035866923863,3.0955404770734902,0.2620725015799733,1.6869868466778326,0.0600023277914734,0.2622416693067444,3.1208073658522064,1.5478276998793208
64.0,220.0,1005.9080810546876,1.0513515896295955,3.0324479004866207,-0.1399893757068982,2.5909601277576697,-0.1207554487964864,2.5126882206643253,1.1607896320933913,0.180815057255496,3.251736532375584,2.58552590355996
64.0,220.0,1005.7649536132812,0.2825466944237913,3.223371955913502,-1.130107795435179,3.475165291581171,-1.048330892200188,0.6773142097574366,1.7224453178602437,-0.0116344510771347,2.978858171781275,1.664112733334867
64.0,220.0,1003.8233642578124,1.028523366259821,3.0628461474330293,-0.3204188298828894,3.0167776901382988,0.2647472536681213,1.306874930918926,0.9514498344110252,-0.5399432597472117,3.348110656193866,0.8965220619264871
64.0,220.0,1006.2741088867188,1.643031542836416,3.606370926934152,-0.6934784640503268,3.544777025413626,-0.1168117638030309,0.939111865717292,1.235370936060419,0.8014975999324441,3.270795648100955,1.6707495569788469
64.0,220.0,1005.4312744140624,1.3627715738376884,3.076635121501396,-0.2203183241854567,3.1897560510402903,-0.4507563945197057,1.1522013466208365,1.072078304572779,-0.0715777010715543,3.2997649430028133,1.6650114468654638
64.0,220.0,1006.1286010742188,1.5630251164579407,3.034072154337606,-0.2144607478813976,3.3747890166807086,-0.1840946200972616,1.0834848120091078,1.505132191142844,0.0986427251527393,3.2971237436003165,1.6407078622033984
64.0,220.0,1004.8368530273438,-0.0192859539180938,3.1458012448024646,-0.4052589456220559,3.5837623621294377,-0.4446218579421889,1.004306573519272,1.0674916208430016,-0.1473208806064043,4.659302750457305,1.266183010783346
64.0,220.0,1005.0035400390624,1.488088734200528,3.2964916798764268,-0.081613556681665,3.4931910742310563,-0.4795947022471148,1.19443031097595,1.5983254058784726,0.3030366300005376,3.1093375136026897,1.3517079212642986
64.0,220.0,1005.59716796875,0.8422960777773174,3.0348209215701183,-0.2311176520887816,3.530445462000517,0.731073415144617,1.0838871087870037,1.0526527931079228,-0.2789778063184201,3.525442996103043,1.9314441196361605
64.0,220.0,1005.1682739257812,0.4758226699530498,2.725912301651685,-0.0230184400084026,3.5041163169939864,-0.2839688026094656,0.98246182909671,0.7814411067738086,0.0567855685067581,3.2908997596538847,1.3640380101297185
64.0,220.0,1004.932861328125,1.5796322669745138,2.974669102036052,-0.2759972217390695,3.567574034001228,-0.2093543612178015,1.4940440693796724,1.055340177568717,-0.0056815911348413,3.322450316094878,2.2801882162059304
64.0,220.0,1005.4376220703124,1.4939369051591875,3.208578143175042,-0.0838875551827738,3.6527902052474297,-0.0677512366808728,2.1295316682877434,1.0280783661595605,-0.0117743859456704,3.334761595860714,1.7120512362595308
64.0,220.0,1005.9476318359376,0.0416259073064684,3.056620648095169,0.9059087932371556,3.541676985417584,-0.4558259587305865,-0.3150494321593007,1.05123482986649,-0.0994281152615595,3.238383279985208,1.6565234082160285
64.0,220.0,1005.81201171875,1.0493680198447488,3.1481788145602274,-0.3742052874168526,1.7340138049668434,0.0318673716322229,0.8640905123034281,1.2404658485720614,-0.0193011184880681,2.7865877149951315,1.7316496760128115
64.0,220.0,1004.924560546875,1.3902787656971398,3.2388825019148166,-0.206591284257351,2.6835356447268124,-0.2393013169250669,1.0825663808182378,0.7880722208517016,0.1086941866441624,3.760609960660497,1.5499190461382142
64.0,220.0,1003.884033203125,1.1425112649696187,3.065090117718845,0.592860107788608,2.8071972518327133,0.2549808842303713,0.7688590957311772,1.1434486482266086,0.1774592781213724,3.2904317271738885,1.6652367097735672
64.0,220.0,1004.8756713867188,1.803103039357084,3.04969122379482,-0.2380855070972431,3.544222673085715,-0.3675432124331079,1.0049334701620785,1.0915745130618049,-0.0166428366782459,3.286393579044508,1.7128181502425668
64.0,220.0,1005.5949096679688,1.065741447403239,3.566321993171797,-0.1722097588879127,3.335195644635442,0.4153135222526197,1.6432684793938577,1.2308026718224587,0.3065238812510272,3.32453208933479,1.4181087479272612
64.0,220.0,1005.1708984375,1.5387374172758588,3.0630905424895096,-0.2761169812147975,3.539551483750204,-0.0710913967583387,1.0864629386437223,1.0432566156141505,0.0406253156605319,3.3703392304127733,1.6847979903288934
64.0,220.0,1004.3433227539062,1.5246637626108075,2.588764633984187,-0.2247483509817702,3.541791433209113,-0.2094105942329443,0.0900981966808316,1.4472220790014578,0.3634141441016041,3.275517642189521,1.677631713184814
64.0,220.0,1006.2902221679688,-0.4251081873792355,3.285807122763265,-0.1892787533432827,2.527234148491948,-0.6010386156964528,0.6565171337625719,1.76275366174798,-0.0125229395337214,3.152359389102193,1.536172754489335
64.0,220.0,1002.565185546875,0.5472914493255665,3.366882117201061,1.3060013984334584,1.9325170226020087,-1.0074251950736448,0.7432223534795421,1.6951969237110474,0.1334456915648295,3.316198941140461,1.659375229627378
64.0,220.0,1006.7476806640624,1.3783292661069166,2.227281756843792,0.7486796121921748,2.3676098445669496,-0.4352187250238886,0.1295667694666509,1.2582478032152908,0.9678886220425788,1.546052822985894,1.7088008776725607
64.0,220.0,1003.6841430664062,1.5264166200797986,3.063097861613356,-0.215819897253269,3.5490497273888275,-0.2048867388282806,1.0826619122252867,1.0511392207255632,-0.0170243374408754,3.2973942147249127,1.6821927523441609
64.0,220.0,1005.0227661132812,1.1090167985935704,3.054929262949412,0.2138404591139139,3.3785257770175283,-0.2062982807170551,0.6081492878130935,1.0163426512361524,-0.0348229360837541,3.2931519023315508,1.7331119502206431
64.0,220.0,1006.3912353515624,1.0823124156003283,3.145532408020725,0.0937498638335725,4.3492484902596935,-0.983369492477124,0.3045399617600217,1.0355153888892177,-0.6035785196627739,3.47882371336145,1.9749920545649893
64.0,220.0,1003.7677001953124,0.9753379059727132,3.027481911426474,0.8914709442373026,3.6385006360362526,-0.1936568623912141,0.9354252219936228,1.0515023454212475,1.5844169383747184,3.3013099988549235,1.6821957420369034
64.0,220.0,1005.7315063476562,1.5396689441273124,3.0386942734840274,0.0727790596694881,3.99653790662412,-0.2180394714265182,1.1227822176659112,0.9898665587735348,-0.0161734394273001,3.292559616599718,1.7283088665121291
64.0,220.0,1005.9786376953124,1.1755166225902458,3.0139295819900664,-0.2417305383366287,3.616814653335077,-0.2729520402836232,1.8592848557108288,1.1177652924446315,0.1211451494947978,3.912459696901169,2.2316448068592054
64.0,220.0,1004.7403564453124,0.4804166552562906,3.142058809388116,-0.507253232726782,3.78275224637308,-0.5671588827166028,1.1261544357254607,1.4122039073154182,0.5007209311294231,3.503301094810195,1.926829920271378
64.0,220.0,1004.5214233398438,1.3925082887281215,3.065088985864282,-0.1686798461004562,2.4937664364779137,-0.2246521629870259,1.0573601922845028,1.0844478999456344,-0.8866334099558765,3.2654268773896447,1.6563374701400866
64.0,220.0,1006.101806640625,1.5145614614356997,2.994643314133276,-0.4385238738008652,2.6498988515969346,-0.2204737755628775,1.1219320992016055,0.99350013477897,-0.0190371027451072,3.134156782158529,1.6797391789481235
64.0,220.0,1005.5848999023438,-0.4976473021030942,3.419951677935696,-0.3086301958483286,3.870154605804175,-1.1699164176837953,1.6993185462984577,0.8701808901365833,0.0028869377323087,3.427754210534899,1.6924904654891433
64.0,220.0,1004.2504272460938,-0.8223529424704155,2.825127807401638,-0.323922086313651,1.937577607926971,-0.7880478165526897,-0.5658922756132105,1.2049866790758093,0.2624683225465503,3.2458834880441487,0.9881096602322688
64.0,220.0,1005.768310546875,1.5999854791936896,2.9805356758612893,-0.224463190705871,3.807145392204087,-0.3379384159359995,1.0087144864956603,0.8161970981207121,-0.0299745068515237,3.525817858828421,1.6851147134922917
64.0,221.0,1004.6443481445312,0.6900176227674764,3.063074350782302,-0.3302721781170479,3.0126561550720083,-0.1976159951512532,1.5970259768578052,1.2511792713171723,-0.0167520924344081,3.4265898532482377,1.5636003792452855
64.0,221.0,1004.2421264648438,1.1090451639676264,3.063170278295987,-0.1754780434512142,3.5433184929382966,-0.1568456031498367,1.0766389807596008,1.0528787249669178,-0.0171620058962041,3.1145081813601543,1.5893554756452115
64.0,221.0,1005.7791137695312,0.6317410114373033,3.3821840388898674,-0.6555082762858517,1.8304964441013163,0.265419887632873,0.7751960162999161,1.243165064585624,-0.3543464243561521,3.598221077351875,1.5754946386202904
64.0,221.0,1005.7072143554688,1.6491448804843336,2.9104453120023,-0.2376035463302053,3.615676320374159,-0.5459213406507523,1.0802436756395946,1.0229389087533642,-0.0226071327225542,3.134768809825729,1.4551102740604491
64.0,221.0,1005.2555541992188,-0.5037094802039921,3.707585390221884,-0.3280569768488796,3.321070462527059,0.979043172621886,-0.4155761280008436,0.9565504599200948,0.2951346271246178,3.295787014291044,2.1819067114242974
64.0,221.0,1006.83154296875,1.5265036097584397,2.4688393553651458,-0.2193779993269236,3.456649131017686,-0.280184533111481,1.4322115030166764,0.0073984864598439,0.0552709621325861,2.764100911123255,1.699477136905433
64.0,221.0,1006.2119140625,0.4893625390202833,1.7795423029239368,-0.2283334970089545,3.1277989280704825,0.4981169607027755,1.141197769335064,2.5146578201478693,1.975507430672696,4.311031517865723,2.0922100116751228
64.0,221.0,1005.1494140625,1.4267671879387,2.82151791963309,-0.2050135975394147,3.599402345635524,-0.212234014229664,1.0699343377498252,1.054124327480299,-0.0348381047181509,3.2384919490320403,1.683330061310487
64.0,221.0,1005.474853515625,1.5026949966969567,4.303640589644998,0.0467183102294996,3.508585978273294,-0.276222544546385,1.2632585220760255,0.9839023829757484,0.4548566034085533,3.319979299343642,1.681623450852277
64.0,221.0,1004.5355224609376,-0.2067583177486083,2.156645823399848,1.1237471826284795,3.780946817479548,-0.5114493991580722,1.3470285072754011,1.5426076556614716,0.9251629364195506,3.6326501297850458,1.193605314089168
64.0,221.0,1004.0458984375,0.6627964073101363,1.902544155917261,1.7356517264199556,1.1276967507837976,-0.9532319298265536,0.6325625002596181,1.4181961809212862,1.2571856093798428,3.247627624338968,0.7396376473821458
64.0,221.0,1004.7117919921876,0.4052530103725722,2.862964791291889,1.0244185980793992,1.6185629550949447,0.0861167524434486,0.806110362194968,0.5149989619430992,0.0762824622613271,3.306353246449835,1.6419964791765842
64.0,221.0,1005.585205078125,1.4441076734521072,3.066111509674269,0.0067028297138759,3.194813058276394,-0.2495793018936137,1.1591742150332562,1.047291772061316,-0.0635626710663064,3.2934046480925203,1.7277033081006632
64.0,221.0,1004.95849609375,0.9162956780313632,2.1247201074083826,0.0379144096914144,3.0493734156772465,-0.204541723945408,1.0866278545155783,1.081534562537653,-0.1426858802547873,2.5531626479271203,1.6834925846586402
64.0,221.0,1003.9569702148438,0.448016906340041,3.105722986450256,0.8138035866923863,3.0955404770734902,0.2620725015799733,1.6869868466778326,0.0600023277914734,0.2622416693067444,3.1208073658522064,1.5478276998793208
64.0,221.0,1005.9080810546876,1.0513515896295955,3.0324479004866207,-0.1399893757068982,2.5909601277576697,-0.1207554487964864,2.5126882206643253,1.1607896320933913,0.180815057255496,3.251736532375584,2.58552590355996
64.0,221.0,1005.7649536132812,0.2825466944237913,3.223371955913502,-1.130107795435179,3.475165291581171,-1.048330892200188,0.6773142097574366,1.7224453178602437,-0.0116344510771347,2.978858171781275,1.664112733334867
64.0,221.0,1003.8233642578124,1.028523366259821,3.0628461474330293,-0.3204188298828894,3.0167776901382988,0.2647472536681213,1.306874930918926,0.9514498344110252,-0.5399432597472117,3.348110656193866,0.8965220619264871
64.0,221.0,1006.2741088867188,1.643031542836416,3.606370926934152,-0.6934784640503268,3.544777025413626,-0.1168117638030309,0.939111865717292,1.235370936060419,0.8014975999324441,3.270795648100955,1.6707495569788469
64.0,221.0,1005.4312744140624,1.3627715738376884,3.076635121501396,-0.2203183241854567,3.1897560510402903,-0.4507563945197057,1.1522013466208365,1.072078304572779,-0.0715777010715543,3.2997649430028133,1.6650114468654638
64.0,221.0,1006.1286010742188,1.5630251164579407,3.034072154337606,-0.2144607478813976,3.3747890166807086,-0.1840946200972616,1.0834848120091078,1.505132191142844,0.0986427251527393,3.2971237436003165,1.6407078622033984
64.0,221.0,1004.8368530273438,-0.0192859539180938,3.1458012448024646,-0.4052589456220559,3.5837623621294377,-0.4446218579421889,1.004306573519272,1.0674916208430016,-0.1473208806064043,4.659302750457305,1.266183010783346
64.0,221.0,1005.0035400390624,1.488088734200528,3.2964916798764268,-0.081613556681665,3.4931910742310563,-0.4795947022471148,1.19443031097595,1.5983254058784726,0.3030366300005376,3.1093375136026897,1.3517079212642986
64.0,221.0,1005.59716796875,0.8422960777773174,3.0348209215701183,-0.2311176520887816,3.530445462000517,0.731073415144617,1.0838871087870037,1.0526527931079228,-0.2789778063184201,3.525442996103043,1.9314441196361605
64.0,221.0,1005.1682739257812,0.4758226699530498,2.725912301651685,-0.0230184400084026,3.5041163169939864,-0.2839688026094656,0.98246182909671,0.7814411067738086,0.0567855685067581,3.2908997596538847,1.3640380101297185
64.0,221.0,1004.932861328125,1.5796322669745138,2.974669102036052,-0.2759972217390695,3.567574034001228,-0.2093543612178015,1.4940440693796724,1.055340177568717,-0.0056815911348413,3.322450316094878,2.2801882162059304
64.0,221.0,1005.4376220703124,1.4939369051591875,3.208578143175042,-0.0838875551827738,3.6527902052474297,-0.0677512366808728,2.1295316682877434,1.0280783661595605,-0.0117743859456704,3.334761595860714,1.7120512362595308
64.0,221.0,1005.9476318359376,0.0416259073064684,3.056620648095169,0.9059087932371556,3.541676985417584,-0.4558259587305865,-0.3150494321593007,1.05123482986649,-0.0994281152615595,3.238383279985208,1.6565234082160285
64.0,221.0,1005.81201171875,1.0493680198447488,3.1481788145602274,-0.3742052874168526,1.7340138049668434,0.0318673716322229,0.8640905123034281,1.2404658485720614,-0.0193011184880681,2.7865877149951315,1.7316496760128115
64.0,221.0,1004.924560546875,1.3902787656971398,3.2388825019148166,-0.206591284257351,2.6835356447268124,-0.2393013169250669,1.0825663808182378,0.7880722208517016,0.1086941866441624,3.760609960660497,1.5499190461382142
64.0,221.0,1003.884033203125,1.1425112649696187,3.065090117718845,0.592860107788608,2.8071972518327133,0.2549808842303713,0.7688590957311772,1.1434486482266086,0.1774592781213724,3.2904317271738885,1.6652367097735672
64.0,221.0,1004.8756713867188,1.803103039357084,3.04969122379482,-0.2380855070972431,3.544222673085715,-0.3675432124331079,1.0049334701620785,1.0915745130618049,-0.0166428366782459,3.286393579044508,1.7128181502425668
64.0,221.0,1005.5949096679688,1.065741447403239,3.566321993171797,-0.1722097588879127,3.335195644635442,0.4153135222526197,1.6432684793938577,1.2308026718224587,0.3065238812510272,3.32453208933479,1.4181087479272612
64.0,221.0,1005.1708984375,1.5387374172758588,3.0630905424895096,-0.2761169812147975,3.539551483750204,-0.0710913967583387,1.0864629386437223,1.0432566156141505,0.0406253156605319,3.3703392304127733,1.6847979903288934
64.0,221.0,1004.3433227539062,1.5246637626108075,2.588764633984187,-0.2247483509817702,3.541791433209113,-0.2094105942329443,0.0900981966808316,1.4472220790014578,0.3634141441016041,3.275517642189521,1.677631713184814
64.0,221.0,1006.2902221679688,-0.4251081873792355,3.285807122763265,-0.1892787533432827,2.527234148491948,-0.6010386156964528,0.6565171337625719,1.76275366174798,-0.0125229395337214,3.152359389102193,1.536172754489335
64.0,221.0,1002.565185546875,0.5472914493255665,3.366882117201061,1.3060013984334584,1.9325170226020087,-1.0074251950736448,0.7432223534795421,1.6951969237110474,0.1334456915648295,3.316198941140461,1.659375229627378
64.0,221.0,1006.7476806640624,1.3783292661069166,2.227281756843792,0.7486796121921748,2.3676098445669496,-0.4352187250238886,0.1295667694666509,1.2582478032152908,0.9678886220425788,1.546052822985894,1.7088008776725607
64.0,221.0,1003.6841430664062,1.5264166200797986,3.063097861613356,-0.215819897253269,3.5490497273888275,-0.2048867388282806,1.0826619122252867,1.0511392207255632,-0.0170243374408754,3.2973942147249127,1.6821927523441609
64.0,221.0,1005.0227661132812,1.1090167985935704,3.054929262949412,0.2138404591139139,3.3785257770175283,-0.2062982807170551,0.6081492878130935,1.0163426512361524,-0.0348229360837541,3.2931519023315508,1.7331119502206431
64.0,221.0,1006.3912353515624,1.0823124156003283,3.145532408020725,0.0937498638335725,4.3492484902596935,-0.983369492477124,0.3045399617600217,1.0355153888892177,-0.6035785196627739,3.47882371336145,1.9749920545649893
64.0,221.0,1003.7677001953124,0.9753379059727132,3.027481911426474,0.8914709442373026,3.6385006360362526,-0.1936568623912141,0.9354252219936228,1.0515023454212475,1.5844169383747184,3.3013099988549235,1.6821957420369034
64.0,221.0,1005.7315063476562,1.5396689441273124,3.0386942734840274,0.0727790596694881,3.99653790662412,-0.2180394714265182,1.1227822176659112,0.9898665587735348,-0.0161734394273001,3.292559616599718,1.7283088665121291
64.0,221.0,1005.9786376953124,1.1755166225902458,3.0139295819900664,-0.2417305383366287,3.616814653335077,-0.2729520402836232,1.8592848557108288,1.1177652924446315,0.1211451494947978,3.912459696901169,2.2316448068592054
64.0,221.0,1004.7403564453124,0.4804166552562906,3.142058809388116,-0.507253232726782,3.78275224637308,-0.5671588827166028,1.1261544357254607,1.4122039073154182,0.5007209311294231,3.503301094810195,1.926829920271378
64.0,221.0,1004.5214233398438,1.3925082887281215,3.065088985864282,-0.1686798461004562,2.4937664364779137,-0.2246521629870259,1.0573601922845028,1.0844478999456344,-0.8866334099558765,3.2654268773896447,1.6563374701400866
64.0,221.0,1006.101806640625,1.5145614614356997,2.994643314133276,-0.4385238738008652,2.6498988515969346,-0.2204737755628775,1.1219320992016055,0.99350013477897,-0.0190371027451072,3.134156782158529,1.6797391789481235
64.0,221.0,1005.5848999023438,-0.4976473021030942,3.419951677935696,-0.3086301958483286,3.870154605804175,-1.1699164176837953,1.6993185462984577,0.8701808901365833,0.0028869377323087,3.427754210534899,1.6924904654891433
64.0,221.0,1004.2504272460938,-0.8223529424704155,2.825127807401638,-0.323922086313651,1.937577607926971,-0.7880478165526897,-0.5658922756132105,1.2049866790758093,0.2624683225465503,3.2458834880441487,0.9881096602322688
64.0,221.0,1005.768310546875,1.5999854791936896,2.9805356758612893,-0.224463190705871,3.807145392204087,-0.3379384159359995,1.0087144864956603,0.8161970981207121,-0.0299745068515237,3.525817858828421,1.6851147134922917
64.0,222.0,1004.6443481445312,0.6900176227674764,3.063074350782302,-0.3302721781170479,3.0126561550720083,-0.1976159951512532,1.5970259768578052,1.2511792713171723,-0.0167520924344081,3.4265898532482377,1.5636003792452855
64.0,222.0,1004.2421264648438,1.1090451639676264,3.063170278295987,-0.1754780434512142,3.5433184929382966,-0.1568456031498367,1.0766389807596008,1.0528787249669178,-0.0171620058962041,3.1145081813601543,1.5893554756452115
64.0,222.0,1005.7791137695312,0.6317410114373033,3.3821840388898674,-0.6555082762858517,1.8304964441013163,0.265419887632873,0.7751960162999161,1.243165064585624,-0.3543464243561521,3.598221077351875,1.5754946386202904
64.0,222.0,1005.7072143554688,1.6491448804843336,2.9104453120023,-0.2376035463302053,3.615676320374159,-0.5459213406507523,1.0802436756395946,1.0229389087533642,-0.0226071327225542,3.134768809825729,1.4551102740604491
64.0,222.0,1005.2555541992188,-0.5037094802039921,3.707585390221884,-0.3280569768488796,3.321070462527059,0.979043172621886,-0.4155761280008436,0.9565504599200948,0.2951346271246178,3.295787014291044,2.1819067114242974
64.0,222.0,1006.83154296875,1.5265036097584397,2.4688393553651458,-0.2193779993269236,3.456649131017686,-0.280184533111481,1.4322115030166764,0.0073984864598439,0.0552709621325861,2.764100911123255,1.699477136905433
64.0,222.0,1006.2119140625,0.4893625390202833,1.7795423029239368,-0.2283334970089545,3.1277989280704825,0.4981169607027755,1.141197769335064,2.5146578201478693,1.975507430672696,4.311031517865723,2.0922100116751228
64.0,222.0,1005.1494140625,1.4267671879387,2.82151791963309,-0.2050135975394147,3.599402345635524,-0.212234014229664,1.0699343377498252,1.054124327480299,-0.0348381047181509,3.2384919490320403,1.683330061310487
64.0,222.0,1005.474853515625,1.5026949966969567,4.303640589644998,0.0467183102294996,3.508585978273294,-0.276222544546385,1.2632585220760255,0.9839023829757484,0.4548566034085533,3.319979299343642,1.681623450852277
64.0,222.0,1004.5355224609376,-0.2067583177486083,2.156645823399848,1.1237471826284795,3.780946817479548,-0.5114493991580722,1.3470285072754011,1.5426076556614716,0.9251629364195506,3.6326501297850458,1.193605314089168
64.0,222.0,1004.0458984375,0.6627964073101363,1.902544155917261,1.7356517264199556,1.1276967507837976,-0.9532319298265536,0.6325625002596181,1.4181961809212862,1.2571856093798428,3.247627624338968,0.7396376473821458
64.0,222.0,1004.7117919921876,0.4052530103725722,2.862964791291889,1.0244185980793992,1.6185629550949447,0.0861167524434486,0.806110362194968,0.5149989619430992,0.0762824622613271,3.306353246449835,1.6419964791765842
64.0,222.0,1005.585205078125,1.4441076734521072,3.066111509674269,0.0067028297138759,3.194813058276394,-0.2495793018936137,1.1591742150332562,1.047291772061316,-0.0635626710663064,3.2934046480925203,1.7277033081006632
64.0,222.0,1004.95849609375,0.9162956780313632,2.1247201074083826,0.0379144096914144,3.0493734156772465,-0.204541723945408,1.0866278545155783,1.081534562537653,-0.1426858802547873,2.5531626479271203,1.6834925846586402
64.0,222.0,1003.9569702148438,0.448016906340041,3.105722986450256,0.8138035866923863,3.0955404770734902,0.2620725015799733,1.6869868466778326,0.0600023277914734,0.2622416693067444,3.1208073658522064,1.5478276998793208
64.0,222.0,1005.9080810546876,1.0513515896295955,3.0324479004866207,-0.1399893757068982,2.5909601277576697,-0.1207554487964864,2.5126882206643253,1.1607896320933913,0.180815057255496,3.251736532375584,2.58552590355996
64.0,222.0,1005.7649536132812,0.2825466944237913,3.223371955913502,-1.130107795435179,3.475165291581171,-1.048330892200188,0.6773142097574366,1.7224453178602437,-0.0116344510771347,2.978858171781275,1.664112733334867
64.0,222.0,1003.8233642578124,1.028523366259821,3.0628461474330293,-0.3204188298828894,3.0167776901382988,0.2647472536681213,1.306874930918926,0.9514498344110252,-0.5399432597472117,3.348110656193866,0.8965220619264871
64.0,222.0,1006.2741088867188,1.643031542836416,3.606370926934152,-0.6934784640503268,3.544777025413626,-0.1168117638030309,0.939111865717292,1.235370936060419,0.8014975999324441,3.270795648100955,1.6707495569788469
64.0,222.0,1005.4312744140624,1.3627715738376884,3.076635121501396,-0.2203183241854567,3.1897560510402903,-0.4507563945197057,1.1522013466208365,1.072078304572779,-0.0715777010715543,3.2997649430028133,1.6650114468654638
64.0,222.0,1006.1286010742188,1.5630251164579407,3.034072154337606,-0.2144607478813976,3.3747890166807086,-0.1840946200972616,1.0834848120091078,1.505132191142844,0.0986427251527393,3.2971237436003165,1.6407078622033984
64.0,222.0,1004.8368530273438,-0.0192859539180938,3.1458012448024646,-0.4052589456220559,3.5837623621294377,-0.4446218579421889,1.004306573519272,1.0674916208430016,-0.1473208806064043,4.659302750457305,1.266183010783346
64.0,222.0,1005.0035400390624,1.488088734200528,3.2964916798764268,-0.081613556681665,3.4931910742310563,-0.4795947022471148,1.19443031097595,1.5983254058784726,0.3030366300005376,3.1093375136026897,1.3517079212642986
64.0,222.0,1005.59716796875,0.8422960777773174,3.0348209215701183,-0.2311176520887816,3.530445462000517,0.731073415144617,1.0838871087870037,1.0526527931079228,-0.2789778063184201,3.525442996103043,1.9314441196361605
64.0,222.0,1005.1682739257812,0.4758226699530498,2.725912301651685,-0.0230184400084026,3.5041163169939864,-0.2839688026094656,0.98246182909671,0.7814411067738086,0.0567855685067581,3.2908997596538847,1.3640380101297185
64.0,222.0,1004.932861328125,1.5796322669745138,2.974669102036052,-0.2759972217390695,3.567574034001228,-0.2093543612178015,1.4940440693796724,1.055340177568717,-0.0056815911348413,3.322450316094878,2.2801882162059304
64.0,222.0,1005.4376220703124,1.4939369051591875,3.208578143175042,-0.0838875551827738,3.6527902052474297,-0.0677512366808728,2.1295316682877434,1.0280783661595605,-0.0117743859456704,3.334761595860714,1.7120512362595308
64.0,222.0,1005.9476318359376,0.0416259073064684,3.056620648095169,0.9059087932371556,3.541676985417584,-0.4558259587305865,-0.3150494321593007,1.05123482986649,-0.0994281152615595,3.238383279985208,1.6565234082160285
64.0,222.0,1005.81201171875,1.0493680198447488,3.1481788145602274,-0.3742052874168526,1.7340138049668434,0.0318673716322229,0.8640905123034281,1.2404658485720614,-0.0193011184880681,2.7865877149951315,1.7316496760128115
64.0,222.0,1004.924560546875,1.3902787656971398,3.2388825019148166,-0.206591284257351,2.6835356447268124,-0.2393013169250669,1.0825663808182378,0.7880722208517016,0.1086941866441624,3.760609960660497,1.5499190461382142
64.0,222.0,1003.884033203125,1.1425112649696187,3.065090117718845,0.592860107788608,2.8071972518327133,0.2549808842303713,0.7688590957311772,1.1434486482266086,0.1774592781213724,3.2904317271738885,1.6652367097735672
64.0,222.0,1004.8756713867188,1.803103039357084,3.04969122379482,-0.2380855070972431,3.544222673085715,-0.3675432124331079,1.0049334701620785,1.0915745130618049,-0.0166428366782459,3.286393579044508,1.7128181502425668
64.0,222.0,1005.5949096679688,1.065741447403239,3.566321993171797,-0.1722097588879127,3.335195644635442,0.4153135222526197,1.6432684793938577,1.2308026718224587,0.3065238812510272,3.32453208933479,1.4181087479272612
64.0,222.0,1005.1708984375,1.5387374172758588,3.0630905424895096,-0.2761169812147975,3.539551483750204,-0.0710913967583387,1.0864629386437223,1.0432566156141505,0.0406253156605319,3.3703392304127733,1.6847979903288934
64.0,222.0,1004.3433227539062,1.5246637626108075,2.588764633984187,-0.2247483509817702,3.541791433209113,-0.2094105942329443,0.0900981966808316,1.4472220790014578,0.3634141441016041,3.275517642189521,1.677631713184814
64.0,222.0,1006.2902221679688,-0.4251081873792355,3.285807122763265,-0.1892787533432827,2.527234148491948,-0.6010386156964528,0.6565171337625719,1.76275366174798,-0.0125229395337214,3.152359389102193,1.536172754489335
64.0,222.0,1002.565185546875,0.5472914493255665,3.366882117201061,1.3060013984334584,1.9325170226020087,-1.0074251950736448,0.7432223534795421,1.6951969237110474,0.1334456915648295,3.316198941140461,1.659375229627378
64.0,222.0,1006.7476806640624,1.3783292661069166,2.227281756843792,0.7486796121921748,2.3676098445669496,-0.4352187250238886,0.1295667694666509,1.2582478032152908,0.9678886220425788,1.546052822985894,1.7088008776725607
64.0,222.0,1003.6841430664062,1.5264166200797986,3.063097861613356,-0.215819897253269,3.5490497273888275,-0.2048867388282806,1.0826619122252867,1.0511392207255632,-0.0170243374408754,3.2973942147249127,1.6821927523441609
64.0,222.0,1005.0227661132812,1.1090167985935704,3.054929262949412,0.2138404591139139,3.3785257770175283,-0.2062982807170551,0.6081492878130935,1.0163426512361524,-0.0348229360837541,3.2931519023315508,1.7331119502206431
64.0,222.0,1006.3912353515624,1.0823124156003283,3.145532408020725,0.0937498638335725,4.3492484902596935,-0.983369492477124,0.3045399617600217,1.0355153888892177,-0.6035785196627739,3.47882371336145,1.9749920545649893
64.0,222.0,1003.7677001953124,0.9753379059727132,3.027481911426474,0.8914709442373026,3.6385006360362526,-0.1936568623912141,0.9354252219936228,1.0515023454212475,1.5844169383747184,3.3013099988549235,1.6821957420369034
64.0,222.0,1005.7315063476562,1.5396689441273124,3.0386942734840274,0.0727790596694881,3.99653790662412,-0.2180394714265182,1.1227822176659112,0.9898665587735348,-0.0161734394273001,3.292559616599718,1.7283088665121291
64.0,222.0,1005.9786376953124,1.1755166225902458,3.0139295819900664,-0.2417305383366287,3.616814653335077,-0.2729520402836232,1.8592848557108288,1.1177652924446315,0.1211451494947978,3.912459696901169,2.2316448068592054
64.0,222.0,1004.7403564453124,0.4804166552562906,3.142058809388116,-0.507253232726782,3.78275224637308,-0.5671588827166028,1.1261544357254607,1.4122039073154182,0.5007209311294231,3.503301094810195,1.926829920271378
64.0,222.0,1004.5214233398438,1.3925082887281215,3.065088985864282,-0.1686798461004562,2.4937664364779137,-0.2246521629870259,1.0573601922845028,1.0844478999456344,-0.8866334099558765,3.2654268773896447,1.6563374701400866
64.0,222.0,1006.101806640625,1.5145614614356997,2.994643314133276,-0.4385238738008652,2.6498988515969346,-0.2204737755628775,1.1219320992016055,0.99350013477897,-0.0190371027451072,3.134156782158529,1.6797391789481235
64.0,222.0,1005.5848999023438,-0.4976473021030942,3.419951677935696,-0.3086301958483286,3.870154605804175,-1.1699164176837953,1.6993185462984577,0.8701808901365833,0.0028869377323087,3.427754210534899,1.6924904654891433
64.0,222.0,1004.2504272460938,-0.8223529424704155,2.825127807401638,-0.323922086313651,1.937577607926971,-0.7880478165526897,-0.5658922756132105,1.2049866790758093,0.2624683225465503,3.2458834880441487,0.9881096602322688
64.0,222.0,1005.768310546875,1.5999854791936896,2.9805356758612893,-0.224463190705871,3.807145392204087,-0.3379384159359995,1.0087144864956603,0.8161970981207121,-0.0299745068515237,3.525817858828421,1.6851147134922917
64.0,223.0,1004.6443481445312,0.6900176227674764,3.063074350782302,-0.3302721781170479,3.0126561550720083,-0.1976159951512532,1.5970259768578052,1.2511792713171723,-0.0167520924344081,3.4265898532482377,1.5636003792452855
64.0,223.0,1004.2421264648438,1.1090451639676264,3.063170278295987,-0.1754780434512142,3.5433184929382966,-0.1568456031498367,1.0766389807596008,1.0528787249669178,-0.0171620058962041,3.1145081813601543,1.5893554756452115
64.0,223.0,1005.7791137695312,0.6317410114373033,3.3821840388898674,-0.6555082762858517,1.8304964441013163,0.265419887632873,0.7751960162999161,1.243165064585624,-0.3543464243561521,3.598221077351875,1.5754946386202904
64.0,223.0,1005.7072143554688,1.6491448804843336,2.9104453120023,-0.2376035463302053,3.615676320374159,-0.5459213406507523,1.0802436756395946,1.0229389087533642,-0.0226071327225542,3.134768809825729,1.4551102740604491
64.0,223.0,1005.2555541992188,-0.5037094802039921,3.707585390221884,-0.3280569768488796,3.321070462527059,0.979043172621886,-0.4155761280008436,0.9565504599200948,0.2951346271246178,3.295787014291044,2.1819067114242974
64.0,223.0,1006.83154296875,1.5265036097584397,2.4688393553651458,-0.2193779993269236,3.456649131017686,-0.280184533111481,1.4322115030166764,0.0073984864598439,0.0552709621325861,2.764100911123255,1.699477136905433
64.0,223.0,1006.2119140625,0.4893625390202833,1.7795423029239368,-0.2283334970089545,3.1277989280704825,0.4981169607027755,1.141197769335064,2.5146578201478693,1.975507430672696,4.311031517865723,2.0922100116751228
64.0,223.0,1005.1494140625,1.4267671879387,2.82151791963309,-0.2050135975394147,3.599402345635524,-0.212234014229664,1.0699343377498252,1.054124327480299,-0.0348381047181509,3.2384919490320403,1.683330061310487
64.0,223.0,1005.474853515625,1.5026949966969567,4.303640589644998,0.0467183102294996,3.508585978273294,-0.276222544546385,1.2632585220760255,0.9839023829757484,0.4548566034085533,3.319979299343642,1.681623450852277
64.0,223.0,1004.5355224609376,-0.2067583177486083,2.156645823399848,1.1237471826284795,3.780946817479548,-0.5114493991580722,1.3470285072754011,1.5426076556614716,0.9251629364195506,3.6326501297850458,1.193605314089168
64.0,223.0,1004.0458984375,0.6627964073101363,1.902544155917261,1.7356517264199556,1.1276967507837976,-0.9532319298265536,0.6325625002596181,1.4181961809212862,1.2571856093798428,3.247627624338968,0.7396376473821458
64.0,223.0,1004.7117919921876,0.4052530103725722,2.862964791291889,1.0244185980793992,1.6185629550949447,0.0861167524434486,0.806110362194968,0.5149989619430992,0.0762824622613271,3.306353246449835,1.6419964791765842
64.0,223.0,1005.585205078125,1.4441076734521072,3.066111509674269,0.0067028297138759,3.194813058276394,-0.2495793018936137,1.1591742150332562,1.047291772061316,-0.0635626710663064,3.2934046480925203,1.7277033081006632
64.0,223.0,1004.95849609375,0.9162956780313632,2.1247201074083826,0.0379144096914144,3.0493734156772465,-0.204541723945408,1.0866278545155783,1.081534562537653,-0.1426858802547873,2.5531626479271203,1.6834925846586402
64.0,223.0,1003.9569702148438,0.448016906340041,3.105722986450256,0.8138035866923863,3.0955404770734902,0.2620725015799733,1.6869868466778326,0.0600023277914734,0.2622416693067444,3.1208073658522064,1.5478276998793208
64.0,223.0,1005.9080810546876,1.0513515896295955,3.0324479004866207,-0.1399893757068982,2.5909601277576697,-0.1207554487964864,2.5126882206643253,1.1607896320933913,0.180815057255496,3.251736532375584,2.58552590355996
64.0,223.0,1005.7649536132812,0.2825466944237913,3.223371955913502,-1.130107795435179,3.475165291581171,-1.048330892200188,0.6773142097574366,1.7224453178602437,-0.0116344510771347,2.978858171781275,1.664112733334867
64.0,223.0,1003.8233642578124,1.028523366259821,3.0628461474330293,-0.3204188298828894,3.0167776901382988,0.2647472536681213,1.306874930918926,0.9514498344110252,-0.5399432597472117,3.348110656193866,0.8965220619264871
64.0,223.0,1006.2741088867188,1.643031542836416,3.606370926934152,-0.6934784640503268,3.544777025413626,-0.1168117638030309,0.939111865717292,1.235370936060419,0.8014975999324441,3.270795648100955,1.6707495569788469
64.0,223.0,1005.4312744140624,1.3627715738376884,3.076635121501396,-0.2203183241854567,3.1897560510402903,-0.4507563945197057,1.1522013466208365,1.072078304572779,-0.0715777010715543,3.2997649430028133,1.6650114468654638
64.0,223.0,1006.1286010742188,1.5630251164579407,3.034072154337606,-0.2144607478813976,3.3747890166807086,-0.1840946200972616,1.0834848120091078,1.505132191142844,0.0986427251527393,3.2971237436003165,1.6407078622033984
64.0,223.0,1004.8368530273438,-0.0192859539180938,3.1458012448024646,-0.4052589456220559,3.5837623621294377,-0.4446218579421889,1.004306573519272,1.0674916208430016,-0.1473208806064043,4.659302750457305,1.266183010783346
64.0,223.0,1005.0035400390624,1.488088734200528,3.2964916798764268,-0.081613556681665,3.4931910742310563,-0.4795947022471148,1.19443031097595,1.5983254058784726,0.3030366300005376,3.1093375136026897,1.3517079212642986
64.0,223.0,1005.59716796875,0.8422960777773174,3.0348209215701183,-0.2311176520887816,3.530445462000517,0.731073415144617,1.0838871087870037,1.0526527931079228,-0.2789778063184201,3.525442996103043,1.9314441196361605
64.0,223.0,1005.1682739257812,0.4758226699530498,2.725912301651685,-0.0230184400084026,3.5041163169939864,-0.2839688026094656,0.98246182909671,0.7814411067738086,0.0567855685067581,3.2908997596538847,1.3640380101297185
64.0,223.0,1004.932861328125,1.5796322669745138,2.974669102036052,-0.2759972217390695,3.567574034001228,-0.2093543612178015,1.4940440693796724,1.055340177568717,-0.0056815911348413,3.322450316094878,2.2801882162059304
64.0,223.0,1005.4376220703124,1.4939369051591875,3.208578143175042,-0.0838875551827738,3.6527902052474297,-0.0677512366808728,2.1295316682877434,1.0280783661595605,-0.0117743859456704,3.334761595860714,1.7120512362595308
64.0,223.0,1005.9476318359376,0.0416259073064684,3.056620648095169,0.9059087932371556,3.541676985417584,-0.4558259587305865,-0.3150494321593007,1.05123482986649,-0.0994281152615595,3.238383279985208,1.6565234082160285
64.0,223.0,1005.81201171875,1.0493680198447488,3.1481788145602274,-0.3742052874168526,1.7340138049668434,0.0318673716322229,0.8640905123034281,1.2404658485720614,-0.0193011184880681,2.7865877149951315,1.7316496760128115
64.0,223.0,1004.924560546875,1.3902787656971398,3.2388825019148166,-0.206591284257351,2.6835356447268124,-0.2393013169250669,1.0825663808182378,0.7880722208517016,0.1086941866441624,3.760609960660497,1.5499190461382142
64.0,223.0,1003.884033203125,1.1425112649696187,3.065090117718845,0.592860107788608,2.8071972518327133,0.2549808842303713,0.7688590957311772,1.1434486482266086,0.1774592781213724,3.2904317271738885,1.6652367097735672
64.0,223.0,1004.8756713867188,1.803103039357084,3.04969122379482,-0.2380855070972431,3.544222673085715,-0.3675432124331079,1.0049334701620785,1.0915745130618049,-0.0166428366782459,3.286393579044508,1.7128181502425668
64.0,223.0,1005.5949096679688,1.065741447403239,3.566321993171797,-0.1722097588879127,3.335195644635442,0.4153135222526197,1.6432684793938577,1.2308026718224587,0.3065238812510272,3.32453208933479,1.4181087479272612
64.0,223.0,1005.1708984375,1.5387374172758588,3.0630905424895096,-0.2761169812147975,3.539551483750204,-0.0710913967583387,1.0864629386437223,1.0432566156141505,0.0406253156605319,3.3703392304127733,1.6847979903288934
64.0,223.0,1004.3433227539062,1.5246637626108075,2.588764633984187,-0.2247483509817702,3.541791433209113,-0.2094105942329443,0.0900981966808316,1.4472220790014578,0.3634141441016041,3.275517642189521,1.677631713184814
64.0,223.0,1006.2902221679688,-0.4251081873792355,3.285807122763265,-0.1892787533432827,2.527234148491948,-0.6010386156964528,0.6565171337625719,1.76275366174798,-0.0125229395337214,3.152359389102193,1.536172754489335
64.0,223.0,1002.565185546875,0.5472914493255665,3.366882117201061,1.3060013984334584,1.9325170226020087,-1.0074251950736448,0.7432223534795421,1.6951969237110474,0.1334456915648295,3.316198941140461,1.659375229627378
64.0,223.0,1006.7476806640624,1.3783292661069166,2.227281756843792,0.7486796121921748,2.3676098445669496,-0.4352187250238886,0.1295667694666509,1.2582478032152908,0.9678886220425788,1.546052822985894,1.7088008776725607
64.0,223.0,1003.6841430664062,1.5264166200797986,3.063097861613356,-0.215819897253269,3.5490497273888275,-0.2048867388282806,1.0826619122252867,1.0511392207255632,-0.0170243374408754,3.2973942147249127,1.6821927523441609
64.0,223.0,1005.0227661132812,1.1090167985935704,3.054929262949412,0.2138404591139139,3.3785257770175283,-0.2062982807170551,0.6081492878130935,1.0163426512361524,-0.0348229360837541,3.2931519023315508,1.7331119502206431
64.0,223.0,1006.3912353515624,1.0823124156003283,3.145532408020725,0.0937498638335725,4.3492484902596935,-0.983369492477124,0.3045399617600217,1.0355153888892177,-0.6035785196627739,3.47882371336145,1.9749920545649893
64.0,223.0,1003.7677001953124,0.9753379059727132,3.027481911426474,0.8914709442373026,3.6385006360362526,-0.1936568623912141,0.9354252219936228,1.0515023454212475,1.5844169383747184,3.3013099988549235,1.6821957420369034
64.0,223.0,1005.7315063476562,1.5396689441273124,3.0386942734840274,0.0727790596694881,3.99653790662412,-0.2180394714265182,1.1227822176659112,0.9898665587735348,-0.0161734394273001,3.292559616599718,1.7283088665121291
64.0,223.0,1005.9786376953124,1.1755166225902458,3.0139295819900664,-0.2417305383366287,3.616814653335077,-0.2729520402836232,1.8592848557108288,1.1177652924446315,0.1211451494947978,3.912459696901169,2.2316448068592054
64.0,223.0,1004.7403564453124,0.4804166552562906,3.142058809388116,-0.507253232726782,3.78275224637308,-0.5671588827166028,1.1261544357254607,1.4122039073154182,0.5007209311294231,3.503301094810195,1.926829920271378
64.0,223.0,1004.5214233398438,1.3925082887281215,3.065088985864282,-0.1686798461004562,2.4937664364779137,-0.2246521629870259,1.0573601922845028,1.0844478999456344,-0.8866334099558765,3.2654268773896447,1.6563374701400866
64.0,223.0,1006.101806640625,1.5145614614356997,2.994643314133276,-0.4385238738008652,2.6498988515969346,-0.2204737755628775,1.1219320992016055,0.99350013477897,-0.0190371027451072,3.134156782158529,1.6797391789481235
64.0,223.0,1005.5848999023438,-0.4976473021030942,3.419951677935696,-0.3086301958483286,3.870154605804175,-1.1699164176837953,1.6993185462984577,0.8701808901365833,0.0028869377323087,3.427754210534899,1.6924904654891433
64.0,223.0,1004.2504272460938,-0.8223529424704155,2.825127807401638,-0.323922086313651,1.937577607926971,-0.7880478165526897,-0.5658922756132105,1.2049866790758093,0.2624683225465503,3.2458834880441487,0.9881096602322688
64.0,223.0,1005.768310546875,1.5999854791936896,2.9805356758612893,-0.224463190705871,3.807145392204087,-0.3379384159359995,1.0087144864956603,0.8161970981207121,-0.0299745068515237,3.525817858828421,1.6851147134922917
64.0,224.0,1004.6443481445312,0.6900176227674764,3.063074350782302,-0.3302721781170479,3.0126561550720083,-0.1976159951512532,1.5970259768578052,1.2511792713171723,-0.0167520924344081,3.4265898532482377,1.5636003792452855
64.0,224.0,1004.2421264648438,1.1090451639676264,3.063170278295987,-0.1754780434512142,3.5433184929382966,-0.1568456031498367,1.0766389807596008,1.0528787249669178,-0.0171620058962041,3.1145081813601543,1.5893554756452115
64.0,224.0,1005.7791137695312,0.6317410114373033,3.3821840388898674,-0.6555082762858517,1.8304964441013163,0.265419887632873,0.7751960162999161,1.243165064585624,-0.3543464243561521,3.598221077351875,1.5754946386202904
64.0,224.0,1005.7072143554688,1.6491448804843336,2.9104453120023,-0.2376035463302053,3.615676320374159,-0.5459213406507523,1.0802436756395946,1.0229389087533642,-0.0226071327225542,3.134768809825729,1.4551102740604491
64.0,224.0,1005.2555541992188,-0.5037094802039921,3.707585390221884,-0.3280569768488796,3.321070462527059,0.979043172621886,-0.4155761280008436,0.9565504599200948,0.2951346271246178,3.295787014291044,2.1819067114242974
64.0,224.0,1006.83154296875,1.5265036097584397,2.4688393553651458,-0.2193779993269236,3.456649131017686,-0.280184533111481,1.4322115030166764,0.0073984864598439,0.0552709621325861,2.764100911123255,1.699477136905433
64.0,224.0,1006.2119140625,0.4893625390202833,1.7795423029239368,-0.2283334970089545,3.1277989280704825,0.4981169607027755,1.141197769335064,2.5146578201478693,1.975507430672696,4.311031517865723,2.0922100116751228
64.0,224.0,1005.1494140625,1.4267671879387,2.82151791963309,-0.2050135975394147,3.599402345635524,-0.212234014229664,1.0699343377498252,1.054124327480299,-0.0348381047181509,3.2384919490320403,1.683330061310487
64.0,224.0,1005.474853515625,1.5026949966969567,4.303640589644998,0.0467183102294996,3.508585978273294,-0.276222544546385,1.2632585220760255,0.9839023829757484,0.4548566034085533,3.319979299343642,1.681623450852277
64.0,224.0,1004.5355224609376,-0.2067583177486083,2.156645823399848,1.1237471826284795,3.780946817479548,-0.5114493991580722,1.3470285072754011,1.5426076556614716,0.9251629364195506,3.6326501297850458,1.193605314089168
64.0,224.0,1004.0458984375,0.6627964073101363,1.902544155917261,1.7356517264199556,1.1276967507837976,-0.9532319298265536,0.6325625002596181,1.4181961809212862,1.2571856093798428,3.247627624338968,0.7396376473821458
64.0,224.0,1004.7117919921876,0.4052530103725722,2.862964791291889,1.0244185980793992,1.6185629550949447,0.0861167524434486,0.806110362194968,0.5149989619430992,0.0762824622613271,3.306353246449835,1.6419964791765842
64.0,224.0,1005.585205078125,1.4441076734521072,3.066111509674269,0.0067028297138759,3.194813058276394,-0.2495793018936137,1.1591742150332562,1.047291772061316,-0.0635626710663064,3.2934046480925203,1.7277033081006632
64.0,224.0,1004.95849609375,0.9162956780313632,2.1247201074083826,0.0379144096914144,3.0493734156772465,-0.204541723945408,1.0866278545155783,1.081534562537653,-0.1426858802547873,2.5531626479271203,1.6834925846586402
64.0,224.0,1003.9569702148438,0.448016906340041,3.105722986450256,0.8138035866923863,3.0955404770734902,0.2620725015799733,1.6869868466778326,0.0600023277914734,0.2622416693067444,3.1208073658522064,1.5478276998793208
64.0,224.0,1005.9080810546876,1.0513515896295955,3.0324479004866207,-0.1399893757068982,2.5909601277576697,-0.1207554487964864,2.5126882206643253,1.1607896320933913,0.180815057255496,3.251736532375584,2.58552590355996
64.0,224.0,1005.7649536132812,0.2825466944237913,3.223371955913502,-1.130107795435179,3.475165291581171,-1.048330892200188,0.6773142097574366,1.7224453178602437,-0.0116344510771347,2.978858171781275,1.664112733334867
64.0,224.0,1003.8233642578124,1.028523366259821,3.0628461474330293,-0.3204188298828894,3.0167776901382988,0.2647472536681213,1.306874930918926,0.9514498344110252,-0.5399432597472117,3.348110656193866,0.8965220619264871
64.0,224.0,1006.2741088867188,1.643031542836416,3.606370926934152,-0.6934784640503268,3.544777025413626,-0.1168117638030309,0.939111865717292,1.235370936060419,0.8014975999324441,3.270795648100955,1.6707495569788469
64.0,224.0,1005.4312744140624,1.3627715738376884,3.076635121501396,-0.2203183241854567,3.1897560510402903,-0.4507563945197057,1.1522013466208365,1.072078304572779,-0.0715777010715543,3.2997649430028133,1.6650114468654638
64.0,224.0,1006.1286010742188,1.5630251164579407,3.034072154337606,-0.2144607478813976,3.3747890166807086,-0.1840946200972616,1.0834848120091078,1.505132191142844,0.0986427251527393,3.2971237436003165,1.6407078622033984
64.0,224.0,1004.8368530273438,-0.0192859539180938,3.1458012448024646,-0.4052589456220559,3.5837623621294377,-0.4446218579421889,1.004306573519272,1.0674916208430016,-0.1473208806064043,4.659302750457305,1.266183010783346
64.0,224.0,1005.0035400390624,1.488088734200528,3.2964916798764268,-0.081613556681665,3.4931910742310563,-0.4795947022471148,1.19443031097595,1.5983254058784726,0.3030366300005376,3.1093375136026897,1.3517079212642986
64.0,224.0,1005.59716796875,0.8422960777773174,3.0348209215701183,-0.2311176520887816,3.530445462000517,0.731073415144617,1.0838871087870037,1.0526527931079228,-0.2789778063184201,3.525442996103043,1.9314441196361605
64.0,224.0,1005.1682739257812,0.4758226699530498,2.725912301651685,-0.0230184400084026,3.5041163169939864,-0.2839688026094656,0.98246182909671,0.7814411067738086,0.0567855685067581,3.2908997596538847,1.3640380101297185
64.0,224.0,1004.932861328125,1.5796322669745138,2.974669102036052,-0.2759972217390695,3.567574034001228,-0.2093543612178015,1.4940440693796724,1.055340177568717,-0.0056815911348413,3.322450316094878,2.2801882162059304
64.0,224.0,1005.4376220703124,1.4939369051591875,3.208578143175042,-0.0838875551827738,3.6527902052474297,-0.0677512366808728,2.1295316682877434,1.0280783661595605,-0.0117743859456704,3.334761595860714,1.7120512362595308
64.0,224.0,1005.9476318359376,0.0416259073064684,3.056620648095169,0.9059087932371556,3.541676985417584,-0.4558259587305865,-0.3150494321593007,1.05123482986649,-0.0994281152615595,3.238383279985208,1.6565234082160285
64.0,224.0,1005.81201171875,1.0493680198447488,3.1481788145602274,-0.3742052874168526,1.7340138049668434,0.0318673716322229,0.8640905123034281,1.2404658485720614,-0.0193011184880681,2.7865877149951315,1.7316496760128115
64.0,224.0,1004.924560546875,1.3902787656971398,3.2388825019148166,-0.206591284257351,2.6835356447268124,-0.2393013169250669,1.0825663808182378,0.7880722208517016,0.1086941866441624,3.760609960660497,1.5499190461382142
64.0,224.0,1003.884033203125,1.1425112649696187,3.065090117718845,0.592860107788608,2.8071972518327133,0.2549808842303713,0.7688590957311772,1.1434486482266086,0.1774592781213724,3.2904317271738885,1.6652367097735672
64.0,224.0,1004.8756713867188,1.803103039357084,3.04969122379482,-0.2380855070972431,3.544222673085715,-0.3675432124331079,1.0049334701620785,1.0915745130618049,-0.0166428366782459,3.286393579044508,1.7128181502425668
64.0,224.0,1005.5949096679688,1.065741447403239,3.566321993171797,-0.1722097588879127,3.335195644635442,0.4153135222526197,1.6432684793938577,1.2308026718224587,0.3065238812510272,3.32453208933479,1.4181087479272612
64.0,224.0,1005.1708984375,1.5387374172758588,3.0630905424895096,-0.2761169812147975,3.539551483750204,-0.0710913967583387,1.0864629386437223,1.0432566156141505,0.0406253156605319,3.3703392304127733,1.6847979903288934
64.0,224.0,1004.3433227539062,1.5246637626108075,2.588764633984187,-0.2247483509817702,3.541791433209113,-0.2094105942329443,0.0900981966808316,1.4472220790014578,0.3634141441016041,3.275517642189521,1.677631713184814
64.0,224.0,1006.2902221679688,-0.4251081873792355,3.285807122763265,-0.1892787533432827,2.527234148491948,-0.6010386156964528,0.6565171337625719,1.76275366174798,-0.0125229395337214,3.152359389102193,1.536172754489335
64.0,224.0,1002.565185546875,0.5472914493255665,3.366882117201061,1.3060013984334584,1.9325170226020087,-1.0074251950736448,0.7432223534795421,1.6951969237110474,0.1334456915648295,3.316198941140461,1.659375229627378
64.0,224.0,1006.7476806640624,1.3783292661069166,2.227281756843792,0.7486796121921748,2.3676098445669496,-0.4352187250238886,0.1295667694666509,1.2582478032152908,0.9678886220425788,1.546052822985894,1.7088008776725607
64.0,224.0,1003.6841430664062,1.5264166200797986,3.063097861613356,-0.215819897253269,3.5490497273888275,-0.2048867388282806,1.0826619122252867,1.0511392207255632,-0.0170243374408754,3.2973942147249127,1.6821927523441609
64.0,224.0,1005.0227661132812,1.1090167985935704,3.054929262949412,0.2138404591139139,3.3785257770175283,-0.2062982807170551,0.6081492878130935,1.0163426512361524,-0.0348229360837541,3.2931519023315508,1.7331119502206431
64.0,224.0,1006.3912353515624,1.0823124156003283,3.145532408020725,0.0937498638335725,4.3492484902596935,-0.983369492477124,0.3045399617600217,1.0355153888892177,-0.6035785196627739,3.47882371336145,1.9749920545649893
64.0,224.0,1003.7677001953124,0.9753379059727132,3.027481911426474,0.8914709442373026,3.6385006360362526,-0.1936568623912141,0.9354252219936228,1.0515023454212475,1.5844169383747184,3.3013099988549235,1.6821957420369034
64.0,224.0,1005.7315063476562,1.5396689441273124,3.0386942734840274,0.0727790596694881,3.99653790662412,-0.2180394714265182,1.1227822176659112,0.9898665587735348,-0.0161734394273001,3.292559616599718,1.7283088665121291
64.0,224.0,1005.9786376953124,1.1755166225902458,3.0139295819900664,-0.2417305383366287,3.616814653335077,-0.2729520402836232,1.8592848557108288,1.1177652924446315,0.1211451494947978,3.912459696901169,2.2316448068592054
64.0,224.0,1004.7403564453124,0.4804166552562906,3.142058809388116,-0.507253232726782,3.78275224637308,-0.5671588827166028,1.1261544357254607,1.4122039073154182,0.5007209311294231,3.503301094810195,1.926829920271378
64.0,224.0,1004.5214233398438,1.3925082887281215,3.065088985864282,-0.1686798461004562,2.4937664364779137,-0.2246521629870259,1.0573601922845028,1.0844478999456344,-0.8866334099558765,3.2654268773896447,1.6563374701400866
64.0,224.0,1006.101806640625,1.5145614614356997,2.994643314133276,-0.4385238738008652,2.6498988515969346,-0.2204737755628775,1.1219320992016055,0.99350013477897,-0.0190371027451072,3.134156782158529,1.6797391789481235
64.0,224.0,1005.5848999023438,-0.4976473021030942,3.419951677935696,-0.3086301958483286,3.870154605804175,-1.1699164176837953,1.6993185462984577,0.8701808901365833,0.0028869377323087,3.427754210534899,1.6924904654891433
64.0,224.0,1004.2504272460938,-0.8223529424704155,2.825127807401638,-0.323922086313651,1.937577607926971,-0.7880478165526897,-0.5658922756132105,1.2049866790758093,0.2624683225465503,3.2458834880441487,0.9881096602322688
64.0,224.0,1005.768310546875,1.5999854791936896,2.9805356758612893,-0.224463190705871,3.807145392204087,-0.3379384159359995,1.0087144864956603,0.8161970981207121,-0.0299745068515237,3.525817858828421,1.6851147134922917
64.0,225.0,1004.6443481445312,0.6900176227674764,3.063074350782302,-0.3302721781170479,3.0126561550720083,-0.1976159951512532,1.5970259768578052,1.2511792713171723,-0.0167520924344081,3.4265898532482377,1.5636003792452855
64.0,225.0,1004.2421264648438,1.1090451639676264,3.063170278295987,-0.1754780434512142,3.5433184929382966,-0.1568456031498367,1.0766389807596008,1.0528787249669178,-0.0171620058962041,3.1145081813601543,1.5893554756452115
64.0,225.0,1005.7791137695312,0.6317410114373033,3.3821840388898674,-0.6555082762858517,1.8304964441013163,0.265419887632873,0.7751960162999161,1.243165064585624,-0.3543464243561521,3.598221077351875,1.5754946386202904
64.0,225.0,1005.7072143554688,1.6491448804843336,2.9104453120023,-0.2376035463302053,3.615676320374159,-0.5459213406507523,1.0802436756395946,1.0229389087533642,-0.0226071327225542,3.134768809825729,1.4551102740604491
64.0,225.0,1005.2555541992188,-0.5037094802039921,3.707585390221884,-0.3280569768488796,3.321070462527059,0.979043172621886,-0.4155761280008436,0.9565504599200948,0.2951346271246178,3.295787014291044,2.1819067114242974
64.0,225.0,1006.83154296875,1.5265036097584397,2.4688393553651458,-0.2193779993269236,3.456649131017686,-0.280184533111481,1.4322115030166764,0.0073984864598439,0.0552709621325861,2.764100911123255,1.699477136905433
64.0,225.0,1006.2119140625,0.4893625390202833,1.7795423029239368,-0.2283334970089545,3.1277989280704825,0.4981169607027755,1.141197769335064,2.5146578201478693,1.975507430672696,4.311031517865723,2.0922100116751228
64.0,225.0,1005.1494140625,1.4267671879387,2.82151791963309,-0.2050135975394147,3.599402345635524,-0.212234014229664,1.0699343377498252,1.054124327480299,-0.0348381047181509,3.2384919490320403,1.683330061310487
64.0,225.0,1005.474853515625,1.5026949966969567,4.303640589644998,0.0467183102294996,3.508585978273294,-0.276222544546385,1.2632585220760255,0.9839023829757484,0.4548566034085533,3.319979299343642,1.681623450852277
64.0,225.0,1004.5355224609376,-0.2067583177486083,2.156645823399848,1.1237471826284795,3.780946817479548,-0.5114493991580722,1.3470285072754011,1.5426076556614716,0.9251629364195506,3.6326501297850458,1.193605314089168
64.0,225.0,1004.0458984375,0.6627964073101363,1.902544155917261,1.7356517264199556,1.1276967507837976,-0.9532319298265536,0.6325625002596181,1.4181961809212862,1.2571856093798428,3.247627624338968,0.7396376473821458
64.0,225.0,1004.7117919921876,0.4052530103725722,2.862964791291889,1.0244185980793992,1.6185629550949447,0.0861167524434486,0.806110362194968,0.5149989619430992,0.0762824622613271,3.306353246449835,1.6419964791765842
64.0,225.0,1005.585205078125,1.4441076734521072,3.066111509674269,0.0067028297138759,3.194813058276394,-0.2495793018936137,1.1591742150332562,1.047291772061316,-0.0635626710663064,3.2934046480925203,1.7277033081006632
64.0,225.0,1004.95849609375,0.9162956780313632,2.1247201074083826,0.0379144096914144,3.0493734156772465,-0.204541723945408,1.0866278545155783,1.081534562537653,-0.1426858802547873,2.5531626479271203,1.6834925846586402
64.0,225.0,1003.9569702148438,0.448016906340041,3.105722986450256,0.8138035866923863,3.0955404770734902,0.2620725015799733,1.6869868466778326,0.0600023277914734,0.2622416693067444,3.1208073658522064,1.5478276998793208
64.0,225.0,1005.9080810546876,1.0513515896295955,3.0324479004866207,-0.1399893757068982,2.5909601277576697,-0.1207554487964864,2.5126882206643253,1.1607896320933913,0.180815057255496,3.251736532375584,2.58552590355996
64.0,225.0,1005.7649536132812,0.2825466944237913,3.223371955913502,-1.130107795435179,3.475165291581171,-1.048330892200188,0.6773142097574366,1.7224453178602437,-0.0116344510771347,2.978858171781275,1.664112733334867
64.0,225.0,1003.8233642578124,1.028523366259821,3.0628461474330293,-0.3204188298828894,3.0167776901382988,0.2647472536681213,1.306874930918926,0.9514498344110252,-0.5399432597472117,3.348110656193866,0.8965220619264871
64.0,225.0,1006.2741088867188,1.643031542836416,3.606370926934152,-0.6934784640503268,3.544777025413626,-0.1168117638030309,0.939111865717292,1.235370936060419,0.8014975999324441,3.270795648100955,1.6707495569788469
64.0,225.0,1005.4312744140624,1.3627715738376884,3.076635121501396,-0.2203183241854567,3.1897560510402903,-0.4507563945197057,1.1522013466208365,1.072078304572779,-0.0715777010715543,3.2997649430028133,1.6650114468654638
64.0,225.0,1006.1286010742188,1.5630251164579407,3.034072154337606,-0.2144607478813976,3.3747890166807086,-0.1840946200972616,1.0834848120091078,1.505132191142844,0.0986427251527393,3.2971237436003165,1.6407078622033984
64.0,225.0,1004.8368530273438,-0.0192859539180938,3.1458012448024646,-0.4052589456220559,3.5837623621294377,-0.4446218579421889,1.004306573519272,1.0674916208430016,-0.1473208806064043,4.659302750457305,1.266183010783346
64.0,225.0,1005.0035400390624,1.488088734200528,3.2964916798764268,-0.081613556681665,3.4931910742310563,-0.4795947022471148,1.19443031097595,1.5983254058784726,0.3030366300005376,3.1093375136026897,1.3517079212642986
64.0,225.0,1005.59716796875,0.8422960777773174,3.0348209215701183,-0.2311176520887816,3.530445462000517,0.731073415144617,1.0838871087870037,1.0526527931079228,-0.2789778063184201,3.525442996103043,1.9314441196361605
64.0,225.0,1005.1682739257812,0.4758226699530498,2.725912301651685,-0.0230184400084026,3.5041163169939864,-0.2839688026094656,0.98246182909671,0.7814411067738086,0.0567855685067581,3.2908997596538847,1.3640380101297185
64.0,225.0,1004.932861328125,1.5796322669745138,2.974669102036052,-0.2759972217390695,3.567574034001228,-0.2093543612178015,1.4940440693796724,1.055340177568717,-0.0056815911348413,3.322450316094878,2.2801882162059304
64.0,225.0,1005.4376220703124,1.4939369051591875,3.208578143175042,-0.0838875551827738,3.6527902052474297,-0.0677512366808728,2.1295316682877434,1.0280783661595605,-0.0117743859456704,3.334761595860714,1.7120512362595308
64.0,225.0,1005.9476318359376,0.0416259073064684,3.056620648095169,0.9059087932371556,3.541676985417584,-0.4558259587305865,-0.3150494321593007,1.05123482986649,-0.0994281152615595,3.238383279985208,1.6565234082160285
64.0,225.0,1005.81201171875,1.0493680198447488,3.1481788145602274,-0.3742052874168526,1.7340138049668434,0.0318673716322229,0.8640905123034281,1.2404658485720614,-0.0193011184880681,2.7865877149951315,1.7316496760128115
64.0,225.0,1004.924560546875,1.3902787656971398,3.2388825019148166,-0.206591284257351,2.6835356447268124,-0.2393013169250669,1.0825663808182378,0.7880722208517016,0.1086941866441624,3.760609960660497,1.5499190461382142
64.0,225.0,1003.884033203125,1.1425112649696187,3.065090117718845,0.592860107788608,2.8071972518327133,0.2549808842303713,0.7688590957311772,1.1434486482266086,0.1774592781213724,3.2904317271738885,1.6652367097735672
64.0,225.0,1004.8756713867188,1.803103039357084,3.04969122379482,-0.2380855070972431,3.544222673085715,-0.3675432124331079,1.0049334701620785,1.0915745130618049,-0.0166428366782459,3.286393579044508,1.7128181502425668
64.0,225.0,1005.5949096679688,1.065741447403239,3.566321993171797,-0.1722097588879127,3.335195644635442,0.4153135222526197,1.6432684793938577,1.2308026718224587,0.3065238812510272,3.32453208933479,1.4181087479272612
64.0,225.0,1005.1708984375,1.5387374172758588,3.0630905424895096,-0.2761169812147975,3.539551483750204,-0.0710913967583387,1.0864629386437223,1.0432566156141505,0.0406253156605319,3.3703392304127733,1.6847979903288934
64.0,225.0,1004.3433227539062,1.5246637626108075,2.588764633984187,-0.2247483509817702,3.541791433209113,-0.2094105942329443,0.0900981966808316,1.4472220790014578,0.3634141441016041,3.275517642189521,1.677631713184814
64.0,225.0,1006.2902221679688,-0.4251081873792355,3.285807122763265,-0.1892787533432827,2.527234148491948,-0.6010386156964528,0.6565171337625719,1.76275366174798,-0.0125229395337214,3.152359389102193,1.536172754489335
64.0,225.0,1002.565185546875,0.5472914493255665,3.366882117201061,1.3060013984334584,1.9325170226020087,-1.0074251950736448,0.7432223534795421,1.6951969237110474,0.1334456915648295,3.316198941140461,1.659375229627378
64.0,225.0,1006.7476806640624,1.3783292661069166,2.227281756843792,0.7486796121921748,2.3676098445669496,-0.4352187250238886,0.1295667694666509,1.2582478032152908,0.9678886220425788,1.546052822985894,1.7088008776725607
64.0,225.0,1003.6841430664062,1.5264166200797986,3.063097861613356,-0.215819897253269,3.5490497273888275,-0.2048867388282806,1.0826619122252867,1.0511392207255632,-0.0170243374408754,3.2973942147249127,1.6821927523441609
64.0,225.0,1005.0227661132812,1.1090167985935704,3.054929262949412,0.2138404591139139,3.3785257770175283,-0.2062982807170551,0.6081492878130935,1.0163426512361524,-0.0348229360837541,3.2931519023315508,1.7331119502206431
64.0,225.0,1006.3912353515624,1.0823124156003283,3.145532408020725,0.0937498638335725,4.3492484902596935,-0.983369492477124,0.3045399617600217,1.0355153888892177,-0.6035785196627739,3.47882371336145,1.9749920545649893
64.0,225.0,1003.7677001953124,0.9753379059727132,3.027481911426474,0.8914709442373026,3.6385006360362526,-0.1936568623912141,0.9354252219936228,1.0515023454212475,1.5844169383747184,3.3013099988549235,1.6821957420369034
64.0,225.0,1005.7315063476562,1.5396689441273124,3.0386942734840274,0.0727790596694881,3.99653790662412,-0.2180394714265182,1.1227822176659112,0.9898665587735348,-0.0161734394273001,3.292559616599718,1.7283088665121291
64.0,225.0,1005.9786376953124,1.1755166225902458,3.0139295819900664,-0.2417305383366287,3.616814653335077,-0.2729520402836232,1.8592848557108288,1.1177652924446315,0.1211451494947978,3.912459696901169,2.2316448068592054
64.0,225.0,1004.7403564453124,0.4804166552562906,3.142058809388116,-0.507253232726782,3.78275224637308,-0.5671588827166028,1.1261544357254607,1.4122039073154182,0.5007209311294231,3.503301094810195,1.926829920271378
64.0,225.0,1004.5214233398438,1.3925082887281215,3.065088985864282,-0.1686798461004562,2.4937664364779137,-0.2246521629870259,1.0573601922845028,1.0844478999456344,-0.8866334099558765,3.2654268773896447,1.6563374701400866
64.0,225.0,1006.101806640625,1.5145614614356997,2.994643314133276,-0.4385238738008652,2.6498988515969346,-0.2204737755628775,1.1219320992016055,0.99350013477897,-0.0190371027451072,3.134156782158529,1.6797391789481235
64.0,225.0,1005.5848999023438,-0.4976473021030942,3.419951677935696,-0.3086301958483286,3.870154605804175,-1.1699164176837953,1.6993185462984577,0.8701808901365833,0.0028869377323087,3.427754210534899,1.6924904654891433
64.0,225.0,1004.2504272460938,-0.8223529424704155,2.825127807401638,-0.323922086313651,1.937577607926971,-0.7880478165526897,-0.5658922756132105,1.2049866790758093,0.2624683225465503,3.2458834880441487,0.9881096602322688
64.0,225.0,1005.768310546875,1.5999854791936896,2.9805356758612893,-0.224463190705871,3.807145392204087,-0.3379384159359995,1.0087144864956603,0.8161970981207121,-0.0299745068515237,3.525817858828421,1.6851147134922917
64.0,226.0,1004.6443481445312,0.6900176227674764,3.063074350782302,-0.3302721781170479,3.0126561550720083,-0.1976159951512532,1.5970259768578052,1.2511792713171723,-0.0167520924344081,3.4265898532482377,1.5636003792452855
64.0,226.0,1004.2421264648438,1.1090451639676264,3.063170278295987,-0.1754780434512142,3.5433184929382966,-0.1568456031498367,1.0766389807596008,1.0528787249669178,-0.0171620058962041,3.1145081813601543,1.5893554756452115
64.0,226.0,1005.7791137695312,0.6317410114373033,3.3821840388898674,-0.6555082762858517,1.8304964441013163,0.265419887632873,0.7751960162999161,1.243165064585624,-0.3543464243561521,3.598221077351875,1.5754946386202904
64.0,226.0,1005.7072143554688,1.6491448804843336,2.9104453120023,-0.2376035463302053,3.615676320374159,-0.5459213406507523,1.0802436756395946,1.0229389087533642,-0.0226071327225542,3.134768809825729,1.4551102740604491
64.0,226.0,1005.2555541992188,-0.5037094802039921,3.707585390221884,-0.3280569768488796,3.321070462527059,0.979043172621886,-0.4155761280008436,0.9565504599200948,0.2951346271246178,3.295787014291044,2.1819067114242974
64.0,226.0,1006.83154296875,1.5265036097584397,2.4688393553651458,-0.2193779993269236,3.456649131017686,-0.280184533111481,1.4322115030166764,0.0073984864598439,0.0552709621325861,2.764100911123255,1.699477136905433
64.0,226.0,1006.2119140625,0.4893625390202833,1.7795423029239368,-0.2283334970089545,3.1277989280704825,0.4981169607027755,1.141197769335064,2.5146578201478693,1.975507430672696,4.311031517865723,2.0922100116751228
64.0,226.0,1005.1494140625,1.4267671879387,2.82151791963309,-0.2050135975394147,3.599402345635524,-0.212234014229664,1.0699343377498252,1.054124327480299,-0.0348381047181509,3.2384919490320403,1.683330061310487
64.0,226.0,1005.474853515625,1.5026949966969567,4.303640589644998,0.0467183102294996,3.508585978273294,-0.276222544546385,1.2632585220760255,0.9839023829757484,0.4548566034085533,3.319979299343642,1.681623450852277
64.0,226.0,1004.5355224609376,-0.2067583177486083,2.156645823399848,1.1237471826284795,3.780946817479548,-0.5114493991580722,1.3470285072754011,1.5426076556614716,0.9251629364195506,3.6326501297850458,1.193605314089168
64.0,226.0,1004.0458984375,0.6627964073101363,1.902544155917261,1.7356517264199556,1.1276967507837976,-0.9532319298265536,0.6325625002596181,1.4181961809212862,1.2571856093798428,3.247627624338968,0.7396376473821458
64.0,226.0,1004.7117919921876,0.4052530103725722,2.862964791291889,1.0244185980793992,1.6185629550949447,0.0861167524434486,0.806110362194968,0.5149989619430992,0.0762824622613271,3.306353246449835,1.6419964791765842
64.0,226.0,1005.585205078125,1.4441076734521072,3.066111509674269,0.0067028297138759,3.194813058276394,-0.2495793018936137,1.1591742150332562,1.047291772061316,-0.0635626710663064,3.2934046480925203,1.7277033081006632
64.0,226.0,1004.95849609375,0.9162956780313632,2.1247201074083826,0.0379144096914144,3.0493734156772465,-0.204541723945408,1.0866278545155783,1.081534562537653,-0.1426858802547873,2.5531626479271203,1.6834925846586402
64.0,226.0,1003.9569702148438,0.448016906340041,3.105722986450256,0.8138035866923863,3.0955404770734902,0.2620725015799733,1.6869868466778326,0.0600023277914734,0.2622416693067444,3.1208073658522064,1.5478276998793208
64.0,226.0,1005.9080810546876,1.0513515896295955,3.0324479004866207,-0.1399893757068982,2.5909601277576697,-0.1207554487964864,2.5126882206643253,1.1607896320933913,0.180815057255496,3.251736532375584,2.58552590355996
64.0,226.0,1005.7649536132812,0.2825466944237913,3.223371955913502,-1.130107795435179,3.475165291581171,-1.048330892200188,0.6773142097574366,1.7224453178602437,-0.0116344510771347,2.978858171781275,1.664112733334867
64.0,226.0,1003.8233642578124,1.028523366259821,3.0628461474330293,-0.3204188298828894,3.0167776901382988,0.2647472536681213,1.306874930918926,0.9514498344110252,-0.5399432597472117,3.348110656193866,0.8965220619264871
64.0,226.0,1006.2741088867188,1.643031542836416,3.606370926934152,-0.6934784640503268,3.544777025413626,-0.1168117638030309,0.939111865717292,1.235370936060419,0.8014975999324441,3.270795648100955,1.6707495569788469
64.0,226.0,1005.4312744140624,1.3627715738376884,3.076635121501396,-0.2203183241854567,3.1897560510402903,-0.4507563945197057,1.1522013466208365,1.072078304572779,-0.0715777010715543,3.2997649430028133,1.6650114468654638
64.0,226.0,1006.1286010742188,1.5630251164579407,3.034072154337606,-0.2144607478813976,3.3747890166807086,-0.1840946200972616,1.0834848120091078,1.505132191142844,0.0986427251527393,3.2971237436003165,1.6407078622033984
64.0,226.0,1004.8368530273438,-0.0192859539180938,3.1458012448024646,-0.4052589456220559,3.5837623621294377,-0.4446218579421889,1.004306573519272,1.0674916208430016,-0.1473208806064043,4.659302750457305,1.266183010783346
64.0,226.0,1005.0035400390624,1.488088734200528,3.2964916798764268,-0.081613556681665,3.4931910742310563,-0.4795947022471148,1.19443031097595,1.5983254058784726,0.3030366300005376,3.1093375136026897,1.3517079212642986
64.0,226.0,1005.59716796875,0.8422960777773174,3.0348209215701183,-0.2311176520887816,3.530445462000517,0.731073415144617,1.0838871087870037,1.0526527931079228,-0.2789778063184201,3.525442996103043,1.9314441196361605
64.0,226.0,1005.1682739257812,0.4758226699530498,2.725912301651685,-0.0230184400084026,3.5041163169939864,-0.2839688026094656,0.98246182909671,0.7814411067738086,0.0567855685067581,3.2908997596538847,1.3640380101297185
64.0,226.0,1004.932861328125,1.5796322669745138,2.974669102036052,-0.2759972217390695,3.567574034001228,-0.2093543612178015,1.4940440693796724,1.055340177568717,-0.0056815911348413,3.322450316094878,2.2801882162059304
64.0,226.0,1005.4376220703124,1.4939369051591875,3.208578143175042,-0.0838875551827738,3.6527902052474297,-0.0677512366808728,2.1295316682877434,1.0280783661595605,-0.0117743859456704,3.334761595860714,1.7120512362595308
64.0,226.0,1005.9476318359376,0.0416259073064684,3.056620648095169,0.9059087932371556,3.541676985417584,-0.4558259587305865,-0.3150494321593007,1.05123482986649,-0.0994281152615595,3.238383279985208,1.6565234082160285
64.0,226.0,1005.81201171875,1.0493680198447488,3.1481788145602274,-0.3742052874168526,1.7340138049668434,0.0318673716322229,0.8640905123034281,1.2404658485720614,-0.0193011184880681,2.7865877149951315,1.7316496760128115
64.0,226.0,1004.924560546875,1.3902787656971398,3.2388825019148166,-0.206591284257351,2.6835356447268124,-0.2393013169250669,1.0825663808182378,0.7880722208517016,0.1086941866441624,3.760609960660497,1.5499190461382142
64.0,226.0,1003.884033203125,1.1425112649696187,3.065090117718845,0.592860107788608,2.8071972518327133,0.2549808842303713,0.7688590957311772,1.1434486482266086,0.1774592781213724,3.2904317271738885,1.6652367097735672
64.0,226.0,1004.8756713867188,1.803103039357084,3.04969122379482,-0.2380855070972431,3.544222673085715,-0.3675432124331079,1.0049334701620785,1.0915745130618049,-0.0166428366782459,3.286393579044508,1.7128181502425668
64.0,226.0,1005.5949096679688,1.065741447403239,3.566321993171797,-0.1722097588879127,3.335195644635442,0.4153135222526197,1.6432684793938577,1.2308026718224587,0.3065238812510272,3.32453208933479,1.4181087479272612
64.0,226.0,1005.1708984375,1.5387374172758588,3.0630905424895096,-0.2761169812147975,3.539551483750204,-0.0710913967583387,1.0864629386437223,1.0432566156141505,0.0406253156605319,3.3703392304127733,1.6847979903288934
64.0,226.0,1004.3433227539062,1.5246637626108075,2.588764633984187,-0.2247483509817702,3.541791433209113,-0.2094105942329443,0.0900981966808316,1.4472220790014578,0.3634141441016041,3.275517642189521,1.677631713184814
64.0,226.0,1006.2902221679688,-0.4251081873792355,3.285807122763265,-0.1892787533432827,2.527234148491948,-0.6010386156964528,0.6565171337625719,1.76275366174798,-0.0125229395337214,3.152359389102193,1.536172754489335
64.0,226.0,1002.565185546875,0.5472914493255665,3.366882117201061,1.3060013984334584,1.9325170226020087,-1.0074251950736448,0.7432223534795421,1.6951969237110474,0.1334456915648295,3.316198941140461,1.659375229627378
64.0,226.0,1006.7476806640624,1.3783292661069166,2.227281756843792,0.7486796121921748,2.3676098445669496,-0.4352187250238886,0.1295667694666509,1.2582478032152908,0.9678886220425788,1.546052822985894,1.7088008776725607
64.0,226.0,1003.6841430664062,1.5264166200797986,3.063097861613356,-0.215819897253269,3.5490497273888275,-0.2048867388282806,1.0826619122252867,1.0511392207255632,-0.0170243374408754,3.2973942147249127,1.6821927523441609
64.0,226.0,1005.0227661132812,1.1090167985935704,3.054929262949412,0.2138404591139139,3.3785257770175283,-0.2062982807170551,0.6081492878130935,1.0163426512361524,-0.0348229360837541,3.2931519023315508,1.7331119502206431
64.0,226.0,1006.3912353515624,1.0823124156003283,3.145532408020725,0.0937498638335725,4.3492484902596935,-0.983369492477124,0.3045399617600217,1.0355153888892177,-0.6035785196627739,3.47882371336145,1.9749920545649893
64.0,226.0,1003.7677001953124,0.9753379059727132,3.027481911426474,0.8914709442373026,3.6385006360362526,-0.1936568623912141,0.9354252219936228,1.0515023454212475,1.5844169383747184,3.3013099988549235,1.6821957420369034
64.0,226.0,1005.7315063476562,1.5396689441273124,3.0386942734840274,0.0727790596694881,3.99653790662412,-0.2180394714265182,1.1227822176659112,0.9898665587735348,-0.0161734394273001,3.292559616599718,1.7283088665121291
64.0,226.0,1005.9786376953124,1.1755166225902458,3.0139295819900664,-0.2417305383366287,3.616814653335077,-0.2729520402836232,1.8592848557108288,1.1177652924446315,0.1211451494947978,3.912459696901169,2.2316448068592054
64.0,226.0,1004.7403564453124,0.4804166552562906,3.142058809388116,-0.507253232726782,3.78275224637308,-0.5671588827166028,1.1261544357254607,1.4122039073154182,0.5007209311294231,3.503301094810195,1.926829920271378
64.0,226.0,1004.5214233398438,1.3925082887281215,3.065088985864282,-0.1686798461004562,2.4937664364779137,-0.2246521629870259,1.0573601922845028,1.0844478999456344,-0.8866334099558765,3.2654268773896447,1.6563374701400866
64.0,226.0,1006.101806640625,1.5145614614356997,2.994643314133276,-0.4385238738008652,2.6498988515969346,-0.2204737755628775,1.1219320992016055,0.99350013477897,-0.0190371027451072,3.134156782158529,1.6797391789481235
64.0,226.0,1005.5848999023438,-0.4976473021030942,3.419951677935696,-0.3086301958483286,3.870154605804175,-1.1699164176837953,1.6993185462984577,0.8701808901365833,0.0028869377323087,3.427754210534899,1.6924904654891433
64.0,226.0,1004.2504272460938,-0.8223529424704155,2.825127807401638,-0.323922086313651,1.937577607926971,-0.7880478165526897,-0.5658922756132105,1.2049866790758093,0.2624683225465503,3.2458834880441487,0.9881096602322688
64.0,226.0,1005.768310546875,1.5999854791936896,2.9805356758612893,-0.224463190705871,3.807145392204087,-0.3379384159359995,1.0087144864956603,0.8161970981207121,-0.0299745068515237,3.525817858828421,1.6851147134922917
64.0,227.0,1004.6443481445312,0.6900176227674764,3.063074350782302,-0.3302721781170479,3.0126561550720083,-0.1976159951512532,1.5970259768578052,1.2511792713171723,-0.0167520924344081,3.4265898532482377,1.5636003792452855
64.0,227.0,1004.2421264648438,1.1090451639676264,3.063170278295987,-0.1754780434512142,3.5433184929382966,-0.1568456031498367,1.0766389807596008,1.0528787249669178,-0.0171620058962041,3.1145081813601543,1.5893554756452115
64.0,227.0,1005.7791137695312,0.6317410114373033,3.3821840388898674,-0.6555082762858517,1.8304964441013163,0.265419887632873,0.7751960162999161,1.243165064585624,-0.3543464243561521,3.598221077351875,1.5754946386202904
64.0,227.0,1005.7072143554688,1.6491448804843336,2.9104453120023,-0.2376035463302053,3.615676320374159,-0.5459213406507523,1.0802436756395946,1.0229389087533642,-0.0226071327225542,3.134768809825729,1.4551102740604491
64.0,227.0,1005.2555541992188,-0.5037094802039921,3.707585390221884,-0.3280569768488796,3.321070462527059,0.979043172621886,-0.4155761280008436,0.9565504599200948,0.2951346271246178,3.295787014291044,2.1819067114242974
64.0,227.0,1006.83154296875,1.5265036097584397,2.4688393553651458,-0.2193779993269236,3.456649131017686,-0.280184533111481,1.4322115030166764,0.0073984864598439,0.0552709621325861,2.764100911123255,1.699477136905433
64.0,227.0,1006.2119140625,0.4893625390202833,1.7795423029239368,-0.2283334970089545,3.1277989280704825,0.4981169607027755,1.141197769335064,2.5146578201478693,1.975507430672696,4.311031517865723,2.0922100116751228
64.0,227.0,1005.1494140625,1.4267671879387,2.82151791963309,-0.2050135975394147,3.599402345635524,-0.212234014229664,1.0699343377498252,1.054124327480299,-0.0348381047181509,3.2384919490320403,1.683330061310487
64.0,227.0,1005.474853515625,1.5026949966969567,4.303640589644998,0.0467183102294996,3.508585978273294,-0.276222544546385,1.2632585220760255,0.9839023829757484,0.4548566034085533,3.319979299343642,1.681623450852277
64.0,227.0,1004.5355224609376,-0.2067583177486083,2.156645823399848,1.1237471826284795,3.780946817479548,-0.5114493991580722,1.3470285072754011,1.5426076556614716,0.9251629364195506,3.6326501297850458,1.193605314089168
64.0,227.0,1004.0458984375,0.6627964073101363,1.902544155917261,1.7356517264199556,1.1276967507837976,-0.9532319298265536,0.6325625002596181,1.4181961809212862,1.2571856093798428,3.247627624338968,0.7396376473821458
64.0,227.0,1004.7117919921876,0.4052530103725722,2.862964791291889,1.0244185980793992,1.6185629550949447,0.0861167524434486,0.806110362194968,0.5149989619430992,0.0762824622613271,3.306353246449835,1.6419964791765842
64.0,227.0,1005.585205078125,1.4441076734521072,3.066111509674269,0.0067028297138759,3.194813058276394,-0.2495793018936137,1.1591742150332562,1.047291772061316,-0.0635626710663064,3.2934046480925203,1.7277033081006632
64.0,227.0,1004.95849609375,0.9162956780313632,2.1247201074083826,0.0379144096914144,3.0493734156772465,-0.204541723945408,1.0866278545155783,1.081534562537653,-0.1426858802547873,2.5531626479271203,1.6834925846586402
64.0,227.0,1003.9569702148438,0.448016906340041,3.105722986450256,0.8138035866923863,3.0955404770734902,0.2620725015799733,1.6869868466778326,0.0600023277914734,0.2622416693067444,3.1208073658522064,1.5478276998793208
64.0,227.0,1005.9080810546876,1.0513515896295955,3.0324479004866207,-0.1399893757068982,2.5909601277576697,-0.1207554487964864,2.5126882206643253,1.1607896320933913,0.180815057255496,3.251736532375584,2.58552590355996
64.0,227.0,1005.7649536132812,0.2825466944237913,3.223371955913502,-1.130107795435179,3.475165291581171,-1.048330892200188,0.6773142097574366,1.7224453178602437,-0.0116344510771347,2.978858171781275,1.664112733334867
64.0,227.0,1003.8233642578124,1.028523366259821,3.0628461474330293,-0.3204188298828894,3.0167776901382988,0.2647472536681213,1.306874930918926,0.9514498344110252,-0.5399432597472117,3.348110656193866,0.8965220619264871
64.0,227.0,1006.2741088867188,1.643031542836416,3.606370926934152,-0.6934784640503268,3.544777025413626,-0.1168117638030309,0.939111865717292,1.235370936060419,0.8014975999324441,3.270795648100955,1.6707495569788469
64.0,227.0,1005.4312744140624,1.3627715738376884,3.076635121501396,-0.2203183241854567,3.1897560510402903,-0.4507563945197057,1.1522013466208365,1.072078304572779,-0.0715777010715543,3.2997649430028133,1.6650114468654638
64.0,227.0,1006.1286010742188,1.5630251164579407,3.034072154337606,-0.2144607478813976,3.3747890166807086,-0.1840946200972616,1.0834848120091078,1.505132191142844,0.0986427251527393,3.2971237436003165,1.6407078622033984
64.0,227.0,1004.8368530273438,-0.0192859539180938,3.1458012448024646,-0.4052589456220559,3.5837623621294377,-0.4446218579421889,1.004306573519272,1.0674916208430016,-0.1473208806064043,4.659302750457305,1.266183010783346
64.0,227.0,1005.0035400390624,1.488088734200528,3.2964916798764268,-0.081613556681665,3.4931910742310563,-0.4795947022471148,1.19443031097595,1.5983254058784726,0.3030366300005376,3.1093375136026897,1.3517079212642986
64.0,227.0,1005.59716796875,0.8422960777773174,3.0348209215701183,-0.2311176520887816,3.530445462000517,0.731073415144617,1.0838871087870037,1.0526527931079228,-0.2789778063184201,3.525442996103043,1.9314441196361605
64.0,227.0,1005.1682739257812,0.4758226699530498,2.725912301651685,-0.0230184400084026,3.5041163169939864,-0.2839688026094656,0.98246182909671,0.7814411067738086,0.0567855685067581,3.2908997596538847,1.3640380101297185
64.0,227.0,1004.932861328125,1.5796322669745138,2.974669102036052,-0.2759972217390695,3.567574034001228,-0.2093543612178015,1.4940440693796724,1.055340177568717,-0.0056815911348413,3.322450316094878,2.2801882162059304
64.0,227.0,1005.4376220703124,1.4939369051591875,3.208578143175042,-0.0838875551827738,3.6527902052474297,-0.0677512366808728,2.1295316682877434,1.0280783661595605,-0.0117743859456704,3.334761595860714,1.7120512362595308
64.0,227.0,1005.9476318359376,0.0416259073064684,3.056620648095169,0.9059087932371556,3.541676985417584,-0.4558259587305865,-0.3150494321593007,1.05123482986649,-0.0994281152615595,3.238383279985208,1.6565234082160285
64.0,227.0,1005.81201171875,1.0493680198447488,3.1481788145602274,-0.3742052874168526,1.7340138049668434,0.0318673716322229,0.8640905123034281,1.2404658485720614,-0.0193011184880681,2.7865877149951315,1.7316496760128115
64.0,227.0,1004.924560546875,1.3902787656971398,3.2388825019148166,-0.206591284257351,2.6835356447268124,-0.2393013169250669,1.0825663808182378,0.7880722208517016,0.1086941866441624,3.760609960660497,1.5499190461382142
64.0,227.0,1003.884033203125,1.1425112649696187,3.065090117718845,0.592860107788608,2.8071972518327133,0.2549808842303713,0.7688590957311772,1.1434486482266086,0.1774592781213724,3.2904317271738885,1.6652367097735672
64.0,227.0,1004.8756713867188,1.803103039357084,3.04969122379482,-0.2380855070972431,3.544222673085715,-0.3675432124331079,1.0049334701620785,1.0915745130618049,-0.0166428366782459,3.286393579044508,1.7128181502425668
64.0,227.0,1005.5949096679688,1.065741447403239,3.566321993171797,-0.1722097588879127,3.335195644635442,0.4153135222526197,1.6432684793938577,1.2308026718224587,0.3065238812510272,3.32453208933479,1.4181087479272612
64.0,227.0,1005.1708984375,1.5387374172758588,3.0630905424895096,-0.2761169812147975,3.539551483750204,-0.0710913967583387,1.0864629386437223,1.0432566156141505,0.0406253156605319,3.3703392304127733,1.6847979903288934
64.0,227.0,1004.3433227539062,1.5246637626108075,2.588764633984187,-0.2247483509817702,3.541791433209113,-0.2094105942329443,0.0900981966808316,1.4472220790014578,0.3634141441016041,3.275517642189521,1.677631713184814
64.0,227.0,1006.2902221679688,-0.4251081873792355,3.285807122763265,-0.1892787533432827,2.527234148491948,-0.6010386156964528,0.6565171337625719,1.76275366174798,-0.0125229395337214,3.152359389102193,1.536172754489335
64.0,227.0,1002.565185546875,0.5472914493255665,3.366882117201061,1.3060013984334584,1.9325170226020087,-1.0074251950736448,0.7432223534795421,1.6951969237110474,0.1334456915648295,3.316198941140461,1.659375229627378
64.0,227.0,1006.7476806640624,1.3783292661069166,2.227281756843792,0.7486796121921748,2.3676098445669496,-0.4352187250238886,0.1295667694666509,1.2582478032152908,0.9678886220425788,1.546052822985894,1.7088008776725607
64.0,227.0,1003.6841430664062,1.5264166200797986,3.063097861613356,-0.215819897253269,3.5490497273888275,-0.2048867388282806,1.0826619122252867,1.0511392207255632,-0.0170243374408754,3.2973942147249127,1.6821927523441609
64.0,227.0,1005.0227661132812,1.1090167985935704,3.054929262949412,0.2138404591139139,3.3785257770175283,-0.2062982807170551,0.6081492878130935,1.0163426512361524,-0.0348229360837541,3.2931519023315508,1.7331119502206431
64.0,227.0,1006.3912353515624,1.0823124156003283,3.145532408020725,0.0937498638335725,4.3492484902596935,-0.983369492477124,0.3045399617600217,1.0355153888892177,-0.6035785196627739,3.47882371336145,1.9749920545649893
64.0,227.0,1003.7677001953124,0.9753379059727132,3.027481911426474,0.8914709442373026,3.6385006360362526,-0.1936568623912141,0.9354252219936228,1.0515023454212475,1.5844169383747184,3.3013099988549235,1.6821957420369034
64.0,227.0,1005.7315063476562,1.5396689441273124,3.0386942734840274,0.0727790596694881,3.99653790662412,-0.2180394714265182,1.1227822176659112,0.9898665587735348,-0.0161734394273001,3.292559616599718,1.7283088665121291
64.0,227.0,1005.9786376953124,1.1755166225902458,3.0139295819900664,-0.2417305383366287,3.616814653335077,-0.2729520402836232,1.8592848557108288,1.1177652924446315,0.1211451494947978,3.912459696901169,2.2316448068592054
64.0,227.0,1004.7403564453124,0.4804166552562906,3.142058809388116,-0.507253232726782,3.78275224637308,-0.5671588827166028,1.1261544357254607,1.4122039073154182,0.5007209311294231,3.503301094810195,1.926829920271378
64.0,227.0,1004.5214233398438,1.3925082887281215,3.065088985864282,-0.1686798461004562,2.4937664364779137,-0.2246521629870259,1.0573601922845028,1.0844478999456344,-0.8866334099558765,3.2654268773896447,1.6563374701400866
64.0,227.0,1006.101806640625,1.5145614614356997,2.994643314133276,-0.4385238738008652,2.6498988515969346,-0.2204737755628775,1.1219320992016055,0.99350013477897,-0.0190371027451072,3.134156782158529,1.6797391789481235
64.0,227.0,1005.5848999023438,-0.4976473021030942,3.419951677935696,-0.3086301958483286,3.870154605804175,-1.1699164176837953,1.6993185462984577,0.8701808901365833,0.0028869377323087,3.427754210534899,1.6924904654891433
64.0,227.0,1004.2504272460938,-0.8223529424704155,2.825127807401638,-0.323922086313651,1.937577607926971,-0.7880478165526897,-0.5658922756132105,1.2049866790758093,0.2624683225465503,3.2458834880441487,0.9881096602322688
64.0,227.0,1005.768310546875,1.5999854791936896,2.9805356758612893,-0.224463190705871,3.807145392204087,-0.3379384159359995,1.0087144864956603,0.8161970981207121,-0.0299745068515237,3.525817858828421,1.6851147134922917
64.0,228.0,1004.6443481445312,0.6900176227674764,3.063074350782302,-0.3302721781170479,3.0126561550720083,-0.1976159951512532,1.5970259768578052,1.2511792713171723,-0.0167520924344081,3.4265898532482377,1.5636003792452855
64.0,228.0,1004.2421264648438,1.1090451639676264,3.063170278295987,-0.1754780434512142,3.5433184929382966,-0.1568456031498367,1.0766389807596008,1.0528787249669178,-0.0171620058962041,3.1145081813601543,1.5893554756452115
64.0,228.0,1005.7791137695312,0.6317410114373033,3.3821840388898674,-0.6555082762858517,1.8304964441013163,0.265419887632873,0.7751960162999161,1.243165064585624,-0.3543464243561521,3.598221077351875,1.5754946386202904
64.0,228.0,1005.7072143554688,1.6491448804843336,2.9104453120023,-0.2376035463302053,3.615676320374159,-0.5459213406507523,1.0802436756395946,1.0229389087533642,-0.0226071327225542,3.134768809825729,1.4551102740604491
64.0,228.0,1005.2555541992188,-0.5037094802039921,3.707585390221884,-0.3280569768488796,3.321070462527059,0.979043172621886,-0.4155761280008436,0.9565504599200948,0.2951346271246178,3.295787014291044,2.1819067114242974
64.0,228.0,1006.83154296875,1.5265036097584397,2.4688393553651458,-0.2193779993269236,3.456649131017686,-0.280184533111481,1.4322115030166764,0.0073984864598439,0.0552709621325861,2.764100911123255,1.699477136905433
64.0,228.0,1006.2119140625,0.4893625390202833,1.7795423029239368,-0.2283334970089545,3.1277989280704825,0.4981169607027755,1.141197769335064,2.5146578201478693,1.975507430672696,4.311031517865723,2.0922100116751228
64.0,228.0,1005.1494140625,1.4267671879387,2.82151791963309,-0.2050135975394147,3.599402345635524,-0.212234014229664,1.0699343377498252,1.054124327480299,-0.0348381047181509,3.2384919490320403,1.683330061310487
64.0,228.0,1005.474853515625,1.5026949966969567,4.303640589644998,0.0467183102294996,3.508585978273294,-0.276222544546385,1.2632585220760255,0.9839023829757484,0.4548566034085533,3.319979299343642,1.681623450852277
64.0,228.0,1004.5355224609376,-0.2067583177486083,2.156645823399848,1.1237471826284795,3.780946817479548,-0.5114493991580722,1.3470285072754011,1.5426076556614716,0.9251629364195506,3.6326501297850458,1.193605314089168
64.0,228.0,1004.0458984375,0.6627964073101363,1.902544155917261,1.7356517264199556,1.1276967507837976,-0.9532319298265536,0.6325625002596181,1.4181961809212862,1.2571856093798428,3.247627624338968,0.7396376473821458
64.0,228.0,1004.7117919921876,0.4052530103725722,2.862964791291889,1.0244185980793992,1.6185629550949447,0.0861167524434486,0.806110362194968,0.5149989619430992,0.0762824622613271,3.306353246449835,1.6419964791765842
64.0,228.0,1005.585205078125,1.4441076734521072,3.066111509674269,0.0067028297138759,3.194813058276394,-0.2495793018936137,1.1591742150332562,1.047291772061316,-0.0635626710663064,3.2934046480925203,1.7277033081006632
64.0,228.0,1004.95849609375,0.9162956780313632,2.1247201074083826,0.0379144096914144,3.0493734156772465,-0.204541723945408,1.0866278545155783,1.081534562537653,-0.1426858802547873,2.5531626479271203,1.6834925846586402
64.0,228.0,1003.9569702148438,0.448016906340041,3.105722986450256,0.8138035866923863,3.0955404770734902,0.2620725015799733,1.6869868466778326,0.0600023277914734,0.2622416693067444,3.1208073658522064,1.5478276998793208
64.0,228.0,1005.9080810546876,1.0513515896295955,3.0324479004866207,-0.1399893757068982,2.5909601277576697,-0.1207554487964864,2.5126882206643253,1.1607896320933913,0.180815057255496,3.251736532375584,2.58552590355996
64.0,228.0,1005.7649536132812,0.2825466944237913,3.223371955913502,-1.130107795435179,3.475165291581171,-1.048330892200188,0.6773142097574366,1.7224453178602437,-0.0116344510771347,2.978858171781275,1.664112733334867
64.0,228.0,1003.8233642578124,1.028523366259821,3.0628461474330293,-0.3204188298828894,3.0167776901382988,0.2647472536681213,1.306874930918926,0.9514498344110252,-0.5399432597472117,3.348110656193866,0.8965220619264871
64.0,228.0,1006.2741088867188,1.643031542836416,3.606370926934152,-0.6934784640503268,3.544777025413626,-0.1168117638030309,0.939111865717292,1.235370936060419,0.8014975999324441,3.270795648100955,1.6707495569788469
64.0,228.0,1005.4312744140624,1.3627715738376884,3.076635121501396,-0.2203183241854567,3.1897560510402903,-0.4507563945197057,1.1522013466208365,1.072078304572779,-0.0715777010715543,3.2997649430028133,1.6650114468654638
64.0,228.0,1006.1286010742188,1.5630251164579407,3.034072154337606,-0.2144607478813976,3.3747890166807086,-0.1840946200972616,1.0834848120091078,1.505132191142844,0.0986427251527393,3.2971237436003165,1.6407078622033984
64.0,228.0,1004.8368530273438,-0.0192859539180938,3.1458012448024646,-0.4052589456220559,3.5837623621294377,-0.4446218579421889,1.004306573519272,1.0674916208430016,-0.1473208806064043,4.659302750457305,1.266183010783346
64.0,228.0,1005.0035400390624,1.488088734200528,3.2964916798764268,-0.081613556681665,3.4931910742310563,-0.4795947022471148,1.19443031097595,1.5983254058784726,0.3030366300005376,3.1093375136026897,1.3517079212642986
64.0,228.0,1005.59716796875,0.8422960777773174,3.0348209215701183,-0.2311176520887816,3.530445462000517,0.731073415144617,1.0838871087870037,1.0526527931079228,-0.2789778063184201,3.525442996103043,1.9314441196361605
64.0,228.0,1005.1682739257812,0.4758226699530498,2.725912301651685,-0.0230184400084026,3.5041163169939864,-0.2839688026094656,0.98246182909671,0.7814411067738086,0.0567855685067581,3.2908997596538847,1.3640380101297185
64.0,228.0,1004.932861328125,1.5796322669745138,2.974669102036052,-0.2759972217390695,3.567574034001228,-0.2093543612178015,1.4940440693796724,1.055340177568717,-0.0056815911348413,3.322450316094878,2.2801882162059304
64.0,228.0,1005.4376220703124,1.4939369051591875,3.208578143175042,-0.0838875551827738,3.6527902052474297,-0.0677512366808728,2.1295316682877434,1.0280783661595605,-0.0117743859456704,3.334761595860714,1.7120512362595308
64.0,228.0,1005.9476318359376,0.0416259073064684,3.056620648095169,0.9059087932371556,3.541676985417584,-0.4558259587305865,-0.3150494321593007,1.05123482986649,-0.0994281152615595,3.238383279985208,1.6565234082160285
64.0,228.0,1005.81201171875,1.0493680198447488,3.1481788145602274,-0.3742052874168526,1.7340138049668434,0.0318673716322229,0.8640905123034281,1.2404658485720614,-0.0193011184880681,2.7865877149951315,1.7316496760128115
64.0,228.0,1004.924560546875,1.3902787656971398,3.2388825019148166,-0.206591284257351,2.6835356447268124,-0.2393013169250669,1.0825663808182378,0.7880722208517016,0.1086941866441624,3.760609960660497,1.5499190461382142
64.0,228.0,1003.884033203125,1.1425112649696187,3.065090117718845,0.592860107788608,2.8071972518327133,0.2549808842303713,0.7688590957311772,1.1434486482266086,0.1774592781213724,3.2904317271738885,1.6652367097735672
64.0,228.0,1004.8756713867188,1.803103039357084,3.04969122379482,-0.2380855070972431,3.544222673085715,-0.3675432124331079,1.0049334701620785,1.0915745130618049,-0.0166428366782459,3.286393579044508,1.7128181502425668
64.0,228.0,1005.5949096679688,1.065741447403239,3.566321993171797,-0.1722097588879127,3.335195644635442,0.4153135222526197,1.6432684793938577,1.2308026718224587,0.3065238812510272,3.32453208933479,1.4181087479272612
64.0,228.0,1005.1708984375,1.5387374172758588,3.0630905424895096,-0.2761169812147975,3.539551483750204,-0.0710913967583387,1.0864629386437223,1.0432566156141505,0.0406253156605319,3.3703392304127733,1.6847979903288934
64.0,228.0,1004.3433227539062,1.5246637626108075,2.588764633984187,-0.2247483509817702,3.541791433209113,-0.2094105942329443,0.0900981966808316,1.4472220790014578,0.3634141441016041,3.275517642189521,1.677631713184814
64.0,228.0,1006.2902221679688,-0.4251081873792355,3.285807122763265,-0.1892787533432827,2.527234148491948,-0.6010386156964528,0.6565171337625719,1.76275366174798,-0.0125229395337214,3.152359389102193,1.536172754489335
64.0,228.0,1002.565185546875,0.5472914493255665,3.366882117201061,1.3060013984334584,1.9325170226020087,-1.0074251950736448,0.7432223534795421,1.6951969237110474,0.1334456915648295,3.316198941140461,1.659375229627378
64.0,228.0,1006.7476806640624,1.3783292661069166,2.227281756843792,0.7486796121921748,2.3676098445669496,-0.4352187250238886,0.1295667694666509,1.2582478032152908,0.9678886220425788,1.546052822985894,1.7088008776725607
64.0,228.0,1003.6841430664062,1.5264166200797986,3.063097861613356,-0.215819897253269,3.5490497273888275,-0.2048867388282806,1.0826619122252867,1.0511392207255632,-0.0170243374408754,3.2973942147249127,1.6821927523441609
64.0,228.0,1005.0227661132812,1.1090167985935704,3.054929262949412,0.2138404591139139,3.3785257770175283,-0.2062982807170551,0.6081492878130935,1.0163426512361524,-0.0348229360837541,3.2931519023315508,1.7331119502206431
64.0,228.0,1006.3912353515624,1.0823124156003283,3.145532408020725,0.0937498638335725,4.3492484902596935,-0.983369492477124,0.3045399617600217,1.0355153888892177,-0.6035785196627739,3.47882371336145,1.9749920545649893
64.0,228.0,1003.7677001953124,0.9753379059727132,3.027481911426474,0.8914709442373026,3.6385006360362526,-0.1936568623912141,0.9354252219936228,1.0515023454212475,1.5844169383747184,3.3013099988549235,1.6821957420369034
64.0,228.0,1005.7315063476562,1.5396689441273124,3.0386942734840274,0.0727790596694881,3.99653790662412,-0.2180394714265182,1.1227822176659112,0.9898665587735348,-0.0161734394273001,3.292559616599718,1.7283088665121291
64.0,228.0,1005.9786376953124,1.1755166225902458,3.0139295819900664,-0.2417305383366287,3.616814653335077,-0.2729520402836232,1.8592848557108288,1.1177652924446315,0.1211451494947978,3.912459696901169,2.2316448068592054
64.0,228.0,1004.7403564453124,0.4804166552562906,3.142058809388116,-0.507253232726782,3.78275224637308,-0.5671588827166028,1.1261544357254607,1.4122039073154182,0.5007209311294231,3.503301094810195,1.926829920271378
64.0,228.0,1004.5214233398438,1.3925082887281215,3.065088985864282,-0.1686798461004562,2.4937664364779137,-0.2246521629870259,1.0573601922845028,1.0844478999456344,-0.8866334099558765,3.2654268773896447,1.6563374701400866
64.0,228.0,1006.101806640625,1.5145614614356997,2.994643314133276,-0.4385238738008652,2.6498988515969346,-0.2204737755628775,1.1219320992016055,0.99350013477897,-0.0190371027451072,3.134156782158529,1.6797391789481235
64.0,228.0,1005.5848999023438,-0.4976473021030942,3.419951677935696,-0.3086301958483286,3.870154605804175,-1.1699164176837953,1.6993185462984577,0.8701808901365833,0.0028869377323087,3.427754210534899,1.6924904654891433
64.0,228.0,1004.2504272460938,-0.8223529424704155,2.825127807401638,-0.323922086313651,1.937577607926971,-0.7880478165526897,-0.5658922756132105,1.2049866790758093,0.2624683225465503,3.2458834880441487,0.9881096602322688
64.0,228.0,1005.768310546875,1.5999854791936896,2.9805356758612893,-0.224463190705871,3.807145392204087,-0.3379384159359995,1.0087144864956603,0.8161970981207121,-0.0299745068515237,3.525817858828421,1.6851147134922917
64.0,229.0,1004.6443481445312,0.6900176227674764,3.063074350782302,-0.3302721781170479,3.0126561550720083,-0.1976159951512532,1.5970259768578052,1.2511792713171723,-0.0167520924344081,3.4265898532482377,1.5636003792452855
64.0,229.0,1004.2421264648438,1.1090451639676264,3.063170278295987,-0.1754780434512142,3.5433184929382966,-0.1568456031498367,1.0766389807596008,1.0528787249669178,-0.0171620058962041,3.1145081813601543,1.5893554756452115
64.0,229.0,1005.7791137695312,0.6317410114373033,3.3821840388898674,-0.6555082762858517,1.8304964441013163,0.265419887632873,0.7751960162999161,1.243165064585624,-0.3543464243561521,3.598221077351875,1.5754946386202904
64.0,229.0,1005.7072143554688,1.6491448804843336,2.9104453120023,-0.2376035463302053,3.615676320374159,-0.5459213406507523,1.0802436756395946,1.0229389087533642,-0.0226071327225542,3.134768809825729,1.4551102740604491
64.0,229.0,1005.2555541992188,-0.5037094802039921,3.707585390221884,-0.3280569768488796,3.321070462527059,0.979043172621886,-0.4155761280008436,0.9565504599200948,0.2951346271246178,3.295787014291044,2.1819067114242974
64.0,229.0,1006.83154296875,1.5265036097584397,2.4688393553651458,-0.2193779993269236,3.456649131017686,-0.280184533111481,1.4322115030166764,0.0073984864598439,0.0552709621325861,2.764100911123255,1.699477136905433
64.0,229.0,1006.2119140625,0.4893625390202833,1.7795423029239368,-0.2283334970089545,3.1277989280704825,0.4981169607027755,1.141197769335064,2.5146578201478693,1.975507430672696,4.311031517865723,2.0922100116751228
64.0,229.0,1005.1494140625,1.4267671879387,2.82151791963309,-0.2050135975394147,3.599402345635524,-0.212234014229664,1.0699343377498252,1.054124327480299,-0.0348381047181509,3.2384919490320403,1.683330061310487
64.0,229.0,1005.474853515625,1.5026949966969567,4.303640589644998,0.0467183102294996,3.508585978273294,-0.276222544546385,1.2632585220760255,0.9839023829757484,0.4548566034085533,3.319979299343642,1.681623450852277
64.0,229.0,1004.5355224609376,-0.2067583177486083,2.156645823399848,1.1237471826284795,3.780946817479548,-0.5114493991580722,1.3470285072754011,1.5426076556614716,0.9251629364195506,3.6326501297850458,1.193605314089168
64.0,229.0,1004.0458984375,0.6627964073101363,1.902544155917261,1.7356517264199556,1.1276967507837976,-0.9532319298265536,0.6325625002596181,1.4181961809212862,1.2571856093798428,3.247627624338968,0.7396376473821458
64.0,229.0,1004.7117919921876,0.4052530103725722,2.862964791291889,1.0244185980793992,1.6185629550949447,0.0861167524434486,0.806110362194968,0.5149989619430992,0.0762824622613271,3.306353246449835,1.6419964791765842
64.0,229.0,1005.585205078125,1.4441076734521072,3.066111509674269,0.0067028297138759,3.194813058276394,-0.2495793018936137,1.1591742150332562,1.047291772061316,-0.0635626710663064,3.2934046480925203,1.7277033081006632
64.0,229.0,1004.95849609375,0.9162956780313632,2.1247201074083826,0.0379144096914144,3.0493734156772465,-0.204541723945408,1.0866278545155783,1.081534562537653,-0.1426858802547873,2.5531626479271203,1.6834925846586402
64.0,229.0,1003.9569702148438,0.448016906340041,3.105722986450256,0.8138035866923863,3.0955404770734902,0.2620725015799733,1.6869868466778326,0.0600023277914734,0.2622416693067444,3.1208073658522064,1.5478276998793208
64.0,229.0,1005.9080810546876,1.0513515896295955,3.0324479004866207,-0.1399893757068982,2.5909601277576697,-0.1207554487964864,2.5126882206643253,1.1607896320933913,0.180815057255496,3.251736532375584,2.58552590355996
64.0,229.0,1005.7649536132812,0.2825466944237913,3.223371955913502,-1.130107795435179,3.475165291581171,-1.048330892200188,0.6773142097574366,1.7224453178602437,-0.0116344510771347,2.978858171781275,1.664112733334867
64.0,229.0,1003.8233642578124,1.028523366259821,3.0628461474330293,-0.3204188298828894,3.0167776901382988,0.2647472536681213,1.306874930918926,0.9514498344110252,-0.5399432597472117,3.348110656193866,0.8965220619264871
64.0,229.0,1006.2741088867188,1.643031542836416,3.606370926934152,-0.6934784640503268,3.544777025413626,-0.1168117638030309,0.939111865717292,1.235370936060419,0.8014975999324441,3.270795648100955,1.6707495569788469
64.0,229.0,1005.4312744140624,1.3627715738376884,3.076635121501396,-0.2203183241854567,3.1897560510402903,-0.4507563945197057,1.1522013466208365,1.072078304572779,-0.0715777010715543,3.2997649430028133,1.6650114468654638
64.0,229.0,1006.1286010742188,1.5630251164579407,3.034072154337606,-0.2144607478813976,3.3747890166807086,-0.1840946200972616,1.0834848120091078,1.505132191142844,0.0986427251527393,3.2971237436003165,1.6407078622033984
64.0,229.0,1004.8368530273438,-0.0192859539180938,3.1458012448024646,-0.4052589456220559,3.5837623621294377,-0.4446218579421889,1.004306573519272,1.0674916208430016,-0.1473208806064043,4.659302750457305,1.266183010783346
64.0,229.0,1005.0035400390624,1.488088734200528,3.2964916798764268,-0.081613556681665,3.4931910742310563,-0.4795947022471148,1.19443031097595,1.5983254058784726,0.3030366300005376,3.1093375136026897,1.3517079212642986
64.0,229.0,1005.59716796875,0.8422960777773174,3.0348209215701183,-0.2311176520887816,3.530445462000517,0.731073415144617,1.0838871087870037,1.0526527931079228,-0.2789778063184201,3.525442996103043,1.9314441196361605
64.0,229.0,1005.1682739257812,0.4758226699530498,2.725912301651685,-0.0230184400084026,3.5041163169939864,-0.2839688026094656,0.98246182909671,0.7814411067738086,0.0567855685067581,3.2908997596538847,1.3640380101297185
64.0,229.0,1004.932861328125,1.5796322669745138,2.974669102036052,-0.2759972217390695,3.567574034001228,-0.2093543612178015,1.4940440693796724,1.055340177568717,-0.0056815911348413,3.322450316094878,2.2801882162059304
64.0,229.0,1005.4376220703124,1.4939369051591875,3.208578143175042,-0.0838875551827738,3.6527902052474297,-0.0677512366808728,2.1295316682877434,1.0280783661595605,-0.0117743859456704,3.334761595860714,1.7120512362595308
64.0,229.0,1005.9476318359376,0.0416259073064684,3.056620648095169,0.9059087932371556,3.541676985417584,-0.4558259587305865,-0.3150494321593007,1.05123482986649,-0.0994281152615595,3.238383279985208,1.6565234082160285
64.0,229.0,1005.81201171875,1.0493680198447488,3.1481788145602274,-0.3742052874168526,1.7340138049668434,0.0318673716322229,0.8640905123034281,1.2404658485720614,-0.0193011184880681,2.7865877149951315,1.7316496760128115
64.0,229.0,1004.924560546875,1.3902787656971398,3.2388825019148166,-0.206591284257351,2.6835356447268124,-0.2393013169250669,1.0825663808182378,0.7880722208517016,0.1086941866441624,3.760609960660497,1.5499190461382142
64.0,229.0,1003.884033203125,1.1425112649696187,3.065090117718845,0.592860107788608,2.8071972518327133,0.2549808842303713,0.7688590957311772,1.1434486482266086,0.1774592781213724,3.2904317271738885,1.6652367097735672
64.0,229.0,1004.8756713867188,1.803103039357084,3.04969122379482,-0.2380855070972431,3.544222673085715,-0.3675432124331079,1.0049334701620785,1.0915745130618049,-0.0166428366782459,3.286393579044508,1.7128181502425668
64.0,229.0,1005.5949096679688,1.065741447403239,3.566321993171797,-0.1722097588879127,3.335195644635442,0.4153135222526197,1.6432684793938577,1.2308026718224587,0.3065238812510272,3.32453208933479,1.4181087479272612
64.0,229.0,1005.1708984375,1.5387374172758588,3.0630905424895096,-0.2761169812147975,3.539551483750204,-0.0710913967583387,1.0864629386437223,1.0432566156141505,0.0406253156605319,3.3703392304127733,1.6847979903288934
64.0,229.0,1004.3433227539062,1.5246637626108075,2.588764633984187,-0.2247483509817702,3.541791433209113,-0.2094105942329443,0.0900981966808316,1.4472220790014578,0.3634141441016041,3.275517642189521,1.677631713184814
64.0,229.0,1006.2902221679688,-0.4251081873792355,3.285807122763265,-0.1892787533432827,2.527234148491948,-0.6010386156964528,0.6565171337625719,1.76275366174798,-0.0125229395337214,3.152359389102193,1.536172754489335
64.0,229.0,1002.565185546875,0.5472914493255665,3.366882117201061,1.3060013984334584,1.9325170226020087,-1.0074251950736448,0.7432223534795421,1.6951969237110474,0.1334456915648295,3.316198941140461,1.659375229627378
64.0,229.0,1006.7476806640624,1.3783292661069166,2.227281756843792,0.7486796121921748,2.3676098445669496,-0.4352187250238886,0.1295667694666509,1.2582478032152908,0.9678886220425788,1.546052822985894,1.7088008776725607
64.0,229.0,1003.6841430664062,1.5264166200797986,3.063097861613356,-0.215819897253269,3.5490497273888275,-0.2048867388282806,1.0826619122252867,1.0511392207255632,-0.0170243374408754,3.2973942147249127,1.6821927523441609
64.0,229.0,1005.0227661132812,1.1090167985935704,3.054929262949412,0.2138404591139139,3.3785257770175283,-0.2062982807170551,0.6081492878130935,1.0163426512361524,-0.0348229360837541,3.2931519023315508,1.7331119502206431
64.0,229.0,1006.3912353515624,1.0823124156003283,3.145532408020725,0.0937498638335725,4.3492484902596935,-0.983369492477124,0.3045399617600217,1.0355153888892177,-0.6035785196627739,3.47882371336145,1.9749920545649893
64.0,229.0,1003.7677001953124,0.9753379059727132,3.027481911426474,0.8914709442373026,3.6385006360362526,-0.1936568623912141,0.9354252219936228,1.0515023454212475,1.5844169383747184,3.3013099988549235,1.6821957420369034
64.0,229.0,1005.7315063476562,1.5396689441273124,3.0386942734840274,0.0727790596694881,3.99653790662412,-0.2180394714265182,1.1227822176659112,0.9898665587735348,-0.0161734394273001,3.292559616599718,1.7283088665121291
64.0,229.0,1005.9786376953124,1.1755166225902458,3.0139295819900664,-0.2417305383366287,3.616814653335077,-0.2729520402836232,1.8592848557108288,1.1177652924446315,0.1211451494947978,3.912459696901169,2.2316448068592054
64.0,229.0,1004.7403564453124,0.4804166552562906,3.142058809388116,-0.507253232726782,3.78275224637308,-0.5671588827166028,1.1261544357254607,1.4122039073154182,0.5007209311294231,3.503301094810195,1.926829920271378
64.0,229.0,1004.5214233398438,1.3925082887281215,3.065088985864282,-0.1686798461004562,2.4937664364779137,-0.2246521629870259,1.0573601922845028,1.0844478999456344,-0.8866334099558765,3.2654268773896447,1.6563374701400866
64.0,229.0,1006.101806640625,1.5145614614356997,2.994643314133276,-0.4385238738008652,2.6498988515969346,-0.2204737755628775,1.1219320992016055,0.99350013477897,-0.0190371027451072,3.134156782158529,1.6797391789481235
64.0,229.0,1005.5848999023438,-0.4976473021030942,3.419951677935696,-0.3086301958483286,3.870154605804175,-1.1699164176837953,1.6993185462984577,0.8701808901365833,0.0028869377323087,3.427754210534899,1.6924904654891433
64.0,229.0,1004.2504272460938,-0.8223529424704155,2.825127807401638,-0.323922086313651,1.937577607926971,-0.7880478165526897,-0.5658922756132105,1.2049866790758093,0.2624683225465503,3.2458834880441487,0.9881096602322688
64.0,229.0,1005.768310546875,1.5999854791936896,2.9805356758612893,-0.224463190705871,3.807145392204087,-0.3379384159359995,1.0087144864956603,0.8161970981207121,-0.0299745068515237,3.525817858828421,1.6851147134922917
64.0,230.0,1004.6443481445312,0.6900176227674764,3.063074350782302,-0.3302721781170479,3.0126561550720083,-0.1976159951512532,1.5970259768578052,1.2511792713171723,-0.0167520924344081,3.4265898532482377,1.5636003792452855
64.0,230.0,1004.2421264648438,1.1090451639676264,3.063170278295987,-0.1754780434512142,3.5433184929382966,-0.1568456031498367,1.0766389807596008,1.0528787249669178,-0.0171620058962041,3.1145081813601543,1.5893554756452115
64.0,230.0,1005.7791137695312,0.6317410114373033,3.3821840388898674,-0.6555082762858517,1.8304964441013163,0.265419887632873,0.7751960162999161,1.243165064585624,-0.3543464243561521,3.598221077351875,1.5754946386202904
64.0,230.0,1005.7072143554688,1.6491448804843336,2.9104453120023,-0.2376035463302053,3.615676320374159,-0.5459213406507523,1.0802436756395946,1.0229389087533642,-0.0226071327225542,3.134768809825729,1.4551102740604491
64.0,230.0,1005.2555541992188,-0.5037094802039921,3.707585390221884,-0.3280569768488796,3.321070462527059,0.979043172621886,-0.4155761280008436,0.9565504599200948,0.2951346271246178,3.295787014291044,2.1819067114242974
64.0,230.0,1006.83154296875,1.5265036097584397,2.4688393553651458,-0.2193779993269236,3.456649131017686,-0.280184533111481,1.4322115030166764,0.0073984864598439,0.0552709621325861,2.764100911123255,1.699477136905433
64.0,230.0,1006.2119140625,0.4893625390202833,1.7795423029239368,-0.2283334970089545,3.1277989280704825,0.4981169607027755,1.141197769335064,2.5146578201478693,1.975507430672696,4.311031517865723,2.0922100116751228
64.0,230.0,1005.1494140625,1.4267671879387,2.82151791963309,-0.2050135975394147,3.599402345635524,-0.212234014229664,1.0699343377498252,1.054124327480299,-0.0348381047181509,3.2384919490320403,1.683330061310487
64.0,230.0,1005.474853515625,1.5026949966969567,4.303640589644998,0.0467183102294996,3.508585978273294,-0.276222544546385,1.2632585220760255,0.9839023829757484,0.4548566034085533,3.319979299343642,1.681623450852277
64.0,230.0,1004.5355224609376,-0.2067583177486083,2.156645823399848,1.1237471826284795,3.780946817479548,-0.5114493991580722,1.3470285072754011,1.5426076556614716,0.9251629364195506,3.6326501297850458,1.193605314089168
64.0,230.0,1004.0458984375,0.6627964073101363,1.902544155917261,1.7356517264199556,1.1276967507837976,-0.9532319298265536,0.6325625002596181,1.4181961809212862,1.2571856093798428,3.247627624338968,0.7396376473821458
64.0,230.0,1004.7117919921876,0.4052530103725722,2.862964791291889,1.0244185980793992,1.6185629550949447,0.0861167524434486,0.806110362194968,0.5149989619430992,0.0762824622613271,3.306353246449835,1.6419964791765842
64.0,230.0,1005.585205078125,1.4441076734521072,3.066111509674269,0.0067028297138759,3.194813058276394,-0.2495793018936137,1.1591742150332562,1.047291772061316,-0.0635626710663064,3.2934046480925203,1.7277033081006632
64.0,230.0,1004.95849609375,0.9162956780313632,2.1247201074083826,0.0379144096914144,3.0493734156772465,-0.204541723945408,1.0866278545155783,1.081534562537653,-0.1426858802547873,2.5531626479271203,1.6834925846586402
64.0,230.0,1003.9569702148438,0.448016906340041,3.105722986450256,0.8138035866923863,3.0955404770734902,0.2620725015799733,1.6869868466778326,0.0600023277914734,0.2622416693067444,3.1208073658522064,1.5478276998793208
64.0,230.0,1005.9080810546876,1.0513515896295955,3.0324479004866207,-0.1399893757068982,2.5909601277576697,-0.1207554487964864,2.5126882206643253,1.1607896320933913,0.180815057255496,3.251736532375584,2.58552590355996
64.0,230.0,1005.7649536132812,0.2825466944237913,3.223371955913502,-1.130107795435179,3.475165291581171,-1.048330892200188,0.6773142097574366,1.7224453178602437,-0.0116344510771347,2.978858171781275,1.664112733334867
64.0,230.0,1003.8233642578124,1.028523366259821,3.0628461474330293,-0.3204188298828894,3.0167776901382988,0.2647472536681213,1.306874930918926,0.9514498344110252,-0.5399432597472117,3.348110656193866,0.8965220619264871
64.0,230.0,1006.2741088867188,1.643031542836416,3.606370926934152,-0.6934784640503268,3.544777025413626,-0.1168117638030309,0.939111865717292,1.235370936060419,0.8014975999324441,3.270795648100955,1.6707495569788469
64.0,230.0,1005.4312744140624,1.3627715738376884,3.076635121501396,-0.2203183241854567,3.1897560510402903,-0.4507563945197057,1.1522013466208365,1.072078304572779,-0.0715777010715543,3.2997649430028133,1.6650114468654638
64.0,230.0,1006.1286010742188,1.5630251164579407,3.034072154337606,-0.2144607478813976,3.3747890166807086,-0.1840946200972616,1.0834848120091078,1.505132191142844,0.0986427251527393,3.2971237436003165,1.6407078622033984
64.0,230.0,1004.8368530273438,-0.0192859539180938,3.1458012448024646,-0.4052589456220559,3.5837623621294377,-0.4446218579421889,1.004306573519272,1.0674916208430016,-0.1473208806064043,4.659302750457305,1.266183010783346
64.0,230.0,1005.0035400390624,1.488088734200528,3.2964916798764268,-0.081613556681665,3.4931910742310563,-0.4795947022471148,1.19443031097595,1.5983254058784726,0.3030366300005376,3.1093375136026897,1.3517079212642986
64.0,230.0,1005.59716796875,0.8422960777773174,3.0348209215701183,-0.2311176520887816,3.530445462000517,0.731073415144617,1.0838871087870037,1.0526527931079228,-0.2789778063184201,3.525442996103043,1.9314441196361605
64.0,230.0,1005.1682739257812,0.4758226699530498,2.725912301651685,-0.0230184400084026,3.5041163169939864,-0.2839688026094656,0.98246182909671,0.7814411067738086,0.0567855685067581,3.2908997596538847,1.3640380101297185
64.0,230.0,1004.932861328125,1.5796322669745138,2.974669102036052,-0.2759972217390695,3.567574034001228,-0.2093543612178015,1.4940440693796724,1.055340177568717,-0.0056815911348413,3.322450316094878,2.2801882162059304
64.0,230.0,1005.4376220703124,1.4939369051591875,3.208578143175042,-0.0838875551827738,3.6527902052474297,-0.0677512366808728,2.1295316682877434,1.0280783661595605,-0.0117743859456704,3.334761595860714,1.7120512362595308
64.0,230.0,1005.9476318359376,0.0416259073064684,3.056620648095169,0.9059087932371556,3.541676985417584,-0.4558259587305865,-0.3150494321593007,1.05123482986649,-0.0994281152615595,3.238383279985208,1.6565234082160285
64.0,230.0,1005.81201171875,1.0493680198447488,3.1481788145602274,-0.3742052874168526,1.7340138049668434,0.0318673716322229,0.8640905123034281,1.2404658485720614,-0.0193011184880681,2.7865877149951315,1.7316496760128115
64.0,230.0,1004.924560546875,1.3902787656971398,3.2388825019148166,-0.206591284257351,2.6835356447268124,-0.2393013169250669,1.0825663808182378,0.7880722208517016,0.1086941866441624,3.760609960660497,1.5499190461382142
64.0,230.0,1003.884033203125,1.1425112649696187,3.065090117718845,0.592860107788608,2.8071972518327133,0.2549808842303713,0.7688590957311772,1.1434486482266086,0.1774592781213724,3.2904317271738885,1.6652367097735672
64.0,230.0,1004.8756713867188,1.803103039357084,3.04969122379482,-0.2380855070972431,3.544222673085715,-0.3675432124331079,1.0049334701620785,1.0915745130618049,-0.0166428366782459,3.286393579044508,1.7128181502425668
64.0,230.0,1005.5949096679688,1.065741447403239,3.566321993171797,-0.1722097588879127,3.335195644635442,0.4153135222526197,1.6432684793938577,1.2308026718224587,0.3065238812510272,3.32453208933479,1.4181087479272612
64.0,230.0,1005.1708984375,1.5387374172758588,3.0630905424895096,-0.2761169812147975,3.539551483750204,-0.0710913967583387,1.0864629386437223,1.0432566156141505,0.0406253156605319,3.3703392304127733,1.6847979903288934
64.0,230.0,1004.3433227539062,1.5246637626108075,2.588764633984187,-0.2247483509817702,3.541791433209113,-0.2094105942329443,0.0900981966808316,1.4472220790014578,0.3634141441016041,3.275517642189521,1.677631713184814
64.0,230.0,1006.2902221679688,-0.4251081873792355,3.285807122763265,-0.1892787533432827,2.527234148491948,-0.6010386156964528,0.6565171337625719,1.76275366174798,-0.0125229395337214,3.152359389102193,1.536172754489335
64.0,230.0,1002.565185546875,0.5472914493255665,3.366882117201061,1.3060013984334584,1.9325170226020087,-1.0074251950736448,0.7432223534795421,1.6951969237110474,0.1334456915648295,3.316198941140461,1.659375229627378
64.0,230.0,1006.7476806640624,1.3783292661069166,2.227281756843792,0.7486796121921748,2.3676098445669496,-0.4352187250238886,0.1295667694666509,1.2582478032152908,0.9678886220425788,1.546052822985894,1.7088008776725607
64.0,230.0,1003.6841430664062,1.5264166200797986,3.063097861613356,-0.215819897253269,3.5490497273888275,-0.2048867388282806,1.0826619122252867,1.0511392207255632,-0.0170243374408754,3.2973942147249127,1.6821927523441609
64.0,230.0,1005.0227661132812,1.1090167985935704,3.054929262949412,0.2138404591139139,3.3785257770175283,-0.2062982807170551,0.6081492878130935,1.0163426512361524,-0.0348229360837541,3.2931519023315508,1.7331119502206431
64.0,230.0,1006.3912353515624,1.0823124156003283,3.145532408020725,0.0937498638335725,4.3492484902596935,-0.983369492477124,0.3045399617600217,1.0355153888892177,-0.6035785196627739,3.47882371336145,1.9749920545649893
64.0,230.0,1003.7677001953124,0.9753379059727132,3.027481911426474,0.8914709442373026,3.6385006360362526,-0.1936568623912141,0.9354252219936228,1.0515023454212475,1.5844169383747184,3.3013099988549235,1.6821957420369034
64.0,230.0,1005.7315063476562,1.5396689441273124,3.0386942734840274,0.0727790596694881,3.99653790662412,-0.2180394714265182,1.1227822176659112,0.9898665587735348,-0.0161734394273001,3.292559616599718,1.7283088665121291
64.0,230.0,1005.9786376953124,1.1755166225902458,3.0139295819900664,-0.2417305383366287,3.616814653335077,-0.2729520402836232,1.8592848557108288,1.1177652924446315,0.1211451494947978,3.912459696901169,2.2316448068592054
64.0,230.0,1004.7403564453124,0.4804166552562906,3.142058809388116,-0.507253232726782,3.78275224637308,-0.5671588827166028,1.1261544357254607,1.4122039073154182,0.5007209311294231,3.503301094810195,1.926829920271378
64.0,230.0,1004.5214233398438,1.3925082887281215,3.065088985864282,-0.1686798461004562,2.4937664364779137,-0.2246521629870259,1.0573601922845028,1.0844478999456344,-0.8866334099558765,3.2654268773896447,1.6563374701400866
64.0,230.0,1006.101806640625,1.5145614614356997,2.994643314133276,-0.4385238738008652,2.6498988515969346,-0.2204737755628775,1.1219320992016055,0.99350013477897,-0.0190371027451072,3.134156782158529,1.6797391789481235
64.0,230.0,1005.5848999023438,-0.4976473021030942,3.419951677935696,-0.3086301958483286,3.870154605804175,-1.1699164176837953,1.6993185462984577,0.8701808901365833,0.0028869377323087,3.427754210534899,1.6924904654891433
64.0,230.0,1004.2504272460938,-0.8223529424704155,2.825127807401638,-0.323922086313651,1.937577607926971,-0.7880478165526897,-0.5658922756132105,1.2049866790758093,0.2624683225465503,3.2458834880441487,0.9881096602322688
64.0,230.0,1004.8351440429688,0.383266327892847,3.526047267809437,-0.0464641811751654,3.441002486581674,0.4622121063248139,0.764653895575856,1.4226068635485682,-0.4876738443664548,3.654568720914268,1.5945743322906956
64.0,231.0,1004.6443481445312,0.6900176227674764,3.063074350782302,-0.3302721781170479,3.0126561550720083,-0.1976159951512532,1.5970259768578052,1.2511792713171723,-0.0167520924344081,3.4265898532482377,1.5636003792452855
64.0,231.0,1004.2421264648438,1.1090451639676264,3.063170278295987,-0.1754780434512142,3.5433184929382966,-0.1568456031498367,1.0766389807596008,1.0528787249669178,-0.0171620058962041,3.1145081813601543,1.5893554756452115
64.0,231.0,1005.7791137695312,0.6317410114373033,3.3821840388898674,-0.6555082762858517,1.8304964441013163,0.265419887632873,0.7751960162999161,1.243165064585624,-0.3543464243561521,3.598221077351875,1.5754946386202904
64.0,231.0,1005.7072143554688,1.6491448804843336,2.9104453120023,-0.2376035463302053,3.615676320374159,-0.5459213406507523,1.0802436756395946,1.0229389087533642,-0.0226071327225542,3.134768809825729,1.4551102740604491
64.0,231.0,1005.2555541992188,-0.5037094802039921,3.707585390221884,-0.3280569768488796,3.321070462527059,0.979043172621886,-0.4155761280008436,0.9565504599200948,0.2951346271246178,3.295787014291044,2.1819067114242974
64.0,231.0,1006.83154296875,1.5265036097584397,2.4688393553651458,-0.2193779993269236,3.456649131017686,-0.280184533111481,1.4322115030166764,0.0073984864598439,0.0552709621325861,2.764100911123255,1.699477136905433
64.0,231.0,1006.2119140625,0.4893625390202833,1.7795423029239368,-0.2283334970089545,3.1277989280704825,0.4981169607027755,1.141197769335064,2.5146578201478693,1.975507430672696,4.311031517865723,2.0922100116751228
64.0,231.0,1005.1494140625,1.4267671879387,2.82151791963309,-0.2050135975394147,3.599402345635524,-0.212234014229664,1.0699343377498252,1.054124327480299,-0.0348381047181509,3.2384919490320403,1.683330061310487
64.0,231.0,1005.474853515625,1.5026949966969567,4.303640589644998,0.0467183102294996,3.508585978273294,-0.276222544546385,1.2632585220760255,0.9839023829757484,0.4548566034085533,3.319979299343642,1.681623450852277
64.0,231.0,1004.5355224609376,-0.2067583177486083,2.156645823399848,1.1237471826284795,3.780946817479548,-0.5114493991580722,1.3470285072754011,1.5426076556614716,0.9251629364195506,3.6326501297850458,1.193605314089168
64.0,231.0,1004.0458984375,0.6627964073101363,1.902544155917261,1.7356517264199556,1.1276967507837976,-0.9532319298265536,0.6325625002596181,1.4181961809212862,1.2571856093798428,3.247627624338968,0.7396376473821458
64.0,231.0,1004.7117919921876,0.4052530103725722,2.862964791291889,1.0244185980793992,1.6185629550949447,0.0861167524434486,0.806110362194968,0.5149989619430992,0.0762824622613271,3.306353246449835,1.6419964791765842
64.0,231.0,1005.585205078125,1.4441076734521072,3.066111509674269,0.0067028297138759,3.194813058276394,-0.2495793018936137,1.1591742150332562,1.047291772061316,-0.0635626710663064,3.2934046480925203,1.7277033081006632
64.0,231.0,1004.95849609375,0.9162956780313632,2.1247201074083826,0.0379144096914144,3.0493734156772465,-0.204541723945408,1.0866278545155783,1.081534562537653,-0.1426858802547873,2.5531626479271203,1.6834925846586402
64.0,231.0,1003.9569702148438,0.448016906340041,3.105722986450256,0.8138035866923863,3.0955404770734902,0.2620725015799733,1.6869868466778326,0.0600023277914734,0.2622416693067444,3.1208073658522064,1.5478276998793208
64.0,231.0,1005.9080810546876,1.0513515896295955,3.0324479004866207,-0.1399893757068982,2.5909601277576697,-0.1207554487964864,2.5126882206643253,1.1607896320933913,0.180815057255496,3.251736532375584,2.58552590355996
64.0,231.0,1005.7649536132812,0.2825466944237913,3.223371955913502,-1.130107795435179,3.475165291581171,-1.048330892200188,0.6773142097574366,1.7224453178602437,-0.0116344510771347,2.978858171781275,1.664112733334867
64.0,231.0,1003.8233642578124,1.028523366259821,3.0628461474330293,-0.3204188298828894,3.0167776901382988,0.2647472536681213,1.306874930918926,0.9514498344110252,-0.5399432597472117,3.348110656193866,0.8965220619264871
64.0,231.0,1006.2741088867188,1.643031542836416,3.606370926934152,-0.6934784640503268,3.544777025413626,-0.1168117638030309,0.939111865717292,1.235370936060419,0.8014975999324441,3.270795648100955,1.6707495569788469
64.0,231.0,1005.4312744140624,1.3627715738376884,3.076635121501396,-0.2203183241854567,3.1897560510402903,-0.4507563945197057,1.1522013466208365,1.072078304572779,-0.0715777010715543,3.2997649430028133,1.6650114468654638
64.0,231.0,1006.1286010742188,1.5630251164579407,3.034072154337606,-0.2144607478813976,3.3747890166807086,-0.1840946200972616,1.0834848120091078,1.505132191142844,0.0986427251527393,3.2971237436003165,1.6407078622033984
64.0,231.0,1004.8368530273438,-0.0192859539180938,3.1458012448024646,-0.4052589456220559,3.5837623621294377,-0.4446218579421889,1.004306573519272,1.0674916208430016,-0.1473208806064043,4.659302750457305,1.266183010783346
64.0,231.0,1005.0035400390624,1.488088734200528,3.2964916798764268,-0.081613556681665,3.4931910742310563,-0.4795947022471148,1.19443031097595,1.5983254058784726,0.3030366300005376,3.1093375136026897,1.3517079212642986
64.0,231.0,1005.59716796875,0.8422960777773174,3.0348209215701183,-0.2311176520887816,3.530445462000517,0.731073415144617,1.0838871087870037,1.0526527931079228,-0.2789778063184201,3.525442996103043,1.9314441196361605
64.0,231.0,1005.1682739257812,0.4758226699530498,2.725912301651685,-0.0230184400084026,3.5041163169939864,-0.2839688026094656,0.98246182909671,0.7814411067738086,0.0567855685067581,3.2908997596538847,1.3640380101297185
64.0,231.0,1004.932861328125,1.5796322669745138,2.974669102036052,-0.2759972217390695,3.567574034001228,-0.2093543612178015,1.4940440693796724,1.055340177568717,-0.0056815911348413,3.322450316094878,2.2801882162059304
64.0,231.0,1005.4376220703124,1.4939369051591875,3.208578143175042,-0.0838875551827738,3.6527902052474297,-0.0677512366808728,2.1295316682877434,1.0280783661595605,-0.0117743859456704,3.334761595860714,1.7120512362595308
64.0,231.0,1005.9476318359376,0.0416259073064684,3.056620648095169,0.9059087932371556,3.541676985417584,-0.4558259587305865,-0.3150494321593007,1.05123482986649,-0.0994281152615595,3.238383279985208,1.6565234082160285
64.0,231.0,1005.81201171875,1.0493680198447488,3.1481788145602274,-0.3742052874168526,1.7340138049668434,0.0318673716322229,0.8640905123034281,1.2404658485720614,-0.0193011184880681,2.7865877149951315,1.7316496760128115
64.0,231.0,1004.924560546875,1.3902787656971398,3.2388825019148166,-0.206591284257351,2.6835356447268124,-0.2393013169250669,1.0825663808182378,0.7880722208517016,0.1086941866441624,3.760609960660497,1.5499190461382142
64.0,231.0,1003.884033203125,1.1425112649696187,3.065090117718845,0.592860107788608,2.8071972518327133,0.2549808842303713,0.7688590957311772,1.1434486482266086,0.1774592781213724,3.2904317271738885,1.6652367097735672
64.0,231.0,1004.8756713867188,1.803103039357084,3.04969122379482,-0.2380855070972431,3.544222673085715,-0.3675432124331079,1.0049334701620785,1.0915745130618049,-0.0166428366782459,3.286393579044508,1.7128181502425668
64.0,231.0,1005.5949096679688,1.065741447403239,3.566321993171797,-0.1722097588879127,3.335195644635442,0.4153135222526197,1.6432684793938577,1.2308026718224587,0.3065238812510272,3.32453208933479,1.4181087479272612
64.0,231.0,1005.1708984375,1.5387374172758588,3.0630905424895096,-0.2761169812147975,3.539551483750204,-0.0710913967583387,1.0864629386437223,1.0432566156141505,0.0406253156605319,3.3703392304127733,1.6847979903288934
64.0,231.0,1004.3433227539062,1.5246637626108075,2.588764633984187,-0.2247483509817702,3.541791433209113,-0.2094105942329443,0.0900981966808316,1.4472220790014578,0.3634141441016041,3.275517642189521,1.677631713184814
64.0,231.0,1006.2902221679688,-0.4251081873792355,3.285807122763265,-0.1892787533432827,2.527234148491948,-0.6010386156964528,0.6565171337625719,1.76275366174798,-0.0125229395337214,3.152359389102193,1.536172754489335
64.0,231.0,1002.565185546875,0.5472914493255665,3.366882117201061,1.3060013984334584,1.9325170226020087,-1.0074251950736448,0.7432223534795421,1.6951969237110474,0.1334456915648295,3.316198941140461,1.659375229627378
64.0,231.0,1006.7476806640624,1.3783292661069166,2.227281756843792,0.7486796121921748,2.3676098445669496,-0.4352187250238886,0.1295667694666509,1.2582478032152908,0.9678886220425788,1.546052822985894,1.7088008776725607
64.0,231.0,1003.6841430664062,1.5264166200797986,3.063097861613356,-0.215819897253269,3.5490497273888275,-0.2048867388282806,1.0826619122252867,1.0511392207255632,-0.0170243374408754,3.2973942147249127,1.6821927523441609
64.0,231.0,1005.0227661132812,1.1090167985935704,3.054929262949412,0.2138404591139139,3.3785257770175283,-0.2062982807170551,0.6081492878130935,1.0163426512361524,-0.0348229360837541,3.2931519023315508,1.7331119502206431
64.0,231.0,1006.3912353515624,1.0823124156003283,3.145532408020725,0.0937498638335725,4.3492484902596935,-0.983369492477124,0.3045399617600217,1.0355153888892177,-0.6035785196627739,3.47882371336145,1.9749920545649893
64.0,231.0,1003.7677001953124,0.9753379059727132,3.027481911426474,0.8914709442373026,3.6385006360362526,-0.1936568623912141,0.9354252219936228,1.0515023454212475,1.5844169383747184,3.3013099988549235,1.6821957420369034
64.0,231.0,1005.7315063476562,1.5396689441273124,3.0386942734840274,0.0727790596694881,3.99653790662412,-0.2180394714265182,1.1227822176659112,0.9898665587735348,-0.0161734394273001,3.292559616599718,1.7283088665121291
64.0,231.0,1005.9786376953124,1.1755166225902458,3.0139295819900664,-0.2417305383366287,3.616814653335077,-0.2729520402836232,1.8592848557108288,1.1177652924446315,0.1211451494947978,3.912459696901169,2.2316448068592054
64.0,231.0,1004.7403564453124,0.4804166552562906,3.142058809388116,-0.507253232726782,3.78275224637308,-0.5671588827166028,1.1261544357254607,1.4122039073154182,0.5007209311294231,3.503301094810195,1.926829920271378
64.0,231.0,1004.5214233398438,1.3925082887281215,3.065088985864282,-0.1686798461004562,2.4937664364779137,-0.2246521629870259,1.0573601922845028,1.0844478999456344,-0.8866334099558765,3.2654268773896447,1.6563374701400866
64.0,231.0,1006.101806640625,1.5145614614356997,2.994643314133276,-0.4385238738008652,2.6498988515969346,-0.2204737755628775,1.1219320992016055,0.99350013477897,-0.0190371027451072,3.134156782158529,1.6797391789481235
64.0,231.0,1005.5848999023438,-0.4976473021030942,3.419951677935696,-0.3086301958483286,3.870154605804175,-1.1699164176837953,1.6993185462984577,0.8701808901365833,0.0028869377323087,3.427754210534899,1.6924904654891433
64.0,231.0,1004.2504272460938,-0.8223529424704155,2.825127807401638,-0.323922086313651,1.937577607926971,-0.7880478165526897,-0.5658922756132105,1.2049866790758093,0.2624683225465503,3.2458834880441487,0.9881096602322688
64.0,231.0,1004.8351440429688,0.383266327892847,3.526047267809437,-0.0464641811751654,3.441002486581674,0.4622121063248139,0.764653895575856,1.4226068635485682,-0.4876738443664548,3.654568720914268,1.5945743322906956
64.0,232.0,1004.6443481445312,0.6900176227674764,3.063074350782302,-0.3302721781170479,3.0126561550720083,-0.1976159951512532,1.5970259768578052,1.2511792713171723,-0.0167520924344081,3.4265898532482377,1.5636003792452855
64.0,232.0,1004.2421264648438,1.1090451639676264,3.063170278295987,-0.1754780434512142,3.5433184929382966,-0.1568456031498367,1.0766389807596008,1.0528787249669178,-0.0171620058962041,3.1145081813601543,1.5893554756452115
64.0,232.0,1005.7791137695312,0.6317410114373033,3.3821840388898674,-0.6555082762858517,1.8304964441013163,0.265419887632873,0.7751960162999161,1.243165064585624,-0.3543464243561521,3.598221077351875,1.5754946386202904
64.0,232.0,1005.7072143554688,1.6491448804843336,2.9104453120023,-0.2376035463302053,3.615676320374159,-0.5459213406507523,1.0802436756395946,1.0229389087533642,-0.0226071327225542,3.134768809825729,1.4551102740604491
64.0,232.0,1005.2555541992188,-0.5037094802039921,3.707585390221884,-0.3280569768488796,3.321070462527059,0.979043172621886,-0.4155761280008436,0.9565504599200948,0.2951346271246178,3.295787014291044,2.1819067114242974
64.0,232.0,1006.83154296875,1.5265036097584397,2.4688393553651458,-0.2193779993269236,3.456649131017686,-0.280184533111481,1.4322115030166764,0.0073984864598439,0.0552709621325861,2.764100911123255,1.699477136905433
64.0,232.0,1006.2119140625,0.4893625390202833,1.7795423029239368,-0.2283334970089545,3.1277989280704825,0.4981169607027755,1.141197769335064,2.5146578201478693,1.975507430672696,4.311031517865723,2.0922100116751228
64.0,232.0,1005.1494140625,1.4267671879387,2.82151791963309,-0.2050135975394147,3.599402345635524,-0.212234014229664,1.0699343377498252,1.054124327480299,-0.0348381047181509,3.2384919490320403,1.683330061310487
64.0,232.0,1005.474853515625,1.5026949966969567,4.303640589644998,0.0467183102294996,3.508585978273294,-0.276222544546385,1.2632585220760255,0.9839023829757484,0.4548566034085533,3.319979299343642,1.681623450852277
64.0,232.0,1004.5355224609376,-0.2067583177486083,2.156645823399848,1.1237471826284795,3.780946817479548,-0.5114493991580722,1.3470285072754011,1.5426076556614716,0.9251629364195506,3.6326501297850458,1.193605314089168
64.0,232.0,1004.0458984375,0.6627964073101363,1.902544155917261,1.7356517264199556,1.1276967507837976,-0.9532319298265536,0.6325625002596181,1.4181961809212862,1.2571856093798428,3.247627624338968,0.7396376473821458
64.0,232.0,1004.7117919921876,0.4052530103725722,2.862964791291889,1.0244185980793992,1.6185629550949447,0.0861167524434486,0.806110362194968,0.5149989619430992,0.0762824622613271,3.306353246449835,1.6419964791765842
64.0,232.0,1005.585205078125,1.4441076734521072,3.066111509674269,0.0067028297138759,3.194813058276394,-0.2495793018936137,1.1591742150332562,1.047291772061316,-0.0635626710663064,3.2934046480925203,1.7277033081006632
64.0,232.0,1004.95849609375,0.9162956780313632,2.1247201074083826,0.0379144096914144,3.0493734156772465,-0.204541723945408,1.0866278545155783,1.081534562537653,-0.1426858802547873,2.5531626479271203,1.6834925846586402
64.0,232.0,1003.9569702148438,0.448016906340041,3.105722986450256,0.8138035866923863,3.0955404770734902,0.2620725015799733,1.6869868466778326,0.0600023277914734,0.2622416693067444,3.1208073658522064,1.5478276998793208
64.0,232.0,1005.9080810546876,1.0513515896295955,3.0324479004866207,-0.1399893757068982,2.5909601277576697,-0.1207554487964864,2.5126882206643253,1.1607896320933913,0.180815057255496,3.251736532375584,2.58552590355996
64.0,232.0,1005.7649536132812,0.2825466944237913,3.223371955913502,-1.130107795435179,3.475165291581171,-1.048330892200188,0.6773142097574366,1.7224453178602437,-0.0116344510771347,2.978858171781275,1.664112733334867
64.0,232.0,1003.8233642578124,1.028523366259821,3.0628461474330293,-0.3204188298828894,3.0167776901382988,0.2647472536681213,1.306874930918926,0.9514498344110252,-0.5399432597472117,3.348110656193866,0.8965220619264871
64.0,232.0,1006.2741088867188,1.643031542836416,3.606370926934152,-0.6934784640503268,3.544777025413626,-0.1168117638030309,0.939111865717292,1.235370936060419,0.8014975999324441,3.270795648100955,1.6707495569788469
64.0,232.0,1005.4312744140624,1.3627715738376884,3.076635121501396,-0.2203183241854567,3.1897560510402903,-0.4507563945197057,1.1522013466208365,1.072078304572779,-0.0715777010715543,3.2997649430028133,1.6650114468654638
64.0,232.0,1006.1286010742188,1.5630251164579407,3.034072154337606,-0.2144607478813976,3.3747890166807086,-0.1840946200972616,1.0834848120091078,1.505132191142844,0.0986427251527393,3.2971237436003165,1.6407078622033984
64.0,232.0,1004.8368530273438,-0.0192859539180938,3.1458012448024646,-0.4052589456220559,3.5837623621294377,-0.4446218579421889,1.004306573519272,1.0674916208430016,-0.1473208806064043,4.659302750457305,1.266183010783346
64.0,232.0,1005.0035400390624,1.488088734200528,3.2964916798764268,-0.081613556681665,3.4931910742310563,-0.4795947022471148,1.19443031097595,1.5983254058784726,0.3030366300005376,3.1093375136026897,1.3517079212642986
64.0,232.0,1005.59716796875,0.8422960777773174,3.0348209215701183,-0.2311176520887816,3.530445462000517,0.731073415144617,1.0838871087870037,1.0526527931079228,-0.2789778063184201,3.525442996103043,1.9314441196361605
64.0,232.0,1005.1682739257812,0.4758226699530498,2.725912301651685,-0.0230184400084026,3.5041163169939864,-0.2839688026094656,0.98246182909671,0.7814411067738086,0.0567855685067581,3.2908997596538847,1.3640380101297185
64.0,232.0,1004.932861328125,1.5796322669745138,2.974669102036052,-0.2759972217390695,3.567574034001228,-0.2093543612178015,1.4940440693796724,1.055340177568717,-0.0056815911348413,3.322450316094878,2.2801882162059304
64.0,232.0,1005.4376220703124,1.4939369051591875,3.208578143175042,-0.0838875551827738,3.6527902052474297,-0.0677512366808728,2.1295316682877434,1.0280783661595605,-0.0117743859456704,3.334761595860714,1.7120512362595308
64.0,232.0,1005.9476318359376,0.0416259073064684,3.056620648095169,0.9059087932371556,3.541676985417584,-0.4558259587305865,-0.3150494321593007,1.05123482986649,-0.0994281152615595,3.238383279985208,1.6565234082160285
64.0,232.0,1005.81201171875,1.0493680198447488,3.1481788145602274,-0.3742052874168526,1.7340138049668434,0.0318673716322229,0.8640905123034281,1.2404658485720614,-0.0193011184880681,2.7865877149951315,1.7316496760128115
64.0,232.0,1004.924560546875,1.3902787656971398,3.2388825019148166,-0.206591284257351,2.6835356447268124,-0.2393013169250669,1.0825663808182378,0.7880722208517016,0.1086941866441624,3.760609960660497,1.5499190461382142
64.0,232.0,1003.884033203125,1.1425112649696187,3.065090117718845,0.592860107788608,2.8071972518327133,0.2549808842303713,0.7688590957311772,1.1434486482266086,0.1774592781213724,3.2904317271738885,1.6652367097735672
64.0,232.0,1004.8756713867188,1.803103039357084,3.04969122379482,-0.2380855070972431,3.544222673085715,-0.3675432124331079,1.0049334701620785,1.0915745130618049,-0.0166428366782459,3.286393579044508,1.7128181502425668
64.0,232.0,1005.5949096679688,1.065741447403239,3.566321993171797,-0.1722097588879127,3.335195644635442,0.4153135222526197,1.6432684793938577,1.2308026718224587,0.3065238812510272,3.32453208933479,1.4181087479272612
64.0,232.0,1005.1708984375,1.5387374172758588,3.0630905424895096,-0.2761169812147975,3.539551483750204,-0.0710913967583387,1.0864629386437223,1.0432566156141505,0.0406253156605319,3.3703392304127733,1.6847979903288934
64.0,232.0,1004.3433227539062,1.5246637626108075,2.588764633984187,-0.2247483509817702,3.541791433209113,-0.2094105942329443,0.0900981966808316,1.4472220790014578,0.3634141441016041,3.275517642189521,1.677631713184814
64.0,232.0,1006.2902221679688,-0.4251081873792355,3.285807122763265,-0.1892787533432827,2.527234148491948,-0.6010386156964528,0.6565171337625719,1.76275366174798,-0.0125229395337214,3.152359389102193,1.536172754489335
64.0,232.0,1002.565185546875,0.5472914493255665,3.366882117201061,1.3060013984334584,1.9325170226020087,-1.0074251950736448,0.7432223534795421,1.6951969237110474,0.1334456915648295,3.316198941140461,1.659375229627378
64.0,232.0,1006.7476806640624,1.3783292661069166,2.227281756843792,0.7486796121921748,2.3676098445669496,-0.4352187250238886,0.1295667694666509,1.2582478032152908,0.9678886220425788,1.546052822985894,1.7088008776725607
64.0,232.0,1003.6841430664062,1.5264166200797986,3.063097861613356,-0.215819897253269,3.5490497273888275,-0.2048867388282806,1.0826619122252867,1.0511392207255632,-0.0170243374408754,3.2973942147249127,1.6821927523441609
64.0,232.0,1005.0227661132812,1.1090167985935704,3.054929262949412,0.2138404591139139,3.3785257770175283,-0.2062982807170551,0.6081492878130935,1.0163426512361524,-0.0348229360837541,3.2931519023315508,1.7331119502206431
64.0,232.0,1006.3912353515624,1.0823124156003283,3.145532408020725,0.0937498638335725,4.3492484902596935,-0.983369492477124,0.3045399617600217,1.0355153888892177,-0.6035785196627739,3.47882371336145,1.9749920545649893
64.0,232.0,1003.7677001953124,0.9753379059727132,3.027481911426474,0.8914709442373026,3.6385006360362526,-0.1936568623912141,0.9354252219936228,1.0515023454212475,1.5844169383747184,3.3013099988549235,1.6821957420369034
64.0,232.0,1005.7315063476562,1.5396689441273124,3.0386942734840274,0.0727790596694881,3.99653790662412,-0.2180394714265182,1.1227822176659112,0.9898665587735348,-0.0161734394273001,3.292559616599718,1.7283088665121291
64.0,232.0,1005.9786376953124,1.1755166225902458,3.0139295819900664,-0.2417305383366287,3.616814653335077,-0.2729520402836232,1.8592848557108288,1.1177652924446315,0.1211451494947978,3.912459696901169,2.2316448068592054
64.0,232.0,1004.7403564453124,0.4804166552562906,3.142058809388116,-0.507253232726782,3.78275224637308,-0.5671588827166028,1.1261544357254607,1.4122039073154182,0.5007209311294231,3.503301094810195,1.926829920271378
64.0,232.0,1004.5214233398438,1.3925082887281215,3.065088985864282,-0.1686798461004562,2.4937664364779137,-0.2246521629870259,1.0573601922845028,1.0844478999456344,-0.8866334099558765,3.2654268773896447,1.6563374701400866
64.0,232.0,1006.101806640625,1.5145614614356997,2.994643314133276,-0.4385238738008652,2.6498988515969346,-0.2204737755628775,1.1219320992016055,0.99350013477897,-0.0190371027451072,3.134156782158529,1.6797391789481235
64.0,232.0,1005.5848999023438,-0.4976473021030942,3.419951677935696,-0.3086301958483286,3.870154605804175,-1.1699164176837953,1.6993185462984577,0.8701808901365833,0.0028869377323087,3.427754210534899,1.6924904654891433
64.0,232.0,1004.2504272460938,-0.8223529424704155,2.825127807401638,-0.323922086313651,1.937577607926971,-0.7880478165526897,-0.5658922756132105,1.2049866790758093,0.2624683225465503,3.2458834880441487,0.9881096602322688
64.0,232.0,1004.8351440429688,0.383266327892847,3.526047267809437,-0.0464641811751654,3.441002486581674,0.4622121063248139,0.764653895575856,1.4226068635485682,-0.4876738443664548,3.654568720914268,1.5945743322906956
64.0,233.0,1004.6443481445312,0.6900176227674764,3.063074350782302,-0.3302721781170479,3.0126561550720083,-0.1976159951512532,1.5970259768578052,1.2511792713171723,-0.0167520924344081,3.4265898532482377,1.5636003792452855
64.0,233.0,1004.2421264648438,1.1090451639676264,3.063170278295987,-0.1754780434512142,3.5433184929382966,-0.1568456031498367,1.0766389807596008,1.0528787249669178,-0.0171620058962041,3.1145081813601543,1.5893554756452115
64.0,233.0,1005.7791137695312,0.6317410114373033,3.3821840388898674,-0.6555082762858517,1.8304964441013163,0.265419887632873,0.7751960162999161,1.243165064585624,-0.3543464243561521,3.598221077351875,1.5754946386202904
64.0,233.0,1005.7072143554688,1.6491448804843336,2.9104453120023,-0.2376035463302053,3.615676320374159,-0.5459213406507523,1.0802436756395946,1.0229389087533642,-0.0226071327225542,3.134768809825729,1.4551102740604491
64.0,233.0,1005.2555541992188,-0.5037094802039921,3.707585390221884,-0.3280569768488796,3.321070462527059,0.979043172621886,-0.4155761280008436,0.9565504599200948,0.2951346271246178,3.295787014291044,2.1819067114242974
64.0,233.0,1006.83154296875,1.5265036097584397,2.4688393553651458,-0.2193779993269236,3.456649131017686,-0.280184533111481,1.4322115030166764,0.0073984864598439,0.0552709621325861,2.764100911123255,1.699477136905433
64.0,233.0,1006.2119140625,0.4893625390202833,1.7795423029239368,-0.2283334970089545,3.1277989280704825,0.4981169607027755,1.141197769335064,2.5146578201478693,1.975507430672696,4.311031517865723,2.0922100116751228
64.0,233.0,1005.1494140625,1.4267671879387,2.82151791963309,-0.2050135975394147,3.599402345635524,-0.212234014229664,1.0699343377498252,1.054124327480299,-0.0348381047181509,3.2384919490320403,1.683330061310487
64.0,233.0,1005.474853515625,1.5026949966969567,4.303640589644998,0.0467183102294996,3.508585978273294,-0.276222544546385,1.2632585220760255,0.9839023829757484,0.4548566034085533,3.319979299343642,1.681623450852277
64.0,233.0,1004.5355224609376,-0.2067583177486083,2.156645823399848,1.1237471826284795,3.780946817479548,-0.5114493991580722,1.3470285072754011,1.5426076556614716,0.9251629364195506,3.6326501297850458,1.193605314089168
64.0,233.0,1004.0458984375,0.6627964073101363,1.902544155917261,1.7356517264199556,1.1276967507837976,-0.9532319298265536,0.6325625002596181,1.4181961809212862,1.2571856093798428,3.247627624338968,0.7396376473821458
64.0,233.0,1004.7117919921876,0.4052530103725722,2.862964791291889,1.0244185980793992,1.6185629550949447,0.0861167524434486,0.806110362194968,0.5149989619430992,0.0762824622613271,3.306353246449835,1.6419964791765842
64.0,233.0,1005.585205078125,1.4441076734521072,3.066111509674269,0.0067028297138759,3.194813058276394,-0.2495793018936137,1.1591742150332562,1.047291772061316,-0.0635626710663064,3.2934046480925203,1.7277033081006632
64.0,233.0,1004.95849609375,0.9162956780313632,2.1247201074083826,0.0379144096914144,3.0493734156772465,-0.204541723945408,1.0866278545155783,1.081534562537653,-0.1426858802547873,2.5531626479271203,1.6834925846586402
64.0,233.0,1003.9569702148438,0.448016906340041,3.105722986450256,0.8138035866923863,3.0955404770734902,0.2620725015799733,1.6869868466778326,0.0600023277914734,0.2622416693067444,3.1208073658522064,1.5478276998793208
64.0,233.0,1005.9080810546876,1.0513515896295955,3.0324479004866207,-0.1399893757068982,2.5909601277576697,-0.1207554487964864,2.5126882206643253,1.1607896320933913,0.180815057255496,3.251736532375584,2.58552590355996
64.0,233.0,1005.7649536132812,0.2825466944237913,3.223371955913502,-1.130107795435179,3.475165291581171,-1.048330892200188,0.6773142097574366,1.7224453178602437,-0.0116344510771347,2.978858171781275,1.664112733334867
64.0,233.0,1003.8233642578124,1.028523366259821,3.0628461474330293,-0.3204188298828894,3.0167776901382988,0.2647472536681213,1.306874930918926,0.9514498344110252,-0.5399432597472117,3.348110656193866,0.8965220619264871
64.0,233.0,1006.2741088867188,1.643031542836416,3.606370926934152,-0.6934784640503268,3.544777025413626,-0.1168117638030309,0.939111865717292,1.235370936060419,0.8014975999324441,3.270795648100955,1.6707495569788469
64.0,233.0,1005.4312744140624,1.3627715738376884,3.076635121501396,-0.2203183241854567,3.1897560510402903,-0.4507563945197057,1.1522013466208365,1.072078304572779,-0.0715777010715543,3.2997649430028133,1.6650114468654638
64.0,233.0,1006.1286010742188,1.5630251164579407,3.034072154337606,-0.2144607478813976,3.3747890166807086,-0.1840946200972616,1.0834848120091078,1.505132191142844,0.0986427251527393,3.2971237436003165,1.6407078622033984
64.0,233.0,1004.8368530273438,-0.0192859539180938,3.1458012448024646,-0.4052589456220559,3.5837623621294377,-0.4446218579421889,1.004306573519272,1.0674916208430016,-0.1473208806064043,4.659302750457305,1.266183010783346
64.0,233.0,1005.0035400390624,1.488088734200528,3.2964916798764268,-0.081613556681665,3.4931910742310563,-0.4795947022471148,1.19443031097595,1.5983254058784726,0.3030366300005376,3.1093375136026897,1.3517079212642986
64.0,233.0,1005.59716796875,0.8422960777773174,3.0348209215701183,-0.2311176520887816,3.530445462000517,0.731073415144617,1.0838871087870037,1.0526527931079228,-0.2789778063184201,3.525442996103043,1.9314441196361605
64.0,233.0,1005.1682739257812,0.4758226699530498,2.725912301651685,-0.0230184400084026,3.5041163169939864,-0.2839688026094656,0.98246182909671,0.7814411067738086,0.0567855685067581,3.2908997596538847,1.3640380101297185
64.0,233.0,1004.932861328125,1.5796322669745138,2.974669102036052,-0.2759972217390695,3.567574034001228,-0.2093543612178015,1.4940440693796724,1.055340177568717,-0.0056815911348413,3.322450316094878,2.2801882162059304
64.0,233.0,1005.4376220703124,1.4939369051591875,3.208578143175042,-0.0838875551827738,3.6527902052474297,-0.0677512366808728,2.1295316682877434,1.0280783661595605,-0.0117743859456704,3.334761595860714,1.7120512362595308
64.0,233.0,1005.9476318359376,0.0416259073064684,3.056620648095169,0.9059087932371556,3.541676985417584,-0.4558259587305865,-0.3150494321593007,1.05123482986649,-0.0994281152615595,3.238383279985208,1.6565234082160285
64.0,233.0,1005.81201171875,1.0493680198447488,3.1481788145602274,-0.3742052874168526,1.7340138049668434,0.0318673716322229,0.8640905123034281,1.2404658485720614,-0.0193011184880681,2.7865877149951315,1.7316496760128115
64.0,233.0,1004.924560546875,1.3902787656971398,3.2388825019148166,-0.206591284257351,2.6835356447268124,-0.2393013169250669,1.0825663808182378,0.7880722208517016,0.1086941866441624,3.760609960660497,1.5499190461382142
64.0,233.0,1003.884033203125,1.1425112649696187,3.065090117718845,0.592860107788608,2.8071972518327133,0.2549808842303713,0.7688590957311772,1.1434486482266086,0.1774592781213724,3.2904317271738885,1.6652367097735672
64.0,233.0,1004.8756713867188,1.803103039357084,3.04969122379482,-0.2380855070972431,3.544222673085715,-0.3675432124331079,1.0049334701620785,1.0915745130618049,-0.0166428366782459,3.286393579044508,1.7128181502425668
64.0,233.0,1005.5949096679688,1.065741447403239,3.566321993171797,-0.1722097588879127,3.335195644635442,0.4153135222526197,1.6432684793938577,1.2308026718224587,0.3065238812510272,3.32453208933479,1.4181087479272612
64.0,233.0,1005.1708984375,1.5387374172758588,3.0630905424895096,-0.2761169812147975,3.539551483750204,-0.0710913967583387,1.0864629386437223,1.0432566156141505,0.0406253156605319,3.3703392304127733,1.6847979903288934
64.0,233.0,1004.3433227539062,1.5246637626108075,2.588764633984187,-0.2247483509817702,3.541791433209113,-0.2094105942329443,0.0900981966808316,1.4472220790014578,0.3634141441016041,3.275517642189521,1.677631713184814
64.0,233.0,1006.2902221679688,-0.4251081873792355,3.285807122763265,-0.1892787533432827,2.527234148491948,-0.6010386156964528,0.6565171337625719,1.76275366174798,-0.0125229395337214,3.152359389102193,1.536172754489335
64.0,233.0,1002.565185546875,0.5472914493255665,3.366882117201061,1.3060013984334584,1.9325170226020087,-1.0074251950736448,0.7432223534795421,1.6951969237110474,0.1334456915648295,3.316198941140461,1.659375229627378
64.0,233.0,1006.7476806640624,1.3783292661069166,2.227281756843792,0.7486796121921748,2.3676098445669496,-0.4352187250238886,0.1295667694666509,1.2582478032152908,0.9678886220425788,1.546052822985894,1.7088008776725607
64.0,233.0,1003.6841430664062,1.5264166200797986,3.063097861613356,-0.215819897253269,3.5490497273888275,-0.2048867388282806,1.0826619122252867,1.0511392207255632,-0.0170243374408754,3.2973942147249127,1.6821927523441609
64.0,233.0,1005.0227661132812,1.1090167985935704,3.054929262949412,0.2138404591139139,3.3785257770175283,-0.2062982807170551,0.6081492878130935,1.0163426512361524,-0.0348229360837541,3.2931519023315508,1.7331119502206431
64.0,233.0,1006.3912353515624,1.0823124156003283,3.145532408020725,0.0937498638335725,4.3492484902596935,-0.983369492477124,0.3045399617600217,1.0355153888892177,-0.6035785196627739,3.47882371336145,1.9749920545649893
64.0,233.0,1003.7677001953124,0.9753379059727132,3.027481911426474,0.8914709442373026,3.6385006360362526,-0.1936568623912141,0.9354252219936228,1.0515023454212475,1.5844169383747184,3.3013099988549235,1.6821957420369034
64.0,233.0,1005.7315063476562,1.5396689441273124,3.0386942734840274,0.0727790596694881,3.99653790662412,-0.2180394714265182,1.1227822176659112,0.9898665587735348,-0.0161734394273001,3.292559616599718,1.7283088665121291
64.0,233.0,1005.9786376953124,1.1755166225902458,3.0139295819900664,-0.2417305383366287,3.616814653335077,-0.2729520402836232,1.8592848557108288,1.1177652924446315,0.1211451494947978,3.912459696901169,2.2316448068592054
64.0,233.0,1004.7403564453124,0.4804166552562906,3.142058809388116,-0.507253232726782,3.78275224637308,-0.5671588827166028,1.1261544357254607,1.4122039073154182,0.5007209311294231,3.503301094810195,1.926829920271378
64.0,233.0,1004.5214233398438,1.3925082887281215,3.065088985864282,-0.1686798461004562,2.4937664364779137,-0.2246521629870259,1.0573601922845028,1.0844478999456344,-0.8866334099558765,3.2654268773896447,1.6563374701400866
64.0,233.0,1006.101806640625,1.5145614614356997,2.994643314133276,-0.4385238738008652,2.6498988515969346,-0.2204737755628775,1.1219320992016055,0.99350013477897,-0.0190371027451072,3.134156782158529,1.6797391789481235
64.0,233.0,1005.5848999023438,-0.4976473021030942,3.419951677935696,-0.3086301958483286,3.870154605804175,-1.1699164176837953,1.6993185462984577,0.8701808901365833,0.0028869377323087,3.427754210534899,1.6924904654891433
64.0,233.0,1004.2504272460938,-0.8223529424704155,2.825127807401638,-0.323922086313651,1.937577607926971,-0.7880478165526897,-0.5658922756132105,1.2049866790758093,0.2624683225465503,3.2458834880441487,0.9881096602322688
64.0,233.0,1004.8351440429688,0.383266327892847,3.526047267809437,-0.0464641811751654,3.441002486581674,0.4622121063248139,0.764653895575856,1.4226068635485682,-0.4876738443664548,3.654568720914268,1.5945743322906956
64.0,234.0,1004.6443481445312,0.6900176227674764,3.063074350782302,-0.3302721781170479,3.0126561550720083,-0.1976159951512532,1.5970259768578052,1.2511792713171723,-0.0167520924344081,3.4265898532482377,1.5636003792452855
64.0,234.0,1004.2421264648438,1.1090451639676264,3.063170278295987,-0.1754780434512142,3.5433184929382966,-0.1568456031498367,1.0766389807596008,1.0528787249669178,-0.0171620058962041,3.1145081813601543,1.5893554756452115
64.0,234.0,1005.7791137695312,0.6317410114373033,3.3821840388898674,-0.6555082762858517,1.8304964441013163,0.265419887632873,0.7751960162999161,1.243165064585624,-0.3543464243561521,3.598221077351875,1.5754946386202904
64.0,234.0,1005.7072143554688,1.6491448804843336,2.9104453120023,-0.2376035463302053,3.615676320374159,-0.5459213406507523,1.0802436756395946,1.0229389087533642,-0.0226071327225542,3.134768809825729,1.4551102740604491
64.0,234.0,1005.2555541992188,-0.5037094802039921,3.707585390221884,-0.3280569768488796,3.321070462527059,0.979043172621886,-0.4155761280008436,0.9565504599200948,0.2951346271246178,3.295787014291044,2.1819067114242974
64.0,234.0,1006.83154296875,1.5265036097584397,2.4688393553651458,-0.2193779993269236,3.456649131017686,-0.280184533111481,1.4322115030166764,0.0073984864598439,0.0552709621325861,2.764100911123255,1.699477136905433
64.0,234.0,1006.2119140625,0.4893625390202833,1.7795423029239368,-0.2283334970089545,3.1277989280704825,0.4981169607027755,1.141197769335064,2.5146578201478693,1.975507430672696,4.311031517865723,2.0922100116751228
64.0,234.0,1005.1494140625,1.4267671879387,2.82151791963309,-0.2050135975394147,3.599402345635524,-0.212234014229664,1.0699343377498252,1.054124327480299,-0.0348381047181509,3.2384919490320403,1.683330061310487
64.0,234.0,1005.474853515625,1.5026949966969567,4.303640589644998,0.0467183102294996,3.508585978273294,-0.276222544546385,1.2632585220760255,0.9839023829757484,0.4548566034085533,3.319979299343642,1.681623450852277
64.0,234.0,1004.5355224609376,-0.2067583177486083,2.156645823399848,1.1237471826284795,3.780946817479548,-0.5114493991580722,1.3470285072754011,1.5426076556614716,0.9251629364195506,3.6326501297850458,1.193605314089168
64.0,234.0,1004.0458984375,0.6627964073101363,1.902544155917261,1.7356517264199556,1.1276967507837976,-0.9532319298265536,0.6325625002596181,1.4181961809212862,1.2571856093798428,3.247627624338968,0.7396376473821458
64.0,234.0,1004.7117919921876,0.4052530103725722,2.862964791291889,1.0244185980793992,1.6185629550949447,0.0861167524434486,0.806110362194968,0.5149989619430992,0.0762824622613271,3.306353246449835,1.6419964791765842
64.0,234.0,1005.585205078125,1.4441076734521072,3.066111509674269,0.0067028297138759,3.194813058276394,-0.2495793018936137,1.1591742150332562,1.047291772061316,-0.0635626710663064,3.2934046480925203,1.7277033081006632
64.0,234.0,1004.95849609375,0.9162956780313632,2.1247201074083826,0.0379144096914144,3.0493734156772465,-0.204541723945408,1.0866278545155783,1.081534562537653,-0.1426858802547873,2.5531626479271203,1.6834925846586402
64.0,234.0,1003.9569702148438,0.448016906340041,3.105722986450256,0.8138035866923863,3.0955404770734902,0.2620725015799733,1.6869868466778326,0.0600023277914734,0.2622416693067444,3.1208073658522064,1.5478276998793208
64.0,234.0,1005.9080810546876,1.0513515896295955,3.0324479004866207,-0.1399893757068982,2.5909601277576697,-0.1207554487964864,2.5126882206643253,1.1607896320933913,0.180815057255496,3.251736532375584,2.58552590355996
64.0,234.0,1005.7649536132812,0.2825466944237913,3.223371955913502,-1.130107795435179,3.475165291581171,-1.048330892200188,0.6773142097574366,1.7224453178602437,-0.0116344510771347,2.978858171781275,1.664112733334867
64.0,234.0,1003.8233642578124,1.028523366259821,3.0628461474330293,-0.3204188298828894,3.0167776901382988,0.2647472536681213,1.306874930918926,0.9514498344110252,-0.5399432597472117,3.348110656193866,0.8965220619264871
64.0,234.0,1006.2741088867188,1.643031542836416,3.606370926934152,-0.6934784640503268,3.544777025413626,-0.1168117638030309,0.939111865717292,1.235370936060419,0.8014975999324441,3.270795648100955,1.6707495569788469
64.0,234.0,1005.4312744140624,1.3627715738376884,3.076635121501396,-0.2203183241854567,3.1897560510402903,-0.4507563945197057,1.1522013466208365,1.072078304572779,-0.0715777010715543,3.2997649430028133,1.6650114468654638
64.0,234.0,1006.1286010742188,1.5630251164579407,3.034072154337606,-0.2144607478813976,3.3747890166807086,-0.1840946200972616,1.0834848120091078,1.505132191142844,0.0986427251527393,3.2971237436003165,1.6407078622033984
64.0,234.0,1004.8368530273438,-0.0192859539180938,3.1458012448024646,-0.4052589456220559,3.5837623621294377,-0.4446218579421889,1.004306573519272,1.0674916208430016,-0.1473208806064043,4.659302750457305,1.266183010783346
64.0,234.0,1005.0035400390624,1.488088734200528,3.2964916798764268,-0.081613556681665,3.4931910742310563,-0.4795947022471148,1.19443031097595,1.5983254058784726,0.3030366300005376,3.1093375136026897,1.3517079212642986
64.0,234.0,1005.59716796875,0.8422960777773174,3.0348209215701183,-0.2311176520887816,3.530445462000517,0.731073415144617,1.0838871087870037,1.0526527931079228,-0.2789778063184201,3.525442996103043,1.9314441196361605
64.0,234.0,1005.1682739257812,0.4758226699530498,2.725912301651685,-0.0230184400084026,3.5041163169939864,-0.2839688026094656,0.98246182909671,0.7814411067738086,0.0567855685067581,3.2908997596538847,1.3640380101297185
64.0,234.0,1004.932861328125,1.5796322669745138,2.974669102036052,-0.2759972217390695,3.567574034001228,-0.2093543612178015,1.4940440693796724,1.055340177568717,-0.0056815911348413,3.322450316094878,2.2801882162059304
64.0,234.0,1005.4376220703124,1.4939369051591875,3.208578143175042,-0.0838875551827738,3.6527902052474297,-0.0677512366808728,2.1295316682877434,1.0280783661595605,-0.0117743859456704,3.334761595860714,1.7120512362595308
64.0,234.0,1005.9476318359376,0.0416259073064684,3.056620648095169,0.9059087932371556,3.541676985417584,-0.4558259587305865,-0.3150494321593007,1.05123482986649,-0.0994281152615595,3.238383279985208,1.6565234082160285
64.0,234.0,1005.81201171875,1.0493680198447488,3.1481788145602274,-0.3742052874168526,1.7340138049668434,0.0318673716322229,0.8640905123034281,1.2404658485720614,-0.0193011184880681,2.7865877149951315,1.7316496760128115
64.0,234.0,1004.924560546875,1.3902787656971398,3.2388825019148166,-0.206591284257351,2.6835356447268124,-0.2393013169250669,1.0825663808182378,0.7880722208517016,0.1086941866441624,3.760609960660497,1.5499190461382142
64.0,234.0,1003.884033203125,1.1425112649696187,3.065090117718845,0.592860107788608,2.8071972518327133,0.2549808842303713,0.7688590957311772,1.1434486482266086,0.1774592781213724,3.2904317271738885,1.6652367097735672
64.0,234.0,1004.8756713867188,1.803103039357084,3.04969122379482,-0.2380855070972431,3.544222673085715,-0.3675432124331079,1.0049334701620785,1.0915745130618049,-0.0166428366782459,3.286393579044508,1.7128181502425668
64.0,234.0,1005.5949096679688,1.065741447403239,3.566321993171797,-0.1722097588879127,3.335195644635442,0.4153135222526197,1.6432684793938577,1.2308026718224587,0.3065238812510272,3.32453208933479,1.4181087479272612
64.0,234.0,1005.1708984375,1.5387374172758588,3.0630905424895096,-0.2761169812147975,3.539551483750204,-0.0710913967583387,1.0864629386437223,1.0432566156141505,0.0406253156605319,3.3703392304127733,1.6847979903288934
64.0,234.0,1004.3433227539062,1.5246637626108075,2.588764633984187,-0.2247483509817702,3.541791433209113,-0.2094105942329443,0.0900981966808316,1.4472220790014578,0.3634141441016041,3.275517642189521,1.677631713184814
64.0,234.0,1006.2902221679688,-0.4251081873792355,3.285807122763265,-0.1892787533432827,2.527234148491948,-0.6010386156964528,0.6565171337625719,1.76275366174798,-0.0125229395337214,3.152359389102193,1.536172754489335
64.0,234.0,1002.565185546875,0.5472914493255665,3.366882117201061,1.3060013984334584,1.9325170226020087,-1.0074251950736448,0.7432223534795421,1.6951969237110474,0.1334456915648295,3.316198941140461,1.659375229627378
64.0,234.0,1006.7476806640624,1.3783292661069166,2.227281756843792,0.7486796121921748,2.3676098445669496,-0.4352187250238886,0.1295667694666509,1.2582478032152908,0.9678886220425788,1.546052822985894,1.7088008776725607
64.0,234.0,1003.6841430664062,1.5264166200797986,3.063097861613356,-0.215819897253269,3.5490497273888275,-0.2048867388282806,1.0826619122252867,1.0511392207255632,-0.0170243374408754,3.2973942147249127,1.6821927523441609
64.0,234.0,1005.0227661132812,1.1090167985935704,3.054929262949412,0.2138404591139139,3.3785257770175283,-0.2062982807170551,0.6081492878130935,1.0163426512361524,-0.0348229360837541,3.2931519023315508,1.7331119502206431
64.0,234.0,1006.3912353515624,1.0823124156003283,3.145532408020725,0.0937498638335725,4.3492484902596935,-0.983369492477124,0.3045399617600217,1.0355153888892177,-0.6035785196627739,3.47882371336145,1.9749920545649893
64.0,234.0,1003.7677001953124,0.9753379059727132,3.027481911426474,0.8914709442373026,3.6385006360362526,-0.1936568623912141,0.9354252219936228,1.0515023454212475,1.5844169383747184,3.3013099988549235,1.6821957420369034
64.0,234.0,1005.7315063476562,1.5396689441273124,3.0386942734840274,0.0727790596694881,3.99653790662412,-0.2180394714265182,1.1227822176659112,0.9898665587735348,-0.0161734394273001,3.292559616599718,1.7283088665121291
64.0,234.0,1005.9786376953124,1.1755166225902458,3.0139295819900664,-0.2417305383366287,3.616814653335077,-0.2729520402836232,1.8592848557108288,1.1177652924446315,0.1211451494947978,3.912459696901169,2.2316448068592054
64.0,234.0,1004.7403564453124,0.4804166552562906,3.142058809388116,-0.507253232726782,3.78275224637308,-0.5671588827166028,1.1261544357254607,1.4122039073154182,0.5007209311294231,3.503301094810195,1.926829920271378
64.0,234.0,1004.5214233398438,1.3925082887281215,3.065088985864282,-0.1686798461004562,2.4937664364779137,-0.2246521629870259,1.0573601922845028,1.0844478999456344,-0.8866334099558765,3.2654268773896447,1.6563374701400866
64.0,234.0,1006.101806640625,1.5145614614356997,2.994643314133276,-0.4385238738008652,2.6498988515969346,-0.2204737755628775,1.1219320992016055,0.99350013477897,-0.0190371027451072,3.134156782158529,1.6797391789481235
64.0,234.0,1005.5848999023438,-0.4976473021030942,3.419951677935696,-0.3086301958483286,3.870154605804175,-1.1699164176837953,1.6993185462984577,0.8701808901365833,0.0028869377323087,3.427754210534899,1.6924904654891433
64.0,234.0,1004.2504272460938,-0.8223529424704155,2.825127807401638,-0.323922086313651,1.937577607926971,-0.7880478165526897,-0.5658922756132105,1.2049866790758093,0.2624683225465503,3.2458834880441487,0.9881096602322688
64.0,234.0,1004.8351440429688,0.383266327892847,3.526047267809437,-0.0464641811751654,3.441002486581674,0.4622121063248139,0.764653895575856,1.4226068635485682,-0.4876738443664548,3.654568720914268,1.5945743322906956
64.0,235.0,1004.6443481445312,0.6900176227674764,3.063074350782302,-0.3302721781170479,3.0126561550720083,-0.1976159951512532,1.5970259768578052,1.2511792713171723,-0.0167520924344081,3.4265898532482377,1.5636003792452855
64.0,235.0,1004.2421264648438,1.1090451639676264,3.063170278295987,-0.1754780434512142,3.5433184929382966,-0.1568456031498367,1.0766389807596008,1.0528787249669178,-0.0171620058962041,3.1145081813601543,1.5893554756452115
64.0,235.0,1005.7791137695312,0.6317410114373033,3.3821840388898674,-0.6555082762858517,1.8304964441013163,0.265419887632873,0.7751960162999161,1.243165064585624,-0.3543464243561521,3.598221077351875,1.5754946386202904
64.0,235.0,1005.7072143554688,1.6491448804843336,2.9104453120023,-0.2376035463302053,3.615676320374159,-0.5459213406507523,1.0802436756395946,1.0229389087533642,-0.0226071327225542,3.134768809825729,1.4551102740604491
64.0,235.0,1005.2555541992188,-0.5037094802039921,3.707585390221884,-0.3280569768488796,3.321070462527059,0.979043172621886,-0.4155761280008436,0.9565504599200948,0.2951346271246178,3.295787014291044,2.1819067114242974
64.0,235.0,1005.51806640625,-0.40218204349395,2.9611396568649364,0.6762820959727607,3.216420950245242,-1.6087780174255435,1.486703313514423,0.3728051189080725,0.4352597544671966,2.6224629239329085,1.7656766646614763
64.0,235.0,1006.2119140625,0.4893625390202833,1.7795423029239368,-0.2283334970089545,3.1277989280704825,0.4981169607027755,1.141197769335064,2.5146578201478693,1.975507430672696,4.311031517865723,2.0922100116751228
64.0,235.0,1005.1494140625,1.4267671879387,2.82151791963309,-0.2050135975394147,3.599402345635524,-0.212234014229664,1.0699343377498252,1.054124327480299,-0.0348381047181509,3.2384919490320403,1.683330061310487
64.0,235.0,1005.474853515625,1.5026949966969567,4.303640589644998,0.0467183102294996,3.508585978273294,-0.276222544546385,1.2632585220760255,0.9839023829757484,0.4548566034085533,3.319979299343642,1.681623450852277
64.0,235.0,1004.5355224609376,-0.2067583177486083,2.156645823399848,1.1237471826284795,3.780946817479548,-0.5114493991580722,1.3470285072754011,1.5426076556614716,0.9251629364195506,3.6326501297850458,1.193605314089168
64.0,235.0,1004.0458984375,0.6627964073101363,1.902544155917261,1.7356517264199556,1.1276967507837976,-0.9532319298265536,0.6325625002596181,1.4181961809212862,1.2571856093798428,3.247627624338968,0.7396376473821458
64.0,235.0,1004.7117919921876,0.4052530103725722,2.862964791291889,1.0244185980793992,1.6185629550949447,0.0861167524434486,0.806110362194968,0.5149989619430992,0.0762824622613271,3.306353246449835,1.6419964791765842
64.0,235.0,1005.585205078125,1.4441076734521072,3.066111509674269,0.0067028297138759,3.194813058276394,-0.2495793018936137,1.1591742150332562,1.047291772061316,-0.0635626710663064,3.2934046480925203,1.7277033081006632
64.0,235.0,1004.95849609375,0.9162956780313632,2.1247201074083826,0.0379144096914144,3.0493734156772465,-0.204541723945408,1.0866278545155783,1.081534562537653,-0.1426858802547873,2.5531626479271203,1.6834925846586402
64.0,235.0,1003.9569702148438,0.448016906340041,3.105722986450256,0.8138035866923863,3.0955404770734902,0.2620725015799733,1.6869868466778326,0.0600023277914734,0.2622416693067444,3.1208073658522064,1.5478276998793208
64.0,235.0,1005.9080810546876,1.0513515896295955,3.0324479004866207,-0.1399893757068982,2.5909601277576697,-0.1207554487964864,2.5126882206643253,1.1607896320933913,0.180815057255496,3.251736532375584,2.58552590355996
64.0,235.0,1005.7649536132812,0.2825466944237913,3.223371955913502,-1.130107795435179,3.475165291581171,-1.048330892200188,0.6773142097574366,1.7224453178602437,-0.0116344510771347,2.978858171781275,1.664112733334867
64.0,235.0,1003.8233642578124,1.028523366259821,3.0628461474330293,-0.3204188298828894,3.0167776901382988,0.2647472536681213,1.306874930918926,0.9514498344110252,-0.5399432597472117,3.348110656193866,0.8965220619264871
64.0,235.0,1006.2741088867188,1.643031542836416,3.606370926934152,-0.6934784640503268,3.544777025413626,-0.1168117638030309,0.939111865717292,1.235370936060419,0.8014975999324441,3.270795648100955,1.6707495569788469
64.0,235.0,1005.4312744140624,1.3627715738376884,3.076635121501396,-0.2203183241854567,3.1897560510402903,-0.4507563945197057,1.1522013466208365,1.072078304572779,-0.0715777010715543,3.2997649430028133,1.6650114468654638
64.0,235.0,1006.1286010742188,1.5630251164579407,3.034072154337606,-0.2144607478813976,3.3747890166807086,-0.1840946200972616,1.0834848120091078,1.505132191142844,0.0986427251527393,3.2971237436003165,1.6407078622033984
64.0,235.0,1004.8368530273438,-0.0192859539180938,3.1458012448024646,-0.4052589456220559,3.5837623621294377,-0.4446218579421889,1.004306573519272,1.0674916208430016,-0.1473208806064043,4.659302750457305,1.266183010783346
64.0,235.0,1005.0035400390624,1.488088734200528,3.2964916798764268,-0.081613556681665,3.4931910742310563,-0.4795947022471148,1.19443031097595,1.5983254058784726,0.3030366300005376,3.1093375136026897,1.3517079212642986
64.0,235.0,1005.59716796875,0.8422960777773174,3.0348209215701183,-0.2311176520887816,3.530445462000517,0.731073415144617,1.0838871087870037,1.0526527931079228,-0.2789778063184201,3.525442996103043,1.9314441196361605
64.0,235.0,1005.1682739257812,0.4758226699530498,2.725912301651685,-0.0230184400084026,3.5041163169939864,-0.2839688026094656,0.98246182909671,0.7814411067738086,0.0567855685067581,3.2908997596538847,1.3640380101297185
64.0,235.0,1004.932861328125,1.5796322669745138,2.974669102036052,-0.2759972217390695,3.567574034001228,-0.2093543612178015,1.4940440693796724,1.055340177568717,-0.0056815911348413,3.322450316094878,2.2801882162059304
64.0,235.0,1005.4376220703124,1.4939369051591875,3.208578143175042,-0.0838875551827738,3.6527902052474297,-0.0677512366808728,2.1295316682877434,1.0280783661595605,-0.0117743859456704,3.334761595860714,1.7120512362595308
64.0,235.0,1005.9476318359376,0.0416259073064684,3.056620648095169,0.9059087932371556,3.541676985417584,-0.4558259587305865,-0.3150494321593007,1.05123482986649,-0.0994281152615595,3.238383279985208,1.6565234082160285
64.0,235.0,1005.81201171875,1.0493680198447488,3.1481788145602274,-0.3742052874168526,1.7340138049668434,0.0318673716322229,0.8640905123034281,1.2404658485720614,-0.0193011184880681,2.7865877149951315,1.7316496760128115
64.0,235.0,1004.924560546875,1.3902787656971398,3.2388825019148166,-0.206591284257351,2.6835356447268124,-0.2393013169250669,1.0825663808182378,0.7880722208517016,0.1086941866441624,3.760609960660497,1.5499190461382142
64.0,235.0,1003.884033203125,1.1425112649696187,3.065090117718845,0.592860107788608,2.8071972518327133,0.2549808842303713,0.7688590957311772,1.1434486482266086,0.1774592781213724,3.2904317271738885,1.6652367097735672
64.0,235.0,1004.8756713867188,1.803103039357084,3.04969122379482,-0.2380855070972431,3.544222673085715,-0.3675432124331079,1.0049334701620785,1.0915745130618049,-0.0166428366782459,3.286393579044508,1.7128181502425668
64.0,235.0,1005.5949096679688,1.065741447403239,3.566321993171797,-0.1722097588879127,3.335195644635442,0.4153135222526197,1.6432684793938577,1.2308026718224587,0.3065238812510272,3.32453208933479,1.4181087479272612
64.0,235.0,1005.1708984375,1.5387374172758588,3.0630905424895096,-0.2761169812147975,3.539551483750204,-0.0710913967583387,1.0864629386437223,1.0432566156141505,0.0406253156605319,3.3703392304127733,1.6847979903288934
64.0,235.0,1004.3433227539062,1.5246637626108075,2.588764633984187,-0.2247483509817702,3.541791433209113,-0.2094105942329443,0.0900981966808316,1.4472220790014578,0.3634141441016041,3.275517642189521,1.677631713184814
64.0,235.0,1006.2902221679688,-0.4251081873792355,3.285807122763265,-0.1892787533432827,2.527234148491948,-0.6010386156964528,0.6565171337625719,1.76275366174798,-0.0125229395337214,3.152359389102193,1.536172754489335
64.0,235.0,1002.565185546875,0.5472914493255665,3.366882117201061,1.3060013984334584,1.9325170226020087,-1.0074251950736448,0.7432223534795421,1.6951969237110474,0.1334456915648295,3.316198941140461,1.659375229627378
64.0,235.0,1006.7476806640624,1.3783292661069166,2.227281756843792,0.7486796121921748,2.3676098445669496,-0.4352187250238886,0.1295667694666509,1.2582478032152908,0.9678886220425788,1.546052822985894,1.7088008776725607
64.0,235.0,1003.6841430664062,1.5264166200797986,3.063097861613356,-0.215819897253269,3.5490497273888275,-0.2048867388282806,1.0826619122252867,1.0511392207255632,-0.0170243374408754,3.2973942147249127,1.6821927523441609
64.0,235.0,1005.0227661132812,1.1090167985935704,3.054929262949412,0.2138404591139139,3.3785257770175283,-0.2062982807170551,0.6081492878130935,1.0163426512361524,-0.0348229360837541,3.2931519023315508,1.7331119502206431
64.0,235.0,1006.3912353515624,1.0823124156003283,3.145532408020725,0.0937498638335725,4.3492484902596935,-0.983369492477124,0.3045399617600217,1.0355153888892177,-0.6035785196627739,3.47882371336145,1.9749920545649893
64.0,235.0,1003.7677001953124,0.9753379059727132,3.027481911426474,0.8914709442373026,3.6385006360362526,-0.1936568623912141,0.9354252219936228,1.0515023454212475,1.5844169383747184,3.3013099988549235,1.6821957420369034
64.0,235.0,1005.7315063476562,1.5396689441273124,3.0386942734840274,0.0727790596694881,3.99653790662412,-0.2180394714265182,1.1227822176659112,0.9898665587735348,-0.0161734394273001,3.292559616599718,1.7283088665121291
64.0,235.0,1005.9786376953124,1.1755166225902458,3.0139295819900664,-0.2417305383366287,3.616814653335077,-0.2729520402836232,1.8592848557108288,1.1177652924446315,0.1211451494947978,3.912459696901169,2.2316448068592054
64.0,235.0,1004.7403564453124,0.4804166552562906,3.142058809388116,-0.507253232726782,3.78275224637308,-0.5671588827166028,1.1261544357254607,1.4122039073154182,0.5007209311294231,3.503301094810195,1.926829920271378
64.0,235.0,1004.5214233398438,1.3925082887281215,3.065088985864282,-0.1686798461004562,2.4937664364779137,-0.2246521629870259,1.0573601922845028,1.0844478999456344,-0.8866334099558765,3.2654268773896447,1.6563374701400866
64.0,235.0,1006.101806640625,1.5145614614356997,2.994643314133276,-0.4385238738008652,2.6498988515969346,-0.2204737755628775,1.1219320992016055,0.99350013477897,-0.0190371027451072,3.134156782158529,1.6797391789481235
64.0,235.0,1005.5848999023438,-0.4976473021030942,3.419951677935696,-0.3086301958483286,3.870154605804175,-1.1699164176837953,1.6993185462984577,0.8701808901365833,0.0028869377323087,3.427754210534899,1.6924904654891433
64.0,235.0,1004.2504272460938,-0.8223529424704155,2.825127807401638,-0.323922086313651,1.937577607926971,-0.7880478165526897,-0.5658922756132105,1.2049866790758093,0.2624683225465503,3.2458834880441487,0.9881096602322688
64.0,235.0,1004.8351440429688,0.383266327892847,3.526047267809437,-0.0464641811751654,3.441002486581674,0.4622121063248139,0.764653895575856,1.4226068635485682,-0.4876738443664548,3.654568720914268,1.5945743322906956
64.0,236.0,1004.6443481445312,0.6900176227674764,3.063074350782302,-0.3302721781170479,3.0126561550720083,-0.1976159951512532,1.5970259768578052,1.2511792713171723,-0.0167520924344081,3.4265898532482377,1.5636003792452855
64.0,236.0,1004.2421264648438,1.1090451639676264,3.063170278295987,-0.1754780434512142,3.5433184929382966,-0.1568456031498367,1.0766389807596008,1.0528787249669178,-0.0171620058962041,3.1145081813601543,1.5893554756452115
64.0,236.0,1005.7791137695312,0.6317410114373033,3.3821840388898674,-0.6555082762858517,1.8304964441013163,0.265419887632873,0.7751960162999161,1.243165064585624,-0.3543464243561521,3.598221077351875,1.5754946386202904
64.0,236.0,1005.7072143554688,1.6491448804843336,2.9104453120023,-0.2376035463302053,3.615676320374159,-0.5459213406507523,1.0802436756395946,1.0229389087533642,-0.0226071327225542,3.134768809825729,1.4551102740604491
64.0,236.0,1005.2555541992188,-0.5037094802039921,3.707585390221884,-0.3280569768488796,3.321070462527059,0.979043172621886,-0.4155761280008436,0.9565504599200948,0.2951346271246178,3.295787014291044,2.1819067114242974
64.0,236.0,1005.51806640625,-0.40218204349395,2.9611396568649364,0.6762820959727607,3.216420950245242,-1.6087780174255435,1.486703313514423,0.3728051189080725,0.4352597544671966,2.6224629239329085,1.7656766646614763
64.0,236.0,1006.2119140625,0.4893625390202833,1.7795423029239368,-0.2283334970089545,3.1277989280704825,0.4981169607027755,1.141197769335064,2.5146578201478693,1.975507430672696,4.311031517865723,2.0922100116751228
64.0,236.0,1005.1494140625,1.4267671879387,2.82151791963309,-0.2050135975394147,3.599402345635524,-0.212234014229664,1.0699343377498252,1.054124327480299,-0.0348381047181509,3.2384919490320403,1.683330061310487
64.0,236.0,1005.474853515625,1.5026949966969567,4.303640589644998,0.0467183102294996,3.508585978273294,-0.276222544546385,1.2632585220760255,0.9839023829757484,0.4548566034085533,3.319979299343642,1.681623450852277
64.0,236.0,1004.5355224609376,-0.2067583177486083,2.156645823399848,1.1237471826284795,3.780946817479548,-0.5114493991580722,1.3470285072754011,1.5426076556614716,0.9251629364195506,3.6326501297850458,1.193605314089168
64.0,236.0,1004.0458984375,0.6627964073101363,1.902544155917261,1.7356517264199556,1.1276967507837976,-0.9532319298265536,0.6325625002596181,1.4181961809212862,1.2571856093798428,3.247627624338968,0.7396376473821458
64.0,236.0,1004.7117919921876,0.4052530103725722,2.862964791291889,1.0244185980793992,1.6185629550949447,0.0861167524434486,0.806110362194968,0.5149989619430992,0.0762824622613271,3.306353246449835,1.6419964791765842
64.0,236.0,1005.585205078125,1.4441076734521072,3.066111509674269,0.0067028297138759,3.194813058276394,-0.2495793018936137,1.1591742150332562,1.047291772061316,-0.0635626710663064,3.2934046480925203,1.7277033081006632
64.0,236.0,1004.95849609375,0.9162956780313632,2.1247201074083826,0.0379144096914144,3.0493734156772465,-0.204541723945408,1.0866278545155783,1.081534562537653,-0.1426858802547873,2.5531626479271203,1.6834925846586402
64.0,236.0,1003.9569702148438,0.448016906340041,3.105722986450256,0.8138035866923863,3.0955404770734902,0.2620725015799733,1.6869868466778326,0.0600023277914734,0.2622416693067444,3.1208073658522064,1.5478276998793208
64.0,236.0,1005.9080810546876,1.0513515896295955,3.0324479004866207,-0.1399893757068982,2.5909601277576697,-0.1207554487964864,2.5126882206643253,1.1607896320933913,0.180815057255496,3.251736532375584,2.58552590355996
64.0,236.0,1005.7649536132812,0.2825466944237913,3.223371955913502,-1.130107795435179,3.475165291581171,-1.048330892200188,0.6773142097574366,1.7224453178602437,-0.0116344510771347,2.978858171781275,1.664112733334867
64.0,236.0,1003.8233642578124,1.028523366259821,3.0628461474330293,-0.3204188298828894,3.0167776901382988,0.2647472536681213,1.306874930918926,0.9514498344110252,-0.5399432597472117,3.348110656193866,0.8965220619264871
64.0,236.0,1006.2741088867188,1.643031542836416,3.606370926934152,-0.6934784640503268,3.544777025413626,-0.1168117638030309,0.939111865717292,1.235370936060419,0.8014975999324441,3.270795648100955,1.6707495569788469
64.0,236.0,1005.4312744140624,1.3627715738376884,3.076635121501396,-0.2203183241854567,3.1897560510402903,-0.4507563945197057,1.1522013466208365,1.072078304572779,-0.0715777010715543,3.2997649430028133,1.6650114468654638
64.0,236.0,1006.1286010742188,1.5630251164579407,3.034072154337606,-0.2144607478813976,3.3747890166807086,-0.1840946200972616,1.0834848120091078,1.505132191142844,0.0986427251527393,3.2971237436003165,1.6407078622033984
64.0,236.0,1004.8368530273438,-0.0192859539180938,3.1458012448024646,-0.4052589456220559,3.5837623621294377,-0.4446218579421889,1.004306573519272,1.0674916208430016,-0.1473208806064043,4.659302750457305,1.266183010783346
64.0,236.0,1005.0035400390624,1.488088734200528,3.2964916798764268,-0.081613556681665,3.4931910742310563,-0.4795947022471148,1.19443031097595,1.5983254058784726,0.3030366300005376,3.1093375136026897,1.3517079212642986
64.0,236.0,1005.59716796875,0.8422960777773174,3.0348209215701183,-0.2311176520887816,3.530445462000517,0.731073415144617,1.0838871087870037,1.0526527931079228,-0.2789778063184201,3.525442996103043,1.9314441196361605
64.0,236.0,1005.1682739257812,0.4758226699530498,2.725912301651685,-0.0230184400084026,3.5041163169939864,-0.2839688026094656,0.98246182909671,0.7814411067738086,0.0567855685067581,3.2908997596538847,1.3640380101297185
64.0,236.0,1004.932861328125,1.5796322669745138,2.974669102036052,-0.2759972217390695,3.567574034001228,-0.2093543612178015,1.4940440693796724,1.055340177568717,-0.0056815911348413,3.322450316094878,2.2801882162059304
64.0,236.0,1004.5557861328124,1.021039932157859,3.115921688963008,1.0019107446718256,2.234313345165861,-1.2644187944951404,0.667371423970712,1.2297919770831705,0.8270215697473942,3.348214809893935,1.7947175164238944
64.0,236.0,1005.9476318359376,0.0416259073064684,3.056620648095169,0.9059087932371556,3.541676985417584,-0.4558259587305865,-0.3150494321593007,1.05123482986649,-0.0994281152615595,3.238383279985208,1.6565234082160285
64.0,236.0,1005.81201171875,1.0493680198447488,3.1481788145602274,-0.3742052874168526,1.7340138049668434,0.0318673716322229,0.8640905123034281,1.2404658485720614,-0.0193011184880681,2.7865877149951315,1.7316496760128115
64.0,236.0,1004.924560546875,1.3902787656971398,3.2388825019148166,-0.206591284257351,2.6835356447268124,-0.2393013169250669,1.0825663808182378,0.7880722208517016,0.1086941866441624,3.760609960660497,1.5499190461382142
64.0,236.0,1003.884033203125,1.1425112649696187,3.065090117718845,0.592860107788608,2.8071972518327133,0.2549808842303713,0.7688590957311772,1.1434486482266086,0.1774592781213724,3.2904317271738885,1.6652367097735672
64.0,236.0,1004.8756713867188,1.803103039357084,3.04969122379482,-0.2380855070972431,3.544222673085715,-0.3675432124331079,1.0049334701620785,1.0915745130618049,-0.0166428366782459,3.286393579044508,1.7128181502425668
64.0,236.0,1005.5949096679688,1.065741447403239,3.566321993171797,-0.1722097588879127,3.335195644635442,0.4153135222526197,1.6432684793938577,1.2308026718224587,0.3065238812510272,3.32453208933479,1.4181087479272612
64.0,236.0,1005.1708984375,1.5387374172758588,3.0630905424895096,-0.2761169812147975,3.539551483750204,-0.0710913967583387,1.0864629386437223,1.0432566156141505,0.0406253156605319,3.3703392304127733,1.6847979903288934
64.0,236.0,1004.3433227539062,1.5246637626108075,2.588764633984187,-0.2247483509817702,3.541791433209113,-0.2094105942329443,0.0900981966808316,1.4472220790014578,0.3634141441016041,3.275517642189521,1.677631713184814
64.0,236.0,1006.2902221679688,-0.4251081873792355,3.285807122763265,-0.1892787533432827,2.527234148491948,-0.6010386156964528,0.6565171337625719,1.76275366174798,-0.0125229395337214,3.152359389102193,1.536172754489335
64.0,236.0,1002.565185546875,0.5472914493255665,3.366882117201061,1.3060013984334584,1.9325170226020087,-1.0074251950736448,0.7432223534795421,1.6951969237110474,0.1334456915648295,3.316198941140461,1.659375229627378
64.0,236.0,1006.7476806640624,1.3783292661069166,2.227281756843792,0.7486796121921748,2.3676098445669496,-0.4352187250238886,0.1295667694666509,1.2582478032152908,0.9678886220425788,1.546052822985894,1.7088008776725607
64.0,236.0,1003.6841430664062,1.5264166200797986,3.063097861613356,-0.215819897253269,3.5490497273888275,-0.2048867388282806,1.0826619122252867,1.0511392207255632,-0.0170243374408754,3.2973942147249127,1.6821927523441609
64.0,236.0,1004.9850463867188,0.6143587211329081,3.6385777878302688,1.866782871449317,2.68567229671642,-0.0190286631641586,0.5847002488156035,1.759170199056142,0.7876675185527418,3.289135321111209,1.695106697781342
64.0,236.0,1006.3912353515624,1.0823124156003283,3.145532408020725,0.0937498638335725,4.3492484902596935,-0.983369492477124,0.3045399617600217,1.0355153888892177,-0.6035785196627739,3.47882371336145,1.9749920545649893
64.0,236.0,1003.7677001953124,0.9753379059727132,3.027481911426474,0.8914709442373026,3.6385006360362526,-0.1936568623912141,0.9354252219936228,1.0515023454212475,1.5844169383747184,3.3013099988549235,1.6821957420369034
64.0,236.0,1005.7315063476562,1.5396689441273124,3.0386942734840274,0.0727790596694881,3.99653790662412,-0.2180394714265182,1.1227822176659112,0.9898665587735348,-0.0161734394273001,3.292559616599718,1.7283088665121291
64.0,236.0,1005.9786376953124,1.1755166225902458,3.0139295819900664,-0.2417305383366287,3.616814653335077,-0.2729520402836232,1.8592848557108288,1.1177652924446315,0.1211451494947978,3.912459696901169,2.2316448068592054
64.0,236.0,1004.7403564453124,0.4804166552562906,3.142058809388116,-0.507253232726782,3.78275224637308,-0.5671588827166028,1.1261544357254607,1.4122039073154182,0.5007209311294231,3.503301094810195,1.926829920271378
64.0,236.0,1004.5214233398438,1.3925082887281215,3.065088985864282,-0.1686798461004562,2.4937664364779137,-0.2246521629870259,1.0573601922845028,1.0844478999456344,-0.8866334099558765,3.2654268773896447,1.6563374701400866
64.0,236.0,1006.101806640625,1.5145614614356997,2.994643314133276,-0.4385238738008652,2.6498988515969346,-0.2204737755628775,1.1219320992016055,0.99350013477897,-0.0190371027451072,3.134156782158529,1.6797391789481235
64.0,236.0,1005.5848999023438,-0.4976473021030942,3.419951677935696,-0.3086301958483286,3.870154605804175,-1.1699164176837953,1.6993185462984577,0.8701808901365833,0.0028869377323087,3.427754210534899,1.6924904654891433
64.0,236.0,1004.2504272460938,-0.8223529424704155,2.825127807401638,-0.323922086313651,1.937577607926971,-0.7880478165526897,-0.5658922756132105,1.2049866790758093,0.2624683225465503,3.2458834880441487,0.9881096602322688
64.0,236.0,1004.8351440429688,0.383266327892847,3.526047267809437,-0.0464641811751654,3.441002486581674,0.4622121063248139,0.764653895575856,1.4226068635485682,-0.4876738443664548,3.654568720914268,1.5945743322906956
64.0,237.0,1004.6443481445312,0.6900176227674764,3.063074350782302,-0.3302721781170479,3.0126561550720083,-0.1976159951512532,1.5970259768578052,1.2511792713171723,-0.0167520924344081,3.4265898532482377,1.5636003792452855
64.0,237.0,1004.2421264648438,1.1090451639676264,3.063170278295987,-0.1754780434512142,3.5433184929382966,-0.1568456031498367,1.0766389807596008,1.0528787249669178,-0.0171620058962041,3.1145081813601543,1.5893554756452115
64.0,237.0,1005.7791137695312,0.6317410114373033,3.3821840388898674,-0.6555082762858517,1.8304964441013163,0.265419887632873,0.7751960162999161,1.243165064585624,-0.3543464243561521,3.598221077351875,1.5754946386202904
64.0,237.0,1005.7072143554688,1.6491448804843336,2.9104453120023,-0.2376035463302053,3.615676320374159,-0.5459213406507523,1.0802436756395946,1.0229389087533642,-0.0226071327225542,3.134768809825729,1.4551102740604491
64.0,237.0,1005.2555541992188,-0.5037094802039921,3.707585390221884,-0.3280569768488796,3.321070462527059,0.979043172621886,-0.4155761280008436,0.9565504599200948,0.2951346271246178,3.295787014291044,2.1819067114242974
64.0,237.0,1005.51806640625,-0.40218204349395,2.9611396568649364,0.6762820959727607,3.216420950245242,-1.6087780174255435,1.486703313514423,0.3728051189080725,0.4352597544671966,2.6224629239329085,1.7656766646614763
64.0,237.0,1006.2119140625,0.4893625390202833,1.7795423029239368,-0.2283334970089545,3.1277989280704825,0.4981169607027755,1.141197769335064,2.5146578201478693,1.975507430672696,4.311031517865723,2.0922100116751228
64.0,237.0,1005.1494140625,1.4267671879387,2.82151791963309,-0.2050135975394147,3.599402345635524,-0.212234014229664,1.0699343377498252,1.054124327480299,-0.0348381047181509,3.2384919490320403,1.683330061310487
64.0,237.0,1005.474853515625,1.5026949966969567,4.303640589644998,0.0467183102294996,3.508585978273294,-0.276222544546385,1.2632585220760255,0.9839023829757484,0.4548566034085533,3.319979299343642,1.681623450852277
64.0,237.0,1004.5355224609376,-0.2067583177486083,2.156645823399848,1.1237471826284795,3.780946817479548,-0.5114493991580722,1.3470285072754011,1.5426076556614716,0.9251629364195506,3.6326501297850458,1.193605314089168
64.0,237.0,1004.0458984375,0.6627964073101363,1.902544155917261,1.7356517264199556,1.1276967507837976,-0.9532319298265536,0.6325625002596181,1.4181961809212862,1.2571856093798428,3.247627624338968,0.7396376473821458
64.0,237.0,1004.7117919921876,0.4052530103725722,2.862964791291889,1.0244185980793992,1.6185629550949447,0.0861167524434486,0.806110362194968,0.5149989619430992,0.0762824622613271,3.306353246449835,1.6419964791765842
64.0,237.0,1005.585205078125,1.4441076734521072,3.066111509674269,0.0067028297138759,3.194813058276394,-0.2495793018936137,1.1591742150332562,1.047291772061316,-0.0635626710663064,3.2934046480925203,1.7277033081006632
64.0,237.0,1004.95849609375,0.9162956780313632,2.1247201074083826,0.0379144096914144,3.0493734156772465,-0.204541723945408,1.0866278545155783,1.081534562537653,-0.1426858802547873,2.5531626479271203,1.6834925846586402
64.0,237.0,1003.9569702148438,0.448016906340041,3.105722986450256,0.8138035866923863,3.0955404770734902,0.2620725015799733,1.6869868466778326,0.0600023277914734,0.2622416693067444,3.1208073658522064,1.5478276998793208
64.0,237.0,1005.9080810546876,1.0513515896295955,3.0324479004866207,-0.1399893757068982,2.5909601277576697,-0.1207554487964864,2.5126882206643253,1.1607896320933913,0.180815057255496,3.251736532375584,2.58552590355996
64.0,237.0,1005.7649536132812,0.2825466944237913,3.223371955913502,-1.130107795435179,3.475165291581171,-1.048330892200188,0.6773142097574366,1.7224453178602437,-0.0116344510771347,2.978858171781275,1.664112733334867
64.0,237.0,1003.8233642578124,1.028523366259821,3.0628461474330293,-0.3204188298828894,3.0167776901382988,0.2647472536681213,1.306874930918926,0.9514498344110252,-0.5399432597472117,3.348110656193866,0.8965220619264871
64.0,237.0,1006.2741088867188,1.643031542836416,3.606370926934152,-0.6934784640503268,3.544777025413626,-0.1168117638030309,0.939111865717292,1.235370936060419,0.8014975999324441,3.270795648100955,1.6707495569788469
64.0,237.0,1005.4312744140624,1.3627715738376884,3.076635121501396,-0.2203183241854567,3.1897560510402903,-0.4507563945197057,1.1522013466208365,1.072078304572779,-0.0715777010715543,3.2997649430028133,1.6650114468654638
64.0,237.0,1006.1286010742188,1.5630251164579407,3.034072154337606,-0.2144607478813976,3.3747890166807086,-0.1840946200972616,1.0834848120091078,1.505132191142844,0.0986427251527393,3.2971237436003165,1.6407078622033984
64.0,237.0,1004.8368530273438,-0.0192859539180938,3.1458012448024646,-0.4052589456220559,3.5837623621294377,-0.4446218579421889,1.004306573519272,1.0674916208430016,-0.1473208806064043,4.659302750457305,1.266183010783346
64.0,237.0,1005.0035400390624,1.488088734200528,3.2964916798764268,-0.081613556681665,3.4931910742310563,-0.4795947022471148,1.19443031097595,1.5983254058784726,0.3030366300005376,3.1093375136026897,1.3517079212642986
64.0,237.0,1005.59716796875,0.8422960777773174,3.0348209215701183,-0.2311176520887816,3.530445462000517,0.731073415144617,1.0838871087870037,1.0526527931079228,-0.2789778063184201,3.525442996103043,1.9314441196361605
64.0,237.0,1005.1682739257812,0.4758226699530498,2.725912301651685,-0.0230184400084026,3.5041163169939864,-0.2839688026094656,0.98246182909671,0.7814411067738086,0.0567855685067581,3.2908997596538847,1.3640380101297185
64.0,237.0,1004.932861328125,1.5796322669745138,2.974669102036052,-0.2759972217390695,3.567574034001228,-0.2093543612178015,1.4940440693796724,1.055340177568717,-0.0056815911348413,3.322450316094878,2.2801882162059304
64.0,237.0,1004.5557861328124,1.021039932157859,3.115921688963008,1.0019107446718256,2.234313345165861,-1.2644187944951404,0.667371423970712,1.2297919770831705,0.8270215697473942,3.348214809893935,1.7947175164238944
64.0,237.0,1005.9476318359376,0.0416259073064684,3.056620648095169,0.9059087932371556,3.541676985417584,-0.4558259587305865,-0.3150494321593007,1.05123482986649,-0.0994281152615595,3.238383279985208,1.6565234082160285
64.0,237.0,1005.81201171875,1.0493680198447488,3.1481788145602274,-0.3742052874168526,1.7340138049668434,0.0318673716322229,0.8640905123034281,1.2404658485720614,-0.0193011184880681,2.7865877149951315,1.7316496760128115
64.0,237.0,1004.924560546875,1.3902787656971398,3.2388825019148166,-0.206591284257351,2.6835356447268124,-0.2393013169250669,1.0825663808182378,0.7880722208517016,0.1086941866441624,3.760609960660497,1.5499190461382142
64.0,237.0,1003.884033203125,1.1425112649696187,3.065090117718845,0.592860107788608,2.8071972518327133,0.2549808842303713,0.7688590957311772,1.1434486482266086,0.1774592781213724,3.2904317271738885,1.6652367097735672
64.0,237.0,1004.8756713867188,1.803103039357084,3.04969122379482,-0.2380855070972431,3.544222673085715,-0.3675432124331079,1.0049334701620785,1.0915745130618049,-0.0166428366782459,3.286393579044508,1.7128181502425668
64.0,237.0,1005.5949096679688,1.065741447403239,3.566321993171797,-0.1722097588879127,3.335195644635442,0.4153135222526197,1.6432684793938577,1.2308026718224587,0.3065238812510272,3.32453208933479,1.4181087479272612
64.0,237.0,1005.1708984375,1.5387374172758588,3.0630905424895096,-0.2761169812147975,3.539551483750204,-0.0710913967583387,1.0864629386437223,1.0432566156141505,0.0406253156605319,3.3703392304127733,1.6847979903288934
64.0,237.0,1004.3433227539062,1.5246637626108075,2.588764633984187,-0.2247483509817702,3.541791433209113,-0.2094105942329443,0.0900981966808316,1.4472220790014578,0.3634141441016041,3.275517642189521,1.677631713184814
64.0,237.0,1006.2902221679688,-0.4251081873792355,3.285807122763265,-0.1892787533432827,2.527234148491948,-0.6010386156964528,0.6565171337625719,1.76275366174798,-0.0125229395337214,3.152359389102193,1.536172754489335
64.0,237.0,1002.565185546875,0.5472914493255665,3.366882117201061,1.3060013984334584,1.9325170226020087,-1.0074251950736448,0.7432223534795421,1.6951969237110474,0.1334456915648295,3.316198941140461,1.659375229627378
64.0,237.0,1006.7476806640624,1.3783292661069166,2.227281756843792,0.7486796121921748,2.3676098445669496,-0.4352187250238886,0.1295667694666509,1.2582478032152908,0.9678886220425788,1.546052822985894,1.7088008776725607
64.0,237.0,1003.6841430664062,1.5264166200797986,3.063097861613356,-0.215819897253269,3.5490497273888275,-0.2048867388282806,1.0826619122252867,1.0511392207255632,-0.0170243374408754,3.2973942147249127,1.6821927523441609
64.0,237.0,1004.9850463867188,0.6143587211329081,3.6385777878302688,1.866782871449317,2.68567229671642,-0.0190286631641586,0.5847002488156035,1.759170199056142,0.7876675185527418,3.289135321111209,1.695106697781342
64.0,237.0,1006.3912353515624,1.0823124156003283,3.145532408020725,0.0937498638335725,4.3492484902596935,-0.983369492477124,0.3045399617600217,1.0355153888892177,-0.6035785196627739,3.47882371336145,1.9749920545649893
64.0,237.0,1003.7677001953124,0.9753379059727132,3.027481911426474,0.8914709442373026,3.6385006360362526,-0.1936568623912141,0.9354252219936228,1.0515023454212475,1.5844169383747184,3.3013099988549235,1.6821957420369034
64.0,237.0,1005.7315063476562,1.5396689441273124,3.0386942734840274,0.0727790596694881,3.99653790662412,-0.2180394714265182,1.1227822176659112,0.9898665587735348,-0.0161734394273001,3.292559616599718,1.7283088665121291
64.0,237.0,1005.9786376953124,1.1755166225902458,3.0139295819900664,-0.2417305383366287,3.616814653335077,-0.2729520402836232,1.8592848557108288,1.1177652924446315,0.1211451494947978,3.912459696901169,2.2316448068592054
64.0,237.0,1004.7403564453124,0.4804166552562906,3.142058809388116,-0.507253232726782,3.78275224637308,-0.5671588827166028,1.1261544357254607,1.4122039073154182,0.5007209311294231,3.503301094810195,1.926829920271378
64.0,237.0,1004.5214233398438,1.3925082887281215,3.065088985864282,-0.1686798461004562,2.4937664364779137,-0.2246521629870259,1.0573601922845028,1.0844478999456344,-0.8866334099558765,3.2654268773896447,1.6563374701400866
64.0,237.0,1006.101806640625,1.5145614614356997,2.994643314133276,-0.4385238738008652,2.6498988515969346,-0.2204737755628775,1.1219320992016055,0.99350013477897,-0.0190371027451072,3.134156782158529,1.6797391789481235
64.0,237.0,1005.5848999023438,-0.4976473021030942,3.419951677935696,-0.3086301958483286,3.870154605804175,-1.1699164176837953,1.6993185462984577,0.8701808901365833,0.0028869377323087,3.427754210534899,1.6924904654891433
64.0,237.0,1004.2504272460938,-0.8223529424704155,2.825127807401638,-0.323922086313651,1.937577607926971,-0.7880478165526897,-0.5658922756132105,1.2049866790758093,0.2624683225465503,3.2458834880441487,0.9881096602322688
64.0,237.0,1004.8351440429688,0.383266327892847,3.526047267809437,-0.0464641811751654,3.441002486581674,0.4622121063248139,0.764653895575856,1.4226068635485682,-0.4876738443664548,3.654568720914268,1.5945743322906956
64.0,238.0,1004.6443481445312,0.6900176227674764,3.063074350782302,-0.3302721781170479,3.0126561550720083,-0.1976159951512532,1.5970259768578052,1.2511792713171723,-0.0167520924344081,3.4265898532482377,1.5636003792452855
64.0,238.0,1004.2421264648438,1.1090451639676264,3.063170278295987,-0.1754780434512142,3.5433184929382966,-0.1568456031498367,1.0766389807596008,1.0528787249669178,-0.0171620058962041,3.1145081813601543,1.5893554756452115
64.0,238.0,1005.7791137695312,0.6317410114373033,3.3821840388898674,-0.6555082762858517,1.8304964441013163,0.265419887632873,0.7751960162999161,1.243165064585624,-0.3543464243561521,3.598221077351875,1.5754946386202904
64.0,238.0,1005.7072143554688,1.6491448804843336,2.9104453120023,-0.2376035463302053,3.615676320374159,-0.5459213406507523,1.0802436756395946,1.0229389087533642,-0.0226071327225542,3.134768809825729,1.4551102740604491
64.0,238.0,1005.2555541992188,-0.5037094802039921,3.707585390221884,-0.3280569768488796,3.321070462527059,0.979043172621886,-0.4155761280008436,0.9565504599200948,0.2951346271246178,3.295787014291044,2.1819067114242974
64.0,238.0,1005.51806640625,-0.40218204349395,2.9611396568649364,0.6762820959727607,3.216420950245242,-1.6087780174255435,1.486703313514423,0.3728051189080725,0.4352597544671966,2.6224629239329085,1.7656766646614763
64.0,238.0,1006.2119140625,0.4893625390202833,1.7795423029239368,-0.2283334970089545,3.1277989280704825,0.4981169607027755,1.141197769335064,2.5146578201478693,1.975507430672696,4.311031517865723,2.0922100116751228
64.0,238.0,1005.1494140625,1.4267671879387,2.82151791963309,-0.2050135975394147,3.599402345635524,-0.212234014229664,1.0699343377498252,1.054124327480299,-0.0348381047181509,3.2384919490320403,1.683330061310487
64.0,238.0,1005.474853515625,1.5026949966969567,4.303640589644998,0.0467183102294996,3.508585978273294,-0.276222544546385,1.2632585220760255,0.9839023829757484,0.4548566034085533,3.319979299343642,1.681623450852277
64.0,238.0,1004.5355224609376,-0.2067583177486083,2.156645823399848,1.1237471826284795,3.780946817479548,-0.5114493991580722,1.3470285072754011,1.5426076556614716,0.9251629364195506,3.6326501297850458,1.193605314089168
64.0,238.0,1004.0458984375,0.6627964073101363,1.902544155917261,1.7356517264199556,1.1276967507837976,-0.9532319298265536,0.6325625002596181,1.4181961809212862,1.2571856093798428,3.247627624338968,0.7396376473821458
64.0,238.0,1004.7117919921876,0.4052530103725722,2.862964791291889,1.0244185980793992,1.6185629550949447,0.0861167524434486,0.806110362194968,0.5149989619430992,0.0762824622613271,3.306353246449835,1.6419964791765842
64.0,238.0,1005.585205078125,1.4441076734521072,3.066111509674269,0.0067028297138759,3.194813058276394,-0.2495793018936137,1.1591742150332562,1.047291772061316,-0.0635626710663064,3.2934046480925203,1.7277033081006632
64.0,238.0,1004.95849609375,0.9162956780313632,2.1247201074083826,0.0379144096914144,3.0493734156772465,-0.204541723945408,1.0866278545155783,1.081534562537653,-0.1426858802547873,2.5531626479271203,1.6834925846586402
64.0,238.0,1003.9569702148438,0.448016906340041,3.105722986450256,0.8138035866923863,3.0955404770734902,0.2620725015799733,1.6869868466778326,0.0600023277914734,0.2622416693067444,3.1208073658522064,1.5478276998793208
64.0,238.0,1005.9080810546876,1.0513515896295955,3.0324479004866207,-0.1399893757068982,2.5909601277576697,-0.1207554487964864,2.5126882206643253,1.1607896320933913,0.180815057255496,3.251736532375584,2.58552590355996
64.0,238.0,1005.7649536132812,0.2825466944237913,3.223371955913502,-1.130107795435179,3.475165291581171,-1.048330892200188,0.6773142097574366,1.7224453178602437,-0.0116344510771347,2.978858171781275,1.664112733334867
64.0,238.0,1003.8233642578124,1.028523366259821,3.0628461474330293,-0.3204188298828894,3.0167776901382988,0.2647472536681213,1.306874930918926,0.9514498344110252,-0.5399432597472117,3.348110656193866,0.8965220619264871
64.0,238.0,1006.2741088867188,1.643031542836416,3.606370926934152,-0.6934784640503268,3.544777025413626,-0.1168117638030309,0.939111865717292,1.235370936060419,0.8014975999324441,3.270795648100955,1.6707495569788469
64.0,238.0,1005.4312744140624,1.3627715738376884,3.076635121501396,-0.2203183241854567,3.1897560510402903,-0.4507563945197057,1.1522013466208365,1.072078304572779,-0.0715777010715543,3.2997649430028133,1.6650114468654638
64.0,238.0,1006.1286010742188,1.5630251164579407,3.034072154337606,-0.2144607478813976,3.3747890166807086,-0.1840946200972616,1.0834848120091078,1.505132191142844,0.0986427251527393,3.2971237436003165,1.6407078622033984
64.0,238.0,1004.8368530273438,-0.0192859539180938,3.1458012448024646,-0.4052589456220559,3.5837623621294377,-0.4446218579421889,1.004306573519272,1.0674916208430016,-0.1473208806064043,4.659302750457305,1.266183010783346
64.0,238.0,1005.0035400390624,1.488088734200528,3.2964916798764268,-0.081613556681665,3.4931910742310563,-0.4795947022471148,1.19443031097595,1.5983254058784726,0.3030366300005376,3.1093375136026897,1.3517079212642986
64.0,238.0,1005.59716796875,0.8422960777773174,3.0348209215701183,-0.2311176520887816,3.530445462000517,0.731073415144617,1.0838871087870037,1.0526527931079228,-0.2789778063184201,3.525442996103043,1.9314441196361605
64.0,238.0,1005.1682739257812,0.4758226699530498,2.725912301651685,-0.0230184400084026,3.5041163169939864,-0.2839688026094656,0.98246182909671,0.7814411067738086,0.0567855685067581,3.2908997596538847,1.3640380101297185
64.0,238.0,1004.932861328125,1.5796322669745138,2.974669102036052,-0.2759972217390695,3.567574034001228,-0.2093543612178015,1.4940440693796724,1.055340177568717,-0.0056815911348413,3.322450316094878,2.2801882162059304
64.0,238.0,1004.5557861328124,1.021039932157859,3.115921688963008,1.0019107446718256,2.234313345165861,-1.2644187944951404,0.667371423970712,1.2297919770831705,0.8270215697473942,3.348214809893935,1.7947175164238944
64.0,238.0,1005.9476318359376,0.0416259073064684,3.056620648095169,0.9059087932371556,3.541676985417584,-0.4558259587305865,-0.3150494321593007,1.05123482986649,-0.0994281152615595,3.238383279985208,1.6565234082160285
64.0,238.0,1005.81201171875,1.0493680198447488,3.1481788145602274,-0.3742052874168526,1.7340138049668434,0.0318673716322229,0.8640905123034281,1.2404658485720614,-0.0193011184880681,2.7865877149951315,1.7316496760128115
64.0,238.0,1004.924560546875,1.3902787656971398,3.2388825019148166,-0.206591284257351,2.6835356447268124,-0.2393013169250669,1.0825663808182378,0.7880722208517016,0.1086941866441624,3.760609960660497,1.5499190461382142
64.0,238.0,1003.884033203125,1.1425112649696187,3.065090117718845,0.592860107788608,2.8071972518327133,0.2549808842303713,0.7688590957311772,1.1434486482266086,0.1774592781213724,3.2904317271738885,1.6652367097735672
64.0,238.0,1004.8756713867188,1.803103039357084,3.04969122379482,-0.2380855070972431,3.544222673085715,-0.3675432124331079,1.0049334701620785,1.0915745130618049,-0.0166428366782459,3.286393579044508,1.7128181502425668
64.0,238.0,1005.5949096679688,1.065741447403239,3.566321993171797,-0.1722097588879127,3.335195644635442,0.4153135222526197,1.6432684793938577,1.2308026718224587,0.3065238812510272,3.32453208933479,1.4181087479272612
64.0,238.0,1005.1708984375,1.5387374172758588,3.0630905424895096,-0.2761169812147975,3.539551483750204,-0.0710913967583387,1.0864629386437223,1.0432566156141505,0.0406253156605319,3.3703392304127733,1.6847979903288934
64.0,238.0,1004.3433227539062,1.5246637626108075,2.588764633984187,-0.2247483509817702,3.541791433209113,-0.2094105942329443,0.0900981966808316,1.4472220790014578,0.3634141441016041,3.275517642189521,1.677631713184814
64.0,238.0,1006.2902221679688,-0.4251081873792355,3.285807122763265,-0.1892787533432827,2.527234148491948,-0.6010386156964528,0.6565171337625719,1.76275366174798,-0.0125229395337214,3.152359389102193,1.536172754489335
64.0,238.0,1002.565185546875,0.5472914493255665,3.366882117201061,1.3060013984334584,1.9325170226020087,-1.0074251950736448,0.7432223534795421,1.6951969237110474,0.1334456915648295,3.316198941140461,1.659375229627378
64.0,238.0,1006.7476806640624,1.3783292661069166,2.227281756843792,0.7486796121921748,2.3676098445669496,-0.4352187250238886,0.1295667694666509,1.2582478032152908,0.9678886220425788,1.546052822985894,1.7088008776725607
64.0,238.0,1003.6841430664062,1.5264166200797986,3.063097861613356,-0.215819897253269,3.5490497273888275,-0.2048867388282806,1.0826619122252867,1.0511392207255632,-0.0170243374408754,3.2973942147249127,1.6821927523441609
64.0,238.0,1004.9850463867188,0.6143587211329081,3.6385777878302688,1.866782871449317,2.68567229671642,-0.0190286631641586,0.5847002488156035,1.759170199056142,0.7876675185527418,3.289135321111209,1.695106697781342
64.0,238.0,1006.3912353515624,1.0823124156003283,3.145532408020725,0.0937498638335725,4.3492484902596935,-0.983369492477124,0.3045399617600217,1.0355153888892177,-0.6035785196627739,3.47882371336145,1.9749920545649893
64.0,238.0,1003.7677001953124,0.9753379059727132,3.027481911426474,0.8914709442373026,3.6385006360362526,-0.1936568623912141,0.9354252219936228,1.0515023454212475,1.5844169383747184,3.3013099988549235,1.6821957420369034
64.0,238.0,1005.7315063476562,1.5396689441273124,3.0386942734840274,0.0727790596694881,3.99653790662412,-0.2180394714265182,1.1227822176659112,0.9898665587735348,-0.0161734394273001,3.292559616599718,1.7283088665121291
64.0,238.0,1005.9786376953124,1.1755166225902458,3.0139295819900664,-0.2417305383366287,3.616814653335077,-0.2729520402836232,1.8592848557108288,1.1177652924446315,0.1211451494947978,3.912459696901169,2.2316448068592054
64.0,238.0,1004.7403564453124,0.4804166552562906,3.142058809388116,-0.507253232726782,3.78275224637308,-0.5671588827166028,1.1261544357254607,1.4122039073154182,0.5007209311294231,3.503301094810195,1.926829920271378
64.0,238.0,1004.5214233398438,1.3925082887281215,3.065088985864282,-0.1686798461004562,2.4937664364779137,-0.2246521629870259,1.0573601922845028,1.0844478999456344,-0.8866334099558765,3.2654268773896447,1.6563374701400866
64.0,238.0,1006.101806640625,1.5145614614356997,2.994643314133276,-0.4385238738008652,2.6498988515969346,-0.2204737755628775,1.1219320992016055,0.99350013477897,-0.0190371027451072,3.134156782158529,1.6797391789481235
64.0,238.0,1005.5848999023438,-0.4976473021030942,3.419951677935696,-0.3086301958483286,3.870154605804175,-1.1699164176837953,1.6993185462984577,0.8701808901365833,0.0028869377323087,3.427754210534899,1.6924904654891433
64.0,238.0,1004.2504272460938,-0.8223529424704155,2.825127807401638,-0.323922086313651,1.937577607926971,-0.7880478165526897,-0.5658922756132105,1.2049866790758093,0.2624683225465503,3.2458834880441487,0.9881096602322688
64.0,238.0,1004.8351440429688,0.383266327892847,3.526047267809437,-0.0464641811751654,3.441002486581674,0.4622121063248139,0.764653895575856,1.4226068635485682,-0.4876738443664548,3.654568720914268,1.5945743322906956
64.0,239.0,1004.6443481445312,0.6900176227674764,3.063074350782302,-0.3302721781170479,3.0126561550720083,-0.1976159951512532,1.5970259768578052,1.2511792713171723,-0.0167520924344081,3.4265898532482377,1.5636003792452855
64.0,239.0,1004.2421264648438,1.1090451639676264,3.063170278295987,-0.1754780434512142,3.5433184929382966,-0.1568456031498367,1.0766389807596008,1.0528787249669178,-0.0171620058962041,3.1145081813601543,1.5893554756452115
64.0,239.0,1005.7791137695312,0.6317410114373033,3.3821840388898674,-0.6555082762858517,1.8304964441013163,0.265419887632873,0.7751960162999161,1.243165064585624,-0.3543464243561521,3.598221077351875,1.5754946386202904
64.0,239.0,1005.7072143554688,1.6491448804843336,2.9104453120023,-0.2376035463302053,3.615676320374159,-0.5459213406507523,1.0802436756395946,1.0229389087533642,-0.0226071327225542,3.134768809825729,1.4551102740604491
64.0,239.0,1005.2555541992188,-0.5037094802039921,3.707585390221884,-0.3280569768488796,3.321070462527059,0.979043172621886,-0.4155761280008436,0.9565504599200948,0.2951346271246178,3.295787014291044,2.1819067114242974
64.0,239.0,1005.51806640625,-0.40218204349395,2.9611396568649364,0.6762820959727607,3.216420950245242,-1.6087780174255435,1.486703313514423,0.3728051189080725,0.4352597544671966,2.6224629239329085,1.7656766646614763
64.0,239.0,1006.2119140625,0.4893625390202833,1.7795423029239368,-0.2283334970089545,3.1277989280704825,0.4981169607027755,1.141197769335064,2.5146578201478693,1.975507430672696,4.311031517865723,2.0922100116751228
64.0,239.0,1005.1494140625,1.4267671879387,2.82151791963309,-0.2050135975394147,3.599402345635524,-0.212234014229664,1.0699343377498252,1.054124327480299,-0.0348381047181509,3.2384919490320403,1.683330061310487
64.0,239.0,1005.474853515625,1.5026949966969567,4.303640589644998,0.0467183102294996,3.508585978273294,-0.276222544546385,1.2632585220760255,0.9839023829757484,0.4548566034085533,3.319979299343642,1.681623450852277
64.0,239.0,1004.5355224609376,-0.2067583177486083,2.156645823399848,1.1237471826284795,3.780946817479548,-0.5114493991580722,1.3470285072754011,1.5426076556614716,0.9251629364195506,3.6326501297850458,1.193605314089168
64.0,239.0,1004.0458984375,0.6627964073101363,1.902544155917261,1.7356517264199556,1.1276967507837976,-0.9532319298265536,0.6325625002596181,1.4181961809212862,1.2571856093798428,3.247627624338968,0.7396376473821458
64.0,239.0,1004.7117919921876,0.4052530103725722,2.862964791291889,1.0244185980793992,1.6185629550949447,0.0861167524434486,0.806110362194968,0.5149989619430992,0.0762824622613271,3.306353246449835,1.6419964791765842
64.0,239.0,1005.585205078125,1.4441076734521072,3.066111509674269,0.0067028297138759,3.194813058276394,-0.2495793018936137,1.1591742150332562,1.047291772061316,-0.0635626710663064,3.2934046480925203,1.7277033081006632
64.0,239.0,1004.95849609375,0.9162956780313632,2.1247201074083826,0.0379144096914144,3.0493734156772465,-0.204541723945408,1.0866278545155783,1.081534562537653,-0.1426858802547873,2.5531626479271203,1.6834925846586402
64.0,239.0,1003.9569702148438,0.448016906340041,3.105722986450256,0.8138035866923863,3.0955404770734902,0.2620725015799733,1.6869868466778326,0.0600023277914734,0.2622416693067444,3.1208073658522064,1.5478276998793208
64.0,239.0,1005.9080810546876,1.0513515896295955,3.0324479004866207,-0.1399893757068982,2.5909601277576697,-0.1207554487964864,2.5126882206643253,1.1607896320933913,0.180815057255496,3.251736532375584,2.58552590355996
64.0,239.0,1005.7649536132812,0.2825466944237913,3.223371955913502,-1.130107795435179,3.475165291581171,-1.048330892200188,0.6773142097574366,1.7224453178602437,-0.0116344510771347,2.978858171781275,1.664112733334867
64.0,239.0,1003.8233642578124,1.028523366259821,3.0628461474330293,-0.3204188298828894,3.0167776901382988,0.2647472536681213,1.306874930918926,0.9514498344110252,-0.5399432597472117,3.348110656193866,0.8965220619264871
64.0,239.0,1006.2741088867188,1.643031542836416,3.606370926934152,-0.6934784640503268,3.544777025413626,-0.1168117638030309,0.939111865717292,1.235370936060419,0.8014975999324441,3.270795648100955,1.6707495569788469
64.0,239.0,1005.4312744140624,1.3627715738376884,3.076635121501396,-0.2203183241854567,3.1897560510402903,-0.4507563945197057,1.1522013466208365,1.072078304572779,-0.0715777010715543,3.2997649430028133,1.6650114468654638
64.0,239.0,1006.1286010742188,1.5630251164579407,3.034072154337606,-0.2144607478813976,3.3747890166807086,-0.1840946200972616,1.0834848120091078,1.505132191142844,0.0986427251527393,3.2971237436003165,1.6407078622033984
64.0,239.0,1004.8368530273438,-0.0192859539180938,3.1458012448024646,-0.4052589456220559,3.5837623621294377,-0.4446218579421889,1.004306573519272,1.0674916208430016,-0.1473208806064043,4.659302750457305,1.266183010783346
64.0,239.0,1005.0035400390624,1.488088734200528,3.2964916798764268,-0.081613556681665,3.4931910742310563,-0.4795947022471148,1.19443031097595,1.5983254058784726,0.3030366300005376,3.1093375136026897,1.3517079212642986
64.0,239.0,1005.59716796875,0.8422960777773174,3.0348209215701183,-0.2311176520887816,3.530445462000517,0.731073415144617,1.0838871087870037,1.0526527931079228,-0.2789778063184201,3.525442996103043,1.9314441196361605
64.0,239.0,1005.1682739257812,0.4758226699530498,2.725912301651685,-0.0230184400084026,3.5041163169939864,-0.2839688026094656,0.98246182909671,0.7814411067738086,0.0567855685067581,3.2908997596538847,1.3640380101297185
64.0,239.0,1004.932861328125,1.5796322669745138,2.974669102036052,-0.2759972217390695,3.567574034001228,-0.2093543612178015,1.4940440693796724,1.055340177568717,-0.0056815911348413,3.322450316094878,2.2801882162059304
64.0,239.0,1004.5557861328124,1.021039932157859,3.115921688963008,1.0019107446718256,2.234313345165861,-1.2644187944951404,0.667371423970712,1.2297919770831705,0.8270215697473942,3.348214809893935,1.7947175164238944
64.0,239.0,1005.9476318359376,0.0416259073064684,3.056620648095169,0.9059087932371556,3.541676985417584,-0.4558259587305865,-0.3150494321593007,1.05123482986649,-0.0994281152615595,3.238383279985208,1.6565234082160285
64.0,239.0,1005.81201171875,1.0493680198447488,3.1481788145602274,-0.3742052874168526,1.7340138049668434,0.0318673716322229,0.8640905123034281,1.2404658485720614,-0.0193011184880681,2.7865877149951315,1.7316496760128115
64.0,239.0,1004.924560546875,1.3902787656971398,3.2388825019148166,-0.206591284257351,2.6835356447268124,-0.2393013169250669,1.0825663808182378,0.7880722208517016,0.1086941866441624,3.760609960660497,1.5499190461382142
64.0,239.0,1003.884033203125,1.1425112649696187,3.065090117718845,0.592860107788608,2.8071972518327133,0.2549808842303713,0.7688590957311772,1.1434486482266086,0.1774592781213724,3.2904317271738885,1.6652367097735672
64.0,239.0,1004.8756713867188,1.803103039357084,3.04969122379482,-0.2380855070972431,3.544222673085715,-0.3675432124331079,1.0049334701620785,1.0915745130618049,-0.0166428366782459,3.286393579044508,1.7128181502425668
64.0,239.0,1005.5949096679688,1.065741447403239,3.566321993171797,-0.1722097588879127,3.335195644635442,0.4153135222526197,1.6432684793938577,1.2308026718224587,0.3065238812510272,3.32453208933479,1.4181087479272612
64.0,239.0,1005.1708984375,1.5387374172758588,3.0630905424895096,-0.2761169812147975,3.539551483750204,-0.0710913967583387,1.0864629386437223,1.0432566156141505,0.0406253156605319,3.3703392304127733,1.6847979903288934
64.0,239.0,1004.3433227539062,1.5246637626108075,2.588764633984187,-0.2247483509817702,3.541791433209113,-0.2094105942329443,0.0900981966808316,1.4472220790014578,0.3634141441016041,3.275517642189521,1.677631713184814
64.0,239.0,1006.2902221679688,-0.4251081873792355,3.285807122763265,-0.1892787533432827,2.527234148491948,-0.6010386156964528,0.6565171337625719,1.76275366174798,-0.0125229395337214,3.152359389102193,1.536172754489335
64.0,239.0,1002.565185546875,0.5472914493255665,3.366882117201061,1.3060013984334584,1.9325170226020087,-1.0074251950736448,0.7432223534795421,1.6951969237110474,0.1334456915648295,3.316198941140461,1.659375229627378
64.0,239.0,1006.7476806640624,1.3783292661069166,2.227281756843792,0.7486796121921748,2.3676098445669496,-0.4352187250238886,0.1295667694666509,1.2582478032152908,0.9678886220425788,1.546052822985894,1.7088008776725607
64.0,239.0,1003.6841430664062,1.5264166200797986,3.063097861613356,-0.215819897253269,3.5490497273888275,-0.2048867388282806,1.0826619122252867,1.0511392207255632,-0.0170243374408754,3.2973942147249127,1.6821927523441609
64.0,239.0,1004.9850463867188,0.6143587211329081,3.6385777878302688,1.866782871449317,2.68567229671642,-0.0190286631641586,0.5847002488156035,1.759170199056142,0.7876675185527418,3.289135321111209,1.695106697781342
64.0,239.0,1006.3912353515624,1.0823124156003283,3.145532408020725,0.0937498638335725,4.3492484902596935,-0.983369492477124,0.3045399617600217,1.0355153888892177,-0.6035785196627739,3.47882371336145,1.9749920545649893
64.0,239.0,1003.7677001953124,0.9753379059727132,3.027481911426474,0.8914709442373026,3.6385006360362526,-0.1936568623912141,0.9354252219936228,1.0515023454212475,1.5844169383747184,3.3013099988549235,1.6821957420369034
64.0,239.0,1005.7315063476562,1.5396689441273124,3.0386942734840274,0.0727790596694881,3.99653790662412,-0.2180394714265182,1.1227822176659112,0.9898665587735348,-0.0161734394273001,3.292559616599718,1.7283088665121291
64.0,239.0,1005.9786376953124,1.1755166225902458,3.0139295819900664,-0.2417305383366287,3.616814653335077,-0.2729520402836232,1.8592848557108288,1.1177652924446315,0.1211451494947978,3.912459696901169,2.2316448068592054
64.0,239.0,1004.7403564453124,0.4804166552562906,3.142058809388116,-0.507253232726782,3.78275224637308,-0.5671588827166028,1.1261544357254607,1.4122039073154182,0.5007209311294231,3.503301094810195,1.926829920271378
64.0,239.0,1004.5214233398438,1.3925082887281215,3.065088985864282,-0.1686798461004562,2.4937664364779137,-0.2246521629870259,1.0573601922845028,1.0844478999456344,-0.8866334099558765,3.2654268773896447,1.6563374701400866
64.0,239.0,1006.101806640625,1.5145614614356997,2.994643314133276,-0.4385238738008652,2.6498988515969346,-0.2204737755628775,1.1219320992016055,0.99350013477897,-0.0190371027451072,3.134156782158529,1.6797391789481235
64.0,239.0,1005.5848999023438,-0.4976473021030942,3.419951677935696,-0.3086301958483286,3.870154605804175,-1.1699164176837953,1.6993185462984577,0.8701808901365833,0.0028869377323087,3.427754210534899,1.6924904654891433
64.0,239.0,1004.2504272460938,-0.8223529424704155,2.825127807401638,-0.323922086313651,1.937577607926971,-0.7880478165526897,-0.5658922756132105,1.2049866790758093,0.2624683225465503,3.2458834880441487,0.9881096602322688
64.0,239.0,1004.8351440429688,0.383266327892847,3.526047267809437,-0.0464641811751654,3.441002486581674,0.4622121063248139,0.764653895575856,1.4226068635485682,-0.4876738443664548,3.654568720914268,1.5945743322906956
64.0,240.0,1004.6443481445312,0.6900176227674764,3.063074350782302,-0.3302721781170479,3.0126561550720083,-0.1976159951512532,1.5970259768578052,1.2511792713171723,-0.0167520924344081,3.4265898532482377,1.5636003792452855
64.0,240.0,1004.2421264648438,1.1090451639676264,3.063170278295987,-0.1754780434512142,3.5433184929382966,-0.1568456031498367,1.0766389807596008,1.0528787249669178,-0.0171620058962041,3.1145081813601543,1.5893554756452115
64.0,240.0,1005.7791137695312,0.6317410114373033,3.3821840388898674,-0.6555082762858517,1.8304964441013163,0.265419887632873,0.7751960162999161,1.243165064585624,-0.3543464243561521,3.598221077351875,1.5754946386202904
64.0,240.0,1005.7072143554688,1.6491448804843336,2.9104453120023,-0.2376035463302053,3.615676320374159,-0.5459213406507523,1.0802436756395946,1.0229389087533642,-0.0226071327225542,3.134768809825729,1.4551102740604491
64.0,240.0,1005.2555541992188,-0.5037094802039921,3.707585390221884,-0.3280569768488796,3.321070462527059,0.979043172621886,-0.4155761280008436,0.9565504599200948,0.2951346271246178,3.295787014291044,2.1819067114242974
64.0,240.0,1005.51806640625,-0.40218204349395,2.9611396568649364,0.6762820959727607,3.216420950245242,-1.6087780174255435,1.486703313514423,0.3728051189080725,0.4352597544671966,2.6224629239329085,1.7656766646614763
64.0,240.0,1006.2119140625,0.4893625390202833,1.7795423029239368,-0.2283334970089545,3.1277989280704825,0.4981169607027755,1.141197769335064,2.5146578201478693,1.975507430672696,4.311031517865723,2.0922100116751228
64.0,240.0,1005.1494140625,1.4267671879387,2.82151791963309,-0.2050135975394147,3.599402345635524,-0.212234014229664,1.0699343377498252,1.054124327480299,-0.0348381047181509,3.2384919490320403,1.683330061310487
64.0,240.0,1005.474853515625,1.5026949966969567,4.303640589644998,0.0467183102294996,3.508585978273294,-0.276222544546385,1.2632585220760255,0.9839023829757484,0.4548566034085533,3.319979299343642,1.681623450852277
64.0,240.0,1004.5355224609376,-0.2067583177486083,2.156645823399848,1.1237471826284795,3.780946817479548,-0.5114493991580722,1.3470285072754011,1.5426076556614716,0.9251629364195506,3.6326501297850458,1.193605314089168
64.0,240.0,1004.0458984375,0.6627964073101363,1.902544155917261,1.7356517264199556,1.1276967507837976,-0.9532319298265536,0.6325625002596181,1.4181961809212862,1.2571856093798428,3.247627624338968,0.7396376473821458
64.0,240.0,1004.7117919921876,0.4052530103725722,2.862964791291889,1.0244185980793992,1.6185629550949447,0.0861167524434486,0.806110362194968,0.5149989619430992,0.0762824622613271,3.306353246449835,1.6419964791765842
64.0,240.0,1005.585205078125,1.4441076734521072,3.066111509674269,0.0067028297138759,3.194813058276394,-0.2495793018936137,1.1591742150332562,1.047291772061316,-0.0635626710663064,3.2934046480925203,1.7277033081006632
64.0,240.0,1004.95849609375,0.9162956780313632,2.1247201074083826,0.0379144096914144,3.0493734156772465,-0.204541723945408,1.0866278545155783,1.081534562537653,-0.1426858802547873,2.5531626479271203,1.6834925846586402
64.0,240.0,1003.9569702148438,0.448016906340041,3.105722986450256,0.8138035866923863,3.0955404770734902,0.2620725015799733,1.6869868466778326,0.0600023277914734,0.2622416693067444,3.1208073658522064,1.5478276998793208
64.0,240.0,1005.9080810546876,1.0513515896295955,3.0324479004866207,-0.1399893757068982,2.5909601277576697,-0.1207554487964864,2.5126882206643253,1.1607896320933913,0.180815057255496,3.251736532375584,2.58552590355996
64.0,240.0,1005.7649536132812,0.2825466944237913,3.223371955913502,-1.130107795435179,3.475165291581171,-1.048330892200188,0.6773142097574366,1.7224453178602437,-0.0116344510771347,2.978858171781275,1.664112733334867
64.0,240.0,1003.8233642578124,1.028523366259821,3.0628461474330293,-0.3204188298828894,3.0167776901382988,0.2647472536681213,1.306874930918926,0.9514498344110252,-0.5399432597472117,3.348110656193866,0.8965220619264871
64.0,240.0,1006.2741088867188,1.643031542836416,3.606370926934152,-0.6934784640503268,3.544777025413626,-0.1168117638030309,0.939111865717292,1.235370936060419,0.8014975999324441,3.270795648100955,1.6707495569788469
64.0,240.0,1005.4312744140624,1.3627715738376884,3.076635121501396,-0.2203183241854567,3.1897560510402903,-0.4507563945197057,1.1522013466208365,1.072078304572779,-0.0715777010715543,3.2997649430028133,1.6650114468654638
64.0,240.0,1006.1286010742188,1.5630251164579407,3.034072154337606,-0.2144607478813976,3.3747890166807086,-0.1840946200972616,1.0834848120091078,1.505132191142844,0.0986427251527393,3.2971237436003165,1.6407078622033984
64.0,240.0,1004.8368530273438,-0.0192859539180938,3.1458012448024646,-0.4052589456220559,3.5837623621294377,-0.4446218579421889,1.004306573519272,1.0674916208430016,-0.1473208806064043,4.659302750457305,1.266183010783346
64.0,240.0,1005.0035400390624,1.488088734200528,3.2964916798764268,-0.081613556681665,3.4931910742310563,-0.4795947022471148,1.19443031097595,1.5983254058784726,0.3030366300005376,3.1093375136026897,1.3517079212642986
64.0,240.0,1005.59716796875,0.8422960777773174,3.0348209215701183,-0.2311176520887816,3.530445462000517,0.731073415144617,1.0838871087870037,1.0526527931079228,-0.2789778063184201,3.525442996103043,1.9314441196361605
64.0,240.0,1005.1682739257812,0.4758226699530498,2.725912301651685,-0.0230184400084026,3.5041163169939864,-0.2839688026094656,0.98246182909671,0.7814411067738086,0.0567855685067581,3.2908997596538847,1.3640380101297185
64.0,240.0,1004.932861328125,1.5796322669745138,2.974669102036052,-0.2759972217390695,3.567574034001228,-0.2093543612178015,1.4940440693796724,1.055340177568717,-0.0056815911348413,3.322450316094878,2.2801882162059304
64.0,240.0,1004.5557861328124,1.021039932157859,3.115921688963008,1.0019107446718256,2.234313345165861,-1.2644187944951404,0.667371423970712,1.2297919770831705,0.8270215697473942,3.348214809893935,1.7947175164238944
64.0,240.0,1005.9476318359376,0.0416259073064684,3.056620648095169,0.9059087932371556,3.541676985417584,-0.4558259587305865,-0.3150494321593007,1.05123482986649,-0.0994281152615595,3.238383279985208,1.6565234082160285
64.0,240.0,1005.81201171875,1.0493680198447488,3.1481788145602274,-0.3742052874168526,1.7340138049668434,0.0318673716322229,0.8640905123034281,1.2404658485720614,-0.0193011184880681,2.7865877149951315,1.7316496760128115
64.0,240.0,1004.924560546875,1.3902787656971398,3.2388825019148166,-0.206591284257351,2.6835356447268124,-0.2393013169250669,1.0825663808182378,0.7880722208517016,0.1086941866441624,3.760609960660497,1.5499190461382142
64.0,240.0,1003.884033203125,1.1425112649696187,3.065090117718845,0.592860107788608,2.8071972518327133,0.2549808842303713,0.7688590957311772,1.1434486482266086,0.1774592781213724,3.2904317271738885,1.6652367097735672
64.0,240.0,1004.8756713867188,1.803103039357084,3.04969122379482,-0.2380855070972431,3.544222673085715,-0.3675432124331079,1.0049334701620785,1.0915745130618049,-0.0166428366782459,3.286393579044508,1.7128181502425668
64.0,240.0,1005.5949096679688,1.065741447403239,3.566321993171797,-0.1722097588879127,3.335195644635442,0.4153135222526197,1.6432684793938577,1.2308026718224587,0.3065238812510272,3.32453208933479,1.4181087479272612
64.0,240.0,1005.1708984375,1.5387374172758588,3.0630905424895096,-0.2761169812147975,3.539551483750204,-0.0710913967583387,1.0864629386437223,1.0432566156141505,0.0406253156605319,3.3703392304127733,1.6847979903288934
64.0,240.0,1004.3433227539062,1.5246637626108075,2.588764633984187,-0.2247483509817702,3.541791433209113,-0.2094105942329443,0.0900981966808316,1.4472220790014578,0.3634141441016041,3.275517642189521,1.677631713184814
64.0,240.0,1006.2902221679688,-0.4251081873792355,3.285807122763265,-0.1892787533432827,2.527234148491948,-0.6010386156964528,0.6565171337625719,1.76275366174798,-0.0125229395337214,3.152359389102193,1.536172754489335
64.0,240.0,1002.565185546875,0.5472914493255665,3.366882117201061,1.3060013984334584,1.9325170226020087,-1.0074251950736448,0.7432223534795421,1.6951969237110474,0.1334456915648295,3.316198941140461,1.659375229627378
64.0,240.0,1006.7476806640624,1.3783292661069166,2.227281756843792,0.7486796121921748,2.3676098445669496,-0.4352187250238886,0.1295667694666509,1.2582478032152908,0.9678886220425788,1.546052822985894,1.7088008776725607
64.0,240.0,1003.6841430664062,1.5264166200797986,3.063097861613356,-0.215819897253269,3.5490497273888275,-0.2048867388282806,1.0826619122252867,1.0511392207255632,-0.0170243374408754,3.2973942147249127,1.6821927523441609
64.0,240.0,1004.9850463867188,0.6143587211329081,3.6385777878302688,1.866782871449317,2.68567229671642,-0.0190286631641586,0.5847002488156035,1.759170199056142,0.7876675185527418,3.289135321111209,1.695106697781342
64.0,240.0,1006.3912353515624,1.0823124156003283,3.145532408020725,0.0937498638335725,4.3492484902596935,-0.983369492477124,0.3045399617600217,1.0355153888892177,-0.6035785196627739,3.47882371336145,1.9749920545649893
64.0,240.0,1003.7677001953124,0.9753379059727132,3.027481911426474,0.8914709442373026,3.6385006360362526,-0.1936568623912141,0.9354252219936228,1.0515023454212475,1.5844169383747184,3.3013099988549235,1.6821957420369034
64.0,240.0,1005.7315063476562,1.5396689441273124,3.0386942734840274,0.0727790596694881,3.99653790662412,-0.2180394714265182,1.1227822176659112,0.9898665587735348,-0.0161734394273001,3.292559616599718,1.7283088665121291
64.0,240.0,1005.9786376953124,1.1755166225902458,3.0139295819900664,-0.2417305383366287,3.616814653335077,-0.2729520402836232,1.8592848557108288,1.1177652924446315,0.1211451494947978,3.912459696901169,2.2316448068592054
64.0,240.0,1004.7403564453124,0.4804166552562906,3.142058809388116,-0.507253232726782,3.78275224637308,-0.5671588827166028,1.1261544357254607,1.4122039073154182,0.5007209311294231,3.503301094810195,1.926829920271378
64.0,240.0,1004.5214233398438,1.3925082887281215,3.065088985864282,-0.1686798461004562,2.4937664364779137,-0.2246521629870259,1.0573601922845028,1.0844478999456344,-0.8866334099558765,3.2654268773896447,1.6563374701400866
64.0,240.0,1006.101806640625,1.5145614614356997,2.994643314133276,-0.4385238738008652,2.6498988515969346,-0.2204737755628775,1.1219320992016055,0.99350013477897,-0.0190371027451072,3.134156782158529,1.6797391789481235
64.0,240.0,1005.5848999023438,-0.4976473021030942,3.419951677935696,-0.3086301958483286,3.870154605804175,-1.1699164176837953,1.6993185462984577,0.8701808901365833,0.0028869377323087,3.427754210534899,1.6924904654891433
64.0,240.0,1004.2504272460938,-0.8223529424704155,2.825127807401638,-0.323922086313651,1.937577607926971,-0.7880478165526897,-0.5658922756132105,1.2049866790758093,0.2624683225465503,3.2458834880441487,0.9881096602322688
64.0,240.0,1004.8351440429688,0.383266327892847,3.526047267809437,-0.0464641811751654,3.441002486581674,0.4622121063248139,0.764653895575856,1.4226068635485682,-0.4876738443664548,3.654568720914268,1.5945743322906956
64.0,241.0,1004.6443481445312,0.6900176227674764,3.063074350782302,-0.3302721781170479,3.0126561550720083,-0.1976159951512532,1.5970259768578052,1.2511792713171723,-0.0167520924344081,3.4265898532482377,1.5636003792452855
64.0,241.0,1004.2421264648438,1.1090451639676264,3.063170278295987,-0.1754780434512142,3.5433184929382966,-0.1568456031498367,1.0766389807596008,1.0528787249669178,-0.0171620058962041,3.1145081813601543,1.5893554756452115
64.0,241.0,1005.7791137695312,0.6317410114373033,3.3821840388898674,-0.6555082762858517,1.8304964441013163,0.265419887632873,0.7751960162999161,1.243165064585624,-0.3543464243561521,3.598221077351875,1.5754946386202904
64.0,241.0,1005.7072143554688,1.6491448804843336,2.9104453120023,-0.2376035463302053,3.615676320374159,-0.5459213406507523,1.0802436756395946,1.0229389087533642,-0.0226071327225542,3.134768809825729,1.4551102740604491
64.0,241.0,1005.2555541992188,-0.5037094802039921,3.707585390221884,-0.3280569768488796,3.321070462527059,0.979043172621886,-0.4155761280008436,0.9565504599200948,0.2951346271246178,3.295787014291044,2.1819067114242974
64.0,241.0,1005.51806640625,-0.40218204349395,2.9611396568649364,0.6762820959727607,3.216420950245242,-1.6087780174255435,1.486703313514423,0.3728051189080725,0.4352597544671966,2.6224629239329085,1.7656766646614763
64.0,241.0,1006.2119140625,0.4893625390202833,1.7795423029239368,-0.2283334970089545,3.1277989280704825,0.4981169607027755,1.141197769335064,2.5146578201478693,1.975507430672696,4.311031517865723,2.0922100116751228
64.0,241.0,1005.1494140625,1.4267671879387,2.82151791963309,-0.2050135975394147,3.599402345635524,-0.212234014229664,1.0699343377498252,1.054124327480299,-0.0348381047181509,3.2384919490320403,1.683330061310487
64.0,241.0,1005.474853515625,1.5026949966969567,4.303640589644998,0.0467183102294996,3.508585978273294,-0.276222544546385,1.2632585220760255,0.9839023829757484,0.4548566034085533,3.319979299343642,1.681623450852277
64.0,241.0,1004.5355224609376,-0.2067583177486083,2.156645823399848,1.1237471826284795,3.780946817479548,-0.5114493991580722,1.3470285072754011,1.5426076556614716,0.9251629364195506,3.6326501297850458,1.193605314089168
64.0,241.0,1004.0458984375,0.6627964073101363,1.902544155917261,1.7356517264199556,1.1276967507837976,-0.9532319298265536,0.6325625002596181,1.4181961809212862,1.2571856093798428,3.247627624338968,0.7396376473821458
64.0,241.0,1004.7117919921876,0.4052530103725722,2.862964791291889,1.0244185980793992,1.6185629550949447,0.0861167524434486,0.806110362194968,0.5149989619430992,0.0762824622613271,3.306353246449835,1.6419964791765842
64.0,241.0,1005.585205078125,1.4441076734521072,3.066111509674269,0.0067028297138759,3.194813058276394,-0.2495793018936137,1.1591742150332562,1.047291772061316,-0.0635626710663064,3.2934046480925203,1.7277033081006632
64.0,241.0,1004.95849609375,0.9162956780313632,2.1247201074083826,0.0379144096914144,3.0493734156772465,-0.204541723945408,1.0866278545155783,1.081534562537653,-0.1426858802547873,2.5531626479271203,1.6834925846586402
64.0,241.0,1003.9569702148438,0.448016906340041,3.105722986450256,0.8138035866923863,3.0955404770734902,0.2620725015799733,1.6869868466778326,0.0600023277914734,0.2622416693067444,3.1208073658522064,1.5478276998793208
64.0,241.0,1005.9080810546876,1.0513515896295955,3.0324479004866207,-0.1399893757068982,2.5909601277576697,-0.1207554487964864,2.5126882206643253,1.1607896320933913,0.180815057255496,3.251736532375584,2.58552590355996
64.0,241.0,1005.7649536132812,0.2825466944237913,3.223371955913502,-1.130107795435179,3.475165291581171,-1.048330892200188,0.6773142097574366,1.7224453178602437,-0.0116344510771347,2.978858171781275,1.664112733334867
64.0,241.0,1003.8233642578124,1.028523366259821,3.0628461474330293,-0.3204188298828894,3.0167776901382988,0.2647472536681213,1.306874930918926,0.9514498344110252,-0.5399432597472117,3.348110656193866,0.8965220619264871
64.0,241.0,1006.2741088867188,1.643031542836416,3.606370926934152,-0.6934784640503268,3.544777025413626,-0.1168117638030309,0.939111865717292,1.235370936060419,0.8014975999324441,3.270795648100955,1.6707495569788469
64.0,241.0,1005.4312744140624,1.3627715738376884,3.076635121501396,-0.2203183241854567,3.1897560510402903,-0.4507563945197057,1.1522013466208365,1.072078304572779,-0.0715777010715543,3.2997649430028133,1.6650114468654638
64.0,241.0,1006.1286010742188,1.5630251164579407,3.034072154337606,-0.2144607478813976,3.3747890166807086,-0.1840946200972616,1.0834848120091078,1.505132191142844,0.0986427251527393,3.2971237436003165,1.6407078622033984
64.0,241.0,1004.8368530273438,-0.0192859539180938,3.1458012448024646,-0.4052589456220559,3.5837623621294377,-0.4446218579421889,1.004306573519272,1.0674916208430016,-0.1473208806064043,4.659302750457305,1.266183010783346
64.0,241.0,1005.0035400390624,1.488088734200528,3.2964916798764268,-0.081613556681665,3.4931910742310563,-0.4795947022471148,1.19443031097595,1.5983254058784726,0.3030366300005376,3.1093375136026897,1.3517079212642986
64.0,241.0,1005.59716796875,0.8422960777773174,3.0348209215701183,-0.2311176520887816,3.530445462000517,0.731073415144617,1.0838871087870037,1.0526527931079228,-0.2789778063184201,3.525442996103043,1.9314441196361605
64.0,241.0,1005.1682739257812,0.4758226699530498,2.725912301651685,-0.0230184400084026,3.5041163169939864,-0.2839688026094656,0.98246182909671,0.7814411067738086,0.0567855685067581,3.2908997596538847,1.3640380101297185
64.0,241.0,1004.932861328125,1.5796322669745138,2.974669102036052,-0.2759972217390695,3.567574034001228,-0.2093543612178015,1.4940440693796724,1.055340177568717,-0.0056815911348413,3.322450316094878,2.2801882162059304
64.0,241.0,1004.5557861328124,1.021039932157859,3.115921688963008,1.0019107446718256,2.234313345165861,-1.2644187944951404,0.667371423970712,1.2297919770831705,0.8270215697473942,3.348214809893935,1.7947175164238944
64.0,241.0,1005.9476318359376,0.0416259073064684,3.056620648095169,0.9059087932371556,3.541676985417584,-0.4558259587305865,-0.3150494321593007,1.05123482986649,-0.0994281152615595,3.238383279985208,1.6565234082160285
64.0,241.0,1005.81201171875,1.0493680198447488,3.1481788145602274,-0.3742052874168526,1.7340138049668434,0.0318673716322229,0.8640905123034281,1.2404658485720614,-0.0193011184880681,2.7865877149951315,1.7316496760128115
64.0,241.0,1004.924560546875,1.3902787656971398,3.2388825019148166,-0.206591284257351,2.6835356447268124,-0.2393013169250669,1.0825663808182378,0.7880722208517016,0.1086941866441624,3.760609960660497,1.5499190461382142
64.0,241.0,1003.884033203125,1.1425112649696187,3.065090117718845,0.592860107788608,2.8071972518327133,0.2549808842303713,0.7688590957311772,1.1434486482266086,0.1774592781213724,3.2904317271738885,1.6652367097735672
64.0,241.0,1004.8756713867188,1.803103039357084,3.04969122379482,-0.2380855070972431,3.544222673085715,-0.3675432124331079,1.0049334701620785,1.0915745130618049,-0.0166428366782459,3.286393579044508,1.7128181502425668
64.0,241.0,1005.5949096679688,1.065741447403239,3.566321993171797,-0.1722097588879127,3.335195644635442,0.4153135222526197,1.6432684793938577,1.2308026718224587,0.3065238812510272,3.32453208933479,1.4181087479272612
64.0,241.0,1005.1708984375,1.5387374172758588,3.0630905424895096,-0.2761169812147975,3.539551483750204,-0.0710913967583387,1.0864629386437223,1.0432566156141505,0.0406253156605319,3.3703392304127733,1.6847979903288934
64.0,241.0,1004.3433227539062,1.5246637626108075,2.588764633984187,-0.2247483509817702,3.541791433209113,-0.2094105942329443,0.0900981966808316,1.4472220790014578,0.3634141441016041,3.275517642189521,1.677631713184814
64.0,241.0,1006.2902221679688,-0.4251081873792355,3.285807122763265,-0.1892787533432827,2.527234148491948,-0.6010386156964528,0.6565171337625719,1.76275366174798,-0.0125229395337214,3.152359389102193,1.536172754489335
64.0,241.0,1002.565185546875,0.5472914493255665,3.366882117201061,1.3060013984334584,1.9325170226020087,-1.0074251950736448,0.7432223534795421,1.6951969237110474,0.1334456915648295,3.316198941140461,1.659375229627378
64.0,241.0,1006.7476806640624,1.3783292661069166,2.227281756843792,0.7486796121921748,2.3676098445669496,-0.4352187250238886,0.1295667694666509,1.2582478032152908,0.9678886220425788,1.546052822985894,1.7088008776725607
64.0,241.0,1003.6841430664062,1.5264166200797986,3.063097861613356,-0.215819897253269,3.5490497273888275,-0.2048867388282806,1.0826619122252867,1.0511392207255632,-0.0170243374408754,3.2973942147249127,1.6821927523441609
64.0,241.0,1004.9850463867188,0.6143587211329081,3.6385777878302688,1.866782871449317,2.68567229671642,-0.0190286631641586,0.5847002488156035,1.759170199056142,0.7876675185527418,3.289135321111209,1.695106697781342
64.0,241.0,1006.3912353515624,1.0823124156003283,3.145532408020725,0.0937498638335725,4.3492484902596935,-0.983369492477124,0.3045399617600217,1.0355153888892177,-0.6035785196627739,3.47882371336145,1.9749920545649893
64.0,241.0,1003.7677001953124,0.9753379059727132,3.027481911426474,0.8914709442373026,3.6385006360362526,-0.1936568623912141,0.9354252219936228,1.0515023454212475,1.5844169383747184,3.3013099988549235,1.6821957420369034
64.0,241.0,1005.7315063476562,1.5396689441273124,3.0386942734840274,0.0727790596694881,3.99653790662412,-0.2180394714265182,1.1227822176659112,0.9898665587735348,-0.0161734394273001,3.292559616599718,1.7283088665121291
64.0,241.0,1005.9786376953124,1.1755166225902458,3.0139295819900664,-0.2417305383366287,3.616814653335077,-0.2729520402836232,1.8592848557108288,1.1177652924446315,0.1211451494947978,3.912459696901169,2.2316448068592054
64.0,241.0,1004.7403564453124,0.4804166552562906,3.142058809388116,-0.507253232726782,3.78275224637308,-0.5671588827166028,1.1261544357254607,1.4122039073154182,0.5007209311294231,3.503301094810195,1.926829920271378
64.0,241.0,1004.5214233398438,1.3925082887281215,3.065088985864282,-0.1686798461004562,2.4937664364779137,-0.2246521629870259,1.0573601922845028,1.0844478999456344,-0.8866334099558765,3.2654268773896447,1.6563374701400866
64.0,241.0,1006.101806640625,1.5145614614356997,2.994643314133276,-0.4385238738008652,2.6498988515969346,-0.2204737755628775,1.1219320992016055,0.99350013477897,-0.0190371027451072,3.134156782158529,1.6797391789481235
64.0,241.0,1005.5848999023438,-0.4976473021030942,3.419951677935696,-0.3086301958483286,3.870154605804175,-1.1699164176837953,1.6993185462984577,0.8701808901365833,0.0028869377323087,3.427754210534899,1.6924904654891433
64.0,241.0,1004.2504272460938,-0.8223529424704155,2.825127807401638,-0.323922086313651,1.937577607926971,-0.7880478165526897,-0.5658922756132105,1.2049866790758093,0.2624683225465503,3.2458834880441487,0.9881096602322688
64.0,241.0,1004.8351440429688,0.383266327892847,3.526047267809437,-0.0464641811751654,3.441002486581674,0.4622121063248139,0.764653895575856,1.4226068635485682,-0.4876738443664548,3.654568720914268,1.5945743322906956
64.0,242.0,1004.6443481445312,0.6900176227674764,3.063074350782302,-0.3302721781170479,3.0126561550720083,-0.1976159951512532,1.5970259768578052,1.2511792713171723,-0.0167520924344081,3.4265898532482377,1.5636003792452855
64.0,242.0,1004.2421264648438,1.1090451639676264,3.063170278295987,-0.1754780434512142,3.5433184929382966,-0.1568456031498367,1.0766389807596008,1.0528787249669178,-0.0171620058962041,3.1145081813601543,1.5893554756452115
64.0,242.0,1005.7791137695312,0.6317410114373033,3.3821840388898674,-0.6555082762858517,1.8304964441013163,0.265419887632873,0.7751960162999161,1.243165064585624,-0.3543464243561521,3.598221077351875,1.5754946386202904
64.0,242.0,1005.7072143554688,1.6491448804843336,2.9104453120023,-0.2376035463302053,3.615676320374159,-0.5459213406507523,1.0802436756395946,1.0229389087533642,-0.0226071327225542,3.134768809825729,1.4551102740604491
64.0,242.0,1005.2555541992188,-0.5037094802039921,3.707585390221884,-0.3280569768488796,3.321070462527059,0.979043172621886,-0.4155761280008436,0.9565504599200948,0.2951346271246178,3.295787014291044,2.1819067114242974
64.0,242.0,1005.51806640625,-0.40218204349395,2.9611396568649364,0.6762820959727607,3.216420950245242,-1.6087780174255435,1.486703313514423,0.3728051189080725,0.4352597544671966,2.6224629239329085,1.7656766646614763
64.0,242.0,1006.2119140625,0.4893625390202833,1.7795423029239368,-0.2283334970089545,3.1277989280704825,0.4981169607027755,1.141197769335064,2.5146578201478693,1.975507430672696,4.311031517865723,2.0922100116751228
64.0,242.0,1005.1494140625,1.4267671879387,2.82151791963309,-0.2050135975394147,3.599402345635524,-0.212234014229664,1.0699343377498252,1.054124327480299,-0.0348381047181509,3.2384919490320403,1.683330061310487
64.0,242.0,1005.474853515625,1.5026949966969567,4.303640589644998,0.0467183102294996,3.508585978273294,-0.276222544546385,1.2632585220760255,0.9839023829757484,0.4548566034085533,3.319979299343642,1.681623450852277
64.0,242.0,1004.5355224609376,-0.2067583177486083,2.156645823399848,1.1237471826284795,3.780946817479548,-0.5114493991580722,1.3470285072754011,1.5426076556614716,0.9251629364195506,3.6326501297850458,1.193605314089168
64.0,242.0,1004.0458984375,0.6627964073101363,1.902544155917261,1.7356517264199556,1.1276967507837976,-0.9532319298265536,0.6325625002596181,1.4181961809212862,1.2571856093798428,3.247627624338968,0.7396376473821458
64.0,242.0,1004.7117919921876,0.4052530103725722,2.862964791291889,1.0244185980793992,1.6185629550949447,0.0861167524434486,0.806110362194968,0.5149989619430992,0.0762824622613271,3.306353246449835,1.6419964791765842
64.0,242.0,1005.585205078125,1.4441076734521072,3.066111509674269,0.0067028297138759,3.194813058276394,-0.2495793018936137,1.1591742150332562,1.047291772061316,-0.0635626710663064,3.2934046480925203,1.7277033081006632
64.0,242.0,1004.95849609375,0.9162956780313632,2.1247201074083826,0.0379144096914144,3.0493734156772465,-0.204541723945408,1.0866278545155783,1.081534562537653,-0.1426858802547873,2.5531626479271203,1.6834925846586402
64.0,242.0,1003.9569702148438,0.448016906340041,3.105722986450256,0.8138035866923863,3.0955404770734902,0.2620725015799733,1.6869868466778326,0.0600023277914734,0.2622416693067444,3.1208073658522064,1.5478276998793208
64.0,242.0,1005.9080810546876,1.0513515896295955,3.0324479004866207,-0.1399893757068982,2.5909601277576697,-0.1207554487964864,2.5126882206643253,1.1607896320933913,0.180815057255496,3.251736532375584,2.58552590355996
64.0,242.0,1005.7649536132812,0.2825466944237913,3.223371955913502,-1.130107795435179,3.475165291581171,-1.048330892200188,0.6773142097574366,1.7224453178602437,-0.0116344510771347,2.978858171781275,1.664112733334867
64.0,242.0,1003.8233642578124,1.028523366259821,3.0628461474330293,-0.3204188298828894,3.0167776901382988,0.2647472536681213,1.306874930918926,0.9514498344110252,-0.5399432597472117,3.348110656193866,0.8965220619264871
64.0,242.0,1006.2741088867188,1.643031542836416,3.606370926934152,-0.6934784640503268,3.544777025413626,-0.1168117638030309,0.939111865717292,1.235370936060419,0.8014975999324441,3.270795648100955,1.6707495569788469
64.0,242.0,1005.4312744140624,1.3627715738376884,3.076635121501396,-0.2203183241854567,3.1897560510402903,-0.4507563945197057,1.1522013466208365,1.072078304572779,-0.0715777010715543,3.2997649430028133,1.6650114468654638
64.0,242.0,1006.1286010742188,1.5630251164579407,3.034072154337606,-0.2144607478813976,3.3747890166807086,-0.1840946200972616,1.0834848120091078,1.505132191142844,0.0986427251527393,3.2971237436003165,1.6407078622033984
64.0,242.0,1004.8368530273438,-0.0192859539180938,3.1458012448024646,-0.4052589456220559,3.5837623621294377,-0.4446218579421889,1.004306573519272,1.0674916208430016,-0.1473208806064043,4.659302750457305,1.266183010783346
64.0,242.0,1005.0035400390624,1.488088734200528,3.2964916798764268,-0.081613556681665,3.4931910742310563,-0.4795947022471148,1.19443031097595,1.5983254058784726,0.3030366300005376,3.1093375136026897,1.3517079212642986
64.0,242.0,1005.59716796875,0.8422960777773174,3.0348209215701183,-0.2311176520887816,3.530445462000517,0.731073415144617,1.0838871087870037,1.0526527931079228,-0.2789778063184201,3.525442996103043,1.9314441196361605
64.0,242.0,1005.1682739257812,0.4758226699530498,2.725912301651685,-0.0230184400084026,3.5041163169939864,-0.2839688026094656,0.98246182909671,0.7814411067738086,0.0567855685067581,3.2908997596538847,1.3640380101297185
64.0,242.0,1004.932861328125,1.5796322669745138,2.974669102036052,-0.2759972217390695,3.567574034001228,-0.2093543612178015,1.4940440693796724,1.055340177568717,-0.0056815911348413,3.322450316094878,2.2801882162059304
64.0,242.0,1004.5557861328124,1.021039932157859,3.115921688963008,1.0019107446718256,2.234313345165861,-1.2644187944951404,0.667371423970712,1.2297919770831705,0.8270215697473942,3.348214809893935,1.7947175164238944
64.0,242.0,1005.9476318359376,0.0416259073064684,3.056620648095169,0.9059087932371556,3.541676985417584,-0.4558259587305865,-0.3150494321593007,1.05123482986649,-0.0994281152615595,3.238383279985208,1.6565234082160285
64.0,242.0,1005.81201171875,1.0493680198447488,3.1481788145602274,-0.3742052874168526,1.7340138049668434,0.0318673716322229,0.8640905123034281,1.2404658485720614,-0.0193011184880681,2.7865877149951315,1.7316496760128115
64.0,242.0,1004.924560546875,1.3902787656971398,3.2388825019148166,-0.206591284257351,2.6835356447268124,-0.2393013169250669,1.0825663808182378,0.7880722208517016,0.1086941866441624,3.760609960660497,1.5499190461382142
64.0,242.0,1003.884033203125,1.1425112649696187,3.065090117718845,0.592860107788608,2.8071972518327133,0.2549808842303713,0.7688590957311772,1.1434486482266086,0.1774592781213724,3.2904317271738885,1.6652367097735672
64.0,242.0,1004.8756713867188,1.803103039357084,3.04969122379482,-0.2380855070972431,3.544222673085715,-0.3675432124331079,1.0049334701620785,1.0915745130618049,-0.0166428366782459,3.286393579044508,1.7128181502425668
64.0,242.0,1005.5949096679688,1.065741447403239,3.566321993171797,-0.1722097588879127,3.335195644635442,0.4153135222526197,1.6432684793938577,1.2308026718224587,0.3065238812510272,3.32453208933479,1.4181087479272612
64.0,242.0,1005.1708984375,1.5387374172758588,3.0630905424895096,-0.2761169812147975,3.539551483750204,-0.0710913967583387,1.0864629386437223,1.0432566156141505,0.0406253156605319,3.3703392304127733,1.6847979903288934
64.0,242.0,1004.3433227539062,1.5246637626108075,2.588764633984187,-0.2247483509817702,3.541791433209113,-0.2094105942329443,0.0900981966808316,1.4472220790014578,0.3634141441016041,3.275517642189521,1.677631713184814
64.0,242.0,1006.2902221679688,-0.4251081873792355,3.285807122763265,-0.1892787533432827,2.527234148491948,-0.6010386156964528,0.6565171337625719,1.76275366174798,-0.0125229395337214,3.152359389102193,1.536172754489335
64.0,242.0,1002.565185546875,0.5472914493255665,3.366882117201061,1.3060013984334584,1.9325170226020087,-1.0074251950736448,0.7432223534795421,1.6951969237110474,0.1334456915648295,3.316198941140461,1.659375229627378
64.0,242.0,1006.7476806640624,1.3783292661069166,2.227281756843792,0.7486796121921748,2.3676098445669496,-0.4352187250238886,0.1295667694666509,1.2582478032152908,0.9678886220425788,1.546052822985894,1.7088008776725607
64.0,242.0,1003.6841430664062,1.5264166200797986,3.063097861613356,-0.215819897253269,3.5490497273888275,-0.2048867388282806,1.0826619122252867,1.0511392207255632,-0.0170243374408754,3.2973942147249127,1.6821927523441609
64.0,242.0,1004.9850463867188,0.6143587211329081,3.6385777878302688,1.866782871449317,2.68567229671642,-0.0190286631641586,0.5847002488156035,1.759170199056142,0.7876675185527418,3.289135321111209,1.695106697781342
64.0,242.0,1006.3912353515624,1.0823124156003283,3.145532408020725,0.0937498638335725,4.3492484902596935,-0.983369492477124,0.3045399617600217,1.0355153888892177,-0.6035785196627739,3.47882371336145,1.9749920545649893
64.0,242.0,1003.7677001953124,0.9753379059727132,3.027481911426474,0.8914709442373026,3.6385006360362526,-0.1936568623912141,0.9354252219936228,1.0515023454212475,1.5844169383747184,3.3013099988549235,1.6821957420369034
64.0,242.0,1005.7315063476562,1.5396689441273124,3.0386942734840274,0.0727790596694881,3.99653790662412,-0.2180394714265182,1.1227822176659112,0.9898665587735348,-0.0161734394273001,3.292559616599718,1.7283088665121291
64.0,242.0,1005.9786376953124,1.1755166225902458,3.0139295819900664,-0.2417305383366287,3.616814653335077,-0.2729520402836232,1.8592848557108288,1.1177652924446315,0.1211451494947978,3.912459696901169,2.2316448068592054
64.0,242.0,1004.7403564453124,0.4804166552562906,3.142058809388116,-0.507253232726782,3.78275224637308,-0.5671588827166028,1.1261544357254607,1.4122039073154182,0.5007209311294231,3.503301094810195,1.926829920271378
64.0,242.0,1004.5214233398438,1.3925082887281215,3.065088985864282,-0.1686798461004562,2.4937664364779137,-0.2246521629870259,1.0573601922845028,1.0844478999456344,-0.8866334099558765,3.2654268773896447,1.6563374701400866
64.0,242.0,1006.101806640625,1.5145614614356997,2.994643314133276,-0.4385238738008652,2.6498988515969346,-0.2204737755628775,1.1219320992016055,0.99350013477897,-0.0190371027451072,3.134156782158529,1.6797391789481235
64.0,242.0,1005.5848999023438,-0.4976473021030942,3.419951677935696,-0.3086301958483286,3.870154605804175,-1.1699164176837953,1.6993185462984577,0.8701808901365833,0.0028869377323087,3.427754210534899,1.6924904654891433
64.0,242.0,1004.2504272460938,-0.8223529424704155,2.825127807401638,-0.323922086313651,1.937577607926971,-0.7880478165526897,-0.5658922756132105,1.2049866790758093,0.2624683225465503,3.2458834880441487,0.9881096602322688
64.0,242.0,1004.8351440429688,0.383266327892847,3.526047267809437,-0.0464641811751654,3.441002486581674,0.4622121063248139,0.764653895575856,1.4226068635485682,-0.4876738443664548,3.654568720914268,1.5945743322906956
64.0,243.0,1004.6443481445312,0.6900176227674764,3.063074350782302,-0.3302721781170479,3.0126561550720083,-0.1976159951512532,1.5970259768578052,1.2511792713171723,-0.0167520924344081,3.4265898532482377,1.5636003792452855
64.0,243.0,1004.2421264648438,1.1090451639676264,3.063170278295987,-0.1754780434512142,3.5433184929382966,-0.1568456031498367,1.0766389807596008,1.0528787249669178,-0.0171620058962041,3.1145081813601543,1.5893554756452115
64.0,243.0,1005.7791137695312,0.6317410114373033,3.3821840388898674,-0.6555082762858517,1.8304964441013163,0.265419887632873,0.7751960162999161,1.243165064585624,-0.3543464243561521,3.598221077351875,1.5754946386202904
64.0,243.0,1005.7072143554688,1.6491448804843336,2.9104453120023,-0.2376035463302053,3.615676320374159,-0.5459213406507523,1.0802436756395946,1.0229389087533642,-0.0226071327225542,3.134768809825729,1.4551102740604491
64.0,243.0,1005.2555541992188,-0.5037094802039921,3.707585390221884,-0.3280569768488796,3.321070462527059,0.979043172621886,-0.4155761280008436,0.9565504599200948,0.2951346271246178,3.295787014291044,2.1819067114242974
64.0,243.0,1005.51806640625,-0.40218204349395,2.9611396568649364,0.6762820959727607,3.216420950245242,-1.6087780174255435,1.486703313514423,0.3728051189080725,0.4352597544671966,2.6224629239329085,1.7656766646614763
64.0,243.0,1006.2119140625,0.4893625390202833,1.7795423029239368,-0.2283334970089545,3.1277989280704825,0.4981169607027755,1.141197769335064,2.5146578201478693,1.975507430672696,4.311031517865723,2.0922100116751228
64.0,243.0,1005.1494140625,1.4267671879387,2.82151791963309,-0.2050135975394147,3.599402345635524,-0.212234014229664,1.0699343377498252,1.054124327480299,-0.0348381047181509,3.2384919490320403,1.683330061310487
64.0,243.0,1005.474853515625,1.5026949966969567,4.303640589644998,0.0467183102294996,3.508585978273294,-0.276222544546385,1.2632585220760255,0.9839023829757484,0.4548566034085533,3.319979299343642,1.681623450852277
64.0,243.0,1004.5355224609376,-0.2067583177486083,2.156645823399848,1.1237471826284795,3.780946817479548,-0.5114493991580722,1.3470285072754011,1.5426076556614716,0.9251629364195506,3.6326501297850458,1.193605314089168
64.0,243.0,1004.0458984375,0.6627964073101363,1.902544155917261,1.7356517264199556,1.1276967507837976,-0.9532319298265536,0.6325625002596181,1.4181961809212862,1.2571856093798428,3.247627624338968,0.7396376473821458
64.0,243.0,1004.7117919921876,0.4052530103725722,2.862964791291889,1.0244185980793992,1.6185629550949447,0.0861167524434486,0.806110362194968,0.5149989619430992,0.0762824622613271,3.306353246449835,1.6419964791765842
64.0,243.0,1005.585205078125,1.4441076734521072,3.066111509674269,0.0067028297138759,3.194813058276394,-0.2495793018936137,1.1591742150332562,1.047291772061316,-0.0635626710663064,3.2934046480925203,1.7277033081006632
64.0,243.0,1004.95849609375,0.9162956780313632,2.1247201074083826,0.0379144096914144,3.0493734156772465,-0.204541723945408,1.0866278545155783,1.081534562537653,-0.1426858802547873,2.5531626479271203,1.6834925846586402
64.0,243.0,1003.9569702148438,0.448016906340041,3.105722986450256,0.8138035866923863,3.0955404770734902,0.2620725015799733,1.6869868466778326,0.0600023277914734,0.2622416693067444,3.1208073658522064,1.5478276998793208
64.0,243.0,1005.9080810546876,1.0513515896295955,3.0324479004866207,-0.1399893757068982,2.5909601277576697,-0.1207554487964864,2.5126882206643253,1.1607896320933913,0.180815057255496,3.251736532375584,2.58552590355996
64.0,243.0,1005.7649536132812,0.2825466944237913,3.223371955913502,-1.130107795435179,3.475165291581171,-1.048330892200188,0.6773142097574366,1.7224453178602437,-0.0116344510771347,2.978858171781275,1.664112733334867
64.0,243.0,1003.8233642578124,1.028523366259821,3.0628461474330293,-0.3204188298828894,3.0167776901382988,0.2647472536681213,1.306874930918926,0.9514498344110252,-0.5399432597472117,3.348110656193866,0.8965220619264871
64.0,243.0,1006.2741088867188,1.643031542836416,3.606370926934152,-0.6934784640503268,3.544777025413626,-0.1168117638030309,0.939111865717292,1.235370936060419,0.8014975999324441,3.270795648100955,1.6707495569788469
64.0,243.0,1005.4312744140624,1.3627715738376884,3.076635121501396,-0.2203183241854567,3.1897560510402903,-0.4507563945197057,1.1522013466208365,1.072078304572779,-0.0715777010715543,3.2997649430028133,1.6650114468654638
64.0,243.0,1006.1286010742188,1.5630251164579407,3.034072154337606,-0.2144607478813976,3.3747890166807086,-0.1840946200972616,1.0834848120091078,1.505132191142844,0.0986427251527393,3.2971237436003165,1.6407078622033984
64.0,243.0,1004.8368530273438,-0.0192859539180938,3.1458012448024646,-0.4052589456220559,3.5837623621294377,-0.4446218579421889,1.004306573519272,1.0674916208430016,-0.1473208806064043,4.659302750457305,1.266183010783346
64.0,243.0,1005.0035400390624,1.488088734200528,3.2964916798764268,-0.081613556681665,3.4931910742310563,-0.4795947022471148,1.19443031097595,1.5983254058784726,0.3030366300005376,3.1093375136026897,1.3517079212642986
64.0,243.0,1005.59716796875,0.8422960777773174,3.0348209215701183,-0.2311176520887816,3.530445462000517,0.731073415144617,1.0838871087870037,1.0526527931079228,-0.2789778063184201,3.525442996103043,1.9314441196361605
64.0,243.0,1005.1682739257812,0.4758226699530498,2.725912301651685,-0.0230184400084026,3.5041163169939864,-0.2839688026094656,0.98246182909671,0.7814411067738086,0.0567855685067581,3.2908997596538847,1.3640380101297185
64.0,243.0,1004.932861328125,1.5796322669745138,2.974669102036052,-0.2759972217390695,3.567574034001228,-0.2093543612178015,1.4940440693796724,1.055340177568717,-0.0056815911348413,3.322450316094878,2.2801882162059304
64.0,243.0,1004.5557861328124,1.021039932157859,3.115921688963008,1.0019107446718256,2.234313345165861,-1.2644187944951404,0.667371423970712,1.2297919770831705,0.8270215697473942,3.348214809893935,1.7947175164238944
64.0,243.0,1005.9476318359376,0.0416259073064684,3.056620648095169,0.9059087932371556,3.541676985417584,-0.4558259587305865,-0.3150494321593007,1.05123482986649,-0.0994281152615595,3.238383279985208,1.6565234082160285
64.0,243.0,1005.81201171875,1.0493680198447488,3.1481788145602274,-0.3742052874168526,1.7340138049668434,0.0318673716322229,0.8640905123034281,1.2404658485720614,-0.0193011184880681,2.7865877149951315,1.7316496760128115
64.0,243.0,1004.924560546875,1.3902787656971398,3.2388825019148166,-0.206591284257351,2.6835356447268124,-0.2393013169250669,1.0825663808182378,0.7880722208517016,0.1086941866441624,3.760609960660497,1.5499190461382142
64.0,243.0,1003.884033203125,1.1425112649696187,3.065090117718845,0.592860107788608,2.8071972518327133,0.2549808842303713,0.7688590957311772,1.1434486482266086,0.1774592781213724,3.2904317271738885,1.6652367097735672
64.0,243.0,1004.8756713867188,1.803103039357084,3.04969122379482,-0.2380855070972431,3.544222673085715,-0.3675432124331079,1.0049334701620785,1.0915745130618049,-0.0166428366782459,3.286393579044508,1.7128181502425668
64.0,243.0,1005.5949096679688,1.065741447403239,3.566321993171797,-0.1722097588879127,3.335195644635442,0.4153135222526197,1.6432684793938577,1.2308026718224587,0.3065238812510272,3.32453208933479,1.4181087479272612
64.0,243.0,1005.1708984375,1.5387374172758588,3.0630905424895096,-0.2761169812147975,3.539551483750204,-0.0710913967583387,1.0864629386437223,1.0432566156141505,0.0406253156605319,3.3703392304127733,1.6847979903288934
64.0,243.0,1004.3433227539062,1.5246637626108075,2.588764633984187,-0.2247483509817702,3.541791433209113,-0.2094105942329443,0.0900981966808316,1.4472220790014578,0.3634141441016041,3.275517642189521,1.677631713184814
64.0,243.0,1006.2902221679688,-0.4251081873792355,3.285807122763265,-0.1892787533432827,2.527234148491948,-0.6010386156964528,0.6565171337625719,1.76275366174798,-0.0125229395337214,3.152359389102193,1.536172754489335
64.0,243.0,1002.565185546875,0.5472914493255665,3.366882117201061,1.3060013984334584,1.9325170226020087,-1.0074251950736448,0.7432223534795421,1.6951969237110474,0.1334456915648295,3.316198941140461,1.659375229627378
64.0,243.0,1006.7476806640624,1.3783292661069166,2.227281756843792,0.7486796121921748,2.3676098445669496,-0.4352187250238886,0.1295667694666509,1.2582478032152908,0.9678886220425788,1.546052822985894,1.7088008776725607
64.0,243.0,1003.6841430664062,1.5264166200797986,3.063097861613356,-0.215819897253269,3.5490497273888275,-0.2048867388282806,1.0826619122252867,1.0511392207255632,-0.0170243374408754,3.2973942147249127,1.6821927523441609
64.0,243.0,1004.9850463867188,0.6143587211329081,3.6385777878302688,1.866782871449317,2.68567229671642,-0.0190286631641586,0.5847002488156035,1.759170199056142,0.7876675185527418,3.289135321111209,1.695106697781342
64.0,243.0,1006.3912353515624,1.0823124156003283,3.145532408020725,0.0937498638335725,4.3492484902596935,-0.983369492477124,0.3045399617600217,1.0355153888892177,-0.6035785196627739,3.47882371336145,1.9749920545649893
64.0,243.0,1003.7677001953124,0.9753379059727132,3.027481911426474,0.8914709442373026,3.6385006360362526,-0.1936568623912141,0.9354252219936228,1.0515023454212475,1.5844169383747184,3.3013099988549235,1.6821957420369034
64.0,243.0,1005.7315063476562,1.5396689441273124,3.0386942734840274,0.0727790596694881,3.99653790662412,-0.2180394714265182,1.1227822176659112,0.9898665587735348,-0.0161734394273001,3.292559616599718,1.7283088665121291
64.0,243.0,1005.9786376953124,1.1755166225902458,3.0139295819900664,-0.2417305383366287,3.616814653335077,-0.2729520402836232,1.8592848557108288,1.1177652924446315,0.1211451494947978,3.912459696901169,2.2316448068592054
64.0,243.0,1004.7403564453124,0.4804166552562906,3.142058809388116,-0.507253232726782,3.78275224637308,-0.5671588827166028,1.1261544357254607,1.4122039073154182,0.5007209311294231,3.503301094810195,1.926829920271378
64.0,243.0,1004.5214233398438,1.3925082887281215,3.065088985864282,-0.1686798461004562,2.4937664364779137,-0.2246521629870259,1.0573601922845028,1.0844478999456344,-0.8866334099558765,3.2654268773896447,1.6563374701400866
64.0,243.0,1006.101806640625,1.5145614614356997,2.994643314133276,-0.4385238738008652,2.6498988515969346,-0.2204737755628775,1.1219320992016055,0.99350013477897,-0.0190371027451072,3.134156782158529,1.6797391789481235
64.0,243.0,1005.5848999023438,-0.4976473021030942,3.419951677935696,-0.3086301958483286,3.870154605804175,-1.1699164176837953,1.6993185462984577,0.8701808901365833,0.0028869377323087,3.427754210534899,1.6924904654891433
64.0,243.0,1004.2504272460938,-0.8223529424704155,2.825127807401638,-0.323922086313651,1.937577607926971,-0.7880478165526897,-0.5658922756132105,1.2049866790758093,0.2624683225465503,3.2458834880441487,0.9881096602322688
64.0,243.0,1004.8351440429688,0.383266327892847,3.526047267809437,-0.0464641811751654,3.441002486581674,0.4622121063248139,0.764653895575856,1.4226068635485682,-0.4876738443664548,3.654568720914268,1.5945743322906956
64.0,244.0,1004.6443481445312,0.6900176227674764,3.063074350782302,-0.3302721781170479,3.0126561550720083,-0.1976159951512532,1.5970259768578052,1.2511792713171723,-0.0167520924344081,3.4265898532482377,1.5636003792452855
64.0,244.0,1004.2421264648438,1.1090451639676264,3.063170278295987,-0.1754780434512142,3.5433184929382966,-0.1568456031498367,1.0766389807596008,1.0528787249669178,-0.0171620058962041,3.1145081813601543,1.5893554756452115
64.0,244.0,1005.7791137695312,0.6317410114373033,3.3821840388898674,-0.6555082762858517,1.8304964441013163,0.265419887632873,0.7751960162999161,1.243165064585624,-0.3543464243561521,3.598221077351875,1.5754946386202904
64.0,244.0,1005.7072143554688,1.6491448804843336,2.9104453120023,-0.2376035463302053,3.615676320374159,-0.5459213406507523,1.0802436756395946,1.0229389087533642,-0.0226071327225542,3.134768809825729,1.4551102740604491
64.0,244.0,1005.2555541992188,-0.5037094802039921,3.707585390221884,-0.3280569768488796,3.321070462527059,0.979043172621886,-0.4155761280008436,0.9565504599200948,0.2951346271246178,3.295787014291044,2.1819067114242974
64.0,244.0,1005.51806640625,-0.40218204349395,2.9611396568649364,0.6762820959727607,3.216420950245242,-1.6087780174255435,1.486703313514423,0.3728051189080725,0.4352597544671966,2.6224629239329085,1.7656766646614763
64.0,244.0,1006.2119140625,0.4893625390202833,1.7795423029239368,-0.2283334970089545,3.1277989280704825,0.4981169607027755,1.141197769335064,2.5146578201478693,1.975507430672696,4.311031517865723,2.0922100116751228
64.0,244.0,1005.1494140625,1.4267671879387,2.82151791963309,-0.2050135975394147,3.599402345635524,-0.212234014229664,1.0699343377498252,1.054124327480299,-0.0348381047181509,3.2384919490320403,1.683330061310487
64.0,244.0,1005.474853515625,1.5026949966969567,4.303640589644998,0.0467183102294996,3.508585978273294,-0.276222544546385,1.2632585220760255,0.9839023829757484,0.4548566034085533,3.319979299343642,1.681623450852277
64.0,244.0,1004.5355224609376,-0.2067583177486083,2.156645823399848,1.1237471826284795,3.780946817479548,-0.5114493991580722,1.3470285072754011,1.5426076556614716,0.9251629364195506,3.6326501297850458,1.193605314089168
64.0,244.0,1004.0458984375,0.6627964073101363,1.902544155917261,1.7356517264199556,1.1276967507837976,-0.9532319298265536,0.6325625002596181,1.4181961809212862,1.2571856093798428,3.247627624338968,0.7396376473821458
64.0,244.0,1004.7117919921876,0.4052530103725722,2.862964791291889,1.0244185980793992,1.6185629550949447,0.0861167524434486,0.806110362194968,0.5149989619430992,0.0762824622613271,3.306353246449835,1.6419964791765842
64.0,244.0,1005.585205078125,1.4441076734521072,3.066111509674269,0.0067028297138759,3.194813058276394,-0.2495793018936137,1.1591742150332562,1.047291772061316,-0.0635626710663064,3.2934046480925203,1.7277033081006632
64.0,244.0,1004.95849609375,0.9162956780313632,2.1247201074083826,0.0379144096914144,3.0493734156772465,-0.204541723945408,1.0866278545155783,1.081534562537653,-0.1426858802547873,2.5531626479271203,1.6834925846586402
64.0,244.0,1003.9569702148438,0.448016906340041,3.105722986450256,0.8138035866923863,3.0955404770734902,0.2620725015799733,1.6869868466778326,0.0600023277914734,0.2622416693067444,3.1208073658522064,1.5478276998793208
64.0,244.0,1005.9080810546876,1.0513515896295955,3.0324479004866207,-0.1399893757068982,2.5909601277576697,-0.1207554487964864,2.5126882206643253,1.1607896320933913,0.180815057255496,3.251736532375584,2.58552590355996
64.0,244.0,1005.7649536132812,0.2825466944237913,3.223371955913502,-1.130107795435179,3.475165291581171,-1.048330892200188,0.6773142097574366,1.7224453178602437,-0.0116344510771347,2.978858171781275,1.664112733334867
64.0,244.0,1003.8233642578124,1.028523366259821,3.0628461474330293,-0.3204188298828894,3.0167776901382988,0.2647472536681213,1.306874930918926,0.9514498344110252,-0.5399432597472117,3.348110656193866,0.8965220619264871
64.0,244.0,1006.2741088867188,1.643031542836416,3.606370926934152,-0.6934784640503268,3.544777025413626,-0.1168117638030309,0.939111865717292,1.235370936060419,0.8014975999324441,3.270795648100955,1.6707495569788469
64.0,244.0,1005.4312744140624,1.3627715738376884,3.076635121501396,-0.2203183241854567,3.1897560510402903,-0.4507563945197057,1.1522013466208365,1.072078304572779,-0.0715777010715543,3.2997649430028133,1.6650114468654638
64.0,244.0,1006.1286010742188,1.5630251164579407,3.034072154337606,-0.2144607478813976,3.3747890166807086,-0.1840946200972616,1.0834848120091078,1.505132191142844,0.0986427251527393,3.2971237436003165,1.6407078622033984
64.0,244.0,1004.8368530273438,-0.0192859539180938,3.1458012448024646,-0.4052589456220559,3.5837623621294377,-0.4446218579421889,1.004306573519272,1.0674916208430016,-0.1473208806064043,4.659302750457305,1.266183010783346
64.0,244.0,1005.0035400390624,1.488088734200528,3.2964916798764268,-0.081613556681665,3.4931910742310563,-0.4795947022471148,1.19443031097595,1.5983254058784726,0.3030366300005376,3.1093375136026897,1.3517079212642986
64.0,244.0,1005.59716796875,0.8422960777773174,3.0348209215701183,-0.2311176520887816,3.530445462000517,0.731073415144617,1.0838871087870037,1.0526527931079228,-0.2789778063184201,3.525442996103043,1.9314441196361605
64.0,244.0,1005.1682739257812,0.4758226699530498,2.725912301651685,-0.0230184400084026,3.5041163169939864,-0.2839688026094656,0.98246182909671,0.7814411067738086,0.0567855685067581,3.2908997596538847,1.3640380101297185
64.0,244.0,1004.932861328125,1.5796322669745138,2.974669102036052,-0.2759972217390695,3.567574034001228,-0.2093543612178015,1.4940440693796724,1.055340177568717,-0.0056815911348413,3.322450316094878,2.2801882162059304
64.0,244.0,1004.5557861328124,1.021039932157859,3.115921688963008,1.0019107446718256,2.234313345165861,-1.2644187944951404,0.667371423970712,1.2297919770831705,0.8270215697473942,3.348214809893935,1.7947175164238944
64.0,244.0,1005.9476318359376,0.0416259073064684,3.056620648095169,0.9059087932371556,3.541676985417584,-0.4558259587305865,-0.3150494321593007,1.05123482986649,-0.0994281152615595,3.238383279985208,1.6565234082160285
64.0,244.0,1005.81201171875,1.0493680198447488,3.1481788145602274,-0.3742052874168526,1.7340138049668434,0.0318673716322229,0.8640905123034281,1.2404658485720614,-0.0193011184880681,2.7865877149951315,1.7316496760128115
64.0,244.0,1004.924560546875,1.3902787656971398,3.2388825019148166,-0.206591284257351,2.6835356447268124,-0.2393013169250669,1.0825663808182378,0.7880722208517016,0.1086941866441624,3.760609960660497,1.5499190461382142
64.0,244.0,1003.884033203125,1.1425112649696187,3.065090117718845,0.592860107788608,2.8071972518327133,0.2549808842303713,0.7688590957311772,1.1434486482266086,0.1774592781213724,3.2904317271738885,1.6652367097735672
64.0,244.0,1004.8756713867188,1.803103039357084,3.04969122379482,-0.2380855070972431,3.544222673085715,-0.3675432124331079,1.0049334701620785,1.0915745130618049,-0.0166428366782459,3.286393579044508,1.7128181502425668
64.0,244.0,1005.5949096679688,1.065741447403239,3.566321993171797,-0.1722097588879127,3.335195644635442,0.4153135222526197,1.6432684793938577,1.2308026718224587,0.3065238812510272,3.32453208933479,1.4181087479272612
64.0,244.0,1005.1708984375,1.5387374172758588,3.0630905424895096,-0.2761169812147975,3.539551483750204,-0.0710913967583387,1.0864629386437223,1.0432566156141505,0.0406253156605319,3.3703392304127733,1.6847979903288934
64.0,244.0,1004.3433227539062,1.5246637626108075,2.588764633984187,-0.2247483509817702,3.541791433209113,-0.2094105942329443,0.0900981966808316,1.4472220790014578,0.3634141441016041,3.275517642189521,1.677631713184814
64.0,244.0,1006.2902221679688,-0.4251081873792355,3.285807122763265,-0.1892787533432827,2.527234148491948,-0.6010386156964528,0.6565171337625719,1.76275366174798,-0.0125229395337214,3.152359389102193,1.536172754489335
64.0,244.0,1002.565185546875,0.5472914493255665,3.366882117201061,1.3060013984334584,1.9325170226020087,-1.0074251950736448,0.7432223534795421,1.6951969237110474,0.1334456915648295,3.316198941140461,1.659375229627378
64.0,244.0,1006.7476806640624,1.3783292661069166,2.227281756843792,0.7486796121921748,2.3676098445669496,-0.4352187250238886,0.1295667694666509,1.2582478032152908,0.9678886220425788,1.546052822985894,1.7088008776725607
64.0,244.0,1003.6841430664062,1.5264166200797986,3.063097861613356,-0.215819897253269,3.5490497273888275,-0.2048867388282806,1.0826619122252867,1.0511392207255632,-0.0170243374408754,3.2973942147249127,1.6821927523441609
64.0,244.0,1004.9850463867188,0.6143587211329081,3.6385777878302688,1.866782871449317,2.68567229671642,-0.0190286631641586,0.5847002488156035,1.759170199056142,0.7876675185527418,3.289135321111209,1.695106697781342
64.0,244.0,1006.3912353515624,1.0823124156003283,3.145532408020725,0.0937498638335725,4.3492484902596935,-0.983369492477124,0.3045399617600217,1.0355153888892177,-0.6035785196627739,3.47882371336145,1.9749920545649893
64.0,244.0,1003.7677001953124,0.9753379059727132,3.027481911426474,0.8914709442373026,3.6385006360362526,-0.1936568623912141,0.9354252219936228,1.0515023454212475,1.5844169383747184,3.3013099988549235,1.6821957420369034
64.0,244.0,1005.7315063476562,1.5396689441273124,3.0386942734840274,0.0727790596694881,3.99653790662412,-0.2180394714265182,1.1227822176659112,0.9898665587735348,-0.0161734394273001,3.292559616599718,1.7283088665121291
64.0,244.0,1005.9786376953124,1.1755166225902458,3.0139295819900664,-0.2417305383366287,3.616814653335077,-0.2729520402836232,1.8592848557108288,1.1177652924446315,0.1211451494947978,3.912459696901169,2.2316448068592054
64.0,244.0,1004.7403564453124,0.4804166552562906,3.142058809388116,-0.507253232726782,3.78275224637308,-0.5671588827166028,1.1261544357254607,1.4122039073154182,0.5007209311294231,3.503301094810195,1.926829920271378
64.0,244.0,1004.5214233398438,1.3925082887281215,3.065088985864282,-0.1686798461004562,2.4937664364779137,-0.2246521629870259,1.0573601922845028,1.0844478999456344,-0.8866334099558765,3.2654268773896447,1.6563374701400866
64.0,244.0,1006.101806640625,1.5145614614356997,2.994643314133276,-0.4385238738008652,2.6498988515969346,-0.2204737755628775,1.1219320992016055,0.99350013477897,-0.0190371027451072,3.134156782158529,1.6797391789481235
64.0,244.0,1005.5848999023438,-0.4976473021030942,3.419951677935696,-0.3086301958483286,3.870154605804175,-1.1699164176837953,1.6993185462984577,0.8701808901365833,0.0028869377323087,3.427754210534899,1.6924904654891433
64.0,244.0,1004.2504272460938,-0.8223529424704155,2.825127807401638,-0.323922086313651,1.937577607926971,-0.7880478165526897,-0.5658922756132105,1.2049866790758093,0.2624683225465503,3.2458834880441487,0.9881096602322688
64.0,244.0,1004.8351440429688,0.383266327892847,3.526047267809437,-0.0464641811751654,3.441002486581674,0.4622121063248139,0.764653895575856,1.4226068635485682,-0.4876738443664548,3.654568720914268,1.5945743322906956
64.0,245.0,1004.6443481445312,0.6900176227674764,3.063074350782302,-0.3302721781170479,3.0126561550720083,-0.1976159951512532,1.5970259768578052,1.2511792713171723,-0.0167520924344081,3.4265898532482377,1.5636003792452855
64.0,245.0,1004.2421264648438,1.1090451639676264,3.063170278295987,-0.1754780434512142,3.5433184929382966,-0.1568456031498367,1.0766389807596008,1.0528787249669178,-0.0171620058962041,3.1145081813601543,1.5893554756452115
64.0,245.0,1005.7791137695312,0.6317410114373033,3.3821840388898674,-0.6555082762858517,1.8304964441013163,0.265419887632873,0.7751960162999161,1.243165064585624,-0.3543464243561521,3.598221077351875,1.5754946386202904
64.0,245.0,1005.7072143554688,1.6491448804843336,2.9104453120023,-0.2376035463302053,3.615676320374159,-0.5459213406507523,1.0802436756395946,1.0229389087533642,-0.0226071327225542,3.134768809825729,1.4551102740604491
64.0,245.0,1005.2555541992188,-0.5037094802039921,3.707585390221884,-0.3280569768488796,3.321070462527059,0.979043172621886,-0.4155761280008436,0.9565504599200948,0.2951346271246178,3.295787014291044,2.1819067114242974
64.0,245.0,1005.51806640625,-0.40218204349395,2.9611396568649364,0.6762820959727607,3.216420950245242,-1.6087780174255435,1.486703313514423,0.3728051189080725,0.4352597544671966,2.6224629239329085,1.7656766646614763
64.0,245.0,1006.2119140625,0.4893625390202833,1.7795423029239368,-0.2283334970089545,3.1277989280704825,0.4981169607027755,1.141197769335064,2.5146578201478693,1.975507430672696,4.311031517865723,2.0922100116751228
64.0,245.0,1005.1494140625,1.4267671879387,2.82151791963309,-0.2050135975394147,3.599402345635524,-0.212234014229664,1.0699343377498252,1.054124327480299,-0.0348381047181509,3.2384919490320403,1.683330061310487
64.0,245.0,1005.474853515625,1.5026949966969567,4.303640589644998,0.0467183102294996,3.508585978273294,-0.276222544546385,1.2632585220760255,0.9839023829757484,0.4548566034085533,3.319979299343642,1.681623450852277
64.0,245.0,1004.5355224609376,-0.2067583177486083,2.156645823399848,1.1237471826284795,3.780946817479548,-0.5114493991580722,1.3470285072754011,1.5426076556614716,0.9251629364195506,3.6326501297850458,1.193605314089168
64.0,245.0,1004.0458984375,0.6627964073101363,1.902544155917261,1.7356517264199556,1.1276967507837976,-0.9532319298265536,0.6325625002596181,1.4181961809212862,1.2571856093798428,3.247627624338968,0.7396376473821458
64.0,245.0,1004.7117919921876,0.4052530103725722,2.862964791291889,1.0244185980793992,1.6185629550949447,0.0861167524434486,0.806110362194968,0.5149989619430992,0.0762824622613271,3.306353246449835,1.6419964791765842
64.0,245.0,1005.585205078125,1.4441076734521072,3.066111509674269,0.0067028297138759,3.194813058276394,-0.2495793018936137,1.1591742150332562,1.047291772061316,-0.0635626710663064,3.2934046480925203,1.7277033081006632
64.0,245.0,1004.95849609375,0.9162956780313632,2.1247201074083826,0.0379144096914144,3.0493734156772465,-0.204541723945408,1.0866278545155783,1.081534562537653,-0.1426858802547873,2.5531626479271203,1.6834925846586402
64.0,245.0,1003.9569702148438,0.448016906340041,3.105722986450256,0.8138035866923863,3.0955404770734902,0.2620725015799733,1.6869868466778326,0.0600023277914734,0.2622416693067444,3.1208073658522064,1.5478276998793208
64.0,245.0,1005.9080810546876,1.0513515896295955,3.0324479004866207,-0.1399893757068982,2.5909601277576697,-0.1207554487964864,2.5126882206643253,1.1607896320933913,0.180815057255496,3.251736532375584,2.58552590355996
64.0,245.0,1005.7649536132812,0.2825466944237913,3.223371955913502,-1.130107795435179,3.475165291581171,-1.048330892200188,0.6773142097574366,1.7224453178602437,-0.0116344510771347,2.978858171781275,1.664112733334867
64.0,245.0,1003.8233642578124,1.028523366259821,3.0628461474330293,-0.3204188298828894,3.0167776901382988,0.2647472536681213,1.306874930918926,0.9514498344110252,-0.5399432597472117,3.348110656193866,0.8965220619264871
64.0,245.0,1006.2741088867188,1.643031542836416,3.606370926934152,-0.6934784640503268,3.544777025413626,-0.1168117638030309,0.939111865717292,1.235370936060419,0.8014975999324441,3.270795648100955,1.6707495569788469
64.0,245.0,1005.4312744140624,1.3627715738376884,3.076635121501396,-0.2203183241854567,3.1897560510402903,-0.4507563945197057,1.1522013466208365,1.072078304572779,-0.0715777010715543,3.2997649430028133,1.6650114468654638
64.0,245.0,1006.1286010742188,1.5630251164579407,3.034072154337606,-0.2144607478813976,3.3747890166807086,-0.1840946200972616,1.0834848120091078,1.505132191142844,0.0986427251527393,3.2971237436003165,1.6407078622033984
64.0,245.0,1004.8368530273438,-0.0192859539180938,3.1458012448024646,-0.4052589456220559,3.5837623621294377,-0.4446218579421889,1.004306573519272,1.0674916208430016,-0.1473208806064043,4.659302750457305,1.266183010783346
64.0,245.0,1005.0035400390624,1.488088734200528,3.2964916798764268,-0.081613556681665,3.4931910742310563,-0.4795947022471148,1.19443031097595,1.5983254058784726,0.3030366300005376,3.1093375136026897,1.3517079212642986
64.0,245.0,1005.59716796875,0.8422960777773174,3.0348209215701183,-0.2311176520887816,3.530445462000517,0.731073415144617,1.0838871087870037,1.0526527931079228,-0.2789778063184201,3.525442996103043,1.9314441196361605
64.0,245.0,1005.1682739257812,0.4758226699530498,2.725912301651685,-0.0230184400084026,3.5041163169939864,-0.2839688026094656,0.98246182909671,0.7814411067738086,0.0567855685067581,3.2908997596538847,1.3640380101297185
64.0,245.0,1004.932861328125,1.5796322669745138,2.974669102036052,-0.2759972217390695,3.567574034001228,-0.2093543612178015,1.4940440693796724,1.055340177568717,-0.0056815911348413,3.322450316094878,2.2801882162059304
64.0,245.0,1004.5557861328124,1.021039932157859,3.115921688963008,1.0019107446718256,2.234313345165861,-1.2644187944951404,0.667371423970712,1.2297919770831705,0.8270215697473942,3.348214809893935,1.7947175164238944
64.0,245.0,1005.9476318359376,0.0416259073064684,3.056620648095169,0.9059087932371556,3.541676985417584,-0.4558259587305865,-0.3150494321593007,1.05123482986649,-0.0994281152615595,3.238383279985208,1.6565234082160285
64.0,245.0,1005.81201171875,1.0493680198447488,3.1481788145602274,-0.3742052874168526,1.7340138049668434,0.0318673716322229,0.8640905123034281,1.2404658485720614,-0.0193011184880681,2.7865877149951315,1.7316496760128115
64.0,245.0,1004.924560546875,1.3902787656971398,3.2388825019148166,-0.206591284257351,2.6835356447268124,-0.2393013169250669,1.0825663808182378,0.7880722208517016,0.1086941866441624,3.760609960660497,1.5499190461382142
64.0,245.0,1003.884033203125,1.1425112649696187,3.065090117718845,0.592860107788608,2.8071972518327133,0.2549808842303713,0.7688590957311772,1.1434486482266086,0.1774592781213724,3.2904317271738885,1.6652367097735672
64.0,245.0,1004.8756713867188,1.803103039357084,3.04969122379482,-0.2380855070972431,3.544222673085715,-0.3675432124331079,1.0049334701620785,1.0915745130618049,-0.0166428366782459,3.286393579044508,1.7128181502425668
64.0,245.0,1005.5949096679688,1.065741447403239,3.566321993171797,-0.1722097588879127,3.335195644635442,0.4153135222526197,1.6432684793938577,1.2308026718224587,0.3065238812510272,3.32453208933479,1.4181087479272612
64.0,245.0,1005.1708984375,1.5387374172758588,3.0630905424895096,-0.2761169812147975,3.539551483750204,-0.0710913967583387,1.0864629386437223,1.0432566156141505,0.0406253156605319,3.3703392304127733,1.6847979903288934
64.0,245.0,1004.3433227539062,1.5246637626108075,2.588764633984187,-0.2247483509817702,3.541791433209113,-0.2094105942329443,0.0900981966808316,1.4472220790014578,0.3634141441016041,3.275517642189521,1.677631713184814
64.0,245.0,1006.2902221679688,-0.4251081873792355,3.285807122763265,-0.1892787533432827,2.527234148491948,-0.6010386156964528,0.6565171337625719,1.76275366174798,-0.0125229395337214,3.152359389102193,1.536172754489335
64.0,245.0,1002.565185546875,0.5472914493255665,3.366882117201061,1.3060013984334584,1.9325170226020087,-1.0074251950736448,0.7432223534795421,1.6951969237110474,0.1334456915648295,3.316198941140461,1.659375229627378
64.0,245.0,1006.7476806640624,1.3783292661069166,2.227281756843792,0.7486796121921748,2.3676098445669496,-0.4352187250238886,0.1295667694666509,1.2582478032152908,0.9678886220425788,1.546052822985894,1.7088008776725607
64.0,245.0,1003.6841430664062,1.5264166200797986,3.063097861613356,-0.215819897253269,3.5490497273888275,-0.2048867388282806,1.0826619122252867,1.0511392207255632,-0.0170243374408754,3.2973942147249127,1.6821927523441609
64.0,245.0,1004.9850463867188,0.6143587211329081,3.6385777878302688,1.866782871449317,2.68567229671642,-0.0190286631641586,0.5847002488156035,1.759170199056142,0.7876675185527418,3.289135321111209,1.695106697781342
64.0,245.0,1006.3912353515624,1.0823124156003283,3.145532408020725,0.0937498638335725,4.3492484902596935,-0.983369492477124,0.3045399617600217,1.0355153888892177,-0.6035785196627739,3.47882371336145,1.9749920545649893
64.0,245.0,1003.7677001953124,0.9753379059727132,3.027481911426474,0.8914709442373026,3.6385006360362526,-0.1936568623912141,0.9354252219936228,1.0515023454212475,1.5844169383747184,3.3013099988549235,1.6821957420369034
64.0,245.0,1005.7315063476562,1.5396689441273124,3.0386942734840274,0.0727790596694881,3.99653790662412,-0.2180394714265182,1.1227822176659112,0.9898665587735348,-0.0161734394273001,3.292559616599718,1.7283088665121291
64.0,245.0,1005.9786376953124,1.1755166225902458,3.0139295819900664,-0.2417305383366287,3.616814653335077,-0.2729520402836232,1.8592848557108288,1.1177652924446315,0.1211451494947978,3.912459696901169,2.2316448068592054
64.0,245.0,1004.7403564453124,0.4804166552562906,3.142058809388116,-0.507253232726782,3.78275224637308,-0.5671588827166028,1.1261544357254607,1.4122039073154182,0.5007209311294231,3.503301094810195,1.926829920271378
64.0,245.0,1004.5214233398438,1.3925082887281215,3.065088985864282,-0.1686798461004562,2.4937664364779137,-0.2246521629870259,1.0573601922845028,1.0844478999456344,-0.8866334099558765,3.2654268773896447,1.6563374701400866
64.0,245.0,1006.101806640625,1.5145614614356997,2.994643314133276,-0.4385238738008652,2.6498988515969346,-0.2204737755628775,1.1219320992016055,0.99350013477897,-0.0190371027451072,3.134156782158529,1.6797391789481235
64.0,245.0,1005.5848999023438,-0.4976473021030942,3.419951677935696,-0.3086301958483286,3.870154605804175,-1.1699164176837953,1.6993185462984577,0.8701808901365833,0.0028869377323087,3.427754210534899,1.6924904654891433
64.0,245.0,1004.2504272460938,-0.8223529424704155,2.825127807401638,-0.323922086313651,1.937577607926971,-0.7880478165526897,-0.5658922756132105,1.2049866790758093,0.2624683225465503,3.2458834880441487,0.9881096602322688
64.0,245.0,1004.8351440429688,0.383266327892847,3.526047267809437,-0.0464641811751654,3.441002486581674,0.4622121063248139,0.764653895575856,1.4226068635485682,-0.4876738443664548,3.654568720914268,1.5945743322906956
64.0,246.0,1004.6443481445312,0.6900176227674764,3.063074350782302,-0.3302721781170479,3.0126561550720083,-0.1976159951512532,1.5970259768578052,1.2511792713171723,-0.0167520924344081,3.4265898532482377,1.5636003792452855
64.0,246.0,1004.2421264648438,1.1090451639676264,3.063170278295987,-0.1754780434512142,3.5433184929382966,-0.1568456031498367,1.0766389807596008,1.0528787249669178,-0.0171620058962041,3.1145081813601543,1.5893554756452115
64.0,246.0,1005.7791137695312,0.6317410114373033,3.3821840388898674,-0.6555082762858517,1.8304964441013163,0.265419887632873,0.7751960162999161,1.243165064585624,-0.3543464243561521,3.598221077351875,1.5754946386202904
64.0,246.0,1005.7072143554688,1.6491448804843336,2.9104453120023,-0.2376035463302053,3.615676320374159,-0.5459213406507523,1.0802436756395946,1.0229389087533642,-0.0226071327225542,3.134768809825729,1.4551102740604491
64.0,246.0,1005.2555541992188,-0.5037094802039921,3.707585390221884,-0.3280569768488796,3.321070462527059,0.979043172621886,-0.4155761280008436,0.9565504599200948,0.2951346271246178,3.295787014291044,2.1819067114242974
64.0,246.0,1005.51806640625,-0.40218204349395,2.9611396568649364,0.6762820959727607,3.216420950245242,-1.6087780174255435,1.486703313514423,0.3728051189080725,0.4352597544671966,2.6224629239329085,1.7656766646614763
64.0,246.0,1006.2119140625,0.4893625390202833,1.7795423029239368,-0.2283334970089545,3.1277989280704825,0.4981169607027755,1.141197769335064,2.5146578201478693,1.975507430672696,4.311031517865723,2.0922100116751228
64.0,246.0,1005.1494140625,1.4267671879387,2.82151791963309,-0.2050135975394147,3.599402345635524,-0.212234014229664,1.0699343377498252,1.054124327480299,-0.0348381047181509,3.2384919490320403,1.683330061310487
64.0,246.0,1005.474853515625,1.5026949966969567,4.303640589644998,0.0467183102294996,3.508585978273294,-0.276222544546385,1.2632585220760255,0.9839023829757484,0.4548566034085533,3.319979299343642,1.681623450852277
64.0,246.0,1004.5355224609376,-0.2067583177486083,2.156645823399848,1.1237471826284795,3.780946817479548,-0.5114493991580722,1.3470285072754011,1.5426076556614716,0.9251629364195506,3.6326501297850458,1.193605314089168
64.0,246.0,1004.0458984375,0.6627964073101363,1.902544155917261,1.7356517264199556,1.1276967507837976,-0.9532319298265536,0.6325625002596181,1.4181961809212862,1.2571856093798428,3.247627624338968,0.7396376473821458
64.0,246.0,1004.7117919921876,0.4052530103725722,2.862964791291889,1.0244185980793992,1.6185629550949447,0.0861167524434486,0.806110362194968,0.5149989619430992,0.0762824622613271,3.306353246449835,1.6419964791765842
64.0,246.0,1005.585205078125,1.4441076734521072,3.066111509674269,0.0067028297138759,3.194813058276394,-0.2495793018936137,1.1591742150332562,1.047291772061316,-0.0635626710663064,3.2934046480925203,1.7277033081006632
64.0,246.0,1004.95849609375,0.9162956780313632,2.1247201074083826,0.0379144096914144,3.0493734156772465,-0.204541723945408,1.0866278545155783,1.081534562537653,-0.1426858802547873,2.5531626479271203,1.6834925846586402
64.0,246.0,1003.9569702148438,0.448016906340041,3.105722986450256,0.8138035866923863,3.0955404770734902,0.2620725015799733,1.6869868466778326,0.0600023277914734,0.2622416693067444,3.1208073658522064,1.5478276998793208
64.0,246.0,1005.9080810546876,1.0513515896295955,3.0324479004866207,-0.1399893757068982,2.5909601277576697,-0.1207554487964864,2.5126882206643253,1.1607896320933913,0.180815057255496,3.251736532375584,2.58552590355996
64.0,246.0,1005.7649536132812,0.2825466944237913,3.223371955913502,-1.130107795435179,3.475165291581171,-1.048330892200188,0.6773142097574366,1.7224453178602437,-0.0116344510771347,2.978858171781275,1.664112733334867
64.0,246.0,1003.8233642578124,1.028523366259821,3.0628461474330293,-0.3204188298828894,3.0167776901382988,0.2647472536681213,1.306874930918926,0.9514498344110252,-0.5399432597472117,3.348110656193866,0.8965220619264871
64.0,246.0,1006.2741088867188,1.643031542836416,3.606370926934152,-0.6934784640503268,3.544777025413626,-0.1168117638030309,0.939111865717292,1.235370936060419,0.8014975999324441,3.270795648100955,1.6707495569788469
64.0,246.0,1005.4312744140624,1.3627715738376884,3.076635121501396,-0.2203183241854567,3.1897560510402903,-0.4507563945197057,1.1522013466208365,1.072078304572779,-0.0715777010715543,3.2997649430028133,1.6650114468654638
64.0,246.0,1006.1286010742188,1.5630251164579407,3.034072154337606,-0.2144607478813976,3.3747890166807086,-0.1840946200972616,1.0834848120091078,1.505132191142844,0.0986427251527393,3.2971237436003165,1.6407078622033984
64.0,246.0,1004.8368530273438,-0.0192859539180938,3.1458012448024646,-0.4052589456220559,3.5837623621294377,-0.4446218579421889,1.004306573519272,1.0674916208430016,-0.1473208806064043,4.659302750457305,1.266183010783346
64.0,246.0,1005.0035400390624,1.488088734200528,3.2964916798764268,-0.081613556681665,3.4931910742310563,-0.4795947022471148,1.19443031097595,1.5983254058784726,0.3030366300005376,3.1093375136026897,1.3517079212642986
64.0,246.0,1005.59716796875,0.8422960777773174,3.0348209215701183,-0.2311176520887816,3.530445462000517,0.731073415144617,1.0838871087870037,1.0526527931079228,-0.2789778063184201,3.525442996103043,1.9314441196361605
64.0,246.0,1005.1682739257812,0.4758226699530498,2.725912301651685,-0.0230184400084026,3.5041163169939864,-0.2839688026094656,0.98246182909671,0.7814411067738086,0.0567855685067581,3.2908997596538847,1.3640380101297185
64.0,246.0,1004.932861328125,1.5796322669745138,2.974669102036052,-0.2759972217390695,3.567574034001228,-0.2093543612178015,1.4940440693796724,1.055340177568717,-0.0056815911348413,3.322450316094878,2.2801882162059304
64.0,246.0,1004.5557861328124,1.021039932157859,3.115921688963008,1.0019107446718256,2.234313345165861,-1.2644187944951404,0.667371423970712,1.2297919770831705,0.8270215697473942,3.348214809893935,1.7947175164238944
64.0,246.0,1005.9476318359376,0.0416259073064684,3.056620648095169,0.9059087932371556,3.541676985417584,-0.4558259587305865,-0.3150494321593007,1.05123482986649,-0.0994281152615595,3.238383279985208,1.6565234082160285
64.0,246.0,1005.81201171875,1.0493680198447488,3.1481788145602274,-0.3742052874168526,1.7340138049668434,0.0318673716322229,0.8640905123034281,1.2404658485720614,-0.0193011184880681,2.7865877149951315,1.7316496760128115
64.0,246.0,1004.924560546875,1.3902787656971398,3.2388825019148166,-0.206591284257351,2.6835356447268124,-0.2393013169250669,1.0825663808182378,0.7880722208517016,0.1086941866441624,3.760609960660497,1.5499190461382142
64.0,246.0,1003.884033203125,1.1425112649696187,3.065090117718845,0.592860107788608,2.8071972518327133,0.2549808842303713,0.7688590957311772,1.1434486482266086,0.1774592781213724,3.2904317271738885,1.6652367097735672
64.0,246.0,1004.8756713867188,1.803103039357084,3.04969122379482,-0.2380855070972431,3.544222673085715,-0.3675432124331079,1.0049334701620785,1.0915745130618049,-0.0166428366782459,3.286393579044508,1.7128181502425668
64.0,246.0,1005.5949096679688,1.065741447403239,3.566321993171797,-0.1722097588879127,3.335195644635442,0.4153135222526197,1.6432684793938577,1.2308026718224587,0.3065238812510272,3.32453208933479,1.4181087479272612
64.0,246.0,1005.1708984375,1.5387374172758588,3.0630905424895096,-0.2761169812147975,3.539551483750204,-0.0710913967583387,1.0864629386437223,1.0432566156141505,0.0406253156605319,3.3703392304127733,1.6847979903288934
64.0,246.0,1004.3433227539062,1.5246637626108075,2.588764633984187,-0.2247483509817702,3.541791433209113,-0.2094105942329443,0.0900981966808316,1.4472220790014578,0.3634141441016041,3.275517642189521,1.677631713184814
64.0,246.0,1006.2902221679688,-0.4251081873792355,3.285807122763265,-0.1892787533432827,2.527234148491948,-0.6010386156964528,0.6565171337625719,1.76275366174798,-0.0125229395337214,3.152359389102193,1.536172754489335
64.0,246.0,1002.565185546875,0.5472914493255665,3.366882117201061,1.3060013984334584,1.9325170226020087,-1.0074251950736448,0.7432223534795421,1.6951969237110474,0.1334456915648295,3.316198941140461,1.659375229627378
64.0,246.0,1006.7476806640624,1.3783292661069166,2.227281756843792,0.7486796121921748,2.3676098445669496,-0.4352187250238886,0.1295667694666509,1.2582478032152908,0.9678886220425788,1.546052822985894,1.7088008776725607
64.0,246.0,1003.6841430664062,1.5264166200797986,3.063097861613356,-0.215819897253269,3.5490497273888275,-0.2048867388282806,1.0826619122252867,1.0511392207255632,-0.0170243374408754,3.2973942147249127,1.6821927523441609
64.0,246.0,1004.9850463867188,0.6143587211329081,3.6385777878302688,1.866782871449317,2.68567229671642,-0.0190286631641586,0.5847002488156035,1.759170199056142,0.7876675185527418,3.289135321111209,1.695106697781342
64.0,246.0,1006.3912353515624,1.0823124156003283,3.145532408020725,0.0937498638335725,4.3492484902596935,-0.983369492477124,0.3045399617600217,1.0355153888892177,-0.6035785196627739,3.47882371336145,1.9749920545649893
64.0,246.0,1003.7677001953124,0.9753379059727132,3.027481911426474,0.8914709442373026,3.6385006360362526,-0.1936568623912141,0.9354252219936228,1.0515023454212475,1.5844169383747184,3.3013099988549235,1.6821957420369034
64.0,246.0,1005.7315063476562,1.5396689441273124,3.0386942734840274,0.0727790596694881,3.99653790662412,-0.2180394714265182,1.1227822176659112,0.9898665587735348,-0.0161734394273001,3.292559616599718,1.7283088665121291
64.0,246.0,1005.9786376953124,1.1755166225902458,3.0139295819900664,-0.2417305383366287,3.616814653335077,-0.2729520402836232,1.8592848557108288,1.1177652924446315,0.1211451494947978,3.912459696901169,2.2316448068592054
64.0,246.0,1004.7403564453124,0.4804166552562906,3.142058809388116,-0.507253232726782,3.78275224637308,-0.5671588827166028,1.1261544357254607,1.4122039073154182,0.5007209311294231,3.503301094810195,1.926829920271378
64.0,246.0,1004.5214233398438,1.3925082887281215,3.065088985864282,-0.1686798461004562,2.4937664364779137,-0.2246521629870259,1.0573601922845028,1.0844478999456344,-0.8866334099558765,3.2654268773896447,1.6563374701400866
64.0,246.0,1006.101806640625,1.5145614614356997,2.994643314133276,-0.4385238738008652,2.6498988515969346,-0.2204737755628775,1.1219320992016055,0.99350013477897,-0.0190371027451072,3.134156782158529,1.6797391789481235
64.0,246.0,1005.5848999023438,-0.4976473021030942,3.419951677935696,-0.3086301958483286,3.870154605804175,-1.1699164176837953,1.6993185462984577,0.8701808901365833,0.0028869377323087,3.427754210534899,1.6924904654891433
64.0,246.0,1004.2504272460938,-0.8223529424704155,2.825127807401638,-0.323922086313651,1.937577607926971,-0.7880478165526897,-0.5658922756132105,1.2049866790758093,0.2624683225465503,3.2458834880441487,0.9881096602322688
64.0,246.0,1004.8351440429688,0.383266327892847,3.526047267809437,-0.0464641811751654,3.441002486581674,0.4622121063248139,0.764653895575856,1.4226068635485682,-0.4876738443664548,3.654568720914268,1.5945743322906956
64.0,247.0,1004.6443481445312,0.6900176227674764,3.063074350782302,-0.3302721781170479,3.0126561550720083,-0.1976159951512532,1.5970259768578052,1.2511792713171723,-0.0167520924344081,3.4265898532482377,1.5636003792452855
64.0,247.0,1004.2421264648438,1.1090451639676264,3.063170278295987,-0.1754780434512142,3.5433184929382966,-0.1568456031498367,1.0766389807596008,1.0528787249669178,-0.0171620058962041,3.1145081813601543,1.5893554756452115
64.0,247.0,1005.7791137695312,0.6317410114373033,3.3821840388898674,-0.6555082762858517,1.8304964441013163,0.265419887632873,0.7751960162999161,1.243165064585624,-0.3543464243561521,3.598221077351875,1.5754946386202904
64.0,247.0,1005.7072143554688,1.6491448804843336,2.9104453120023,-0.2376035463302053,3.615676320374159,-0.5459213406507523,1.0802436756395946,1.0229389087533642,-0.0226071327225542,3.134768809825729,1.4551102740604491
64.0,247.0,1005.2555541992188,-0.5037094802039921,3.707585390221884,-0.3280569768488796,3.321070462527059,0.979043172621886,-0.4155761280008436,0.9565504599200948,0.2951346271246178,3.295787014291044,2.1819067114242974
64.0,247.0,1005.51806640625,-0.40218204349395,2.9611396568649364,0.6762820959727607,3.216420950245242,-1.6087780174255435,1.486703313514423,0.3728051189080725,0.4352597544671966,2.6224629239329085,1.7656766646614763
64.0,247.0,1006.2119140625,0.4893625390202833,1.7795423029239368,-0.2283334970089545,3.1277989280704825,0.4981169607027755,1.141197769335064,2.5146578201478693,1.975507430672696,4.311031517865723,2.0922100116751228
64.0,247.0,1005.1494140625,1.4267671879387,2.82151791963309,-0.2050135975394147,3.599402345635524,-0.212234014229664,1.0699343377498252,1.054124327480299,-0.0348381047181509,3.2384919490320403,1.683330061310487
64.0,247.0,1005.474853515625,1.5026949966969567,4.303640589644998,0.0467183102294996,3.508585978273294,-0.276222544546385,1.2632585220760255,0.9839023829757484,0.4548566034085533,3.319979299343642,1.681623450852277
64.0,247.0,1004.5355224609376,-0.2067583177486083,2.156645823399848,1.1237471826284795,3.780946817479548,-0.5114493991580722,1.3470285072754011,1.5426076556614716,0.9251629364195506,3.6326501297850458,1.193605314089168
64.0,247.0,1004.0458984375,0.6627964073101363,1.902544155917261,1.7356517264199556,1.1276967507837976,-0.9532319298265536,0.6325625002596181,1.4181961809212862,1.2571856093798428,3.247627624338968,0.7396376473821458
64.0,247.0,1004.7117919921876,0.4052530103725722,2.862964791291889,1.0244185980793992,1.6185629550949447,0.0861167524434486,0.806110362194968,0.5149989619430992,0.0762824622613271,3.306353246449835,1.6419964791765842
64.0,247.0,1005.585205078125,1.4441076734521072,3.066111509674269,0.0067028297138759,3.194813058276394,-0.2495793018936137,1.1591742150332562,1.047291772061316,-0.0635626710663064,3.2934046480925203,1.7277033081006632
64.0,247.0,1004.95849609375,0.9162956780313632,2.1247201074083826,0.0379144096914144,3.0493734156772465,-0.204541723945408,1.0866278545155783,1.081534562537653,-0.1426858802547873,2.5531626479271203,1.6834925846586402
64.0,247.0,1003.9569702148438,0.448016906340041,3.105722986450256,0.8138035866923863,3.0955404770734902,0.2620725015799733,1.6869868466778326,0.0600023277914734,0.2622416693067444,3.1208073658522064,1.5478276998793208
64.0,247.0,1005.9080810546876,1.0513515896295955,3.0324479004866207,-0.1399893757068982,2.5909601277576697,-0.1207554487964864,2.5126882206643253,1.1607896320933913,0.180815057255496,3.251736532375584,2.58552590355996
64.0,247.0,1005.7649536132812,0.2825466944237913,3.223371955913502,-1.130107795435179,3.475165291581171,-1.048330892200188,0.6773142097574366,1.7224453178602437,-0.0116344510771347,2.978858171781275,1.664112733334867
64.0,247.0,1003.8233642578124,1.028523366259821,3.0628461474330293,-0.3204188298828894,3.0167776901382988,0.2647472536681213,1.306874930918926,0.9514498344110252,-0.5399432597472117,3.348110656193866,0.8965220619264871
64.0,247.0,1006.2741088867188,1.643031542836416,3.606370926934152,-0.6934784640503268,3.544777025413626,-0.1168117638030309,0.939111865717292,1.235370936060419,0.8014975999324441,3.270795648100955,1.6707495569788469
64.0,247.0,1005.4312744140624,1.3627715738376884,3.076635121501396,-0.2203183241854567,3.1897560510402903,-0.4507563945197057,1.1522013466208365,1.072078304572779,-0.0715777010715543,3.2997649430028133,1.6650114468654638
64.0,247.0,1006.1286010742188,1.5630251164579407,3.034072154337606,-0.2144607478813976,3.3747890166807086,-0.1840946200972616,1.0834848120091078,1.505132191142844,0.0986427251527393,3.2971237436003165,1.6407078622033984
64.0,247.0,1004.8368530273438,-0.0192859539180938,3.1458012448024646,-0.4052589456220559,3.5837623621294377,-0.4446218579421889,1.004306573519272,1.0674916208430016,-0.1473208806064043,4.659302750457305,1.266183010783346
64.0,247.0,1005.0035400390624,1.488088734200528,3.2964916798764268,-0.081613556681665,3.4931910742310563,-0.4795947022471148,1.19443031097595,1.5983254058784726,0.3030366300005376,3.1093375136026897,1.3517079212642986
64.0,247.0,1005.59716796875,0.8422960777773174,3.0348209215701183,-0.2311176520887816,3.530445462000517,0.731073415144617,1.0838871087870037,1.0526527931079228,-0.2789778063184201,3.525442996103043,1.9314441196361605
64.0,247.0,1005.1682739257812,0.4758226699530498,2.725912301651685,-0.0230184400084026,3.5041163169939864,-0.2839688026094656,0.98246182909671,0.7814411067738086,0.0567855685067581,3.2908997596538847,1.3640380101297185
64.0,247.0,1004.932861328125,1.5796322669745138,2.974669102036052,-0.2759972217390695,3.567574034001228,-0.2093543612178015,1.4940440693796724,1.055340177568717,-0.0056815911348413,3.322450316094878,2.2801882162059304
64.0,247.0,1004.5557861328124,1.021039932157859,3.115921688963008,1.0019107446718256,2.234313345165861,-1.2644187944951404,0.667371423970712,1.2297919770831705,0.8270215697473942,3.348214809893935,1.7947175164238944
64.0,247.0,1005.9476318359376,0.0416259073064684,3.056620648095169,0.9059087932371556,3.541676985417584,-0.4558259587305865,-0.3150494321593007,1.05123482986649,-0.0994281152615595,3.238383279985208,1.6565234082160285
64.0,247.0,1005.81201171875,1.0493680198447488,3.1481788145602274,-0.3742052874168526,1.7340138049668434,0.0318673716322229,0.8640905123034281,1.2404658485720614,-0.0193011184880681,2.7865877149951315,1.7316496760128115
64.0,247.0,1004.924560546875,1.3902787656971398,3.2388825019148166,-0.206591284257351,2.6835356447268124,-0.2393013169250669,1.0825663808182378,0.7880722208517016,0.1086941866441624,3.760609960660497,1.5499190461382142
64.0,247.0,1003.884033203125,1.1425112649696187,3.065090117718845,0.592860107788608,2.8071972518327133,0.2549808842303713,0.7688590957311772,1.1434486482266086,0.1774592781213724,3.2904317271738885,1.6652367097735672
64.0,247.0,1004.8756713867188,1.803103039357084,3.04969122379482,-0.2380855070972431,3.544222673085715,-0.3675432124331079,1.0049334701620785,1.0915745130618049,-0.0166428366782459,3.286393579044508,1.7128181502425668
64.0,247.0,1005.5949096679688,1.065741447403239,3.566321993171797,-0.1722097588879127,3.335195644635442,0.4153135222526197,1.6432684793938577,1.2308026718224587,0.3065238812510272,3.32453208933479,1.4181087479272612
64.0,247.0,1005.1708984375,1.5387374172758588,3.0630905424895096,-0.2761169812147975,3.539551483750204,-0.0710913967583387,1.0864629386437223,1.0432566156141505,0.0406253156605319,3.3703392304127733,1.6847979903288934
64.0,247.0,1004.3433227539062,1.5246637626108075,2.588764633984187,-0.2247483509817702,3.541791433209113,-0.2094105942329443,0.0900981966808316,1.4472220790014578,0.3634141441016041,3.275517642189521,1.677631713184814
64.0,247.0,1006.2902221679688,-0.4251081873792355,3.285807122763265,-0.1892787533432827,2.527234148491948,-0.6010386156964528,0.6565171337625719,1.76275366174798,-0.0125229395337214,3.152359389102193,1.536172754489335
64.0,247.0,1002.565185546875,0.5472914493255665,3.366882117201061,1.3060013984334584,1.9325170226020087,-1.0074251950736448,0.7432223534795421,1.6951969237110474,0.1334456915648295,3.316198941140461,1.659375229627378
64.0,247.0,1006.7476806640624,1.3783292661069166,2.227281756843792,0.7486796121921748,2.3676098445669496,-0.4352187250238886,0.1295667694666509,1.2582478032152908,0.9678886220425788,1.546052822985894,1.7088008776725607
64.0,247.0,1003.6841430664062,1.5264166200797986,3.063097861613356,-0.215819897253269,3.5490497273888275,-0.2048867388282806,1.0826619122252867,1.0511392207255632,-0.0170243374408754,3.2973942147249127,1.6821927523441609
64.0,247.0,1004.9850463867188,0.6143587211329081,3.6385777878302688,1.866782871449317,2.68567229671642,-0.0190286631641586,0.5847002488156035,1.759170199056142,0.7876675185527418,3.289135321111209,1.695106697781342
64.0,247.0,1006.3912353515624,1.0823124156003283,3.145532408020725,0.0937498638335725,4.3492484902596935,-0.983369492477124,0.3045399617600217,1.0355153888892177,-0.6035785196627739,3.47882371336145,1.9749920545649893
64.0,247.0,1003.7677001953124,0.9753379059727132,3.027481911426474,0.8914709442373026,3.6385006360362526,-0.1936568623912141,0.9354252219936228,1.0515023454212475,1.5844169383747184,3.3013099988549235,1.6821957420369034
64.0,247.0,1005.7315063476562,1.5396689441273124,3.0386942734840274,0.0727790596694881,3.99653790662412,-0.2180394714265182,1.1227822176659112,0.9898665587735348,-0.0161734394273001,3.292559616599718,1.7283088665121291
64.0,247.0,1005.9786376953124,1.1755166225902458,3.0139295819900664,-0.2417305383366287,3.616814653335077,-0.2729520402836232,1.8592848557108288,1.1177652924446315,0.1211451494947978,3.912459696901169,2.2316448068592054
64.0,247.0,1004.7403564453124,0.4804166552562906,3.142058809388116,-0.507253232726782,3.78275224637308,-0.5671588827166028,1.1261544357254607,1.4122039073154182,0.5007209311294231,3.503301094810195,1.926829920271378
64.0,247.0,1004.5214233398438,1.3925082887281215,3.065088985864282,-0.1686798461004562,2.4937664364779137,-0.2246521629870259,1.0573601922845028,1.0844478999456344,-0.8866334099558765,3.2654268773896447,1.6563374701400866
64.0,247.0,1006.101806640625,1.5145614614356997,2.994643314133276,-0.4385238738008652,2.6498988515969346,-0.2204737755628775,1.1219320992016055,0.99350013477897,-0.0190371027451072,3.134156782158529,1.6797391789481235
64.0,247.0,1005.5848999023438,-0.4976473021030942,3.419951677935696,-0.3086301958483286,3.870154605804175,-1.1699164176837953,1.6993185462984577,0.8701808901365833,0.0028869377323087,3.427754210534899,1.6924904654891433
64.0,247.0,1004.2504272460938,-0.8223529424704155,2.825127807401638,-0.323922086313651,1.937577607926971,-0.7880478165526897,-0.5658922756132105,1.2049866790758093,0.2624683225465503,3.2458834880441487,0.9881096602322688
64.0,247.0,1004.8351440429688,0.383266327892847,3.526047267809437,-0.0464641811751654,3.441002486581674,0.4622121063248139,0.764653895575856,1.4226068635485682,-0.4876738443664548,3.654568720914268,1.5945743322906956
64.0,248.0,1004.6443481445312,0.6900176227674764,3.063074350782302,-0.3302721781170479,3.0126561550720083,-0.1976159951512532,1.5970259768578052,1.2511792713171723,-0.0167520924344081,3.4265898532482377,1.5636003792452855
64.0,248.0,1004.2421264648438,1.1090451639676264,3.063170278295987,-0.1754780434512142,3.5433184929382966,-0.1568456031498367,1.0766389807596008,1.0528787249669178,-0.0171620058962041,3.1145081813601543,1.5893554756452115
64.0,248.0,1005.7791137695312,0.6317410114373033,3.3821840388898674,-0.6555082762858517,1.8304964441013163,0.265419887632873,0.7751960162999161,1.243165064585624,-0.3543464243561521,3.598221077351875,1.5754946386202904
64.0,248.0,1005.7072143554688,1.6491448804843336,2.9104453120023,-0.2376035463302053,3.615676320374159,-0.5459213406507523,1.0802436756395946,1.0229389087533642,-0.0226071327225542,3.134768809825729,1.4551102740604491
64.0,248.0,1005.2555541992188,-0.5037094802039921,3.707585390221884,-0.3280569768488796,3.321070462527059,0.979043172621886,-0.4155761280008436,0.9565504599200948,0.2951346271246178,3.295787014291044,2.1819067114242974
64.0,248.0,1005.51806640625,-0.40218204349395,2.9611396568649364,0.6762820959727607,3.216420950245242,-1.6087780174255435,1.486703313514423,0.3728051189080725,0.4352597544671966,2.6224629239329085,1.7656766646614763
64.0,248.0,1006.2119140625,0.4893625390202833,1.7795423029239368,-0.2283334970089545,3.1277989280704825,0.4981169607027755,1.141197769335064,2.5146578201478693,1.975507430672696,4.311031517865723,2.0922100116751228
64.0,248.0,1005.1494140625,1.4267671879387,2.82151791963309,-0.2050135975394147,3.599402345635524,-0.212234014229664,1.0699343377498252,1.054124327480299,-0.0348381047181509,3.2384919490320403,1.683330061310487
64.0,248.0,1005.474853515625,1.5026949966969567,4.303640589644998,0.0467183102294996,3.508585978273294,-0.276222544546385,1.2632585220760255,0.9839023829757484,0.4548566034085533,3.319979299343642,1.681623450852277
64.0,248.0,1004.5355224609376,-0.2067583177486083,2.156645823399848,1.1237471826284795,3.780946817479548,-0.5114493991580722,1.3470285072754011,1.5426076556614716,0.9251629364195506,3.6326501297850458,1.193605314089168
64.0,248.0,1004.0458984375,0.6627964073101363,1.902544155917261,1.7356517264199556,1.1276967507837976,-0.9532319298265536,0.6325625002596181,1.4181961809212862,1.2571856093798428,3.247627624338968,0.7396376473821458
64.0,248.0,1004.7117919921876,0.4052530103725722,2.862964791291889,1.0244185980793992,1.6185629550949447,0.0861167524434486,0.806110362194968,0.5149989619430992,0.0762824622613271,3.306353246449835,1.6419964791765842
64.0,248.0,1005.585205078125,1.4441076734521072,3.066111509674269,0.0067028297138759,3.194813058276394,-0.2495793018936137,1.1591742150332562,1.047291772061316,-0.0635626710663064,3.2934046480925203,1.7277033081006632
64.0,248.0,1004.95849609375,0.9162956780313632,2.1247201074083826,0.0379144096914144,3.0493734156772465,-0.204541723945408,1.0866278545155783,1.081534562537653,-0.1426858802547873,2.5531626479271203,1.6834925846586402
64.0,248.0,1003.9569702148438,0.448016906340041,3.105722986450256,0.8138035866923863,3.0955404770734902,0.2620725015799733,1.6869868466778326,0.0600023277914734,0.2622416693067444,3.1208073658522064,1.5478276998793208
64.0,248.0,1005.9080810546876,1.0513515896295955,3.0324479004866207,-0.1399893757068982,2.5909601277576697,-0.1207554487964864,2.5126882206643253,1.1607896320933913,0.180815057255496,3.251736532375584,2.58552590355996
64.0,248.0,1005.7649536132812,0.2825466944237913,3.223371955913502,-1.130107795435179,3.475165291581171,-1.048330892200188,0.6773142097574366,1.7224453178602437,-0.0116344510771347,2.978858171781275,1.664112733334867
64.0,248.0,1003.8233642578124,1.028523366259821,3.0628461474330293,-0.3204188298828894,3.0167776901382988,0.2647472536681213,1.306874930918926,0.9514498344110252,-0.5399432597472117,3.348110656193866,0.8965220619264871
64.0,248.0,1006.2741088867188,1.643031542836416,3.606370926934152,-0.6934784640503268,3.544777025413626,-0.1168117638030309,0.939111865717292,1.235370936060419,0.8014975999324441,3.270795648100955,1.6707495569788469
64.0,248.0,1005.4312744140624,1.3627715738376884,3.076635121501396,-0.2203183241854567,3.1897560510402903,-0.4507563945197057,1.1522013466208365,1.072078304572779,-0.0715777010715543,3.2997649430028133,1.6650114468654638
64.0,248.0,1006.1286010742188,1.5630251164579407,3.034072154337606,-0.2144607478813976,3.3747890166807086,-0.1840946200972616,1.0834848120091078,1.505132191142844,0.0986427251527393,3.2971237436003165,1.6407078622033984
64.0,248.0,1004.8368530273438,-0.0192859539180938,3.1458012448024646,-0.4052589456220559,3.5837623621294377,-0.4446218579421889,1.004306573519272,1.0674916208430016,-0.1473208806064043,4.659302750457305,1.266183010783346
64.0,248.0,1005.0035400390624,1.488088734200528,3.2964916798764268,-0.081613556681665,3.4931910742310563,-0.4795947022471148,1.19443031097595,1.5983254058784726,0.3030366300005376,3.1093375136026897,1.3517079212642986
64.0,248.0,1005.59716796875,0.8422960777773174,3.0348209215701183,-0.2311176520887816,3.530445462000517,0.731073415144617,1.0838871087870037,1.0526527931079228,-0.2789778063184201,3.525442996103043,1.9314441196361605
64.0,248.0,1005.1682739257812,0.4758226699530498,2.725912301651685,-0.0230184400084026,3.5041163169939864,-0.2839688026094656,0.98246182909671,0.7814411067738086,0.0567855685067581,3.2908997596538847,1.3640380101297185
64.0,248.0,1004.932861328125,1.5796322669745138,2.974669102036052,-0.2759972217390695,3.567574034001228,-0.2093543612178015,1.4940440693796724,1.055340177568717,-0.0056815911348413,3.322450316094878,2.2801882162059304
64.0,248.0,1004.5557861328124,1.021039932157859,3.115921688963008,1.0019107446718256,2.234313345165861,-1.2644187944951404,0.667371423970712,1.2297919770831705,0.8270215697473942,3.348214809893935,1.7947175164238944
64.0,248.0,1005.9476318359376,0.0416259073064684,3.056620648095169,0.9059087932371556,3.541676985417584,-0.4558259587305865,-0.3150494321593007,1.05123482986649,-0.0994281152615595,3.238383279985208,1.6565234082160285
64.0,248.0,1005.81201171875,1.0493680198447488,3.1481788145602274,-0.3742052874168526,1.7340138049668434,0.0318673716322229,0.8640905123034281,1.2404658485720614,-0.0193011184880681,2.7865877149951315,1.7316496760128115
64.0,248.0,1004.924560546875,1.3902787656971398,3.2388825019148166,-0.206591284257351,2.6835356447268124,-0.2393013169250669,1.0825663808182378,0.7880722208517016,0.1086941866441624,3.760609960660497,1.5499190461382142
64.0,248.0,1003.884033203125,1.1425112649696187,3.065090117718845,0.592860107788608,2.8071972518327133,0.2549808842303713,0.7688590957311772,1.1434486482266086,0.1774592781213724,3.2904317271738885,1.6652367097735672
64.0,248.0,1004.8756713867188,1.803103039357084,3.04969122379482,-0.2380855070972431,3.544222673085715,-0.3675432124331079,1.0049334701620785,1.0915745130618049,-0.0166428366782459,3.286393579044508,1.7128181502425668
64.0,248.0,1005.5949096679688,1.065741447403239,3.566321993171797,-0.1722097588879127,3.335195644635442,0.4153135222526197,1.6432684793938577,1.2308026718224587,0.3065238812510272,3.32453208933479,1.4181087479272612
64.0,248.0,1005.1708984375,1.5387374172758588,3.0630905424895096,-0.2761169812147975,3.539551483750204,-0.0710913967583387,1.0864629386437223,1.0432566156141505,0.0406253156605319,3.3703392304127733,1.6847979903288934
64.0,248.0,1004.3433227539062,1.5246637626108075,2.588764633984187,-0.2247483509817702,3.541791433209113,-0.2094105942329443,0.0900981966808316,1.4472220790014578,0.3634141441016041,3.275517642189521,1.677631713184814
64.0,248.0,1006.2902221679688,-0.4251081873792355,3.285807122763265,-0.1892787533432827,2.527234148491948,-0.6010386156964528,0.6565171337625719,1.76275366174798,-0.0125229395337214,3.152359389102193,1.536172754489335
64.0,248.0,1002.565185546875,0.5472914493255665,3.366882117201061,1.3060013984334584,1.9325170226020087,-1.0074251950736448,0.7432223534795421,1.6951969237110474,0.1334456915648295,3.316198941140461,1.659375229627378
64.0,248.0,1006.7476806640624,1.3783292661069166,2.227281756843792,0.7486796121921748,2.3676098445669496,-0.4352187250238886,0.1295667694666509,1.2582478032152908,0.9678886220425788,1.546052822985894,1.7088008776725607
64.0,248.0,1003.6841430664062,1.5264166200797986,3.063097861613356,-0.215819897253269,3.5490497273888275,-0.2048867388282806,1.0826619122252867,1.0511392207255632,-0.0170243374408754,3.2973942147249127,1.6821927523441609
64.0,248.0,1004.9850463867188,0.6143587211329081,3.6385777878302688,1.866782871449317,2.68567229671642,-0.0190286631641586,0.5847002488156035,1.759170199056142,0.7876675185527418,3.289135321111209,1.695106697781342
64.0,248.0,1006.3912353515624,1.0823124156003283,3.145532408020725,0.0937498638335725,4.3492484902596935,-0.983369492477124,0.3045399617600217,1.0355153888892177,-0.6035785196627739,3.47882371336145,1.9749920545649893
64.0,248.0,1003.7677001953124,0.9753379059727132,3.027481911426474,0.8914709442373026,3.6385006360362526,-0.1936568623912141,0.9354252219936228,1.0515023454212475,1.5844169383747184,3.3013099988549235,1.6821957420369034
64.0,248.0,1005.7315063476562,1.5396689441273124,3.0386942734840274,0.0727790596694881,3.99653790662412,-0.2180394714265182,1.1227822176659112,0.9898665587735348,-0.0161734394273001,3.292559616599718,1.7283088665121291
64.0,248.0,1005.9786376953124,1.1755166225902458,3.0139295819900664,-0.2417305383366287,3.616814653335077,-0.2729520402836232,1.8592848557108288,1.1177652924446315,0.1211451494947978,3.912459696901169,2.2316448068592054
64.0,248.0,1004.7403564453124,0.4804166552562906,3.142058809388116,-0.507253232726782,3.78275224637308,-0.5671588827166028,1.1261544357254607,1.4122039073154182,0.5007209311294231,3.503301094810195,1.926829920271378
64.0,248.0,1004.5214233398438,1.3925082887281215,3.065088985864282,-0.1686798461004562,2.4937664364779137,-0.2246521629870259,1.0573601922845028,1.0844478999456344,-0.8866334099558765,3.2654268773896447,1.6563374701400866
64.0,248.0,1006.101806640625,1.5145614614356997,2.994643314133276,-0.4385238738008652,2.6498988515969346,-0.2204737755628775,1.1219320992016055,0.99350013477897,-0.0190371027451072,3.134156782158529,1.6797391789481235
64.0,248.0,1005.5848999023438,-0.4976473021030942,3.419951677935696,-0.3086301958483286,3.870154605804175,-1.1699164176837953,1.6993185462984577,0.8701808901365833,0.0028869377323087,3.427754210534899,1.6924904654891433
64.0,248.0,1004.2504272460938,-0.8223529424704155,2.825127807401638,-0.323922086313651,1.937577607926971,-0.7880478165526897,-0.5658922756132105,1.2049866790758093,0.2624683225465503,3.2458834880441487,0.9881096602322688
64.0,248.0,1004.8351440429688,0.383266327892847,3.526047267809437,-0.0464641811751654,3.441002486581674,0.4622121063248139,0.764653895575856,1.4226068635485682,-0.4876738443664548,3.654568720914268,1.5945743322906956
64.0,249.0,1004.6443481445312,0.6900176227674764,3.063074350782302,-0.3302721781170479,3.0126561550720083,-0.1976159951512532,1.5970259768578052,1.2511792713171723,-0.0167520924344081,3.4265898532482377,1.5636003792452855
64.0,249.0,1004.2421264648438,1.1090451639676264,3.063170278295987,-0.1754780434512142,3.5433184929382966,-0.1568456031498367,1.0766389807596008,1.0528787249669178,-0.0171620058962041,3.1145081813601543,1.5893554756452115
64.0,249.0,1005.7791137695312,0.6317410114373033,3.3821840388898674,-0.6555082762858517,1.8304964441013163,0.265419887632873,0.7751960162999161,1.243165064585624,-0.3543464243561521,3.598221077351875,1.5754946386202904
64.0,249.0,1005.7072143554688,1.6491448804843336,2.9104453120023,-0.2376035463302053,3.615676320374159,-0.5459213406507523,1.0802436756395946,1.0229389087533642,-0.0226071327225542,3.134768809825729,1.4551102740604491
64.0,249.0,1005.2555541992188,-0.5037094802039921,3.707585390221884,-0.3280569768488796,3.321070462527059,0.979043172621886,-0.4155761280008436,0.9565504599200948,0.2951346271246178,3.295787014291044,2.1819067114242974
64.0,249.0,1005.51806640625,-0.40218204349395,2.9611396568649364,0.6762820959727607,3.216420950245242,-1.6087780174255435,1.486703313514423,0.3728051189080725,0.4352597544671966,2.6224629239329085,1.7656766646614763
64.0,249.0,1006.2119140625,0.4893625390202833,1.7795423029239368,-0.2283334970089545,3.1277989280704825,0.4981169607027755,1.141197769335064,2.5146578201478693,1.975507430672696,4.311031517865723,2.0922100116751228
64.0,249.0,1005.1494140625,1.4267671879387,2.82151791963309,-0.2050135975394147,3.599402345635524,-0.212234014229664,1.0699343377498252,1.054124327480299,-0.0348381047181509,3.2384919490320403,1.683330061310487
64.0,249.0,1005.474853515625,1.5026949966969567,4.303640589644998,0.0467183102294996,3.508585978273294,-0.276222544546385,1.2632585220760255,0.9839023829757484,0.4548566034085533,3.319979299343642,1.681623450852277
64.0,249.0,1004.5355224609376,-0.2067583177486083,2.156645823399848,1.1237471826284795,3.780946817479548,-0.5114493991580722,1.3470285072754011,1.5426076556614716,0.9251629364195506,3.6326501297850458,1.193605314089168
64.0,249.0,1004.0458984375,0.6627964073101363,1.902544155917261,1.7356517264199556,1.1276967507837976,-0.9532319298265536,0.6325625002596181,1.4181961809212862,1.2571856093798428,3.247627624338968,0.7396376473821458
64.0,249.0,1004.7117919921876,0.4052530103725722,2.862964791291889,1.0244185980793992,1.6185629550949447,0.0861167524434486,0.806110362194968,0.5149989619430992,0.0762824622613271,3.306353246449835,1.6419964791765842
64.0,249.0,1005.585205078125,1.4441076734521072,3.066111509674269,0.0067028297138759,3.194813058276394,-0.2495793018936137,1.1591742150332562,1.047291772061316,-0.0635626710663064,3.2934046480925203,1.7277033081006632
64.0,249.0,1004.95849609375,0.9162956780313632,2.1247201074083826,0.0379144096914144,3.0493734156772465,-0.204541723945408,1.0866278545155783,1.081534562537653,-0.1426858802547873,2.5531626479271203,1.6834925846586402
64.0,249.0,1003.9569702148438,0.448016906340041,3.105722986450256,0.8138035866923863,3.0955404770734902,0.2620725015799733,1.6869868466778326,0.0600023277914734,0.2622416693067444,3.1208073658522064,1.5478276998793208
64.0,249.0,1005.9080810546876,1.0513515896295955,3.0324479004866207,-0.1399893757068982,2.5909601277576697,-0.1207554487964864,2.5126882206643253,1.1607896320933913,0.180815057255496,3.251736532375584,2.58552590355996
64.0,249.0,1005.7649536132812,0.2825466944237913,3.223371955913502,-1.130107795435179,3.475165291581171,-1.048330892200188,0.6773142097574366,1.7224453178602437,-0.0116344510771347,2.978858171781275,1.664112733334867
64.0,249.0,1003.8233642578124,1.028523366259821,3.0628461474330293,-0.3204188298828894,3.0167776901382988,0.2647472536681213,1.306874930918926,0.9514498344110252,-0.5399432597472117,3.348110656193866,0.8965220619264871
64.0,249.0,1006.2741088867188,1.643031542836416,3.606370926934152,-0.6934784640503268,3.544777025413626,-0.1168117638030309,0.939111865717292,1.235370936060419,0.8014975999324441,3.270795648100955,1.6707495569788469
64.0,249.0,1005.4312744140624,1.3627715738376884,3.076635121501396,-0.2203183241854567,3.1897560510402903,-0.4507563945197057,1.1522013466208365,1.072078304572779,-0.0715777010715543,3.2997649430028133,1.6650114468654638
64.0,249.0,1006.1286010742188,1.5630251164579407,3.034072154337606,-0.2144607478813976,3.3747890166807086,-0.1840946200972616,1.0834848120091078,1.505132191142844,0.0986427251527393,3.2971237436003165,1.6407078622033984
64.0,249.0,1004.8368530273438,-0.0192859539180938,3.1458012448024646,-0.4052589456220559,3.5837623621294377,-0.4446218579421889,1.004306573519272,1.0674916208430016,-0.1473208806064043,4.659302750457305,1.266183010783346
64.0,249.0,1005.0035400390624,1.488088734200528,3.2964916798764268,-0.081613556681665,3.4931910742310563,-0.4795947022471148,1.19443031097595,1.5983254058784726,0.3030366300005376,3.1093375136026897,1.3517079212642986
64.0,249.0,1005.59716796875,0.8422960777773174,3.0348209215701183,-0.2311176520887816,3.530445462000517,0.731073415144617,1.0838871087870037,1.0526527931079228,-0.2789778063184201,3.525442996103043,1.9314441196361605
64.0,249.0,1005.1682739257812,0.4758226699530498,2.725912301651685,-0.0230184400084026,3.5041163169939864,-0.2839688026094656,0.98246182909671,0.7814411067738086,0.0567855685067581,3.2908997596538847,1.3640380101297185
64.0,249.0,1004.932861328125,1.5796322669745138,2.974669102036052,-0.2759972217390695,3.567574034001228,-0.2093543612178015,1.4940440693796724,1.055340177568717,-0.0056815911348413,3.322450316094878,2.2801882162059304
64.0,249.0,1004.5557861328124,1.021039932157859,3.115921688963008,1.0019107446718256,2.234313345165861,-1.2644187944951404,0.667371423970712,1.2297919770831705,0.8270215697473942,3.348214809893935,1.7947175164238944
64.0,249.0,1005.9476318359376,0.0416259073064684,3.056620648095169,0.9059087932371556,3.541676985417584,-0.4558259587305865,-0.3150494321593007,1.05123482986649,-0.0994281152615595,3.238383279985208,1.6565234082160285
64.0,249.0,1005.81201171875,1.0493680198447488,3.1481788145602274,-0.3742052874168526,1.7340138049668434,0.0318673716322229,0.8640905123034281,1.2404658485720614,-0.0193011184880681,2.7865877149951315,1.7316496760128115
64.0,249.0,1004.924560546875,1.3902787656971398,3.2388825019148166,-0.206591284257351,2.6835356447268124,-0.2393013169250669,1.0825663808182378,0.7880722208517016,0.1086941866441624,3.760609960660497,1.5499190461382142
64.0,249.0,1003.884033203125,1.1425112649696187,3.065090117718845,0.592860107788608,2.8071972518327133,0.2549808842303713,0.7688590957311772,1.1434486482266086,0.1774592781213724,3.2904317271738885,1.6652367097735672
64.0,249.0,1004.8756713867188,1.803103039357084,3.04969122379482,-0.2380855070972431,3.544222673085715,-0.3675432124331079,1.0049334701620785,1.0915745130618049,-0.0166428366782459,3.286393579044508,1.7128181502425668
64.0,249.0,1005.5949096679688,1.065741447403239,3.566321993171797,-0.1722097588879127,3.335195644635442,0.4153135222526197,1.6432684793938577,1.2308026718224587,0.3065238812510272,3.32453208933479,1.4181087479272612
64.0,249.0,1005.1708984375,1.5387374172758588,3.0630905424895096,-0.2761169812147975,3.539551483750204,-0.0710913967583387,1.0864629386437223,1.0432566156141505,0.0406253156605319,3.3703392304127733,1.6847979903288934
64.0,249.0,1004.3433227539062,1.5246637626108075,2.588764633984187,-0.2247483509817702,3.541791433209113,-0.2094105942329443,0.0900981966808316,1.4472220790014578,0.3634141441016041,3.275517642189521,1.677631713184814
64.0,249.0,1006.2902221679688,-0.4251081873792355,3.285807122763265,-0.1892787533432827,2.527234148491948,-0.6010386156964528,0.6565171337625719,1.76275366174798,-0.0125229395337214,3.152359389102193,1.536172754489335
64.0,249.0,1002.565185546875,0.5472914493255665,3.366882117201061,1.3060013984334584,1.9325170226020087,-1.0074251950736448,0.7432223534795421,1.6951969237110474,0.1334456915648295,3.316198941140461,1.659375229627378
64.0,249.0,1006.7476806640624,1.3783292661069166,2.227281756843792,0.7486796121921748,2.3676098445669496,-0.4352187250238886,0.1295667694666509,1.2582478032152908,0.9678886220425788,1.546052822985894,1.7088008776725607
64.0,249.0,1003.6841430664062,1.5264166200797986,3.063097861613356,-0.215819897253269,3.5490497273888275,-0.2048867388282806,1.0826619122252867,1.0511392207255632,-0.0170243374408754,3.2973942147249127,1.6821927523441609
64.0,249.0,1004.9850463867188,0.6143587211329081,3.6385777878302688,1.866782871449317,2.68567229671642,-0.0190286631641586,0.5847002488156035,1.759170199056142,0.7876675185527418,3.289135321111209,1.695106697781342
64.0,249.0,1006.3912353515624,1.0823124156003283,3.145532408020725,0.0937498638335725,4.3492484902596935,-0.983369492477124,0.3045399617600217,1.0355153888892177,-0.6035785196627739,3.47882371336145,1.9749920545649893
64.0,249.0,1003.7677001953124,0.9753379059727132,3.027481911426474,0.8914709442373026,3.6385006360362526,-0.1936568623912141,0.9354252219936228,1.0515023454212475,1.5844169383747184,3.3013099988549235,1.6821957420369034
64.0,249.0,1005.7315063476562,1.5396689441273124,3.0386942734840274,0.0727790596694881,3.99653790662412,-0.2180394714265182,1.1227822176659112,0.9898665587735348,-0.0161734394273001,3.292559616599718,1.7283088665121291
64.0,249.0,1005.9786376953124,1.1755166225902458,3.0139295819900664,-0.2417305383366287,3.616814653335077,-0.2729520402836232,1.8592848557108288,1.1177652924446315,0.1211451494947978,3.912459696901169,2.2316448068592054
64.0,249.0,1004.7403564453124,0.4804166552562906,3.142058809388116,-0.507253232726782,3.78275224637308,-0.5671588827166028,1.1261544357254607,1.4122039073154182,0.5007209311294231,3.503301094810195,1.926829920271378
64.0,249.0,1004.5214233398438,1.3925082887281215,3.065088985864282,-0.1686798461004562,2.4937664364779137,-0.2246521629870259,1.0573601922845028,1.0844478999456344,-0.8866334099558765,3.2654268773896447,1.6563374701400866
64.0,249.0,1004.5638427734376,-0.2134668305182117,2.783390802993948,1.9017004885948512,1.4366753845009534,-0.5024318747415023,0.7385154890632665,0.977632335582272,0.2974201112703576,3.125186682888231,1.6802011201576457
64.0,249.0,1005.5848999023438,-0.4976473021030942,3.419951677935696,-0.3086301958483286,3.870154605804175,-1.1699164176837953,1.6993185462984577,0.8701808901365833,0.0028869377323087,3.427754210534899,1.6924904654891433
64.0,249.0,1004.2504272460938,-0.8223529424704155,2.825127807401638,-0.323922086313651,1.937577607926971,-0.7880478165526897,-0.5658922756132105,1.2049866790758093,0.2624683225465503,3.2458834880441487,0.9881096602322688
64.0,249.0,1004.8351440429688,0.383266327892847,3.526047267809437,-0.0464641811751654,3.441002486581674,0.4622121063248139,0.764653895575856,1.4226068635485682,-0.4876738443664548,3.654568720914268,1.5945743322906956
64.0,250.0,1004.6443481445312,0.6900176227674764,3.063074350782302,-0.3302721781170479,3.0126561550720083,-0.1976159951512532,1.5970259768578052,1.2511792713171723,-0.0167520924344081,3.4265898532482377,1.5636003792452855
64.0,250.0,1004.2421264648438,1.1090451639676264,3.063170278295987,-0.1754780434512142,3.5433184929382966,-0.1568456031498367,1.0766389807596008,1.0528787249669178,-0.0171620058962041,3.1145081813601543,1.5893554756452115
64.0,250.0,1005.7791137695312,0.6317410114373033,3.3821840388898674,-0.6555082762858517,1.8304964441013163,0.265419887632873,0.7751960162999161,1.243165064585624,-0.3543464243561521,3.598221077351875,1.5754946386202904
64.0,250.0,1005.7072143554688,1.6491448804843336,2.9104453120023,-0.2376035463302053,3.615676320374159,-0.5459213406507523,1.0802436756395946,1.0229389087533642,-0.0226071327225542,3.134768809825729,1.4551102740604491
64.0,250.0,1005.2555541992188,-0.5037094802039921,3.707585390221884,-0.3280569768488796,3.321070462527059,0.979043172621886,-0.4155761280008436,0.9565504599200948,0.2951346271246178,3.295787014291044,2.1819067114242974
64.0,250.0,1005.51806640625,-0.40218204349395,2.9611396568649364,0.6762820959727607,3.216420950245242,-1.6087780174255435,1.486703313514423,0.3728051189080725,0.4352597544671966,2.6224629239329085,1.7656766646614763
64.0,250.0,1006.2119140625,0.4893625390202833,1.7795423029239368,-0.2283334970089545,3.1277989280704825,0.4981169607027755,1.141197769335064,2.5146578201478693,1.975507430672696,4.311031517865723,2.0922100116751228
64.0,250.0,1005.1494140625,1.4267671879387,2.82151791963309,-0.2050135975394147,3.599402345635524,-0.212234014229664,1.0699343377498252,1.054124327480299,-0.0348381047181509,3.2384919490320403,1.683330061310487
64.0,250.0,1005.474853515625,1.5026949966969567,4.303640589644998,0.0467183102294996,3.508585978273294,-0.276222544546385,1.2632585220760255,0.9839023829757484,0.4548566034085533,3.319979299343642,1.681623450852277
64.0,250.0,1004.5355224609376,-0.2067583177486083,2.156645823399848,1.1237471826284795,3.780946817479548,-0.5114493991580722,1.3470285072754011,1.5426076556614716,0.9251629364195506,3.6326501297850458,1.193605314089168
64.0,250.0,1004.0458984375,0.6627964073101363,1.902544155917261,1.7356517264199556,1.1276967507837976,-0.9532319298265536,0.6325625002596181,1.4181961809212862,1.2571856093798428,3.247627624338968,0.7396376473821458
64.0,250.0,1004.7117919921876,0.4052530103725722,2.862964791291889,1.0244185980793992,1.6185629550949447,0.0861167524434486,0.806110362194968,0.5149989619430992,0.0762824622613271,3.306353246449835,1.6419964791765842
64.0,250.0,1005.585205078125,1.4441076734521072,3.066111509674269,0.0067028297138759,3.194813058276394,-0.2495793018936137,1.1591742150332562,1.047291772061316,-0.0635626710663064,3.2934046480925203,1.7277033081006632
64.0,250.0,1004.95849609375,0.9162956780313632,2.1247201074083826,0.0379144096914144,3.0493734156772465,-0.204541723945408,1.0866278545155783,1.081534562537653,-0.1426858802547873,2.5531626479271203,1.6834925846586402
64.0,250.0,1003.9569702148438,0.448016906340041,3.105722986450256,0.8138035866923863,3.0955404770734902,0.2620725015799733,1.6869868466778326,0.0600023277914734,0.2622416693067444,3.1208073658522064,1.5478276998793208
64.0,250.0,1005.9080810546876,1.0513515896295955,3.0324479004866207,-0.1399893757068982,2.5909601277576697,-0.1207554487964864,2.5126882206643253,1.1607896320933913,0.180815057255496,3.251736532375584,2.58552590355996
64.0,250.0,1005.7649536132812,0.2825466944237913,3.223371955913502,-1.130107795435179,3.475165291581171,-1.048330892200188,0.6773142097574366,1.7224453178602437,-0.0116344510771347,2.978858171781275,1.664112733334867
64.0,250.0,1003.8233642578124,1.028523366259821,3.0628461474330293,-0.3204188298828894,3.0167776901382988,0.2647472536681213,1.306874930918926,0.9514498344110252,-0.5399432597472117,3.348110656193866,0.8965220619264871
64.0,250.0,1006.2741088867188,1.643031542836416,3.606370926934152,-0.6934784640503268,3.544777025413626,-0.1168117638030309,0.939111865717292,1.235370936060419,0.8014975999324441,3.270795648100955,1.6707495569788469
64.0,250.0,1005.4312744140624,1.3627715738376884,3.076635121501396,-0.2203183241854567,3.1897560510402903,-0.4507563945197057,1.1522013466208365,1.072078304572779,-0.0715777010715543,3.2997649430028133,1.6650114468654638
64.0,250.0,1006.1286010742188,1.5630251164579407,3.034072154337606,-0.2144607478813976,3.3747890166807086,-0.1840946200972616,1.0834848120091078,1.505132191142844,0.0986427251527393,3.2971237436003165,1.6407078622033984
64.0,250.0,1004.8368530273438,-0.0192859539180938,3.1458012448024646,-0.4052589456220559,3.5837623621294377,-0.4446218579421889,1.004306573519272,1.0674916208430016,-0.1473208806064043,4.659302750457305,1.266183010783346
64.0,250.0,1005.0035400390624,1.488088734200528,3.2964916798764268,-0.081613556681665,3.4931910742310563,-0.4795947022471148,1.19443031097595,1.5983254058784726,0.3030366300005376,3.1093375136026897,1.3517079212642986
64.0,250.0,1005.59716796875,0.8422960777773174,3.0348209215701183,-0.2311176520887816,3.530445462000517,0.731073415144617,1.0838871087870037,1.0526527931079228,-0.2789778063184201,3.525442996103043,1.9314441196361605
64.0,250.0,1005.1682739257812,0.4758226699530498,2.725912301651685,-0.0230184400084026,3.5041163169939864,-0.2839688026094656,0.98246182909671,0.7814411067738086,0.0567855685067581,3.2908997596538847,1.3640380101297185
64.0,250.0,1004.932861328125,1.5796322669745138,2.974669102036052,-0.2759972217390695,3.567574034001228,-0.2093543612178015,1.4940440693796724,1.055340177568717,-0.0056815911348413,3.322450316094878,2.2801882162059304
64.0,250.0,1004.5557861328124,1.021039932157859,3.115921688963008,1.0019107446718256,2.234313345165861,-1.2644187944951404,0.667371423970712,1.2297919770831705,0.8270215697473942,3.348214809893935,1.7947175164238944
64.0,250.0,1005.9476318359376,0.0416259073064684,3.056620648095169,0.9059087932371556,3.541676985417584,-0.4558259587305865,-0.3150494321593007,1.05123482986649,-0.0994281152615595,3.238383279985208,1.6565234082160285
64.0,250.0,1005.81201171875,1.0493680198447488,3.1481788145602274,-0.3742052874168526,1.7340138049668434,0.0318673716322229,0.8640905123034281,1.2404658485720614,-0.0193011184880681,2.7865877149951315,1.7316496760128115
64.0,250.0,1004.924560546875,1.3902787656971398,3.2388825019148166,-0.206591284257351,2.6835356447268124,-0.2393013169250669,1.0825663808182378,0.7880722208517016,0.1086941866441624,3.760609960660497,1.5499190461382142
64.0,250.0,1003.884033203125,1.1425112649696187,3.065090117718845,0.592860107788608,2.8071972518327133,0.2549808842303713,0.7688590957311772,1.1434486482266086,0.1774592781213724,3.2904317271738885,1.6652367097735672
64.0,250.0,1004.8756713867188,1.803103039357084,3.04969122379482,-0.2380855070972431,3.544222673085715,-0.3675432124331079,1.0049334701620785,1.0915745130618049,-0.0166428366782459,3.286393579044508,1.7128181502425668
64.0,250.0,1005.5949096679688,1.065741447403239,3.566321993171797,-0.1722097588879127,3.335195644635442,0.4153135222526197,1.6432684793938577,1.2308026718224587,0.3065238812510272,3.32453208933479,1.4181087479272612
64.0,250.0,1005.1708984375,1.5387374172758588,3.0630905424895096,-0.2761169812147975,3.539551483750204,-0.0710913967583387,1.0864629386437223,1.0432566156141505,0.0406253156605319,3.3703392304127733,1.6847979903288934
64.0,250.0,1004.3433227539062,1.5246637626108075,2.588764633984187,-0.2247483509817702,3.541791433209113,-0.2094105942329443,0.0900981966808316,1.4472220790014578,0.3634141441016041,3.275517642189521,1.677631713184814
64.0,250.0,1006.2902221679688,-0.4251081873792355,3.285807122763265,-0.1892787533432827,2.527234148491948,-0.6010386156964528,0.6565171337625719,1.76275366174798,-0.0125229395337214,3.152359389102193,1.536172754489335
64.0,250.0,1002.565185546875,0.5472914493255665,3.366882117201061,1.3060013984334584,1.9325170226020087,-1.0074251950736448,0.7432223534795421,1.6951969237110474,0.1334456915648295,3.316198941140461,1.659375229627378
64.0,250.0,1006.7476806640624,1.3783292661069166,2.227281756843792,0.7486796121921748,2.3676098445669496,-0.4352187250238886,0.1295667694666509,1.2582478032152908,0.9678886220425788,1.546052822985894,1.7088008776725607
64.0,250.0,1003.6841430664062,1.5264166200797986,3.063097861613356,-0.215819897253269,3.5490497273888275,-0.2048867388282806,1.0826619122252867,1.0511392207255632,-0.0170243374408754,3.2973942147249127,1.6821927523441609
64.0,250.0,1004.9850463867188,0.6143587211329081,3.6385777878302688,1.866782871449317,2.68567229671642,-0.0190286631641586,0.5847002488156035,1.759170199056142,0.7876675185527418,3.289135321111209,1.695106697781342
64.0,250.0,1006.3912353515624,1.0823124156003283,3.145532408020725,0.0937498638335725,4.3492484902596935,-0.983369492477124,0.3045399617600217,1.0355153888892177,-0.6035785196627739,3.47882371336145,1.9749920545649893
64.0,250.0,1003.7677001953124,0.9753379059727132,3.027481911426474,0.8914709442373026,3.6385006360362526,-0.1936568623912141,0.9354252219936228,1.0515023454212475,1.5844169383747184,3.3013099988549235,1.6821957420369034
64.0,250.0,1005.7315063476562,1.5396689441273124,3.0386942734840274,0.0727790596694881,3.99653790662412,-0.2180394714265182,1.1227822176659112,0.9898665587735348,-0.0161734394273001,3.292559616599718,1.7283088665121291
64.0,250.0,1005.9786376953124,1.1755166225902458,3.0139295819900664,-0.2417305383366287,3.616814653335077,-0.2729520402836232,1.8592848557108288,1.1177652924446315,0.1211451494947978,3.912459696901169,2.2316448068592054
64.0,250.0,1004.7403564453124,0.4804166552562906,3.142058809388116,-0.507253232726782,3.78275224637308,-0.5671588827166028,1.1261544357254607,1.4122039073154182,0.5007209311294231,3.503301094810195,1.926829920271378
64.0,250.0,1004.5214233398438,1.3925082887281215,3.065088985864282,-0.1686798461004562,2.4937664364779137,-0.2246521629870259,1.0573601922845028,1.0844478999456344,-0.8866334099558765,3.2654268773896447,1.6563374701400866
64.0,250.0,1004.5638427734376,-0.2134668305182117,2.783390802993948,1.9017004885948512,1.4366753845009534,-0.5024318747415023,0.7385154890632665,0.977632335582272,0.2974201112703576,3.125186682888231,1.6802011201576457
64.0,250.0,1005.5848999023438,-0.4976473021030942,3.419951677935696,-0.3086301958483286,3.870154605804175,-1.1699164176837953,1.6993185462984577,0.8701808901365833,0.0028869377323087,3.427754210534899,1.6924904654891433
64.0,250.0,1004.2504272460938,-0.8223529424704155,2.825127807401638,-0.323922086313651,1.937577607926971,-0.7880478165526897,-0.5658922756132105,1.2049866790758093,0.2624683225465503,3.2458834880441487,0.9881096602322688
64.0,250.0,1004.8351440429688,0.383266327892847,3.526047267809437,-0.0464641811751654,3.441002486581674,0.4622121063248139,0.764653895575856,1.4226068635485682,-0.4876738443664548,3.654568720914268,1.5945743322906956
64.0,251.0,1004.6443481445312,0.6900176227674764,3.063074350782302,-0.3302721781170479,3.0126561550720083,-0.1976159951512532,1.5970259768578052,1.2511792713171723,-0.0167520924344081,3.4265898532482377,1.5636003792452855
64.0,251.0,1004.2421264648438,1.1090451639676264,3.063170278295987,-0.1754780434512142,3.5433184929382966,-0.1568456031498367,1.0766389807596008,1.0528787249669178,-0.0171620058962041,3.1145081813601543,1.5893554756452115
64.0,251.0,1005.7791137695312,0.6317410114373033,3.3821840388898674,-0.6555082762858517,1.8304964441013163,0.265419887632873,0.7751960162999161,1.243165064585624,-0.3543464243561521,3.598221077351875,1.5754946386202904
64.0,251.0,1005.7072143554688,1.6491448804843336,2.9104453120023,-0.2376035463302053,3.615676320374159,-0.5459213406507523,1.0802436756395946,1.0229389087533642,-0.0226071327225542,3.134768809825729,1.4551102740604491
64.0,251.0,1005.2555541992188,-0.5037094802039921,3.707585390221884,-0.3280569768488796,3.321070462527059,0.979043172621886,-0.4155761280008436,0.9565504599200948,0.2951346271246178,3.295787014291044,2.1819067114242974
64.0,251.0,1005.51806640625,-0.40218204349395,2.9611396568649364,0.6762820959727607,3.216420950245242,-1.6087780174255435,1.486703313514423,0.3728051189080725,0.4352597544671966,2.6224629239329085,1.7656766646614763
64.0,251.0,1006.2119140625,0.4893625390202833,1.7795423029239368,-0.2283334970089545,3.1277989280704825,0.4981169607027755,1.141197769335064,2.5146578201478693,1.975507430672696,4.311031517865723,2.0922100116751228
64.0,251.0,1005.1494140625,1.4267671879387,2.82151791963309,-0.2050135975394147,3.599402345635524,-0.212234014229664,1.0699343377498252,1.054124327480299,-0.0348381047181509,3.2384919490320403,1.683330061310487
64.0,251.0,1005.474853515625,1.5026949966969567,4.303640589644998,0.0467183102294996,3.508585978273294,-0.276222544546385,1.2632585220760255,0.9839023829757484,0.4548566034085533,3.319979299343642,1.681623450852277
64.0,251.0,1004.5355224609376,-0.2067583177486083,2.156645823399848,1.1237471826284795,3.780946817479548,-0.5114493991580722,1.3470285072754011,1.5426076556614716,0.9251629364195506,3.6326501297850458,1.193605314089168
64.0,251.0,1004.0458984375,0.6627964073101363,1.902544155917261,1.7356517264199556,1.1276967507837976,-0.9532319298265536,0.6325625002596181,1.4181961809212862,1.2571856093798428,3.247627624338968,0.7396376473821458
64.0,251.0,1004.7117919921876,0.4052530103725722,2.862964791291889,1.0244185980793992,1.6185629550949447,0.0861167524434486,0.806110362194968,0.5149989619430992,0.0762824622613271,3.306353246449835,1.6419964791765842
64.0,251.0,1005.585205078125,1.4441076734521072,3.066111509674269,0.0067028297138759,3.194813058276394,-0.2495793018936137,1.1591742150332562,1.047291772061316,-0.0635626710663064,3.2934046480925203,1.7277033081006632
64.0,251.0,1004.95849609375,0.9162956780313632,2.1247201074083826,0.0379144096914144,3.0493734156772465,-0.204541723945408,1.0866278545155783,1.081534562537653,-0.1426858802547873,2.5531626479271203,1.6834925846586402
64.0,251.0,1003.9569702148438,0.448016906340041,3.105722986450256,0.8138035866923863,3.0955404770734902,0.2620725015799733,1.6869868466778326,0.0600023277914734,0.2622416693067444,3.1208073658522064,1.5478276998793208
64.0,251.0,1005.9080810546876,1.0513515896295955,3.0324479004866207,-0.1399893757068982,2.5909601277576697,-0.1207554487964864,2.5126882206643253,1.1607896320933913,0.180815057255496,3.251736532375584,2.58552590355996
64.0,251.0,1005.7649536132812,0.2825466944237913,3.223371955913502,-1.130107795435179,3.475165291581171,-1.048330892200188,0.6773142097574366,1.7224453178602437,-0.0116344510771347,2.978858171781275,1.664112733334867
64.0,251.0,1003.8233642578124,1.028523366259821,3.0628461474330293,-0.3204188298828894,3.0167776901382988,0.2647472536681213,1.306874930918926,0.9514498344110252,-0.5399432597472117,3.348110656193866,0.8965220619264871
64.0,251.0,1006.2741088867188,1.643031542836416,3.606370926934152,-0.6934784640503268,3.544777025413626,-0.1168117638030309,0.939111865717292,1.235370936060419,0.8014975999324441,3.270795648100955,1.6707495569788469
64.0,251.0,1005.4312744140624,1.3627715738376884,3.076635121501396,-0.2203183241854567,3.1897560510402903,-0.4507563945197057,1.1522013466208365,1.072078304572779,-0.0715777010715543,3.2997649430028133,1.6650114468654638
64.0,251.0,1006.1286010742188,1.5630251164579407,3.034072154337606,-0.2144607478813976,3.3747890166807086,-0.1840946200972616,1.0834848120091078,1.505132191142844,0.0986427251527393,3.2971237436003165,1.6407078622033984
64.0,251.0,1004.8368530273438,-0.0192859539180938,3.1458012448024646,-0.4052589456220559,3.5837623621294377,-0.4446218579421889,1.004306573519272,1.0674916208430016,-0.1473208806064043,4.659302750457305,1.266183010783346
64.0,251.0,1005.0035400390624,1.488088734200528,3.2964916798764268,-0.081613556681665,3.4931910742310563,-0.4795947022471148,1.19443031097595,1.5983254058784726,0.3030366300005376,3.1093375136026897,1.3517079212642986
64.0,251.0,1005.59716796875,0.8422960777773174,3.0348209215701183,-0.2311176520887816,3.530445462000517,0.731073415144617,1.0838871087870037,1.0526527931079228,-0.2789778063184201,3.525442996103043,1.9314441196361605
64.0,251.0,1005.1682739257812,0.4758226699530498,2.725912301651685,-0.0230184400084026,3.5041163169939864,-0.2839688026094656,0.98246182909671,0.7814411067738086,0.0567855685067581,3.2908997596538847,1.3640380101297185
64.0,251.0,1004.932861328125,1.5796322669745138,2.974669102036052,-0.2759972217390695,3.567574034001228,-0.2093543612178015,1.4940440693796724,1.055340177568717,-0.0056815911348413,3.322450316094878,2.2801882162059304
64.0,251.0,1004.5557861328124,1.021039932157859,3.115921688963008,1.0019107446718256,2.234313345165861,-1.2644187944951404,0.667371423970712,1.2297919770831705,0.8270215697473942,3.348214809893935,1.7947175164238944
64.0,251.0,1005.9476318359376,0.0416259073064684,3.056620648095169,0.9059087932371556,3.541676985417584,-0.4558259587305865,-0.3150494321593007,1.05123482986649,-0.0994281152615595,3.238383279985208,1.6565234082160285
64.0,251.0,1005.81201171875,1.0493680198447488,3.1481788145602274,-0.3742052874168526,1.7340138049668434,0.0318673716322229,0.8640905123034281,1.2404658485720614,-0.0193011184880681,2.7865877149951315,1.7316496760128115
64.0,251.0,1004.924560546875,1.3902787656971398,3.2388825019148166,-0.206591284257351,2.6835356447268124,-0.2393013169250669,1.0825663808182378,0.7880722208517016,0.1086941866441624,3.760609960660497,1.5499190461382142
64.0,251.0,1003.884033203125,1.1425112649696187,3.065090117718845,0.592860107788608,2.8071972518327133,0.2549808842303713,0.7688590957311772,1.1434486482266086,0.1774592781213724,3.2904317271738885,1.6652367097735672
64.0,251.0,1004.8756713867188,1.803103039357084,3.04969122379482,-0.2380855070972431,3.544222673085715,-0.3675432124331079,1.0049334701620785,1.0915745130618049,-0.0166428366782459,3.286393579044508,1.7128181502425668
64.0,251.0,1005.5949096679688,1.065741447403239,3.566321993171797,-0.1722097588879127,3.335195644635442,0.4153135222526197,1.6432684793938577,1.2308026718224587,0.3065238812510272,3.32453208933479,1.4181087479272612
64.0,251.0,1005.1708984375,1.5387374172758588,3.0630905424895096,-0.2761169812147975,3.539551483750204,-0.0710913967583387,1.0864629386437223,1.0432566156141505,0.0406253156605319,3.3703392304127733,1.6847979903288934
64.0,251.0,1004.3433227539062,1.5246637626108075,2.588764633984187,-0.2247483509817702,3.541791433209113,-0.2094105942329443,0.0900981966808316,1.4472220790014578,0.3634141441016041,3.275517642189521,1.677631713184814
64.0,251.0,1006.2902221679688,-0.4251081873792355,3.285807122763265,-0.1892787533432827,2.527234148491948,-0.6010386156964528,0.6565171337625719,1.76275366174798,-0.0125229395337214,3.152359389102193,1.536172754489335
64.0,251.0,1002.565185546875,0.5472914493255665,3.366882117201061,1.3060013984334584,1.9325170226020087,-1.0074251950736448,0.7432223534795421,1.6951969237110474,0.1334456915648295,3.316198941140461,1.659375229627378
64.0,251.0,1006.7476806640624,1.3783292661069166,2.227281756843792,0.7486796121921748,2.3676098445669496,-0.4352187250238886,0.1295667694666509,1.2582478032152908,0.9678886220425788,1.546052822985894,1.7088008776725607
64.0,251.0,1003.6841430664062,1.5264166200797986,3.063097861613356,-0.215819897253269,3.5490497273888275,-0.2048867388282806,1.0826619122252867,1.0511392207255632,-0.0170243374408754,3.2973942147249127,1.6821927523441609
64.0,251.0,1004.9850463867188,0.6143587211329081,3.6385777878302688,1.866782871449317,2.68567229671642,-0.0190286631641586,0.5847002488156035,1.759170199056142,0.7876675185527418,3.289135321111209,1.695106697781342
64.0,251.0,1006.3912353515624,1.0823124156003283,3.145532408020725,0.0937498638335725,4.3492484902596935,-0.983369492477124,0.3045399617600217,1.0355153888892177,-0.6035785196627739,3.47882371336145,1.9749920545649893
64.0,251.0,1003.7677001953124,0.9753379059727132,3.027481911426474,0.8914709442373026,3.6385006360362526,-0.1936568623912141,0.9354252219936228,1.0515023454212475,1.5844169383747184,3.3013099988549235,1.6821957420369034
64.0,251.0,1005.7315063476562,1.5396689441273124,3.0386942734840274,0.0727790596694881,3.99653790662412,-0.2180394714265182,1.1227822176659112,0.9898665587735348,-0.0161734394273001,3.292559616599718,1.7283088665121291
64.0,251.0,1005.9786376953124,1.1755166225902458,3.0139295819900664,-0.2417305383366287,3.616814653335077,-0.2729520402836232,1.8592848557108288,1.1177652924446315,0.1211451494947978,3.912459696901169,2.2316448068592054
64.0,251.0,1004.7403564453124,0.4804166552562906,3.142058809388116,-0.507253232726782,3.78275224637308,-0.5671588827166028,1.1261544357254607,1.4122039073154182,0.5007209311294231,3.503301094810195,1.926829920271378
64.0,251.0,1004.5214233398438,1.3925082887281215,3.065088985864282,-0.1686798461004562,2.4937664364779137,-0.2246521629870259,1.0573601922845028,1.0844478999456344,-0.8866334099558765,3.2654268773896447,1.6563374701400866
64.0,251.0,1004.5638427734376,-0.2134668305182117,2.783390802993948,1.9017004885948512,1.4366753845009534,-0.5024318747415023,0.7385154890632665,0.977632335582272,0.2974201112703576,3.125186682888231,1.6802011201576457
64.0,251.0,1005.5848999023438,-0.4976473021030942,3.419951677935696,-0.3086301958483286,3.870154605804175,-1.1699164176837953,1.6993185462984577,0.8701808901365833,0.0028869377323087,3.427754210534899,1.6924904654891433
64.0,251.0,1004.2504272460938,-0.8223529424704155,2.825127807401638,-0.323922086313651,1.937577607926971,-0.7880478165526897,-0.5658922756132105,1.2049866790758093,0.2624683225465503,3.2458834880441487,0.9881096602322688
64.0,251.0,1004.8351440429688,0.383266327892847,3.526047267809437,-0.0464641811751654,3.441002486581674,0.4622121063248139,0.764653895575856,1.4226068635485682,-0.4876738443664548,3.654568720914268,1.5945743322906956
64.0,252.0,1004.6443481445312,0.6900176227674764,3.063074350782302,-0.3302721781170479,3.0126561550720083,-0.1976159951512532,1.5970259768578052,1.2511792713171723,-0.0167520924344081,3.4265898532482377,1.5636003792452855
64.0,252.0,1004.2421264648438,1.1090451639676264,3.063170278295987,-0.1754780434512142,3.5433184929382966,-0.1568456031498367,1.0766389807596008,1.0528787249669178,-0.0171620058962041,3.1145081813601543,1.5893554756452115
64.0,252.0,1005.7791137695312,0.6317410114373033,3.3821840388898674,-0.6555082762858517,1.8304964441013163,0.265419887632873,0.7751960162999161,1.243165064585624,-0.3543464243561521,3.598221077351875,1.5754946386202904
64.0,252.0,1005.7072143554688,1.6491448804843336,2.9104453120023,-0.2376035463302053,3.615676320374159,-0.5459213406507523,1.0802436756395946,1.0229389087533642,-0.0226071327225542,3.134768809825729,1.4551102740604491
64.0,252.0,1005.2555541992188,-0.5037094802039921,3.707585390221884,-0.3280569768488796,3.321070462527059,0.979043172621886,-0.4155761280008436,0.9565504599200948,0.2951346271246178,3.295787014291044,2.1819067114242974
64.0,252.0,1005.51806640625,-0.40218204349395,2.9611396568649364,0.6762820959727607,3.216420950245242,-1.6087780174255435,1.486703313514423,0.3728051189080725,0.4352597544671966,2.6224629239329085,1.7656766646614763
64.0,252.0,1006.2119140625,0.4893625390202833,1.7795423029239368,-0.2283334970089545,3.1277989280704825,0.4981169607027755,1.141197769335064,2.5146578201478693,1.975507430672696,4.311031517865723,2.0922100116751228
64.0,252.0,1005.1494140625,1.4267671879387,2.82151791963309,-0.2050135975394147,3.599402345635524,-0.212234014229664,1.0699343377498252,1.054124327480299,-0.0348381047181509,3.2384919490320403,1.683330061310487
64.0,252.0,1005.474853515625,1.5026949966969567,4.303640589644998,0.0467183102294996,3.508585978273294,-0.276222544546385,1.2632585220760255,0.9839023829757484,0.4548566034085533,3.319979299343642,1.681623450852277
64.0,252.0,1004.5355224609376,-0.2067583177486083,2.156645823399848,1.1237471826284795,3.780946817479548,-0.5114493991580722,1.3470285072754011,1.5426076556614716,0.9251629364195506,3.6326501297850458,1.193605314089168
64.0,252.0,1004.0458984375,0.6627964073101363,1.902544155917261,1.7356517264199556,1.1276967507837976,-0.9532319298265536,0.6325625002596181,1.4181961809212862,1.2571856093798428,3.247627624338968,0.7396376473821458
64.0,252.0,1004.7117919921876,0.4052530103725722,2.862964791291889,1.0244185980793992,1.6185629550949447,0.0861167524434486,0.806110362194968,0.5149989619430992,0.0762824622613271,3.306353246449835,1.6419964791765842
64.0,252.0,1005.585205078125,1.4441076734521072,3.066111509674269,0.0067028297138759,3.194813058276394,-0.2495793018936137,1.1591742150332562,1.047291772061316,-0.0635626710663064,3.2934046480925203,1.7277033081006632
64.0,252.0,1004.95849609375,0.9162956780313632,2.1247201074083826,0.0379144096914144,3.0493734156772465,-0.204541723945408,1.0866278545155783,1.081534562537653,-0.1426858802547873,2.5531626479271203,1.6834925846586402
64.0,252.0,1003.9569702148438,0.448016906340041,3.105722986450256,0.8138035866923863,3.0955404770734902,0.2620725015799733,1.6869868466778326,0.0600023277914734,0.2622416693067444,3.1208073658522064,1.5478276998793208
64.0,252.0,1005.9080810546876,1.0513515896295955,3.0324479004866207,-0.1399893757068982,2.5909601277576697,-0.1207554487964864,2.5126882206643253,1.1607896320933913,0.180815057255496,3.251736532375584,2.58552590355996
64.0,252.0,1005.7649536132812,0.2825466944237913,3.223371955913502,-1.130107795435179,3.475165291581171,-1.048330892200188,0.6773142097574366,1.7224453178602437,-0.0116344510771347,2.978858171781275,1.664112733334867
64.0,252.0,1003.8233642578124,1.028523366259821,3.0628461474330293,-0.3204188298828894,3.0167776901382988,0.2647472536681213,1.306874930918926,0.9514498344110252,-0.5399432597472117,3.348110656193866,0.8965220619264871
64.0,252.0,1006.2741088867188,1.643031542836416,3.606370926934152,-0.6934784640503268,3.544777025413626,-0.1168117638030309,0.939111865717292,1.235370936060419,0.8014975999324441,3.270795648100955,1.6707495569788469
64.0,252.0,1005.4312744140624,1.3627715738376884,3.076635121501396,-0.2203183241854567,3.1897560510402903,-0.4507563945197057,1.1522013466208365,1.072078304572779,-0.0715777010715543,3.2997649430028133,1.6650114468654638
64.0,252.0,1006.1286010742188,1.5630251164579407,3.034072154337606,-0.2144607478813976,3.3747890166807086,-0.1840946200972616,1.0834848120091078,1.505132191142844,0.0986427251527393,3.2971237436003165,1.6407078622033984
64.0,252.0,1004.8368530273438,-0.0192859539180938,3.1458012448024646,-0.4052589456220559,3.5837623621294377,-0.4446218579421889,1.004306573519272,1.0674916208430016,-0.1473208806064043,4.659302750457305,1.266183010783346
64.0,252.0,1005.0035400390624,1.488088734200528,3.2964916798764268,-0.081613556681665,3.4931910742310563,-0.4795947022471148,1.19443031097595,1.5983254058784726,0.3030366300005376,3.1093375136026897,1.3517079212642986
64.0,252.0,1005.59716796875,0.8422960777773174,3.0348209215701183,-0.2311176520887816,3.530445462000517,0.731073415144617,1.0838871087870037,1.0526527931079228,-0.2789778063184201,3.525442996103043,1.9314441196361605
64.0,252.0,1005.1682739257812,0.4758226699530498,2.725912301651685,-0.0230184400084026,3.5041163169939864,-0.2839688026094656,0.98246182909671,0.7814411067738086,0.0567855685067581,3.2908997596538847,1.3640380101297185
64.0,252.0,1004.932861328125,1.5796322669745138,2.974669102036052,-0.2759972217390695,3.567574034001228,-0.2093543612178015,1.4940440693796724,1.055340177568717,-0.0056815911348413,3.322450316094878,2.2801882162059304
64.0,252.0,1004.5557861328124,1.021039932157859,3.115921688963008,1.0019107446718256,2.234313345165861,-1.2644187944951404,0.667371423970712,1.2297919770831705,0.8270215697473942,3.348214809893935,1.7947175164238944
64.0,252.0,1005.9476318359376,0.0416259073064684,3.056620648095169,0.9059087932371556,3.541676985417584,-0.4558259587305865,-0.3150494321593007,1.05123482986649,-0.0994281152615595,3.238383279985208,1.6565234082160285
64.0,252.0,1005.81201171875,1.0493680198447488,3.1481788145602274,-0.3742052874168526,1.7340138049668434,0.0318673716322229,0.8640905123034281,1.2404658485720614,-0.0193011184880681,2.7865877149951315,1.7316496760128115
64.0,252.0,1004.924560546875,1.3902787656971398,3.2388825019148166,-0.206591284257351,2.6835356447268124,-0.2393013169250669,1.0825663808182378,0.7880722208517016,0.1086941866441624,3.760609960660497,1.5499190461382142
64.0,252.0,1003.884033203125,1.1425112649696187,3.065090117718845,0.592860107788608,2.8071972518327133,0.2549808842303713,0.7688590957311772,1.1434486482266086,0.1774592781213724,3.2904317271738885,1.6652367097735672
64.0,252.0,1004.8756713867188,1.803103039357084,3.04969122379482,-0.2380855070972431,3.544222673085715,-0.3675432124331079,1.0049334701620785,1.0915745130618049,-0.0166428366782459,3.286393579044508,1.7128181502425668
64.0,252.0,1005.5949096679688,1.065741447403239,3.566321993171797,-0.1722097588879127,3.335195644635442,0.4153135222526197,1.6432684793938577,1.2308026718224587,0.3065238812510272,3.32453208933479,1.4181087479272612
64.0,252.0,1005.1708984375,1.5387374172758588,3.0630905424895096,-0.2761169812147975,3.539551483750204,-0.0710913967583387,1.0864629386437223,1.0432566156141505,0.0406253156605319,3.3703392304127733,1.6847979903288934
64.0,252.0,1004.3433227539062,1.5246637626108075,2.588764633984187,-0.2247483509817702,3.541791433209113,-0.2094105942329443,0.0900981966808316,1.4472220790014578,0.3634141441016041,3.275517642189521,1.677631713184814
64.0,252.0,1006.2902221679688,-0.4251081873792355,3.285807122763265,-0.1892787533432827,2.527234148491948,-0.6010386156964528,0.6565171337625719,1.76275366174798,-0.0125229395337214,3.152359389102193,1.536172754489335
64.0,252.0,1002.565185546875,0.5472914493255665,3.366882117201061,1.3060013984334584,1.9325170226020087,-1.0074251950736448,0.7432223534795421,1.6951969237110474,0.1334456915648295,3.316198941140461,1.659375229627378
64.0,252.0,1006.7476806640624,1.3783292661069166,2.227281756843792,0.7486796121921748,2.3676098445669496,-0.4352187250238886,0.1295667694666509,1.2582478032152908,0.9678886220425788,1.546052822985894,1.7088008776725607
64.0,252.0,1003.6841430664062,1.5264166200797986,3.063097861613356,-0.215819897253269,3.5490497273888275,-0.2048867388282806,1.0826619122252867,1.0511392207255632,-0.0170243374408754,3.2973942147249127,1.6821927523441609
64.0,252.0,1004.9850463867188,0.6143587211329081,3.6385777878302688,1.866782871449317,2.68567229671642,-0.0190286631641586,0.5847002488156035,1.759170199056142,0.7876675185527418,3.289135321111209,1.695106697781342
64.0,252.0,1006.3912353515624,1.0823124156003283,3.145532408020725,0.0937498638335725,4.3492484902596935,-0.983369492477124,0.3045399617600217,1.0355153888892177,-0.6035785196627739,3.47882371336145,1.9749920545649893
64.0,252.0,1003.7677001953124,0.9753379059727132,3.027481911426474,0.8914709442373026,3.6385006360362526,-0.1936568623912141,0.9354252219936228,1.0515023454212475,1.5844169383747184,3.3013099988549235,1.6821957420369034
64.0,252.0,1005.7315063476562,1.5396689441273124,3.0386942734840274,0.0727790596694881,3.99653790662412,-0.2180394714265182,1.1227822176659112,0.9898665587735348,-0.0161734394273001,3.292559616599718,1.7283088665121291
64.0,252.0,1005.9786376953124,1.1755166225902458,3.0139295819900664,-0.2417305383366287,3.616814653335077,-0.2729520402836232,1.8592848557108288,1.1177652924446315,0.1211451494947978,3.912459696901169,2.2316448068592054
64.0,252.0,1004.7403564453124,0.4804166552562906,3.142058809388116,-0.507253232726782,3.78275224637308,-0.5671588827166028,1.1261544357254607,1.4122039073154182,0.5007209311294231,3.503301094810195,1.926829920271378
64.0,252.0,1004.5214233398438,1.3925082887281215,3.065088985864282,-0.1686798461004562,2.4937664364779137,-0.2246521629870259,1.0573601922845028,1.0844478999456344,-0.8866334099558765,3.2654268773896447,1.6563374701400866
64.0,252.0,1004.5638427734376,-0.2134668305182117,2.783390802993948,1.9017004885948512,1.4366753845009534,-0.5024318747415023,0.7385154890632665,0.977632335582272,0.2974201112703576,3.125186682888231,1.6802011201576457
64.0,252.0,1005.5848999023438,-0.4976473021030942,3.419951677935696,-0.3086301958483286,3.870154605804175,-1.1699164176837953,1.6993185462984577,0.8701808901365833,0.0028869377323087,3.427754210534899,1.6924904654891433
64.0,252.0,1004.2504272460938,-0.8223529424704155,2.825127807401638,-0.323922086313651,1.937577607926971,-0.7880478165526897,-0.5658922756132105,1.2049866790758093,0.2624683225465503,3.2458834880441487,0.9881096602322688
64.0,252.0,1004.8351440429688,0.383266327892847,3.526047267809437,-0.0464641811751654,3.441002486581674,0.4622121063248139,0.764653895575856,1.4226068635485682,-0.4876738443664548,3.654568720914268,1.5945743322906956
64.0,253.0,1004.6443481445312,0.6900176227674764,3.063074350782302,-0.3302721781170479,3.0126561550720083,-0.1976159951512532,1.5970259768578052,1.2511792713171723,-0.0167520924344081,3.4265898532482377,1.5636003792452855
64.0,253.0,1004.2421264648438,1.1090451639676264,3.063170278295987,-0.1754780434512142,3.5433184929382966,-0.1568456031498367,1.0766389807596008,1.0528787249669178,-0.0171620058962041,3.1145081813601543,1.5893554756452115
64.0,253.0,1005.7791137695312,0.6317410114373033,3.3821840388898674,-0.6555082762858517,1.8304964441013163,0.265419887632873,0.7751960162999161,1.243165064585624,-0.3543464243561521,3.598221077351875,1.5754946386202904
64.0,253.0,1005.7072143554688,1.6491448804843336,2.9104453120023,-0.2376035463302053,3.615676320374159,-0.5459213406507523,1.0802436756395946,1.0229389087533642,-0.0226071327225542,3.134768809825729,1.4551102740604491
64.0,253.0,1005.2555541992188,-0.5037094802039921,3.707585390221884,-0.3280569768488796,3.321070462527059,0.979043172621886,-0.4155761280008436,0.9565504599200948,0.2951346271246178,3.295787014291044,2.1819067114242974
64.0,253.0,1005.51806640625,-0.40218204349395,2.9611396568649364,0.6762820959727607,3.216420950245242,-1.6087780174255435,1.486703313514423,0.3728051189080725,0.4352597544671966,2.6224629239329085,1.7656766646614763
64.0,253.0,1006.2119140625,0.4893625390202833,1.7795423029239368,-0.2283334970089545,3.1277989280704825,0.4981169607027755,1.141197769335064,2.5146578201478693,1.975507430672696,4.311031517865723,2.0922100116751228
64.0,253.0,1005.1494140625,1.4267671879387,2.82151791963309,-0.2050135975394147,3.599402345635524,-0.212234014229664,1.0699343377498252,1.054124327480299,-0.0348381047181509,3.2384919490320403,1.683330061310487
64.0,253.0,1005.474853515625,1.5026949966969567,4.303640589644998,0.0467183102294996,3.508585978273294,-0.276222544546385,1.2632585220760255,0.9839023829757484,0.4548566034085533,3.319979299343642,1.681623450852277
64.0,253.0,1004.5355224609376,-0.2067583177486083,2.156645823399848,1.1237471826284795,3.780946817479548,-0.5114493991580722,1.3470285072754011,1.5426076556614716,0.9251629364195506,3.6326501297850458,1.193605314089168
64.0,253.0,1004.0458984375,0.6627964073101363,1.902544155917261,1.7356517264199556,1.1276967507837976,-0.9532319298265536,0.6325625002596181,1.4181961809212862,1.2571856093798428,3.247627624338968,0.7396376473821458
64.0,253.0,1004.7117919921876,0.4052530103725722,2.862964791291889,1.0244185980793992,1.6185629550949447,0.0861167524434486,0.806110362194968,0.5149989619430992,0.0762824622613271,3.306353246449835,1.6419964791765842
64.0,253.0,1005.585205078125,1.4441076734521072,3.066111509674269,0.0067028297138759,3.194813058276394,-0.2495793018936137,1.1591742150332562,1.047291772061316,-0.0635626710663064,3.2934046480925203,1.7277033081006632
64.0,253.0,1004.95849609375,0.9162956780313632,2.1247201074083826,0.0379144096914144,3.0493734156772465,-0.204541723945408,1.0866278545155783,1.081534562537653,-0.1426858802547873,2.5531626479271203,1.6834925846586402
64.0,253.0,1003.9569702148438,0.448016906340041,3.105722986450256,0.8138035866923863,3.0955404770734902,0.2620725015799733,1.6869868466778326,0.0600023277914734,0.2622416693067444,3.1208073658522064,1.5478276998793208
64.0,253.0,1005.9080810546876,1.0513515896295955,3.0324479004866207,-0.1399893757068982,2.5909601277576697,-0.1207554487964864,2.5126882206643253,1.1607896320933913,0.180815057255496,3.251736532375584,2.58552590355996
64.0,253.0,1005.7649536132812,0.2825466944237913,3.223371955913502,-1.130107795435179,3.475165291581171,-1.048330892200188,0.6773142097574366,1.7224453178602437,-0.0116344510771347,2.978858171781275,1.664112733334867
64.0,253.0,1003.8233642578124,1.028523366259821,3.0628461474330293,-0.3204188298828894,3.0167776901382988,0.2647472536681213,1.306874930918926,0.9514498344110252,-0.5399432597472117,3.348110656193866,0.8965220619264871
64.0,253.0,1006.2741088867188,1.643031542836416,3.606370926934152,-0.6934784640503268,3.544777025413626,-0.1168117638030309,0.939111865717292,1.235370936060419,0.8014975999324441,3.270795648100955,1.6707495569788469
64.0,253.0,1005.4312744140624,1.3627715738376884,3.076635121501396,-0.2203183241854567,3.1897560510402903,-0.4507563945197057,1.1522013466208365,1.072078304572779,-0.0715777010715543,3.2997649430028133,1.6650114468654638
64.0,253.0,1006.1286010742188,1.5630251164579407,3.034072154337606,-0.2144607478813976,3.3747890166807086,-0.1840946200972616,1.0834848120091078,1.505132191142844,0.0986427251527393,3.2971237436003165,1.6407078622033984
64.0,253.0,1004.8368530273438,-0.0192859539180938,3.1458012448024646,-0.4052589456220559,3.5837623621294377,-0.4446218579421889,1.004306573519272,1.0674916208430016,-0.1473208806064043,4.659302750457305,1.266183010783346
64.0,253.0,1005.0035400390624,1.488088734200528,3.2964916798764268,-0.081613556681665,3.4931910742310563,-0.4795947022471148,1.19443031097595,1.5983254058784726,0.3030366300005376,3.1093375136026897,1.3517079212642986
64.0,253.0,1005.59716796875,0.8422960777773174,3.0348209215701183,-0.2311176520887816,3.530445462000517,0.731073415144617,1.0838871087870037,1.0526527931079228,-0.2789778063184201,3.525442996103043,1.9314441196361605
64.0,253.0,1005.1682739257812,0.4758226699530498,2.725912301651685,-0.0230184400084026,3.5041163169939864,-0.2839688026094656,0.98246182909671,0.7814411067738086,0.0567855685067581,3.2908997596538847,1.3640380101297185
64.0,253.0,1004.932861328125,1.5796322669745138,2.974669102036052,-0.2759972217390695,3.567574034001228,-0.2093543612178015,1.4940440693796724,1.055340177568717,-0.0056815911348413,3.322450316094878,2.2801882162059304
64.0,253.0,1004.5557861328124,1.021039932157859,3.115921688963008,1.0019107446718256,2.234313345165861,-1.2644187944951404,0.667371423970712,1.2297919770831705,0.8270215697473942,3.348214809893935,1.7947175164238944
64.0,253.0,1005.9476318359376,0.0416259073064684,3.056620648095169,0.9059087932371556,3.541676985417584,-0.4558259587305865,-0.3150494321593007,1.05123482986649,-0.0994281152615595,3.238383279985208,1.6565234082160285
64.0,253.0,1005.81201171875,1.0493680198447488,3.1481788145602274,-0.3742052874168526,1.7340138049668434,0.0318673716322229,0.8640905123034281,1.2404658485720614,-0.0193011184880681,2.7865877149951315,1.7316496760128115
64.0,253.0,1004.924560546875,1.3902787656971398,3.2388825019148166,-0.206591284257351,2.6835356447268124,-0.2393013169250669,1.0825663808182378,0.7880722208517016,0.1086941866441624,3.760609960660497,1.5499190461382142
64.0,253.0,1003.884033203125,1.1425112649696187,3.065090117718845,0.592860107788608,2.8071972518327133,0.2549808842303713,0.7688590957311772,1.1434486482266086,0.1774592781213724,3.2904317271738885,1.6652367097735672
64.0,253.0,1004.8756713867188,1.803103039357084,3.04969122379482,-0.2380855070972431,3.544222673085715,-0.3675432124331079,1.0049334701620785,1.0915745130618049,-0.0166428366782459,3.286393579044508,1.7128181502425668
64.0,253.0,1005.5949096679688,1.065741447403239,3.566321993171797,-0.1722097588879127,3.335195644635442,0.4153135222526197,1.6432684793938577,1.2308026718224587,0.3065238812510272,3.32453208933479,1.4181087479272612
64.0,253.0,1005.1708984375,1.5387374172758588,3.0630905424895096,-0.2761169812147975,3.539551483750204,-0.0710913967583387,1.0864629386437223,1.0432566156141505,0.0406253156605319,3.3703392304127733,1.6847979903288934
64.0,253.0,1004.3433227539062,1.5246637626108075,2.588764633984187,-0.2247483509817702,3.541791433209113,-0.2094105942329443,0.0900981966808316,1.4472220790014578,0.3634141441016041,3.275517642189521,1.677631713184814
64.0,253.0,1006.2902221679688,-0.4251081873792355,3.285807122763265,-0.1892787533432827,2.527234148491948,-0.6010386156964528,0.6565171337625719,1.76275366174798,-0.0125229395337214,3.152359389102193,1.536172754489335
64.0,253.0,1002.565185546875,0.5472914493255665,3.366882117201061,1.3060013984334584,1.9325170226020087,-1.0074251950736448,0.7432223534795421,1.6951969237110474,0.1334456915648295,3.316198941140461,1.659375229627378
64.0,253.0,1006.7476806640624,1.3783292661069166,2.227281756843792,0.7486796121921748,2.3676098445669496,-0.4352187250238886,0.1295667694666509,1.2582478032152908,0.9678886220425788,1.546052822985894,1.7088008776725607
64.0,253.0,1003.6841430664062,1.5264166200797986,3.063097861613356,-0.215819897253269,3.5490497273888275,-0.2048867388282806,1.0826619122252867,1.0511392207255632,-0.0170243374408754,3.2973942147249127,1.6821927523441609
64.0,253.0,1004.9850463867188,0.6143587211329081,3.6385777878302688,1.866782871449317,2.68567229671642,-0.0190286631641586,0.5847002488156035,1.759170199056142,0.7876675185527418,3.289135321111209,1.695106697781342
64.0,253.0,1006.3912353515624,1.0823124156003283,3.145532408020725,0.0937498638335725,4.3492484902596935,-0.983369492477124,0.3045399617600217,1.0355153888892177,-0.6035785196627739,3.47882371336145,1.9749920545649893
64.0,253.0,1003.7677001953124,0.9753379059727132,3.027481911426474,0.8914709442373026,3.6385006360362526,-0.1936568623912141,0.9354252219936228,1.0515023454212475,1.5844169383747184,3.3013099988549235,1.6821957420369034
64.0,253.0,1005.7315063476562,1.5396689441273124,3.0386942734840274,0.0727790596694881,3.99653790662412,-0.2180394714265182,1.1227822176659112,0.9898665587735348,-0.0161734394273001,3.292559616599718,1.7283088665121291
64.0,253.0,1005.9786376953124,1.1755166225902458,3.0139295819900664,-0.2417305383366287,3.616814653335077,-0.2729520402836232,1.8592848557108288,1.1177652924446315,0.1211451494947978,3.912459696901169,2.2316448068592054
64.0,253.0,1004.7403564453124,0.4804166552562906,3.142058809388116,-0.507253232726782,3.78275224637308,-0.5671588827166028,1.1261544357254607,1.4122039073154182,0.5007209311294231,3.503301094810195,1.926829920271378
64.0,253.0,1004.5214233398438,1.3925082887281215,3.065088985864282,-0.1686798461004562,2.4937664364779137,-0.2246521629870259,1.0573601922845028,1.0844478999456344,-0.8866334099558765,3.2654268773896447,1.6563374701400866
64.0,253.0,1004.5638427734376,-0.2134668305182117,2.783390802993948,1.9017004885948512,1.4366753845009534,-0.5024318747415023,0.7385154890632665,0.977632335582272,0.2974201112703576,3.125186682888231,1.6802011201576457
64.0,253.0,1005.5848999023438,-0.4976473021030942,3.419951677935696,-0.3086301958483286,3.870154605804175,-1.1699164176837953,1.6993185462984577,0.8701808901365833,0.0028869377323087,3.427754210534899,1.6924904654891433
64.0,253.0,1004.2504272460938,-0.8223529424704155,2.825127807401638,-0.323922086313651,1.937577607926971,-0.7880478165526897,-0.5658922756132105,1.2049866790758093,0.2624683225465503,3.2458834880441487,0.9881096602322688
64.0,253.0,1004.8351440429688,0.383266327892847,3.526047267809437,-0.0464641811751654,3.441002486581674,0.4622121063248139,0.764653895575856,1.4226068635485682,-0.4876738443664548,3.654568720914268,1.5945743322906956
64.0,254.0,1004.6443481445312,0.6900176227674764,3.063074350782302,-0.3302721781170479,3.0126561550720083,-0.1976159951512532,1.5970259768578052,1.2511792713171723,-0.0167520924344081,3.4265898532482377,1.5636003792452855
64.0,254.0,1004.2421264648438,1.1090451639676264,3.063170278295987,-0.1754780434512142,3.5433184929382966,-0.1568456031498367,1.0766389807596008,1.0528787249669178,-0.0171620058962041,3.1145081813601543,1.5893554756452115
64.0,254.0,1005.7791137695312,0.6317410114373033,3.3821840388898674,-0.6555082762858517,1.8304964441013163,0.265419887632873,0.7751960162999161,1.243165064585624,-0.3543464243561521,3.598221077351875,1.5754946386202904
64.0,254.0,1005.7072143554688,1.6491448804843336,2.9104453120023,-0.2376035463302053,3.615676320374159,-0.5459213406507523,1.0802436756395946,1.0229389087533642,-0.0226071327225542,3.134768809825729,1.4551102740604491
64.0,254.0,1005.2555541992188,-0.5037094802039921,3.707585390221884,-0.3280569768488796,3.321070462527059,0.979043172621886,-0.4155761280008436,0.9565504599200948,0.2951346271246178,3.295787014291044,2.1819067114242974
64.0,254.0,1005.51806640625,-0.40218204349395,2.9611396568649364,0.6762820959727607,3.216420950245242,-1.6087780174255435,1.486703313514423,0.3728051189080725,0.4352597544671966,2.6224629239329085,1.7656766646614763
64.0,254.0,1006.2119140625,0.4893625390202833,1.7795423029239368,-0.2283334970089545,3.1277989280704825,0.4981169607027755,1.141197769335064,2.5146578201478693,1.975507430672696,4.311031517865723,2.0922100116751228
64.0,254.0,1005.1494140625,1.4267671879387,2.82151791963309,-0.2050135975394147,3.599402345635524,-0.212234014229664,1.0699343377498252,1.054124327480299,-0.0348381047181509,3.2384919490320403,1.683330061310487
64.0,254.0,1005.474853515625,1.5026949966969567,4.303640589644998,0.0467183102294996,3.508585978273294,-0.276222544546385,1.2632585220760255,0.9839023829757484,0.4548566034085533,3.319979299343642,1.681623450852277
64.0,254.0,1004.5355224609376,-0.2067583177486083,2.156645823399848,1.1237471826284795,3.780946817479548,-0.5114493991580722,1.3470285072754011,1.5426076556614716,0.9251629364195506,3.6326501297850458,1.193605314089168
64.0,254.0,1004.0458984375,0.6627964073101363,1.902544155917261,1.7356517264199556,1.1276967507837976,-0.9532319298265536,0.6325625002596181,1.4181961809212862,1.2571856093798428,3.247627624338968,0.7396376473821458
64.0,254.0,1004.7117919921876,0.4052530103725722,2.862964791291889,1.0244185980793992,1.6185629550949447,0.0861167524434486,0.806110362194968,0.5149989619430992,0.0762824622613271,3.306353246449835,1.6419964791765842
64.0,254.0,1005.585205078125,1.4441076734521072,3.066111509674269,0.0067028297138759,3.194813058276394,-0.2495793018936137,1.1591742150332562,1.047291772061316,-0.0635626710663064,3.2934046480925203,1.7277033081006632
64.0,254.0,1004.95849609375,0.9162956780313632,2.1247201074083826,0.0379144096914144,3.0493734156772465,-0.204541723945408,1.0866278545155783,1.081534562537653,-0.1426858802547873,2.5531626479271203,1.6834925846586402
64.0,254.0,1003.9569702148438,0.448016906340041,3.105722986450256,0.8138035866923863,3.0955404770734902,0.2620725015799733,1.6869868466778326,0.0600023277914734,0.2622416693067444,3.1208073658522064,1.5478276998793208
64.0,254.0,1005.9080810546876,1.0513515896295955,3.0324479004866207,-0.1399893757068982,2.5909601277576697,-0.1207554487964864,2.5126882206643253,1.1607896320933913,0.180815057255496,3.251736532375584,2.58552590355996
64.0,254.0,1005.7649536132812,0.2825466944237913,3.223371955913502,-1.130107795435179,3.475165291581171,-1.048330892200188,0.6773142097574366,1.7224453178602437,-0.0116344510771347,2.978858171781275,1.664112733334867
64.0,254.0,1003.8233642578124,1.028523366259821,3.0628461474330293,-0.3204188298828894,3.0167776901382988,0.2647472536681213,1.306874930918926,0.9514498344110252,-0.5399432597472117,3.348110656193866,0.8965220619264871
64.0,254.0,1006.2741088867188,1.643031542836416,3.606370926934152,-0.6934784640503268,3.544777025413626,-0.1168117638030309,0.939111865717292,1.235370936060419,0.8014975999324441,3.270795648100955,1.6707495569788469
64.0,254.0,1005.4312744140624,1.3627715738376884,3.076635121501396,-0.2203183241854567,3.1897560510402903,-0.4507563945197057,1.1522013466208365,1.072078304572779,-0.0715777010715543,3.2997649430028133,1.6650114468654638
64.0,254.0,1006.1286010742188,1.5630251164579407,3.034072154337606,-0.2144607478813976,3.3747890166807086,-0.1840946200972616,1.0834848120091078,1.505132191142844,0.0986427251527393,3.2971237436003165,1.6407078622033984
64.0,254.0,1004.8368530273438,-0.0192859539180938,3.1458012448024646,-0.4052589456220559,3.5837623621294377,-0.4446218579421889,1.004306573519272,1.0674916208430016,-0.1473208806064043,4.659302750457305,1.266183010783346
64.0,254.0,1005.0035400390624,1.488088734200528,3.2964916798764268,-0.081613556681665,3.4931910742310563,-0.4795947022471148,1.19443031097595,1.5983254058784726,0.3030366300005376,3.1093375136026897,1.3517079212642986
64.0,254.0,1005.59716796875,0.8422960777773174,3.0348209215701183,-0.2311176520887816,3.530445462000517,0.731073415144617,1.0838871087870037,1.0526527931079228,-0.2789778063184201,3.525442996103043,1.9314441196361605
64.0,254.0,1005.1682739257812,0.4758226699530498,2.725912301651685,-0.0230184400084026,3.5041163169939864,-0.2839688026094656,0.98246182909671,0.7814411067738086,0.0567855685067581,3.2908997596538847,1.3640380101297185
64.0,254.0,1004.932861328125,1.5796322669745138,2.974669102036052,-0.2759972217390695,3.567574034001228,-0.2093543612178015,1.4940440693796724,1.055340177568717,-0.0056815911348413,3.322450316094878,2.2801882162059304
64.0,254.0,1004.5557861328124,1.021039932157859,3.115921688963008,1.0019107446718256,2.234313345165861,-1.2644187944951404,0.667371423970712,1.2297919770831705,0.8270215697473942,3.348214809893935,1.7947175164238944
64.0,254.0,1005.9476318359376,0.0416259073064684,3.056620648095169,0.9059087932371556,3.541676985417584,-0.4558259587305865,-0.3150494321593007,1.05123482986649,-0.0994281152615595,3.238383279985208,1.6565234082160285
64.0,254.0,1005.81201171875,1.0493680198447488,3.1481788145602274,-0.3742052874168526,1.7340138049668434,0.0318673716322229,0.8640905123034281,1.2404658485720614,-0.0193011184880681,2.7865877149951315,1.7316496760128115
64.0,254.0,1004.924560546875,1.3902787656971398,3.2388825019148166,-0.206591284257351,2.6835356447268124,-0.2393013169250669,1.0825663808182378,0.7880722208517016,0.1086941866441624,3.760609960660497,1.5499190461382142
64.0,254.0,1003.884033203125,1.1425112649696187,3.065090117718845,0.592860107788608,2.8071972518327133,0.2549808842303713,0.7688590957311772,1.1434486482266086,0.1774592781213724,3.2904317271738885,1.6652367097735672
64.0,254.0,1004.8756713867188,1.803103039357084,3.04969122379482,-0.2380855070972431,3.544222673085715,-0.3675432124331079,1.0049334701620785,1.0915745130618049,-0.0166428366782459,3.286393579044508,1.7128181502425668
64.0,254.0,1005.5949096679688,1.065741447403239,3.566321993171797,-0.1722097588879127,3.335195644635442,0.4153135222526197,1.6432684793938577,1.2308026718224587,0.3065238812510272,3.32453208933479,1.4181087479272612
64.0,254.0,1005.1708984375,1.5387374172758588,3.0630905424895096,-0.2761169812147975,3.539551483750204,-0.0710913967583387,1.0864629386437223,1.0432566156141505,0.0406253156605319,3.3703392304127733,1.6847979903288934
64.0,254.0,1004.3433227539062,1.5246637626108075,2.588764633984187,-0.2247483509817702,3.541791433209113,-0.2094105942329443,0.0900981966808316,1.4472220790014578,0.3634141441016041,3.275517642189521,1.677631713184814
64.0,254.0,1006.2902221679688,-0.4251081873792355,3.285807122763265,-0.1892787533432827,2.527234148491948,-0.6010386156964528,0.6565171337625719,1.76275366174798,-0.0125229395337214,3.152359389102193,1.536172754489335
64.0,254.0,1002.565185546875,0.5472914493255665,3.366882117201061,1.3060013984334584,1.9325170226020087,-1.0074251950736448,0.7432223534795421,1.6951969237110474,0.1334456915648295,3.316198941140461,1.659375229627378
64.0,254.0,1006.7476806640624,1.3783292661069166,2.227281756843792,0.7486796121921748,2.3676098445669496,-0.4352187250238886,0.1295667694666509,1.2582478032152908,0.9678886220425788,1.546052822985894,1.7088008776725607
64.0,254.0,1003.6841430664062,1.5264166200797986,3.063097861613356,-0.215819897253269,3.5490497273888275,-0.2048867388282806,1.0826619122252867,1.0511392207255632,-0.0170243374408754,3.2973942147249127,1.6821927523441609
64.0,254.0,1004.9850463867188,0.6143587211329081,3.6385777878302688,1.866782871449317,2.68567229671642,-0.0190286631641586,0.5847002488156035,1.759170199056142,0.7876675185527418,3.289135321111209,1.695106697781342
64.0,254.0,1006.3912353515624,1.0823124156003283,3.145532408020725,0.0937498638335725,4.3492484902596935,-0.983369492477124,0.3045399617600217,1.0355153888892177,-0.6035785196627739,3.47882371336145,1.9749920545649893
64.0,254.0,1003.7677001953124,0.9753379059727132,3.027481911426474,0.8914709442373026,3.6385006360362526,-0.1936568623912141,0.9354252219936228,1.0515023454212475,1.5844169383747184,3.3013099988549235,1.6821957420369034
64.0,254.0,1005.7315063476562,1.5396689441273124,3.0386942734840274,0.0727790596694881,3.99653790662412,-0.2180394714265182,1.1227822176659112,0.9898665587735348,-0.0161734394273001,3.292559616599718,1.7283088665121291
64.0,254.0,1005.9786376953124,1.1755166225902458,3.0139295819900664,-0.2417305383366287,3.616814653335077,-0.2729520402836232,1.8592848557108288,1.1177652924446315,0.1211451494947978,3.912459696901169,2.2316448068592054
64.0,254.0,1004.7403564453124,0.4804166552562906,3.142058809388116,-0.507253232726782,3.78275224637308,-0.5671588827166028,1.1261544357254607,1.4122039073154182,0.5007209311294231,3.503301094810195,1.926829920271378
64.0,254.0,1004.5214233398438,1.3925082887281215,3.065088985864282,-0.1686798461004562,2.4937664364779137,-0.2246521629870259,1.0573601922845028,1.0844478999456344,-0.8866334099558765,3.2654268773896447,1.6563374701400866
64.0,254.0,1004.5638427734376,-0.2134668305182117,2.783390802993948,1.9017004885948512,1.4366753845009534,-0.5024318747415023,0.7385154890632665,0.977632335582272,0.2974201112703576,3.125186682888231,1.6802011201576457
64.0,254.0,1005.5848999023438,-0.4976473021030942,3.419951677935696,-0.3086301958483286,3.870154605804175,-1.1699164176837953,1.6993185462984577,0.8701808901365833,0.0028869377323087,3.427754210534899,1.6924904654891433
64.0,254.0,1004.2504272460938,-0.8223529424704155,2.825127807401638,-0.323922086313651,1.937577607926971,-0.7880478165526897,-0.5658922756132105,1.2049866790758093,0.2624683225465503,3.2458834880441487,0.9881096602322688
64.0,254.0,1004.8351440429688,0.383266327892847,3.526047267809437,-0.0464641811751654,3.441002486581674,0.4622121063248139,0.764653895575856,1.4226068635485682,-0.4876738443664548,3.654568720914268,1.5945743322906956
64.0,255.0,1004.6443481445312,0.6900176227674764,3.063074350782302,-0.3302721781170479,3.0126561550720083,-0.1976159951512532,1.5970259768578052,1.2511792713171723,-0.0167520924344081,3.4265898532482377,1.5636003792452855
64.0,255.0,1004.2421264648438,1.1090451639676264,3.063170278295987,-0.1754780434512142,3.5433184929382966,-0.1568456031498367,1.0766389807596008,1.0528787249669178,-0.0171620058962041,3.1145081813601543,1.5893554756452115
64.0,255.0,1005.7791137695312,0.6317410114373033,3.3821840388898674,-0.6555082762858517,1.8304964441013163,0.265419887632873,0.7751960162999161,1.243165064585624,-0.3543464243561521,3.598221077351875,1.5754946386202904
64.0,255.0,1005.7072143554688,1.6491448804843336,2.9104453120023,-0.2376035463302053,3.615676320374159,-0.5459213406507523,1.0802436756395946,1.0229389087533642,-0.0226071327225542,3.134768809825729,1.4551102740604491
64.0,255.0,1005.2555541992188,-0.5037094802039921,3.707585390221884,-0.3280569768488796,3.321070462527059,0.979043172621886,-0.4155761280008436,0.9565504599200948,0.2951346271246178,3.295787014291044,2.1819067114242974
64.0,255.0,1005.51806640625,-0.40218204349395,2.9611396568649364,0.6762820959727607,3.216420950245242,-1.6087780174255435,1.486703313514423,0.3728051189080725,0.4352597544671966,2.6224629239329085,1.7656766646614763
64.0,255.0,1006.2119140625,0.4893625390202833,1.7795423029239368,-0.2283334970089545,3.1277989280704825,0.4981169607027755,1.141197769335064,2.5146578201478693,1.975507430672696,4.311031517865723,2.0922100116751228
64.0,255.0,1005.1494140625,1.4267671879387,2.82151791963309,-0.2050135975394147,3.599402345635524,-0.212234014229664,1.0699343377498252,1.054124327480299,-0.0348381047181509,3.2384919490320403,1.683330061310487
64.0,255.0,1005.474853515625,1.5026949966969567,4.303640589644998,0.0467183102294996,3.508585978273294,-0.276222544546385,1.2632585220760255,0.9839023829757484,0.4548566034085533,3.319979299343642,1.681623450852277
64.0,255.0,1004.5355224609376,-0.2067583177486083,2.156645823399848,1.1237471826284795,3.780946817479548,-0.5114493991580722,1.3470285072754011,1.5426076556614716,0.9251629364195506,3.6326501297850458,1.193605314089168
64.0,255.0,1004.0458984375,0.6627964073101363,1.902544155917261,1.7356517264199556,1.1276967507837976,-0.9532319298265536,0.6325625002596181,1.4181961809212862,1.2571856093798428,3.247627624338968,0.7396376473821458
64.0,255.0,1004.7117919921876,0.4052530103725722,2.862964791291889,1.0244185980793992,1.6185629550949447,0.0861167524434486,0.806110362194968,0.5149989619430992,0.0762824622613271,3.306353246449835,1.6419964791765842
64.0,255.0,1005.585205078125,1.4441076734521072,3.066111509674269,0.0067028297138759,3.194813058276394,-0.2495793018936137,1.1591742150332562,1.047291772061316,-0.0635626710663064,3.2934046480925203,1.7277033081006632
64.0,255.0,1004.95849609375,0.9162956780313632,2.1247201074083826,0.0379144096914144,3.0493734156772465,-0.204541723945408,1.0866278545155783,1.081534562537653,-0.1426858802547873,2.5531626479271203,1.6834925846586402
64.0,255.0,1003.9569702148438,0.448016906340041,3.105722986450256,0.8138035866923863,3.0955404770734902,0.2620725015799733,1.6869868466778326,0.0600023277914734,0.2622416693067444,3.1208073658522064,1.5478276998793208
64.0,255.0,1005.9080810546876,1.0513515896295955,3.0324479004866207,-0.1399893757068982,2.5909601277576697,-0.1207554487964864,2.5126882206643253,1.1607896320933913,0.180815057255496,3.251736532375584,2.58552590355996
64.0,255.0,1005.7649536132812,0.2825466944237913,3.223371955913502,-1.130107795435179,3.475165291581171,-1.048330892200188,0.6773142097574366,1.7224453178602437,-0.0116344510771347,2.978858171781275,1.664112733334867
64.0,255.0,1003.8233642578124,1.028523366259821,3.0628461474330293,-0.3204188298828894,3.0167776901382988,0.2647472536681213,1.306874930918926,0.9514498344110252,-0.5399432597472117,3.348110656193866,0.8965220619264871
64.0,255.0,1006.2741088867188,1.643031542836416,3.606370926934152,-0.6934784640503268,3.544777025413626,-0.1168117638030309,0.939111865717292,1.235370936060419,0.8014975999324441,3.270795648100955,1.6707495569788469
64.0,255.0,1005.4312744140624,1.3627715738376884,3.076635121501396,-0.2203183241854567,3.1897560510402903,-0.4507563945197057,1.1522013466208365,1.072078304572779,-0.0715777010715543,3.2997649430028133,1.6650114468654638
64.0,255.0,1006.1286010742188,1.5630251164579407,3.034072154337606,-0.2144607478813976,3.3747890166807086,-0.1840946200972616,1.0834848120091078,1.505132191142844,0.0986427251527393,3.2971237436003165,1.6407078622033984
64.0,255.0,1004.8368530273438,-0.0192859539180938,3.1458012448024646,-0.4052589456220559,3.5837623621294377,-0.4446218579421889,1.004306573519272,1.0674916208430016,-0.1473208806064043,4.659302750457305,1.266183010783346
64.0,255.0,1005.0035400390624,1.488088734200528,3.2964916798764268,-0.081613556681665,3.4931910742310563,-0.4795947022471148,1.19443031097595,1.5983254058784726,0.3030366300005376,3.1093375136026897,1.3517079212642986
64.0,255.0,1005.59716796875,0.8422960777773174,3.0348209215701183,-0.2311176520887816,3.530445462000517,0.731073415144617,1.0838871087870037,1.0526527931079228,-0.2789778063184201,3.525442996103043,1.9314441196361605
64.0,255.0,1005.1682739257812,0.4758226699530498,2.725912301651685,-0.0230184400084026,3.5041163169939864,-0.2839688026094656,0.98246182909671,0.7814411067738086,0.0567855685067581,3.2908997596538847,1.3640380101297185
64.0,255.0,1004.932861328125,1.5796322669745138,2.974669102036052,-0.2759972217390695,3.567574034001228,-0.2093543612178015,1.4940440693796724,1.055340177568717,-0.0056815911348413,3.322450316094878,2.2801882162059304
64.0,255.0,1004.5557861328124,1.021039932157859,3.115921688963008,1.0019107446718256,2.234313345165861,-1.2644187944951404,0.667371423970712,1.2297919770831705,0.8270215697473942,3.348214809893935,1.7947175164238944
64.0,255.0,1005.9476318359376,0.0416259073064684,3.056620648095169,0.9059087932371556,3.541676985417584,-0.4558259587305865,-0.3150494321593007,1.05123482986649,-0.0994281152615595,3.238383279985208,1.6565234082160285
64.0,255.0,1005.81201171875,1.0493680198447488,3.1481788145602274,-0.3742052874168526,1.7340138049668434,0.0318673716322229,0.8640905123034281,1.2404658485720614,-0.0193011184880681,2.7865877149951315,1.7316496760128115
64.0,255.0,1004.924560546875,1.3902787656971398,3.2388825019148166,-0.206591284257351,2.6835356447268124,-0.2393013169250669,1.0825663808182378,0.7880722208517016,0.1086941866441624,3.760609960660497,1.5499190461382142
64.0,255.0,1003.884033203125,1.1425112649696187,3.065090117718845,0.592860107788608,2.8071972518327133,0.2549808842303713,0.7688590957311772,1.1434486482266086,0.1774592781213724,3.2904317271738885,1.6652367097735672
64.0,255.0,1004.8756713867188,1.803103039357084,3.04969122379482,-0.2380855070972431,3.544222673085715,-0.3675432124331079,1.0049334701620785,1.0915745130618049,-0.0166428366782459,3.286393579044508,1.7128181502425668
64.0,255.0,1005.5949096679688,1.065741447403239,3.566321993171797,-0.1722097588879127,3.335195644635442,0.4153135222526197,1.6432684793938577,1.2308026718224587,0.3065238812510272,3.32453208933479,1.4181087479272612
64.0,255.0,1005.1708984375,1.5387374172758588,3.0630905424895096,-0.2761169812147975,3.539551483750204,-0.0710913967583387,1.0864629386437223,1.0432566156141505,0.0406253156605319,3.3703392304127733,1.6847979903288934
64.0,255.0,1004.3433227539062,1.5246637626108075,2.588764633984187,-0.2247483509817702,3.541791433209113,-0.2094105942329443,0.0900981966808316,1.4472220790014578,0.3634141441016041,3.275517642189521,1.677631713184814
64.0,255.0,1006.2902221679688,-0.4251081873792355,3.285807122763265,-0.1892787533432827,2.527234148491948,-0.6010386156964528,0.6565171337625719,1.76275366174798,-0.0125229395337214,3.152359389102193,1.536172754489335
64.0,255.0,1002.565185546875,0.5472914493255665,3.366882117201061,1.3060013984334584,1.9325170226020087,-1.0074251950736448,0.7432223534795421,1.6951969237110474,0.1334456915648295,3.316198941140461,1.659375229627378
64.0,255.0,1006.7476806640624,1.3783292661069166,2.227281756843792,0.7486796121921748,2.3676098445669496,-0.4352187250238886,0.1295667694666509,1.2582478032152908,0.9678886220425788,1.546052822985894,1.7088008776725607
64.0,255.0,1003.6841430664062,1.5264166200797986,3.063097861613356,-0.215819897253269,3.5490497273888275,-0.2048867388282806,1.0826619122252867,1.0511392207255632,-0.0170243374408754,3.2973942147249127,1.6821927523441609
64.0,255.0,1004.9850463867188,0.6143587211329081,3.6385777878302688,1.866782871449317,2.68567229671642,-0.0190286631641586,0.5847002488156035,1.759170199056142,0.7876675185527418,3.289135321111209,1.695106697781342
64.0,255.0,1006.3912353515624,1.0823124156003283,3.145532408020725,0.0937498638335725,4.3492484902596935,-0.983369492477124,0.3045399617600217,1.0355153888892177,-0.6035785196627739,3.47882371336145,1.9749920545649893
64.0,255.0,1003.7677001953124,0.9753379059727132,3.027481911426474,0.8914709442373026,3.6385006360362526,-0.1936568623912141,0.9354252219936228,1.0515023454212475,1.5844169383747184,3.3013099988549235,1.6821957420369034
64.0,255.0,1005.7315063476562,1.5396689441273124,3.0386942734840274,0.0727790596694881,3.99653790662412,-0.2180394714265182,1.1227822176659112,0.9898665587735348,-0.0161734394273001,3.292559616599718,1.7283088665121291
64.0,255.0,1005.9786376953124,1.1755166225902458,3.0139295819900664,-0.2417305383366287,3.616814653335077,-0.2729520402836232,1.8592848557108288,1.1177652924446315,0.1211451494947978,3.912459696901169,2.2316448068592054
64.0,255.0,1004.7403564453124,0.4804166552562906,3.142058809388116,-0.507253232726782,3.78275224637308,-0.5671588827166028,1.1261544357254607,1.4122039073154182,0.5007209311294231,3.503301094810195,1.926829920271378
64.0,255.0,1004.5214233398438,1.3925082887281215,3.065088985864282,-0.1686798461004562,2.4937664364779137,-0.2246521629870259,1.0573601922845028,1.0844478999456344,-0.8866334099558765,3.2654268773896447,1.6563374701400866
64.0,255.0,1004.5638427734376,-0.2134668305182117,2.783390802993948,1.9017004885948512,1.4366753845009534,-0.5024318747415023,0.7385154890632665,0.977632335582272,0.2974201112703576,3.125186682888231,1.6802011201576457
64.0,255.0,1005.5848999023438,-0.4976473021030942,3.419951677935696,-0.3086301958483286,3.870154605804175,-1.1699164176837953,1.6993185462984577,0.8701808901365833,0.0028869377323087,3.427754210534899,1.6924904654891433
64.0,255.0,1004.2504272460938,-0.8223529424704155,2.825127807401638,-0.323922086313651,1.937577607926971,-0.7880478165526897,-0.5658922756132105,1.2049866790758093,0.2624683225465503,3.2458834880441487,0.9881096602322688
64.0,255.0,1004.8351440429688,0.383266327892847,3.526047267809437,-0.0464641811751654,3.441002486581674,0.4622121063248139,0.764653895575856,1.4226068635485682,-0.4876738443664548,3.654568720914268,1.5945743322906956
64.0,256.0,1004.6443481445312,0.6900176227674764,3.063074350782302,-0.3302721781170479,3.0126561550720083,-0.1976159951512532,1.5970259768578052,1.2511792713171723,-0.0167520924344081,3.4265898532482377,1.5636003792452855
64.0,256.0,1004.2421264648438,1.1090451639676264,3.063170278295987,-0.1754780434512142,3.5433184929382966,-0.1568456031498367,1.0766389807596008,1.0528787249669178,-0.0171620058962041,3.1145081813601543,1.5893554756452115
64.0,256.0,1005.7791137695312,0.6317410114373033,3.3821840388898674,-0.6555082762858517,1.8304964441013163,0.265419887632873,0.7751960162999161,1.243165064585624,-0.3543464243561521,3.598221077351875,1.5754946386202904
64.0,256.0,1005.7072143554688,1.6491448804843336,2.9104453120023,-0.2376035463302053,3.615676320374159,-0.5459213406507523,1.0802436756395946,1.0229389087533642,-0.0226071327225542,3.134768809825729,1.4551102740604491
64.0,256.0,1005.2555541992188,-0.5037094802039921,3.707585390221884,-0.3280569768488796,3.321070462527059,0.979043172621886,-0.4155761280008436,0.9565504599200948,0.2951346271246178,3.295787014291044,2.1819067114242974
64.0,256.0,1005.51806640625,-0.40218204349395,2.9611396568649364,0.6762820959727607,3.216420950245242,-1.6087780174255435,1.486703313514423,0.3728051189080725,0.4352597544671966,2.6224629239329085,1.7656766646614763
64.0,256.0,1006.2119140625,0.4893625390202833,1.7795423029239368,-0.2283334970089545,3.1277989280704825,0.4981169607027755,1.141197769335064,2.5146578201478693,1.975507430672696,4.311031517865723,2.0922100116751228
64.0,256.0,1005.1494140625,1.4267671879387,2.82151791963309,-0.2050135975394147,3.599402345635524,-0.212234014229664,1.0699343377498252,1.054124327480299,-0.0348381047181509,3.2384919490320403,1.683330061310487
64.0,256.0,1005.474853515625,1.5026949966969567,4.303640589644998,0.0467183102294996,3.508585978273294,-0.276222544546385,1.2632585220760255,0.9839023829757484,0.4548566034085533,3.319979299343642,1.681623450852277
64.0,256.0,1004.5355224609376,-0.2067583177486083,2.156645823399848,1.1237471826284795,3.780946817479548,-0.5114493991580722,1.3470285072754011,1.5426076556614716,0.9251629364195506,3.6326501297850458,1.193605314089168
64.0,256.0,1004.0458984375,0.6627964073101363,1.902544155917261,1.7356517264199556,1.1276967507837976,-0.9532319298265536,0.6325625002596181,1.4181961809212862,1.2571856093798428,3.247627624338968,0.7396376473821458
64.0,256.0,1004.7117919921876,0.4052530103725722,2.862964791291889,1.0244185980793992,1.6185629550949447,0.0861167524434486,0.806110362194968,0.5149989619430992,0.0762824622613271,3.306353246449835,1.6419964791765842
64.0,256.0,1005.585205078125,1.4441076734521072,3.066111509674269,0.0067028297138759,3.194813058276394,-0.2495793018936137,1.1591742150332562,1.047291772061316,-0.0635626710663064,3.2934046480925203,1.7277033081006632
64.0,256.0,1004.95849609375,0.9162956780313632,2.1247201074083826,0.0379144096914144,3.0493734156772465,-0.204541723945408,1.0866278545155783,1.081534562537653,-0.1426858802547873,2.5531626479271203,1.6834925846586402
64.0,256.0,1003.9569702148438,0.448016906340041,3.105722986450256,0.8138035866923863,3.0955404770734902,0.2620725015799733,1.6869868466778326,0.0600023277914734,0.2622416693067444,3.1208073658522064,1.5478276998793208
64.0,256.0,1005.9080810546876,1.0513515896295955,3.0324479004866207,-0.1399893757068982,2.5909601277576697,-0.1207554487964864,2.5126882206643253,1.1607896320933913,0.180815057255496,3.251736532375584,2.58552590355996
64.0,256.0,1005.7649536132812,0.2825466944237913,3.223371955913502,-1.130107795435179,3.475165291581171,-1.048330892200188,0.6773142097574366,1.7224453178602437,-0.0116344510771347,2.978858171781275,1.664112733334867
64.0,256.0,1003.8233642578124,1.028523366259821,3.0628461474330293,-0.3204188298828894,3.0167776901382988,0.2647472536681213,1.306874930918926,0.9514498344110252,-0.5399432597472117,3.348110656193866,0.8965220619264871
64.0,256.0,1006.2741088867188,1.643031542836416,3.606370926934152,-0.6934784640503268,3.544777025413626,-0.1168117638030309,0.939111865717292,1.235370936060419,0.8014975999324441,3.270795648100955,1.6707495569788469
64.0,256.0,1005.4312744140624,1.3627715738376884,3.076635121501396,-0.2203183241854567,3.1897560510402903,-0.4507563945197057,1.1522013466208365,1.072078304572779,-0.0715777010715543,3.2997649430028133,1.6650114468654638
64.0,256.0,1006.1286010742188,1.5630251164579407,3.034072154337606,-0.2144607478813976,3.3747890166807086,-0.1840946200972616,1.0834848120091078,1.505132191142844,0.0986427251527393,3.2971237436003165,1.6407078622033984
64.0,256.0,1004.8368530273438,-0.0192859539180938,3.1458012448024646,-0.4052589456220559,3.5837623621294377,-0.4446218579421889,1.004306573519272,1.0674916208430016,-0.1473208806064043,4.659302750457305,1.266183010783346
64.0,256.0,1005.0035400390624,1.488088734200528,3.2964916798764268,-0.081613556681665,3.4931910742310563,-0.4795947022471148,1.19443031097595,1.5983254058784726,0.3030366300005376,3.1093375136026897,1.3517079212642986
64.0,256.0,1005.59716796875,0.8422960777773174,3.0348209215701183,-0.2311176520887816,3.530445462000517,0.731073415144617,1.0838871087870037,1.0526527931079228,-0.2789778063184201,3.525442996103043,1.9314441196361605
64.0,256.0,1005.1682739257812,0.4758226699530498,2.725912301651685,-0.0230184400084026,3.5041163169939864,-0.2839688026094656,0.98246182909671,0.7814411067738086,0.0567855685067581,3.2908997596538847,1.3640380101297185
64.0,256.0,1004.932861328125,1.5796322669745138,2.974669102036052,-0.2759972217390695,3.567574034001228,-0.2093543612178015,1.4940440693796724,1.055340177568717,-0.0056815911348413,3.322450316094878,2.2801882162059304
64.0,256.0,1004.5557861328124,1.021039932157859,3.115921688963008,1.0019107446718256,2.234313345165861,-1.2644187944951404,0.667371423970712,1.2297919770831705,0.8270215697473942,3.348214809893935,1.7947175164238944
64.0,256.0,1005.9476318359376,0.0416259073064684,3.056620648095169,0.9059087932371556,3.541676985417584,-0.4558259587305865,-0.3150494321593007,1.05123482986649,-0.0994281152615595,3.238383279985208,1.6565234082160285
64.0,256.0,1005.81201171875,1.0493680198447488,3.1481788145602274,-0.3742052874168526,1.7340138049668434,0.0318673716322229,0.8640905123034281,1.2404658485720614,-0.0193011184880681,2.7865877149951315,1.7316496760128115
64.0,256.0,1004.924560546875,1.3902787656971398,3.2388825019148166,-0.206591284257351,2.6835356447268124,-0.2393013169250669,1.0825663808182378,0.7880722208517016,0.1086941866441624,3.760609960660497,1.5499190461382142
64.0,256.0,1003.884033203125,1.1425112649696187,3.065090117718845,0.592860107788608,2.8071972518327133,0.2549808842303713,0.7688590957311772,1.1434486482266086,0.1774592781213724,3.2904317271738885,1.6652367097735672
64.0,256.0,1004.8756713867188,1.803103039357084,3.04969122379482,-0.2380855070972431,3.544222673085715,-0.3675432124331079,1.0049334701620785,1.0915745130618049,-0.0166428366782459,3.286393579044508,1.7128181502425668
64.0,256.0,1005.5949096679688,1.065741447403239,3.566321993171797,-0.1722097588879127,3.335195644635442,0.4153135222526197,1.6432684793938577,1.2308026718224587,0.3065238812510272,3.32453208933479,1.4181087479272612
64.0,256.0,1005.1708984375,1.5387374172758588,3.0630905424895096,-0.2761169812147975,3.539551483750204,-0.0710913967583387,1.0864629386437223,1.0432566156141505,0.0406253156605319,3.3703392304127733,1.6847979903288934
64.0,256.0,1004.3433227539062,1.5246637626108075,2.588764633984187,-0.2247483509817702,3.541791433209113,-0.2094105942329443,0.0900981966808316,1.4472220790014578,0.3634141441016041,3.275517642189521,1.677631713184814
64.0,256.0,1006.2902221679688,-0.4251081873792355,3.285807122763265,-0.1892787533432827,2.527234148491948,-0.6010386156964528,0.6565171337625719,1.76275366174798,-0.0125229395337214,3.152359389102193,1.536172754489335
64.0,256.0,1002.565185546875,0.5472914493255665,3.366882117201061,1.3060013984334584,1.9325170226020087,-1.0074251950736448,0.7432223534795421,1.6951969237110474,0.1334456915648295,3.316198941140461,1.659375229627378
64.0,256.0,1006.7476806640624,1.3783292661069166,2.227281756843792,0.7486796121921748,2.3676098445669496,-0.4352187250238886,0.1295667694666509,1.2582478032152908,0.9678886220425788,1.546052822985894,1.7088008776725607
64.0,256.0,1003.6841430664062,1.5264166200797986,3.063097861613356,-0.215819897253269,3.5490497273888275,-0.2048867388282806,1.0826619122252867,1.0511392207255632,-0.0170243374408754,3.2973942147249127,1.6821927523441609
64.0,256.0,1004.9850463867188,0.6143587211329081,3.6385777878302688,1.866782871449317,2.68567229671642,-0.0190286631641586,0.5847002488156035,1.759170199056142,0.7876675185527418,3.289135321111209,1.695106697781342
64.0,256.0,1006.3912353515624,1.0823124156003283,3.145532408020725,0.0937498638335725,4.3492484902596935,-0.983369492477124,0.3045399617600217,1.0355153888892177,-0.6035785196627739,3.47882371336145,1.9749920545649893
64.0,256.0,1003.7677001953124,0.9753379059727132,3.027481911426474,0.8914709442373026,3.6385006360362526,-0.1936568623912141,0.9354252219936228,1.0515023454212475,1.5844169383747184,3.3013099988549235,1.6821957420369034
64.0,256.0,1005.7315063476562,1.5396689441273124,3.0386942734840274,0.0727790596694881,3.99653790662412,-0.2180394714265182,1.1227822176659112,0.9898665587735348,-0.0161734394273001,3.292559616599718,1.7283088665121291
64.0,256.0,1005.9786376953124,1.1755166225902458,3.0139295819900664,-0.2417305383366287,3.616814653335077,-0.2729520402836232,1.8592848557108288,1.1177652924446315,0.1211451494947978,3.912459696901169,2.2316448068592054
64.0,256.0,1004.7403564453124,0.4804166552562906,3.142058809388116,-0.507253232726782,3.78275224637308,-0.5671588827166028,1.1261544357254607,1.4122039073154182,0.5007209311294231,3.503301094810195,1.926829920271378
64.0,256.0,1004.5214233398438,1.3925082887281215,3.065088985864282,-0.1686798461004562,2.4937664364779137,-0.2246521629870259,1.0573601922845028,1.0844478999456344,-0.8866334099558765,3.2654268773896447,1.6563374701400866
64.0,256.0,1004.5638427734376,-0.2134668305182117,2.783390802993948,1.9017004885948512,1.4366753845009534,-0.5024318747415023,0.7385154890632665,0.977632335582272,0.2974201112703576,3.125186682888231,1.6802011201576457
64.0,256.0,1005.5848999023438,-0.4976473021030942,3.419951677935696,-0.3086301958483286,3.870154605804175,-1.1699164176837953,1.6993185462984577,0.8701808901365833,0.0028869377323087,3.427754210534899,1.6924904654891433
64.0,256.0,1004.2504272460938,-0.8223529424704155,2.825127807401638,-0.323922086313651,1.937577607926971,-0.7880478165526897,-0.5658922756132105,1.2049866790758093,0.2624683225465503,3.2458834880441487,0.9881096602322688
64.0,256.0,1004.8351440429688,0.383266327892847,3.526047267809437,-0.0464641811751654,3.441002486581674,0.4622121063248139,0.764653895575856,1.4226068635485682,-0.4876738443664548,3.654568720914268,1.5945743322906956
64.0,257.0,1004.6443481445312,0.6900176227674764,3.063074350782302,-0.3302721781170479,3.0126561550720083,-0.1976159951512532,1.5970259768578052,1.2511792713171723,-0.0167520924344081,3.4265898532482377,1.5636003792452855
64.0,257.0,1004.2421264648438,1.1090451639676264,3.063170278295987,-0.1754780434512142,3.5433184929382966,-0.1568456031498367,1.0766389807596008,1.0528787249669178,-0.0171620058962041,3.1145081813601543,1.5893554756452115
64.0,257.0,1005.7791137695312,0.6317410114373033,3.3821840388898674,-0.6555082762858517,1.8304964441013163,0.265419887632873,0.7751960162999161,1.243165064585624,-0.3543464243561521,3.598221077351875,1.5754946386202904
64.0,257.0,1005.7072143554688,1.6491448804843336,2.9104453120023,-0.2376035463302053,3.615676320374159,-0.5459213406507523,1.0802436756395946,1.0229389087533642,-0.0226071327225542,3.134768809825729,1.4551102740604491
64.0,257.0,1005.2555541992188,-0.5037094802039921,3.707585390221884,-0.3280569768488796,3.321070462527059,0.979043172621886,-0.4155761280008436,0.9565504599200948,0.2951346271246178,3.295787014291044,2.1819067114242974
64.0,257.0,1005.51806640625,-0.40218204349395,2.9611396568649364,0.6762820959727607,3.216420950245242,-1.6087780174255435,1.486703313514423,0.3728051189080725,0.4352597544671966,2.6224629239329085,1.7656766646614763
64.0,257.0,1006.2119140625,0.4893625390202833,1.7795423029239368,-0.2283334970089545,3.1277989280704825,0.4981169607027755,1.141197769335064,2.5146578201478693,1.975507430672696,4.311031517865723,2.0922100116751228
64.0,257.0,1005.1494140625,1.4267671879387,2.82151791963309,-0.2050135975394147,3.599402345635524,-0.212234014229664,1.0699343377498252,1.054124327480299,-0.0348381047181509,3.2384919490320403,1.683330061310487
64.0,257.0,1005.474853515625,1.5026949966969567,4.303640589644998,0.0467183102294996,3.508585978273294,-0.276222544546385,1.2632585220760255,0.9839023829757484,0.4548566034085533,3.319979299343642,1.681623450852277
64.0,257.0,1004.5355224609376,-0.2067583177486083,2.156645823399848,1.1237471826284795,3.780946817479548,-0.5114493991580722,1.3470285072754011,1.5426076556614716,0.9251629364195506,3.6326501297850458,1.193605314089168
64.0,257.0,1004.0458984375,0.6627964073101363,1.902544155917261,1.7356517264199556,1.1276967507837976,-0.9532319298265536,0.6325625002596181,1.4181961809212862,1.2571856093798428,3.247627624338968,0.7396376473821458
64.0,257.0,1004.7117919921876,0.4052530103725722,2.862964791291889,1.0244185980793992,1.6185629550949447,0.0861167524434486,0.806110362194968,0.5149989619430992,0.0762824622613271,3.306353246449835,1.6419964791765842
64.0,257.0,1005.585205078125,1.4441076734521072,3.066111509674269,0.0067028297138759,3.194813058276394,-0.2495793018936137,1.1591742150332562,1.047291772061316,-0.0635626710663064,3.2934046480925203,1.7277033081006632
64.0,257.0,1004.95849609375,0.9162956780313632,2.1247201074083826,0.0379144096914144,3.0493734156772465,-0.204541723945408,1.0866278545155783,1.081534562537653,-0.1426858802547873,2.5531626479271203,1.6834925846586402
64.0,257.0,1003.9569702148438,0.448016906340041,3.105722986450256,0.8138035866923863,3.0955404770734902,0.2620725015799733,1.6869868466778326,0.0600023277914734,0.2622416693067444,3.1208073658522064,1.5478276998793208
64.0,257.0,1005.9080810546876,1.0513515896295955,3.0324479004866207,-0.1399893757068982,2.5909601277576697,-0.1207554487964864,2.5126882206643253,1.1607896320933913,0.180815057255496,3.251736532375584,2.58552590355996
64.0,257.0,1005.7649536132812,0.2825466944237913,3.223371955913502,-1.130107795435179,3.475165291581171,-1.048330892200188,0.6773142097574366,1.7224453178602437,-0.0116344510771347,2.978858171781275,1.664112733334867
64.0,257.0,1003.8233642578124,1.028523366259821,3.0628461474330293,-0.3204188298828894,3.0167776901382988,0.2647472536681213,1.306874930918926,0.9514498344110252,-0.5399432597472117,3.348110656193866,0.8965220619264871
64.0,257.0,1006.2741088867188,1.643031542836416,3.606370926934152,-0.6934784640503268,3.544777025413626,-0.1168117638030309,0.939111865717292,1.235370936060419,0.8014975999324441,3.270795648100955,1.6707495569788469
64.0,257.0,1005.4312744140624,1.3627715738376884,3.076635121501396,-0.2203183241854567,3.1897560510402903,-0.4507563945197057,1.1522013466208365,1.072078304572779,-0.0715777010715543,3.2997649430028133,1.6650114468654638
64.0,257.0,1006.1286010742188,1.5630251164579407,3.034072154337606,-0.2144607478813976,3.3747890166807086,-0.1840946200972616,1.0834848120091078,1.505132191142844,0.0986427251527393,3.2971237436003165,1.6407078622033984
64.0,257.0,1004.8368530273438,-0.0192859539180938,3.1458012448024646,-0.4052589456220559,3.5837623621294377,-0.4446218579421889,1.004306573519272,1.0674916208430016,-0.1473208806064043,4.659302750457305,1.266183010783346
64.0,257.0,1005.0035400390624,1.488088734200528,3.2964916798764268,-0.081613556681665,3.4931910742310563,-0.4795947022471148,1.19443031097595,1.5983254058784726,0.3030366300005376,3.1093375136026897,1.3517079212642986
64.0,257.0,1005.59716796875,0.8422960777773174,3.0348209215701183,-0.2311176520887816,3.530445462000517,0.731073415144617,1.0838871087870037,1.0526527931079228,-0.2789778063184201,3.525442996103043,1.9314441196361605
64.0,257.0,1005.1682739257812,0.4758226699530498,2.725912301651685,-0.0230184400084026,3.5041163169939864,-0.2839688026094656,0.98246182909671,0.7814411067738086,0.0567855685067581,3.2908997596538847,1.3640380101297185
64.0,257.0,1004.932861328125,1.5796322669745138,2.974669102036052,-0.2759972217390695,3.567574034001228,-0.2093543612178015,1.4940440693796724,1.055340177568717,-0.0056815911348413,3.322450316094878,2.2801882162059304
64.0,257.0,1004.5557861328124,1.021039932157859,3.115921688963008,1.0019107446718256,2.234313345165861,-1.2644187944951404,0.667371423970712,1.2297919770831705,0.8270215697473942,3.348214809893935,1.7947175164238944
64.0,257.0,1005.9476318359376,0.0416259073064684,3.056620648095169,0.9059087932371556,3.541676985417584,-0.4558259587305865,-0.3150494321593007,1.05123482986649,-0.0994281152615595,3.238383279985208,1.6565234082160285
64.0,257.0,1005.81201171875,1.0493680198447488,3.1481788145602274,-0.3742052874168526,1.7340138049668434,0.0318673716322229,0.8640905123034281,1.2404658485720614,-0.0193011184880681,2.7865877149951315,1.7316496760128115
64.0,257.0,1004.924560546875,1.3902787656971398,3.2388825019148166,-0.206591284257351,2.6835356447268124,-0.2393013169250669,1.0825663808182378,0.7880722208517016,0.1086941866441624,3.760609960660497,1.5499190461382142
64.0,257.0,1003.884033203125,1.1425112649696187,3.065090117718845,0.592860107788608,2.8071972518327133,0.2549808842303713,0.7688590957311772,1.1434486482266086,0.1774592781213724,3.2904317271738885,1.6652367097735672
64.0,257.0,1004.8756713867188,1.803103039357084,3.04969122379482,-0.2380855070972431,3.544222673085715,-0.3675432124331079,1.0049334701620785,1.0915745130618049,-0.0166428366782459,3.286393579044508,1.7128181502425668
64.0,257.0,1005.5949096679688,1.065741447403239,3.566321993171797,-0.1722097588879127,3.335195644635442,0.4153135222526197,1.6432684793938577,1.2308026718224587,0.3065238812510272,3.32453208933479,1.4181087479272612
64.0,257.0,1005.1708984375,1.5387374172758588,3.0630905424895096,-0.2761169812147975,3.539551483750204,-0.0710913967583387,1.0864629386437223,1.0432566156141505,0.0406253156605319,3.3703392304127733,1.6847979903288934
64.0,257.0,1004.3433227539062,1.5246637626108075,2.588764633984187,-0.2247483509817702,3.541791433209113,-0.2094105942329443,0.0900981966808316,1.4472220790014578,0.3634141441016041,3.275517642189521,1.677631713184814
64.0,257.0,1006.2902221679688,-0.4251081873792355,3.285807122763265,-0.1892787533432827,2.527234148491948,-0.6010386156964528,0.6565171337625719,1.76275366174798,-0.0125229395337214,3.152359389102193,1.536172754489335
64.0,257.0,1002.565185546875,0.5472914493255665,3.366882117201061,1.3060013984334584,1.9325170226020087,-1.0074251950736448,0.7432223534795421,1.6951969237110474,0.1334456915648295,3.316198941140461,1.659375229627378
64.0,257.0,1006.7476806640624,1.3783292661069166,2.227281756843792,0.7486796121921748,2.3676098445669496,-0.4352187250238886,0.1295667694666509,1.2582478032152908,0.9678886220425788,1.546052822985894,1.7088008776725607
64.0,257.0,1003.6841430664062,1.5264166200797986,3.063097861613356,-0.215819897253269,3.5490497273888275,-0.2048867388282806,1.0826619122252867,1.0511392207255632,-0.0170243374408754,3.2973942147249127,1.6821927523441609
64.0,257.0,1004.9850463867188,0.6143587211329081,3.6385777878302688,1.866782871449317,2.68567229671642,-0.0190286631641586,0.5847002488156035,1.759170199056142,0.7876675185527418,3.289135321111209,1.695106697781342
64.0,257.0,1006.3912353515624,1.0823124156003283,3.145532408020725,0.0937498638335725,4.3492484902596935,-0.983369492477124,0.3045399617600217,1.0355153888892177,-0.6035785196627739,3.47882371336145,1.9749920545649893
64.0,257.0,1003.7677001953124,0.9753379059727132,3.027481911426474,0.8914709442373026,3.6385006360362526,-0.1936568623912141,0.9354252219936228,1.0515023454212475,1.5844169383747184,3.3013099988549235,1.6821957420369034
64.0,257.0,1005.7315063476562,1.5396689441273124,3.0386942734840274,0.0727790596694881,3.99653790662412,-0.2180394714265182,1.1227822176659112,0.9898665587735348,-0.0161734394273001,3.292559616599718,1.7283088665121291
64.0,257.0,1005.9786376953124,1.1755166225902458,3.0139295819900664,-0.2417305383366287,3.616814653335077,-0.2729520402836232,1.8592848557108288,1.1177652924446315,0.1211451494947978,3.912459696901169,2.2316448068592054
64.0,257.0,1004.7403564453124,0.4804166552562906,3.142058809388116,-0.507253232726782,3.78275224637308,-0.5671588827166028,1.1261544357254607,1.4122039073154182,0.5007209311294231,3.503301094810195,1.926829920271378
64.0,257.0,1004.5214233398438,1.3925082887281215,3.065088985864282,-0.1686798461004562,2.4937664364779137,-0.2246521629870259,1.0573601922845028,1.0844478999456344,-0.8866334099558765,3.2654268773896447,1.6563374701400866
64.0,257.0,1004.5638427734376,-0.2134668305182117,2.783390802993948,1.9017004885948512,1.4366753845009534,-0.5024318747415023,0.7385154890632665,0.977632335582272,0.2974201112703576,3.125186682888231,1.6802011201576457
64.0,257.0,1005.5848999023438,-0.4976473021030942,3.419951677935696,-0.3086301958483286,3.870154605804175,-1.1699164176837953,1.6993185462984577,0.8701808901365833,0.0028869377323087,3.427754210534899,1.6924904654891433
64.0,257.0,1004.2504272460938,-0.8223529424704155,2.825127807401638,-0.323922086313651,1.937577607926971,-0.7880478165526897,-0.5658922756132105,1.2049866790758093,0.2624683225465503,3.2458834880441487,0.9881096602322688
64.0,257.0,1004.8351440429688,0.383266327892847,3.526047267809437,-0.0464641811751654,3.441002486581674,0.4622121063248139,0.764653895575856,1.4226068635485682,-0.4876738443664548,3.654568720914268,1.5945743322906956
64.0,258.0,1004.6443481445312,0.6900176227674764,3.063074350782302,-0.3302721781170479,3.0126561550720083,-0.1976159951512532,1.5970259768578052,1.2511792713171723,-0.0167520924344081,3.4265898532482377,1.5636003792452855
64.0,258.0,1004.2421264648438,1.1090451639676264,3.063170278295987,-0.1754780434512142,3.5433184929382966,-0.1568456031498367,1.0766389807596008,1.0528787249669178,-0.0171620058962041,3.1145081813601543,1.5893554756452115
64.0,258.0,1005.7791137695312,0.6317410114373033,3.3821840388898674,-0.6555082762858517,1.8304964441013163,0.265419887632873,0.7751960162999161,1.243165064585624,-0.3543464243561521,3.598221077351875,1.5754946386202904
64.0,258.0,1005.7072143554688,1.6491448804843336,2.9104453120023,-0.2376035463302053,3.615676320374159,-0.5459213406507523,1.0802436756395946,1.0229389087533642,-0.0226071327225542,3.134768809825729,1.4551102740604491
64.0,258.0,1005.2555541992188,-0.5037094802039921,3.707585390221884,-0.3280569768488796,3.321070462527059,0.979043172621886,-0.4155761280008436,0.9565504599200948,0.2951346271246178,3.295787014291044,2.1819067114242974
64.0,258.0,1005.51806640625,-0.40218204349395,2.9611396568649364,0.6762820959727607,3.216420950245242,-1.6087780174255435,1.486703313514423,0.3728051189080725,0.4352597544671966,2.6224629239329085,1.7656766646614763
64.0,258.0,1006.2119140625,0.4893625390202833,1.7795423029239368,-0.2283334970089545,3.1277989280704825,0.4981169607027755,1.141197769335064,2.5146578201478693,1.975507430672696,4.311031517865723,2.0922100116751228
64.0,258.0,1005.1494140625,1.4267671879387,2.82151791963309,-0.2050135975394147,3.599402345635524,-0.212234014229664,1.0699343377498252,1.054124327480299,-0.0348381047181509,3.2384919490320403,1.683330061310487
64.0,258.0,1005.474853515625,1.5026949966969567,4.303640589644998,0.0467183102294996,3.508585978273294,-0.276222544546385,1.2632585220760255,0.9839023829757484,0.4548566034085533,3.319979299343642,1.681623450852277
64.0,258.0,1004.5355224609376,-0.2067583177486083,2.156645823399848,1.1237471826284795,3.780946817479548,-0.5114493991580722,1.3470285072754011,1.5426076556614716,0.9251629364195506,3.6326501297850458,1.193605314089168
64.0,258.0,1004.0458984375,0.6627964073101363,1.902544155917261,1.7356517264199556,1.1276967507837976,-0.9532319298265536,0.6325625002596181,1.4181961809212862,1.2571856093798428,3.247627624338968,0.7396376473821458
64.0,258.0,1004.7117919921876,0.4052530103725722,2.862964791291889,1.0244185980793992,1.6185629550949447,0.0861167524434486,0.806110362194968,0.5149989619430992,0.0762824622613271,3.306353246449835,1.6419964791765842
64.0,258.0,1005.585205078125,1.4441076734521072,3.066111509674269,0.0067028297138759,3.194813058276394,-0.2495793018936137,1.1591742150332562,1.047291772061316,-0.0635626710663064,3.2934046480925203,1.7277033081006632
64.0,258.0,1004.95849609375,0.9162956780313632,2.1247201074083826,0.0379144096914144,3.0493734156772465,-0.204541723945408,1.0866278545155783,1.081534562537653,-0.1426858802547873,2.5531626479271203,1.6834925846586402
64.0,258.0,1003.9569702148438,0.448016906340041,3.105722986450256,0.8138035866923863,3.0955404770734902,0.2620725015799733,1.6869868466778326,0.0600023277914734,0.2622416693067444,3.1208073658522064,1.5478276998793208
64.0,258.0,1005.9080810546876,1.0513515896295955,3.0324479004866207,-0.1399893757068982,2.5909601277576697,-0.1207554487964864,2.5126882206643253,1.1607896320933913,0.180815057255496,3.251736532375584,2.58552590355996
64.0,258.0,1005.7649536132812,0.2825466944237913,3.223371955913502,-1.130107795435179,3.475165291581171,-1.048330892200188,0.6773142097574366,1.7224453178602437,-0.0116344510771347,2.978858171781275,1.664112733334867
64.0,258.0,1003.8233642578124,1.028523366259821,3.0628461474330293,-0.3204188298828894,3.0167776901382988,0.2647472536681213,1.306874930918926,0.9514498344110252,-0.5399432597472117,3.348110656193866,0.8965220619264871
64.0,258.0,1006.2741088867188,1.643031542836416,3.606370926934152,-0.6934784640503268,3.544777025413626,-0.1168117638030309,0.939111865717292,1.235370936060419,0.8014975999324441,3.270795648100955,1.6707495569788469
64.0,258.0,1005.4312744140624,1.3627715738376884,3.076635121501396,-0.2203183241854567,3.1897560510402903,-0.4507563945197057,1.1522013466208365,1.072078304572779,-0.0715777010715543,3.2997649430028133,1.6650114468654638
64.0,258.0,1006.1286010742188,1.5630251164579407,3.034072154337606,-0.2144607478813976,3.3747890166807086,-0.1840946200972616,1.0834848120091078,1.505132191142844,0.0986427251527393,3.2971237436003165,1.6407078622033984
64.0,258.0,1004.8368530273438,-0.0192859539180938,3.1458012448024646,-0.4052589456220559,3.5837623621294377,-0.4446218579421889,1.004306573519272,1.0674916208430016,-0.1473208806064043,4.659302750457305,1.266183010783346
64.0,258.0,1005.0035400390624,1.488088734200528,3.2964916798764268,-0.081613556681665,3.4931910742310563,-0.4795947022471148,1.19443031097595,1.5983254058784726,0.3030366300005376,3.1093375136026897,1.3517079212642986
64.0,258.0,1005.59716796875,0.8422960777773174,3.0348209215701183,-0.2311176520887816,3.530445462000517,0.731073415144617,1.0838871087870037,1.0526527931079228,-0.2789778063184201,3.525442996103043,1.9314441196361605
64.0,258.0,1005.1682739257812,0.4758226699530498,2.725912301651685,-0.0230184400084026,3.5041163169939864,-0.2839688026094656,0.98246182909671,0.7814411067738086,0.0567855685067581,3.2908997596538847,1.3640380101297185
64.0,258.0,1004.932861328125,1.5796322669745138,2.974669102036052,-0.2759972217390695,3.567574034001228,-0.2093543612178015,1.4940440693796724,1.055340177568717,-0.0056815911348413,3.322450316094878,2.2801882162059304
64.0,258.0,1004.5557861328124,1.021039932157859,3.115921688963008,1.0019107446718256,2.234313345165861,-1.2644187944951404,0.667371423970712,1.2297919770831705,0.8270215697473942,3.348214809893935,1.7947175164238944
64.0,258.0,1005.9476318359376,0.0416259073064684,3.056620648095169,0.9059087932371556,3.541676985417584,-0.4558259587305865,-0.3150494321593007,1.05123482986649,-0.0994281152615595,3.238383279985208,1.6565234082160285
64.0,258.0,1005.81201171875,1.0493680198447488,3.1481788145602274,-0.3742052874168526,1.7340138049668434,0.0318673716322229,0.8640905123034281,1.2404658485720614,-0.0193011184880681,2.7865877149951315,1.7316496760128115
64.0,258.0,1004.924560546875,1.3902787656971398,3.2388825019148166,-0.206591284257351,2.6835356447268124,-0.2393013169250669,1.0825663808182378,0.7880722208517016,0.1086941866441624,3.760609960660497,1.5499190461382142
64.0,258.0,1003.884033203125,1.1425112649696187,3.065090117718845,0.592860107788608,2.8071972518327133,0.2549808842303713,0.7688590957311772,1.1434486482266086,0.1774592781213724,3.2904317271738885,1.6652367097735672
64.0,258.0,1004.8756713867188,1.803103039357084,3.04969122379482,-0.2380855070972431,3.544222673085715,-0.3675432124331079,1.0049334701620785,1.0915745130618049,-0.0166428366782459,3.286393579044508,1.7128181502425668
64.0,258.0,1005.5949096679688,1.065741447403239,3.566321993171797,-0.1722097588879127,3.335195644635442,0.4153135222526197,1.6432684793938577,1.2308026718224587,0.3065238812510272,3.32453208933479,1.4181087479272612
64.0,258.0,1005.1708984375,1.5387374172758588,3.0630905424895096,-0.2761169812147975,3.539551483750204,-0.0710913967583387,1.0864629386437223,1.0432566156141505,0.0406253156605319,3.3703392304127733,1.6847979903288934
64.0,258.0,1004.3433227539062,1.5246637626108075,2.588764633984187,-0.2247483509817702,3.541791433209113,-0.2094105942329443,0.0900981966808316,1.4472220790014578,0.3634141441016041,3.275517642189521,1.677631713184814
64.0,258.0,1006.2902221679688,-0.4251081873792355,3.285807122763265,-0.1892787533432827,2.527234148491948,-0.6010386156964528,0.6565171337625719,1.76275366174798,-0.0125229395337214,3.152359389102193,1.536172754489335
64.0,258.0,1002.565185546875,0.5472914493255665,3.366882117201061,1.3060013984334584,1.9325170226020087,-1.0074251950736448,0.7432223534795421,1.6951969237110474,0.1334456915648295,3.316198941140461,1.659375229627378
64.0,258.0,1006.7476806640624,1.3783292661069166,2.227281756843792,0.7486796121921748,2.3676098445669496,-0.4352187250238886,0.1295667694666509,1.2582478032152908,0.9678886220425788,1.546052822985894,1.7088008776725607
64.0,258.0,1003.6841430664062,1.5264166200797986,3.063097861613356,-0.215819897253269,3.5490497273888275,-0.2048867388282806,1.0826619122252867,1.0511392207255632,-0.0170243374408754,3.2973942147249127,1.6821927523441609
64.0,258.0,1004.9850463867188,0.6143587211329081,3.6385777878302688,1.866782871449317,2.68567229671642,-0.0190286631641586,0.5847002488156035,1.759170199056142,0.7876675185527418,3.289135321111209,1.695106697781342
64.0,258.0,1006.3912353515624,1.0823124156003283,3.145532408020725,0.0937498638335725,4.3492484902596935,-0.983369492477124,0.3045399617600217,1.0355153888892177,-0.6035785196627739,3.47882371336145,1.9749920545649893
64.0,258.0,1003.7677001953124,0.9753379059727132,3.027481911426474,0.8914709442373026,3.6385006360362526,-0.1936568623912141,0.9354252219936228,1.0515023454212475,1.5844169383747184,3.3013099988549235,1.6821957420369034
64.0,258.0,1005.7315063476562,1.5396689441273124,3.0386942734840274,0.0727790596694881,3.99653790662412,-0.2180394714265182,1.1227822176659112,0.9898665587735348,-0.0161734394273001,3.292559616599718,1.7283088665121291
64.0,258.0,1005.9786376953124,1.1755166225902458,3.0139295819900664,-0.2417305383366287,3.616814653335077,-0.2729520402836232,1.8592848557108288,1.1177652924446315,0.1211451494947978,3.912459696901169,2.2316448068592054
64.0,258.0,1004.7403564453124,0.4804166552562906,3.142058809388116,-0.507253232726782,3.78275224637308,-0.5671588827166028,1.1261544357254607,1.4122039073154182,0.5007209311294231,3.503301094810195,1.926829920271378
64.0,258.0,1004.5214233398438,1.3925082887281215,3.065088985864282,-0.1686798461004562,2.4937664364779137,-0.2246521629870259,1.0573601922845028,1.0844478999456344,-0.8866334099558765,3.2654268773896447,1.6563374701400866
64.0,258.0,1004.5638427734376,-0.2134668305182117,2.783390802993948,1.9017004885948512,1.4366753845009534,-0.5024318747415023,0.7385154890632665,0.977632335582272,0.2974201112703576,3.125186682888231,1.6802011201576457
64.0,258.0,1005.5848999023438,-0.4976473021030942,3.419951677935696,-0.3086301958483286,3.870154605804175,-1.1699164176837953,1.6993185462984577,0.8701808901365833,0.0028869377323087,3.427754210534899,1.6924904654891433
64.0,258.0,1004.2504272460938,-0.8223529424704155,2.825127807401638,-0.323922086313651,1.937577607926971,-0.7880478165526897,-0.5658922756132105,1.2049866790758093,0.2624683225465503,3.2458834880441487,0.9881096602322688
64.0,258.0,1004.8351440429688,0.383266327892847,3.526047267809437,-0.0464641811751654,3.441002486581674,0.4622121063248139,0.764653895575856,1.4226068635485682,-0.4876738443664548,3.654568720914268,1.5945743322906956
64.0,259.0,1004.6443481445312,0.6900176227674764,3.063074350782302,-0.3302721781170479,3.0126561550720083,-0.1976159951512532,1.5970259768578052,1.2511792713171723,-0.0167520924344081,3.4265898532482377,1.5636003792452855
64.0,259.0,1004.2421264648438,1.1090451639676264,3.063170278295987,-0.1754780434512142,3.5433184929382966,-0.1568456031498367,1.0766389807596008,1.0528787249669178,-0.0171620058962041,3.1145081813601543,1.5893554756452115
64.0,259.0,1005.7791137695312,0.6317410114373033,3.3821840388898674,-0.6555082762858517,1.8304964441013163,0.265419887632873,0.7751960162999161,1.243165064585624,-0.3543464243561521,3.598221077351875,1.5754946386202904
64.0,259.0,1005.7072143554688,1.6491448804843336,2.9104453120023,-0.2376035463302053,3.615676320374159,-0.5459213406507523,1.0802436756395946,1.0229389087533642,-0.0226071327225542,3.134768809825729,1.4551102740604491
64.0,259.0,1005.2555541992188,-0.5037094802039921,3.707585390221884,-0.3280569768488796,3.321070462527059,0.979043172621886,-0.4155761280008436,0.9565504599200948,0.2951346271246178,3.295787014291044,2.1819067114242974
64.0,259.0,1005.51806640625,-0.40218204349395,2.9611396568649364,0.6762820959727607,3.216420950245242,-1.6087780174255435,1.486703313514423,0.3728051189080725,0.4352597544671966,2.6224629239329085,1.7656766646614763
64.0,259.0,1006.2119140625,0.4893625390202833,1.7795423029239368,-0.2283334970089545,3.1277989280704825,0.4981169607027755,1.141197769335064,2.5146578201478693,1.975507430672696,4.311031517865723,2.0922100116751228
64.0,259.0,1005.1494140625,1.4267671879387,2.82151791963309,-0.2050135975394147,3.599402345635524,-0.212234014229664,1.0699343377498252,1.054124327480299,-0.0348381047181509,3.2384919490320403,1.683330061310487
64.0,259.0,1005.474853515625,1.5026949966969567,4.303640589644998,0.0467183102294996,3.508585978273294,-0.276222544546385,1.2632585220760255,0.9839023829757484,0.4548566034085533,3.319979299343642,1.681623450852277
64.0,259.0,1004.5355224609376,-0.2067583177486083,2.156645823399848,1.1237471826284795,3.780946817479548,-0.5114493991580722,1.3470285072754011,1.5426076556614716,0.9251629364195506,3.6326501297850458,1.193605314089168
64.0,259.0,1004.0458984375,0.6627964073101363,1.902544155917261,1.7356517264199556,1.1276967507837976,-0.9532319298265536,0.6325625002596181,1.4181961809212862,1.2571856093798428,3.247627624338968,0.7396376473821458
64.0,259.0,1004.7117919921876,0.4052530103725722,2.862964791291889,1.0244185980793992,1.6185629550949447,0.0861167524434486,0.806110362194968,0.5149989619430992,0.0762824622613271,3.306353246449835,1.6419964791765842
64.0,259.0,1005.585205078125,1.4441076734521072,3.066111509674269,0.0067028297138759,3.194813058276394,-0.2495793018936137,1.1591742150332562,1.047291772061316,-0.0635626710663064,3.2934046480925203,1.7277033081006632
64.0,259.0,1004.95849609375,0.9162956780313632,2.1247201074083826,0.0379144096914144,3.0493734156772465,-0.204541723945408,1.0866278545155783,1.081534562537653,-0.1426858802547873,2.5531626479271203,1.6834925846586402
64.0,259.0,1003.9569702148438,0.448016906340041,3.105722986450256,0.8138035866923863,3.0955404770734902,0.2620725015799733,1.6869868466778326,0.0600023277914734,0.2622416693067444,3.1208073658522064,1.5478276998793208
64.0,259.0,1005.9080810546876,1.0513515896295955,3.0324479004866207,-0.1399893757068982,2.5909601277576697,-0.1207554487964864,2.5126882206643253,1.1607896320933913,0.180815057255496,3.251736532375584,2.58552590355996
64.0,259.0,1005.7649536132812,0.2825466944237913,3.223371955913502,-1.130107795435179,3.475165291581171,-1.048330892200188,0.6773142097574366,1.7224453178602437,-0.0116344510771347,2.978858171781275,1.664112733334867
64.0,259.0,1003.8233642578124,1.028523366259821,3.0628461474330293,-0.3204188298828894,3.0167776901382988,0.2647472536681213,1.306874930918926,0.9514498344110252,-0.5399432597472117,3.348110656193866,0.8965220619264871
64.0,259.0,1006.2741088867188,1.643031542836416,3.606370926934152,-0.6934784640503268,3.544777025413626,-0.1168117638030309,0.939111865717292,1.235370936060419,0.8014975999324441,3.270795648100955,1.6707495569788469
64.0,259.0,1005.4312744140624,1.3627715738376884,3.076635121501396,-0.2203183241854567,3.1897560510402903,-0.4507563945197057,1.1522013466208365,1.072078304572779,-0.0715777010715543,3.2997649430028133,1.6650114468654638
64.0,259.0,1006.1286010742188,1.5630251164579407,3.034072154337606,-0.2144607478813976,3.3747890166807086,-0.1840946200972616,1.0834848120091078,1.505132191142844,0.0986427251527393,3.2971237436003165,1.6407078622033984
64.0,259.0,1004.8368530273438,-0.0192859539180938,3.1458012448024646,-0.4052589456220559,3.5837623621294377,-0.4446218579421889,1.004306573519272,1.0674916208430016,-0.1473208806064043,4.659302750457305,1.266183010783346
64.0,259.0,1005.0035400390624,1.488088734200528,3.2964916798764268,-0.081613556681665,3.4931910742310563,-0.4795947022471148,1.19443031097595,1.5983254058784726,0.3030366300005376,3.1093375136026897,1.3517079212642986
64.0,259.0,1005.59716796875,0.8422960777773174,3.0348209215701183,-0.2311176520887816,3.530445462000517,0.731073415144617,1.0838871087870037,1.0526527931079228,-0.2789778063184201,3.525442996103043,1.9314441196361605
64.0,259.0,1005.1682739257812,0.4758226699530498,2.725912301651685,-0.0230184400084026,3.5041163169939864,-0.2839688026094656,0.98246182909671,0.7814411067738086,0.0567855685067581,3.2908997596538847,1.3640380101297185
64.0,259.0,1004.932861328125,1.5796322669745138,2.974669102036052,-0.2759972217390695,3.567574034001228,-0.2093543612178015,1.4940440693796724,1.055340177568717,-0.0056815911348413,3.322450316094878,2.2801882162059304
64.0,259.0,1004.5557861328124,1.021039932157859,3.115921688963008,1.0019107446718256,2.234313345165861,-1.2644187944951404,0.667371423970712,1.2297919770831705,0.8270215697473942,3.348214809893935,1.7947175164238944
64.0,259.0,1005.9476318359376,0.0416259073064684,3.056620648095169,0.9059087932371556,3.541676985417584,-0.4558259587305865,-0.3150494321593007,1.05123482986649,-0.0994281152615595,3.238383279985208,1.6565234082160285
64.0,259.0,1005.81201171875,1.0493680198447488,3.1481788145602274,-0.3742052874168526,1.7340138049668434,0.0318673716322229,0.8640905123034281,1.2404658485720614,-0.0193011184880681,2.7865877149951315,1.7316496760128115
64.0,259.0,1004.924560546875,1.3902787656971398,3.2388825019148166,-0.206591284257351,2.6835356447268124,-0.2393013169250669,1.0825663808182378,0.7880722208517016,0.1086941866441624,3.760609960660497,1.5499190461382142
64.0,259.0,1003.884033203125,1.1425112649696187,3.065090117718845,0.592860107788608,2.8071972518327133,0.2549808842303713,0.7688590957311772,1.1434486482266086,0.1774592781213724,3.2904317271738885,1.6652367097735672
64.0,259.0,1004.8756713867188,1.803103039357084,3.04969122379482,-0.2380855070972431,3.544222673085715,-0.3675432124331079,1.0049334701620785,1.0915745130618049,-0.0166428366782459,3.286393579044508,1.7128181502425668
64.0,259.0,1005.5949096679688,1.065741447403239,3.566321993171797,-0.1722097588879127,3.335195644635442,0.4153135222526197,1.6432684793938577,1.2308026718224587,0.3065238812510272,3.32453208933479,1.4181087479272612
64.0,259.0,1005.1708984375,1.5387374172758588,3.0630905424895096,-0.2761169812147975,3.539551483750204,-0.0710913967583387,1.0864629386437223,1.0432566156141505,0.0406253156605319,3.3703392304127733,1.6847979903288934
64.0,259.0,1004.3433227539062,1.5246637626108075,2.588764633984187,-0.2247483509817702,3.541791433209113,-0.2094105942329443,0.0900981966808316,1.4472220790014578,0.3634141441016041,3.275517642189521,1.677631713184814
64.0,259.0,1006.2902221679688,-0.4251081873792355,3.285807122763265,-0.1892787533432827,2.527234148491948,-0.6010386156964528,0.6565171337625719,1.76275366174798,-0.0125229395337214,3.152359389102193,1.536172754489335
64.0,259.0,1002.565185546875,0.5472914493255665,3.366882117201061,1.3060013984334584,1.9325170226020087,-1.0074251950736448,0.7432223534795421,1.6951969237110474,0.1334456915648295,3.316198941140461,1.659375229627378
64.0,259.0,1006.7476806640624,1.3783292661069166,2.227281756843792,0.7486796121921748,2.3676098445669496,-0.4352187250238886,0.1295667694666509,1.2582478032152908,0.9678886220425788,1.546052822985894,1.7088008776725607
64.0,259.0,1003.6841430664062,1.5264166200797986,3.063097861613356,-0.215819897253269,3.5490497273888275,-0.2048867388282806,1.0826619122252867,1.0511392207255632,-0.0170243374408754,3.2973942147249127,1.6821927523441609
64.0,259.0,1004.9850463867188,0.6143587211329081,3.6385777878302688,1.866782871449317,2.68567229671642,-0.0190286631641586,0.5847002488156035,1.759170199056142,0.7876675185527418,3.289135321111209,1.695106697781342
64.0,259.0,1006.3912353515624,1.0823124156003283,3.145532408020725,0.0937498638335725,4.3492484902596935,-0.983369492477124,0.3045399617600217,1.0355153888892177,-0.6035785196627739,3.47882371336145,1.9749920545649893
64.0,259.0,1003.7677001953124,0.9753379059727132,3.027481911426474,0.8914709442373026,3.6385006360362526,-0.1936568623912141,0.9354252219936228,1.0515023454212475,1.5844169383747184,3.3013099988549235,1.6821957420369034
64.0,259.0,1005.7315063476562,1.5396689441273124,3.0386942734840274,0.0727790596694881,3.99653790662412,-0.2180394714265182,1.1227822176659112,0.9898665587735348,-0.0161734394273001,3.292559616599718,1.7283088665121291
64.0,259.0,1005.9786376953124,1.1755166225902458,3.0139295819900664,-0.2417305383366287,3.616814653335077,-0.2729520402836232,1.8592848557108288,1.1177652924446315,0.1211451494947978,3.912459696901169,2.2316448068592054
64.0,259.0,1004.7403564453124,0.4804166552562906,3.142058809388116,-0.507253232726782,3.78275224637308,-0.5671588827166028,1.1261544357254607,1.4122039073154182,0.5007209311294231,3.503301094810195,1.926829920271378
64.0,259.0,1004.5214233398438,1.3925082887281215,3.065088985864282,-0.1686798461004562,2.4937664364779137,-0.2246521629870259,1.0573601922845028,1.0844478999456344,-0.8866334099558765,3.2654268773896447,1.6563374701400866
64.0,259.0,1004.5638427734376,-0.2134668305182117,2.783390802993948,1.9017004885948512,1.4366753845009534,-0.5024318747415023,0.7385154890632665,0.977632335582272,0.2974201112703576,3.125186682888231,1.6802011201576457
64.0,259.0,1005.5848999023438,-0.4976473021030942,3.419951677935696,-0.3086301958483286,3.870154605804175,-1.1699164176837953,1.6993185462984577,0.8701808901365833,0.0028869377323087,3.427754210534899,1.6924904654891433
64.0,259.0,1004.2504272460938,-0.8223529424704155,2.825127807401638,-0.323922086313651,1.937577607926971,-0.7880478165526897,-0.5658922756132105,1.2049866790758093,0.2624683225465503,3.2458834880441487,0.9881096602322688
64.0,259.0,1004.8351440429688,0.383266327892847,3.526047267809437,-0.0464641811751654,3.441002486581674,0.4622121063248139,0.764653895575856,1.4226068635485682,-0.4876738443664548,3.654568720914268,1.5945743322906956
64.0,260.0,1004.6443481445312,0.6900176227674764,3.063074350782302,-0.3302721781170479,3.0126561550720083,-0.1976159951512532,1.5970259768578052,1.2511792713171723,-0.0167520924344081,3.4265898532482377,1.5636003792452855
64.0,260.0,1004.2421264648438,1.1090451639676264,3.063170278295987,-0.1754780434512142,3.5433184929382966,-0.1568456031498367,1.0766389807596008,1.0528787249669178,-0.0171620058962041,3.1145081813601543,1.5893554756452115
64.0,260.0,1005.7791137695312,0.6317410114373033,3.3821840388898674,-0.6555082762858517,1.8304964441013163,0.265419887632873,0.7751960162999161,1.243165064585624,-0.3543464243561521,3.598221077351875,1.5754946386202904
64.0,260.0,1005.7072143554688,1.6491448804843336,2.9104453120023,-0.2376035463302053,3.615676320374159,-0.5459213406507523,1.0802436756395946,1.0229389087533642,-0.0226071327225542,3.134768809825729,1.4551102740604491
64.0,260.0,1005.2555541992188,-0.5037094802039921,3.707585390221884,-0.3280569768488796,3.321070462527059,0.979043172621886,-0.4155761280008436,0.9565504599200948,0.2951346271246178,3.295787014291044,2.1819067114242974
64.0,260.0,1005.51806640625,-0.40218204349395,2.9611396568649364,0.6762820959727607,3.216420950245242,-1.6087780174255435,1.486703313514423,0.3728051189080725,0.4352597544671966,2.6224629239329085,1.7656766646614763
64.0,260.0,1006.2119140625,0.4893625390202833,1.7795423029239368,-0.2283334970089545,3.1277989280704825,0.4981169607027755,1.141197769335064,2.5146578201478693,1.975507430672696,4.311031517865723,2.0922100116751228
64.0,260.0,1005.1494140625,1.4267671879387,2.82151791963309,-0.2050135975394147,3.599402345635524,-0.212234014229664,1.0699343377498252,1.054124327480299,-0.0348381047181509,3.2384919490320403,1.683330061310487
64.0,260.0,1005.474853515625,1.5026949966969567,4.303640589644998,0.0467183102294996,3.508585978273294,-0.276222544546385,1.2632585220760255,0.9839023829757484,0.4548566034085533,3.319979299343642,1.681623450852277
64.0,260.0,1004.5355224609376,-0.2067583177486083,2.156645823399848,1.1237471826284795,3.780946817479548,-0.5114493991580722,1.3470285072754011,1.5426076556614716,0.9251629364195506,3.6326501297850458,1.193605314089168
64.0,260.0,1004.0458984375,0.6627964073101363,1.902544155917261,1.7356517264199556,1.1276967507837976,-0.9532319298265536,0.6325625002596181,1.4181961809212862,1.2571856093798428,3.247627624338968,0.7396376473821458
64.0,260.0,1004.7117919921876,0.4052530103725722,2.862964791291889,1.0244185980793992,1.6185629550949447,0.0861167524434486,0.806110362194968,0.5149989619430992,0.0762824622613271,3.306353246449835,1.6419964791765842
64.0,260.0,1005.585205078125,1.4441076734521072,3.066111509674269,0.0067028297138759,3.194813058276394,-0.2495793018936137,1.1591742150332562,1.047291772061316,-0.0635626710663064,3.2934046480925203,1.7277033081006632
64.0,260.0,1004.95849609375,0.9162956780313632,2.1247201074083826,0.0379144096914144,3.0493734156772465,-0.204541723945408,1.0866278545155783,1.081534562537653,-0.1426858802547873,2.5531626479271203,1.6834925846586402
64.0,260.0,1003.9569702148438,0.448016906340041,3.105722986450256,0.8138035866923863,3.0955404770734902,0.2620725015799733,1.6869868466778326,0.0600023277914734,0.2622416693067444,3.1208073658522064,1.5478276998793208
64.0,260.0,1005.9080810546876,1.0513515896295955,3.0324479004866207,-0.1399893757068982,2.5909601277576697,-0.1207554487964864,2.5126882206643253,1.1607896320933913,0.180815057255496,3.251736532375584,2.58552590355996
64.0,260.0,1005.7649536132812,0.2825466944237913,3.223371955913502,-1.130107795435179,3.475165291581171,-1.048330892200188,0.6773142097574366,1.7224453178602437,-0.0116344510771347,2.978858171781275,1.664112733334867
64.0,260.0,1003.8233642578124,1.028523366259821,3.0628461474330293,-0.3204188298828894,3.0167776901382988,0.2647472536681213,1.306874930918926,0.9514498344110252,-0.5399432597472117,3.348110656193866,0.8965220619264871
64.0,260.0,1006.2741088867188,1.643031542836416,3.606370926934152,-0.6934784640503268,3.544777025413626,-0.1168117638030309,0.939111865717292,1.235370936060419,0.8014975999324441,3.270795648100955,1.6707495569788469
64.0,260.0,1005.4312744140624,1.3627715738376884,3.076635121501396,-0.2203183241854567,3.1897560510402903,-0.4507563945197057,1.1522013466208365,1.072078304572779,-0.0715777010715543,3.2997649430028133,1.6650114468654638
64.0,260.0,1006.1286010742188,1.5630251164579407,3.034072154337606,-0.2144607478813976,3.3747890166807086,-0.1840946200972616,1.0834848120091078,1.505132191142844,0.0986427251527393,3.2971237436003165,1.6407078622033984
64.0,260.0,1004.8368530273438,-0.0192859539180938,3.1458012448024646,-0.4052589456220559,3.5837623621294377,-0.4446218579421889,1.004306573519272,1.0674916208430016,-0.1473208806064043,4.659302750457305,1.266183010783346
64.0,260.0,1005.0035400390624,1.488088734200528,3.2964916798764268,-0.081613556681665,3.4931910742310563,-0.4795947022471148,1.19443031097595,1.5983254058784726,0.3030366300005376,3.1093375136026897,1.3517079212642986
64.0,260.0,1005.59716796875,0.8422960777773174,3.0348209215701183,-0.2311176520887816,3.530445462000517,0.731073415144617,1.0838871087870037,1.0526527931079228,-0.2789778063184201,3.525442996103043,1.9314441196361605
64.0,260.0,1005.1682739257812,0.4758226699530498,2.725912301651685,-0.0230184400084026,3.5041163169939864,-0.2839688026094656,0.98246182909671,0.7814411067738086,0.0567855685067581,3.2908997596538847,1.3640380101297185
64.0,260.0,1004.932861328125,1.5796322669745138,2.974669102036052,-0.2759972217390695,3.567574034001228,-0.2093543612178015,1.4940440693796724,1.055340177568717,-0.0056815911348413,3.322450316094878,2.2801882162059304
64.0,260.0,1004.5557861328124,1.021039932157859,3.115921688963008,1.0019107446718256,2.234313345165861,-1.2644187944951404,0.667371423970712,1.2297919770831705,0.8270215697473942,3.348214809893935,1.7947175164238944
64.0,260.0,1005.9476318359376,0.0416259073064684,3.056620648095169,0.9059087932371556,3.541676985417584,-0.4558259587305865,-0.3150494321593007,1.05123482986649,-0.0994281152615595,3.238383279985208,1.6565234082160285
64.0,260.0,1005.81201171875,1.0493680198447488,3.1481788145602274,-0.3742052874168526,1.7340138049668434,0.0318673716322229,0.8640905123034281,1.2404658485720614,-0.0193011184880681,2.7865877149951315,1.7316496760128115
64.0,260.0,1004.924560546875,1.3902787656971398,3.2388825019148166,-0.206591284257351,2.6835356447268124,-0.2393013169250669,1.0825663808182378,0.7880722208517016,0.1086941866441624,3.760609960660497,1.5499190461382142
64.0,260.0,1003.884033203125,1.1425112649696187,3.065090117718845,0.592860107788608,2.8071972518327133,0.2549808842303713,0.7688590957311772,1.1434486482266086,0.1774592781213724,3.2904317271738885,1.6652367097735672
64.0,260.0,1004.8756713867188,1.803103039357084,3.04969122379482,-0.2380855070972431,3.544222673085715,-0.3675432124331079,1.0049334701620785,1.0915745130618049,-0.0166428366782459,3.286393579044508,1.7128181502425668
64.0,260.0,1005.5949096679688,1.065741447403239,3.566321993171797,-0.1722097588879127,3.335195644635442,0.4153135222526197,1.6432684793938577,1.2308026718224587,0.3065238812510272,3.32453208933479,1.4181087479272612
64.0,260.0,1005.1708984375,1.5387374172758588,3.0630905424895096,-0.2761169812147975,3.539551483750204,-0.0710913967583387,1.0864629386437223,1.0432566156141505,0.0406253156605319,3.3703392304127733,1.6847979903288934
64.0,260.0,1004.3433227539062,1.5246637626108075,2.588764633984187,-0.2247483509817702,3.541791433209113,-0.2094105942329443,0.0900981966808316,1.4472220790014578,0.3634141441016041,3.275517642189521,1.677631713184814
64.0,260.0,1006.2902221679688,-0.4251081873792355,3.285807122763265,-0.1892787533432827,2.527234148491948,-0.6010386156964528,0.6565171337625719,1.76275366174798,-0.0125229395337214,3.152359389102193,1.536172754489335
64.0,260.0,1002.565185546875,0.5472914493255665,3.366882117201061,1.3060013984334584,1.9325170226020087,-1.0074251950736448,0.7432223534795421,1.6951969237110474,0.1334456915648295,3.316198941140461,1.659375229627378
64.0,260.0,1006.7476806640624,1.3783292661069166,2.227281756843792,0.7486796121921748,2.3676098445669496,-0.4352187250238886,0.1295667694666509,1.2582478032152908,0.9678886220425788,1.546052822985894,1.7088008776725607
64.0,260.0,1003.6841430664062,1.5264166200797986,3.063097861613356,-0.215819897253269,3.5490497273888275,-0.2048867388282806,1.0826619122252867,1.0511392207255632,-0.0170243374408754,3.2973942147249127,1.6821927523441609
64.0,260.0,1004.9850463867188,0.6143587211329081,3.6385777878302688,1.866782871449317,2.68567229671642,-0.0190286631641586,0.5847002488156035,1.759170199056142,0.7876675185527418,3.289135321111209,1.695106697781342
64.0,260.0,1006.3912353515624,1.0823124156003283,3.145532408020725,0.0937498638335725,4.3492484902596935,-0.983369492477124,0.3045399617600217,1.0355153888892177,-0.6035785196627739,3.47882371336145,1.9749920545649893
64.0,260.0,1003.7677001953124,0.9753379059727132,3.027481911426474,0.8914709442373026,3.6385006360362526,-0.1936568623912141,0.9354252219936228,1.0515023454212475,1.5844169383747184,3.3013099988549235,1.6821957420369034
64.0,260.0,1005.7315063476562,1.5396689441273124,3.0386942734840274,0.0727790596694881,3.99653790662412,-0.2180394714265182,1.1227822176659112,0.9898665587735348,-0.0161734394273001,3.292559616599718,1.7283088665121291
64.0,260.0,1005.9786376953124,1.1755166225902458,3.0139295819900664,-0.2417305383366287,3.616814653335077,-0.2729520402836232,1.8592848557108288,1.1177652924446315,0.1211451494947978,3.912459696901169,2.2316448068592054
64.0,260.0,1004.7403564453124,0.4804166552562906,3.142058809388116,-0.507253232726782,3.78275224637308,-0.5671588827166028,1.1261544357254607,1.4122039073154182,0.5007209311294231,3.503301094810195,1.926829920271378
64.0,260.0,1004.5214233398438,1.3925082887281215,3.065088985864282,-0.1686798461004562,2.4937664364779137,-0.2246521629870259,1.0573601922845028,1.0844478999456344,-0.8866334099558765,3.2654268773896447,1.6563374701400866
64.0,260.0,1004.5638427734376,-0.2134668305182117,2.783390802993948,1.9017004885948512,1.4366753845009534,-0.5024318747415023,0.7385154890632665,0.977632335582272,0.2974201112703576,3.125186682888231,1.6802011201576457
64.0,260.0,1005.5848999023438,-0.4976473021030942,3.419951677935696,-0.3086301958483286,3.870154605804175,-1.1699164176837953,1.6993185462984577,0.8701808901365833,0.0028869377323087,3.427754210534899,1.6924904654891433
64.0,260.0,1004.2504272460938,-0.8223529424704155,2.825127807401638,-0.323922086313651,1.937577607926971,-0.7880478165526897,-0.5658922756132105,1.2049866790758093,0.2624683225465503,3.2458834880441487,0.9881096602322688
64.0,260.0,1004.8351440429688,0.383266327892847,3.526047267809437,-0.0464641811751654,3.441002486581674,0.4622121063248139,0.764653895575856,1.4226068635485682,-0.4876738443664548,3.654568720914268,1.5945743322906956
64.0,261.0,1004.6443481445312,0.6900176227674764,3.063074350782302,-0.3302721781170479,3.0126561550720083,-0.1976159951512532,1.5970259768578052,1.2511792713171723,-0.0167520924344081,3.4265898532482377,1.5636003792452855
64.0,261.0,1004.2421264648438,1.1090451639676264,3.063170278295987,-0.1754780434512142,3.5433184929382966,-0.1568456031498367,1.0766389807596008,1.0528787249669178,-0.0171620058962041,3.1145081813601543,1.5893554756452115
64.0,261.0,1005.7791137695312,0.6317410114373033,3.3821840388898674,-0.6555082762858517,1.8304964441013163,0.265419887632873,0.7751960162999161,1.243165064585624,-0.3543464243561521,3.598221077351875,1.5754946386202904
64.0,261.0,1005.7072143554688,1.6491448804843336,2.9104453120023,-0.2376035463302053,3.615676320374159,-0.5459213406507523,1.0802436756395946,1.0229389087533642,-0.0226071327225542,3.134768809825729,1.4551102740604491
64.0,261.0,1005.2555541992188,-0.5037094802039921,3.707585390221884,-0.3280569768488796,3.321070462527059,0.979043172621886,-0.4155761280008436,0.9565504599200948,0.2951346271246178,3.295787014291044,2.1819067114242974
64.0,261.0,1005.51806640625,-0.40218204349395,2.9611396568649364,0.6762820959727607,3.216420950245242,-1.6087780174255435,1.486703313514423,0.3728051189080725,0.4352597544671966,2.6224629239329085,1.7656766646614763
64.0,261.0,1006.2119140625,0.4893625390202833,1.7795423029239368,-0.2283334970089545,3.1277989280704825,0.4981169607027755,1.141197769335064,2.5146578201478693,1.975507430672696,4.311031517865723,2.0922100116751228
64.0,261.0,1005.1494140625,1.4267671879387,2.82151791963309,-0.2050135975394147,3.599402345635524,-0.212234014229664,1.0699343377498252,1.054124327480299,-0.0348381047181509,3.2384919490320403,1.683330061310487
64.0,261.0,1005.474853515625,1.5026949966969567,4.303640589644998,0.0467183102294996,3.508585978273294,-0.276222544546385,1.2632585220760255,0.9839023829757484,0.4548566034085533,3.319979299343642,1.681623450852277
64.0,261.0,1004.5355224609376,-0.2067583177486083,2.156645823399848,1.1237471826284795,3.780946817479548,-0.5114493991580722,1.3470285072754011,1.5426076556614716,0.9251629364195506,3.6326501297850458,1.193605314089168
64.0,261.0,1004.0458984375,0.6627964073101363,1.902544155917261,1.7356517264199556,1.1276967507837976,-0.9532319298265536,0.6325625002596181,1.4181961809212862,1.2571856093798428,3.247627624338968,0.7396376473821458
64.0,261.0,1004.7117919921876,0.4052530103725722,2.862964791291889,1.0244185980793992,1.6185629550949447,0.0861167524434486,0.806110362194968,0.5149989619430992,0.0762824622613271,3.306353246449835,1.6419964791765842
64.0,261.0,1005.585205078125,1.4441076734521072,3.066111509674269,0.0067028297138759,3.194813058276394,-0.2495793018936137,1.1591742150332562,1.047291772061316,-0.0635626710663064,3.2934046480925203,1.7277033081006632
64.0,261.0,1004.95849609375,0.9162956780313632,2.1247201074083826,0.0379144096914144,3.0493734156772465,-0.204541723945408,1.0866278545155783,1.081534562537653,-0.1426858802547873,2.5531626479271203,1.6834925846586402
64.0,261.0,1003.9569702148438,0.448016906340041,3.105722986450256,0.8138035866923863,3.0955404770734902,0.2620725015799733,1.6869868466778326,0.0600023277914734,0.2622416693067444,3.1208073658522064,1.5478276998793208
64.0,261.0,1005.9080810546876,1.0513515896295955,3.0324479004866207,-0.1399893757068982,2.5909601277576697,-0.1207554487964864,2.5126882206643253,1.1607896320933913,0.180815057255496,3.251736532375584,2.58552590355996
64.0,261.0,1005.7649536132812,0.2825466944237913,3.223371955913502,-1.130107795435179,3.475165291581171,-1.048330892200188,0.6773142097574366,1.7224453178602437,-0.0116344510771347,2.978858171781275,1.664112733334867
64.0,261.0,1003.8233642578124,1.028523366259821,3.0628461474330293,-0.3204188298828894,3.0167776901382988,0.2647472536681213,1.306874930918926,0.9514498344110252,-0.5399432597472117,3.348110656193866,0.8965220619264871
64.0,261.0,1006.2741088867188,1.643031542836416,3.606370926934152,-0.6934784640503268,3.544777025413626,-0.1168117638030309,0.939111865717292,1.235370936060419,0.8014975999324441,3.270795648100955,1.6707495569788469
64.0,261.0,1005.4312744140624,1.3627715738376884,3.076635121501396,-0.2203183241854567,3.1897560510402903,-0.4507563945197057,1.1522013466208365,1.072078304572779,-0.0715777010715543,3.2997649430028133,1.6650114468654638
64.0,261.0,1006.1286010742188,1.5630251164579407,3.034072154337606,-0.2144607478813976,3.3747890166807086,-0.1840946200972616,1.0834848120091078,1.505132191142844,0.0986427251527393,3.2971237436003165,1.6407078622033984
64.0,261.0,1004.8368530273438,-0.0192859539180938,3.1458012448024646,-0.4052589456220559,3.5837623621294377,-0.4446218579421889,1.004306573519272,1.0674916208430016,-0.1473208806064043,4.659302750457305,1.266183010783346
64.0,261.0,1005.0035400390624,1.488088734200528,3.2964916798764268,-0.081613556681665,3.4931910742310563,-0.4795947022471148,1.19443031097595,1.5983254058784726,0.3030366300005376,3.1093375136026897,1.3517079212642986
64.0,261.0,1005.59716796875,0.8422960777773174,3.0348209215701183,-0.2311176520887816,3.530445462000517,0.731073415144617,1.0838871087870037,1.0526527931079228,-0.2789778063184201,3.525442996103043,1.9314441196361605
64.0,261.0,1005.1682739257812,0.4758226699530498,2.725912301651685,-0.0230184400084026,3.5041163169939864,-0.2839688026094656,0.98246182909671,0.7814411067738086,0.0567855685067581,3.2908997596538847,1.3640380101297185
64.0,261.0,1004.932861328125,1.5796322669745138,2.974669102036052,-0.2759972217390695,3.567574034001228,-0.2093543612178015,1.4940440693796724,1.055340177568717,-0.0056815911348413,3.322450316094878,2.2801882162059304
64.0,261.0,1004.5557861328124,1.021039932157859,3.115921688963008,1.0019107446718256,2.234313345165861,-1.2644187944951404,0.667371423970712,1.2297919770831705,0.8270215697473942,3.348214809893935,1.7947175164238944
64.0,261.0,1005.9476318359376,0.0416259073064684,3.056620648095169,0.9059087932371556,3.541676985417584,-0.4558259587305865,-0.3150494321593007,1.05123482986649,-0.0994281152615595,3.238383279985208,1.6565234082160285
64.0,261.0,1005.81201171875,1.0493680198447488,3.1481788145602274,-0.3742052874168526,1.7340138049668434,0.0318673716322229,0.8640905123034281,1.2404658485720614,-0.0193011184880681,2.7865877149951315,1.7316496760128115
64.0,261.0,1004.924560546875,1.3902787656971398,3.2388825019148166,-0.206591284257351,2.6835356447268124,-0.2393013169250669,1.0825663808182378,0.7880722208517016,0.1086941866441624,3.760609960660497,1.5499190461382142
64.0,261.0,1003.884033203125,1.1425112649696187,3.065090117718845,0.592860107788608,2.8071972518327133,0.2549808842303713,0.7688590957311772,1.1434486482266086,0.1774592781213724,3.2904317271738885,1.6652367097735672
64.0,261.0,1004.8756713867188,1.803103039357084,3.04969122379482,-0.2380855070972431,3.544222673085715,-0.3675432124331079,1.0049334701620785,1.0915745130618049,-0.0166428366782459,3.286393579044508,1.7128181502425668
64.0,261.0,1005.5949096679688,1.065741447403239,3.566321993171797,-0.1722097588879127,3.335195644635442,0.4153135222526197,1.6432684793938577,1.2308026718224587,0.3065238812510272,3.32453208933479,1.4181087479272612
64.0,261.0,1005.1708984375,1.5387374172758588,3.0630905424895096,-0.2761169812147975,3.539551483750204,-0.0710913967583387,1.0864629386437223,1.0432566156141505,0.0406253156605319,3.3703392304127733,1.6847979903288934
64.0,261.0,1004.3433227539062,1.5246637626108075,2.588764633984187,-0.2247483509817702,3.541791433209113,-0.2094105942329443,0.0900981966808316,1.4472220790014578,0.3634141441016041,3.275517642189521,1.677631713184814
64.0,261.0,1006.2902221679688,-0.4251081873792355,3.285807122763265,-0.1892787533432827,2.527234148491948,-0.6010386156964528,0.6565171337625719,1.76275366174798,-0.0125229395337214,3.152359389102193,1.536172754489335
64.0,261.0,1002.565185546875,0.5472914493255665,3.366882117201061,1.3060013984334584,1.9325170226020087,-1.0074251950736448,0.7432223534795421,1.6951969237110474,0.1334456915648295,3.316198941140461,1.659375229627378
64.0,261.0,1006.7476806640624,1.3783292661069166,2.227281756843792,0.7486796121921748,2.3676098445669496,-0.4352187250238886,0.1295667694666509,1.2582478032152908,0.9678886220425788,1.546052822985894,1.7088008776725607
64.0,261.0,1003.6841430664062,1.5264166200797986,3.063097861613356,-0.215819897253269,3.5490497273888275,-0.2048867388282806,1.0826619122252867,1.0511392207255632,-0.0170243374408754,3.2973942147249127,1.6821927523441609
64.0,261.0,1004.9850463867188,0.6143587211329081,3.6385777878302688,1.866782871449317,2.68567229671642,-0.0190286631641586,0.5847002488156035,1.759170199056142,0.7876675185527418,3.289135321111209,1.695106697781342
64.0,261.0,1006.3912353515624,1.0823124156003283,3.145532408020725,0.0937498638335725,4.3492484902596935,-0.983369492477124,0.3045399617600217,1.0355153888892177,-0.6035785196627739,3.47882371336145,1.9749920545649893
64.0,261.0,1003.7677001953124,0.9753379059727132,3.027481911426474,0.8914709442373026,3.6385006360362526,-0.1936568623912141,0.9354252219936228,1.0515023454212475,1.5844169383747184,3.3013099988549235,1.6821957420369034
64.0,261.0,1005.7315063476562,1.5396689441273124,3.0386942734840274,0.0727790596694881,3.99653790662412,-0.2180394714265182,1.1227822176659112,0.9898665587735348,-0.0161734394273001,3.292559616599718,1.7283088665121291
64.0,261.0,1005.9786376953124,1.1755166225902458,3.0139295819900664,-0.2417305383366287,3.616814653335077,-0.2729520402836232,1.8592848557108288,1.1177652924446315,0.1211451494947978,3.912459696901169,2.2316448068592054
64.0,261.0,1004.7403564453124,0.4804166552562906,3.142058809388116,-0.507253232726782,3.78275224637308,-0.5671588827166028,1.1261544357254607,1.4122039073154182,0.5007209311294231,3.503301094810195,1.926829920271378
64.0,261.0,1004.5214233398438,1.3925082887281215,3.065088985864282,-0.1686798461004562,2.4937664364779137,-0.2246521629870259,1.0573601922845028,1.0844478999456344,-0.8866334099558765,3.2654268773896447,1.6563374701400866
64.0,261.0,1004.5638427734376,-0.2134668305182117,2.783390802993948,1.9017004885948512,1.4366753845009534,-0.5024318747415023,0.7385154890632665,0.977632335582272,0.2974201112703576,3.125186682888231,1.6802011201576457
64.0,261.0,1005.5848999023438,-0.4976473021030942,3.419951677935696,-0.3086301958483286,3.870154605804175,-1.1699164176837953,1.6993185462984577,0.8701808901365833,0.0028869377323087,3.427754210534899,1.6924904654891433
64.0,261.0,1004.2504272460938,-0.8223529424704155,2.825127807401638,-0.323922086313651,1.937577607926971,-0.7880478165526897,-0.5658922756132105,1.2049866790758093,0.2624683225465503,3.2458834880441487,0.9881096602322688
64.0,261.0,1004.8351440429688,0.383266327892847,3.526047267809437,-0.0464641811751654,3.441002486581674,0.4622121063248139,0.764653895575856,1.4226068635485682,-0.4876738443664548,3.654568720914268,1.5945743322906956
64.0,262.0,1004.6443481445312,0.6900176227674764,3.063074350782302,-0.3302721781170479,3.0126561550720083,-0.1976159951512532,1.5970259768578052,1.2511792713171723,-0.0167520924344081,3.4265898532482377,1.5636003792452855
64.0,262.0,1004.2421264648438,1.1090451639676264,3.063170278295987,-0.1754780434512142,3.5433184929382966,-0.1568456031498367,1.0766389807596008,1.0528787249669178,-0.0171620058962041,3.1145081813601543,1.5893554756452115
64.0,262.0,1005.7791137695312,0.6317410114373033,3.3821840388898674,-0.6555082762858517,1.8304964441013163,0.265419887632873,0.7751960162999161,1.243165064585624,-0.3543464243561521,3.598221077351875,1.5754946386202904
64.0,262.0,1005.7072143554688,1.6491448804843336,2.9104453120023,-0.2376035463302053,3.615676320374159,-0.5459213406507523,1.0802436756395946,1.0229389087533642,-0.0226071327225542,3.134768809825729,1.4551102740604491
64.0,262.0,1005.2555541992188,-0.5037094802039921,3.707585390221884,-0.3280569768488796,3.321070462527059,0.979043172621886,-0.4155761280008436,0.9565504599200948,0.2951346271246178,3.295787014291044,2.1819067114242974
64.0,262.0,1005.51806640625,-0.40218204349395,2.9611396568649364,0.6762820959727607,3.216420950245242,-1.6087780174255435,1.486703313514423,0.3728051189080725,0.4352597544671966,2.6224629239329085,1.7656766646614763
64.0,262.0,1006.2119140625,0.4893625390202833,1.7795423029239368,-0.2283334970089545,3.1277989280704825,0.4981169607027755,1.141197769335064,2.5146578201478693,1.975507430672696,4.311031517865723,2.0922100116751228
64.0,262.0,1005.1494140625,1.4267671879387,2.82151791963309,-0.2050135975394147,3.599402345635524,-0.212234014229664,1.0699343377498252,1.054124327480299,-0.0348381047181509,3.2384919490320403,1.683330061310487
64.0,262.0,1005.474853515625,1.5026949966969567,4.303640589644998,0.0467183102294996,3.508585978273294,-0.276222544546385,1.2632585220760255,0.9839023829757484,0.4548566034085533,3.319979299343642,1.681623450852277
64.0,262.0,1004.5355224609376,-0.2067583177486083,2.156645823399848,1.1237471826284795,3.780946817479548,-0.5114493991580722,1.3470285072754011,1.5426076556614716,0.9251629364195506,3.6326501297850458,1.193605314089168
64.0,262.0,1004.0458984375,0.6627964073101363,1.902544155917261,1.7356517264199556,1.1276967507837976,-0.9532319298265536,0.6325625002596181,1.4181961809212862,1.2571856093798428,3.247627624338968,0.7396376473821458
64.0,262.0,1004.7117919921876,0.4052530103725722,2.862964791291889,1.0244185980793992,1.6185629550949447,0.0861167524434486,0.806110362194968,0.5149989619430992,0.0762824622613271,3.306353246449835,1.6419964791765842
64.0,262.0,1005.585205078125,1.4441076734521072,3.066111509674269,0.0067028297138759,3.194813058276394,-0.2495793018936137,1.1591742150332562,1.047291772061316,-0.0635626710663064,3.2934046480925203,1.7277033081006632
64.0,262.0,1004.95849609375,0.9162956780313632,2.1247201074083826,0.0379144096914144,3.0493734156772465,-0.204541723945408,1.0866278545155783,1.081534562537653,-0.1426858802547873,2.5531626479271203,1.6834925846586402
64.0,262.0,1003.9569702148438,0.448016906340041,3.105722986450256,0.8138035866923863,3.0955404770734902,0.2620725015799733,1.6869868466778326,0.0600023277914734,0.2622416693067444,3.1208073658522064,1.5478276998793208
64.0,262.0,1005.9080810546876,1.0513515896295955,3.0324479004866207,-0.1399893757068982,2.5909601277576697,-0.1207554487964864,2.5126882206643253,1.1607896320933913,0.180815057255496,3.251736532375584,2.58552590355996
64.0,262.0,1005.7649536132812,0.2825466944237913,3.223371955913502,-1.130107795435179,3.475165291581171,-1.048330892200188,0.6773142097574366,1.7224453178602437,-0.0116344510771347,2.978858171781275,1.664112733334867
64.0,262.0,1003.8233642578124,1.028523366259821,3.0628461474330293,-0.3204188298828894,3.0167776901382988,0.2647472536681213,1.306874930918926,0.9514498344110252,-0.5399432597472117,3.348110656193866,0.8965220619264871
64.0,262.0,1006.2741088867188,1.643031542836416,3.606370926934152,-0.6934784640503268,3.544777025413626,-0.1168117638030309,0.939111865717292,1.235370936060419,0.8014975999324441,3.270795648100955,1.6707495569788469
64.0,262.0,1005.4312744140624,1.3627715738376884,3.076635121501396,-0.2203183241854567,3.1897560510402903,-0.4507563945197057,1.1522013466208365,1.072078304572779,-0.0715777010715543,3.2997649430028133,1.6650114468654638
64.0,262.0,1006.1286010742188,1.5630251164579407,3.034072154337606,-0.2144607478813976,3.3747890166807086,-0.1840946200972616,1.0834848120091078,1.505132191142844,0.0986427251527393,3.2971237436003165,1.6407078622033984
64.0,262.0,1004.8368530273438,-0.0192859539180938,3.1458012448024646,-0.4052589456220559,3.5837623621294377,-0.4446218579421889,1.004306573519272,1.0674916208430016,-0.1473208806064043,4.659302750457305,1.266183010783346
64.0,262.0,1005.0035400390624,1.488088734200528,3.2964916798764268,-0.081613556681665,3.4931910742310563,-0.4795947022471148,1.19443031097595,1.5983254058784726,0.3030366300005376,3.1093375136026897,1.3517079212642986
64.0,262.0,1005.59716796875,0.8422960777773174,3.0348209215701183,-0.2311176520887816,3.530445462000517,0.731073415144617,1.0838871087870037,1.0526527931079228,-0.2789778063184201,3.525442996103043,1.9314441196361605
64.0,262.0,1005.1682739257812,0.4758226699530498,2.725912301651685,-0.0230184400084026,3.5041163169939864,-0.2839688026094656,0.98246182909671,0.7814411067738086,0.0567855685067581,3.2908997596538847,1.3640380101297185
64.0,262.0,1004.932861328125,1.5796322669745138,2.974669102036052,-0.2759972217390695,3.567574034001228,-0.2093543612178015,1.4940440693796724,1.055340177568717,-0.0056815911348413,3.322450316094878,2.2801882162059304
64.0,262.0,1004.5557861328124,1.021039932157859,3.115921688963008,1.0019107446718256,2.234313345165861,-1.2644187944951404,0.667371423970712,1.2297919770831705,0.8270215697473942,3.348214809893935,1.7947175164238944
64.0,262.0,1005.9476318359376,0.0416259073064684,3.056620648095169,0.9059087932371556,3.541676985417584,-0.4558259587305865,-0.3150494321593007,1.05123482986649,-0.0994281152615595,3.238383279985208,1.6565234082160285
64.0,262.0,1005.81201171875,1.0493680198447488,3.1481788145602274,-0.3742052874168526,1.7340138049668434,0.0318673716322229,0.8640905123034281,1.2404658485720614,-0.0193011184880681,2.7865877149951315,1.7316496760128115
64.0,262.0,1004.924560546875,1.3902787656971398,3.2388825019148166,-0.206591284257351,2.6835356447268124,-0.2393013169250669,1.0825663808182378,0.7880722208517016,0.1086941866441624,3.760609960660497,1.5499190461382142
64.0,262.0,1003.884033203125,1.1425112649696187,3.065090117718845,0.592860107788608,2.8071972518327133,0.2549808842303713,0.7688590957311772,1.1434486482266086,0.1774592781213724,3.2904317271738885,1.6652367097735672
64.0,262.0,1004.8756713867188,1.803103039357084,3.04969122379482,-0.2380855070972431,3.544222673085715,-0.3675432124331079,1.0049334701620785,1.0915745130618049,-0.0166428366782459,3.286393579044508,1.7128181502425668
64.0,262.0,1005.5949096679688,1.065741447403239,3.566321993171797,-0.1722097588879127,3.335195644635442,0.4153135222526197,1.6432684793938577,1.2308026718224587,0.3065238812510272,3.32453208933479,1.4181087479272612
64.0,262.0,1005.1708984375,1.5387374172758588,3.0630905424895096,-0.2761169812147975,3.539551483750204,-0.0710913967583387,1.0864629386437223,1.0432566156141505,0.0406253156605319,3.3703392304127733,1.6847979903288934
64.0,262.0,1004.3433227539062,1.5246637626108075,2.588764633984187,-0.2247483509817702,3.541791433209113,-0.2094105942329443,0.0900981966808316,1.4472220790014578,0.3634141441016041,3.275517642189521,1.677631713184814
64.0,262.0,1006.2902221679688,-0.4251081873792355,3.285807122763265,-0.1892787533432827,2.527234148491948,-0.6010386156964528,0.6565171337625719,1.76275366174798,-0.0125229395337214,3.152359389102193,1.536172754489335
64.0,262.0,1002.565185546875,0.5472914493255665,3.366882117201061,1.3060013984334584,1.9325170226020087,-1.0074251950736448,0.7432223534795421,1.6951969237110474,0.1334456915648295,3.316198941140461,1.659375229627378
64.0,262.0,1006.7476806640624,1.3783292661069166,2.227281756843792,0.7486796121921748,2.3676098445669496,-0.4352187250238886,0.1295667694666509,1.2582478032152908,0.9678886220425788,1.546052822985894,1.7088008776725607
64.0,262.0,1003.6841430664062,1.5264166200797986,3.063097861613356,-0.215819897253269,3.5490497273888275,-0.2048867388282806,1.0826619122252867,1.0511392207255632,-0.0170243374408754,3.2973942147249127,1.6821927523441609
64.0,262.0,1004.9850463867188,0.6143587211329081,3.6385777878302688,1.866782871449317,2.68567229671642,-0.0190286631641586,0.5847002488156035,1.759170199056142,0.7876675185527418,3.289135321111209,1.695106697781342
64.0,262.0,1006.3912353515624,1.0823124156003283,3.145532408020725,0.0937498638335725,4.3492484902596935,-0.983369492477124,0.3045399617600217,1.0355153888892177,-0.6035785196627739,3.47882371336145,1.9749920545649893
64.0,262.0,1003.7677001953124,0.9753379059727132,3.027481911426474,0.8914709442373026,3.6385006360362526,-0.1936568623912141,0.9354252219936228,1.0515023454212475,1.5844169383747184,3.3013099988549235,1.6821957420369034
64.0,262.0,1004.1815795898438,1.186914875836738,2.984003335173336,1.0917657361520303,3.111316162569416,-0.2135156752145395,1.956200428446676,1.1043285602139945,-0.0888351866134527,3.261696929640985,2.1191790875322365
64.0,262.0,1005.9786376953124,1.1755166225902458,3.0139295819900664,-0.2417305383366287,3.616814653335077,-0.2729520402836232,1.8592848557108288,1.1177652924446315,0.1211451494947978,3.912459696901169,2.2316448068592054
64.0,262.0,1004.7403564453124,0.4804166552562906,3.142058809388116,-0.507253232726782,3.78275224637308,-0.5671588827166028,1.1261544357254607,1.4122039073154182,0.5007209311294231,3.503301094810195,1.926829920271378
64.0,262.0,1004.5214233398438,1.3925082887281215,3.065088985864282,-0.1686798461004562,2.4937664364779137,-0.2246521629870259,1.0573601922845028,1.0844478999456344,-0.8866334099558765,3.2654268773896447,1.6563374701400866
64.0,262.0,1004.5638427734376,-0.2134668305182117,2.783390802993948,1.9017004885948512,1.4366753845009534,-0.5024318747415023,0.7385154890632665,0.977632335582272,0.2974201112703576,3.125186682888231,1.6802011201576457
64.0,262.0,1005.5848999023438,-0.4976473021030942,3.419951677935696,-0.3086301958483286,3.870154605804175,-1.1699164176837953,1.6993185462984577,0.8701808901365833,0.0028869377323087,3.427754210534899,1.6924904654891433
64.0,262.0,1004.2504272460938,-0.8223529424704155,2.825127807401638,-0.323922086313651,1.937577607926971,-0.7880478165526897,-0.5658922756132105,1.2049866790758093,0.2624683225465503,3.2458834880441487,0.9881096602322688
64.0,262.0,1004.8351440429688,0.383266327892847,3.526047267809437,-0.0464641811751654,3.441002486581674,0.4622121063248139,0.764653895575856,1.4226068635485682,-0.4876738443664548,3.654568720914268,1.5945743322906956
64.0,263.0,1004.6443481445312,0.6900176227674764,3.063074350782302,-0.3302721781170479,3.0126561550720083,-0.1976159951512532,1.5970259768578052,1.2511792713171723,-0.0167520924344081,3.4265898532482377,1.5636003792452855
64.0,263.0,1004.2421264648438,1.1090451639676264,3.063170278295987,-0.1754780434512142,3.5433184929382966,-0.1568456031498367,1.0766389807596008,1.0528787249669178,-0.0171620058962041,3.1145081813601543,1.5893554756452115
64.0,263.0,1005.7791137695312,0.6317410114373033,3.3821840388898674,-0.6555082762858517,1.8304964441013163,0.265419887632873,0.7751960162999161,1.243165064585624,-0.3543464243561521,3.598221077351875,1.5754946386202904
64.0,263.0,1005.7072143554688,1.6491448804843336,2.9104453120023,-0.2376035463302053,3.615676320374159,-0.5459213406507523,1.0802436756395946,1.0229389087533642,-0.0226071327225542,3.134768809825729,1.4551102740604491
64.0,263.0,1005.2555541992188,-0.5037094802039921,3.707585390221884,-0.3280569768488796,3.321070462527059,0.979043172621886,-0.4155761280008436,0.9565504599200948,0.2951346271246178,3.295787014291044,2.1819067114242974
64.0,263.0,1005.51806640625,-0.40218204349395,2.9611396568649364,0.6762820959727607,3.216420950245242,-1.6087780174255435,1.486703313514423,0.3728051189080725,0.4352597544671966,2.6224629239329085,1.7656766646614763
64.0,263.0,1006.2119140625,0.4893625390202833,1.7795423029239368,-0.2283334970089545,3.1277989280704825,0.4981169607027755,1.141197769335064,2.5146578201478693,1.975507430672696,4.311031517865723,2.0922100116751228
64.0,263.0,1005.1494140625,1.4267671879387,2.82151791963309,-0.2050135975394147,3.599402345635524,-0.212234014229664,1.0699343377498252,1.054124327480299,-0.0348381047181509,3.2384919490320403,1.683330061310487
64.0,263.0,1005.474853515625,1.5026949966969567,4.303640589644998,0.0467183102294996,3.508585978273294,-0.276222544546385,1.2632585220760255,0.9839023829757484,0.4548566034085533,3.319979299343642,1.681623450852277
64.0,263.0,1004.5355224609376,-0.2067583177486083,2.156645823399848,1.1237471826284795,3.780946817479548,-0.5114493991580722,1.3470285072754011,1.5426076556614716,0.9251629364195506,3.6326501297850458,1.193605314089168
64.0,263.0,1004.0458984375,0.6627964073101363,1.902544155917261,1.7356517264199556,1.1276967507837976,-0.9532319298265536,0.6325625002596181,1.4181961809212862,1.2571856093798428,3.247627624338968,0.7396376473821458
64.0,263.0,1004.7117919921876,0.4052530103725722,2.862964791291889,1.0244185980793992,1.6185629550949447,0.0861167524434486,0.806110362194968,0.5149989619430992,0.0762824622613271,3.306353246449835,1.6419964791765842
64.0,263.0,1005.585205078125,1.4441076734521072,3.066111509674269,0.0067028297138759,3.194813058276394,-0.2495793018936137,1.1591742150332562,1.047291772061316,-0.0635626710663064,3.2934046480925203,1.7277033081006632
64.0,263.0,1004.95849609375,0.9162956780313632,2.1247201074083826,0.0379144096914144,3.0493734156772465,-0.204541723945408,1.0866278545155783,1.081534562537653,-0.1426858802547873,2.5531626479271203,1.6834925846586402
64.0,263.0,1003.9569702148438,0.448016906340041,3.105722986450256,0.8138035866923863,3.0955404770734902,0.2620725015799733,1.6869868466778326,0.0600023277914734,0.2622416693067444,3.1208073658522064,1.5478276998793208
64.0,263.0,1005.9080810546876,1.0513515896295955,3.0324479004866207,-0.1399893757068982,2.5909601277576697,-0.1207554487964864,2.5126882206643253,1.1607896320933913,0.180815057255496,3.251736532375584,2.58552590355996
64.0,263.0,1005.7649536132812,0.2825466944237913,3.223371955913502,-1.130107795435179,3.475165291581171,-1.048330892200188,0.6773142097574366,1.7224453178602437,-0.0116344510771347,2.978858171781275,1.664112733334867
64.0,263.0,1003.8233642578124,1.028523366259821,3.0628461474330293,-0.3204188298828894,3.0167776901382988,0.2647472536681213,1.306874930918926,0.9514498344110252,-0.5399432597472117,3.348110656193866,0.8965220619264871
64.0,263.0,1006.2741088867188,1.643031542836416,3.606370926934152,-0.6934784640503268,3.544777025413626,-0.1168117638030309,0.939111865717292,1.235370936060419,0.8014975999324441,3.270795648100955,1.6707495569788469
64.0,263.0,1005.4312744140624,1.3627715738376884,3.076635121501396,-0.2203183241854567,3.1897560510402903,-0.4507563945197057,1.1522013466208365,1.072078304572779,-0.0715777010715543,3.2997649430028133,1.6650114468654638
64.0,263.0,1006.1286010742188,1.5630251164579407,3.034072154337606,-0.2144607478813976,3.3747890166807086,-0.1840946200972616,1.0834848120091078,1.505132191142844,0.0986427251527393,3.2971237436003165,1.6407078622033984
64.0,263.0,1004.8368530273438,-0.0192859539180938,3.1458012448024646,-0.4052589456220559,3.5837623621294377,-0.4446218579421889,1.004306573519272,1.0674916208430016,-0.1473208806064043,4.659302750457305,1.266183010783346
64.0,263.0,1005.0035400390624,1.488088734200528,3.2964916798764268,-0.081613556681665,3.4931910742310563,-0.4795947022471148,1.19443031097595,1.5983254058784726,0.3030366300005376,3.1093375136026897,1.3517079212642986
64.0,263.0,1005.59716796875,0.8422960777773174,3.0348209215701183,-0.2311176520887816,3.530445462000517,0.731073415144617,1.0838871087870037,1.0526527931079228,-0.2789778063184201,3.525442996103043,1.9314441196361605
64.0,263.0,1005.1682739257812,0.4758226699530498,2.725912301651685,-0.0230184400084026,3.5041163169939864,-0.2839688026094656,0.98246182909671,0.7814411067738086,0.0567855685067581,3.2908997596538847,1.3640380101297185
64.0,263.0,1004.932861328125,1.5796322669745138,2.974669102036052,-0.2759972217390695,3.567574034001228,-0.2093543612178015,1.4940440693796724,1.055340177568717,-0.0056815911348413,3.322450316094878,2.2801882162059304
64.0,263.0,1004.5557861328124,1.021039932157859,3.115921688963008,1.0019107446718256,2.234313345165861,-1.2644187944951404,0.667371423970712,1.2297919770831705,0.8270215697473942,3.348214809893935,1.7947175164238944
64.0,263.0,1005.9476318359376,0.0416259073064684,3.056620648095169,0.9059087932371556,3.541676985417584,-0.4558259587305865,-0.3150494321593007,1.05123482986649,-0.0994281152615595,3.238383279985208,1.6565234082160285
64.0,263.0,1005.81201171875,1.0493680198447488,3.1481788145602274,-0.3742052874168526,1.7340138049668434,0.0318673716322229,0.8640905123034281,1.2404658485720614,-0.0193011184880681,2.7865877149951315,1.7316496760128115
64.0,263.0,1004.924560546875,1.3902787656971398,3.2388825019148166,-0.206591284257351,2.6835356447268124,-0.2393013169250669,1.0825663808182378,0.7880722208517016,0.1086941866441624,3.760609960660497,1.5499190461382142
64.0,263.0,1003.884033203125,1.1425112649696187,3.065090117718845,0.592860107788608,2.8071972518327133,0.2549808842303713,0.7688590957311772,1.1434486482266086,0.1774592781213724,3.2904317271738885,1.6652367097735672
64.0,263.0,1004.8756713867188,1.803103039357084,3.04969122379482,-0.2380855070972431,3.544222673085715,-0.3675432124331079,1.0049334701620785,1.0915745130618049,-0.0166428366782459,3.286393579044508,1.7128181502425668
64.0,263.0,1005.5949096679688,1.065741447403239,3.566321993171797,-0.1722097588879127,3.335195644635442,0.4153135222526197,1.6432684793938577,1.2308026718224587,0.3065238812510272,3.32453208933479,1.4181087479272612
64.0,263.0,1005.1708984375,1.5387374172758588,3.0630905424895096,-0.2761169812147975,3.539551483750204,-0.0710913967583387,1.0864629386437223,1.0432566156141505,0.0406253156605319,3.3703392304127733,1.6847979903288934
64.0,263.0,1004.3433227539062,1.5246637626108075,2.588764633984187,-0.2247483509817702,3.541791433209113,-0.2094105942329443,0.0900981966808316,1.4472220790014578,0.3634141441016041,3.275517642189521,1.677631713184814
64.0,263.0,1006.2902221679688,-0.4251081873792355,3.285807122763265,-0.1892787533432827,2.527234148491948,-0.6010386156964528,0.6565171337625719,1.76275366174798,-0.0125229395337214,3.152359389102193,1.536172754489335
64.0,263.0,1002.565185546875,0.5472914493255665,3.366882117201061,1.3060013984334584,1.9325170226020087,-1.0074251950736448,0.7432223534795421,1.6951969237110474,0.1334456915648295,3.316198941140461,1.659375229627378
64.0,263.0,1006.7476806640624,1.3783292661069166,2.227281756843792,0.7486796121921748,2.3676098445669496,-0.4352187250238886,0.1295667694666509,1.2582478032152908,0.9678886220425788,1.546052822985894,1.7088008776725607
64.0,263.0,1003.6841430664062,1.5264166200797986,3.063097861613356,-0.215819897253269,3.5490497273888275,-0.2048867388282806,1.0826619122252867,1.0511392207255632,-0.0170243374408754,3.2973942147249127,1.6821927523441609
64.0,263.0,1004.9850463867188,0.6143587211329081,3.6385777878302688,1.866782871449317,2.68567229671642,-0.0190286631641586,0.5847002488156035,1.759170199056142,0.7876675185527418,3.289135321111209,1.695106697781342
64.0,263.0,1006.3912353515624,1.0823124156003283,3.145532408020725,0.0937498638335725,4.3492484902596935,-0.983369492477124,0.3045399617600217,1.0355153888892177,-0.6035785196627739,3.47882371336145,1.9749920545649893
64.0,263.0,1003.7677001953124,0.9753379059727132,3.027481911426474,0.8914709442373026,3.6385006360362526,-0.1936568623912141,0.9354252219936228,1.0515023454212475,1.5844169383747184,3.3013099988549235,1.6821957420369034
64.0,263.0,1004.1815795898438,1.186914875836738,2.984003335173336,1.0917657361520303,3.111316162569416,-0.2135156752145395,1.956200428446676,1.1043285602139945,-0.0888351866134527,3.261696929640985,2.1191790875322365
64.0,263.0,1005.9786376953124,1.1755166225902458,3.0139295819900664,-0.2417305383366287,3.616814653335077,-0.2729520402836232,1.8592848557108288,1.1177652924446315,0.1211451494947978,3.912459696901169,2.2316448068592054
64.0,263.0,1004.7403564453124,0.4804166552562906,3.142058809388116,-0.507253232726782,3.78275224637308,-0.5671588827166028,1.1261544357254607,1.4122039073154182,0.5007209311294231,3.503301094810195,1.926829920271378
64.0,263.0,1004.5214233398438,1.3925082887281215,3.065088985864282,-0.1686798461004562,2.4937664364779137,-0.2246521629870259,1.0573601922845028,1.0844478999456344,-0.8866334099558765,3.2654268773896447,1.6563374701400866
64.0,263.0,1004.5638427734376,-0.2134668305182117,2.783390802993948,1.9017004885948512,1.4366753845009534,-0.5024318747415023,0.7385154890632665,0.977632335582272,0.2974201112703576,3.125186682888231,1.6802011201576457
64.0,263.0,1005.5848999023438,-0.4976473021030942,3.419951677935696,-0.3086301958483286,3.870154605804175,-1.1699164176837953,1.6993185462984577,0.8701808901365833,0.0028869377323087,3.427754210534899,1.6924904654891433
64.0,263.0,1004.2504272460938,-0.8223529424704155,2.825127807401638,-0.323922086313651,1.937577607926971,-0.7880478165526897,-0.5658922756132105,1.2049866790758093,0.2624683225465503,3.2458834880441487,0.9881096602322688
64.0,263.0,1004.8351440429688,0.383266327892847,3.526047267809437,-0.0464641811751654,3.441002486581674,0.4622121063248139,0.764653895575856,1.4226068635485682,-0.4876738443664548,3.654568720914268,1.5945743322906956
64.0,264.0,1004.6443481445312,0.6900176227674764,3.063074350782302,-0.3302721781170479,3.0126561550720083,-0.1976159951512532,1.5970259768578052,1.2511792713171723,-0.0167520924344081,3.4265898532482377,1.5636003792452855
64.0,264.0,1004.2421264648438,1.1090451639676264,3.063170278295987,-0.1754780434512142,3.5433184929382966,-0.1568456031498367,1.0766389807596008,1.0528787249669178,-0.0171620058962041,3.1145081813601543,1.5893554756452115
64.0,264.0,1005.7791137695312,0.6317410114373033,3.3821840388898674,-0.6555082762858517,1.8304964441013163,0.265419887632873,0.7751960162999161,1.243165064585624,-0.3543464243561521,3.598221077351875,1.5754946386202904
64.0,264.0,1005.7072143554688,1.6491448804843336,2.9104453120023,-0.2376035463302053,3.615676320374159,-0.5459213406507523,1.0802436756395946,1.0229389087533642,-0.0226071327225542,3.134768809825729,1.4551102740604491
64.0,264.0,1005.2555541992188,-0.5037094802039921,3.707585390221884,-0.3280569768488796,3.321070462527059,0.979043172621886,-0.4155761280008436,0.9565504599200948,0.2951346271246178,3.295787014291044,2.1819067114242974
64.0,264.0,1005.51806640625,-0.40218204349395,2.9611396568649364,0.6762820959727607,3.216420950245242,-1.6087780174255435,1.486703313514423,0.3728051189080725,0.4352597544671966,2.6224629239329085,1.7656766646614763
64.0,264.0,1006.2119140625,0.4893625390202833,1.7795423029239368,-0.2283334970089545,3.1277989280704825,0.4981169607027755,1.141197769335064,2.5146578201478693,1.975507430672696,4.311031517865723,2.0922100116751228
64.0,264.0,1005.1494140625,1.4267671879387,2.82151791963309,-0.2050135975394147,3.599402345635524,-0.212234014229664,1.0699343377498252,1.054124327480299,-0.0348381047181509,3.2384919490320403,1.683330061310487
64.0,264.0,1005.474853515625,1.5026949966969567,4.303640589644998,0.0467183102294996,3.508585978273294,-0.276222544546385,1.2632585220760255,0.9839023829757484,0.4548566034085533,3.319979299343642,1.681623450852277
64.0,264.0,1004.5355224609376,-0.2067583177486083,2.156645823399848,1.1237471826284795,3.780946817479548,-0.5114493991580722,1.3470285072754011,1.5426076556614716,0.9251629364195506,3.6326501297850458,1.193605314089168
64.0,264.0,1004.0458984375,0.6627964073101363,1.902544155917261,1.7356517264199556,1.1276967507837976,-0.9532319298265536,0.6325625002596181,1.4181961809212862,1.2571856093798428,3.247627624338968,0.7396376473821458
64.0,264.0,1004.7117919921876,0.4052530103725722,2.862964791291889,1.0244185980793992,1.6185629550949447,0.0861167524434486,0.806110362194968,0.5149989619430992,0.0762824622613271,3.306353246449835,1.6419964791765842
64.0,264.0,1005.585205078125,1.4441076734521072,3.066111509674269,0.0067028297138759,3.194813058276394,-0.2495793018936137,1.1591742150332562,1.047291772061316,-0.0635626710663064,3.2934046480925203,1.7277033081006632
64.0,264.0,1004.95849609375,0.9162956780313632,2.1247201074083826,0.0379144096914144,3.0493734156772465,-0.204541723945408,1.0866278545155783,1.081534562537653,-0.1426858802547873,2.5531626479271203,1.6834925846586402
64.0,264.0,1003.9569702148438,0.448016906340041,3.105722986450256,0.8138035866923863,3.0955404770734902,0.2620725015799733,1.6869868466778326,0.0600023277914734,0.2622416693067444,3.1208073658522064,1.5478276998793208
64.0,264.0,1005.9080810546876,1.0513515896295955,3.0324479004866207,-0.1399893757068982,2.5909601277576697,-0.1207554487964864,2.5126882206643253,1.1607896320933913,0.180815057255496,3.251736532375584,2.58552590355996
64.0,264.0,1005.7649536132812,0.2825466944237913,3.223371955913502,-1.130107795435179,3.475165291581171,-1.048330892200188,0.6773142097574366,1.7224453178602437,-0.0116344510771347,2.978858171781275,1.664112733334867
64.0,264.0,1003.8233642578124,1.028523366259821,3.0628461474330293,-0.3204188298828894,3.0167776901382988,0.2647472536681213,1.306874930918926,0.9514498344110252,-0.5399432597472117,3.348110656193866,0.8965220619264871
64.0,264.0,1006.2741088867188,1.643031542836416,3.606370926934152,-0.6934784640503268,3.544777025413626,-0.1168117638030309,0.939111865717292,1.235370936060419,0.8014975999324441,3.270795648100955,1.6707495569788469
64.0,264.0,1005.4312744140624,1.3627715738376884,3.076635121501396,-0.2203183241854567,3.1897560510402903,-0.4507563945197057,1.1522013466208365,1.072078304572779,-0.0715777010715543,3.2997649430028133,1.6650114468654638
64.0,264.0,1006.1286010742188,1.5630251164579407,3.034072154337606,-0.2144607478813976,3.3747890166807086,-0.1840946200972616,1.0834848120091078,1.505132191142844,0.0986427251527393,3.2971237436003165,1.6407078622033984
64.0,264.0,1004.8368530273438,-0.0192859539180938,3.1458012448024646,-0.4052589456220559,3.5837623621294377,-0.4446218579421889,1.004306573519272,1.0674916208430016,-0.1473208806064043,4.659302750457305,1.266183010783346
64.0,264.0,1005.0035400390624,1.488088734200528,3.2964916798764268,-0.081613556681665,3.4931910742310563,-0.4795947022471148,1.19443031097595,1.5983254058784726,0.3030366300005376,3.1093375136026897,1.3517079212642986
64.0,264.0,1005.59716796875,0.8422960777773174,3.0348209215701183,-0.2311176520887816,3.530445462000517,0.731073415144617,1.0838871087870037,1.0526527931079228,-0.2789778063184201,3.525442996103043,1.9314441196361605
64.0,264.0,1005.1682739257812,0.4758226699530498,2.725912301651685,-0.0230184400084026,3.5041163169939864,-0.2839688026094656,0.98246182909671,0.7814411067738086,0.0567855685067581,3.2908997596538847,1.3640380101297185
64.0,264.0,1004.932861328125,1.5796322669745138,2.974669102036052,-0.2759972217390695,3.567574034001228,-0.2093543612178015,1.4940440693796724,1.055340177568717,-0.0056815911348413,3.322450316094878,2.2801882162059304
64.0,264.0,1004.5557861328124,1.021039932157859,3.115921688963008,1.0019107446718256,2.234313345165861,-1.2644187944951404,0.667371423970712,1.2297919770831705,0.8270215697473942,3.348214809893935,1.7947175164238944
64.0,264.0,1005.9476318359376,0.0416259073064684,3.056620648095169,0.9059087932371556,3.541676985417584,-0.4558259587305865,-0.3150494321593007,1.05123482986649,-0.0994281152615595,3.238383279985208,1.6565234082160285
64.0,264.0,1005.81201171875,1.0493680198447488,3.1481788145602274,-0.3742052874168526,1.7340138049668434,0.0318673716322229,0.8640905123034281,1.2404658485720614,-0.0193011184880681,2.7865877149951315,1.7316496760128115
64.0,264.0,1004.924560546875,1.3902787656971398,3.2388825019148166,-0.206591284257351,2.6835356447268124,-0.2393013169250669,1.0825663808182378,0.7880722208517016,0.1086941866441624,3.760609960660497,1.5499190461382142
64.0,264.0,1003.884033203125,1.1425112649696187,3.065090117718845,0.592860107788608,2.8071972518327133,0.2549808842303713,0.7688590957311772,1.1434486482266086,0.1774592781213724,3.2904317271738885,1.6652367097735672
64.0,264.0,1004.8756713867188,1.803103039357084,3.04969122379482,-0.2380855070972431,3.544222673085715,-0.3675432124331079,1.0049334701620785,1.0915745130618049,-0.0166428366782459,3.286393579044508,1.7128181502425668
64.0,264.0,1005.5949096679688,1.065741447403239,3.566321993171797,-0.1722097588879127,3.335195644635442,0.4153135222526197,1.6432684793938577,1.2308026718224587,0.3065238812510272,3.32453208933479,1.4181087479272612
64.0,264.0,1005.1708984375,1.5387374172758588,3.0630905424895096,-0.2761169812147975,3.539551483750204,-0.0710913967583387,1.0864629386437223,1.0432566156141505,0.0406253156605319,3.3703392304127733,1.6847979903288934
64.0,264.0,1004.3433227539062,1.5246637626108075,2.588764633984187,-0.2247483509817702,3.541791433209113,-0.2094105942329443,0.0900981966808316,1.4472220790014578,0.3634141441016041,3.275517642189521,1.677631713184814
64.0,264.0,1006.2902221679688,-0.4251081873792355,3.285807122763265,-0.1892787533432827,2.527234148491948,-0.6010386156964528,0.6565171337625719,1.76275366174798,-0.0125229395337214,3.152359389102193,1.536172754489335
64.0,264.0,1002.565185546875,0.5472914493255665,3.366882117201061,1.3060013984334584,1.9325170226020087,-1.0074251950736448,0.7432223534795421,1.6951969237110474,0.1334456915648295,3.316198941140461,1.659375229627378
64.0,264.0,1006.7476806640624,1.3783292661069166,2.227281756843792,0.7486796121921748,2.3676098445669496,-0.4352187250238886,0.1295667694666509,1.2582478032152908,0.9678886220425788,1.546052822985894,1.7088008776725607
64.0,264.0,1003.6841430664062,1.5264166200797986,3.063097861613356,-0.215819897253269,3.5490497273888275,-0.2048867388282806,1.0826619122252867,1.0511392207255632,-0.0170243374408754,3.2973942147249127,1.6821927523441609
64.0,264.0,1004.9850463867188,0.6143587211329081,3.6385777878302688,1.866782871449317,2.68567229671642,-0.0190286631641586,0.5847002488156035,1.759170199056142,0.7876675185527418,3.289135321111209,1.695106697781342
64.0,264.0,1006.3912353515624,1.0823124156003283,3.145532408020725,0.0937498638335725,4.3492484902596935,-0.983369492477124,0.3045399617600217,1.0355153888892177,-0.6035785196627739,3.47882371336145,1.9749920545649893
64.0,264.0,1003.7677001953124,0.9753379059727132,3.027481911426474,0.8914709442373026,3.6385006360362526,-0.1936568623912141,0.9354252219936228,1.0515023454212475,1.5844169383747184,3.3013099988549235,1.6821957420369034
64.0,264.0,1004.1815795898438,1.186914875836738,2.984003335173336,1.0917657361520303,3.111316162569416,-0.2135156752145395,1.956200428446676,1.1043285602139945,-0.0888351866134527,3.261696929640985,2.1191790875322365
64.0,264.0,1005.9786376953124,1.1755166225902458,3.0139295819900664,-0.2417305383366287,3.616814653335077,-0.2729520402836232,1.8592848557108288,1.1177652924446315,0.1211451494947978,3.912459696901169,2.2316448068592054
64.0,264.0,1004.7403564453124,0.4804166552562906,3.142058809388116,-0.507253232726782,3.78275224637308,-0.5671588827166028,1.1261544357254607,1.4122039073154182,0.5007209311294231,3.503301094810195,1.926829920271378
64.0,264.0,1004.5214233398438,1.3925082887281215,3.065088985864282,-0.1686798461004562,2.4937664364779137,-0.2246521629870259,1.0573601922845028,1.0844478999456344,-0.8866334099558765,3.2654268773896447,1.6563374701400866
64.0,264.0,1004.5638427734376,-0.2134668305182117,2.783390802993948,1.9017004885948512,1.4366753845009534,-0.5024318747415023,0.7385154890632665,0.977632335582272,0.2974201112703576,3.125186682888231,1.6802011201576457
64.0,264.0,1005.5848999023438,-0.4976473021030942,3.419951677935696,-0.3086301958483286,3.870154605804175,-1.1699164176837953,1.6993185462984577,0.8701808901365833,0.0028869377323087,3.427754210534899,1.6924904654891433
64.0,264.0,1004.2504272460938,-0.8223529424704155,2.825127807401638,-0.323922086313651,1.937577607926971,-0.7880478165526897,-0.5658922756132105,1.2049866790758093,0.2624683225465503,3.2458834880441487,0.9881096602322688
64.0,264.0,1004.8351440429688,0.383266327892847,3.526047267809437,-0.0464641811751654,3.441002486581674,0.4622121063248139,0.764653895575856,1.4226068635485682,-0.4876738443664548,3.654568720914268,1.5945743322906956
64.0,265.0,1004.6443481445312,0.6900176227674764,3.063074350782302,-0.3302721781170479,3.0126561550720083,-0.1976159951512532,1.5970259768578052,1.2511792713171723,-0.0167520924344081,3.4265898532482377,1.5636003792452855
64.0,265.0,1004.2421264648438,1.1090451639676264,3.063170278295987,-0.1754780434512142,3.5433184929382966,-0.1568456031498367,1.0766389807596008,1.0528787249669178,-0.0171620058962041,3.1145081813601543,1.5893554756452115
64.0,265.0,1005.7791137695312,0.6317410114373033,3.3821840388898674,-0.6555082762858517,1.8304964441013163,0.265419887632873,0.7751960162999161,1.243165064585624,-0.3543464243561521,3.598221077351875,1.5754946386202904
64.0,265.0,1005.7072143554688,1.6491448804843336,2.9104453120023,-0.2376035463302053,3.615676320374159,-0.5459213406507523,1.0802436756395946,1.0229389087533642,-0.0226071327225542,3.134768809825729,1.4551102740604491
64.0,265.0,1005.2555541992188,-0.5037094802039921,3.707585390221884,-0.3280569768488796,3.321070462527059,0.979043172621886,-0.4155761280008436,0.9565504599200948,0.2951346271246178,3.295787014291044,2.1819067114242974
64.0,265.0,1005.51806640625,-0.40218204349395,2.9611396568649364,0.6762820959727607,3.216420950245242,-1.6087780174255435,1.486703313514423,0.3728051189080725,0.4352597544671966,2.6224629239329085,1.7656766646614763
64.0,265.0,1006.2119140625,0.4893625390202833,1.7795423029239368,-0.2283334970089545,3.1277989280704825,0.4981169607027755,1.141197769335064,2.5146578201478693,1.975507430672696,4.311031517865723,2.0922100116751228
64.0,265.0,1005.1494140625,1.4267671879387,2.82151791963309,-0.2050135975394147,3.599402345635524,-0.212234014229664,1.0699343377498252,1.054124327480299,-0.0348381047181509,3.2384919490320403,1.683330061310487
64.0,265.0,1005.474853515625,1.5026949966969567,4.303640589644998,0.0467183102294996,3.508585978273294,-0.276222544546385,1.2632585220760255,0.9839023829757484,0.4548566034085533,3.319979299343642,1.681623450852277
64.0,265.0,1004.5355224609376,-0.2067583177486083,2.156645823399848,1.1237471826284795,3.780946817479548,-0.5114493991580722,1.3470285072754011,1.5426076556614716,0.9251629364195506,3.6326501297850458,1.193605314089168
64.0,265.0,1004.0458984375,0.6627964073101363,1.902544155917261,1.7356517264199556,1.1276967507837976,-0.9532319298265536,0.6325625002596181,1.4181961809212862,1.2571856093798428,3.247627624338968,0.7396376473821458
64.0,265.0,1004.7117919921876,0.4052530103725722,2.862964791291889,1.0244185980793992,1.6185629550949447,0.0861167524434486,0.806110362194968,0.5149989619430992,0.0762824622613271,3.306353246449835,1.6419964791765842
64.0,265.0,1005.585205078125,1.4441076734521072,3.066111509674269,0.0067028297138759,3.194813058276394,-0.2495793018936137,1.1591742150332562,1.047291772061316,-0.0635626710663064,3.2934046480925203,1.7277033081006632
64.0,265.0,1004.95849609375,0.9162956780313632,2.1247201074083826,0.0379144096914144,3.0493734156772465,-0.204541723945408,1.0866278545155783,1.081534562537653,-0.1426858802547873,2.5531626479271203,1.6834925846586402
64.0,265.0,1003.9569702148438,0.448016906340041,3.105722986450256,0.8138035866923863,3.0955404770734902,0.2620725015799733,1.6869868466778326,0.0600023277914734,0.2622416693067444,3.1208073658522064,1.5478276998793208
64.0,265.0,1005.9080810546876,1.0513515896295955,3.0324479004866207,-0.1399893757068982,2.5909601277576697,-0.1207554487964864,2.5126882206643253,1.1607896320933913,0.180815057255496,3.251736532375584,2.58552590355996
64.0,265.0,1005.7649536132812,0.2825466944237913,3.223371955913502,-1.130107795435179,3.475165291581171,-1.048330892200188,0.6773142097574366,1.7224453178602437,-0.0116344510771347,2.978858171781275,1.664112733334867
64.0,265.0,1003.8233642578124,1.028523366259821,3.0628461474330293,-0.3204188298828894,3.0167776901382988,0.2647472536681213,1.306874930918926,0.9514498344110252,-0.5399432597472117,3.348110656193866,0.8965220619264871
64.0,265.0,1006.2741088867188,1.643031542836416,3.606370926934152,-0.6934784640503268,3.544777025413626,-0.1168117638030309,0.939111865717292,1.235370936060419,0.8014975999324441,3.270795648100955,1.6707495569788469
64.0,265.0,1005.4312744140624,1.3627715738376884,3.076635121501396,-0.2203183241854567,3.1897560510402903,-0.4507563945197057,1.1522013466208365,1.072078304572779,-0.0715777010715543,3.2997649430028133,1.6650114468654638
64.0,265.0,1006.1286010742188,1.5630251164579407,3.034072154337606,-0.2144607478813976,3.3747890166807086,-0.1840946200972616,1.0834848120091078,1.505132191142844,0.0986427251527393,3.2971237436003165,1.6407078622033984
64.0,265.0,1004.8368530273438,-0.0192859539180938,3.1458012448024646,-0.4052589456220559,3.5837623621294377,-0.4446218579421889,1.004306573519272,1.0674916208430016,-0.1473208806064043,4.659302750457305,1.266183010783346
64.0,265.0,1005.0035400390624,1.488088734200528,3.2964916798764268,-0.081613556681665,3.4931910742310563,-0.4795947022471148,1.19443031097595,1.5983254058784726,0.3030366300005376,3.1093375136026897,1.3517079212642986
64.0,265.0,1005.59716796875,0.8422960777773174,3.0348209215701183,-0.2311176520887816,3.530445462000517,0.731073415144617,1.0838871087870037,1.0526527931079228,-0.2789778063184201,3.525442996103043,1.9314441196361605
64.0,265.0,1005.1682739257812,0.4758226699530498,2.725912301651685,-0.0230184400084026,3.5041163169939864,-0.2839688026094656,0.98246182909671,0.7814411067738086,0.0567855685067581,3.2908997596538847,1.3640380101297185
64.0,265.0,1004.932861328125,1.5796322669745138,2.974669102036052,-0.2759972217390695,3.567574034001228,-0.2093543612178015,1.4940440693796724,1.055340177568717,-0.0056815911348413,3.322450316094878,2.2801882162059304
64.0,265.0,1004.5557861328124,1.021039932157859,3.115921688963008,1.0019107446718256,2.234313345165861,-1.2644187944951404,0.667371423970712,1.2297919770831705,0.8270215697473942,3.348214809893935,1.7947175164238944
64.0,265.0,1005.9476318359376,0.0416259073064684,3.056620648095169,0.9059087932371556,3.541676985417584,-0.4558259587305865,-0.3150494321593007,1.05123482986649,-0.0994281152615595,3.238383279985208,1.6565234082160285
64.0,265.0,1005.81201171875,1.0493680198447488,3.1481788145602274,-0.3742052874168526,1.7340138049668434,0.0318673716322229,0.8640905123034281,1.2404658485720614,-0.0193011184880681,2.7865877149951315,1.7316496760128115
64.0,265.0,1004.924560546875,1.3902787656971398,3.2388825019148166,-0.206591284257351,2.6835356447268124,-0.2393013169250669,1.0825663808182378,0.7880722208517016,0.1086941866441624,3.760609960660497,1.5499190461382142
64.0,265.0,1003.884033203125,1.1425112649696187,3.065090117718845,0.592860107788608,2.8071972518327133,0.2549808842303713,0.7688590957311772,1.1434486482266086,0.1774592781213724,3.2904317271738885,1.6652367097735672
64.0,265.0,1004.8756713867188,1.803103039357084,3.04969122379482,-0.2380855070972431,3.544222673085715,-0.3675432124331079,1.0049334701620785,1.0915745130618049,-0.0166428366782459,3.286393579044508,1.7128181502425668
64.0,265.0,1005.5949096679688,1.065741447403239,3.566321993171797,-0.1722097588879127,3.335195644635442,0.4153135222526197,1.6432684793938577,1.2308026718224587,0.3065238812510272,3.32453208933479,1.4181087479272612
64.0,265.0,1005.1708984375,1.5387374172758588,3.0630905424895096,-0.2761169812147975,3.539551483750204,-0.0710913967583387,1.0864629386437223,1.0432566156141505,0.0406253156605319,3.3703392304127733,1.6847979903288934
64.0,265.0,1004.3433227539062,1.5246637626108075,2.588764633984187,-0.2247483509817702,3.541791433209113,-0.2094105942329443,0.0900981966808316,1.4472220790014578,0.3634141441016041,3.275517642189521,1.677631713184814
64.0,265.0,1006.2902221679688,-0.4251081873792355,3.285807122763265,-0.1892787533432827,2.527234148491948,-0.6010386156964528,0.6565171337625719,1.76275366174798,-0.0125229395337214,3.152359389102193,1.536172754489335
64.0,265.0,1002.565185546875,0.5472914493255665,3.366882117201061,1.3060013984334584,1.9325170226020087,-1.0074251950736448,0.7432223534795421,1.6951969237110474,0.1334456915648295,3.316198941140461,1.659375229627378
64.0,265.0,1006.7476806640624,1.3783292661069166,2.227281756843792,0.7486796121921748,2.3676098445669496,-0.4352187250238886,0.1295667694666509,1.2582478032152908,0.9678886220425788,1.546052822985894,1.7088008776725607
64.0,265.0,1003.6841430664062,1.5264166200797986,3.063097861613356,-0.215819897253269,3.5490497273888275,-0.2048867388282806,1.0826619122252867,1.0511392207255632,-0.0170243374408754,3.2973942147249127,1.6821927523441609
64.0,265.0,1004.9850463867188,0.6143587211329081,3.6385777878302688,1.866782871449317,2.68567229671642,-0.0190286631641586,0.5847002488156035,1.759170199056142,0.7876675185527418,3.289135321111209,1.695106697781342
64.0,265.0,1006.3912353515624,1.0823124156003283,3.145532408020725,0.0937498638335725,4.3492484902596935,-0.983369492477124,0.3045399617600217,1.0355153888892177,-0.6035785196627739,3.47882371336145,1.9749920545649893
64.0,265.0,1003.7677001953124,0.9753379059727132,3.027481911426474,0.8914709442373026,3.6385006360362526,-0.1936568623912141,0.9354252219936228,1.0515023454212475,1.5844169383747184,3.3013099988549235,1.6821957420369034
64.0,265.0,1004.1815795898438,1.186914875836738,2.984003335173336,1.0917657361520303,3.111316162569416,-0.2135156752145395,1.956200428446676,1.1043285602139945,-0.0888351866134527,3.261696929640985,2.1191790875322365
64.0,265.0,1005.9786376953124,1.1755166225902458,3.0139295819900664,-0.2417305383366287,3.616814653335077,-0.2729520402836232,1.8592848557108288,1.1177652924446315,0.1211451494947978,3.912459696901169,2.2316448068592054
64.0,265.0,1004.7403564453124,0.4804166552562906,3.142058809388116,-0.507253232726782,3.78275224637308,-0.5671588827166028,1.1261544357254607,1.4122039073154182,0.5007209311294231,3.503301094810195,1.926829920271378
64.0,265.0,1004.5214233398438,1.3925082887281215,3.065088985864282,-0.1686798461004562,2.4937664364779137,-0.2246521629870259,1.0573601922845028,1.0844478999456344,-0.8866334099558765,3.2654268773896447,1.6563374701400866
64.0,265.0,1004.5638427734376,-0.2134668305182117,2.783390802993948,1.9017004885948512,1.4366753845009534,-0.5024318747415023,0.7385154890632665,0.977632335582272,0.2974201112703576,3.125186682888231,1.6802011201576457
64.0,265.0,1005.5848999023438,-0.4976473021030942,3.419951677935696,-0.3086301958483286,3.870154605804175,-1.1699164176837953,1.6993185462984577,0.8701808901365833,0.0028869377323087,3.427754210534899,1.6924904654891433
64.0,265.0,1004.2504272460938,-0.8223529424704155,2.825127807401638,-0.323922086313651,1.937577607926971,-0.7880478165526897,-0.5658922756132105,1.2049866790758093,0.2624683225465503,3.2458834880441487,0.9881096602322688
64.0,265.0,1004.8351440429688,0.383266327892847,3.526047267809437,-0.0464641811751654,3.441002486581674,0.4622121063248139,0.764653895575856,1.4226068635485682,-0.4876738443664548,3.654568720914268,1.5945743322906956
64.0,266.0,1004.6443481445312,0.6900176227674764,3.063074350782302,-0.3302721781170479,3.0126561550720083,-0.1976159951512532,1.5970259768578052,1.2511792713171723,-0.0167520924344081,3.4265898532482377,1.5636003792452855
64.0,266.0,1004.2421264648438,1.1090451639676264,3.063170278295987,-0.1754780434512142,3.5433184929382966,-0.1568456031498367,1.0766389807596008,1.0528787249669178,-0.0171620058962041,3.1145081813601543,1.5893554756452115
64.0,266.0,1005.7791137695312,0.6317410114373033,3.3821840388898674,-0.6555082762858517,1.8304964441013163,0.265419887632873,0.7751960162999161,1.243165064585624,-0.3543464243561521,3.598221077351875,1.5754946386202904
64.0,266.0,1005.7072143554688,1.6491448804843336,2.9104453120023,-0.2376035463302053,3.615676320374159,-0.5459213406507523,1.0802436756395946,1.0229389087533642,-0.0226071327225542,3.134768809825729,1.4551102740604491
64.0,266.0,1005.2555541992188,-0.5037094802039921,3.707585390221884,-0.3280569768488796,3.321070462527059,0.979043172621886,-0.4155761280008436,0.9565504599200948,0.2951346271246178,3.295787014291044,2.1819067114242974
64.0,266.0,1005.51806640625,-0.40218204349395,2.9611396568649364,0.6762820959727607,3.216420950245242,-1.6087780174255435,1.486703313514423,0.3728051189080725,0.4352597544671966,2.6224629239329085,1.7656766646614763
64.0,266.0,1006.2119140625,0.4893625390202833,1.7795423029239368,-0.2283334970089545,3.1277989280704825,0.4981169607027755,1.141197769335064,2.5146578201478693,1.975507430672696,4.311031517865723,2.0922100116751228
64.0,266.0,1005.1494140625,1.4267671879387,2.82151791963309,-0.2050135975394147,3.599402345635524,-0.212234014229664,1.0699343377498252,1.054124327480299,-0.0348381047181509,3.2384919490320403,1.683330061310487
64.0,266.0,1005.474853515625,1.5026949966969567,4.303640589644998,0.0467183102294996,3.508585978273294,-0.276222544546385,1.2632585220760255,0.9839023829757484,0.4548566034085533,3.319979299343642,1.681623450852277
64.0,266.0,1004.5355224609376,-0.2067583177486083,2.156645823399848,1.1237471826284795,3.780946817479548,-0.5114493991580722,1.3470285072754011,1.5426076556614716,0.9251629364195506,3.6326501297850458,1.193605314089168
64.0,266.0,1004.0458984375,0.6627964073101363,1.902544155917261,1.7356517264199556,1.1276967507837976,-0.9532319298265536,0.6325625002596181,1.4181961809212862,1.2571856093798428,3.247627624338968,0.7396376473821458
64.0,266.0,1004.7117919921876,0.4052530103725722,2.862964791291889,1.0244185980793992,1.6185629550949447,0.0861167524434486,0.806110362194968,0.5149989619430992,0.0762824622613271,3.306353246449835,1.6419964791765842
64.0,266.0,1005.585205078125,1.4441076734521072,3.066111509674269,0.0067028297138759,3.194813058276394,-0.2495793018936137,1.1591742150332562,1.047291772061316,-0.0635626710663064,3.2934046480925203,1.7277033081006632
64.0,266.0,1004.95849609375,0.9162956780313632,2.1247201074083826,0.0379144096914144,3.0493734156772465,-0.204541723945408,1.0866278545155783,1.081534562537653,-0.1426858802547873,2.5531626479271203,1.6834925846586402
64.0,266.0,1003.9569702148438,0.448016906340041,3.105722986450256,0.8138035866923863,3.0955404770734902,0.2620725015799733,1.6869868466778326,0.0600023277914734,0.2622416693067444,3.1208073658522064,1.5478276998793208
64.0,266.0,1005.9080810546876,1.0513515896295955,3.0324479004866207,-0.1399893757068982,2.5909601277576697,-0.1207554487964864,2.5126882206643253,1.1607896320933913,0.180815057255496,3.251736532375584,2.58552590355996
64.0,266.0,1005.7649536132812,0.2825466944237913,3.223371955913502,-1.130107795435179,3.475165291581171,-1.048330892200188,0.6773142097574366,1.7224453178602437,-0.0116344510771347,2.978858171781275,1.664112733334867
64.0,266.0,1003.8233642578124,1.028523366259821,3.0628461474330293,-0.3204188298828894,3.0167776901382988,0.2647472536681213,1.306874930918926,0.9514498344110252,-0.5399432597472117,3.348110656193866,0.8965220619264871
64.0,266.0,1006.2741088867188,1.643031542836416,3.606370926934152,-0.6934784640503268,3.544777025413626,-0.1168117638030309,0.939111865717292,1.235370936060419,0.8014975999324441,3.270795648100955,1.6707495569788469
64.0,266.0,1005.4312744140624,1.3627715738376884,3.076635121501396,-0.2203183241854567,3.1897560510402903,-0.4507563945197057,1.1522013466208365,1.072078304572779,-0.0715777010715543,3.2997649430028133,1.6650114468654638
64.0,266.0,1006.1286010742188,1.5630251164579407,3.034072154337606,-0.2144607478813976,3.3747890166807086,-0.1840946200972616,1.0834848120091078,1.505132191142844,0.0986427251527393,3.2971237436003165,1.6407078622033984
64.0,266.0,1004.8368530273438,-0.0192859539180938,3.1458012448024646,-0.4052589456220559,3.5837623621294377,-0.4446218579421889,1.004306573519272,1.0674916208430016,-0.1473208806064043,4.659302750457305,1.266183010783346
64.0,266.0,1005.0035400390624,1.488088734200528,3.2964916798764268,-0.081613556681665,3.4931910742310563,-0.4795947022471148,1.19443031097595,1.5983254058784726,0.3030366300005376,3.1093375136026897,1.3517079212642986
64.0,266.0,1005.59716796875,0.8422960777773174,3.0348209215701183,-0.2311176520887816,3.530445462000517,0.731073415144617,1.0838871087870037,1.0526527931079228,-0.2789778063184201,3.525442996103043,1.9314441196361605
64.0,266.0,1005.1682739257812,0.4758226699530498,2.725912301651685,-0.0230184400084026,3.5041163169939864,-0.2839688026094656,0.98246182909671,0.7814411067738086,0.0567855685067581,3.2908997596538847,1.3640380101297185
64.0,266.0,1004.932861328125,1.5796322669745138,2.974669102036052,-0.2759972217390695,3.567574034001228,-0.2093543612178015,1.4940440693796724,1.055340177568717,-0.0056815911348413,3.322450316094878,2.2801882162059304
64.0,266.0,1004.5557861328124,1.021039932157859,3.115921688963008,1.0019107446718256,2.234313345165861,-1.2644187944951404,0.667371423970712,1.2297919770831705,0.8270215697473942,3.348214809893935,1.7947175164238944
64.0,266.0,1005.9476318359376,0.0416259073064684,3.056620648095169,0.9059087932371556,3.541676985417584,-0.4558259587305865,-0.3150494321593007,1.05123482986649,-0.0994281152615595,3.238383279985208,1.6565234082160285
64.0,266.0,1005.81201171875,1.0493680198447488,3.1481788145602274,-0.3742052874168526,1.7340138049668434,0.0318673716322229,0.8640905123034281,1.2404658485720614,-0.0193011184880681,2.7865877149951315,1.7316496760128115
64.0,266.0,1004.924560546875,1.3902787656971398,3.2388825019148166,-0.206591284257351,2.6835356447268124,-0.2393013169250669,1.0825663808182378,0.7880722208517016,0.1086941866441624,3.760609960660497,1.5499190461382142
64.0,266.0,1003.884033203125,1.1425112649696187,3.065090117718845,0.592860107788608,2.8071972518327133,0.2549808842303713,0.7688590957311772,1.1434486482266086,0.1774592781213724,3.2904317271738885,1.6652367097735672
64.0,266.0,1004.8756713867188,1.803103039357084,3.04969122379482,-0.2380855070972431,3.544222673085715,-0.3675432124331079,1.0049334701620785,1.0915745130618049,-0.0166428366782459,3.286393579044508,1.7128181502425668
64.0,266.0,1005.5949096679688,1.065741447403239,3.566321993171797,-0.1722097588879127,3.335195644635442,0.4153135222526197,1.6432684793938577,1.2308026718224587,0.3065238812510272,3.32453208933479,1.4181087479272612
64.0,266.0,1005.1708984375,1.5387374172758588,3.0630905424895096,-0.2761169812147975,3.539551483750204,-0.0710913967583387,1.0864629386437223,1.0432566156141505,0.0406253156605319,3.3703392304127733,1.6847979903288934
64.0,266.0,1004.3433227539062,1.5246637626108075,2.588764633984187,-0.2247483509817702,3.541791433209113,-0.2094105942329443,0.0900981966808316,1.4472220790014578,0.3634141441016041,3.275517642189521,1.677631713184814
64.0,266.0,1006.2902221679688,-0.4251081873792355,3.285807122763265,-0.1892787533432827,2.527234148491948,-0.6010386156964528,0.6565171337625719,1.76275366174798,-0.0125229395337214,3.152359389102193,1.536172754489335
64.0,266.0,1002.565185546875,0.5472914493255665,3.366882117201061,1.3060013984334584,1.9325170226020087,-1.0074251950736448,0.7432223534795421,1.6951969237110474,0.1334456915648295,3.316198941140461,1.659375229627378
64.0,266.0,1006.7476806640624,1.3783292661069166,2.227281756843792,0.7486796121921748,2.3676098445669496,-0.4352187250238886,0.1295667694666509,1.2582478032152908,0.9678886220425788,1.546052822985894,1.7088008776725607
64.0,266.0,1003.6841430664062,1.5264166200797986,3.063097861613356,-0.215819897253269,3.5490497273888275,-0.2048867388282806,1.0826619122252867,1.0511392207255632,-0.0170243374408754,3.2973942147249127,1.6821927523441609
64.0,266.0,1004.9850463867188,0.6143587211329081,3.6385777878302688,1.866782871449317,2.68567229671642,-0.0190286631641586,0.5847002488156035,1.759170199056142,0.7876675185527418,3.289135321111209,1.695106697781342
64.0,266.0,1006.3912353515624,1.0823124156003283,3.145532408020725,0.0937498638335725,4.3492484902596935,-0.983369492477124,0.3045399617600217,1.0355153888892177,-0.6035785196627739,3.47882371336145,1.9749920545649893
64.0,266.0,1003.7677001953124,0.9753379059727132,3.027481911426474,0.8914709442373026,3.6385006360362526,-0.1936568623912141,0.9354252219936228,1.0515023454212475,1.5844169383747184,3.3013099988549235,1.6821957420369034
64.0,266.0,1004.1815795898438,1.186914875836738,2.984003335173336,1.0917657361520303,3.111316162569416,-0.2135156752145395,1.956200428446676,1.1043285602139945,-0.0888351866134527,3.261696929640985,2.1191790875322365
64.0,266.0,1005.9786376953124,1.1755166225902458,3.0139295819900664,-0.2417305383366287,3.616814653335077,-0.2729520402836232,1.8592848557108288,1.1177652924446315,0.1211451494947978,3.912459696901169,2.2316448068592054
64.0,266.0,1004.7403564453124,0.4804166552562906,3.142058809388116,-0.507253232726782,3.78275224637308,-0.5671588827166028,1.1261544357254607,1.4122039073154182,0.5007209311294231,3.503301094810195,1.926829920271378
64.0,266.0,1004.5214233398438,1.3925082887281215,3.065088985864282,-0.1686798461004562,2.4937664364779137,-0.2246521629870259,1.0573601922845028,1.0844478999456344,-0.8866334099558765,3.2654268773896447,1.6563374701400866
64.0,266.0,1004.5638427734376,-0.2134668305182117,2.783390802993948,1.9017004885948512,1.4366753845009534,-0.5024318747415023,0.7385154890632665,0.977632335582272,0.2974201112703576,3.125186682888231,1.6802011201576457
64.0,266.0,1005.5848999023438,-0.4976473021030942,3.419951677935696,-0.3086301958483286,3.870154605804175,-1.1699164176837953,1.6993185462984577,0.8701808901365833,0.0028869377323087,3.427754210534899,1.6924904654891433
64.0,266.0,1004.2504272460938,-0.8223529424704155,2.825127807401638,-0.323922086313651,1.937577607926971,-0.7880478165526897,-0.5658922756132105,1.2049866790758093,0.2624683225465503,3.2458834880441487,0.9881096602322688
64.0,266.0,1004.8351440429688,0.383266327892847,3.526047267809437,-0.0464641811751654,3.441002486581674,0.4622121063248139,0.764653895575856,1.4226068635485682,-0.4876738443664548,3.654568720914268,1.5945743322906956
64.0,267.0,1004.6443481445312,0.6900176227674764,3.063074350782302,-0.3302721781170479,3.0126561550720083,-0.1976159951512532,1.5970259768578052,1.2511792713171723,-0.0167520924344081,3.4265898532482377,1.5636003792452855
64.0,267.0,1004.1213989257812,0.2153483923752346,2.977147305338594,-0.595687141216819,2.606774394934442,-1.0278964624926523,1.4248740797111572,1.4411335825086675,0.1643799556484128,3.274974405060643,1.674699710113174
64.0,267.0,1005.7791137695312,0.6317410114373033,3.3821840388898674,-0.6555082762858517,1.8304964441013163,0.265419887632873,0.7751960162999161,1.243165064585624,-0.3543464243561521,3.598221077351875,1.5754946386202904
64.0,267.0,1005.7072143554688,1.6491448804843336,2.9104453120023,-0.2376035463302053,3.615676320374159,-0.5459213406507523,1.0802436756395946,1.0229389087533642,-0.0226071327225542,3.134768809825729,1.4551102740604491
64.0,267.0,1005.2555541992188,-0.5037094802039921,3.707585390221884,-0.3280569768488796,3.321070462527059,0.979043172621886,-0.4155761280008436,0.9565504599200948,0.2951346271246178,3.295787014291044,2.1819067114242974
64.0,267.0,1005.51806640625,-0.40218204349395,2.9611396568649364,0.6762820959727607,3.216420950245242,-1.6087780174255435,1.486703313514423,0.3728051189080725,0.4352597544671966,2.6224629239329085,1.7656766646614763
64.0,267.0,1006.2119140625,0.4893625390202833,1.7795423029239368,-0.2283334970089545,3.1277989280704825,0.4981169607027755,1.141197769335064,2.5146578201478693,1.975507430672696,4.311031517865723,2.0922100116751228
64.0,267.0,1005.1494140625,1.4267671879387,2.82151791963309,-0.2050135975394147,3.599402345635524,-0.212234014229664,1.0699343377498252,1.054124327480299,-0.0348381047181509,3.2384919490320403,1.683330061310487
64.0,267.0,1005.474853515625,1.5026949966969567,4.303640589644998,0.0467183102294996,3.508585978273294,-0.276222544546385,1.2632585220760255,0.9839023829757484,0.4548566034085533,3.319979299343642,1.681623450852277
64.0,267.0,1004.5355224609376,-0.2067583177486083,2.156645823399848,1.1237471826284795,3.780946817479548,-0.5114493991580722,1.3470285072754011,1.5426076556614716,0.9251629364195506,3.6326501297850458,1.193605314089168
64.0,267.0,1004.0458984375,0.6627964073101363,1.902544155917261,1.7356517264199556,1.1276967507837976,-0.9532319298265536,0.6325625002596181,1.4181961809212862,1.2571856093798428,3.247627624338968,0.7396376473821458
64.0,267.0,1004.7117919921876,0.4052530103725722,2.862964791291889,1.0244185980793992,1.6185629550949447,0.0861167524434486,0.806110362194968,0.5149989619430992,0.0762824622613271,3.306353246449835,1.6419964791765842
64.0,267.0,1005.585205078125,1.4441076734521072,3.066111509674269,0.0067028297138759,3.194813058276394,-0.2495793018936137,1.1591742150332562,1.047291772061316,-0.0635626710663064,3.2934046480925203,1.7277033081006632
64.0,267.0,1004.95849609375,0.9162956780313632,2.1247201074083826,0.0379144096914144,3.0493734156772465,-0.204541723945408,1.0866278545155783,1.081534562537653,-0.1426858802547873,2.5531626479271203,1.6834925846586402
64.0,267.0,1003.9569702148438,0.448016906340041,3.105722986450256,0.8138035866923863,3.0955404770734902,0.2620725015799733,1.6869868466778326,0.0600023277914734,0.2622416693067444,3.1208073658522064,1.5478276998793208
64.0,267.0,1005.9080810546876,1.0513515896295955,3.0324479004866207,-0.1399893757068982,2.5909601277576697,-0.1207554487964864,2.5126882206643253,1.1607896320933913,0.180815057255496,3.251736532375584,2.58552590355996
64.0,267.0,1005.7649536132812,0.2825466944237913,3.223371955913502,-1.130107795435179,3.475165291581171,-1.048330892200188,0.6773142097574366,1.7224453178602437,-0.0116344510771347,2.978858171781275,1.664112733334867
64.0,267.0,1003.8233642578124,1.028523366259821,3.0628461474330293,-0.3204188298828894,3.0167776901382988,0.2647472536681213,1.306874930918926,0.9514498344110252,-0.5399432597472117,3.348110656193866,0.8965220619264871
64.0,267.0,1006.2741088867188,1.643031542836416,3.606370926934152,-0.6934784640503268,3.544777025413626,-0.1168117638030309,0.939111865717292,1.235370936060419,0.8014975999324441,3.270795648100955,1.6707495569788469
64.0,267.0,1005.4312744140624,1.3627715738376884,3.076635121501396,-0.2203183241854567,3.1897560510402903,-0.4507563945197057,1.1522013466208365,1.072078304572779,-0.0715777010715543,3.2997649430028133,1.6650114468654638
64.0,267.0,1006.1286010742188,1.5630251164579407,3.034072154337606,-0.2144607478813976,3.3747890166807086,-0.1840946200972616,1.0834848120091078,1.505132191142844,0.0986427251527393,3.2971237436003165,1.6407078622033984
64.0,267.0,1004.8368530273438,-0.0192859539180938,3.1458012448024646,-0.4052589456220559,3.5837623621294377,-0.4446218579421889,1.004306573519272,1.0674916208430016,-0.1473208806064043,4.659302750457305,1.266183010783346
64.0,267.0,1005.0035400390624,1.488088734200528,3.2964916798764268,-0.081613556681665,3.4931910742310563,-0.4795947022471148,1.19443031097595,1.5983254058784726,0.3030366300005376,3.1093375136026897,1.3517079212642986
64.0,267.0,1005.59716796875,0.8422960777773174,3.0348209215701183,-0.2311176520887816,3.530445462000517,0.731073415144617,1.0838871087870037,1.0526527931079228,-0.2789778063184201,3.525442996103043,1.9314441196361605
64.0,267.0,1005.1682739257812,0.4758226699530498,2.725912301651685,-0.0230184400084026,3.5041163169939864,-0.2839688026094656,0.98246182909671,0.7814411067738086,0.0567855685067581,3.2908997596538847,1.3640380101297185
64.0,267.0,1004.932861328125,1.5796322669745138,2.974669102036052,-0.2759972217390695,3.567574034001228,-0.2093543612178015,1.4940440693796724,1.055340177568717,-0.0056815911348413,3.322450316094878,2.2801882162059304
64.0,267.0,1004.5557861328124,1.021039932157859,3.115921688963008,1.0019107446718256,2.234313345165861,-1.2644187944951404,0.667371423970712,1.2297919770831705,0.8270215697473942,3.348214809893935,1.7947175164238944
64.0,267.0,1005.9476318359376,0.0416259073064684,3.056620648095169,0.9059087932371556,3.541676985417584,-0.4558259587305865,-0.3150494321593007,1.05123482986649,-0.0994281152615595,3.238383279985208,1.6565234082160285
64.0,267.0,1005.81201171875,1.0493680198447488,3.1481788145602274,-0.3742052874168526,1.7340138049668434,0.0318673716322229,0.8640905123034281,1.2404658485720614,-0.0193011184880681,2.7865877149951315,1.7316496760128115
64.0,267.0,1004.924560546875,1.3902787656971398,3.2388825019148166,-0.206591284257351,2.6835356447268124,-0.2393013169250669,1.0825663808182378,0.7880722208517016,0.1086941866441624,3.760609960660497,1.5499190461382142
64.0,267.0,1003.884033203125,1.1425112649696187,3.065090117718845,0.592860107788608,2.8071972518327133,0.2549808842303713,0.7688590957311772,1.1434486482266086,0.1774592781213724,3.2904317271738885,1.6652367097735672
64.0,267.0,1004.8756713867188,1.803103039357084,3.04969122379482,-0.2380855070972431,3.544222673085715,-0.3675432124331079,1.0049334701620785,1.0915745130618049,-0.0166428366782459,3.286393579044508,1.7128181502425668
64.0,267.0,1005.5949096679688,1.065741447403239,3.566321993171797,-0.1722097588879127,3.335195644635442,0.4153135222526197,1.6432684793938577,1.2308026718224587,0.3065238812510272,3.32453208933479,1.4181087479272612
64.0,267.0,1005.1708984375,1.5387374172758588,3.0630905424895096,-0.2761169812147975,3.539551483750204,-0.0710913967583387,1.0864629386437223,1.0432566156141505,0.0406253156605319,3.3703392304127733,1.6847979903288934
64.0,267.0,1004.3433227539062,1.5246637626108075,2.588764633984187,-0.2247483509817702,3.541791433209113,-0.2094105942329443,0.0900981966808316,1.4472220790014578,0.3634141441016041,3.275517642189521,1.677631713184814
64.0,267.0,1006.2902221679688,-0.4251081873792355,3.285807122763265,-0.1892787533432827,2.527234148491948,-0.6010386156964528,0.6565171337625719,1.76275366174798,-0.0125229395337214,3.152359389102193,1.536172754489335
64.0,267.0,1002.565185546875,0.5472914493255665,3.366882117201061,1.3060013984334584,1.9325170226020087,-1.0074251950736448,0.7432223534795421,1.6951969237110474,0.1334456915648295,3.316198941140461,1.659375229627378
64.0,267.0,1006.7476806640624,1.3783292661069166,2.227281756843792,0.7486796121921748,2.3676098445669496,-0.4352187250238886,0.1295667694666509,1.2582478032152908,0.9678886220425788,1.546052822985894,1.7088008776725607
64.0,267.0,1003.6841430664062,1.5264166200797986,3.063097861613356,-0.215819897253269,3.5490497273888275,-0.2048867388282806,1.0826619122252867,1.0511392207255632,-0.0170243374408754,3.2973942147249127,1.6821927523441609
64.0,267.0,1004.9850463867188,0.6143587211329081,3.6385777878302688,1.866782871449317,2.68567229671642,-0.0190286631641586,0.5847002488156035,1.759170199056142,0.7876675185527418,3.289135321111209,1.695106697781342
64.0,267.0,1006.3912353515624,1.0823124156003283,3.145532408020725,0.0937498638335725,4.3492484902596935,-0.983369492477124,0.3045399617600217,1.0355153888892177,-0.6035785196627739,3.47882371336145,1.9749920545649893
64.0,267.0,1003.7677001953124,0.9753379059727132,3.027481911426474,0.8914709442373026,3.6385006360362526,-0.1936568623912141,0.9354252219936228,1.0515023454212475,1.5844169383747184,3.3013099988549235,1.6821957420369034
64.0,267.0,1004.1815795898438,1.186914875836738,2.984003335173336,1.0917657361520303,3.111316162569416,-0.2135156752145395,1.956200428446676,1.1043285602139945,-0.0888351866134527,3.261696929640985,2.1191790875322365
64.0,267.0,1005.9786376953124,1.1755166225902458,3.0139295819900664,-0.2417305383366287,3.616814653335077,-0.2729520402836232,1.8592848557108288,1.1177652924446315,0.1211451494947978,3.912459696901169,2.2316448068592054
64.0,267.0,1004.7403564453124,0.4804166552562906,3.142058809388116,-0.507253232726782,3.78275224637308,-0.5671588827166028,1.1261544357254607,1.4122039073154182,0.5007209311294231,3.503301094810195,1.926829920271378
64.0,267.0,1004.5214233398438,1.3925082887281215,3.065088985864282,-0.1686798461004562,2.4937664364779137,-0.2246521629870259,1.0573601922845028,1.0844478999456344,-0.8866334099558765,3.2654268773896447,1.6563374701400866
64.0,267.0,1004.5638427734376,-0.2134668305182117,2.783390802993948,1.9017004885948512,1.4366753845009534,-0.5024318747415023,0.7385154890632665,0.977632335582272,0.2974201112703576,3.125186682888231,1.6802011201576457
64.0,267.0,1005.5848999023438,-0.4976473021030942,3.419951677935696,-0.3086301958483286,3.870154605804175,-1.1699164176837953,1.6993185462984577,0.8701808901365833,0.0028869377323087,3.427754210534899,1.6924904654891433
64.0,267.0,1004.2504272460938,-0.8223529424704155,2.825127807401638,-0.323922086313651,1.937577607926971,-0.7880478165526897,-0.5658922756132105,1.2049866790758093,0.2624683225465503,3.2458834880441487,0.9881096602322688
64.0,267.0,1004.8351440429688,0.383266327892847,3.526047267809437,-0.0464641811751654,3.441002486581674,0.4622121063248139,0.764653895575856,1.4226068635485682,-0.4876738443664548,3.654568720914268,1.5945743322906956
64.0,268.0,1004.6443481445312,0.6900176227674764,3.063074350782302,-0.3302721781170479,3.0126561550720083,-0.1976159951512532,1.5970259768578052,1.2511792713171723,-0.0167520924344081,3.4265898532482377,1.5636003792452855
64.0,268.0,1004.1213989257812,0.2153483923752346,2.977147305338594,-0.595687141216819,2.606774394934442,-1.0278964624926523,1.4248740797111572,1.4411335825086675,0.1643799556484128,3.274974405060643,1.674699710113174
64.0,268.0,1005.7791137695312,0.6317410114373033,3.3821840388898674,-0.6555082762858517,1.8304964441013163,0.265419887632873,0.7751960162999161,1.243165064585624,-0.3543464243561521,3.598221077351875,1.5754946386202904
64.0,268.0,1005.7072143554688,1.6491448804843336,2.9104453120023,-0.2376035463302053,3.615676320374159,-0.5459213406507523,1.0802436756395946,1.0229389087533642,-0.0226071327225542,3.134768809825729,1.4551102740604491
64.0,268.0,1005.2555541992188,-0.5037094802039921,3.707585390221884,-0.3280569768488796,3.321070462527059,0.979043172621886,-0.4155761280008436,0.9565504599200948,0.2951346271246178,3.295787014291044,2.1819067114242974
64.0,268.0,1005.51806640625,-0.40218204349395,2.9611396568649364,0.6762820959727607,3.216420950245242,-1.6087780174255435,1.486703313514423,0.3728051189080725,0.4352597544671966,2.6224629239329085,1.7656766646614763
64.0,268.0,1006.2119140625,0.4893625390202833,1.7795423029239368,-0.2283334970089545,3.1277989280704825,0.4981169607027755,1.141197769335064,2.5146578201478693,1.975507430672696,4.311031517865723,2.0922100116751228
64.0,268.0,1005.1494140625,1.4267671879387,2.82151791963309,-0.2050135975394147,3.599402345635524,-0.212234014229664,1.0699343377498252,1.054124327480299,-0.0348381047181509,3.2384919490320403,1.683330061310487
64.0,268.0,1005.474853515625,1.5026949966969567,4.303640589644998,0.0467183102294996,3.508585978273294,-0.276222544546385,1.2632585220760255,0.9839023829757484,0.4548566034085533,3.319979299343642,1.681623450852277
64.0,268.0,1004.5355224609376,-0.2067583177486083,2.156645823399848,1.1237471826284795,3.780946817479548,-0.5114493991580722,1.3470285072754011,1.5426076556614716,0.9251629364195506,3.6326501297850458,1.193605314089168
64.0,268.0,1004.0458984375,0.6627964073101363,1.902544155917261,1.7356517264199556,1.1276967507837976,-0.9532319298265536,0.6325625002596181,1.4181961809212862,1.2571856093798428,3.247627624338968,0.7396376473821458
64.0,268.0,1004.7117919921876,0.4052530103725722,2.862964791291889,1.0244185980793992,1.6185629550949447,0.0861167524434486,0.806110362194968,0.5149989619430992,0.0762824622613271,3.306353246449835,1.6419964791765842
64.0,268.0,1005.585205078125,1.4441076734521072,3.066111509674269,0.0067028297138759,3.194813058276394,-0.2495793018936137,1.1591742150332562,1.047291772061316,-0.0635626710663064,3.2934046480925203,1.7277033081006632
64.0,268.0,1004.95849609375,0.9162956780313632,2.1247201074083826,0.0379144096914144,3.0493734156772465,-0.204541723945408,1.0866278545155783,1.081534562537653,-0.1426858802547873,2.5531626479271203,1.6834925846586402
64.0,268.0,1003.9569702148438,0.448016906340041,3.105722986450256,0.8138035866923863,3.0955404770734902,0.2620725015799733,1.6869868466778326,0.0600023277914734,0.2622416693067444,3.1208073658522064,1.5478276998793208
64.0,268.0,1005.9080810546876,1.0513515896295955,3.0324479004866207,-0.1399893757068982,2.5909601277576697,-0.1207554487964864,2.5126882206643253,1.1607896320933913,0.180815057255496,3.251736532375584,2.58552590355996
64.0,268.0,1005.7649536132812,0.2825466944237913,3.223371955913502,-1.130107795435179,3.475165291581171,-1.048330892200188,0.6773142097574366,1.7224453178602437,-0.0116344510771347,2.978858171781275,1.664112733334867
64.0,268.0,1003.8233642578124,1.028523366259821,3.0628461474330293,-0.3204188298828894,3.0167776901382988,0.2647472536681213,1.306874930918926,0.9514498344110252,-0.5399432597472117,3.348110656193866,0.8965220619264871
64.0,268.0,1006.2741088867188,1.643031542836416,3.606370926934152,-0.6934784640503268,3.544777025413626,-0.1168117638030309,0.939111865717292,1.235370936060419,0.8014975999324441,3.270795648100955,1.6707495569788469
64.0,268.0,1005.4312744140624,1.3627715738376884,3.076635121501396,-0.2203183241854567,3.1897560510402903,-0.4507563945197057,1.1522013466208365,1.072078304572779,-0.0715777010715543,3.2997649430028133,1.6650114468654638
64.0,268.0,1006.1286010742188,1.5630251164579407,3.034072154337606,-0.2144607478813976,3.3747890166807086,-0.1840946200972616,1.0834848120091078,1.505132191142844,0.0986427251527393,3.2971237436003165,1.6407078622033984
64.0,268.0,1004.8368530273438,-0.0192859539180938,3.1458012448024646,-0.4052589456220559,3.5837623621294377,-0.4446218579421889,1.004306573519272,1.0674916208430016,-0.1473208806064043,4.659302750457305,1.266183010783346
64.0,268.0,1005.0035400390624,1.488088734200528,3.2964916798764268,-0.081613556681665,3.4931910742310563,-0.4795947022471148,1.19443031097595,1.5983254058784726,0.3030366300005376,3.1093375136026897,1.3517079212642986
64.0,268.0,1005.59716796875,0.8422960777773174,3.0348209215701183,-0.2311176520887816,3.530445462000517,0.731073415144617,1.0838871087870037,1.0526527931079228,-0.2789778063184201,3.525442996103043,1.9314441196361605
64.0,268.0,1005.1682739257812,0.4758226699530498,2.725912301651685,-0.0230184400084026,3.5041163169939864,-0.2839688026094656,0.98246182909671,0.7814411067738086,0.0567855685067581,3.2908997596538847,1.3640380101297185
64.0,268.0,1004.932861328125,1.5796322669745138,2.974669102036052,-0.2759972217390695,3.567574034001228,-0.2093543612178015,1.4940440693796724,1.055340177568717,-0.0056815911348413,3.322450316094878,2.2801882162059304
64.0,268.0,1004.5557861328124,1.021039932157859,3.115921688963008,1.0019107446718256,2.234313345165861,-1.2644187944951404,0.667371423970712,1.2297919770831705,0.8270215697473942,3.348214809893935,1.7947175164238944
64.0,268.0,1005.9476318359376,0.0416259073064684,3.056620648095169,0.9059087932371556,3.541676985417584,-0.4558259587305865,-0.3150494321593007,1.05123482986649,-0.0994281152615595,3.238383279985208,1.6565234082160285
64.0,268.0,1005.81201171875,1.0493680198447488,3.1481788145602274,-0.3742052874168526,1.7340138049668434,0.0318673716322229,0.8640905123034281,1.2404658485720614,-0.0193011184880681,2.7865877149951315,1.7316496760128115
64.0,268.0,1004.924560546875,1.3902787656971398,3.2388825019148166,-0.206591284257351,2.6835356447268124,-0.2393013169250669,1.0825663808182378,0.7880722208517016,0.1086941866441624,3.760609960660497,1.5499190461382142
64.0,268.0,1003.884033203125,1.1425112649696187,3.065090117718845,0.592860107788608,2.8071972518327133,0.2549808842303713,0.7688590957311772,1.1434486482266086,0.1774592781213724,3.2904317271738885,1.6652367097735672
64.0,268.0,1004.8756713867188,1.803103039357084,3.04969122379482,-0.2380855070972431,3.544222673085715,-0.3675432124331079,1.0049334701620785,1.0915745130618049,-0.0166428366782459,3.286393579044508,1.7128181502425668
64.0,268.0,1005.5949096679688,1.065741447403239,3.566321993171797,-0.1722097588879127,3.335195644635442,0.4153135222526197,1.6432684793938577,1.2308026718224587,0.3065238812510272,3.32453208933479,1.4181087479272612
64.0,268.0,1005.1708984375,1.5387374172758588,3.0630905424895096,-0.2761169812147975,3.539551483750204,-0.0710913967583387,1.0864629386437223,1.0432566156141505,0.0406253156605319,3.3703392304127733,1.6847979903288934
64.0,268.0,1004.3433227539062,1.5246637626108075,2.588764633984187,-0.2247483509817702,3.541791433209113,-0.2094105942329443,0.0900981966808316,1.4472220790014578,0.3634141441016041,3.275517642189521,1.677631713184814
64.0,268.0,1006.2902221679688,-0.4251081873792355,3.285807122763265,-0.1892787533432827,2.527234148491948,-0.6010386156964528,0.6565171337625719,1.76275366174798,-0.0125229395337214,3.152359389102193,1.536172754489335
64.0,268.0,1002.565185546875,0.5472914493255665,3.366882117201061,1.3060013984334584,1.9325170226020087,-1.0074251950736448,0.7432223534795421,1.6951969237110474,0.1334456915648295,3.316198941140461,1.659375229627378
64.0,268.0,1006.7476806640624,1.3783292661069166,2.227281756843792,0.7486796121921748,2.3676098445669496,-0.4352187250238886,0.1295667694666509,1.2582478032152908,0.9678886220425788,1.546052822985894,1.7088008776725607
64.0,268.0,1003.6841430664062,1.5264166200797986,3.063097861613356,-0.215819897253269,3.5490497273888275,-0.2048867388282806,1.0826619122252867,1.0511392207255632,-0.0170243374408754,3.2973942147249127,1.6821927523441609
64.0,268.0,1004.9850463867188,0.6143587211329081,3.6385777878302688,1.866782871449317,2.68567229671642,-0.0190286631641586,0.5847002488156035,1.759170199056142,0.7876675185527418,3.289135321111209,1.695106697781342
64.0,268.0,1006.3912353515624,1.0823124156003283,3.145532408020725,0.0937498638335725,4.3492484902596935,-0.983369492477124,0.3045399617600217,1.0355153888892177,-0.6035785196627739,3.47882371336145,1.9749920545649893
64.0,268.0,1003.7677001953124,0.9753379059727132,3.027481911426474,0.8914709442373026,3.6385006360362526,-0.1936568623912141,0.9354252219936228,1.0515023454212475,1.5844169383747184,3.3013099988549235,1.6821957420369034
64.0,268.0,1004.1815795898438,1.186914875836738,2.984003335173336,1.0917657361520303,3.111316162569416,-0.2135156752145395,1.956200428446676,1.1043285602139945,-0.0888351866134527,3.261696929640985,2.1191790875322365
64.0,268.0,1005.9786376953124,1.1755166225902458,3.0139295819900664,-0.2417305383366287,3.616814653335077,-0.2729520402836232,1.8592848557108288,1.1177652924446315,0.1211451494947978,3.912459696901169,2.2316448068592054
64.0,268.0,1004.7403564453124,0.4804166552562906,3.142058809388116,-0.507253232726782,3.78275224637308,-0.5671588827166028,1.1261544357254607,1.4122039073154182,0.5007209311294231,3.503301094810195,1.926829920271378
64.0,268.0,1004.5214233398438,1.3925082887281215,3.065088985864282,-0.1686798461004562,2.4937664364779137,-0.2246521629870259,1.0573601922845028,1.0844478999456344,-0.8866334099558765,3.2654268773896447,1.6563374701400866
64.0,268.0,1004.5638427734376,-0.2134668305182117,2.783390802993948,1.9017004885948512,1.4366753845009534,-0.5024318747415023,0.7385154890632665,0.977632335582272,0.2974201112703576,3.125186682888231,1.6802011201576457
64.0,268.0,1005.5848999023438,-0.4976473021030942,3.419951677935696,-0.3086301958483286,3.870154605804175,-1.1699164176837953,1.6993185462984577,0.8701808901365833,0.0028869377323087,3.427754210534899,1.6924904654891433
64.0,268.0,1004.2504272460938,-0.8223529424704155,2.825127807401638,-0.323922086313651,1.937577607926971,-0.7880478165526897,-0.5658922756132105,1.2049866790758093,0.2624683225465503,3.2458834880441487,0.9881096602322688
64.0,268.0,1004.8351440429688,0.383266327892847,3.526047267809437,-0.0464641811751654,3.441002486581674,0.4622121063248139,0.764653895575856,1.4226068635485682,-0.4876738443664548,3.654568720914268,1.5945743322906956
64.0,269.0,1004.6443481445312,0.6900176227674764,3.063074350782302,-0.3302721781170479,3.0126561550720083,-0.1976159951512532,1.5970259768578052,1.2511792713171723,-0.0167520924344081,3.4265898532482377,1.5636003792452855
64.0,269.0,1004.1213989257812,0.2153483923752346,2.977147305338594,-0.595687141216819,2.606774394934442,-1.0278964624926523,1.4248740797111572,1.4411335825086675,0.1643799556484128,3.274974405060643,1.674699710113174
64.0,269.0,1005.7791137695312,0.6317410114373033,3.3821840388898674,-0.6555082762858517,1.8304964441013163,0.265419887632873,0.7751960162999161,1.243165064585624,-0.3543464243561521,3.598221077351875,1.5754946386202904
64.0,269.0,1005.7072143554688,1.6491448804843336,2.9104453120023,-0.2376035463302053,3.615676320374159,-0.5459213406507523,1.0802436756395946,1.0229389087533642,-0.0226071327225542,3.134768809825729,1.4551102740604491
64.0,269.0,1005.2555541992188,-0.5037094802039921,3.707585390221884,-0.3280569768488796,3.321070462527059,0.979043172621886,-0.4155761280008436,0.9565504599200948,0.2951346271246178,3.295787014291044,2.1819067114242974
64.0,269.0,1005.51806640625,-0.40218204349395,2.9611396568649364,0.6762820959727607,3.216420950245242,-1.6087780174255435,1.486703313514423,0.3728051189080725,0.4352597544671966,2.6224629239329085,1.7656766646614763
64.0,269.0,1006.2119140625,0.4893625390202833,1.7795423029239368,-0.2283334970089545,3.1277989280704825,0.4981169607027755,1.141197769335064,2.5146578201478693,1.975507430672696,4.311031517865723,2.0922100116751228
64.0,269.0,1005.1494140625,1.4267671879387,2.82151791963309,-0.2050135975394147,3.599402345635524,-0.212234014229664,1.0699343377498252,1.054124327480299,-0.0348381047181509,3.2384919490320403,1.683330061310487
64.0,269.0,1005.474853515625,1.5026949966969567,4.303640589644998,0.0467183102294996,3.508585978273294,-0.276222544546385,1.2632585220760255,0.9839023829757484,0.4548566034085533,3.319979299343642,1.681623450852277
64.0,269.0,1004.5355224609376,-0.2067583177486083,2.156645823399848,1.1237471826284795,3.780946817479548,-0.5114493991580722,1.3470285072754011,1.5426076556614716,0.9251629364195506,3.6326501297850458,1.193605314089168
64.0,269.0,1004.0458984375,0.6627964073101363,1.902544155917261,1.7356517264199556,1.1276967507837976,-0.9532319298265536,0.6325625002596181,1.4181961809212862,1.2571856093798428,3.247627624338968,0.7396376473821458
64.0,269.0,1004.7117919921876,0.4052530103725722,2.862964791291889,1.0244185980793992,1.6185629550949447,0.0861167524434486,0.806110362194968,0.5149989619430992,0.0762824622613271,3.306353246449835,1.6419964791765842
64.0,269.0,1005.585205078125,1.4441076734521072,3.066111509674269,0.0067028297138759,3.194813058276394,-0.2495793018936137,1.1591742150332562,1.047291772061316,-0.0635626710663064,3.2934046480925203,1.7277033081006632
64.0,269.0,1004.95849609375,0.9162956780313632,2.1247201074083826,0.0379144096914144,3.0493734156772465,-0.204541723945408,1.0866278545155783,1.081534562537653,-0.1426858802547873,2.5531626479271203,1.6834925846586402
64.0,269.0,1003.9569702148438,0.448016906340041,3.105722986450256,0.8138035866923863,3.0955404770734902,0.2620725015799733,1.6869868466778326,0.0600023277914734,0.2622416693067444,3.1208073658522064,1.5478276998793208
64.0,269.0,1005.9080810546876,1.0513515896295955,3.0324479004866207,-0.1399893757068982,2.5909601277576697,-0.1207554487964864,2.5126882206643253,1.1607896320933913,0.180815057255496,3.251736532375584,2.58552590355996
64.0,269.0,1005.7649536132812,0.2825466944237913,3.223371955913502,-1.130107795435179,3.475165291581171,-1.048330892200188,0.6773142097574366,1.7224453178602437,-0.0116344510771347,2.978858171781275,1.664112733334867
64.0,269.0,1003.8233642578124,1.028523366259821,3.0628461474330293,-0.3204188298828894,3.0167776901382988,0.2647472536681213,1.306874930918926,0.9514498344110252,-0.5399432597472117,3.348110656193866,0.8965220619264871
64.0,269.0,1006.2741088867188,1.643031542836416,3.606370926934152,-0.6934784640503268,3.544777025413626,-0.1168117638030309,0.939111865717292,1.235370936060419,0.8014975999324441,3.270795648100955,1.6707495569788469
64.0,269.0,1005.4312744140624,1.3627715738376884,3.076635121501396,-0.2203183241854567,3.1897560510402903,-0.4507563945197057,1.1522013466208365,1.072078304572779,-0.0715777010715543,3.2997649430028133,1.6650114468654638
64.0,269.0,1006.1286010742188,1.5630251164579407,3.034072154337606,-0.2144607478813976,3.3747890166807086,-0.1840946200972616,1.0834848120091078,1.505132191142844,0.0986427251527393,3.2971237436003165,1.6407078622033984
64.0,269.0,1004.8368530273438,-0.0192859539180938,3.1458012448024646,-0.4052589456220559,3.5837623621294377,-0.4446218579421889,1.004306573519272,1.0674916208430016,-0.1473208806064043,4.659302750457305,1.266183010783346
64.0,269.0,1005.0035400390624,1.488088734200528,3.2964916798764268,-0.081613556681665,3.4931910742310563,-0.4795947022471148,1.19443031097595,1.5983254058784726,0.3030366300005376,3.1093375136026897,1.3517079212642986
64.0,269.0,1005.59716796875,0.8422960777773174,3.0348209215701183,-0.2311176520887816,3.530445462000517,0.731073415144617,1.0838871087870037,1.0526527931079228,-0.2789778063184201,3.525442996103043,1.9314441196361605
64.0,269.0,1005.1682739257812,0.4758226699530498,2.725912301651685,-0.0230184400084026,3.5041163169939864,-0.2839688026094656,0.98246182909671,0.7814411067738086,0.0567855685067581,3.2908997596538847,1.3640380101297185
64.0,269.0,1004.932861328125,1.5796322669745138,2.974669102036052,-0.2759972217390695,3.567574034001228,-0.2093543612178015,1.4940440693796724,1.055340177568717,-0.0056815911348413,3.322450316094878,2.2801882162059304
64.0,269.0,1004.5557861328124,1.021039932157859,3.115921688963008,1.0019107446718256,2.234313345165861,-1.2644187944951404,0.667371423970712,1.2297919770831705,0.8270215697473942,3.348214809893935,1.7947175164238944
64.0,269.0,1005.9476318359376,0.0416259073064684,3.056620648095169,0.9059087932371556,3.541676985417584,-0.4558259587305865,-0.3150494321593007,1.05123482986649,-0.0994281152615595,3.238383279985208,1.6565234082160285
64.0,269.0,1005.81201171875,1.0493680198447488,3.1481788145602274,-0.3742052874168526,1.7340138049668434,0.0318673716322229,0.8640905123034281,1.2404658485720614,-0.0193011184880681,2.7865877149951315,1.7316496760128115
64.0,269.0,1004.924560546875,1.3902787656971398,3.2388825019148166,-0.206591284257351,2.6835356447268124,-0.2393013169250669,1.0825663808182378,0.7880722208517016,0.1086941866441624,3.760609960660497,1.5499190461382142
64.0,269.0,1003.884033203125,1.1425112649696187,3.065090117718845,0.592860107788608,2.8071972518327133,0.2549808842303713,0.7688590957311772,1.1434486482266086,0.1774592781213724,3.2904317271738885,1.6652367097735672
64.0,269.0,1004.8756713867188,1.803103039357084,3.04969122379482,-0.2380855070972431,3.544222673085715,-0.3675432124331079,1.0049334701620785,1.0915745130618049,-0.0166428366782459,3.286393579044508,1.7128181502425668
64.0,269.0,1005.5949096679688,1.065741447403239,3.566321993171797,-0.1722097588879127,3.335195644635442,0.4153135222526197,1.6432684793938577,1.2308026718224587,0.3065238812510272,3.32453208933479,1.4181087479272612
64.0,269.0,1005.1708984375,1.5387374172758588,3.0630905424895096,-0.2761169812147975,3.539551483750204,-0.0710913967583387,1.0864629386437223,1.0432566156141505,0.0406253156605319,3.3703392304127733,1.6847979903288934
64.0,269.0,1004.3433227539062,1.5246637626108075,2.588764633984187,-0.2247483509817702,3.541791433209113,-0.2094105942329443,0.0900981966808316,1.4472220790014578,0.3634141441016041,3.275517642189521,1.677631713184814
64.0,269.0,1006.2902221679688,-0.4251081873792355,3.285807122763265,-0.1892787533432827,2.527234148491948,-0.6010386156964528,0.6565171337625719,1.76275366174798,-0.0125229395337214,3.152359389102193,1.536172754489335
64.0,269.0,1002.565185546875,0.5472914493255665,3.366882117201061,1.3060013984334584,1.9325170226020087,-1.0074251950736448,0.7432223534795421,1.6951969237110474,0.1334456915648295,3.316198941140461,1.659375229627378
64.0,269.0,1006.7476806640624,1.3783292661069166,2.227281756843792,0.7486796121921748,2.3676098445669496,-0.4352187250238886,0.1295667694666509,1.2582478032152908,0.9678886220425788,1.546052822985894,1.7088008776725607
64.0,269.0,1003.6841430664062,1.5264166200797986,3.063097861613356,-0.215819897253269,3.5490497273888275,-0.2048867388282806,1.0826619122252867,1.0511392207255632,-0.0170243374408754,3.2973942147249127,1.6821927523441609
64.0,269.0,1004.9850463867188,0.6143587211329081,3.6385777878302688,1.866782871449317,2.68567229671642,-0.0190286631641586,0.5847002488156035,1.759170199056142,0.7876675185527418,3.289135321111209,1.695106697781342
64.0,269.0,1006.3912353515624,1.0823124156003283,3.145532408020725,0.0937498638335725,4.3492484902596935,-0.983369492477124,0.3045399617600217,1.0355153888892177,-0.6035785196627739,3.47882371336145,1.9749920545649893
64.0,269.0,1003.7677001953124,0.9753379059727132,3.027481911426474,0.8914709442373026,3.6385006360362526,-0.1936568623912141,0.9354252219936228,1.0515023454212475,1.5844169383747184,3.3013099988549235,1.6821957420369034
64.0,269.0,1004.1815795898438,1.186914875836738,2.984003335173336,1.0917657361520303,3.111316162569416,-0.2135156752145395,1.956200428446676,1.1043285602139945,-0.0888351866134527,3.261696929640985,2.1191790875322365
64.0,269.0,1005.9786376953124,1.1755166225902458,3.0139295819900664,-0.2417305383366287,3.616814653335077,-0.2729520402836232,1.8592848557108288,1.1177652924446315,0.1211451494947978,3.912459696901169,2.2316448068592054
64.0,269.0,1004.7403564453124,0.4804166552562906,3.142058809388116,-0.507253232726782,3.78275224637308,-0.5671588827166028,1.1261544357254607,1.4122039073154182,0.5007209311294231,3.503301094810195,1.926829920271378
64.0,269.0,1004.5214233398438,1.3925082887281215,3.065088985864282,-0.1686798461004562,2.4937664364779137,-0.2246521629870259,1.0573601922845028,1.0844478999456344,-0.8866334099558765,3.2654268773896447,1.6563374701400866
64.0,269.0,1004.5638427734376,-0.2134668305182117,2.783390802993948,1.9017004885948512,1.4366753845009534,-0.5024318747415023,0.7385154890632665,0.977632335582272,0.2974201112703576,3.125186682888231,1.6802011201576457
64.0,269.0,1005.5848999023438,-0.4976473021030942,3.419951677935696,-0.3086301958483286,3.870154605804175,-1.1699164176837953,1.6993185462984577,0.8701808901365833,0.0028869377323087,3.427754210534899,1.6924904654891433
64.0,269.0,1004.2504272460938,-0.8223529424704155,2.825127807401638,-0.323922086313651,1.937577607926971,-0.7880478165526897,-0.5658922756132105,1.2049866790758093,0.2624683225465503,3.2458834880441487,0.9881096602322688
64.0,269.0,1004.8351440429688,0.383266327892847,3.526047267809437,-0.0464641811751654,3.441002486581674,0.4622121063248139,0.764653895575856,1.4226068635485682,-0.4876738443664548,3.654568720914268,1.5945743322906956
64.0,270.0,1004.6443481445312,0.6900176227674764,3.063074350782302,-0.3302721781170479,3.0126561550720083,-0.1976159951512532,1.5970259768578052,1.2511792713171723,-0.0167520924344081,3.4265898532482377,1.5636003792452855
64.0,270.0,1004.1213989257812,0.2153483923752346,2.977147305338594,-0.595687141216819,2.606774394934442,-1.0278964624926523,1.4248740797111572,1.4411335825086675,0.1643799556484128,3.274974405060643,1.674699710113174
64.0,270.0,1005.7791137695312,0.6317410114373033,3.3821840388898674,-0.6555082762858517,1.8304964441013163,0.265419887632873,0.7751960162999161,1.243165064585624,-0.3543464243561521,3.598221077351875,1.5754946386202904
64.0,270.0,1005.7072143554688,1.6491448804843336,2.9104453120023,-0.2376035463302053,3.615676320374159,-0.5459213406507523,1.0802436756395946,1.0229389087533642,-0.0226071327225542,3.134768809825729,1.4551102740604491
64.0,270.0,1005.2555541992188,-0.5037094802039921,3.707585390221884,-0.3280569768488796,3.321070462527059,0.979043172621886,-0.4155761280008436,0.9565504599200948,0.2951346271246178,3.295787014291044,2.1819067114242974
64.0,270.0,1005.51806640625,-0.40218204349395,2.9611396568649364,0.6762820959727607,3.216420950245242,-1.6087780174255435,1.486703313514423,0.3728051189080725,0.4352597544671966,2.6224629239329085,1.7656766646614763
64.0,270.0,1006.2119140625,0.4893625390202833,1.7795423029239368,-0.2283334970089545,3.1277989280704825,0.4981169607027755,1.141197769335064,2.5146578201478693,1.975507430672696,4.311031517865723,2.0922100116751228
64.0,270.0,1005.1494140625,1.4267671879387,2.82151791963309,-0.2050135975394147,3.599402345635524,-0.212234014229664,1.0699343377498252,1.054124327480299,-0.0348381047181509,3.2384919490320403,1.683330061310487
64.0,270.0,1005.474853515625,1.5026949966969567,4.303640589644998,0.0467183102294996,3.508585978273294,-0.276222544546385,1.2632585220760255,0.9839023829757484,0.4548566034085533,3.319979299343642,1.681623450852277
64.0,270.0,1004.5355224609376,-0.2067583177486083,2.156645823399848,1.1237471826284795,3.780946817479548,-0.5114493991580722,1.3470285072754011,1.5426076556614716,0.9251629364195506,3.6326501297850458,1.193605314089168
64.0,270.0,1004.0458984375,0.6627964073101363,1.902544155917261,1.7356517264199556,1.1276967507837976,-0.9532319298265536,0.6325625002596181,1.4181961809212862,1.2571856093798428,3.247627624338968,0.7396376473821458
64.0,270.0,1004.7117919921876,0.4052530103725722,2.862964791291889,1.0244185980793992,1.6185629550949447,0.0861167524434486,0.806110362194968,0.5149989619430992,0.0762824622613271,3.306353246449835,1.6419964791765842
64.0,270.0,1005.585205078125,1.4441076734521072,3.066111509674269,0.0067028297138759,3.194813058276394,-0.2495793018936137,1.1591742150332562,1.047291772061316,-0.0635626710663064,3.2934046480925203,1.7277033081006632
64.0,270.0,1004.95849609375,0.9162956780313632,2.1247201074083826,0.0379144096914144,3.0493734156772465,-0.204541723945408,1.0866278545155783,1.081534562537653,-0.1426858802547873,2.5531626479271203,1.6834925846586402
64.0,270.0,1003.9569702148438,0.448016906340041,3.105722986450256,0.8138035866923863,3.0955404770734902,0.2620725015799733,1.6869868466778326,0.0600023277914734,0.2622416693067444,3.1208073658522064,1.5478276998793208
64.0,270.0,1005.9080810546876,1.0513515896295955,3.0324479004866207,-0.1399893757068982,2.5909601277576697,-0.1207554487964864,2.5126882206643253,1.1607896320933913,0.180815057255496,3.251736532375584,2.58552590355996
64.0,270.0,1005.7649536132812,0.2825466944237913,3.223371955913502,-1.130107795435179,3.475165291581171,-1.048330892200188,0.6773142097574366,1.7224453178602437,-0.0116344510771347,2.978858171781275,1.664112733334867
64.0,270.0,1003.8233642578124,1.028523366259821,3.0628461474330293,-0.3204188298828894,3.0167776901382988,0.2647472536681213,1.306874930918926,0.9514498344110252,-0.5399432597472117,3.348110656193866,0.8965220619264871
64.0,270.0,1006.2741088867188,1.643031542836416,3.606370926934152,-0.6934784640503268,3.544777025413626,-0.1168117638030309,0.939111865717292,1.235370936060419,0.8014975999324441,3.270795648100955,1.6707495569788469
64.0,270.0,1005.4312744140624,1.3627715738376884,3.076635121501396,-0.2203183241854567,3.1897560510402903,-0.4507563945197057,1.1522013466208365,1.072078304572779,-0.0715777010715543,3.2997649430028133,1.6650114468654638
64.0,270.0,1006.1286010742188,1.5630251164579407,3.034072154337606,-0.2144607478813976,3.3747890166807086,-0.1840946200972616,1.0834848120091078,1.505132191142844,0.0986427251527393,3.2971237436003165,1.6407078622033984
64.0,270.0,1004.8368530273438,-0.0192859539180938,3.1458012448024646,-0.4052589456220559,3.5837623621294377,-0.4446218579421889,1.004306573519272,1.0674916208430016,-0.1473208806064043,4.659302750457305,1.266183010783346
64.0,270.0,1005.0035400390624,1.488088734200528,3.2964916798764268,-0.081613556681665,3.4931910742310563,-0.4795947022471148,1.19443031097595,1.5983254058784726,0.3030366300005376,3.1093375136026897,1.3517079212642986
64.0,270.0,1005.59716796875,0.8422960777773174,3.0348209215701183,-0.2311176520887816,3.530445462000517,0.731073415144617,1.0838871087870037,1.0526527931079228,-0.2789778063184201,3.525442996103043,1.9314441196361605
64.0,270.0,1005.1682739257812,0.4758226699530498,2.725912301651685,-0.0230184400084026,3.5041163169939864,-0.2839688026094656,0.98246182909671,0.7814411067738086,0.0567855685067581,3.2908997596538847,1.3640380101297185
64.0,270.0,1004.932861328125,1.5796322669745138,2.974669102036052,-0.2759972217390695,3.567574034001228,-0.2093543612178015,1.4940440693796724,1.055340177568717,-0.0056815911348413,3.322450316094878,2.2801882162059304
64.0,270.0,1004.5557861328124,1.021039932157859,3.115921688963008,1.0019107446718256,2.234313345165861,-1.2644187944951404,0.667371423970712,1.2297919770831705,0.8270215697473942,3.348214809893935,1.7947175164238944
64.0,270.0,1005.9476318359376,0.0416259073064684,3.056620648095169,0.9059087932371556,3.541676985417584,-0.4558259587305865,-0.3150494321593007,1.05123482986649,-0.0994281152615595,3.238383279985208,1.6565234082160285
64.0,270.0,1005.81201171875,1.0493680198447488,3.1481788145602274,-0.3742052874168526,1.7340138049668434,0.0318673716322229,0.8640905123034281,1.2404658485720614,-0.0193011184880681,2.7865877149951315,1.7316496760128115
64.0,270.0,1004.924560546875,1.3902787656971398,3.2388825019148166,-0.206591284257351,2.6835356447268124,-0.2393013169250669,1.0825663808182378,0.7880722208517016,0.1086941866441624,3.760609960660497,1.5499190461382142
64.0,270.0,1003.884033203125,1.1425112649696187,3.065090117718845,0.592860107788608,2.8071972518327133,0.2549808842303713,0.7688590957311772,1.1434486482266086,0.1774592781213724,3.2904317271738885,1.6652367097735672
64.0,270.0,1004.8756713867188,1.803103039357084,3.04969122379482,-0.2380855070972431,3.544222673085715,-0.3675432124331079,1.0049334701620785,1.0915745130618049,-0.0166428366782459,3.286393579044508,1.7128181502425668
64.0,270.0,1005.5949096679688,1.065741447403239,3.566321993171797,-0.1722097588879127,3.335195644635442,0.4153135222526197,1.6432684793938577,1.2308026718224587,0.3065238812510272,3.32453208933479,1.4181087479272612
64.0,270.0,1005.1708984375,1.5387374172758588,3.0630905424895096,-0.2761169812147975,3.539551483750204,-0.0710913967583387,1.0864629386437223,1.0432566156141505,0.0406253156605319,3.3703392304127733,1.6847979903288934
64.0,270.0,1004.3433227539062,1.5246637626108075,2.588764633984187,-0.2247483509817702,3.541791433209113,-0.2094105942329443,0.0900981966808316,1.4472220790014578,0.3634141441016041,3.275517642189521,1.677631713184814
64.0,270.0,1006.2902221679688,-0.4251081873792355,3.285807122763265,-0.1892787533432827,2.527234148491948,-0.6010386156964528,0.6565171337625719,1.76275366174798,-0.0125229395337214,3.152359389102193,1.536172754489335
64.0,270.0,1002.565185546875,0.5472914493255665,3.366882117201061,1.3060013984334584,1.9325170226020087,-1.0074251950736448,0.7432223534795421,1.6951969237110474,0.1334456915648295,3.316198941140461,1.659375229627378
64.0,270.0,1006.7476806640624,1.3783292661069166,2.227281756843792,0.7486796121921748,2.3676098445669496,-0.4352187250238886,0.1295667694666509,1.2582478032152908,0.9678886220425788,1.546052822985894,1.7088008776725607
64.0,270.0,1003.6841430664062,1.5264166200797986,3.063097861613356,-0.215819897253269,3.5490497273888275,-0.2048867388282806,1.0826619122252867,1.0511392207255632,-0.0170243374408754,3.2973942147249127,1.6821927523441609
64.0,270.0,1004.9850463867188,0.6143587211329081,3.6385777878302688,1.866782871449317,2.68567229671642,-0.0190286631641586,0.5847002488156035,1.759170199056142,0.7876675185527418,3.289135321111209,1.695106697781342
64.0,270.0,1006.3912353515624,1.0823124156003283,3.145532408020725,0.0937498638335725,4.3492484902596935,-0.983369492477124,0.3045399617600217,1.0355153888892177,-0.6035785196627739,3.47882371336145,1.9749920545649893
64.0,270.0,1003.7677001953124,0.9753379059727132,3.027481911426474,0.8914709442373026,3.6385006360362526,-0.1936568623912141,0.9354252219936228,1.0515023454212475,1.5844169383747184,3.3013099988549235,1.6821957420369034
64.0,270.0,1004.1815795898438,1.186914875836738,2.984003335173336,1.0917657361520303,3.111316162569416,-0.2135156752145395,1.956200428446676,1.1043285602139945,-0.0888351866134527,3.261696929640985,2.1191790875322365
64.0,270.0,1005.9786376953124,1.1755166225902458,3.0139295819900664,-0.2417305383366287,3.616814653335077,-0.2729520402836232,1.8592848557108288,1.1177652924446315,0.1211451494947978,3.912459696901169,2.2316448068592054
64.0,270.0,1004.7403564453124,0.4804166552562906,3.142058809388116,-0.507253232726782,3.78275224637308,-0.5671588827166028,1.1261544357254607,1.4122039073154182,0.5007209311294231,3.503301094810195,1.926829920271378
64.0,270.0,1004.5214233398438,1.3925082887281215,3.065088985864282,-0.1686798461004562,2.4937664364779137,-0.2246521629870259,1.0573601922845028,1.0844478999456344,-0.8866334099558765,3.2654268773896447,1.6563374701400866
64.0,270.0,1004.5638427734376,-0.2134668305182117,2.783390802993948,1.9017004885948512,1.4366753845009534,-0.5024318747415023,0.7385154890632665,0.977632335582272,0.2974201112703576,3.125186682888231,1.6802011201576457
64.0,270.0,1005.5848999023438,-0.4976473021030942,3.419951677935696,-0.3086301958483286,3.870154605804175,-1.1699164176837953,1.6993185462984577,0.8701808901365833,0.0028869377323087,3.427754210534899,1.6924904654891433
64.0,270.0,1004.2504272460938,-0.8223529424704155,2.825127807401638,-0.323922086313651,1.937577607926971,-0.7880478165526897,-0.5658922756132105,1.2049866790758093,0.2624683225465503,3.2458834880441487,0.9881096602322688
64.0,270.0,1004.8351440429688,0.383266327892847,3.526047267809437,-0.0464641811751654,3.441002486581674,0.4622121063248139,0.764653895575856,1.4226068635485682,-0.4876738443664548,3.654568720914268,1.5945743322906956
64.0,271.0,1004.6443481445312,0.6900176227674764,3.063074350782302,-0.3302721781170479,3.0126561550720083,-0.1976159951512532,1.5970259768578052,1.2511792713171723,-0.0167520924344081,3.4265898532482377,1.5636003792452855
64.0,271.0,1004.1213989257812,0.2153483923752346,2.977147305338594,-0.595687141216819,2.606774394934442,-1.0278964624926523,1.4248740797111572,1.4411335825086675,0.1643799556484128,3.274974405060643,1.674699710113174
64.0,271.0,1005.7791137695312,0.6317410114373033,3.3821840388898674,-0.6555082762858517,1.8304964441013163,0.265419887632873,0.7751960162999161,1.243165064585624,-0.3543464243561521,3.598221077351875,1.5754946386202904
64.0,271.0,1005.7072143554688,1.6491448804843336,2.9104453120023,-0.2376035463302053,3.615676320374159,-0.5459213406507523,1.0802436756395946,1.0229389087533642,-0.0226071327225542,3.134768809825729,1.4551102740604491
64.0,271.0,1005.2555541992188,-0.5037094802039921,3.707585390221884,-0.3280569768488796,3.321070462527059,0.979043172621886,-0.4155761280008436,0.9565504599200948,0.2951346271246178,3.295787014291044,2.1819067114242974
64.0,271.0,1005.51806640625,-0.40218204349395,2.9611396568649364,0.6762820959727607,3.216420950245242,-1.6087780174255435,1.486703313514423,0.3728051189080725,0.4352597544671966,2.6224629239329085,1.7656766646614763
64.0,271.0,1006.2119140625,0.4893625390202833,1.7795423029239368,-0.2283334970089545,3.1277989280704825,0.4981169607027755,1.141197769335064,2.5146578201478693,1.975507430672696,4.311031517865723,2.0922100116751228
64.0,271.0,1005.1494140625,1.4267671879387,2.82151791963309,-0.2050135975394147,3.599402345635524,-0.212234014229664,1.0699343377498252,1.054124327480299,-0.0348381047181509,3.2384919490320403,1.683330061310487
64.0,271.0,1005.474853515625,1.5026949966969567,4.303640589644998,0.0467183102294996,3.508585978273294,-0.276222544546385,1.2632585220760255,0.9839023829757484,0.4548566034085533,3.319979299343642,1.681623450852277
64.0,271.0,1004.5355224609376,-0.2067583177486083,2.156645823399848,1.1237471826284795,3.780946817479548,-0.5114493991580722,1.3470285072754011,1.5426076556614716,0.9251629364195506,3.6326501297850458,1.193605314089168
64.0,271.0,1004.0458984375,0.6627964073101363,1.902544155917261,1.7356517264199556,1.1276967507837976,-0.9532319298265536,0.6325625002596181,1.4181961809212862,1.2571856093798428,3.247627624338968,0.7396376473821458
64.0,271.0,1004.7117919921876,0.4052530103725722,2.862964791291889,1.0244185980793992,1.6185629550949447,0.0861167524434486,0.806110362194968,0.5149989619430992,0.0762824622613271,3.306353246449835,1.6419964791765842
64.0,271.0,1005.585205078125,1.4441076734521072,3.066111509674269,0.0067028297138759,3.194813058276394,-0.2495793018936137,1.1591742150332562,1.047291772061316,-0.0635626710663064,3.2934046480925203,1.7277033081006632
64.0,271.0,1004.95849609375,0.9162956780313632,2.1247201074083826,0.0379144096914144,3.0493734156772465,-0.204541723945408,1.0866278545155783,1.081534562537653,-0.1426858802547873,2.5531626479271203,1.6834925846586402
64.0,271.0,1003.9569702148438,0.448016906340041,3.105722986450256,0.8138035866923863,3.0955404770734902,0.2620725015799733,1.6869868466778326,0.0600023277914734,0.2622416693067444,3.1208073658522064,1.5478276998793208
64.0,271.0,1005.9080810546876,1.0513515896295955,3.0324479004866207,-0.1399893757068982,2.5909601277576697,-0.1207554487964864,2.5126882206643253,1.1607896320933913,0.180815057255496,3.251736532375584,2.58552590355996
64.0,271.0,1005.7649536132812,0.2825466944237913,3.223371955913502,-1.130107795435179,3.475165291581171,-1.048330892200188,0.6773142097574366,1.7224453178602437,-0.0116344510771347,2.978858171781275,1.664112733334867
64.0,271.0,1003.8233642578124,1.028523366259821,3.0628461474330293,-0.3204188298828894,3.0167776901382988,0.2647472536681213,1.306874930918926,0.9514498344110252,-0.5399432597472117,3.348110656193866,0.8965220619264871
64.0,271.0,1006.2741088867188,1.643031542836416,3.606370926934152,-0.6934784640503268,3.544777025413626,-0.1168117638030309,0.939111865717292,1.235370936060419,0.8014975999324441,3.270795648100955,1.6707495569788469
64.0,271.0,1005.4312744140624,1.3627715738376884,3.076635121501396,-0.2203183241854567,3.1897560510402903,-0.4507563945197057,1.1522013466208365,1.072078304572779,-0.0715777010715543,3.2997649430028133,1.6650114468654638
64.0,271.0,1006.1286010742188,1.5630251164579407,3.034072154337606,-0.2144607478813976,3.3747890166807086,-0.1840946200972616,1.0834848120091078,1.505132191142844,0.0986427251527393,3.2971237436003165,1.6407078622033984
64.0,271.0,1004.8368530273438,-0.0192859539180938,3.1458012448024646,-0.4052589456220559,3.5837623621294377,-0.4446218579421889,1.004306573519272,1.0674916208430016,-0.1473208806064043,4.659302750457305,1.266183010783346
64.0,271.0,1005.0035400390624,1.488088734200528,3.2964916798764268,-0.081613556681665,3.4931910742310563,-0.4795947022471148,1.19443031097595,1.5983254058784726,0.3030366300005376,3.1093375136026897,1.3517079212642986
64.0,271.0,1005.59716796875,0.8422960777773174,3.0348209215701183,-0.2311176520887816,3.530445462000517,0.731073415144617,1.0838871087870037,1.0526527931079228,-0.2789778063184201,3.525442996103043,1.9314441196361605
64.0,271.0,1005.1682739257812,0.4758226699530498,2.725912301651685,-0.0230184400084026,3.5041163169939864,-0.2839688026094656,0.98246182909671,0.7814411067738086,0.0567855685067581,3.2908997596538847,1.3640380101297185
64.0,271.0,1004.932861328125,1.5796322669745138,2.974669102036052,-0.2759972217390695,3.567574034001228,-0.2093543612178015,1.4940440693796724,1.055340177568717,-0.0056815911348413,3.322450316094878,2.2801882162059304
64.0,271.0,1004.5557861328124,1.021039932157859,3.115921688963008,1.0019107446718256,2.234313345165861,-1.2644187944951404,0.667371423970712,1.2297919770831705,0.8270215697473942,3.348214809893935,1.7947175164238944
64.0,271.0,1005.9476318359376,0.0416259073064684,3.056620648095169,0.9059087932371556,3.541676985417584,-0.4558259587305865,-0.3150494321593007,1.05123482986649,-0.0994281152615595,3.238383279985208,1.6565234082160285
64.0,271.0,1005.81201171875,1.0493680198447488,3.1481788145602274,-0.3742052874168526,1.7340138049668434,0.0318673716322229,0.8640905123034281,1.2404658485720614,-0.0193011184880681,2.7865877149951315,1.7316496760128115
64.0,271.0,1004.924560546875,1.3902787656971398,3.2388825019148166,-0.206591284257351,2.6835356447268124,-0.2393013169250669,1.0825663808182378,0.7880722208517016,0.1086941866441624,3.760609960660497,1.5499190461382142
64.0,271.0,1003.884033203125,1.1425112649696187,3.065090117718845,0.592860107788608,2.8071972518327133,0.2549808842303713,0.7688590957311772,1.1434486482266086,0.1774592781213724,3.2904317271738885,1.6652367097735672
64.0,271.0,1004.8756713867188,1.803103039357084,3.04969122379482,-0.2380855070972431,3.544222673085715,-0.3675432124331079,1.0049334701620785,1.0915745130618049,-0.0166428366782459,3.286393579044508,1.7128181502425668
64.0,271.0,1005.5949096679688,1.065741447403239,3.566321993171797,-0.1722097588879127,3.335195644635442,0.4153135222526197,1.6432684793938577,1.2308026718224587,0.3065238812510272,3.32453208933479,1.4181087479272612
64.0,271.0,1005.1708984375,1.5387374172758588,3.0630905424895096,-0.2761169812147975,3.539551483750204,-0.0710913967583387,1.0864629386437223,1.0432566156141505,0.0406253156605319,3.3703392304127733,1.6847979903288934
64.0,271.0,1004.3433227539062,1.5246637626108075,2.588764633984187,-0.2247483509817702,3.541791433209113,-0.2094105942329443,0.0900981966808316,1.4472220790014578,0.3634141441016041,3.275517642189521,1.677631713184814
64.0,271.0,1006.2902221679688,-0.4251081873792355,3.285807122763265,-0.1892787533432827,2.527234148491948,-0.6010386156964528,0.6565171337625719,1.76275366174798,-0.0125229395337214,3.152359389102193,1.536172754489335
64.0,271.0,1002.565185546875,0.5472914493255665,3.366882117201061,1.3060013984334584,1.9325170226020087,-1.0074251950736448,0.7432223534795421,1.6951969237110474,0.1334456915648295,3.316198941140461,1.659375229627378
64.0,271.0,1006.7476806640624,1.3783292661069166,2.227281756843792,0.7486796121921748,2.3676098445669496,-0.4352187250238886,0.1295667694666509,1.2582478032152908,0.9678886220425788,1.546052822985894,1.7088008776725607
64.0,271.0,1003.6841430664062,1.5264166200797986,3.063097861613356,-0.215819897253269,3.5490497273888275,-0.2048867388282806,1.0826619122252867,1.0511392207255632,-0.0170243374408754,3.2973942147249127,1.6821927523441609
64.0,271.0,1004.9850463867188,0.6143587211329081,3.6385777878302688,1.866782871449317,2.68567229671642,-0.0190286631641586,0.5847002488156035,1.759170199056142,0.7876675185527418,3.289135321111209,1.695106697781342
64.0,271.0,1006.3912353515624,1.0823124156003283,3.145532408020725,0.0937498638335725,4.3492484902596935,-0.983369492477124,0.3045399617600217,1.0355153888892177,-0.6035785196627739,3.47882371336145,1.9749920545649893
64.0,271.0,1003.7677001953124,0.9753379059727132,3.027481911426474,0.8914709442373026,3.6385006360362526,-0.1936568623912141,0.9354252219936228,1.0515023454212475,1.5844169383747184,3.3013099988549235,1.6821957420369034
64.0,271.0,1004.1815795898438,1.186914875836738,2.984003335173336,1.0917657361520303,3.111316162569416,-0.2135156752145395,1.956200428446676,1.1043285602139945,-0.0888351866134527,3.261696929640985,2.1191790875322365
64.0,271.0,1005.9786376953124,1.1755166225902458,3.0139295819900664,-0.2417305383366287,3.616814653335077,-0.2729520402836232,1.8592848557108288,1.1177652924446315,0.1211451494947978,3.912459696901169,2.2316448068592054
64.0,271.0,1004.7403564453124,0.4804166552562906,3.142058809388116,-0.507253232726782,3.78275224637308,-0.5671588827166028,1.1261544357254607,1.4122039073154182,0.5007209311294231,3.503301094810195,1.926829920271378
64.0,271.0,1004.5214233398438,1.3925082887281215,3.065088985864282,-0.1686798461004562,2.4937664364779137,-0.2246521629870259,1.0573601922845028,1.0844478999456344,-0.8866334099558765,3.2654268773896447,1.6563374701400866
64.0,271.0,1004.5638427734376,-0.2134668305182117,2.783390802993948,1.9017004885948512,1.4366753845009534,-0.5024318747415023,0.7385154890632665,0.977632335582272,0.2974201112703576,3.125186682888231,1.6802011201576457
64.0,271.0,1005.5848999023438,-0.4976473021030942,3.419951677935696,-0.3086301958483286,3.870154605804175,-1.1699164176837953,1.6993185462984577,0.8701808901365833,0.0028869377323087,3.427754210534899,1.6924904654891433
64.0,271.0,1004.2504272460938,-0.8223529424704155,2.825127807401638,-0.323922086313651,1.937577607926971,-0.7880478165526897,-0.5658922756132105,1.2049866790758093,0.2624683225465503,3.2458834880441487,0.9881096602322688
64.0,271.0,1004.8351440429688,0.383266327892847,3.526047267809437,-0.0464641811751654,3.441002486581674,0.4622121063248139,0.764653895575856,1.4226068635485682,-0.4876738443664548,3.654568720914268,1.5945743322906956
64.0,272.0,1004.6443481445312,0.6900176227674764,3.063074350782302,-0.3302721781170479,3.0126561550720083,-0.1976159951512532,1.5970259768578052,1.2511792713171723,-0.0167520924344081,3.4265898532482377,1.5636003792452855
64.0,272.0,1004.1213989257812,0.2153483923752346,2.977147305338594,-0.595687141216819,2.606774394934442,-1.0278964624926523,1.4248740797111572,1.4411335825086675,0.1643799556484128,3.274974405060643,1.674699710113174
64.0,272.0,1005.7791137695312,0.6317410114373033,3.3821840388898674,-0.6555082762858517,1.8304964441013163,0.265419887632873,0.7751960162999161,1.243165064585624,-0.3543464243561521,3.598221077351875,1.5754946386202904
64.0,272.0,1005.7072143554688,1.6491448804843336,2.9104453120023,-0.2376035463302053,3.615676320374159,-0.5459213406507523,1.0802436756395946,1.0229389087533642,-0.0226071327225542,3.134768809825729,1.4551102740604491
64.0,272.0,1005.2555541992188,-0.5037094802039921,3.707585390221884,-0.3280569768488796,3.321070462527059,0.979043172621886,-0.4155761280008436,0.9565504599200948,0.2951346271246178,3.295787014291044,2.1819067114242974
64.0,272.0,1005.51806640625,-0.40218204349395,2.9611396568649364,0.6762820959727607,3.216420950245242,-1.6087780174255435,1.486703313514423,0.3728051189080725,0.4352597544671966,2.6224629239329085,1.7656766646614763
64.0,272.0,1006.2119140625,0.4893625390202833,1.7795423029239368,-0.2283334970089545,3.1277989280704825,0.4981169607027755,1.141197769335064,2.5146578201478693,1.975507430672696,4.311031517865723,2.0922100116751228
64.0,272.0,1005.1494140625,1.4267671879387,2.82151791963309,-0.2050135975394147,3.599402345635524,-0.212234014229664,1.0699343377498252,1.054124327480299,-0.0348381047181509,3.2384919490320403,1.683330061310487
64.0,272.0,1005.474853515625,1.5026949966969567,4.303640589644998,0.0467183102294996,3.508585978273294,-0.276222544546385,1.2632585220760255,0.9839023829757484,0.4548566034085533,3.319979299343642,1.681623450852277
64.0,272.0,1004.5355224609376,-0.2067583177486083,2.156645823399848,1.1237471826284795,3.780946817479548,-0.5114493991580722,1.3470285072754011,1.5426076556614716,0.9251629364195506,3.6326501297850458,1.193605314089168
64.0,272.0,1004.0458984375,0.6627964073101363,1.902544155917261,1.7356517264199556,1.1276967507837976,-0.9532319298265536,0.6325625002596181,1.4181961809212862,1.2571856093798428,3.247627624338968,0.7396376473821458
64.0,272.0,1004.7117919921876,0.4052530103725722,2.862964791291889,1.0244185980793992,1.6185629550949447,0.0861167524434486,0.806110362194968,0.5149989619430992,0.0762824622613271,3.306353246449835,1.6419964791765842
64.0,272.0,1005.585205078125,1.4441076734521072,3.066111509674269,0.0067028297138759,3.194813058276394,-0.2495793018936137,1.1591742150332562,1.047291772061316,-0.0635626710663064,3.2934046480925203,1.7277033081006632
64.0,272.0,1004.95849609375,0.9162956780313632,2.1247201074083826,0.0379144096914144,3.0493734156772465,-0.204541723945408,1.0866278545155783,1.081534562537653,-0.1426858802547873,2.5531626479271203,1.6834925846586402
64.0,272.0,1003.9569702148438,0.448016906340041,3.105722986450256,0.8138035866923863,3.0955404770734902,0.2620725015799733,1.6869868466778326,0.0600023277914734,0.2622416693067444,3.1208073658522064,1.5478276998793208
64.0,272.0,1005.9080810546876,1.0513515896295955,3.0324479004866207,-0.1399893757068982,2.5909601277576697,-0.1207554487964864,2.5126882206643253,1.1607896320933913,0.180815057255496,3.251736532375584,2.58552590355996
64.0,272.0,1005.7649536132812,0.2825466944237913,3.223371955913502,-1.130107795435179,3.475165291581171,-1.048330892200188,0.6773142097574366,1.7224453178602437,-0.0116344510771347,2.978858171781275,1.664112733334867
64.0,272.0,1003.8233642578124,1.028523366259821,3.0628461474330293,-0.3204188298828894,3.0167776901382988,0.2647472536681213,1.306874930918926,0.9514498344110252,-0.5399432597472117,3.348110656193866,0.8965220619264871
64.0,272.0,1006.2741088867188,1.643031542836416,3.606370926934152,-0.6934784640503268,3.544777025413626,-0.1168117638030309,0.939111865717292,1.235370936060419,0.8014975999324441,3.270795648100955,1.6707495569788469
64.0,272.0,1005.4312744140624,1.3627715738376884,3.076635121501396,-0.2203183241854567,3.1897560510402903,-0.4507563945197057,1.1522013466208365,1.072078304572779,-0.0715777010715543,3.2997649430028133,1.6650114468654638
64.0,272.0,1006.1286010742188,1.5630251164579407,3.034072154337606,-0.2144607478813976,3.3747890166807086,-0.1840946200972616,1.0834848120091078,1.505132191142844,0.0986427251527393,3.2971237436003165,1.6407078622033984
64.0,272.0,1004.8368530273438,-0.0192859539180938,3.1458012448024646,-0.4052589456220559,3.5837623621294377,-0.4446218579421889,1.004306573519272,1.0674916208430016,-0.1473208806064043,4.659302750457305,1.266183010783346
64.0,272.0,1005.0035400390624,1.488088734200528,3.2964916798764268,-0.081613556681665,3.4931910742310563,-0.4795947022471148,1.19443031097595,1.5983254058784726,0.3030366300005376,3.1093375136026897,1.3517079212642986
64.0,272.0,1005.59716796875,0.8422960777773174,3.0348209215701183,-0.2311176520887816,3.530445462000517,0.731073415144617,1.0838871087870037,1.0526527931079228,-0.2789778063184201,3.525442996103043,1.9314441196361605
64.0,272.0,1005.1682739257812,0.4758226699530498,2.725912301651685,-0.0230184400084026,3.5041163169939864,-0.2839688026094656,0.98246182909671,0.7814411067738086,0.0567855685067581,3.2908997596538847,1.3640380101297185
64.0,272.0,1004.932861328125,1.5796322669745138,2.974669102036052,-0.2759972217390695,3.567574034001228,-0.2093543612178015,1.4940440693796724,1.055340177568717,-0.0056815911348413,3.322450316094878,2.2801882162059304
64.0,272.0,1004.5557861328124,1.021039932157859,3.115921688963008,1.0019107446718256,2.234313345165861,-1.2644187944951404,0.667371423970712,1.2297919770831705,0.8270215697473942,3.348214809893935,1.7947175164238944
64.0,272.0,1005.9476318359376,0.0416259073064684,3.056620648095169,0.9059087932371556,3.541676985417584,-0.4558259587305865,-0.3150494321593007,1.05123482986649,-0.0994281152615595,3.238383279985208,1.6565234082160285
64.0,272.0,1005.81201171875,1.0493680198447488,3.1481788145602274,-0.3742052874168526,1.7340138049668434,0.0318673716322229,0.8640905123034281,1.2404658485720614,-0.0193011184880681,2.7865877149951315,1.7316496760128115
64.0,272.0,1004.924560546875,1.3902787656971398,3.2388825019148166,-0.206591284257351,2.6835356447268124,-0.2393013169250669,1.0825663808182378,0.7880722208517016,0.1086941866441624,3.760609960660497,1.5499190461382142
64.0,272.0,1003.884033203125,1.1425112649696187,3.065090117718845,0.592860107788608,2.8071972518327133,0.2549808842303713,0.7688590957311772,1.1434486482266086,0.1774592781213724,3.2904317271738885,1.6652367097735672
64.0,272.0,1004.8756713867188,1.803103039357084,3.04969122379482,-0.2380855070972431,3.544222673085715,-0.3675432124331079,1.0049334701620785,1.0915745130618049,-0.0166428366782459,3.286393579044508,1.7128181502425668
64.0,272.0,1005.5949096679688,1.065741447403239,3.566321993171797,-0.1722097588879127,3.335195644635442,0.4153135222526197,1.6432684793938577,1.2308026718224587,0.3065238812510272,3.32453208933479,1.4181087479272612
64.0,272.0,1005.1708984375,1.5387374172758588,3.0630905424895096,-0.2761169812147975,3.539551483750204,-0.0710913967583387,1.0864629386437223,1.0432566156141505,0.0406253156605319,3.3703392304127733,1.6847979903288934
64.0,272.0,1004.3433227539062,1.5246637626108075,2.588764633984187,-0.2247483509817702,3.541791433209113,-0.2094105942329443,0.0900981966808316,1.4472220790014578,0.3634141441016041,3.275517642189521,1.677631713184814
64.0,272.0,1006.2902221679688,-0.4251081873792355,3.285807122763265,-0.1892787533432827,2.527234148491948,-0.6010386156964528,0.6565171337625719,1.76275366174798,-0.0125229395337214,3.152359389102193,1.536172754489335
64.0,272.0,1002.565185546875,0.5472914493255665,3.366882117201061,1.3060013984334584,1.9325170226020087,-1.0074251950736448,0.7432223534795421,1.6951969237110474,0.1334456915648295,3.316198941140461,1.659375229627378
64.0,272.0,1006.7476806640624,1.3783292661069166,2.227281756843792,0.7486796121921748,2.3676098445669496,-0.4352187250238886,0.1295667694666509,1.2582478032152908,0.9678886220425788,1.546052822985894,1.7088008776725607
64.0,272.0,1003.6841430664062,1.5264166200797986,3.063097861613356,-0.215819897253269,3.5490497273888275,-0.2048867388282806,1.0826619122252867,1.0511392207255632,-0.0170243374408754,3.2973942147249127,1.6821927523441609
64.0,272.0,1004.9850463867188,0.6143587211329081,3.6385777878302688,1.866782871449317,2.68567229671642,-0.0190286631641586,0.5847002488156035,1.759170199056142,0.7876675185527418,3.289135321111209,1.695106697781342
64.0,272.0,1006.3912353515624,1.0823124156003283,3.145532408020725,0.0937498638335725,4.3492484902596935,-0.983369492477124,0.3045399617600217,1.0355153888892177,-0.6035785196627739,3.47882371336145,1.9749920545649893
64.0,272.0,1003.7677001953124,0.9753379059727132,3.027481911426474,0.8914709442373026,3.6385006360362526,-0.1936568623912141,0.9354252219936228,1.0515023454212475,1.5844169383747184,3.3013099988549235,1.6821957420369034
64.0,272.0,1004.1815795898438,1.186914875836738,2.984003335173336,1.0917657361520303,3.111316162569416,-0.2135156752145395,1.956200428446676,1.1043285602139945,-0.0888351866134527,3.261696929640985,2.1191790875322365
64.0,272.0,1005.9786376953124,1.1755166225902458,3.0139295819900664,-0.2417305383366287,3.616814653335077,-0.2729520402836232,1.8592848557108288,1.1177652924446315,0.1211451494947978,3.912459696901169,2.2316448068592054
64.0,272.0,1004.7403564453124,0.4804166552562906,3.142058809388116,-0.507253232726782,3.78275224637308,-0.5671588827166028,1.1261544357254607,1.4122039073154182,0.5007209311294231,3.503301094810195,1.926829920271378
64.0,272.0,1004.5214233398438,1.3925082887281215,3.065088985864282,-0.1686798461004562,2.4937664364779137,-0.2246521629870259,1.0573601922845028,1.0844478999456344,-0.8866334099558765,3.2654268773896447,1.6563374701400866
64.0,272.0,1004.5638427734376,-0.2134668305182117,2.783390802993948,1.9017004885948512,1.4366753845009534,-0.5024318747415023,0.7385154890632665,0.977632335582272,0.2974201112703576,3.125186682888231,1.6802011201576457
64.0,272.0,1005.5848999023438,-0.4976473021030942,3.419951677935696,-0.3086301958483286,3.870154605804175,-1.1699164176837953,1.6993185462984577,0.8701808901365833,0.0028869377323087,3.427754210534899,1.6924904654891433
64.0,272.0,1004.2504272460938,-0.8223529424704155,2.825127807401638,-0.323922086313651,1.937577607926971,-0.7880478165526897,-0.5658922756132105,1.2049866790758093,0.2624683225465503,3.2458834880441487,0.9881096602322688
64.0,272.0,1004.8351440429688,0.383266327892847,3.526047267809437,-0.0464641811751654,3.441002486581674,0.4622121063248139,0.764653895575856,1.4226068635485682,-0.4876738443664548,3.654568720914268,1.5945743322906956
64.0,273.0,1004.6443481445312,0.6900176227674764,3.063074350782302,-0.3302721781170479,3.0126561550720083,-0.1976159951512532,1.5970259768578052,1.2511792713171723,-0.0167520924344081,3.4265898532482377,1.5636003792452855
64.0,273.0,1004.1213989257812,0.2153483923752346,2.977147305338594,-0.595687141216819,2.606774394934442,-1.0278964624926523,1.4248740797111572,1.4411335825086675,0.1643799556484128,3.274974405060643,1.674699710113174
64.0,273.0,1005.7791137695312,0.6317410114373033,3.3821840388898674,-0.6555082762858517,1.8304964441013163,0.265419887632873,0.7751960162999161,1.243165064585624,-0.3543464243561521,3.598221077351875,1.5754946386202904
64.0,273.0,1005.7072143554688,1.6491448804843336,2.9104453120023,-0.2376035463302053,3.615676320374159,-0.5459213406507523,1.0802436756395946,1.0229389087533642,-0.0226071327225542,3.134768809825729,1.4551102740604491
64.0,273.0,1005.2555541992188,-0.5037094802039921,3.707585390221884,-0.3280569768488796,3.321070462527059,0.979043172621886,-0.4155761280008436,0.9565504599200948,0.2951346271246178,3.295787014291044,2.1819067114242974
64.0,273.0,1005.51806640625,-0.40218204349395,2.9611396568649364,0.6762820959727607,3.216420950245242,-1.6087780174255435,1.486703313514423,0.3728051189080725,0.4352597544671966,2.6224629239329085,1.7656766646614763
64.0,273.0,1006.2119140625,0.4893625390202833,1.7795423029239368,-0.2283334970089545,3.1277989280704825,0.4981169607027755,1.141197769335064,2.5146578201478693,1.975507430672696,4.311031517865723,2.0922100116751228
64.0,273.0,1005.1494140625,1.4267671879387,2.82151791963309,-0.2050135975394147,3.599402345635524,-0.212234014229664,1.0699343377498252,1.054124327480299,-0.0348381047181509,3.2384919490320403,1.683330061310487
64.0,273.0,1005.474853515625,1.5026949966969567,4.303640589644998,0.0467183102294996,3.508585978273294,-0.276222544546385,1.2632585220760255,0.9839023829757484,0.4548566034085533,3.319979299343642,1.681623450852277
64.0,273.0,1004.5355224609376,-0.2067583177486083,2.156645823399848,1.1237471826284795,3.780946817479548,-0.5114493991580722,1.3470285072754011,1.5426076556614716,0.9251629364195506,3.6326501297850458,1.193605314089168
64.0,273.0,1004.0458984375,0.6627964073101363,1.902544155917261,1.7356517264199556,1.1276967507837976,-0.9532319298265536,0.6325625002596181,1.4181961809212862,1.2571856093798428,3.247627624338968,0.7396376473821458
64.0,273.0,1004.7117919921876,0.4052530103725722,2.862964791291889,1.0244185980793992,1.6185629550949447,0.0861167524434486,0.806110362194968,0.5149989619430992,0.0762824622613271,3.306353246449835,1.6419964791765842
64.0,273.0,1005.585205078125,1.4441076734521072,3.066111509674269,0.0067028297138759,3.194813058276394,-0.2495793018936137,1.1591742150332562,1.047291772061316,-0.0635626710663064,3.2934046480925203,1.7277033081006632
64.0,273.0,1004.95849609375,0.9162956780313632,2.1247201074083826,0.0379144096914144,3.0493734156772465,-0.204541723945408,1.0866278545155783,1.081534562537653,-0.1426858802547873,2.5531626479271203,1.6834925846586402
64.0,273.0,1003.9569702148438,0.448016906340041,3.105722986450256,0.8138035866923863,3.0955404770734902,0.2620725015799733,1.6869868466778326,0.0600023277914734,0.2622416693067444,3.1208073658522064,1.5478276998793208
64.0,273.0,1005.9080810546876,1.0513515896295955,3.0324479004866207,-0.1399893757068982,2.5909601277576697,-0.1207554487964864,2.5126882206643253,1.1607896320933913,0.180815057255496,3.251736532375584,2.58552590355996
64.0,273.0,1005.7649536132812,0.2825466944237913,3.223371955913502,-1.130107795435179,3.475165291581171,-1.048330892200188,0.6773142097574366,1.7224453178602437,-0.0116344510771347,2.978858171781275,1.664112733334867
64.0,273.0,1003.8233642578124,1.028523366259821,3.0628461474330293,-0.3204188298828894,3.0167776901382988,0.2647472536681213,1.306874930918926,0.9514498344110252,-0.5399432597472117,3.348110656193866,0.8965220619264871
64.0,273.0,1006.2741088867188,1.643031542836416,3.606370926934152,-0.6934784640503268,3.544777025413626,-0.1168117638030309,0.939111865717292,1.235370936060419,0.8014975999324441,3.270795648100955,1.6707495569788469
64.0,273.0,1005.4312744140624,1.3627715738376884,3.076635121501396,-0.2203183241854567,3.1897560510402903,-0.4507563945197057,1.1522013466208365,1.072078304572779,-0.0715777010715543,3.2997649430028133,1.6650114468654638
64.0,273.0,1006.1286010742188,1.5630251164579407,3.034072154337606,-0.2144607478813976,3.3747890166807086,-0.1840946200972616,1.0834848120091078,1.505132191142844,0.0986427251527393,3.2971237436003165,1.6407078622033984
64.0,273.0,1004.8368530273438,-0.0192859539180938,3.1458012448024646,-0.4052589456220559,3.5837623621294377,-0.4446218579421889,1.004306573519272,1.0674916208430016,-0.1473208806064043,4.659302750457305,1.266183010783346
64.0,273.0,1005.0035400390624,1.488088734200528,3.2964916798764268,-0.081613556681665,3.4931910742310563,-0.4795947022471148,1.19443031097595,1.5983254058784726,0.3030366300005376,3.1093375136026897,1.3517079212642986
64.0,273.0,1005.59716796875,0.8422960777773174,3.0348209215701183,-0.2311176520887816,3.530445462000517,0.731073415144617,1.0838871087870037,1.0526527931079228,-0.2789778063184201,3.525442996103043,1.9314441196361605
64.0,273.0,1005.1682739257812,0.4758226699530498,2.725912301651685,-0.0230184400084026,3.5041163169939864,-0.2839688026094656,0.98246182909671,0.7814411067738086,0.0567855685067581,3.2908997596538847,1.3640380101297185
64.0,273.0,1004.932861328125,1.5796322669745138,2.974669102036052,-0.2759972217390695,3.567574034001228,-0.2093543612178015,1.4940440693796724,1.055340177568717,-0.0056815911348413,3.322450316094878,2.2801882162059304
64.0,273.0,1004.5557861328124,1.021039932157859,3.115921688963008,1.0019107446718256,2.234313345165861,-1.2644187944951404,0.667371423970712,1.2297919770831705,0.8270215697473942,3.348214809893935,1.7947175164238944
64.0,273.0,1005.9476318359376,0.0416259073064684,3.056620648095169,0.9059087932371556,3.541676985417584,-0.4558259587305865,-0.3150494321593007,1.05123482986649,-0.0994281152615595,3.238383279985208,1.6565234082160285
64.0,273.0,1005.81201171875,1.0493680198447488,3.1481788145602274,-0.3742052874168526,1.7340138049668434,0.0318673716322229,0.8640905123034281,1.2404658485720614,-0.0193011184880681,2.7865877149951315,1.7316496760128115
64.0,273.0,1004.924560546875,1.3902787656971398,3.2388825019148166,-0.206591284257351,2.6835356447268124,-0.2393013169250669,1.0825663808182378,0.7880722208517016,0.1086941866441624,3.760609960660497,1.5499190461382142
64.0,273.0,1003.884033203125,1.1425112649696187,3.065090117718845,0.592860107788608,2.8071972518327133,0.2549808842303713,0.7688590957311772,1.1434486482266086,0.1774592781213724,3.2904317271738885,1.6652367097735672
64.0,273.0,1004.8756713867188,1.803103039357084,3.04969122379482,-0.2380855070972431,3.544222673085715,-0.3675432124331079,1.0049334701620785,1.0915745130618049,-0.0166428366782459,3.286393579044508,1.7128181502425668
64.0,273.0,1005.5949096679688,1.065741447403239,3.566321993171797,-0.1722097588879127,3.335195644635442,0.4153135222526197,1.6432684793938577,1.2308026718224587,0.3065238812510272,3.32453208933479,1.4181087479272612
64.0,273.0,1005.1708984375,1.5387374172758588,3.0630905424895096,-0.2761169812147975,3.539551483750204,-0.0710913967583387,1.0864629386437223,1.0432566156141505,0.0406253156605319,3.3703392304127733,1.6847979903288934
64.0,273.0,1004.3433227539062,1.5246637626108075,2.588764633984187,-0.2247483509817702,3.541791433209113,-0.2094105942329443,0.0900981966808316,1.4472220790014578,0.3634141441016041,3.275517642189521,1.677631713184814
64.0,273.0,1006.2902221679688,-0.4251081873792355,3.285807122763265,-0.1892787533432827,2.527234148491948,-0.6010386156964528,0.6565171337625719,1.76275366174798,-0.0125229395337214,3.152359389102193,1.536172754489335
64.0,273.0,1002.565185546875,0.5472914493255665,3.366882117201061,1.3060013984334584,1.9325170226020087,-1.0074251950736448,0.7432223534795421,1.6951969237110474,0.1334456915648295,3.316198941140461,1.659375229627378
64.0,273.0,1006.7476806640624,1.3783292661069166,2.227281756843792,0.7486796121921748,2.3676098445669496,-0.4352187250238886,0.1295667694666509,1.2582478032152908,0.9678886220425788,1.546052822985894,1.7088008776725607
64.0,273.0,1003.6841430664062,1.5264166200797986,3.063097861613356,-0.215819897253269,3.5490497273888275,-0.2048867388282806,1.0826619122252867,1.0511392207255632,-0.0170243374408754,3.2973942147249127,1.6821927523441609
64.0,273.0,1004.9850463867188,0.6143587211329081,3.6385777878302688,1.866782871449317,2.68567229671642,-0.0190286631641586,0.5847002488156035,1.759170199056142,0.7876675185527418,3.289135321111209,1.695106697781342
64.0,273.0,1006.3912353515624,1.0823124156003283,3.145532408020725,0.0937498638335725,4.3492484902596935,-0.983369492477124,0.3045399617600217,1.0355153888892177,-0.6035785196627739,3.47882371336145,1.9749920545649893
64.0,273.0,1003.7677001953124,0.9753379059727132,3.027481911426474,0.8914709442373026,3.6385006360362526,-0.1936568623912141,0.9354252219936228,1.0515023454212475,1.5844169383747184,3.3013099988549235,1.6821957420369034
64.0,273.0,1004.1815795898438,1.186914875836738,2.984003335173336,1.0917657361520303,3.111316162569416,-0.2135156752145395,1.956200428446676,1.1043285602139945,-0.0888351866134527,3.261696929640985,2.1191790875322365
64.0,273.0,1005.9786376953124,1.1755166225902458,3.0139295819900664,-0.2417305383366287,3.616814653335077,-0.2729520402836232,1.8592848557108288,1.1177652924446315,0.1211451494947978,3.912459696901169,2.2316448068592054
64.0,273.0,1004.7403564453124,0.4804166552562906,3.142058809388116,-0.507253232726782,3.78275224637308,-0.5671588827166028,1.1261544357254607,1.4122039073154182,0.5007209311294231,3.503301094810195,1.926829920271378
64.0,273.0,1004.5214233398438,1.3925082887281215,3.065088985864282,-0.1686798461004562,2.4937664364779137,-0.2246521629870259,1.0573601922845028,1.0844478999456344,-0.8866334099558765,3.2654268773896447,1.6563374701400866
64.0,273.0,1004.5638427734376,-0.2134668305182117,2.783390802993948,1.9017004885948512,1.4366753845009534,-0.5024318747415023,0.7385154890632665,0.977632335582272,0.2974201112703576,3.125186682888231,1.6802011201576457
64.0,273.0,1005.5848999023438,-0.4976473021030942,3.419951677935696,-0.3086301958483286,3.870154605804175,-1.1699164176837953,1.6993185462984577,0.8701808901365833,0.0028869377323087,3.427754210534899,1.6924904654891433
64.0,273.0,1004.2504272460938,-0.8223529424704155,2.825127807401638,-0.323922086313651,1.937577607926971,-0.7880478165526897,-0.5658922756132105,1.2049866790758093,0.2624683225465503,3.2458834880441487,0.9881096602322688
64.0,273.0,1004.8351440429688,0.383266327892847,3.526047267809437,-0.0464641811751654,3.441002486581674,0.4622121063248139,0.764653895575856,1.4226068635485682,-0.4876738443664548,3.654568720914268,1.5945743322906956
64.0,274.0,1004.6443481445312,0.6900176227674764,3.063074350782302,-0.3302721781170479,3.0126561550720083,-0.1976159951512532,1.5970259768578052,1.2511792713171723,-0.0167520924344081,3.4265898532482377,1.5636003792452855
64.0,274.0,1004.1213989257812,0.2153483923752346,2.977147305338594,-0.595687141216819,2.606774394934442,-1.0278964624926523,1.4248740797111572,1.4411335825086675,0.1643799556484128,3.274974405060643,1.674699710113174
64.0,274.0,1005.7791137695312,0.6317410114373033,3.3821840388898674,-0.6555082762858517,1.8304964441013163,0.265419887632873,0.7751960162999161,1.243165064585624,-0.3543464243561521,3.598221077351875,1.5754946386202904
64.0,274.0,1005.7072143554688,1.6491448804843336,2.9104453120023,-0.2376035463302053,3.615676320374159,-0.5459213406507523,1.0802436756395946,1.0229389087533642,-0.0226071327225542,3.134768809825729,1.4551102740604491
64.0,274.0,1005.2555541992188,-0.5037094802039921,3.707585390221884,-0.3280569768488796,3.321070462527059,0.979043172621886,-0.4155761280008436,0.9565504599200948,0.2951346271246178,3.295787014291044,2.1819067114242974
64.0,274.0,1005.51806640625,-0.40218204349395,2.9611396568649364,0.6762820959727607,3.216420950245242,-1.6087780174255435,1.486703313514423,0.3728051189080725,0.4352597544671966,2.6224629239329085,1.7656766646614763
64.0,274.0,1006.2119140625,0.4893625390202833,1.7795423029239368,-0.2283334970089545,3.1277989280704825,0.4981169607027755,1.141197769335064,2.5146578201478693,1.975507430672696,4.311031517865723,2.0922100116751228
64.0,274.0,1005.1494140625,1.4267671879387,2.82151791963309,-0.2050135975394147,3.599402345635524,-0.212234014229664,1.0699343377498252,1.054124327480299,-0.0348381047181509,3.2384919490320403,1.683330061310487
64.0,274.0,1005.474853515625,1.5026949966969567,4.303640589644998,0.0467183102294996,3.508585978273294,-0.276222544546385,1.2632585220760255,0.9839023829757484,0.4548566034085533,3.319979299343642,1.681623450852277
64.0,274.0,1004.5355224609376,-0.2067583177486083,2.156645823399848,1.1237471826284795,3.780946817479548,-0.5114493991580722,1.3470285072754011,1.5426076556614716,0.9251629364195506,3.6326501297850458,1.193605314089168
64.0,274.0,1004.0458984375,0.6627964073101363,1.902544155917261,1.7356517264199556,1.1276967507837976,-0.9532319298265536,0.6325625002596181,1.4181961809212862,1.2571856093798428,3.247627624338968,0.7396376473821458
64.0,274.0,1004.7117919921876,0.4052530103725722,2.862964791291889,1.0244185980793992,1.6185629550949447,0.0861167524434486,0.806110362194968,0.5149989619430992,0.0762824622613271,3.306353246449835,1.6419964791765842
64.0,274.0,1005.585205078125,1.4441076734521072,3.066111509674269,0.0067028297138759,3.194813058276394,-0.2495793018936137,1.1591742150332562,1.047291772061316,-0.0635626710663064,3.2934046480925203,1.7277033081006632
64.0,274.0,1004.95849609375,0.9162956780313632,2.1247201074083826,0.0379144096914144,3.0493734156772465,-0.204541723945408,1.0866278545155783,1.081534562537653,-0.1426858802547873,2.5531626479271203,1.6834925846586402
64.0,274.0,1003.9569702148438,0.448016906340041,3.105722986450256,0.8138035866923863,3.0955404770734902,0.2620725015799733,1.6869868466778326,0.0600023277914734,0.2622416693067444,3.1208073658522064,1.5478276998793208
64.0,274.0,1005.9080810546876,1.0513515896295955,3.0324479004866207,-0.1399893757068982,2.5909601277576697,-0.1207554487964864,2.5126882206643253,1.1607896320933913,0.180815057255496,3.251736532375584,2.58552590355996
64.0,274.0,1005.7649536132812,0.2825466944237913,3.223371955913502,-1.130107795435179,3.475165291581171,-1.048330892200188,0.6773142097574366,1.7224453178602437,-0.0116344510771347,2.978858171781275,1.664112733334867
64.0,274.0,1003.8233642578124,1.028523366259821,3.0628461474330293,-0.3204188298828894,3.0167776901382988,0.2647472536681213,1.306874930918926,0.9514498344110252,-0.5399432597472117,3.348110656193866,0.8965220619264871
64.0,274.0,1006.2741088867188,1.643031542836416,3.606370926934152,-0.6934784640503268,3.544777025413626,-0.1168117638030309,0.939111865717292,1.235370936060419,0.8014975999324441,3.270795648100955,1.6707495569788469
64.0,274.0,1005.4312744140624,1.3627715738376884,3.076635121501396,-0.2203183241854567,3.1897560510402903,-0.4507563945197057,1.1522013466208365,1.072078304572779,-0.0715777010715543,3.2997649430028133,1.6650114468654638
64.0,274.0,1006.1286010742188,1.5630251164579407,3.034072154337606,-0.2144607478813976,3.3747890166807086,-0.1840946200972616,1.0834848120091078,1.505132191142844,0.0986427251527393,3.2971237436003165,1.6407078622033984
64.0,274.0,1004.8368530273438,-0.0192859539180938,3.1458012448024646,-0.4052589456220559,3.5837623621294377,-0.4446218579421889,1.004306573519272,1.0674916208430016,-0.1473208806064043,4.659302750457305,1.266183010783346
64.0,274.0,1005.0035400390624,1.488088734200528,3.2964916798764268,-0.081613556681665,3.4931910742310563,-0.4795947022471148,1.19443031097595,1.5983254058784726,0.3030366300005376,3.1093375136026897,1.3517079212642986
64.0,274.0,1005.59716796875,0.8422960777773174,3.0348209215701183,-0.2311176520887816,3.530445462000517,0.731073415144617,1.0838871087870037,1.0526527931079228,-0.2789778063184201,3.525442996103043,1.9314441196361605
64.0,274.0,1005.1682739257812,0.4758226699530498,2.725912301651685,-0.0230184400084026,3.5041163169939864,-0.2839688026094656,0.98246182909671,0.7814411067738086,0.0567855685067581,3.2908997596538847,1.3640380101297185
64.0,274.0,1004.932861328125,1.5796322669745138,2.974669102036052,-0.2759972217390695,3.567574034001228,-0.2093543612178015,1.4940440693796724,1.055340177568717,-0.0056815911348413,3.322450316094878,2.2801882162059304
64.0,274.0,1004.5557861328124,1.021039932157859,3.115921688963008,1.0019107446718256,2.234313345165861,-1.2644187944951404,0.667371423970712,1.2297919770831705,0.8270215697473942,3.348214809893935,1.7947175164238944
64.0,274.0,1005.9476318359376,0.0416259073064684,3.056620648095169,0.9059087932371556,3.541676985417584,-0.4558259587305865,-0.3150494321593007,1.05123482986649,-0.0994281152615595,3.238383279985208,1.6565234082160285
64.0,274.0,1005.81201171875,1.0493680198447488,3.1481788145602274,-0.3742052874168526,1.7340138049668434,0.0318673716322229,0.8640905123034281,1.2404658485720614,-0.0193011184880681,2.7865877149951315,1.7316496760128115
64.0,274.0,1004.924560546875,1.3902787656971398,3.2388825019148166,-0.206591284257351,2.6835356447268124,-0.2393013169250669,1.0825663808182378,0.7880722208517016,0.1086941866441624,3.760609960660497,1.5499190461382142
64.0,274.0,1003.884033203125,1.1425112649696187,3.065090117718845,0.592860107788608,2.8071972518327133,0.2549808842303713,0.7688590957311772,1.1434486482266086,0.1774592781213724,3.2904317271738885,1.6652367097735672
64.0,274.0,1004.8756713867188,1.803103039357084,3.04969122379482,-0.2380855070972431,3.544222673085715,-0.3675432124331079,1.0049334701620785,1.0915745130618049,-0.0166428366782459,3.286393579044508,1.7128181502425668
64.0,274.0,1005.5949096679688,1.065741447403239,3.566321993171797,-0.1722097588879127,3.335195644635442,0.4153135222526197,1.6432684793938577,1.2308026718224587,0.3065238812510272,3.32453208933479,1.4181087479272612
64.0,274.0,1005.1708984375,1.5387374172758588,3.0630905424895096,-0.2761169812147975,3.539551483750204,-0.0710913967583387,1.0864629386437223,1.0432566156141505,0.0406253156605319,3.3703392304127733,1.6847979903288934
64.0,274.0,1004.3433227539062,1.5246637626108075,2.588764633984187,-0.2247483509817702,3.541791433209113,-0.2094105942329443,0.0900981966808316,1.4472220790014578,0.3634141441016041,3.275517642189521,1.677631713184814
64.0,274.0,1006.2902221679688,-0.4251081873792355,3.285807122763265,-0.1892787533432827,2.527234148491948,-0.6010386156964528,0.6565171337625719,1.76275366174798,-0.0125229395337214,3.152359389102193,1.536172754489335
64.0,274.0,1002.565185546875,0.5472914493255665,3.366882117201061,1.3060013984334584,1.9325170226020087,-1.0074251950736448,0.7432223534795421,1.6951969237110474,0.1334456915648295,3.316198941140461,1.659375229627378
64.0,274.0,1006.7476806640624,1.3783292661069166,2.227281756843792,0.7486796121921748,2.3676098445669496,-0.4352187250238886,0.1295667694666509,1.2582478032152908,0.9678886220425788,1.546052822985894,1.7088008776725607
64.0,274.0,1003.6841430664062,1.5264166200797986,3.063097861613356,-0.215819897253269,3.5490497273888275,-0.2048867388282806,1.0826619122252867,1.0511392207255632,-0.0170243374408754,3.2973942147249127,1.6821927523441609
64.0,274.0,1004.9850463867188,0.6143587211329081,3.6385777878302688,1.866782871449317,2.68567229671642,-0.0190286631641586,0.5847002488156035,1.759170199056142,0.7876675185527418,3.289135321111209,1.695106697781342
64.0,274.0,1006.3912353515624,1.0823124156003283,3.145532408020725,0.0937498638335725,4.3492484902596935,-0.983369492477124,0.3045399617600217,1.0355153888892177,-0.6035785196627739,3.47882371336145,1.9749920545649893
64.0,274.0,1003.7677001953124,0.9753379059727132,3.027481911426474,0.8914709442373026,3.6385006360362526,-0.1936568623912141,0.9354252219936228,1.0515023454212475,1.5844169383747184,3.3013099988549235,1.6821957420369034
64.0,274.0,1004.1815795898438,1.186914875836738,2.984003335173336,1.0917657361520303,3.111316162569416,-0.2135156752145395,1.956200428446676,1.1043285602139945,-0.0888351866134527,3.261696929640985,2.1191790875322365
64.0,274.0,1005.9786376953124,1.1755166225902458,3.0139295819900664,-0.2417305383366287,3.616814653335077,-0.2729520402836232,1.8592848557108288,1.1177652924446315,0.1211451494947978,3.912459696901169,2.2316448068592054
64.0,274.0,1004.7403564453124,0.4804166552562906,3.142058809388116,-0.507253232726782,3.78275224637308,-0.5671588827166028,1.1261544357254607,1.4122039073154182,0.5007209311294231,3.503301094810195,1.926829920271378
64.0,274.0,1004.5214233398438,1.3925082887281215,3.065088985864282,-0.1686798461004562,2.4937664364779137,-0.2246521629870259,1.0573601922845028,1.0844478999456344,-0.8866334099558765,3.2654268773896447,1.6563374701400866
64.0,274.0,1004.5638427734376,-0.2134668305182117,2.783390802993948,1.9017004885948512,1.4366753845009534,-0.5024318747415023,0.7385154890632665,0.977632335582272,0.2974201112703576,3.125186682888231,1.6802011201576457
64.0,274.0,1005.5848999023438,-0.4976473021030942,3.419951677935696,-0.3086301958483286,3.870154605804175,-1.1699164176837953,1.6993185462984577,0.8701808901365833,0.0028869377323087,3.427754210534899,1.6924904654891433
64.0,274.0,1004.2504272460938,-0.8223529424704155,2.825127807401638,-0.323922086313651,1.937577607926971,-0.7880478165526897,-0.5658922756132105,1.2049866790758093,0.2624683225465503,3.2458834880441487,0.9881096602322688
64.0,274.0,1004.8351440429688,0.383266327892847,3.526047267809437,-0.0464641811751654,3.441002486581674,0.4622121063248139,0.764653895575856,1.4226068635485682,-0.4876738443664548,3.654568720914268,1.5945743322906956
64.0,275.0,1004.6443481445312,0.6900176227674764,3.063074350782302,-0.3302721781170479,3.0126561550720083,-0.1976159951512532,1.5970259768578052,1.2511792713171723,-0.0167520924344081,3.4265898532482377,1.5636003792452855
64.0,275.0,1004.1213989257812,0.2153483923752346,2.977147305338594,-0.595687141216819,2.606774394934442,-1.0278964624926523,1.4248740797111572,1.4411335825086675,0.1643799556484128,3.274974405060643,1.674699710113174
64.0,275.0,1005.7791137695312,0.6317410114373033,3.3821840388898674,-0.6555082762858517,1.8304964441013163,0.265419887632873,0.7751960162999161,1.243165064585624,-0.3543464243561521,3.598221077351875,1.5754946386202904
64.0,275.0,1005.7072143554688,1.6491448804843336,2.9104453120023,-0.2376035463302053,3.615676320374159,-0.5459213406507523,1.0802436756395946,1.0229389087533642,-0.0226071327225542,3.134768809825729,1.4551102740604491
64.0,275.0,1005.2555541992188,-0.5037094802039921,3.707585390221884,-0.3280569768488796,3.321070462527059,0.979043172621886,-0.4155761280008436,0.9565504599200948,0.2951346271246178,3.295787014291044,2.1819067114242974
64.0,275.0,1005.51806640625,-0.40218204349395,2.9611396568649364,0.6762820959727607,3.216420950245242,-1.6087780174255435,1.486703313514423,0.3728051189080725,0.4352597544671966,2.6224629239329085,1.7656766646614763
64.0,275.0,1006.2119140625,0.4893625390202833,1.7795423029239368,-0.2283334970089545,3.1277989280704825,0.4981169607027755,1.141197769335064,2.5146578201478693,1.975507430672696,4.311031517865723,2.0922100116751228
64.0,275.0,1005.1494140625,1.4267671879387,2.82151791963309,-0.2050135975394147,3.599402345635524,-0.212234014229664,1.0699343377498252,1.054124327480299,-0.0348381047181509,3.2384919490320403,1.683330061310487
64.0,275.0,1005.474853515625,1.5026949966969567,4.303640589644998,0.0467183102294996,3.508585978273294,-0.276222544546385,1.2632585220760255,0.9839023829757484,0.4548566034085533,3.319979299343642,1.681623450852277
64.0,275.0,1004.5355224609376,-0.2067583177486083,2.156645823399848,1.1237471826284795,3.780946817479548,-0.5114493991580722,1.3470285072754011,1.5426076556614716,0.9251629364195506,3.6326501297850458,1.193605314089168
64.0,275.0,1004.0458984375,0.6627964073101363,1.902544155917261,1.7356517264199556,1.1276967507837976,-0.9532319298265536,0.6325625002596181,1.4181961809212862,1.2571856093798428,3.247627624338968,0.7396376473821458
64.0,275.0,1004.7117919921876,0.4052530103725722,2.862964791291889,1.0244185980793992,1.6185629550949447,0.0861167524434486,0.806110362194968,0.5149989619430992,0.0762824622613271,3.306353246449835,1.6419964791765842
64.0,275.0,1005.585205078125,1.4441076734521072,3.066111509674269,0.0067028297138759,3.194813058276394,-0.2495793018936137,1.1591742150332562,1.047291772061316,-0.0635626710663064,3.2934046480925203,1.7277033081006632
64.0,275.0,1004.95849609375,0.9162956780313632,2.1247201074083826,0.0379144096914144,3.0493734156772465,-0.204541723945408,1.0866278545155783,1.081534562537653,-0.1426858802547873,2.5531626479271203,1.6834925846586402
64.0,275.0,1003.9569702148438,0.448016906340041,3.105722986450256,0.8138035866923863,3.0955404770734902,0.2620725015799733,1.6869868466778326,0.0600023277914734,0.2622416693067444,3.1208073658522064,1.5478276998793208
64.0,275.0,1005.9080810546876,1.0513515896295955,3.0324479004866207,-0.1399893757068982,2.5909601277576697,-0.1207554487964864,2.5126882206643253,1.1607896320933913,0.180815057255496,3.251736532375584,2.58552590355996
64.0,275.0,1005.7649536132812,0.2825466944237913,3.223371955913502,-1.130107795435179,3.475165291581171,-1.048330892200188,0.6773142097574366,1.7224453178602437,-0.0116344510771347,2.978858171781275,1.664112733334867
64.0,275.0,1003.8233642578124,1.028523366259821,3.0628461474330293,-0.3204188298828894,3.0167776901382988,0.2647472536681213,1.306874930918926,0.9514498344110252,-0.5399432597472117,3.348110656193866,0.8965220619264871
64.0,275.0,1006.2741088867188,1.643031542836416,3.606370926934152,-0.6934784640503268,3.544777025413626,-0.1168117638030309,0.939111865717292,1.235370936060419,0.8014975999324441,3.270795648100955,1.6707495569788469
64.0,275.0,1005.4312744140624,1.3627715738376884,3.076635121501396,-0.2203183241854567,3.1897560510402903,-0.4507563945197057,1.1522013466208365,1.072078304572779,-0.0715777010715543,3.2997649430028133,1.6650114468654638
64.0,275.0,1006.1286010742188,1.5630251164579407,3.034072154337606,-0.2144607478813976,3.3747890166807086,-0.1840946200972616,1.0834848120091078,1.505132191142844,0.0986427251527393,3.2971237436003165,1.6407078622033984
64.0,275.0,1004.8368530273438,-0.0192859539180938,3.1458012448024646,-0.4052589456220559,3.5837623621294377,-0.4446218579421889,1.004306573519272,1.0674916208430016,-0.1473208806064043,4.659302750457305,1.266183010783346
64.0,275.0,1005.0035400390624,1.488088734200528,3.2964916798764268,-0.081613556681665,3.4931910742310563,-0.4795947022471148,1.19443031097595,1.5983254058784726,0.3030366300005376,3.1093375136026897,1.3517079212642986
64.0,275.0,1005.59716796875,0.8422960777773174,3.0348209215701183,-0.2311176520887816,3.530445462000517,0.731073415144617,1.0838871087870037,1.0526527931079228,-0.2789778063184201,3.525442996103043,1.9314441196361605
64.0,275.0,1005.1682739257812,0.4758226699530498,2.725912301651685,-0.0230184400084026,3.5041163169939864,-0.2839688026094656,0.98246182909671,0.7814411067738086,0.0567855685067581,3.2908997596538847,1.3640380101297185
64.0,275.0,1004.932861328125,1.5796322669745138,2.974669102036052,-0.2759972217390695,3.567574034001228,-0.2093543612178015,1.4940440693796724,1.055340177568717,-0.0056815911348413,3.322450316094878,2.2801882162059304
64.0,275.0,1004.5557861328124,1.021039932157859,3.115921688963008,1.0019107446718256,2.234313345165861,-1.2644187944951404,0.667371423970712,1.2297919770831705,0.8270215697473942,3.348214809893935,1.7947175164238944
64.0,275.0,1005.9476318359376,0.0416259073064684,3.056620648095169,0.9059087932371556,3.541676985417584,-0.4558259587305865,-0.3150494321593007,1.05123482986649,-0.0994281152615595,3.238383279985208,1.6565234082160285
64.0,275.0,1005.81201171875,1.0493680198447488,3.1481788145602274,-0.3742052874168526,1.7340138049668434,0.0318673716322229,0.8640905123034281,1.2404658485720614,-0.0193011184880681,2.7865877149951315,1.7316496760128115
64.0,275.0,1004.924560546875,1.3902787656971398,3.2388825019148166,-0.206591284257351,2.6835356447268124,-0.2393013169250669,1.0825663808182378,0.7880722208517016,0.1086941866441624,3.760609960660497,1.5499190461382142
64.0,275.0,1003.884033203125,1.1425112649696187,3.065090117718845,0.592860107788608,2.8071972518327133,0.2549808842303713,0.7688590957311772,1.1434486482266086,0.1774592781213724,3.2904317271738885,1.6652367097735672
64.0,275.0,1004.8756713867188,1.803103039357084,3.04969122379482,-0.2380855070972431,3.544222673085715,-0.3675432124331079,1.0049334701620785,1.0915745130618049,-0.0166428366782459,3.286393579044508,1.7128181502425668
64.0,275.0,1005.5949096679688,1.065741447403239,3.566321993171797,-0.1722097588879127,3.335195644635442,0.4153135222526197,1.6432684793938577,1.2308026718224587,0.3065238812510272,3.32453208933479,1.4181087479272612
64.0,275.0,1005.1708984375,1.5387374172758588,3.0630905424895096,-0.2761169812147975,3.539551483750204,-0.0710913967583387,1.0864629386437223,1.0432566156141505,0.0406253156605319,3.3703392304127733,1.6847979903288934
64.0,275.0,1004.3433227539062,1.5246637626108075,2.588764633984187,-0.2247483509817702,3.541791433209113,-0.2094105942329443,0.0900981966808316,1.4472220790014578,0.3634141441016041,3.275517642189521,1.677631713184814
64.0,275.0,1006.2902221679688,-0.4251081873792355,3.285807122763265,-0.1892787533432827,2.527234148491948,-0.6010386156964528,0.6565171337625719,1.76275366174798,-0.0125229395337214,3.152359389102193,1.536172754489335
64.0,275.0,1002.565185546875,0.5472914493255665,3.366882117201061,1.3060013984334584,1.9325170226020087,-1.0074251950736448,0.7432223534795421,1.6951969237110474,0.1334456915648295,3.316198941140461,1.659375229627378
64.0,275.0,1006.7476806640624,1.3783292661069166,2.227281756843792,0.7486796121921748,2.3676098445669496,-0.4352187250238886,0.1295667694666509,1.2582478032152908,0.9678886220425788,1.546052822985894,1.7088008776725607
64.0,275.0,1003.6841430664062,1.5264166200797986,3.063097861613356,-0.215819897253269,3.5490497273888275,-0.2048867388282806,1.0826619122252867,1.0511392207255632,-0.0170243374408754,3.2973942147249127,1.6821927523441609
64.0,275.0,1004.9850463867188,0.6143587211329081,3.6385777878302688,1.866782871449317,2.68567229671642,-0.0190286631641586,0.5847002488156035,1.759170199056142,0.7876675185527418,3.289135321111209,1.695106697781342
64.0,275.0,1006.3912353515624,1.0823124156003283,3.145532408020725,0.0937498638335725,4.3492484902596935,-0.983369492477124,0.3045399617600217,1.0355153888892177,-0.6035785196627739,3.47882371336145,1.9749920545649893
64.0,275.0,1003.7677001953124,0.9753379059727132,3.027481911426474,0.8914709442373026,3.6385006360362526,-0.1936568623912141,0.9354252219936228,1.0515023454212475,1.5844169383747184,3.3013099988549235,1.6821957420369034
64.0,275.0,1004.1815795898438,1.186914875836738,2.984003335173336,1.0917657361520303,3.111316162569416,-0.2135156752145395,1.956200428446676,1.1043285602139945,-0.0888351866134527,3.261696929640985,2.1191790875322365
64.0,275.0,1005.9786376953124,1.1755166225902458,3.0139295819900664,-0.2417305383366287,3.616814653335077,-0.2729520402836232,1.8592848557108288,1.1177652924446315,0.1211451494947978,3.912459696901169,2.2316448068592054
64.0,275.0,1004.7403564453124,0.4804166552562906,3.142058809388116,-0.507253232726782,3.78275224637308,-0.5671588827166028,1.1261544357254607,1.4122039073154182,0.5007209311294231,3.503301094810195,1.926829920271378
64.0,275.0,1004.5214233398438,1.3925082887281215,3.065088985864282,-0.1686798461004562,2.4937664364779137,-0.2246521629870259,1.0573601922845028,1.0844478999456344,-0.8866334099558765,3.2654268773896447,1.6563374701400866
64.0,275.0,1004.5638427734376,-0.2134668305182117,2.783390802993948,1.9017004885948512,1.4366753845009534,-0.5024318747415023,0.7385154890632665,0.977632335582272,0.2974201112703576,3.125186682888231,1.6802011201576457
64.0,275.0,1005.5848999023438,-0.4976473021030942,3.419951677935696,-0.3086301958483286,3.870154605804175,-1.1699164176837953,1.6993185462984577,0.8701808901365833,0.0028869377323087,3.427754210534899,1.6924904654891433
64.0,275.0,1004.2504272460938,-0.8223529424704155,2.825127807401638,-0.323922086313651,1.937577607926971,-0.7880478165526897,-0.5658922756132105,1.2049866790758093,0.2624683225465503,3.2458834880441487,0.9881096602322688
64.0,275.0,1004.8351440429688,0.383266327892847,3.526047267809437,-0.0464641811751654,3.441002486581674,0.4622121063248139,0.764653895575856,1.4226068635485682,-0.4876738443664548,3.654568720914268,1.5945743322906956
64.0,276.0,1004.6443481445312,0.6900176227674764,3.063074350782302,-0.3302721781170479,3.0126561550720083,-0.1976159951512532,1.5970259768578052,1.2511792713171723,-0.0167520924344081,3.4265898532482377,1.5636003792452855
64.0,276.0,1004.1213989257812,0.2153483923752346,2.977147305338594,-0.595687141216819,2.606774394934442,-1.0278964624926523,1.4248740797111572,1.4411335825086675,0.1643799556484128,3.274974405060643,1.674699710113174
64.0,276.0,1005.7791137695312,0.6317410114373033,3.3821840388898674,-0.6555082762858517,1.8304964441013163,0.265419887632873,0.7751960162999161,1.243165064585624,-0.3543464243561521,3.598221077351875,1.5754946386202904
64.0,276.0,1005.7072143554688,1.6491448804843336,2.9104453120023,-0.2376035463302053,3.615676320374159,-0.5459213406507523,1.0802436756395946,1.0229389087533642,-0.0226071327225542,3.134768809825729,1.4551102740604491
64.0,276.0,1005.2555541992188,-0.5037094802039921,3.707585390221884,-0.3280569768488796,3.321070462527059,0.979043172621886,-0.4155761280008436,0.9565504599200948,0.2951346271246178,3.295787014291044,2.1819067114242974
64.0,276.0,1005.51806640625,-0.40218204349395,2.9611396568649364,0.6762820959727607,3.216420950245242,-1.6087780174255435,1.486703313514423,0.3728051189080725,0.4352597544671966,2.6224629239329085,1.7656766646614763
64.0,276.0,1006.2119140625,0.4893625390202833,1.7795423029239368,-0.2283334970089545,3.1277989280704825,0.4981169607027755,1.141197769335064,2.5146578201478693,1.975507430672696,4.311031517865723,2.0922100116751228
64.0,276.0,1005.1494140625,1.4267671879387,2.82151791963309,-0.2050135975394147,3.599402345635524,-0.212234014229664,1.0699343377498252,1.054124327480299,-0.0348381047181509,3.2384919490320403,1.683330061310487
64.0,276.0,1005.474853515625,1.5026949966969567,4.303640589644998,0.0467183102294996,3.508585978273294,-0.276222544546385,1.2632585220760255,0.9839023829757484,0.4548566034085533,3.319979299343642,1.681623450852277
64.0,276.0,1004.5355224609376,-0.2067583177486083,2.156645823399848,1.1237471826284795,3.780946817479548,-0.5114493991580722,1.3470285072754011,1.5426076556614716,0.9251629364195506,3.6326501297850458,1.193605314089168
64.0,276.0,1004.0458984375,0.6627964073101363,1.902544155917261,1.7356517264199556,1.1276967507837976,-0.9532319298265536,0.6325625002596181,1.4181961809212862,1.2571856093798428,3.247627624338968,0.7396376473821458
64.0,276.0,1004.7117919921876,0.4052530103725722,2.862964791291889,1.0244185980793992,1.6185629550949447,0.0861167524434486,0.806110362194968,0.5149989619430992,0.0762824622613271,3.306353246449835,1.6419964791765842
64.0,276.0,1005.585205078125,1.4441076734521072,3.066111509674269,0.0067028297138759,3.194813058276394,-0.2495793018936137,1.1591742150332562,1.047291772061316,-0.0635626710663064,3.2934046480925203,1.7277033081006632
64.0,276.0,1004.95849609375,0.9162956780313632,2.1247201074083826,0.0379144096914144,3.0493734156772465,-0.204541723945408,1.0866278545155783,1.081534562537653,-0.1426858802547873,2.5531626479271203,1.6834925846586402
64.0,276.0,1003.9569702148438,0.448016906340041,3.105722986450256,0.8138035866923863,3.0955404770734902,0.2620725015799733,1.6869868466778326,0.0600023277914734,0.2622416693067444,3.1208073658522064,1.5478276998793208
64.0,276.0,1005.9080810546876,1.0513515896295955,3.0324479004866207,-0.1399893757068982,2.5909601277576697,-0.1207554487964864,2.5126882206643253,1.1607896320933913,0.180815057255496,3.251736532375584,2.58552590355996
64.0,276.0,1005.7649536132812,0.2825466944237913,3.223371955913502,-1.130107795435179,3.475165291581171,-1.048330892200188,0.6773142097574366,1.7224453178602437,-0.0116344510771347,2.978858171781275,1.664112733334867
64.0,276.0,1003.8233642578124,1.028523366259821,3.0628461474330293,-0.3204188298828894,3.0167776901382988,0.2647472536681213,1.306874930918926,0.9514498344110252,-0.5399432597472117,3.348110656193866,0.8965220619264871
64.0,276.0,1006.2741088867188,1.643031542836416,3.606370926934152,-0.6934784640503268,3.544777025413626,-0.1168117638030309,0.939111865717292,1.235370936060419,0.8014975999324441,3.270795648100955,1.6707495569788469
64.0,276.0,1005.4312744140624,1.3627715738376884,3.076635121501396,-0.2203183241854567,3.1897560510402903,-0.4507563945197057,1.1522013466208365,1.072078304572779,-0.0715777010715543,3.2997649430028133,1.6650114468654638
64.0,276.0,1006.1286010742188,1.5630251164579407,3.034072154337606,-0.2144607478813976,3.3747890166807086,-0.1840946200972616,1.0834848120091078,1.505132191142844,0.0986427251527393,3.2971237436003165,1.6407078622033984
64.0,276.0,1004.8368530273438,-0.0192859539180938,3.1458012448024646,-0.4052589456220559,3.5837623621294377,-0.4446218579421889,1.004306573519272,1.0674916208430016,-0.1473208806064043,4.659302750457305,1.266183010783346
64.0,276.0,1005.0035400390624,1.488088734200528,3.2964916798764268,-0.081613556681665,3.4931910742310563,-0.4795947022471148,1.19443031097595,1.5983254058784726,0.3030366300005376,3.1093375136026897,1.3517079212642986
64.0,276.0,1005.59716796875,0.8422960777773174,3.0348209215701183,-0.2311176520887816,3.530445462000517,0.731073415144617,1.0838871087870037,1.0526527931079228,-0.2789778063184201,3.525442996103043,1.9314441196361605
64.0,276.0,1005.1682739257812,0.4758226699530498,2.725912301651685,-0.0230184400084026,3.5041163169939864,-0.2839688026094656,0.98246182909671,0.7814411067738086,0.0567855685067581,3.2908997596538847,1.3640380101297185
64.0,276.0,1004.932861328125,1.5796322669745138,2.974669102036052,-0.2759972217390695,3.567574034001228,-0.2093543612178015,1.4940440693796724,1.055340177568717,-0.0056815911348413,3.322450316094878,2.2801882162059304
64.0,276.0,1004.5557861328124,1.021039932157859,3.115921688963008,1.0019107446718256,2.234313345165861,-1.2644187944951404,0.667371423970712,1.2297919770831705,0.8270215697473942,3.348214809893935,1.7947175164238944
64.0,276.0,1005.9476318359376,0.0416259073064684,3.056620648095169,0.9059087932371556,3.541676985417584,-0.4558259587305865,-0.3150494321593007,1.05123482986649,-0.0994281152615595,3.238383279985208,1.6565234082160285
64.0,276.0,1005.81201171875,1.0493680198447488,3.1481788145602274,-0.3742052874168526,1.7340138049668434,0.0318673716322229,0.8640905123034281,1.2404658485720614,-0.0193011184880681,2.7865877149951315,1.7316496760128115
64.0,276.0,1004.924560546875,1.3902787656971398,3.2388825019148166,-0.206591284257351,2.6835356447268124,-0.2393013169250669,1.0825663808182378,0.7880722208517016,0.1086941866441624,3.760609960660497,1.5499190461382142
64.0,276.0,1003.884033203125,1.1425112649696187,3.065090117718845,0.592860107788608,2.8071972518327133,0.2549808842303713,0.7688590957311772,1.1434486482266086,0.1774592781213724,3.2904317271738885,1.6652367097735672
64.0,276.0,1004.8756713867188,1.803103039357084,3.04969122379482,-0.2380855070972431,3.544222673085715,-0.3675432124331079,1.0049334701620785,1.0915745130618049,-0.0166428366782459,3.286393579044508,1.7128181502425668
64.0,276.0,1005.5949096679688,1.065741447403239,3.566321993171797,-0.1722097588879127,3.335195644635442,0.4153135222526197,1.6432684793938577,1.2308026718224587,0.3065238812510272,3.32453208933479,1.4181087479272612
64.0,276.0,1005.1708984375,1.5387374172758588,3.0630905424895096,-0.2761169812147975,3.539551483750204,-0.0710913967583387,1.0864629386437223,1.0432566156141505,0.0406253156605319,3.3703392304127733,1.6847979903288934
64.0,276.0,1004.3433227539062,1.5246637626108075,2.588764633984187,-0.2247483509817702,3.541791433209113,-0.2094105942329443,0.0900981966808316,1.4472220790014578,0.3634141441016041,3.275517642189521,1.677631713184814
64.0,276.0,1006.2902221679688,-0.4251081873792355,3.285807122763265,-0.1892787533432827,2.527234148491948,-0.6010386156964528,0.6565171337625719,1.76275366174798,-0.0125229395337214,3.152359389102193,1.536172754489335
64.0,276.0,1002.565185546875,0.5472914493255665,3.366882117201061,1.3060013984334584,1.9325170226020087,-1.0074251950736448,0.7432223534795421,1.6951969237110474,0.1334456915648295,3.316198941140461,1.659375229627378
64.0,276.0,1006.7476806640624,1.3783292661069166,2.227281756843792,0.7486796121921748,2.3676098445669496,-0.4352187250238886,0.1295667694666509,1.2582478032152908,0.9678886220425788,1.546052822985894,1.7088008776725607
64.0,276.0,1003.6841430664062,1.5264166200797986,3.063097861613356,-0.215819897253269,3.5490497273888275,-0.2048867388282806,1.0826619122252867,1.0511392207255632,-0.0170243374408754,3.2973942147249127,1.6821927523441609
64.0,276.0,1004.9850463867188,0.6143587211329081,3.6385777878302688,1.866782871449317,2.68567229671642,-0.0190286631641586,0.5847002488156035,1.759170199056142,0.7876675185527418,3.289135321111209,1.695106697781342
64.0,276.0,1006.3912353515624,1.0823124156003283,3.145532408020725,0.0937498638335725,4.3492484902596935,-0.983369492477124,0.3045399617600217,1.0355153888892177,-0.6035785196627739,3.47882371336145,1.9749920545649893
64.0,276.0,1003.7677001953124,0.9753379059727132,3.027481911426474,0.8914709442373026,3.6385006360362526,-0.1936568623912141,0.9354252219936228,1.0515023454212475,1.5844169383747184,3.3013099988549235,1.6821957420369034
64.0,276.0,1004.1815795898438,1.186914875836738,2.984003335173336,1.0917657361520303,3.111316162569416,-0.2135156752145395,1.956200428446676,1.1043285602139945,-0.0888351866134527,3.261696929640985,2.1191790875322365
64.0,276.0,1005.9786376953124,1.1755166225902458,3.0139295819900664,-0.2417305383366287,3.616814653335077,-0.2729520402836232,1.8592848557108288,1.1177652924446315,0.1211451494947978,3.912459696901169,2.2316448068592054
64.0,276.0,1004.7403564453124,0.4804166552562906,3.142058809388116,-0.507253232726782,3.78275224637308,-0.5671588827166028,1.1261544357254607,1.4122039073154182,0.5007209311294231,3.503301094810195,1.926829920271378
64.0,276.0,1004.5214233398438,1.3925082887281215,3.065088985864282,-0.1686798461004562,2.4937664364779137,-0.2246521629870259,1.0573601922845028,1.0844478999456344,-0.8866334099558765,3.2654268773896447,1.6563374701400866
64.0,276.0,1004.5638427734376,-0.2134668305182117,2.783390802993948,1.9017004885948512,1.4366753845009534,-0.5024318747415023,0.7385154890632665,0.977632335582272,0.2974201112703576,3.125186682888231,1.6802011201576457
64.0,276.0,1005.5848999023438,-0.4976473021030942,3.419951677935696,-0.3086301958483286,3.870154605804175,-1.1699164176837953,1.6993185462984577,0.8701808901365833,0.0028869377323087,3.427754210534899,1.6924904654891433
64.0,276.0,1004.2504272460938,-0.8223529424704155,2.825127807401638,-0.323922086313651,1.937577607926971,-0.7880478165526897,-0.5658922756132105,1.2049866790758093,0.2624683225465503,3.2458834880441487,0.9881096602322688
64.0,276.0,1004.8351440429688,0.383266327892847,3.526047267809437,-0.0464641811751654,3.441002486581674,0.4622121063248139,0.764653895575856,1.4226068635485682,-0.4876738443664548,3.654568720914268,1.5945743322906956
64.0,277.0,1004.6443481445312,0.6900176227674764,3.063074350782302,-0.3302721781170479,3.0126561550720083,-0.1976159951512532,1.5970259768578052,1.2511792713171723,-0.0167520924344081,3.4265898532482377,1.5636003792452855
64.0,277.0,1004.1213989257812,0.2153483923752346,2.977147305338594,-0.595687141216819,2.606774394934442,-1.0278964624926523,1.4248740797111572,1.4411335825086675,0.1643799556484128,3.274974405060643,1.674699710113174
64.0,277.0,1005.7791137695312,0.6317410114373033,3.3821840388898674,-0.6555082762858517,1.8304964441013163,0.265419887632873,0.7751960162999161,1.243165064585624,-0.3543464243561521,3.598221077351875,1.5754946386202904
64.0,277.0,1005.7072143554688,1.6491448804843336,2.9104453120023,-0.2376035463302053,3.615676320374159,-0.5459213406507523,1.0802436756395946,1.0229389087533642,-0.0226071327225542,3.134768809825729,1.4551102740604491
64.0,277.0,1005.2555541992188,-0.5037094802039921,3.707585390221884,-0.3280569768488796,3.321070462527059,0.979043172621886,-0.4155761280008436,0.9565504599200948,0.2951346271246178,3.295787014291044,2.1819067114242974
64.0,277.0,1005.51806640625,-0.40218204349395,2.9611396568649364,0.6762820959727607,3.216420950245242,-1.6087780174255435,1.486703313514423,0.3728051189080725,0.4352597544671966,2.6224629239329085,1.7656766646614763
64.0,277.0,1006.2119140625,0.4893625390202833,1.7795423029239368,-0.2283334970089545,3.1277989280704825,0.4981169607027755,1.141197769335064,2.5146578201478693,1.975507430672696,4.311031517865723,2.0922100116751228
64.0,277.0,1005.1494140625,1.4267671879387,2.82151791963309,-0.2050135975394147,3.599402345635524,-0.212234014229664,1.0699343377498252,1.054124327480299,-0.0348381047181509,3.2384919490320403,1.683330061310487
64.0,277.0,1005.474853515625,1.5026949966969567,4.303640589644998,0.0467183102294996,3.508585978273294,-0.276222544546385,1.2632585220760255,0.9839023829757484,0.4548566034085533,3.319979299343642,1.681623450852277
64.0,277.0,1004.5355224609376,-0.2067583177486083,2.156645823399848,1.1237471826284795,3.780946817479548,-0.5114493991580722,1.3470285072754011,1.5426076556614716,0.9251629364195506,3.6326501297850458,1.193605314089168
64.0,277.0,1004.0458984375,0.6627964073101363,1.902544155917261,1.7356517264199556,1.1276967507837976,-0.9532319298265536,0.6325625002596181,1.4181961809212862,1.2571856093798428,3.247627624338968,0.7396376473821458
64.0,277.0,1004.7117919921876,0.4052530103725722,2.862964791291889,1.0244185980793992,1.6185629550949447,0.0861167524434486,0.806110362194968,0.5149989619430992,0.0762824622613271,3.306353246449835,1.6419964791765842
64.0,277.0,1005.585205078125,1.4441076734521072,3.066111509674269,0.0067028297138759,3.194813058276394,-0.2495793018936137,1.1591742150332562,1.047291772061316,-0.0635626710663064,3.2934046480925203,1.7277033081006632
64.0,277.0,1004.95849609375,0.9162956780313632,2.1247201074083826,0.0379144096914144,3.0493734156772465,-0.204541723945408,1.0866278545155783,1.081534562537653,-0.1426858802547873,2.5531626479271203,1.6834925846586402
64.0,277.0,1003.9569702148438,0.448016906340041,3.105722986450256,0.8138035866923863,3.0955404770734902,0.2620725015799733,1.6869868466778326,0.0600023277914734,0.2622416693067444,3.1208073658522064,1.5478276998793208
64.0,277.0,1005.9080810546876,1.0513515896295955,3.0324479004866207,-0.1399893757068982,2.5909601277576697,-0.1207554487964864,2.5126882206643253,1.1607896320933913,0.180815057255496,3.251736532375584,2.58552590355996
64.0,277.0,1005.7649536132812,0.2825466944237913,3.223371955913502,-1.130107795435179,3.475165291581171,-1.048330892200188,0.6773142097574366,1.7224453178602437,-0.0116344510771347,2.978858171781275,1.664112733334867
64.0,277.0,1003.8233642578124,1.028523366259821,3.0628461474330293,-0.3204188298828894,3.0167776901382988,0.2647472536681213,1.306874930918926,0.9514498344110252,-0.5399432597472117,3.348110656193866,0.8965220619264871
64.0,277.0,1006.2741088867188,1.643031542836416,3.606370926934152,-0.6934784640503268,3.544777025413626,-0.1168117638030309,0.939111865717292,1.235370936060419,0.8014975999324441,3.270795648100955,1.6707495569788469
64.0,277.0,1005.4312744140624,1.3627715738376884,3.076635121501396,-0.2203183241854567,3.1897560510402903,-0.4507563945197057,1.1522013466208365,1.072078304572779,-0.0715777010715543,3.2997649430028133,1.6650114468654638
64.0,277.0,1006.1286010742188,1.5630251164579407,3.034072154337606,-0.2144607478813976,3.3747890166807086,-0.1840946200972616,1.0834848120091078,1.505132191142844,0.0986427251527393,3.2971237436003165,1.6407078622033984
64.0,277.0,1004.8368530273438,-0.0192859539180938,3.1458012448024646,-0.4052589456220559,3.5837623621294377,-0.4446218579421889,1.004306573519272,1.0674916208430016,-0.1473208806064043,4.659302750457305,1.266183010783346
64.0,277.0,1005.0035400390624,1.488088734200528,3.2964916798764268,-0.081613556681665,3.4931910742310563,-0.4795947022471148,1.19443031097595,1.5983254058784726,0.3030366300005376,3.1093375136026897,1.3517079212642986
64.0,277.0,1005.59716796875,0.8422960777773174,3.0348209215701183,-0.2311176520887816,3.530445462000517,0.731073415144617,1.0838871087870037,1.0526527931079228,-0.2789778063184201,3.525442996103043,1.9314441196361605
64.0,277.0,1005.1682739257812,0.4758226699530498,2.725912301651685,-0.0230184400084026,3.5041163169939864,-0.2839688026094656,0.98246182909671,0.7814411067738086,0.0567855685067581,3.2908997596538847,1.3640380101297185
64.0,277.0,1004.932861328125,1.5796322669745138,2.974669102036052,-0.2759972217390695,3.567574034001228,-0.2093543612178015,1.4940440693796724,1.055340177568717,-0.0056815911348413,3.322450316094878,2.2801882162059304
64.0,277.0,1004.5557861328124,1.021039932157859,3.115921688963008,1.0019107446718256,2.234313345165861,-1.2644187944951404,0.667371423970712,1.2297919770831705,0.8270215697473942,3.348214809893935,1.7947175164238944
64.0,277.0,1005.9476318359376,0.0416259073064684,3.056620648095169,0.9059087932371556,3.541676985417584,-0.4558259587305865,-0.3150494321593007,1.05123482986649,-0.0994281152615595,3.238383279985208,1.6565234082160285
64.0,277.0,1005.81201171875,1.0493680198447488,3.1481788145602274,-0.3742052874168526,1.7340138049668434,0.0318673716322229,0.8640905123034281,1.2404658485720614,-0.0193011184880681,2.7865877149951315,1.7316496760128115
64.0,277.0,1004.924560546875,1.3902787656971398,3.2388825019148166,-0.206591284257351,2.6835356447268124,-0.2393013169250669,1.0825663808182378,0.7880722208517016,0.1086941866441624,3.760609960660497,1.5499190461382142
64.0,277.0,1003.884033203125,1.1425112649696187,3.065090117718845,0.592860107788608,2.8071972518327133,0.2549808842303713,0.7688590957311772,1.1434486482266086,0.1774592781213724,3.2904317271738885,1.6652367097735672
64.0,277.0,1004.8756713867188,1.803103039357084,3.04969122379482,-0.2380855070972431,3.544222673085715,-0.3675432124331079,1.0049334701620785,1.0915745130618049,-0.0166428366782459,3.286393579044508,1.7128181502425668
64.0,277.0,1005.5949096679688,1.065741447403239,3.566321993171797,-0.1722097588879127,3.335195644635442,0.4153135222526197,1.6432684793938577,1.2308026718224587,0.3065238812510272,3.32453208933479,1.4181087479272612
64.0,277.0,1005.1708984375,1.5387374172758588,3.0630905424895096,-0.2761169812147975,3.539551483750204,-0.0710913967583387,1.0864629386437223,1.0432566156141505,0.0406253156605319,3.3703392304127733,1.6847979903288934
64.0,277.0,1004.3433227539062,1.5246637626108075,2.588764633984187,-0.2247483509817702,3.541791433209113,-0.2094105942329443,0.0900981966808316,1.4472220790014578,0.3634141441016041,3.275517642189521,1.677631713184814
64.0,277.0,1005.5083618164062,-1.2715466490038871,3.33646995284633,1.2426772752163675,2.38751705217131,-0.8710368221530405,0.5865526170487287,0.9075178980445896,-0.0053437737026581,3.023257466028761,1.5838181227778998
64.0,277.0,1002.565185546875,0.5472914493255665,3.366882117201061,1.3060013984334584,1.9325170226020087,-1.0074251950736448,0.7432223534795421,1.6951969237110474,0.1334456915648295,3.316198941140461,1.659375229627378
64.0,277.0,1006.7476806640624,1.3783292661069166,2.227281756843792,0.7486796121921748,2.3676098445669496,-0.4352187250238886,0.1295667694666509,1.2582478032152908,0.9678886220425788,1.546052822985894,1.7088008776725607
64.0,277.0,1003.6841430664062,1.5264166200797986,3.063097861613356,-0.215819897253269,3.5490497273888275,-0.2048867388282806,1.0826619122252867,1.0511392207255632,-0.0170243374408754,3.2973942147249127,1.6821927523441609
64.0,277.0,1004.9850463867188,0.6143587211329081,3.6385777878302688,1.866782871449317,2.68567229671642,-0.0190286631641586,0.5847002488156035,1.759170199056142,0.7876675185527418,3.289135321111209,1.695106697781342
64.0,277.0,1006.3912353515624,1.0823124156003283,3.145532408020725,0.0937498638335725,4.3492484902596935,-0.983369492477124,0.3045399617600217,1.0355153888892177,-0.6035785196627739,3.47882371336145,1.9749920545649893
64.0,277.0,1003.7677001953124,0.9753379059727132,3.027481911426474,0.8914709442373026,3.6385006360362526,-0.1936568623912141,0.9354252219936228,1.0515023454212475,1.5844169383747184,3.3013099988549235,1.6821957420369034
64.0,277.0,1004.1815795898438,1.186914875836738,2.984003335173336,1.0917657361520303,3.111316162569416,-0.2135156752145395,1.956200428446676,1.1043285602139945,-0.0888351866134527,3.261696929640985,2.1191790875322365
64.0,277.0,1005.9786376953124,1.1755166225902458,3.0139295819900664,-0.2417305383366287,3.616814653335077,-0.2729520402836232,1.8592848557108288,1.1177652924446315,0.1211451494947978,3.912459696901169,2.2316448068592054
64.0,277.0,1004.7403564453124,0.4804166552562906,3.142058809388116,-0.507253232726782,3.78275224637308,-0.5671588827166028,1.1261544357254607,1.4122039073154182,0.5007209311294231,3.503301094810195,1.926829920271378
64.0,277.0,1004.5214233398438,1.3925082887281215,3.065088985864282,-0.1686798461004562,2.4937664364779137,-0.2246521629870259,1.0573601922845028,1.0844478999456344,-0.8866334099558765,3.2654268773896447,1.6563374701400866
64.0,277.0,1004.5638427734376,-0.2134668305182117,2.783390802993948,1.9017004885948512,1.4366753845009534,-0.5024318747415023,0.7385154890632665,0.977632335582272,0.2974201112703576,3.125186682888231,1.6802011201576457
64.0,277.0,1005.5848999023438,-0.4976473021030942,3.419951677935696,-0.3086301958483286,3.870154605804175,-1.1699164176837953,1.6993185462984577,0.8701808901365833,0.0028869377323087,3.427754210534899,1.6924904654891433
64.0,277.0,1004.2504272460938,-0.8223529424704155,2.825127807401638,-0.323922086313651,1.937577607926971,-0.7880478165526897,-0.5658922756132105,1.2049866790758093,0.2624683225465503,3.2458834880441487,0.9881096602322688
64.0,277.0,1004.8351440429688,0.383266327892847,3.526047267809437,-0.0464641811751654,3.441002486581674,0.4622121063248139,0.764653895575856,1.4226068635485682,-0.4876738443664548,3.654568720914268,1.5945743322906956
64.0,278.0,1004.6443481445312,0.6900176227674764,3.063074350782302,-0.3302721781170479,3.0126561550720083,-0.1976159951512532,1.5970259768578052,1.2511792713171723,-0.0167520924344081,3.4265898532482377,1.5636003792452855
64.0,278.0,1004.1213989257812,0.2153483923752346,2.977147305338594,-0.595687141216819,2.606774394934442,-1.0278964624926523,1.4248740797111572,1.4411335825086675,0.1643799556484128,3.274974405060643,1.674699710113174
64.0,278.0,1005.7791137695312,0.6317410114373033,3.3821840388898674,-0.6555082762858517,1.8304964441013163,0.265419887632873,0.7751960162999161,1.243165064585624,-0.3543464243561521,3.598221077351875,1.5754946386202904
64.0,278.0,1005.7072143554688,1.6491448804843336,2.9104453120023,-0.2376035463302053,3.615676320374159,-0.5459213406507523,1.0802436756395946,1.0229389087533642,-0.0226071327225542,3.134768809825729,1.4551102740604491
64.0,278.0,1005.2555541992188,-0.5037094802039921,3.707585390221884,-0.3280569768488796,3.321070462527059,0.979043172621886,-0.4155761280008436,0.9565504599200948,0.2951346271246178,3.295787014291044,2.1819067114242974
64.0,278.0,1005.51806640625,-0.40218204349395,2.9611396568649364,0.6762820959727607,3.216420950245242,-1.6087780174255435,1.486703313514423,0.3728051189080725,0.4352597544671966,2.6224629239329085,1.7656766646614763
64.0,278.0,1006.2119140625,0.4893625390202833,1.7795423029239368,-0.2283334970089545,3.1277989280704825,0.4981169607027755,1.141197769335064,2.5146578201478693,1.975507430672696,4.311031517865723,2.0922100116751228
64.0,278.0,1005.1494140625,1.4267671879387,2.82151791963309,-0.2050135975394147,3.599402345635524,-0.212234014229664,1.0699343377498252,1.054124327480299,-0.0348381047181509,3.2384919490320403,1.683330061310487
64.0,278.0,1005.474853515625,1.5026949966969567,4.303640589644998,0.0467183102294996,3.508585978273294,-0.276222544546385,1.2632585220760255,0.9839023829757484,0.4548566034085533,3.319979299343642,1.681623450852277
64.0,278.0,1004.5355224609376,-0.2067583177486083,2.156645823399848,1.1237471826284795,3.780946817479548,-0.5114493991580722,1.3470285072754011,1.5426076556614716,0.9251629364195506,3.6326501297850458,1.193605314089168
64.0,278.0,1004.0458984375,0.6627964073101363,1.902544155917261,1.7356517264199556,1.1276967507837976,-0.9532319298265536,0.6325625002596181,1.4181961809212862,1.2571856093798428,3.247627624338968,0.7396376473821458
64.0,278.0,1004.7117919921876,0.4052530103725722,2.862964791291889,1.0244185980793992,1.6185629550949447,0.0861167524434486,0.806110362194968,0.5149989619430992,0.0762824622613271,3.306353246449835,1.6419964791765842
64.0,278.0,1005.585205078125,1.4441076734521072,3.066111509674269,0.0067028297138759,3.194813058276394,-0.2495793018936137,1.1591742150332562,1.047291772061316,-0.0635626710663064,3.2934046480925203,1.7277033081006632
64.0,278.0,1004.95849609375,0.9162956780313632,2.1247201074083826,0.0379144096914144,3.0493734156772465,-0.204541723945408,1.0866278545155783,1.081534562537653,-0.1426858802547873,2.5531626479271203,1.6834925846586402
64.0,278.0,1003.9569702148438,0.448016906340041,3.105722986450256,0.8138035866923863,3.0955404770734902,0.2620725015799733,1.6869868466778326,0.0600023277914734,0.2622416693067444,3.1208073658522064,1.5478276998793208
64.0,278.0,1005.9080810546876,1.0513515896295955,3.0324479004866207,-0.1399893757068982,2.5909601277576697,-0.1207554487964864,2.5126882206643253,1.1607896320933913,0.180815057255496,3.251736532375584,2.58552590355996
64.0,278.0,1005.7649536132812,0.2825466944237913,3.223371955913502,-1.130107795435179,3.475165291581171,-1.048330892200188,0.6773142097574366,1.7224453178602437,-0.0116344510771347,2.978858171781275,1.664112733334867
64.0,278.0,1003.8233642578124,1.028523366259821,3.0628461474330293,-0.3204188298828894,3.0167776901382988,0.2647472536681213,1.306874930918926,0.9514498344110252,-0.5399432597472117,3.348110656193866,0.8965220619264871
64.0,278.0,1006.2741088867188,1.643031542836416,3.606370926934152,-0.6934784640503268,3.544777025413626,-0.1168117638030309,0.939111865717292,1.235370936060419,0.8014975999324441,3.270795648100955,1.6707495569788469
64.0,278.0,1005.4312744140624,1.3627715738376884,3.076635121501396,-0.2203183241854567,3.1897560510402903,-0.4507563945197057,1.1522013466208365,1.072078304572779,-0.0715777010715543,3.2997649430028133,1.6650114468654638
64.0,278.0,1006.1286010742188,1.5630251164579407,3.034072154337606,-0.2144607478813976,3.3747890166807086,-0.1840946200972616,1.0834848120091078,1.505132191142844,0.0986427251527393,3.2971237436003165,1.6407078622033984
64.0,278.0,1004.8368530273438,-0.0192859539180938,3.1458012448024646,-0.4052589456220559,3.5837623621294377,-0.4446218579421889,1.004306573519272,1.0674916208430016,-0.1473208806064043,4.659302750457305,1.266183010783346
64.0,278.0,1005.0035400390624,1.488088734200528,3.2964916798764268,-0.081613556681665,3.4931910742310563,-0.4795947022471148,1.19443031097595,1.5983254058784726,0.3030366300005376,3.1093375136026897,1.3517079212642986
64.0,278.0,1005.59716796875,0.8422960777773174,3.0348209215701183,-0.2311176520887816,3.530445462000517,0.731073415144617,1.0838871087870037,1.0526527931079228,-0.2789778063184201,3.525442996103043,1.9314441196361605
64.0,278.0,1005.1682739257812,0.4758226699530498,2.725912301651685,-0.0230184400084026,3.5041163169939864,-0.2839688026094656,0.98246182909671,0.7814411067738086,0.0567855685067581,3.2908997596538847,1.3640380101297185
64.0,278.0,1004.932861328125,1.5796322669745138,2.974669102036052,-0.2759972217390695,3.567574034001228,-0.2093543612178015,1.4940440693796724,1.055340177568717,-0.0056815911348413,3.322450316094878,2.2801882162059304
64.0,278.0,1004.5557861328124,1.021039932157859,3.115921688963008,1.0019107446718256,2.234313345165861,-1.2644187944951404,0.667371423970712,1.2297919770831705,0.8270215697473942,3.348214809893935,1.7947175164238944
64.0,278.0,1005.9476318359376,0.0416259073064684,3.056620648095169,0.9059087932371556,3.541676985417584,-0.4558259587305865,-0.3150494321593007,1.05123482986649,-0.0994281152615595,3.238383279985208,1.6565234082160285
64.0,278.0,1005.81201171875,1.0493680198447488,3.1481788145602274,-0.3742052874168526,1.7340138049668434,0.0318673716322229,0.8640905123034281,1.2404658485720614,-0.0193011184880681,2.7865877149951315,1.7316496760128115
64.0,278.0,1004.924560546875,1.3902787656971398,3.2388825019148166,-0.206591284257351,2.6835356447268124,-0.2393013169250669,1.0825663808182378,0.7880722208517016,0.1086941866441624,3.760609960660497,1.5499190461382142
64.0,278.0,1003.884033203125,1.1425112649696187,3.065090117718845,0.592860107788608,2.8071972518327133,0.2549808842303713,0.7688590957311772,1.1434486482266086,0.1774592781213724,3.2904317271738885,1.6652367097735672
64.0,278.0,1004.8756713867188,1.803103039357084,3.04969122379482,-0.2380855070972431,3.544222673085715,-0.3675432124331079,1.0049334701620785,1.0915745130618049,-0.0166428366782459,3.286393579044508,1.7128181502425668
64.0,278.0,1005.5949096679688,1.065741447403239,3.566321993171797,-0.1722097588879127,3.335195644635442,0.4153135222526197,1.6432684793938577,1.2308026718224587,0.3065238812510272,3.32453208933479,1.4181087479272612
64.0,278.0,1005.1708984375,1.5387374172758588,3.0630905424895096,-0.2761169812147975,3.539551483750204,-0.0710913967583387,1.0864629386437223,1.0432566156141505,0.0406253156605319,3.3703392304127733,1.6847979903288934
64.0,278.0,1004.3433227539062,1.5246637626108075,2.588764633984187,-0.2247483509817702,3.541791433209113,-0.2094105942329443,0.0900981966808316,1.4472220790014578,0.3634141441016041,3.275517642189521,1.677631713184814
64.0,278.0,1005.5083618164062,-1.2715466490038871,3.33646995284633,1.2426772752163675,2.38751705217131,-0.8710368221530405,0.5865526170487287,0.9075178980445896,-0.0053437737026581,3.023257466028761,1.5838181227778998
64.0,278.0,1002.565185546875,0.5472914493255665,3.366882117201061,1.3060013984334584,1.9325170226020087,-1.0074251950736448,0.7432223534795421,1.6951969237110474,0.1334456915648295,3.316198941140461,1.659375229627378
64.0,278.0,1006.7476806640624,1.3783292661069166,2.227281756843792,0.7486796121921748,2.3676098445669496,-0.4352187250238886,0.1295667694666509,1.2582478032152908,0.9678886220425788,1.546052822985894,1.7088008776725607
64.0,278.0,1003.6841430664062,1.5264166200797986,3.063097861613356,-0.215819897253269,3.5490497273888275,-0.2048867388282806,1.0826619122252867,1.0511392207255632,-0.0170243374408754,3.2973942147249127,1.6821927523441609
64.0,278.0,1004.9850463867188,0.6143587211329081,3.6385777878302688,1.866782871449317,2.68567229671642,-0.0190286631641586,0.5847002488156035,1.759170199056142,0.7876675185527418,3.289135321111209,1.695106697781342
64.0,278.0,1006.3912353515624,1.0823124156003283,3.145532408020725,0.0937498638335725,4.3492484902596935,-0.983369492477124,0.3045399617600217,1.0355153888892177,-0.6035785196627739,3.47882371336145,1.9749920545649893
64.0,278.0,1003.7677001953124,0.9753379059727132,3.027481911426474,0.8914709442373026,3.6385006360362526,-0.1936568623912141,0.9354252219936228,1.0515023454212475,1.5844169383747184,3.3013099988549235,1.6821957420369034
64.0,278.0,1004.1815795898438,1.186914875836738,2.984003335173336,1.0917657361520303,3.111316162569416,-0.2135156752145395,1.956200428446676,1.1043285602139945,-0.0888351866134527,3.261696929640985,2.1191790875322365
64.0,278.0,1005.9786376953124,1.1755166225902458,3.0139295819900664,-0.2417305383366287,3.616814653335077,-0.2729520402836232,1.8592848557108288,1.1177652924446315,0.1211451494947978,3.912459696901169,2.2316448068592054
64.0,278.0,1004.7403564453124,0.4804166552562906,3.142058809388116,-0.507253232726782,3.78275224637308,-0.5671588827166028,1.1261544357254607,1.4122039073154182,0.5007209311294231,3.503301094810195,1.926829920271378
64.0,278.0,1004.5214233398438,1.3925082887281215,3.065088985864282,-0.1686798461004562,2.4937664364779137,-0.2246521629870259,1.0573601922845028,1.0844478999456344,-0.8866334099558765,3.2654268773896447,1.6563374701400866
64.0,278.0,1004.5638427734376,-0.2134668305182117,2.783390802993948,1.9017004885948512,1.4366753845009534,-0.5024318747415023,0.7385154890632665,0.977632335582272,0.2974201112703576,3.125186682888231,1.6802011201576457
64.0,278.0,1005.5848999023438,-0.4976473021030942,3.419951677935696,-0.3086301958483286,3.870154605804175,-1.1699164176837953,1.6993185462984577,0.8701808901365833,0.0028869377323087,3.427754210534899,1.6924904654891433
64.0,278.0,1004.2504272460938,-0.8223529424704155,2.825127807401638,-0.323922086313651,1.937577607926971,-0.7880478165526897,-0.5658922756132105,1.2049866790758093,0.2624683225465503,3.2458834880441487,0.9881096602322688
64.0,278.0,1004.8351440429688,0.383266327892847,3.526047267809437,-0.0464641811751654,3.441002486581674,0.4622121063248139,0.764653895575856,1.4226068635485682,-0.4876738443664548,3.654568720914268,1.5945743322906956
64.0,279.0,1004.6443481445312,0.6900176227674764,3.063074350782302,-0.3302721781170479,3.0126561550720083,-0.1976159951512532,1.5970259768578052,1.2511792713171723,-0.0167520924344081,3.4265898532482377,1.5636003792452855
64.0,279.0,1004.1213989257812,0.2153483923752346,2.977147305338594,-0.595687141216819,2.606774394934442,-1.0278964624926523,1.4248740797111572,1.4411335825086675,0.1643799556484128,3.274974405060643,1.674699710113174
64.0,279.0,1005.7791137695312,0.6317410114373033,3.3821840388898674,-0.6555082762858517,1.8304964441013163,0.265419887632873,0.7751960162999161,1.243165064585624,-0.3543464243561521,3.598221077351875,1.5754946386202904
64.0,279.0,1005.7072143554688,1.6491448804843336,2.9104453120023,-0.2376035463302053,3.615676320374159,-0.5459213406507523,1.0802436756395946,1.0229389087533642,-0.0226071327225542,3.134768809825729,1.4551102740604491
64.0,279.0,1005.2555541992188,-0.5037094802039921,3.707585390221884,-0.3280569768488796,3.321070462527059,0.979043172621886,-0.4155761280008436,0.9565504599200948,0.2951346271246178,3.295787014291044,2.1819067114242974
64.0,279.0,1005.51806640625,-0.40218204349395,2.9611396568649364,0.6762820959727607,3.216420950245242,-1.6087780174255435,1.486703313514423,0.3728051189080725,0.4352597544671966,2.6224629239329085,1.7656766646614763
64.0,279.0,1006.2119140625,0.4893625390202833,1.7795423029239368,-0.2283334970089545,3.1277989280704825,0.4981169607027755,1.141197769335064,2.5146578201478693,1.975507430672696,4.311031517865723,2.0922100116751228
64.0,279.0,1005.1494140625,1.4267671879387,2.82151791963309,-0.2050135975394147,3.599402345635524,-0.212234014229664,1.0699343377498252,1.054124327480299,-0.0348381047181509,3.2384919490320403,1.683330061310487
64.0,279.0,1005.474853515625,1.5026949966969567,4.303640589644998,0.0467183102294996,3.508585978273294,-0.276222544546385,1.2632585220760255,0.9839023829757484,0.4548566034085533,3.319979299343642,1.681623450852277
64.0,279.0,1004.5355224609376,-0.2067583177486083,2.156645823399848,1.1237471826284795,3.780946817479548,-0.5114493991580722,1.3470285072754011,1.5426076556614716,0.9251629364195506,3.6326501297850458,1.193605314089168
64.0,279.0,1004.0458984375,0.6627964073101363,1.902544155917261,1.7356517264199556,1.1276967507837976,-0.9532319298265536,0.6325625002596181,1.4181961809212862,1.2571856093798428,3.247627624338968,0.7396376473821458
64.0,279.0,1004.7117919921876,0.4052530103725722,2.862964791291889,1.0244185980793992,1.6185629550949447,0.0861167524434486,0.806110362194968,0.5149989619430992,0.0762824622613271,3.306353246449835,1.6419964791765842
64.0,279.0,1005.585205078125,1.4441076734521072,3.066111509674269,0.0067028297138759,3.194813058276394,-0.2495793018936137,1.1591742150332562,1.047291772061316,-0.0635626710663064,3.2934046480925203,1.7277033081006632
64.0,279.0,1004.95849609375,0.9162956780313632,2.1247201074083826,0.0379144096914144,3.0493734156772465,-0.204541723945408,1.0866278545155783,1.081534562537653,-0.1426858802547873,2.5531626479271203,1.6834925846586402
64.0,279.0,1003.9569702148438,0.448016906340041,3.105722986450256,0.8138035866923863,3.0955404770734902,0.2620725015799733,1.6869868466778326,0.0600023277914734,0.2622416693067444,3.1208073658522064,1.5478276998793208
64.0,279.0,1005.9080810546876,1.0513515896295955,3.0324479004866207,-0.1399893757068982,2.5909601277576697,-0.1207554487964864,2.5126882206643253,1.1607896320933913,0.180815057255496,3.251736532375584,2.58552590355996
64.0,279.0,1005.7649536132812,0.2825466944237913,3.223371955913502,-1.130107795435179,3.475165291581171,-1.048330892200188,0.6773142097574366,1.7224453178602437,-0.0116344510771347,2.978858171781275,1.664112733334867
64.0,279.0,1003.8233642578124,1.028523366259821,3.0628461474330293,-0.3204188298828894,3.0167776901382988,0.2647472536681213,1.306874930918926,0.9514498344110252,-0.5399432597472117,3.348110656193866,0.8965220619264871
64.0,279.0,1006.2741088867188,1.643031542836416,3.606370926934152,-0.6934784640503268,3.544777025413626,-0.1168117638030309,0.939111865717292,1.235370936060419,0.8014975999324441,3.270795648100955,1.6707495569788469
64.0,279.0,1005.4312744140624,1.3627715738376884,3.076635121501396,-0.2203183241854567,3.1897560510402903,-0.4507563945197057,1.1522013466208365,1.072078304572779,-0.0715777010715543,3.2997649430028133,1.6650114468654638
64.0,279.0,1006.1286010742188,1.5630251164579407,3.034072154337606,-0.2144607478813976,3.3747890166807086,-0.1840946200972616,1.0834848120091078,1.505132191142844,0.0986427251527393,3.2971237436003165,1.6407078622033984
64.0,279.0,1004.8368530273438,-0.0192859539180938,3.1458012448024646,-0.4052589456220559,3.5837623621294377,-0.4446218579421889,1.004306573519272,1.0674916208430016,-0.1473208806064043,4.659302750457305,1.266183010783346
64.0,279.0,1005.0035400390624,1.488088734200528,3.2964916798764268,-0.081613556681665,3.4931910742310563,-0.4795947022471148,1.19443031097595,1.5983254058784726,0.3030366300005376,3.1093375136026897,1.3517079212642986
64.0,279.0,1005.59716796875,0.8422960777773174,3.0348209215701183,-0.2311176520887816,3.530445462000517,0.731073415144617,1.0838871087870037,1.0526527931079228,-0.2789778063184201,3.525442996103043,1.9314441196361605
64.0,279.0,1005.1682739257812,0.4758226699530498,2.725912301651685,-0.0230184400084026,3.5041163169939864,-0.2839688026094656,0.98246182909671,0.7814411067738086,0.0567855685067581,3.2908997596538847,1.3640380101297185
64.0,279.0,1004.932861328125,1.5796322669745138,2.974669102036052,-0.2759972217390695,3.567574034001228,-0.2093543612178015,1.4940440693796724,1.055340177568717,-0.0056815911348413,3.322450316094878,2.2801882162059304
64.0,279.0,1004.5557861328124,1.021039932157859,3.115921688963008,1.0019107446718256,2.234313345165861,-1.2644187944951404,0.667371423970712,1.2297919770831705,0.8270215697473942,3.348214809893935,1.7947175164238944
64.0,279.0,1005.9476318359376,0.0416259073064684,3.056620648095169,0.9059087932371556,3.541676985417584,-0.4558259587305865,-0.3150494321593007,1.05123482986649,-0.0994281152615595,3.238383279985208,1.6565234082160285
64.0,279.0,1005.81201171875,1.0493680198447488,3.1481788145602274,-0.3742052874168526,1.7340138049668434,0.0318673716322229,0.8640905123034281,1.2404658485720614,-0.0193011184880681,2.7865877149951315,1.7316496760128115
64.0,279.0,1004.924560546875,1.3902787656971398,3.2388825019148166,-0.206591284257351,2.6835356447268124,-0.2393013169250669,1.0825663808182378,0.7880722208517016,0.1086941866441624,3.760609960660497,1.5499190461382142
64.0,279.0,1003.884033203125,1.1425112649696187,3.065090117718845,0.592860107788608,2.8071972518327133,0.2549808842303713,0.7688590957311772,1.1434486482266086,0.1774592781213724,3.2904317271738885,1.6652367097735672
64.0,279.0,1004.8756713867188,1.803103039357084,3.04969122379482,-0.2380855070972431,3.544222673085715,-0.3675432124331079,1.0049334701620785,1.0915745130618049,-0.0166428366782459,3.286393579044508,1.7128181502425668
64.0,279.0,1005.5949096679688,1.065741447403239,3.566321993171797,-0.1722097588879127,3.335195644635442,0.4153135222526197,1.6432684793938577,1.2308026718224587,0.3065238812510272,3.32453208933479,1.4181087479272612
64.0,279.0,1005.1708984375,1.5387374172758588,3.0630905424895096,-0.2761169812147975,3.539551483750204,-0.0710913967583387,1.0864629386437223,1.0432566156141505,0.0406253156605319,3.3703392304127733,1.6847979903288934
64.0,279.0,1004.3433227539062,1.5246637626108075,2.588764633984187,-0.2247483509817702,3.541791433209113,-0.2094105942329443,0.0900981966808316,1.4472220790014578,0.3634141441016041,3.275517642189521,1.677631713184814
64.0,279.0,1005.5083618164062,-1.2715466490038871,3.33646995284633,1.2426772752163675,2.38751705217131,-0.8710368221530405,0.5865526170487287,0.9075178980445896,-0.0053437737026581,3.023257466028761,1.5838181227778998
64.0,279.0,1002.565185546875,0.5472914493255665,3.366882117201061,1.3060013984334584,1.9325170226020087,-1.0074251950736448,0.7432223534795421,1.6951969237110474,0.1334456915648295,3.316198941140461,1.659375229627378
64.0,279.0,1006.7476806640624,1.3783292661069166,2.227281756843792,0.7486796121921748,2.3676098445669496,-0.4352187250238886,0.1295667694666509,1.2582478032152908,0.9678886220425788,1.546052822985894,1.7088008776725607
64.0,279.0,1003.6841430664062,1.5264166200797986,3.063097861613356,-0.215819897253269,3.5490497273888275,-0.2048867388282806,1.0826619122252867,1.0511392207255632,-0.0170243374408754,3.2973942147249127,1.6821927523441609
64.0,279.0,1004.9850463867188,0.6143587211329081,3.6385777878302688,1.866782871449317,2.68567229671642,-0.0190286631641586,0.5847002488156035,1.759170199056142,0.7876675185527418,3.289135321111209,1.695106697781342
64.0,279.0,1006.3912353515624,1.0823124156003283,3.145532408020725,0.0937498638335725,4.3492484902596935,-0.983369492477124,0.3045399617600217,1.0355153888892177,-0.6035785196627739,3.47882371336145,1.9749920545649893
64.0,279.0,1003.7677001953124,0.9753379059727132,3.027481911426474,0.8914709442373026,3.6385006360362526,-0.1936568623912141,0.9354252219936228,1.0515023454212475,1.5844169383747184,3.3013099988549235,1.6821957420369034
64.0,279.0,1004.1815795898438,1.186914875836738,2.984003335173336,1.0917657361520303,3.111316162569416,-0.2135156752145395,1.956200428446676,1.1043285602139945,-0.0888351866134527,3.261696929640985,2.1191790875322365
64.0,279.0,1005.9786376953124,1.1755166225902458,3.0139295819900664,-0.2417305383366287,3.616814653335077,-0.2729520402836232,1.8592848557108288,1.1177652924446315,0.1211451494947978,3.912459696901169,2.2316448068592054
64.0,279.0,1004.7403564453124,0.4804166552562906,3.142058809388116,-0.507253232726782,3.78275224637308,-0.5671588827166028,1.1261544357254607,1.4122039073154182,0.5007209311294231,3.503301094810195,1.926829920271378
64.0,279.0,1004.5214233398438,1.3925082887281215,3.065088985864282,-0.1686798461004562,2.4937664364779137,-0.2246521629870259,1.0573601922845028,1.0844478999456344,-0.8866334099558765,3.2654268773896447,1.6563374701400866
64.0,279.0,1004.5638427734376,-0.2134668305182117,2.783390802993948,1.9017004885948512,1.4366753845009534,-0.5024318747415023,0.7385154890632665,0.977632335582272,0.2974201112703576,3.125186682888231,1.6802011201576457
64.0,279.0,1005.5848999023438,-0.4976473021030942,3.419951677935696,-0.3086301958483286,3.870154605804175,-1.1699164176837953,1.6993185462984577,0.8701808901365833,0.0028869377323087,3.427754210534899,1.6924904654891433
64.0,279.0,1004.2504272460938,-0.8223529424704155,2.825127807401638,-0.323922086313651,1.937577607926971,-0.7880478165526897,-0.5658922756132105,1.2049866790758093,0.2624683225465503,3.2458834880441487,0.9881096602322688
64.0,279.0,1004.8351440429688,0.383266327892847,3.526047267809437,-0.0464641811751654,3.441002486581674,0.4622121063248139,0.764653895575856,1.4226068635485682,-0.4876738443664548,3.654568720914268,1.5945743322906956
64.0,280.0,1004.6443481445312,0.6900176227674764,3.063074350782302,-0.3302721781170479,3.0126561550720083,-0.1976159951512532,1.5970259768578052,1.2511792713171723,-0.0167520924344081,3.4265898532482377,1.5636003792452855
64.0,280.0,1004.1213989257812,0.2153483923752346,2.977147305338594,-0.595687141216819,2.606774394934442,-1.0278964624926523,1.4248740797111572,1.4411335825086675,0.1643799556484128,3.274974405060643,1.674699710113174
64.0,280.0,1005.7791137695312,0.6317410114373033,3.3821840388898674,-0.6555082762858517,1.8304964441013163,0.265419887632873,0.7751960162999161,1.243165064585624,-0.3543464243561521,3.598221077351875,1.5754946386202904
64.0,280.0,1005.7072143554688,1.6491448804843336,2.9104453120023,-0.2376035463302053,3.615676320374159,-0.5459213406507523,1.0802436756395946,1.0229389087533642,-0.0226071327225542,3.134768809825729,1.4551102740604491
64.0,280.0,1005.2555541992188,-0.5037094802039921,3.707585390221884,-0.3280569768488796,3.321070462527059,0.979043172621886,-0.4155761280008436,0.9565504599200948,0.2951346271246178,3.295787014291044,2.1819067114242974
64.0,280.0,1005.51806640625,-0.40218204349395,2.9611396568649364,0.6762820959727607,3.216420950245242,-1.6087780174255435,1.486703313514423,0.3728051189080725,0.4352597544671966,2.6224629239329085,1.7656766646614763
64.0,280.0,1006.2119140625,0.4893625390202833,1.7795423029239368,-0.2283334970089545,3.1277989280704825,0.4981169607027755,1.141197769335064,2.5146578201478693,1.975507430672696,4.311031517865723,2.0922100116751228
64.0,280.0,1005.1494140625,1.4267671879387,2.82151791963309,-0.2050135975394147,3.599402345635524,-0.212234014229664,1.0699343377498252,1.054124327480299,-0.0348381047181509,3.2384919490320403,1.683330061310487
64.0,280.0,1005.474853515625,1.5026949966969567,4.303640589644998,0.0467183102294996,3.508585978273294,-0.276222544546385,1.2632585220760255,0.9839023829757484,0.4548566034085533,3.319979299343642,1.681623450852277
64.0,280.0,1004.5355224609376,-0.2067583177486083,2.156645823399848,1.1237471826284795,3.780946817479548,-0.5114493991580722,1.3470285072754011,1.5426076556614716,0.9251629364195506,3.6326501297850458,1.193605314089168
64.0,280.0,1004.0458984375,0.6627964073101363,1.902544155917261,1.7356517264199556,1.1276967507837976,-0.9532319298265536,0.6325625002596181,1.4181961809212862,1.2571856093798428,3.247627624338968,0.7396376473821458
64.0,280.0,1004.7117919921876,0.4052530103725722,2.862964791291889,1.0244185980793992,1.6185629550949447,0.0861167524434486,0.806110362194968,0.5149989619430992,0.0762824622613271,3.306353246449835,1.6419964791765842
64.0,280.0,1005.585205078125,1.4441076734521072,3.066111509674269,0.0067028297138759,3.194813058276394,-0.2495793018936137,1.1591742150332562,1.047291772061316,-0.0635626710663064,3.2934046480925203,1.7277033081006632
64.0,280.0,1004.95849609375,0.9162956780313632,2.1247201074083826,0.0379144096914144,3.0493734156772465,-0.204541723945408,1.0866278545155783,1.081534562537653,-0.1426858802547873,2.5531626479271203,1.6834925846586402
64.0,280.0,1003.9569702148438,0.448016906340041,3.105722986450256,0.8138035866923863,3.0955404770734902,0.2620725015799733,1.6869868466778326,0.0600023277914734,0.2622416693067444,3.1208073658522064,1.5478276998793208
64.0,280.0,1005.9080810546876,1.0513515896295955,3.0324479004866207,-0.1399893757068982,2.5909601277576697,-0.1207554487964864,2.5126882206643253,1.1607896320933913,0.180815057255496,3.251736532375584,2.58552590355996
64.0,280.0,1005.7649536132812,0.2825466944237913,3.223371955913502,-1.130107795435179,3.475165291581171,-1.048330892200188,0.6773142097574366,1.7224453178602437,-0.0116344510771347,2.978858171781275,1.664112733334867
64.0,280.0,1003.8233642578124,1.028523366259821,3.0628461474330293,-0.3204188298828894,3.0167776901382988,0.2647472536681213,1.306874930918926,0.9514498344110252,-0.5399432597472117,3.348110656193866,0.8965220619264871
64.0,280.0,1006.2741088867188,1.643031542836416,3.606370926934152,-0.6934784640503268,3.544777025413626,-0.1168117638030309,0.939111865717292,1.235370936060419,0.8014975999324441,3.270795648100955,1.6707495569788469
64.0,280.0,1005.4312744140624,1.3627715738376884,3.076635121501396,-0.2203183241854567,3.1897560510402903,-0.4507563945197057,1.1522013466208365,1.072078304572779,-0.0715777010715543,3.2997649430028133,1.6650114468654638
64.0,280.0,1006.1286010742188,1.5630251164579407,3.034072154337606,-0.2144607478813976,3.3747890166807086,-0.1840946200972616,1.0834848120091078,1.505132191142844,0.0986427251527393,3.2971237436003165,1.6407078622033984
64.0,280.0,1004.8368530273438,-0.0192859539180938,3.1458012448024646,-0.4052589456220559,3.5837623621294377,-0.4446218579421889,1.004306573519272,1.0674916208430016,-0.1473208806064043,4.659302750457305,1.266183010783346
64.0,280.0,1005.0035400390624,1.488088734200528,3.2964916798764268,-0.081613556681665,3.4931910742310563,-0.4795947022471148,1.19443031097595,1.5983254058784726,0.3030366300005376,3.1093375136026897,1.3517079212642986
64.0,280.0,1005.59716796875,0.8422960777773174,3.0348209215701183,-0.2311176520887816,3.530445462000517,0.731073415144617,1.0838871087870037,1.0526527931079228,-0.2789778063184201,3.525442996103043,1.9314441196361605
64.0,280.0,1005.1682739257812,0.4758226699530498,2.725912301651685,-0.0230184400084026,3.5041163169939864,-0.2839688026094656,0.98246182909671,0.7814411067738086,0.0567855685067581,3.2908997596538847,1.3640380101297185
64.0,280.0,1004.932861328125,1.5796322669745138,2.974669102036052,-0.2759972217390695,3.567574034001228,-0.2093543612178015,1.4940440693796724,1.055340177568717,-0.0056815911348413,3.322450316094878,2.2801882162059304
64.0,280.0,1004.5557861328124,1.021039932157859,3.115921688963008,1.0019107446718256,2.234313345165861,-1.2644187944951404,0.667371423970712,1.2297919770831705,0.8270215697473942,3.348214809893935,1.7947175164238944
64.0,280.0,1005.9476318359376,0.0416259073064684,3.056620648095169,0.9059087932371556,3.541676985417584,-0.4558259587305865,-0.3150494321593007,1.05123482986649,-0.0994281152615595,3.238383279985208,1.6565234082160285
64.0,280.0,1005.81201171875,1.0493680198447488,3.1481788145602274,-0.3742052874168526,1.7340138049668434,0.0318673716322229,0.8640905123034281,1.2404658485720614,-0.0193011184880681,2.7865877149951315,1.7316496760128115
64.0,280.0,1004.924560546875,1.3902787656971398,3.2388825019148166,-0.206591284257351,2.6835356447268124,-0.2393013169250669,1.0825663808182378,0.7880722208517016,0.1086941866441624,3.760609960660497,1.5499190461382142
64.0,280.0,1003.884033203125,1.1425112649696187,3.065090117718845,0.592860107788608,2.8071972518327133,0.2549808842303713,0.7688590957311772,1.1434486482266086,0.1774592781213724,3.2904317271738885,1.6652367097735672
64.0,280.0,1004.8756713867188,1.803103039357084,3.04969122379482,-0.2380855070972431,3.544222673085715,-0.3675432124331079,1.0049334701620785,1.0915745130618049,-0.0166428366782459,3.286393579044508,1.7128181502425668
64.0,280.0,1005.5949096679688,1.065741447403239,3.566321993171797,-0.1722097588879127,3.335195644635442,0.4153135222526197,1.6432684793938577,1.2308026718224587,0.3065238812510272,3.32453208933479,1.4181087479272612
64.0,280.0,1005.1708984375,1.5387374172758588,3.0630905424895096,-0.2761169812147975,3.539551483750204,-0.0710913967583387,1.0864629386437223,1.0432566156141505,0.0406253156605319,3.3703392304127733,1.6847979903288934
64.0,280.0,1004.3433227539062,1.5246637626108075,2.588764633984187,-0.2247483509817702,3.541791433209113,-0.2094105942329443,0.0900981966808316,1.4472220790014578,0.3634141441016041,3.275517642189521,1.677631713184814
64.0,280.0,1005.5083618164062,-1.2715466490038871,3.33646995284633,1.2426772752163675,2.38751705217131,-0.8710368221530405,0.5865526170487287,0.9075178980445896,-0.0053437737026581,3.023257466028761,1.5838181227778998
64.0,280.0,1002.565185546875,0.5472914493255665,3.366882117201061,1.3060013984334584,1.9325170226020087,-1.0074251950736448,0.7432223534795421,1.6951969237110474,0.1334456915648295,3.316198941140461,1.659375229627378
64.0,280.0,1006.7476806640624,1.3783292661069166,2.227281756843792,0.7486796121921748,2.3676098445669496,-0.4352187250238886,0.1295667694666509,1.2582478032152908,0.9678886220425788,1.546052822985894,1.7088008776725607
64.0,280.0,1003.6841430664062,1.5264166200797986,3.063097861613356,-0.215819897253269,3.5490497273888275,-0.2048867388282806,1.0826619122252867,1.0511392207255632,-0.0170243374408754,3.2973942147249127,1.6821927523441609
64.0,280.0,1004.9850463867188,0.6143587211329081,3.6385777878302688,1.866782871449317,2.68567229671642,-0.0190286631641586,0.5847002488156035,1.759170199056142,0.7876675185527418,3.289135321111209,1.695106697781342
64.0,280.0,1006.3912353515624,1.0823124156003283,3.145532408020725,0.0937498638335725,4.3492484902596935,-0.983369492477124,0.3045399617600217,1.0355153888892177,-0.6035785196627739,3.47882371336145,1.9749920545649893
64.0,280.0,1003.7677001953124,0.9753379059727132,3.027481911426474,0.8914709442373026,3.6385006360362526,-0.1936568623912141,0.9354252219936228,1.0515023454212475,1.5844169383747184,3.3013099988549235,1.6821957420369034
64.0,280.0,1004.1815795898438,1.186914875836738,2.984003335173336,1.0917657361520303,3.111316162569416,-0.2135156752145395,1.956200428446676,1.1043285602139945,-0.0888351866134527,3.261696929640985,2.1191790875322365
64.0,280.0,1005.9786376953124,1.1755166225902458,3.0139295819900664,-0.2417305383366287,3.616814653335077,-0.2729520402836232,1.8592848557108288,1.1177652924446315,0.1211451494947978,3.912459696901169,2.2316448068592054
64.0,280.0,1004.7403564453124,0.4804166552562906,3.142058809388116,-0.507253232726782,3.78275224637308,-0.5671588827166028,1.1261544357254607,1.4122039073154182,0.5007209311294231,3.503301094810195,1.926829920271378
64.0,280.0,1004.5214233398438,1.3925082887281215,3.065088985864282,-0.1686798461004562,2.4937664364779137,-0.2246521629870259,1.0573601922845028,1.0844478999456344,-0.8866334099558765,3.2654268773896447,1.6563374701400866
64.0,280.0,1004.5638427734376,-0.2134668305182117,2.783390802993948,1.9017004885948512,1.4366753845009534,-0.5024318747415023,0.7385154890632665,0.977632335582272,0.2974201112703576,3.125186682888231,1.6802011201576457
64.0,280.0,1005.5848999023438,-0.4976473021030942,3.419951677935696,-0.3086301958483286,3.870154605804175,-1.1699164176837953,1.6993185462984577,0.8701808901365833,0.0028869377323087,3.427754210534899,1.6924904654891433
64.0,280.0,1004.2504272460938,-0.8223529424704155,2.825127807401638,-0.323922086313651,1.937577607926971,-0.7880478165526897,-0.5658922756132105,1.2049866790758093,0.2624683225465503,3.2458834880441487,0.9881096602322688
64.0,280.0,1004.8351440429688,0.383266327892847,3.526047267809437,-0.0464641811751654,3.441002486581674,0.4622121063248139,0.764653895575856,1.4226068635485682,-0.4876738443664548,3.654568720914268,1.5945743322906956
64.0,281.0,1004.6443481445312,0.6900176227674764,3.063074350782302,-0.3302721781170479,3.0126561550720083,-0.1976159951512532,1.5970259768578052,1.2511792713171723,-0.0167520924344081,3.4265898532482377,1.5636003792452855
64.0,281.0,1004.1213989257812,0.2153483923752346,2.977147305338594,-0.595687141216819,2.606774394934442,-1.0278964624926523,1.4248740797111572,1.4411335825086675,0.1643799556484128,3.274974405060643,1.674699710113174
64.0,281.0,1005.7791137695312,0.6317410114373033,3.3821840388898674,-0.6555082762858517,1.8304964441013163,0.265419887632873,0.7751960162999161,1.243165064585624,-0.3543464243561521,3.598221077351875,1.5754946386202904
64.0,281.0,1005.7072143554688,1.6491448804843336,2.9104453120023,-0.2376035463302053,3.615676320374159,-0.5459213406507523,1.0802436756395946,1.0229389087533642,-0.0226071327225542,3.134768809825729,1.4551102740604491
64.0,281.0,1005.2555541992188,-0.5037094802039921,3.707585390221884,-0.3280569768488796,3.321070462527059,0.979043172621886,-0.4155761280008436,0.9565504599200948,0.2951346271246178,3.295787014291044,2.1819067114242974
64.0,281.0,1005.51806640625,-0.40218204349395,2.9611396568649364,0.6762820959727607,3.216420950245242,-1.6087780174255435,1.486703313514423,0.3728051189080725,0.4352597544671966,2.6224629239329085,1.7656766646614763
64.0,281.0,1006.2119140625,0.4893625390202833,1.7795423029239368,-0.2283334970089545,3.1277989280704825,0.4981169607027755,1.141197769335064,2.5146578201478693,1.975507430672696,4.311031517865723,2.0922100116751228
64.0,281.0,1005.1494140625,1.4267671879387,2.82151791963309,-0.2050135975394147,3.599402345635524,-0.212234014229664,1.0699343377498252,1.054124327480299,-0.0348381047181509,3.2384919490320403,1.683330061310487
64.0,281.0,1005.474853515625,1.5026949966969567,4.303640589644998,0.0467183102294996,3.508585978273294,-0.276222544546385,1.2632585220760255,0.9839023829757484,0.4548566034085533,3.319979299343642,1.681623450852277
64.0,281.0,1004.5355224609376,-0.2067583177486083,2.156645823399848,1.1237471826284795,3.780946817479548,-0.5114493991580722,1.3470285072754011,1.5426076556614716,0.9251629364195506,3.6326501297850458,1.193605314089168
64.0,281.0,1004.0458984375,0.6627964073101363,1.902544155917261,1.7356517264199556,1.1276967507837976,-0.9532319298265536,0.6325625002596181,1.4181961809212862,1.2571856093798428,3.247627624338968,0.7396376473821458
64.0,281.0,1004.7117919921876,0.4052530103725722,2.862964791291889,1.0244185980793992,1.6185629550949447,0.0861167524434486,0.806110362194968,0.5149989619430992,0.0762824622613271,3.306353246449835,1.6419964791765842
64.0,281.0,1005.585205078125,1.4441076734521072,3.066111509674269,0.0067028297138759,3.194813058276394,-0.2495793018936137,1.1591742150332562,1.047291772061316,-0.0635626710663064,3.2934046480925203,1.7277033081006632
64.0,281.0,1004.95849609375,0.9162956780313632,2.1247201074083826,0.0379144096914144,3.0493734156772465,-0.204541723945408,1.0866278545155783,1.081534562537653,-0.1426858802547873,2.5531626479271203,1.6834925846586402
64.0,281.0,1003.9569702148438,0.448016906340041,3.105722986450256,0.8138035866923863,3.0955404770734902,0.2620725015799733,1.6869868466778326,0.0600023277914734,0.2622416693067444,3.1208073658522064,1.5478276998793208
64.0,281.0,1005.9080810546876,1.0513515896295955,3.0324479004866207,-0.1399893757068982,2.5909601277576697,-0.1207554487964864,2.5126882206643253,1.1607896320933913,0.180815057255496,3.251736532375584,2.58552590355996
64.0,281.0,1005.7649536132812,0.2825466944237913,3.223371955913502,-1.130107795435179,3.475165291581171,-1.048330892200188,0.6773142097574366,1.7224453178602437,-0.0116344510771347,2.978858171781275,1.664112733334867
64.0,281.0,1003.8233642578124,1.028523366259821,3.0628461474330293,-0.3204188298828894,3.0167776901382988,0.2647472536681213,1.306874930918926,0.9514498344110252,-0.5399432597472117,3.348110656193866,0.8965220619264871
64.0,281.0,1006.2741088867188,1.643031542836416,3.606370926934152,-0.6934784640503268,3.544777025413626,-0.1168117638030309,0.939111865717292,1.235370936060419,0.8014975999324441,3.270795648100955,1.6707495569788469
64.0,281.0,1005.4312744140624,1.3627715738376884,3.076635121501396,-0.2203183241854567,3.1897560510402903,-0.4507563945197057,1.1522013466208365,1.072078304572779,-0.0715777010715543,3.2997649430028133,1.6650114468654638
64.0,281.0,1006.1286010742188,1.5630251164579407,3.034072154337606,-0.2144607478813976,3.3747890166807086,-0.1840946200972616,1.0834848120091078,1.505132191142844,0.0986427251527393,3.2971237436003165,1.6407078622033984
64.0,281.0,1004.8368530273438,-0.0192859539180938,3.1458012448024646,-0.4052589456220559,3.5837623621294377,-0.4446218579421889,1.004306573519272,1.0674916208430016,-0.1473208806064043,4.659302750457305,1.266183010783346
64.0,281.0,1005.0035400390624,1.488088734200528,3.2964916798764268,-0.081613556681665,3.4931910742310563,-0.4795947022471148,1.19443031097595,1.5983254058784726,0.3030366300005376,3.1093375136026897,1.3517079212642986
64.0,281.0,1005.59716796875,0.8422960777773174,3.0348209215701183,-0.2311176520887816,3.530445462000517,0.731073415144617,1.0838871087870037,1.0526527931079228,-0.2789778063184201,3.525442996103043,1.9314441196361605
64.0,281.0,1005.1682739257812,0.4758226699530498,2.725912301651685,-0.0230184400084026,3.5041163169939864,-0.2839688026094656,0.98246182909671,0.7814411067738086,0.0567855685067581,3.2908997596538847,1.3640380101297185
64.0,281.0,1004.932861328125,1.5796322669745138,2.974669102036052,-0.2759972217390695,3.567574034001228,-0.2093543612178015,1.4940440693796724,1.055340177568717,-0.0056815911348413,3.322450316094878,2.2801882162059304
64.0,281.0,1004.5557861328124,1.021039932157859,3.115921688963008,1.0019107446718256,2.234313345165861,-1.2644187944951404,0.667371423970712,1.2297919770831705,0.8270215697473942,3.348214809893935,1.7947175164238944
64.0,281.0,1005.9476318359376,0.0416259073064684,3.056620648095169,0.9059087932371556,3.541676985417584,-0.4558259587305865,-0.3150494321593007,1.05123482986649,-0.0994281152615595,3.238383279985208,1.6565234082160285
64.0,281.0,1005.81201171875,1.0493680198447488,3.1481788145602274,-0.3742052874168526,1.7340138049668434,0.0318673716322229,0.8640905123034281,1.2404658485720614,-0.0193011184880681,2.7865877149951315,1.7316496760128115
64.0,281.0,1004.924560546875,1.3902787656971398,3.2388825019148166,-0.206591284257351,2.6835356447268124,-0.2393013169250669,1.0825663808182378,0.7880722208517016,0.1086941866441624,3.760609960660497,1.5499190461382142
64.0,281.0,1003.884033203125,1.1425112649696187,3.065090117718845,0.592860107788608,2.8071972518327133,0.2549808842303713,0.7688590957311772,1.1434486482266086,0.1774592781213724,3.2904317271738885,1.6652367097735672
64.0,281.0,1004.8756713867188,1.803103039357084,3.04969122379482,-0.2380855070972431,3.544222673085715,-0.3675432124331079,1.0049334701620785,1.0915745130618049,-0.0166428366782459,3.286393579044508,1.7128181502425668
64.0,281.0,1005.5949096679688,1.065741447403239,3.566321993171797,-0.1722097588879127,3.335195644635442,0.4153135222526197,1.6432684793938577,1.2308026718224587,0.3065238812510272,3.32453208933479,1.4181087479272612
64.0,281.0,1005.1708984375,1.5387374172758588,3.0630905424895096,-0.2761169812147975,3.539551483750204,-0.0710913967583387,1.0864629386437223,1.0432566156141505,0.0406253156605319,3.3703392304127733,1.6847979903288934
64.0,281.0,1004.3433227539062,1.5246637626108075,2.588764633984187,-0.2247483509817702,3.541791433209113,-0.2094105942329443,0.0900981966808316,1.4472220790014578,0.3634141441016041,3.275517642189521,1.677631713184814
64.0,281.0,1005.5083618164062,-1.2715466490038871,3.33646995284633,1.2426772752163675,2.38751705217131,-0.8710368221530405,0.5865526170487287,0.9075178980445896,-0.0053437737026581,3.023257466028761,1.5838181227778998
64.0,281.0,1002.565185546875,0.5472914493255665,3.366882117201061,1.3060013984334584,1.9325170226020087,-1.0074251950736448,0.7432223534795421,1.6951969237110474,0.1334456915648295,3.316198941140461,1.659375229627378
64.0,281.0,1006.7476806640624,1.3783292661069166,2.227281756843792,0.7486796121921748,2.3676098445669496,-0.4352187250238886,0.1295667694666509,1.2582478032152908,0.9678886220425788,1.546052822985894,1.7088008776725607
64.0,281.0,1003.6841430664062,1.5264166200797986,3.063097861613356,-0.215819897253269,3.5490497273888275,-0.2048867388282806,1.0826619122252867,1.0511392207255632,-0.0170243374408754,3.2973942147249127,1.6821927523441609
64.0,281.0,1004.9850463867188,0.6143587211329081,3.6385777878302688,1.866782871449317,2.68567229671642,-0.0190286631641586,0.5847002488156035,1.759170199056142,0.7876675185527418,3.289135321111209,1.695106697781342
64.0,281.0,1006.3912353515624,1.0823124156003283,3.145532408020725,0.0937498638335725,4.3492484902596935,-0.983369492477124,0.3045399617600217,1.0355153888892177,-0.6035785196627739,3.47882371336145,1.9749920545649893
64.0,281.0,1003.7677001953124,0.9753379059727132,3.027481911426474,0.8914709442373026,3.6385006360362526,-0.1936568623912141,0.9354252219936228,1.0515023454212475,1.5844169383747184,3.3013099988549235,1.6821957420369034
64.0,281.0,1004.1815795898438,1.186914875836738,2.984003335173336,1.0917657361520303,3.111316162569416,-0.2135156752145395,1.956200428446676,1.1043285602139945,-0.0888351866134527,3.261696929640985,2.1191790875322365
64.0,281.0,1005.9786376953124,1.1755166225902458,3.0139295819900664,-0.2417305383366287,3.616814653335077,-0.2729520402836232,1.8592848557108288,1.1177652924446315,0.1211451494947978,3.912459696901169,2.2316448068592054
64.0,281.0,1004.7403564453124,0.4804166552562906,3.142058809388116,-0.507253232726782,3.78275224637308,-0.5671588827166028,1.1261544357254607,1.4122039073154182,0.5007209311294231,3.503301094810195,1.926829920271378
64.0,281.0,1004.5214233398438,1.3925082887281215,3.065088985864282,-0.1686798461004562,2.4937664364779137,-0.2246521629870259,1.0573601922845028,1.0844478999456344,-0.8866334099558765,3.2654268773896447,1.6563374701400866
64.0,281.0,1004.5638427734376,-0.2134668305182117,2.783390802993948,1.9017004885948512,1.4366753845009534,-0.5024318747415023,0.7385154890632665,0.977632335582272,0.2974201112703576,3.125186682888231,1.6802011201576457
64.0,281.0,1005.5848999023438,-0.4976473021030942,3.419951677935696,-0.3086301958483286,3.870154605804175,-1.1699164176837953,1.6993185462984577,0.8701808901365833,0.0028869377323087,3.427754210534899,1.6924904654891433
64.0,281.0,1004.2504272460938,-0.8223529424704155,2.825127807401638,-0.323922086313651,1.937577607926971,-0.7880478165526897,-0.5658922756132105,1.2049866790758093,0.2624683225465503,3.2458834880441487,0.9881096602322688
64.0,281.0,1004.8351440429688,0.383266327892847,3.526047267809437,-0.0464641811751654,3.441002486581674,0.4622121063248139,0.764653895575856,1.4226068635485682,-0.4876738443664548,3.654568720914268,1.5945743322906956
64.0,282.0,1004.6443481445312,0.6900176227674764,3.063074350782302,-0.3302721781170479,3.0126561550720083,-0.1976159951512532,1.5970259768578052,1.2511792713171723,-0.0167520924344081,3.4265898532482377,1.5636003792452855
64.0,282.0,1004.1213989257812,0.2153483923752346,2.977147305338594,-0.595687141216819,2.606774394934442,-1.0278964624926523,1.4248740797111572,1.4411335825086675,0.1643799556484128,3.274974405060643,1.674699710113174
64.0,282.0,1005.7791137695312,0.6317410114373033,3.3821840388898674,-0.6555082762858517,1.8304964441013163,0.265419887632873,0.7751960162999161,1.243165064585624,-0.3543464243561521,3.598221077351875,1.5754946386202904
64.0,282.0,1005.7072143554688,1.6491448804843336,2.9104453120023,-0.2376035463302053,3.615676320374159,-0.5459213406507523,1.0802436756395946,1.0229389087533642,-0.0226071327225542,3.134768809825729,1.4551102740604491
64.0,282.0,1005.2555541992188,-0.5037094802039921,3.707585390221884,-0.3280569768488796,3.321070462527059,0.979043172621886,-0.4155761280008436,0.9565504599200948,0.2951346271246178,3.295787014291044,2.1819067114242974
64.0,282.0,1005.51806640625,-0.40218204349395,2.9611396568649364,0.6762820959727607,3.216420950245242,-1.6087780174255435,1.486703313514423,0.3728051189080725,0.4352597544671966,2.6224629239329085,1.7656766646614763
64.0,282.0,1006.2119140625,0.4893625390202833,1.7795423029239368,-0.2283334970089545,3.1277989280704825,0.4981169607027755,1.141197769335064,2.5146578201478693,1.975507430672696,4.311031517865723,2.0922100116751228
64.0,282.0,1005.1494140625,1.4267671879387,2.82151791963309,-0.2050135975394147,3.599402345635524,-0.212234014229664,1.0699343377498252,1.054124327480299,-0.0348381047181509,3.2384919490320403,1.683330061310487
64.0,282.0,1005.474853515625,1.5026949966969567,4.303640589644998,0.0467183102294996,3.508585978273294,-0.276222544546385,1.2632585220760255,0.9839023829757484,0.4548566034085533,3.319979299343642,1.681623450852277
64.0,282.0,1004.5355224609376,-0.2067583177486083,2.156645823399848,1.1237471826284795,3.780946817479548,-0.5114493991580722,1.3470285072754011,1.5426076556614716,0.9251629364195506,3.6326501297850458,1.193605314089168
64.0,282.0,1004.0458984375,0.6627964073101363,1.902544155917261,1.7356517264199556,1.1276967507837976,-0.9532319298265536,0.6325625002596181,1.4181961809212862,1.2571856093798428,3.247627624338968,0.7396376473821458
64.0,282.0,1004.7117919921876,0.4052530103725722,2.862964791291889,1.0244185980793992,1.6185629550949447,0.0861167524434486,0.806110362194968,0.5149989619430992,0.0762824622613271,3.306353246449835,1.6419964791765842
64.0,282.0,1005.585205078125,1.4441076734521072,3.066111509674269,0.0067028297138759,3.194813058276394,-0.2495793018936137,1.1591742150332562,1.047291772061316,-0.0635626710663064,3.2934046480925203,1.7277033081006632
64.0,282.0,1004.95849609375,0.9162956780313632,2.1247201074083826,0.0379144096914144,3.0493734156772465,-0.204541723945408,1.0866278545155783,1.081534562537653,-0.1426858802547873,2.5531626479271203,1.6834925846586402
64.0,282.0,1003.9569702148438,0.448016906340041,3.105722986450256,0.8138035866923863,3.0955404770734902,0.2620725015799733,1.6869868466778326,0.0600023277914734,0.2622416693067444,3.1208073658522064,1.5478276998793208
64.0,282.0,1005.9080810546876,1.0513515896295955,3.0324479004866207,-0.1399893757068982,2.5909601277576697,-0.1207554487964864,2.5126882206643253,1.1607896320933913,0.180815057255496,3.251736532375584,2.58552590355996
64.0,282.0,1005.7649536132812,0.2825466944237913,3.223371955913502,-1.130107795435179,3.475165291581171,-1.048330892200188,0.6773142097574366,1.7224453178602437,-0.0116344510771347,2.978858171781275,1.664112733334867
64.0,282.0,1003.8233642578124,1.028523366259821,3.0628461474330293,-0.3204188298828894,3.0167776901382988,0.2647472536681213,1.306874930918926,0.9514498344110252,-0.5399432597472117,3.348110656193866,0.8965220619264871
64.0,282.0,1006.2741088867188,1.643031542836416,3.606370926934152,-0.6934784640503268,3.544777025413626,-0.1168117638030309,0.939111865717292,1.235370936060419,0.8014975999324441,3.270795648100955,1.6707495569788469
64.0,282.0,1005.4312744140624,1.3627715738376884,3.076635121501396,-0.2203183241854567,3.1897560510402903,-0.4507563945197057,1.1522013466208365,1.072078304572779,-0.0715777010715543,3.2997649430028133,1.6650114468654638
64.0,282.0,1006.1286010742188,1.5630251164579407,3.034072154337606,-0.2144607478813976,3.3747890166807086,-0.1840946200972616,1.0834848120091078,1.505132191142844,0.0986427251527393,3.2971237436003165,1.6407078622033984
64.0,282.0,1004.8368530273438,-0.0192859539180938,3.1458012448024646,-0.4052589456220559,3.5837623621294377,-0.4446218579421889,1.004306573519272,1.0674916208430016,-0.1473208806064043,4.659302750457305,1.266183010783346
64.0,282.0,1005.0035400390624,1.488088734200528,3.2964916798764268,-0.081613556681665,3.4931910742310563,-0.4795947022471148,1.19443031097595,1.5983254058784726,0.3030366300005376,3.1093375136026897,1.3517079212642986
64.0,282.0,1005.59716796875,0.8422960777773174,3.0348209215701183,-0.2311176520887816,3.530445462000517,0.731073415144617,1.0838871087870037,1.0526527931079228,-0.2789778063184201,3.525442996103043,1.9314441196361605
64.0,282.0,1005.1682739257812,0.4758226699530498,2.725912301651685,-0.0230184400084026,3.5041163169939864,-0.2839688026094656,0.98246182909671,0.7814411067738086,0.0567855685067581,3.2908997596538847,1.3640380101297185
64.0,282.0,1004.932861328125,1.5796322669745138,2.974669102036052,-0.2759972217390695,3.567574034001228,-0.2093543612178015,1.4940440693796724,1.055340177568717,-0.0056815911348413,3.322450316094878,2.2801882162059304
64.0,282.0,1004.5557861328124,1.021039932157859,3.115921688963008,1.0019107446718256,2.234313345165861,-1.2644187944951404,0.667371423970712,1.2297919770831705,0.8270215697473942,3.348214809893935,1.7947175164238944
64.0,282.0,1005.9476318359376,0.0416259073064684,3.056620648095169,0.9059087932371556,3.541676985417584,-0.4558259587305865,-0.3150494321593007,1.05123482986649,-0.0994281152615595,3.238383279985208,1.6565234082160285
64.0,282.0,1005.81201171875,1.0493680198447488,3.1481788145602274,-0.3742052874168526,1.7340138049668434,0.0318673716322229,0.8640905123034281,1.2404658485720614,-0.0193011184880681,2.7865877149951315,1.7316496760128115
64.0,282.0,1004.924560546875,1.3902787656971398,3.2388825019148166,-0.206591284257351,2.6835356447268124,-0.2393013169250669,1.0825663808182378,0.7880722208517016,0.1086941866441624,3.760609960660497,1.5499190461382142
64.0,282.0,1003.884033203125,1.1425112649696187,3.065090117718845,0.592860107788608,2.8071972518327133,0.2549808842303713,0.7688590957311772,1.1434486482266086,0.1774592781213724,3.2904317271738885,1.6652367097735672
64.0,282.0,1004.8756713867188,1.803103039357084,3.04969122379482,-0.2380855070972431,3.544222673085715,-0.3675432124331079,1.0049334701620785,1.0915745130618049,-0.0166428366782459,3.286393579044508,1.7128181502425668
64.0,282.0,1005.5949096679688,1.065741447403239,3.566321993171797,-0.1722097588879127,3.335195644635442,0.4153135222526197,1.6432684793938577,1.2308026718224587,0.3065238812510272,3.32453208933479,1.4181087479272612
64.0,282.0,1005.1708984375,1.5387374172758588,3.0630905424895096,-0.2761169812147975,3.539551483750204,-0.0710913967583387,1.0864629386437223,1.0432566156141505,0.0406253156605319,3.3703392304127733,1.6847979903288934
64.0,282.0,1004.3433227539062,1.5246637626108075,2.588764633984187,-0.2247483509817702,3.541791433209113,-0.2094105942329443,0.0900981966808316,1.4472220790014578,0.3634141441016041,3.275517642189521,1.677631713184814
64.0,282.0,1005.5083618164062,-1.2715466490038871,3.33646995284633,1.2426772752163675,2.38751705217131,-0.8710368221530405,0.5865526170487287,0.9075178980445896,-0.0053437737026581,3.023257466028761,1.5838181227778998
64.0,282.0,1002.565185546875,0.5472914493255665,3.366882117201061,1.3060013984334584,1.9325170226020087,-1.0074251950736448,0.7432223534795421,1.6951969237110474,0.1334456915648295,3.316198941140461,1.659375229627378
64.0,282.0,1006.7476806640624,1.3783292661069166,2.227281756843792,0.7486796121921748,2.3676098445669496,-0.4352187250238886,0.1295667694666509,1.2582478032152908,0.9678886220425788,1.546052822985894,1.7088008776725607
64.0,282.0,1003.6841430664062,1.5264166200797986,3.063097861613356,-0.215819897253269,3.5490497273888275,-0.2048867388282806,1.0826619122252867,1.0511392207255632,-0.0170243374408754,3.2973942147249127,1.6821927523441609
64.0,282.0,1004.9850463867188,0.6143587211329081,3.6385777878302688,1.866782871449317,2.68567229671642,-0.0190286631641586,0.5847002488156035,1.759170199056142,0.7876675185527418,3.289135321111209,1.695106697781342
64.0,282.0,1006.3912353515624,1.0823124156003283,3.145532408020725,0.0937498638335725,4.3492484902596935,-0.983369492477124,0.3045399617600217,1.0355153888892177,-0.6035785196627739,3.47882371336145,1.9749920545649893
64.0,282.0,1003.7677001953124,0.9753379059727132,3.027481911426474,0.8914709442373026,3.6385006360362526,-0.1936568623912141,0.9354252219936228,1.0515023454212475,1.5844169383747184,3.3013099988549235,1.6821957420369034
64.0,282.0,1004.1815795898438,1.186914875836738,2.984003335173336,1.0917657361520303,3.111316162569416,-0.2135156752145395,1.956200428446676,1.1043285602139945,-0.0888351866134527,3.261696929640985,2.1191790875322365
64.0,282.0,1005.9786376953124,1.1755166225902458,3.0139295819900664,-0.2417305383366287,3.616814653335077,-0.2729520402836232,1.8592848557108288,1.1177652924446315,0.1211451494947978,3.912459696901169,2.2316448068592054
64.0,282.0,1004.7403564453124,0.4804166552562906,3.142058809388116,-0.507253232726782,3.78275224637308,-0.5671588827166028,1.1261544357254607,1.4122039073154182,0.5007209311294231,3.503301094810195,1.926829920271378
64.0,282.0,1004.5214233398438,1.3925082887281215,3.065088985864282,-0.1686798461004562,2.4937664364779137,-0.2246521629870259,1.0573601922845028,1.0844478999456344,-0.8866334099558765,3.2654268773896447,1.6563374701400866
64.0,282.0,1004.5638427734376,-0.2134668305182117,2.783390802993948,1.9017004885948512,1.4366753845009534,-0.5024318747415023,0.7385154890632665,0.977632335582272,0.2974201112703576,3.125186682888231,1.6802011201576457
64.0,282.0,1005.5848999023438,-0.4976473021030942,3.419951677935696,-0.3086301958483286,3.870154605804175,-1.1699164176837953,1.6993185462984577,0.8701808901365833,0.0028869377323087,3.427754210534899,1.6924904654891433
64.0,282.0,1004.2504272460938,-0.8223529424704155,2.825127807401638,-0.323922086313651,1.937577607926971,-0.7880478165526897,-0.5658922756132105,1.2049866790758093,0.2624683225465503,3.2458834880441487,0.9881096602322688
64.0,282.0,1004.8351440429688,0.383266327892847,3.526047267809437,-0.0464641811751654,3.441002486581674,0.4622121063248139,0.764653895575856,1.4226068635485682,-0.4876738443664548,3.654568720914268,1.5945743322906956
64.0,283.0,1004.6443481445312,0.6900176227674764,3.063074350782302,-0.3302721781170479,3.0126561550720083,-0.1976159951512532,1.5970259768578052,1.2511792713171723,-0.0167520924344081,3.4265898532482377,1.5636003792452855
64.0,283.0,1004.1213989257812,0.2153483923752346,2.977147305338594,-0.595687141216819,2.606774394934442,-1.0278964624926523,1.4248740797111572,1.4411335825086675,0.1643799556484128,3.274974405060643,1.674699710113174
64.0,283.0,1005.7791137695312,0.6317410114373033,3.3821840388898674,-0.6555082762858517,1.8304964441013163,0.265419887632873,0.7751960162999161,1.243165064585624,-0.3543464243561521,3.598221077351875,1.5754946386202904
64.0,283.0,1005.7072143554688,1.6491448804843336,2.9104453120023,-0.2376035463302053,3.615676320374159,-0.5459213406507523,1.0802436756395946,1.0229389087533642,-0.0226071327225542,3.134768809825729,1.4551102740604491
64.0,283.0,1005.2555541992188,-0.5037094802039921,3.707585390221884,-0.3280569768488796,3.321070462527059,0.979043172621886,-0.4155761280008436,0.9565504599200948,0.2951346271246178,3.295787014291044,2.1819067114242974
64.0,283.0,1005.51806640625,-0.40218204349395,2.9611396568649364,0.6762820959727607,3.216420950245242,-1.6087780174255435,1.486703313514423,0.3728051189080725,0.4352597544671966,2.6224629239329085,1.7656766646614763
64.0,283.0,1006.2119140625,0.4893625390202833,1.7795423029239368,-0.2283334970089545,3.1277989280704825,0.4981169607027755,1.141197769335064,2.5146578201478693,1.975507430672696,4.311031517865723,2.0922100116751228
64.0,283.0,1005.1494140625,1.4267671879387,2.82151791963309,-0.2050135975394147,3.599402345635524,-0.212234014229664,1.0699343377498252,1.054124327480299,-0.0348381047181509,3.2384919490320403,1.683330061310487
64.0,283.0,1005.474853515625,1.5026949966969567,4.303640589644998,0.0467183102294996,3.508585978273294,-0.276222544546385,1.2632585220760255,0.9839023829757484,0.4548566034085533,3.319979299343642,1.681623450852277
64.0,283.0,1004.5355224609376,-0.2067583177486083,2.156645823399848,1.1237471826284795,3.780946817479548,-0.5114493991580722,1.3470285072754011,1.5426076556614716,0.9251629364195506,3.6326501297850458,1.193605314089168
64.0,283.0,1004.0458984375,0.6627964073101363,1.902544155917261,1.7356517264199556,1.1276967507837976,-0.9532319298265536,0.6325625002596181,1.4181961809212862,1.2571856093798428,3.247627624338968,0.7396376473821458
64.0,283.0,1004.7117919921876,0.4052530103725722,2.862964791291889,1.0244185980793992,1.6185629550949447,0.0861167524434486,0.806110362194968,0.5149989619430992,0.0762824622613271,3.306353246449835,1.6419964791765842
64.0,283.0,1005.585205078125,1.4441076734521072,3.066111509674269,0.0067028297138759,3.194813058276394,-0.2495793018936137,1.1591742150332562,1.047291772061316,-0.0635626710663064,3.2934046480925203,1.7277033081006632
64.0,283.0,1004.95849609375,0.9162956780313632,2.1247201074083826,0.0379144096914144,3.0493734156772465,-0.204541723945408,1.0866278545155783,1.081534562537653,-0.1426858802547873,2.5531626479271203,1.6834925846586402
64.0,283.0,1003.9569702148438,0.448016906340041,3.105722986450256,0.8138035866923863,3.0955404770734902,0.2620725015799733,1.6869868466778326,0.0600023277914734,0.2622416693067444,3.1208073658522064,1.5478276998793208
64.0,283.0,1005.9080810546876,1.0513515896295955,3.0324479004866207,-0.1399893757068982,2.5909601277576697,-0.1207554487964864,2.5126882206643253,1.1607896320933913,0.180815057255496,3.251736532375584,2.58552590355996
64.0,283.0,1005.7649536132812,0.2825466944237913,3.223371955913502,-1.130107795435179,3.475165291581171,-1.048330892200188,0.6773142097574366,1.7224453178602437,-0.0116344510771347,2.978858171781275,1.664112733334867
64.0,283.0,1003.8233642578124,1.028523366259821,3.0628461474330293,-0.3204188298828894,3.0167776901382988,0.2647472536681213,1.306874930918926,0.9514498344110252,-0.5399432597472117,3.348110656193866,0.8965220619264871
64.0,283.0,1006.2741088867188,1.643031542836416,3.606370926934152,-0.6934784640503268,3.544777025413626,-0.1168117638030309,0.939111865717292,1.235370936060419,0.8014975999324441,3.270795648100955,1.6707495569788469
64.0,283.0,1005.4312744140624,1.3627715738376884,3.076635121501396,-0.2203183241854567,3.1897560510402903,-0.4507563945197057,1.1522013466208365,1.072078304572779,-0.0715777010715543,3.2997649430028133,1.6650114468654638
64.0,283.0,1006.1286010742188,1.5630251164579407,3.034072154337606,-0.2144607478813976,3.3747890166807086,-0.1840946200972616,1.0834848120091078,1.505132191142844,0.0986427251527393,3.2971237436003165,1.6407078622033984
64.0,283.0,1004.8368530273438,-0.0192859539180938,3.1458012448024646,-0.4052589456220559,3.5837623621294377,-0.4446218579421889,1.004306573519272,1.0674916208430016,-0.1473208806064043,4.659302750457305,1.266183010783346
64.0,283.0,1005.0035400390624,1.488088734200528,3.2964916798764268,-0.081613556681665,3.4931910742310563,-0.4795947022471148,1.19443031097595,1.5983254058784726,0.3030366300005376,3.1093375136026897,1.3517079212642986
64.0,283.0,1005.59716796875,0.8422960777773174,3.0348209215701183,-0.2311176520887816,3.530445462000517,0.731073415144617,1.0838871087870037,1.0526527931079228,-0.2789778063184201,3.525442996103043,1.9314441196361605
64.0,283.0,1005.1682739257812,0.4758226699530498,2.725912301651685,-0.0230184400084026,3.5041163169939864,-0.2839688026094656,0.98246182909671,0.7814411067738086,0.0567855685067581,3.2908997596538847,1.3640380101297185
64.0,283.0,1004.932861328125,1.5796322669745138,2.974669102036052,-0.2759972217390695,3.567574034001228,-0.2093543612178015,1.4940440693796724,1.055340177568717,-0.0056815911348413,3.322450316094878,2.2801882162059304
64.0,283.0,1004.5557861328124,1.021039932157859,3.115921688963008,1.0019107446718256,2.234313345165861,-1.2644187944951404,0.667371423970712,1.2297919770831705,0.8270215697473942,3.348214809893935,1.7947175164238944
64.0,283.0,1005.9476318359376,0.0416259073064684,3.056620648095169,0.9059087932371556,3.541676985417584,-0.4558259587305865,-0.3150494321593007,1.05123482986649,-0.0994281152615595,3.238383279985208,1.6565234082160285
64.0,283.0,1005.81201171875,1.0493680198447488,3.1481788145602274,-0.3742052874168526,1.7340138049668434,0.0318673716322229,0.8640905123034281,1.2404658485720614,-0.0193011184880681,2.7865877149951315,1.7316496760128115
64.0,283.0,1004.924560546875,1.3902787656971398,3.2388825019148166,-0.206591284257351,2.6835356447268124,-0.2393013169250669,1.0825663808182378,0.7880722208517016,0.1086941866441624,3.760609960660497,1.5499190461382142
64.0,283.0,1003.884033203125,1.1425112649696187,3.065090117718845,0.592860107788608,2.8071972518327133,0.2549808842303713,0.7688590957311772,1.1434486482266086,0.1774592781213724,3.2904317271738885,1.6652367097735672
64.0,283.0,1004.8756713867188,1.803103039357084,3.04969122379482,-0.2380855070972431,3.544222673085715,-0.3675432124331079,1.0049334701620785,1.0915745130618049,-0.0166428366782459,3.286393579044508,1.7128181502425668
64.0,283.0,1005.5949096679688,1.065741447403239,3.566321993171797,-0.1722097588879127,3.335195644635442,0.4153135222526197,1.6432684793938577,1.2308026718224587,0.3065238812510272,3.32453208933479,1.4181087479272612
64.0,283.0,1005.1708984375,1.5387374172758588,3.0630905424895096,-0.2761169812147975,3.539551483750204,-0.0710913967583387,1.0864629386437223,1.0432566156141505,0.0406253156605319,3.3703392304127733,1.6847979903288934
64.0,283.0,1004.3433227539062,1.5246637626108075,2.588764633984187,-0.2247483509817702,3.541791433209113,-0.2094105942329443,0.0900981966808316,1.4472220790014578,0.3634141441016041,3.275517642189521,1.677631713184814
64.0,283.0,1005.5083618164062,-1.2715466490038871,3.33646995284633,1.2426772752163675,2.38751705217131,-0.8710368221530405,0.5865526170487287,0.9075178980445896,-0.0053437737026581,3.023257466028761,1.5838181227778998
64.0,283.0,1002.565185546875,0.5472914493255665,3.366882117201061,1.3060013984334584,1.9325170226020087,-1.0074251950736448,0.7432223534795421,1.6951969237110474,0.1334456915648295,3.316198941140461,1.659375229627378
64.0,283.0,1006.7476806640624,1.3783292661069166,2.227281756843792,0.7486796121921748,2.3676098445669496,-0.4352187250238886,0.1295667694666509,1.2582478032152908,0.9678886220425788,1.546052822985894,1.7088008776725607
64.0,283.0,1003.6841430664062,1.5264166200797986,3.063097861613356,-0.215819897253269,3.5490497273888275,-0.2048867388282806,1.0826619122252867,1.0511392207255632,-0.0170243374408754,3.2973942147249127,1.6821927523441609
64.0,283.0,1004.9850463867188,0.6143587211329081,3.6385777878302688,1.866782871449317,2.68567229671642,-0.0190286631641586,0.5847002488156035,1.759170199056142,0.7876675185527418,3.289135321111209,1.695106697781342
64.0,283.0,1006.3912353515624,1.0823124156003283,3.145532408020725,0.0937498638335725,4.3492484902596935,-0.983369492477124,0.3045399617600217,1.0355153888892177,-0.6035785196627739,3.47882371336145,1.9749920545649893
64.0,283.0,1003.7677001953124,0.9753379059727132,3.027481911426474,0.8914709442373026,3.6385006360362526,-0.1936568623912141,0.9354252219936228,1.0515023454212475,1.5844169383747184,3.3013099988549235,1.6821957420369034
64.0,283.0,1004.1815795898438,1.186914875836738,2.984003335173336,1.0917657361520303,3.111316162569416,-0.2135156752145395,1.956200428446676,1.1043285602139945,-0.0888351866134527,3.261696929640985,2.1191790875322365
64.0,283.0,1005.9786376953124,1.1755166225902458,3.0139295819900664,-0.2417305383366287,3.616814653335077,-0.2729520402836232,1.8592848557108288,1.1177652924446315,0.1211451494947978,3.912459696901169,2.2316448068592054
64.0,283.0,1004.7403564453124,0.4804166552562906,3.142058809388116,-0.507253232726782,3.78275224637308,-0.5671588827166028,1.1261544357254607,1.4122039073154182,0.5007209311294231,3.503301094810195,1.926829920271378
64.0,283.0,1004.5214233398438,1.3925082887281215,3.065088985864282,-0.1686798461004562,2.4937664364779137,-0.2246521629870259,1.0573601922845028,1.0844478999456344,-0.8866334099558765,3.2654268773896447,1.6563374701400866
64.0,283.0,1004.5638427734376,-0.2134668305182117,2.783390802993948,1.9017004885948512,1.4366753845009534,-0.5024318747415023,0.7385154890632665,0.977632335582272,0.2974201112703576,3.125186682888231,1.6802011201576457
64.0,283.0,1005.5848999023438,-0.4976473021030942,3.419951677935696,-0.3086301958483286,3.870154605804175,-1.1699164176837953,1.6993185462984577,0.8701808901365833,0.0028869377323087,3.427754210534899,1.6924904654891433
64.0,283.0,1004.2504272460938,-0.8223529424704155,2.825127807401638,-0.323922086313651,1.937577607926971,-0.7880478165526897,-0.5658922756132105,1.2049866790758093,0.2624683225465503,3.2458834880441487,0.9881096602322688
64.0,283.0,1004.8351440429688,0.383266327892847,3.526047267809437,-0.0464641811751654,3.441002486581674,0.4622121063248139,0.764653895575856,1.4226068635485682,-0.4876738443664548,3.654568720914268,1.5945743322906956
64.0,284.0,1004.6443481445312,0.6900176227674764,3.063074350782302,-0.3302721781170479,3.0126561550720083,-0.1976159951512532,1.5970259768578052,1.2511792713171723,-0.0167520924344081,3.4265898532482377,1.5636003792452855
64.0,284.0,1004.1213989257812,0.2153483923752346,2.977147305338594,-0.595687141216819,2.606774394934442,-1.0278964624926523,1.4248740797111572,1.4411335825086675,0.1643799556484128,3.274974405060643,1.674699710113174
64.0,284.0,1005.7791137695312,0.6317410114373033,3.3821840388898674,-0.6555082762858517,1.8304964441013163,0.265419887632873,0.7751960162999161,1.243165064585624,-0.3543464243561521,3.598221077351875,1.5754946386202904
64.0,284.0,1005.7072143554688,1.6491448804843336,2.9104453120023,-0.2376035463302053,3.615676320374159,-0.5459213406507523,1.0802436756395946,1.0229389087533642,-0.0226071327225542,3.134768809825729,1.4551102740604491
64.0,284.0,1005.2555541992188,-0.5037094802039921,3.707585390221884,-0.3280569768488796,3.321070462527059,0.979043172621886,-0.4155761280008436,0.9565504599200948,0.2951346271246178,3.295787014291044,2.1819067114242974
64.0,284.0,1005.51806640625,-0.40218204349395,2.9611396568649364,0.6762820959727607,3.216420950245242,-1.6087780174255435,1.486703313514423,0.3728051189080725,0.4352597544671966,2.6224629239329085,1.7656766646614763
64.0,284.0,1006.2119140625,0.4893625390202833,1.7795423029239368,-0.2283334970089545,3.1277989280704825,0.4981169607027755,1.141197769335064,2.5146578201478693,1.975507430672696,4.311031517865723,2.0922100116751228
64.0,284.0,1005.1494140625,1.4267671879387,2.82151791963309,-0.2050135975394147,3.599402345635524,-0.212234014229664,1.0699343377498252,1.054124327480299,-0.0348381047181509,3.2384919490320403,1.683330061310487
64.0,284.0,1005.474853515625,1.5026949966969567,4.303640589644998,0.0467183102294996,3.508585978273294,-0.276222544546385,1.2632585220760255,0.9839023829757484,0.4548566034085533,3.319979299343642,1.681623450852277
64.0,284.0,1004.5355224609376,-0.2067583177486083,2.156645823399848,1.1237471826284795,3.780946817479548,-0.5114493991580722,1.3470285072754011,1.5426076556614716,0.9251629364195506,3.6326501297850458,1.193605314089168
64.0,284.0,1004.0458984375,0.6627964073101363,1.902544155917261,1.7356517264199556,1.1276967507837976,-0.9532319298265536,0.6325625002596181,1.4181961809212862,1.2571856093798428,3.247627624338968,0.7396376473821458
64.0,284.0,1004.7117919921876,0.4052530103725722,2.862964791291889,1.0244185980793992,1.6185629550949447,0.0861167524434486,0.806110362194968,0.5149989619430992,0.0762824622613271,3.306353246449835,1.6419964791765842
64.0,284.0,1005.585205078125,1.4441076734521072,3.066111509674269,0.0067028297138759,3.194813058276394,-0.2495793018936137,1.1591742150332562,1.047291772061316,-0.0635626710663064,3.2934046480925203,1.7277033081006632
64.0,284.0,1004.95849609375,0.9162956780313632,2.1247201074083826,0.0379144096914144,3.0493734156772465,-0.204541723945408,1.0866278545155783,1.081534562537653,-0.1426858802547873,2.5531626479271203,1.6834925846586402
64.0,284.0,1003.9569702148438,0.448016906340041,3.105722986450256,0.8138035866923863,3.0955404770734902,0.2620725015799733,1.6869868466778326,0.0600023277914734,0.2622416693067444,3.1208073658522064,1.5478276998793208
64.0,284.0,1005.9080810546876,1.0513515896295955,3.0324479004866207,-0.1399893757068982,2.5909601277576697,-0.1207554487964864,2.5126882206643253,1.1607896320933913,0.180815057255496,3.251736532375584,2.58552590355996
64.0,284.0,1005.7649536132812,0.2825466944237913,3.223371955913502,-1.130107795435179,3.475165291581171,-1.048330892200188,0.6773142097574366,1.7224453178602437,-0.0116344510771347,2.978858171781275,1.664112733334867
64.0,284.0,1003.8233642578124,1.028523366259821,3.0628461474330293,-0.3204188298828894,3.0167776901382988,0.2647472536681213,1.306874930918926,0.9514498344110252,-0.5399432597472117,3.348110656193866,0.8965220619264871
64.0,284.0,1006.2741088867188,1.643031542836416,3.606370926934152,-0.6934784640503268,3.544777025413626,-0.1168117638030309,0.939111865717292,1.235370936060419,0.8014975999324441,3.270795648100955,1.6707495569788469
64.0,284.0,1005.4312744140624,1.3627715738376884,3.076635121501396,-0.2203183241854567,3.1897560510402903,-0.4507563945197057,1.1522013466208365,1.072078304572779,-0.0715777010715543,3.2997649430028133,1.6650114468654638
64.0,284.0,1006.1286010742188,1.5630251164579407,3.034072154337606,-0.2144607478813976,3.3747890166807086,-0.1840946200972616,1.0834848120091078,1.505132191142844,0.0986427251527393,3.2971237436003165,1.6407078622033984
64.0,284.0,1004.8368530273438,-0.0192859539180938,3.1458012448024646,-0.4052589456220559,3.5837623621294377,-0.4446218579421889,1.004306573519272,1.0674916208430016,-0.1473208806064043,4.659302750457305,1.266183010783346
64.0,284.0,1005.0035400390624,1.488088734200528,3.2964916798764268,-0.081613556681665,3.4931910742310563,-0.4795947022471148,1.19443031097595,1.5983254058784726,0.3030366300005376,3.1093375136026897,1.3517079212642986
64.0,284.0,1005.59716796875,0.8422960777773174,3.0348209215701183,-0.2311176520887816,3.530445462000517,0.731073415144617,1.0838871087870037,1.0526527931079228,-0.2789778063184201,3.525442996103043,1.9314441196361605
64.0,284.0,1005.1682739257812,0.4758226699530498,2.725912301651685,-0.0230184400084026,3.5041163169939864,-0.2839688026094656,0.98246182909671,0.7814411067738086,0.0567855685067581,3.2908997596538847,1.3640380101297185
64.0,284.0,1004.932861328125,1.5796322669745138,2.974669102036052,-0.2759972217390695,3.567574034001228,-0.2093543612178015,1.4940440693796724,1.055340177568717,-0.0056815911348413,3.322450316094878,2.2801882162059304
64.0,284.0,1004.5557861328124,1.021039932157859,3.115921688963008,1.0019107446718256,2.234313345165861,-1.2644187944951404,0.667371423970712,1.2297919770831705,0.8270215697473942,3.348214809893935,1.7947175164238944
64.0,284.0,1005.9476318359376,0.0416259073064684,3.056620648095169,0.9059087932371556,3.541676985417584,-0.4558259587305865,-0.3150494321593007,1.05123482986649,-0.0994281152615595,3.238383279985208,1.6565234082160285
64.0,284.0,1005.81201171875,1.0493680198447488,3.1481788145602274,-0.3742052874168526,1.7340138049668434,0.0318673716322229,0.8640905123034281,1.2404658485720614,-0.0193011184880681,2.7865877149951315,1.7316496760128115
64.0,284.0,1004.924560546875,1.3902787656971398,3.2388825019148166,-0.206591284257351,2.6835356447268124,-0.2393013169250669,1.0825663808182378,0.7880722208517016,0.1086941866441624,3.760609960660497,1.5499190461382142
64.0,284.0,1003.884033203125,1.1425112649696187,3.065090117718845,0.592860107788608,2.8071972518327133,0.2549808842303713,0.7688590957311772,1.1434486482266086,0.1774592781213724,3.2904317271738885,1.6652367097735672
64.0,284.0,1004.8756713867188,1.803103039357084,3.04969122379482,-0.2380855070972431,3.544222673085715,-0.3675432124331079,1.0049334701620785,1.0915745130618049,-0.0166428366782459,3.286393579044508,1.7128181502425668
64.0,284.0,1005.5949096679688,1.065741447403239,3.566321993171797,-0.1722097588879127,3.335195644635442,0.4153135222526197,1.6432684793938577,1.2308026718224587,0.3065238812510272,3.32453208933479,1.4181087479272612
64.0,284.0,1005.1708984375,1.5387374172758588,3.0630905424895096,-0.2761169812147975,3.539551483750204,-0.0710913967583387,1.0864629386437223,1.0432566156141505,0.0406253156605319,3.3703392304127733,1.6847979903288934
64.0,284.0,1004.3433227539062,1.5246637626108075,2.588764633984187,-0.2247483509817702,3.541791433209113,-0.2094105942329443,0.0900981966808316,1.4472220790014578,0.3634141441016041,3.275517642189521,1.677631713184814
64.0,284.0,1005.5083618164062,-1.2715466490038871,3.33646995284633,1.2426772752163675,2.38751705217131,-0.8710368221530405,0.5865526170487287,0.9075178980445896,-0.0053437737026581,3.023257466028761,1.5838181227778998
64.0,284.0,1002.565185546875,0.5472914493255665,3.366882117201061,1.3060013984334584,1.9325170226020087,-1.0074251950736448,0.7432223534795421,1.6951969237110474,0.1334456915648295,3.316198941140461,1.659375229627378
64.0,284.0,1006.7476806640624,1.3783292661069166,2.227281756843792,0.7486796121921748,2.3676098445669496,-0.4352187250238886,0.1295667694666509,1.2582478032152908,0.9678886220425788,1.546052822985894,1.7088008776725607
64.0,284.0,1003.6841430664062,1.5264166200797986,3.063097861613356,-0.215819897253269,3.5490497273888275,-0.2048867388282806,1.0826619122252867,1.0511392207255632,-0.0170243374408754,3.2973942147249127,1.6821927523441609
64.0,284.0,1004.9850463867188,0.6143587211329081,3.6385777878302688,1.866782871449317,2.68567229671642,-0.0190286631641586,0.5847002488156035,1.759170199056142,0.7876675185527418,3.289135321111209,1.695106697781342
64.0,284.0,1006.3912353515624,1.0823124156003283,3.145532408020725,0.0937498638335725,4.3492484902596935,-0.983369492477124,0.3045399617600217,1.0355153888892177,-0.6035785196627739,3.47882371336145,1.9749920545649893
64.0,284.0,1003.7677001953124,0.9753379059727132,3.027481911426474,0.8914709442373026,3.6385006360362526,-0.1936568623912141,0.9354252219936228,1.0515023454212475,1.5844169383747184,3.3013099988549235,1.6821957420369034
64.0,284.0,1004.1815795898438,1.186914875836738,2.984003335173336,1.0917657361520303,3.111316162569416,-0.2135156752145395,1.956200428446676,1.1043285602139945,-0.0888351866134527,3.261696929640985,2.1191790875322365
64.0,284.0,1005.9786376953124,1.1755166225902458,3.0139295819900664,-0.2417305383366287,3.616814653335077,-0.2729520402836232,1.8592848557108288,1.1177652924446315,0.1211451494947978,3.912459696901169,2.2316448068592054
64.0,284.0,1004.7403564453124,0.4804166552562906,3.142058809388116,-0.507253232726782,3.78275224637308,-0.5671588827166028,1.1261544357254607,1.4122039073154182,0.5007209311294231,3.503301094810195,1.926829920271378
64.0,284.0,1004.5214233398438,1.3925082887281215,3.065088985864282,-0.1686798461004562,2.4937664364779137,-0.2246521629870259,1.0573601922845028,1.0844478999456344,-0.8866334099558765,3.2654268773896447,1.6563374701400866
64.0,284.0,1004.5638427734376,-0.2134668305182117,2.783390802993948,1.9017004885948512,1.4366753845009534,-0.5024318747415023,0.7385154890632665,0.977632335582272,0.2974201112703576,3.125186682888231,1.6802011201576457
64.0,284.0,1005.5848999023438,-0.4976473021030942,3.419951677935696,-0.3086301958483286,3.870154605804175,-1.1699164176837953,1.6993185462984577,0.8701808901365833,0.0028869377323087,3.427754210534899,1.6924904654891433
64.0,284.0,1004.2504272460938,-0.8223529424704155,2.825127807401638,-0.323922086313651,1.937577607926971,-0.7880478165526897,-0.5658922756132105,1.2049866790758093,0.2624683225465503,3.2458834880441487,0.9881096602322688
64.0,284.0,1004.8351440429688,0.383266327892847,3.526047267809437,-0.0464641811751654,3.441002486581674,0.4622121063248139,0.764653895575856,1.4226068635485682,-0.4876738443664548,3.654568720914268,1.5945743322906956
64.0,285.0,1004.6443481445312,0.6900176227674764,3.063074350782302,-0.3302721781170479,3.0126561550720083,-0.1976159951512532,1.5970259768578052,1.2511792713171723,-0.0167520924344081,3.4265898532482377,1.5636003792452855
64.0,285.0,1004.1213989257812,0.2153483923752346,2.977147305338594,-0.595687141216819,2.606774394934442,-1.0278964624926523,1.4248740797111572,1.4411335825086675,0.1643799556484128,3.274974405060643,1.674699710113174
64.0,285.0,1005.7791137695312,0.6317410114373033,3.3821840388898674,-0.6555082762858517,1.8304964441013163,0.265419887632873,0.7751960162999161,1.243165064585624,-0.3543464243561521,3.598221077351875,1.5754946386202904
64.0,285.0,1005.7072143554688,1.6491448804843336,2.9104453120023,-0.2376035463302053,3.615676320374159,-0.5459213406507523,1.0802436756395946,1.0229389087533642,-0.0226071327225542,3.134768809825729,1.4551102740604491
64.0,285.0,1005.2555541992188,-0.5037094802039921,3.707585390221884,-0.3280569768488796,3.321070462527059,0.979043172621886,-0.4155761280008436,0.9565504599200948,0.2951346271246178,3.295787014291044,2.1819067114242974
64.0,285.0,1005.51806640625,-0.40218204349395,2.9611396568649364,0.6762820959727607,3.216420950245242,-1.6087780174255435,1.486703313514423,0.3728051189080725,0.4352597544671966,2.6224629239329085,1.7656766646614763
64.0,285.0,1006.2119140625,0.4893625390202833,1.7795423029239368,-0.2283334970089545,3.1277989280704825,0.4981169607027755,1.141197769335064,2.5146578201478693,1.975507430672696,4.311031517865723,2.0922100116751228
64.0,285.0,1005.1494140625,1.4267671879387,2.82151791963309,-0.2050135975394147,3.599402345635524,-0.212234014229664,1.0699343377498252,1.054124327480299,-0.0348381047181509,3.2384919490320403,1.683330061310487
64.0,285.0,1005.474853515625,1.5026949966969567,4.303640589644998,0.0467183102294996,3.508585978273294,-0.276222544546385,1.2632585220760255,0.9839023829757484,0.4548566034085533,3.319979299343642,1.681623450852277
64.0,285.0,1004.5355224609376,-0.2067583177486083,2.156645823399848,1.1237471826284795,3.780946817479548,-0.5114493991580722,1.3470285072754011,1.5426076556614716,0.9251629364195506,3.6326501297850458,1.193605314089168
64.0,285.0,1004.0458984375,0.6627964073101363,1.902544155917261,1.7356517264199556,1.1276967507837976,-0.9532319298265536,0.6325625002596181,1.4181961809212862,1.2571856093798428,3.247627624338968,0.7396376473821458
64.0,285.0,1004.7117919921876,0.4052530103725722,2.862964791291889,1.0244185980793992,1.6185629550949447,0.0861167524434486,0.806110362194968,0.5149989619430992,0.0762824622613271,3.306353246449835,1.6419964791765842
64.0,285.0,1005.585205078125,1.4441076734521072,3.066111509674269,0.0067028297138759,3.194813058276394,-0.2495793018936137,1.1591742150332562,1.047291772061316,-0.0635626710663064,3.2934046480925203,1.7277033081006632
64.0,285.0,1004.95849609375,0.9162956780313632,2.1247201074083826,0.0379144096914144,3.0493734156772465,-0.204541723945408,1.0866278545155783,1.081534562537653,-0.1426858802547873,2.5531626479271203,1.6834925846586402
64.0,285.0,1003.9569702148438,0.448016906340041,3.105722986450256,0.8138035866923863,3.0955404770734902,0.2620725015799733,1.6869868466778326,0.0600023277914734,0.2622416693067444,3.1208073658522064,1.5478276998793208
64.0,285.0,1005.9080810546876,1.0513515896295955,3.0324479004866207,-0.1399893757068982,2.5909601277576697,-0.1207554487964864,2.5126882206643253,1.1607896320933913,0.180815057255496,3.251736532375584,2.58552590355996
64.0,285.0,1005.7649536132812,0.2825466944237913,3.223371955913502,-1.130107795435179,3.475165291581171,-1.048330892200188,0.6773142097574366,1.7224453178602437,-0.0116344510771347,2.978858171781275,1.664112733334867
64.0,285.0,1003.8233642578124,1.028523366259821,3.0628461474330293,-0.3204188298828894,3.0167776901382988,0.2647472536681213,1.306874930918926,0.9514498344110252,-0.5399432597472117,3.348110656193866,0.8965220619264871
64.0,285.0,1006.2741088867188,1.643031542836416,3.606370926934152,-0.6934784640503268,3.544777025413626,-0.1168117638030309,0.939111865717292,1.235370936060419,0.8014975999324441,3.270795648100955,1.6707495569788469
64.0,285.0,1005.4312744140624,1.3627715738376884,3.076635121501396,-0.2203183241854567,3.1897560510402903,-0.4507563945197057,1.1522013466208365,1.072078304572779,-0.0715777010715543,3.2997649430028133,1.6650114468654638
64.0,285.0,1006.1286010742188,1.5630251164579407,3.034072154337606,-0.2144607478813976,3.3747890166807086,-0.1840946200972616,1.0834848120091078,1.505132191142844,0.0986427251527393,3.2971237436003165,1.6407078622033984
64.0,285.0,1004.8368530273438,-0.0192859539180938,3.1458012448024646,-0.4052589456220559,3.5837623621294377,-0.4446218579421889,1.004306573519272,1.0674916208430016,-0.1473208806064043,4.659302750457305,1.266183010783346
64.0,285.0,1005.0035400390624,1.488088734200528,3.2964916798764268,-0.081613556681665,3.4931910742310563,-0.4795947022471148,1.19443031097595,1.5983254058784726,0.3030366300005376,3.1093375136026897,1.3517079212642986
64.0,285.0,1005.59716796875,0.8422960777773174,3.0348209215701183,-0.2311176520887816,3.530445462000517,0.731073415144617,1.0838871087870037,1.0526527931079228,-0.2789778063184201,3.525442996103043,1.9314441196361605
64.0,285.0,1005.1682739257812,0.4758226699530498,2.725912301651685,-0.0230184400084026,3.5041163169939864,-0.2839688026094656,0.98246182909671,0.7814411067738086,0.0567855685067581,3.2908997596538847,1.3640380101297185
64.0,285.0,1004.932861328125,1.5796322669745138,2.974669102036052,-0.2759972217390695,3.567574034001228,-0.2093543612178015,1.4940440693796724,1.055340177568717,-0.0056815911348413,3.322450316094878,2.2801882162059304
64.0,285.0,1004.5557861328124,1.021039932157859,3.115921688963008,1.0019107446718256,2.234313345165861,-1.2644187944951404,0.667371423970712,1.2297919770831705,0.8270215697473942,3.348214809893935,1.7947175164238944
64.0,285.0,1005.9476318359376,0.0416259073064684,3.056620648095169,0.9059087932371556,3.541676985417584,-0.4558259587305865,-0.3150494321593007,1.05123482986649,-0.0994281152615595,3.238383279985208,1.6565234082160285
64.0,285.0,1005.81201171875,1.0493680198447488,3.1481788145602274,-0.3742052874168526,1.7340138049668434,0.0318673716322229,0.8640905123034281,1.2404658485720614,-0.0193011184880681,2.7865877149951315,1.7316496760128115
64.0,285.0,1004.924560546875,1.3902787656971398,3.2388825019148166,-0.206591284257351,2.6835356447268124,-0.2393013169250669,1.0825663808182378,0.7880722208517016,0.1086941866441624,3.760609960660497,1.5499190461382142
64.0,285.0,1003.884033203125,1.1425112649696187,3.065090117718845,0.592860107788608,2.8071972518327133,0.2549808842303713,0.7688590957311772,1.1434486482266086,0.1774592781213724,3.2904317271738885,1.6652367097735672
64.0,285.0,1004.8756713867188,1.803103039357084,3.04969122379482,-0.2380855070972431,3.544222673085715,-0.3675432124331079,1.0049334701620785,1.0915745130618049,-0.0166428366782459,3.286393579044508,1.7128181502425668
64.0,285.0,1005.5949096679688,1.065741447403239,3.566321993171797,-0.1722097588879127,3.335195644635442,0.4153135222526197,1.6432684793938577,1.2308026718224587,0.3065238812510272,3.32453208933479,1.4181087479272612
64.0,285.0,1005.1708984375,1.5387374172758588,3.0630905424895096,-0.2761169812147975,3.539551483750204,-0.0710913967583387,1.0864629386437223,1.0432566156141505,0.0406253156605319,3.3703392304127733,1.6847979903288934
64.0,285.0,1004.3433227539062,1.5246637626108075,2.588764633984187,-0.2247483509817702,3.541791433209113,-0.2094105942329443,0.0900981966808316,1.4472220790014578,0.3634141441016041,3.275517642189521,1.677631713184814
64.0,285.0,1005.5083618164062,-1.2715466490038871,3.33646995284633,1.2426772752163675,2.38751705217131,-0.8710368221530405,0.5865526170487287,0.9075178980445896,-0.0053437737026581,3.023257466028761,1.5838181227778998
64.0,285.0,1002.565185546875,0.5472914493255665,3.366882117201061,1.3060013984334584,1.9325170226020087,-1.0074251950736448,0.7432223534795421,1.6951969237110474,0.1334456915648295,3.316198941140461,1.659375229627378
64.0,285.0,1006.7476806640624,1.3783292661069166,2.227281756843792,0.7486796121921748,2.3676098445669496,-0.4352187250238886,0.1295667694666509,1.2582478032152908,0.9678886220425788,1.546052822985894,1.7088008776725607
64.0,285.0,1003.6841430664062,1.5264166200797986,3.063097861613356,-0.215819897253269,3.5490497273888275,-0.2048867388282806,1.0826619122252867,1.0511392207255632,-0.0170243374408754,3.2973942147249127,1.6821927523441609
64.0,285.0,1004.9850463867188,0.6143587211329081,3.6385777878302688,1.866782871449317,2.68567229671642,-0.0190286631641586,0.5847002488156035,1.759170199056142,0.7876675185527418,3.289135321111209,1.695106697781342
64.0,285.0,1006.3912353515624,1.0823124156003283,3.145532408020725,0.0937498638335725,4.3492484902596935,-0.983369492477124,0.3045399617600217,1.0355153888892177,-0.6035785196627739,3.47882371336145,1.9749920545649893
64.0,285.0,1003.7677001953124,0.9753379059727132,3.027481911426474,0.8914709442373026,3.6385006360362526,-0.1936568623912141,0.9354252219936228,1.0515023454212475,1.5844169383747184,3.3013099988549235,1.6821957420369034
64.0,285.0,1004.1815795898438,1.186914875836738,2.984003335173336,1.0917657361520303,3.111316162569416,-0.2135156752145395,1.956200428446676,1.1043285602139945,-0.0888351866134527,3.261696929640985,2.1191790875322365
64.0,285.0,1005.9786376953124,1.1755166225902458,3.0139295819900664,-0.2417305383366287,3.616814653335077,-0.2729520402836232,1.8592848557108288,1.1177652924446315,0.1211451494947978,3.912459696901169,2.2316448068592054
64.0,285.0,1004.7403564453124,0.4804166552562906,3.142058809388116,-0.507253232726782,3.78275224637308,-0.5671588827166028,1.1261544357254607,1.4122039073154182,0.5007209311294231,3.503301094810195,1.926829920271378
64.0,285.0,1004.5214233398438,1.3925082887281215,3.065088985864282,-0.1686798461004562,2.4937664364779137,-0.2246521629870259,1.0573601922845028,1.0844478999456344,-0.8866334099558765,3.2654268773896447,1.6563374701400866
64.0,285.0,1004.5638427734376,-0.2134668305182117,2.783390802993948,1.9017004885948512,1.4366753845009534,-0.5024318747415023,0.7385154890632665,0.977632335582272,0.2974201112703576,3.125186682888231,1.6802011201576457
64.0,285.0,1005.5848999023438,-0.4976473021030942,3.419951677935696,-0.3086301958483286,3.870154605804175,-1.1699164176837953,1.6993185462984577,0.8701808901365833,0.0028869377323087,3.427754210534899,1.6924904654891433
64.0,285.0,1004.2504272460938,-0.8223529424704155,2.825127807401638,-0.323922086313651,1.937577607926971,-0.7880478165526897,-0.5658922756132105,1.2049866790758093,0.2624683225465503,3.2458834880441487,0.9881096602322688
64.0,285.0,1004.8351440429688,0.383266327892847,3.526047267809437,-0.0464641811751654,3.441002486581674,0.4622121063248139,0.764653895575856,1.4226068635485682,-0.4876738443664548,3.654568720914268,1.5945743322906956
64.0,286.0,1004.6443481445312,0.6900176227674764,3.063074350782302,-0.3302721781170479,3.0126561550720083,-0.1976159951512532,1.5970259768578052,1.2511792713171723,-0.0167520924344081,3.4265898532482377,1.5636003792452855
64.0,286.0,1004.1213989257812,0.2153483923752346,2.977147305338594,-0.595687141216819,2.606774394934442,-1.0278964624926523,1.4248740797111572,1.4411335825086675,0.1643799556484128,3.274974405060643,1.674699710113174
64.0,286.0,1005.7791137695312,0.6317410114373033,3.3821840388898674,-0.6555082762858517,1.8304964441013163,0.265419887632873,0.7751960162999161,1.243165064585624,-0.3543464243561521,3.598221077351875,1.5754946386202904
64.0,286.0,1005.7072143554688,1.6491448804843336,2.9104453120023,-0.2376035463302053,3.615676320374159,-0.5459213406507523,1.0802436756395946,1.0229389087533642,-0.0226071327225542,3.134768809825729,1.4551102740604491
64.0,286.0,1005.2555541992188,-0.5037094802039921,3.707585390221884,-0.3280569768488796,3.321070462527059,0.979043172621886,-0.4155761280008436,0.9565504599200948,0.2951346271246178,3.295787014291044,2.1819067114242974
64.0,286.0,1005.51806640625,-0.40218204349395,2.9611396568649364,0.6762820959727607,3.216420950245242,-1.6087780174255435,1.486703313514423,0.3728051189080725,0.4352597544671966,2.6224629239329085,1.7656766646614763
64.0,286.0,1006.2119140625,0.4893625390202833,1.7795423029239368,-0.2283334970089545,3.1277989280704825,0.4981169607027755,1.141197769335064,2.5146578201478693,1.975507430672696,4.311031517865723,2.0922100116751228
64.0,286.0,1005.1494140625,1.4267671879387,2.82151791963309,-0.2050135975394147,3.599402345635524,-0.212234014229664,1.0699343377498252,1.054124327480299,-0.0348381047181509,3.2384919490320403,1.683330061310487
64.0,286.0,1005.474853515625,1.5026949966969567,4.303640589644998,0.0467183102294996,3.508585978273294,-0.276222544546385,1.2632585220760255,0.9839023829757484,0.4548566034085533,3.319979299343642,1.681623450852277
64.0,286.0,1004.5355224609376,-0.2067583177486083,2.156645823399848,1.1237471826284795,3.780946817479548,-0.5114493991580722,1.3470285072754011,1.5426076556614716,0.9251629364195506,3.6326501297850458,1.193605314089168
64.0,286.0,1004.0458984375,0.6627964073101363,1.902544155917261,1.7356517264199556,1.1276967507837976,-0.9532319298265536,0.6325625002596181,1.4181961809212862,1.2571856093798428,3.247627624338968,0.7396376473821458
64.0,286.0,1004.7117919921876,0.4052530103725722,2.862964791291889,1.0244185980793992,1.6185629550949447,0.0861167524434486,0.806110362194968,0.5149989619430992,0.0762824622613271,3.306353246449835,1.6419964791765842
64.0,286.0,1005.585205078125,1.4441076734521072,3.066111509674269,0.0067028297138759,3.194813058276394,-0.2495793018936137,1.1591742150332562,1.047291772061316,-0.0635626710663064,3.2934046480925203,1.7277033081006632
64.0,286.0,1004.95849609375,0.9162956780313632,2.1247201074083826,0.0379144096914144,3.0493734156772465,-0.204541723945408,1.0866278545155783,1.081534562537653,-0.1426858802547873,2.5531626479271203,1.6834925846586402
64.0,286.0,1003.9569702148438,0.448016906340041,3.105722986450256,0.8138035866923863,3.0955404770734902,0.2620725015799733,1.6869868466778326,0.0600023277914734,0.2622416693067444,3.1208073658522064,1.5478276998793208
64.0,286.0,1005.9080810546876,1.0513515896295955,3.0324479004866207,-0.1399893757068982,2.5909601277576697,-0.1207554487964864,2.5126882206643253,1.1607896320933913,0.180815057255496,3.251736532375584,2.58552590355996
64.0,286.0,1005.7649536132812,0.2825466944237913,3.223371955913502,-1.130107795435179,3.475165291581171,-1.048330892200188,0.6773142097574366,1.7224453178602437,-0.0116344510771347,2.978858171781275,1.664112733334867
64.0,286.0,1003.8233642578124,1.028523366259821,3.0628461474330293,-0.3204188298828894,3.0167776901382988,0.2647472536681213,1.306874930918926,0.9514498344110252,-0.5399432597472117,3.348110656193866,0.8965220619264871
64.0,286.0,1006.2741088867188,1.643031542836416,3.606370926934152,-0.6934784640503268,3.544777025413626,-0.1168117638030309,0.939111865717292,1.235370936060419,0.8014975999324441,3.270795648100955,1.6707495569788469
64.0,286.0,1005.4312744140624,1.3627715738376884,3.076635121501396,-0.2203183241854567,3.1897560510402903,-0.4507563945197057,1.1522013466208365,1.072078304572779,-0.0715777010715543,3.2997649430028133,1.6650114468654638
64.0,286.0,1006.1286010742188,1.5630251164579407,3.034072154337606,-0.2144607478813976,3.3747890166807086,-0.1840946200972616,1.0834848120091078,1.505132191142844,0.0986427251527393,3.2971237436003165,1.6407078622033984
64.0,286.0,1004.8368530273438,-0.0192859539180938,3.1458012448024646,-0.4052589456220559,3.5837623621294377,-0.4446218579421889,1.004306573519272,1.0674916208430016,-0.1473208806064043,4.659302750457305,1.266183010783346
64.0,286.0,1005.0035400390624,1.488088734200528,3.2964916798764268,-0.081613556681665,3.4931910742310563,-0.4795947022471148,1.19443031097595,1.5983254058784726,0.3030366300005376,3.1093375136026897,1.3517079212642986
64.0,286.0,1005.59716796875,0.8422960777773174,3.0348209215701183,-0.2311176520887816,3.530445462000517,0.731073415144617,1.0838871087870037,1.0526527931079228,-0.2789778063184201,3.525442996103043,1.9314441196361605
64.0,286.0,1005.1682739257812,0.4758226699530498,2.725912301651685,-0.0230184400084026,3.5041163169939864,-0.2839688026094656,0.98246182909671,0.7814411067738086,0.0567855685067581,3.2908997596538847,1.3640380101297185
64.0,286.0,1004.932861328125,1.5796322669745138,2.974669102036052,-0.2759972217390695,3.567574034001228,-0.2093543612178015,1.4940440693796724,1.055340177568717,-0.0056815911348413,3.322450316094878,2.2801882162059304
64.0,286.0,1004.5557861328124,1.021039932157859,3.115921688963008,1.0019107446718256,2.234313345165861,-1.2644187944951404,0.667371423970712,1.2297919770831705,0.8270215697473942,3.348214809893935,1.7947175164238944
64.0,286.0,1005.9476318359376,0.0416259073064684,3.056620648095169,0.9059087932371556,3.541676985417584,-0.4558259587305865,-0.3150494321593007,1.05123482986649,-0.0994281152615595,3.238383279985208,1.6565234082160285
64.0,286.0,1005.81201171875,1.0493680198447488,3.1481788145602274,-0.3742052874168526,1.7340138049668434,0.0318673716322229,0.8640905123034281,1.2404658485720614,-0.0193011184880681,2.7865877149951315,1.7316496760128115
64.0,286.0,1004.924560546875,1.3902787656971398,3.2388825019148166,-0.206591284257351,2.6835356447268124,-0.2393013169250669,1.0825663808182378,0.7880722208517016,0.1086941866441624,3.760609960660497,1.5499190461382142
64.0,286.0,1003.884033203125,1.1425112649696187,3.065090117718845,0.592860107788608,2.8071972518327133,0.2549808842303713,0.7688590957311772,1.1434486482266086,0.1774592781213724,3.2904317271738885,1.6652367097735672
64.0,286.0,1004.8756713867188,1.803103039357084,3.04969122379482,-0.2380855070972431,3.544222673085715,-0.3675432124331079,1.0049334701620785,1.0915745130618049,-0.0166428366782459,3.286393579044508,1.7128181502425668
64.0,286.0,1005.5949096679688,1.065741447403239,3.566321993171797,-0.1722097588879127,3.335195644635442,0.4153135222526197,1.6432684793938577,1.2308026718224587,0.3065238812510272,3.32453208933479,1.4181087479272612
64.0,286.0,1005.1708984375,1.5387374172758588,3.0630905424895096,-0.2761169812147975,3.539551483750204,-0.0710913967583387,1.0864629386437223,1.0432566156141505,0.0406253156605319,3.3703392304127733,1.6847979903288934
64.0,286.0,1004.3433227539062,1.5246637626108075,2.588764633984187,-0.2247483509817702,3.541791433209113,-0.2094105942329443,0.0900981966808316,1.4472220790014578,0.3634141441016041,3.275517642189521,1.677631713184814
64.0,286.0,1005.5083618164062,-1.2715466490038871,3.33646995284633,1.2426772752163675,2.38751705217131,-0.8710368221530405,0.5865526170487287,0.9075178980445896,-0.0053437737026581,3.023257466028761,1.5838181227778998
64.0,286.0,1002.565185546875,0.5472914493255665,3.366882117201061,1.3060013984334584,1.9325170226020087,-1.0074251950736448,0.7432223534795421,1.6951969237110474,0.1334456915648295,3.316198941140461,1.659375229627378
64.0,286.0,1006.7476806640624,1.3783292661069166,2.227281756843792,0.7486796121921748,2.3676098445669496,-0.4352187250238886,0.1295667694666509,1.2582478032152908,0.9678886220425788,1.546052822985894,1.7088008776725607
64.0,286.0,1003.6841430664062,1.5264166200797986,3.063097861613356,-0.215819897253269,3.5490497273888275,-0.2048867388282806,1.0826619122252867,1.0511392207255632,-0.0170243374408754,3.2973942147249127,1.6821927523441609
64.0,286.0,1004.9850463867188,0.6143587211329081,3.6385777878302688,1.866782871449317,2.68567229671642,-0.0190286631641586,0.5847002488156035,1.759170199056142,0.7876675185527418,3.289135321111209,1.695106697781342
64.0,286.0,1006.3912353515624,1.0823124156003283,3.145532408020725,0.0937498638335725,4.3492484902596935,-0.983369492477124,0.3045399617600217,1.0355153888892177,-0.6035785196627739,3.47882371336145,1.9749920545649893
64.0,286.0,1003.7677001953124,0.9753379059727132,3.027481911426474,0.8914709442373026,3.6385006360362526,-0.1936568623912141,0.9354252219936228,1.0515023454212475,1.5844169383747184,3.3013099988549235,1.6821957420369034
64.0,286.0,1004.1815795898438,1.186914875836738,2.984003335173336,1.0917657361520303,3.111316162569416,-0.2135156752145395,1.956200428446676,1.1043285602139945,-0.0888351866134527,3.261696929640985,2.1191790875322365
64.0,286.0,1005.9786376953124,1.1755166225902458,3.0139295819900664,-0.2417305383366287,3.616814653335077,-0.2729520402836232,1.8592848557108288,1.1177652924446315,0.1211451494947978,3.912459696901169,2.2316448068592054
64.0,286.0,1004.7403564453124,0.4804166552562906,3.142058809388116,-0.507253232726782,3.78275224637308,-0.5671588827166028,1.1261544357254607,1.4122039073154182,0.5007209311294231,3.503301094810195,1.926829920271378
64.0,286.0,1004.5214233398438,1.3925082887281215,3.065088985864282,-0.1686798461004562,2.4937664364779137,-0.2246521629870259,1.0573601922845028,1.0844478999456344,-0.8866334099558765,3.2654268773896447,1.6563374701400866
64.0,286.0,1004.5638427734376,-0.2134668305182117,2.783390802993948,1.9017004885948512,1.4366753845009534,-0.5024318747415023,0.7385154890632665,0.977632335582272,0.2974201112703576,3.125186682888231,1.6802011201576457
64.0,286.0,1005.5848999023438,-0.4976473021030942,3.419951677935696,-0.3086301958483286,3.870154605804175,-1.1699164176837953,1.6993185462984577,0.8701808901365833,0.0028869377323087,3.427754210534899,1.6924904654891433
64.0,286.0,1004.2504272460938,-0.8223529424704155,2.825127807401638,-0.323922086313651,1.937577607926971,-0.7880478165526897,-0.5658922756132105,1.2049866790758093,0.2624683225465503,3.2458834880441487,0.9881096602322688
64.0,286.0,1004.8351440429688,0.383266327892847,3.526047267809437,-0.0464641811751654,3.441002486581674,0.4622121063248139,0.764653895575856,1.4226068635485682,-0.4876738443664548,3.654568720914268,1.5945743322906956
64.0,287.0,1004.6443481445312,0.6900176227674764,3.063074350782302,-0.3302721781170479,3.0126561550720083,-0.1976159951512532,1.5970259768578052,1.2511792713171723,-0.0167520924344081,3.4265898532482377,1.5636003792452855
64.0,287.0,1004.1213989257812,0.2153483923752346,2.977147305338594,-0.595687141216819,2.606774394934442,-1.0278964624926523,1.4248740797111572,1.4411335825086675,0.1643799556484128,3.274974405060643,1.674699710113174
64.0,287.0,1005.7791137695312,0.6317410114373033,3.3821840388898674,-0.6555082762858517,1.8304964441013163,0.265419887632873,0.7751960162999161,1.243165064585624,-0.3543464243561521,3.598221077351875,1.5754946386202904
64.0,287.0,1005.7072143554688,1.6491448804843336,2.9104453120023,-0.2376035463302053,3.615676320374159,-0.5459213406507523,1.0802436756395946,1.0229389087533642,-0.0226071327225542,3.134768809825729,1.4551102740604491
64.0,287.0,1005.2555541992188,-0.5037094802039921,3.707585390221884,-0.3280569768488796,3.321070462527059,0.979043172621886,-0.4155761280008436,0.9565504599200948,0.2951346271246178,3.295787014291044,2.1819067114242974
64.0,287.0,1005.51806640625,-0.40218204349395,2.9611396568649364,0.6762820959727607,3.216420950245242,-1.6087780174255435,1.486703313514423,0.3728051189080725,0.4352597544671966,2.6224629239329085,1.7656766646614763
64.0,287.0,1006.2119140625,0.4893625390202833,1.7795423029239368,-0.2283334970089545,3.1277989280704825,0.4981169607027755,1.141197769335064,2.5146578201478693,1.975507430672696,4.311031517865723,2.0922100116751228
64.0,287.0,1005.1494140625,1.4267671879387,2.82151791963309,-0.2050135975394147,3.599402345635524,-0.212234014229664,1.0699343377498252,1.054124327480299,-0.0348381047181509,3.2384919490320403,1.683330061310487
64.0,287.0,1005.474853515625,1.5026949966969567,4.303640589644998,0.0467183102294996,3.508585978273294,-0.276222544546385,1.2632585220760255,0.9839023829757484,0.4548566034085533,3.319979299343642,1.681623450852277
64.0,287.0,1004.5355224609376,-0.2067583177486083,2.156645823399848,1.1237471826284795,3.780946817479548,-0.5114493991580722,1.3470285072754011,1.5426076556614716,0.9251629364195506,3.6326501297850458,1.193605314089168
64.0,287.0,1004.0458984375,0.6627964073101363,1.902544155917261,1.7356517264199556,1.1276967507837976,-0.9532319298265536,0.6325625002596181,1.4181961809212862,1.2571856093798428,3.247627624338968,0.7396376473821458
64.0,287.0,1004.7117919921876,0.4052530103725722,2.862964791291889,1.0244185980793992,1.6185629550949447,0.0861167524434486,0.806110362194968,0.5149989619430992,0.0762824622613271,3.306353246449835,1.6419964791765842
64.0,287.0,1005.585205078125,1.4441076734521072,3.066111509674269,0.0067028297138759,3.194813058276394,-0.2495793018936137,1.1591742150332562,1.047291772061316,-0.0635626710663064,3.2934046480925203,1.7277033081006632
64.0,287.0,1004.95849609375,0.9162956780313632,2.1247201074083826,0.0379144096914144,3.0493734156772465,-0.204541723945408,1.0866278545155783,1.081534562537653,-0.1426858802547873,2.5531626479271203,1.6834925846586402
64.0,287.0,1003.9569702148438,0.448016906340041,3.105722986450256,0.8138035866923863,3.0955404770734902,0.2620725015799733,1.6869868466778326,0.0600023277914734,0.2622416693067444,3.1208073658522064,1.5478276998793208
64.0,287.0,1005.9080810546876,1.0513515896295955,3.0324479004866207,-0.1399893757068982,2.5909601277576697,-0.1207554487964864,2.5126882206643253,1.1607896320933913,0.180815057255496,3.251736532375584,2.58552590355996
64.0,287.0,1005.7649536132812,0.2825466944237913,3.223371955913502,-1.130107795435179,3.475165291581171,-1.048330892200188,0.6773142097574366,1.7224453178602437,-0.0116344510771347,2.978858171781275,1.664112733334867
64.0,287.0,1003.8233642578124,1.028523366259821,3.0628461474330293,-0.3204188298828894,3.0167776901382988,0.2647472536681213,1.306874930918926,0.9514498344110252,-0.5399432597472117,3.348110656193866,0.8965220619264871
64.0,287.0,1006.2741088867188,1.643031542836416,3.606370926934152,-0.6934784640503268,3.544777025413626,-0.1168117638030309,0.939111865717292,1.235370936060419,0.8014975999324441,3.270795648100955,1.6707495569788469
64.0,287.0,1005.4312744140624,1.3627715738376884,3.076635121501396,-0.2203183241854567,3.1897560510402903,-0.4507563945197057,1.1522013466208365,1.072078304572779,-0.0715777010715543,3.2997649430028133,1.6650114468654638
64.0,287.0,1006.1286010742188,1.5630251164579407,3.034072154337606,-0.2144607478813976,3.3747890166807086,-0.1840946200972616,1.0834848120091078,1.505132191142844,0.0986427251527393,3.2971237436003165,1.6407078622033984
64.0,287.0,1004.8368530273438,-0.0192859539180938,3.1458012448024646,-0.4052589456220559,3.5837623621294377,-0.4446218579421889,1.004306573519272,1.0674916208430016,-0.1473208806064043,4.659302750457305,1.266183010783346
64.0,287.0,1005.0035400390624,1.488088734200528,3.2964916798764268,-0.081613556681665,3.4931910742310563,-0.4795947022471148,1.19443031097595,1.5983254058784726,0.3030366300005376,3.1093375136026897,1.3517079212642986
64.0,287.0,1005.59716796875,0.8422960777773174,3.0348209215701183,-0.2311176520887816,3.530445462000517,0.731073415144617,1.0838871087870037,1.0526527931079228,-0.2789778063184201,3.525442996103043,1.9314441196361605
64.0,287.0,1005.1682739257812,0.4758226699530498,2.725912301651685,-0.0230184400084026,3.5041163169939864,-0.2839688026094656,0.98246182909671,0.7814411067738086,0.0567855685067581,3.2908997596538847,1.3640380101297185
64.0,287.0,1004.932861328125,1.5796322669745138,2.974669102036052,-0.2759972217390695,3.567574034001228,-0.2093543612178015,1.4940440693796724,1.055340177568717,-0.0056815911348413,3.322450316094878,2.2801882162059304
64.0,287.0,1004.5557861328124,1.021039932157859,3.115921688963008,1.0019107446718256,2.234313345165861,-1.2644187944951404,0.667371423970712,1.2297919770831705,0.8270215697473942,3.348214809893935,1.7947175164238944
64.0,287.0,1005.9476318359376,0.0416259073064684,3.056620648095169,0.9059087932371556,3.541676985417584,-0.4558259587305865,-0.3150494321593007,1.05123482986649,-0.0994281152615595,3.238383279985208,1.6565234082160285
64.0,287.0,1005.81201171875,1.0493680198447488,3.1481788145602274,-0.3742052874168526,1.7340138049668434,0.0318673716322229,0.8640905123034281,1.2404658485720614,-0.0193011184880681,2.7865877149951315,1.7316496760128115
64.0,287.0,1004.924560546875,1.3902787656971398,3.2388825019148166,-0.206591284257351,2.6835356447268124,-0.2393013169250669,1.0825663808182378,0.7880722208517016,0.1086941866441624,3.760609960660497,1.5499190461382142
64.0,287.0,1003.884033203125,1.1425112649696187,3.065090117718845,0.592860107788608,2.8071972518327133,0.2549808842303713,0.7688590957311772,1.1434486482266086,0.1774592781213724,3.2904317271738885,1.6652367097735672
64.0,287.0,1004.8756713867188,1.803103039357084,3.04969122379482,-0.2380855070972431,3.544222673085715,-0.3675432124331079,1.0049334701620785,1.0915745130618049,-0.0166428366782459,3.286393579044508,1.7128181502425668
64.0,287.0,1005.5949096679688,1.065741447403239,3.566321993171797,-0.1722097588879127,3.335195644635442,0.4153135222526197,1.6432684793938577,1.2308026718224587,0.3065238812510272,3.32453208933479,1.4181087479272612
64.0,287.0,1005.1708984375,1.5387374172758588,3.0630905424895096,-0.2761169812147975,3.539551483750204,-0.0710913967583387,1.0864629386437223,1.0432566156141505,0.0406253156605319,3.3703392304127733,1.6847979903288934
64.0,287.0,1004.3433227539062,1.5246637626108075,2.588764633984187,-0.2247483509817702,3.541791433209113,-0.2094105942329443,0.0900981966808316,1.4472220790014578,0.3634141441016041,3.275517642189521,1.677631713184814
64.0,287.0,1005.5083618164062,-1.2715466490038871,3.33646995284633,1.2426772752163675,2.38751705217131,-0.8710368221530405,0.5865526170487287,0.9075178980445896,-0.0053437737026581,3.023257466028761,1.5838181227778998
64.0,287.0,1002.565185546875,0.5472914493255665,3.366882117201061,1.3060013984334584,1.9325170226020087,-1.0074251950736448,0.7432223534795421,1.6951969237110474,0.1334456915648295,3.316198941140461,1.659375229627378
64.0,287.0,1006.7476806640624,1.3783292661069166,2.227281756843792,0.7486796121921748,2.3676098445669496,-0.4352187250238886,0.1295667694666509,1.2582478032152908,0.9678886220425788,1.546052822985894,1.7088008776725607
64.0,287.0,1003.6841430664062,1.5264166200797986,3.063097861613356,-0.215819897253269,3.5490497273888275,-0.2048867388282806,1.0826619122252867,1.0511392207255632,-0.0170243374408754,3.2973942147249127,1.6821927523441609
64.0,287.0,1004.9850463867188,0.6143587211329081,3.6385777878302688,1.866782871449317,2.68567229671642,-0.0190286631641586,0.5847002488156035,1.759170199056142,0.7876675185527418,3.289135321111209,1.695106697781342
64.0,287.0,1006.3912353515624,1.0823124156003283,3.145532408020725,0.0937498638335725,4.3492484902596935,-0.983369492477124,0.3045399617600217,1.0355153888892177,-0.6035785196627739,3.47882371336145,1.9749920545649893
64.0,287.0,1003.7677001953124,0.9753379059727132,3.027481911426474,0.8914709442373026,3.6385006360362526,-0.1936568623912141,0.9354252219936228,1.0515023454212475,1.5844169383747184,3.3013099988549235,1.6821957420369034
64.0,287.0,1004.1815795898438,1.186914875836738,2.984003335173336,1.0917657361520303,3.111316162569416,-0.2135156752145395,1.956200428446676,1.1043285602139945,-0.0888351866134527,3.261696929640985,2.1191790875322365
64.0,287.0,1005.9786376953124,1.1755166225902458,3.0139295819900664,-0.2417305383366287,3.616814653335077,-0.2729520402836232,1.8592848557108288,1.1177652924446315,0.1211451494947978,3.912459696901169,2.2316448068592054
64.0,287.0,1004.7403564453124,0.4804166552562906,3.142058809388116,-0.507253232726782,3.78275224637308,-0.5671588827166028,1.1261544357254607,1.4122039073154182,0.5007209311294231,3.503301094810195,1.926829920271378
64.0,287.0,1004.5214233398438,1.3925082887281215,3.065088985864282,-0.1686798461004562,2.4937664364779137,-0.2246521629870259,1.0573601922845028,1.0844478999456344,-0.8866334099558765,3.2654268773896447,1.6563374701400866
64.0,287.0,1004.5638427734376,-0.2134668305182117,2.783390802993948,1.9017004885948512,1.4366753845009534,-0.5024318747415023,0.7385154890632665,0.977632335582272,0.2974201112703576,3.125186682888231,1.6802011201576457
64.0,287.0,1005.5848999023438,-0.4976473021030942,3.419951677935696,-0.3086301958483286,3.870154605804175,-1.1699164176837953,1.6993185462984577,0.8701808901365833,0.0028869377323087,3.427754210534899,1.6924904654891433
64.0,287.0,1004.2504272460938,-0.8223529424704155,2.825127807401638,-0.323922086313651,1.937577607926971,-0.7880478165526897,-0.5658922756132105,1.2049866790758093,0.2624683225465503,3.2458834880441487,0.9881096602322688
64.0,287.0,1004.8351440429688,0.383266327892847,3.526047267809437,-0.0464641811751654,3.441002486581674,0.4622121063248139,0.764653895575856,1.4226068635485682,-0.4876738443664548,3.654568720914268,1.5945743322906956
64.0,288.0,1004.6443481445312,0.6900176227674764,3.063074350782302,-0.3302721781170479,3.0126561550720083,-0.1976159951512532,1.5970259768578052,1.2511792713171723,-0.0167520924344081,3.4265898532482377,1.5636003792452855
64.0,288.0,1004.1213989257812,0.2153483923752346,2.977147305338594,-0.595687141216819,2.606774394934442,-1.0278964624926523,1.4248740797111572,1.4411335825086675,0.1643799556484128,3.274974405060643,1.674699710113174
64.0,288.0,1005.7791137695312,0.6317410114373033,3.3821840388898674,-0.6555082762858517,1.8304964441013163,0.265419887632873,0.7751960162999161,1.243165064585624,-0.3543464243561521,3.598221077351875,1.5754946386202904
64.0,288.0,1005.7072143554688,1.6491448804843336,2.9104453120023,-0.2376035463302053,3.615676320374159,-0.5459213406507523,1.0802436756395946,1.0229389087533642,-0.0226071327225542,3.134768809825729,1.4551102740604491
64.0,288.0,1005.2555541992188,-0.5037094802039921,3.707585390221884,-0.3280569768488796,3.321070462527059,0.979043172621886,-0.4155761280008436,0.9565504599200948,0.2951346271246178,3.295787014291044,2.1819067114242974
64.0,288.0,1005.51806640625,-0.40218204349395,2.9611396568649364,0.6762820959727607,3.216420950245242,-1.6087780174255435,1.486703313514423,0.3728051189080725,0.4352597544671966,2.6224629239329085,1.7656766646614763
64.0,288.0,1006.2119140625,0.4893625390202833,1.7795423029239368,-0.2283334970089545,3.1277989280704825,0.4981169607027755,1.141197769335064,2.5146578201478693,1.975507430672696,4.311031517865723,2.0922100116751228
64.0,288.0,1005.1494140625,1.4267671879387,2.82151791963309,-0.2050135975394147,3.599402345635524,-0.212234014229664,1.0699343377498252,1.054124327480299,-0.0348381047181509,3.2384919490320403,1.683330061310487
64.0,288.0,1005.474853515625,1.5026949966969567,4.303640589644998,0.0467183102294996,3.508585978273294,-0.276222544546385,1.2632585220760255,0.9839023829757484,0.4548566034085533,3.319979299343642,1.681623450852277
64.0,288.0,1004.5355224609376,-0.2067583177486083,2.156645823399848,1.1237471826284795,3.780946817479548,-0.5114493991580722,1.3470285072754011,1.5426076556614716,0.9251629364195506,3.6326501297850458,1.193605314089168
64.0,288.0,1004.0458984375,0.6627964073101363,1.902544155917261,1.7356517264199556,1.1276967507837976,-0.9532319298265536,0.6325625002596181,1.4181961809212862,1.2571856093798428,3.247627624338968,0.7396376473821458
64.0,288.0,1004.7117919921876,0.4052530103725722,2.862964791291889,1.0244185980793992,1.6185629550949447,0.0861167524434486,0.806110362194968,0.5149989619430992,0.0762824622613271,3.306353246449835,1.6419964791765842
64.0,288.0,1005.585205078125,1.4441076734521072,3.066111509674269,0.0067028297138759,3.194813058276394,-0.2495793018936137,1.1591742150332562,1.047291772061316,-0.0635626710663064,3.2934046480925203,1.7277033081006632
64.0,288.0,1004.95849609375,0.9162956780313632,2.1247201074083826,0.0379144096914144,3.0493734156772465,-0.204541723945408,1.0866278545155783,1.081534562537653,-0.1426858802547873,2.5531626479271203,1.6834925846586402
64.0,288.0,1003.9569702148438,0.448016906340041,3.105722986450256,0.8138035866923863,3.0955404770734902,0.2620725015799733,1.6869868466778326,0.0600023277914734,0.2622416693067444,3.1208073658522064,1.5478276998793208
64.0,288.0,1005.9080810546876,1.0513515896295955,3.0324479004866207,-0.1399893757068982,2.5909601277576697,-0.1207554487964864,2.5126882206643253,1.1607896320933913,0.180815057255496,3.251736532375584,2.58552590355996
64.0,288.0,1005.7649536132812,0.2825466944237913,3.223371955913502,-1.130107795435179,3.475165291581171,-1.048330892200188,0.6773142097574366,1.7224453178602437,-0.0116344510771347,2.978858171781275,1.664112733334867
64.0,288.0,1003.8233642578124,1.028523366259821,3.0628461474330293,-0.3204188298828894,3.0167776901382988,0.2647472536681213,1.306874930918926,0.9514498344110252,-0.5399432597472117,3.348110656193866,0.8965220619264871
64.0,288.0,1006.2741088867188,1.643031542836416,3.606370926934152,-0.6934784640503268,3.544777025413626,-0.1168117638030309,0.939111865717292,1.235370936060419,0.8014975999324441,3.270795648100955,1.6707495569788469
64.0,288.0,1005.4312744140624,1.3627715738376884,3.076635121501396,-0.2203183241854567,3.1897560510402903,-0.4507563945197057,1.1522013466208365,1.072078304572779,-0.0715777010715543,3.2997649430028133,1.6650114468654638
64.0,288.0,1006.1286010742188,1.5630251164579407,3.034072154337606,-0.2144607478813976,3.3747890166807086,-0.1840946200972616,1.0834848120091078,1.505132191142844,0.0986427251527393,3.2971237436003165,1.6407078622033984
64.0,288.0,1004.8368530273438,-0.0192859539180938,3.1458012448024646,-0.4052589456220559,3.5837623621294377,-0.4446218579421889,1.004306573519272,1.0674916208430016,-0.1473208806064043,4.659302750457305,1.266183010783346
64.0,288.0,1005.0035400390624,1.488088734200528,3.2964916798764268,-0.081613556681665,3.4931910742310563,-0.4795947022471148,1.19443031097595,1.5983254058784726,0.3030366300005376,3.1093375136026897,1.3517079212642986
64.0,288.0,1005.59716796875,0.8422960777773174,3.0348209215701183,-0.2311176520887816,3.530445462000517,0.731073415144617,1.0838871087870037,1.0526527931079228,-0.2789778063184201,3.525442996103043,1.9314441196361605
64.0,288.0,1005.1682739257812,0.4758226699530498,2.725912301651685,-0.0230184400084026,3.5041163169939864,-0.2839688026094656,0.98246182909671,0.7814411067738086,0.0567855685067581,3.2908997596538847,1.3640380101297185
64.0,288.0,1004.932861328125,1.5796322669745138,2.974669102036052,-0.2759972217390695,3.567574034001228,-0.2093543612178015,1.4940440693796724,1.055340177568717,-0.0056815911348413,3.322450316094878,2.2801882162059304
64.0,288.0,1004.5557861328124,1.021039932157859,3.115921688963008,1.0019107446718256,2.234313345165861,-1.2644187944951404,0.667371423970712,1.2297919770831705,0.8270215697473942,3.348214809893935,1.7947175164238944
64.0,288.0,1005.9476318359376,0.0416259073064684,3.056620648095169,0.9059087932371556,3.541676985417584,-0.4558259587305865,-0.3150494321593007,1.05123482986649,-0.0994281152615595,3.238383279985208,1.6565234082160285
64.0,288.0,1005.81201171875,1.0493680198447488,3.1481788145602274,-0.3742052874168526,1.7340138049668434,0.0318673716322229,0.8640905123034281,1.2404658485720614,-0.0193011184880681,2.7865877149951315,1.7316496760128115
64.0,288.0,1004.924560546875,1.3902787656971398,3.2388825019148166,-0.206591284257351,2.6835356447268124,-0.2393013169250669,1.0825663808182378,0.7880722208517016,0.1086941866441624,3.760609960660497,1.5499190461382142
64.0,288.0,1003.884033203125,1.1425112649696187,3.065090117718845,0.592860107788608,2.8071972518327133,0.2549808842303713,0.7688590957311772,1.1434486482266086,0.1774592781213724,3.2904317271738885,1.6652367097735672
64.0,288.0,1004.8756713867188,1.803103039357084,3.04969122379482,-0.2380855070972431,3.544222673085715,-0.3675432124331079,1.0049334701620785,1.0915745130618049,-0.0166428366782459,3.286393579044508,1.7128181502425668
64.0,288.0,1005.5949096679688,1.065741447403239,3.566321993171797,-0.1722097588879127,3.335195644635442,0.4153135222526197,1.6432684793938577,1.2308026718224587,0.3065238812510272,3.32453208933479,1.4181087479272612
64.0,288.0,1005.1708984375,1.5387374172758588,3.0630905424895096,-0.2761169812147975,3.539551483750204,-0.0710913967583387,1.0864629386437223,1.0432566156141505,0.0406253156605319,3.3703392304127733,1.6847979903288934
64.0,288.0,1004.3433227539062,1.5246637626108075,2.588764633984187,-0.2247483509817702,3.541791433209113,-0.2094105942329443,0.0900981966808316,1.4472220790014578,0.3634141441016041,3.275517642189521,1.677631713184814
64.0,288.0,1005.5083618164062,-1.2715466490038871,3.33646995284633,1.2426772752163675,2.38751705217131,-0.8710368221530405,0.5865526170487287,0.9075178980445896,-0.0053437737026581,3.023257466028761,1.5838181227778998
64.0,288.0,1002.565185546875,0.5472914493255665,3.366882117201061,1.3060013984334584,1.9325170226020087,-1.0074251950736448,0.7432223534795421,1.6951969237110474,0.1334456915648295,3.316198941140461,1.659375229627378
64.0,288.0,1006.7476806640624,1.3783292661069166,2.227281756843792,0.7486796121921748,2.3676098445669496,-0.4352187250238886,0.1295667694666509,1.2582478032152908,0.9678886220425788,1.546052822985894,1.7088008776725607
64.0,288.0,1003.6841430664062,1.5264166200797986,3.063097861613356,-0.215819897253269,3.5490497273888275,-0.2048867388282806,1.0826619122252867,1.0511392207255632,-0.0170243374408754,3.2973942147249127,1.6821927523441609
64.0,288.0,1004.9850463867188,0.6143587211329081,3.6385777878302688,1.866782871449317,2.68567229671642,-0.0190286631641586,0.5847002488156035,1.759170199056142,0.7876675185527418,3.289135321111209,1.695106697781342
64.0,288.0,1006.3912353515624,1.0823124156003283,3.145532408020725,0.0937498638335725,4.3492484902596935,-0.983369492477124,0.3045399617600217,1.0355153888892177,-0.6035785196627739,3.47882371336145,1.9749920545649893
64.0,288.0,1003.7677001953124,0.9753379059727132,3.027481911426474,0.8914709442373026,3.6385006360362526,-0.1936568623912141,0.9354252219936228,1.0515023454212475,1.5844169383747184,3.3013099988549235,1.6821957420369034
64.0,288.0,1004.1815795898438,1.186914875836738,2.984003335173336,1.0917657361520303,3.111316162569416,-0.2135156752145395,1.956200428446676,1.1043285602139945,-0.0888351866134527,3.261696929640985,2.1191790875322365
64.0,288.0,1005.9786376953124,1.1755166225902458,3.0139295819900664,-0.2417305383366287,3.616814653335077,-0.2729520402836232,1.8592848557108288,1.1177652924446315,0.1211451494947978,3.912459696901169,2.2316448068592054
64.0,288.0,1004.7403564453124,0.4804166552562906,3.142058809388116,-0.507253232726782,3.78275224637308,-0.5671588827166028,1.1261544357254607,1.4122039073154182,0.5007209311294231,3.503301094810195,1.926829920271378
64.0,288.0,1004.5214233398438,1.3925082887281215,3.065088985864282,-0.1686798461004562,2.4937664364779137,-0.2246521629870259,1.0573601922845028,1.0844478999456344,-0.8866334099558765,3.2654268773896447,1.6563374701400866
64.0,288.0,1004.5638427734376,-0.2134668305182117,2.783390802993948,1.9017004885948512,1.4366753845009534,-0.5024318747415023,0.7385154890632665,0.977632335582272,0.2974201112703576,3.125186682888231,1.6802011201576457
64.0,288.0,1005.5848999023438,-0.4976473021030942,3.419951677935696,-0.3086301958483286,3.870154605804175,-1.1699164176837953,1.6993185462984577,0.8701808901365833,0.0028869377323087,3.427754210534899,1.6924904654891433
64.0,288.0,1004.2504272460938,-0.8223529424704155,2.825127807401638,-0.323922086313651,1.937577607926971,-0.7880478165526897,-0.5658922756132105,1.2049866790758093,0.2624683225465503,3.2458834880441487,0.9881096602322688
64.0,288.0,1004.8351440429688,0.383266327892847,3.526047267809437,-0.0464641811751654,3.441002486581674,0.4622121063248139,0.764653895575856,1.4226068635485682,-0.4876738443664548,3.654568720914268,1.5945743322906956
64.0,289.0,1004.6443481445312,0.6900176227674764,3.063074350782302,-0.3302721781170479,3.0126561550720083,-0.1976159951512532,1.5970259768578052,1.2511792713171723,-0.0167520924344081,3.4265898532482377,1.5636003792452855
64.0,289.0,1004.1213989257812,0.2153483923752346,2.977147305338594,-0.595687141216819,2.606774394934442,-1.0278964624926523,1.4248740797111572,1.4411335825086675,0.1643799556484128,3.274974405060643,1.674699710113174
64.0,289.0,1005.7791137695312,0.6317410114373033,3.3821840388898674,-0.6555082762858517,1.8304964441013163,0.265419887632873,0.7751960162999161,1.243165064585624,-0.3543464243561521,3.598221077351875,1.5754946386202904
64.0,289.0,1005.7072143554688,1.6491448804843336,2.9104453120023,-0.2376035463302053,3.615676320374159,-0.5459213406507523,1.0802436756395946,1.0229389087533642,-0.0226071327225542,3.134768809825729,1.4551102740604491
64.0,289.0,1005.2555541992188,-0.5037094802039921,3.707585390221884,-0.3280569768488796,3.321070462527059,0.979043172621886,-0.4155761280008436,0.9565504599200948,0.2951346271246178,3.295787014291044,2.1819067114242974
64.0,289.0,1005.51806640625,-0.40218204349395,2.9611396568649364,0.6762820959727607,3.216420950245242,-1.6087780174255435,1.486703313514423,0.3728051189080725,0.4352597544671966,2.6224629239329085,1.7656766646614763
64.0,289.0,1005.1766357421876,0.1795712590885118,2.9812615224469887,2.227708023992821,1.705100159196134,-1.6152769106402405,1.1802352692320168,1.5982518234635186,2.413075400110743,4.654948170147927,2.306430248812217
64.0,289.0,1005.1494140625,1.4267671879387,2.82151791963309,-0.2050135975394147,3.599402345635524,-0.212234014229664,1.0699343377498252,1.054124327480299,-0.0348381047181509,3.2384919490320403,1.683330061310487
64.0,289.0,1005.474853515625,1.5026949966969567,4.303640589644998,0.0467183102294996,3.508585978273294,-0.276222544546385,1.2632585220760255,0.9839023829757484,0.4548566034085533,3.319979299343642,1.681623450852277
64.0,289.0,1004.5355224609376,-0.2067583177486083,2.156645823399848,1.1237471826284795,3.780946817479548,-0.5114493991580722,1.3470285072754011,1.5426076556614716,0.9251629364195506,3.6326501297850458,1.193605314089168
64.0,289.0,1004.0458984375,0.6627964073101363,1.902544155917261,1.7356517264199556,1.1276967507837976,-0.9532319298265536,0.6325625002596181,1.4181961809212862,1.2571856093798428,3.247627624338968,0.7396376473821458
64.0,289.0,1004.7117919921876,0.4052530103725722,2.862964791291889,1.0244185980793992,1.6185629550949447,0.0861167524434486,0.806110362194968,0.5149989619430992,0.0762824622613271,3.306353246449835,1.6419964791765842
64.0,289.0,1005.585205078125,1.4441076734521072,3.066111509674269,0.0067028297138759,3.194813058276394,-0.2495793018936137,1.1591742150332562,1.047291772061316,-0.0635626710663064,3.2934046480925203,1.7277033081006632
64.0,289.0,1004.95849609375,0.9162956780313632,2.1247201074083826,0.0379144096914144,3.0493734156772465,-0.204541723945408,1.0866278545155783,1.081534562537653,-0.1426858802547873,2.5531626479271203,1.6834925846586402
64.0,289.0,1003.9569702148438,0.448016906340041,3.105722986450256,0.8138035866923863,3.0955404770734902,0.2620725015799733,1.6869868466778326,0.0600023277914734,0.2622416693067444,3.1208073658522064,1.5478276998793208
64.0,289.0,1005.9080810546876,1.0513515896295955,3.0324479004866207,-0.1399893757068982,2.5909601277576697,-0.1207554487964864,2.5126882206643253,1.1607896320933913,0.180815057255496,3.251736532375584,2.58552590355996
64.0,289.0,1005.7649536132812,0.2825466944237913,3.223371955913502,-1.130107795435179,3.475165291581171,-1.048330892200188,0.6773142097574366,1.7224453178602437,-0.0116344510771347,2.978858171781275,1.664112733334867
64.0,289.0,1003.8233642578124,1.028523366259821,3.0628461474330293,-0.3204188298828894,3.0167776901382988,0.2647472536681213,1.306874930918926,0.9514498344110252,-0.5399432597472117,3.348110656193866,0.8965220619264871
64.0,289.0,1006.2741088867188,1.643031542836416,3.606370926934152,-0.6934784640503268,3.544777025413626,-0.1168117638030309,0.939111865717292,1.235370936060419,0.8014975999324441,3.270795648100955,1.6707495569788469
64.0,289.0,1005.4312744140624,1.3627715738376884,3.076635121501396,-0.2203183241854567,3.1897560510402903,-0.4507563945197057,1.1522013466208365,1.072078304572779,-0.0715777010715543,3.2997649430028133,1.6650114468654638
64.0,289.0,1006.1286010742188,1.5630251164579407,3.034072154337606,-0.2144607478813976,3.3747890166807086,-0.1840946200972616,1.0834848120091078,1.505132191142844,0.0986427251527393,3.2971237436003165,1.6407078622033984
64.0,289.0,1004.8368530273438,-0.0192859539180938,3.1458012448024646,-0.4052589456220559,3.5837623621294377,-0.4446218579421889,1.004306573519272,1.0674916208430016,-0.1473208806064043,4.659302750457305,1.266183010783346
64.0,289.0,1005.0035400390624,1.488088734200528,3.2964916798764268,-0.081613556681665,3.4931910742310563,-0.4795947022471148,1.19443031097595,1.5983254058784726,0.3030366300005376,3.1093375136026897,1.3517079212642986
64.0,289.0,1005.59716796875,0.8422960777773174,3.0348209215701183,-0.2311176520887816,3.530445462000517,0.731073415144617,1.0838871087870037,1.0526527931079228,-0.2789778063184201,3.525442996103043,1.9314441196361605
64.0,289.0,1005.1682739257812,0.4758226699530498,2.725912301651685,-0.0230184400084026,3.5041163169939864,-0.2839688026094656,0.98246182909671,0.7814411067738086,0.0567855685067581,3.2908997596538847,1.3640380101297185
64.0,289.0,1004.932861328125,1.5796322669745138,2.974669102036052,-0.2759972217390695,3.567574034001228,-0.2093543612178015,1.4940440693796724,1.055340177568717,-0.0056815911348413,3.322450316094878,2.2801882162059304
64.0,289.0,1004.5557861328124,1.021039932157859,3.115921688963008,1.0019107446718256,2.234313345165861,-1.2644187944951404,0.667371423970712,1.2297919770831705,0.8270215697473942,3.348214809893935,1.7947175164238944
64.0,289.0,1005.9476318359376,0.0416259073064684,3.056620648095169,0.9059087932371556,3.541676985417584,-0.4558259587305865,-0.3150494321593007,1.05123482986649,-0.0994281152615595,3.238383279985208,1.6565234082160285
64.0,289.0,1005.81201171875,1.0493680198447488,3.1481788145602274,-0.3742052874168526,1.7340138049668434,0.0318673716322229,0.8640905123034281,1.2404658485720614,-0.0193011184880681,2.7865877149951315,1.7316496760128115
64.0,289.0,1004.924560546875,1.3902787656971398,3.2388825019148166,-0.206591284257351,2.6835356447268124,-0.2393013169250669,1.0825663808182378,0.7880722208517016,0.1086941866441624,3.760609960660497,1.5499190461382142
64.0,289.0,1003.884033203125,1.1425112649696187,3.065090117718845,0.592860107788608,2.8071972518327133,0.2549808842303713,0.7688590957311772,1.1434486482266086,0.1774592781213724,3.2904317271738885,1.6652367097735672
64.0,289.0,1004.8756713867188,1.803103039357084,3.04969122379482,-0.2380855070972431,3.544222673085715,-0.3675432124331079,1.0049334701620785,1.0915745130618049,-0.0166428366782459,3.286393579044508,1.7128181502425668
64.0,289.0,1005.5949096679688,1.065741447403239,3.566321993171797,-0.1722097588879127,3.335195644635442,0.4153135222526197,1.6432684793938577,1.2308026718224587,0.3065238812510272,3.32453208933479,1.4181087479272612
64.0,289.0,1005.1708984375,1.5387374172758588,3.0630905424895096,-0.2761169812147975,3.539551483750204,-0.0710913967583387,1.0864629386437223,1.0432566156141505,0.0406253156605319,3.3703392304127733,1.6847979903288934
64.0,289.0,1004.3433227539062,1.5246637626108075,2.588764633984187,-0.2247483509817702,3.541791433209113,-0.2094105942329443,0.0900981966808316,1.4472220790014578,0.3634141441016041,3.275517642189521,1.677631713184814
64.0,289.0,1005.5083618164062,-1.2715466490038871,3.33646995284633,1.2426772752163675,2.38751705217131,-0.8710368221530405,0.5865526170487287,0.9075178980445896,-0.0053437737026581,3.023257466028761,1.5838181227778998
64.0,289.0,1002.565185546875,0.5472914493255665,3.366882117201061,1.3060013984334584,1.9325170226020087,-1.0074251950736448,0.7432223534795421,1.6951969237110474,0.1334456915648295,3.316198941140461,1.659375229627378
64.0,289.0,1006.7476806640624,1.3783292661069166,2.227281756843792,0.7486796121921748,2.3676098445669496,-0.4352187250238886,0.1295667694666509,1.2582478032152908,0.9678886220425788,1.546052822985894,1.7088008776725607
64.0,289.0,1003.6841430664062,1.5264166200797986,3.063097861613356,-0.215819897253269,3.5490497273888275,-0.2048867388282806,1.0826619122252867,1.0511392207255632,-0.0170243374408754,3.2973942147249127,1.6821927523441609
64.0,289.0,1004.9850463867188,0.6143587211329081,3.6385777878302688,1.866782871449317,2.68567229671642,-0.0190286631641586,0.5847002488156035,1.759170199056142,0.7876675185527418,3.289135321111209,1.695106697781342
64.0,289.0,1006.3912353515624,1.0823124156003283,3.145532408020725,0.0937498638335725,4.3492484902596935,-0.983369492477124,0.3045399617600217,1.0355153888892177,-0.6035785196627739,3.47882371336145,1.9749920545649893
64.0,289.0,1003.7677001953124,0.9753379059727132,3.027481911426474,0.8914709442373026,3.6385006360362526,-0.1936568623912141,0.9354252219936228,1.0515023454212475,1.5844169383747184,3.3013099988549235,1.6821957420369034
64.0,289.0,1004.1815795898438,1.186914875836738,2.984003335173336,1.0917657361520303,3.111316162569416,-0.2135156752145395,1.956200428446676,1.1043285602139945,-0.0888351866134527,3.261696929640985,2.1191790875322365
64.0,289.0,1005.9786376953124,1.1755166225902458,3.0139295819900664,-0.2417305383366287,3.616814653335077,-0.2729520402836232,1.8592848557108288,1.1177652924446315,0.1211451494947978,3.912459696901169,2.2316448068592054
64.0,289.0,1004.7403564453124,0.4804166552562906,3.142058809388116,-0.507253232726782,3.78275224637308,-0.5671588827166028,1.1261544357254607,1.4122039073154182,0.5007209311294231,3.503301094810195,1.926829920271378
64.0,289.0,1004.5214233398438,1.3925082887281215,3.065088985864282,-0.1686798461004562,2.4937664364779137,-0.2246521629870259,1.0573601922845028,1.0844478999456344,-0.8866334099558765,3.2654268773896447,1.6563374701400866
64.0,289.0,1004.5638427734376,-0.2134668305182117,2.783390802993948,1.9017004885948512,1.4366753845009534,-0.5024318747415023,0.7385154890632665,0.977632335582272,0.2974201112703576,3.125186682888231,1.6802011201576457
64.0,289.0,1005.5848999023438,-0.4976473021030942,3.419951677935696,-0.3086301958483286,3.870154605804175,-1.1699164176837953,1.6993185462984577,0.8701808901365833,0.0028869377323087,3.427754210534899,1.6924904654891433
64.0,289.0,1004.2504272460938,-0.8223529424704155,2.825127807401638,-0.323922086313651,1.937577607926971,-0.7880478165526897,-0.5658922756132105,1.2049866790758093,0.2624683225465503,3.2458834880441487,0.9881096602322688
64.0,289.0,1004.8351440429688,0.383266327892847,3.526047267809437,-0.0464641811751654,3.441002486581674,0.4622121063248139,0.764653895575856,1.4226068635485682,-0.4876738443664548,3.654568720914268,1.5945743322906956
64.0,290.0,1004.6443481445312,0.6900176227674764,3.063074350782302,-0.3302721781170479,3.0126561550720083,-0.1976159951512532,1.5970259768578052,1.2511792713171723,-0.0167520924344081,3.4265898532482377,1.5636003792452855
64.0,290.0,1004.1213989257812,0.2153483923752346,2.977147305338594,-0.595687141216819,2.606774394934442,-1.0278964624926523,1.4248740797111572,1.4411335825086675,0.1643799556484128,3.274974405060643,1.674699710113174
64.0,290.0,1005.7791137695312,0.6317410114373033,3.3821840388898674,-0.6555082762858517,1.8304964441013163,0.265419887632873,0.7751960162999161,1.243165064585624,-0.3543464243561521,3.598221077351875,1.5754946386202904
64.0,290.0,1005.7072143554688,1.6491448804843336,2.9104453120023,-0.2376035463302053,3.615676320374159,-0.5459213406507523,1.0802436756395946,1.0229389087533642,-0.0226071327225542,3.134768809825729,1.4551102740604491
64.0,290.0,1005.2555541992188,-0.5037094802039921,3.707585390221884,-0.3280569768488796,3.321070462527059,0.979043172621886,-0.4155761280008436,0.9565504599200948,0.2951346271246178,3.295787014291044,2.1819067114242974
64.0,290.0,1005.51806640625,-0.40218204349395,2.9611396568649364,0.6762820959727607,3.216420950245242,-1.6087780174255435,1.486703313514423,0.3728051189080725,0.4352597544671966,2.6224629239329085,1.7656766646614763
64.0,290.0,1005.1766357421876,0.1795712590885118,2.9812615224469887,2.227708023992821,1.705100159196134,-1.6152769106402405,1.1802352692320168,1.5982518234635186,2.413075400110743,4.654948170147927,2.306430248812217
64.0,290.0,1005.1494140625,1.4267671879387,2.82151791963309,-0.2050135975394147,3.599402345635524,-0.212234014229664,1.0699343377498252,1.054124327480299,-0.0348381047181509,3.2384919490320403,1.683330061310487
64.0,290.0,1005.474853515625,1.5026949966969567,4.303640589644998,0.0467183102294996,3.508585978273294,-0.276222544546385,1.2632585220760255,0.9839023829757484,0.4548566034085533,3.319979299343642,1.681623450852277
64.0,290.0,1004.5355224609376,-0.2067583177486083,2.156645823399848,1.1237471826284795,3.780946817479548,-0.5114493991580722,1.3470285072754011,1.5426076556614716,0.9251629364195506,3.6326501297850458,1.193605314089168
64.0,290.0,1004.0458984375,0.6627964073101363,1.902544155917261,1.7356517264199556,1.1276967507837976,-0.9532319298265536,0.6325625002596181,1.4181961809212862,1.2571856093798428,3.247627624338968,0.7396376473821458
64.0,290.0,1004.7117919921876,0.4052530103725722,2.862964791291889,1.0244185980793992,1.6185629550949447,0.0861167524434486,0.806110362194968,0.5149989619430992,0.0762824622613271,3.306353246449835,1.6419964791765842
64.0,290.0,1005.585205078125,1.4441076734521072,3.066111509674269,0.0067028297138759,3.194813058276394,-0.2495793018936137,1.1591742150332562,1.047291772061316,-0.0635626710663064,3.2934046480925203,1.7277033081006632
64.0,290.0,1004.95849609375,0.9162956780313632,2.1247201074083826,0.0379144096914144,3.0493734156772465,-0.204541723945408,1.0866278545155783,1.081534562537653,-0.1426858802547873,2.5531626479271203,1.6834925846586402
64.0,290.0,1003.9569702148438,0.448016906340041,3.105722986450256,0.8138035866923863,3.0955404770734902,0.2620725015799733,1.6869868466778326,0.0600023277914734,0.2622416693067444,3.1208073658522064,1.5478276998793208
64.0,290.0,1005.9080810546876,1.0513515896295955,3.0324479004866207,-0.1399893757068982,2.5909601277576697,-0.1207554487964864,2.5126882206643253,1.1607896320933913,0.180815057255496,3.251736532375584,2.58552590355996
64.0,290.0,1005.7649536132812,0.2825466944237913,3.223371955913502,-1.130107795435179,3.475165291581171,-1.048330892200188,0.6773142097574366,1.7224453178602437,-0.0116344510771347,2.978858171781275,1.664112733334867
64.0,290.0,1003.8233642578124,1.028523366259821,3.0628461474330293,-0.3204188298828894,3.0167776901382988,0.2647472536681213,1.306874930918926,0.9514498344110252,-0.5399432597472117,3.348110656193866,0.8965220619264871
64.0,290.0,1006.2741088867188,1.643031542836416,3.606370926934152,-0.6934784640503268,3.544777025413626,-0.1168117638030309,0.939111865717292,1.235370936060419,0.8014975999324441,3.270795648100955,1.6707495569788469
64.0,290.0,1005.4312744140624,1.3627715738376884,3.076635121501396,-0.2203183241854567,3.1897560510402903,-0.4507563945197057,1.1522013466208365,1.072078304572779,-0.0715777010715543,3.2997649430028133,1.6650114468654638
64.0,290.0,1006.1286010742188,1.5630251164579407,3.034072154337606,-0.2144607478813976,3.3747890166807086,-0.1840946200972616,1.0834848120091078,1.505132191142844,0.0986427251527393,3.2971237436003165,1.6407078622033984
64.0,290.0,1004.8368530273438,-0.0192859539180938,3.1458012448024646,-0.4052589456220559,3.5837623621294377,-0.4446218579421889,1.004306573519272,1.0674916208430016,-0.1473208806064043,4.659302750457305,1.266183010783346
64.0,290.0,1005.0035400390624,1.488088734200528,3.2964916798764268,-0.081613556681665,3.4931910742310563,-0.4795947022471148,1.19443031097595,1.5983254058784726,0.3030366300005376,3.1093375136026897,1.3517079212642986
64.0,290.0,1005.59716796875,0.8422960777773174,3.0348209215701183,-0.2311176520887816,3.530445462000517,0.731073415144617,1.0838871087870037,1.0526527931079228,-0.2789778063184201,3.525442996103043,1.9314441196361605
64.0,290.0,1005.1682739257812,0.4758226699530498,2.725912301651685,-0.0230184400084026,3.5041163169939864,-0.2839688026094656,0.98246182909671,0.7814411067738086,0.0567855685067581,3.2908997596538847,1.3640380101297185
64.0,290.0,1004.932861328125,1.5796322669745138,2.974669102036052,-0.2759972217390695,3.567574034001228,-0.2093543612178015,1.4940440693796724,1.055340177568717,-0.0056815911348413,3.322450316094878,2.2801882162059304
64.0,290.0,1004.5557861328124,1.021039932157859,3.115921688963008,1.0019107446718256,2.234313345165861,-1.2644187944951404,0.667371423970712,1.2297919770831705,0.8270215697473942,3.348214809893935,1.7947175164238944
64.0,290.0,1005.9476318359376,0.0416259073064684,3.056620648095169,0.9059087932371556,3.541676985417584,-0.4558259587305865,-0.3150494321593007,1.05123482986649,-0.0994281152615595,3.238383279985208,1.6565234082160285
64.0,290.0,1005.81201171875,1.0493680198447488,3.1481788145602274,-0.3742052874168526,1.7340138049668434,0.0318673716322229,0.8640905123034281,1.2404658485720614,-0.0193011184880681,2.7865877149951315,1.7316496760128115
64.0,290.0,1004.924560546875,1.3902787656971398,3.2388825019148166,-0.206591284257351,2.6835356447268124,-0.2393013169250669,1.0825663808182378,0.7880722208517016,0.1086941866441624,3.760609960660497,1.5499190461382142
64.0,290.0,1003.884033203125,1.1425112649696187,3.065090117718845,0.592860107788608,2.8071972518327133,0.2549808842303713,0.7688590957311772,1.1434486482266086,0.1774592781213724,3.2904317271738885,1.6652367097735672
64.0,290.0,1004.8756713867188,1.803103039357084,3.04969122379482,-0.2380855070972431,3.544222673085715,-0.3675432124331079,1.0049334701620785,1.0915745130618049,-0.0166428366782459,3.286393579044508,1.7128181502425668
64.0,290.0,1005.5949096679688,1.065741447403239,3.566321993171797,-0.1722097588879127,3.335195644635442,0.4153135222526197,1.6432684793938577,1.2308026718224587,0.3065238812510272,3.32453208933479,1.4181087479272612
64.0,290.0,1005.1708984375,1.5387374172758588,3.0630905424895096,-0.2761169812147975,3.539551483750204,-0.0710913967583387,1.0864629386437223,1.0432566156141505,0.0406253156605319,3.3703392304127733,1.6847979903288934
64.0,290.0,1004.3433227539062,1.5246637626108075,2.588764633984187,-0.2247483509817702,3.541791433209113,-0.2094105942329443,0.0900981966808316,1.4472220790014578,0.3634141441016041,3.275517642189521,1.677631713184814
64.0,290.0,1005.5083618164062,-1.2715466490038871,3.33646995284633,1.2426772752163675,2.38751705217131,-0.8710368221530405,0.5865526170487287,0.9075178980445896,-0.0053437737026581,3.023257466028761,1.5838181227778998
64.0,290.0,1002.565185546875,0.5472914493255665,3.366882117201061,1.3060013984334584,1.9325170226020087,-1.0074251950736448,0.7432223534795421,1.6951969237110474,0.1334456915648295,3.316198941140461,1.659375229627378
64.0,290.0,1006.7476806640624,1.3783292661069166,2.227281756843792,0.7486796121921748,2.3676098445669496,-0.4352187250238886,0.1295667694666509,1.2582478032152908,0.9678886220425788,1.546052822985894,1.7088008776725607
64.0,290.0,1003.6841430664062,1.5264166200797986,3.063097861613356,-0.215819897253269,3.5490497273888275,-0.2048867388282806,1.0826619122252867,1.0511392207255632,-0.0170243374408754,3.2973942147249127,1.6821927523441609
64.0,290.0,1004.9850463867188,0.6143587211329081,3.6385777878302688,1.866782871449317,2.68567229671642,-0.0190286631641586,0.5847002488156035,1.759170199056142,0.7876675185527418,3.289135321111209,1.695106697781342
64.0,290.0,1006.3912353515624,1.0823124156003283,3.145532408020725,0.0937498638335725,4.3492484902596935,-0.983369492477124,0.3045399617600217,1.0355153888892177,-0.6035785196627739,3.47882371336145,1.9749920545649893
64.0,290.0,1003.7677001953124,0.9753379059727132,3.027481911426474,0.8914709442373026,3.6385006360362526,-0.1936568623912141,0.9354252219936228,1.0515023454212475,1.5844169383747184,3.3013099988549235,1.6821957420369034
64.0,290.0,1004.1815795898438,1.186914875836738,2.984003335173336,1.0917657361520303,3.111316162569416,-0.2135156752145395,1.956200428446676,1.1043285602139945,-0.0888351866134527,3.261696929640985,2.1191790875322365
64.0,290.0,1005.9786376953124,1.1755166225902458,3.0139295819900664,-0.2417305383366287,3.616814653335077,-0.2729520402836232,1.8592848557108288,1.1177652924446315,0.1211451494947978,3.912459696901169,2.2316448068592054
64.0,290.0,1004.7403564453124,0.4804166552562906,3.142058809388116,-0.507253232726782,3.78275224637308,-0.5671588827166028,1.1261544357254607,1.4122039073154182,0.5007209311294231,3.503301094810195,1.926829920271378
64.0,290.0,1004.5214233398438,1.3925082887281215,3.065088985864282,-0.1686798461004562,2.4937664364779137,-0.2246521629870259,1.0573601922845028,1.0844478999456344,-0.8866334099558765,3.2654268773896447,1.6563374701400866
64.0,290.0,1004.5638427734376,-0.2134668305182117,2.783390802993948,1.9017004885948512,1.4366753845009534,-0.5024318747415023,0.7385154890632665,0.977632335582272,0.2974201112703576,3.125186682888231,1.6802011201576457
64.0,290.0,1005.5848999023438,-0.4976473021030942,3.419951677935696,-0.3086301958483286,3.870154605804175,-1.1699164176837953,1.6993185462984577,0.8701808901365833,0.0028869377323087,3.427754210534899,1.6924904654891433
64.0,290.0,1004.2504272460938,-0.8223529424704155,2.825127807401638,-0.323922086313651,1.937577607926971,-0.7880478165526897,-0.5658922756132105,1.2049866790758093,0.2624683225465503,3.2458834880441487,0.9881096602322688
64.0,290.0,1004.8351440429688,0.383266327892847,3.526047267809437,-0.0464641811751654,3.441002486581674,0.4622121063248139,0.764653895575856,1.4226068635485682,-0.4876738443664548,3.654568720914268,1.5945743322906956
64.0,291.0,1004.6443481445312,0.6900176227674764,3.063074350782302,-0.3302721781170479,3.0126561550720083,-0.1976159951512532,1.5970259768578052,1.2511792713171723,-0.0167520924344081,3.4265898532482377,1.5636003792452855
64.0,291.0,1004.1213989257812,0.2153483923752346,2.977147305338594,-0.595687141216819,2.606774394934442,-1.0278964624926523,1.4248740797111572,1.4411335825086675,0.1643799556484128,3.274974405060643,1.674699710113174
64.0,291.0,1005.7791137695312,0.6317410114373033,3.3821840388898674,-0.6555082762858517,1.8304964441013163,0.265419887632873,0.7751960162999161,1.243165064585624,-0.3543464243561521,3.598221077351875,1.5754946386202904
64.0,291.0,1005.7072143554688,1.6491448804843336,2.9104453120023,-0.2376035463302053,3.615676320374159,-0.5459213406507523,1.0802436756395946,1.0229389087533642,-0.0226071327225542,3.134768809825729,1.4551102740604491
64.0,291.0,1005.2555541992188,-0.5037094802039921,3.707585390221884,-0.3280569768488796,3.321070462527059,0.979043172621886,-0.4155761280008436,0.9565504599200948,0.2951346271246178,3.295787014291044,2.1819067114242974
64.0,291.0,1005.51806640625,-0.40218204349395,2.9611396568649364,0.6762820959727607,3.216420950245242,-1.6087780174255435,1.486703313514423,0.3728051189080725,0.4352597544671966,2.6224629239329085,1.7656766646614763
64.0,291.0,1005.1766357421876,0.1795712590885118,2.9812615224469887,2.227708023992821,1.705100159196134,-1.6152769106402405,1.1802352692320168,1.5982518234635186,2.413075400110743,4.654948170147927,2.306430248812217
64.0,291.0,1005.1494140625,1.4267671879387,2.82151791963309,-0.2050135975394147,3.599402345635524,-0.212234014229664,1.0699343377498252,1.054124327480299,-0.0348381047181509,3.2384919490320403,1.683330061310487
64.0,291.0,1005.474853515625,1.5026949966969567,4.303640589644998,0.0467183102294996,3.508585978273294,-0.276222544546385,1.2632585220760255,0.9839023829757484,0.4548566034085533,3.319979299343642,1.681623450852277
64.0,291.0,1004.5355224609376,-0.2067583177486083,2.156645823399848,1.1237471826284795,3.780946817479548,-0.5114493991580722,1.3470285072754011,1.5426076556614716,0.9251629364195506,3.6326501297850458,1.193605314089168
64.0,291.0,1004.0458984375,0.6627964073101363,1.902544155917261,1.7356517264199556,1.1276967507837976,-0.9532319298265536,0.6325625002596181,1.4181961809212862,1.2571856093798428,3.247627624338968,0.7396376473821458
64.0,291.0,1004.7117919921876,0.4052530103725722,2.862964791291889,1.0244185980793992,1.6185629550949447,0.0861167524434486,0.806110362194968,0.5149989619430992,0.0762824622613271,3.306353246449835,1.6419964791765842
64.0,291.0,1005.585205078125,1.4441076734521072,3.066111509674269,0.0067028297138759,3.194813058276394,-0.2495793018936137,1.1591742150332562,1.047291772061316,-0.0635626710663064,3.2934046480925203,1.7277033081006632
64.0,291.0,1004.95849609375,0.9162956780313632,2.1247201074083826,0.0379144096914144,3.0493734156772465,-0.204541723945408,1.0866278545155783,1.081534562537653,-0.1426858802547873,2.5531626479271203,1.6834925846586402
64.0,291.0,1003.9569702148438,0.448016906340041,3.105722986450256,0.8138035866923863,3.0955404770734902,0.2620725015799733,1.6869868466778326,0.0600023277914734,0.2622416693067444,3.1208073658522064,1.5478276998793208
64.0,291.0,1005.9080810546876,1.0513515896295955,3.0324479004866207,-0.1399893757068982,2.5909601277576697,-0.1207554487964864,2.5126882206643253,1.1607896320933913,0.180815057255496,3.251736532375584,2.58552590355996
64.0,291.0,1005.7649536132812,0.2825466944237913,3.223371955913502,-1.130107795435179,3.475165291581171,-1.048330892200188,0.6773142097574366,1.7224453178602437,-0.0116344510771347,2.978858171781275,1.664112733334867
64.0,291.0,1003.8233642578124,1.028523366259821,3.0628461474330293,-0.3204188298828894,3.0167776901382988,0.2647472536681213,1.306874930918926,0.9514498344110252,-0.5399432597472117,3.348110656193866,0.8965220619264871
64.0,291.0,1006.2741088867188,1.643031542836416,3.606370926934152,-0.6934784640503268,3.544777025413626,-0.1168117638030309,0.939111865717292,1.235370936060419,0.8014975999324441,3.270795648100955,1.6707495569788469
64.0,291.0,1005.4312744140624,1.3627715738376884,3.076635121501396,-0.2203183241854567,3.1897560510402903,-0.4507563945197057,1.1522013466208365,1.072078304572779,-0.0715777010715543,3.2997649430028133,1.6650114468654638
64.0,291.0,1006.1286010742188,1.5630251164579407,3.034072154337606,-0.2144607478813976,3.3747890166807086,-0.1840946200972616,1.0834848120091078,1.505132191142844,0.0986427251527393,3.2971237436003165,1.6407078622033984
64.0,291.0,1004.8368530273438,-0.0192859539180938,3.1458012448024646,-0.4052589456220559,3.5837623621294377,-0.4446218579421889,1.004306573519272,1.0674916208430016,-0.1473208806064043,4.659302750457305,1.266183010783346
64.0,291.0,1005.0035400390624,1.488088734200528,3.2964916798764268,-0.081613556681665,3.4931910742310563,-0.4795947022471148,1.19443031097595,1.5983254058784726,0.3030366300005376,3.1093375136026897,1.3517079212642986
64.0,291.0,1005.59716796875,0.8422960777773174,3.0348209215701183,-0.2311176520887816,3.530445462000517,0.731073415144617,1.0838871087870037,1.0526527931079228,-0.2789778063184201,3.525442996103043,1.9314441196361605
64.0,291.0,1005.1682739257812,0.4758226699530498,2.725912301651685,-0.0230184400084026,3.5041163169939864,-0.2839688026094656,0.98246182909671,0.7814411067738086,0.0567855685067581,3.2908997596538847,1.3640380101297185
64.0,291.0,1004.932861328125,1.5796322669745138,2.974669102036052,-0.2759972217390695,3.567574034001228,-0.2093543612178015,1.4940440693796724,1.055340177568717,-0.0056815911348413,3.322450316094878,2.2801882162059304
64.0,291.0,1004.5557861328124,1.021039932157859,3.115921688963008,1.0019107446718256,2.234313345165861,-1.2644187944951404,0.667371423970712,1.2297919770831705,0.8270215697473942,3.348214809893935,1.7947175164238944
64.0,291.0,1005.9476318359376,0.0416259073064684,3.056620648095169,0.9059087932371556,3.541676985417584,-0.4558259587305865,-0.3150494321593007,1.05123482986649,-0.0994281152615595,3.238383279985208,1.6565234082160285
64.0,291.0,1005.81201171875,1.0493680198447488,3.1481788145602274,-0.3742052874168526,1.7340138049668434,0.0318673716322229,0.8640905123034281,1.2404658485720614,-0.0193011184880681,2.7865877149951315,1.7316496760128115
64.0,291.0,1004.924560546875,1.3902787656971398,3.2388825019148166,-0.206591284257351,2.6835356447268124,-0.2393013169250669,1.0825663808182378,0.7880722208517016,0.1086941866441624,3.760609960660497,1.5499190461382142
64.0,291.0,1003.884033203125,1.1425112649696187,3.065090117718845,0.592860107788608,2.8071972518327133,0.2549808842303713,0.7688590957311772,1.1434486482266086,0.1774592781213724,3.2904317271738885,1.6652367097735672
64.0,291.0,1004.8756713867188,1.803103039357084,3.04969122379482,-0.2380855070972431,3.544222673085715,-0.3675432124331079,1.0049334701620785,1.0915745130618049,-0.0166428366782459,3.286393579044508,1.7128181502425668
64.0,291.0,1005.5949096679688,1.065741447403239,3.566321993171797,-0.1722097588879127,3.335195644635442,0.4153135222526197,1.6432684793938577,1.2308026718224587,0.3065238812510272,3.32453208933479,1.4181087479272612
64.0,291.0,1005.1708984375,1.5387374172758588,3.0630905424895096,-0.2761169812147975,3.539551483750204,-0.0710913967583387,1.0864629386437223,1.0432566156141505,0.0406253156605319,3.3703392304127733,1.6847979903288934
64.0,291.0,1004.3433227539062,1.5246637626108075,2.588764633984187,-0.2247483509817702,3.541791433209113,-0.2094105942329443,0.0900981966808316,1.4472220790014578,0.3634141441016041,3.275517642189521,1.677631713184814
64.0,291.0,1005.5083618164062,-1.2715466490038871,3.33646995284633,1.2426772752163675,2.38751705217131,-0.8710368221530405,0.5865526170487287,0.9075178980445896,-0.0053437737026581,3.023257466028761,1.5838181227778998
64.0,291.0,1002.565185546875,0.5472914493255665,3.366882117201061,1.3060013984334584,1.9325170226020087,-1.0074251950736448,0.7432223534795421,1.6951969237110474,0.1334456915648295,3.316198941140461,1.659375229627378
64.0,291.0,1006.7476806640624,1.3783292661069166,2.227281756843792,0.7486796121921748,2.3676098445669496,-0.4352187250238886,0.1295667694666509,1.2582478032152908,0.9678886220425788,1.546052822985894,1.7088008776725607
64.0,291.0,1003.6841430664062,1.5264166200797986,3.063097861613356,-0.215819897253269,3.5490497273888275,-0.2048867388282806,1.0826619122252867,1.0511392207255632,-0.0170243374408754,3.2973942147249127,1.6821927523441609
64.0,291.0,1004.9850463867188,0.6143587211329081,3.6385777878302688,1.866782871449317,2.68567229671642,-0.0190286631641586,0.5847002488156035,1.759170199056142,0.7876675185527418,3.289135321111209,1.695106697781342
64.0,291.0,1006.3912353515624,1.0823124156003283,3.145532408020725,0.0937498638335725,4.3492484902596935,-0.983369492477124,0.3045399617600217,1.0355153888892177,-0.6035785196627739,3.47882371336145,1.9749920545649893
64.0,291.0,1003.7677001953124,0.9753379059727132,3.027481911426474,0.8914709442373026,3.6385006360362526,-0.1936568623912141,0.9354252219936228,1.0515023454212475,1.5844169383747184,3.3013099988549235,1.6821957420369034
64.0,291.0,1004.1815795898438,1.186914875836738,2.984003335173336,1.0917657361520303,3.111316162569416,-0.2135156752145395,1.956200428446676,1.1043285602139945,-0.0888351866134527,3.261696929640985,2.1191790875322365
64.0,291.0,1005.9786376953124,1.1755166225902458,3.0139295819900664,-0.2417305383366287,3.616814653335077,-0.2729520402836232,1.8592848557108288,1.1177652924446315,0.1211451494947978,3.912459696901169,2.2316448068592054
64.0,291.0,1004.7403564453124,0.4804166552562906,3.142058809388116,-0.507253232726782,3.78275224637308,-0.5671588827166028,1.1261544357254607,1.4122039073154182,0.5007209311294231,3.503301094810195,1.926829920271378
64.0,291.0,1004.5214233398438,1.3925082887281215,3.065088985864282,-0.1686798461004562,2.4937664364779137,-0.2246521629870259,1.0573601922845028,1.0844478999456344,-0.8866334099558765,3.2654268773896447,1.6563374701400866
64.0,291.0,1004.5638427734376,-0.2134668305182117,2.783390802993948,1.9017004885948512,1.4366753845009534,-0.5024318747415023,0.7385154890632665,0.977632335582272,0.2974201112703576,3.125186682888231,1.6802011201576457
64.0,291.0,1005.5848999023438,-0.4976473021030942,3.419951677935696,-0.3086301958483286,3.870154605804175,-1.1699164176837953,1.6993185462984577,0.8701808901365833,0.0028869377323087,3.427754210534899,1.6924904654891433
64.0,291.0,1004.2504272460938,-0.8223529424704155,2.825127807401638,-0.323922086313651,1.937577607926971,-0.7880478165526897,-0.5658922756132105,1.2049866790758093,0.2624683225465503,3.2458834880441487,0.9881096602322688
64.0,291.0,1004.8351440429688,0.383266327892847,3.526047267809437,-0.0464641811751654,3.441002486581674,0.4622121063248139,0.764653895575856,1.4226068635485682,-0.4876738443664548,3.654568720914268,1.5945743322906956
64.0,292.0,1004.6443481445312,0.6900176227674764,3.063074350782302,-0.3302721781170479,3.0126561550720083,-0.1976159951512532,1.5970259768578052,1.2511792713171723,-0.0167520924344081,3.4265898532482377,1.5636003792452855
64.0,292.0,1004.1213989257812,0.2153483923752346,2.977147305338594,-0.595687141216819,2.606774394934442,-1.0278964624926523,1.4248740797111572,1.4411335825086675,0.1643799556484128,3.274974405060643,1.674699710113174
64.0,292.0,1005.7791137695312,0.6317410114373033,3.3821840388898674,-0.6555082762858517,1.8304964441013163,0.265419887632873,0.7751960162999161,1.243165064585624,-0.3543464243561521,3.598221077351875,1.5754946386202904
64.0,292.0,1005.7072143554688,1.6491448804843336,2.9104453120023,-0.2376035463302053,3.615676320374159,-0.5459213406507523,1.0802436756395946,1.0229389087533642,-0.0226071327225542,3.134768809825729,1.4551102740604491
64.0,292.0,1005.2555541992188,-0.5037094802039921,3.707585390221884,-0.3280569768488796,3.321070462527059,0.979043172621886,-0.4155761280008436,0.9565504599200948,0.2951346271246178,3.295787014291044,2.1819067114242974
64.0,292.0,1005.51806640625,-0.40218204349395,2.9611396568649364,0.6762820959727607,3.216420950245242,-1.6087780174255435,1.486703313514423,0.3728051189080725,0.4352597544671966,2.6224629239329085,1.7656766646614763
64.0,292.0,1005.1766357421876,0.1795712590885118,2.9812615224469887,2.227708023992821,1.705100159196134,-1.6152769106402405,1.1802352692320168,1.5982518234635186,2.413075400110743,4.654948170147927,2.306430248812217
64.0,292.0,1005.1494140625,1.4267671879387,2.82151791963309,-0.2050135975394147,3.599402345635524,-0.212234014229664,1.0699343377498252,1.054124327480299,-0.0348381047181509,3.2384919490320403,1.683330061310487
64.0,292.0,1005.474853515625,1.5026949966969567,4.303640589644998,0.0467183102294996,3.508585978273294,-0.276222544546385,1.2632585220760255,0.9839023829757484,0.4548566034085533,3.319979299343642,1.681623450852277
64.0,292.0,1004.5355224609376,-0.2067583177486083,2.156645823399848,1.1237471826284795,3.780946817479548,-0.5114493991580722,1.3470285072754011,1.5426076556614716,0.9251629364195506,3.6326501297850458,1.193605314089168
64.0,292.0,1004.0458984375,0.6627964073101363,1.902544155917261,1.7356517264199556,1.1276967507837976,-0.9532319298265536,0.6325625002596181,1.4181961809212862,1.2571856093798428,3.247627624338968,0.7396376473821458
64.0,292.0,1004.7117919921876,0.4052530103725722,2.862964791291889,1.0244185980793992,1.6185629550949447,0.0861167524434486,0.806110362194968,0.5149989619430992,0.0762824622613271,3.306353246449835,1.6419964791765842
64.0,292.0,1005.585205078125,1.4441076734521072,3.066111509674269,0.0067028297138759,3.194813058276394,-0.2495793018936137,1.1591742150332562,1.047291772061316,-0.0635626710663064,3.2934046480925203,1.7277033081006632
64.0,292.0,1004.95849609375,0.9162956780313632,2.1247201074083826,0.0379144096914144,3.0493734156772465,-0.204541723945408,1.0866278545155783,1.081534562537653,-0.1426858802547873,2.5531626479271203,1.6834925846586402
64.0,292.0,1003.9569702148438,0.448016906340041,3.105722986450256,0.8138035866923863,3.0955404770734902,0.2620725015799733,1.6869868466778326,0.0600023277914734,0.2622416693067444,3.1208073658522064,1.5478276998793208
64.0,292.0,1005.9080810546876,1.0513515896295955,3.0324479004866207,-0.1399893757068982,2.5909601277576697,-0.1207554487964864,2.5126882206643253,1.1607896320933913,0.180815057255496,3.251736532375584,2.58552590355996
64.0,292.0,1005.7649536132812,0.2825466944237913,3.223371955913502,-1.130107795435179,3.475165291581171,-1.048330892200188,0.6773142097574366,1.7224453178602437,-0.0116344510771347,2.978858171781275,1.664112733334867
64.0,292.0,1003.8233642578124,1.028523366259821,3.0628461474330293,-0.3204188298828894,3.0167776901382988,0.2647472536681213,1.306874930918926,0.9514498344110252,-0.5399432597472117,3.348110656193866,0.8965220619264871
64.0,292.0,1006.2741088867188,1.643031542836416,3.606370926934152,-0.6934784640503268,3.544777025413626,-0.1168117638030309,0.939111865717292,1.235370936060419,0.8014975999324441,3.270795648100955,1.6707495569788469
64.0,292.0,1005.4312744140624,1.3627715738376884,3.076635121501396,-0.2203183241854567,3.1897560510402903,-0.4507563945197057,1.1522013466208365,1.072078304572779,-0.0715777010715543,3.2997649430028133,1.6650114468654638
64.0,292.0,1006.1286010742188,1.5630251164579407,3.034072154337606,-0.2144607478813976,3.3747890166807086,-0.1840946200972616,1.0834848120091078,1.505132191142844,0.0986427251527393,3.2971237436003165,1.6407078622033984
64.0,292.0,1004.8368530273438,-0.0192859539180938,3.1458012448024646,-0.4052589456220559,3.5837623621294377,-0.4446218579421889,1.004306573519272,1.0674916208430016,-0.1473208806064043,4.659302750457305,1.266183010783346
64.0,292.0,1005.0035400390624,1.488088734200528,3.2964916798764268,-0.081613556681665,3.4931910742310563,-0.4795947022471148,1.19443031097595,1.5983254058784726,0.3030366300005376,3.1093375136026897,1.3517079212642986
64.0,292.0,1005.59716796875,0.8422960777773174,3.0348209215701183,-0.2311176520887816,3.530445462000517,0.731073415144617,1.0838871087870037,1.0526527931079228,-0.2789778063184201,3.525442996103043,1.9314441196361605
64.0,292.0,1005.1682739257812,0.4758226699530498,2.725912301651685,-0.0230184400084026,3.5041163169939864,-0.2839688026094656,0.98246182909671,0.7814411067738086,0.0567855685067581,3.2908997596538847,1.3640380101297185
64.0,292.0,1004.932861328125,1.5796322669745138,2.974669102036052,-0.2759972217390695,3.567574034001228,-0.2093543612178015,1.4940440693796724,1.055340177568717,-0.0056815911348413,3.322450316094878,2.2801882162059304
64.0,292.0,1004.5557861328124,1.021039932157859,3.115921688963008,1.0019107446718256,2.234313345165861,-1.2644187944951404,0.667371423970712,1.2297919770831705,0.8270215697473942,3.348214809893935,1.7947175164238944
64.0,292.0,1005.9476318359376,0.0416259073064684,3.056620648095169,0.9059087932371556,3.541676985417584,-0.4558259587305865,-0.3150494321593007,1.05123482986649,-0.0994281152615595,3.238383279985208,1.6565234082160285
64.0,292.0,1005.81201171875,1.0493680198447488,3.1481788145602274,-0.3742052874168526,1.7340138049668434,0.0318673716322229,0.8640905123034281,1.2404658485720614,-0.0193011184880681,2.7865877149951315,1.7316496760128115
64.0,292.0,1004.924560546875,1.3902787656971398,3.2388825019148166,-0.206591284257351,2.6835356447268124,-0.2393013169250669,1.0825663808182378,0.7880722208517016,0.1086941866441624,3.760609960660497,1.5499190461382142
64.0,292.0,1003.884033203125,1.1425112649696187,3.065090117718845,0.592860107788608,2.8071972518327133,0.2549808842303713,0.7688590957311772,1.1434486482266086,0.1774592781213724,3.2904317271738885,1.6652367097735672
64.0,292.0,1004.8756713867188,1.803103039357084,3.04969122379482,-0.2380855070972431,3.544222673085715,-0.3675432124331079,1.0049334701620785,1.0915745130618049,-0.0166428366782459,3.286393579044508,1.7128181502425668
64.0,292.0,1005.5949096679688,1.065741447403239,3.566321993171797,-0.1722097588879127,3.335195644635442,0.4153135222526197,1.6432684793938577,1.2308026718224587,0.3065238812510272,3.32453208933479,1.4181087479272612
64.0,292.0,1005.1708984375,1.5387374172758588,3.0630905424895096,-0.2761169812147975,3.539551483750204,-0.0710913967583387,1.0864629386437223,1.0432566156141505,0.0406253156605319,3.3703392304127733,1.6847979903288934
64.0,292.0,1004.3433227539062,1.5246637626108075,2.588764633984187,-0.2247483509817702,3.541791433209113,-0.2094105942329443,0.0900981966808316,1.4472220790014578,0.3634141441016041,3.275517642189521,1.677631713184814
64.0,292.0,1005.5083618164062,-1.2715466490038871,3.33646995284633,1.2426772752163675,2.38751705217131,-0.8710368221530405,0.5865526170487287,0.9075178980445896,-0.0053437737026581,3.023257466028761,1.5838181227778998
64.0,292.0,1002.565185546875,0.5472914493255665,3.366882117201061,1.3060013984334584,1.9325170226020087,-1.0074251950736448,0.7432223534795421,1.6951969237110474,0.1334456915648295,3.316198941140461,1.659375229627378
64.0,292.0,1006.7476806640624,1.3783292661069166,2.227281756843792,0.7486796121921748,2.3676098445669496,-0.4352187250238886,0.1295667694666509,1.2582478032152908,0.9678886220425788,1.546052822985894,1.7088008776725607
64.0,292.0,1003.6841430664062,1.5264166200797986,3.063097861613356,-0.215819897253269,3.5490497273888275,-0.2048867388282806,1.0826619122252867,1.0511392207255632,-0.0170243374408754,3.2973942147249127,1.6821927523441609
64.0,292.0,1004.9850463867188,0.6143587211329081,3.6385777878302688,1.866782871449317,2.68567229671642,-0.0190286631641586,0.5847002488156035,1.759170199056142,0.7876675185527418,3.289135321111209,1.695106697781342
64.0,292.0,1006.3912353515624,1.0823124156003283,3.145532408020725,0.0937498638335725,4.3492484902596935,-0.983369492477124,0.3045399617600217,1.0355153888892177,-0.6035785196627739,3.47882371336145,1.9749920545649893
64.0,292.0,1003.7677001953124,0.9753379059727132,3.027481911426474,0.8914709442373026,3.6385006360362526,-0.1936568623912141,0.9354252219936228,1.0515023454212475,1.5844169383747184,3.3013099988549235,1.6821957420369034
64.0,292.0,1004.1815795898438,1.186914875836738,2.984003335173336,1.0917657361520303,3.111316162569416,-0.2135156752145395,1.956200428446676,1.1043285602139945,-0.0888351866134527,3.261696929640985,2.1191790875322365
64.0,292.0,1005.9786376953124,1.1755166225902458,3.0139295819900664,-0.2417305383366287,3.616814653335077,-0.2729520402836232,1.8592848557108288,1.1177652924446315,0.1211451494947978,3.912459696901169,2.2316448068592054
64.0,292.0,1004.7403564453124,0.4804166552562906,3.142058809388116,-0.507253232726782,3.78275224637308,-0.5671588827166028,1.1261544357254607,1.4122039073154182,0.5007209311294231,3.503301094810195,1.926829920271378
64.0,292.0,1004.5214233398438,1.3925082887281215,3.065088985864282,-0.1686798461004562,2.4937664364779137,-0.2246521629870259,1.0573601922845028,1.0844478999456344,-0.8866334099558765,3.2654268773896447,1.6563374701400866
64.0,292.0,1004.5638427734376,-0.2134668305182117,2.783390802993948,1.9017004885948512,1.4366753845009534,-0.5024318747415023,0.7385154890632665,0.977632335582272,0.2974201112703576,3.125186682888231,1.6802011201576457
64.0,292.0,1005.5848999023438,-0.4976473021030942,3.419951677935696,-0.3086301958483286,3.870154605804175,-1.1699164176837953,1.6993185462984577,0.8701808901365833,0.0028869377323087,3.427754210534899,1.6924904654891433
64.0,292.0,1004.2504272460938,-0.8223529424704155,2.825127807401638,-0.323922086313651,1.937577607926971,-0.7880478165526897,-0.5658922756132105,1.2049866790758093,0.2624683225465503,3.2458834880441487,0.9881096602322688
64.0,292.0,1004.8351440429688,0.383266327892847,3.526047267809437,-0.0464641811751654,3.441002486581674,0.4622121063248139,0.764653895575856,1.4226068635485682,-0.4876738443664548,3.654568720914268,1.5945743322906956
64.0,293.0,1004.6443481445312,0.6900176227674764,3.063074350782302,-0.3302721781170479,3.0126561550720083,-0.1976159951512532,1.5970259768578052,1.2511792713171723,-0.0167520924344081,3.4265898532482377,1.5636003792452855
64.0,293.0,1004.1213989257812,0.2153483923752346,2.977147305338594,-0.595687141216819,2.606774394934442,-1.0278964624926523,1.4248740797111572,1.4411335825086675,0.1643799556484128,3.274974405060643,1.674699710113174
64.0,293.0,1005.7791137695312,0.6317410114373033,3.3821840388898674,-0.6555082762858517,1.8304964441013163,0.265419887632873,0.7751960162999161,1.243165064585624,-0.3543464243561521,3.598221077351875,1.5754946386202904
64.0,293.0,1005.7072143554688,1.6491448804843336,2.9104453120023,-0.2376035463302053,3.615676320374159,-0.5459213406507523,1.0802436756395946,1.0229389087533642,-0.0226071327225542,3.134768809825729,1.4551102740604491
64.0,293.0,1005.2555541992188,-0.5037094802039921,3.707585390221884,-0.3280569768488796,3.321070462527059,0.979043172621886,-0.4155761280008436,0.9565504599200948,0.2951346271246178,3.295787014291044,2.1819067114242974
64.0,293.0,1005.51806640625,-0.40218204349395,2.9611396568649364,0.6762820959727607,3.216420950245242,-1.6087780174255435,1.486703313514423,0.3728051189080725,0.4352597544671966,2.6224629239329085,1.7656766646614763
64.0,293.0,1005.1766357421876,0.1795712590885118,2.9812615224469887,2.227708023992821,1.705100159196134,-1.6152769106402405,1.1802352692320168,1.5982518234635186,2.413075400110743,4.654948170147927,2.306430248812217
64.0,293.0,1005.1494140625,1.4267671879387,2.82151791963309,-0.2050135975394147,3.599402345635524,-0.212234014229664,1.0699343377498252,1.054124327480299,-0.0348381047181509,3.2384919490320403,1.683330061310487
64.0,293.0,1005.474853515625,1.5026949966969567,4.303640589644998,0.0467183102294996,3.508585978273294,-0.276222544546385,1.2632585220760255,0.9839023829757484,0.4548566034085533,3.319979299343642,1.681623450852277
64.0,293.0,1004.5355224609376,-0.2067583177486083,2.156645823399848,1.1237471826284795,3.780946817479548,-0.5114493991580722,1.3470285072754011,1.5426076556614716,0.9251629364195506,3.6326501297850458,1.193605314089168
64.0,293.0,1004.0458984375,0.6627964073101363,1.902544155917261,1.7356517264199556,1.1276967507837976,-0.9532319298265536,0.6325625002596181,1.4181961809212862,1.2571856093798428,3.247627624338968,0.7396376473821458
64.0,293.0,1004.7117919921876,0.4052530103725722,2.862964791291889,1.0244185980793992,1.6185629550949447,0.0861167524434486,0.806110362194968,0.5149989619430992,0.0762824622613271,3.306353246449835,1.6419964791765842
64.0,293.0,1005.585205078125,1.4441076734521072,3.066111509674269,0.0067028297138759,3.194813058276394,-0.2495793018936137,1.1591742150332562,1.047291772061316,-0.0635626710663064,3.2934046480925203,1.7277033081006632
64.0,293.0,1004.95849609375,0.9162956780313632,2.1247201074083826,0.0379144096914144,3.0493734156772465,-0.204541723945408,1.0866278545155783,1.081534562537653,-0.1426858802547873,2.5531626479271203,1.6834925846586402
64.0,293.0,1003.9569702148438,0.448016906340041,3.105722986450256,0.8138035866923863,3.0955404770734902,0.2620725015799733,1.6869868466778326,0.0600023277914734,0.2622416693067444,3.1208073658522064,1.5478276998793208
64.0,293.0,1005.9080810546876,1.0513515896295955,3.0324479004866207,-0.1399893757068982,2.5909601277576697,-0.1207554487964864,2.5126882206643253,1.1607896320933913,0.180815057255496,3.251736532375584,2.58552590355996
64.0,293.0,1005.7649536132812,0.2825466944237913,3.223371955913502,-1.130107795435179,3.475165291581171,-1.048330892200188,0.6773142097574366,1.7224453178602437,-0.0116344510771347,2.978858171781275,1.664112733334867
64.0,293.0,1003.8233642578124,1.028523366259821,3.0628461474330293,-0.3204188298828894,3.0167776901382988,0.2647472536681213,1.306874930918926,0.9514498344110252,-0.5399432597472117,3.348110656193866,0.8965220619264871
64.0,293.0,1006.2741088867188,1.643031542836416,3.606370926934152,-0.6934784640503268,3.544777025413626,-0.1168117638030309,0.939111865717292,1.235370936060419,0.8014975999324441,3.270795648100955,1.6707495569788469
64.0,293.0,1005.4312744140624,1.3627715738376884,3.076635121501396,-0.2203183241854567,3.1897560510402903,-0.4507563945197057,1.1522013466208365,1.072078304572779,-0.0715777010715543,3.2997649430028133,1.6650114468654638
64.0,293.0,1006.1286010742188,1.5630251164579407,3.034072154337606,-0.2144607478813976,3.3747890166807086,-0.1840946200972616,1.0834848120091078,1.505132191142844,0.0986427251527393,3.2971237436003165,1.6407078622033984
64.0,293.0,1004.8368530273438,-0.0192859539180938,3.1458012448024646,-0.4052589456220559,3.5837623621294377,-0.4446218579421889,1.004306573519272,1.0674916208430016,-0.1473208806064043,4.659302750457305,1.266183010783346
64.0,293.0,1005.0035400390624,1.488088734200528,3.2964916798764268,-0.081613556681665,3.4931910742310563,-0.4795947022471148,1.19443031097595,1.5983254058784726,0.3030366300005376,3.1093375136026897,1.3517079212642986
64.0,293.0,1005.59716796875,0.8422960777773174,3.0348209215701183,-0.2311176520887816,3.530445462000517,0.731073415144617,1.0838871087870037,1.0526527931079228,-0.2789778063184201,3.525442996103043,1.9314441196361605
64.0,293.0,1005.1682739257812,0.4758226699530498,2.725912301651685,-0.0230184400084026,3.5041163169939864,-0.2839688026094656,0.98246182909671,0.7814411067738086,0.0567855685067581,3.2908997596538847,1.3640380101297185
64.0,293.0,1004.932861328125,1.5796322669745138,2.974669102036052,-0.2759972217390695,3.567574034001228,-0.2093543612178015,1.4940440693796724,1.055340177568717,-0.0056815911348413,3.322450316094878,2.2801882162059304
64.0,293.0,1004.5557861328124,1.021039932157859,3.115921688963008,1.0019107446718256,2.234313345165861,-1.2644187944951404,0.667371423970712,1.2297919770831705,0.8270215697473942,3.348214809893935,1.7947175164238944
64.0,293.0,1005.9476318359376,0.0416259073064684,3.056620648095169,0.9059087932371556,3.541676985417584,-0.4558259587305865,-0.3150494321593007,1.05123482986649,-0.0994281152615595,3.238383279985208,1.6565234082160285
64.0,293.0,1005.81201171875,1.0493680198447488,3.1481788145602274,-0.3742052874168526,1.7340138049668434,0.0318673716322229,0.8640905123034281,1.2404658485720614,-0.0193011184880681,2.7865877149951315,1.7316496760128115
64.0,293.0,1004.924560546875,1.3902787656971398,3.2388825019148166,-0.206591284257351,2.6835356447268124,-0.2393013169250669,1.0825663808182378,0.7880722208517016,0.1086941866441624,3.760609960660497,1.5499190461382142
64.0,293.0,1003.884033203125,1.1425112649696187,3.065090117718845,0.592860107788608,2.8071972518327133,0.2549808842303713,0.7688590957311772,1.1434486482266086,0.1774592781213724,3.2904317271738885,1.6652367097735672
64.0,293.0,1004.8756713867188,1.803103039357084,3.04969122379482,-0.2380855070972431,3.544222673085715,-0.3675432124331079,1.0049334701620785,1.0915745130618049,-0.0166428366782459,3.286393579044508,1.7128181502425668
64.0,293.0,1005.5949096679688,1.065741447403239,3.566321993171797,-0.1722097588879127,3.335195644635442,0.4153135222526197,1.6432684793938577,1.2308026718224587,0.3065238812510272,3.32453208933479,1.4181087479272612
64.0,293.0,1005.1708984375,1.5387374172758588,3.0630905424895096,-0.2761169812147975,3.539551483750204,-0.0710913967583387,1.0864629386437223,1.0432566156141505,0.0406253156605319,3.3703392304127733,1.6847979903288934
64.0,293.0,1004.3433227539062,1.5246637626108075,2.588764633984187,-0.2247483509817702,3.541791433209113,-0.2094105942329443,0.0900981966808316,1.4472220790014578,0.3634141441016041,3.275517642189521,1.677631713184814
64.0,293.0,1005.5083618164062,-1.2715466490038871,3.33646995284633,1.2426772752163675,2.38751705217131,-0.8710368221530405,0.5865526170487287,0.9075178980445896,-0.0053437737026581,3.023257466028761,1.5838181227778998
64.0,293.0,1002.565185546875,0.5472914493255665,3.366882117201061,1.3060013984334584,1.9325170226020087,-1.0074251950736448,0.7432223534795421,1.6951969237110474,0.1334456915648295,3.316198941140461,1.659375229627378
64.0,293.0,1006.7476806640624,1.3783292661069166,2.227281756843792,0.7486796121921748,2.3676098445669496,-0.4352187250238886,0.1295667694666509,1.2582478032152908,0.9678886220425788,1.546052822985894,1.7088008776725607
64.0,293.0,1003.6841430664062,1.5264166200797986,3.063097861613356,-0.215819897253269,3.5490497273888275,-0.2048867388282806,1.0826619122252867,1.0511392207255632,-0.0170243374408754,3.2973942147249127,1.6821927523441609
64.0,293.0,1004.9850463867188,0.6143587211329081,3.6385777878302688,1.866782871449317,2.68567229671642,-0.0190286631641586,0.5847002488156035,1.759170199056142,0.7876675185527418,3.289135321111209,1.695106697781342
64.0,293.0,1006.3912353515624,1.0823124156003283,3.145532408020725,0.0937498638335725,4.3492484902596935,-0.983369492477124,0.3045399617600217,1.0355153888892177,-0.6035785196627739,3.47882371336145,1.9749920545649893
64.0,293.0,1003.7677001953124,0.9753379059727132,3.027481911426474,0.8914709442373026,3.6385006360362526,-0.1936568623912141,0.9354252219936228,1.0515023454212475,1.5844169383747184,3.3013099988549235,1.6821957420369034
64.0,293.0,1004.1815795898438,1.186914875836738,2.984003335173336,1.0917657361520303,3.111316162569416,-0.2135156752145395,1.956200428446676,1.1043285602139945,-0.0888351866134527,3.261696929640985,2.1191790875322365
64.0,293.0,1005.9786376953124,1.1755166225902458,3.0139295819900664,-0.2417305383366287,3.616814653335077,-0.2729520402836232,1.8592848557108288,1.1177652924446315,0.1211451494947978,3.912459696901169,2.2316448068592054
64.0,293.0,1004.7403564453124,0.4804166552562906,3.142058809388116,-0.507253232726782,3.78275224637308,-0.5671588827166028,1.1261544357254607,1.4122039073154182,0.5007209311294231,3.503301094810195,1.926829920271378
64.0,293.0,1004.5214233398438,1.3925082887281215,3.065088985864282,-0.1686798461004562,2.4937664364779137,-0.2246521629870259,1.0573601922845028,1.0844478999456344,-0.8866334099558765,3.2654268773896447,1.6563374701400866
64.0,293.0,1004.5638427734376,-0.2134668305182117,2.783390802993948,1.9017004885948512,1.4366753845009534,-0.5024318747415023,0.7385154890632665,0.977632335582272,0.2974201112703576,3.125186682888231,1.6802011201576457
64.0,293.0,1005.5848999023438,-0.4976473021030942,3.419951677935696,-0.3086301958483286,3.870154605804175,-1.1699164176837953,1.6993185462984577,0.8701808901365833,0.0028869377323087,3.427754210534899,1.6924904654891433
64.0,293.0,1004.2504272460938,-0.8223529424704155,2.825127807401638,-0.323922086313651,1.937577607926971,-0.7880478165526897,-0.5658922756132105,1.2049866790758093,0.2624683225465503,3.2458834880441487,0.9881096602322688
64.0,293.0,1004.8351440429688,0.383266327892847,3.526047267809437,-0.0464641811751654,3.441002486581674,0.4622121063248139,0.764653895575856,1.4226068635485682,-0.4876738443664548,3.654568720914268,1.5945743322906956
64.0,294.0,1004.6443481445312,0.6900176227674764,3.063074350782302,-0.3302721781170479,3.0126561550720083,-0.1976159951512532,1.5970259768578052,1.2511792713171723,-0.0167520924344081,3.4265898532482377,1.5636003792452855
64.0,294.0,1004.1213989257812,0.2153483923752346,2.977147305338594,-0.595687141216819,2.606774394934442,-1.0278964624926523,1.4248740797111572,1.4411335825086675,0.1643799556484128,3.274974405060643,1.674699710113174
64.0,294.0,1005.7791137695312,0.6317410114373033,3.3821840388898674,-0.6555082762858517,1.8304964441013163,0.265419887632873,0.7751960162999161,1.243165064585624,-0.3543464243561521,3.598221077351875,1.5754946386202904
64.0,294.0,1005.7072143554688,1.6491448804843336,2.9104453120023,-0.2376035463302053,3.615676320374159,-0.5459213406507523,1.0802436756395946,1.0229389087533642,-0.0226071327225542,3.134768809825729,1.4551102740604491
64.0,294.0,1005.2555541992188,-0.5037094802039921,3.707585390221884,-0.3280569768488796,3.321070462527059,0.979043172621886,-0.4155761280008436,0.9565504599200948,0.2951346271246178,3.295787014291044,2.1819067114242974
64.0,294.0,1005.51806640625,-0.40218204349395,2.9611396568649364,0.6762820959727607,3.216420950245242,-1.6087780174255435,1.486703313514423,0.3728051189080725,0.4352597544671966,2.6224629239329085,1.7656766646614763
64.0,294.0,1005.1766357421876,0.1795712590885118,2.9812615224469887,2.227708023992821,1.705100159196134,-1.6152769106402405,1.1802352692320168,1.5982518234635186,2.413075400110743,4.654948170147927,2.306430248812217
64.0,294.0,1005.1494140625,1.4267671879387,2.82151791963309,-0.2050135975394147,3.599402345635524,-0.212234014229664,1.0699343377498252,1.054124327480299,-0.0348381047181509,3.2384919490320403,1.683330061310487
64.0,294.0,1005.474853515625,1.5026949966969567,4.303640589644998,0.0467183102294996,3.508585978273294,-0.276222544546385,1.2632585220760255,0.9839023829757484,0.4548566034085533,3.319979299343642,1.681623450852277
64.0,294.0,1004.5355224609376,-0.2067583177486083,2.156645823399848,1.1237471826284795,3.780946817479548,-0.5114493991580722,1.3470285072754011,1.5426076556614716,0.9251629364195506,3.6326501297850458,1.193605314089168
64.0,294.0,1004.0458984375,0.6627964073101363,1.902544155917261,1.7356517264199556,1.1276967507837976,-0.9532319298265536,0.6325625002596181,1.4181961809212862,1.2571856093798428,3.247627624338968,0.7396376473821458
64.0,294.0,1004.7117919921876,0.4052530103725722,2.862964791291889,1.0244185980793992,1.6185629550949447,0.0861167524434486,0.806110362194968,0.5149989619430992,0.0762824622613271,3.306353246449835,1.6419964791765842
64.0,294.0,1005.585205078125,1.4441076734521072,3.066111509674269,0.0067028297138759,3.194813058276394,-0.2495793018936137,1.1591742150332562,1.047291772061316,-0.0635626710663064,3.2934046480925203,1.7277033081006632
64.0,294.0,1004.95849609375,0.9162956780313632,2.1247201074083826,0.0379144096914144,3.0493734156772465,-0.204541723945408,1.0866278545155783,1.081534562537653,-0.1426858802547873,2.5531626479271203,1.6834925846586402
64.0,294.0,1003.9569702148438,0.448016906340041,3.105722986450256,0.8138035866923863,3.0955404770734902,0.2620725015799733,1.6869868466778326,0.0600023277914734,0.2622416693067444,3.1208073658522064,1.5478276998793208
64.0,294.0,1005.9080810546876,1.0513515896295955,3.0324479004866207,-0.1399893757068982,2.5909601277576697,-0.1207554487964864,2.5126882206643253,1.1607896320933913,0.180815057255496,3.251736532375584,2.58552590355996
64.0,294.0,1005.7649536132812,0.2825466944237913,3.223371955913502,-1.130107795435179,3.475165291581171,-1.048330892200188,0.6773142097574366,1.7224453178602437,-0.0116344510771347,2.978858171781275,1.664112733334867
64.0,294.0,1003.8233642578124,1.028523366259821,3.0628461474330293,-0.3204188298828894,3.0167776901382988,0.2647472536681213,1.306874930918926,0.9514498344110252,-0.5399432597472117,3.348110656193866,0.8965220619264871
64.0,294.0,1006.2741088867188,1.643031542836416,3.606370926934152,-0.6934784640503268,3.544777025413626,-0.1168117638030309,0.939111865717292,1.235370936060419,0.8014975999324441,3.270795648100955,1.6707495569788469
64.0,294.0,1005.4312744140624,1.3627715738376884,3.076635121501396,-0.2203183241854567,3.1897560510402903,-0.4507563945197057,1.1522013466208365,1.072078304572779,-0.0715777010715543,3.2997649430028133,1.6650114468654638
64.0,294.0,1006.1286010742188,1.5630251164579407,3.034072154337606,-0.2144607478813976,3.3747890166807086,-0.1840946200972616,1.0834848120091078,1.505132191142844,0.0986427251527393,3.2971237436003165,1.6407078622033984
64.0,294.0,1004.8368530273438,-0.0192859539180938,3.1458012448024646,-0.4052589456220559,3.5837623621294377,-0.4446218579421889,1.004306573519272,1.0674916208430016,-0.1473208806064043,4.659302750457305,1.266183010783346
64.0,294.0,1005.0035400390624,1.488088734200528,3.2964916798764268,-0.081613556681665,3.4931910742310563,-0.4795947022471148,1.19443031097595,1.5983254058784726,0.3030366300005376,3.1093375136026897,1.3517079212642986
64.0,294.0,1005.59716796875,0.8422960777773174,3.0348209215701183,-0.2311176520887816,3.530445462000517,0.731073415144617,1.0838871087870037,1.0526527931079228,-0.2789778063184201,3.525442996103043,1.9314441196361605
64.0,294.0,1005.1682739257812,0.4758226699530498,2.725912301651685,-0.0230184400084026,3.5041163169939864,-0.2839688026094656,0.98246182909671,0.7814411067738086,0.0567855685067581,3.2908997596538847,1.3640380101297185
64.0,294.0,1004.932861328125,1.5796322669745138,2.974669102036052,-0.2759972217390695,3.567574034001228,-0.2093543612178015,1.4940440693796724,1.055340177568717,-0.0056815911348413,3.322450316094878,2.2801882162059304
64.0,294.0,1004.5557861328124,1.021039932157859,3.115921688963008,1.0019107446718256,2.234313345165861,-1.2644187944951404,0.667371423970712,1.2297919770831705,0.8270215697473942,3.348214809893935,1.7947175164238944
64.0,294.0,1005.9476318359376,0.0416259073064684,3.056620648095169,0.9059087932371556,3.541676985417584,-0.4558259587305865,-0.3150494321593007,1.05123482986649,-0.0994281152615595,3.238383279985208,1.6565234082160285
64.0,294.0,1005.81201171875,1.0493680198447488,3.1481788145602274,-0.3742052874168526,1.7340138049668434,0.0318673716322229,0.8640905123034281,1.2404658485720614,-0.0193011184880681,2.7865877149951315,1.7316496760128115
64.0,294.0,1004.924560546875,1.3902787656971398,3.2388825019148166,-0.206591284257351,2.6835356447268124,-0.2393013169250669,1.0825663808182378,0.7880722208517016,0.1086941866441624,3.760609960660497,1.5499190461382142
64.0,294.0,1003.884033203125,1.1425112649696187,3.065090117718845,0.592860107788608,2.8071972518327133,0.2549808842303713,0.7688590957311772,1.1434486482266086,0.1774592781213724,3.2904317271738885,1.6652367097735672
64.0,294.0,1004.8756713867188,1.803103039357084,3.04969122379482,-0.2380855070972431,3.544222673085715,-0.3675432124331079,1.0049334701620785,1.0915745130618049,-0.0166428366782459,3.286393579044508,1.7128181502425668
64.0,294.0,1005.5949096679688,1.065741447403239,3.566321993171797,-0.1722097588879127,3.335195644635442,0.4153135222526197,1.6432684793938577,1.2308026718224587,0.3065238812510272,3.32453208933479,1.4181087479272612
64.0,294.0,1005.1708984375,1.5387374172758588,3.0630905424895096,-0.2761169812147975,3.539551483750204,-0.0710913967583387,1.0864629386437223,1.0432566156141505,0.0406253156605319,3.3703392304127733,1.6847979903288934
64.0,294.0,1004.3433227539062,1.5246637626108075,2.588764633984187,-0.2247483509817702,3.541791433209113,-0.2094105942329443,0.0900981966808316,1.4472220790014578,0.3634141441016041,3.275517642189521,1.677631713184814
64.0,294.0,1005.5083618164062,-1.2715466490038871,3.33646995284633,1.2426772752163675,2.38751705217131,-0.8710368221530405,0.5865526170487287,0.9075178980445896,-0.0053437737026581,3.023257466028761,1.5838181227778998
64.0,294.0,1002.565185546875,0.5472914493255665,3.366882117201061,1.3060013984334584,1.9325170226020087,-1.0074251950736448,0.7432223534795421,1.6951969237110474,0.1334456915648295,3.316198941140461,1.659375229627378
64.0,294.0,1005.1370849609376,1.7787926988218934,1.7782330661410777,0.0898533646099637,2.0092614485398688,-0.619490248123477,0.533648364440269,1.376811551556321,0.5091753051674266,0.7729189784876886,1.6441965977471358
64.0,294.0,1003.6841430664062,1.5264166200797986,3.063097861613356,-0.215819897253269,3.5490497273888275,-0.2048867388282806,1.0826619122252867,1.0511392207255632,-0.0170243374408754,3.2973942147249127,1.6821927523441609
64.0,294.0,1004.9850463867188,0.6143587211329081,3.6385777878302688,1.866782871449317,2.68567229671642,-0.0190286631641586,0.5847002488156035,1.759170199056142,0.7876675185527418,3.289135321111209,1.695106697781342
64.0,294.0,1006.3912353515624,1.0823124156003283,3.145532408020725,0.0937498638335725,4.3492484902596935,-0.983369492477124,0.3045399617600217,1.0355153888892177,-0.6035785196627739,3.47882371336145,1.9749920545649893
64.0,294.0,1003.7677001953124,0.9753379059727132,3.027481911426474,0.8914709442373026,3.6385006360362526,-0.1936568623912141,0.9354252219936228,1.0515023454212475,1.5844169383747184,3.3013099988549235,1.6821957420369034
64.0,294.0,1004.1815795898438,1.186914875836738,2.984003335173336,1.0917657361520303,3.111316162569416,-0.2135156752145395,1.956200428446676,1.1043285602139945,-0.0888351866134527,3.261696929640985,2.1191790875322365
64.0,294.0,1005.9786376953124,1.1755166225902458,3.0139295819900664,-0.2417305383366287,3.616814653335077,-0.2729520402836232,1.8592848557108288,1.1177652924446315,0.1211451494947978,3.912459696901169,2.2316448068592054
64.0,294.0,1004.7403564453124,0.4804166552562906,3.142058809388116,-0.507253232726782,3.78275224637308,-0.5671588827166028,1.1261544357254607,1.4122039073154182,0.5007209311294231,3.503301094810195,1.926829920271378
64.0,294.0,1004.5214233398438,1.3925082887281215,3.065088985864282,-0.1686798461004562,2.4937664364779137,-0.2246521629870259,1.0573601922845028,1.0844478999456344,-0.8866334099558765,3.2654268773896447,1.6563374701400866
64.0,294.0,1004.5638427734376,-0.2134668305182117,2.783390802993948,1.9017004885948512,1.4366753845009534,-0.5024318747415023,0.7385154890632665,0.977632335582272,0.2974201112703576,3.125186682888231,1.6802011201576457
64.0,294.0,1005.5848999023438,-0.4976473021030942,3.419951677935696,-0.3086301958483286,3.870154605804175,-1.1699164176837953,1.6993185462984577,0.8701808901365833,0.0028869377323087,3.427754210534899,1.6924904654891433
64.0,294.0,1004.2504272460938,-0.8223529424704155,2.825127807401638,-0.323922086313651,1.937577607926971,-0.7880478165526897,-0.5658922756132105,1.2049866790758093,0.2624683225465503,3.2458834880441487,0.9881096602322688
64.0,294.0,1004.8351440429688,0.383266327892847,3.526047267809437,-0.0464641811751654,3.441002486581674,0.4622121063248139,0.764653895575856,1.4226068635485682,-0.4876738443664548,3.654568720914268,1.5945743322906956
64.0,295.0,1004.6443481445312,0.6900176227674764,3.063074350782302,-0.3302721781170479,3.0126561550720083,-0.1976159951512532,1.5970259768578052,1.2511792713171723,-0.0167520924344081,3.4265898532482377,1.5636003792452855
64.0,295.0,1004.1213989257812,0.2153483923752346,2.977147305338594,-0.595687141216819,2.606774394934442,-1.0278964624926523,1.4248740797111572,1.4411335825086675,0.1643799556484128,3.274974405060643,1.674699710113174
64.0,295.0,1005.7791137695312,0.6317410114373033,3.3821840388898674,-0.6555082762858517,1.8304964441013163,0.265419887632873,0.7751960162999161,1.243165064585624,-0.3543464243561521,3.598221077351875,1.5754946386202904
64.0,295.0,1005.7072143554688,1.6491448804843336,2.9104453120023,-0.2376035463302053,3.615676320374159,-0.5459213406507523,1.0802436756395946,1.0229389087533642,-0.0226071327225542,3.134768809825729,1.4551102740604491
64.0,295.0,1005.2555541992188,-0.5037094802039921,3.707585390221884,-0.3280569768488796,3.321070462527059,0.979043172621886,-0.4155761280008436,0.9565504599200948,0.2951346271246178,3.295787014291044,2.1819067114242974
64.0,295.0,1005.51806640625,-0.40218204349395,2.9611396568649364,0.6762820959727607,3.216420950245242,-1.6087780174255435,1.486703313514423,0.3728051189080725,0.4352597544671966,2.6224629239329085,1.7656766646614763
64.0,295.0,1005.1766357421876,0.1795712590885118,2.9812615224469887,2.227708023992821,1.705100159196134,-1.6152769106402405,1.1802352692320168,1.5982518234635186,2.413075400110743,4.654948170147927,2.306430248812217
64.0,295.0,1005.1494140625,1.4267671879387,2.82151791963309,-0.2050135975394147,3.599402345635524,-0.212234014229664,1.0699343377498252,1.054124327480299,-0.0348381047181509,3.2384919490320403,1.683330061310487
64.0,295.0,1005.474853515625,1.5026949966969567,4.303640589644998,0.0467183102294996,3.508585978273294,-0.276222544546385,1.2632585220760255,0.9839023829757484,0.4548566034085533,3.319979299343642,1.681623450852277
64.0,295.0,1004.5355224609376,-0.2067583177486083,2.156645823399848,1.1237471826284795,3.780946817479548,-0.5114493991580722,1.3470285072754011,1.5426076556614716,0.9251629364195506,3.6326501297850458,1.193605314089168
64.0,295.0,1004.0458984375,0.6627964073101363,1.902544155917261,1.7356517264199556,1.1276967507837976,-0.9532319298265536,0.6325625002596181,1.4181961809212862,1.2571856093798428,3.247627624338968,0.7396376473821458
64.0,295.0,1004.7117919921876,0.4052530103725722,2.862964791291889,1.0244185980793992,1.6185629550949447,0.0861167524434486,0.806110362194968,0.5149989619430992,0.0762824622613271,3.306353246449835,1.6419964791765842
64.0,295.0,1005.585205078125,1.4441076734521072,3.066111509674269,0.0067028297138759,3.194813058276394,-0.2495793018936137,1.1591742150332562,1.047291772061316,-0.0635626710663064,3.2934046480925203,1.7277033081006632
64.0,295.0,1004.95849609375,0.9162956780313632,2.1247201074083826,0.0379144096914144,3.0493734156772465,-0.204541723945408,1.0866278545155783,1.081534562537653,-0.1426858802547873,2.5531626479271203,1.6834925846586402
64.0,295.0,1003.9569702148438,0.448016906340041,3.105722986450256,0.8138035866923863,3.0955404770734902,0.2620725015799733,1.6869868466778326,0.0600023277914734,0.2622416693067444,3.1208073658522064,1.5478276998793208
64.0,295.0,1005.9080810546876,1.0513515896295955,3.0324479004866207,-0.1399893757068982,2.5909601277576697,-0.1207554487964864,2.5126882206643253,1.1607896320933913,0.180815057255496,3.251736532375584,2.58552590355996
64.0,295.0,1005.7649536132812,0.2825466944237913,3.223371955913502,-1.130107795435179,3.475165291581171,-1.048330892200188,0.6773142097574366,1.7224453178602437,-0.0116344510771347,2.978858171781275,1.664112733334867
64.0,295.0,1003.8233642578124,1.028523366259821,3.0628461474330293,-0.3204188298828894,3.0167776901382988,0.2647472536681213,1.306874930918926,0.9514498344110252,-0.5399432597472117,3.348110656193866,0.8965220619264871
64.0,295.0,1006.2741088867188,1.643031542836416,3.606370926934152,-0.6934784640503268,3.544777025413626,-0.1168117638030309,0.939111865717292,1.235370936060419,0.8014975999324441,3.270795648100955,1.6707495569788469
64.0,295.0,1005.4312744140624,1.3627715738376884,3.076635121501396,-0.2203183241854567,3.1897560510402903,-0.4507563945197057,1.1522013466208365,1.072078304572779,-0.0715777010715543,3.2997649430028133,1.6650114468654638
64.0,295.0,1006.1286010742188,1.5630251164579407,3.034072154337606,-0.2144607478813976,3.3747890166807086,-0.1840946200972616,1.0834848120091078,1.505132191142844,0.0986427251527393,3.2971237436003165,1.6407078622033984
64.0,295.0,1004.8368530273438,-0.0192859539180938,3.1458012448024646,-0.4052589456220559,3.5837623621294377,-0.4446218579421889,1.004306573519272,1.0674916208430016,-0.1473208806064043,4.659302750457305,1.266183010783346
64.0,295.0,1005.0035400390624,1.488088734200528,3.2964916798764268,-0.081613556681665,3.4931910742310563,-0.4795947022471148,1.19443031097595,1.5983254058784726,0.3030366300005376,3.1093375136026897,1.3517079212642986
64.0,295.0,1005.59716796875,0.8422960777773174,3.0348209215701183,-0.2311176520887816,3.530445462000517,0.731073415144617,1.0838871087870037,1.0526527931079228,-0.2789778063184201,3.525442996103043,1.9314441196361605
64.0,295.0,1005.1682739257812,0.4758226699530498,2.725912301651685,-0.0230184400084026,3.5041163169939864,-0.2839688026094656,0.98246182909671,0.7814411067738086,0.0567855685067581,3.2908997596538847,1.3640380101297185
64.0,295.0,1004.932861328125,1.5796322669745138,2.974669102036052,-0.2759972217390695,3.567574034001228,-0.2093543612178015,1.4940440693796724,1.055340177568717,-0.0056815911348413,3.322450316094878,2.2801882162059304
64.0,295.0,1004.5557861328124,1.021039932157859,3.115921688963008,1.0019107446718256,2.234313345165861,-1.2644187944951404,0.667371423970712,1.2297919770831705,0.8270215697473942,3.348214809893935,1.7947175164238944
64.0,295.0,1005.9476318359376,0.0416259073064684,3.056620648095169,0.9059087932371556,3.541676985417584,-0.4558259587305865,-0.3150494321593007,1.05123482986649,-0.0994281152615595,3.238383279985208,1.6565234082160285
64.0,295.0,1005.81201171875,1.0493680198447488,3.1481788145602274,-0.3742052874168526,1.7340138049668434,0.0318673716322229,0.8640905123034281,1.2404658485720614,-0.0193011184880681,2.7865877149951315,1.7316496760128115
64.0,295.0,1004.924560546875,1.3902787656971398,3.2388825019148166,-0.206591284257351,2.6835356447268124,-0.2393013169250669,1.0825663808182378,0.7880722208517016,0.1086941866441624,3.760609960660497,1.5499190461382142
64.0,295.0,1003.884033203125,1.1425112649696187,3.065090117718845,0.592860107788608,2.8071972518327133,0.2549808842303713,0.7688590957311772,1.1434486482266086,0.1774592781213724,3.2904317271738885,1.6652367097735672
64.0,295.0,1004.8756713867188,1.803103039357084,3.04969122379482,-0.2380855070972431,3.544222673085715,-0.3675432124331079,1.0049334701620785,1.0915745130618049,-0.0166428366782459,3.286393579044508,1.7128181502425668
64.0,295.0,1005.5949096679688,1.065741447403239,3.566321993171797,-0.1722097588879127,3.335195644635442,0.4153135222526197,1.6432684793938577,1.2308026718224587,0.3065238812510272,3.32453208933479,1.4181087479272612
64.0,295.0,1005.1708984375,1.5387374172758588,3.0630905424895096,-0.2761169812147975,3.539551483750204,-0.0710913967583387,1.0864629386437223,1.0432566156141505,0.0406253156605319,3.3703392304127733,1.6847979903288934
64.0,295.0,1004.3433227539062,1.5246637626108075,2.588764633984187,-0.2247483509817702,3.541791433209113,-0.2094105942329443,0.0900981966808316,1.4472220790014578,0.3634141441016041,3.275517642189521,1.677631713184814
64.0,295.0,1005.5083618164062,-1.2715466490038871,3.33646995284633,1.2426772752163675,2.38751705217131,-0.8710368221530405,0.5865526170487287,0.9075178980445896,-0.0053437737026581,3.023257466028761,1.5838181227778998
64.0,295.0,1002.565185546875,0.5472914493255665,3.366882117201061,1.3060013984334584,1.9325170226020087,-1.0074251950736448,0.7432223534795421,1.6951969237110474,0.1334456915648295,3.316198941140461,1.659375229627378
64.0,295.0,1005.1370849609376,1.7787926988218934,1.7782330661410777,0.0898533646099637,2.0092614485398688,-0.619490248123477,0.533648364440269,1.376811551556321,0.5091753051674266,0.7729189784876886,1.6441965977471358
64.0,295.0,1003.6841430664062,1.5264166200797986,3.063097861613356,-0.215819897253269,3.5490497273888275,-0.2048867388282806,1.0826619122252867,1.0511392207255632,-0.0170243374408754,3.2973942147249127,1.6821927523441609
64.0,295.0,1004.9850463867188,0.6143587211329081,3.6385777878302688,1.866782871449317,2.68567229671642,-0.0190286631641586,0.5847002488156035,1.759170199056142,0.7876675185527418,3.289135321111209,1.695106697781342
64.0,295.0,1006.3912353515624,1.0823124156003283,3.145532408020725,0.0937498638335725,4.3492484902596935,-0.983369492477124,0.3045399617600217,1.0355153888892177,-0.6035785196627739,3.47882371336145,1.9749920545649893
64.0,295.0,1003.7677001953124,0.9753379059727132,3.027481911426474,0.8914709442373026,3.6385006360362526,-0.1936568623912141,0.9354252219936228,1.0515023454212475,1.5844169383747184,3.3013099988549235,1.6821957420369034
64.0,295.0,1004.1815795898438,1.186914875836738,2.984003335173336,1.0917657361520303,3.111316162569416,-0.2135156752145395,1.956200428446676,1.1043285602139945,-0.0888351866134527,3.261696929640985,2.1191790875322365
64.0,295.0,1005.9786376953124,1.1755166225902458,3.0139295819900664,-0.2417305383366287,3.616814653335077,-0.2729520402836232,1.8592848557108288,1.1177652924446315,0.1211451494947978,3.912459696901169,2.2316448068592054
64.0,295.0,1004.7403564453124,0.4804166552562906,3.142058809388116,-0.507253232726782,3.78275224637308,-0.5671588827166028,1.1261544357254607,1.4122039073154182,0.5007209311294231,3.503301094810195,1.926829920271378
64.0,295.0,1004.5214233398438,1.3925082887281215,3.065088985864282,-0.1686798461004562,2.4937664364779137,-0.2246521629870259,1.0573601922845028,1.0844478999456344,-0.8866334099558765,3.2654268773896447,1.6563374701400866
64.0,295.0,1004.5638427734376,-0.2134668305182117,2.783390802993948,1.9017004885948512,1.4366753845009534,-0.5024318747415023,0.7385154890632665,0.977632335582272,0.2974201112703576,3.125186682888231,1.6802011201576457
64.0,295.0,1005.5848999023438,-0.4976473021030942,3.419951677935696,-0.3086301958483286,3.870154605804175,-1.1699164176837953,1.6993185462984577,0.8701808901365833,0.0028869377323087,3.427754210534899,1.6924904654891433
64.0,295.0,1004.2504272460938,-0.8223529424704155,2.825127807401638,-0.323922086313651,1.937577607926971,-0.7880478165526897,-0.5658922756132105,1.2049866790758093,0.2624683225465503,3.2458834880441487,0.9881096602322688
64.0,295.0,1004.8351440429688,0.383266327892847,3.526047267809437,-0.0464641811751654,3.441002486581674,0.4622121063248139,0.764653895575856,1.4226068635485682,-0.4876738443664548,3.654568720914268,1.5945743322906956
64.0,296.0,1004.6443481445312,0.6900176227674764,3.063074350782302,-0.3302721781170479,3.0126561550720083,-0.1976159951512532,1.5970259768578052,1.2511792713171723,-0.0167520924344081,3.4265898532482377,1.5636003792452855
64.0,296.0,1004.1213989257812,0.2153483923752346,2.977147305338594,-0.595687141216819,2.606774394934442,-1.0278964624926523,1.4248740797111572,1.4411335825086675,0.1643799556484128,3.274974405060643,1.674699710113174
64.0,296.0,1005.7791137695312,0.6317410114373033,3.3821840388898674,-0.6555082762858517,1.8304964441013163,0.265419887632873,0.7751960162999161,1.243165064585624,-0.3543464243561521,3.598221077351875,1.5754946386202904
64.0,296.0,1005.7072143554688,1.6491448804843336,2.9104453120023,-0.2376035463302053,3.615676320374159,-0.5459213406507523,1.0802436756395946,1.0229389087533642,-0.0226071327225542,3.134768809825729,1.4551102740604491
64.0,296.0,1005.2555541992188,-0.5037094802039921,3.707585390221884,-0.3280569768488796,3.321070462527059,0.979043172621886,-0.4155761280008436,0.9565504599200948,0.2951346271246178,3.295787014291044,2.1819067114242974
64.0,296.0,1005.51806640625,-0.40218204349395,2.9611396568649364,0.6762820959727607,3.216420950245242,-1.6087780174255435,1.486703313514423,0.3728051189080725,0.4352597544671966,2.6224629239329085,1.7656766646614763
64.0,296.0,1005.1766357421876,0.1795712590885118,2.9812615224469887,2.227708023992821,1.705100159196134,-1.6152769106402405,1.1802352692320168,1.5982518234635186,2.413075400110743,4.654948170147927,2.306430248812217
64.0,296.0,1005.1494140625,1.4267671879387,2.82151791963309,-0.2050135975394147,3.599402345635524,-0.212234014229664,1.0699343377498252,1.054124327480299,-0.0348381047181509,3.2384919490320403,1.683330061310487
64.0,296.0,1005.474853515625,1.5026949966969567,4.303640589644998,0.0467183102294996,3.508585978273294,-0.276222544546385,1.2632585220760255,0.9839023829757484,0.4548566034085533,3.319979299343642,1.681623450852277
64.0,296.0,1004.5355224609376,-0.2067583177486083,2.156645823399848,1.1237471826284795,3.780946817479548,-0.5114493991580722,1.3470285072754011,1.5426076556614716,0.9251629364195506,3.6326501297850458,1.193605314089168
64.0,296.0,1004.0458984375,0.6627964073101363,1.902544155917261,1.7356517264199556,1.1276967507837976,-0.9532319298265536,0.6325625002596181,1.4181961809212862,1.2571856093798428,3.247627624338968,0.7396376473821458
64.0,296.0,1004.7117919921876,0.4052530103725722,2.862964791291889,1.0244185980793992,1.6185629550949447,0.0861167524434486,0.806110362194968,0.5149989619430992,0.0762824622613271,3.306353246449835,1.6419964791765842
64.0,296.0,1005.585205078125,1.4441076734521072,3.066111509674269,0.0067028297138759,3.194813058276394,-0.2495793018936137,1.1591742150332562,1.047291772061316,-0.0635626710663064,3.2934046480925203,1.7277033081006632
64.0,296.0,1004.95849609375,0.9162956780313632,2.1247201074083826,0.0379144096914144,3.0493734156772465,-0.204541723945408,1.0866278545155783,1.081534562537653,-0.1426858802547873,2.5531626479271203,1.6834925846586402
64.0,296.0,1003.9569702148438,0.448016906340041,3.105722986450256,0.8138035866923863,3.0955404770734902,0.2620725015799733,1.6869868466778326,0.0600023277914734,0.2622416693067444,3.1208073658522064,1.5478276998793208
64.0,296.0,1005.9080810546876,1.0513515896295955,3.0324479004866207,-0.1399893757068982,2.5909601277576697,-0.1207554487964864,2.5126882206643253,1.1607896320933913,0.180815057255496,3.251736532375584,2.58552590355996
64.0,296.0,1005.7649536132812,0.2825466944237913,3.223371955913502,-1.130107795435179,3.475165291581171,-1.048330892200188,0.6773142097574366,1.7224453178602437,-0.0116344510771347,2.978858171781275,1.664112733334867
64.0,296.0,1003.8233642578124,1.028523366259821,3.0628461474330293,-0.3204188298828894,3.0167776901382988,0.2647472536681213,1.306874930918926,0.9514498344110252,-0.5399432597472117,3.348110656193866,0.8965220619264871
64.0,296.0,1006.2741088867188,1.643031542836416,3.606370926934152,-0.6934784640503268,3.544777025413626,-0.1168117638030309,0.939111865717292,1.235370936060419,0.8014975999324441,3.270795648100955,1.6707495569788469
64.0,296.0,1005.4312744140624,1.3627715738376884,3.076635121501396,-0.2203183241854567,3.1897560510402903,-0.4507563945197057,1.1522013466208365,1.072078304572779,-0.0715777010715543,3.2997649430028133,1.6650114468654638
64.0,296.0,1006.1286010742188,1.5630251164579407,3.034072154337606,-0.2144607478813976,3.3747890166807086,-0.1840946200972616,1.0834848120091078,1.505132191142844,0.0986427251527393,3.2971237436003165,1.6407078622033984
64.0,296.0,1004.8368530273438,-0.0192859539180938,3.1458012448024646,-0.4052589456220559,3.5837623621294377,-0.4446218579421889,1.004306573519272,1.0674916208430016,-0.1473208806064043,4.659302750457305,1.266183010783346
64.0,296.0,1005.0035400390624,1.488088734200528,3.2964916798764268,-0.081613556681665,3.4931910742310563,-0.4795947022471148,1.19443031097595,1.5983254058784726,0.3030366300005376,3.1093375136026897,1.3517079212642986
64.0,296.0,1005.59716796875,0.8422960777773174,3.0348209215701183,-0.2311176520887816,3.530445462000517,0.731073415144617,1.0838871087870037,1.0526527931079228,-0.2789778063184201,3.525442996103043,1.9314441196361605
64.0,296.0,1005.1682739257812,0.4758226699530498,2.725912301651685,-0.0230184400084026,3.5041163169939864,-0.2839688026094656,0.98246182909671,0.7814411067738086,0.0567855685067581,3.2908997596538847,1.3640380101297185
64.0,296.0,1004.932861328125,1.5796322669745138,2.974669102036052,-0.2759972217390695,3.567574034001228,-0.2093543612178015,1.4940440693796724,1.055340177568717,-0.0056815911348413,3.322450316094878,2.2801882162059304
64.0,296.0,1004.5557861328124,1.021039932157859,3.115921688963008,1.0019107446718256,2.234313345165861,-1.2644187944951404,0.667371423970712,1.2297919770831705,0.8270215697473942,3.348214809893935,1.7947175164238944
64.0,296.0,1005.9476318359376,0.0416259073064684,3.056620648095169,0.9059087932371556,3.541676985417584,-0.4558259587305865,-0.3150494321593007,1.05123482986649,-0.0994281152615595,3.238383279985208,1.6565234082160285
64.0,296.0,1005.81201171875,1.0493680198447488,3.1481788145602274,-0.3742052874168526,1.7340138049668434,0.0318673716322229,0.8640905123034281,1.2404658485720614,-0.0193011184880681,2.7865877149951315,1.7316496760128115
64.0,296.0,1004.924560546875,1.3902787656971398,3.2388825019148166,-0.206591284257351,2.6835356447268124,-0.2393013169250669,1.0825663808182378,0.7880722208517016,0.1086941866441624,3.760609960660497,1.5499190461382142
64.0,296.0,1003.884033203125,1.1425112649696187,3.065090117718845,0.592860107788608,2.8071972518327133,0.2549808842303713,0.7688590957311772,1.1434486482266086,0.1774592781213724,3.2904317271738885,1.6652367097735672
64.0,296.0,1004.8756713867188,1.803103039357084,3.04969122379482,-0.2380855070972431,3.544222673085715,-0.3675432124331079,1.0049334701620785,1.0915745130618049,-0.0166428366782459,3.286393579044508,1.7128181502425668
64.0,296.0,1005.5949096679688,1.065741447403239,3.566321993171797,-0.1722097588879127,3.335195644635442,0.4153135222526197,1.6432684793938577,1.2308026718224587,0.3065238812510272,3.32453208933479,1.4181087479272612
64.0,296.0,1005.1708984375,1.5387374172758588,3.0630905424895096,-0.2761169812147975,3.539551483750204,-0.0710913967583387,1.0864629386437223,1.0432566156141505,0.0406253156605319,3.3703392304127733,1.6847979903288934
64.0,296.0,1004.3433227539062,1.5246637626108075,2.588764633984187,-0.2247483509817702,3.541791433209113,-0.2094105942329443,0.0900981966808316,1.4472220790014578,0.3634141441016041,3.275517642189521,1.677631713184814
64.0,296.0,1005.5083618164062,-1.2715466490038871,3.33646995284633,1.2426772752163675,2.38751705217131,-0.8710368221530405,0.5865526170487287,0.9075178980445896,-0.0053437737026581,3.023257466028761,1.5838181227778998
64.0,296.0,1002.565185546875,0.5472914493255665,3.366882117201061,1.3060013984334584,1.9325170226020087,-1.0074251950736448,0.7432223534795421,1.6951969237110474,0.1334456915648295,3.316198941140461,1.659375229627378
64.0,296.0,1005.1370849609376,1.7787926988218934,1.7782330661410777,0.0898533646099637,2.0092614485398688,-0.619490248123477,0.533648364440269,1.376811551556321,0.5091753051674266,0.7729189784876886,1.6441965977471358
64.0,296.0,1003.6841430664062,1.5264166200797986,3.063097861613356,-0.215819897253269,3.5490497273888275,-0.2048867388282806,1.0826619122252867,1.0511392207255632,-0.0170243374408754,3.2973942147249127,1.6821927523441609
64.0,296.0,1004.9850463867188,0.6143587211329081,3.6385777878302688,1.866782871449317,2.68567229671642,-0.0190286631641586,0.5847002488156035,1.759170199056142,0.7876675185527418,3.289135321111209,1.695106697781342
64.0,296.0,1006.3912353515624,1.0823124156003283,3.145532408020725,0.0937498638335725,4.3492484902596935,-0.983369492477124,0.3045399617600217,1.0355153888892177,-0.6035785196627739,3.47882371336145,1.9749920545649893
64.0,296.0,1003.7677001953124,0.9753379059727132,3.027481911426474,0.8914709442373026,3.6385006360362526,-0.1936568623912141,0.9354252219936228,1.0515023454212475,1.5844169383747184,3.3013099988549235,1.6821957420369034
64.0,296.0,1004.1815795898438,1.186914875836738,2.984003335173336,1.0917657361520303,3.111316162569416,-0.2135156752145395,1.956200428446676,1.1043285602139945,-0.0888351866134527,3.261696929640985,2.1191790875322365
64.0,296.0,1005.9786376953124,1.1755166225902458,3.0139295819900664,-0.2417305383366287,3.616814653335077,-0.2729520402836232,1.8592848557108288,1.1177652924446315,0.1211451494947978,3.912459696901169,2.2316448068592054
64.0,296.0,1004.7403564453124,0.4804166552562906,3.142058809388116,-0.507253232726782,3.78275224637308,-0.5671588827166028,1.1261544357254607,1.4122039073154182,0.5007209311294231,3.503301094810195,1.926829920271378
64.0,296.0,1004.5214233398438,1.3925082887281215,3.065088985864282,-0.1686798461004562,2.4937664364779137,-0.2246521629870259,1.0573601922845028,1.0844478999456344,-0.8866334099558765,3.2654268773896447,1.6563374701400866
64.0,296.0,1004.5638427734376,-0.2134668305182117,2.783390802993948,1.9017004885948512,1.4366753845009534,-0.5024318747415023,0.7385154890632665,0.977632335582272,0.2974201112703576,3.125186682888231,1.6802011201576457
64.0,296.0,1005.5848999023438,-0.4976473021030942,3.419951677935696,-0.3086301958483286,3.870154605804175,-1.1699164176837953,1.6993185462984577,0.8701808901365833,0.0028869377323087,3.427754210534899,1.6924904654891433
64.0,296.0,1004.2504272460938,-0.8223529424704155,2.825127807401638,-0.323922086313651,1.937577607926971,-0.7880478165526897,-0.5658922756132105,1.2049866790758093,0.2624683225465503,3.2458834880441487,0.9881096602322688
64.0,296.0,1004.8351440429688,0.383266327892847,3.526047267809437,-0.0464641811751654,3.441002486581674,0.4622121063248139,0.764653895575856,1.4226068635485682,-0.4876738443664548,3.654568720914268,1.5945743322906956
64.0,297.0,1004.6443481445312,0.6900176227674764,3.063074350782302,-0.3302721781170479,3.0126561550720083,-0.1976159951512532,1.5970259768578052,1.2511792713171723,-0.0167520924344081,3.4265898532482377,1.5636003792452855
64.0,297.0,1004.1213989257812,0.2153483923752346,2.977147305338594,-0.595687141216819,2.606774394934442,-1.0278964624926523,1.4248740797111572,1.4411335825086675,0.1643799556484128,3.274974405060643,1.674699710113174
64.0,297.0,1005.7791137695312,0.6317410114373033,3.3821840388898674,-0.6555082762858517,1.8304964441013163,0.265419887632873,0.7751960162999161,1.243165064585624,-0.3543464243561521,3.598221077351875,1.5754946386202904
64.0,297.0,1005.7072143554688,1.6491448804843336,2.9104453120023,-0.2376035463302053,3.615676320374159,-0.5459213406507523,1.0802436756395946,1.0229389087533642,-0.0226071327225542,3.134768809825729,1.4551102740604491
64.0,297.0,1005.2555541992188,-0.5037094802039921,3.707585390221884,-0.3280569768488796,3.321070462527059,0.979043172621886,-0.4155761280008436,0.9565504599200948,0.2951346271246178,3.295787014291044,2.1819067114242974
64.0,297.0,1005.51806640625,-0.40218204349395,2.9611396568649364,0.6762820959727607,3.216420950245242,-1.6087780174255435,1.486703313514423,0.3728051189080725,0.4352597544671966,2.6224629239329085,1.7656766646614763
64.0,297.0,1005.1766357421876,0.1795712590885118,2.9812615224469887,2.227708023992821,1.705100159196134,-1.6152769106402405,1.1802352692320168,1.5982518234635186,2.413075400110743,4.654948170147927,2.306430248812217
64.0,297.0,1005.1494140625,1.4267671879387,2.82151791963309,-0.2050135975394147,3.599402345635524,-0.212234014229664,1.0699343377498252,1.054124327480299,-0.0348381047181509,3.2384919490320403,1.683330061310487
64.0,297.0,1005.474853515625,1.5026949966969567,4.303640589644998,0.0467183102294996,3.508585978273294,-0.276222544546385,1.2632585220760255,0.9839023829757484,0.4548566034085533,3.319979299343642,1.681623450852277
64.0,297.0,1004.5355224609376,-0.2067583177486083,2.156645823399848,1.1237471826284795,3.780946817479548,-0.5114493991580722,1.3470285072754011,1.5426076556614716,0.9251629364195506,3.6326501297850458,1.193605314089168
64.0,297.0,1004.0458984375,0.6627964073101363,1.902544155917261,1.7356517264199556,1.1276967507837976,-0.9532319298265536,0.6325625002596181,1.4181961809212862,1.2571856093798428,3.247627624338968,0.7396376473821458
64.0,297.0,1004.7117919921876,0.4052530103725722,2.862964791291889,1.0244185980793992,1.6185629550949447,0.0861167524434486,0.806110362194968,0.5149989619430992,0.0762824622613271,3.306353246449835,1.6419964791765842
64.0,297.0,1005.585205078125,1.4441076734521072,3.066111509674269,0.0067028297138759,3.194813058276394,-0.2495793018936137,1.1591742150332562,1.047291772061316,-0.0635626710663064,3.2934046480925203,1.7277033081006632
64.0,297.0,1004.95849609375,0.9162956780313632,2.1247201074083826,0.0379144096914144,3.0493734156772465,-0.204541723945408,1.0866278545155783,1.081534562537653,-0.1426858802547873,2.5531626479271203,1.6834925846586402
64.0,297.0,1003.9569702148438,0.448016906340041,3.105722986450256,0.8138035866923863,3.0955404770734902,0.2620725015799733,1.6869868466778326,0.0600023277914734,0.2622416693067444,3.1208073658522064,1.5478276998793208
64.0,297.0,1005.9080810546876,1.0513515896295955,3.0324479004866207,-0.1399893757068982,2.5909601277576697,-0.1207554487964864,2.5126882206643253,1.1607896320933913,0.180815057255496,3.251736532375584,2.58552590355996
64.0,297.0,1005.7649536132812,0.2825466944237913,3.223371955913502,-1.130107795435179,3.475165291581171,-1.048330892200188,0.6773142097574366,1.7224453178602437,-0.0116344510771347,2.978858171781275,1.664112733334867
64.0,297.0,1003.8233642578124,1.028523366259821,3.0628461474330293,-0.3204188298828894,3.0167776901382988,0.2647472536681213,1.306874930918926,0.9514498344110252,-0.5399432597472117,3.348110656193866,0.8965220619264871
64.0,297.0,1006.2741088867188,1.643031542836416,3.606370926934152,-0.6934784640503268,3.544777025413626,-0.1168117638030309,0.939111865717292,1.235370936060419,0.8014975999324441,3.270795648100955,1.6707495569788469
64.0,297.0,1005.4312744140624,1.3627715738376884,3.076635121501396,-0.2203183241854567,3.1897560510402903,-0.4507563945197057,1.1522013466208365,1.072078304572779,-0.0715777010715543,3.2997649430028133,1.6650114468654638
64.0,297.0,1006.1286010742188,1.5630251164579407,3.034072154337606,-0.2144607478813976,3.3747890166807086,-0.1840946200972616,1.0834848120091078,1.505132191142844,0.0986427251527393,3.2971237436003165,1.6407078622033984
64.0,297.0,1004.8368530273438,-0.0192859539180938,3.1458012448024646,-0.4052589456220559,3.5837623621294377,-0.4446218579421889,1.004306573519272,1.0674916208430016,-0.1473208806064043,4.659302750457305,1.266183010783346
64.0,297.0,1005.0035400390624,1.488088734200528,3.2964916798764268,-0.081613556681665,3.4931910742310563,-0.4795947022471148,1.19443031097595,1.5983254058784726,0.3030366300005376,3.1093375136026897,1.3517079212642986
64.0,297.0,1005.59716796875,0.8422960777773174,3.0348209215701183,-0.2311176520887816,3.530445462000517,0.731073415144617,1.0838871087870037,1.0526527931079228,-0.2789778063184201,3.525442996103043,1.9314441196361605
64.0,297.0,1005.1682739257812,0.4758226699530498,2.725912301651685,-0.0230184400084026,3.5041163169939864,-0.2839688026094656,0.98246182909671,0.7814411067738086,0.0567855685067581,3.2908997596538847,1.3640380101297185
64.0,297.0,1004.932861328125,1.5796322669745138,2.974669102036052,-0.2759972217390695,3.567574034001228,-0.2093543612178015,1.4940440693796724,1.055340177568717,-0.0056815911348413,3.322450316094878,2.2801882162059304
64.0,297.0,1004.5557861328124,1.021039932157859,3.115921688963008,1.0019107446718256,2.234313345165861,-1.2644187944951404,0.667371423970712,1.2297919770831705,0.8270215697473942,3.348214809893935,1.7947175164238944
64.0,297.0,1005.9476318359376,0.0416259073064684,3.056620648095169,0.9059087932371556,3.541676985417584,-0.4558259587305865,-0.3150494321593007,1.05123482986649,-0.0994281152615595,3.238383279985208,1.6565234082160285
64.0,297.0,1005.81201171875,1.0493680198447488,3.1481788145602274,-0.3742052874168526,1.7340138049668434,0.0318673716322229,0.8640905123034281,1.2404658485720614,-0.0193011184880681,2.7865877149951315,1.7316496760128115
64.0,297.0,1004.924560546875,1.3902787656971398,3.2388825019148166,-0.206591284257351,2.6835356447268124,-0.2393013169250669,1.0825663808182378,0.7880722208517016,0.1086941866441624,3.760609960660497,1.5499190461382142
64.0,297.0,1003.884033203125,1.1425112649696187,3.065090117718845,0.592860107788608,2.8071972518327133,0.2549808842303713,0.7688590957311772,1.1434486482266086,0.1774592781213724,3.2904317271738885,1.6652367097735672
64.0,297.0,1004.8756713867188,1.803103039357084,3.04969122379482,-0.2380855070972431,3.544222673085715,-0.3675432124331079,1.0049334701620785,1.0915745130618049,-0.0166428366782459,3.286393579044508,1.7128181502425668
64.0,297.0,1005.5949096679688,1.065741447403239,3.566321993171797,-0.1722097588879127,3.335195644635442,0.4153135222526197,1.6432684793938577,1.2308026718224587,0.3065238812510272,3.32453208933479,1.4181087479272612
64.0,297.0,1005.1708984375,1.5387374172758588,3.0630905424895096,-0.2761169812147975,3.539551483750204,-0.0710913967583387,1.0864629386437223,1.0432566156141505,0.0406253156605319,3.3703392304127733,1.6847979903288934
64.0,297.0,1004.3433227539062,1.5246637626108075,2.588764633984187,-0.2247483509817702,3.541791433209113,-0.2094105942329443,0.0900981966808316,1.4472220790014578,0.3634141441016041,3.275517642189521,1.677631713184814
64.0,297.0,1005.5083618164062,-1.2715466490038871,3.33646995284633,1.2426772752163675,2.38751705217131,-0.8710368221530405,0.5865526170487287,0.9075178980445896,-0.0053437737026581,3.023257466028761,1.5838181227778998
64.0,297.0,1002.565185546875,0.5472914493255665,3.366882117201061,1.3060013984334584,1.9325170226020087,-1.0074251950736448,0.7432223534795421,1.6951969237110474,0.1334456915648295,3.316198941140461,1.659375229627378
64.0,297.0,1005.1370849609376,1.7787926988218934,1.7782330661410777,0.0898533646099637,2.0092614485398688,-0.619490248123477,0.533648364440269,1.376811551556321,0.5091753051674266,0.7729189784876886,1.6441965977471358
64.0,297.0,1003.6841430664062,1.5264166200797986,3.063097861613356,-0.215819897253269,3.5490497273888275,-0.2048867388282806,1.0826619122252867,1.0511392207255632,-0.0170243374408754,3.2973942147249127,1.6821927523441609
64.0,297.0,1004.9850463867188,0.6143587211329081,3.6385777878302688,1.866782871449317,2.68567229671642,-0.0190286631641586,0.5847002488156035,1.759170199056142,0.7876675185527418,3.289135321111209,1.695106697781342
64.0,297.0,1006.3912353515624,1.0823124156003283,3.145532408020725,0.0937498638335725,4.3492484902596935,-0.983369492477124,0.3045399617600217,1.0355153888892177,-0.6035785196627739,3.47882371336145,1.9749920545649893
64.0,297.0,1003.7677001953124,0.9753379059727132,3.027481911426474,0.8914709442373026,3.6385006360362526,-0.1936568623912141,0.9354252219936228,1.0515023454212475,1.5844169383747184,3.3013099988549235,1.6821957420369034
64.0,297.0,1004.1815795898438,1.186914875836738,2.984003335173336,1.0917657361520303,3.111316162569416,-0.2135156752145395,1.956200428446676,1.1043285602139945,-0.0888351866134527,3.261696929640985,2.1191790875322365
64.0,297.0,1005.9786376953124,1.1755166225902458,3.0139295819900664,-0.2417305383366287,3.616814653335077,-0.2729520402836232,1.8592848557108288,1.1177652924446315,0.1211451494947978,3.912459696901169,2.2316448068592054
64.0,297.0,1004.7403564453124,0.4804166552562906,3.142058809388116,-0.507253232726782,3.78275224637308,-0.5671588827166028,1.1261544357254607,1.4122039073154182,0.5007209311294231,3.503301094810195,1.926829920271378
64.0,297.0,1004.5214233398438,1.3925082887281215,3.065088985864282,-0.1686798461004562,2.4937664364779137,-0.2246521629870259,1.0573601922845028,1.0844478999456344,-0.8866334099558765,3.2654268773896447,1.6563374701400866
64.0,297.0,1004.5638427734376,-0.2134668305182117,2.783390802993948,1.9017004885948512,1.4366753845009534,-0.5024318747415023,0.7385154890632665,0.977632335582272,0.2974201112703576,3.125186682888231,1.6802011201576457
64.0,297.0,1005.5848999023438,-0.4976473021030942,3.419951677935696,-0.3086301958483286,3.870154605804175,-1.1699164176837953,1.6993185462984577,0.8701808901365833,0.0028869377323087,3.427754210534899,1.6924904654891433
64.0,297.0,1004.2504272460938,-0.8223529424704155,2.825127807401638,-0.323922086313651,1.937577607926971,-0.7880478165526897,-0.5658922756132105,1.2049866790758093,0.2624683225465503,3.2458834880441487,0.9881096602322688
64.0,297.0,1004.8351440429688,0.383266327892847,3.526047267809437,-0.0464641811751654,3.441002486581674,0.4622121063248139,0.764653895575856,1.4226068635485682,-0.4876738443664548,3.654568720914268,1.5945743322906956
64.0,298.0,1004.6443481445312,0.6900176227674764,3.063074350782302,-0.3302721781170479,3.0126561550720083,-0.1976159951512532,1.5970259768578052,1.2511792713171723,-0.0167520924344081,3.4265898532482377,1.5636003792452855
64.0,298.0,1004.1213989257812,0.2153483923752346,2.977147305338594,-0.595687141216819,2.606774394934442,-1.0278964624926523,1.4248740797111572,1.4411335825086675,0.1643799556484128,3.274974405060643,1.674699710113174
64.0,298.0,1005.7791137695312,0.6317410114373033,3.3821840388898674,-0.6555082762858517,1.8304964441013163,0.265419887632873,0.7751960162999161,1.243165064585624,-0.3543464243561521,3.598221077351875,1.5754946386202904
64.0,298.0,1005.7072143554688,1.6491448804843336,2.9104453120023,-0.2376035463302053,3.615676320374159,-0.5459213406507523,1.0802436756395946,1.0229389087533642,-0.0226071327225542,3.134768809825729,1.4551102740604491
64.0,298.0,1005.2555541992188,-0.5037094802039921,3.707585390221884,-0.3280569768488796,3.321070462527059,0.979043172621886,-0.4155761280008436,0.9565504599200948,0.2951346271246178,3.295787014291044,2.1819067114242974
64.0,298.0,1005.51806640625,-0.40218204349395,2.9611396568649364,0.6762820959727607,3.216420950245242,-1.6087780174255435,1.486703313514423,0.3728051189080725,0.4352597544671966,2.6224629239329085,1.7656766646614763
64.0,298.0,1005.1766357421876,0.1795712590885118,2.9812615224469887,2.227708023992821,1.705100159196134,-1.6152769106402405,1.1802352692320168,1.5982518234635186,2.413075400110743,4.654948170147927,2.306430248812217
64.0,298.0,1005.1494140625,1.4267671879387,2.82151791963309,-0.2050135975394147,3.599402345635524,-0.212234014229664,1.0699343377498252,1.054124327480299,-0.0348381047181509,3.2384919490320403,1.683330061310487
64.0,298.0,1005.474853515625,1.5026949966969567,4.303640589644998,0.0467183102294996,3.508585978273294,-0.276222544546385,1.2632585220760255,0.9839023829757484,0.4548566034085533,3.319979299343642,1.681623450852277
64.0,298.0,1004.5355224609376,-0.2067583177486083,2.156645823399848,1.1237471826284795,3.780946817479548,-0.5114493991580722,1.3470285072754011,1.5426076556614716,0.9251629364195506,3.6326501297850458,1.193605314089168
64.0,298.0,1004.0458984375,0.6627964073101363,1.902544155917261,1.7356517264199556,1.1276967507837976,-0.9532319298265536,0.6325625002596181,1.4181961809212862,1.2571856093798428,3.247627624338968,0.7396376473821458
64.0,298.0,1004.7117919921876,0.4052530103725722,2.862964791291889,1.0244185980793992,1.6185629550949447,0.0861167524434486,0.806110362194968,0.5149989619430992,0.0762824622613271,3.306353246449835,1.6419964791765842
64.0,298.0,1005.585205078125,1.4441076734521072,3.066111509674269,0.0067028297138759,3.194813058276394,-0.2495793018936137,1.1591742150332562,1.047291772061316,-0.0635626710663064,3.2934046480925203,1.7277033081006632
64.0,298.0,1004.95849609375,0.9162956780313632,2.1247201074083826,0.0379144096914144,3.0493734156772465,-0.204541723945408,1.0866278545155783,1.081534562537653,-0.1426858802547873,2.5531626479271203,1.6834925846586402
64.0,298.0,1003.9569702148438,0.448016906340041,3.105722986450256,0.8138035866923863,3.0955404770734902,0.2620725015799733,1.6869868466778326,0.0600023277914734,0.2622416693067444,3.1208073658522064,1.5478276998793208
64.0,298.0,1005.9080810546876,1.0513515896295955,3.0324479004866207,-0.1399893757068982,2.5909601277576697,-0.1207554487964864,2.5126882206643253,1.1607896320933913,0.180815057255496,3.251736532375584,2.58552590355996
64.0,298.0,1005.7649536132812,0.2825466944237913,3.223371955913502,-1.130107795435179,3.475165291581171,-1.048330892200188,0.6773142097574366,1.7224453178602437,-0.0116344510771347,2.978858171781275,1.664112733334867
64.0,298.0,1003.8233642578124,1.028523366259821,3.0628461474330293,-0.3204188298828894,3.0167776901382988,0.2647472536681213,1.306874930918926,0.9514498344110252,-0.5399432597472117,3.348110656193866,0.8965220619264871
64.0,298.0,1006.2741088867188,1.643031542836416,3.606370926934152,-0.6934784640503268,3.544777025413626,-0.1168117638030309,0.939111865717292,1.235370936060419,0.8014975999324441,3.270795648100955,1.6707495569788469
64.0,298.0,1005.4312744140624,1.3627715738376884,3.076635121501396,-0.2203183241854567,3.1897560510402903,-0.4507563945197057,1.1522013466208365,1.072078304572779,-0.0715777010715543,3.2997649430028133,1.6650114468654638
64.0,298.0,1006.1286010742188,1.5630251164579407,3.034072154337606,-0.2144607478813976,3.3747890166807086,-0.1840946200972616,1.0834848120091078,1.505132191142844,0.0986427251527393,3.2971237436003165,1.6407078622033984
64.0,298.0,1004.8368530273438,-0.0192859539180938,3.1458012448024646,-0.4052589456220559,3.5837623621294377,-0.4446218579421889,1.004306573519272,1.0674916208430016,-0.1473208806064043,4.659302750457305,1.266183010783346
64.0,298.0,1005.0035400390624,1.488088734200528,3.2964916798764268,-0.081613556681665,3.4931910742310563,-0.4795947022471148,1.19443031097595,1.5983254058784726,0.3030366300005376,3.1093375136026897,1.3517079212642986
64.0,298.0,1005.59716796875,0.8422960777773174,3.0348209215701183,-0.2311176520887816,3.530445462000517,0.731073415144617,1.0838871087870037,1.0526527931079228,-0.2789778063184201,3.525442996103043,1.9314441196361605
64.0,298.0,1005.1682739257812,0.4758226699530498,2.725912301651685,-0.0230184400084026,3.5041163169939864,-0.2839688026094656,0.98246182909671,0.7814411067738086,0.0567855685067581,3.2908997596538847,1.3640380101297185
64.0,298.0,1004.932861328125,1.5796322669745138,2.974669102036052,-0.2759972217390695,3.567574034001228,-0.2093543612178015,1.4940440693796724,1.055340177568717,-0.0056815911348413,3.322450316094878,2.2801882162059304
64.0,298.0,1004.5557861328124,1.021039932157859,3.115921688963008,1.0019107446718256,2.234313345165861,-1.2644187944951404,0.667371423970712,1.2297919770831705,0.8270215697473942,3.348214809893935,1.7947175164238944
64.0,298.0,1005.9476318359376,0.0416259073064684,3.056620648095169,0.9059087932371556,3.541676985417584,-0.4558259587305865,-0.3150494321593007,1.05123482986649,-0.0994281152615595,3.238383279985208,1.6565234082160285
64.0,298.0,1005.81201171875,1.0493680198447488,3.1481788145602274,-0.3742052874168526,1.7340138049668434,0.0318673716322229,0.8640905123034281,1.2404658485720614,-0.0193011184880681,2.7865877149951315,1.7316496760128115
64.0,298.0,1004.924560546875,1.3902787656971398,3.2388825019148166,-0.206591284257351,2.6835356447268124,-0.2393013169250669,1.0825663808182378,0.7880722208517016,0.1086941866441624,3.760609960660497,1.5499190461382142
64.0,298.0,1003.884033203125,1.1425112649696187,3.065090117718845,0.592860107788608,2.8071972518327133,0.2549808842303713,0.7688590957311772,1.1434486482266086,0.1774592781213724,3.2904317271738885,1.6652367097735672
64.0,298.0,1004.8756713867188,1.803103039357084,3.04969122379482,-0.2380855070972431,3.544222673085715,-0.3675432124331079,1.0049334701620785,1.0915745130618049,-0.0166428366782459,3.286393579044508,1.7128181502425668
64.0,298.0,1005.5949096679688,1.065741447403239,3.566321993171797,-0.1722097588879127,3.335195644635442,0.4153135222526197,1.6432684793938577,1.2308026718224587,0.3065238812510272,3.32453208933479,1.4181087479272612
64.0,298.0,1005.1708984375,1.5387374172758588,3.0630905424895096,-0.2761169812147975,3.539551483750204,-0.0710913967583387,1.0864629386437223,1.0432566156141505,0.0406253156605319,3.3703392304127733,1.6847979903288934
64.0,298.0,1004.3433227539062,1.5246637626108075,2.588764633984187,-0.2247483509817702,3.541791433209113,-0.2094105942329443,0.0900981966808316,1.4472220790014578,0.3634141441016041,3.275517642189521,1.677631713184814
64.0,298.0,1005.5083618164062,-1.2715466490038871,3.33646995284633,1.2426772752163675,2.38751705217131,-0.8710368221530405,0.5865526170487287,0.9075178980445896,-0.0053437737026581,3.023257466028761,1.5838181227778998
64.0,298.0,1002.565185546875,0.5472914493255665,3.366882117201061,1.3060013984334584,1.9325170226020087,-1.0074251950736448,0.7432223534795421,1.6951969237110474,0.1334456915648295,3.316198941140461,1.659375229627378
64.0,298.0,1005.1370849609376,1.7787926988218934,1.7782330661410777,0.0898533646099637,2.0092614485398688,-0.619490248123477,0.533648364440269,1.376811551556321,0.5091753051674266,0.7729189784876886,1.6441965977471358
64.0,298.0,1003.6841430664062,1.5264166200797986,3.063097861613356,-0.215819897253269,3.5490497273888275,-0.2048867388282806,1.0826619122252867,1.0511392207255632,-0.0170243374408754,3.2973942147249127,1.6821927523441609
64.0,298.0,1004.9850463867188,0.6143587211329081,3.6385777878302688,1.866782871449317,2.68567229671642,-0.0190286631641586,0.5847002488156035,1.759170199056142,0.7876675185527418,3.289135321111209,1.695106697781342
64.0,298.0,1006.3912353515624,1.0823124156003283,3.145532408020725,0.0937498638335725,4.3492484902596935,-0.983369492477124,0.3045399617600217,1.0355153888892177,-0.6035785196627739,3.47882371336145,1.9749920545649893
64.0,298.0,1003.7677001953124,0.9753379059727132,3.027481911426474,0.8914709442373026,3.6385006360362526,-0.1936568623912141,0.9354252219936228,1.0515023454212475,1.5844169383747184,3.3013099988549235,1.6821957420369034
64.0,298.0,1004.1815795898438,1.186914875836738,2.984003335173336,1.0917657361520303,3.111316162569416,-0.2135156752145395,1.956200428446676,1.1043285602139945,-0.0888351866134527,3.261696929640985,2.1191790875322365
64.0,298.0,1005.9786376953124,1.1755166225902458,3.0139295819900664,-0.2417305383366287,3.616814653335077,-0.2729520402836232,1.8592848557108288,1.1177652924446315,0.1211451494947978,3.912459696901169,2.2316448068592054
64.0,298.0,1004.7403564453124,0.4804166552562906,3.142058809388116,-0.507253232726782,3.78275224637308,-0.5671588827166028,1.1261544357254607,1.4122039073154182,0.5007209311294231,3.503301094810195,1.926829920271378
64.0,298.0,1004.5214233398438,1.3925082887281215,3.065088985864282,-0.1686798461004562,2.4937664364779137,-0.2246521629870259,1.0573601922845028,1.0844478999456344,-0.8866334099558765,3.2654268773896447,1.6563374701400866
64.0,298.0,1004.5638427734376,-0.2134668305182117,2.783390802993948,1.9017004885948512,1.4366753845009534,-0.5024318747415023,0.7385154890632665,0.977632335582272,0.2974201112703576,3.125186682888231,1.6802011201576457
64.0,298.0,1005.5848999023438,-0.4976473021030942,3.419951677935696,-0.3086301958483286,3.870154605804175,-1.1699164176837953,1.6993185462984577,0.8701808901365833,0.0028869377323087,3.427754210534899,1.6924904654891433
64.0,298.0,1004.2504272460938,-0.8223529424704155,2.825127807401638,-0.323922086313651,1.937577607926971,-0.7880478165526897,-0.5658922756132105,1.2049866790758093,0.2624683225465503,3.2458834880441487,0.9881096602322688
64.0,298.0,1004.8351440429688,0.383266327892847,3.526047267809437,-0.0464641811751654,3.441002486581674,0.4622121063248139,0.764653895575856,1.4226068635485682,-0.4876738443664548,3.654568720914268,1.5945743322906956
64.0,299.0,1004.6443481445312,0.6900176227674764,3.063074350782302,-0.3302721781170479,3.0126561550720083,-0.1976159951512532,1.5970259768578052,1.2511792713171723,-0.0167520924344081,3.4265898532482377,1.5636003792452855
64.0,299.0,1004.1213989257812,0.2153483923752346,2.977147305338594,-0.595687141216819,2.606774394934442,-1.0278964624926523,1.4248740797111572,1.4411335825086675,0.1643799556484128,3.274974405060643,1.674699710113174
64.0,299.0,1005.7791137695312,0.6317410114373033,3.3821840388898674,-0.6555082762858517,1.8304964441013163,0.265419887632873,0.7751960162999161,1.243165064585624,-0.3543464243561521,3.598221077351875,1.5754946386202904
64.0,299.0,1005.7072143554688,1.6491448804843336,2.9104453120023,-0.2376035463302053,3.615676320374159,-0.5459213406507523,1.0802436756395946,1.0229389087533642,-0.0226071327225542,3.134768809825729,1.4551102740604491
64.0,299.0,1005.2555541992188,-0.5037094802039921,3.707585390221884,-0.3280569768488796,3.321070462527059,0.979043172621886,-0.4155761280008436,0.9565504599200948,0.2951346271246178,3.295787014291044,2.1819067114242974
64.0,299.0,1005.51806640625,-0.40218204349395,2.9611396568649364,0.6762820959727607,3.216420950245242,-1.6087780174255435,1.486703313514423,0.3728051189080725,0.4352597544671966,2.6224629239329085,1.7656766646614763
64.0,299.0,1005.1766357421876,0.1795712590885118,2.9812615224469887,2.227708023992821,1.705100159196134,-1.6152769106402405,1.1802352692320168,1.5982518234635186,2.413075400110743,4.654948170147927,2.306430248812217
64.0,299.0,1005.1494140625,1.4267671879387,2.82151791963309,-0.2050135975394147,3.599402345635524,-0.212234014229664,1.0699343377498252,1.054124327480299,-0.0348381047181509,3.2384919490320403,1.683330061310487
64.0,299.0,1005.474853515625,1.5026949966969567,4.303640589644998,0.0467183102294996,3.508585978273294,-0.276222544546385,1.2632585220760255,0.9839023829757484,0.4548566034085533,3.319979299343642,1.681623450852277
64.0,299.0,1004.5355224609376,-0.2067583177486083,2.156645823399848,1.1237471826284795,3.780946817479548,-0.5114493991580722,1.3470285072754011,1.5426076556614716,0.9251629364195506,3.6326501297850458,1.193605314089168
64.0,299.0,1004.0458984375,0.6627964073101363,1.902544155917261,1.7356517264199556,1.1276967507837976,-0.9532319298265536,0.6325625002596181,1.4181961809212862,1.2571856093798428,3.247627624338968,0.7396376473821458
64.0,299.0,1004.7117919921876,0.4052530103725722,2.862964791291889,1.0244185980793992,1.6185629550949447,0.0861167524434486,0.806110362194968,0.5149989619430992,0.0762824622613271,3.306353246449835,1.6419964791765842
64.0,299.0,1005.585205078125,1.4441076734521072,3.066111509674269,0.0067028297138759,3.194813058276394,-0.2495793018936137,1.1591742150332562,1.047291772061316,-0.0635626710663064,3.2934046480925203,1.7277033081006632
64.0,299.0,1004.95849609375,0.9162956780313632,2.1247201074083826,0.0379144096914144,3.0493734156772465,-0.204541723945408,1.0866278545155783,1.081534562537653,-0.1426858802547873,2.5531626479271203,1.6834925846586402
64.0,299.0,1003.9569702148438,0.448016906340041,3.105722986450256,0.8138035866923863,3.0955404770734902,0.2620725015799733,1.6869868466778326,0.0600023277914734,0.2622416693067444,3.1208073658522064,1.5478276998793208
64.0,299.0,1005.9080810546876,1.0513515896295955,3.0324479004866207,-0.1399893757068982,2.5909601277576697,-0.1207554487964864,2.5126882206643253,1.1607896320933913,0.180815057255496,3.251736532375584,2.58552590355996
64.0,299.0,1005.7649536132812,0.2825466944237913,3.223371955913502,-1.130107795435179,3.475165291581171,-1.048330892200188,0.6773142097574366,1.7224453178602437,-0.0116344510771347,2.978858171781275,1.664112733334867
64.0,299.0,1003.8233642578124,1.028523366259821,3.0628461474330293,-0.3204188298828894,3.0167776901382988,0.2647472536681213,1.306874930918926,0.9514498344110252,-0.5399432597472117,3.348110656193866,0.8965220619264871
64.0,299.0,1006.2741088867188,1.643031542836416,3.606370926934152,-0.6934784640503268,3.544777025413626,-0.1168117638030309,0.939111865717292,1.235370936060419,0.8014975999324441,3.270795648100955,1.6707495569788469
64.0,299.0,1005.4312744140624,1.3627715738376884,3.076635121501396,-0.2203183241854567,3.1897560510402903,-0.4507563945197057,1.1522013466208365,1.072078304572779,-0.0715777010715543,3.2997649430028133,1.6650114468654638
64.0,299.0,1006.1286010742188,1.5630251164579407,3.034072154337606,-0.2144607478813976,3.3747890166807086,-0.1840946200972616,1.0834848120091078,1.505132191142844,0.0986427251527393,3.2971237436003165,1.6407078622033984
64.0,299.0,1004.8368530273438,-0.0192859539180938,3.1458012448024646,-0.4052589456220559,3.5837623621294377,-0.4446218579421889,1.004306573519272,1.0674916208430016,-0.1473208806064043,4.659302750457305,1.266183010783346
64.0,299.0,1005.0035400390624,1.488088734200528,3.2964916798764268,-0.081613556681665,3.4931910742310563,-0.4795947022471148,1.19443031097595,1.5983254058784726,0.3030366300005376,3.1093375136026897,1.3517079212642986
64.0,299.0,1005.59716796875,0.8422960777773174,3.0348209215701183,-0.2311176520887816,3.530445462000517,0.731073415144617,1.0838871087870037,1.0526527931079228,-0.2789778063184201,3.525442996103043,1.9314441196361605
64.0,299.0,1005.1682739257812,0.4758226699530498,2.725912301651685,-0.0230184400084026,3.5041163169939864,-0.2839688026094656,0.98246182909671,0.7814411067738086,0.0567855685067581,3.2908997596538847,1.3640380101297185
64.0,299.0,1004.932861328125,1.5796322669745138,2.974669102036052,-0.2759972217390695,3.567574034001228,-0.2093543612178015,1.4940440693796724,1.055340177568717,-0.0056815911348413,3.322450316094878,2.2801882162059304
64.0,299.0,1004.5557861328124,1.021039932157859,3.115921688963008,1.0019107446718256,2.234313345165861,-1.2644187944951404,0.667371423970712,1.2297919770831705,0.8270215697473942,3.348214809893935,1.7947175164238944
64.0,299.0,1005.9476318359376,0.0416259073064684,3.056620648095169,0.9059087932371556,3.541676985417584,-0.4558259587305865,-0.3150494321593007,1.05123482986649,-0.0994281152615595,3.238383279985208,1.6565234082160285
64.0,299.0,1005.81201171875,1.0493680198447488,3.1481788145602274,-0.3742052874168526,1.7340138049668434,0.0318673716322229,0.8640905123034281,1.2404658485720614,-0.0193011184880681,2.7865877149951315,1.7316496760128115
64.0,299.0,1004.924560546875,1.3902787656971398,3.2388825019148166,-0.206591284257351,2.6835356447268124,-0.2393013169250669,1.0825663808182378,0.7880722208517016,0.1086941866441624,3.760609960660497,1.5499190461382142
64.0,299.0,1003.884033203125,1.1425112649696187,3.065090117718845,0.592860107788608,2.8071972518327133,0.2549808842303713,0.7688590957311772,1.1434486482266086,0.1774592781213724,3.2904317271738885,1.6652367097735672
64.0,299.0,1004.8756713867188,1.803103039357084,3.04969122379482,-0.2380855070972431,3.544222673085715,-0.3675432124331079,1.0049334701620785,1.0915745130618049,-0.0166428366782459,3.286393579044508,1.7128181502425668
64.0,299.0,1005.5949096679688,1.065741447403239,3.566321993171797,-0.1722097588879127,3.335195644635442,0.4153135222526197,1.6432684793938577,1.2308026718224587,0.3065238812510272,3.32453208933479,1.4181087479272612
64.0,299.0,1005.1708984375,1.5387374172758588,3.0630905424895096,-0.2761169812147975,3.539551483750204,-0.0710913967583387,1.0864629386437223,1.0432566156141505,0.0406253156605319,3.3703392304127733,1.6847979903288934
64.0,299.0,1004.3433227539062,1.5246637626108075,2.588764633984187,-0.2247483509817702,3.541791433209113,-0.2094105942329443,0.0900981966808316,1.4472220790014578,0.3634141441016041,3.275517642189521,1.677631713184814
64.0,299.0,1005.5083618164062,-1.2715466490038871,3.33646995284633,1.2426772752163675,2.38751705217131,-0.8710368221530405,0.5865526170487287,0.9075178980445896,-0.0053437737026581,3.023257466028761,1.5838181227778998
64.0,299.0,1002.565185546875,0.5472914493255665,3.366882117201061,1.3060013984334584,1.9325170226020087,-1.0074251950736448,0.7432223534795421,1.6951969237110474,0.1334456915648295,3.316198941140461,1.659375229627378
64.0,299.0,1005.1370849609376,1.7787926988218934,1.7782330661410777,0.0898533646099637,2.0092614485398688,-0.619490248123477,0.533648364440269,1.376811551556321,0.5091753051674266,0.7729189784876886,1.6441965977471358
64.0,299.0,1003.6841430664062,1.5264166200797986,3.063097861613356,-0.215819897253269,3.5490497273888275,-0.2048867388282806,1.0826619122252867,1.0511392207255632,-0.0170243374408754,3.2973942147249127,1.6821927523441609
64.0,299.0,1004.9850463867188,0.6143587211329081,3.6385777878302688,1.866782871449317,2.68567229671642,-0.0190286631641586,0.5847002488156035,1.759170199056142,0.7876675185527418,3.289135321111209,1.695106697781342
64.0,299.0,1006.3912353515624,1.0823124156003283,3.145532408020725,0.0937498638335725,4.3492484902596935,-0.983369492477124,0.3045399617600217,1.0355153888892177,-0.6035785196627739,3.47882371336145,1.9749920545649893
64.0,299.0,1003.7677001953124,0.9753379059727132,3.027481911426474,0.8914709442373026,3.6385006360362526,-0.1936568623912141,0.9354252219936228,1.0515023454212475,1.5844169383747184,3.3013099988549235,1.6821957420369034
64.0,299.0,1004.1815795898438,1.186914875836738,2.984003335173336,1.0917657361520303,3.111316162569416,-0.2135156752145395,1.956200428446676,1.1043285602139945,-0.0888351866134527,3.261696929640985,2.1191790875322365
64.0,299.0,1005.9786376953124,1.1755166225902458,3.0139295819900664,-0.2417305383366287,3.616814653335077,-0.2729520402836232,1.8592848557108288,1.1177652924446315,0.1211451494947978,3.912459696901169,2.2316448068592054
64.0,299.0,1004.7403564453124,0.4804166552562906,3.142058809388116,-0.507253232726782,3.78275224637308,-0.5671588827166028,1.1261544357254607,1.4122039073154182,0.5007209311294231,3.503301094810195,1.926829920271378
64.0,299.0,1004.5214233398438,1.3925082887281215,3.065088985864282,-0.1686798461004562,2.4937664364779137,-0.2246521629870259,1.0573601922845028,1.0844478999456344,-0.8866334099558765,3.2654268773896447,1.6563374701400866
64.0,299.0,1004.5638427734376,-0.2134668305182117,2.783390802993948,1.9017004885948512,1.4366753845009534,-0.5024318747415023,0.7385154890632665,0.977632335582272,0.2974201112703576,3.125186682888231,1.6802011201576457
64.0,299.0,1005.5848999023438,-0.4976473021030942,3.419951677935696,-0.3086301958483286,3.870154605804175,-1.1699164176837953,1.6993185462984577,0.8701808901365833,0.0028869377323087,3.427754210534899,1.6924904654891433
64.0,299.0,1004.2504272460938,-0.8223529424704155,2.825127807401638,-0.323922086313651,1.937577607926971,-0.7880478165526897,-0.5658922756132105,1.2049866790758093,0.2624683225465503,3.2458834880441487,0.9881096602322688
64.0,299.0,1004.8351440429688,0.383266327892847,3.526047267809437,-0.0464641811751654,3.441002486581674,0.4622121063248139,0.764653895575856,1.4226068635485682,-0.4876738443664548,3.654568720914268,1.5945743322906956
