Run,Gen,F,1,2,3,4,5,6,7,8,9,10
20.0,0.0,1078.7164306640625,4.568506594204795,4.907959142906352,-1.5293757033399746,2.5830090474365583,3.830239279509272,1.595115234917765,3.813802467959027,2.262755449295629,-2.2374486295477203,3.41785183327951
20.0,0.0,1072.4703369140625,0.116059622313557,-3.9819249305229154,4.9235236738195045,-3.594115656216296,-1.1701821624728428,3.5693026162893844,-0.2149661344303934,-4.646751237474263,3.9382501853615146,-1.892706189699871
20.0,0.0,1107.419677734375,-2.958609205399818,-1.682498273619414,3.5815632186332,-3.841106089354472,-4.993269943052084,-3.29374660652648,3.336679409736842,-2.3366868878089155,1.7268265861304846,-2.084452085666036
20.0,0.0,1085.842529296875,4.962947076709849,-4.488560128655564,2.5646957246906403,-0.311089629695215,-3.20724430802742,2.8289639723322697,-1.1672465683826214,-0.101528518760471,-1.872794316843298,0.9360343084486988
20.0,0.0,1018.1531982421876,1.304189792837736,4.520872122171015,-2.3344267960255136,2.479114710139081,0.0091152568081671,2.522014532388946,-0.4960786856042452,-2.712519434921675,-0.7620145164811962,0.6681752950945006
20.0,0.0,1026.232177734375,-2.8269175142159386,-1.0822501740882196,-1.2407920835616937,1.6119093199917778,-1.4815515064914164,-0.4683379142052928,3.705825920673245,-3.39816218795967,1.916466321764318,-0.5136073384491011
20.0,0.0,1078.073486328125,4.943916477145635,-1.3958486366662646,3.1386280871442587,0.7868684767656919,-2.6493079172547,-1.504452860833089,-2.909424498714178,-3.2748665434412807,4.825821311686733,-0.18421486542573
20.0,0.0,1042.9041748046875,-1.0734505589129597,3.25119268937671,-0.062802664205595,4.517271823272965,-0.3834787601904637,-3.4661248198297323,-0.6888010909544784,2.0045871396410124,-2.950885051556723,2.749988479344201
20.0,0.0,1050.387939453125,1.0923778504107189,4.929905609775226,-2.037224231330081,-3.6911045811876986,3.515767759919669,2.3402530518827653,-4.740693462143848,2.880615211617669,-2.53120817805034,2.428029159210896
20.0,0.0,1021.8165893554688,-1.9559223533934544,2.8060318466696588,-1.847934741217048,2.0238704221619432,2.40267848529414,4.001316623540291,1.3682307872128954,2.718613246848948,0.362362184830955,0.942567581910568
20.0,0.0,1039.7840576171875,-1.077333755907004,-1.765684317506785,-4.19083327929339,0.3119614813495861,1.6380891949760716,1.359850646783643,4.464442579625272,-3.3265333859813184,-1.27039801723254,3.147663070558369
20.0,0.0,1134.54052734375,1.3292168251363856,-3.61626753747942,-0.1524841411004605,-4.965881952642119,-0.1658939970705732,-3.9099901873908,4.876774710406295,2.8988007254970043,4.103223580819579,2.014176882612338
20.0,0.0,1164.496337890625,-4.157707553287436,-4.729406574310779,-0.6001907257978196,-4.304047703958821,1.7208067102592466,-0.6712533595238748,-0.0303773173538921,-3.103081047307439,4.5050513599313575,-2.445968922142609
20.0,0.0,1035.2628173828125,1.5439561328325713,-1.4413087144463543,1.4871301326241635,-2.046417468335328,0.4104070420579999,2.3411463099807763,-3.3955430604792114,-4.712500666117604,2.530542953010033,-3.207854136332422
20.0,0.0,1130.5902099609375,4.975888411410633,-0.6175416596602812,-0.7939456247657137,0.6166694094765912,-4.241369190598396,0.7044578379154984,4.724228236290783,-4.507428832707815,0.6040765567877502,2.4040972520692048
20.0,0.0,1059.1915283203125,2.965506745795354,4.1624442190037705,-1.9341958165048527,-3.748264290949175,3.234530872224159,1.718566946782567,-2.8633396152775417,2.533641119035215,-4.122878659502421,-4.856724073033966
20.0,0.0,1035.5751953125,-0.0117924595454841,1.3216388991490522,-0.400372382832562,-2.473904133699606,-1.7252720514687536,-4.415421232377375,-2.3933417320274906,4.742566251296802,0.8692056832887438,2.8195337591219047
20.0,0.0,1026.1153564453125,0.6710051542762034,-0.5770727017223969,-0.9289105819393386,-3.724498275957977,0.7530827523657022,-3.1427335826979776,-3.4575720483936747,-3.9900481626838777,0.5703814636493751,0.8960921799506298
20.0,0.0,1048.134521484375,-4.141676117826416,1.8622923546936807,-4.658563008127722,2.9176044348718486,3.2450623579396947,0.2562585814957598,-4.796910616838294,-0.8771528727697566,0.7543635219110021,-1.9321109747751928
20.0,0.0,1053.153564453125,-1.1334598558809352,4.122299191194568,-4.138402481226282,4.168881116257555,-4.806562687781288,2.938401783501079,-0.1751037092817151,0.0304781680082744,2.3823397007332296,4.692654325262588
20.0,0.0,1121.0748291015625,2.095471355996418,-0.1843916476066107,-3.0265442638467768,4.802624046597108,-4.459611651477201,-3.252739803930451,1.3222167761889718,4.572825112741793,2.064205964693871,-1.8995758303796628
20.0,0.0,1091.63037109375,1.1727442274082298,-3.805287134876016,2.975974503220095,-2.805437930663759,-2.772800232974589,-0.599840271258155,-4.992429264701876,-2.507449131089894,-1.519943187804035,4.307988764890162
20.0,0.0,1042.861083984375,-4.2468848353859965,2.353036229852464,0.5384191630365676,1.1383698231933268,2.8577356480264138,0.124942430852255,3.415312747554868,-0.8663654745153959,-1.397317569000828,2.6750163456606977
20.0,0.0,1045.3809814453125,-2.705182980761088,-2.190749603417633,3.873223455946533,0.3396928821493628,-3.217537470807009,0.2201538410809931,-2.4360835249470347,-1.8001051676673976,2.961261474189226,4.8182257772081165
20.0,0.0,1032.7421875,1.1620143221846018,-4.119564757782293,-3.31322147546084,0.9270355507050532,-0.0586487003737277,-0.0234853159926737,1.457348487003033,2.600384632127245,-4.134250361954972,2.5097604529780924
20.0,0.0,1066.2086181640625,1.4254388218608751,0.2292745807411469,2.893230284952834,-4.920996808362766,3.6740578846527967,-1.896913366258195,-4.800280827434832,0.1310488480692804,4.122259112753193,-0.4582239491492235
20.0,0.0,1093.3648681640625,-3.7564485154498426,-3.419885915369184,4.170845614104598,0.5966696979081867,-3.776661406794864,4.360430907493582,-3.994275862756625,-1.7230703435815773,-2.4911457148577485,2.3074756373182144
20.0,0.0,1043.52783203125,4.157313439558571,2.554076436352558,2.2886516083204542,-3.5250757766584617,-1.7339465946589838,-1.3846660751280302,2.0282878853362423,-0.8167011531482773,1.6080546462409648,-2.2784473054880747
20.0,0.0,1030.9571533203125,-1.9689208508829688,-0.042523529266325,-1.5513884981625727,-3.6726057834545154,-4.122085543285788,4.307470811899508,1.3565054388219338,1.0164802403128022,-2.675188236456391,-0.3259732629481382
20.0,0.0,1050.2733154296875,-4.676031737164631,3.2709930765570228,-2.137680115997095,-1.0686302416814275,-4.86848343601081,1.4425706882857323,-3.6025772600203743,3.958815802675268,0.5083038718638289,-1.3636832115343551
20.0,0.0,1041.215087890625,4.114477716527496,-0.1308671783344595,-1.1472431333468522,3.0350219710424646,1.1100215620640157,1.139000171320422,-2.9580965785832136,-3.056121402475922,2.6625220132021843,-4.567895652483205
20.0,0.0,1055.0516357421875,1.9639559806730145,-4.720014282248075,3.136718354219978,2.120166559287745,1.819693258422027,-2.9653604264416487,-1.090979830294346,-1.6248297259283428,-0.1988998162661968,-3.578463232169544
20.0,0.0,1043.3006591796875,-3.8572099642951727,-1.2354308900718882,-0.5210545666317898,-4.032531787274202,-2.74748395593691,0.017314024888531,3.3649859581267485,2.67473670719291,-4.991265337675017,-1.7347716289843138
20.0,0.0,1068.7830810546875,3.817997983198028,-0.1442088924104219,-3.5881257630406207,0.2682473045902354,3.900691556782963,-4.117878409740556,1.4756511574744753,-1.1250765916712382,0.9032177806649696,-3.8522581929199617
20.0,0.0,1045.85205078125,-3.663577957899929,3.86681350595482,-0.9536908729466907,-1.7069598157799613,4.471974014789119,-1.2485523461618122,-4.914215684894275,1.3456242896129584,-0.8594309594982983,2.680635871467908
20.0,0.0,1098.3411865234375,-1.60900209197552,-2.895737090156852,0.3847735236847383,-0.2295457134263827,4.259898687032703,-1.8592777138466188,3.966065615860233,3.422112115893869,-3.796022203702919,3.296079384544079
20.0,0.0,1031.8089599609375,1.9860346291233315,-0.4607318238619804,1.2245899723295226,-2.2816298000587656,-4.376009053417992,0.148196692344122,-4.582446404107554,0.092244155522696,-0.4943205022049621,1.769540769637107
20.0,0.0,1108.53759765625,2.143576274756339,-2.948057009587416,-3.2745371899972087,-0.8743130784569599,-4.548220865377037,4.965391089697091,-4.441042952377807,0.5015125535317946,3.31286340993819,2.677305944975512
20.0,0.0,1070.7757568359375,-0.3285177960832843,4.676106053539993,3.42584626621836,-0.9516275672458576,2.1488743537936887,-1.727369778583859,-1.6403026909403895,-4.097121646374608,0.2920323951043091,-4.533540203602207
20.0,0.0,1030.822998046875,-0.9772046162749142,0.8939525970419426,-2.3441125688592934,2.439666060318885,1.4760381189481766,-2.696302032295451,-1.3242555870487165,2.797531595749005,4.962660379246053,-4.555303971771286
20.0,0.0,1068.5377197265625,1.9384008863756976,-3.178771675756311,2.277660273327932,0.8993543536698789,-3.646084507179928,-1.5555149718560424,4.140135409380992,3.060011575252368,3.202668591191284,3.350344373289161
20.0,0.0,1052.677001953125,3.3130165065547743,1.560197717402768,-1.5250089777677125,0.0341352212686674,3.811997832688132,-4.998163317235784,3.695940064860173,-1.822453173560033,0.1150876921719792,3.527340430729181
20.0,0.0,1109.3006591796875,3.200569495356892,1.5054434534225738,4.4508719598451805,-2.3937538927825406,-4.903323370518682,-3.541296481375138,4.436504210174622,0.2438908425266568,0.6364431696167578,4.435097003388806
20.0,0.0,1066.740478515625,2.624360014314849,-0.844674008992568,2.678787103690258,-0.9772270748616024,0.4190626690299384,2.85677471957709,-4.471543045501475,0.7389180951296552,4.6297529837259415,4.907293002549404
20.0,0.0,1055.198974609375,4.3507611085877365,-1.8394027770755856,-3.857531589111924,-2.488285525945625,-4.253521907565823,2.055449927653626,2.642600645712984,2.929740726220725,-3.9971478241532687,3.592939638693762
20.0,0.0,1037.89111328125,-3.516173935746832,4.314532800316906,-4.546166576511946,0.7598887441282001,2.213139373306982,-0.431697993298771,-2.500947113346439,3.054105222488168,-1.1094208494429294,0.7820641475743901
20.0,0.0,1044.9869384765625,-3.4858430566109657,2.414047376418037,-3.1236338323917945,-0.823174571066799,-2.190751412824711,-2.0532903420216675,4.919012870902751,-3.2338037356839844,0.9667876559453656,-3.9039407823841374
20.0,0.0,1018.9622192382812,1.572956289678773,0.4868250449965439,-0.5572129643252595,3.973880737911347,-0.1482264796475361,-2.1367856612794767,-0.1445758477290324,-2.083528412761276,-3.805325940661514,-1.3769416003463464
20.0,0.0,1273.9830322265625,-4.824656063299763,-4.774634790547467,-4.920772466867738,1.6969308072340228,-4.954171120574532,4.472437175181703,4.523138900901708,1.553245632237136,3.1365878673664422,2.976118203865857
20.0,0.0,1059.81787109375,2.7715008872394806,0.6588370513381738,-4.874563733504639,-3.9491493056605584,-4.891244683082711,-0.7279881555772585,2.288293584474122,2.281822157284905,2.149723340392481,1.691760435386107
20.0,1.0,1016.6044921875,-1.9559223533934544,3.913937449117051,-0.8273573922938121,2.0238704221619432,2.40267848529414,3.8536630811497306,1.3682307872128954,2.718613246848948,0.4799988505018202,0.942567581910568
20.0,1.0,1017.97998046875,-2.9108953543199574,-1.0822501740882196,-1.2400961337421823,1.6119093199917778,-1.7309041221570691,-0.4683379142052928,-2.276886463389205,4.953382184879441,1.916466321764318,-0.4905504097704147
20.0,1.0,1018.1531982421876,1.304189792837736,4.520872122171015,-2.3344267960255136,2.479114710139081,0.0091152568081671,2.522014532388946,-0.4960786856042452,-2.712519434921675,-0.7620145164811962,0.6681752950945006
20.0,1.0,1018.9622192382812,1.572956289678773,0.4868250449965439,-0.5572129643252595,3.973880737911347,-0.1482264796475361,-2.1367856612794767,-0.1445758477290324,-2.083528412761276,-3.805325940661514,-1.3769416003463464
20.0,1.0,1018.9622192382812,1.572956289678773,0.4868250449965439,-0.5572129643252595,3.973880737911347,-0.1482264796475361,-2.1367856612794767,-0.1445758477290324,-2.083528412761276,-3.805325940661514,-1.3769416003463464
20.0,1.0,1019.1492309570312,-1.9559223533934544,2.8060318466696588,-1.847934741217048,2.0238704221619432,2.40267848529414,4.281379402861397,1.3682307872128954,2.718613246848948,0.362362184830955,0.8763845774997017
20.0,1.0,1019.43896484375,0.6710051542762034,-0.5770727017223969,-0.9289105819393386,-3.724498275957977,0.7530827523657022,-2.94026453142468,-3.466649665798619,-3.9900481626838777,-0.9590558081684994,0.8960921799506298
20.0,1.0,1021.4932250976562,-0.9894072281290338,0.9069666877729744,-1.5513884981625727,-3.6726057834545154,1.395161085089664,4.318801125324029,1.375807250862972,2.609221430421534,-2.675188236456391,-0.3360097958470702
20.0,1.0,1021.8165893554688,-1.9559223533934544,2.8060318466696588,-1.847934741217048,2.0238704221619432,2.40267848529414,4.001316623540291,1.3682307872128954,2.718613246848948,0.362362184830955,0.942567581910568
20.0,1.0,1023.2454833984376,1.7483858866165825,0.4868250449965439,-0.5572129643252595,3.980423993732285,-0.1482264796475361,-2.129639757480644,-0.1445758477290324,-0.0581552866589007,-3.826828761023642,-1.3769416003463464
20.0,1.0,1025.6888427734375,1.304189792837736,4.65918740713026,-2.142340628321974,2.4223723484216872,0.0091152568081671,2.4939346465152044,-0.4960786856042452,3.961069785385837,-0.7620145164811962,0.6681752950945006
20.0,1.0,1026.1153564453125,0.6710051542762034,-0.5770727017223969,-0.9289105819393386,-3.724498275957977,0.7530827523657022,-3.1427335826979776,-3.4575720483936747,-3.9900481626838777,0.5703814636493751,0.8960921799506298
20.0,1.0,1026.232177734375,-2.8269175142159386,-1.0822501740882196,-1.2407920835616937,1.6119093199917778,-1.4815515064914164,-0.4683379142052928,3.705825920673245,-3.39816218795967,1.916466321764318,-0.5136073384491011
20.0,1.0,1026.2412109375,1.4254388218608751,0.2292745807411469,-2.622753717809386,-4.6772548738233,-0.0678638053572786,-2.325094919021935,-4.800280827434832,-2.6954354585727742,-0.8166102580045642,-0.5159191112024111
20.0,1.0,1028.4794921875,1.304189792837736,4.520872122171015,3.1815001855578102,2.136234957186077,3.751008784097797,2.5090689987135195,-0.6521684730028163,0.1139648812499731,4.17579825579937,0.725870457147688
20.0,1.0,1029.456787109375,1.5439561328325713,-1.4413087144463543,1.4871301326241635,-2.046417468335328,0.4104070420579999,2.0610600443142904,-3.3955430604792114,-4.712500666117604,2.530542953010033,-3.141668167520181
20.0,1.0,1029.8157958984375,1.5439561328325713,-1.4413087144463543,1.4871301326241635,-2.046417468335328,0.4104070420579999,2.3542698485183315,-3.3955430604792114,-4.712500666117604,2.530542953010033,-3.207854136332422
20.0,1.0,1030.4495849609375,0.6586406724428082,-0.4818898866450227,-0.9289105819393386,-3.724498275957977,0.7530827523657022,-0.0070451453906927,-3.4575720483936747,-3.9900481626838777,0.674538024164058,0.947561452329377
20.0,1.0,1030.822998046875,-0.9772046162749142,0.8939525970419426,-2.3441125688592934,2.439666060318885,1.4760381189481766,-2.696302032295451,-1.3242555870487165,2.797531595749005,4.962660379246053,-4.555303971771286
20.0,1.0,1030.9571533203125,-1.9689208508829688,-0.042523529266325,-1.5513884981625727,-3.6726057834545154,-4.122085543285788,4.307470811899508,1.3565054388219338,1.0164802403128022,-2.675188236456391,-0.3259732629481382
20.0,1.0,1031.4962158203125,4.704595865402405,1.3151729732094457,-0.3867699053129705,-3.5050843298436223,-1.6019685930466203,-1.3846660751280302,2.0282878853362423,-0.2921882985152333,0.8649572113434358,-2.2784473054880747
20.0,1.0,1031.8089599609375,1.9860346291233315,-0.4607318238619804,1.2245899723295226,-2.2816298000587656,-4.376009053417992,0.148196692344122,-4.582446404107554,0.092244155522696,-0.4943205022049621,1.769540769637107
20.0,1.0,1032.7421875,1.1620143221846018,-4.119564757782293,-3.31322147546084,0.9270355507050532,-0.0586487003737277,-0.0234853159926737,1.457348487003033,2.600384632127245,-4.134250361954972,2.5097604529780924
20.0,1.0,1033.4486083984375,-1.60900209197552,-2.763244880386438,-2.1671577794654704,-3.0626332731914783,-3.849566220057232,-2.5383910521252986,3.966065615860233,0.9951334589598212,-3.828508626248381,-0.0667613120013623
20.0,1.0,1035.2628173828125,1.5439561328325713,-1.4413087144463543,1.4871301326241635,-2.046417468335328,0.4104070420579999,2.3411463099807763,-3.3955430604792114,-4.712500666117604,2.530542953010033,-3.207854136332422
20.0,1.0,1035.5751953125,-0.0117924595454841,1.3216388991490522,-0.400372382832562,-2.473904133699606,-1.7252720514687536,-4.415421232377375,-2.3933417320274906,4.742566251296802,0.8692056832887438,2.8195337591219047
20.0,1.0,1035.8125,0.0721854420087271,1.3216388991490522,-0.401068332652073,-2.473904133699606,-1.4759194358031007,-4.415421232377375,3.589055776999682,-4.052707472417765,0.8692056832887438,2.79647675145826
20.0,1.0,1035.9229736328125,-3.4858430566109657,3.245037904019248,-3.1236338323917945,-0.8348679207459953,-2.190751412824711,-2.0532903420216675,4.797474778650985,-3.2338037356839844,0.9749229733481112,-1.3838351879190811
20.0,1.0,1036.7713623046875,-0.0255362690394078,2.5605423622919723,2.2750491299183,-2.493895580506305,-1.7336460285062478,-4.415421232377375,-2.3933417320274906,4.1999170505162535,1.6123031181862728,2.8195337591219047
20.0,1.0,1036.982421875,-3.516173935746832,4.314532800316906,-4.546166576511946,0.7598887441282001,2.213139373306982,-0.431697993298771,-2.4918694959389778,3.054105222488168,0.4200164223749624,0.7820641475743901
20.0,1.0,1037.89111328125,-3.516173935746832,4.314532800316906,-4.546166576511946,0.7598887441282001,2.213139373306982,-0.431697993298771,-2.500947113346439,3.054105222488168,-1.1094208494429294,0.7820641475743901
20.0,1.0,1038.6275634765625,-3.516173935746832,4.149366066540999,-4.546166576511946,0.3722925926560094,2.191277755339053,3.3074052013037454,-0.554492632514869,2.9311858982095176,3.98281270704844,0.7820641475743901
20.0,1.0,1039.56298828125,-1.956718239028849,-0.0555376199973569,-2.3441125688592934,2.4069579917772046,-4.040125332755324,-2.696302032295451,-1.3435573990944802,1.20479040559134,4.962660379246053,-4.5421295629163625
20.0,1.0,1039.7840576171875,-1.077333755907004,-1.765684317506785,-4.19083327929339,0.3119614813495861,1.6380891949760716,1.359850646783643,4.464442579625272,-3.3265333859813184,-1.27039801723254,3.147663070558369
20.0,1.0,1039.7840576171875,-1.077333755907004,-1.765684317506785,-4.19083327929339,0.3119614813495861,1.6380891949760716,1.359850646783643,4.464442579625272,-3.3265333859813184,-1.27039801723254,3.147663070558369
20.0,1.0,1039.9541015625,1.9860346291233315,-0.4607318238619804,1.2245899723295226,-2.289294665957873,-4.376009053417992,0.1410507886132204,-4.582446404107554,-2.0224411088233296,-0.4728048484547236,1.769540769637107
20.0,1.0,1041.1295166015625,0.116059622313557,-4.083441109071242,4.95837028971409,-2.972295424515453,-1.1483205531517249,-0.169810264297094,-2.1614206150396744,-4.493610442061129,-1.154464760857434,-1.892706189699871
20.0,1.0,1041.215087890625,4.114477716527496,-0.1308671783344595,-1.1472431333468522,3.0350219710424646,1.1100215620640157,1.139000171320422,-2.9580965785832136,-3.056121402475922,2.6625220132021843,-4.567895652483205
20.0,1.0,1041.7498779296875,-0.9772046162749142,0.8659902844583507,3.6610570785340935,-1.2310811543802838,1.4760381189481766,-1.7171079803670342,-1.3242555870487165,2.523931910291287,4.962660379246053,-4.533269090130623
20.0,1.0,1041.92724609375,4.028169967342546,0.2211217582636595,-1.1472431333468522,3.0350219710424646,1.1100215620640157,1.3429579892157006,-2.9580965785832136,-2.92191910615072,2.6625220132021843,-4.76178814080698
20.0,1.0,1042.4239501953125,-3.663577957899929,2.7589079021070697,-1.9742682218699208,-1.7069598157799613,4.471974014789119,-1.1013445167015634,-4.914215684894275,1.3456242896129584,-0.9770676251691602,2.680635871467908
20.0,1.0,1042.861083984375,-4.2468848353859965,2.353036229852464,0.5384191630365676,1.1383698231933268,2.8577356480264138,0.124942430852255,3.415312747554868,-0.8663654745153959,-1.397317569000828,2.6750163456606977
20.0,1.0,1042.861083984375,-4.2468848353859965,2.353036229852464,0.5384191630365676,1.1383698231933268,2.8577356480264138,0.124942430852255,3.415312747554868,-0.8663654745153959,-1.397317569000828,2.6750163456606977
20.0,1.0,1042.9041748046875,-1.0734505589129597,3.25119268937671,-0.062802664205595,4.517271823272965,-0.3834787601904637,-3.4661248198297323,-0.6888010909544784,2.0045871396410124,-2.950885051556723,2.749988479344201
20.0,1.0,1043.2589111328125,4.3507611085877365,-1.51714162825638,-3.811304750253548,-2.797978621359796,-4.253521907565823,1.8392202211619373,2.642600645712984,2.929740726220725,-4.031409516321217,2.7503222386098707
20.0,1.0,1043.3006591796875,-3.8572099642951727,-1.2354308900718882,-0.5210545666317898,-4.032531787274202,-2.74748395593691,0.017314024888531,3.3649859581267485,2.67473670719291,-4.991265337675017,-1.7347716289843138
20.0,1.0,1043.32666015625,3.309977123364765,-1.8845145674812105,-1.5201706752167885,0.0341352212686674,4.093719294888094,2.0195182950087585,3.695940064860173,-1.8031099479654136,0.1150876921719792,3.5286426797769246
20.0,1.0,1043.52783203125,4.157313439558571,2.554076436352558,2.2886516083204542,-3.5250757766584617,-1.7339465946589838,-1.3846660751280302,2.0282878853362423,-0.8167011531482773,1.6080546462409648,-2.2784473054880747
20.0,1.0,1044.425537109375,-2.8020577775718056,-2.111246833872912,3.873223455946533,0.3265398607844422,1.2643755766166158,0.2345258013511389,-1.650011697283872,-1.4845942176826956,3.250451741584593,4.817280073535846
20.0,1.0,1044.9869384765625,-3.4858430566109657,2.414047376418037,-3.1236338323917945,-0.823174571066799,-2.190751412824711,-2.0532903420216675,4.919012870902751,-3.2338037356839844,0.9667876559453656,-3.9039407823841374
20.0,2.0,1011.337646484375,1.4254388218608751,0.2292745807411469,-2.340850009464873,2.7341165932358784,-0.0678638053572786,-2.325094919021935,-0.5791590398786561,-2.695299658385912,-0.8162340009161815,-0.5159191112024111
20.0,2.0,1012.4517211914062,0.4710302018562904,-0.3370242740632642,1.6629264561215773,-2.0763608488331857,0.4419292731360727,2.517987206769191,0.4440404327161131,-2.156542354400868,-3.805325940661514,-1.3769416003463464
20.0,2.0,1015.17724609375,-2.744589714452752,-1.3118997072358294,-2.3344267960255136,2.479114710139081,0.0636756565191644,2.522014532388946,-0.4960786856042452,-3.3969150241397377,-0.6129508153854646,-0.5186309655411705
20.0,2.0,1015.4578857421876,1.5526769701294652,0.4868250449965439,-0.5572129643252595,4.740535882811004,-0.1482264796475361,-3.0081413783652846,-0.1445758477290324,-2.134999789284425,-0.9297869287907432,-1.3229783928072572
20.0,2.0,1016.6044921875,-1.9559223533934544,3.913937449117051,-0.8273573922938121,2.0238704221619432,2.40267848529414,3.8536630811497306,1.3682307872128954,2.718613246848948,0.4799988505018202,0.942567581910568
20.0,2.0,1017.243408203125,1.671981119159157,0.4904742264221214,-1.2487048816654116,1.6119093199917778,-1.4815515064914164,0.5520655497555333,3.705825920673245,-3.398470475153629,1.916466321764318,-0.5136073384491011
20.0,2.0,1017.97998046875,-2.9108953543199574,-1.0822501740882196,-1.2400961337421823,1.6119093199917778,-1.7309041221570691,-0.4683379142052928,-2.276886463389205,4.953382184879441,1.916466321764318,-0.4905504097704147
20.0,2.0,1018.0638427734376,-2.9108953543199574,-1.0822501740882196,-1.2400961337421823,1.6119093199917778,-1.7309041221570691,-0.4683379142052928,-2.276886463389205,4.998921389696586,1.916466321764318,-0.4905504097704147
20.0,2.0,1018.1531982421876,1.304189792837736,4.520872122171015,-2.3344267960255136,2.479114710139081,0.0091152568081671,2.522014532388946,-0.4960786856042452,-2.712519434921675,-0.7620145164811962,0.6681752950945006
20.0,2.0,1018.7349243164062,-1.9559223533934544,2.8060318466696588,-1.847934741217048,2.0238704221619432,2.2653131781441007,4.586292428642126,1.3682307872128954,2.718613246848948,0.362362184830955,0.8763845774997017
20.0,2.0,1018.9622192382812,1.572956289678773,0.4868250449965439,-0.5572129643252595,3.973880737911347,-0.1482264796475361,-2.1367856612794767,-0.1445758477290324,-2.083528412761276,-3.805325940661514,-1.3769416003463464
20.0,2.0,1018.9622192382812,1.572956289678773,0.4868250449965439,-0.5572129643252595,3.973880737911347,-0.1482264796475361,-2.1367856612794767,-0.1445758477290324,-2.083528412761276,-3.805325940661514,-1.3769416003463464
20.0,2.0,1019.1492309570312,-1.9559223533934544,2.8060318466696588,-1.847934741217048,2.0238704221619432,2.40267848529414,4.281379402861397,1.3682307872128954,2.718613246848948,0.362362184830955,0.8763845774997017
20.0,2.0,1019.43896484375,0.6710051542762034,-0.5770727017223969,-0.9289105819393386,-3.724498275957977,0.7530827523657022,-2.94026453142468,-3.466649665798619,-3.9900481626838777,-0.9590558081684994,0.8960921799506298
20.0,2.0,1020.341796875,-2.9318298136330205,-0.881363256164049,-1.5623689758333683,0.7665218864290738,-2.080310989382508,-0.4683379142052928,-2.276886463389205,4.953382184879441,1.916466321764318,-0.5634440615944258
20.0,2.0,1021.4932250976562,-0.9894072281290338,0.9069666877729744,-1.5513884981625727,-3.6726057834545154,1.395161085089664,4.318801125324029,1.375807250862972,2.609221430421534,-2.675188236456391,-0.3360097958470702
20.0,2.0,1021.7741088867188,1.5439561328325713,-1.4413087144463543,1.4871301326241635,-2.046417468335328,3.79464245985534,2.0610600443142904,-0.6716519559937077,0.0268779269855499,2.530542953010033,1.0670638351941166
20.0,2.0,1021.8165893554688,-1.9559223533934544,2.8060318466696588,-1.847934741217048,2.0238704221619432,2.40267848529414,4.001316623540291,1.3682307872128954,2.718613246848948,0.362362184830955,0.942567581910568
20.0,2.0,1022.0419311523438,1.493735262074413,0.4868250449965439,-0.0855282125955658,3.980423993732285,-0.1482264796475361,-2.129639757480644,3.289009109589658,-0.0581552866589007,-3.826879719196985,-1.3769416003463464
20.0,2.0,1023.2454833984376,1.7483858866165825,0.4868250449965439,-0.5572129643252595,3.980423993732285,-0.1482264796475361,-2.129639757480644,-0.1445758477290324,-0.0581552866589007,-3.826828761023642,-1.3769416003463464
20.0,2.0,1023.2747192382812,1.572956289678773,-0.4795932035317164,-0.5572129643252595,3.973880737911347,-0.1482264796475361,-2.1367856612794767,-0.1445758477290324,-3.9513693538475465,-3.805325940661514,-1.3769416003463464
20.0,2.0,1023.5389404296876,1.304189792837736,4.65918740713026,-1.867529877060287,2.532902536109868,0.0091152568081671,2.4939346465152044,1.5117921021224283,3.9395603165577247,0.3476652611084322,0.6681752950945006
20.0,2.0,1023.6712646484376,1.4254388218608751,0.2292745807411469,-3.0969163186109983,-4.6772548738233,-0.0678638053572786,-2.325094919021935,-4.800280827434832,-2.6954354585727742,-1.1520266582731065,-0.5159191112024111
20.0,2.0,1024.3697509765625,0.6586406724428082,0.4845283618832376,-0.361106887205266,-3.724498275957977,0.7530827523657022,-0.0070451453906927,-3.4575720483936747,-2.122206948712299,0.674538024164058,0.947561452329377
20.0,2.0,1024.406494140625,-1.9559223533934544,2.8060318466696588,-1.5667542033948725,-2.469537155811754,2.40267848529414,-4.68213960899786,1.3682307872128954,2.718613246848948,0.362362184830955,0.5516416211125199
20.0,2.0,1024.64501953125,-1.9559223533934544,0.9098225304384742,-1.5824300165213898,-3.5859995281894705,0.8088201423909254,3.8536630811497306,2.516937988086472,2.718613246848948,0.4799988505018202,0.942567581910568
20.0,2.0,1024.7724609375,1.2218626153435324,4.709722335110084,-1.2407920835616937,1.6119093199917778,-1.6626710558839013,-0.8949630949367475,3.705825920673245,-2.713766598741598,1.7674026204873157,0.67319892218657
20.0,2.0,1025.090087890625,0.6710051542762034,-0.5770727017223969,-1.0802802646242773,-3.724498275957977,0.7530827523657022,-2.94026453142468,-3.466649665798619,-3.9900481626838777,-0.9590558081684994,0.8960921799506298
20.0,2.0,1025.228759765625,-1.9559223533934544,2.863124462016056,-2.7202248237450983,2.0238704221619432,2.40267848529414,3.8774014390753937,-0.6396400005192169,2.740122712907413,-0.7473175927586734,0.942567581910568
20.0,2.0,1025.6888427734375,1.304189792837736,4.65918740713026,-2.142340628321974,2.4223723484216872,0.0091152568081671,2.4939346465152044,-0.4960786856042452,3.961069785385837,-0.7620145164811962,0.6681752950945006
20.0,2.0,1025.98291015625,0.926533675949974,-0.5802952940082902,-0.9289105819393386,-3.724498275957977,0.7530827523657022,-0.0070451453906927,-3.4575720483936747,-3.9900481626838777,0.5580905583094699,0.9486872287928636
20.0,2.0,1026.1153564453125,0.6710051542762034,-0.5770727017223969,-0.9289105819393386,-3.724498275957977,0.7530827523657022,-3.1427335826979776,-3.4575720483936747,-3.9900481626838777,0.5703814636493751,0.8960921799506298
20.0,2.0,1026.232177734375,-2.8269175142159386,-1.0822501740882196,-1.2407920835616937,1.6119093199917778,-1.4815515064914164,-0.4683379142052928,3.705825920673245,-3.39816218795967,1.916466321764318,-0.5136073384491011
20.0,2.0,1026.2412109375,1.4254388218608751,0.2292745807411469,-2.622753717809386,-4.6772548738233,-0.0678638053572786,-2.325094919021935,-4.800280827434832,-2.6954354585727742,-0.8166102580045642,-0.5159191112024111
20.0,2.0,1027.2191162109375,-2.013342879894676,-1.6168840643279394,-0.8300043107654962,2.109935460167965,2.9089777137898443,3.866343601486702,1.3682307872128954,2.718613246848948,0.5420216616515673,0.942567581910568
20.0,2.0,1027.662353515625,-1.9559223533934544,2.8060318466696588,-1.847934741217048,2.032126794401706,2.40267848529414,4.021143536062045,-2.4804555546324174,2.7233396323308288,-1.2094477862122317,0.9356283568054744
20.0,2.0,1028.04833984375,-1.3543514679558166,-2.763244880386438,-2.067447582723407,-3.0626332731914783,-3.849566220057232,-2.5383910521252986,0.1302234540210338,0.9951334589598212,-3.828457668075039,-0.0667613120013623
20.0,2.0,1028.4794921875,1.304189792837736,4.520872122171015,3.1815001855578102,2.136234957186077,3.751008784097797,2.5090689987135195,-0.6521684730028163,0.1139648812499731,4.17579825579937,0.725870457147688
20.0,2.0,1029.042236328125,0.6710051542762034,-0.4786672943591294,-1.1507137224008903,-3.724498275957977,0.7530827523657022,-3.1427335826979776,-3.4575720483936747,-3.9900481626838777,0.6868289295039632,0.8949664034871431
20.0,2.0,1029.3236083984375,0.7512892730048015,-0.5770727017223969,-1.04383908322606,0.1113515408675678,0.7530827523657022,3.2449042184297623,-3.4575720483936747,-3.9900481626838777,3.9970412308434273,0.9010513578615787
20.0,2.0,1029.456787109375,1.5439561328325713,-1.4413087144463543,1.4871301326241635,-2.046417468335328,0.4104070420579999,2.0610600443142904,-3.3955430604792114,-4.712500666117604,2.530542953010033,-3.141668167520181
20.0,2.0,1029.65869140625,0.6912844738255113,-0.5770727017223969,-0.9289105819393386,-4.382750943275128,1.6275032737198067,-2.0689088143387853,-3.466649665798619,-3.938576517092444,-3.834590144342496,0.8421289724145098
20.0,2.0,1029.779541015625,-2.7505112141723647,-1.0858993555137884,-0.5493001662215413,3.980423993732285,-0.1482264796475361,-2.129639757480644,-0.1445758477290324,-0.0578458851340757,-3.826828761023642,-1.3769416003463464
20.0,2.0,1029.8157958984375,1.5439561328325713,-1.4413087144463543,1.4871301326241635,-2.046417468335328,0.4104070420579999,2.3542698485183315,-3.3955430604792114,-4.712500666117604,2.530542953010033,-3.207854136332422
20.0,2.0,1030.4495849609375,0.6586406724428082,-0.4818898866450227,-0.9289105819393386,-3.724498275957977,0.7530827523657022,-0.0070451453906927,-3.4575720483936747,-3.9900481626838777,0.674538024164058,0.947561452329377
20.0,2.0,1030.7716064453125,-0.9894072281290338,3.911073787571513,-0.7963158739349951,1.9374528854578617,2.413677398551665,4.318801125324029,1.3754713591701393,2.609221430421534,-2.675188236456391,-0.3360097958470702
20.0,2.0,1030.822998046875,-0.9772046162749142,0.8939525970419426,-2.3441125688592934,2.439666060318885,1.4760381189481766,-2.696302032295451,-1.3242555870487165,2.797531595749005,4.962660379246053,-4.555303971771286
20.0,2.0,1030.822998046875,-0.9772046162749142,0.8939525970419426,-2.3441125688592934,2.439666060318885,1.4760381189481766,-2.696302032295451,-1.3242555870487165,2.797531595749005,4.962660379246053,-4.555303971771286
20.0,2.0,1030.822998046875,-0.9772046162749142,0.8939525970419426,-2.3441125688592934,2.439666060318885,1.4760381189481766,-2.696302032295451,-1.3242555870487165,2.797531595749005,4.962660379246053,-4.555303971771286
20.0,2.0,1030.9571533203125,-1.9689208508829688,-0.042523529266325,-1.5513884981625727,-3.6726057834545154,-4.122085543285788,4.307470811899508,1.3565054388219338,1.0164802403128022,-2.675188236456391,-0.3259732629481382
20.0,3.0,1011.337646484375,1.4254388218608751,0.2292745807411469,-2.340850009464873,2.7341165932358784,-0.0678638053572786,-2.325094919021935,-0.5791590398786561,-2.695299658385912,-0.8162340009161815,-0.5159191112024111
20.0,3.0,1011.337646484375,1.4254388218608751,0.2292745807411469,-2.340850009464873,2.7341165932358784,-0.0678638053572786,-2.325094919021935,-0.5791590398786561,-2.695299658385912,-0.8162340009161815,-0.5159191112024111
20.0,3.0,1012.4517211914062,0.4710302018562904,-0.3370242740632642,1.6629264561215773,-2.0763608488331857,0.4419292731360727,2.517987206769191,0.4440404327161131,-2.156542354400868,-3.805325940661514,-1.3769416003463464
20.0,3.0,1012.7007446289062,1.855525879615601,0.4868250449965439,-0.5572129643252595,4.212410002911127,0.7450070569680225,-2.129639757480644,-0.1445758477290324,-0.0581552866589007,0.5610865661747755,-1.3769416003463464
20.0,3.0,1014.2340698242188,0.6586406724428082,0.4866422716178373,-0.3626019365629132,-3.724498275957977,0.7530827523657022,-0.0070451453906927,0.0417602150325204,-2.083706830093376,0.3788263466435764,0.9159688598509236
20.0,3.0,1014.2625732421876,1.4254388218608751,0.2292745807411469,-2.340850009464873,0.7397189155362638,-0.0678638053572786,-2.325094919021935,-0.5791590398786561,-2.695299658385912,-0.8162340009161815,-0.5655024765431078
20.0,3.0,1014.4406127929688,-1.9559223533934544,2.8060318466696588,1.7981197729250054,2.0238704221619432,2.40267848529414,4.281379402861397,1.3682307872128954,2.6362103799138543,2.55099366511043,1.0755617826743713
20.0,3.0,1015.17724609375,-2.744589714452752,-1.3118997072358294,-2.3344267960255136,2.479114710139081,0.0636756565191644,2.522014532388946,-0.4960786856042452,-3.3969150241397377,-0.6129508153854646,-0.5186309655411705
20.0,3.0,1015.4578857421876,1.5526769701294652,0.4868250449965439,-0.5572129643252595,4.740535882811004,-0.1482264796475361,-3.0081413783652846,-0.1445758477290324,-2.134999789284425,-0.9297869287907432,-1.3229783928072572
20.0,3.0,1015.6694946289062,-2.7444357421025534,-1.0494137911575414,-0.5493001662215413,4.039633829395751,0.0592841178072181,2.6778196705467487,-0.1445758477290324,-0.0578458851340757,-0.6540003694116312,-0.3878027535171073
20.0,3.0,1016.26318359375,1.671981119159157,0.4904742264221214,-1.2487048816654116,1.4646807448939547,-1.4815515064914164,0.5520655497555333,-0.2005758221388214,-3.475313815306392,1.916466321764318,-1.372020379366025
20.0,3.0,1016.5001831054688,1.5526769701294652,0.4868250449965439,-1.9152395225187089,2.0438996967950835,-0.2308471229634174,-3.106731474911534,-0.1445758477290324,-2.134999789284425,-0.9297869287907432,-1.3229783928072572
20.0,3.0,1016.6044921875,-1.9559223533934544,3.913937449117051,-0.8273573922938121,2.0238704221619432,2.40267848529414,3.8536630811497306,1.3682307872128954,2.718613246848948,0.4799988505018202,0.942567581910568
20.0,3.0,1017.0772094726562,0.4710302018562904,-0.3370242740632642,1.4918941474939418,-2.0763608488331857,0.409338193308516,2.5166737549202707,-0.6612260968065115,-2.156542354400868,2.4121723657090954,-1.3769416003463464
20.0,3.0,1017.243408203125,1.671981119159157,0.4904742264221214,-1.2487048816654116,1.6119093199917778,-1.4815515064914164,0.5520655497555333,3.705825920673245,-3.398470475153629,1.916466321764318,-0.5136073384491011
20.0,3.0,1017.3196411132812,-2.8663813111373457,-1.0822501740882196,-1.2400961337421823,1.6119093199917778,-1.6711791337396238,-2.0946312207486675,-0.1372969221646549,4.998921389696586,2.10232352531316,-0.5206766850288547
20.0,3.0,1017.9793090820312,1.5727957077686534,0.5385493850172018,-0.5137564418904634,3.973880737911347,-0.1482264796475361,-2.1255131722320515,-0.1445758477290324,1.103518857634247,-1.1996324186508769,-1.3769416003463464
20.0,3.0,1017.97998046875,-2.9108953543199574,-1.0822501740882196,-1.2400961337421823,1.6119093199917778,-1.7309041221570691,-0.4683379142052928,-2.276886463389205,4.953382184879441,1.916466321764318,-0.4905504097704147
20.0,3.0,1018.0638427734376,-2.9108953543199574,-1.0822501740882196,-1.2400961337421823,1.6119093199917778,-1.7309041221570691,-0.4683379142052928,-2.276886463389205,4.998921389696586,1.916466321764318,-0.4905504097704147
20.0,3.0,1018.1373291015624,1.572956289678773,0.4868250449965439,-0.5550125567034221,3.968788153426988,-0.1482264796475361,-1.738244965913437,-0.3236385250840969,-1.848184736568319,-3.910848378235564,-1.3769416003463464
20.0,3.0,1018.1531982421876,1.304189792837736,4.520872122171015,-2.3344267960255136,2.479114710139081,0.0091152568081671,2.522014532388946,-0.4960786856042452,-2.712519434921675,-0.7620145164811962,0.6681752950945006
20.0,3.0,1018.1734619140624,-2.9108953543199574,-1.0664104951000286,-1.2400961337421823,1.6119093199917778,-2.2698803054891488,-0.4683379142052928,-2.276886463389205,4.953382184879441,1.916466321764318,-0.4905504097704147
20.0,3.0,1018.3733520507812,1.671981119159157,0.901824955027294,-1.879654851948123,1.6271771400722497,-1.4815515064914164,0.0082863204154586,3.705825920673245,-3.398470475153629,1.977926165555584,-0.511900419780832
20.0,3.0,1018.5062255859376,-1.9559223533934544,0.9256573502628358,-0.819063751483912,1.9171531132504305,2.40267848529414,3.8536630811497306,1.3682307872128954,2.718613246848948,0.4799988505018202,0.942567581910568
20.0,3.0,1018.5623779296876,-2.9827059827542737,-0.881363256164049,-1.5623689758333683,2.891362302387708,-2.080310989382508,-0.4683379142052928,-2.276886463389205,4.953382184879441,1.916466321764318,-0.5138606962537291
20.0,3.0,1018.7349243164062,-1.9559223533934544,2.8060318466696588,-1.847934741217048,2.0238704221619432,2.2653131781441007,4.586292428642126,1.3682307872128954,2.718613246848948,0.362362184830955,0.8763845774997017
20.0,3.0,1018.8604736328124,0.6501161272579168,-0.7581092890567787,-2.3700427115726,-3.724498275957977,-1.0922303776562403,-0.0070451453906927,-0.395040991183073,-3.9565880267726814,0.5580905583094699,0.6815610191183685
20.0,3.0,1018.9622192382812,1.572956289678773,0.4868250449965439,-0.5572129643252595,3.973880737911347,-0.1482264796475361,-2.1367856612794767,-0.1445758477290324,-2.083528412761276,-3.805325940661514,-1.3769416003463464
20.0,3.0,1018.9622192382812,1.572956289678773,0.4868250449965439,-0.5572129643252595,3.973880737911347,-0.1482264796475361,-2.1367856612794767,-0.1445758477290324,-2.083528412761276,-3.805325940661514,-1.3769416003463464
20.0,3.0,1019.1492309570312,-1.9559223533934544,2.8060318466696588,-1.847934741217048,2.0238704221619432,2.40267848529414,4.281379402861397,1.3682307872128954,2.718613246848948,0.362362184830955,0.8763845774997017
20.0,3.0,1019.43896484375,0.6710051542762034,-0.5770727017223969,-0.9289105819393386,-3.724498275957977,0.7530827523657022,-2.94026453142468,-3.466649665798619,-3.9900481626838777,-0.9590558081684994,0.8960921799506298
20.0,3.0,1019.8610229492188,1.493735262074413,0.4868250449965439,-0.0855282125955658,3.980423993732285,-0.1482264796475361,-2.129639757480644,-0.682267336464621,-0.0581552866589007,-3.826879719196985,-1.4373508289994747
20.0,3.0,1019.9679565429688,-2.744589714452752,-1.3118997072358294,-2.33256900834915,2.479114710139081,0.0636756565191644,2.5034707782695205,-0.4960786856042452,-2.690787853324524,-0.5990638404386648,-0.5186309655411705
20.0,3.0,1020.2708740234376,1.4254388218608751,0.2292745807411469,-2.624611505485749,-4.231954594666854,-0.0678638053572786,-2.30655161333876,-4.587470539979277,-3.401562629387969,-0.830497232951364,-0.5159191112024111
20.0,3.0,1020.341796875,-2.9318298136330205,-0.881363256164049,-1.5623689758333683,0.7665218864290738,-2.080310989382508,-0.4683379142052928,-2.276886463389205,4.953382184879441,1.916466321764318,-0.5634440615944258
20.0,3.0,1020.57373046875,1.985892429259399,-0.4795932035317164,-0.5568063861552977,3.973880737911347,-0.1482264796475361,-2.1367856612794767,-0.1445758477290324,-0.0010061124630511,-3.8275922412111134,-1.3769416003463464
20.0,3.0,1020.9274291992188,1.5439561328325713,-1.4413087144463543,-2.158924328201289,-2.046417468335328,3.79464245985534,2.0610600443142904,-0.6716519559937077,0.109280788825576,0.3419114724008318,0.8678866300194469
20.0,3.0,1020.9874267578124,1.216495216749873,-0.4818898866450227,-0.9326616203519984,1.5712844960157155,0.7530827523657022,-0.0975593161576501,3.976360892158776,-2.6937439031606187,1.7352907709578582,0.947561452329377
20.0,3.0,1021.4932250976562,-0.9894072281290338,0.9069666877729744,-1.5513884981625727,-3.6726057834545154,1.395161085089664,4.318801125324029,1.375807250862972,2.609221430421534,-2.675188236456391,-0.3360097958470702
20.0,3.0,1021.6041870117188,-2.989376228641857,-0.8797008598331624,-1.2400961337421823,1.612062728140771,-1.7309041221570691,-0.4683379142052928,-2.5665568542871133,4.953382184879441,1.916466321764318,-0.4742588753819289
20.0,3.0,1021.7741088867188,1.5439561328325713,-1.4413087144463543,1.4871301326241635,-2.046417468335328,3.79464245985534,2.0610600443142904,-0.6716519559937077,0.0268779269855499,2.530542953010033,1.0670638351941166
20.0,3.0,1021.8165893554688,-1.9559223533934544,2.8060318466696588,-1.847934741217048,2.0238704221619432,2.40267848529414,4.001316623540291,1.3682307872128954,2.718613246848948,0.362362184830955,0.942567581910568
20.0,3.0,1022.0419311523438,1.493735262074413,0.4868250449965439,-0.0855282125955658,3.980423993732285,-0.1482264796475361,-2.129639757480644,3.289009109589658,-0.0581552866589007,-3.826879719196985,-1.3769416003463464
20.0,3.0,1022.4465942382812,-1.9559223533934544,2.8060318466696588,-1.847934741217048,2.0238704221619432,2.327076599599849,4.586292428642126,1.3682307872128954,2.718613246848948,0.362362184830955,0.7043222179736977
20.0,3.0,1022.5317993164062,1.304189792837736,2.9603532256940803,-1.6554092481083649,2.856573152470835,0.0091152568081671,2.522014532388946,-0.4960786856042452,-2.712519434921675,-0.7620145164811962,0.3071602135851556
20.0,3.0,1022.7665405273438,-2.8858055475969264,2.6034822269542275,-1.847934741217048,2.0237170140129503,2.156494091231106,4.586292428642126,1.3682307872128954,2.718613246848948,0.4678600269698991,0.8600930431112154
20.0,3.0,1023.2454833984376,1.7483858866165825,0.4868250449965439,-0.5572129643252595,3.980423993732285,-0.1482264796475361,-2.129639757480644,-0.1445758477290324,-0.0581552866589007,-3.826828761023642,-1.3769416003463464
20.0,3.0,1023.2747192382812,1.572956289678773,-0.4795932035317164,-0.5572129643252595,3.973880737911347,-0.1482264796475361,-2.1367856612794767,-0.1445758477290324,-3.9513693538475465,-3.805325940661514,-1.3769416003463464
20.0,3.0,1023.300537109375,-1.9559223533934544,3.913937449117051,-0.8273573922938121,2.0238704221619432,2.40267848529414,3.866396625573793,1.3682307872128954,2.801120198606561,0.4789451565903234,0.942567581910568
20.0,3.0,1023.3833618164062,-1.1181635525420446,0.9069666877729744,-1.55358890578441,-3.6726057834545154,2.228918387346857,3.916087678452236,1.3681213877567964,2.76718624863759,-2.5696657908615794,-0.3360097958470702
20.0,4.0,1011.0333862304688,0.4660766130375353,0.4904742264221214,-1.3333372937592651,-2.2838754303043007,-1.4815515064914164,0.5525908727921764,-0.2005758221388214,-3.475313815306392,1.842919185456236,-1.372020379366025
20.0,4.0,1011.337646484375,1.4254388218608751,0.2292745807411469,-2.340850009464873,2.7341165932358784,-0.0678638053572786,-2.325094919021935,-0.5791590398786561,-2.695299658385912,-0.8162340009161815,-0.5159191112024111
20.0,4.0,1011.337646484375,1.4254388218608751,0.2292745807411469,-2.340850009464873,2.7341165932358784,-0.0678638053572786,-2.325094919021935,-0.5791590398786561,-2.695299658385912,-0.8162340009161815,-0.5159191112024111
20.0,4.0,1011.550048828125,1.4254388218608751,0.2292745807411469,-2.454895547796817,0.7397189155362638,0.8269869452245109,-2.325094919021935,-0.4856656480679,-2.79648081093755,-0.8162340009161815,-0.5876595596144617
20.0,4.0,1011.5938720703124,1.061576448002891,2.8060318466696588,1.87837024004712,2.7236704375586847,2.40267848529414,2.2296586587522524,1.3682307872128954,2.71049514669728,2.4657422253441315,1.0755617826743713
20.0,4.0,1011.7274169921876,0.5986239463412111,0.3971322508761283,-0.7786203454572351,-3.724498275957977,0.7154492731824003,-0.0070451453906927,0.0417602150325204,-2.083706830093376,0.3788263466435764,0.9349034834407416
20.0,4.0,1012.4482421875,-2.8663813111373457,-1.0822501740882196,-1.2400961337421823,2.762929011195397,-0.0061078832486169,-2.084530212388753,-0.1332341070585244,4.998921389696586,2.10232352531316,-0.5160587725293625
20.0,4.0,1012.4517211914062,0.4710302018562904,-0.3370242740632642,1.6629264561215773,-2.0763608488331857,0.4419292731360727,2.517987206769191,0.4440404327161131,-2.156542354400868,-3.805325940661514,-1.3769416003463464
20.0,4.0,1012.5093994140624,2.055993162032398,0.2292745807411469,-2.340850009464873,2.7341165932358784,-0.0678638053572786,-2.325094919021935,-0.5791590398786561,2.6770656169824285,-0.8162340009161815,0.8812690172990267
20.0,4.0,1012.6395874023438,-2.9108953543199574,-1.0149525489913618,-1.2400961337421823,1.595904477487557,-1.633690536154239,-0.4683379142052928,-2.276886463389205,4.9788548756962605,1.7877922372069122,0.87065060687773
20.0,4.0,1012.7007446289062,1.855525879615601,0.4868250449965439,-0.5572129643252595,4.212410002911127,0.7450070569680225,-2.129639757480644,-0.1445758477290324,-0.0581552866589007,0.5610865661747755,-1.3769416003463464
20.0,4.0,1012.8997802734376,-2.9108953543199574,0.4730045489823063,-0.3559402091153565,1.762252432994468,-1.7309041221570691,-0.4963082368853086,-2.276886463389205,4.998921389696586,0.3532126767817719,-0.4905504097704147
20.0,4.0,1012.9969482421876,-0.9841382011644052,0.9069666877729744,-1.5513884981625727,-3.6726057834545154,1.395161085089664,2.546614699093659,1.375807250862972,-2.4726218617249947,-2.537440506167739,-0.3360097958470702
20.0,4.0,1013.267822265625,1.4254388218608751,0.2292745807411469,-2.340850009464873,2.7341165932358784,-0.0678638053572786,-2.325094919021935,-0.5791590398786561,-2.695299658385912,-0.8162340009161815,-0.6494014317458976
20.0,4.0,1013.9260864257812,-2.027935755351623,-0.3370242740632642,2.0261937385003908,1.9205894258085163,2.1843270496164693,2.517987206769191,0.4440404327161131,-2.17881323871507,0.4049726502284687,-1.3769416003463464
20.0,4.0,1014.1078491210938,-0.3792021542634503,1.205951365332245,-0.819063751483912,1.933157955754651,0.9208712254770636,3.1571736740879226,1.3682307872128954,2.614215840917221,0.6086729350591776,-0.4470566462065886
20.0,4.0,1014.2340698242188,0.6586406724428082,0.4866422716178373,-0.3626019365629132,-3.724498275957977,0.7530827523657022,-0.0070451453906927,0.0417602150325204,-2.083706830093376,0.3788263466435764,0.9159688598509236
20.0,4.0,1014.2625732421876,1.4254388218608751,0.2292745807411469,-2.340850009464873,0.7397189155362638,-0.0678638053572786,-2.325094919021935,-0.5791590398786561,-2.695299658385912,-0.8162340009161815,-0.5655024765431078
20.0,4.0,1014.3370971679688,0.4710302018562904,-0.3370242740632642,-2.2620028454673053,-1.6769965021207016,0.409338193308516,2.5166737549202707,-0.6612260968065115,-2.136148868147956,-1.0565642356099034,-1.3304668930336456
20.0,4.0,1014.4406127929688,-1.9559223533934544,2.8060318466696588,1.7981197729250054,2.0238704221619432,2.40267848529414,4.281379402861397,1.3682307872128954,2.6362103799138543,2.55099366511043,1.0755617826743713
20.0,4.0,1014.9736938476562,-1.8627213507751432,0.2292745807411469,-2.4211002081727293,2.034316577839137,-0.0678638053572786,-1.7802821987732609,-0.5791590398786561,-2.7695829702667902,-0.7309825898049263,-0.5159191112024111
20.0,4.0,1015.17724609375,-2.744589714452752,-1.3118997072358294,-2.3344267960255136,2.479114710139081,0.0636756565191644,2.522014532388946,-0.4960786856042452,-3.3969150241397377,-0.6129508153854646,-0.5186309655411705
20.0,4.0,1015.4578857421876,1.5526769701294652,0.4868250449965439,-0.5572129643252595,4.740535882811004,-0.1482264796475361,-3.0081413783652846,-0.1445758477290324,-2.134999789284425,-0.9297869287907432,-1.3229783928072572
20.0,4.0,1015.6370849609376,1.3048300459515227,0.2370587355691746,-2.340850009464873,0.7397189155362638,-0.0678638053572786,-2.363588922980851,-0.5791590398786561,-2.695299658385912,-0.8162340009161815,-0.5674631828055362
20.0,4.0,1015.6694946289062,-2.7444357421025534,-1.0494137911575414,-0.5493001662215413,4.039633829395751,0.0592841178072181,2.6778196705467487,-0.1445758477290324,-0.0578458851340757,-0.6540003694116312,-0.3878027535171073
20.0,4.0,1016.0120849609376,1.6769347079779102,-0.4577737828860903,1.747558867484138,1.3441876243370556,0.4419292731360727,2.517461883678532,0.4440404327161131,-2.156542354400868,-3.7314517121999953,-1.3769416003463464
20.0,4.0,1016.26318359375,1.671981119159157,0.4904742264221214,-1.2487048816654116,1.4646807448939547,-1.4815515064914164,0.5520655497555333,-0.2005758221388214,-3.475313815306392,1.916466321764318,-1.372020379366025
20.0,4.0,1016.3937377929688,-2.760317921759657,-1.3118997072358294,-2.3344267960255136,2.479114710139081,-0.1573683242728655,-2.1511167563837867,-0.2925072203057893,-3.3969150241397377,-0.6129508153854646,-0.540165261328336
20.0,4.0,1016.4122314453124,1.5505279266011749,0.4868250449965439,-0.5572129643252595,4.740535882811004,-0.1482264796475361,-3.0081413783652846,-0.1445758477290324,-1.6919085934124671,-0.9297869287907432,-0.536098793549904
20.0,4.0,1016.5001831054688,1.5526769701294652,0.4868250449965439,-1.9152395225187089,2.0438996967950835,-0.2308471229634174,-3.106731474911534,-0.1445758477290324,-2.134999789284425,-0.9297869287907432,-1.3229783928072572
20.0,4.0,1016.5391845703124,1.4254388218608751,0.2292745807411469,-2.340850009464873,1.5830969020318897,-1.7329350558476797,-2.3351959273818497,-0.8592646834515361,-2.695299658385912,-0.8162340009161815,-0.5205370237019032
20.0,4.0,1016.6044921875,-1.9559223533934544,3.913937449117051,-0.8273573922938121,2.0238704221619432,2.40267848529414,3.8536630811497306,1.3682307872128954,2.718613246848948,0.4799988505018202,0.942567581910568
20.0,4.0,1016.6395263671876,-2.9108953543199574,-1.6139164018918195,-1.2400961337421823,1.6119093199917778,-1.7309041221570691,-0.4683379142052928,-2.276886463389205,4.953385183780912,1.916466321764318,-0.4905504097704147
20.0,4.0,1016.9254760742188,1.6741301626874472,0.4904742264221214,-1.2487048816654116,1.6119093199917778,-1.4815515064914164,0.5520655497555333,3.705825920673245,-3.398470475153629,1.916466321764318,-1.3004869377064543
20.0,4.0,1017.0772094726562,0.4710302018562904,-0.3370242740632642,1.4918941474939418,-2.0763608488331857,0.409338193308516,2.5166737549202707,-0.6612260968065115,-2.156542354400868,2.4121723657090954,-1.3769416003463464
20.0,4.0,1017.243408203125,1.671981119159157,0.4904742264221214,-1.2487048816654116,1.6119093199917778,-1.4815515064914164,0.5520655497555333,3.705825920673245,-3.398470475153629,1.916466321764318,-0.5136073384491011
20.0,4.0,1017.3196411132812,-2.8663813111373457,-1.0822501740882196,-1.2400961337421823,1.6119093199917778,-1.6711791337396238,-2.0946312207486675,-0.1372969221646549,4.998921389696586,2.10232352531316,-0.5206766850288547
20.0,4.0,1017.4290771484376,1.572956289678773,0.4868250449965439,-0.5493473578697067,4.041783833410276,0.9419698568817532,-1.738244965913437,-0.1706668073637462,-1.848184736568319,-0.6812023330327783,-1.3769416003463464
20.0,4.0,1017.5297241210938,-2.9108953543199574,-1.0822501740882196,-1.2400961337421823,1.6119093199917778,-1.7309041221570691,-0.4683379142052928,-2.276886463389205,4.998534104792301,1.916466321764318,-0.4905504097704147
20.0,4.0,1017.8903198242188,0.6586406724428082,-1.1486120338989074,-1.2467578611897392,-3.874196829174733,0.7530827523657022,0.020925177289323,0.0417602150325204,-2.083706830093376,1.4741583713650015,0.9159688598509236
20.0,4.0,1017.9793090820312,1.5727957077686534,0.5385493850172018,-0.5137564418904634,3.973880737911347,-0.1482264796475361,-2.1255131722320515,-0.1445758477290324,1.103518857634247,-1.1996324186508769,-1.3769416003463464
20.0,4.0,1017.97998046875,-2.9108953543199574,-1.0822501740882196,-1.2400961337421823,1.6119093199917778,-1.7309041221570691,-0.4683379142052928,-2.276886463389205,4.953382184879441,1.916466321764318,-0.4905504097704147
20.0,4.0,1018.04638671875,1.681366298174396,0.4868250449965439,-0.536239127540659,3.968788153426988,-0.1482264796475361,0.5873774396537653,-0.2148340357843416,-1.848184736568319,-3.910848378235564,-1.3770012130925275
20.0,4.0,1018.0638427734376,-2.9108953543199574,-1.0822501740882196,-1.2400961337421823,1.6119093199917778,-1.7309041221570691,-0.4683379142052928,-2.276886463389205,4.998921389696586,1.916466321764318,-0.4905504097704147
20.0,4.0,1018.1373291015624,1.572956289678773,0.4868250449965439,-0.5550125567034221,3.968788153426988,-0.1482264796475361,-1.738244965913437,-0.3236385250840969,-1.848184736568319,-3.910848378235564,-1.3769416003463464
20.0,4.0,1018.1531982421876,1.304189792837736,4.520872122171015,-2.3344267960255136,2.479114710139081,0.0091152568081671,2.522014532388946,-0.4960786856042452,-2.712519434921675,-0.7620145164811962,0.6681752950945006
20.0,4.0,1018.1734619140624,-2.9108953543199574,-1.0664104951000286,-1.2400961337421823,1.6119093199917778,-2.2698803054891488,-0.4683379142052928,-2.276886463389205,4.953382184879441,1.916466321764318,-0.4905504097704147
20.0,4.0,1018.2070922851562,1.855525879615601,0.4868250449965439,-0.5572129643252595,4.212410002911127,0.7450070569680225,-2.129639757480644,-0.1445758477290324,-0.0581552866589007,0.3648956720274831,-1.3769416003463464
20.0,4.0,1018.2100830078124,-2.833866588227093,0.4498361211128914,-1.8562674074943009,1.9614155962160549,2.156494091231106,4.586292428642126,1.3682307872128954,-0.0143031453626927,0.4678600269698991,0.8600930431112154
20.0,4.0,1018.3733520507812,1.671981119159157,0.901824955027294,-1.879654851948123,1.6271771400722497,-1.4815515064914164,0.0082863204154586,3.705825920673245,-3.398470475153629,1.977926165555584,-0.511900419780832
20.0,5.0,1009.2268676757812,-0.9841382011644052,0.9069666877729744,-2.358612181741912,-3.6726057834545154,-0.1354401571062382,2.546614699093659,-0.5690047728756003,-2.7032612227549,-2.537440506167739,-0.6584164212580281
20.0,5.0,1009.4590454101562,0.7949034451879731,0.4866422716178373,-0.2082277609614416,2.150566295250472,0.6880414981030838,-0.0070451453906927,0.0405607882411588,-2.179947744332276,0.3781293213913578,0.9159688598509236
20.0,5.0,1009.556396484375,1.855525879615601,0.4997955247489019,-0.5572129643252595,4.212410002911127,0.6850680790595574,-2.1306604369227533,-0.1445758477290324,-0.1020489205745409,0.4840798894791499,-0.7684547586173482
20.0,5.0,1009.6478881835938,1.4247432231060997,0.2292745807411469,-2.340850009464873,2.2207421994452274,-0.2324749058728883,-2.325094919021935,-0.5791590398786561,-2.695233416628984,-0.8162340009161815,-0.5159191112024111
20.0,5.0,1009.9628295898438,-0.3792021542634503,1.205951365332245,-2.368558659322189,1.93208416634534,0.9208712254770636,-2.472351517408583,1.3682307872128954,2.6129360652081948,-0.8746044645820135,-0.4470566462065886
20.0,5.0,1010.10693359375,-2.9108953543199574,-1.0149525489913618,-1.2252240489089212,1.595904477487557,-1.6069748130985333,-0.4683379142052928,-2.390548124986418,2.8284268855488417,1.7877922372069122,0.87065060687773
20.0,5.0,1010.3339233398438,0.5986239463412111,-0.9015327865071276,-1.2338822318889306,-3.1722671851543325,0.8269901176550021,-0.4380111817668523,0.0417602150325204,-2.083706830093376,0.3644521947954836,0.8688782307935665
20.0,5.0,1010.7296752929688,1.5505279266011749,0.4868250449965439,-0.549364481930579,3.942016698746971,-0.1482264796475361,-3.0081413783652846,-0.5200677034213717,-1.850553602800052,-0.9297869287907432,-0.536098793549904
20.0,5.0,1010.7949829101562,1.4254388218608751,0.2292745807411469,-2.355722094298114,0.7397189155362638,-0.0945795284129239,-2.325094919021935,-0.5791590398786561,-2.695299658385912,-0.8162340009161815,-0.5655024765431078
20.0,5.0,1011.0333862304688,0.4660766130375353,0.4904742264221214,-1.3333372937592651,-2.2838754303043007,-1.4815515064914164,0.5525908727921764,-0.2005758221388214,-3.475313815306392,1.842919185456236,-1.372020379366025
20.0,5.0,1011.337646484375,1.4254388218608751,0.2292745807411469,-2.340850009464873,2.7341165932358784,-0.0678638053572786,-2.325094919021935,-0.5791590398786561,-2.695299658385912,-0.8162340009161815,-0.5159191112024111
20.0,5.0,1011.337646484375,1.4254388218608751,0.2292745807411469,-2.340850009464873,2.7341165932358784,-0.0678638053572786,-2.325094919021935,-0.5791590398786561,-2.695299658385912,-0.8162340009161815,-0.5159191112024111
20.0,5.0,1011.4970703125,1.1046351715857383,0.2292745807411469,-2.340850009464873,0.7397189155362638,-0.0678638053572786,2.5248601340632737,-0.5824206312044419,-2.1350423226987574,-0.9499525586571618,-0.5655024765431078
20.0,5.0,1011.550048828125,1.4254388218608751,0.2292745807411469,-2.454895547796817,0.7397189155362638,0.8269869452245109,-2.325094919021935,-0.4856656480679,-2.79648081093755,-0.8162340009161815,-0.5876595596144617
20.0,5.0,1011.5938720703124,1.061576448002891,2.8060318466696588,1.87837024004712,2.7236704375586847,2.40267848529414,2.2296586587522524,1.3682307872128954,2.71049514669728,2.4657422253441315,1.0755617826743713
20.0,5.0,1011.7274169921876,0.5986239463412111,0.3971322508761283,-0.7786203454572351,-3.724498275957977,0.7154492731824003,-0.0070451453906927,0.0417602150325204,-2.083706830093376,0.3788263466435764,0.9349034834407416
20.0,5.0,1011.7396240234376,1.5540217818768167,-0.3370242740632642,1.6629264561215773,-2.386775177583919,0.4419292731360727,2.517987206769191,0.4785019271611805,-2.135837172674036,-3.805325940661514,-1.3769350633003992
20.0,5.0,1011.82373046875,0.5647507233050506,0.3993436528319812,-0.4395895693960275,-2.2248175280720788,0.409338193308516,-0.5123856339965467,-0.7596887728079386,4.949349674052078,-1.0565642356099034,-1.3304668930336456
20.0,5.0,1011.906494140625,-2.8663813111373457,-1.3452552061678968,-0.9312290006857804,2.7340054652371206,-0.0012739259835787,-2.072609265397156,-0.1332341070585244,4.998921389696586,2.079067431631647,-0.535156017667638
20.0,5.0,1012.1263427734376,1.921477775826532,0.4868250449965439,-1.5617750188410755,3.615155317731261,0.9552603883890924,-1.738244965913437,-0.1706668073637462,-1.848184736568319,-0.6812023330327783,-1.3769416003463464
20.0,5.0,1012.2137451171876,-0.0866305789144836,-1.3118997072358294,-2.2095383032173985,1.884209615192889,0.0636756565191644,2.522014532388946,1.3364094902214745,2.3598166192256302,-1.1054553487185292,-0.4458545941678105
20.0,5.0,1012.4482421875,-2.8663813111373457,-1.0822501740882196,-1.2400961337421823,2.762929011195397,-0.0061078832486169,-2.084530212388753,-0.1332341070585244,4.998921389696586,2.10232352531316,-0.5160587725293625
20.0,5.0,1012.4517211914062,0.4710302018562904,-0.3370242740632642,1.6629264561215773,-2.0763608488331857,0.4419292731360727,2.517987206769191,0.4440404327161131,-2.156542354400868,-3.805325940661514,-1.3769416003463464
20.0,5.0,1012.5093994140624,2.055993162032398,0.2292745807411469,-2.340850009464873,2.7341165932358784,-0.0678638053572786,-2.325094919021935,-0.5791590398786561,2.6770656169824285,-0.8162340009161815,0.8812690172990267
20.0,5.0,1012.6395874023438,-2.9108953543199574,-1.0149525489913618,-1.2400961337421823,1.595904477487557,-1.633690536154239,-0.4683379142052928,-2.276886463389205,4.9788548756962605,1.7877922372069122,0.87065060687773
20.0,5.0,1012.7007446289062,1.855525879615601,0.4868250449965439,-0.5572129643252595,4.212410002911127,0.7450070569680225,-2.129639757480644,-0.1445758477290324,-0.0581552866589007,0.5610865661747755,-1.3769416003463464
20.0,5.0,1012.8668212890624,1.694391100921066,0.4806026100346504,-1.2212240422551397,1.3626423687497464,-0.072336520983452,-2.469481463011388,-0.5791590398786561,-2.695299658385912,1.986683972992609,-0.5159191112024111
20.0,5.0,1012.8717041015624,2.055993162032398,0.0409462597019163,-2.3418672227749626,2.763040139194155,-0.0726977626223169,-2.3370158660135325,-0.5791590398786561,1.8109198352392049,-1.0720558165147407,0.900366262437301
20.0,5.0,1012.8997802734376,-2.9108953543199574,0.4730045489823063,-0.3559402091153565,1.762252432994468,-1.7309041221570691,-0.4963082368853086,-2.276886463389205,4.998921389696586,0.3532126767817719,-0.4905504097704147
20.0,5.0,1012.9969482421876,-0.9841382011644052,0.9069666877729744,-1.5513884981625727,-3.6726057834545154,1.395161085089664,2.546614699093659,1.375807250862972,-2.4726218617249947,-2.537440506167739,-0.3360097958470702
20.0,5.0,1013.1384887695312,1.1946382352362652,0.2292745807411469,-2.340850009464873,1.5830969020318897,0.4953162724248685,-2.335386186789239,-0.5800979418697635,-2.695299658385912,-0.8162340009161815,-0.5203663785062569
20.0,5.0,1013.267822265625,1.4254388218608751,0.2292745807411469,-2.340850009464873,2.7341165932358784,-0.0678638053572786,-2.325094919021935,-0.5791590398786561,-2.695299658385912,-0.8162340009161815,-0.6494014317458976
20.0,5.0,1013.3964233398438,1.4254388218608751,-0.3360136076585623,-2.454895547796817,0.7397189155362638,0.8269869452245109,-2.399716127608571,0.4340839378622451,-2.0430789619557883,-0.3347430657064945,-0.5563438519400203
20.0,5.0,1013.5770874023438,1.4254388218608751,0.1182078371790542,-2.340850009464873,2.7341165932358784,-0.317392438777531,0.5857466981229965,-0.1949944349188004,-2.6384344099638417,-0.6821415397441113,-0.4824263719135584
20.0,5.0,1013.6361694335938,-2.079317086841136,-0.2713975418545155,2.0261937385003908,1.9205894258085163,-1.3257601162484662,0.5267898497120229,0.4440404327161131,-2.17881323871507,0.4049726502284687,-1.3769387623527054
20.0,5.0,1013.9260864257812,-2.027935755351623,-0.3370242740632642,2.0261937385003908,1.9205894258085163,2.1843270496164693,2.517987206769191,0.4440404327161131,-2.17881323871507,0.4049726502284687,-1.3769416003463464
20.0,5.0,1013.9993286132812,1.061576448002891,2.8060318466696588,-0.589059006741318,2.7236704375586847,0.7694147294300281,-2.391789752283786,1.3682307872128954,2.71049514669728,2.4657422253441315,1.0755617826743713
20.0,5.0,1014.0480346679688,1.4254388218608751,0.2292745807411469,-1.5336263258855334,2.7341165932358784,1.4627374368385473,-2.325094919021935,1.365652983859437,-2.464660297356008,-0.8162340009161815,-0.3269948063349396
20.0,5.0,1014.09765625,0.4710302018562904,0.2282639143364451,1.6629264561215773,-2.0763608488331857,0.4419292731360727,2.592607403772131,-0.475709153214032,-2.764490620440289,-4.2859333372870525,-1.408257308020788
20.0,5.0,1014.1078491210938,-0.3792021542634503,1.205951365332245,-0.819063751483912,1.933157955754651,0.9208712254770636,3.1571736740879226,1.3682307872128954,2.614215840917221,0.6086729350591776,-0.4470566462065886
20.0,5.0,1014.2340698242188,0.6586406724428082,0.4866422716178373,-0.3626019365629132,-3.724498275957977,0.7530827523657022,-0.0070451453906927,0.0417602150325204,-2.083706830093376,0.3788263466435764,0.9159688598509236
20.0,5.0,1014.2625732421876,1.4254388218608751,0.2292745807411469,-2.340850009464873,0.7397189155362638,-0.0678638053572786,-2.325094919021935,-0.5791590398786561,-2.695299658385912,-0.8162340009161815,-0.5655024765431078
20.0,5.0,1014.3370971679688,0.4710302018562904,-0.3370242740632642,-2.2620028454673053,-1.6769965021207016,0.409338193308516,2.5166737549202707,-0.6612260968065115,-2.136148868147956,-1.0565642356099034,-1.3304668930336456
20.0,5.0,1014.4406127929688,-1.9559223533934544,2.8060318466696588,1.7981197729250054,2.0238704221619432,2.40267848529414,4.281379402861397,1.3682307872128954,2.6362103799138543,2.55099366511043,1.0755617826743713
20.0,5.0,1014.482666015625,1.5533725688842408,0.4868250449965439,-1.9152395225187089,2.0438996967950835,-0.0662360224478077,-3.106731474911534,-0.1445758477290324,-2.135066031041353,-0.9297869287907432,-1.3229783928072572
20.0,5.0,1014.537109375,-2.9108953543199574,0.2837124883918953,-0.7848342473104869,1.402248863294072,-1.633690536154239,-0.0373718778291332,-2.276886463389205,4.9788548756962605,1.8021663890549573,0.9366758595249052
20.0,5.0,1014.9736938476562,-1.8627213507751432,0.2292745807411469,-2.4211002081727293,2.034316577839137,-0.0678638053572786,-1.7802821987732609,-0.5791590398786561,-2.7695829702667902,-0.7309825898049263,-0.5159191112024111
20.0,5.0,1015.17724609375,-2.744589714452752,-1.3118997072358294,-2.3344267960255136,2.479114710139081,0.0636756565191644,2.522014532388946,-0.4960786856042452,-3.3969150241397377,-0.6129508153854646,-0.5186309655411705
20.0,5.0,1015.2086181640624,0.5440092874242785,-0.3370242740632642,-2.2620028454673053,-1.6769965021207016,0.409338193308516,-2.3332817786490603,-0.708492485526608,-2.6964062038351098,-1.0464739670190004,-1.3304668930336456
20.0,5.0,1015.4578857421876,1.5526769701294652,0.4868250449965439,-0.5572129643252595,4.740535882811004,-0.1482264796475361,-3.0081413783652846,-0.1445758477290324,-2.134999789284425,-0.9297869287907432,-1.3229783928072572
20.0,6.0,1007.9842529296876,0.5647507233050506,1.474385157379556,-0.0063639750802205,-2.2248175280720788,-0.0603708600977678,-0.6714120612400166,-0.8509503883001638,-2.6732522434940043,-0.8996575579777459,-1.3266797631917118
20.0,6.0,1007.9912109375,2.3659976056974954,0.1214050690167433,-0.5238549469344124,2.7341165932358784,0.6898638152605947,-2.100674779678453,-0.1998220060308216,-2.717663863543846,-0.6672455070708274,-0.4824263719135584
20.0,6.0,1008.1386108398438,1.4254388218608751,0.1985645951457307,-2.454895547796817,2.6706176597887805,0.8273119669828846,-2.335462460755192,-0.1336705239955637,-2.700383969724815,-0.8162340009161815,-0.5841657349870616
20.0,6.0,1008.186767578125,0.8372169914894939,1.1964133432004678,-2.368558659322189,1.93208416634534,0.9208712254770636,-0.1064478960379065,1.5531032032063223,2.825033589658959,-0.8746044645820135,-0.4470566462065886
20.0,6.0,1009.1473388671876,0.6013099133336963,0.2292745807411469,-2.340850009464873,-1.5224193645524775,-0.2324749058728883,-2.325094919021935,-0.5791590398786561,-2.695233416628984,-0.8162340009161815,-0.5159191112024111
20.0,6.0,1009.2268676757812,-0.9841382011644052,0.9069666877729744,-2.358612181741912,-3.6726057834545154,-0.1354401571062382,2.546614699093659,-0.5690047728756003,-2.7032612227549,-2.537440506167739,-0.6584164212580281
20.0,6.0,1009.278076171875,0.5986239463412111,0.3923821953948915,-0.7111410082595072,0.7774092762061562,0.6734398052945179,-0.5856701814751614,0.0417602150325204,-2.083706830093376,0.3788263466435764,0.9860427330432204
20.0,6.0,1009.4590454101562,0.7949034451879731,0.4866422716178373,-0.2082277609614416,2.150566295250472,0.6880414981030838,-0.0070451453906927,0.0405607882411588,-2.179947744332276,0.3781293213913578,0.9159688598509236
20.0,6.0,1009.556396484375,1.855525879615601,0.4997955247489019,-0.5572129643252595,4.212410002911127,0.6850680790595574,-2.1306604369227533,-0.1445758477290324,-0.1020489205745409,0.4840798894791499,-0.7684547586173482
20.0,6.0,1009.6478881835938,1.4247432231060997,0.2292745807411469,-2.340850009464873,2.2207421994452274,-0.2324749058728883,-2.325094919021935,-0.5791590398786561,-2.695233416628984,-0.8162340009161815,-0.5159191112024111
20.0,6.0,1009.6895141601562,1.4254388218608751,0.2292745807411469,-2.3558853567734754,2.7341165932358784,-0.0954271952119283,-2.325094919021935,-1.0758452678221708,-2.695299658385912,-0.8162340009161815,-0.6494014317458976
20.0,6.0,1009.9407348632812,-0.0866305789144836,0.371874460526673,-0.5720020137609363,4.1201187923151785,0.0636756565191644,2.522014532388946,1.3364094902214745,2.3598166192256302,-1.1054553487185292,-0.0142698128626761
20.0,6.0,1009.9628295898438,-0.3792021542634503,1.205951365332245,-2.368558659322189,1.93208416634534,0.9208712254770636,-2.472351517408583,1.3682307872128954,2.6129360652081948,-0.8746044645820135,-0.4470566462065886
20.0,6.0,1010.10693359375,-2.9108953543199574,-1.0149525489913618,-1.2252240489089212,1.595904477487557,-1.6069748130985333,-0.4683379142052928,-2.390548124986418,2.8284268855488417,1.7877922372069122,0.87065060687773
20.0,6.0,1010.2140502929688,-3.413061691204175,0.4730045489823063,-0.3559402091153565,1.762252432994468,-1.7309041221570691,-0.4963082368853086,-2.276886463389205,4.998921389696586,0.3532126767817719,-0.4905504097704147
20.0,6.0,1010.3339233398438,0.5986239463412111,-0.9015327865071276,-1.2338822318889306,-3.1722671851543325,0.8269901176550021,-0.4380111817668523,0.0417602150325204,-2.083706830093376,0.3644521947954836,0.8688782307935665
20.0,6.0,1010.6044921875,-0.4215157005649712,0.4961802937496142,-0.2082277609614416,2.150566295250472,0.6880414981030838,-2.372948766131956,-0.1443116277525484,-2.39205178417985,0.3781293213913578,0.9159688598509236
20.0,6.0,1010.701416015625,1.4220572561136144,-0.9015327865071276,-1.2338822318889306,2.213054647404884,0.8269901176550021,-0.4380111817668523,0.0417602150325204,-2.083706830093376,0.3644521947954836,0.8688782307935665
20.0,6.0,1010.7105102539062,-2.8663813111373457,-1.3145452205724588,-0.9312290006857804,0.8031067208159354,0.2079668660190532,-2.062241723663899,-0.3419702380630044,4.742739569487519,2.079067431631647,-0.8581216567252224
20.0,6.0,1010.7296752929688,1.5505279266011749,0.4868250449965439,-0.549364481930579,3.942016698746971,-0.1482264796475361,-3.0081413783652846,-0.5200677034213717,-1.850553602800052,-0.9297869287907432,-0.536098793549904
20.0,6.0,1010.7949829101562,1.4254388218608751,0.2292745807411469,-2.355722094298114,0.7397189155362638,-0.0945795284129239,-2.325094919021935,-0.5791590398786561,-2.695299658385912,-0.8162340009161815,-0.5655024765431078
20.0,6.0,1011.0333862304688,0.4660766130375353,0.4904742264221214,-1.3333372937592651,-2.2838754303043007,-1.4815515064914164,0.5525908727921764,-0.2005758221388214,-3.475313815306392,1.842919185456236,-1.372020379366025
20.0,6.0,1011.0816040039062,1.4254388218608751,0.2292745807411469,-2.454895547796817,0.9067069526519568,0.8489962871204223,-2.325094919021935,-0.4856656480679,-2.877437598960044,-0.8162340009161815,0.3922291392177791
20.0,6.0,1011.337646484375,1.4254388218608751,0.2292745807411469,-2.340850009464873,2.7341165932358784,-0.0678638053572786,-2.325094919021935,-0.5791590398786561,-2.695299658385912,-0.8162340009161815,-0.5159191112024111
20.0,6.0,1011.337646484375,1.4254388218608751,0.2292745807411469,-2.340850009464873,2.7341165932358784,-0.0678638053572786,-2.325094919021935,-0.5791590398786561,-2.695299658385912,-0.8162340009161815,-0.5159191112024111
20.0,6.0,1011.4970703125,1.1046351715857383,0.2292745807411469,-2.340850009464873,0.7397189155362638,-0.0678638053572786,2.5248601340632737,-0.5824206312044419,-2.1350423226987574,-0.9499525586571618,-0.5655024765431078
20.0,6.0,1011.550048828125,1.4254388218608751,0.2292745807411469,-2.454895547796817,0.7397189155362638,0.8269869452245109,-2.325094919021935,-0.4856656480679,-2.79648081093755,-0.8162340009161815,-0.5876595596144617
20.0,6.0,1011.5938720703124,1.061576448002891,2.8060318466696588,1.87837024004712,2.7236704375586847,2.40267848529414,2.2296586587522524,1.3682307872128954,2.71049514669728,2.4657422253441315,1.0755617826743713
20.0,6.0,1011.6112670898438,1.855525879615601,-0.2795573092123489,-0.5572129643252595,1.999596320200064,0.7450070569680225,-2.119635219919508,-0.2159465594115525,-0.0581552866589007,0.5610865661747755,-1.3769412183195666
20.0,6.0,1011.6732177734376,1.6912167353639669,0.0479397919730916,-2.3418672227749626,2.763040139194155,-0.0726977626223169,-2.464270147761951,-0.5791590398786561,1.8109198352392049,-1.067296829257597,-0.5633056713810435
20.0,6.0,1011.7247314453124,-0.0866305789144836,0.2995518089777169,-2.2095383032173985,1.884209615192889,0.0649436909995332,2.5248927730416395,1.3364094902214745,2.211010045609464,-1.5697043444000132,-0.4404779800976862
20.0,6.0,1011.7274169921876,0.5986239463412111,0.3971322508761283,-0.7786203454572351,-3.724498275957977,0.7154492731824003,-0.0070451453906927,0.0417602150325204,-2.083706830093376,0.3788263466435764,0.9349034834407416
20.0,6.0,1011.7396240234376,1.5540217818768167,-0.3370242740632642,1.6629264561215773,-2.386775177583919,0.4419292731360727,2.517987206769191,0.4785019271611805,-2.135837172674036,-3.805325940661514,-1.3769350633003992
20.0,6.0,1011.7716064453124,1.6891924376753766,-1.3821769354722853,-2.340850009464873,0.7397189155362638,-0.0691318398376475,2.1985303634773894,-0.5824206312044419,-1.9862358834496447,-1.108574711815725,-1.1115093941328391
20.0,6.0,1011.82373046875,0.5647507233050506,0.3993436528319812,-0.4395895693960275,-2.2248175280720788,0.409338193308516,-0.5123856339965467,-0.7596887728079386,4.949349674052078,-1.0565642356099034,-1.3304668930336456
20.0,6.0,1011.906494140625,-2.8663813111373457,-1.3452552061678968,-0.9312290006857804,2.7340054652371206,-0.0012739259835787,-2.072609265397156,-0.1332341070585244,4.998921389696586,2.079067431631647,-0.535156017667638
20.0,6.0,1011.9295654296876,1.4835553196263964,0.9102247871912796,-2.340850009464873,1.593045904882695,0.4953162724248685,2.586146112081624,-0.5800979418697635,-2.702299227399493,-2.7799767848406702,-0.5241198793852251
20.0,6.0,1012.0763549804688,0.4418317630708296,1.2607309394408337,-1.3300577481851237,2.075618922002585,0.9208712254770636,0.344778677323078,1.3682307872128954,2.6129360652081948,1.9011068244211788,-0.4343123698145389
20.0,6.0,1012.1156616210938,1.1458987093697706,0.2292745807411469,-2.340850009464873,1.5830969020318897,-0.1350652677983678,-1.1890115880907564,-0.5800979418697635,-2.7032766633590937,-0.8162340009161815,-0.6664327726689705
20.0,6.0,1012.1263427734376,1.921477775826532,0.4868250449965439,-1.5617750188410755,3.615155317731261,0.9552603883890924,-1.738244965913437,-0.1706668073637462,-1.848184736568319,-0.6812023330327783,-1.3769416003463464
20.0,6.0,1012.2137451171876,-0.0866305789144836,-1.3118997072358294,-2.2095383032173985,1.884209615192889,0.0636756565191644,2.522014532388946,1.3364094902214745,2.3598166192256302,-1.1054553487185292,-0.4458545941678105
20.0,6.0,1012.4482421875,-2.8663813111373457,-1.0822501740882196,-1.2400961337421823,2.762929011195397,-0.0061078832486169,-2.084530212388753,-0.1332341070585244,4.998921389696586,2.10232352531316,-0.5160587725293625
20.0,6.0,1012.4517211914062,0.4710302018562904,-0.3370242740632642,1.6629264561215773,-2.0763608488331857,0.4419292731360727,2.517987206769191,0.4440404327161131,-2.156542354400868,-3.805325940661514,-1.3769416003463464
20.0,6.0,1012.5093994140624,2.055993162032398,0.2292745807411469,-2.340850009464873,2.7341165932358784,-0.0678638053572786,-2.325094919021935,-0.5791590398786561,2.6770656169824285,-0.8162340009161815,0.8812690172990267
20.0,6.0,1012.6353759765624,-2.8330526996728285,-1.0399312122913331,-0.2082277609614416,2.150566295250472,0.6880414981030838,-0.4971370974860006,0.0405607882411588,3.6030567256881634,0.3781293213913578,0.8718873624030319
20.0,6.0,1012.6395874023438,-2.9108953543199574,-1.0149525489913618,-1.2400961337421823,1.595904477487557,-1.633690536154239,-0.4683379142052928,-2.276886463389205,4.9788548756962605,1.7877922372069122,0.87065060687773
20.0,6.0,1012.6395874023438,-2.9108953543199574,-1.0149525489913618,-1.2400961337421823,1.595904477487557,-1.633690536154239,-0.4683379142052928,-2.276886463389205,4.9788548756962605,1.7877922372069122,0.87065060687773
20.0,6.0,1012.6641235351562,1.4254388218608751,0.2272832903479412,-1.3960507419725707,0.7397189155362638,0.8447518653416263,-2.399716127608571,0.4340839378622451,-2.706824331749308,-0.3347430657064945,-0.5563438519400203
20.0,6.0,1012.7007446289062,1.855525879615601,0.4868250449965439,-0.5572129643252595,4.212410002911127,0.7450070569680225,-2.129639757480644,-0.1445758477290324,-0.0581552866589007,0.5610865661747755,-1.3769416003463464
20.0,6.0,1012.7778930664062,1.5540217818768167,-0.3370242740632642,1.6629264561215773,-2.172018374482842,0.4419292731360727,2.517987206769191,0.4785019271611805,-2.135837172674036,-3.805325940661514,-1.3769350633003992
20.0,7.0,1006.38623046875,1.4254388218608751,0.2292745807411469,-2.3558853567734754,2.7341165932358784,-0.674424375530223,-2.325094919021935,-0.1346003706931446,-2.5047362015268586,-2.130515361565326,-0.5108043848467153
20.0,7.0,1007.9842529296876,0.5647507233050506,1.474385157379556,-0.0063639750802205,-2.2248175280720788,-0.0603708600977678,-0.6714120612400166,-0.8509503883001638,-2.6732522434940043,-0.8996575579777459,-1.3266797631917118
20.0,7.0,1007.9912109375,2.3659976056974954,0.1214050690167433,-0.5238549469344124,2.7341165932358784,0.6898638152605947,-2.100674779678453,-0.1998220060308216,-2.717663863543846,-0.6672455070708274,-0.4824263719135584
20.0,7.0,1008.1386108398438,1.4254388218608751,0.1985645951457307,-2.454895547796817,2.6706176597887805,0.8273119669828846,-2.335462460755192,-0.1336705239955637,-2.700383969724815,-0.8162340009161815,-0.5841657349870616
20.0,7.0,1008.186767578125,0.8372169914894939,1.1964133432004678,-2.368558659322189,1.93208416634534,0.9208712254770636,-0.1064478960379065,1.5531032032063223,2.825033589658959,-0.8746044645820135,-0.4470566462065886
20.0,7.0,1008.5866088867188,0.5921485630829131,-0.9015327865071276,-1.2338822318889306,-3.1722671851543325,0.8269901176550021,-0.4380111817668523,0.0417602150325204,-2.083706830093376,0.3644521947954836,0.8688782307935665
20.0,7.0,1009.1246948242188,1.8791356426125,-0.2795573092123489,-0.5717065818860328,2.3651829290044857,1.827243013928146,-2.119635219919508,-0.217961536786721,-0.1637633364784858,0.5366090968647698,-0.0637101760047337
20.0,7.0,1009.1473388671876,0.6013099133336963,0.2292745807411469,-2.340850009464873,-1.5224193645524775,-0.2324749058728883,-2.325094919021935,-0.5791590398786561,-2.695233416628984,-0.8162340009161815,-0.5159191112024111
20.0,7.0,1009.17333984375,1.4254388218608751,0.2292745807411469,-2.3558853567734754,2.7341165932358784,-0.0656128028205138,-2.0919118404364214,-0.5165301728228757,-2.1994476451496188,-0.8162340009161815,-0.5181302553777585
20.0,7.0,1009.220458984375,-2.9108953543199574,0.1705966571489515,-1.28006950513636,1.595904477487557,-1.633690536154239,-0.327638212831419,-0.2021056819583473,4.487115487508678,1.7877922372069122,0.87065060687773
20.0,7.0,1009.2268676757812,-0.9841382011644052,0.9069666877729744,-2.358612181741912,-3.6726057834545154,-0.1354401571062382,2.546614699093659,-0.5690047728756003,-2.7032612227549,-2.537440506167739,-0.6584164212580281
20.0,7.0,1009.278076171875,0.5986239463412111,0.3923821953948915,-0.7111410082595072,0.7774092762061562,0.6734398052945179,-0.5856701814751614,0.0417602150325204,-2.083706830093376,0.3788263466435764,0.9860427330432204
20.0,7.0,1009.3812866210938,0.8247492372627949,0.3923821953948915,-0.7111410082595072,0.7774092762061562,0.6734398052945179,-0.5856701814751614,0.0417602150325204,-2.083706830093376,0.3788263466435764,0.9860427330432204
20.0,7.0,1009.4590454101562,0.7949034451879731,0.4866422716178373,-0.2082277609614416,2.150566295250472,0.6880414981030838,-0.0070451453906927,0.0405607882411588,-2.179947744332276,0.3781293213913578,0.9159688598509236
20.0,7.0,1009.5389404296876,1.7169067705597088,-1.3821769354722853,-2.340850009464873,0.8066636886695794,-0.2370123115009691,2.2364831486835928,-0.5823773384126099,-1.9232333123000296,-1.1033204886002153,-1.1115093941328391
20.0,7.0,1009.556396484375,1.855525879615601,0.4997955247489019,-0.5572129643252595,4.212410002911127,0.6850680790595574,-2.1306604369227533,-0.1445758477290324,-0.1020489205745409,0.4840798894791499,-0.7684547586173482
20.0,7.0,1009.6478881835938,1.4247432231060997,0.2292745807411469,-2.340850009464873,2.2207421994452274,-0.2324749058728883,-2.325094919021935,-0.5791590398786561,-2.695233416628984,-0.8162340009161815,-0.5159191112024111
20.0,7.0,1009.6895141601562,1.4254388218608751,0.2292745807411469,-2.3558853567734754,2.7341165932358784,-0.0954271952119283,-2.325094919021935,-1.0758452678221708,-2.695299658385912,-0.8162340009161815,-0.6494014317458976
20.0,7.0,1009.8120727539062,0.537321832808656,0.2292745807411469,0.0539215533029864,2.7341165932358784,-0.0678638053572786,-2.322121821968614,-0.836349556401229,-2.695299658385912,-0.899181888064375,-0.5365756946961815
20.0,7.0,1009.8677368164062,1.4254388218608751,0.1985645951457307,-2.454895547796817,2.6706176597887805,0.8251017829284037,-2.335462460755192,-0.1336705239955637,-2.158158194661501,-0.8162340009161815,0.9071126357498104
20.0,7.0,1009.9407348632812,-0.0866305789144836,0.371874460526673,-0.5720020137609363,4.1201187923151785,0.0636756565191644,2.522014532388946,1.3364094902214745,2.3598166192256302,-1.1054553487185292,-0.0142698128626761
20.0,7.0,1009.9628295898438,-0.3792021542634503,1.205951365332245,-2.368558659322189,1.93208416634534,0.9208712254770636,-2.472351517408583,1.3682307872128954,2.6129360652081948,-0.8746044645820135,-0.4470566462065886
20.0,7.0,1010.0662231445312,-0.3969504132901615,0.4868250449965439,-2.287466593122554,1.7230621633963428,0.9552603883890924,-2.447008358354816,-0.1706668073637462,3.0440123529766647,-0.6812023330327783,-0.44235951139987
20.0,7.0,1010.10693359375,-2.9108953543199574,-1.0149525489913618,-1.2252240489089212,1.595904477487557,-1.6069748130985333,-0.4683379142052928,-2.390548124986418,2.8284268855488417,1.7877922372069122,0.87065060687773
20.0,7.0,1010.2140502929688,-3.413061691204175,0.4730045489823063,-0.3559402091153565,1.762252432994468,-1.7309041221570691,-0.4963082368853086,-2.276886463389205,4.998921389696586,0.3532126767817719,-0.4905504097704147
20.0,7.0,1010.2772216796876,1.4247432231060997,0.2438862233029941,-2.284899805478589,2.2207421994452274,-0.7140313261959244,-2.325094919021935,-0.8473595908181777,-2.694657945264056,-0.8873359247361335,-0.5159191112024111
20.0,7.0,1010.28173828125,1.6011534070546596,0.2292745807411469,-2.333906922728669,2.153797426311602,-0.0645944342095667,-2.36304755895522,-0.5792023326704883,-2.758235987778596,-0.4889309232958927,-0.5159191112024111
20.0,7.0,1010.3339233398438,0.5986239463412111,-0.9015327865071276,-1.2338822318889306,-3.1722671851543325,0.8269901176550021,-0.4380111817668523,0.0417602150325204,-2.083706830093376,0.3644521947954836,0.8688782307935665
20.0,7.0,1010.6044921875,-0.4215157005649712,0.4961802937496142,-0.2082277609614416,2.150566295250472,0.6880414981030838,-2.372948766131956,-0.1443116277525484,-2.39205178417985,0.3781293213913578,0.9159688598509236
20.0,7.0,1010.701416015625,1.4220572561136144,-0.9015327865071276,-1.2338822318889306,2.213054647404884,0.8269901176550021,-0.4380111817668523,0.0417602150325204,-2.083706830093376,0.3644521947954836,0.8688782307935665
20.0,7.0,1010.7105102539062,-2.8663813111373457,-1.3145452205724588,-0.9312290006857804,0.8031067208159354,0.2079668660190532,-2.062241723663899,-0.3419702380630044,4.742739569487519,2.079067431631647,-0.8581216567252224
20.0,7.0,1010.7296752929688,1.5505279266011749,0.4868250449965439,-0.549364481930579,3.942016698746971,-0.1482264796475361,-3.0081413783652846,-0.5200677034213717,-1.850553602800052,-0.9297869287907432,-0.536098793549904
20.0,7.0,1010.7949829101562,1.4254388218608751,0.2292745807411469,-2.355722094298114,0.7397189155362638,-0.0945795284129239,-2.325094919021935,-0.5791590398786561,-2.695299658385912,-0.8162340009161815,-0.5655024765431078
20.0,7.0,1011.0333862304688,0.4660766130375353,0.4904742264221214,-1.3333372937592651,-2.2838754303043007,-1.4815515064914164,0.5525908727921764,-0.2005758221388214,-3.475313815306392,1.842919185456236,-1.372020379366025
20.0,7.0,1011.071044921875,-0.9675599959659252,0.8950046740596235,-2.358612181741912,-1.5567656252173605,-0.1354401571062382,2.546614699093659,-0.5690047728756003,-2.7032612227549,-2.537440506167739,-0.6497336906681881
20.0,7.0,1011.0816040039062,1.4254388218608751,0.2292745807411469,-2.454895547796817,0.9067069526519568,0.8489962871204223,-2.325094919021935,-0.4856656480679,-2.877437598960044,-0.8162340009161815,0.3922291392177791
20.0,7.0,1011.0946044921876,2.3659976056974954,-0.1363252698237217,-0.5238549469344124,2.7341165932358784,0.6898638152605947,-0.4895765598281947,0.0413106670858247,-2.717663863543846,0.3913441115170308,1.3130773580462909
20.0,7.0,1011.1497802734376,0.7949034451879731,0.4866422716178373,-0.2082277609614416,2.150566295250472,0.6902516821575646,-0.0070451453906927,0.0405607882411588,-2.72217351939559,0.3781293213913578,-0.5753095108859501
20.0,7.0,1011.337646484375,1.4254388218608751,0.2292745807411469,-2.340850009464873,2.7341165932358784,-0.0678638053572786,-2.325094919021935,-0.5791590398786561,-2.695299658385912,-0.8162340009161815,-0.5159191112024111
20.0,7.0,1011.337646484375,1.4254388218608751,0.2292745807411469,-2.340850009464873,2.7341165932358784,-0.0678638053572786,-2.325094919021935,-0.5791590398786561,-2.695299658385912,-0.8162340009161815,-0.5159191112024111
20.0,7.0,1011.4970703125,1.1046351715857383,0.2292745807411469,-2.340850009464873,0.7397189155362638,-0.0678638053572786,2.5248601340632737,-0.5824206312044419,-2.1350423226987574,-0.9499525586571618,-0.5655024765431078
20.0,7.0,1011.5421142578124,0.8372169914894939,1.1964133432004678,-2.368558659322189,1.93208416634534,0.9208712254770636,-0.1064478960379065,1.5484407222759593,2.825033589658959,-0.8746044645820135,0.9056832758010278
20.0,7.0,1011.550048828125,1.4254388218608751,0.2292745807411469,-2.454895547796817,0.7397189155362638,0.8269869452245109,-2.325094919021935,-0.4856656480679,-2.79648081093755,-0.8162340009161815,-0.5876595596144617
20.0,7.0,1011.5938720703124,1.061576448002891,2.8060318466696588,1.87837024004712,2.7236704375586847,2.40267848529414,2.2296586587522524,1.3682307872128954,2.71049514669728,2.4657422253441315,1.0755617826743713
20.0,7.0,1011.6112670898438,1.855525879615601,-0.2795573092123489,-0.5572129643252595,1.999596320200064,0.7450070569680225,-2.119635219919508,-0.2159465594115525,-0.0581552866589007,0.5610865661747755,-1.3769412183195666
20.0,7.0,1011.6732177734376,1.6912167353639669,0.0479397919730916,-2.3418672227749626,2.763040139194155,-0.0726977626223169,-2.464270147761951,-0.5791590398786561,1.8109198352392049,-1.067296829257597,-0.5633056713810435
20.0,7.0,1011.7247314453124,-0.0866305789144836,0.2995518089777169,-2.2095383032173985,1.884209615192889,0.0649436909995332,2.5248927730416395,1.3364094902214745,2.211010045609464,-1.5697043444000132,-0.4404779800976862
20.0,7.0,1011.7274169921876,0.5986239463412111,0.3971322508761283,-0.7786203454572351,-3.724498275957977,0.7154492731824003,-0.0070451453906927,0.0417602150325204,-2.083706830093376,0.3788263466435764,0.9349034834407416
20.0,7.0,1011.7396240234376,1.5540217818768167,-0.3370242740632642,1.6629264561215773,-2.386775177583919,0.4419292731360727,2.517987206769191,0.4785019271611805,-2.135837172674036,-3.805325940661514,-1.3769350633003992
20.0,7.0,1011.7465209960938,1.4285326393719124,-0.9015327865071276,-1.2338822318889306,2.213054647404884,0.9102707116787712,-0.4380111817668523,0.0417602150325204,-2.083706830093376,0.3644521947954836,0.8688782307935665
20.0,8.0,1006.38623046875,1.4254388218608751,0.2292745807411469,-2.3558853567734754,2.7341165932358784,-0.674424375530223,-2.325094919021935,-0.1346003706931446,-2.5047362015268586,-2.130515361565326,-0.5108043848467153
20.0,8.0,1006.38623046875,1.4254388218608751,0.2292745807411469,-2.3558853567734754,2.7341165932358784,-0.674424375530223,-2.325094919021935,-0.1346003706931446,-2.5047362015268586,-2.130515361565326,-0.5108043848467153
20.0,8.0,1007.809326171875,-2.8662559529834137,-1.34670875733943,-0.9417664150131844,0.8031067208159354,0.2079668660190532,-2.062241723663899,-0.3347602246914009,-0.4242680007701676,0.5597892983114552,-0.8264954277653855
20.0,8.0,1007.9842529296876,0.5647507233050506,1.474385157379556,-0.0063639750802205,-2.2248175280720788,-0.0603708600977678,-0.6714120612400166,-0.8509503883001638,-2.6732522434940043,-0.8996575579777459,-1.3266797631917118
20.0,8.0,1007.9912109375,2.3659976056974954,0.1214050690167433,-0.5238549469344124,2.7341165932358784,0.6898638152605947,-2.100674779678453,-0.1998220060308216,-2.717663863543846,-0.6672455070708274,-0.4824263719135584
20.0,8.0,1008.1386108398438,1.4254388218608751,0.1985645951457307,-2.454895547796817,2.6706176597887805,0.8273119669828846,-2.335462460755192,-0.1336705239955637,-2.700383969724815,-0.8162340009161815,-0.5841657349870616
20.0,8.0,1008.186767578125,0.8372169914894939,1.1964133432004678,-2.368558659322189,1.93208416634534,0.9208712254770636,-0.1064478960379065,1.5531032032063223,2.825033589658959,-0.8746044645820135,-0.4470566462065886
20.0,8.0,1008.5866088867188,0.5921485630829131,-0.9015327865071276,-1.2338822318889306,-3.1722671851543325,0.8269901176550021,-0.4380111817668523,0.0417602150325204,-2.083706830093376,0.3644521947954836,0.8688782307935665
20.0,8.0,1008.9298095703124,1.8508307608850432,0.4997955247489019,-0.5572129643252595,4.216367213687827,0.6850680790595574,-2.1306604369227533,-0.1445758477290324,-0.1020489205745409,0.4840798894791499,-0.7684547586173482
20.0,8.0,1009.1204833984376,-2.9108953543199574,0.1705966571489515,-1.28006950513636,1.595904477487557,-1.633690536154239,-0.327638212831419,-0.2247545113099006,4.487115487508678,1.7877922372069122,0.87065060687773
20.0,8.0,1009.1246948242188,1.8791356426125,-0.2795573092123489,-0.5717065818860328,2.3651829290044857,1.827243013928146,-2.119635219919508,-0.217961536786721,-0.1637633364784858,0.5366090968647698,-0.0637101760047337
20.0,8.0,1009.1473388671876,0.6013099133336963,0.2292745807411469,-2.340850009464873,-1.5224193645524775,-0.2324749058728883,-2.325094919021935,-0.5791590398786561,-2.695233416628984,-0.8162340009161815,-0.5159191112024111
20.0,8.0,1009.17333984375,1.4254388218608751,0.2292745807411469,-2.3558853567734754,2.7341165932358784,-0.0656128028205138,-2.0919118404364214,-0.5165301728228757,-2.1994476451496188,-0.8162340009161815,-0.5181302553777585
20.0,8.0,1009.1762084960938,0.8247492372627949,0.3923821953948915,-0.7111410082595072,0.7774092762061562,0.6626366114513702,-0.5869722179086249,0.0417602150325204,-2.083706830093376,0.3788263466435764,0.9739173364902188
20.0,8.0,1009.220458984375,-2.9108953543199574,0.1705966571489515,-1.28006950513636,1.595904477487557,-1.633690536154239,-0.327638212831419,-0.2021056819583473,4.487115487508678,1.7877922372069122,0.87065060687773
20.0,8.0,1009.2268676757812,-0.9841382011644052,0.9069666877729744,-2.358612181741912,-3.6726057834545154,-0.1354401571062382,2.546614699093659,-0.5690047728756003,-2.7032612227549,-2.537440506167739,-0.6584164212580281
20.0,8.0,1009.278076171875,0.5986239463412111,0.3923821953948915,-0.7111410082595072,0.7774092762061562,0.6734398052945179,-0.5856701814751614,0.0417602150325204,-2.083706830093376,0.3788263466435764,0.9860427330432204
20.0,8.0,1009.3812866210938,0.8247492372627949,0.3923821953948915,-0.7111410082595072,0.7774092762061562,0.6734398052945179,-0.5856701814751614,0.0417602150325204,-2.083706830093376,0.3788263466435764,0.9860427330432204
20.0,8.0,1009.4063720703124,2.3659976056974954,1.2294339518067865,-0.5238549469344124,2.7341165932358784,0.9125658924320752,-2.119699738250952,0.6750791417219031,2.523994134020504,-0.6695842749849534,-0.4824263719135584
20.0,8.0,1009.4590454101562,0.7949034451879731,0.4866422716178373,-0.2082277609614416,2.150566295250472,0.6880414981030838,-0.0070451453906927,0.0405607882411588,-2.179947744332276,0.3781293213913578,0.9159688598509236
20.0,8.0,1009.4913330078124,0.6537040275249333,0.2573706402104556,-2.297799988751958,-2.2248175280720788,-0.0601748300494619,-0.6714120612400166,-0.8509503883001638,-2.7577105285701813,-0.8996575579777459,-0.514299732400245
20.0,8.0,1009.5389404296876,1.7169067705597088,-1.3821769354722853,-2.340850009464873,0.8066636886695794,-0.2370123115009691,2.2364831486835928,-0.5823773384126099,-1.9232333123000296,-1.1033204886002153,-1.1115093941328391
20.0,8.0,1009.556396484375,1.855525879615601,0.4997955247489019,-0.5572129643252595,4.212410002911127,0.6850680790595574,-2.1306604369227533,-0.1445758477290324,-0.1020489205745409,0.4840798894791499,-0.7684547586173482
20.0,8.0,1009.6478881835938,1.4247432231060997,0.2292745807411469,-2.340850009464873,2.2207421994452274,-0.2324749058728883,-2.325094919021935,-0.5791590398786561,-2.695233416628984,-0.8162340009161815,-0.5159191112024111
20.0,8.0,1009.6895141601562,1.4254388218608751,0.2292745807411469,-2.3558853567734754,2.7341165932358784,-0.0954271952119283,-2.325094919021935,-1.0758452678221708,-2.695299658385912,-0.8162340009161815,-0.6494014317458976
20.0,8.0,1009.8120727539062,0.537321832808656,0.2292745807411469,0.0539215533029864,2.7341165932358784,-0.0678638053572786,-2.322121821968614,-0.836349556401229,-2.695299658385912,-0.899181888064375,-0.5365756946961815
20.0,8.0,1009.8677368164062,1.4254388218608751,0.1985645951457307,-2.454895547796817,2.6706176597887805,0.8251017829284037,-2.335462460755192,-0.1336705239955637,-2.158158194661501,-0.8162340009161815,0.9071126357498104
20.0,8.0,1009.9407348632812,-0.0866305789144836,0.371874460526673,-0.5720020137609363,4.1201187923151785,0.0636756565191644,2.522014532388946,1.3364094902214745,2.3598166192256302,-1.1054553487185292,-0.0142698128626761
20.0,8.0,1009.9628295898438,-0.3792021542634503,1.205951365332245,-2.368558659322189,1.93208416634534,0.9208712254770636,-2.472351517408583,1.3682307872128954,2.6129360652081948,-0.8746044645820135,-0.4470566462065886
20.0,8.0,1010.0662231445312,-0.3969504132901615,0.4868250449965439,-2.287466593122554,1.7230621633963428,0.9552603883890924,-2.447008358354816,-0.1706668073637462,3.0440123529766647,-0.6812023330327783,-0.44235951139987
20.0,8.0,1010.10693359375,-2.9108953543199574,-1.0149525489913618,-1.2252240489089212,1.595904477487557,-1.6069748130985333,-0.4683379142052928,-2.390548124986418,2.8284268855488417,1.7877922372069122,0.87065060687773
20.0,8.0,1010.10693359375,-2.9108953543199574,-1.0149525489913618,-1.2252240489089212,1.595904477487557,-1.6069748130985333,-0.4683379142052928,-2.390548124986418,2.8284268855488417,1.7877922372069122,0.87065060687773
20.0,8.0,1010.2140502929688,-3.413061691204175,0.4730045489823063,-0.3559402091153565,1.762252432994468,-1.7309041221570691,-0.4963082368853086,-2.276886463389205,4.998921389696586,0.3532126767817719,-0.4905504097704147
20.0,8.0,1010.2772216796876,1.4247432231060997,0.2438862233029941,-2.284899805478589,2.2207421994452274,-0.7140313261959244,-2.325094919021935,-0.8473595908181777,-2.694657945264056,-0.8873359247361335,-0.5159191112024111
20.0,8.0,1010.28173828125,1.6011534070546596,0.2292745807411469,-2.333906922728669,2.153797426311602,-0.0645944342095667,-2.36304755895522,-0.5792023326704883,-2.758235987778596,-0.4889309232958927,-0.5159191112024111
20.0,8.0,1010.3339233398438,0.5986239463412111,-0.9015327865071276,-1.2338822318889306,-3.1722671851543325,0.8269901176550021,-0.4380111817668523,0.0417602150325204,-2.083706830093376,0.3644521947954836,0.8688782307935665
20.0,8.0,1010.6044921875,-0.4215157005649712,0.4961802937496142,-0.2082277609614416,2.150566295250472,0.6880414981030838,-2.372948766131956,-0.1443116277525484,-2.39205178417985,0.3781293213913578,0.9159688598509236
20.0,8.0,1010.701416015625,1.4220572561136144,-0.9015327865071276,-1.2338822318889306,2.213054647404884,0.8269901176550021,-0.4380111817668523,0.0417602150325204,-2.083706830093376,0.3644521947954836,0.8688782307935665
20.0,8.0,1010.7105102539062,-2.8663813111373457,-1.3145452205724588,-0.9312290006857804,0.8031067208159354,0.2079668660190532,-2.062241723663899,-0.3419702380630044,4.742739569487519,2.079067431631647,-0.8581216567252224
20.0,8.0,1010.7296752929688,1.5505279266011749,0.4868250449965439,-0.549364481930579,3.942016698746971,-0.1482264796475361,-3.0081413783652846,-0.5200677034213717,-1.850553602800052,-0.9297869287907432,-0.536098793549904
20.0,8.0,1010.7949829101562,1.4254388218608751,0.2292745807411469,-2.355722094298114,0.7397189155362638,-0.0945795284129239,-2.325094919021935,-0.5791590398786561,-2.695299658385912,-0.8162340009161815,-0.5655024765431078
20.0,8.0,1010.8877563476562,0.5921485630829131,0.1001622672395846,-1.2338822318889306,-3.1722671851543325,0.8288860977851444,-0.4380111817668523,0.0478093533916633,-2.083706830093376,0.3644521947954836,0.8688782307935665
20.0,8.0,1011.0333862304688,0.4660766130375353,0.4904742264221214,-1.3333372937592651,-2.2838754303043007,-1.4815515064914164,0.5525908727921764,-0.2005758221388214,-3.475313815306392,1.842919185456236,-1.372020379366025
20.0,8.0,1011.039794921875,1.0098820350193836,0.3923821953948915,-0.7111410082595072,0.7774092762061562,0.6734398052945179,-0.5856701814751614,0.0417602150325204,-2.083706830093376,0.3788263466435764,0.9860427330432204
20.0,8.0,1011.071044921875,-0.9675599959659252,0.8950046740596235,-2.358612181741912,-1.5567656252173605,-0.1354401571062382,2.546614699093659,-0.5690047728756003,-2.7032612227549,-2.537440506167739,-0.6497336906681881
20.0,8.0,1011.0816040039062,1.4254388218608751,0.2292745807411469,-2.454895547796817,0.9067069526519568,0.8489962871204223,-2.325094919021935,-0.4856656480679,-2.877437598960044,-0.8162340009161815,0.3922291392177791
20.0,8.0,1011.0816040039062,1.4254388218608751,0.2292745807411469,-2.454895547796817,0.9067069526519568,0.8489962871204223,-2.325094919021935,-0.4856656480679,-2.877437598960044,-0.8162340009161815,0.3922291392177791
20.0,8.0,1011.0946044921876,2.3659976056974954,-0.1363252698237217,-0.5238549469344124,2.7341165932358784,0.6898638152605947,-0.4895765598281947,0.0413106670858247,-2.717663863543846,0.3913441115170308,1.3130773580462909
20.0,8.0,1011.1497802734376,0.7949034451879731,0.4866422716178373,-0.2082277609614416,2.150566295250472,0.6902516821575646,-0.0070451453906927,0.0405607882411588,-2.72217351939559,0.3781293213913578,-0.5753095108859501
20.0,8.0,1011.2682495117188,2.27413329540382,0.265588607341544,-0.9539045144659296,-1.5224193645524775,-0.2324749058728883,-2.325094919021935,-0.5791590398786561,-1.831375234449362,-1.0950727617608045,-0.5159191112024111
20.0,9.0,1006.38623046875,1.4254388218608751,0.2292745807411469,-2.3558853567734754,2.7341165932358784,-0.674424375530223,-2.325094919021935,-0.1346003706931446,-2.5047362015268586,-2.130515361565326,-0.5108043848467153
20.0,9.0,1006.38623046875,1.4254388218608751,0.2292745807411469,-2.3558853567734754,2.7341165932358784,-0.674424375530223,-2.325094919021935,-0.1346003706931446,-2.5047362015268586,-2.130515361565326,-0.5108043848467153
20.0,9.0,1007.5894775390624,0.8260497111165581,1.9031093470084688,-2.3688780224386905,1.4812682996174102,0.778051545171237,-0.120808113246553,1.6587579221493585,-2.6108085514928083,-1.026781853876794,-0.6490867194388792
20.0,9.0,1007.809326171875,-2.8662559529834137,-1.34670875733943,-0.9417664150131844,0.8031067208159354,0.2079668660190532,-2.062241723663899,-0.3347602246914009,-0.4242680007701676,0.5597892983114552,-0.8264954277653855
20.0,9.0,1007.9842529296876,0.5647507233050506,1.474385157379556,-0.0063639750802205,-2.2248175280720788,-0.0603708600977678,-0.6714120612400166,-0.8509503883001638,-2.6732522434940043,-0.8996575579777459,-1.3266797631917118
20.0,9.0,1007.9912109375,2.3659976056974954,0.1214050690167433,-0.5238549469344124,2.7341165932358784,0.6898638152605947,-2.100674779678453,-0.1998220060308216,-2.717663863543846,-0.6672455070708274,-0.4824263719135584
20.0,9.0,1008.1386108398438,1.4254388218608751,0.1985645951457307,-2.454895547796817,2.6706176597887805,0.8273119669828846,-2.335462460755192,-0.1336705239955637,-2.700383969724815,-0.8162340009161815,-0.5841657349870616
20.0,9.0,1008.186767578125,0.8372169914894939,1.1964133432004678,-2.368558659322189,1.93208416634534,0.9208712254770636,-0.1064478960379065,1.5531032032063223,2.825033589658959,-0.8746044645820135,-0.4470566462065886
20.0,9.0,1008.5866088867188,0.5921485630829131,-0.9015327865071276,-1.2338822318889306,-3.1722671851543325,0.8269901176550021,-0.4380111817668523,0.0417602150325204,-2.083706830093376,0.3644521947954836,0.8688782307935665
20.0,9.0,1008.9298095703124,1.8508307608850432,0.4997955247489019,-0.5572129643252595,4.216367213687827,0.6850680790595574,-2.1306604369227533,-0.1445758477290324,-0.1020489205745409,0.4840798894791499,-0.7684547586173482
20.0,9.0,1009.1204833984376,-2.9108953543199574,0.1705966571489515,-1.28006950513636,1.595904477487557,-1.633690536154239,-0.327638212831419,-0.2247545113099006,4.487115487508678,1.7877922372069122,0.87065060687773
20.0,9.0,1009.1246948242188,1.8791356426125,-0.2795573092123489,-0.5717065818860328,2.3651829290044857,1.827243013928146,-2.119635219919508,-0.217961536786721,-0.1637633364784858,0.5366090968647698,-0.0637101760047337
20.0,9.0,1009.1473388671876,0.6013099133336963,0.2292745807411469,-2.340850009464873,-1.5224193645524775,-0.2324749058728883,-2.325094919021935,-0.5791590398786561,-2.695233416628984,-0.8162340009161815,-0.5159191112024111
20.0,9.0,1009.1473388671876,0.6013099133336963,0.2292745807411469,-2.340850009464873,-1.5224193645524775,-0.2324749058728883,-2.325094919021935,-0.5791590398786561,-2.695233416628984,-0.8162340009161815,-0.5159191112024111
20.0,9.0,1009.17333984375,1.4254388218608751,0.2292745807411469,-2.3558853567734754,2.7341165932358784,-0.0656128028205138,-2.0919118404364214,-0.5165301728228757,-2.1994476451496188,-0.8162340009161815,-0.5181302553777585
20.0,9.0,1009.1762084960938,0.8247492372627949,0.3923821953948915,-0.7111410082595072,0.7774092762061562,0.6626366114513702,-0.5869722179086249,0.0417602150325204,-2.083706830093376,0.3788263466435764,0.9739173364902188
20.0,9.0,1009.220458984375,-2.9108953543199574,0.1705966571489515,-1.28006950513636,1.595904477487557,-1.633690536154239,-0.327638212831419,-0.2021056819583473,4.487115487508678,1.7877922372069122,0.87065060687773
20.0,9.0,1009.2268676757812,-0.9841382011644052,0.9069666877729744,-2.358612181741912,-3.6726057834545154,-0.1354401571062382,2.546614699093659,-0.5690047728756003,-2.7032612227549,-2.537440506167739,-0.6584164212580281
20.0,9.0,1009.278076171875,0.5986239463412111,0.3923821953948915,-0.7111410082595072,0.7774092762061562,0.6734398052945179,-0.5856701814751614,0.0417602150325204,-2.083706830093376,0.3788263466435764,0.9860427330432204
20.0,9.0,1009.278076171875,0.5986239463412111,0.3923821953948915,-0.7111410082595072,0.7774092762061562,0.6734398052945179,-0.5856701814751614,0.0417602150325204,-2.083706830093376,0.3788263466435764,0.9860427330432204
20.0,9.0,1009.3812866210938,0.8247492372627949,0.3923821953948915,-0.7111410082595072,0.7774092762061562,0.6734398052945179,-0.5856701814751614,0.0417602150325204,-2.083706830093376,0.3788263466435764,0.9860427330432204
20.0,9.0,1009.4063720703124,2.3659976056974954,1.2294339518067865,-0.5238549469344124,2.7341165932358784,0.9125658924320752,-2.119699738250952,0.6750791417219031,2.523994134020504,-0.6695842749849534,-0.4824263719135584
20.0,9.0,1009.4590454101562,0.7949034451879731,0.4866422716178373,-0.2082277609614416,2.150566295250472,0.6880414981030838,-0.0070451453906927,0.0405607882411588,-2.179947744332276,0.3781293213913578,0.9159688598509236
20.0,9.0,1009.4913330078124,0.6537040275249333,0.2573706402104556,-2.297799988751958,-2.2248175280720788,-0.0601748300494619,-0.6714120612400166,-0.8509503883001638,-2.7577105285701813,-0.8996575579777459,-0.514299732400245
20.0,9.0,1009.5389404296876,1.7169067705597088,-1.3821769354722853,-2.340850009464873,0.8066636886695794,-0.2370123115009691,2.2364831486835928,-0.5823773384126099,-1.9232333123000296,-1.1033204886002153,-1.1115093941328391
20.0,9.0,1009.556396484375,1.855525879615601,0.4997955247489019,-0.5572129643252595,4.212410002911127,0.6850680790595574,-2.1306604369227533,-0.1445758477290324,-0.1020489205745409,0.4840798894791499,-0.7684547586173482
20.0,9.0,1009.57958984375,1.3920107535154806,-1.0647220485307556,-1.231397488088848,2.086088858139849,0.6850680790595574,-2.1306604369227533,-0.1445758477290324,-0.1020489205745409,0.4840798894791499,-0.7684547586173482
20.0,9.0,1009.58447265625,0.5921485630829131,-0.9015327865071276,-1.2338822318889306,-3.1722671851543325,0.6883696233784133,-0.4380111817668523,0.0417602150325204,-2.018861813400086,0.3316783547231178,0.8688782307935665
20.0,9.0,1009.6478881835938,1.4247432231060997,0.2292745807411469,-2.340850009464873,2.2207421994452274,-0.2324749058728883,-2.325094919021935,-0.5791590398786561,-2.695233416628984,-0.8162340009161815,-0.5159191112024111
20.0,9.0,1009.6895141601562,1.4254388218608751,0.2292745807411469,-2.3558853567734754,2.7341165932358784,-0.0954271952119283,-2.325094919021935,-1.0758452678221708,-2.695299658385912,-0.8162340009161815,-0.6494014317458976
20.0,9.0,1009.72021484375,-2.867151500145664,0.3407322234360531,-1.1336362064555907,1.5829020531833655,0.1751334299817758,-0.327638212831419,-0.2247545113099006,4.60864804296885,1.7310215681581569,0.8794604602958525
20.0,9.0,1009.8120727539062,0.537321832808656,0.2292745807411469,0.0539215533029864,2.7341165932358784,-0.0678638053572786,-2.322121821968614,-0.836349556401229,-2.695299658385912,-0.899181888064375,-0.5365756946961815
20.0,9.0,1009.817138671875,-2.8662559529834137,0.2356929423310444,-0.9865842878644516,0.8031067208159354,0.2058832652342972,-2.062241723663899,-0.3347602246914009,-0.3561395265759459,0.5597892983114552,-0.8264954277653855
20.0,9.0,1009.8677368164062,1.4254388218608751,0.1985645951457307,-2.454895547796817,2.6706176597887805,0.8251017829284037,-2.335462460755192,-0.1336705239955637,-2.158158194661501,-0.8162340009161815,0.9071126357498104
20.0,9.0,1009.9407348632812,-0.0866305789144836,0.371874460526673,-0.5720020137609363,4.1201187923151785,0.0636756565191644,2.522014532388946,1.3364094902214745,2.3598166192256302,-1.1054553487185292,-0.0142698128626761
20.0,9.0,1009.9628295898438,-0.3792021542634503,1.205951365332245,-2.368558659322189,1.93208416634534,0.9208712254770636,-2.472351517408583,1.3682307872128954,2.6129360652081948,-0.8746044645820135,-0.4470566462065886
20.0,9.0,1010.0662231445312,-0.3969504132901615,0.4868250449965439,-2.287466593122554,1.7230621633963428,0.9552603883890924,-2.447008358354816,-0.1706668073637462,3.0440123529766647,-0.6812023330327783,-0.44235951139987
20.0,9.0,1010.10693359375,-2.9108953543199574,-1.0149525489913618,-1.2252240489089212,1.595904477487557,-1.6069748130985333,-0.4683379142052928,-2.390548124986418,2.8284268855488417,1.7877922372069122,0.87065060687773
20.0,9.0,1010.10693359375,-2.9108953543199574,-1.0149525489913618,-1.2252240489089212,1.595904477487557,-1.6069748130985333,-0.4683379142052928,-2.390548124986418,2.8284268855488417,1.7877922372069122,0.87065060687773
20.0,9.0,1010.1116333007812,1.8729691559014696,0.2183863261430225,-0.6436755511207277,2.7341165932358784,1.853450662376608,-1.6603352114479897,-0.2355385166193263,-2.695299658385912,0.6304962701066044,0.7364028653882955
20.0,9.0,1010.2140502929688,-3.413061691204175,0.4730045489823063,-0.3559402091153565,1.762252432994468,-1.7309041221570691,-0.4963082368853086,-2.276886463389205,4.998921389696586,0.3532126767817719,-0.4905504097704147
20.0,9.0,1010.2772216796876,1.4247432231060997,0.2438862233029941,-2.284899805478589,2.2207421994452274,-0.7140313261959244,-2.325094919021935,-0.8473595908181777,-2.694657945264056,-0.8873359247361335,-0.5159191112024111
20.0,9.0,1010.28173828125,1.6011534070546596,0.2292745807411469,-2.333906922728669,2.153797426311602,-0.0645944342095667,-2.36304755895522,-0.5792023326704883,-2.758235987778596,-0.4889309232958927,-0.5159191112024111
20.0,9.0,1010.2989501953124,2.3659976056974954,0.1214050690167433,-0.5238549469344124,2.7341165932358784,0.8284843095371834,-2.100674779678453,-0.1998220060308216,-2.782508880237136,-0.6344716669984616,-0.4824263719135584
20.0,9.0,1010.3339233398438,0.5986239463412111,-0.9015327865071276,-1.2338822318889306,-3.1722671851543325,0.8269901176550021,-0.4380111817668523,0.0417602150325204,-2.083706830093376,0.3644521947954836,0.8688782307935665
20.0,9.0,1010.6044921875,-0.4215157005649712,0.4961802937496142,-0.2082277609614416,2.150566295250472,0.6880414981030838,-2.372948766131956,-0.1443116277525484,-2.39205178417985,0.3781293213913578,0.9159688598509236
20.0,9.0,1010.6445922851562,-0.3792021542634503,0.1364451524714339,-2.4507137703118578,1.93208416634534,0.9208712254770636,-2.4677310974951165,-0.0844952415140701,2.6129360652081948,-0.8746044645820135,-0.4470566462065886
20.0,9.0,1010.701416015625,1.4220572561136144,-0.9015327865071276,-1.2338822318889306,2.213054647404884,0.8269901176550021,-0.4380111817668523,0.0417602150325204,-2.083706830093376,0.3644521947954836,0.8688782307935665
20.0,9.0,1010.7105102539062,-2.8663813111373457,-1.3145452205724588,-0.9312290006857804,0.8031067208159354,0.2079668660190532,-2.062241723663899,-0.3419702380630044,4.742739569487519,2.079067431631647,-0.8581216567252224
20.0,9.0,1010.7105102539062,-2.8663813111373457,-1.3145452205724588,-0.9312290006857804,0.8031067208159354,0.2079668660190532,-2.062241723663899,-0.3419702380630044,4.742739569487519,2.079067431631647,-0.8581216567252224
20.0,10.0,1006.38623046875,1.4254388218608751,0.2292745807411469,-2.3558853567734754,2.7341165932358784,-0.674424375530223,-2.325094919021935,-0.1346003706931446,-2.5047362015268586,-2.130515361565326,-0.5108043848467153
20.0,10.0,1006.38623046875,1.4254388218608751,0.2292745807411469,-2.3558853567734754,2.7341165932358784,-0.674424375530223,-2.325094919021935,-0.1346003706931446,-2.5047362015268586,-2.130515361565326,-0.5108043848467153
20.0,10.0,1006.8610229492188,0.6537040275249333,0.2573706402104556,-2.297799988751958,0.639744696042776,-0.0601748300494619,-0.5884686776078901,0.0260597473428236,-2.7577105285701813,0.0182625434492329,0.8862657661814015
20.0,10.0,1007.5894775390624,0.8260497111165581,1.9031093470084688,-2.3688780224386905,1.4812682996174102,0.778051545171237,-0.120808113246553,1.6587579221493585,-2.6108085514928083,-1.026781853876794,-0.6490867194388792
20.0,10.0,1007.6376342773438,0.6013099133336963,0.2292745807411469,-2.340850009464873,-1.5224193645524775,-0.2324749058728883,-2.325094919021935,1.3255814735103673,-2.695233416628984,-0.8162340009161815,-0.5159191112024111
20.0,10.0,1007.661865234375,0.8247492372627949,0.3823502166868449,-1.5275914425610249,0.7942760321675701,0.7823025624818977,-0.1025097463238117,-0.0372080160809548,-2.601205513634973,-0.2438803824790665,0.9860427330432204
20.0,10.0,1007.809326171875,-2.8662559529834137,-1.34670875733943,-0.9417664150131844,0.8031067208159354,0.2079668660190532,-2.062241723663899,-0.3347602246914009,-0.4242680007701676,0.5597892983114552,-0.8264954277653855
20.0,10.0,1007.809326171875,-2.8662559529834137,-1.34670875733943,-0.9417664150131844,0.8031067208159354,0.2079668660190532,-2.062241723663899,-0.3347602246914009,-0.4242680007701676,0.5597892983114552,-0.8264954277653855
20.0,10.0,1007.8294677734376,0.8244933525227314,0.3084985823304348,-0.7111410082595072,0.7774092762061562,0.6626366114513702,-0.5869722179086249,0.0373165915964165,-0.6460547710623075,0.3788263466435764,0.9739173364902188
20.0,10.0,1007.9842529296876,0.5647507233050506,1.474385157379556,-0.0063639750802205,-2.2248175280720788,-0.0603708600977678,-0.6714120612400166,-0.8509503883001638,-2.6732522434940043,-0.8996575579777459,-1.3266797631917118
20.0,10.0,1007.9912109375,2.3659976056974954,0.1214050690167433,-0.5238549469344124,2.7341165932358784,0.6898638152605947,-2.100674779678453,-0.1998220060308216,-2.717663863543846,-0.6672455070708274,-0.4824263719135584
20.0,10.0,1008.1386108398438,1.4254388218608751,0.1985645951457307,-2.454895547796817,2.6706176597887805,0.8273119669828846,-2.335462460755192,-0.1336705239955637,-2.700383969724815,-0.8162340009161815,-0.5841657349870616
20.0,10.0,1008.186767578125,0.8372169914894939,1.1964133432004678,-2.368558659322189,1.93208416634534,0.9208712254770636,-0.1064478960379065,1.5531032032063223,2.825033589658959,-0.8746044645820135,-0.4470566462065886
20.0,10.0,1008.5866088867188,0.5921485630829131,-0.9015327865071276,-1.2338822318889306,-3.1722671851543325,0.8269901176550021,-0.4380111817668523,0.0417602150325204,-2.083706830093376,0.3644521947954836,0.8688782307935665
20.0,10.0,1008.9298095703124,1.8508307608850432,0.4997955247489019,-0.5572129643252595,4.216367213687827,0.6850680790595574,-2.1306604369227533,-0.1445758477290324,-0.1020489205745409,0.4840798894791499,-0.7684547586173482
20.0,10.0,1009.1204833984376,-2.9108953543199574,0.1705966571489515,-1.28006950513636,1.595904477487557,-1.633690536154239,-0.327638212831419,-0.2247545113099006,4.487115487508678,1.7877922372069122,0.87065060687773
20.0,10.0,1009.1246948242188,1.8791356426125,-0.2795573092123489,-0.5717065818860328,2.3651829290044857,1.827243013928146,-2.119635219919508,-0.217961536786721,-0.1637633364784858,0.5366090968647698,-0.0637101760047337
20.0,10.0,1009.1473388671876,0.6013099133336963,0.2292745807411469,-2.340850009464873,-1.5224193645524775,-0.2324749058728883,-2.325094919021935,-0.5791590398786561,-2.695233416628984,-0.8162340009161815,-0.5159191112024111
20.0,10.0,1009.1473388671876,0.6013099133336963,0.2292745807411469,-2.340850009464873,-1.5224193645524775,-0.2324749058728883,-2.325094919021935,-0.5791590398786561,-2.695233416628984,-0.8162340009161815,-0.5159191112024111
20.0,10.0,1009.17333984375,1.4254388218608751,0.2292745807411469,-2.3558853567734754,2.7341165932358784,-0.0656128028205138,-2.0919118404364214,-0.5165301728228757,-2.1994476451496188,-0.8162340009161815,-0.5181302553777585
20.0,10.0,1009.1762084960938,0.8247492372627949,0.3923821953948915,-0.7111410082595072,0.7774092762061562,0.6626366114513702,-0.5869722179086249,0.0417602150325204,-2.083706830093376,0.3788263466435764,0.9739173364902188
20.0,10.0,1009.1762084960938,0.8247492372627949,0.3923821953948915,-0.7111410082595072,0.7774092762061562,0.6626366114513702,-0.5869722179086249,0.0417602150325204,-2.083706830093376,0.3788263466435764,0.9739173364902188
20.0,10.0,1009.220458984375,-2.9108953543199574,0.1705966571489515,-1.28006950513636,1.595904477487557,-1.633690536154239,-0.327638212831419,-0.2021056819583473,4.487115487508678,1.7877922372069122,0.87065060687773
20.0,10.0,1009.2268676757812,-0.9841382011644052,0.9069666877729744,-2.358612181741912,-3.6726057834545154,-0.1354401571062382,2.546614699093659,-0.5690047728756003,-2.7032612227549,-2.537440506167739,-0.6584164212580281
20.0,10.0,1009.278076171875,0.5986239463412111,0.3923821953948915,-0.7111410082595072,0.7774092762061562,0.6734398052945179,-0.5856701814751614,0.0417602150325204,-2.083706830093376,0.3788263466435764,0.9860427330432204
20.0,10.0,1009.278076171875,0.5986239463412111,0.3923821953948915,-0.7111410082595072,0.7774092762061562,0.6734398052945179,-0.5856701814751614,0.0417602150325204,-2.083706830093376,0.3788263466435764,0.9860427330432204
20.0,10.0,1009.3812866210938,0.8247492372627949,0.3923821953948915,-0.7111410082595072,0.7774092762061562,0.6734398052945179,-0.5856701814751614,0.0417602150325204,-2.083706830093376,0.3788263466435764,0.9860427330432204
20.0,10.0,1009.4063720703124,2.3659976056974954,1.2294339518067865,-0.5238549469344124,2.7341165932358784,0.9125658924320752,-2.119699738250952,0.6750791417219031,2.523994134020504,-0.6695842749849534,-0.4824263719135584
20.0,10.0,1009.4590454101562,0.7949034451879731,0.4866422716178373,-0.2082277609614416,2.150566295250472,0.6880414981030838,-0.0070451453906927,0.0405607882411588,-2.179947744332276,0.3781293213913578,0.9159688598509236
20.0,10.0,1009.4913330078124,0.6537040275249333,0.2573706402104556,-2.297799988751958,-2.2248175280720788,-0.0601748300494619,-0.6714120612400166,-0.8509503883001638,-2.7577105285701813,-0.8996575579777459,-0.514299732400245
20.0,10.0,1009.5389404296876,1.7169067705597088,-1.3821769354722853,-2.340850009464873,0.8066636886695794,-0.2370123115009691,2.2364831486835928,-0.5823773384126099,-1.9232333123000296,-1.1033204886002153,-1.1115093941328391
20.0,10.0,1009.556396484375,1.855525879615601,0.4997955247489019,-0.5572129643252595,4.212410002911127,0.6850680790595574,-2.1306604369227533,-0.1445758477290324,-0.1020489205745409,0.4840798894791499,-0.7684547586173482
20.0,10.0,1009.57958984375,1.3920107535154806,-1.0647220485307556,-1.231397488088848,2.086088858139849,0.6850680790595574,-2.1306604369227533,-0.1445758477290324,-0.1020489205745409,0.4840798894791499,-0.7684547586173482
20.0,10.0,1009.58447265625,0.5921485630829131,-0.9015327865071276,-1.2338822318889306,-3.1722671851543325,0.6883696233784133,-0.4380111817668523,0.0417602150325204,-2.018861813400086,0.3316783547231178,0.8688782307935665
20.0,10.0,1009.6190185546876,0.8240096280155003,0.3875643440565649,-2.2810215835591383,-1.5224193645524775,-0.2324749058728883,-0.590279517857549,-0.5791590398786561,-2.695233416628984,0.3258503093935405,-0.5159191112024111
20.0,10.0,1009.6478881835938,1.4247432231060997,0.2292745807411469,-2.340850009464873,2.2207421994452274,-0.2324749058728883,-2.325094919021935,-0.5791590398786561,-2.695233416628984,-0.8162340009161815,-0.5159191112024111
20.0,10.0,1009.6478881835938,1.4247432231060997,0.2292745807411469,-2.340850009464873,2.2207421994452274,-0.2324749058728883,-2.325094919021935,-0.5791590398786561,-2.695233416628984,-0.8162340009161815,-0.5159191112024111
20.0,10.0,1009.6895141601562,1.4254388218608751,0.2292745807411469,-2.3558853567734754,2.7341165932358784,-0.0954271952119283,-2.325094919021935,-1.0758452678221708,-2.695299658385912,-0.8162340009161815,-0.6494014317458976
20.0,10.0,1009.72021484375,-2.867151500145664,0.3407322234360531,-1.1336362064555907,1.5829020531833655,0.1751334299817758,-0.327638212831419,-0.2247545113099006,4.60864804296885,1.7310215681581569,0.8794604602958525
20.0,10.0,1009.8120727539062,0.537321832808656,0.2292745807411469,0.0539215533029864,2.7341165932358784,-0.0678638053572786,-2.322121821968614,-0.836349556401229,-2.695299658385912,-0.899181888064375,-0.5365756946961815
20.0,10.0,1009.817138671875,-2.8662559529834137,0.2356929423310444,-0.9865842878644516,0.8031067208159354,0.2058832652342972,-2.062241723663899,-0.3347602246914009,-0.3561395265759459,0.5597892983114552,-0.8264954277653855
20.0,10.0,1009.8677368164062,1.4254388218608751,0.1985645951457307,-2.454895547796817,2.6706176597887805,0.8251017829284037,-2.335462460755192,-0.1336705239955637,-2.158158194661501,-0.8162340009161815,0.9071126357498104
20.0,10.0,1009.9407348632812,-0.0866305789144836,0.371874460526673,-0.5720020137609363,4.1201187923151785,0.0636756565191644,2.522014532388946,1.3364094902214745,2.3598166192256302,-1.1054553487185292,-0.0142698128626761
20.0,10.0,1009.9628295898438,-0.3792021542634503,1.205951365332245,-2.368558659322189,1.93208416634534,0.9208712254770636,-2.472351517408583,1.3682307872128954,2.6129360652081948,-0.8746044645820135,-0.4470566462065886
20.0,10.0,1010.0662231445312,-0.3969504132901615,0.4868250449965439,-2.287466593122554,1.7230621633963428,0.9552603883890924,-2.447008358354816,-0.1706668073637462,3.0440123529766647,-0.6812023330327783,-0.44235951139987
20.0,10.0,1010.10693359375,-2.9108953543199574,-1.0149525489913618,-1.2252240489089212,1.595904477487557,-1.6069748130985333,-0.4683379142052928,-2.390548124986418,2.8284268855488417,1.7877922372069122,0.87065060687773
20.0,10.0,1010.10693359375,-2.9108953543199574,-1.0149525489913618,-1.2252240489089212,1.595904477487557,-1.6069748130985333,-0.4683379142052928,-2.390548124986418,2.8284268855488417,1.7877922372069122,0.87065060687773
20.0,10.0,1010.1116333007812,1.8729691559014696,0.2183863261430225,-0.6436755511207277,2.7341165932358784,1.853450662376608,-1.6603352114479897,-0.2355385166193263,-2.695299658385912,0.6304962701066044,0.7364028653882955
20.0,10.0,1010.1116333007812,1.8729691559014696,0.2183863261430225,-0.6436755511207277,2.7341165932358784,1.853450662376608,-1.6603352114479897,-0.2355385166193263,-2.695299658385912,0.6304962701066044,0.7364028653882955
20.0,10.0,1010.2140502929688,-3.413061691204175,0.4730045489823063,-0.3559402091153565,1.762252432994468,-1.7309041221570691,-0.4963082368853086,-2.276886463389205,4.998921389696586,0.3532126767817719,-0.4905504097704147
20.0,11.0,1006.38623046875,1.4254388218608751,0.2292745807411469,-2.3558853567734754,2.7341165932358784,-0.674424375530223,-2.325094919021935,-0.1346003706931446,-2.5047362015268586,-2.130515361565326,-0.5108043848467153
20.0,11.0,1006.38623046875,1.4254388218608751,0.2292745807411469,-2.3558853567734754,2.7341165932358784,-0.674424375530223,-2.325094919021935,-0.1346003706931446,-2.5047362015268586,-2.130515361565326,-0.5108043848467153
20.0,11.0,1006.8610229492188,0.6537040275249333,0.2573706402104556,-2.297799988751958,0.639744696042776,-0.0601748300494619,-0.5884686776078901,0.0260597473428236,-2.7577105285701813,0.0182625434492329,0.8862657661814015
20.0,11.0,1007.3433227539062,1.830054197229731,0.3823502166868449,-1.4830131982379038,0.7764914759895085,0.7823025624818977,-0.1025097463238117,-0.0372080160809548,-2.601205513634973,-0.2438803824790665,0.9860427330432204
20.0,11.0,1007.5894775390624,0.8260497111165581,1.9031093470084688,-2.3688780224386905,1.4812682996174102,0.778051545171237,-0.120808113246553,1.6587579221493585,-2.6108085514928083,-1.026781853876794,-0.6490867194388792
20.0,11.0,1007.6376342773438,0.6013099133336963,0.2292745807411469,-2.340850009464873,-1.5224193645524775,-0.2324749058728883,-2.325094919021935,1.3255814735103673,-2.695233416628984,-0.8162340009161815,-0.5159191112024111
20.0,11.0,1007.661865234375,0.8247492372627949,0.3823502166868449,-1.5275914425610249,0.7942760321675701,0.7823025624818977,-0.1025097463238117,-0.0372080160809548,-2.601205513634973,-0.2438803824790665,0.9860427330432204
20.0,11.0,1007.809326171875,-2.8662559529834137,-1.34670875733943,-0.9417664150131844,0.8031067208159354,0.2079668660190532,-2.062241723663899,-0.3347602246914009,-0.4242680007701676,0.5597892983114552,-0.8264954277653855
20.0,11.0,1007.809326171875,-2.8662559529834137,-1.34670875733943,-0.9417664150131844,0.8031067208159354,0.2079668660190532,-2.062241723663899,-0.3347602246914009,-0.4242680007701676,0.5597892983114552,-0.8264954277653855
20.0,11.0,1007.8294677734376,0.8244933525227314,0.3084985823304348,-0.7111410082595072,0.7774092762061562,0.6626366114513702,-0.5869722179086249,0.0373165915964165,-0.6460547710623075,0.3788263466435764,0.9739173364902188
20.0,11.0,1007.8892822265624,-2.9108953543199574,0.1705966571489515,-1.28006950513636,1.595904477487557,-1.633690536154239,-0.327638212831419,-0.2014765562741127,4.487115487508678,1.7877922372069122,0.87065060687773
20.0,11.0,1007.9043579101562,0.5988771652100651,0.2292745807411469,0.0539215533029864,2.7341165932358784,-0.0678638053572786,-0.5847279110677088,-0.836996512047562,-2.1093977674883115,-0.899181888064375,-0.5365756946961815
20.0,11.0,1007.9842529296876,0.5647507233050506,1.474385157379556,-0.0063639750802205,-2.2248175280720788,-0.0603708600977678,-0.6714120612400166,-0.8509503883001638,-2.6732522434940043,-0.8996575579777459,-1.3266797631917118
20.0,11.0,1007.9912109375,2.3659976056974954,0.1214050690167433,-0.5238549469344124,2.7341165932358784,0.6898638152605947,-2.100674779678453,-0.1998220060308216,-2.717663863543846,-0.6672455070708274,-0.4824263719135584
20.0,11.0,1008.1386108398438,1.4254388218608751,0.1985645951457307,-2.454895547796817,2.6706176597887805,0.8273119669828846,-2.335462460755192,-0.1336705239955637,-2.700383969724815,-0.8162340009161815,-0.5841657349870616
20.0,11.0,1008.1386108398438,1.4254388218608751,0.1985645951457307,-2.454895547796817,2.6706176597887805,0.8273119669828846,-2.335462460755192,-0.1336705239955637,-2.700383969724815,-0.8162340009161815,-0.5841657349870616
20.0,11.0,1008.186767578125,0.8372169914894939,1.1964133432004678,-2.368558659322189,1.93208416634534,0.9208712254770636,-0.1064478960379065,1.5531032032063223,2.825033589658959,-0.8746044645820135,-0.4470566462065886
20.0,11.0,1008.232177734375,0.8063463602552305,0.3923821953948915,-0.7111410082595072,0.7774092762061562,0.6626366114513702,-2.324764190502865,0.0417602150325204,-2.083706830093376,-1.3706189605703234,0.9739173364902188
20.0,11.0,1008.5866088867188,0.5921485630829131,-0.9015327865071276,-1.2338822318889306,-3.1722671851543325,0.8269901176550021,-0.4380111817668523,0.0417602150325204,-2.083706830093376,0.3644521947954836,0.8688782307935665
20.0,11.0,1008.8023071289062,0.6537040275249333,0.2579411150088637,-2.297799988751958,0.6856714898754405,-0.0601748300494619,-0.5884686776078901,0.0260597473428236,-2.7577105285701813,-0.0104308094376638,0.8416367203607185
20.0,11.0,1008.9298095703124,1.8508307608850432,0.4997955247489019,-0.5572129643252595,4.216367213687827,0.6850680790595574,-2.1306604369227533,-0.1445758477290324,-0.1020489205745409,0.4840798894791499,-0.7684547586173482
20.0,11.0,1009.1204833984376,-2.9108953543199574,0.1705966571489515,-1.28006950513636,1.595904477487557,-1.633690536154239,-0.327638212831419,-0.2247545113099006,4.487115487508678,1.7877922372069122,0.87065060687773
20.0,11.0,1009.1246948242188,1.8791356426125,-0.2795573092123489,-0.5717065818860328,2.3651829290044857,1.827243013928146,-2.119635219919508,-0.217961536786721,-0.1637633364784858,0.5366090968647698,-0.0637101760047337
20.0,11.0,1009.1473388671876,0.6013099133336963,0.2292745807411469,-2.340850009464873,-1.5224193645524775,-0.2324749058728883,-2.325094919021935,-0.5791590398786561,-2.695233416628984,-0.8162340009161815,-0.5159191112024111
20.0,11.0,1009.1473388671876,0.6013099133336963,0.2292745807411469,-2.340850009464873,-1.5224193645524775,-0.2324749058728883,-2.325094919021935,-0.5791590398786561,-2.695233416628984,-0.8162340009161815,-0.5159191112024111
20.0,11.0,1009.17333984375,1.4254388218608751,0.2292745807411469,-2.3558853567734754,2.7341165932358784,-0.0656128028205138,-2.0919118404364214,-0.5165301728228757,-2.1994476451496188,-0.8162340009161815,-0.5181302553777585
20.0,11.0,1009.1762084960938,0.8247492372627949,0.3923821953948915,-0.7111410082595072,0.7774092762061562,0.6626366114513702,-0.5869722179086249,0.0417602150325204,-2.083706830093376,0.3788263466435764,0.9739173364902188
20.0,11.0,1009.1762084960938,0.8247492372627949,0.3923821953948915,-0.7111410082595072,0.7774092762061562,0.6626366114513702,-0.5869722179086249,0.0417602150325204,-2.083706830093376,0.3788263466435764,0.9739173364902188
20.0,11.0,1009.220458984375,-2.9108953543199574,0.1705966571489515,-1.28006950513636,1.595904477487557,-1.633690536154239,-0.327638212831419,-0.2021056819583473,4.487115487508678,1.7877922372069122,0.87065060687773
20.0,11.0,1009.2268676757812,-0.9841382011644052,0.9069666877729744,-2.358612181741912,-3.6726057834545154,-0.1354401571062382,2.546614699093659,-0.5690047728756003,-2.7032612227549,-2.537440506167739,-0.6584164212580281
20.0,11.0,1009.278076171875,0.5986239463412111,0.3923821953948915,-0.7111410082595072,0.7774092762061562,0.6734398052945179,-0.5856701814751614,0.0417602150325204,-2.083706830093376,0.3788263466435764,0.9860427330432204
20.0,11.0,1009.278076171875,0.5986239463412111,0.3923821953948915,-0.7111410082595072,0.7774092762061562,0.6734398052945179,-0.5856701814751614,0.0417602150325204,-2.083706830093376,0.3788263466435764,0.9860427330432204
20.0,11.0,1009.3309936523438,-2.9108953543199574,0.1705966571489515,-1.28006950513636,1.595904477487557,-1.633690536154239,-0.327638212831419,-0.2253836369941352,4.487115487508678,1.7877922372069122,0.87065060687773
20.0,11.0,1009.3812866210938,0.8247492372627949,0.3923821953948915,-0.7111410082595072,0.7774092762061562,0.6734398052945179,-0.5856701814751614,0.0417602150325204,-2.083706830093376,0.3788263466435764,0.9860427330432204
20.0,11.0,1009.4063720703124,2.3659976056974954,1.2294339518067865,-0.5238549469344124,2.7341165932358784,0.9125658924320752,-2.119699738250952,0.6750791417219031,2.523994134020504,-0.6695842749849534,-0.4824263719135584
20.0,11.0,1009.4590454101562,0.7949034451879731,0.4866422716178373,-0.2082277609614416,2.150566295250472,0.6880414981030838,-0.0070451453906927,0.0405607882411588,-2.179947744332276,0.3781293213913578,0.9159688598509236
20.0,11.0,1009.4913330078124,0.6537040275249333,0.2573706402104556,-2.297799988751958,-2.2248175280720788,-0.0601748300494619,-0.6714120612400166,-0.8509503883001638,-2.7577105285701813,-0.8996575579777459,-0.514299732400245
20.0,11.0,1009.5389404296876,1.7169067705597088,-1.3821769354722853,-2.340850009464873,0.8066636886695794,-0.2370123115009691,2.2364831486835928,-0.5823773384126099,-1.9232333123000296,-1.1033204886002153,-1.1115093941328391
20.0,11.0,1009.556396484375,1.855525879615601,0.4997955247489019,-0.5572129643252595,4.212410002911127,0.6850680790595574,-2.1306604369227533,-0.1445758477290324,-0.1020489205745409,0.4840798894791499,-0.7684547586173482
20.0,11.0,1009.57958984375,1.3920107535154806,-1.0647220485307556,-1.231397488088848,2.086088858139849,0.6850680790595574,-2.1306604369227533,-0.1445758477290324,-0.1020489205745409,0.4840798894791499,-0.7684547586173482
20.0,11.0,1009.58447265625,0.5921485630829131,-0.9015327865071276,-1.2338822318889306,-3.1722671851543325,0.6883696233784133,-0.4380111817668523,0.0417602150325204,-2.018861813400086,0.3316783547231178,0.8688782307935665
20.0,11.0,1009.6190185546876,0.8240096280155003,0.3875643440565649,-2.2810215835591383,-1.5224193645524775,-0.2324749058728883,-0.590279517857549,-0.5791590398786561,-2.695233416628984,0.3258503093935405,-0.5159191112024111
20.0,11.0,1009.6478881835938,1.4247432231060997,0.2292745807411469,-2.340850009464873,2.2207421994452274,-0.2324749058728883,-2.325094919021935,-0.5791590398786561,-2.695233416628984,-0.8162340009161815,-0.5159191112024111
20.0,11.0,1009.6478881835938,1.4247432231060997,0.2292745807411469,-2.340850009464873,2.2207421994452274,-0.2324749058728883,-2.325094919021935,-0.5791590398786561,-2.695233416628984,-0.8162340009161815,-0.5159191112024111
20.0,11.0,1009.6533813476562,0.8247492372627949,0.8305866527792961,-0.7199205690809746,0.7774092762061562,0.6850697833409511,-0.5856701814751614,0.058719169967863,-2.083706830093376,0.3853924653827874,0.9860427330432204
20.0,11.0,1009.6895141601562,1.4254388218608751,0.2292745807411469,-2.3558853567734754,2.7341165932358784,-0.0954271952119283,-2.325094919021935,-1.0758452678221708,-2.695299658385912,-0.8162340009161815,-0.6494014317458976
20.0,11.0,1009.72021484375,-2.867151500145664,0.3407322234360531,-1.1336362064555907,1.5829020531833655,0.1751334299817758,-0.327638212831419,-0.2247545113099006,4.60864804296885,1.7310215681581569,0.8794604602958525
20.0,11.0,1009.8120727539062,0.537321832808656,0.2292745807411469,0.0539215533029864,2.7341165932358784,-0.0678638053572786,-2.322121821968614,-0.836349556401229,-2.695299658385912,-0.899181888064375,-0.5365756946961815
20.0,11.0,1009.817138671875,-2.8662559529834137,0.2356929423310444,-0.9865842878644516,0.8031067208159354,0.2058832652342972,-2.062241723663899,-0.3347602246914009,-0.3561395265759459,0.5597892983114552,-0.8264954277653855
20.0,11.0,1009.8629150390624,1.8388352980569496,-0.2209855134196012,-0.5717065818860328,2.3651829290044857,0.2168544372187502,-2.1189224296362053,-0.217961536786721,-0.4171052595784067,0.5367240979375741,-0.8220142944136681
20.0,12.0,1005.2549438476562,0.8244933525227314,0.1717593457825232,-1.3073300690109348,-0.113356085749311,0.6626366114513702,-0.5869722179086249,0.0373165915964165,-0.6460547710623075,0.3788263466435764,0.9709143587033844
20.0,12.0,1005.5066528320312,0.6055475248077435,0.3923821953948915,-0.7021448358751979,0.7774092762061562,0.6734398052945179,-0.5856701814751614,-0.3444424732940662,-0.3390239645658489,0.3856882756312429,0.3845151788423647
20.0,12.0,1005.7532958984376,0.8247492372627949,0.3821521005716593,-1.536386494166104,0.7942760321675701,-0.235728553135097,-0.1025097463238117,-0.5694503632001859,-2.4658308594713407,0.3048371755107132,-0.5447936440754229
20.0,12.0,1006.38623046875,1.4254388218608751,0.2292745807411469,-2.3558853567734754,2.7341165932358784,-0.674424375530223,-2.325094919021935,-0.1346003706931446,-2.5047362015268586,-2.130515361565326,-0.5108043848467153
20.0,12.0,1006.38623046875,1.4254388218608751,0.2292745807411469,-2.3558853567734754,2.7341165932358784,-0.674424375530223,-2.325094919021935,-0.1346003706931446,-2.5047362015268586,-2.130515361565326,-0.5108043848467153
20.0,12.0,1006.8610229492188,0.6537040275249333,0.2573706402104556,-2.297799988751958,0.639744696042776,-0.0601748300494619,-0.5884686776078901,0.0260597473428236,-2.7577105285701813,0.0182625434492329,0.8862657661814015
20.0,12.0,1007.3086547851562,0.8211239234702191,0.3938655471825989,0.0539215533029864,2.7341165932358784,0.603436406622871,-0.5847279110677088,-0.836996512047562,-2.084414664088778,0.4281145865948155,1.0287777922051375
20.0,12.0,1007.3433227539062,1.830054197229731,0.3823502166868449,-1.4830131982379038,0.7764914759895085,0.7823025624818977,-0.1025097463238117,-0.0372080160809548,-2.601205513634973,-0.2438803824790665,0.9860427330432204
20.0,12.0,1007.5894775390624,0.8260497111165581,1.9031093470084688,-2.3688780224386905,1.4812682996174102,0.778051545171237,-0.120808113246553,1.6587579221493585,-2.6108085514928083,-1.026781853876794,-0.6490867194388792
20.0,12.0,1007.6376342773438,0.6013099133336963,0.2292745807411469,-2.340850009464873,-1.5224193645524775,-0.2324749058728883,-2.325094919021935,1.3255814735103673,-2.695233416628984,-0.8162340009161815,-0.5159191112024111
20.0,12.0,1007.661865234375,0.8247492372627949,0.3823502166868449,-1.5275914425610249,0.7942760321675701,0.7823025624818977,-0.1025097463238117,-0.0372080160809548,-2.601205513634973,-0.2438803824790665,0.9860427330432204
20.0,12.0,1007.809326171875,-2.8662559529834137,-1.34670875733943,-0.9417664150131844,0.8031067208159354,0.2079668660190532,-2.062241723663899,-0.3347602246914009,-0.4242680007701676,0.5597892983114552,-0.8264954277653855
20.0,12.0,1007.809326171875,-2.8662559529834137,-1.34670875733943,-0.9417664150131844,0.8031067208159354,0.2079668660190532,-2.062241723663899,-0.3347602246914009,-0.4242680007701676,0.5597892983114552,-0.8264954277653855
20.0,12.0,1007.8294677734376,0.8244933525227314,0.3084985823304348,-0.7111410082595072,0.7774092762061562,0.6626366114513702,-0.5869722179086249,0.0373165915964165,-0.6460547710623075,0.3788263466435764,0.9739173364902188
20.0,12.0,1007.8892822265624,-2.9108953543199574,0.1705966571489515,-1.28006950513636,1.595904477487557,-1.633690536154239,-0.327638212831419,-0.2014765562741127,4.487115487508678,1.7877922372069122,0.87065060687773
20.0,12.0,1007.9043579101562,0.5988771652100651,0.2292745807411469,0.0539215533029864,2.7341165932358784,-0.0678638053572786,-0.5847279110677088,-0.836996512047562,-2.1093977674883115,-0.899181888064375,-0.5365756946961815
20.0,12.0,1007.9752807617188,0.5921427673005223,-0.9015327865071276,-1.2338822318889306,-3.1722671851543325,0.8304053834073343,-0.4380111817668523,0.0417602150325204,-2.083706830093376,0.3787655694549443,0.9829758909188396
20.0,12.0,1007.9842529296876,0.5647507233050506,1.474385157379556,-0.0063639750802205,-2.2248175280720788,-0.0603708600977678,-0.6714120612400166,-0.8509503883001638,-2.6732522434940043,-0.8996575579777459,-1.3266797631917118
20.0,12.0,1007.9912109375,2.3659976056974954,0.1214050690167433,-0.5238549469344124,2.7341165932358784,0.6898638152605947,-2.100674779678453,-0.1998220060308216,-2.717663863543846,-0.6672455070708274,-0.4824263719135584
20.0,12.0,1008.1386108398438,1.4254388218608751,0.1985645951457307,-2.454895547796817,2.6706176597887805,0.8273119669828846,-2.335462460755192,-0.1336705239955637,-2.700383969724815,-0.8162340009161815,-0.5841657349870616
20.0,12.0,1008.1386108398438,1.4254388218608751,0.1985645951457307,-2.454895547796817,2.6706176597887805,0.8273119669828846,-2.335462460755192,-0.1336705239955637,-2.700383969724815,-0.8162340009161815,-0.5841657349870616
20.0,12.0,1008.186767578125,0.8372169914894939,1.1964133432004678,-2.368558659322189,1.93208416634534,0.9208712254770636,-0.1064478960379065,1.5531032032063223,2.825033589658959,-0.8746044645820135,-0.4470566462065886
20.0,12.0,1008.232177734375,0.8063463602552305,0.3923821953948915,-0.7111410082595072,0.7774092762061562,0.6626366114513702,-2.324764190502865,0.0417602150325204,-2.083706830093376,-1.3706189605703234,0.9739173364902188
20.0,12.0,1008.5866088867188,0.5921485630829131,-0.9015327865071276,-1.2338822318889306,-3.1722671851543325,0.8269901176550021,-0.4380111817668523,0.0417602150325204,-2.083706830093376,0.3644521947954836,0.8688782307935665
20.0,12.0,1008.8023071289062,0.6537040275249333,0.2579411150088637,-2.297799988751958,0.6856714898754405,-0.0601748300494619,-0.5884686776078901,0.0260597473428236,-2.7577105285701813,-0.0104308094376638,0.8416367203607185
20.0,12.0,1008.9298095703124,1.8508307608850432,0.4997955247489019,-0.5572129643252595,4.216367213687827,0.6850680790595574,-2.1306604369227533,-0.1445758477290324,-0.1020489205745409,0.4840798894791499,-0.7684547586173482
20.0,12.0,1009.0726318359376,1.830054197229731,0.3864405039851833,-1.4830131982379038,1.8361718006433885,0.7718080249500291,-0.1066019809624679,1.506875251854971,-2.601205513634973,-0.8903080266702748,-0.4654077891147425
20.0,12.0,1009.1204833984376,-2.9108953543199574,0.1705966571489515,-1.28006950513636,1.595904477487557,-1.633690536154239,-0.327638212831419,-0.2247545113099006,4.487115487508678,1.7877922372069122,0.87065060687773
20.0,12.0,1009.1246948242188,1.8791356426125,-0.2795573092123489,-0.5717065818860328,2.3651829290044857,1.827243013928146,-2.119635219919508,-0.217961536786721,-0.1637633364784858,0.5366090968647698,-0.0637101760047337
20.0,12.0,1009.1473388671876,0.6013099133336963,0.2292745807411469,-2.340850009464873,-1.5224193645524775,-0.2324749058728883,-2.325094919021935,-0.5791590398786561,-2.695233416628984,-0.8162340009161815,-0.5159191112024111
20.0,12.0,1009.1473388671876,0.6013099133336963,0.2292745807411469,-2.340850009464873,-1.5224193645524775,-0.2324749058728883,-2.325094919021935,-0.5791590398786561,-2.695233416628984,-0.8162340009161815,-0.5159191112024111
20.0,12.0,1009.1529541015624,0.8022963462697507,0.3923821953948915,-0.7111410082595072,0.7774092762061562,0.6626366114513702,-0.5869722179086249,0.0417602150325204,-2.083706830093376,-1.400019004602025,0.9739173364902188
20.0,12.0,1009.17333984375,1.4254388218608751,0.2292745807411469,-2.3558853567734754,2.7341165932358784,-0.0656128028205138,-2.0919118404364214,-0.5165301728228757,-2.1994476451496188,-0.8162340009161815,-0.5181302553777585
20.0,12.0,1009.1762084960938,0.8247492372627949,0.3923821953948915,-0.7111410082595072,0.7774092762061562,0.6626366114513702,-0.5869722179086249,0.0417602150325204,-2.083706830093376,0.3788263466435764,0.9739173364902188
20.0,12.0,1009.1762084960938,0.8247492372627949,0.3923821953948915,-0.7111410082595072,0.7774092762061562,0.6626366114513702,-0.5869722179086249,0.0417602150325204,-2.083706830093376,0.3788263466435764,0.9739173364902188
20.0,12.0,1009.220458984375,-2.9108953543199574,0.1705966571489515,-1.28006950513636,1.595904477487557,-1.633690536154239,-0.327638212831419,-0.2021056819583473,4.487115487508678,1.7877922372069122,0.87065060687773
20.0,12.0,1009.2268676757812,-0.9841382011644052,0.9069666877729744,-2.358612181741912,-3.6726057834545154,-0.1354401571062382,2.546614699093659,-0.5690047728756003,-2.7032612227549,-2.537440506167739,-0.6584164212580281
20.0,12.0,1009.23828125,-2.838672516347741,0.1392601906670942,-1.2844985910352693,1.595904477487557,-1.8785454618514004,-0.327638212831419,-0.2106714557394474,4.487115487508678,1.8295549498768244,0.8814741676018062
20.0,12.0,1009.278076171875,0.5986239463412111,0.3923821953948915,-0.7111410082595072,0.7774092762061562,0.6734398052945179,-0.5856701814751614,0.0417602150325204,-2.083706830093376,0.3788263466435764,0.9860427330432204
20.0,12.0,1009.278076171875,0.5986239463412111,0.3923821953948915,-0.7111410082595072,0.7774092762061562,0.6734398052945179,-0.5856701814751614,0.0417602150325204,-2.083706830093376,0.3788263466435764,0.9860427330432204
20.0,12.0,1009.2948608398438,0.5986239463412111,0.3923821953948915,-0.7111410082595072,0.8018013320511386,0.6562007466790301,-0.6055466177286961,0.0417602150325204,-0.4025049202326074,0.5518611706076202,0.9860427330432204
20.0,12.0,1009.3309936523438,-2.9108953543199574,0.1705966571489515,-1.28006950513636,1.595904477487557,-1.633690536154239,-0.327638212831419,-0.2253836369941352,4.487115487508678,1.7877922372069122,0.87065060687773
20.0,12.0,1009.3470458984376,0.6025024790026409,0.2277912289534395,-0.7111410082595072,0.7774092762061562,0.0021395933143681,-0.5856701814751614,0.0417602150325204,-2.108689933492909,-0.9484701280156131,-0.579310753858111
20.0,12.0,1009.3812866210938,0.8247492372627949,0.3923821953948915,-0.7111410082595072,0.7774092762061562,0.6734398052945179,-0.5856701814751614,0.0417602150325204,-2.083706830093376,0.3788263466435764,0.9860427330432204
20.0,12.0,1009.4063720703124,2.3659976056974954,1.2294339518067865,-0.5238549469344124,2.7341165932358784,0.9125658924320752,-2.119699738250952,0.6750791417219031,2.523994134020504,-0.6695842749849534,-0.4824263719135584
20.0,12.0,1009.4590454101562,0.7949034451879731,0.4866422716178373,-0.2082277609614416,2.150566295250472,0.6880414981030838,-0.0070451453906927,0.0405607882411588,-2.179947744332276,0.3781293213913578,0.9159688598509236
20.0,12.0,1009.4913330078124,0.6537040275249333,0.2573706402104556,-2.297799988751958,-2.2248175280720788,-0.0601748300494619,-0.6714120612400166,-0.8509503883001638,-2.7577105285701813,-0.8996575579777459,-0.514299732400245
20.0,12.0,1009.5389404296876,1.7169067705597088,-1.3821769354722853,-2.340850009464873,0.8066636886695794,-0.2370123115009691,2.2364831486835928,-0.5823773384126099,-1.9232333123000296,-1.1033204886002153,-1.1115093941328391
20.0,12.0,1009.556396484375,1.855525879615601,0.4997955247489019,-0.5572129643252595,4.212410002911127,0.6850680790595574,-2.1306604369227533,-0.1445758477290324,-0.1020489205745409,0.4840798894791499,-0.7684547586173482
20.0,12.0,1009.57958984375,1.3920107535154806,-1.0647220485307556,-1.231397488088848,2.086088858139849,0.6850680790595574,-2.1306604369227533,-0.1445758477290324,-0.1020489205745409,0.4840798894791499,-0.7684547586173482
20.0,13.0,1003.4501953125,0.8244933525227314,0.1717593457825232,-2.378357160883819,-0.0311909432060103,0.5201670551719506,-0.572020629403561,0.1201970601601191,-0.6215705967146201,-0.9274745739175644,-0.4297577406009585
20.0,13.0,1005.2549438476562,0.8244933525227314,0.1717593457825232,-1.3073300690109348,-0.113356085749311,0.6626366114513702,-0.5869722179086249,0.0373165915964165,-0.6460547710623075,0.3788263466435764,0.9709143587033844
20.0,13.0,1005.5066528320312,0.6055475248077435,0.3923821953948915,-0.7021448358751979,0.7774092762061562,0.6734398052945179,-0.5856701814751614,-0.3444424732940662,-0.3390239645658489,0.3856882756312429,0.3845151788423647
20.0,13.0,1005.7532958984376,0.8247492372627949,0.3821521005716593,-1.536386494166104,0.7942760321675701,-0.235728553135097,-0.1025097463238117,-0.5694503632001859,-2.4658308594713407,0.3048371755107132,-0.5447936440754229
20.0,13.0,1006.38623046875,1.4254388218608751,0.2292745807411469,-2.3558853567734754,2.7341165932358784,-0.674424375530223,-2.325094919021935,-0.1346003706931446,-2.5047362015268586,-2.130515361565326,-0.5108043848467153
20.0,13.0,1006.38623046875,1.4254388218608751,0.2292745807411469,-2.3558853567734754,2.7341165932358784,-0.674424375530223,-2.325094919021935,-0.1346003706931446,-2.5047362015268586,-2.130515361565326,-0.5108043848467153
20.0,13.0,1006.8610229492188,0.6537040275249333,0.2573706402104556,-2.297799988751958,0.639744696042776,-0.0601748300494619,-0.5884686776078901,0.0260597473428236,-2.7577105285701813,0.0182625434492329,0.8862657661814015
20.0,13.0,1007.3086547851562,0.8211239234702191,0.3938655471825989,0.0539215533029864,2.7341165932358784,0.603436406622871,-0.5847279110677088,-0.836996512047562,-2.084414664088778,0.4281145865948155,1.0287777922051375
20.0,13.0,1007.3433227539062,1.830054197229731,0.3823502166868449,-1.4830131982379038,0.7764914759895085,0.7823025624818977,-0.1025097463238117,-0.0372080160809548,-2.601205513634973,-0.2438803824790665,0.9860427330432204
20.0,13.0,1007.5139770507812,0.8049519875682412,1.2476259218462222,-0.7025033835167517,2.200943480811915,0.6626366114513702,-0.1491455713476415,0.0415432725140332,2.6243838826049006,-0.8458935011958875,-0.4446543259244523
20.0,13.0,1007.5894775390624,0.8260497111165581,1.9031093470084688,-2.3688780224386905,1.4812682996174102,0.778051545171237,-0.120808113246553,1.6587579221493585,-2.6108085514928083,-1.026781853876794,-0.6490867194388792
20.0,13.0,1007.6376342773438,0.6013099133336963,0.2292745807411469,-2.340850009464873,-1.5224193645524775,-0.2324749058728883,-2.325094919021935,1.3255814735103673,-2.695233416628984,-0.8162340009161815,-0.5159191112024111
20.0,13.0,1007.661865234375,0.8247492372627949,0.3823502166868449,-1.5275914425610249,0.7942760321675701,0.7823025624818977,-0.1025097463238117,-0.0372080160809548,-2.601205513634973,-0.2438803824790665,0.9860427330432204
20.0,13.0,1007.809326171875,-2.8662559529834137,-1.34670875733943,-0.9417664150131844,0.8031067208159354,0.2079668660190532,-2.062241723663899,-0.3347602246914009,-0.4242680007701676,0.5597892983114552,-0.8264954277653855
20.0,13.0,1007.809326171875,-2.8662559529834137,-1.34670875733943,-0.9417664150131844,0.8031067208159354,0.2079668660190532,-2.062241723663899,-0.3347602246914009,-0.4242680007701676,0.5597892983114552,-0.8264954277653855
20.0,13.0,1007.8294677734376,0.8244933525227314,0.3084985823304348,-0.7111410082595072,0.7774092762061562,0.6626366114513702,-0.5869722179086249,0.0373165915964165,-0.6460547710623075,0.3788263466435764,0.9739173364902188
20.0,13.0,1007.8892822265624,-2.9108953543199574,0.1705966571489515,-1.28006950513636,1.595904477487557,-1.633690536154239,-0.327638212831419,-0.2014765562741127,4.487115487508678,1.7877922372069122,0.87065060687773
20.0,13.0,1007.9043579101562,0.5988771652100651,0.2292745807411469,0.0539215533029864,2.7341165932358784,-0.0678638053572786,-0.5847279110677088,-0.836996512047562,-2.1093977674883115,-0.899181888064375,-0.5365756946961815
20.0,13.0,1007.9752807617188,0.5921427673005223,-0.9015327865071276,-1.2338822318889306,-3.1722671851543325,0.8304053834073343,-0.4380111817668523,0.0417602150325204,-2.083706830093376,0.3787655694549443,0.9829758909188396
20.0,13.0,1007.9842529296876,0.5647507233050506,1.474385157379556,-0.0063639750802205,-2.2248175280720788,-0.0603708600977678,-0.6714120612400166,-0.8509503883001638,-2.6732522434940043,-0.8996575579777459,-1.3266797631917118
20.0,13.0,1007.9912109375,2.3659976056974954,0.1214050690167433,-0.5238549469344124,2.7341165932358784,0.6898638152605947,-2.100674779678453,-0.1998220060308216,-2.717663863543846,-0.6672455070708274,-0.4824263719135584
20.0,13.0,1008.1386108398438,1.4254388218608751,0.1985645951457307,-2.454895547796817,2.6706176597887805,0.8273119669828846,-2.335462460755192,-0.1336705239955637,-2.700383969724815,-0.8162340009161815,-0.5841657349870616
20.0,13.0,1008.1386108398438,1.4254388218608751,0.1985645951457307,-2.454895547796817,2.6706176597887805,0.8273119669828846,-2.335462460755192,-0.1336705239955637,-2.700383969724815,-0.8162340009161815,-0.5841657349870616
20.0,13.0,1008.186767578125,0.8372169914894939,1.1964133432004678,-2.368558659322189,1.93208416634534,0.9208712254770636,-0.1064478960379065,1.5531032032063223,2.825033589658959,-0.8746044645820135,-0.4470566462065886
20.0,13.0,1008.232177734375,0.8063463602552305,0.3923821953948915,-0.7111410082595072,0.7774092762061562,0.6626366114513702,-2.324764190502865,0.0417602150325204,-2.083706830093376,-1.3706189605703234,0.9739173364902188
20.0,13.0,1008.47021484375,0.5327435674203107,-1.4105832938490248,-0.9417664150131844,0.8031067208159354,0.2079668660190532,-2.0552175321765427,-0.3347602246914009,-0.4242680007701676,0.5597892983114552,-0.8264954277653855
20.0,13.0,1008.5866088867188,0.5921485630829131,-0.9015327865071276,-1.2338822318889306,-3.1722671851543325,0.8269901176550021,-0.4380111817668523,0.0417602150325204,-2.083706830093376,0.3644521947954836,0.8688782307935665
20.0,13.0,1008.6949462890624,0.8247492372627949,0.2241716002614761,-2.447658541790469,0.7792686533328053,-0.6125355438886622,-2.28363806735038,-0.1036320538116672,-2.039414369325541,0.3788263466435764,1.0455362602645983
20.0,13.0,1008.737060546875,0.5986239463412111,0.5069593353064551,-1.566444337683344,0.8018013320511386,0.6464024661286418,-0.5985915797920708,0.0417602150325204,-2.501853898552538,0.5518611706076202,-0.547335053735565
20.0,13.0,1008.8023071289062,0.6537040275249333,0.2579411150088637,-2.297799988751958,0.6856714898754405,-0.0601748300494619,-0.5884686776078901,0.0260597473428236,-2.7577105285701813,-0.0104308094376638,0.8416367203607185
20.0,13.0,1008.9298095703124,1.8508307608850432,0.4997955247489019,-0.5572129643252595,4.216367213687827,0.6850680790595574,-2.1306604369227533,-0.1445758477290324,-0.1020489205745409,0.4840798894791499,-0.7684547586173482
20.0,13.0,1009.0249633789062,0.6055475248077435,0.5233841899324999,-0.7520965390858673,0.7774092762061562,0.8575199938471382,-0.7012267911951536,-0.1419386412627579,-0.4164812855119792,0.3856882756312429,0.3922253932689553
20.0,13.0,1009.05029296875,0.8386113641764832,0.341169616749137,-2.368558659322189,1.93208416634534,0.9208712254770636,-2.282066515094367,1.5533201457247812,-1.8830596128578505,-1.3993299239564492,0.9715150162080814
20.0,13.0,1009.0726318359376,1.830054197229731,0.3864405039851833,-1.4830131982379038,1.8361718006433885,0.7718080249500291,-0.1066019809624679,1.506875251854971,-2.601205513634973,-0.8903080266702748,-0.4654077891147425
20.0,13.0,1009.1204833984376,-2.9108953543199574,0.1705966571489515,-1.28006950513636,1.595904477487557,-1.633690536154239,-0.327638212831419,-0.2247545113099006,4.487115487508678,1.7877922372069122,0.87065060687773
20.0,13.0,1009.1246948242188,1.8791356426125,-0.2795573092123489,-0.5717065818860328,2.3651829290044857,1.827243013928146,-2.119635219919508,-0.217961536786721,-0.1637633364784858,0.5366090968647698,-0.0637101760047337
20.0,13.0,1009.1275024414062,0.8261005349532812,0.3923821953948915,-0.7111410082595072,0.7774092762061562,0.7841637940751084,-0.5869722179086249,1.6929932720979104,-2.083706830093376,0.3523370111123972,1.0097061258766795
20.0,13.0,1009.1473388671876,0.6013099133336963,0.2292745807411469,-2.340850009464873,-1.5224193645524775,-0.2324749058728883,-2.325094919021935,-0.5791590398786561,-2.695233416628984,-0.8162340009161815,-0.5159191112024111
20.0,13.0,1009.1473388671876,0.6013099133336963,0.2292745807411469,-2.340850009464873,-1.5224193645524775,-0.2324749058728883,-2.325094919021935,-0.5791590398786561,-2.695233416628984,-0.8162340009161815,-0.5159191112024111
20.0,13.0,1009.1529541015624,0.8022963462697507,0.3923821953948915,-0.7111410082595072,0.7774092762061562,0.6626366114513702,-0.5869722179086249,0.0417602150325204,-2.083706830093376,-1.400019004602025,0.9739173364902188
20.0,13.0,1009.17333984375,1.4254388218608751,0.2292745807411469,-2.3558853567734754,2.7341165932358784,-0.0656128028205138,-2.0919118404364214,-0.5165301728228757,-2.1994476451496188,-0.8162340009161815,-0.5181302553777585
20.0,13.0,1009.1762084960938,0.8247492372627949,0.3923821953948915,-0.7111410082595072,0.7774092762061562,0.6626366114513702,-0.5869722179086249,0.0417602150325204,-2.083706830093376,0.3788263466435764,0.9739173364902188
20.0,13.0,1009.1762084960938,0.8247492372627949,0.3923821953948915,-0.7111410082595072,0.7774092762061562,0.6626366114513702,-0.5869722179086249,0.0417602150325204,-2.083706830093376,0.3788263466435764,0.9739173364902188
20.0,13.0,1009.220458984375,-2.9108953543199574,0.1705966571489515,-1.28006950513636,1.595904477487557,-1.633690536154239,-0.327638212831419,-0.2021056819583473,4.487115487508678,1.7877922372069122,0.87065060687773
20.0,13.0,1009.2268676757812,-0.9841382011644052,0.9069666877729744,-2.358612181741912,-3.6726057834545154,-0.1354401571062382,2.546614699093659,-0.5690047728756003,-2.7032612227549,-2.537440506167739,-0.6584164212580281
20.0,13.0,1009.2324829101562,0.8244933525227314,0.3202570909873952,-0.7111410082595072,0.7774092762061562,0.6626366114513702,-1.4481480188701628,0.0373165915964165,-0.6460547710623075,0.3788263466435764,0.9739173364902188
20.0,13.0,1009.23828125,-2.838672516347741,0.1392601906670942,-1.2844985910352693,1.595904477487557,-1.8785454618514004,-0.327638212831419,-0.2106714557394474,4.487115487508678,1.8295549498768244,0.8814741676018062
20.0,13.0,1009.278076171875,0.5986239463412111,0.3923821953948915,-0.7111410082595072,0.7774092762061562,0.6734398052945179,-0.5856701814751614,0.0417602150325204,-2.083706830093376,0.3788263466435764,0.9860427330432204
20.0,13.0,1009.278076171875,0.5986239463412111,0.3923821953948915,-0.7111410082595072,0.7774092762061562,0.6734398052945179,-0.5856701814751614,0.0417602150325204,-2.083706830093376,0.3788263466435764,0.9860427330432204
20.0,13.0,1009.2948608398438,0.5986239463412111,0.3923821953948915,-0.7111410082595072,0.8018013320511386,0.6562007466790301,-0.6055466177286961,0.0417602150325204,-0.4025049202326074,0.5518611706076202,0.9860427330432204
20.0,14.0,1003.4501953125,0.8244933525227314,0.1717593457825232,-2.378357160883819,-0.0311909432060103,0.5201670551719506,-0.572020629403561,0.1201970601601191,-0.6215705967146201,-0.9274745739175644,-0.4297577406009585
20.0,14.0,1005.2549438476562,0.8244933525227314,0.1717593457825232,-1.3073300690109348,-0.113356085749311,0.6626366114513702,-0.5869722179086249,0.0373165915964165,-0.6460547710623075,0.3788263466435764,0.9709143587033844
20.0,14.0,1005.2549438476562,0.8244933525227314,0.1717593457825232,-1.3073300690109348,-0.113356085749311,0.6626366114513702,-0.5869722179086249,0.0373165915964165,-0.6460547710623075,0.3788263466435764,0.9709143587033844
20.0,14.0,1005.5066528320312,0.6055475248077435,0.3923821953948915,-0.7021448358751979,0.7774092762061562,0.6734398052945179,-0.5856701814751614,-0.3444424732940662,-0.3390239645658489,0.3856882756312429,0.3845151788423647
20.0,14.0,1005.7532958984376,0.8247492372627949,0.3821521005716593,-1.536386494166104,0.7942760321675701,-0.235728553135097,-0.1025097463238117,-0.5694503632001859,-2.4658308594713407,0.3048371755107132,-0.5447936440754229
20.0,14.0,1005.7532958984376,0.8247492372627949,0.3821521005716593,-1.536386494166104,0.7942760321675701,-0.235728553135097,-0.1025097463238117,-0.5694503632001859,-2.4658308594713407,0.3048371755107132,-0.5447936440754229
20.0,14.0,1006.38623046875,1.4254388218608751,0.2292745807411469,-2.3558853567734754,2.7341165932358784,-0.674424375530223,-2.325094919021935,-0.1346003706931446,-2.5047362015268586,-2.130515361565326,-0.5108043848467153
20.0,14.0,1006.38623046875,1.4254388218608751,0.2292745807411469,-2.3558853567734754,2.7341165932358784,-0.674424375530223,-2.325094919021935,-0.1346003706931446,-2.5047362015268586,-2.130515361565326,-0.5108043848467153
20.0,14.0,1006.8610229492188,0.6537040275249333,0.2573706402104556,-2.297799988751958,0.639744696042776,-0.0601748300494619,-0.5884686776078901,0.0260597473428236,-2.7577105285701813,0.0182625434492329,0.8862657661814015
20.0,14.0,1006.953857421875,0.8211239234702191,0.1813715317112406,0.0539215533029864,2.7341165932358784,0.603436406622871,-0.5847279110677088,-0.836996512047562,-0.5626717942130341,-0.9180515068211236,1.1165775805532343
20.0,14.0,1007.3086547851562,0.8211239234702191,0.3938655471825989,0.0539215533029864,2.7341165932358784,0.603436406622871,-0.5847279110677088,-0.836996512047562,-2.084414664088778,0.4281145865948155,1.0287777922051375
20.0,14.0,1007.3433227539062,1.830054197229731,0.3823502166868449,-1.4830131982379038,0.7764914759895085,0.7823025624818977,-0.1025097463238117,-0.0372080160809548,-2.601205513634973,-0.2438803824790665,0.9860427330432204
20.0,14.0,1007.5139770507812,0.8049519875682412,1.2476259218462222,-0.7025033835167517,2.200943480811915,0.6626366114513702,-0.1491455713476415,0.0415432725140332,2.6243838826049006,-0.8458935011958875,-0.4446543259244523
20.0,14.0,1007.5894775390624,0.8260497111165581,1.9031093470084688,-2.3688780224386905,1.4812682996174102,0.778051545171237,-0.120808113246553,1.6587579221493585,-2.6108085514928083,-1.026781853876794,-0.6490867194388792
20.0,14.0,1007.6376342773438,0.6013099133336963,0.2292745807411469,-2.340850009464873,-1.5224193645524775,-0.2324749058728883,-2.325094919021935,1.3255814735103673,-2.695233416628984,-0.8162340009161815,-0.5159191112024111
20.0,14.0,1007.661865234375,0.8247492372627949,0.3823502166868449,-1.5275914425610249,0.7942760321675701,0.7823025624818977,-0.1025097463238117,-0.0372080160809548,-2.601205513634973,-0.2438803824790665,0.9860427330432204
20.0,14.0,1007.809326171875,-2.8662559529834137,-1.34670875733943,-0.9417664150131844,0.8031067208159354,0.2079668660190532,-2.062241723663899,-0.3347602246914009,-0.4242680007701676,0.5597892983114552,-0.8264954277653855
20.0,14.0,1007.809326171875,-2.8662559529834137,-1.34670875733943,-0.9417664150131844,0.8031067208159354,0.2079668660190532,-2.062241723663899,-0.3347602246914009,-0.4242680007701676,0.5597892983114552,-0.8264954277653855
20.0,14.0,1007.8294677734376,0.8244933525227314,0.3084985823304348,-0.7111410082595072,0.7774092762061562,0.6626366114513702,-0.5869722179086249,0.0373165915964165,-0.6460547710623075,0.3788263466435764,0.9739173364902188
20.0,14.0,1007.8892822265624,-2.9108953543199574,0.1705966571489515,-1.28006950513636,1.595904477487557,-1.633690536154239,-0.327638212831419,-0.2014765562741127,4.487115487508678,1.7877922372069122,0.87065060687773
20.0,14.0,1007.9043579101562,0.5988771652100651,0.2292745807411469,0.0539215533029864,2.7341165932358784,-0.0678638053572786,-0.5847279110677088,-0.836996512047562,-2.1093977674883115,-0.899181888064375,-0.5365756946961815
20.0,14.0,1007.9752807617188,0.5921427673005223,-0.9015327865071276,-1.2338822318889306,-3.1722671851543325,0.8304053834073343,-0.4380111817668523,0.0417602150325204,-2.083706830093376,0.3787655694549443,0.9829758909188396
20.0,14.0,1007.9842529296876,0.5647507233050506,1.474385157379556,-0.0063639750802205,-2.2248175280720788,-0.0603708600977678,-0.6714120612400166,-0.8509503883001638,-2.6732522434940043,-0.8996575579777459,-1.3266797631917118
20.0,14.0,1007.9912109375,2.3659976056974954,0.1214050690167433,-0.5238549469344124,2.7341165932358784,0.6898638152605947,-2.100674779678453,-0.1998220060308216,-2.717663863543846,-0.6672455070708274,-0.4824263719135584
20.0,14.0,1008.0259399414062,0.8247492372627949,0.3813633704495577,-1.533408700298028,0.7943597977204971,-0.0753446362432194,-0.1025097463238117,-0.6165809903004766,-2.4658308594713407,0.016665124061383,1.9473394077984807
20.0,14.0,1008.1386108398438,1.4254388218608751,0.1985645951457307,-2.454895547796817,2.6706176597887805,0.8273119669828846,-2.335462460755192,-0.1336705239955637,-2.700383969724815,-0.8162340009161815,-0.5841657349870616
20.0,14.0,1008.1386108398438,1.4254388218608751,0.1985645951457307,-2.454895547796817,2.6706176597887805,0.8273119669828846,-2.335462460755192,-0.1336705239955637,-2.700383969724815,-0.8162340009161815,-0.5841657349870616
20.0,14.0,1008.1386108398438,1.4254388218608751,0.1985645951457307,-2.454895547796817,2.6706176597887805,0.8273119669828846,-2.335462460755192,-0.1336705239955637,-2.700383969724815,-0.8162340009161815,-0.5841657349870616
20.0,14.0,1008.186767578125,0.8372169914894939,1.1964133432004678,-2.368558659322189,1.93208416634534,0.9208712254770636,-0.1064478960379065,1.5531032032063223,2.825033589658959,-0.8746044645820135,-0.4470566462065886
20.0,14.0,1008.232177734375,0.8063463602552305,0.3923821953948915,-0.7111410082595072,0.7774092762061562,0.6626366114513702,-2.324764190502865,0.0417602150325204,-2.083706830093376,-1.3706189605703234,0.9739173364902188
20.0,14.0,1008.47021484375,0.5327435674203107,-1.4105832938490248,-0.9417664150131844,0.8031067208159354,0.2079668660190532,-2.0552175321765427,-0.3347602246914009,-0.4242680007701676,0.5597892983114552,-0.8264954277653855
20.0,14.0,1008.5866088867188,0.5921485630829131,-0.9015327865071276,-1.2338822318889306,-3.1722671851543325,0.8269901176550021,-0.4380111817668523,0.0417602150325204,-2.083706830093376,0.3644521947954836,0.8688782307935665
20.0,14.0,1008.6949462890624,0.8247492372627949,0.2241716002614761,-2.447658541790469,0.7792686533328053,-0.6125355438886622,-2.28363806735038,-0.1036320538116672,-2.039414369325541,0.3788263466435764,1.0455362602645983
20.0,14.0,1008.737060546875,0.5986239463412111,0.5069593353064551,-1.566444337683344,0.8018013320511386,0.6464024661286418,-0.5985915797920708,0.0417602150325204,-2.501853898552538,0.5518611706076202,-0.547335053735565
20.0,14.0,1008.8023071289062,0.6537040275249333,0.2579411150088637,-2.297799988751958,0.6856714898754405,-0.0601748300494619,-0.5884686776078901,0.0260597473428236,-2.7577105285701813,-0.0104308094376638,0.8416367203607185
20.0,14.0,1008.9298095703124,1.8508307608850432,0.4997955247489019,-0.5572129643252595,4.216367213687827,0.6850680790595574,-2.1306604369227533,-0.1445758477290324,-0.1020489205745409,0.4840798894791499,-0.7684547586173482
20.0,14.0,1009.0249633789062,0.6055475248077435,0.5233841899324999,-0.7520965390858673,0.7774092762061562,0.8575199938471382,-0.7012267911951536,-0.1419386412627579,-0.4164812855119792,0.3856882756312429,0.3922253932689553
20.0,14.0,1009.040283203125,0.6537040275249333,0.2573706402104556,-2.297799988751958,0.639744696042776,-0.7518478822122847,-0.5965763010618619,0.1588287642490184,-2.7577105285701813,-1.0336486234914417,-0.617241166785414
20.0,14.0,1009.05029296875,0.8386113641764832,0.341169616749137,-2.368558659322189,1.93208416634534,0.9208712254770636,-2.282066515094367,1.5533201457247812,-1.8830596128578505,-1.3993299239564492,0.9715150162080814
20.0,14.0,1009.0726318359376,1.830054197229731,0.3864405039851833,-1.4830131982379038,1.8361718006433885,0.7718080249500291,-0.1066019809624679,1.506875251854971,-2.601205513634973,-0.8903080266702748,-0.4654077891147425
20.0,14.0,1009.1204833984376,-2.9108953543199574,0.1705966571489515,-1.28006950513636,1.595904477487557,-1.633690536154239,-0.327638212831419,-0.2247545113099006,4.487115487508678,1.7877922372069122,0.87065060687773
20.0,14.0,1009.1246948242188,1.8791356426125,-0.2795573092123489,-0.5717065818860328,2.3651829290044857,1.827243013928146,-2.119635219919508,-0.217961536786721,-0.1637633364784858,0.5366090968647698,-0.0637101760047337
20.0,14.0,1009.1275024414062,0.8261005349532812,0.3923821953948915,-0.7111410082595072,0.7774092762061562,0.7841637940751084,-0.5869722179086249,1.6929932720979104,-2.083706830093376,0.3523370111123972,1.0097061258766795
20.0,14.0,1009.1473388671876,0.6013099133336963,0.2292745807411469,-2.340850009464873,-1.5224193645524775,-0.2324749058728883,-2.325094919021935,-0.5791590398786561,-2.695233416628984,-0.8162340009161815,-0.5159191112024111
20.0,14.0,1009.1473388671876,0.6013099133336963,0.2292745807411469,-2.340850009464873,-1.5224193645524775,-0.2324749058728883,-2.325094919021935,-0.5791590398786561,-2.695233416628984,-0.8162340009161815,-0.5159191112024111
20.0,14.0,1009.1529541015624,0.8022963462697507,0.3923821953948915,-0.7111410082595072,0.7774092762061562,0.6626366114513702,-0.5869722179086249,0.0417602150325204,-2.083706830093376,-1.400019004602025,0.9739173364902188
20.0,14.0,1009.17333984375,1.4254388218608751,0.2292745807411469,-2.3558853567734754,2.7341165932358784,-0.0656128028205138,-2.0919118404364214,-0.5165301728228757,-2.1994476451496188,-0.8162340009161815,-0.5181302553777585
20.0,14.0,1009.1762084960938,0.8247492372627949,0.3923821953948915,-0.7111410082595072,0.7774092762061562,0.6626366114513702,-0.5869722179086249,0.0417602150325204,-2.083706830093376,0.3788263466435764,0.9739173364902188
20.0,14.0,1009.1762084960938,0.8247492372627949,0.3923821953948915,-0.7111410082595072,0.7774092762061562,0.6626366114513702,-0.5869722179086249,0.0417602150325204,-2.083706830093376,0.3788263466435764,0.9739173364902188
20.0,14.0,1009.220458984375,-2.9108953543199574,0.1705966571489515,-1.28006950513636,1.595904477487557,-1.633690536154239,-0.327638212831419,-0.2021056819583473,4.487115487508678,1.7877922372069122,0.87065060687773
20.0,15.0,1003.4501953125,0.8244933525227314,0.1717593457825232,-2.378357160883819,-0.0311909432060103,0.5201670551719506,-0.572020629403561,0.1201970601601191,-0.6215705967146201,-0.9274745739175644,-0.4297577406009585
20.0,15.0,1005.2549438476562,0.8244933525227314,0.1717593457825232,-1.3073300690109348,-0.113356085749311,0.6626366114513702,-0.5869722179086249,0.0373165915964165,-0.6460547710623075,0.3788263466435764,0.9709143587033844
20.0,15.0,1005.2549438476562,0.8244933525227314,0.1717593457825232,-1.3073300690109348,-0.113356085749311,0.6626366114513702,-0.5869722179086249,0.0373165915964165,-0.6460547710623075,0.3788263466435764,0.9709143587033844
20.0,15.0,1005.5066528320312,0.6055475248077435,0.3923821953948915,-0.7021448358751979,0.7774092762061562,0.6734398052945179,-0.5856701814751614,-0.3444424732940662,-0.3390239645658489,0.3856882756312429,0.3845151788423647
20.0,15.0,1005.7532958984376,0.8247492372627949,0.3821521005716593,-1.536386494166104,0.7942760321675701,-0.235728553135097,-0.1025097463238117,-0.5694503632001859,-2.4658308594713407,0.3048371755107132,-0.5447936440754229
20.0,15.0,1005.7532958984376,0.8247492372627949,0.3821521005716593,-1.536386494166104,0.7942760321675701,-0.235728553135097,-0.1025097463238117,-0.5694503632001859,-2.4658308594713407,0.3048371755107132,-0.5447936440754229
20.0,15.0,1006.38623046875,1.4254388218608751,0.2292745807411469,-2.3558853567734754,2.7341165932358784,-0.674424375530223,-2.325094919021935,-0.1346003706931446,-2.5047362015268586,-2.130515361565326,-0.5108043848467153
20.0,15.0,1006.38623046875,1.4254388218608751,0.2292745807411469,-2.3558853567734754,2.7341165932358784,-0.674424375530223,-2.325094919021935,-0.1346003706931446,-2.5047362015268586,-2.130515361565326,-0.5108043848467153
20.0,15.0,1006.7955932617188,0.8073720772112248,0.2573706402104556,-0.725533960740095,0.772332213638295,-0.5802622167613379,-0.5884686776078901,0.0420377894815063,-2.0742454307655187,-0.2791847824617789,0.8862657661814015
20.0,15.0,1006.8610229492188,0.6537040275249333,0.2573706402104556,-2.297799988751958,0.639744696042776,-0.0601748300494619,-0.5884686776078901,0.0260597473428236,-2.7577105285701813,0.0182625434492329,0.8862657661814015
20.0,15.0,1006.953857421875,0.8211239234702191,0.1813715317112406,0.0539215533029864,2.7341165932358784,0.603436406622871,-0.5847279110677088,-0.836996512047562,-0.5626717942130341,-0.9180515068211236,1.1165775805532343
20.0,15.0,1007.3086547851562,0.8211239234702191,0.3938655471825989,0.0539215533029864,2.7341165932358784,0.603436406622871,-0.5847279110677088,-0.836996512047562,-2.084414664088778,0.4281145865948155,1.0287777922051375
20.0,15.0,1007.3433227539062,1.830054197229731,0.3823502166868449,-1.4830131982379038,0.7764914759895085,0.7823025624818977,-0.1025097463238117,-0.0372080160809548,-2.601205513634973,-0.2438803824790665,0.9860427330432204
20.0,15.0,1007.3433227539062,1.830054197229731,0.3823502166868449,-1.4830131982379038,0.7764914759895085,0.7823025624818977,-0.1025097463238117,-0.0372080160809548,-2.601205513634973,-0.2438803824790665,0.9860427330432204
20.0,15.0,1007.5139770507812,0.8049519875682412,1.2476259218462222,-0.7025033835167517,2.200943480811915,0.6626366114513702,-0.1491455713476415,0.0415432725140332,2.6243838826049006,-0.8458935011958875,-0.4446543259244523
20.0,15.0,1007.5894775390624,0.8260497111165581,1.9031093470084688,-2.3688780224386905,1.4812682996174102,0.778051545171237,-0.120808113246553,1.6587579221493585,-2.6108085514928083,-1.026781853876794,-0.6490867194388792
20.0,15.0,1007.5894775390624,0.8260497111165581,1.9031093470084688,-2.3688780224386905,1.4812682996174102,0.778051545171237,-0.120808113246553,1.6587579221493585,-2.6108085514928083,-1.026781853876794,-0.6490867194388792
20.0,15.0,1007.6376342773438,0.6013099133336963,0.2292745807411469,-2.340850009464873,-1.5224193645524775,-0.2324749058728883,-2.325094919021935,1.3255814735103673,-2.695233416628984,-0.8162340009161815,-0.5159191112024111
20.0,15.0,1007.661865234375,0.8247492372627949,0.3823502166868449,-1.5275914425610249,0.7942760321675701,0.7823025624818977,-0.1025097463238117,-0.0372080160809548,-2.601205513634973,-0.2438803824790665,0.9860427330432204
20.0,15.0,1007.809326171875,-2.8662559529834137,-1.34670875733943,-0.9417664150131844,0.8031067208159354,0.2079668660190532,-2.062241723663899,-0.3347602246914009,-0.4242680007701676,0.5597892983114552,-0.8264954277653855
20.0,15.0,1007.809326171875,-2.8662559529834137,-1.34670875733943,-0.9417664150131844,0.8031067208159354,0.2079668660190532,-2.062241723663899,-0.3347602246914009,-0.4242680007701676,0.5597892983114552,-0.8264954277653855
20.0,15.0,1007.8294677734376,0.8244933525227314,0.3084985823304348,-0.7111410082595072,0.7774092762061562,0.6626366114513702,-0.5869722179086249,0.0373165915964165,-0.6460547710623075,0.3788263466435764,0.9739173364902188
20.0,15.0,1007.8892822265624,-2.9108953543199574,0.1705966571489515,-1.28006950513636,1.595904477487557,-1.633690536154239,-0.327638212831419,-0.2014765562741127,4.487115487508678,1.7877922372069122,0.87065060687773
20.0,15.0,1007.9043579101562,0.5988771652100651,0.2292745807411469,0.0539215533029864,2.7341165932358784,-0.0678638053572786,-0.5847279110677088,-0.836996512047562,-2.1093977674883115,-0.899181888064375,-0.5365756946961815
20.0,15.0,1007.9752807617188,0.5921427673005223,-0.9015327865071276,-1.2338822318889306,-3.1722671851543325,0.8304053834073343,-0.4380111817668523,0.0417602150325204,-2.083706830093376,0.3787655694549443,0.9829758909188396
20.0,15.0,1007.9842529296876,0.5647507233050506,1.474385157379556,-0.0063639750802205,-2.2248175280720788,-0.0603708600977678,-0.6714120612400166,-0.8509503883001638,-2.6732522434940043,-0.8996575579777459,-1.3266797631917118
20.0,15.0,1007.9912109375,2.3659976056974954,0.1214050690167433,-0.5238549469344124,2.7341165932358784,0.6898638152605947,-2.100674779678453,-0.1998220060308216,-2.717663863543846,-0.6672455070708274,-0.4824263719135584
20.0,15.0,1008.0259399414062,0.8247492372627949,0.3813633704495577,-1.533408700298028,0.7943597977204971,-0.0753446362432194,-0.1025097463238117,-0.6165809903004766,-2.4658308594713407,0.016665124061383,1.9473394077984807
20.0,15.0,1008.0259399414062,0.8247492372627949,0.3813633704495577,-1.533408700298028,0.7943597977204971,-0.0753446362432194,-0.1025097463238117,-0.6165809903004766,-2.4658308594713407,0.016665124061383,1.9473394077984807
20.0,15.0,1008.1386108398438,1.4254388218608751,0.1985645951457307,-2.454895547796817,2.6706176597887805,0.8273119669828846,-2.335462460755192,-0.1336705239955637,-2.700383969724815,-0.8162340009161815,-0.5841657349870616
20.0,15.0,1008.1386108398438,1.4254388218608751,0.1985645951457307,-2.454895547796817,2.6706176597887805,0.8273119669828846,-2.335462460755192,-0.1336705239955637,-2.700383969724815,-0.8162340009161815,-0.5841657349870616
20.0,15.0,1008.1386108398438,1.4254388218608751,0.1985645951457307,-2.454895547796817,2.6706176597887805,0.8273119669828846,-2.335462460755192,-0.1336705239955637,-2.700383969724815,-0.8162340009161815,-0.5841657349870616
20.0,15.0,1008.1386108398438,1.4254388218608751,0.1985645951457307,-2.454895547796817,2.6706176597887805,0.8273119669828846,-2.335462460755192,-0.1336705239955637,-2.700383969724815,-0.8162340009161815,-0.5841657349870616
20.0,15.0,1008.186767578125,0.8372169914894939,1.1964133432004678,-2.368558659322189,1.93208416634534,0.9208712254770636,-0.1064478960379065,1.5531032032063223,2.825033589658959,-0.8746044645820135,-0.4470566462065886
20.0,15.0,1008.232177734375,0.8063463602552305,0.3923821953948915,-0.7111410082595072,0.7774092762061562,0.6626366114513702,-2.324764190502865,0.0417602150325204,-2.083706830093376,-1.3706189605703234,0.9739173364902188
20.0,15.0,1008.2378540039062,0.8244933525227314,-0.6332178899352157,-1.3073300690109348,-0.113356085749311,0.6626366114513702,-0.5869722179086249,-0.1530737390882251,-0.6423224272442076,0.377879137227053,-0.8930437578279111
20.0,15.0,1008.3043212890624,0.5949078445486908,-0.912021107904958,-1.2222880402292275,-3.0910585473151646,0.7825920250069165,-0.1025097463238117,-0.0372080160809548,-2.601205513634973,-0.2281703299008836,0.9827855532147456
20.0,15.0,1008.3438110351562,0.8244933525227314,0.1717593457825232,-1.3073300690109348,-0.113356085749311,0.6626366114513702,-0.5869722179086249,0.0373165915964165,-0.6460547710623075,-0.1630413400069659,0.9709143587033844
20.0,15.0,1008.47021484375,0.5327435674203107,-1.4105832938490248,-0.9417664150131844,0.8031067208159354,0.2079668660190532,-2.0552175321765427,-0.3347602246914009,-0.4242680007701676,0.5597892983114552,-0.8264954277653855
20.0,15.0,1008.5866088867188,0.5921485630829131,-0.9015327865071276,-1.2338822318889306,-3.1722671851543325,0.8269901176550021,-0.4380111817668523,0.0417602150325204,-2.083706830093376,0.3644521947954836,0.8688782307935665
20.0,15.0,1008.6949462890624,0.8247492372627949,0.2241716002614761,-2.447658541790469,0.7792686533328053,-0.6125355438886622,-2.28363806735038,-0.1036320538116672,-2.039414369325541,0.3788263466435764,1.0455362602645983
20.0,15.0,1008.737060546875,0.5986239463412111,0.5069593353064551,-1.566444337683344,0.8018013320511386,0.6464024661286418,-0.5985915797920708,0.0417602150325204,-2.501853898552538,0.5518611706076202,-0.547335053735565
20.0,15.0,1008.8023071289062,0.6537040275249333,0.2579411150088637,-2.297799988751958,0.6856714898754405,-0.0601748300494619,-0.5884686776078901,0.0260597473428236,-2.7577105285701813,-0.0104308094376638,0.8416367203607185
20.0,15.0,1008.9298095703124,1.8508307608850432,0.4997955247489019,-0.5572129643252595,4.216367213687827,0.6850680790595574,-2.1306604369227533,-0.1445758477290324,-0.1020489205745409,0.4840798894791499,-0.7684547586173482
20.0,15.0,1009.0249633789062,0.6055475248077435,0.5233841899324999,-0.7520965390858673,0.7774092762061562,0.8575199938471382,-0.7012267911951536,-0.1419386412627579,-0.4164812855119792,0.3856882756312429,0.3922253932689553
20.0,15.0,1009.040283203125,0.6537040275249333,0.2573706402104556,-2.297799988751958,0.639744696042776,-0.7518478822122847,-0.5965763010618619,0.1588287642490184,-2.7577105285701813,-1.0336486234914417,-0.617241166785414
20.0,15.0,1009.05029296875,0.8386113641764832,0.341169616749137,-2.368558659322189,1.93208416634534,0.9208712254770636,-2.282066515094367,1.5533201457247812,-1.8830596128578505,-1.3993299239564492,0.9715150162080814
20.0,15.0,1009.0726318359376,1.830054197229731,0.3864405039851833,-1.4830131982379038,1.8361718006433885,0.7718080249500291,-0.1066019809624679,1.506875251854971,-2.601205513634973,-0.8903080266702748,-0.4654077891147425
20.0,15.0,1009.1204833984376,-2.9108953543199574,0.1705966571489515,-1.28006950513636,1.595904477487557,-1.633690536154239,-0.327638212831419,-0.2247545113099006,4.487115487508678,1.7877922372069122,0.87065060687773
20.0,15.0,1009.1246948242188,1.8791356426125,-0.2795573092123489,-0.5717065818860328,2.3651829290044857,1.827243013928146,-2.119635219919508,-0.217961536786721,-0.1637633364784858,0.5366090968647698,-0.0637101760047337
20.0,16.0,1003.4501953125,0.8244933525227314,0.1717593457825232,-2.378357160883819,-0.0311909432060103,0.5201670551719506,-0.572020629403561,0.1201970601601191,-0.6215705967146201,-0.9274745739175644,-0.4297577406009585
20.0,16.0,1005.2549438476562,0.8244933525227314,0.1717593457825232,-1.3073300690109348,-0.113356085749311,0.6626366114513702,-0.5869722179086249,0.0373165915964165,-0.6460547710623075,0.3788263466435764,0.9709143587033844
20.0,16.0,1005.2549438476562,0.8244933525227314,0.1717593457825232,-1.3073300690109348,-0.113356085749311,0.6626366114513702,-0.5869722179086249,0.0373165915964165,-0.6460547710623075,0.3788263466435764,0.9709143587033844
20.0,16.0,1005.2549438476562,0.8244933525227314,0.1717593457825232,-1.3073300690109348,-0.113356085749311,0.6626366114513702,-0.5869722179086249,0.0373165915964165,-0.6460547710623075,0.3788263466435764,0.9709143587033844
20.0,16.0,1005.5066528320312,0.6055475248077435,0.3923821953948915,-0.7021448358751979,0.7774092762061562,0.6734398052945179,-0.5856701814751614,-0.3444424732940662,-0.3390239645658489,0.3856882756312429,0.3845151788423647
20.0,16.0,1005.7532958984376,0.8247492372627949,0.3821521005716593,-1.536386494166104,0.7942760321675701,-0.235728553135097,-0.1025097463238117,-0.5694503632001859,-2.4658308594713407,0.3048371755107132,-0.5447936440754229
20.0,16.0,1005.7532958984376,0.8247492372627949,0.3821521005716593,-1.536386494166104,0.7942760321675701,-0.235728553135097,-0.1025097463238117,-0.5694503632001859,-2.4658308594713407,0.3048371755107132,-0.5447936440754229
20.0,16.0,1006.38623046875,1.4254388218608751,0.2292745807411469,-2.3558853567734754,2.7341165932358784,-0.674424375530223,-2.325094919021935,-0.1346003706931446,-2.5047362015268586,-2.130515361565326,-0.5108043848467153
20.0,16.0,1006.38623046875,1.4254388218608751,0.2292745807411469,-2.3558853567734754,2.7341165932358784,-0.674424375530223,-2.325094919021935,-0.1346003706931446,-2.5047362015268586,-2.130515361565326,-0.5108043848467153
20.0,16.0,1006.7955932617188,0.8073720772112248,0.2573706402104556,-0.725533960740095,0.772332213638295,-0.5802622167613379,-0.5884686776078901,0.0420377894815063,-2.0742454307655187,-0.2791847824617789,0.8862657661814015
20.0,16.0,1006.8610229492188,0.6537040275249333,0.2573706402104556,-2.297799988751958,0.639744696042776,-0.0601748300494619,-0.5884686776078901,0.0260597473428236,-2.7577105285701813,0.0182625434492329,0.8862657661814015
20.0,16.0,1006.953857421875,0.8211239234702191,0.1813715317112406,0.0539215533029864,2.7341165932358784,0.603436406622871,-0.5847279110677088,-0.836996512047562,-0.5626717942130341,-0.9180515068211236,1.1165775805532343
20.0,16.0,1006.9765625,0.6013610425302578,0.2158288218950671,-0.7021448358751979,0.7774092762061562,0.6734398052945179,-0.5856701814751614,-0.3444424732940662,-2.429752272452649,0.8155296422231773,0.3563965986782965
20.0,16.0,1007.3086547851562,0.8211239234702191,0.3938655471825989,0.0539215533029864,2.7341165932358784,0.603436406622871,-0.5847279110677088,-0.836996512047562,-2.084414664088778,0.4281145865948155,1.0287777922051375
20.0,16.0,1007.3433227539062,1.830054197229731,0.3823502166868449,-1.4830131982379038,0.7764914759895085,0.7823025624818977,-0.1025097463238117,-0.0372080160809548,-2.601205513634973,-0.2438803824790665,0.9860427330432204
20.0,16.0,1007.3433227539062,1.830054197229731,0.3823502166868449,-1.4830131982379038,0.7764914759895085,0.7823025624818977,-0.1025097463238117,-0.0372080160809548,-2.601205513634973,-0.2438803824790665,0.9860427330432204
20.0,16.0,1007.488525390625,0.8247492372627949,0.3821521005716593,-1.5609918961701144,0.7942760321675701,0.8604332040110245,-0.1028104481212583,-0.5694503632001859,-2.460911650412408,0.3067206535959424,-0.5447936440754229
20.0,16.0,1007.5139770507812,0.8049519875682412,1.2476259218462222,-0.7025033835167517,2.200943480811915,0.6626366114513702,-0.1491455713476415,0.0415432725140332,2.6243838826049006,-0.8458935011958875,-0.4446543259244523
20.0,16.0,1007.5894775390624,0.8260497111165581,1.9031093470084688,-2.3688780224386905,1.4812682996174102,0.778051545171237,-0.120808113246553,1.6587579221493585,-2.6108085514928083,-1.026781853876794,-0.6490867194388792
20.0,16.0,1007.5894775390624,0.8260497111165581,1.9031093470084688,-2.3688780224386905,1.4812682996174102,0.778051545171237,-0.120808113246553,1.6587579221493585,-2.6108085514928083,-1.026781853876794,-0.6490867194388792
20.0,16.0,1007.6376342773438,0.6013099133336963,0.2292745807411469,-2.340850009464873,-1.5224193645524775,-0.2324749058728883,-2.325094919021935,1.3255814735103673,-2.695233416628984,-0.8162340009161815,-0.5159191112024111
20.0,16.0,1007.661865234375,0.8247492372627949,0.3823502166868449,-1.5275914425610249,0.7942760321675701,0.7823025624818977,-0.1025097463238117,-0.0372080160809548,-2.601205513634973,-0.2438803824790665,0.9860427330432204
20.0,16.0,1007.7197875976562,0.8244933525227314,0.2294505495798186,-1.2952896581959328,-0.113356085749311,-0.5682137702000319,-0.5869722179086249,-0.1369442715107356,-0.6460547710623075,0.3788263466435764,1.0111599766686132
20.0,16.0,1007.809326171875,-2.8662559529834137,-1.34670875733943,-0.9417664150131844,0.8031067208159354,0.2079668660190532,-2.062241723663899,-0.3347602246914009,-0.4242680007701676,0.5597892983114552,-0.8264954277653855
20.0,16.0,1007.809326171875,-2.8662559529834137,-1.34670875733943,-0.9417664150131844,0.8031067208159354,0.2079668660190532,-2.062241723663899,-0.3347602246914009,-0.4242680007701676,0.5597892983114552,-0.8264954277653855
20.0,16.0,1007.8294677734376,0.8244933525227314,0.3084985823304348,-0.7111410082595072,0.7774092762061562,0.6626366114513702,-0.5869722179086249,0.0373165915964165,-0.6460547710623075,0.3788263466435764,0.9739173364902188
20.0,16.0,1007.8892822265624,-2.9108953543199574,0.1705966571489515,-1.28006950513636,1.595904477487557,-1.633690536154239,-0.327638212831419,-0.2014765562741127,4.487115487508678,1.7877922372069122,0.87065060687773
20.0,16.0,1007.9043579101562,0.5988771652100651,0.2292745807411469,0.0539215533029864,2.7341165932358784,-0.0678638053572786,-0.5847279110677088,-0.836996512047562,-2.1093977674883115,-0.899181888064375,-0.5365756946961815
20.0,16.0,1007.9752807617188,0.5921427673005223,-0.9015327865071276,-1.2338822318889306,-3.1722671851543325,0.8304053834073343,-0.4380111817668523,0.0417602150325204,-2.083706830093376,0.3787655694549443,0.9829758909188396
20.0,16.0,1007.9842529296876,0.5647507233050506,1.474385157379556,-0.0063639750802205,-2.2248175280720788,-0.0603708600977678,-0.6714120612400166,-0.8509503883001638,-2.6732522434940043,-0.8996575579777459,-1.3266797631917118
20.0,16.0,1007.9912109375,2.3659976056974954,0.1214050690167433,-0.5238549469344124,2.7341165932358784,0.6898638152605947,-2.100674779678453,-0.1998220060308216,-2.717663863543846,-0.6672455070708274,-0.4824263719135584
20.0,16.0,1008.0259399414062,0.8247492372627949,0.3813633704495577,-1.533408700298028,0.7943597977204971,-0.0753446362432194,-0.1025097463238117,-0.6165809903004766,-2.4658308594713407,0.016665124061383,1.9473394077984807
20.0,16.0,1008.0259399414062,0.8247492372627949,0.3813633704495577,-1.533408700298028,0.7943597977204971,-0.0753446362432194,-0.1025097463238117,-0.6165809903004766,-2.4658308594713407,0.016665124061383,1.9473394077984807
20.0,16.0,1008.1386108398438,1.4254388218608751,0.1985645951457307,-2.454895547796817,2.6706176597887805,0.8273119669828846,-2.335462460755192,-0.1336705239955637,-2.700383969724815,-0.8162340009161815,-0.5841657349870616
20.0,16.0,1008.1386108398438,1.4254388218608751,0.1985645951457307,-2.454895547796817,2.6706176597887805,0.8273119669828846,-2.335462460755192,-0.1336705239955637,-2.700383969724815,-0.8162340009161815,-0.5841657349870616
20.0,16.0,1008.1386108398438,1.4254388218608751,0.1985645951457307,-2.454895547796817,2.6706176597887805,0.8273119669828846,-2.335462460755192,-0.1336705239955637,-2.700383969724815,-0.8162340009161815,-0.5841657349870616
20.0,16.0,1008.1386108398438,1.4254388218608751,0.1985645951457307,-2.454895547796817,2.6706176597887805,0.8273119669828846,-2.335462460755192,-0.1336705239955637,-2.700383969724815,-0.8162340009161815,-0.5841657349870616
20.0,16.0,1008.186767578125,0.8372169914894939,1.1964133432004678,-2.368558659322189,1.93208416634534,0.9208712254770636,-0.1064478960379065,1.5531032032063223,2.825033589658959,-0.8746044645820135,-0.4470566462065886
20.0,16.0,1008.232177734375,0.8063463602552305,0.3923821953948915,-0.7111410082595072,0.7774092762061562,0.6626366114513702,-2.324764190502865,0.0417602150325204,-2.083706830093376,-1.3706189605703234,0.9739173364902188
20.0,16.0,1008.2378540039062,0.8244933525227314,-0.6332178899352157,-1.3073300690109348,-0.113356085749311,0.6626366114513702,-0.5869722179086249,-0.1530737390882251,-0.6423224272442076,0.377879137227053,-0.8930437578279111
20.0,16.0,1008.3043212890624,0.5949078445486908,-0.912021107904958,-1.2222880402292275,-3.0910585473151646,0.7825920250069165,-0.1025097463238117,-0.0372080160809548,-2.601205513634973,-0.2281703299008836,0.9827855532147456
20.0,16.0,1008.3438110351562,0.8244933525227314,0.1717593457825232,-1.3073300690109348,-0.113356085749311,0.6626366114513702,-0.5869722179086249,0.0373165915964165,-0.6460547710623075,-0.1630413400069659,0.9709143587033844
20.0,16.0,1008.4271850585938,1.8267485165885464,0.3823502166868449,-1.4830131982379038,0.7764914759895085,0.7864379334727067,-0.1025097463238117,-0.0374676712745713,-2.601205513634973,-0.2219166090920348,0.9860427330432204
20.0,16.0,1008.47021484375,0.5327435674203107,-1.4105832938490248,-0.9417664150131844,0.8031067208159354,0.2079668660190532,-2.0552175321765427,-0.3347602246914009,-0.4242680007701676,0.5597892983114552,-0.8264954277653855
20.0,16.0,1008.5261840820312,0.8244933525227314,0.1717593457825232,-2.378357160883819,-0.0311909432060103,0.5201670551719506,-0.5885428018166118,0.0414926991123382,-2.085300815477623,-0.9348329757577432,-0.3675408508063129
20.0,16.0,1008.5866088867188,0.5921485630829131,-0.9015327865071276,-1.2338822318889306,-3.1722671851543325,0.8269901176550021,-0.4380111817668523,0.0417602150325204,-2.083706830093376,0.3644521947954836,0.8688782307935665
20.0,16.0,1008.6949462890624,0.8247492372627949,0.2241716002614761,-2.447658541790469,0.7792686533328053,-0.6125355438886622,-2.28363806735038,-0.1036320538116672,-2.039414369325541,0.3788263466435764,1.0455362602645983
20.0,16.0,1008.737060546875,0.5986239463412111,0.5069593353064551,-1.566444337683344,0.8018013320511386,0.6464024661286418,-0.5985915797920708,0.0417602150325204,-2.501853898552538,0.5518611706076202,-0.547335053735565
20.0,16.0,1008.8023071289062,0.6537040275249333,0.2579411150088637,-2.297799988751958,0.6856714898754405,-0.0601748300494619,-0.5884686776078901,0.0260597473428236,-2.7577105285701813,-0.0104308094376638,0.8416367203607185
20.0,16.0,1008.9298095703124,1.8508307608850432,0.4997955247489019,-0.5572129643252595,4.216367213687827,0.6850680790595574,-2.1306604369227533,-0.1445758477290324,-0.1020489205745409,0.4840798894791499,-0.7684547586173482
20.0,17.0,1003.4501953125,0.8244933525227314,0.1717593457825232,-2.378357160883819,-0.0311909432060103,0.5201670551719506,-0.572020629403561,0.1201970601601191,-0.6215705967146201,-0.9274745739175644,-0.4297577406009585
20.0,17.0,1005.2549438476562,0.8244933525227314,0.1717593457825232,-1.3073300690109348,-0.113356085749311,0.6626366114513702,-0.5869722179086249,0.0373165915964165,-0.6460547710623075,0.3788263466435764,0.9709143587033844
20.0,17.0,1005.2549438476562,0.8244933525227314,0.1717593457825232,-1.3073300690109348,-0.113356085749311,0.6626366114513702,-0.5869722179086249,0.0373165915964165,-0.6460547710623075,0.3788263466435764,0.9709143587033844
20.0,17.0,1005.2549438476562,0.8244933525227314,0.1717593457825232,-1.3073300690109348,-0.113356085749311,0.6626366114513702,-0.5869722179086249,0.0373165915964165,-0.6460547710623075,0.3788263466435764,0.9709143587033844
20.0,17.0,1005.5066528320312,0.6055475248077435,0.3923821953948915,-0.7021448358751979,0.7774092762061562,0.6734398052945179,-0.5856701814751614,-0.3444424732940662,-0.3390239645658489,0.3856882756312429,0.3845151788423647
20.0,17.0,1005.7532958984376,0.8247492372627949,0.3821521005716593,-1.536386494166104,0.7942760321675701,-0.235728553135097,-0.1025097463238117,-0.5694503632001859,-2.4658308594713407,0.3048371755107132,-0.5447936440754229
20.0,17.0,1005.7532958984376,0.8247492372627949,0.3821521005716593,-1.536386494166104,0.7942760321675701,-0.235728553135097,-0.1025097463238117,-0.5694503632001859,-2.4658308594713407,0.3048371755107132,-0.5447936440754229
20.0,17.0,1005.7532958984376,0.8247492372627949,0.3821521005716593,-1.536386494166104,0.7942760321675701,-0.235728553135097,-0.1025097463238117,-0.5694503632001859,-2.4658308594713407,0.3048371755107132,-0.5447936440754229
20.0,17.0,1005.9254150390624,0.8244933525227314,0.3836208157949277,-1.3073300690109348,-0.113356085749311,0.6626366114513702,-1.1675233052321108,0.2971198421114603,-0.6460547710623075,0.3788263466435764,0.9864228670108546
20.0,17.0,1006.3716430664062,0.8244910777761938,0.1717593457825232,-1.3073300690109348,-0.0918021668515007,0.6626366114513702,-0.5869722179086249,0.0270720100424384,-0.6460547710623075,0.3788263466435764,1.5017432088709963
20.0,17.0,1006.38623046875,1.4254388218608751,0.2292745807411469,-2.3558853567734754,2.7341165932358784,-0.674424375530223,-2.325094919021935,-0.1346003706931446,-2.5047362015268586,-2.130515361565326,-0.5108043848467153
20.0,17.0,1006.38623046875,1.4254388218608751,0.2292745807411469,-2.3558853567734754,2.7341165932358784,-0.674424375530223,-2.325094919021935,-0.1346003706931446,-2.5047362015268586,-2.130515361565326,-0.5108043848467153
20.0,17.0,1006.7808837890624,0.8244933525227314,0.3084985823304348,-0.688709070382713,0.7774092762061562,0.6626366114513702,-0.5869722179086249,0.1290434242748969,-0.6460547710623075,0.3788263466435764,0.9739173364902188
20.0,17.0,1006.7955932617188,0.8073720772112248,0.2573706402104556,-0.725533960740095,0.772332213638295,-0.5802622167613379,-0.5884686776078901,0.0420377894815063,-2.0742454307655187,-0.2791847824617789,0.8862657661814015
20.0,17.0,1006.8610229492188,0.6537040275249333,0.2573706402104556,-2.297799988751958,0.639744696042776,-0.0601748300494619,-0.5884686776078901,0.0260597473428236,-2.7577105285701813,0.0182625434492329,0.8862657661814015
20.0,17.0,1006.953857421875,0.8211239234702191,0.1813715317112406,0.0539215533029864,2.7341165932358784,0.603436406622871,-0.5847279110677088,-0.836996512047562,-0.5626717942130341,-0.9180515068211236,1.1165775805532343
20.0,17.0,1006.9765625,0.6013610425302578,0.2158288218950671,-0.7021448358751979,0.7774092762061562,0.6734398052945179,-0.5856701814751614,-0.3444424732940662,-2.429752272452649,0.8155296422231773,0.3563965986782965
20.0,17.0,1006.9765625,0.6013610425302578,0.2158288218950671,-0.7021448358751979,0.7774092762061562,0.6734398052945179,-0.5856701814751614,-0.3444424732940662,-2.429752272452649,0.8155296422231773,0.3563965986782965
20.0,17.0,1007.225341796875,0.8124774375901017,0.3774632758121513,-1.5422095817189805,0.7764914759895085,0.7823025624818977,-0.1025097463238117,-0.0372080160809548,-2.0362503967310968,-0.2438803824790665,1.046489992706726
20.0,17.0,1007.3086547851562,0.8211239234702191,0.3938655471825989,0.0539215533029864,2.7341165932358784,0.603436406622871,-0.5847279110677088,-0.836996512047562,-2.084414664088778,0.4281145865948155,1.0287777922051375
20.0,17.0,1007.3433227539062,1.830054197229731,0.3823502166868449,-1.4830131982379038,0.7764914759895085,0.7823025624818977,-0.1025097463238117,-0.0372080160809548,-2.601205513634973,-0.2438803824790665,0.9860427330432204
20.0,17.0,1007.3433227539062,1.830054197229731,0.3823502166868449,-1.4830131982379038,0.7764914759895085,0.7823025624818977,-0.1025097463238117,-0.0372080160809548,-2.601205513634973,-0.2438803824790665,0.9860427330432204
20.0,17.0,1007.488525390625,0.8247492372627949,0.3821521005716593,-1.5609918961701144,0.7942760321675701,0.8604332040110245,-0.1028104481212583,-0.5694503632001859,-2.460911650412408,0.3067206535959424,-0.5447936440754229
20.0,17.0,1007.5139770507812,0.8049519875682412,1.2476259218462222,-0.7025033835167517,2.200943480811915,0.6626366114513702,-0.1491455713476415,0.0415432725140332,2.6243838826049006,-0.8458935011958875,-0.4446543259244523
20.0,17.0,1007.5894775390624,0.8260497111165581,1.9031093470084688,-2.3688780224386905,1.4812682996174102,0.778051545171237,-0.120808113246553,1.6587579221493585,-2.6108085514928083,-1.026781853876794,-0.6490867194388792
20.0,17.0,1007.5894775390624,0.8260497111165581,1.9031093470084688,-2.3688780224386905,1.4812682996174102,0.778051545171237,-0.120808113246553,1.6587579221493585,-2.6108085514928083,-1.026781853876794,-0.6490867194388792
20.0,17.0,1007.6376342773438,0.6013099133336963,0.2292745807411469,-2.340850009464873,-1.5224193645524775,-0.2324749058728883,-2.325094919021935,1.3255814735103673,-2.695233416628984,-0.8162340009161815,-0.5159191112024111
20.0,17.0,1007.661865234375,0.8247492372627949,0.3823502166868449,-1.5275914425610249,0.7942760321675701,0.7823025624818977,-0.1025097463238117,-0.0372080160809548,-2.601205513634973,-0.2438803824790665,0.9860427330432204
20.0,17.0,1007.7197875976562,0.8244933525227314,0.2294505495798186,-1.2952896581959328,-0.113356085749311,-0.5682137702000319,-0.5869722179086249,-0.1369442715107356,-0.6460547710623075,0.3788263466435764,1.0111599766686132
20.0,17.0,1007.809326171875,-2.8662559529834137,-1.34670875733943,-0.9417664150131844,0.8031067208159354,0.2079668660190532,-2.062241723663899,-0.3347602246914009,-0.4242680007701676,0.5597892983114552,-0.8264954277653855
20.0,17.0,1007.809326171875,-2.8662559529834137,-1.34670875733943,-0.9417664150131844,0.8031067208159354,0.2079668660190532,-2.062241723663899,-0.3347602246914009,-0.4242680007701676,0.5597892983114552,-0.8264954277653855
20.0,17.0,1007.8294677734376,0.8244933525227314,0.3084985823304348,-0.7111410082595072,0.7774092762061562,0.6626366114513702,-0.5869722179086249,0.0373165915964165,-0.6460547710623075,0.3788263466435764,0.9739173364902188
20.0,17.0,1007.8892822265624,-2.9108953543199574,0.1705966571489515,-1.28006950513636,1.595904477487557,-1.633690536154239,-0.327638212831419,-0.2014765562741127,4.487115487508678,1.7877922372069122,0.87065060687773
20.0,17.0,1007.9043579101562,0.5988771652100651,0.2292745807411469,0.0539215533029864,2.7341165932358784,-0.0678638053572786,-0.5847279110677088,-0.836996512047562,-2.1093977674883115,-0.899181888064375,-0.5365756946961815
20.0,17.0,1007.9752807617188,0.5921427673005223,-0.9015327865071276,-1.2338822318889306,-3.1722671851543325,0.8304053834073343,-0.4380111817668523,0.0417602150325204,-2.083706830093376,0.3787655694549443,0.9829758909188396
20.0,17.0,1007.9842529296876,0.5647507233050506,1.474385157379556,-0.0063639750802205,-2.2248175280720788,-0.0603708600977678,-0.6714120612400166,-0.8509503883001638,-2.6732522434940043,-0.8996575579777459,-1.3266797631917118
20.0,17.0,1007.9912109375,2.3659976056974954,0.1214050690167433,-0.5238549469344124,2.7341165932358784,0.6898638152605947,-2.100674779678453,-0.1998220060308216,-2.717663863543846,-0.6672455070708274,-0.4824263719135584
20.0,17.0,1007.9912109375,2.3659976056974954,0.1214050690167433,-0.5238549469344124,2.7341165932358784,0.6898638152605947,-2.100674779678453,-0.1998220060308216,-2.717663863543846,-0.6672455070708274,-0.4824263719135584
20.0,17.0,1008.0259399414062,0.8247492372627949,0.3813633704495577,-1.533408700298028,0.7943597977204971,-0.0753446362432194,-0.1025097463238117,-0.6165809903004766,-2.4658308594713407,0.016665124061383,1.9473394077984807
20.0,17.0,1008.0259399414062,0.8247492372627949,0.3813633704495577,-1.533408700298028,0.7943597977204971,-0.0753446362432194,-0.1025097463238117,-0.6165809903004766,-2.4658308594713407,0.016665124061383,1.9473394077984807
20.0,17.0,1008.1386108398438,1.4254388218608751,0.1985645951457307,-2.454895547796817,2.6706176597887805,0.8273119669828846,-2.335462460755192,-0.1336705239955637,-2.700383969724815,-0.8162340009161815,-0.5841657349870616
20.0,17.0,1008.1386108398438,1.4254388218608751,0.1985645951457307,-2.454895547796817,2.6706176597887805,0.8273119669828846,-2.335462460755192,-0.1336705239955637,-2.700383969724815,-0.8162340009161815,-0.5841657349870616
20.0,17.0,1008.1386108398438,1.4254388218608751,0.1985645951457307,-2.454895547796817,2.6706176597887805,0.8273119669828846,-2.335462460755192,-0.1336705239955637,-2.700383969724815,-0.8162340009161815,-0.5841657349870616
20.0,17.0,1008.1386108398438,1.4254388218608751,0.1985645951457307,-2.454895547796817,2.6706176597887805,0.8273119669828846,-2.335462460755192,-0.1336705239955637,-2.700383969724815,-0.8162340009161815,-0.5841657349870616
20.0,17.0,1008.1539916992188,0.8244947322649876,-0.1618621720116635,-0.7111410082595072,2.695523562692708,0.6626366114513702,-0.5847894609828321,0.0267215026975325,-0.6460547710623075,0.3788263466435764,1.1169576674450197
20.0,17.0,1008.186767578125,0.8372169914894939,1.1964133432004678,-2.368558659322189,1.93208416634534,0.9208712254770636,-0.1064478960379065,1.5531032032063223,2.825033589658959,-0.8746044645820135,-0.4470566462065886
20.0,17.0,1008.232177734375,0.8063463602552305,0.3923821953948915,-0.7111410082595072,0.7774092762061562,0.6626366114513702,-2.324764190502865,0.0417602150325204,-2.083706830093376,-1.3706189605703234,0.9739173364902188
20.0,17.0,1008.2378540039062,0.8244933525227314,-0.6332178899352157,-1.3073300690109348,-0.113356085749311,0.6626366114513702,-0.5869722179086249,-0.1530737390882251,-0.6423224272442076,0.377879137227053,-0.8930437578279111
20.0,17.0,1008.3043212890624,0.5949078445486908,-0.912021107904958,-1.2222880402292275,-3.0910585473151646,0.7825920250069165,-0.1025097463238117,-0.0372080160809548,-2.601205513634973,-0.2281703299008836,0.9827855532147456
20.0,17.0,1008.30517578125,0.8244933525227314,0.1717593457825232,-2.378261368202441,-0.0311909432060103,0.5201670551719506,-0.572020629403561,0.0219887670247643,-0.6446157328190181,-0.9274745739175644,-0.4297577406009585
20.0,18.0,1003.4501953125,0.8244933525227314,0.1717593457825232,-2.378357160883819,-0.0311909432060103,0.5201670551719506,-0.572020629403561,0.1201970601601191,-0.6215705967146201,-0.9274745739175644,-0.4297577406009585
20.0,18.0,1005.2549438476562,0.8244933525227314,0.1717593457825232,-1.3073300690109348,-0.113356085749311,0.6626366114513702,-0.5869722179086249,0.0373165915964165,-0.6460547710623075,0.3788263466435764,0.9709143587033844
20.0,18.0,1005.2549438476562,0.8244933525227314,0.1717593457825232,-1.3073300690109348,-0.113356085749311,0.6626366114513702,-0.5869722179086249,0.0373165915964165,-0.6460547710623075,0.3788263466435764,0.9709143587033844
20.0,18.0,1005.2549438476562,0.8244933525227314,0.1717593457825232,-1.3073300690109348,-0.113356085749311,0.6626366114513702,-0.5869722179086249,0.0373165915964165,-0.6460547710623075,0.3788263466435764,0.9709143587033844
20.0,18.0,1005.3701171875,0.8326949900304073,0.1717593457825232,-1.3073300690109348,-0.113356085749311,0.6626366114513702,-0.5869722179086249,0.0403575393860011,-0.3633400828154481,0.3788263466435764,0.9709143587033844
20.0,18.0,1005.5066528320312,0.6055475248077435,0.3923821953948915,-0.7021448358751979,0.7774092762061562,0.6734398052945179,-0.5856701814751614,-0.3444424732940662,-0.3390239645658489,0.3856882756312429,0.3845151788423647
20.0,18.0,1005.7532958984376,0.8247492372627949,0.3821521005716593,-1.536386494166104,0.7942760321675701,-0.235728553135097,-0.1025097463238117,-0.5694503632001859,-2.4658308594713407,0.3048371755107132,-0.5447936440754229
20.0,18.0,1005.7532958984376,0.8247492372627949,0.3821521005716593,-1.536386494166104,0.7942760321675701,-0.235728553135097,-0.1025097463238117,-0.5694503632001859,-2.4658308594713407,0.3048371755107132,-0.5447936440754229
20.0,18.0,1005.7532958984376,0.8247492372627949,0.3821521005716593,-1.536386494166104,0.7942760321675701,-0.235728553135097,-0.1025097463238117,-0.5694503632001859,-2.4658308594713407,0.3048371755107132,-0.5447936440754229
20.0,18.0,1005.9254150390624,0.8244933525227314,0.3836208157949277,-1.3073300690109348,-0.113356085749311,0.6626366114513702,-1.1675233052321108,0.2971198421114603,-0.6460547710623075,0.3788263466435764,0.9864228670108546
20.0,18.0,1006.2874755859376,0.8244947322649876,-0.1618621720116635,-0.7111410082595072,-0.1093631625140587,0.6626366114513702,-0.5869389777864995,0.0369217114327639,-0.6460547710623075,0.3788263466435764,1.1200317331252738
20.0,18.0,1006.3716430664062,0.8244910777761938,0.1717593457825232,-1.3073300690109348,-0.0918021668515007,0.6626366114513702,-0.5869722179086249,0.0270720100424384,-0.6460547710623075,0.3788263466435764,1.5017432088709963
20.0,18.0,1006.38623046875,1.4254388218608751,0.2292745807411469,-2.3558853567734754,2.7341165932358784,-0.674424375530223,-2.325094919021935,-0.1346003706931446,-2.5047362015268586,-2.130515361565326,-0.5108043848467153
20.0,18.0,1006.38623046875,1.4254388218608751,0.2292745807411469,-2.3558853567734754,2.7341165932358784,-0.674424375530223,-2.325094919021935,-0.1346003706931446,-2.5047362015268586,-2.130515361565326,-0.5108043848467153
20.0,18.0,1006.7808837890624,0.8244933525227314,0.3084985823304348,-0.688709070382713,0.7774092762061562,0.6626366114513702,-0.5869722179086249,0.1290434242748969,-0.6460547710623075,0.3788263466435764,0.9739173364902188
20.0,18.0,1006.7955932617188,0.8073720772112248,0.2573706402104556,-0.725533960740095,0.772332213638295,-0.5802622167613379,-0.5884686776078901,0.0420377894815063,-2.0742454307655187,-0.2791847824617789,0.8862657661814015
20.0,18.0,1006.7955932617188,0.8073720772112248,0.2573706402104556,-0.725533960740095,0.772332213638295,-0.5802622167613379,-0.5884686776078901,0.0420377894815063,-2.0742454307655187,-0.2791847824617789,0.8862657661814015
20.0,18.0,1006.8610229492188,0.6537040275249333,0.2573706402104556,-2.297799988751958,0.639744696042776,-0.0601748300494619,-0.5884686776078901,0.0260597473428236,-2.7577105285701813,0.0182625434492329,0.8862657661814015
20.0,18.0,1006.953857421875,0.8211239234702191,0.1813715317112406,0.0539215533029864,2.7341165932358784,0.603436406622871,-0.5847279110677088,-0.836996512047562,-0.5626717942130341,-0.9180515068211236,1.1165775805532343
20.0,18.0,1006.9765625,0.6013610425302578,0.2158288218950671,-0.7021448358751979,0.7774092762061562,0.6734398052945179,-0.5856701814751614,-0.3444424732940662,-2.429752272452649,0.8155296422231773,0.3563965986782965
20.0,18.0,1006.9765625,0.6013610425302578,0.2158288218950671,-0.7021448358751979,0.7774092762061562,0.6734398052945179,-0.5856701814751614,-0.3444424732940662,-2.429752272452649,0.8155296422231773,0.3563965986782965
20.0,18.0,1007.225341796875,0.8124774375901017,0.3774632758121513,-1.5422095817189805,0.7764914759895085,0.7823025624818977,-0.1025097463238117,-0.0372080160809548,-2.0362503967310968,-0.2438803824790665,1.046489992706726
20.0,18.0,1007.2384643554688,0.6667373915600381,0.3797688949372818,-1.536386494166104,0.7942760321675701,-0.2177023761906198,-0.1025097463238117,0.0267708494010348,-2.4658308594713407,0.3074510778921587,-0.5309603747458962
20.0,18.0,1007.3086547851562,0.8211239234702191,0.3938655471825989,0.0539215533029864,2.7341165932358784,0.603436406622871,-0.5847279110677088,-0.836996512047562,-2.084414664088778,0.4281145865948155,1.0287777922051375
20.0,18.0,1007.3304443359376,0.8326146541974787,0.3916522627781149,-0.6883381176576826,-0.113356085749311,0.6732432739563268,-0.5855977708368116,0.0114389844597583,-0.3693102196768482,0.3853479262520289,0.9660204797432758
20.0,18.0,1007.3433227539062,1.830054197229731,0.3823502166868449,-1.4830131982379038,0.7764914759895085,0.7823025624818977,-0.1025097463238117,-0.0372080160809548,-2.601205513634973,-0.2438803824790665,0.9860427330432204
20.0,18.0,1007.3433227539062,1.830054197229731,0.3823502166868449,-1.4830131982379038,0.7764914759895085,0.7823025624818977,-0.1025097463238117,-0.0372080160809548,-2.601205513634973,-0.2438803824790665,0.9860427330432204
20.0,18.0,1007.488525390625,0.8247492372627949,0.3821521005716593,-1.5609918961701144,0.7942760321675701,0.8604332040110245,-0.1028104481212583,-0.5694503632001859,-2.460911650412408,0.3067206535959424,-0.5447936440754229
20.0,18.0,1007.5139770507812,0.8049519875682412,1.2476259218462222,-0.7025033835167517,2.200943480811915,0.6626366114513702,-0.1491455713476415,0.0415432725140332,2.6243838826049006,-0.8458935011958875,-0.4446543259244523
20.0,18.0,1007.5894775390624,0.8260497111165581,1.9031093470084688,-2.3688780224386905,1.4812682996174102,0.778051545171237,-0.120808113246553,1.6587579221493585,-2.6108085514928083,-1.026781853876794,-0.6490867194388792
20.0,18.0,1007.5894775390624,0.8260497111165581,1.9031093470084688,-2.3688780224386905,1.4812682996174102,0.778051545171237,-0.120808113246553,1.6587579221493585,-2.6108085514928083,-1.026781853876794,-0.6490867194388792
20.0,18.0,1007.6376342773438,0.6013099133336963,0.2292745807411469,-2.340850009464873,-1.5224193645524775,-0.2324749058728883,-2.325094919021935,1.3255814735103673,-2.695233416628984,-0.8162340009161815,-0.5159191112024111
20.0,18.0,1007.661865234375,0.8247492372627949,0.3823502166868449,-1.5275914425610249,0.7942760321675701,0.7823025624818977,-0.1025097463238117,-0.0372080160809548,-2.601205513634973,-0.2438803824790665,0.9860427330432204
20.0,18.0,1007.7197875976562,0.8244933525227314,0.2294505495798186,-1.2952896581959328,-0.113356085749311,-0.5682137702000319,-0.5869722179086249,-0.1369442715107356,-0.6460547710623075,0.3788263466435764,1.0111599766686132
20.0,18.0,1007.7385864257812,0.8247492372627949,0.3823544816139548,-1.4805460154185348,0.7942760321675701,0.7804956005999527,-0.1025041303137747,-0.0364553603656674,-2.460911650412408,0.3067206535959424,-0.5447936440754229
20.0,18.0,1007.809326171875,-2.8662559529834137,-1.34670875733943,-0.9417664150131844,0.8031067208159354,0.2079668660190532,-2.062241723663899,-0.3347602246914009,-0.4242680007701676,0.5597892983114552,-0.8264954277653855
20.0,18.0,1007.809326171875,-2.8662559529834137,-1.34670875733943,-0.9417664150131844,0.8031067208159354,0.2079668660190532,-2.062241723663899,-0.3347602246914009,-0.4242680007701676,0.5597892983114552,-0.8264954277653855
20.0,18.0,1007.8294677734376,0.8244933525227314,0.3084985823304348,-0.7111410082595072,0.7774092762061562,0.6626366114513702,-0.5869722179086249,0.0373165915964165,-0.6460547710623075,0.3788263466435764,0.9739173364902188
20.0,18.0,1007.8892822265624,-2.9108953543199574,0.1705966571489515,-1.28006950513636,1.595904477487557,-1.633690536154239,-0.327638212831419,-0.2014765562741127,4.487115487508678,1.7877922372069122,0.87065060687773
20.0,18.0,1007.8914184570312,0.8117158732276901,0.2597538458448331,-2.297799988751958,0.639744696042776,-0.1495578959779768,-0.5884686776078901,-0.5701614652583971,-2.7577105285701813,0.3234458791337118,0.6822173576080374
20.0,18.0,1007.9043579101562,0.5988771652100651,0.2292745807411469,0.0539215533029864,2.7341165932358784,-0.0678638053572786,-0.5847279110677088,-0.836996512047562,-2.1093977674883115,-0.899181888064375,-0.5365756946961815
20.0,18.0,1007.9752807617188,0.5921427673005223,-0.9015327865071276,-1.2338822318889306,-3.1722671851543325,0.8304053834073343,-0.4380111817668523,0.0417602150325204,-2.083706830093376,0.3787655694549443,0.9829758909188396
20.0,18.0,1007.9842529296876,0.5647507233050506,1.474385157379556,-0.0063639750802205,-2.2248175280720788,-0.0603708600977678,-0.6714120612400166,-0.8509503883001638,-2.6732522434940043,-0.8996575579777459,-1.3266797631917118
20.0,18.0,1007.9912109375,2.3659976056974954,0.1214050690167433,-0.5238549469344124,2.7341165932358784,0.6898638152605947,-2.100674779678453,-0.1998220060308216,-2.717663863543846,-0.6672455070708274,-0.4824263719135584
20.0,18.0,1007.9912109375,2.3659976056974954,0.1214050690167433,-0.5238549469344124,2.7341165932358784,0.6898638152605947,-2.100674779678453,-0.1998220060308216,-2.717663863543846,-0.6672455070708274,-0.4824263719135584
20.0,18.0,1008.0259399414062,0.8247492372627949,0.3813633704495577,-1.533408700298028,0.7943597977204971,-0.0753446362432194,-0.1025097463238117,-0.6165809903004766,-2.4658308594713407,0.016665124061383,1.9473394077984807
20.0,18.0,1008.0259399414062,0.8247492372627949,0.3813633704495577,-1.533408700298028,0.7943597977204971,-0.0753446362432194,-0.1025097463238117,-0.6165809903004766,-2.4658308594713407,0.016665124061383,1.9473394077984807
20.0,18.0,1008.1293334960938,0.8336922482943495,0.2153502592470209,0.0966853046273643,0.7774092762061562,0.2045865679496017,-0.5847021323791093,-0.3444424732940662,-2.429752272452649,0.6153146121798276,0.3563965986782965
20.0,18.0,1008.1386108398438,1.4254388218608751,0.1985645951457307,-2.454895547796817,2.6706176597887805,0.8273119669828846,-2.335462460755192,-0.1336705239955637,-2.700383969724815,-0.8162340009161815,-0.5841657349870616
20.0,18.0,1008.1386108398438,1.4254388218608751,0.1985645951457307,-2.454895547796817,2.6706176597887805,0.8273119669828846,-2.335462460755192,-0.1336705239955637,-2.700383969724815,-0.8162340009161815,-0.5841657349870616
20.0,19.0,1003.4501953125,0.8244933525227314,0.1717593457825232,-2.378357160883819,-0.0311909432060103,0.5201670551719506,-0.572020629403561,0.1201970601601191,-0.6215705967146201,-0.9274745739175644,-0.4297577406009585
20.0,19.0,1004.654052734375,0.6072983725661711,0.3923821953948915,-1.021512361749489,0.7774092762061562,0.6734398052945179,-0.5870127884190043,-0.3444424732940662,-0.3390239645658489,0.3856882756312429,0.3754745883264547
20.0,19.0,1004.91748046875,0.8073720772112248,0.2573706402104556,-0.725533960740095,0.772332213638295,-0.3397635862683256,-0.5884686776078901,0.0420377894815063,-2.0742454307655187,-0.2791847824617789,0.8862657661814015
20.0,19.0,1005.2549438476562,0.8244933525227314,0.1717593457825232,-1.3073300690109348,-0.113356085749311,0.6626366114513702,-0.5869722179086249,0.0373165915964165,-0.6460547710623075,0.3788263466435764,0.9709143587033844
20.0,19.0,1005.2549438476562,0.8244933525227314,0.1717593457825232,-1.3073300690109348,-0.113356085749311,0.6626366114513702,-0.5869722179086249,0.0373165915964165,-0.6460547710623075,0.3788263466435764,0.9709143587033844
20.0,19.0,1005.2549438476562,0.8244933525227314,0.1717593457825232,-1.3073300690109348,-0.113356085749311,0.6626366114513702,-0.5869722179086249,0.0373165915964165,-0.6460547710623075,0.3788263466435764,0.9709143587033844
20.0,19.0,1005.3701171875,0.8326949900304073,0.1717593457825232,-1.3073300690109348,-0.113356085749311,0.6626366114513702,-0.5869722179086249,0.0403575393860011,-0.3633400828154481,0.3788263466435764,0.9709143587033844
20.0,19.0,1005.5066528320312,0.6055475248077435,0.3923821953948915,-0.7021448358751979,0.7774092762061562,0.6734398052945179,-0.5856701814751614,-0.3444424732940662,-0.3390239645658489,0.3856882756312429,0.3845151788423647
20.0,19.0,1005.7532958984376,0.8247492372627949,0.3821521005716593,-1.536386494166104,0.7942760321675701,-0.235728553135097,-0.1025097463238117,-0.5694503632001859,-2.4658308594713407,0.3048371755107132,-0.5447936440754229
20.0,19.0,1005.7532958984376,0.8247492372627949,0.3821521005716593,-1.536386494166104,0.7942760321675701,-0.235728553135097,-0.1025097463238117,-0.5694503632001859,-2.4658308594713407,0.3048371755107132,-0.5447936440754229
20.0,19.0,1005.7532958984376,0.8247492372627949,0.3821521005716593,-1.536386494166104,0.7942760321675701,-0.235728553135097,-0.1025097463238117,-0.5694503632001859,-2.4658308594713407,0.3048371755107132,-0.5447936440754229
20.0,19.0,1005.9254150390624,0.8244933525227314,0.3836208157949277,-1.3073300690109348,-0.113356085749311,0.6626366114513702,-1.1675233052321108,0.2971198421114603,-0.6460547710623075,0.3788263466435764,0.9864228670108546
20.0,19.0,1006.2874755859376,0.8244947322649876,-0.1618621720116635,-0.7111410082595072,-0.1093631625140587,0.6626366114513702,-0.5869389777864995,0.0369217114327639,-0.6460547710623075,0.3788263466435764,1.1200317331252738
20.0,19.0,1006.3716430664062,0.8244910777761938,0.1717593457825232,-1.3073300690109348,-0.0918021668515007,0.6626366114513702,-0.5869722179086249,0.0270720100424384,-0.6460547710623075,0.3788263466435764,1.5017432088709963
20.0,19.0,1006.38623046875,1.4254388218608751,0.2292745807411469,-2.3558853567734754,2.7341165932358784,-0.674424375530223,-2.325094919021935,-0.1346003706931446,-2.5047362015268586,-2.130515361565326,-0.5108043848467153
20.0,19.0,1006.38623046875,1.4254388218608751,0.2292745807411469,-2.3558853567734754,2.7341165932358784,-0.674424375530223,-2.325094919021935,-0.1346003706931446,-2.5047362015268586,-2.130515361565326,-0.5108043848467153
20.0,19.0,1006.7808837890624,0.8244933525227314,0.3084985823304348,-0.688709070382713,0.7774092762061562,0.6626366114513702,-0.5869722179086249,0.1290434242748969,-0.6460547710623075,0.3788263466435764,0.9739173364902188
20.0,19.0,1006.7955932617188,0.8073720772112248,0.2573706402104556,-0.725533960740095,0.772332213638295,-0.5802622167613379,-0.5884686776078901,0.0420377894815063,-2.0742454307655187,-0.2791847824617789,0.8862657661814015
20.0,19.0,1006.7955932617188,0.8073720772112248,0.2573706402104556,-0.725533960740095,0.772332213638295,-0.5802622167613379,-0.5884686776078901,0.0420377894815063,-2.0742454307655187,-0.2791847824617789,0.8862657661814015
20.0,19.0,1006.8295288085938,0.832597029294449,0.1753654842081675,-1.3073300690109348,-0.113356085749311,0.6626366114513702,-0.5449515129924314,-0.558834897000078,-0.3633400828154481,0.3808347816420164,0.9709143587033844
20.0,19.0,1006.8610229492188,0.6537040275249333,0.2573706402104556,-2.297799988751958,0.639744696042776,-0.0601748300494619,-0.5884686776078901,0.0260597473428236,-2.7577105285701813,0.0182625434492329,0.8862657661814015
20.0,19.0,1006.953857421875,0.8211239234702191,0.1813715317112406,0.0539215533029864,2.7341165932358784,0.603436406622871,-0.5847279110677088,-0.836996512047562,-0.5626717942130341,-0.9180515068211236,1.1165775805532343
20.0,19.0,1006.9765625,0.6013610425302578,0.2158288218950671,-0.7021448358751979,0.7774092762061562,0.6734398052945179,-0.5856701814751614,-0.3444424732940662,-2.429752272452649,0.8155296422231773,0.3563965986782965
20.0,19.0,1006.9765625,0.6013610425302578,0.2158288218950671,-0.7021448358751979,0.7774092762061562,0.6734398052945179,-0.5856701814751614,-0.3444424732940662,-2.429752272452649,0.8155296422231773,0.3563965986782965
20.0,19.0,1007.225341796875,0.8124774375901017,0.3774632758121513,-1.5422095817189805,0.7764914759895085,0.7823025624818977,-0.1025097463238117,-0.0372080160809548,-2.0362503967310968,-0.2438803824790665,1.046489992706726
20.0,19.0,1007.2384643554688,0.6667373915600381,0.3797688949372818,-1.536386494166104,0.7942760321675701,-0.2177023761906198,-0.1025097463238117,0.0267708494010348,-2.4658308594713407,0.3074510778921587,-0.5309603747458962
20.0,19.0,1007.2840576171876,0.8248471979987532,0.378545962146015,-1.536386494166104,0.7942760321675701,-0.235728553135097,-0.1445304512400051,0.0297420731858932,-2.4658308594713407,0.3028287405122731,-0.5447936440754229
20.0,19.0,1007.3086547851562,0.8211239234702191,0.3938655471825989,0.0539215533029864,2.7341165932358784,0.603436406622871,-0.5847279110677088,-0.836996512047562,-2.084414664088778,0.4281145865948155,1.0287777922051375
20.0,19.0,1007.3304443359376,0.8326146541974787,0.3916522627781149,-0.6883381176576826,-0.113356085749311,0.6732432739563268,-0.5855977708368116,0.0114389844597583,-0.3693102196768482,0.3853479262520289,0.9660204797432758
20.0,19.0,1007.3433227539062,1.830054197229731,0.3823502166868449,-1.4830131982379038,0.7764914759895085,0.7823025624818977,-0.1025097463238117,-0.0372080160809548,-2.601205513634973,-0.2438803824790665,0.9860427330432204
20.0,19.0,1007.3433227539062,1.830054197229731,0.3823502166868449,-1.4830131982379038,0.7764914759895085,0.7823025624818977,-0.1025097463238117,-0.0372080160809548,-2.601205513634973,-0.2438803824790665,0.9860427330432204
20.0,19.0,1007.488525390625,0.8247492372627949,0.3821521005716593,-1.5609918961701144,0.7942760321675701,0.8604332040110245,-0.1028104481212583,-0.5694503632001859,-2.460911650412408,0.3067206535959424,-0.5447936440754229
20.0,19.0,1007.5139770507812,0.8049519875682412,1.2476259218462222,-0.7025033835167517,2.200943480811915,0.6626366114513702,-0.1491455713476415,0.0415432725140332,2.6243838826049006,-0.8458935011958875,-0.4446543259244523
20.0,19.0,1007.5894775390624,0.8260497111165581,1.9031093470084688,-2.3688780224386905,1.4812682996174102,0.778051545171237,-0.120808113246553,1.6587579221493585,-2.6108085514928083,-1.026781853876794,-0.6490867194388792
20.0,19.0,1007.5894775390624,0.8260497111165581,1.9031093470084688,-2.3688780224386905,1.4812682996174102,0.778051545171237,-0.120808113246553,1.6587579221493585,-2.6108085514928083,-1.026781853876794,-0.6490867194388792
20.0,19.0,1007.6376342773438,0.6013099133336963,0.2292745807411469,-2.340850009464873,-1.5224193645524775,-0.2324749058728883,-2.325094919021935,1.3255814735103673,-2.695233416628984,-0.8162340009161815,-0.5159191112024111
20.0,19.0,1007.661865234375,0.8247492372627949,0.3823502166868449,-1.5275914425610249,0.7942760321675701,0.7823025624818977,-0.1025097463238117,-0.0372080160809548,-2.601205513634973,-0.2438803824790665,0.9860427330432204
20.0,19.0,1007.7197875976562,0.8244933525227314,0.2294505495798186,-1.2952896581959328,-0.113356085749311,-0.5682137702000319,-0.5869722179086249,-0.1369442715107356,-0.6460547710623075,0.3788263466435764,1.0111599766686132
20.0,19.0,1007.7385864257812,0.8247492372627949,0.3823544816139548,-1.4805460154185348,0.7942760321675701,0.7804956005999527,-0.1025041303137747,-0.0364553603656674,-2.460911650412408,0.3067206535959424,-0.5447936440754229
20.0,19.0,1007.809326171875,-2.8662559529834137,-1.34670875733943,-0.9417664150131844,0.8031067208159354,0.2079668660190532,-2.062241723663899,-0.3347602246914009,-0.4242680007701676,0.5597892983114552,-0.8264954277653855
20.0,19.0,1007.809326171875,-2.8662559529834137,-1.34670875733943,-0.9417664150131844,0.8031067208159354,0.2079668660190532,-2.062241723663899,-0.3347602246914009,-0.4242680007701676,0.5597892983114552,-0.8264954277653855
20.0,19.0,1007.8294677734376,0.8244933525227314,0.3084985823304348,-0.7111410082595072,0.7774092762061562,0.6626366114513702,-0.5869722179086249,0.0373165915964165,-0.6460547710623075,0.3788263466435764,0.9739173364902188
20.0,19.0,1007.8892822265624,-2.9108953543199574,0.1705966571489515,-1.28006950513636,1.595904477487557,-1.633690536154239,-0.327638212831419,-0.2014765562741127,4.487115487508678,1.7877922372069122,0.87065060687773
20.0,19.0,1007.8914184570312,0.8117158732276901,0.2597538458448331,-2.297799988751958,0.639744696042776,-0.1495578959779768,-0.5884686776078901,-0.5701614652583971,-2.7577105285701813,0.3234458791337118,0.6822173576080374
20.0,19.0,1007.9043579101562,0.5988771652100651,0.2292745807411469,0.0539215533029864,2.7341165932358784,-0.0678638053572786,-0.5847279110677088,-0.836996512047562,-2.1093977674883115,-0.899181888064375,-0.5365756946961815
20.0,19.0,1007.9752807617188,0.5921427673005223,-0.9015327865071276,-1.2338822318889306,-3.1722671851543325,0.8304053834073343,-0.4380111817668523,0.0417602150325204,-2.083706830093376,0.3787655694549443,0.9829758909188396
20.0,19.0,1007.9752807617188,0.5921427673005223,-0.9015327865071276,-1.2338822318889306,-3.1722671851543325,0.8304053834073343,-0.4380111817668523,0.0417602150325204,-2.083706830093376,0.3787655694549443,0.9829758909188396
20.0,19.0,1007.9842529296876,0.5647507233050506,1.474385157379556,-0.0063639750802205,-2.2248175280720788,-0.0603708600977678,-0.6714120612400166,-0.8509503883001638,-2.6732522434940043,-0.8996575579777459,-1.3266797631917118
20.0,19.0,1007.9912109375,2.3659976056974954,0.1214050690167433,-0.5238549469344124,2.7341165932358784,0.6898638152605947,-2.100674779678453,-0.1998220060308216,-2.717663863543846,-0.6672455070708274,-0.4824263719135584
20.0,19.0,1007.9912109375,2.3659976056974954,0.1214050690167433,-0.5238549469344124,2.7341165932358784,0.6898638152605947,-2.100674779678453,-0.1998220060308216,-2.717663863543846,-0.6672455070708274,-0.4824263719135584
20.0,20.0,1003.4501953125,0.8244933525227314,0.1717593457825232,-2.378357160883819,-0.0311909432060103,0.5201670551719506,-0.572020629403561,0.1201970601601191,-0.6215705967146201,-0.9274745739175644,-0.4297577406009585
20.0,20.0,1004.654052734375,0.6072983725661711,0.3923821953948915,-1.021512361749489,0.7774092762061562,0.6734398052945179,-0.5870127884190043,-0.3444424732940662,-0.3390239645658489,0.3856882756312429,0.3754745883264547
20.0,20.0,1004.91748046875,0.8073720772112248,0.2573706402104556,-0.725533960740095,0.772332213638295,-0.3397635862683256,-0.5884686776078901,0.0420377894815063,-2.0742454307655187,-0.2791847824617789,0.8862657661814015
20.0,20.0,1005.2549438476562,0.8244933525227314,0.1717593457825232,-1.3073300690109348,-0.113356085749311,0.6626366114513702,-0.5869722179086249,0.0373165915964165,-0.6460547710623075,0.3788263466435764,0.9709143587033844
20.0,20.0,1005.2549438476562,0.8244933525227314,0.1717593457825232,-1.3073300690109348,-0.113356085749311,0.6626366114513702,-0.5869722179086249,0.0373165915964165,-0.6460547710623075,0.3788263466435764,0.9709143587033844
20.0,20.0,1005.2549438476562,0.8244933525227314,0.1717593457825232,-1.3073300690109348,-0.113356085749311,0.6626366114513702,-0.5869722179086249,0.0373165915964165,-0.6460547710623075,0.3788263466435764,0.9709143587033844
20.0,20.0,1005.3701171875,0.8326949900304073,0.1717593457825232,-1.3073300690109348,-0.113356085749311,0.6626366114513702,-0.5869722179086249,0.0403575393860011,-0.3633400828154481,0.3788263466435764,0.9709143587033844
20.0,20.0,1005.5066528320312,0.6055475248077435,0.3923821953948915,-0.7021448358751979,0.7774092762061562,0.6734398052945179,-0.5856701814751614,-0.3444424732940662,-0.3390239645658489,0.3856882756312429,0.3845151788423647
20.0,20.0,1005.7532958984376,0.8247492372627949,0.3821521005716593,-1.536386494166104,0.7942760321675701,-0.235728553135097,-0.1025097463238117,-0.5694503632001859,-2.4658308594713407,0.3048371755107132,-0.5447936440754229
20.0,20.0,1005.7532958984376,0.8247492372627949,0.3821521005716593,-1.536386494166104,0.7942760321675701,-0.235728553135097,-0.1025097463238117,-0.5694503632001859,-2.4658308594713407,0.3048371755107132,-0.5447936440754229
20.0,20.0,1005.7532958984376,0.8247492372627949,0.3821521005716593,-1.536386494166104,0.7942760321675701,-0.235728553135097,-0.1025097463238117,-0.5694503632001859,-2.4658308594713407,0.3048371755107132,-0.5447936440754229
20.0,20.0,1005.9254150390624,0.8244933525227314,0.3836208157949277,-1.3073300690109348,-0.113356085749311,0.6626366114513702,-1.1675233052321108,0.2971198421114603,-0.6460547710623075,0.3788263466435764,0.9864228670108546
20.0,20.0,1006.1514892578124,0.8244933525227314,0.1717593457825232,-2.387045495730254,-0.0311909432060103,0.5223638011918951,-0.572020629403561,0.1201970601601191,-0.6215705967146201,-0.9274745739175644,-0.4297577406009585
20.0,20.0,1006.2874755859376,0.8244947322649876,-0.1618621720116635,-0.7111410082595072,-0.1093631625140587,0.6626366114513702,-0.5869389777864995,0.0369217114327639,-0.6460547710623075,0.3788263466435764,1.1200317331252738
20.0,20.0,1006.3716430664062,0.8244910777761938,0.1717593457825232,-1.3073300690109348,-0.0918021668515007,0.6626366114513702,-0.5869722179086249,0.0270720100424384,-0.6460547710623075,0.3788263466435764,1.5017432088709963
20.0,20.0,1006.3768920898438,0.8244933525227314,0.1717593457825232,-2.880566019332905,0.7477827228625991,0.6626366114513702,-0.5869722179086249,0.0373165915964165,-0.6460547710623075,0.5366411523139829,0.9709143587033844
20.0,20.0,1006.38623046875,1.4254388218608751,0.2292745807411469,-2.3558853567734754,2.7341165932358784,-0.674424375530223,-2.325094919021935,-0.1346003706931446,-2.5047362015268586,-2.130515361565326,-0.5108043848467153
20.0,20.0,1006.38623046875,1.4254388218608751,0.2292745807411469,-2.3558853567734754,2.7341165932358784,-0.674424375530223,-2.325094919021935,-0.1346003706931446,-2.5047362015268586,-2.130515361565326,-0.5108043848467153
20.0,20.0,1006.7348022460938,0.8073720772112248,0.2721352608167982,-0.7874050329380152,0.7784583665740065,-0.3397635862683256,-0.5884686776078901,0.0420377894815063,-2.0742454307655187,0.382992574875008,0.8862657661814015
20.0,20.0,1006.7808837890624,0.8244933525227314,0.3084985823304348,-0.688709070382713,0.7774092762061562,0.6626366114513702,-0.5869722179086249,0.1290434242748969,-0.6460547710623075,0.3788263466435764,0.9739173364902188
20.0,20.0,1006.7955932617188,0.8073720772112248,0.2573706402104556,-0.725533960740095,0.772332213638295,-0.5802622167613379,-0.5884686776078901,0.0420377894815063,-2.0742454307655187,-0.2791847824617789,0.8862657661814015
20.0,20.0,1006.7955932617188,0.8073720772112248,0.2573706402104556,-0.725533960740095,0.772332213638295,-0.5802622167613379,-0.5884686776078901,0.0420377894815063,-2.0742454307655187,-0.2791847824617789,0.8862657661814015
20.0,20.0,1006.8295288085938,0.832597029294449,0.1753654842081675,-1.3073300690109348,-0.113356085749311,0.6626366114513702,-0.5449515129924314,-0.558834897000078,-0.3633400828154481,0.3808347816420164,0.9709143587033844
20.0,20.0,1006.8610229492188,0.6537040275249333,0.2573706402104556,-2.297799988751958,0.639744696042776,-0.0601748300494619,-0.5884686776078901,0.0260597473428236,-2.7577105285701813,0.0182625434492329,0.8862657661814015
20.0,20.0,1006.9166870117188,0.6072983725661711,0.3923821953948915,-1.021512361749489,0.7774092762061562,0.6734398052945179,-0.5870127884190043,-0.3444424732940662,-0.3390239645658489,0.3856882756312429,0.5589753939234459
20.0,20.0,1006.953857421875,0.8211239234702191,0.1813715317112406,0.0539215533029864,2.7341165932358784,0.603436406622871,-0.5847279110677088,-0.836996512047562,-0.5626717942130341,-0.9180515068211236,1.1165775805532343
20.0,20.0,1006.9765625,0.6013610425302578,0.2158288218950671,-0.7021448358751979,0.7774092762061562,0.6734398052945179,-0.5856701814751614,-0.3444424732940662,-2.429752272452649,0.8155296422231773,0.3563965986782965
20.0,20.0,1006.9765625,0.6013610425302578,0.2158288218950671,-0.7021448358751979,0.7774092762061562,0.6734398052945179,-0.5856701814751614,-0.3444424732940662,-2.429752272452649,0.8155296422231773,0.3563965986782965
20.0,20.0,1007.225341796875,0.8124774375901017,0.3774632758121513,-1.5422095817189805,0.7764914759895085,0.7823025624818977,-0.1025097463238117,-0.0372080160809548,-2.0362503967310968,-0.2438803824790665,1.046489992706726
20.0,20.0,1007.2384643554688,0.6667373915600381,0.3797688949372818,-1.536386494166104,0.7942760321675701,-0.2177023761906198,-0.1025097463238117,0.0267708494010348,-2.4658308594713407,0.3074510778921587,-0.5309603747458962
20.0,20.0,1007.2840576171876,0.8248471979987532,0.378545962146015,-1.536386494166104,0.7942760321675701,-0.235728553135097,-0.1445304512400051,0.0297420731858932,-2.4658308594713407,0.3028287405122731,-0.5447936440754229
20.0,20.0,1007.3086547851562,0.8211239234702191,0.3938655471825989,0.0539215533029864,2.7341165932358784,0.603436406622871,-0.5847279110677088,-0.836996512047562,-2.084414664088778,0.4281145865948155,1.0287777922051375
20.0,20.0,1007.3304443359376,0.8326146541974787,0.3916522627781149,-0.6883381176576826,-0.113356085749311,0.6732432739563268,-0.5855977708368116,0.0114389844597583,-0.3693102196768482,0.3853479262520289,0.9660204797432758
20.0,20.0,1007.3433227539062,1.830054197229731,0.3823502166868449,-1.4830131982379038,0.7764914759895085,0.7823025624818977,-0.1025097463238117,-0.0372080160809548,-2.601205513634973,-0.2438803824790665,0.9860427330432204
20.0,20.0,1007.3433227539062,1.830054197229731,0.3823502166868449,-1.4830131982379038,0.7764914759895085,0.7823025624818977,-0.1025097463238117,-0.0372080160809548,-2.601205513634973,-0.2438803824790665,0.9860427330432204
20.0,20.0,1007.372802734375,0.8248412684308817,0.3815767072707391,-1.5320067835373496,-0.0166660713203628,-0.235728553135097,-0.1025097463238117,-0.5325018992379431,-2.4982278262059143,0.3048371755107132,0.4031462175696634
20.0,20.0,1007.488525390625,0.8247492372627949,0.3821521005716593,-1.5609918961701144,0.7942760321675701,0.8604332040110245,-0.1028104481212583,-0.5694503632001859,-2.460911650412408,0.3067206535959424,-0.5447936440754229
20.0,20.0,1007.5139770507812,0.8049519875682412,1.2476259218462222,-0.7025033835167517,2.200943480811915,0.6626366114513702,-0.1491455713476415,0.0415432725140332,2.6243838826049006,-0.8458935011958875,-0.4446543259244523
20.0,20.0,1007.5894775390624,0.8260497111165581,1.9031093470084688,-2.3688780224386905,1.4812682996174102,0.778051545171237,-0.120808113246553,1.6587579221493585,-2.6108085514928083,-1.026781853876794,-0.6490867194388792
20.0,20.0,1007.5894775390624,0.8260497111165581,1.9031093470084688,-2.3688780224386905,1.4812682996174102,0.778051545171237,-0.120808113246553,1.6587579221493585,-2.6108085514928083,-1.026781853876794,-0.6490867194388792
20.0,20.0,1007.6376342773438,0.6013099133336963,0.2292745807411469,-2.340850009464873,-1.5224193645524775,-0.2324749058728883,-2.325094919021935,1.3255814735103673,-2.695233416628984,-0.8162340009161815,-0.5159191112024111
20.0,20.0,1007.661865234375,0.8247492372627949,0.3823502166868449,-1.5275914425610249,0.7942760321675701,0.7823025624818977,-0.1025097463238117,-0.0372080160809548,-2.601205513634973,-0.2438803824790665,0.9860427330432204
20.0,20.0,1007.7197875976562,0.8244933525227314,0.2294505495798186,-1.2952896581959328,-0.113356085749311,-0.5682137702000319,-0.5869722179086249,-0.1369442715107356,-0.6460547710623075,0.3788263466435764,1.0111599766686132
20.0,20.0,1007.7385864257812,0.8247492372627949,0.3823544816139548,-1.4805460154185348,0.7942760321675701,0.7804956005999527,-0.1025041303137747,-0.0364553603656674,-2.460911650412408,0.3067206535959424,-0.5447936440754229
20.0,20.0,1007.7953491210938,0.8124774375901017,0.3775154248939771,-1.5422095817189805,0.7764914759895085,0.7823025624818977,-0.1025097463238117,-0.0372080160809548,-2.0362503967310968,-0.4263429166759376,0.9851892020857632
20.0,20.0,1007.809326171875,-2.8662559529834137,-1.34670875733943,-0.9417664150131844,0.8031067208159354,0.2079668660190532,-2.062241723663899,-0.3347602246914009,-0.4242680007701676,0.5597892983114552,-0.8264954277653855
20.0,20.0,1007.809326171875,-2.8662559529834137,-1.34670875733943,-0.9417664150131844,0.8031067208159354,0.2079668660190532,-2.062241723663899,-0.3347602246914009,-0.4242680007701676,0.5597892983114552,-0.8264954277653855
20.0,20.0,1007.8294677734376,0.8244933525227314,0.3084985823304348,-0.7111410082595072,0.7774092762061562,0.6626366114513702,-0.5869722179086249,0.0373165915964165,-0.6460547710623075,0.3788263466435764,0.9739173364902188
20.0,20.0,1007.8892822265624,-2.9108953543199574,0.1705966571489515,-1.28006950513636,1.595904477487557,-1.633690536154239,-0.327638212831419,-0.2014765562741127,4.487115487508678,1.7877922372069122,0.87065060687773
20.0,20.0,1007.8914184570312,0.8117158732276901,0.2597538458448331,-2.297799988751958,0.639744696042776,-0.1495578959779768,-0.5884686776078901,-0.5701614652583971,-2.7577105285701813,0.3234458791337118,0.6822173576080374
20.0,21.0,1003.4501953125,0.8244933525227314,0.1717593457825232,-2.378357160883819,-0.0311909432060103,0.5201670551719506,-0.572020629403561,0.1201970601601191,-0.6215705967146201,-0.9274745739175644,-0.4297577406009585
20.0,21.0,1004.5084838867188,0.8261218770308434,0.1717593457825232,-1.3073300690109348,-0.113356085749311,0.5609128142730455,-1.0708044882888972,0.039333814965403,-0.6460547710623075,0.8247340719018256,0.9709143587033844
20.0,21.0,1004.654052734375,0.6072983725661711,0.3923821953948915,-1.021512361749489,0.7774092762061562,0.6734398052945179,-0.5870127884190043,-0.3444424732940662,-0.3390239645658489,0.3856882756312429,0.3754745883264547
20.0,21.0,1004.91748046875,0.8073720772112248,0.2573706402104556,-0.725533960740095,0.772332213638295,-0.3397635862683256,-0.5884686776078901,0.0420377894815063,-2.0742454307655187,-0.2791847824617789,0.8862657661814015
20.0,21.0,1005.2549438476562,0.8244933525227314,0.1717593457825232,-1.3073300690109348,-0.113356085749311,0.6626366114513702,-0.5869722179086249,0.0373165915964165,-0.6460547710623075,0.3788263466435764,0.9709143587033844
20.0,21.0,1005.2549438476562,0.8244933525227314,0.1717593457825232,-1.3073300690109348,-0.113356085749311,0.6626366114513702,-0.5869722179086249,0.0373165915964165,-0.6460547710623075,0.3788263466435764,0.9709143587033844
20.0,21.0,1005.2549438476562,0.8244933525227314,0.1717593457825232,-1.3073300690109348,-0.113356085749311,0.6626366114513702,-0.5869722179086249,0.0373165915964165,-0.6460547710623075,0.3788263466435764,0.9709143587033844
20.0,21.0,1005.3701171875,0.8326949900304073,0.1717593457825232,-1.3073300690109348,-0.113356085749311,0.6626366114513702,-0.5869722179086249,0.0403575393860011,-0.3633400828154481,0.3788263466435764,0.9709143587033844
20.0,21.0,1005.459716796875,0.8255966460771316,0.3084985823304348,-0.6886408703065109,0.77779709016125,0.6626366114513702,-0.5869722179086249,0.1290434242748969,-0.6460547710623075,0.3788263466435764,0.9772617190512042
20.0,21.0,1005.5066528320312,0.6055475248077435,0.3923821953948915,-0.7021448358751979,0.7774092762061562,0.6734398052945179,-0.5856701814751614,-0.3444424732940662,-0.3390239645658489,0.3856882756312429,0.3845151788423647
20.0,21.0,1005.5228271484376,0.8244933525227314,0.1717593457825232,-2.3453662525173087,-0.0311909432060103,0.5223638011918951,-0.5864206279208836,0.1201970601601191,-0.6215705967146201,-0.9398010045831928,-0.4504771852526287
20.0,21.0,1005.7532958984376,0.8247492372627949,0.3821521005716593,-1.536386494166104,0.7942760321675701,-0.235728553135097,-0.1025097463238117,-0.5694503632001859,-2.4658308594713407,0.3048371755107132,-0.5447936440754229
20.0,21.0,1005.7532958984376,0.8247492372627949,0.3821521005716593,-1.536386494166104,0.7942760321675701,-0.235728553135097,-0.1025097463238117,-0.5694503632001859,-2.4658308594713407,0.3048371755107132,-0.5447936440754229
20.0,21.0,1005.7532958984376,0.8247492372627949,0.3821521005716593,-1.536386494166104,0.7942760321675701,-0.235728553135097,-0.1025097463238117,-0.5694503632001859,-2.4658308594713407,0.3048371755107132,-0.5447936440754229
20.0,21.0,1005.9254150390624,0.8244933525227314,0.3836208157949277,-1.3073300690109348,-0.113356085749311,0.6626366114513702,-1.1675233052321108,0.2971198421114603,-0.6460547710623075,0.3788263466435764,0.9864228670108546
20.0,21.0,1006.1514892578124,0.8244933525227314,0.1717593457825232,-2.387045495730254,-0.0311909432060103,0.5223638011918951,-0.572020629403561,0.1201970601601191,-0.6215705967146201,-0.9274745739175644,-0.4297577406009585
20.0,21.0,1006.1631469726562,0.8244922469256847,0.2295588099634578,-1.5337169727715705,0.7942760321675701,-0.235728553135097,-0.5455461092673117,-0.5694503632001859,-2.4658308594713407,0.3048371755107132,-0.5337760130879955
20.0,21.0,1006.2246704101562,0.8121663304311524,0.3774632758121513,-1.5422095817189805,-0.0845720231463424,0.6666352684208214,-0.5472848257078238,-0.5487055551109077,-2.0362503967310968,-0.2606501821704845,1.046489992706726
20.0,21.0,1006.2874755859376,0.8244947322649876,-0.1618621720116635,-0.7111410082595072,-0.1093631625140587,0.6626366114513702,-0.5869389777864995,0.0369217114327639,-0.6460547710623075,0.3788263466435764,1.1200317331252738
20.0,21.0,1006.33251953125,0.8247492372627949,0.3819692459861855,-1.536199013183771,0.7786874475042805,-0.235728553135097,-0.1025097463238117,-0.5694503632001859,-0.8232791618762993,0.3048371755107132,-0.4312681995042405
20.0,21.0,1006.3716430664062,0.8244910777761938,0.1717593457825232,-1.3073300690109348,-0.0918021668515007,0.6626366114513702,-0.5869722179086249,0.0270720100424384,-0.6460547710623075,0.3788263466435764,1.5017432088709963
20.0,21.0,1006.3768920898438,0.8244933525227314,0.1717593457825232,-2.880566019332905,0.7477827228625991,0.6626366114513702,-0.5869722179086249,0.0373165915964165,-0.6460547710623075,0.5366411523139829,0.9709143587033844
20.0,21.0,1006.38623046875,1.4254388218608751,0.2292745807411469,-2.3558853567734754,2.7341165932358784,-0.674424375530223,-2.325094919021935,-0.1346003706931446,-2.5047362015268586,-2.130515361565326,-0.5108043848467153
20.0,21.0,1006.38623046875,1.4254388218608751,0.2292745807411469,-2.3558853567734754,2.7341165932358784,-0.674424375530223,-2.325094919021935,-0.1346003706931446,-2.5047362015268586,-2.130515361565326,-0.5108043848467153
20.0,21.0,1006.7348022460938,0.8073720772112248,0.2721352608167982,-0.7874050329380152,0.7784583665740065,-0.3397635862683256,-0.5884686776078901,0.0420377894815063,-2.0742454307655187,0.382992574875008,0.8862657661814015
20.0,21.0,1006.7808837890624,0.8244933525227314,0.3084985823304348,-0.688709070382713,0.7774092762061562,0.6626366114513702,-0.5869722179086249,0.1290434242748969,-0.6460547710623075,0.3788263466435764,0.9739173364902188
20.0,21.0,1006.7955932617188,0.8073720772112248,0.2573706402104556,-0.725533960740095,0.772332213638295,-0.5802622167613379,-0.5884686776078901,0.0420377894815063,-2.0742454307655187,-0.2791847824617789,0.8862657661814015
20.0,21.0,1006.7955932617188,0.8073720772112248,0.2573706402104556,-0.725533960740095,0.772332213638295,-0.5802622167613379,-0.5884686776078901,0.0420377894815063,-2.0742454307655187,-0.2791847824617789,0.8862657661814015
20.0,21.0,1006.8295288085938,0.832597029294449,0.1753654842081675,-1.3073300690109348,-0.113356085749311,0.6626366114513702,-0.5449515129924314,-0.558834897000078,-0.3633400828154481,0.3808347816420164,0.9709143587033844
20.0,21.0,1006.8610229492188,0.6537040275249333,0.2573706402104556,-2.297799988751958,0.639744696042776,-0.0601748300494619,-0.5884686776078901,0.0260597473428236,-2.7577105285701813,0.0182625434492329,0.8862657661814015
20.0,21.0,1006.9166870117188,0.6072983725661711,0.3923821953948915,-1.021512361749489,0.7774092762061562,0.6734398052945179,-0.5870127884190043,-0.3444424732940662,-0.3390239645658489,0.3856882756312429,0.5589753939234459
20.0,21.0,1006.953857421875,0.8211239234702191,0.1813715317112406,0.0539215533029864,2.7341165932358784,0.603436406622871,-0.5847279110677088,-0.836996512047562,-0.5626717942130341,-0.9180515068211236,1.1165775805532343
20.0,21.0,1006.9765625,0.6013610425302578,0.2158288218950671,-0.7021448358751979,0.7774092762061562,0.6734398052945179,-0.5856701814751614,-0.3444424732940662,-2.429752272452649,0.8155296422231773,0.3563965986782965
20.0,21.0,1006.9765625,0.6013610425302578,0.2158288218950671,-0.7021448358751979,0.7774092762061562,0.6734398052945179,-0.5856701814751614,-0.3444424732940662,-2.429752272452649,0.8155296422231773,0.3563965986782965
20.0,21.0,1007.225341796875,0.8124774375901017,0.3774632758121513,-1.5422095817189805,0.7764914759895085,0.7823025624818977,-0.1025097463238117,-0.0372080160809548,-2.0362503967310968,-0.2438803824790665,1.046489992706726
20.0,21.0,1007.2384643554688,0.6667373915600381,0.3797688949372818,-1.536386494166104,0.7942760321675701,-0.2177023761906198,-0.1025097463238117,0.0267708494010348,-2.4658308594713407,0.3074510778921587,-0.5309603747458962
20.0,21.0,1007.2840576171876,0.8248471979987532,0.378545962146015,-1.536386494166104,0.7942760321675701,-0.235728553135097,-0.1445304512400051,0.0297420731858932,-2.4658308594713407,0.3028287405122731,-0.5447936440754229
20.0,21.0,1007.3086547851562,0.8211239234702191,0.3938655471825989,0.0539215533029864,2.7341165932358784,0.603436406622871,-0.5847279110677088,-0.836996512047562,-2.084414664088778,0.4281145865948155,1.0287777922051375
20.0,21.0,1007.3304443359376,0.8326146541974787,0.3916522627781149,-0.6883381176576826,-0.113356085749311,0.6732432739563268,-0.5855977708368116,0.0114389844597583,-0.3693102196768482,0.3853479262520289,0.9660204797432758
20.0,21.0,1007.3433227539062,1.830054197229731,0.3823502166868449,-1.4830131982379038,0.7764914759895085,0.7823025624818977,-0.1025097463238117,-0.0372080160809548,-2.601205513634973,-0.2438803824790665,0.9860427330432204
20.0,21.0,1007.3433227539062,1.830054197229731,0.3823502166868449,-1.4830131982379038,0.7764914759895085,0.7823025624818977,-0.1025097463238117,-0.0372080160809548,-2.601205513634973,-0.2438803824790665,0.9860427330432204
20.0,21.0,1007.3646850585938,0.8244933525227314,0.1756715500161706,-1.3082656267977668,-0.1311990773217485,0.7559390509614088,-0.587012323643133,0.0373165915964165,-0.6443816246271201,0.3789837081927846,0.3626055918658371
20.0,21.0,1007.372802734375,0.8248412684308817,0.3815767072707391,-1.5320067835373496,-0.0166660713203628,-0.235728553135097,-0.1025097463238117,-0.5325018992379431,-2.4982278262059143,0.3048371755107132,0.4031462175696634
20.0,21.0,1007.3729248046876,0.806716370776915,0.3946502901694958,-1.536386494166104,0.7720847801185731,-0.339780128670964,-0.1223738353805847,0.0200882569459349,-2.4658308594713407,0.2971193506541396,0.903172649197357
20.0,21.0,1007.488525390625,0.8247492372627949,0.3821521005716593,-1.5609918961701144,0.7942760321675701,0.8604332040110245,-0.1028104481212583,-0.5694503632001859,-2.460911650412408,0.3067206535959424,-0.5447936440754229
20.0,21.0,1007.5139770507812,0.8049519875682412,1.2476259218462222,-0.7025033835167517,2.200943480811915,0.6626366114513702,-0.1491455713476415,0.0415432725140332,2.6243838826049006,-0.8458935011958875,-0.4446543259244523
20.0,21.0,1007.5894775390624,0.8260497111165581,1.9031093470084688,-2.3688780224386905,1.4812682996174102,0.778051545171237,-0.120808113246553,1.6587579221493585,-2.6108085514928083,-1.026781853876794,-0.6490867194388792
20.0,21.0,1007.5894775390624,0.8260497111165581,1.9031093470084688,-2.3688780224386905,1.4812682996174102,0.778051545171237,-0.120808113246553,1.6587579221493585,-2.6108085514928083,-1.026781853876794,-0.6490867194388792
20.0,21.0,1007.5945434570312,0.8244933525227314,0.1717593457825232,-2.387045495730254,-0.0299027847218436,0.5247060016769987,-0.8096413223215968,0.1201970601601191,-0.6215705967146201,0.5244504257941642,0.9383835400462902
20.0,21.0,1007.6376342773438,0.6013099133336963,0.2292745807411469,-2.340850009464873,-1.5224193645524775,-0.2324749058728883,-2.325094919021935,1.3255814735103673,-2.695233416628984,-0.8162340009161815,-0.5159191112024111
20.0,22.0,1003.4501953125,0.8244933525227314,0.1717593457825232,-2.378357160883819,-0.0311909432060103,0.5201670551719506,-0.572020629403561,0.1201970601601191,-0.6215705967146201,-0.9274745739175644,-0.4297577406009585
20.0,22.0,1004.394287109375,0.8244933525227314,0.3092006424744691,-0.7666065069418815,0.2274476322568783,0.6626366114513702,-0.5869722179086249,0.0373165915964165,-0.6460547710623075,0.3788263466435764,0.9709143587033844
20.0,22.0,1004.5084838867188,0.8261218770308434,0.1717593457825232,-1.3073300690109348,-0.113356085749311,0.5609128142730455,-1.0708044882888972,0.039333814965403,-0.6460547710623075,0.8247340719018256,0.9709143587033844
20.0,22.0,1004.654052734375,0.6072983725661711,0.3923821953948915,-1.021512361749489,0.7774092762061562,0.6734398052945179,-0.5870127884190043,-0.3444424732940662,-0.3390239645658489,0.3856882756312429,0.3754745883264547
20.0,22.0,1004.654052734375,0.6072983725661711,0.3923821953948915,-1.021512361749489,0.7774092762061562,0.6734398052945179,-0.5870127884190043,-0.3444424732940662,-0.3390239645658489,0.3856882756312429,0.3754745883264547
20.0,22.0,1004.91748046875,0.8073720772112248,0.2573706402104556,-0.725533960740095,0.772332213638295,-0.3397635862683256,-0.5884686776078901,0.0420377894815063,-2.0742454307655187,-0.2791847824617789,0.8862657661814015
20.0,22.0,1005.2549438476562,0.8244933525227314,0.1717593457825232,-1.3073300690109348,-0.113356085749311,0.6626366114513702,-0.5869722179086249,0.0373165915964165,-0.6460547710623075,0.3788263466435764,0.9709143587033844
20.0,22.0,1005.2549438476562,0.8244933525227314,0.1717593457825232,-1.3073300690109348,-0.113356085749311,0.6626366114513702,-0.5869722179086249,0.0373165915964165,-0.6460547710623075,0.3788263466435764,0.9709143587033844
20.0,22.0,1005.2549438476562,0.8244933525227314,0.1717593457825232,-1.3073300690109348,-0.113356085749311,0.6626366114513702,-0.5869722179086249,0.0373165915964165,-0.6460547710623075,0.3788263466435764,0.9709143587033844
20.0,22.0,1005.2549438476562,0.8244933525227314,0.1717593457825232,-1.3073300690109348,-0.113356085749311,0.6626366114513702,-0.5869722179086249,0.0373165915964165,-0.6460547710623075,0.3788263466435764,0.9709143587033844
20.0,22.0,1005.3701171875,0.8326949900304073,0.1717593457825232,-1.3073300690109348,-0.113356085749311,0.6626366114513702,-0.5869722179086249,0.0403575393860011,-0.3633400828154481,0.3788263466435764,0.9709143587033844
20.0,22.0,1005.459716796875,0.8255966460771316,0.3084985823304348,-0.6886408703065109,0.77779709016125,0.6626366114513702,-0.5869722179086249,0.1290434242748969,-0.6460547710623075,0.3788263466435764,0.9772617190512042
20.0,22.0,1005.5066528320312,0.6055475248077435,0.3923821953948915,-0.7021448358751979,0.7774092762061562,0.6734398052945179,-0.5856701814751614,-0.3444424732940662,-0.3390239645658489,0.3856882756312429,0.3845151788423647
20.0,22.0,1005.5228271484376,0.8244933525227314,0.1717593457825232,-2.3453662525173087,-0.0311909432060103,0.5223638011918951,-0.5864206279208836,0.1201970601601191,-0.6215705967146201,-0.9398010045831928,-0.4504771852526287
20.0,22.0,1005.6463012695312,0.8261344178969553,0.1717593457825232,-1.3073300690109348,-0.0918021668515007,0.664881729766114,-0.5869722179086249,0.0395352206477233,-0.6460547710623075,0.3788263466435764,1.5017432088709963
20.0,22.0,1005.7532958984376,0.8247492372627949,0.3821521005716593,-1.536386494166104,0.7942760321675701,-0.235728553135097,-0.1025097463238117,-0.5694503632001859,-2.4658308594713407,0.3048371755107132,-0.5447936440754229
20.0,22.0,1005.7532958984376,0.8247492372627949,0.3821521005716593,-1.536386494166104,0.7942760321675701,-0.235728553135097,-0.1025097463238117,-0.5694503632001859,-2.4658308594713407,0.3048371755107132,-0.5447936440754229
20.0,22.0,1005.7532958984376,0.8247492372627949,0.3821521005716593,-1.536386494166104,0.7942760321675701,-0.235728553135097,-0.1025097463238117,-0.5694503632001859,-2.4658308594713407,0.3048371755107132,-0.5447936440754229
20.0,22.0,1005.9254150390624,0.8244933525227314,0.3836208157949277,-1.3073300690109348,-0.113356085749311,0.6626366114513702,-1.1675233052321108,0.2971198421114603,-0.6460547710623075,0.3788263466435764,0.9864228670108546
20.0,22.0,1006.1514892578124,0.8244933525227314,0.1717593457825232,-2.387045495730254,-0.0311909432060103,0.5223638011918951,-0.572020629403561,0.1201970601601191,-0.6215705967146201,-0.9274745739175644,-0.4297577406009585
20.0,22.0,1006.1631469726562,0.8244922469256847,0.2295588099634578,-1.5337169727715705,0.7942760321675701,-0.235728553135097,-0.5455461092673117,-0.5694503632001859,-2.4658308594713407,0.3048371755107132,-0.5337760130879955
20.0,22.0,1006.2246704101562,0.8121663304311524,0.3774632758121513,-1.5422095817189805,-0.0845720231463424,0.6666352684208214,-0.5472848257078238,-0.5487055551109077,-2.0362503967310968,-0.2606501821704845,1.046489992706726
20.0,22.0,1006.2874755859376,0.8244947322649876,-0.1618621720116635,-0.7111410082595072,-0.1093631625140587,0.6626366114513702,-0.5869389777864995,0.0369217114327639,-0.6460547710623075,0.3788263466435764,1.1200317331252738
20.0,22.0,1006.33251953125,0.8247492372627949,0.3819692459861855,-1.536199013183771,0.7786874475042805,-0.235728553135097,-0.1025097463238117,-0.5694503632001859,-0.8232791618762993,0.3048371755107132,-0.4312681995042405
20.0,22.0,1006.3716430664062,0.8244910777761938,0.1717593457825232,-1.3073300690109348,-0.0918021668515007,0.6626366114513702,-0.5869722179086249,0.0270720100424384,-0.6460547710623075,0.3788263466435764,1.5017432088709963
20.0,22.0,1006.3768920898438,0.8244933525227314,0.1717593457825232,-2.880566019332905,0.7477827228625991,0.6626366114513702,-0.5869722179086249,0.0373165915964165,-0.6460547710623075,0.5366411523139829,0.9709143587033844
20.0,22.0,1006.3768920898438,0.8244933525227314,0.1717593457825232,-2.880566019332905,0.7477827228625991,0.6626366114513702,-0.5869722179086249,0.0373165915964165,-0.6460547710623075,0.5366411523139829,0.9709143587033844
20.0,22.0,1006.38623046875,1.4254388218608751,0.2292745807411469,-2.3558853567734754,2.7341165932358784,-0.674424375530223,-2.325094919021935,-0.1346003706931446,-2.5047362015268586,-2.130515361565326,-0.5108043848467153
20.0,22.0,1006.38623046875,1.4254388218608751,0.2292745807411469,-2.3558853567734754,2.7341165932358784,-0.674424375530223,-2.325094919021935,-0.1346003706931446,-2.5047362015268586,-2.130515361565326,-0.5108043848467153
20.0,22.0,1006.6414184570312,0.8244933525227314,0.1717593457825232,-1.3629016380603691,-0.0311909432060103,0.5223638011918951,-0.572020629403561,0.3583475631685798,-0.6215705967146201,-0.9274745739175644,0.9750839186051712
20.0,22.0,1006.7348022460938,0.8073720772112248,0.2721352608167982,-0.7874050329380152,0.7784583665740065,-0.3397635862683256,-0.5884686776078901,0.0420377894815063,-2.0742454307655187,0.382992574875008,0.8862657661814015
20.0,22.0,1006.7808837890624,0.8244933525227314,0.3084985823304348,-0.688709070382713,0.7774092762061562,0.6626366114513702,-0.5869722179086249,0.1290434242748969,-0.6460547710623075,0.3788263466435764,0.9739173364902188
20.0,22.0,1006.7955932617188,0.8073720772112248,0.2573706402104556,-0.725533960740095,0.772332213638295,-0.5802622167613379,-0.5884686776078901,0.0420377894815063,-2.0742454307655187,-0.2791847824617789,0.8862657661814015
20.0,22.0,1006.7955932617188,0.8073720772112248,0.2573706402104556,-0.725533960740095,0.772332213638295,-0.5802622167613379,-0.5884686776078901,0.0420377894815063,-2.0742454307655187,-0.2791847824617789,0.8862657661814015
20.0,22.0,1006.8295288085938,0.832597029294449,0.1753654842081675,-1.3073300690109348,-0.113356085749311,0.6626366114513702,-0.5449515129924314,-0.558834897000078,-0.3633400828154481,0.3808347816420164,0.9709143587033844
20.0,22.0,1006.8314819335938,0.661192301676712,0.2566045247415746,-2.197129427560397,2.1461768810538766,0.6626366114513702,-0.5869722179086249,0.0262953874422077,-0.6460547710623075,0.3788263466435764,0.897388952722425
20.0,22.0,1006.8610229492188,0.6537040275249333,0.2573706402104556,-2.297799988751958,0.639744696042776,-0.0601748300494619,-0.5884686776078901,0.0260597473428236,-2.7577105285701813,0.0182625434492329,0.8862657661814015
20.0,22.0,1006.8757934570312,0.8244922469256847,0.7258504203896945,0.4339848783570779,0.7929105539437645,0.7099062639710212,-0.5455461092673117,0.0225979621214986,-2.4658308594713407,0.3048371755107132,0.3245883927274772
20.0,22.0,1006.9166870117188,0.6072983725661711,0.3923821953948915,-1.021512361749489,0.7774092762061562,0.6734398052945179,-0.5870127884190043,-0.3444424732940662,-0.3390239645658489,0.3856882756312429,0.5589753939234459
20.0,22.0,1006.953857421875,0.8211239234702191,0.1813715317112406,0.0539215533029864,2.7341165932358784,0.603436406622871,-0.5847279110677088,-0.836996512047562,-0.5626717942130341,-0.9180515068211236,1.1165775805532343
20.0,22.0,1006.9765625,0.6013610425302578,0.2158288218950671,-0.7021448358751979,0.7774092762061562,0.6734398052945179,-0.5856701814751614,-0.3444424732940662,-2.429752272452649,0.8155296422231773,0.3563965986782965
20.0,22.0,1006.9765625,0.6013610425302578,0.2158288218950671,-0.7021448358751979,0.7774092762061562,0.6734398052945179,-0.5856701814751614,-0.3444424732940662,-2.429752272452649,0.8155296422231773,0.3563965986782965
20.0,22.0,1007.225341796875,0.8124774375901017,0.3774632758121513,-1.5422095817189805,0.7764914759895085,0.7823025624818977,-0.1025097463238117,-0.0372080160809548,-2.0362503967310968,-0.2438803824790665,1.046489992706726
20.0,22.0,1007.2384643554688,0.6667373915600381,0.3797688949372818,-1.536386494166104,0.7942760321675701,-0.2177023761906198,-0.1025097463238117,0.0267708494010348,-2.4658308594713407,0.3074510778921587,-0.5309603747458962
20.0,22.0,1007.2840576171876,0.8248471979987532,0.378545962146015,-1.536386494166104,0.7942760321675701,-0.235728553135097,-0.1445304512400051,0.0297420731858932,-2.4658308594713407,0.3028287405122731,-0.5447936440754229
20.0,22.0,1007.3086547851562,0.8211239234702191,0.3938655471825989,0.0539215533029864,2.7341165932358784,0.603436406622871,-0.5847279110677088,-0.836996512047562,-2.084414664088778,0.4281145865948155,1.0287777922051375
20.0,22.0,1007.3275146484376,0.8244933525227314,0.1717593457825232,-2.2961582309984863,-0.1117747433722192,0.5223638011918951,-0.5870126990580966,0.0418393674475338,-0.6477417940410443,-0.9398010045831928,-0.6134184726840497
20.0,22.0,1007.3304443359376,0.8326146541974787,0.3916522627781149,-0.6883381176576826,-0.113356085749311,0.6732432739563268,-0.5855977708368116,0.0114389844597583,-0.3693102196768482,0.3853479262520289,0.9660204797432758
20.0,22.0,1007.3433227539062,1.830054197229731,0.3823502166868449,-1.4830131982379038,0.7764914759895085,0.7823025624818977,-0.1025097463238117,-0.0372080160809548,-2.601205513634973,-0.2438803824790665,0.9860427330432204
20.0,22.0,1007.3433227539062,1.830054197229731,0.3823502166868449,-1.4830131982379038,0.7764914759895085,0.7823025624818977,-0.1025097463238117,-0.0372080160809548,-2.601205513634973,-0.2438803824790665,0.9860427330432204
20.0,23.0,1003.4501953125,0.8244933525227314,0.1717593457825232,-2.378357160883819,-0.0311909432060103,0.5201670551719506,-0.572020629403561,0.1201970601601191,-0.6215705967146201,-0.9274745739175644,-0.4297577406009585
20.0,23.0,1004.394287109375,0.8244933525227314,0.3092006424744691,-0.7666065069418815,0.2274476322568783,0.6626366114513702,-0.5869722179086249,0.0373165915964165,-0.6460547710623075,0.3788263466435764,0.9709143587033844
20.0,23.0,1004.5084838867188,0.8261218770308434,0.1717593457825232,-1.3073300690109348,-0.113356085749311,0.5609128142730455,-1.0708044882888972,0.039333814965403,-0.6460547710623075,0.8247340719018256,0.9709143587033844
20.0,23.0,1004.654052734375,0.6072983725661711,0.3923821953948915,-1.021512361749489,0.7774092762061562,0.6734398052945179,-0.5870127884190043,-0.3444424732940662,-0.3390239645658489,0.3856882756312429,0.3754745883264547
20.0,23.0,1004.654052734375,0.6072983725661711,0.3923821953948915,-1.021512361749489,0.7774092762061562,0.6734398052945179,-0.5870127884190043,-0.3444424732940662,-0.3390239645658489,0.3856882756312429,0.3754745883264547
20.0,23.0,1004.91748046875,0.8073720772112248,0.2573706402104556,-0.725533960740095,0.772332213638295,-0.3397635862683256,-0.5884686776078901,0.0420377894815063,-2.0742454307655187,-0.2791847824617789,0.8862657661814015
20.0,23.0,1005.2549438476562,0.8244933525227314,0.1717593457825232,-1.3073300690109348,-0.113356085749311,0.6626366114513702,-0.5869722179086249,0.0373165915964165,-0.6460547710623075,0.3788263466435764,0.9709143587033844
20.0,23.0,1005.2549438476562,0.8244933525227314,0.1717593457825232,-1.3073300690109348,-0.113356085749311,0.6626366114513702,-0.5869722179086249,0.0373165915964165,-0.6460547710623075,0.3788263466435764,0.9709143587033844
20.0,23.0,1005.2549438476562,0.8244933525227314,0.1717593457825232,-1.3073300690109348,-0.113356085749311,0.6626366114513702,-0.5869722179086249,0.0373165915964165,-0.6460547710623075,0.3788263466435764,0.9709143587033844
20.0,23.0,1005.2549438476562,0.8244933525227314,0.1717593457825232,-1.3073300690109348,-0.113356085749311,0.6626366114513702,-0.5869722179086249,0.0373165915964165,-0.6460547710623075,0.3788263466435764,0.9709143587033844
20.0,23.0,1005.3701171875,0.8326949900304073,0.1717593457825232,-1.3073300690109348,-0.113356085749311,0.6626366114513702,-0.5869722179086249,0.0403575393860011,-0.3633400828154481,0.3788263466435764,0.9709143587033844
20.0,23.0,1005.3826293945312,0.8244933525227314,0.1717593457825232,-1.3073300690109348,-0.113356085749311,0.6626366114513702,-0.5876427302037599,0.0373165915964165,-0.6460547710623075,0.3788263466435764,0.9709143587033844
20.0,23.0,1005.459716796875,0.8255966460771316,0.3084985823304348,-0.6886408703065109,0.77779709016125,0.6626366114513702,-0.5869722179086249,0.1290434242748969,-0.6460547710623075,0.3788263466435764,0.9772617190512042
20.0,23.0,1005.5066528320312,0.6055475248077435,0.3923821953948915,-0.7021448358751979,0.7774092762061562,0.6734398052945179,-0.5856701814751614,-0.3444424732940662,-0.3390239645658489,0.3856882756312429,0.3845151788423647
20.0,23.0,1005.5228271484376,0.8244933525227314,0.1717593457825232,-2.3453662525173087,-0.0311909432060103,0.5223638011918951,-0.5864206279208836,0.1201970601601191,-0.6215705967146201,-0.9398010045831928,-0.4504771852526287
20.0,23.0,1005.625732421875,0.8247492372627949,0.3821521005716593,-1.5367522886503835,0.7942760321675701,-0.235728553135097,-0.1025097463238117,-0.5694503632001859,-2.4658308594713407,0.3048371755107132,-0.5434986396644748
20.0,23.0,1005.6463012695312,0.8261344178969553,0.1717593457825232,-1.3073300690109348,-0.0918021668515007,0.664881729766114,-0.5869722179086249,0.0395352206477233,-0.6460547710623075,0.3788263466435764,1.5017432088709963
20.0,23.0,1005.7532958984376,0.8247492372627949,0.3821521005716593,-1.536386494166104,0.7942760321675701,-0.235728553135097,-0.1025097463238117,-0.5694503632001859,-2.4658308594713407,0.3048371755107132,-0.5447936440754229
20.0,23.0,1005.7532958984376,0.8247492372627949,0.3821521005716593,-1.536386494166104,0.7942760321675701,-0.235728553135097,-0.1025097463238117,-0.5694503632001859,-2.4658308594713407,0.3048371755107132,-0.5447936440754229
20.0,23.0,1005.7532958984376,0.8247492372627949,0.3821521005716593,-1.536386494166104,0.7942760321675701,-0.235728553135097,-0.1025097463238117,-0.5694503632001859,-2.4658308594713407,0.3048371755107132,-0.5447936440754229
20.0,23.0,1005.9254150390624,0.8244933525227314,0.3836208157949277,-1.3073300690109348,-0.113356085749311,0.6626366114513702,-1.1675233052321108,0.2971198421114603,-0.6460547710623075,0.3788263466435764,0.9864228670108546
20.0,23.0,1005.9423217773438,0.8238723770997073,0.4117173859078752,-1.2530597022466698,-0.113356085749311,0.5486370879196263,-0.5811938624658931,-0.3566746453632695,-0.6460547710623075,0.8247340719018256,0.9709143587033844
20.0,23.0,1006.1514892578124,0.8244933525227314,0.1717593457825232,-2.387045495730254,-0.0311909432060103,0.5223638011918951,-0.572020629403561,0.1201970601601191,-0.6215705967146201,-0.9274745739175644,-0.4297577406009585
20.0,23.0,1006.1631469726562,0.8244922469256847,0.2295588099634578,-1.5337169727715705,0.7942760321675701,-0.235728553135097,-0.5455461092673117,-0.5694503632001859,-2.4658308594713407,0.3048371755107132,-0.5337760130879955
20.0,23.0,1006.21533203125,0.8244922469256847,0.2295588099634578,-1.5333511782872913,0.7942760321675701,-0.235728553135097,-0.5455461092673117,-0.5694503632001859,-2.4658308594713407,0.3048371755107132,-0.5350710174989435
20.0,23.0,1006.2246704101562,0.8121663304311524,0.3774632758121513,-1.5422095817189805,-0.0845720231463424,0.6666352684208214,-0.5472848257078238,-0.5487055551109077,-2.0362503967310968,-0.2606501821704845,1.046489992706726
20.0,23.0,1006.2874755859376,0.8244947322649876,-0.1618621720116635,-0.7111410082595072,-0.1093631625140587,0.6626366114513702,-0.5869389777864995,0.0369217114327639,-0.6460547710623075,0.3788263466435764,1.1200317331252738
20.0,23.0,1006.33251953125,0.8247492372627949,0.3819692459861855,-1.536199013183771,0.7786874475042805,-0.235728553135097,-0.1025097463238117,-0.5694503632001859,-0.8232791618762993,0.3048371755107132,-0.4312681995042405
20.0,23.0,1006.3716430664062,0.8244910777761938,0.1717593457825232,-1.3073300690109348,-0.0918021668515007,0.6626366114513702,-0.5869722179086249,0.0270720100424384,-0.6460547710623075,0.3788263466435764,1.5017432088709963
20.0,23.0,1006.3768920898438,0.8244933525227314,0.1717593457825232,-2.880566019332905,0.7477827228625991,0.6626366114513702,-0.5869722179086249,0.0373165915964165,-0.6460547710623075,0.5366411523139829,0.9709143587033844
20.0,23.0,1006.3768920898438,0.8244933525227314,0.1717593457825232,-2.880566019332905,0.7477827228625991,0.6626366114513702,-0.5869722179086249,0.0373165915964165,-0.6460547710623075,0.5366411523139829,0.9709143587033844
20.0,23.0,1006.38623046875,1.4254388218608751,0.2292745807411469,-2.3558853567734754,2.7341165932358784,-0.674424375530223,-2.325094919021935,-0.1346003706931446,-2.5047362015268586,-2.130515361565326,-0.5108043848467153
20.0,23.0,1006.38623046875,1.4254388218608751,0.2292745807411469,-2.3558853567734754,2.7341165932358784,-0.674424375530223,-2.325094919021935,-0.1346003706931446,-2.5047362015268586,-2.130515361565326,-0.5108043848467153
20.0,23.0,1006.6414184570312,0.8244933525227314,0.1717593457825232,-1.3629016380603691,-0.0311909432060103,0.5223638011918951,-0.572020629403561,0.3583475631685798,-0.6215705967146201,-0.9274745739175644,0.9750839186051712
20.0,23.0,1006.7348022460938,0.8073720772112248,0.2721352608167982,-0.7874050329380152,0.7784583665740065,-0.3397635862683256,-0.5884686776078901,0.0420377894815063,-2.0742454307655187,0.382992574875008,0.8862657661814015
20.0,23.0,1006.7808837890624,0.8244933525227314,0.3084985823304348,-0.688709070382713,0.7774092762061562,0.6626366114513702,-0.5869722179086249,0.1290434242748969,-0.6460547710623075,0.3788263466435764,0.9739173364902188
20.0,23.0,1006.7808837890624,0.8244933525227314,0.3084985823304348,-0.688709070382713,0.7774092762061562,0.6626366114513702,-0.5869722179086249,0.1290434242748969,-0.6460547710623075,0.3788263466435764,0.9739173364902188
20.0,23.0,1006.7955932617188,0.8073720772112248,0.2573706402104556,-0.725533960740095,0.772332213638295,-0.5802622167613379,-0.5884686776078901,0.0420377894815063,-2.0742454307655187,-0.2791847824617789,0.8862657661814015
20.0,23.0,1006.7955932617188,0.8073720772112248,0.2573706402104556,-0.725533960740095,0.772332213638295,-0.5802622167613379,-0.5884686776078901,0.0420377894815063,-2.0742454307655187,-0.2791847824617789,0.8862657661814015
20.0,23.0,1006.8158569335938,0.6072983725661711,0.3923821953948915,-1.021512361749489,0.7774092762061562,0.6623236715696011,-0.5870160735292844,-0.3424782603430207,-0.3437775915771398,0.3856882756312429,0.3718126819448804
20.0,23.0,1006.8295288085938,0.832597029294449,0.1753654842081675,-1.3073300690109348,-0.113356085749311,0.6626366114513702,-0.5449515129924314,-0.558834897000078,-0.3633400828154481,0.3808347816420164,0.9709143587033844
20.0,23.0,1006.8314819335938,0.661192301676712,0.2566045247415746,-2.197129427560397,2.1461768810538766,0.6626366114513702,-0.5869722179086249,0.0262953874422077,-0.6460547710623075,0.3788263466435764,0.897388952722425
20.0,23.0,1006.8314819335938,0.661192301676712,0.2566045247415746,-2.197129427560397,2.1461768810538766,0.6626366114513702,-0.5869722179086249,0.0262953874422077,-0.6460547710623075,0.3788263466435764,0.897388952722425
20.0,23.0,1006.8610229492188,0.6537040275249333,0.2573706402104556,-2.297799988751958,0.639744696042776,-0.0601748300494619,-0.5884686776078901,0.0260597473428236,-2.7577105285701813,0.0182625434492329,0.8862657661814015
20.0,23.0,1006.8757934570312,0.8244922469256847,0.7258504203896945,0.4339848783570779,0.7929105539437645,0.7099062639710212,-0.5455461092673117,0.0225979621214986,-2.4658308594713407,0.3048371755107132,0.3245883927274772
20.0,23.0,1006.9166870117188,0.6072983725661711,0.3923821953948915,-1.021512361749489,0.7774092762061562,0.6734398052945179,-0.5870127884190043,-0.3444424732940662,-0.3390239645658489,0.3856882756312429,0.5589753939234459
20.0,23.0,1006.953857421875,0.8211239234702191,0.1813715317112406,0.0539215533029864,2.7341165932358784,0.603436406622871,-0.5847279110677088,-0.836996512047562,-0.5626717942130341,-0.9180515068211236,1.1165775805532343
20.0,23.0,1006.9765625,0.6013610425302578,0.2158288218950671,-0.7021448358751979,0.7774092762061562,0.6734398052945179,-0.5856701814751614,-0.3444424732940662,-2.429752272452649,0.8155296422231773,0.3563965986782965
20.0,23.0,1006.9765625,0.6013610425302578,0.2158288218950671,-0.7021448358751979,0.7774092762061562,0.6734398052945179,-0.5856701814751614,-0.3444424732940662,-2.429752272452649,0.8155296422231773,0.3563965986782965
20.0,23.0,1007.225341796875,0.8124774375901017,0.3774632758121513,-1.5422095817189805,0.7764914759895085,0.7823025624818977,-0.1025097463238117,-0.0372080160809548,-2.0362503967310968,-0.2438803824790665,1.046489992706726
20.0,24.0,1003.4501953125,0.8244933525227314,0.1717593457825232,-2.378357160883819,-0.0311909432060103,0.5201670551719506,-0.572020629403561,0.1201970601601191,-0.6215705967146201,-0.9274745739175644,-0.4297577406009585
20.0,24.0,1004.394287109375,0.8244933525227314,0.3092006424744691,-0.7666065069418815,0.2274476322568783,0.6626366114513702,-0.5869722179086249,0.0373165915964165,-0.6460547710623075,0.3788263466435764,0.9709143587033844
20.0,24.0,1004.5084838867188,0.8261218770308434,0.1717593457825232,-1.3073300690109348,-0.113356085749311,0.5609128142730455,-1.0708044882888972,0.039333814965403,-0.6460547710623075,0.8247340719018256,0.9709143587033844
20.0,24.0,1004.654052734375,0.6072983725661711,0.3923821953948915,-1.021512361749489,0.7774092762061562,0.6734398052945179,-0.5870127884190043,-0.3444424732940662,-0.3390239645658489,0.3856882756312429,0.3754745883264547
20.0,24.0,1004.654052734375,0.6072983725661711,0.3923821953948915,-1.021512361749489,0.7774092762061562,0.6734398052945179,-0.5870127884190043,-0.3444424732940662,-0.3390239645658489,0.3856882756312429,0.3754745883264547
20.0,24.0,1004.91748046875,0.8073720772112248,0.2573706402104556,-0.725533960740095,0.772332213638295,-0.3397635862683256,-0.5884686776078901,0.0420377894815063,-2.0742454307655187,-0.2791847824617789,0.8862657661814015
20.0,24.0,1005.0564575195312,0.8265976409803238,0.3978217251440722,-0.7021448358751979,0.7774092762061562,0.6473013779839514,-0.5445044681839697,-0.3388805491436845,-0.3390239645658489,0.3856882756312429,0.7196192523185432
20.0,24.0,1005.2549438476562,0.8244933525227314,0.1717593457825232,-1.3073300690109348,-0.113356085749311,0.6626366114513702,-0.5869722179086249,0.0373165915964165,-0.6460547710623075,0.3788263466435764,0.9709143587033844
20.0,24.0,1005.2549438476562,0.8244933525227314,0.1717593457825232,-1.3073300690109348,-0.113356085749311,0.6626366114513702,-0.5869722179086249,0.0373165915964165,-0.6460547710623075,0.3788263466435764,0.9709143587033844
20.0,24.0,1005.2549438476562,0.8244933525227314,0.1717593457825232,-1.3073300690109348,-0.113356085749311,0.6626366114513702,-0.5869722179086249,0.0373165915964165,-0.6460547710623075,0.3788263466435764,0.9709143587033844
20.0,24.0,1005.2549438476562,0.8244933525227314,0.1717593457825232,-1.3073300690109348,-0.113356085749311,0.6626366114513702,-0.5869722179086249,0.0373165915964165,-0.6460547710623075,0.3788263466435764,0.9709143587033844
20.0,24.0,1005.3701171875,0.8326949900304073,0.1717593457825232,-1.3073300690109348,-0.113356085749311,0.6626366114513702,-0.5869722179086249,0.0403575393860011,-0.3633400828154481,0.3788263466435764,0.9709143587033844
20.0,24.0,1005.3728637695312,0.8326949900304073,0.1717593457825232,-1.3073300690109348,-0.113356085749311,0.6626366114513702,-0.5869722179086249,0.0403235485965147,-0.3633400828154481,0.3788263466435764,0.9709143587033844
20.0,24.0,1005.3826293945312,0.8244933525227314,0.1717593457825232,-1.3073300690109348,-0.113356085749311,0.6626366114513702,-0.5876427302037599,0.0373165915964165,-0.6460547710623075,0.3788263466435764,0.9709143587033844
20.0,24.0,1005.459716796875,0.8255966460771316,0.3084985823304348,-0.6886408703065109,0.77779709016125,0.6626366114513702,-0.5869722179086249,0.1290434242748969,-0.6460547710623075,0.3788263466435764,0.9772617190512042
20.0,24.0,1005.4873046875,0.9579542607793744,0.1717593457825232,-1.3073300690109348,-0.113356085749311,0.6626366114513702,-0.5869722179086249,0.037350582385903,-0.6460547710623075,0.3788263466435764,0.9709143587033844
20.0,24.0,1005.5066528320312,0.6055475248077435,0.3923821953948915,-0.7021448358751979,0.7774092762061562,0.6734398052945179,-0.5856701814751614,-0.3444424732940662,-0.3390239645658489,0.3856882756312429,0.3845151788423647
20.0,24.0,1005.5228271484376,0.8244933525227314,0.1717593457825232,-2.3453662525173087,-0.0311909432060103,0.5223638011918951,-0.5864206279208836,0.1201970601601191,-0.6215705967146201,-0.9398010045831928,-0.4504771852526287
20.0,24.0,1005.625732421875,0.8247492372627949,0.3821521005716593,-1.5367522886503835,0.7942760321675701,-0.235728553135097,-0.1025097463238117,-0.5694503632001859,-2.4658308594713407,0.3048371755107132,-0.5434986396644748
20.0,24.0,1005.6463012695312,0.8261344178969553,0.1717593457825232,-1.3073300690109348,-0.0918021668515007,0.664881729766114,-0.5869722179086249,0.0395352206477233,-0.6460547710623075,0.3788263466435764,1.5017432088709963
20.0,24.0,1005.7532958984376,0.8247492372627949,0.3821521005716593,-1.536386494166104,0.7942760321675701,-0.235728553135097,-0.1025097463238117,-0.5694503632001859,-2.4658308594713407,0.3048371755107132,-0.5447936440754229
20.0,24.0,1005.7532958984376,0.8247492372627949,0.3821521005716593,-1.536386494166104,0.7942760321675701,-0.235728553135097,-0.1025097463238117,-0.5694503632001859,-2.4658308594713407,0.3048371755107132,-0.5447936440754229
20.0,24.0,1005.7532958984376,0.8247492372627949,0.3821521005716593,-1.536386494166104,0.7942760321675701,-0.235728553135097,-0.1025097463238117,-0.5694503632001859,-2.4658308594713407,0.3048371755107132,-0.5447936440754229
20.0,24.0,1005.8312377929688,0.8325214362471487,0.1717593457825232,-1.274584158036832,-0.0330502491055415,0.6626366114513702,-0.5869722179086249,0.1238817498813123,-0.3633400828154481,0.3727033007546854,0.7515300882346037
20.0,24.0,1005.9254150390624,0.8244933525227314,0.3836208157949277,-1.3073300690109348,-0.113356085749311,0.6626366114513702,-1.1675233052321108,0.2971198421114603,-0.6460547710623075,0.3788263466435764,0.9864228670108546
20.0,24.0,1005.9423217773438,0.8238723770997073,0.4117173859078752,-1.2530597022466698,-0.113356085749311,0.5486370879196263,-0.5811938624658931,-0.3566746453632695,-0.6460547710623075,0.8247340719018256,0.9709143587033844
20.0,24.0,1006.1514892578124,0.8244933525227314,0.1717593457825232,-2.387045495730254,-0.0311909432060103,0.5223638011918951,-0.572020629403561,0.1201970601601191,-0.6215705967146201,-0.9274745739175644,-0.4297577406009585
20.0,24.0,1006.1631469726562,0.8244922469256847,0.2295588099634578,-1.5337169727715705,0.7942760321675701,-0.235728553135097,-0.5455461092673117,-0.5694503632001859,-2.4658308594713407,0.3048371755107132,-0.5337760130879955
20.0,24.0,1006.1981201171876,0.8244473583521498,0.4117173859078752,-1.255436989648751,-0.113356085749311,0.5486370879196263,-0.581087843076442,-0.3524615643438659,-0.6460547710623075,0.3887790837219963,0.9709143587033844
20.0,24.0,1006.21533203125,0.8244922469256847,0.2295588099634578,-1.5333511782872913,0.7942760321675701,-0.235728553135097,-0.5455461092673117,-0.5694503632001859,-2.4658308594713407,0.3048371755107132,-0.5350710174989435
20.0,24.0,1006.2246704101562,0.8121663304311524,0.3774632758121513,-1.5422095817189805,-0.0845720231463424,0.6666352684208214,-0.5472848257078238,-0.5487055551109077,-2.0362503967310968,-0.2606501821704845,1.046489992706726
20.0,24.0,1006.2874755859376,0.8244947322649876,-0.1618621720116635,-0.7111410082595072,-0.1093631625140587,0.6626366114513702,-0.5869389777864995,0.0369217114327639,-0.6460547710623075,0.3788263466435764,1.1200317331252738
20.0,24.0,1006.33251953125,0.8247492372627949,0.3819692459861855,-1.536199013183771,0.7786874475042805,-0.235728553135097,-0.1025097463238117,-0.5694503632001859,-0.8232791618762993,0.3048371755107132,-0.4312681995042405
20.0,24.0,1006.3716430664062,0.8244910777761938,0.1717593457825232,-1.3073300690109348,-0.0918021668515007,0.6626366114513702,-0.5869722179086249,0.0270720100424384,-0.6460547710623075,0.3788263466435764,1.5017432088709963
20.0,24.0,1006.3768920898438,0.8244933525227314,0.1717593457825232,-2.880566019332905,0.7477827228625991,0.6626366114513702,-0.5869722179086249,0.0373165915964165,-0.6460547710623075,0.5366411523139829,0.9709143587033844
20.0,24.0,1006.3768920898438,0.8244933525227314,0.1717593457825232,-2.880566019332905,0.7477827228625991,0.6626366114513702,-0.5869722179086249,0.0373165915964165,-0.6460547710623075,0.5366411523139829,0.9709143587033844
20.0,24.0,1006.38623046875,1.4254388218608751,0.2292745807411469,-2.3558853567734754,2.7341165932358784,-0.674424375530223,-2.325094919021935,-0.1346003706931446,-2.5047362015268586,-2.130515361565326,-0.5108043848467153
20.0,24.0,1006.38623046875,1.4254388218608751,0.2292745807411469,-2.3558853567734754,2.7341165932358784,-0.674424375530223,-2.325094919021935,-0.1346003706931446,-2.5047362015268586,-2.130515361565326,-0.5108043848467153
20.0,24.0,1006.441162109375,0.8261304496439432,0.1717593457825232,-1.3073300690109348,-0.0918021668515007,0.6649321499089187,-0.5869722179086249,0.0395352206477233,-0.6460547710623075,0.3788263466435764,1.4866992824304757
20.0,24.0,1006.6414184570312,0.8244933525227314,0.1717593457825232,-1.3629016380603691,-0.0311909432060103,0.5223638011918951,-0.572020629403561,0.3583475631685798,-0.6215705967146201,-0.9274745739175644,0.9750839186051712
20.0,24.0,1006.7348022460938,0.8073720772112248,0.2721352608167982,-0.7874050329380152,0.7784583665740065,-0.3397635862683256,-0.5884686776078901,0.0420377894815063,-2.0742454307655187,0.382992574875008,0.8862657661814015
20.0,24.0,1006.7808837890624,0.8244933525227314,0.3084985823304348,-0.688709070382713,0.7774092762061562,0.6626366114513702,-0.5869722179086249,0.1290434242748969,-0.6460547710623075,0.3788263466435764,0.9739173364902188
20.0,24.0,1006.7808837890624,0.8244933525227314,0.3084985823304348,-0.688709070382713,0.7774092762061562,0.6626366114513702,-0.5869722179086249,0.1290434242748969,-0.6460547710623075,0.3788263466435764,0.9739173364902188
20.0,24.0,1006.78125,0.8261218770308434,0.1590265699520748,-1.3073300690109348,-0.113356085749311,0.5609128142730455,-1.0708044882888972,0.039333814965403,-0.6460547710623075,0.8247340719018256,0.3655651078952673
20.0,24.0,1006.7955932617188,0.8073720772112248,0.2573706402104556,-0.725533960740095,0.772332213638295,-0.5802622167613379,-0.5884686776078901,0.0420377894815063,-2.0742454307655187,-0.2791847824617789,0.8862657661814015
20.0,24.0,1006.7955932617188,0.8073720772112248,0.2573706402104556,-0.725533960740095,0.772332213638295,-0.5802622167613379,-0.5884686776078901,0.0420377894815063,-2.0742454307655187,-0.2791847824617789,0.8862657661814015
20.0,24.0,1006.8158569335938,0.6072983725661711,0.3923821953948915,-1.021512361749489,0.7774092762061562,0.6623236715696011,-0.5870160735292844,-0.3424782603430207,-0.3437775915771398,0.3856882756312429,0.3718126819448804
20.0,24.0,1006.8295288085938,0.832597029294449,0.1753654842081675,-1.3073300690109348,-0.113356085749311,0.6626366114513702,-0.5449515129924314,-0.558834897000078,-0.3633400828154481,0.3808347816420164,0.9709143587033844
20.0,24.0,1006.8314819335938,0.661192301676712,0.2566045247415746,-2.197129427560397,2.1461768810538766,0.6626366114513702,-0.5869722179086249,0.0262953874422077,-0.6460547710623075,0.3788263466435764,0.897388952722425
20.0,24.0,1006.8314819335938,0.661192301676712,0.2566045247415746,-2.197129427560397,2.1461768810538766,0.6626366114513702,-0.5869722179086249,0.0262953874422077,-0.6460547710623075,0.3788263466435764,0.897388952722425
20.0,25.0,1003.4501953125,0.8244933525227314,0.1717593457825232,-2.378357160883819,-0.0311909432060103,0.5201670551719506,-0.572020629403561,0.1201970601601191,-0.6215705967146201,-0.9274745739175644,-0.4297577406009585
20.0,25.0,1003.5810546875,0.8350555799486116,0.3821521005716593,-1.0540010089174547,0.7947900288505778,0.6944704802618079,-0.6131761605871592,-0.5694503632001859,-2.4658308594713407,0.3057271138160076,-0.5720382601594445
20.0,25.0,1004.1485595703124,0.8261218770308434,0.209425812291895,-1.3073300690109348,-0.113356085749311,0.5609128142730455,-1.0708044882888972,0.039333814965403,-0.6460547710623075,0.8247340719018256,0.9709143587033844
20.0,25.0,1004.2332153320312,0.8266213622282398,0.3978217251440722,-0.6858788078817581,0.7774092762061562,0.6476693938772413,-0.5423086153393578,-0.339086087687028,-0.3390239645658489,0.3856882756312429,0.7196192523185432
20.0,25.0,1004.2783203125,0.8327134567225599,0.1717593457825232,-1.3073300690109348,-0.113356085749311,0.6626366114513702,-0.5869722179086249,0.0373165915964165,-0.3682548402439464,0.3788263466435764,0.9709143587033844
20.0,25.0,1004.394287109375,0.8244933525227314,0.3092006424744691,-0.7666065069418815,0.2274476322568783,0.6626366114513702,-0.5869722179086249,0.0373165915964165,-0.6460547710623075,0.3788263466435764,0.9709143587033844
20.0,25.0,1004.5084838867188,0.8261218770308434,0.1717593457825232,-1.3073300690109348,-0.113356085749311,0.5609128142730455,-1.0708044882888972,0.039333814965403,-0.6460547710623075,0.8247340719018256,0.9709143587033844
20.0,25.0,1004.654052734375,0.6072983725661711,0.3923821953948915,-1.021512361749489,0.7774092762061562,0.6734398052945179,-0.5870127884190043,-0.3444424732940662,-0.3390239645658489,0.3856882756312429,0.3754745883264547
20.0,25.0,1004.654052734375,0.6072983725661711,0.3923821953948915,-1.021512361749489,0.7774092762061562,0.6734398052945179,-0.5870127884190043,-0.3444424732940662,-0.3390239645658489,0.3856882756312429,0.3754745883264547
20.0,25.0,1004.91748046875,0.8073720772112248,0.2573706402104556,-0.725533960740095,0.772332213638295,-0.3397635862683256,-0.5884686776078901,0.0420377894815063,-2.0742454307655187,-0.2791847824617789,0.8862657661814015
20.0,25.0,1004.91748046875,0.8073720772112248,0.2573706402104556,-0.725533960740095,0.772332213638295,-0.3397635862683256,-0.5884686776078901,0.0420377894815063,-2.0742454307655187,-0.2791847824617789,0.8862657661814015
20.0,25.0,1005.0564575195312,0.8265976409803238,0.3978217251440722,-0.7021448358751979,0.7774092762061562,0.6473013779839514,-0.5445044681839697,-0.3388805491436845,-0.3390239645658489,0.3856882756312429,0.7196192523185432
20.0,25.0,1005.2549438476562,0.8244933525227314,0.1717593457825232,-1.3073300690109348,-0.113356085749311,0.6626366114513702,-0.5869722179086249,0.0373165915964165,-0.6460547710623075,0.3788263466435764,0.9709143587033844
20.0,25.0,1005.2549438476562,0.8244933525227314,0.1717593457825232,-1.3073300690109348,-0.113356085749311,0.6626366114513702,-0.5869722179086249,0.0373165915964165,-0.6460547710623075,0.3788263466435764,0.9709143587033844
20.0,25.0,1005.2549438476562,0.8244933525227314,0.1717593457825232,-1.3073300690109348,-0.113356085749311,0.6626366114513702,-0.5869722179086249,0.0373165915964165,-0.6460547710623075,0.3788263466435764,0.9709143587033844
20.0,25.0,1005.2549438476562,0.8244933525227314,0.1717593457825232,-1.3073300690109348,-0.113356085749311,0.6626366114513702,-0.5869722179086249,0.0373165915964165,-0.6460547710623075,0.3788263466435764,0.9709143587033844
20.0,25.0,1005.2549438476562,0.8244933525227314,0.1717593457825232,-1.3073300690109348,-0.113356085749311,0.6626366114513702,-0.5869722179086249,0.0373165915964165,-0.6460547710623075,0.3788263466435764,0.9709143587033844
20.0,25.0,1005.3701171875,0.8326949900304073,0.1717593457825232,-1.3073300690109348,-0.113356085749311,0.6626366114513702,-0.5869722179086249,0.0403575393860011,-0.3633400828154481,0.3788263466435764,0.9709143587033844
20.0,25.0,1005.3728637695312,0.8326949900304073,0.1717593457825232,-1.3073300690109348,-0.113356085749311,0.6626366114513702,-0.5869722179086249,0.0403235485965147,-0.3633400828154481,0.3788263466435764,0.9709143587033844
20.0,25.0,1005.3826293945312,0.8244933525227314,0.1717593457825232,-1.3073300690109348,-0.113356085749311,0.6626366114513702,-0.5876427302037599,0.0373165915964165,-0.6460547710623075,0.3788263466435764,0.9709143587033844
20.0,25.0,1005.459716796875,0.8255966460771316,0.3084985823304348,-0.6886408703065109,0.77779709016125,0.6626366114513702,-0.5869722179086249,0.1290434242748969,-0.6460547710623075,0.3788263466435764,0.9772617190512042
20.0,25.0,1005.4873046875,0.9579542607793744,0.1717593457825232,-1.3073300690109348,-0.113356085749311,0.6626366114513702,-0.5869722179086249,0.037350582385903,-0.6460547710623075,0.3788263466435764,0.9709143587033844
20.0,25.0,1005.5066528320312,0.6055475248077435,0.3923821953948915,-0.7021448358751979,0.7774092762061562,0.6734398052945179,-0.5856701814751614,-0.3444424732940662,-0.3390239645658489,0.3856882756312429,0.3845151788423647
20.0,25.0,1005.5228271484376,0.8244933525227314,0.1717593457825232,-2.3453662525173087,-0.0311909432060103,0.5223638011918951,-0.5864206279208836,0.1201970601601191,-0.6215705967146201,-0.9398010045831928,-0.4504771852526287
20.0,25.0,1005.5836791992188,0.8326949900304073,-0.0293274938324556,-1.3073300690109348,-0.113356085749311,0.6626366114513702,-0.5869722179086249,0.0403575393860011,-0.3633400828154481,0.4402474207091915,0.9709143587033844
20.0,25.0,1005.6102905273438,-0.6553004129134716,0.3923821953948915,-1.021512361749489,0.7774092762061562,0.6734398052945179,-0.5870127884190043,-0.3444424732940662,0.3992653000452494,0.3856882756312429,0.3754745883264547
20.0,25.0,1005.625732421875,0.8247492372627949,0.3821521005716593,-1.5367522886503835,0.7942760321675701,-0.235728553135097,-0.1025097463238117,-0.5694503632001859,-2.4658308594713407,0.3048371755107132,-0.5434986396644748
20.0,25.0,1005.6463012695312,0.8261344178969553,0.1717593457825232,-1.3073300690109348,-0.0918021668515007,0.664881729766114,-0.5869722179086249,0.0395352206477233,-0.6460547710623075,0.3788263466435764,1.5017432088709963
20.0,25.0,1005.7532958984376,0.8247492372627949,0.3821521005716593,-1.536386494166104,0.7942760321675701,-0.235728553135097,-0.1025097463238117,-0.5694503632001859,-2.4658308594713407,0.3048371755107132,-0.5447936440754229
20.0,25.0,1005.7532958984376,0.8247492372627949,0.3821521005716593,-1.536386494166104,0.7942760321675701,-0.235728553135097,-0.1025097463238117,-0.5694503632001859,-2.4658308594713407,0.3048371755107132,-0.5447936440754229
20.0,25.0,1005.7532958984376,0.8247492372627949,0.3821521005716593,-1.536386494166104,0.7942760321675701,-0.235728553135097,-0.1025097463238117,-0.5694503632001859,-2.4658308594713407,0.3048371755107132,-0.5447936440754229
20.0,25.0,1005.8218383789062,0.8340199486731928,0.1717593457825232,-1.3073300690109348,-0.113356085749311,0.6626366114513702,-0.5869722179086249,0.0403506559131185,-0.6659379417410035,0.3788263466435764,0.9709143587033844
20.0,25.0,1005.8312377929688,0.8325214362471487,0.1717593457825232,-1.274584158036832,-0.0330502491055415,0.6626366114513702,-0.5869722179086249,0.1238817498813123,-0.3633400828154481,0.3727033007546854,0.7515300882346037
20.0,25.0,1005.9254150390624,0.8244933525227314,0.3836208157949277,-1.3073300690109348,-0.113356085749311,0.6626366114513702,-1.1675233052321108,0.2971198421114603,-0.6460547710623075,0.3788263466435764,0.9864228670108546
20.0,25.0,1005.9423217773438,0.8238723770997073,0.4117173859078752,-1.2530597022466698,-0.113356085749311,0.5486370879196263,-0.5811938624658931,-0.3566746453632695,-0.6460547710623075,0.8247340719018256,0.9709143587033844
20.0,25.0,1006.1187133789062,0.8250361201753513,0.3821521005716593,-1.3156071155158058,0.7745509443509779,-0.1703629269795779,-0.5838626198273664,0.0260379682570204,-2.4658308594713407,0.3742893826415052,-0.5102208856103347
20.0,25.0,1006.1514892578124,0.8244933525227314,0.1717593457825232,-2.387045495730254,-0.0311909432060103,0.5223638011918951,-0.572020629403561,0.1201970601601191,-0.6215705967146201,-0.9274745739175644,-0.4297577406009585
20.0,25.0,1006.1631469726562,0.8244922469256847,0.2295588099634578,-1.5337169727715705,0.7942760321675701,-0.235728553135097,-0.5455461092673117,-0.5694503632001859,-2.4658308594713407,0.3048371755107132,-0.5337760130879955
20.0,25.0,1006.1981201171876,0.8244473583521498,0.4117173859078752,-1.255436989648751,-0.113356085749311,0.5486370879196263,-0.581087843076442,-0.3524615643438659,-0.6460547710623075,0.3887790837219963,0.9709143587033844
20.0,25.0,1006.21533203125,0.8244922469256847,0.2295588099634578,-1.5333511782872913,0.7942760321675701,-0.235728553135097,-0.5455461092673117,-0.5694503632001859,-2.4658308594713407,0.3048371755107132,-0.5350710174989435
20.0,25.0,1006.2246704101562,0.8121663304311524,0.3774632758121513,-1.5422095817189805,-0.0845720231463424,0.6666352684208214,-0.5472848257078238,-0.5487055551109077,-2.0362503967310968,-0.2606501821704845,1.046489992706726
20.0,25.0,1006.2874755859376,0.8244947322649876,-0.1618621720116635,-0.7111410082595072,-0.1093631625140587,0.6626366114513702,-0.5869389777864995,0.0369217114327639,-0.6460547710623075,0.3788263466435764,1.1200317331252738
20.0,25.0,1006.3075561523438,0.661192301676712,0.1782299352301389,-2.197129427560397,2.1461768810538766,0.5262600407208637,-0.5869722179086249,0.0218969693024719,-0.6451491566940483,0.3788263466435764,-0.4295895112742258
20.0,25.0,1006.33251953125,0.8247492372627949,0.3819692459861855,-1.536199013183771,0.7786874475042805,-0.235728553135097,-0.1025097463238117,-0.5694503632001859,-0.8232791618762993,0.3048371755107132,-0.4312681995042405
20.0,25.0,1006.3716430664062,0.8244910777761938,0.1717593457825232,-1.3073300690109348,-0.0918021668515007,0.6626366114513702,-0.5869722179086249,0.0270720100424384,-0.6460547710623075,0.3788263466435764,1.5017432088709963
20.0,25.0,1006.3768920898438,0.8244933525227314,0.1717593457825232,-2.880566019332905,0.7477827228625991,0.6626366114513702,-0.5869722179086249,0.0373165915964165,-0.6460547710623075,0.5366411523139829,0.9709143587033844
20.0,25.0,1006.3768920898438,0.8244933525227314,0.1717593457825232,-2.880566019332905,0.7477827228625991,0.6626366114513702,-0.5869722179086249,0.0373165915964165,-0.6460547710623075,0.5366411523139829,0.9709143587033844
20.0,25.0,1006.38623046875,1.4254388218608751,0.2292745807411469,-2.3558853567734754,2.7341165932358784,-0.674424375530223,-2.325094919021935,-0.1346003706931446,-2.5047362015268586,-2.130515361565326,-0.5108043848467153
20.0,25.0,1006.38623046875,1.4254388218608751,0.2292745807411469,-2.3558853567734754,2.7341165932358784,-0.674424375530223,-2.325094919021935,-0.1346003706931446,-2.5047362015268586,-2.130515361565326,-0.5108043848467153
20.0,25.0,1006.441162109375,0.8261304496439432,0.1717593457825232,-1.3073300690109348,-0.0918021668515007,0.6649321499089187,-0.5869722179086249,0.0395352206477233,-0.6460547710623075,0.3788263466435764,1.4866992824304757
20.0,26.0,1003.4501953125,0.8244933525227314,0.1717593457825232,-2.378357160883819,-0.0311909432060103,0.5201670551719506,-0.572020629403561,0.1201970601601191,-0.6215705967146201,-0.9274745739175644,-0.4297577406009585
20.0,26.0,1003.5810546875,0.8350555799486116,0.3821521005716593,-1.0540010089174547,0.7947900288505778,0.6944704802618079,-0.6131761605871592,-0.5694503632001859,-2.4658308594713407,0.3057271138160076,-0.5720382601594445
20.0,26.0,1004.1485595703124,0.8261218770308434,0.209425812291895,-1.3073300690109348,-0.113356085749311,0.5609128142730455,-1.0708044882888972,0.039333814965403,-0.6460547710623075,0.8247340719018256,0.9709143587033844
20.0,26.0,1004.2332153320312,0.8266213622282398,0.3978217251440722,-0.6858788078817581,0.7774092762061562,0.6476693938772413,-0.5423086153393578,-0.339086087687028,-0.3390239645658489,0.3856882756312429,0.7196192523185432
20.0,26.0,1004.2783203125,0.8327134567225599,0.1717593457825232,-1.3073300690109348,-0.113356085749311,0.6626366114513702,-0.5869722179086249,0.0373165915964165,-0.3682548402439464,0.3788263466435764,0.9709143587033844
20.0,26.0,1004.2783203125,0.8327134567225599,0.1717593457825232,-1.3073300690109348,-0.113356085749311,0.6626366114513702,-0.5869722179086249,0.0373165915964165,-0.3682548402439464,0.3788263466435764,0.9709143587033844
20.0,26.0,1004.3558349609376,0.8266213622282398,0.3978217251440722,-0.6912509852329187,0.7774092762061562,0.6476693938772413,-0.5423086153393578,-0.339086087687028,-0.3390239645658489,0.3856882756312429,0.7196192523185432
20.0,26.0,1004.394287109375,0.8244933525227314,0.3092006424744691,-0.7666065069418815,0.2274476322568783,0.6626366114513702,-0.5869722179086249,0.0373165915964165,-0.6460547710623075,0.3788263466435764,0.9709143587033844
20.0,26.0,1004.5084838867188,0.8261218770308434,0.1717593457825232,-1.3073300690109348,-0.113356085749311,0.5609128142730455,-1.0708044882888972,0.039333814965403,-0.6460547710623075,0.8247340719018256,0.9709143587033844
20.0,26.0,1004.654052734375,0.6072983725661711,0.3923821953948915,-1.021512361749489,0.7774092762061562,0.6734398052945179,-0.5870127884190043,-0.3444424732940662,-0.3390239645658489,0.3856882756312429,0.3754745883264547
20.0,26.0,1004.654052734375,0.6072983725661711,0.3923821953948915,-1.021512361749489,0.7774092762061562,0.6734398052945179,-0.5870127884190043,-0.3444424732940662,-0.3390239645658489,0.3856882756312429,0.3754745883264547
20.0,26.0,1004.91748046875,0.8073720772112248,0.2573706402104556,-0.725533960740095,0.772332213638295,-0.3397635862683256,-0.5884686776078901,0.0420377894815063,-2.0742454307655187,-0.2791847824617789,0.8862657661814015
20.0,26.0,1004.91748046875,0.8073720772112248,0.2573706402104556,-0.725533960740095,0.772332213638295,-0.3397635862683256,-0.5884686776078901,0.0420377894815063,-2.0742454307655187,-0.2791847824617789,0.8862657661814015
20.0,26.0,1005.0564575195312,0.8265976409803238,0.3978217251440722,-0.7021448358751979,0.7774092762061562,0.6473013779839514,-0.5445044681839697,-0.3388805491436845,-0.3390239645658489,0.3856882756312429,0.7196192523185432
20.0,26.0,1005.2549438476562,0.8244933525227314,0.1717593457825232,-1.3073300690109348,-0.113356085749311,0.6626366114513702,-0.5869722179086249,0.0373165915964165,-0.6460547710623075,0.3788263466435764,0.9709143587033844
20.0,26.0,1005.2549438476562,0.8244933525227314,0.1717593457825232,-1.3073300690109348,-0.113356085749311,0.6626366114513702,-0.5869722179086249,0.0373165915964165,-0.6460547710623075,0.3788263466435764,0.9709143587033844
20.0,26.0,1005.2549438476562,0.8244933525227314,0.1717593457825232,-1.3073300690109348,-0.113356085749311,0.6626366114513702,-0.5869722179086249,0.0373165915964165,-0.6460547710623075,0.3788263466435764,0.9709143587033844
20.0,26.0,1005.2549438476562,0.8244933525227314,0.1717593457825232,-1.3073300690109348,-0.113356085749311,0.6626366114513702,-0.5869722179086249,0.0373165915964165,-0.6460547710623075,0.3788263466435764,0.9709143587033844
20.0,26.0,1005.2549438476562,0.8244933525227314,0.1717593457825232,-1.3073300690109348,-0.113356085749311,0.6626366114513702,-0.5869722179086249,0.0373165915964165,-0.6460547710623075,0.3788263466435764,0.9709143587033844
20.0,26.0,1005.362548828125,0.8244976778801965,0.1646277919109964,-1.3073300690109348,-0.091607273777962,0.664881729766114,-0.5869722179086249,0.0406273106326,-0.6460547710623075,0.3788263466435764,0.9749029469133124
20.0,26.0,1005.3673095703124,0.8244791951910937,0.209425812291895,-1.3073300690109348,-0.113356085749311,0.5609128142730455,-1.0708044882888972,0.039333814965403,-0.6460547710623075,0.8247340719018256,0.9709143587033844
20.0,26.0,1005.3701171875,0.8326949900304073,0.1717593457825232,-1.3073300690109348,-0.113356085749311,0.6626366114513702,-0.5869722179086249,0.0403575393860011,-0.3633400828154481,0.3788263466435764,0.9709143587033844
20.0,26.0,1005.3728637695312,0.8326949900304073,0.1717593457825232,-1.3073300690109348,-0.113356085749311,0.6626366114513702,-0.5869722179086249,0.0403235485965147,-0.3633400828154481,0.3788263466435764,0.9709143587033844
20.0,26.0,1005.3826293945312,0.8244933525227314,0.1717593457825232,-1.3073300690109348,-0.113356085749311,0.6626366114513702,-0.5876427302037599,0.0373165915964165,-0.6460547710623075,0.3788263466435764,0.9709143587033844
20.0,26.0,1005.459716796875,0.8255966460771316,0.3084985823304348,-0.6886408703065109,0.77779709016125,0.6626366114513702,-0.5869722179086249,0.1290434242748969,-0.6460547710623075,0.3788263466435764,0.9772617190512042
20.0,26.0,1005.4873046875,0.9579542607793744,0.1717593457825232,-1.3073300690109348,-0.113356085749311,0.6626366114513702,-0.5869722179086249,0.037350582385903,-0.6460547710623075,0.3788263466435764,0.9709143587033844
20.0,26.0,1005.5066528320312,0.6055475248077435,0.3923821953948915,-0.7021448358751979,0.7774092762061562,0.6734398052945179,-0.5856701814751614,-0.3444424732940662,-0.3390239645658489,0.3856882756312429,0.3845151788423647
20.0,26.0,1005.5228271484376,0.8244933525227314,0.1717593457825232,-2.3453662525173087,-0.0311909432060103,0.5223638011918951,-0.5864206279208836,0.1201970601601191,-0.6215705967146201,-0.9398010045831928,-0.4504771852526287
20.0,26.0,1005.5836791992188,0.8326949900304073,-0.0293274938324556,-1.3073300690109348,-0.113356085749311,0.6626366114513702,-0.5869722179086249,0.0403575393860011,-0.3633400828154481,0.4402474207091915,0.9709143587033844
20.0,26.0,1005.5836791992188,0.8326949900304073,-0.0293274938324556,-1.3073300690109348,-0.113356085749311,0.6626366114513702,-0.5869722179086249,0.0403575393860011,-0.3633400828154481,0.4402474207091915,0.9709143587033844
20.0,26.0,1005.5836791992188,0.8326949900304073,-0.0293274938324556,-1.3073300690109348,-0.113356085749311,0.6626366114513702,-0.5869722179086249,0.0403575393860011,-0.3633400828154481,0.4402474207091915,0.9709143587033844
20.0,26.0,1005.6102905273438,-0.6553004129134716,0.3923821953948915,-1.021512361749489,0.7774092762061562,0.6734398052945179,-0.5870127884190043,-0.3444424732940662,0.3992653000452494,0.3856882756312429,0.3754745883264547
20.0,26.0,1005.625732421875,0.8247492372627949,0.3821521005716593,-1.5367522886503835,0.7942760321675701,-0.235728553135097,-0.1025097463238117,-0.5694503632001859,-2.4658308594713407,0.3048371755107132,-0.5434986396644748
20.0,26.0,1005.6463012695312,0.8261344178969553,0.1717593457825232,-1.3073300690109348,-0.0918021668515007,0.664881729766114,-0.5869722179086249,0.0395352206477233,-0.6460547710623075,0.3788263466435764,1.5017432088709963
20.0,26.0,1005.7532958984376,0.8247492372627949,0.3821521005716593,-1.536386494166104,0.7942760321675701,-0.235728553135097,-0.1025097463238117,-0.5694503632001859,-2.4658308594713407,0.3048371755107132,-0.5447936440754229
20.0,26.0,1005.7532958984376,0.8247492372627949,0.3821521005716593,-1.536386494166104,0.7942760321675701,-0.235728553135097,-0.1025097463238117,-0.5694503632001859,-2.4658308594713407,0.3048371755107132,-0.5447936440754229
20.0,26.0,1005.7532958984376,0.8247492372627949,0.3821521005716593,-1.536386494166104,0.7942760321675701,-0.235728553135097,-0.1025097463238117,-0.5694503632001859,-2.4658308594713407,0.3048371755107132,-0.5447936440754229
20.0,26.0,1005.76171875,0.8261218770308434,0.209425812291895,-1.3073300690109348,-0.113356085749311,0.5609128142730455,-1.0708044882888972,0.039333814965403,-0.6460547710623075,0.8247340719018256,1.1826024295100148
20.0,26.0,1005.8218383789062,0.8340199486731928,0.1717593457825232,-1.3073300690109348,-0.113356085749311,0.6626366114513702,-0.5869722179086249,0.0403506559131185,-0.6659379417410035,0.3788263466435764,0.9709143587033844
20.0,26.0,1005.8312377929688,0.8325214362471487,0.1717593457825232,-1.274584158036832,-0.0330502491055415,0.6626366114513702,-0.5869722179086249,0.1238817498813123,-0.3633400828154481,0.3727033007546854,0.7515300882346037
20.0,26.0,1005.922119140625,0.8261360343624811,0.1717593457825232,-1.3073300690109348,-0.113356085749311,0.6626366114513702,-0.5869722179086249,0.0373165915964165,-0.6460547710623075,0.3788263466435764,0.9709143587033844
20.0,26.0,1005.9254150390624,0.8244933525227314,0.3836208157949277,-1.3073300690109348,-0.113356085749311,0.6626366114513702,-1.1675233052321108,0.2971198421114603,-0.6460547710623075,0.3788263466435764,0.9864228670108546
20.0,26.0,1005.9423217773438,0.8238723770997073,0.4117173859078752,-1.2530597022466698,-0.113356085749311,0.5486370879196263,-0.5811938624658931,-0.3566746453632695,-0.6460547710623075,0.8247340719018256,0.9709143587033844
20.0,26.0,1005.95703125,0.8244933525227314,0.3986158665895797,-1.3073300690109348,0.7689208383399802,0.6630532359056104,-0.88193511361822,-0.3497266136709352,-0.6460547710623075,0.3856589678028608,0.9709143587033844
20.0,26.0,1006.0596313476562,0.8265976409803238,0.3822126399365018,-0.372259753043623,0.7774092762061562,0.663054212373587,-0.5458356969871605,0.039436679265958,-1.2841267573873294,0.385745659531262,0.7196192523185432
20.0,26.0,1006.1187133789062,0.8250361201753513,0.3821521005716593,-1.3156071155158058,0.7745509443509779,-0.1703629269795779,-0.5838626198273664,0.0260379682570204,-2.4658308594713407,0.3742893826415052,-0.5102208856103347
20.0,26.0,1006.1514892578124,0.8244933525227314,0.1717593457825232,-2.387045495730254,-0.0311909432060103,0.5223638011918951,-0.572020629403561,0.1201970601601191,-0.6215705967146201,-0.9274745739175644,-0.4297577406009585
20.0,26.0,1006.1631469726562,0.8244922469256847,0.2295588099634578,-1.5337169727715705,0.7942760321675701,-0.235728553135097,-0.5455461092673117,-0.5694503632001859,-2.4658308594713407,0.3048371755107132,-0.5337760130879955
20.0,26.0,1006.1981201171876,0.8244473583521498,0.4117173859078752,-1.255436989648751,-0.113356085749311,0.5486370879196263,-0.581087843076442,-0.3524615643438659,-0.6460547710623075,0.3887790837219963,0.9709143587033844
20.0,26.0,1006.21533203125,0.8244922469256847,0.2295588099634578,-1.5333511782872913,0.7942760321675701,-0.235728553135097,-0.5455461092673117,-0.5694503632001859,-2.4658308594713407,0.3048371755107132,-0.5350710174989435
20.0,27.0,1003.4501953125,0.8244933525227314,0.1717593457825232,-2.378357160883819,-0.0311909432060103,0.5201670551719506,-0.572020629403561,0.1201970601601191,-0.6215705967146201,-0.9274745739175644,-0.4297577406009585
20.0,27.0,1003.5810546875,0.8350555799486116,0.3821521005716593,-1.0540010089174547,0.7947900288505778,0.6944704802618079,-0.6131761605871592,-0.5694503632001859,-2.4658308594713407,0.3057271138160076,-0.5720382601594445
20.0,27.0,1004.1485595703124,0.8261218770308434,0.209425812291895,-1.3073300690109348,-0.113356085749311,0.5609128142730455,-1.0708044882888972,0.039333814965403,-0.6460547710623075,0.8247340719018256,0.9709143587033844
20.0,27.0,1004.2332153320312,0.8266213622282398,0.3978217251440722,-0.6858788078817581,0.7774092762061562,0.6476693938772413,-0.5423086153393578,-0.339086087687028,-0.3390239645658489,0.3856882756312429,0.7196192523185432
20.0,27.0,1004.2783203125,0.8327134567225599,0.1717593457825232,-1.3073300690109348,-0.113356085749311,0.6626366114513702,-0.5869722179086249,0.0373165915964165,-0.3682548402439464,0.3788263466435764,0.9709143587033844
20.0,27.0,1004.2783203125,0.8327134567225599,0.1717593457825232,-1.3073300690109348,-0.113356085749311,0.6626366114513702,-0.5869722179086249,0.0373165915964165,-0.3682548402439464,0.3788263466435764,0.9709143587033844
20.0,27.0,1004.3558349609376,0.8266213622282398,0.3978217251440722,-0.6912509852329187,0.7774092762061562,0.6476693938772413,-0.5423086153393578,-0.339086087687028,-0.3390239645658489,0.3856882756312429,0.7196192523185432
20.0,27.0,1004.3558349609376,0.8266213622282398,0.3978217251440722,-0.6912509852329187,0.7774092762061562,0.6476693938772413,-0.5423086153393578,-0.339086087687028,-0.3390239645658489,0.3856882756312429,0.7196192523185432
20.0,27.0,1004.394287109375,0.8244933525227314,0.3092006424744691,-0.7666065069418815,0.2274476322568783,0.6626366114513702,-0.5869722179086249,0.0373165915964165,-0.6460547710623075,0.3788263466435764,0.9709143587033844
20.0,27.0,1004.5084838867188,0.8261218770308434,0.1717593457825232,-1.3073300690109348,-0.113356085749311,0.5609128142730455,-1.0708044882888972,0.039333814965403,-0.6460547710623075,0.8247340719018256,0.9709143587033844
20.0,27.0,1004.654052734375,0.6072983725661711,0.3923821953948915,-1.021512361749489,0.7774092762061562,0.6734398052945179,-0.5870127884190043,-0.3444424732940662,-0.3390239645658489,0.3856882756312429,0.3754745883264547
20.0,27.0,1004.654052734375,0.6072983725661711,0.3923821953948915,-1.021512361749489,0.7774092762061562,0.6734398052945179,-0.5870127884190043,-0.3444424732940662,-0.3390239645658489,0.3856882756312429,0.3754745883264547
20.0,27.0,1004.654052734375,0.6072983725661711,0.3923821953948915,-1.021512361749489,0.7774092762061562,0.6734398052945179,-0.5870127884190043,-0.3444424732940662,-0.3390239645658489,0.3856882756312429,0.3754745883264547
20.0,27.0,1004.91748046875,0.8073720772112248,0.2573706402104556,-0.725533960740095,0.772332213638295,-0.3397635862683256,-0.5884686776078901,0.0420377894815063,-2.0742454307655187,-0.2791847824617789,0.8862657661814015
20.0,27.0,1004.91748046875,0.8073720772112248,0.2573706402104556,-0.725533960740095,0.772332213638295,-0.3397635862683256,-0.5884686776078901,0.0420377894815063,-2.0742454307655187,-0.2791847824617789,0.8862657661814015
20.0,27.0,1004.91748046875,0.8073720772112248,0.2573706402104556,-0.725533960740095,0.772332213638295,-0.3397635862683256,-0.5884686776078901,0.0420377894815063,-2.0742454307655187,-0.2791847824617789,0.8862657661814015
20.0,27.0,1004.91748046875,0.8073720772112248,0.2573706402104556,-0.725533960740095,0.772332213638295,-0.3397635862683256,-0.5884686776078901,0.0420377894815063,-2.0742454307655187,-0.2791847824617789,0.8862657661814015
20.0,27.0,1005.0564575195312,0.8265976409803238,0.3978217251440722,-0.7021448358751979,0.7774092762061562,0.6473013779839514,-0.5445044681839697,-0.3388805491436845,-0.3390239645658489,0.3856882756312429,0.7196192523185432
20.0,27.0,1005.2549438476562,0.8244933525227314,0.1717593457825232,-1.3073300690109348,-0.113356085749311,0.6626366114513702,-0.5869722179086249,0.0373165915964165,-0.6460547710623075,0.3788263466435764,0.9709143587033844
20.0,27.0,1005.2549438476562,0.8244933525227314,0.1717593457825232,-1.3073300690109348,-0.113356085749311,0.6626366114513702,-0.5869722179086249,0.0373165915964165,-0.6460547710623075,0.3788263466435764,0.9709143587033844
20.0,27.0,1005.2549438476562,0.8244933525227314,0.1717593457825232,-1.3073300690109348,-0.113356085749311,0.6626366114513702,-0.5869722179086249,0.0373165915964165,-0.6460547710623075,0.3788263466435764,0.9709143587033844
20.0,27.0,1005.2549438476562,0.8244933525227314,0.1717593457825232,-1.3073300690109348,-0.113356085749311,0.6626366114513702,-0.5869722179086249,0.0373165915964165,-0.6460547710623075,0.3788263466435764,0.9709143587033844
20.0,27.0,1005.2549438476562,0.8244933525227314,0.1717593457825232,-1.3073300690109348,-0.113356085749311,0.6626366114513702,-0.5869722179086249,0.0373165915964165,-0.6460547710623075,0.3788263466435764,0.9709143587033844
20.0,27.0,1005.2881469726562,0.2229481207678002,0.4784813455884644,-0.7021448358751979,0.7774092762061562,0.6473013779839514,-0.5445044681839697,-0.3388805491436845,-0.6195700972211239,0.3856882756312429,0.7196192523185432
20.0,27.0,1005.362548828125,0.8244976778801965,0.1646277919109964,-1.3073300690109348,-0.091607273777962,0.664881729766114,-0.5869722179086249,0.0406273106326,-0.6460547710623075,0.3788263466435764,0.9749029469133124
20.0,27.0,1005.3673095703124,0.8244791951910937,0.209425812291895,-1.3073300690109348,-0.113356085749311,0.5609128142730455,-1.0708044882888972,0.039333814965403,-0.6460547710623075,0.8247340719018256,0.9709143587033844
20.0,27.0,1005.3701171875,0.8326949900304073,0.1717593457825232,-1.3073300690109348,-0.113356085749311,0.6626366114513702,-0.5869722179086249,0.0403575393860011,-0.3633400828154481,0.3788263466435764,0.9709143587033844
20.0,27.0,1005.3701171875,0.8326949900304073,0.1717593457825232,-1.3073300690109348,-0.113356085749311,0.6626366114513702,-0.5869722179086249,0.0403575393860011,-0.3633400828154481,0.3788263466435764,0.9709143587033844
20.0,27.0,1005.3728637695312,0.8326949900304073,0.1717593457825232,-1.3073300690109348,-0.113356085749311,0.6626366114513702,-0.5869722179086249,0.0403235485965147,-0.3633400828154481,0.3788263466435764,0.9709143587033844
20.0,27.0,1005.3826293945312,0.8244933525227314,0.1717593457825232,-1.3073300690109348,-0.113356085749311,0.6626366114513702,-0.5876427302037599,0.0373165915964165,-0.6460547710623075,0.3788263466435764,0.9709143587033844
20.0,27.0,1005.4380493164062,0.8244933525227314,0.1598240818142506,-2.3558261625539743,-1.6400273112060493e-05,0.4938919988861493,-0.586444829324626,0.118584198831954,-0.6215705967146201,-0.9398010045831928,-0.4504771852526287
20.0,27.0,1005.459716796875,0.8255966460771316,0.3084985823304348,-0.6886408703065109,0.77779709016125,0.6626366114513702,-0.5869722179086249,0.1290434242748969,-0.6460547710623075,0.3788263466435764,0.9772617190512042
20.0,27.0,1005.4873046875,0.9579542607793744,0.1717593457825232,-1.3073300690109348,-0.113356085749311,0.6626366114513702,-0.5869722179086249,0.037350582385903,-0.6460547710623075,0.3788263466435764,0.9709143587033844
20.0,27.0,1005.5066528320312,0.6055475248077435,0.3923821953948915,-0.7021448358751979,0.7774092762061562,0.6734398052945179,-0.5856701814751614,-0.3444424732940662,-0.3390239645658489,0.3856882756312429,0.3845151788423647
20.0,27.0,1005.5228271484376,0.8244933525227314,0.1717593457825232,-2.3453662525173087,-0.0311909432060103,0.5223638011918951,-0.5864206279208836,0.1201970601601191,-0.6215705967146201,-0.9398010045831928,-0.4504771852526287
20.0,27.0,1005.5836791992188,0.8326949900304073,-0.0293274938324556,-1.3073300690109348,-0.113356085749311,0.6626366114513702,-0.5869722179086249,0.0403575393860011,-0.3633400828154481,0.4402474207091915,0.9709143587033844
20.0,27.0,1005.5836791992188,0.8326949900304073,-0.0293274938324556,-1.3073300690109348,-0.113356085749311,0.6626366114513702,-0.5869722179086249,0.0403575393860011,-0.3633400828154481,0.4402474207091915,0.9709143587033844
20.0,27.0,1005.5836791992188,0.8326949900304073,-0.0293274938324556,-1.3073300690109348,-0.113356085749311,0.6626366114513702,-0.5869722179086249,0.0403575393860011,-0.3633400828154481,0.4402474207091915,0.9709143587033844
20.0,27.0,1005.6102905273438,-0.6553004129134716,0.3923821953948915,-1.021512361749489,0.7774092762061562,0.6734398052945179,-0.5870127884190043,-0.3444424732940662,0.3992653000452494,0.3856882756312429,0.3754745883264547
20.0,27.0,1005.625732421875,0.8247492372627949,0.3821521005716593,-1.5367522886503835,0.7942760321675701,-0.235728553135097,-0.1025097463238117,-0.5694503632001859,-2.4658308594713407,0.3048371755107132,-0.5434986396644748
20.0,27.0,1005.6463012695312,0.8261344178969553,0.1717593457825232,-1.3073300690109348,-0.0918021668515007,0.664881729766114,-0.5869722179086249,0.0395352206477233,-0.6460547710623075,0.3788263466435764,1.5017432088709963
20.0,27.0,1005.7532958984376,0.8247492372627949,0.3821521005716593,-1.536386494166104,0.7942760321675701,-0.235728553135097,-0.1025097463238117,-0.5694503632001859,-2.4658308594713407,0.3048371755107132,-0.5447936440754229
20.0,27.0,1005.7532958984376,0.8247492372627949,0.3821521005716593,-1.536386494166104,0.7942760321675701,-0.235728553135097,-0.1025097463238117,-0.5694503632001859,-2.4658308594713407,0.3048371755107132,-0.5447936440754229
20.0,27.0,1005.7532958984376,0.8247492372627949,0.3821521005716593,-1.536386494166104,0.7942760321675701,-0.235728553135097,-0.1025097463238117,-0.5694503632001859,-2.4658308594713407,0.3048371755107132,-0.5447936440754229
20.0,27.0,1005.76171875,0.8261218770308434,0.209425812291895,-1.3073300690109348,-0.113356085749311,0.5609128142730455,-1.0708044882888972,0.039333814965403,-0.6460547710623075,0.8247340719018256,1.1826024295100148
20.0,27.0,1005.8218383789062,0.8340199486731928,0.1717593457825232,-1.3073300690109348,-0.113356085749311,0.6626366114513702,-0.5869722179086249,0.0403506559131185,-0.6659379417410035,0.3788263466435764,0.9709143587033844
20.0,27.0,1005.8312377929688,0.8325214362471487,0.1717593457825232,-1.274584158036832,-0.0330502491055415,0.6626366114513702,-0.5869722179086249,0.1238817498813123,-0.3633400828154481,0.3727033007546854,0.7515300882346037
20.0,27.0,1005.922119140625,0.8261360343624811,0.1717593457825232,-1.3073300690109348,-0.113356085749311,0.6626366114513702,-0.5869722179086249,0.0373165915964165,-0.6460547710623075,0.3788263466435764,0.9709143587033844
20.0,27.0,1005.9254150390624,0.8244933525227314,0.3836208157949277,-1.3073300690109348,-0.113356085749311,0.6626366114513702,-1.1675233052321108,0.2971198421114603,-0.6460547710623075,0.3788263466435764,0.9864228670108546
20.0,27.0,1005.9423217773438,0.8238723770997073,0.4117173859078752,-1.2530597022466698,-0.113356085749311,0.5486370879196263,-0.5811938624658931,-0.3566746453632695,-0.6460547710623075,0.8247340719018256,0.9709143587033844
20.0,28.0,1003.4501953125,0.8244933525227314,0.1717593457825232,-2.378357160883819,-0.0311909432060103,0.5201670551719506,-0.572020629403561,0.1201970601601191,-0.6215705967146201,-0.9274745739175644,-0.4297577406009585
20.0,28.0,1003.5155029296876,0.8261218770308434,0.209425812291895,-1.3073300690109348,-0.113356085749311,0.5649279903216496,-1.0708044882888972,0.0392795967288293,-0.6460547710623075,0.8247340719018256,0.9709143587033844
20.0,28.0,1003.5810546875,0.8350555799486116,0.3821521005716593,-1.0540010089174547,0.7947900288505778,0.6944704802618079,-0.6131761605871592,-0.5694503632001859,-2.4658308594713407,0.3057271138160076,-0.5720382601594445
20.0,28.0,1004.1485595703124,0.8261218770308434,0.209425812291895,-1.3073300690109348,-0.113356085749311,0.5609128142730455,-1.0708044882888972,0.039333814965403,-0.6460547710623075,0.8247340719018256,0.9709143587033844
20.0,28.0,1004.1978149414062,0.8241159622408898,0.1717593457825232,-1.3073300690109348,-0.0330451758348765,0.7705589030910063,-0.5719245829761689,0.0388298077046654,-0.3682548402439464,0.3788263466435764,0.9709143587033844
20.0,28.0,1004.2332153320312,0.8266213622282398,0.3978217251440722,-0.6858788078817581,0.7774092762061562,0.6476693938772413,-0.5423086153393578,-0.339086087687028,-0.3390239645658489,0.3856882756312429,0.7196192523185432
20.0,28.0,1004.2783203125,0.8327134567225599,0.1717593457825232,-1.3073300690109348,-0.113356085749311,0.6626366114513702,-0.5869722179086249,0.0373165915964165,-0.3682548402439464,0.3788263466435764,0.9709143587033844
20.0,28.0,1004.2783203125,0.8327134567225599,0.1717593457825232,-1.3073300690109348,-0.113356085749311,0.6626366114513702,-0.5869722179086249,0.0373165915964165,-0.3682548402439464,0.3788263466435764,0.9709143587033844
20.0,28.0,1004.2906494140624,0.8266213622282398,0.3974574096231764,-0.6836876138210843,0.7774092762061562,0.6480644516879347,-0.5423086153393578,-0.339086087687028,-0.3390239645658489,0.3857546673250276,0.7185247625544754
20.0,28.0,1004.3430786132812,0.7744653153880249,0.3978217251440722,-0.6912509852329187,0.7774092762061562,0.6476693938772413,-0.5423086153393578,-0.339086087687028,-0.3390239645658489,0.3856882756312429,0.7196192523185432
20.0,28.0,1004.3558349609376,0.8266213622282398,0.3978217251440722,-0.6912509852329187,0.7774092762061562,0.6476693938772413,-0.5423086153393578,-0.339086087687028,-0.3390239645658489,0.3856882756312429,0.7196192523185432
20.0,28.0,1004.3558349609376,0.8266213622282398,0.3978217251440722,-0.6912509852329187,0.7774092762061562,0.6476693938772413,-0.5423086153393578,-0.339086087687028,-0.3390239645658489,0.3856882756312429,0.7196192523185432
20.0,28.0,1004.394287109375,0.8244933525227314,0.3092006424744691,-0.7666065069418815,0.2274476322568783,0.6626366114513702,-0.5869722179086249,0.0373165915964165,-0.6460547710623075,0.3788263466435764,0.9709143587033844
20.0,28.0,1004.5084838867188,0.8261218770308434,0.1717593457825232,-1.3073300690109348,-0.113356085749311,0.5609128142730455,-1.0708044882888972,0.039333814965403,-0.6460547710623075,0.8247340719018256,0.9709143587033844
20.0,28.0,1004.5084838867188,0.8261218770308434,0.1717593457825232,-1.3073300690109348,-0.113356085749311,0.5609128142730455,-1.0708044882888972,0.039333814965403,-0.6460547710623075,0.8247340719018256,0.9709143587033844
20.0,28.0,1004.654052734375,0.6072983725661711,0.3923821953948915,-1.021512361749489,0.7774092762061562,0.6734398052945179,-0.5870127884190043,-0.3444424732940662,-0.3390239645658489,0.3856882756312429,0.3754745883264547
20.0,28.0,1004.654052734375,0.6072983725661711,0.3923821953948915,-1.021512361749489,0.7774092762061562,0.6734398052945179,-0.5870127884190043,-0.3444424732940662,-0.3390239645658489,0.3856882756312429,0.3754745883264547
20.0,28.0,1004.654052734375,0.6072983725661711,0.3923821953948915,-1.021512361749489,0.7774092762061562,0.6734398052945179,-0.5870127884190043,-0.3444424732940662,-0.3390239645658489,0.3856882756312429,0.3754745883264547
20.0,28.0,1004.654052734375,0.6072983725661711,0.3923821953948915,-1.021512361749489,0.7774092762061562,0.6734398052945179,-0.5870127884190043,-0.3444424732940662,-0.3390239645658489,0.3856882756312429,0.3754745883264547
20.0,28.0,1004.654052734375,0.6072983725661711,0.3923821953948915,-1.021512361749489,0.7774092762061562,0.6734398052945179,-0.5870127884190043,-0.3444424732940662,-0.3390239645658489,0.3856882756312429,0.3754745883264547
20.0,28.0,1004.91748046875,0.8073720772112248,0.2573706402104556,-0.725533960740095,0.772332213638295,-0.3397635862683256,-0.5884686776078901,0.0420377894815063,-2.0742454307655187,-0.2791847824617789,0.8862657661814015
20.0,28.0,1004.91748046875,0.8073720772112248,0.2573706402104556,-0.725533960740095,0.772332213638295,-0.3397635862683256,-0.5884686776078901,0.0420377894815063,-2.0742454307655187,-0.2791847824617789,0.8862657661814015
20.0,28.0,1004.91748046875,0.8073720772112248,0.2573706402104556,-0.725533960740095,0.772332213638295,-0.3397635862683256,-0.5884686776078901,0.0420377894815063,-2.0742454307655187,-0.2791847824617789,0.8862657661814015
20.0,28.0,1004.91748046875,0.8073720772112248,0.2573706402104556,-0.725533960740095,0.772332213638295,-0.3397635862683256,-0.5884686776078901,0.0420377894815063,-2.0742454307655187,-0.2791847824617789,0.8862657661814015
20.0,28.0,1004.91748046875,0.8073720772112248,0.2573706402104556,-0.725533960740095,0.772332213638295,-0.3397635862683256,-0.5884686776078901,0.0420377894815063,-2.0742454307655187,-0.2791847824617789,0.8862657661814015
20.0,28.0,1005.0564575195312,0.8265976409803238,0.3978217251440722,-0.7021448358751979,0.7774092762061562,0.6473013779839514,-0.5445044681839697,-0.3388805491436845,-0.3390239645658489,0.3856882756312429,0.7196192523185432
20.0,28.0,1005.2362670898438,0.8185239196762716,0.1721236613034192,-1.3095212630716089,-0.0918021668515007,0.6644866719554207,-0.5869722179086249,0.0395352206477233,-0.6460547710623075,0.3787599549497917,1.502837698635064
20.0,28.0,1005.2549438476562,0.8244933525227314,0.1717593457825232,-1.3073300690109348,-0.113356085749311,0.6626366114513702,-0.5869722179086249,0.0373165915964165,-0.6460547710623075,0.3788263466435764,0.9709143587033844
20.0,28.0,1005.2549438476562,0.8244933525227314,0.1717593457825232,-1.3073300690109348,-0.113356085749311,0.6626366114513702,-0.5869722179086249,0.0373165915964165,-0.6460547710623075,0.3788263466435764,0.9709143587033844
20.0,28.0,1005.2549438476562,0.8244933525227314,0.1717593457825232,-1.3073300690109348,-0.113356085749311,0.6626366114513702,-0.5869722179086249,0.0373165915964165,-0.6460547710623075,0.3788263466435764,0.9709143587033844
20.0,28.0,1005.2549438476562,0.8244933525227314,0.1717593457825232,-1.3073300690109348,-0.113356085749311,0.6626366114513702,-0.5869722179086249,0.0373165915964165,-0.6460547710623075,0.3788263466435764,0.9709143587033844
20.0,28.0,1005.2549438476562,0.8244933525227314,0.1717593457825232,-1.3073300690109348,-0.113356085749311,0.6626366114513702,-0.5869722179086249,0.0373165915964165,-0.6460547710623075,0.3788263466435764,0.9709143587033844
20.0,28.0,1005.2549438476562,0.8244933525227314,0.1717593457825232,-1.3073300690109348,-0.113356085749311,0.6626366114513702,-0.5869722179086249,0.0373165915964165,-0.6460547710623075,0.3788263466435764,0.9709143587033844
20.0,28.0,1005.2549438476562,0.8244933525227314,0.1717593457825232,-1.3073300690109348,-0.113356085749311,0.6626366114513702,-0.5869722179086249,0.0373165915964165,-0.6460547710623075,0.3788263466435764,0.9709143587033844
20.0,28.0,1005.2881469726562,0.2229481207678002,0.4784813455884644,-0.7021448358751979,0.7774092762061562,0.6473013779839514,-0.5445044681839697,-0.3388805491436845,-0.6195700972211239,0.3856882756312429,0.7196192523185432
20.0,28.0,1005.362548828125,0.8244976778801965,0.1646277919109964,-1.3073300690109348,-0.091607273777962,0.664881729766114,-0.5869722179086249,0.0406273106326,-0.6460547710623075,0.3788263466435764,0.9749029469133124
20.0,28.0,1005.3673095703124,0.8244791951910937,0.209425812291895,-1.3073300690109348,-0.113356085749311,0.5609128142730455,-1.0708044882888972,0.039333814965403,-0.6460547710623075,0.8247340719018256,0.9709143587033844
20.0,28.0,1005.3701171875,0.8326949900304073,0.1717593457825232,-1.3073300690109348,-0.113356085749311,0.6626366114513702,-0.5869722179086249,0.0403575393860011,-0.3633400828154481,0.3788263466435764,0.9709143587033844
20.0,28.0,1005.3701171875,0.8326949900304073,0.1717593457825232,-1.3073300690109348,-0.113356085749311,0.6626366114513702,-0.5869722179086249,0.0403575393860011,-0.3633400828154481,0.3788263466435764,0.9709143587033844
20.0,28.0,1005.3728637695312,0.8326949900304073,0.1717593457825232,-1.3073300690109348,-0.113356085749311,0.6626366114513702,-0.5869722179086249,0.0403235485965147,-0.3633400828154481,0.3788263466435764,0.9709143587033844
20.0,28.0,1005.3826293945312,0.8244933525227314,0.1717593457825232,-1.3073300690109348,-0.113356085749311,0.6626366114513702,-0.5876427302037599,0.0373165915964165,-0.6460547710623075,0.3788263466435764,0.9709143587033844
20.0,28.0,1005.4380493164062,0.8244933525227314,0.1598240818142506,-2.3558261625539743,-1.6400273112060493e-05,0.4938919988861493,-0.586444829324626,0.118584198831954,-0.6215705967146201,-0.9398010045831928,-0.4504771852526287
20.0,28.0,1005.459716796875,0.8255966460771316,0.3084985823304348,-0.6886408703065109,0.77779709016125,0.6626366114513702,-0.5869722179086249,0.1290434242748969,-0.6460547710623075,0.3788263466435764,0.9772617190512042
20.0,28.0,1005.4873046875,0.9579542607793744,0.1717593457825232,-1.3073300690109348,-0.113356085749311,0.6626366114513702,-0.5869722179086249,0.037350582385903,-0.6460547710623075,0.3788263466435764,0.9709143587033844
20.0,28.0,1005.5066528320312,0.6055475248077435,0.3923821953948915,-0.7021448358751979,0.7774092762061562,0.6734398052945179,-0.5856701814751614,-0.3444424732940662,-0.3390239645658489,0.3856882756312429,0.3845151788423647
20.0,28.0,1005.5228271484376,0.8244933525227314,0.1717593457825232,-2.3453662525173087,-0.0311909432060103,0.5223638011918951,-0.5864206279208836,0.1201970601601191,-0.6215705967146201,-0.9398010045831928,-0.4504771852526287
20.0,28.0,1005.5836791992188,0.8326949900304073,-0.0293274938324556,-1.3073300690109348,-0.113356085749311,0.6626366114513702,-0.5869722179086249,0.0403575393860011,-0.3633400828154481,0.4402474207091915,0.9709143587033844
20.0,28.0,1005.5836791992188,0.8326949900304073,-0.0293274938324556,-1.3073300690109348,-0.113356085749311,0.6626366114513702,-0.5869722179086249,0.0403575393860011,-0.3633400828154481,0.4402474207091915,0.9709143587033844
20.0,28.0,1005.5836791992188,0.8326949900304073,-0.0293274938324556,-1.3073300690109348,-0.113356085749311,0.6626366114513702,-0.5869722179086249,0.0403575393860011,-0.3633400828154481,0.4402474207091915,0.9709143587033844
20.0,28.0,1005.5939331054688,0.8266213622282398,0.3925516244976952,-0.6858788078817581,0.7774092762061562,0.6477260420180279,-0.5865491081817166,-0.339086087687028,-0.3390239645658489,0.3856882756312429,0.7196192523185432
20.0,29.0,1003.4501953125,0.8244933525227314,0.1717593457825232,-2.378357160883819,-0.0311909432060103,0.5201670551719506,-0.572020629403561,0.1201970601601191,-0.6215705967146201,-0.9274745739175644,-0.4297577406009585
20.0,29.0,1003.5155029296876,0.8261218770308434,0.209425812291895,-1.3073300690109348,-0.113356085749311,0.5649279903216496,-1.0708044882888972,0.0392795967288293,-0.6460547710623075,0.8247340719018256,0.9709143587033844
20.0,29.0,1003.5810546875,0.8350555799486116,0.3821521005716593,-1.0540010089174547,0.7947900288505778,0.6944704802618079,-0.6131761605871592,-0.5694503632001859,-2.4658308594713407,0.3057271138160076,-0.5720382601594445
20.0,29.0,1004.1485595703124,0.8261218770308434,0.209425812291895,-1.3073300690109348,-0.113356085749311,0.5609128142730455,-1.0708044882888972,0.039333814965403,-0.6460547710623075,0.8247340719018256,0.9709143587033844
20.0,29.0,1004.1978149414062,0.8241159622408898,0.1717593457825232,-1.3073300690109348,-0.0330451758348765,0.7705589030910063,-0.5719245829761689,0.0388298077046654,-0.3682548402439464,0.3788263466435764,0.9709143587033844
20.0,29.0,1004.2332153320312,0.8266213622282398,0.3978217251440722,-0.6858788078817581,0.7774092762061562,0.6476693938772413,-0.5423086153393578,-0.339086087687028,-0.3390239645658489,0.3856882756312429,0.7196192523185432
20.0,29.0,1004.2783203125,0.8327134567225599,0.1717593457825232,-1.3073300690109348,-0.113356085749311,0.6626366114513702,-0.5869722179086249,0.0373165915964165,-0.3682548402439464,0.3788263466435764,0.9709143587033844
20.0,29.0,1004.2783203125,0.8327134567225599,0.1717593457825232,-1.3073300690109348,-0.113356085749311,0.6626366114513702,-0.5869722179086249,0.0373165915964165,-0.3682548402439464,0.3788263466435764,0.9709143587033844
20.0,29.0,1004.2906494140624,0.8266213622282398,0.3974574096231764,-0.6836876138210843,0.7774092762061562,0.6480644516879347,-0.5423086153393578,-0.339086087687028,-0.3390239645658489,0.3857546673250276,0.7185247625544754
20.0,29.0,1004.3430786132812,0.7744653153880249,0.3978217251440722,-0.6912509852329187,0.7774092762061562,0.6476693938772413,-0.5423086153393578,-0.339086087687028,-0.3390239645658489,0.3856882756312429,0.7196192523185432
20.0,29.0,1004.3558349609376,0.8266213622282398,0.3978217251440722,-0.6912509852329187,0.7774092762061562,0.6476693938772413,-0.5423086153393578,-0.339086087687028,-0.3390239645658489,0.3856882756312429,0.7196192523185432
20.0,29.0,1004.3558349609376,0.8266213622282398,0.3978217251440722,-0.6912509852329187,0.7774092762061562,0.6476693938772413,-0.5423086153393578,-0.339086087687028,-0.3390239645658489,0.3856882756312429,0.7196192523185432
20.0,29.0,1004.3558349609376,0.8266213622282398,0.3978217251440722,-0.6912509852329187,0.7774092762061562,0.6476693938772413,-0.5423086153393578,-0.339086087687028,-0.3390239645658489,0.3856882756312429,0.7196192523185432
20.0,29.0,1004.3558349609376,0.8266213622282398,0.3978217251440722,-0.6912509852329187,0.7774092762061562,0.6476693938772413,-0.5423086153393578,-0.339086087687028,-0.3390239645658489,0.3856882756312429,0.7196192523185432
20.0,29.0,1004.394287109375,0.8244933525227314,0.3092006424744691,-0.7666065069418815,0.2274476322568783,0.6626366114513702,-0.5869722179086249,0.0373165915964165,-0.6460547710623075,0.3788263466435764,0.9709143587033844
20.0,29.0,1004.5084838867188,0.8261218770308434,0.1717593457825232,-1.3073300690109348,-0.113356085749311,0.5609128142730455,-1.0708044882888972,0.039333814965403,-0.6460547710623075,0.8247340719018256,0.9709143587033844
20.0,29.0,1004.5084838867188,0.8261218770308434,0.1717593457825232,-1.3073300690109348,-0.113356085749311,0.5609128142730455,-1.0708044882888972,0.039333814965403,-0.6460547710623075,0.8247340719018256,0.9709143587033844
20.0,29.0,1004.654052734375,0.6072983725661711,0.3923821953948915,-1.021512361749489,0.7774092762061562,0.6734398052945179,-0.5870127884190043,-0.3444424732940662,-0.3390239645658489,0.3856882756312429,0.3754745883264547
20.0,29.0,1004.654052734375,0.6072983725661711,0.3923821953948915,-1.021512361749489,0.7774092762061562,0.6734398052945179,-0.5870127884190043,-0.3444424732940662,-0.3390239645658489,0.3856882756312429,0.3754745883264547
20.0,29.0,1004.654052734375,0.6072983725661711,0.3923821953948915,-1.021512361749489,0.7774092762061562,0.6734398052945179,-0.5870127884190043,-0.3444424732940662,-0.3390239645658489,0.3856882756312429,0.3754745883264547
20.0,29.0,1004.654052734375,0.6072983725661711,0.3923821953948915,-1.021512361749489,0.7774092762061562,0.6734398052945179,-0.5870127884190043,-0.3444424732940662,-0.3390239645658489,0.3856882756312429,0.3754745883264547
20.0,29.0,1004.654052734375,0.6072983725661711,0.3923821953948915,-1.021512361749489,0.7774092762061562,0.6734398052945179,-0.5870127884190043,-0.3444424732940662,-0.3390239645658489,0.3856882756312429,0.3754745883264547
20.0,29.0,1004.654052734375,0.6072983725661711,0.3923821953948915,-1.021512361749489,0.7774092762061562,0.6734398052945179,-0.5870127884190043,-0.3444424732940662,-0.3390239645658489,0.3856882756312429,0.3754745883264547
20.0,29.0,1004.654052734375,0.6072983725661711,0.3923821953948915,-1.021512361749489,0.7774092762061562,0.6734398052945179,-0.5870127884190043,-0.3444424732940662,-0.3390239645658489,0.3856882756312429,0.3754745883264547
20.0,29.0,1004.91748046875,0.8073720772112248,0.2573706402104556,-0.725533960740095,0.772332213638295,-0.3397635862683256,-0.5884686776078901,0.0420377894815063,-2.0742454307655187,-0.2791847824617789,0.8862657661814015
20.0,29.0,1004.91748046875,0.8073720772112248,0.2573706402104556,-0.725533960740095,0.772332213638295,-0.3397635862683256,-0.5884686776078901,0.0420377894815063,-2.0742454307655187,-0.2791847824617789,0.8862657661814015
20.0,29.0,1004.91748046875,0.8073720772112248,0.2573706402104556,-0.725533960740095,0.772332213638295,-0.3397635862683256,-0.5884686776078901,0.0420377894815063,-2.0742454307655187,-0.2791847824617789,0.8862657661814015
20.0,29.0,1004.91748046875,0.8073720772112248,0.2573706402104556,-0.725533960740095,0.772332213638295,-0.3397635862683256,-0.5884686776078901,0.0420377894815063,-2.0742454307655187,-0.2791847824617789,0.8862657661814015
20.0,29.0,1004.91748046875,0.8073720772112248,0.2573706402104556,-0.725533960740095,0.772332213638295,-0.3397635862683256,-0.5884686776078901,0.0420377894815063,-2.0742454307655187,-0.2791847824617789,0.8862657661814015
20.0,29.0,1005.0564575195312,0.8265976409803238,0.3978217251440722,-0.7021448358751979,0.7774092762061562,0.6473013779839514,-0.5445044681839697,-0.3388805491436845,-0.3390239645658489,0.3856882756312429,0.7196192523185432
20.0,29.0,1005.2362670898438,0.8185239196762716,0.1721236613034192,-1.3095212630716089,-0.0918021668515007,0.6644866719554207,-0.5869722179086249,0.0395352206477233,-0.6460547710623075,0.3787599549497917,1.502837698635064
20.0,29.0,1005.2549438476562,0.8244933525227314,0.1717593457825232,-1.3073300690109348,-0.113356085749311,0.6626366114513702,-0.5869722179086249,0.0373165915964165,-0.6460547710623075,0.3788263466435764,0.9709143587033844
20.0,29.0,1005.2549438476562,0.8244933525227314,0.1717593457825232,-1.3073300690109348,-0.113356085749311,0.6626366114513702,-0.5869722179086249,0.0373165915964165,-0.6460547710623075,0.3788263466435764,0.9709143587033844
20.0,29.0,1005.2549438476562,0.8244933525227314,0.1717593457825232,-1.3073300690109348,-0.113356085749311,0.6626366114513702,-0.5869722179086249,0.0373165915964165,-0.6460547710623075,0.3788263466435764,0.9709143587033844
20.0,29.0,1005.2549438476562,0.8244933525227314,0.1717593457825232,-1.3073300690109348,-0.113356085749311,0.6626366114513702,-0.5869722179086249,0.0373165915964165,-0.6460547710623075,0.3788263466435764,0.9709143587033844
20.0,29.0,1005.2549438476562,0.8244933525227314,0.1717593457825232,-1.3073300690109348,-0.113356085749311,0.6626366114513702,-0.5869722179086249,0.0373165915964165,-0.6460547710623075,0.3788263466435764,0.9709143587033844
20.0,29.0,1005.2549438476562,0.8244933525227314,0.1717593457825232,-1.3073300690109348,-0.113356085749311,0.6626366114513702,-0.5869722179086249,0.0373165915964165,-0.6460547710623075,0.3788263466435764,0.9709143587033844
20.0,29.0,1005.2549438476562,0.8244933525227314,0.1717593457825232,-1.3073300690109348,-0.113356085749311,0.6626366114513702,-0.5869722179086249,0.0373165915964165,-0.6460547710623075,0.3788263466435764,0.9709143587033844
20.0,29.0,1005.2881469726562,0.2229481207678002,0.4784813455884644,-0.7021448358751979,0.7774092762061562,0.6473013779839514,-0.5445044681839697,-0.3388805491436845,-0.6195700972211239,0.3856882756312429,0.7196192523185432
20.0,29.0,1005.362548828125,0.8244976778801965,0.1646277919109964,-1.3073300690109348,-0.091607273777962,0.664881729766114,-0.5869722179086249,0.0406273106326,-0.6460547710623075,0.3788263466435764,0.9749029469133124
20.0,29.0,1005.3673095703124,0.8244791951910937,0.209425812291895,-1.3073300690109348,-0.113356085749311,0.5609128142730455,-1.0708044882888972,0.039333814965403,-0.6460547710623075,0.8247340719018256,0.9709143587033844
20.0,29.0,1005.3701171875,0.8326949900304073,0.1717593457825232,-1.3073300690109348,-0.113356085749311,0.6626366114513702,-0.5869722179086249,0.0403575393860011,-0.3633400828154481,0.3788263466435764,0.9709143587033844
20.0,29.0,1005.3701171875,0.8326949900304073,0.1717593457825232,-1.3073300690109348,-0.113356085749311,0.6626366114513702,-0.5869722179086249,0.0403575393860011,-0.3633400828154481,0.3788263466435764,0.9709143587033844
20.0,29.0,1005.3728637695312,0.8326949900304073,0.1717593457825232,-1.3073300690109348,-0.113356085749311,0.6626366114513702,-0.5869722179086249,0.0403235485965147,-0.3633400828154481,0.3788263466435764,0.9709143587033844
20.0,29.0,1005.3826293945312,0.8244933525227314,0.1717593457825232,-1.3073300690109348,-0.113356085749311,0.6626366114513702,-0.5876427302037599,0.0373165915964165,-0.6460547710623075,0.3788263466435764,0.9709143587033844
20.0,29.0,1005.4380493164062,0.8244933525227314,0.1598240818142506,-2.3558261625539743,-1.6400273112060493e-05,0.4938919988861493,-0.586444829324626,0.118584198831954,-0.6215705967146201,-0.9398010045831928,-0.4504771852526287
20.0,29.0,1005.459716796875,0.8255966460771316,0.3084985823304348,-0.6886408703065109,0.77779709016125,0.6626366114513702,-0.5869722179086249,0.1290434242748969,-0.6460547710623075,0.3788263466435764,0.9772617190512042
20.0,29.0,1005.4873046875,0.9579542607793744,0.1717593457825232,-1.3073300690109348,-0.113356085749311,0.6626366114513702,-0.5869722179086249,0.037350582385903,-0.6460547710623075,0.3788263466435764,0.9709143587033844
20.0,29.0,1005.5066528320312,0.6055475248077435,0.3923821953948915,-0.7021448358751979,0.7774092762061562,0.6734398052945179,-0.5856701814751614,-0.3444424732940662,-0.3390239645658489,0.3856882756312429,0.3845151788423647
20.0,29.0,1005.5228271484376,0.8244933525227314,0.1717593457825232,-2.3453662525173087,-0.0311909432060103,0.5223638011918951,-0.5864206279208836,0.1201970601601191,-0.6215705967146201,-0.9398010045831928,-0.4504771852526287
20.0,30.0,1003.4501953125,0.8244933525227314,0.1717593457825232,-2.378357160883819,-0.0311909432060103,0.5201670551719506,-0.572020629403561,0.1201970601601191,-0.6215705967146201,-0.9274745739175644,-0.4297577406009585
20.0,30.0,1003.5155029296876,0.8261218770308434,0.209425812291895,-1.3073300690109348,-0.113356085749311,0.5649279903216496,-1.0708044882888972,0.0392795967288293,-0.6460547710623075,0.8247340719018256,0.9709143587033844
20.0,30.0,1003.5810546875,0.8350555799486116,0.3821521005716593,-1.0540010089174547,0.7947900288505778,0.6944704802618079,-0.6131761605871592,-0.5694503632001859,-2.4658308594713407,0.3057271138160076,-0.5720382601594445
20.0,30.0,1004.1485595703124,0.8261218770308434,0.209425812291895,-1.3073300690109348,-0.113356085749311,0.5609128142730455,-1.0708044882888972,0.039333814965403,-0.6460547710623075,0.8247340719018256,0.9709143587033844
20.0,30.0,1004.1978149414062,0.8241159622408898,0.1717593457825232,-1.3073300690109348,-0.0330451758348765,0.7705589030910063,-0.5719245829761689,0.0388298077046654,-0.3682548402439464,0.3788263466435764,0.9709143587033844
20.0,30.0,1004.1978149414062,0.8241159622408898,0.1717593457825232,-1.3073300690109348,-0.0330451758348765,0.7705589030910063,-0.5719245829761689,0.0388298077046654,-0.3682548402439464,0.3788263466435764,0.9709143587033844
20.0,30.0,1004.2332153320312,0.8266213622282398,0.3978217251440722,-0.6858788078817581,0.7774092762061562,0.6476693938772413,-0.5423086153393578,-0.339086087687028,-0.3390239645658489,0.3856882756312429,0.7196192523185432
20.0,30.0,1004.2783203125,0.8327134567225599,0.1717593457825232,-1.3073300690109348,-0.113356085749311,0.6626366114513702,-0.5869722179086249,0.0373165915964165,-0.3682548402439464,0.3788263466435764,0.9709143587033844
20.0,30.0,1004.2783203125,0.8327134567225599,0.1717593457825232,-1.3073300690109348,-0.113356085749311,0.6626366114513702,-0.5869722179086249,0.0373165915964165,-0.3682548402439464,0.3788263466435764,0.9709143587033844
20.0,30.0,1004.2906494140624,0.8266213622282398,0.3974574096231764,-0.6836876138210843,0.7774092762061562,0.6480644516879347,-0.5423086153393578,-0.339086087687028,-0.3390239645658489,0.3857546673250276,0.7185247625544754
20.0,30.0,1004.3430786132812,0.7744653153880249,0.3978217251440722,-0.6912509852329187,0.7774092762061562,0.6476693938772413,-0.5423086153393578,-0.339086087687028,-0.3390239645658489,0.3856882756312429,0.7196192523185432
20.0,30.0,1004.3430786132812,0.7744653153880249,0.3978217251440722,-0.6912509852329187,0.7774092762061562,0.6476693938772413,-0.5423086153393578,-0.339086087687028,-0.3390239645658489,0.3856882756312429,0.7196192523185432
20.0,30.0,1004.3558349609376,0.8266213622282398,0.3978217251440722,-0.6912509852329187,0.7774092762061562,0.6476693938772413,-0.5423086153393578,-0.339086087687028,-0.3390239645658489,0.3856882756312429,0.7196192523185432
20.0,30.0,1004.3558349609376,0.8266213622282398,0.3978217251440722,-0.6912509852329187,0.7774092762061562,0.6476693938772413,-0.5423086153393578,-0.339086087687028,-0.3390239645658489,0.3856882756312429,0.7196192523185432
20.0,30.0,1004.3558349609376,0.8266213622282398,0.3978217251440722,-0.6912509852329187,0.7774092762061562,0.6476693938772413,-0.5423086153393578,-0.339086087687028,-0.3390239645658489,0.3856882756312429,0.7196192523185432
20.0,30.0,1004.3558349609376,0.8266213622282398,0.3978217251440722,-0.6912509852329187,0.7774092762061562,0.6476693938772413,-0.5423086153393578,-0.339086087687028,-0.3390239645658489,0.3856882756312429,0.7196192523185432
20.0,30.0,1004.394287109375,0.8244933525227314,0.3092006424744691,-0.7666065069418815,0.2274476322568783,0.6626366114513702,-0.5869722179086249,0.0373165915964165,-0.6460547710623075,0.3788263466435764,0.9709143587033844
20.0,30.0,1004.5084838867188,0.8261218770308434,0.1717593457825232,-1.3073300690109348,-0.113356085749311,0.5609128142730455,-1.0708044882888972,0.039333814965403,-0.6460547710623075,0.8247340719018256,0.9709143587033844
20.0,30.0,1004.5084838867188,0.8261218770308434,0.1717593457825232,-1.3073300690109348,-0.113356085749311,0.5609128142730455,-1.0708044882888972,0.039333814965403,-0.6460547710623075,0.8247340719018256,0.9709143587033844
20.0,30.0,1004.5186157226562,0.8265999490312573,0.1829576589561312,-1.3131633076112164,-0.1223970943752593,0.6626366114513702,-0.5867783630490637,0.0373165915964165,-0.3682548402439464,0.3787992951039849,0.7295671931192433
20.0,30.0,1004.654052734375,0.6072983725661711,0.3923821953948915,-1.021512361749489,0.7774092762061562,0.6734398052945179,-0.5870127884190043,-0.3444424732940662,-0.3390239645658489,0.3856882756312429,0.3754745883264547
20.0,30.0,1004.654052734375,0.6072983725661711,0.3923821953948915,-1.021512361749489,0.7774092762061562,0.6734398052945179,-0.5870127884190043,-0.3444424732940662,-0.3390239645658489,0.3856882756312429,0.3754745883264547
20.0,30.0,1004.654052734375,0.6072983725661711,0.3923821953948915,-1.021512361749489,0.7774092762061562,0.6734398052945179,-0.5870127884190043,-0.3444424732940662,-0.3390239645658489,0.3856882756312429,0.3754745883264547
20.0,30.0,1004.654052734375,0.6072983725661711,0.3923821953948915,-1.021512361749489,0.7774092762061562,0.6734398052945179,-0.5870127884190043,-0.3444424732940662,-0.3390239645658489,0.3856882756312429,0.3754745883264547
20.0,30.0,1004.654052734375,0.6072983725661711,0.3923821953948915,-1.021512361749489,0.7774092762061562,0.6734398052945179,-0.5870127884190043,-0.3444424732940662,-0.3390239645658489,0.3856882756312429,0.3754745883264547
20.0,30.0,1004.654052734375,0.6072983725661711,0.3923821953948915,-1.021512361749489,0.7774092762061562,0.6734398052945179,-0.5870127884190043,-0.3444424732940662,-0.3390239645658489,0.3856882756312429,0.3754745883264547
20.0,30.0,1004.654052734375,0.6072983725661711,0.3923821953948915,-1.021512361749489,0.7774092762061562,0.6734398052945179,-0.5870127884190043,-0.3444424732940662,-0.3390239645658489,0.3856882756312429,0.3754745883264547
20.0,30.0,1004.91748046875,0.8073720772112248,0.2573706402104556,-0.725533960740095,0.772332213638295,-0.3397635862683256,-0.5884686776078901,0.0420377894815063,-2.0742454307655187,-0.2791847824617789,0.8862657661814015
20.0,30.0,1004.91748046875,0.8073720772112248,0.2573706402104556,-0.725533960740095,0.772332213638295,-0.3397635862683256,-0.5884686776078901,0.0420377894815063,-2.0742454307655187,-0.2791847824617789,0.8862657661814015
20.0,30.0,1004.91748046875,0.8073720772112248,0.2573706402104556,-0.725533960740095,0.772332213638295,-0.3397635862683256,-0.5884686776078901,0.0420377894815063,-2.0742454307655187,-0.2791847824617789,0.8862657661814015
20.0,30.0,1004.91748046875,0.8073720772112248,0.2573706402104556,-0.725533960740095,0.772332213638295,-0.3397635862683256,-0.5884686776078901,0.0420377894815063,-2.0742454307655187,-0.2791847824617789,0.8862657661814015
20.0,30.0,1004.91748046875,0.8073720772112248,0.2573706402104556,-0.725533960740095,0.772332213638295,-0.3397635862683256,-0.5884686776078901,0.0420377894815063,-2.0742454307655187,-0.2791847824617789,0.8862657661814015
20.0,30.0,1004.91748046875,0.8073720772112248,0.2573706402104556,-0.725533960740095,0.772332213638295,-0.3397635862683256,-0.5884686776078901,0.0420377894815063,-2.0742454307655187,-0.2791847824617789,0.8862657661814015
20.0,30.0,1004.9758911132812,0.8244932832192132,0.1649249667040924,-1.3073300690109348,-0.113356085749311,0.6624839619965476,-0.5869722179086249,0.0373130644605384,-0.6460547710623075,0.3788263466435764,0.9709302116953346
20.0,30.0,1004.9989013671876,0.6072983725661711,0.3923821953948915,-1.021512361749489,0.7774092762061562,0.6629930644890574,-0.5869752125667089,-0.3444424732940662,-0.3390239645658489,0.3857327495630663,0.3754745883264547
20.0,30.0,1005.0564575195312,0.8265976409803238,0.3978217251440722,-0.7021448358751979,0.7774092762061562,0.6473013779839514,-0.5445044681839697,-0.3388805491436845,-0.3390239645658489,0.3856882756312429,0.7196192523185432
20.0,30.0,1005.2362670898438,0.8185239196762716,0.1721236613034192,-1.3095212630716089,-0.0918021668515007,0.6644866719554207,-0.5869722179086249,0.0395352206477233,-0.6460547710623075,0.3787599549497917,1.502837698635064
20.0,30.0,1005.2549438476562,0.8244933525227314,0.1717593457825232,-1.3073300690109348,-0.113356085749311,0.6626366114513702,-0.5869722179086249,0.0373165915964165,-0.6460547710623075,0.3788263466435764,0.9709143587033844
20.0,30.0,1005.2549438476562,0.8244933525227314,0.1717593457825232,-1.3073300690109348,-0.113356085749311,0.6626366114513702,-0.5869722179086249,0.0373165915964165,-0.6460547710623075,0.3788263466435764,0.9709143587033844
20.0,30.0,1005.2549438476562,0.8244933525227314,0.1717593457825232,-1.3073300690109348,-0.113356085749311,0.6626366114513702,-0.5869722179086249,0.0373165915964165,-0.6460547710623075,0.3788263466435764,0.9709143587033844
20.0,30.0,1005.2549438476562,0.8244933525227314,0.1717593457825232,-1.3073300690109348,-0.113356085749311,0.6626366114513702,-0.5869722179086249,0.0373165915964165,-0.6460547710623075,0.3788263466435764,0.9709143587033844
20.0,30.0,1005.2549438476562,0.8244933525227314,0.1717593457825232,-1.3073300690109348,-0.113356085749311,0.6626366114513702,-0.5869722179086249,0.0373165915964165,-0.6460547710623075,0.3788263466435764,0.9709143587033844
20.0,30.0,1005.2549438476562,0.8244933525227314,0.1717593457825232,-1.3073300690109348,-0.113356085749311,0.6626366114513702,-0.5869722179086249,0.0373165915964165,-0.6460547710623075,0.3788263466435764,0.9709143587033844
20.0,30.0,1005.2549438476562,0.8244933525227314,0.1717593457825232,-1.3073300690109348,-0.113356085749311,0.6626366114513702,-0.5869722179086249,0.0373165915964165,-0.6460547710623075,0.3788263466435764,0.9709143587033844
20.0,30.0,1005.2881469726562,0.2229481207678002,0.4784813455884644,-0.7021448358751979,0.7774092762061562,0.6473013779839514,-0.5445044681839697,-0.3388805491436845,-0.6195700972211239,0.3856882756312429,0.7196192523185432
20.0,30.0,1005.3045043945312,0.2229481207678002,0.4776947210345062,-0.7021448358751979,0.7774092762061562,0.6476385347582329,-0.5445044681839697,-0.3388817391759949,-0.6195700972211239,0.3856882756312429,0.7196192523185432
20.0,30.0,1005.362548828125,0.8244976778801965,0.1646277919109964,-1.3073300690109348,-0.091607273777962,0.664881729766114,-0.5869722179086249,0.0406273106326,-0.6460547710623075,0.3788263466435764,0.9749029469133124
20.0,30.0,1005.3673095703124,0.8244791951910937,0.209425812291895,-1.3073300690109348,-0.113356085749311,0.5609128142730455,-1.0708044882888972,0.039333814965403,-0.6460547710623075,0.8247340719018256,0.9709143587033844
20.0,30.0,1005.3701171875,0.8326949900304073,0.1717593457825232,-1.3073300690109348,-0.113356085749311,0.6626366114513702,-0.5869722179086249,0.0403575393860011,-0.3633400828154481,0.3788263466435764,0.9709143587033844
20.0,30.0,1005.3701171875,0.8326949900304073,0.1717593457825232,-1.3073300690109348,-0.113356085749311,0.6626366114513702,-0.5869722179086249,0.0403575393860011,-0.3633400828154481,0.3788263466435764,0.9709143587033844
20.0,31.0,1003.4501953125,0.8244933525227314,0.1717593457825232,-2.378357160883819,-0.0311909432060103,0.5201670551719506,-0.572020629403561,0.1201970601601191,-0.6215705967146201,-0.9274745739175644,-0.4297577406009585
20.0,31.0,1003.5155029296876,0.8261218770308434,0.209425812291895,-1.3073300690109348,-0.113356085749311,0.5649279903216496,-1.0708044882888972,0.0392795967288293,-0.6460547710623075,0.8247340719018256,0.9709143587033844
20.0,31.0,1003.5810546875,0.8350555799486116,0.3821521005716593,-1.0540010089174547,0.7947900288505778,0.6944704802618079,-0.6131761605871592,-0.5694503632001859,-2.4658308594713407,0.3057271138160076,-0.5720382601594445
20.0,31.0,1003.5810546875,0.8350555799486116,0.3821521005716593,-1.0540010089174547,0.7947900288505778,0.6944704802618079,-0.6131761605871592,-0.5694503632001859,-2.4658308594713407,0.3057271138160076,-0.5720382601594445
20.0,31.0,1004.1485595703124,0.8261218770308434,0.209425812291895,-1.3073300690109348,-0.113356085749311,0.5609128142730455,-1.0708044882888972,0.039333814965403,-0.6460547710623075,0.8247340719018256,0.9709143587033844
20.0,31.0,1004.1978149414062,0.8241159622408898,0.1717593457825232,-1.3073300690109348,-0.0330451758348765,0.7705589030910063,-0.5719245829761689,0.0388298077046654,-0.3682548402439464,0.3788263466435764,0.9709143587033844
20.0,31.0,1004.1978149414062,0.8241159622408898,0.1717593457825232,-1.3073300690109348,-0.0330451758348765,0.7705589030910063,-0.5719245829761689,0.0388298077046654,-0.3682548402439464,0.3788263466435764,0.9709143587033844
20.0,31.0,1004.2332153320312,0.8266213622282398,0.3978217251440722,-0.6858788078817581,0.7774092762061562,0.6476693938772413,-0.5423086153393578,-0.339086087687028,-0.3390239645658489,0.3856882756312429,0.7196192523185432
20.0,31.0,1004.2332153320312,0.8266213622282398,0.3978217251440722,-0.6858788078817581,0.7774092762061562,0.6476693938772413,-0.5423086153393578,-0.339086087687028,-0.3390239645658489,0.3856882756312429,0.7196192523185432
20.0,31.0,1004.2783203125,0.8327134567225599,0.1717593457825232,-1.3073300690109348,-0.113356085749311,0.6626366114513702,-0.5869722179086249,0.0373165915964165,-0.3682548402439464,0.3788263466435764,0.9709143587033844
20.0,31.0,1004.2783203125,0.8327134567225599,0.1717593457825232,-1.3073300690109348,-0.113356085749311,0.6626366114513702,-0.5869722179086249,0.0373165915964165,-0.3682548402439464,0.3788263466435764,0.9709143587033844
20.0,31.0,1004.2906494140624,0.8266213622282398,0.3974574096231764,-0.6836876138210843,0.7774092762061562,0.6480644516879347,-0.5423086153393578,-0.339086087687028,-0.3390239645658489,0.3857546673250276,0.7185247625544754
20.0,31.0,1004.3430786132812,0.7744653153880249,0.3978217251440722,-0.6912509852329187,0.7774092762061562,0.6476693938772413,-0.5423086153393578,-0.339086087687028,-0.3390239645658489,0.3856882756312429,0.7196192523185432
20.0,31.0,1004.3430786132812,0.7744653153880249,0.3978217251440722,-0.6912509852329187,0.7774092762061562,0.6476693938772413,-0.5423086153393578,-0.339086087687028,-0.3390239645658489,0.3856882756312429,0.7196192523185432
20.0,31.0,1004.3558349609376,0.8266213622282398,0.3978217251440722,-0.6912509852329187,0.7774092762061562,0.6476693938772413,-0.5423086153393578,-0.339086087687028,-0.3390239645658489,0.3856882756312429,0.7196192523185432
20.0,31.0,1004.3558349609376,0.8266213622282398,0.3978217251440722,-0.6912509852329187,0.7774092762061562,0.6476693938772413,-0.5423086153393578,-0.339086087687028,-0.3390239645658489,0.3856882756312429,0.7196192523185432
20.0,31.0,1004.3558349609376,0.8266213622282398,0.3978217251440722,-0.6912509852329187,0.7774092762061562,0.6476693938772413,-0.5423086153393578,-0.339086087687028,-0.3390239645658489,0.3856882756312429,0.7196192523185432
20.0,31.0,1004.3558349609376,0.8266213622282398,0.3978217251440722,-0.6912509852329187,0.7774092762061562,0.6476693938772413,-0.5423086153393578,-0.339086087687028,-0.3390239645658489,0.3856882756312429,0.7196192523185432
20.0,31.0,1004.3936767578124,0.774598972023563,0.3978217251440722,-0.6912509852329187,0.7774092762061562,0.6476693938772413,-0.5423086153393578,-0.339086087687028,-0.3390239645658489,0.3856882756312429,0.7196192523185432
20.0,31.0,1004.394287109375,0.8244933525227314,0.3092006424744691,-0.7666065069418815,0.2274476322568783,0.6626366114513702,-0.5869722179086249,0.0373165915964165,-0.6460547710623075,0.3788263466435764,0.9709143587033844
20.0,31.0,1004.5084838867188,0.8261218770308434,0.1717593457825232,-1.3073300690109348,-0.113356085749311,0.5609128142730455,-1.0708044882888972,0.039333814965403,-0.6460547710623075,0.8247340719018256,0.9709143587033844
20.0,31.0,1004.5084838867188,0.8261218770308434,0.1717593457825232,-1.3073300690109348,-0.113356085749311,0.5609128142730455,-1.0708044882888972,0.039333814965403,-0.6460547710623075,0.8247340719018256,0.9709143587033844
20.0,31.0,1004.5186157226562,0.8265999490312573,0.1829576589561312,-1.3131633076112164,-0.1223970943752593,0.6626366114513702,-0.5867783630490637,0.0373165915964165,-0.3682548402439464,0.3787992951039849,0.7295671931192433
20.0,31.0,1004.654052734375,0.6072983725661711,0.3923821953948915,-1.021512361749489,0.7774092762061562,0.6734398052945179,-0.5870127884190043,-0.3444424732940662,-0.3390239645658489,0.3856882756312429,0.3754745883264547
20.0,31.0,1004.654052734375,0.6072983725661711,0.3923821953948915,-1.021512361749489,0.7774092762061562,0.6734398052945179,-0.5870127884190043,-0.3444424732940662,-0.3390239645658489,0.3856882756312429,0.3754745883264547
20.0,31.0,1004.654052734375,0.6072983725661711,0.3923821953948915,-1.021512361749489,0.7774092762061562,0.6734398052945179,-0.5870127884190043,-0.3444424732940662,-0.3390239645658489,0.3856882756312429,0.3754745883264547
20.0,31.0,1004.654052734375,0.6072983725661711,0.3923821953948915,-1.021512361749489,0.7774092762061562,0.6734398052945179,-0.5870127884190043,-0.3444424732940662,-0.3390239645658489,0.3856882756312429,0.3754745883264547
20.0,31.0,1004.654052734375,0.6072983725661711,0.3923821953948915,-1.021512361749489,0.7774092762061562,0.6734398052945179,-0.5870127884190043,-0.3444424732940662,-0.3390239645658489,0.3856882756312429,0.3754745883264547
20.0,31.0,1004.654052734375,0.6072983725661711,0.3923821953948915,-1.021512361749489,0.7774092762061562,0.6734398052945179,-0.5870127884190043,-0.3444424732940662,-0.3390239645658489,0.3856882756312429,0.3754745883264547
20.0,31.0,1004.654052734375,0.6072983725661711,0.3923821953948915,-1.021512361749489,0.7774092762061562,0.6734398052945179,-0.5870127884190043,-0.3444424732940662,-0.3390239645658489,0.3856882756312429,0.3754745883264547
20.0,31.0,1004.654052734375,0.6072983725661711,0.3923821953948915,-1.021512361749489,0.7774092762061562,0.6734398052945179,-0.5870127884190043,-0.3444424732940662,-0.3390239645658489,0.3856882756312429,0.3754745883264547
20.0,31.0,1004.654052734375,0.6072983725661711,0.3923821953948915,-1.021512361749489,0.7774092762061562,0.6734398052945179,-0.5870127884190043,-0.3444424732940662,-0.3390239645658489,0.3856882756312429,0.3754745883264547
20.0,31.0,1004.91748046875,0.8073720772112248,0.2573706402104556,-0.725533960740095,0.772332213638295,-0.3397635862683256,-0.5884686776078901,0.0420377894815063,-2.0742454307655187,-0.2791847824617789,0.8862657661814015
20.0,31.0,1004.91748046875,0.8073720772112248,0.2573706402104556,-0.725533960740095,0.772332213638295,-0.3397635862683256,-0.5884686776078901,0.0420377894815063,-2.0742454307655187,-0.2791847824617789,0.8862657661814015
20.0,31.0,1004.91748046875,0.8073720772112248,0.2573706402104556,-0.725533960740095,0.772332213638295,-0.3397635862683256,-0.5884686776078901,0.0420377894815063,-2.0742454307655187,-0.2791847824617789,0.8862657661814015
20.0,31.0,1004.91748046875,0.8073720772112248,0.2573706402104556,-0.725533960740095,0.772332213638295,-0.3397635862683256,-0.5884686776078901,0.0420377894815063,-2.0742454307655187,-0.2791847824617789,0.8862657661814015
20.0,31.0,1004.91748046875,0.8073720772112248,0.2573706402104556,-0.725533960740095,0.772332213638295,-0.3397635862683256,-0.5884686776078901,0.0420377894815063,-2.0742454307655187,-0.2791847824617789,0.8862657661814015
20.0,31.0,1004.91748046875,0.8073720772112248,0.2573706402104556,-0.725533960740095,0.772332213638295,-0.3397635862683256,-0.5884686776078901,0.0420377894815063,-2.0742454307655187,-0.2791847824617789,0.8862657661814015
20.0,31.0,1004.91748046875,0.8073720772112248,0.2573706402104556,-0.725533960740095,0.772332213638295,-0.3397635862683256,-0.5884686776078901,0.0420377894815063,-2.0742454307655187,-0.2791847824617789,0.8862657661814015
20.0,31.0,1004.91748046875,0.8073720772112248,0.2573706402104556,-0.725533960740095,0.772332213638295,-0.3397635862683256,-0.5884686776078901,0.0420377894815063,-2.0742454307655187,-0.2791847824617789,0.8862657661814015
20.0,31.0,1004.9758911132812,0.8244932832192132,0.1649249667040924,-1.3073300690109348,-0.113356085749311,0.6624839619965476,-0.5869722179086249,0.0373130644605384,-0.6460547710623075,0.3788263466435764,0.9709302116953346
20.0,31.0,1004.9989013671876,0.6072983725661711,0.3923821953948915,-1.021512361749489,0.7774092762061562,0.6629930644890574,-0.5869752125667089,-0.3444424732940662,-0.3390239645658489,0.3857327495630663,0.3754745883264547
20.0,31.0,1005.0564575195312,0.8265976409803238,0.3978217251440722,-0.7021448358751979,0.7774092762061562,0.6473013779839514,-0.5445044681839697,-0.3388805491436845,-0.3390239645658489,0.3856882756312429,0.7196192523185432
20.0,31.0,1005.124755859375,0.8327134567225599,0.1717593457825232,-1.3073300690109348,-0.113356085749311,0.6626366114513702,-0.5826365091481802,0.0373165915964165,-0.3682548402439464,0.3788263466435764,0.9709143587033844
20.0,31.0,1005.2362670898438,0.8185239196762716,0.1721236613034192,-1.3095212630716089,-0.0918021668515007,0.6644866719554207,-0.5869722179086249,0.0395352206477233,-0.6460547710623075,0.3787599549497917,1.502837698635064
20.0,31.0,1005.2549438476562,0.8244933525227314,0.1717593457825232,-1.3073300690109348,-0.113356085749311,0.6626366114513702,-0.5869722179086249,0.0373165915964165,-0.6460547710623075,0.3788263466435764,0.9709143587033844
20.0,31.0,1005.2549438476562,0.8244933525227314,0.1717593457825232,-1.3073300690109348,-0.113356085749311,0.6626366114513702,-0.5869722179086249,0.0373165915964165,-0.6460547710623075,0.3788263466435764,0.9709143587033844
20.0,31.0,1005.2549438476562,0.8244933525227314,0.1717593457825232,-1.3073300690109348,-0.113356085749311,0.6626366114513702,-0.5869722179086249,0.0373165915964165,-0.6460547710623075,0.3788263466435764,0.9709143587033844
20.0,31.0,1005.2549438476562,0.8244933525227314,0.1717593457825232,-1.3073300690109348,-0.113356085749311,0.6626366114513702,-0.5869722179086249,0.0373165915964165,-0.6460547710623075,0.3788263466435764,0.9709143587033844
20.0,31.0,1005.2549438476562,0.8244933525227314,0.1717593457825232,-1.3073300690109348,-0.113356085749311,0.6626366114513702,-0.5869722179086249,0.0373165915964165,-0.6460547710623075,0.3788263466435764,0.9709143587033844
20.0,32.0,1003.4501953125,0.8244933525227314,0.1717593457825232,-2.378357160883819,-0.0311909432060103,0.5201670551719506,-0.572020629403561,0.1201970601601191,-0.6215705967146201,-0.9274745739175644,-0.4297577406009585
20.0,32.0,1003.4501953125,0.8244933525227314,0.1717593457825232,-2.378357160883819,-0.0311909432060103,0.5201670551719506,-0.572020629403561,0.1201970601601191,-0.6215705967146201,-0.9274745739175644,-0.4297577406009585
20.0,32.0,1003.5155029296876,0.8261218770308434,0.209425812291895,-1.3073300690109348,-0.113356085749311,0.5649279903216496,-1.0708044882888972,0.0392795967288293,-0.6460547710623075,0.8247340719018256,0.9709143587033844
20.0,32.0,1003.5810546875,0.8350555799486116,0.3821521005716593,-1.0540010089174547,0.7947900288505778,0.6944704802618079,-0.6131761605871592,-0.5694503632001859,-2.4658308594713407,0.3057271138160076,-0.5720382601594445
20.0,32.0,1003.5810546875,0.8350555799486116,0.3821521005716593,-1.0540010089174547,0.7947900288505778,0.6944704802618079,-0.6131761605871592,-0.5694503632001859,-2.4658308594713407,0.3057271138160076,-0.5720382601594445
20.0,32.0,1004.1485595703124,0.8261218770308434,0.209425812291895,-1.3073300690109348,-0.113356085749311,0.5609128142730455,-1.0708044882888972,0.039333814965403,-0.6460547710623075,0.8247340719018256,0.9709143587033844
20.0,32.0,1004.1752319335938,0.8266213622282398,0.3978187474060314,-0.6912441218867328,0.7774092762061562,0.6480627663330156,-0.5423086153393578,-0.339086087687028,-0.3390239645658489,0.3856858277892409,0.7196192523185432
20.0,32.0,1004.1978149414062,0.8241159622408898,0.1717593457825232,-1.3073300690109348,-0.0330451758348765,0.7705589030910063,-0.5719245829761689,0.0388298077046654,-0.3682548402439464,0.3788263466435764,0.9709143587033844
20.0,32.0,1004.1978149414062,0.8241159622408898,0.1717593457825232,-1.3073300690109348,-0.0330451758348765,0.7705589030910063,-0.5719245829761689,0.0388298077046654,-0.3682548402439464,0.3788263466435764,0.9709143587033844
20.0,32.0,1004.2332153320312,0.8266213622282398,0.3978217251440722,-0.6858788078817581,0.7774092762061562,0.6476693938772413,-0.5423086153393578,-0.339086087687028,-0.3390239645658489,0.3856882756312429,0.7196192523185432
20.0,32.0,1004.2332153320312,0.8266213622282398,0.3978217251440722,-0.6858788078817581,0.7774092762061562,0.6476693938772413,-0.5423086153393578,-0.339086087687028,-0.3390239645658489,0.3856882756312429,0.7196192523185432
20.0,32.0,1004.2783203125,0.8327134567225599,0.1717593457825232,-1.3073300690109348,-0.113356085749311,0.6626366114513702,-0.5869722179086249,0.0373165915964165,-0.3682548402439464,0.3788263466435764,0.9709143587033844
20.0,32.0,1004.2783203125,0.8327134567225599,0.1717593457825232,-1.3073300690109348,-0.113356085749311,0.6626366114513702,-0.5869722179086249,0.0373165915964165,-0.3682548402439464,0.3788263466435764,0.9709143587033844
20.0,32.0,1004.2906494140624,0.8266213622282398,0.3974574096231764,-0.6836876138210843,0.7774092762061562,0.6480644516879347,-0.5423086153393578,-0.339086087687028,-0.3390239645658489,0.3857546673250276,0.7185247625544754
20.0,32.0,1004.3430786132812,0.7744653153880249,0.3978217251440722,-0.6912509852329187,0.7774092762061562,0.6476693938772413,-0.5423086153393578,-0.339086087687028,-0.3390239645658489,0.3856882756312429,0.7196192523185432
20.0,32.0,1004.3430786132812,0.7744653153880249,0.3978217251440722,-0.6912509852329187,0.7774092762061562,0.6476693938772413,-0.5423086153393578,-0.339086087687028,-0.3390239645658489,0.3856882756312429,0.7196192523185432
20.0,32.0,1004.3558349609376,0.8266213622282398,0.3978217251440722,-0.6912509852329187,0.7774092762061562,0.6476693938772413,-0.5423086153393578,-0.339086087687028,-0.3390239645658489,0.3856882756312429,0.7196192523185432
20.0,32.0,1004.3558349609376,0.8266213622282398,0.3978217251440722,-0.6912509852329187,0.7774092762061562,0.6476693938772413,-0.5423086153393578,-0.339086087687028,-0.3390239645658489,0.3856882756312429,0.7196192523185432
20.0,32.0,1004.3558349609376,0.8266213622282398,0.3978217251440722,-0.6912509852329187,0.7774092762061562,0.6476693938772413,-0.5423086153393578,-0.339086087687028,-0.3390239645658489,0.3856882756312429,0.7196192523185432
20.0,32.0,1004.3558349609376,0.8266213622282398,0.3978217251440722,-0.6912509852329187,0.7774092762061562,0.6476693938772413,-0.5423086153393578,-0.339086087687028,-0.3390239645658489,0.3856882756312429,0.7196192523185432
20.0,32.0,1004.3558349609376,0.8266213622282398,0.3978217251440722,-0.6912509852329187,0.7774092762061562,0.6476693938772413,-0.5423086153393578,-0.339086087687028,-0.3390239645658489,0.3856882756312429,0.7196192523185432
20.0,32.0,1004.3936767578124,0.774598972023563,0.3978217251440722,-0.6912509852329187,0.7774092762061562,0.6476693938772413,-0.5423086153393578,-0.339086087687028,-0.3390239645658489,0.3856882756312429,0.7196192523185432
20.0,32.0,1004.394287109375,0.8244933525227314,0.3092006424744691,-0.7666065069418815,0.2274476322568783,0.6626366114513702,-0.5869722179086249,0.0373165915964165,-0.6460547710623075,0.3788263466435764,0.9709143587033844
20.0,32.0,1004.4281005859376,0.8266213622282398,0.3974603873612172,-0.6836944771672703,0.7774092762061562,0.6476710792321603,-0.5423086153393578,-0.339086087687028,-0.3390239645658489,0.3857571151670296,0.7185247625544754
20.0,32.0,1004.5084838867188,0.8261218770308434,0.1717593457825232,-1.3073300690109348,-0.113356085749311,0.5609128142730455,-1.0708044882888972,0.039333814965403,-0.6460547710623075,0.8247340719018256,0.9709143587033844
20.0,32.0,1004.5084838867188,0.8261218770308434,0.1717593457825232,-1.3073300690109348,-0.113356085749311,0.5609128142730455,-1.0708044882888972,0.039333814965403,-0.6460547710623075,0.8247340719018256,0.9709143587033844
20.0,32.0,1004.5186157226562,0.8265999490312573,0.1829576589561312,-1.3131633076112164,-0.1223970943752593,0.6626366114513702,-0.5867783630490637,0.0373165915964165,-0.3682548402439464,0.3787992951039849,0.7295671931192433
20.0,32.0,1004.654052734375,0.6072983725661711,0.3923821953948915,-1.021512361749489,0.7774092762061562,0.6734398052945179,-0.5870127884190043,-0.3444424732940662,-0.3390239645658489,0.3856882756312429,0.3754745883264547
20.0,32.0,1004.654052734375,0.6072983725661711,0.3923821953948915,-1.021512361749489,0.7774092762061562,0.6734398052945179,-0.5870127884190043,-0.3444424732940662,-0.3390239645658489,0.3856882756312429,0.3754745883264547
20.0,32.0,1004.654052734375,0.6072983725661711,0.3923821953948915,-1.021512361749489,0.7774092762061562,0.6734398052945179,-0.5870127884190043,-0.3444424732940662,-0.3390239645658489,0.3856882756312429,0.3754745883264547
20.0,32.0,1004.654052734375,0.6072983725661711,0.3923821953948915,-1.021512361749489,0.7774092762061562,0.6734398052945179,-0.5870127884190043,-0.3444424732940662,-0.3390239645658489,0.3856882756312429,0.3754745883264547
20.0,32.0,1004.654052734375,0.6072983725661711,0.3923821953948915,-1.021512361749489,0.7774092762061562,0.6734398052945179,-0.5870127884190043,-0.3444424732940662,-0.3390239645658489,0.3856882756312429,0.3754745883264547
20.0,32.0,1004.654052734375,0.6072983725661711,0.3923821953948915,-1.021512361749489,0.7774092762061562,0.6734398052945179,-0.5870127884190043,-0.3444424732940662,-0.3390239645658489,0.3856882756312429,0.3754745883264547
20.0,32.0,1004.654052734375,0.6072983725661711,0.3923821953948915,-1.021512361749489,0.7774092762061562,0.6734398052945179,-0.5870127884190043,-0.3444424732940662,-0.3390239645658489,0.3856882756312429,0.3754745883264547
20.0,32.0,1004.654052734375,0.6072983725661711,0.3923821953948915,-1.021512361749489,0.7774092762061562,0.6734398052945179,-0.5870127884190043,-0.3444424732940662,-0.3390239645658489,0.3856882756312429,0.3754745883264547
20.0,32.0,1004.654052734375,0.6072983725661711,0.3923821953948915,-1.021512361749489,0.7774092762061562,0.6734398052945179,-0.5870127884190043,-0.3444424732940662,-0.3390239645658489,0.3856882756312429,0.3754745883264547
20.0,32.0,1004.91748046875,0.8073720772112248,0.2573706402104556,-0.725533960740095,0.772332213638295,-0.3397635862683256,-0.5884686776078901,0.0420377894815063,-2.0742454307655187,-0.2791847824617789,0.8862657661814015
20.0,32.0,1004.91748046875,0.8073720772112248,0.2573706402104556,-0.725533960740095,0.772332213638295,-0.3397635862683256,-0.5884686776078901,0.0420377894815063,-2.0742454307655187,-0.2791847824617789,0.8862657661814015
20.0,32.0,1004.91748046875,0.8073720772112248,0.2573706402104556,-0.725533960740095,0.772332213638295,-0.3397635862683256,-0.5884686776078901,0.0420377894815063,-2.0742454307655187,-0.2791847824617789,0.8862657661814015
20.0,32.0,1004.91748046875,0.8073720772112248,0.2573706402104556,-0.725533960740095,0.772332213638295,-0.3397635862683256,-0.5884686776078901,0.0420377894815063,-2.0742454307655187,-0.2791847824617789,0.8862657661814015
20.0,32.0,1004.91748046875,0.8073720772112248,0.2573706402104556,-0.725533960740095,0.772332213638295,-0.3397635862683256,-0.5884686776078901,0.0420377894815063,-2.0742454307655187,-0.2791847824617789,0.8862657661814015
20.0,32.0,1004.91748046875,0.8073720772112248,0.2573706402104556,-0.725533960740095,0.772332213638295,-0.3397635862683256,-0.5884686776078901,0.0420377894815063,-2.0742454307655187,-0.2791847824617789,0.8862657661814015
20.0,32.0,1004.91748046875,0.8073720772112248,0.2573706402104556,-0.725533960740095,0.772332213638295,-0.3397635862683256,-0.5884686776078901,0.0420377894815063,-2.0742454307655187,-0.2791847824617789,0.8862657661814015
20.0,32.0,1004.91748046875,0.8073720772112248,0.2573706402104556,-0.725533960740095,0.772332213638295,-0.3397635862683256,-0.5884686776078901,0.0420377894815063,-2.0742454307655187,-0.2791847824617789,0.8862657661814015
20.0,32.0,1004.91748046875,0.8073720772112248,0.2573706402104556,-0.725533960740095,0.772332213638295,-0.3397635862683256,-0.5884686776078901,0.0420377894815063,-2.0742454307655187,-0.2791847824617789,0.8862657661814015
20.0,32.0,1004.91748046875,0.8073720772112248,0.2573706402104556,-0.725533960740095,0.772332213638295,-0.3397635862683256,-0.5884686776078901,0.0420377894815063,-2.0742454307655187,-0.2791847824617789,0.8862657661814015
20.0,32.0,1004.9758911132812,0.8244932832192132,0.1649249667040924,-1.3073300690109348,-0.113356085749311,0.6624839619965476,-0.5869722179086249,0.0373130644605384,-0.6460547710623075,0.3788263466435764,0.9709302116953346
20.0,32.0,1004.9989013671876,0.6072983725661711,0.3923821953948915,-1.021512361749489,0.7774092762061562,0.6629930644890574,-0.5869752125667089,-0.3444424732940662,-0.3390239645658489,0.3857327495630663,0.3754745883264547
20.0,32.0,1005.0564575195312,0.8265976409803238,0.3978217251440722,-0.7021448358751979,0.7774092762061562,0.6473013779839514,-0.5445044681839697,-0.3388805491436845,-0.3390239645658489,0.3856882756312429,0.7196192523185432
20.0,32.0,1005.124755859375,0.8327134567225599,0.1717593457825232,-1.3073300690109348,-0.113356085749311,0.6626366114513702,-0.5826365091481802,0.0373165915964165,-0.3682548402439464,0.3788263466435764,0.9709143587033844
20.0,33.0,1003.4501953125,0.8244933525227314,0.1717593457825232,-2.378357160883819,-0.0311909432060103,0.5201670551719506,-0.572020629403561,0.1201970601601191,-0.6215705967146201,-0.9274745739175644,-0.4297577406009585
20.0,33.0,1003.4501953125,0.8244933525227314,0.1717593457825232,-2.378357160883819,-0.0311909432060103,0.5201670551719506,-0.572020629403561,0.1201970601601191,-0.6215705967146201,-0.9274745739175644,-0.4297577406009585
20.0,33.0,1003.4501953125,0.8244933525227314,0.1717593457825232,-2.378357160883819,-0.0311909432060103,0.5201670551719506,-0.572020629403561,0.1201970601601191,-0.6215705967146201,-0.9274745739175644,-0.4297577406009585
20.0,33.0,1003.5155029296876,0.8261218770308434,0.209425812291895,-1.3073300690109348,-0.113356085749311,0.5649279903216496,-1.0708044882888972,0.0392795967288293,-0.6460547710623075,0.8247340719018256,0.9709143587033844
20.0,33.0,1003.5810546875,0.8350555799486116,0.3821521005716593,-1.0540010089174547,0.7947900288505778,0.6944704802618079,-0.6131761605871592,-0.5694503632001859,-2.4658308594713407,0.3057271138160076,-0.5720382601594445
20.0,33.0,1003.5810546875,0.8350555799486116,0.3821521005716593,-1.0540010089174547,0.7947900288505778,0.6944704802618079,-0.6131761605871592,-0.5694503632001859,-2.4658308594713407,0.3057271138160076,-0.5720382601594445
20.0,33.0,1004.1485595703124,0.8261218770308434,0.209425812291895,-1.3073300690109348,-0.113356085749311,0.5609128142730455,-1.0708044882888972,0.039333814965403,-0.6460547710623075,0.8247340719018256,0.9709143587033844
20.0,33.0,1004.1752319335938,0.8266213622282398,0.3978187474060314,-0.6912441218867328,0.7774092762061562,0.6480627663330156,-0.5423086153393578,-0.339086087687028,-0.3390239645658489,0.3856858277892409,0.7196192523185432
20.0,33.0,1004.1752319335938,0.8266213622282398,0.3978187474060314,-0.6912443658278876,0.7774092762061562,0.6480627663330156,-0.5423086153393578,-0.339086087687028,-0.3390239645658489,0.3856858277892409,0.7196192523185432
20.0,33.0,1004.1978149414062,0.8241159622408898,0.1717593457825232,-1.3073300690109348,-0.0330451758348765,0.7705589030910063,-0.5719245829761689,0.0388298077046654,-0.3682548402439464,0.3788263466435764,0.9709143587033844
20.0,33.0,1004.1978149414062,0.8241159622408898,0.1717593457825232,-1.3073300690109348,-0.0330451758348765,0.7705589030910063,-0.5719245829761689,0.0388298077046654,-0.3682548402439464,0.3788263466435764,0.9709143587033844
20.0,33.0,1004.1978149414062,0.8241159622408898,0.1717593457825232,-1.3073300690109348,-0.0330451758348765,0.7705589030910063,-0.5719245829761689,0.0388298077046654,-0.3682548402439464,0.3788263466435764,0.9709143587033844
20.0,33.0,1004.2332153320312,0.8266213622282398,0.3978217251440722,-0.6858788078817581,0.7774092762061562,0.6476693938772413,-0.5423086153393578,-0.339086087687028,-0.3390239645658489,0.3856882756312429,0.7196192523185432
20.0,33.0,1004.2332153320312,0.8266213622282398,0.3978217251440722,-0.6858788078817581,0.7774092762061562,0.6476693938772413,-0.5423086153393578,-0.339086087687028,-0.3390239645658489,0.3856882756312429,0.7196192523185432
20.0,33.0,1004.2332153320312,0.8266213622282398,0.3978217251440722,-0.6858788078817581,0.7774092762061562,0.6476693938772413,-0.5423086153393578,-0.339086087687028,-0.3390239645658489,0.3856882756312429,0.7196192523185432
20.0,33.0,1004.2783203125,0.8327134567225599,0.1717593457825232,-1.3073300690109348,-0.113356085749311,0.6626366114513702,-0.5869722179086249,0.0373165915964165,-0.3682548402439464,0.3788263466435764,0.9709143587033844
20.0,33.0,1004.2783203125,0.8327134567225599,0.1717593457825232,-1.3073300690109348,-0.113356085749311,0.6626366114513702,-0.5869722179086249,0.0373165915964165,-0.3682548402439464,0.3788263466435764,0.9709143587033844
20.0,33.0,1004.2783203125,0.8327134567225599,0.1717593457825232,-1.3073300690109348,-0.113356085749311,0.6626366114513702,-0.5869722179086249,0.0373165915964165,-0.3682548402439464,0.3788263466435764,0.9709143587033844
20.0,33.0,1004.2906494140624,0.8266213622282398,0.3974574096231764,-0.6836876138210843,0.7774092762061562,0.6480644516879347,-0.5423086153393578,-0.339086087687028,-0.3390239645658489,0.3857546673250276,0.7185247625544754
20.0,33.0,1004.3430786132812,0.7744653153880249,0.3978217251440722,-0.6912509852329187,0.7774092762061562,0.6476693938772413,-0.5423086153393578,-0.339086087687028,-0.3390239645658489,0.3856882756312429,0.7196192523185432
20.0,33.0,1004.3430786132812,0.7744653153880249,0.3978217251440722,-0.6912509852329187,0.7774092762061562,0.6476693938772413,-0.5423086153393578,-0.339086087687028,-0.3390239645658489,0.3856882756312429,0.7196192523185432
20.0,33.0,1004.3558349609376,0.8266213622282398,0.3978217251440722,-0.6912509852329187,0.7774092762061562,0.6476693938772413,-0.5423086153393578,-0.339086087687028,-0.3390239645658489,0.3856882756312429,0.7196192523185432
20.0,33.0,1004.3558349609376,0.8266213622282398,0.3978217251440722,-0.6912509852329187,0.7774092762061562,0.6476693938772413,-0.5423086153393578,-0.339086087687028,-0.3390239645658489,0.3856882756312429,0.7196192523185432
20.0,33.0,1004.3558349609376,0.8266213622282398,0.3978217251440722,-0.6912509852329187,0.7774092762061562,0.6476693938772413,-0.5423086153393578,-0.339086087687028,-0.3390239645658489,0.3856882756312429,0.7196192523185432
20.0,33.0,1004.3558349609376,0.8266213622282398,0.3978217251440722,-0.6912509852329187,0.7774092762061562,0.6476693938772413,-0.5423086153393578,-0.339086087687028,-0.3390239645658489,0.3856882756312429,0.7196192523185432
20.0,33.0,1004.3558349609376,0.8266213622282398,0.3978217251440722,-0.6912509852329187,0.7774092762061562,0.6476693938772413,-0.5423086153393578,-0.339086087687028,-0.3390239645658489,0.3856882756312429,0.7196192523185432
20.0,33.0,1004.3558349609376,0.8266213622282398,0.3978217251440722,-0.6912509852329187,0.7774092762061562,0.6476693938772413,-0.5423086153393578,-0.339086087687028,-0.3390239645658489,0.3856882756312429,0.7196192523185432
20.0,33.0,1004.3936767578124,0.774598972023563,0.3978217251440722,-0.6912509852329187,0.7774092762061562,0.6476693938772413,-0.5423086153393578,-0.339086087687028,-0.3390239645658489,0.3856882756312429,0.7196192523185432
20.0,33.0,1004.394287109375,0.8244933525227314,0.3092006424744691,-0.7666065069418815,0.2274476322568783,0.6626366114513702,-0.5869722179086249,0.0373165915964165,-0.6460547710623075,0.3788263466435764,0.9709143587033844
20.0,33.0,1004.4281005859376,0.8266213622282398,0.3974603873612172,-0.6836944771672703,0.7774092762061562,0.6476710792321603,-0.5423086153393578,-0.339086087687028,-0.3390239645658489,0.3857571151670296,0.7185247625544754
20.0,33.0,1004.5084838867188,0.8261218770308434,0.1717593457825232,-1.3073300690109348,-0.113356085749311,0.5609128142730455,-1.0708044882888972,0.039333814965403,-0.6460547710623075,0.8247340719018256,0.9709143587033844
20.0,33.0,1004.5084838867188,0.8261218770308434,0.1717593457825232,-1.3073300690109348,-0.113356085749311,0.5609128142730455,-1.0708044882888972,0.039333814965403,-0.6460547710623075,0.8247340719018256,0.9709143587033844
20.0,33.0,1004.5186157226562,0.8265999490312573,0.1829576589561312,-1.3131633076112164,-0.1223970943752593,0.6626366114513702,-0.5867783630490637,0.0373165915964165,-0.3682548402439464,0.3787992951039849,0.7295671931192433
20.0,33.0,1004.654052734375,0.6072983725661711,0.3923821953948915,-1.021512361749489,0.7774092762061562,0.6734398052945179,-0.5870127884190043,-0.3444424732940662,-0.3390239645658489,0.3856882756312429,0.3754745883264547
20.0,33.0,1004.654052734375,0.6072983725661711,0.3923821953948915,-1.021512361749489,0.7774092762061562,0.6734398052945179,-0.5870127884190043,-0.3444424732940662,-0.3390239645658489,0.3856882756312429,0.3754745883264547
20.0,33.0,1004.654052734375,0.6072983725661711,0.3923821953948915,-1.021512361749489,0.7774092762061562,0.6734398052945179,-0.5870127884190043,-0.3444424732940662,-0.3390239645658489,0.3856882756312429,0.3754745883264547
20.0,33.0,1004.654052734375,0.6072983725661711,0.3923821953948915,-1.021512361749489,0.7774092762061562,0.6734398052945179,-0.5870127884190043,-0.3444424732940662,-0.3390239645658489,0.3856882756312429,0.3754745883264547
20.0,33.0,1004.654052734375,0.6072983725661711,0.3923821953948915,-1.021512361749489,0.7774092762061562,0.6734398052945179,-0.5870127884190043,-0.3444424732940662,-0.3390239645658489,0.3856882756312429,0.3754745883264547
20.0,33.0,1004.654052734375,0.6072983725661711,0.3923821953948915,-1.021512361749489,0.7774092762061562,0.6734398052945179,-0.5870127884190043,-0.3444424732940662,-0.3390239645658489,0.3856882756312429,0.3754745883264547
20.0,33.0,1004.654052734375,0.6072983725661711,0.3923821953948915,-1.021512361749489,0.7774092762061562,0.6734398052945179,-0.5870127884190043,-0.3444424732940662,-0.3390239645658489,0.3856882756312429,0.3754745883264547
20.0,33.0,1004.654052734375,0.6072983725661711,0.3923821953948915,-1.021512361749489,0.7774092762061562,0.6734398052945179,-0.5870127884190043,-0.3444424732940662,-0.3390239645658489,0.3856882756312429,0.3754745883264547
20.0,33.0,1004.654052734375,0.6072983725661711,0.3923821953948915,-1.021512361749489,0.7774092762061562,0.6734398052945179,-0.5870127884190043,-0.3444424732940662,-0.3390239645658489,0.3856882756312429,0.3754745883264547
20.0,33.0,1004.654052734375,0.6072983725661711,0.3923821953948915,-1.021512361749489,0.7774092762061562,0.6734398052945179,-0.5870127884190043,-0.3444424732940662,-0.3390239645658489,0.3856882756312429,0.3754745883264547
20.0,33.0,1004.91748046875,0.8073720772112248,0.2573706402104556,-0.725533960740095,0.772332213638295,-0.3397635862683256,-0.5884686776078901,0.0420377894815063,-2.0742454307655187,-0.2791847824617789,0.8862657661814015
20.0,33.0,1004.91748046875,0.8073720772112248,0.2573706402104556,-0.725533960740095,0.772332213638295,-0.3397635862683256,-0.5884686776078901,0.0420377894815063,-2.0742454307655187,-0.2791847824617789,0.8862657661814015
20.0,33.0,1004.91748046875,0.8073720772112248,0.2573706402104556,-0.725533960740095,0.772332213638295,-0.3397635862683256,-0.5884686776078901,0.0420377894815063,-2.0742454307655187,-0.2791847824617789,0.8862657661814015
20.0,33.0,1004.91748046875,0.8073720772112248,0.2573706402104556,-0.725533960740095,0.772332213638295,-0.3397635862683256,-0.5884686776078901,0.0420377894815063,-2.0742454307655187,-0.2791847824617789,0.8862657661814015
20.0,33.0,1004.91748046875,0.8073720772112248,0.2573706402104556,-0.725533960740095,0.772332213638295,-0.3397635862683256,-0.5884686776078901,0.0420377894815063,-2.0742454307655187,-0.2791847824617789,0.8862657661814015
20.0,33.0,1004.91748046875,0.8073720772112248,0.2573706402104556,-0.725533960740095,0.772332213638295,-0.3397635862683256,-0.5884686776078901,0.0420377894815063,-2.0742454307655187,-0.2791847824617789,0.8862657661814015
20.0,33.0,1004.91748046875,0.8073720772112248,0.2573706402104556,-0.725533960740095,0.772332213638295,-0.3397635862683256,-0.5884686776078901,0.0420377894815063,-2.0742454307655187,-0.2791847824617789,0.8862657661814015
20.0,34.0,1002.9478149414062,0.8261196525140424,0.1717593457825232,-2.378357160883819,-0.0306561092946315,0.5201670551719506,-0.572020629403561,0.1201970601601191,-0.6215705967146201,-0.9274745739175644,-0.4297577406009585
20.0,34.0,1003.4501953125,0.8244933525227314,0.1717593457825232,-2.378357160883819,-0.0311909432060103,0.5201670551719506,-0.572020629403561,0.1201970601601191,-0.6215705967146201,-0.9274745739175644,-0.4297577406009585
20.0,34.0,1003.4501953125,0.8244933525227314,0.1717593457825232,-2.378357160883819,-0.0311909432060103,0.5201670551719506,-0.572020629403561,0.1201970601601191,-0.6215705967146201,-0.9274745739175644,-0.4297577406009585
20.0,34.0,1003.4501953125,0.8244933525227314,0.1717593457825232,-2.378357160883819,-0.0311909432060103,0.5201670551719506,-0.572020629403561,0.1201970601601191,-0.6215705967146201,-0.9274745739175644,-0.4297577406009585
20.0,34.0,1003.5155029296876,0.8261218770308434,0.209425812291895,-1.3073300690109348,-0.113356085749311,0.5649279903216496,-1.0708044882888972,0.0392795967288293,-0.6460547710623075,0.8247340719018256,0.9709143587033844
20.0,34.0,1003.5810546875,0.8350555799486116,0.3821521005716593,-1.0540010089174547,0.7947900288505778,0.6944704802618079,-0.6131761605871592,-0.5694503632001859,-2.4658308594713407,0.3057271138160076,-0.5720382601594445
20.0,34.0,1003.5810546875,0.8350555799486116,0.3821521005716593,-1.0540010089174547,0.7947900288505778,0.6944704802618079,-0.6131761605871592,-0.5694503632001859,-2.4658308594713407,0.3057271138160076,-0.5720382601594445
20.0,34.0,1003.8342895507812,0.7724800346324759,0.3978217251440722,-0.6912509852329187,0.7774092762061562,0.6476693938772413,-0.5423086153393578,-0.339086087687028,-0.3390239645658489,0.3856882756312429,0.7196192523185432
20.0,34.0,1003.9381103515624,0.8249342670003529,0.1717593457825232,-2.391201063239363,-0.0291307213359034,0.510957092394609,-0.612941182031415,-0.5790878390332364,-2.445508770234389,-0.77996261762231,-0.4297577406009585
20.0,34.0,1004.1485595703124,0.8261218770308434,0.209425812291895,-1.3073300690109348,-0.113356085749311,0.5609128142730455,-1.0708044882888972,0.039333814965403,-0.6460547710623075,0.8247340719018256,0.9709143587033844
20.0,34.0,1004.1752319335938,0.8266213622282398,0.3978187474060314,-0.6912441218867328,0.7774092762061562,0.6480627663330156,-0.5423086153393578,-0.339086087687028,-0.3390239645658489,0.3856858277892409,0.7196192523185432
20.0,34.0,1004.1752319335938,0.8266213622282398,0.3978187474060314,-0.6912443658278876,0.7774092762061562,0.6480627663330156,-0.5423086153393578,-0.339086087687028,-0.3390239645658489,0.3856858277892409,0.7196192523185432
20.0,34.0,1004.1755981445312,0.8266213622282398,0.3978187474060314,-0.6912511428356635,0.7774092762061562,0.6480627663330156,-0.5423086153393578,-0.339086087687028,-0.3390239645658489,0.3856858277892409,0.7196192523185432
20.0,34.0,1004.1978149414062,0.8241159622408898,0.1717593457825232,-1.3073300690109348,-0.0330451758348765,0.7705589030910063,-0.5719245829761689,0.0388298077046654,-0.3682548402439464,0.3788263466435764,0.9709143587033844
20.0,34.0,1004.1978149414062,0.8241159622408898,0.1717593457825232,-1.3073300690109348,-0.0330451758348765,0.7705589030910063,-0.5719245829761689,0.0388298077046654,-0.3682548402439464,0.3788263466435764,0.9709143587033844
20.0,34.0,1004.1978149414062,0.8241159622408898,0.1717593457825232,-1.3073300690109348,-0.0330451758348765,0.7705589030910063,-0.5719245829761689,0.0388298077046654,-0.3682548402439464,0.3788263466435764,0.9709143587033844
20.0,34.0,1004.1978149414062,0.8241159622408898,0.1717593457825232,-1.3073300690109348,-0.0330451758348765,0.7705589030910063,-0.5719245829761689,0.0388298077046654,-0.3682548402439464,0.3788263466435764,0.9709143587033844
20.0,34.0,1004.2332153320312,0.8266213622282398,0.3978217251440722,-0.6858788078817581,0.7774092762061562,0.6476693938772413,-0.5423086153393578,-0.339086087687028,-0.3390239645658489,0.3856882756312429,0.7196192523185432
20.0,34.0,1004.2332153320312,0.8266213622282398,0.3978217251440722,-0.6858788078817581,0.7774092762061562,0.6476693938772413,-0.5423086153393578,-0.339086087687028,-0.3390239645658489,0.3856882756312429,0.7196192523185432
20.0,34.0,1004.2332153320312,0.8266213622282398,0.3978217251440722,-0.6858788078817581,0.7774092762061562,0.6476693938772413,-0.5423086153393578,-0.339086087687028,-0.3390239645658489,0.3856882756312429,0.7196192523185432
20.0,34.0,1004.2783203125,0.8327134567225599,0.1717593457825232,-1.3073300690109348,-0.113356085749311,0.6626366114513702,-0.5869722179086249,0.0373165915964165,-0.3682548402439464,0.3788263466435764,0.9709143587033844
20.0,34.0,1004.2783203125,0.8327134567225599,0.1717593457825232,-1.3073300690109348,-0.113356085749311,0.6626366114513702,-0.5869722179086249,0.0373165915964165,-0.3682548402439464,0.3788263466435764,0.9709143587033844
20.0,34.0,1004.2783203125,0.8327134567225599,0.1717593457825232,-1.3073300690109348,-0.113356085749311,0.6626366114513702,-0.5869722179086249,0.0373165915964165,-0.3682548402439464,0.3788263466435764,0.9709143587033844
20.0,34.0,1004.2783203125,0.8327134567225599,0.1717593457825232,-1.3073300690109348,-0.113356085749311,0.6626366114513702,-0.5869722179086249,0.0373165915964165,-0.3682548402439464,0.3788263466435764,0.9709143587033844
20.0,34.0,1004.2906494140624,0.8266213622282398,0.3974574096231764,-0.6836876138210843,0.7774092762061562,0.6480644516879347,-0.5423086153393578,-0.339086087687028,-0.3390239645658489,0.3857546673250276,0.7185247625544754
20.0,34.0,1004.2976684570312,0.8266213622282398,0.3974516925004313,-0.6858788078817581,0.7774092762061562,0.6476693938772413,-0.5423086153393578,-0.339086087687028,-0.3390239645658489,0.3857543039798192,0.7196192523185432
20.0,34.0,1004.3031005859376,0.8266213622282398,0.3974644898466727,-0.6836413210445285,0.7774092762061562,0.6480676379795455,-0.5423086153393578,-0.339086087687028,-0.3390239645658489,0.3857520988395936,0.7184760309374512
20.0,34.0,1004.3099975585938,0.8244955770395324,0.209425812291895,-1.3073300690109348,-0.1138909196606897,0.5649279903216496,-1.0708044882888972,0.0392795967288293,-0.6460547710623075,0.8247340719018256,0.9709143587033844
20.0,34.0,1004.3430786132812,0.7744653153880249,0.3978217251440722,-0.6912509852329187,0.7774092762061562,0.6476693938772413,-0.5423086153393578,-0.339086087687028,-0.3390239645658489,0.3856882756312429,0.7196192523185432
20.0,34.0,1004.3430786132812,0.7744653153880249,0.3978217251440722,-0.6912509852329187,0.7774092762061562,0.6476693938772413,-0.5423086153393578,-0.339086087687028,-0.3390239645658489,0.3856882756312429,0.7196192523185432
20.0,34.0,1004.3558349609376,0.8266213622282398,0.3978217251440722,-0.6912509852329187,0.7774092762061562,0.6476693938772413,-0.5423086153393578,-0.339086087687028,-0.3390239645658489,0.3856882756312429,0.7196192523185432
20.0,34.0,1004.3558349609376,0.8266213622282398,0.3978217251440722,-0.6912509852329187,0.7774092762061562,0.6476693938772413,-0.5423086153393578,-0.339086087687028,-0.3390239645658489,0.3856882756312429,0.7196192523185432
20.0,34.0,1004.3558349609376,0.8266213622282398,0.3978217251440722,-0.6912509852329187,0.7774092762061562,0.6476693938772413,-0.5423086153393578,-0.339086087687028,-0.3390239645658489,0.3856882756312429,0.7196192523185432
20.0,34.0,1004.3558349609376,0.8266213622282398,0.3978217251440722,-0.6912509852329187,0.7774092762061562,0.6476693938772413,-0.5423086153393578,-0.339086087687028,-0.3390239645658489,0.3856882756312429,0.7196192523185432
20.0,34.0,1004.3558349609376,0.8266213622282398,0.3978217251440722,-0.6912509852329187,0.7774092762061562,0.6476693938772413,-0.5423086153393578,-0.339086087687028,-0.3390239645658489,0.3856882756312429,0.7196192523185432
20.0,34.0,1004.3558349609376,0.8266213622282398,0.3978217251440722,-0.6912509852329187,0.7774092762061562,0.6476693938772413,-0.5423086153393578,-0.339086087687028,-0.3390239645658489,0.3856882756312429,0.7196192523185432
20.0,34.0,1004.3558349609376,0.8266213622282398,0.3978217251440722,-0.6912509852329187,0.7774092762061562,0.6476693938772413,-0.5423086153393578,-0.339086087687028,-0.3390239645658489,0.3856882756312429,0.7196192523185432
20.0,34.0,1004.3936767578124,0.774598972023563,0.3978217251440722,-0.6912509852329187,0.7774092762061562,0.6476693938772413,-0.5423086153393578,-0.339086087687028,-0.3390239645658489,0.3856882756312429,0.7196192523185432
20.0,34.0,1004.394287109375,0.8244933525227314,0.3092006424744691,-0.7666065069418815,0.2274476322568783,0.6626366114513702,-0.5869722179086249,0.0373165915964165,-0.6460547710623075,0.3788263466435764,0.9709143587033844
20.0,34.0,1004.4281005859376,0.8266213622282398,0.3974603873612172,-0.6836944771672703,0.7774092762061562,0.6476710792321603,-0.5423086153393578,-0.339086087687028,-0.3390239645658489,0.3857571151670296,0.7185247625544754
20.0,34.0,1004.5084838867188,0.8261218770308434,0.1717593457825232,-1.3073300690109348,-0.113356085749311,0.5609128142730455,-1.0708044882888972,0.039333814965403,-0.6460547710623075,0.8247340719018256,0.9709143587033844
20.0,34.0,1004.5084838867188,0.8261218770308434,0.1717593457825232,-1.3073300690109348,-0.113356085749311,0.5609128142730455,-1.0708044882888972,0.039333814965403,-0.6460547710623075,0.8247340719018256,0.9709143587033844
20.0,34.0,1004.5186157226562,0.8265999490312573,0.1829576589561312,-1.3131633076112164,-0.1223970943752593,0.6626366114513702,-0.5867783630490637,0.0373165915964165,-0.3682548402439464,0.3787992951039849,0.7295671931192433
20.0,34.0,1004.654052734375,0.6072983725661711,0.3923821953948915,-1.021512361749489,0.7774092762061562,0.6734398052945179,-0.5870127884190043,-0.3444424732940662,-0.3390239645658489,0.3856882756312429,0.3754745883264547
20.0,34.0,1004.654052734375,0.6072983725661711,0.3923821953948915,-1.021512361749489,0.7774092762061562,0.6734398052945179,-0.5870127884190043,-0.3444424732940662,-0.3390239645658489,0.3856882756312429,0.3754745883264547
20.0,34.0,1004.654052734375,0.6072983725661711,0.3923821953948915,-1.021512361749489,0.7774092762061562,0.6734398052945179,-0.5870127884190043,-0.3444424732940662,-0.3390239645658489,0.3856882756312429,0.3754745883264547
20.0,34.0,1004.654052734375,0.6072983725661711,0.3923821953948915,-1.021512361749489,0.7774092762061562,0.6734398052945179,-0.5870127884190043,-0.3444424732940662,-0.3390239645658489,0.3856882756312429,0.3754745883264547
20.0,34.0,1004.654052734375,0.6072983725661711,0.3923821953948915,-1.021512361749489,0.7774092762061562,0.6734398052945179,-0.5870127884190043,-0.3444424732940662,-0.3390239645658489,0.3856882756312429,0.3754745883264547
20.0,34.0,1004.654052734375,0.6072983725661711,0.3923821953948915,-1.021512361749489,0.7774092762061562,0.6734398052945179,-0.5870127884190043,-0.3444424732940662,-0.3390239645658489,0.3856882756312429,0.3754745883264547
20.0,34.0,1004.654052734375,0.6072983725661711,0.3923821953948915,-1.021512361749489,0.7774092762061562,0.6734398052945179,-0.5870127884190043,-0.3444424732940662,-0.3390239645658489,0.3856882756312429,0.3754745883264547
20.0,35.0,1002.9478149414062,0.8261196525140424,0.1717593457825232,-2.378357160883819,-0.0306561092946315,0.5201670551719506,-0.572020629403561,0.1201970601601191,-0.6215705967146201,-0.9274745739175644,-0.4297577406009585
20.0,35.0,1003.4501953125,0.8244933525227314,0.1717593457825232,-2.378357160883819,-0.0311909432060103,0.5201670551719506,-0.572020629403561,0.1201970601601191,-0.6215705967146201,-0.9274745739175644,-0.4297577406009585
20.0,35.0,1003.4501953125,0.8244933525227314,0.1717593457825232,-2.378357160883819,-0.0311909432060103,0.5201670551719506,-0.572020629403561,0.1201970601601191,-0.6215705967146201,-0.9274745739175644,-0.4297577406009585
20.0,35.0,1003.4501953125,0.8244933525227314,0.1717593457825232,-2.378357160883819,-0.0311909432060103,0.5201670551719506,-0.572020629403561,0.1201970601601191,-0.6215705967146201,-0.9274745739175644,-0.4297577406009585
20.0,35.0,1003.5155029296876,0.8261218770308434,0.209425812291895,-1.3073300690109348,-0.113356085749311,0.5649279903216496,-1.0708044882888972,0.0392795967288293,-0.6460547710623075,0.8247340719018256,0.9709143587033844
20.0,35.0,1003.5155639648438,0.8261218770308434,0.209425812291895,-1.3073300690109348,-0.113356085749311,0.5649279903216496,-1.0708044882888972,0.0392800953367632,-0.6460547710623075,0.8247340719018256,0.9709143587033844
20.0,35.0,1003.5810546875,0.8350555799486116,0.3821521005716593,-1.0540010089174547,0.7947900288505778,0.6944704802618079,-0.6131761605871592,-0.5694503632001859,-2.4658308594713407,0.3057271138160076,-0.5720382601594445
20.0,35.0,1003.5810546875,0.8350555799486116,0.3821521005716593,-1.0540010089174547,0.7947900288505778,0.6944704802618079,-0.6131761605871592,-0.5694503632001859,-2.4658308594713407,0.3057271138160076,-0.5720382601594445
20.0,35.0,1003.5810546875,0.8350555799486116,0.3821521005716593,-1.0540010089174547,0.7947900288505778,0.6944704802618079,-0.6131761605871592,-0.5694503632001859,-2.4658308594713407,0.3057271138160076,-0.5720382601594445
20.0,35.0,1003.8342895507812,0.7724800346324759,0.3978217251440722,-0.6912509852329187,0.7774092762061562,0.6476693938772413,-0.5423086153393578,-0.339086087687028,-0.3390239645658489,0.3856882756312429,0.7196192523185432
20.0,35.0,1003.9381103515624,0.8249342670003529,0.1717593457825232,-2.391201063239363,-0.0291307213359034,0.510957092394609,-0.612941182031415,-0.5790878390332364,-2.445508770234389,-0.77996261762231,-0.4297577406009585
20.0,35.0,1004.0369873046876,0.8273182415241076,0.3978217251440722,-0.6912509852329187,0.7774092762061562,0.6476693938772413,-0.5423086153393578,-0.339086087687028,-0.3390239645658489,0.3856882756312429,0.7196192523185432
20.0,35.0,1004.1483764648438,0.8261218770308434,0.209425812291895,-1.3073300690109348,-0.113356085749311,0.5609128142730455,-1.0708044882888972,0.0393333163574691,-0.6460547710623075,0.8247340719018256,0.9709143587033844
20.0,35.0,1004.1485595703124,0.8261218770308434,0.209425812291895,-1.3073300690109348,-0.113356085749311,0.5609128142730455,-1.0708044882888972,0.039333814965403,-0.6460547710623075,0.8247340719018256,0.9709143587033844
20.0,35.0,1004.1752319335938,0.8266213622282398,0.3978187474060314,-0.6912441218867328,0.7774092762061562,0.6480627663330156,-0.5423086153393578,-0.339086087687028,-0.3390239645658489,0.3856858277892409,0.7196192523185432
20.0,35.0,1004.1752319335938,0.8266213622282398,0.3978187474060314,-0.6912443658278876,0.7774092762061562,0.6480627663330156,-0.5423086153393578,-0.339086087687028,-0.3390239645658489,0.3856858277892409,0.7196192523185432
20.0,35.0,1004.1752319335938,0.8266213622282398,0.3978187474060314,-0.6912443658278876,0.7774092762061562,0.6480627663330156,-0.5423086153393578,-0.339086087687028,-0.3390239645658489,0.3856858277892409,0.7196192523185432
20.0,35.0,1004.1755981445312,0.8266213622282398,0.3978187474060314,-0.6912511428356635,0.7774092762061562,0.6480627663330156,-0.5423086153393578,-0.339086087687028,-0.3390239645658489,0.3856858277892409,0.7196192523185432
20.0,35.0,1004.1978149414062,0.8241159622408898,0.1717593457825232,-1.3073300690109348,-0.0330451758348765,0.7705589030910063,-0.5719245829761689,0.0388298077046654,-0.3682548402439464,0.3788263466435764,0.9709143587033844
20.0,35.0,1004.1978149414062,0.8241159622408898,0.1717593457825232,-1.3073300690109348,-0.0330451758348765,0.7705589030910063,-0.5719245829761689,0.0388298077046654,-0.3682548402439464,0.3788263466435764,0.9709143587033844
20.0,35.0,1004.1978149414062,0.8241159622408898,0.1717593457825232,-1.3073300690109348,-0.0330451758348765,0.7705589030910063,-0.5719245829761689,0.0388298077046654,-0.3682548402439464,0.3788263466435764,0.9709143587033844
20.0,35.0,1004.1978149414062,0.8241159622408898,0.1717593457825232,-1.3073300690109348,-0.0330451758348765,0.7705589030910063,-0.5719245829761689,0.0388298077046654,-0.3682548402439464,0.3788263466435764,0.9709143587033844
20.0,35.0,1004.2332153320312,0.8266213622282398,0.3978217251440722,-0.6858788078817581,0.7774092762061562,0.6476693938772413,-0.5423086153393578,-0.339086087687028,-0.3390239645658489,0.3856882756312429,0.7196192523185432
20.0,35.0,1004.2332153320312,0.8266213622282398,0.3978217251440722,-0.6858788078817581,0.7774092762061562,0.6476693938772413,-0.5423086153393578,-0.339086087687028,-0.3390239645658489,0.3856882756312429,0.7196192523185432
20.0,35.0,1004.2332153320312,0.8266213622282398,0.3978217251440722,-0.6858788078817581,0.7774092762061562,0.6476693938772413,-0.5423086153393578,-0.339086087687028,-0.3390239645658489,0.3856882756312429,0.7196192523185432
20.0,35.0,1004.2783203125,0.8327134567225599,0.1717593457825232,-1.3073300690109348,-0.113356085749311,0.6626366114513702,-0.5869722179086249,0.0373165915964165,-0.3682548402439464,0.3788263466435764,0.9709143587033844
20.0,35.0,1004.2783203125,0.8327134567225599,0.1717593457825232,-1.3073300690109348,-0.113356085749311,0.6626366114513702,-0.5869722179086249,0.0373165915964165,-0.3682548402439464,0.3788263466435764,0.9709143587033844
20.0,35.0,1004.2783203125,0.8327134567225599,0.1717593457825232,-1.3073300690109348,-0.113356085749311,0.6626366114513702,-0.5869722179086249,0.0373165915964165,-0.3682548402439464,0.3788263466435764,0.9709143587033844
20.0,35.0,1004.2783203125,0.8327134567225599,0.1717593457825232,-1.3073300690109348,-0.113356085749311,0.6626366114513702,-0.5869722179086249,0.0373165915964165,-0.3682548402439464,0.3788263466435764,0.9709143587033844
20.0,35.0,1004.2906494140624,0.8266213622282398,0.3974574096231764,-0.6836876138210843,0.7774092762061562,0.6480644516879347,-0.5423086153393578,-0.339086087687028,-0.3390239645658489,0.3857546673250276,0.7185247625544754
20.0,35.0,1004.2976684570312,0.8266213622282398,0.3974516925004313,-0.6858788078817581,0.7774092762061562,0.6476693938772413,-0.5423086153393578,-0.339086087687028,-0.3390239645658489,0.3857543039798192,0.7196192523185432
20.0,35.0,1004.3031005859376,0.8266213622282398,0.3974644898466727,-0.6836413210445285,0.7774092762061562,0.6480676379795455,-0.5423086153393578,-0.339086087687028,-0.3390239645658489,0.3857520988395936,0.7184760309374512
20.0,35.0,1004.3099975585938,0.8244955770395324,0.209425812291895,-1.3073300690109348,-0.1138909196606897,0.5649279903216496,-1.0708044882888972,0.0392795967288293,-0.6460547710623075,0.8247340719018256,0.9709143587033844
20.0,35.0,1004.3209838867188,0.6486904369997001,0.1717593457825232,-1.3073300690109348,-0.113356085749311,0.6626366114513702,-0.5879887548239248,0.0373165915964165,-0.3687113826281699,0.3788263466435764,0.970157592566203
20.0,35.0,1004.3430786132812,0.7744653153880249,0.3978217251440722,-0.6912509852329187,0.7774092762061562,0.6476693938772413,-0.5423086153393578,-0.339086087687028,-0.3390239645658489,0.3856882756312429,0.7196192523185432
20.0,35.0,1004.3430786132812,0.7744653153880249,0.3978217251440722,-0.6912509852329187,0.7774092762061562,0.6476693938772413,-0.5423086153393578,-0.339086087687028,-0.3390239645658489,0.3856882756312429,0.7196192523185432
20.0,35.0,1004.3558349609376,0.8266213622282398,0.3978217251440722,-0.6912509852329187,0.7774092762061562,0.6476693938772413,-0.5423086153393578,-0.339086087687028,-0.3390239645658489,0.3856882756312429,0.7196192523185432
20.0,35.0,1004.3558349609376,0.8266213622282398,0.3978217251440722,-0.6912509852329187,0.7774092762061562,0.6476693938772413,-0.5423086153393578,-0.339086087687028,-0.3390239645658489,0.3856882756312429,0.7196192523185432
20.0,35.0,1004.3558349609376,0.8266213622282398,0.3978217251440722,-0.6912509852329187,0.7774092762061562,0.6476693938772413,-0.5423086153393578,-0.339086087687028,-0.3390239645658489,0.3856882756312429,0.7196192523185432
20.0,35.0,1004.3558349609376,0.8266213622282398,0.3978217251440722,-0.6912509852329187,0.7774092762061562,0.6476693938772413,-0.5423086153393578,-0.339086087687028,-0.3390239645658489,0.3856882756312429,0.7196192523185432
20.0,35.0,1004.3558349609376,0.8266213622282398,0.3978217251440722,-0.6912509852329187,0.7774092762061562,0.6476693938772413,-0.5423086153393578,-0.339086087687028,-0.3390239645658489,0.3856882756312429,0.7196192523185432
20.0,35.0,1004.3558349609376,0.8266213622282398,0.3978217251440722,-0.6912509852329187,0.7774092762061562,0.6476693938772413,-0.5423086153393578,-0.339086087687028,-0.3390239645658489,0.3856882756312429,0.7196192523185432
20.0,35.0,1004.3558349609376,0.8266213622282398,0.3978217251440722,-0.6912509852329187,0.7774092762061562,0.6476693938772413,-0.5423086153393578,-0.339086087687028,-0.3390239645658489,0.3856882756312429,0.7196192523185432
20.0,35.0,1004.3936767578124,0.774598972023563,0.3978217251440722,-0.6912509852329187,0.7774092762061562,0.6476693938772413,-0.5423086153393578,-0.339086087687028,-0.3390239645658489,0.3856882756312429,0.7196192523185432
20.0,35.0,1004.394287109375,0.8244933525227314,0.3092006424744691,-0.7666065069418815,0.2274476322568783,0.6626366114513702,-0.5869722179086249,0.0373165915964165,-0.6460547710623075,0.3788263466435764,0.9709143587033844
20.0,35.0,1004.4281005859376,0.8266213622282398,0.3974603873612172,-0.6836944771672703,0.7774092762061562,0.6476710792321603,-0.5423086153393578,-0.339086087687028,-0.3390239645658489,0.3857571151670296,0.7185247625544754
20.0,35.0,1004.5084838867188,0.8261218770308434,0.1717593457825232,-1.3073300690109348,-0.113356085749311,0.5609128142730455,-1.0708044882888972,0.039333814965403,-0.6460547710623075,0.8247340719018256,0.9709143587033844
20.0,35.0,1004.5084838867188,0.8261218770308434,0.1717593457825232,-1.3073300690109348,-0.113356085749311,0.5609128142730455,-1.0708044882888972,0.039333814965403,-0.6460547710623075,0.8247340719018256,0.9709143587033844
20.0,35.0,1004.5186157226562,0.8265999490312573,0.1829576589561312,-1.3131633076112164,-0.1223970943752593,0.6626366114513702,-0.5867783630490637,0.0373165915964165,-0.3682548402439464,0.3787992951039849,0.7295671931192433
20.0,35.0,1004.654052734375,0.6072983725661711,0.3923821953948915,-1.021512361749489,0.7774092762061562,0.6734398052945179,-0.5870127884190043,-0.3444424732940662,-0.3390239645658489,0.3856882756312429,0.3754745883264547
20.0,36.0,1002.9478149414062,0.8261196525140424,0.1717593457825232,-2.378357160883819,-0.0306561092946315,0.5201670551719506,-0.572020629403561,0.1201970601601191,-0.6215705967146201,-0.9274745739175644,-0.4297577406009585
20.0,36.0,1003.4501953125,0.8244933525227314,0.1717593457825232,-2.378357160883819,-0.0311909432060103,0.5201670551719506,-0.572020629403561,0.1201970601601191,-0.6215705967146201,-0.9274745739175644,-0.4297577406009585
20.0,36.0,1003.4501953125,0.8244933525227314,0.1717593457825232,-2.378357160883819,-0.0311909432060103,0.5201670551719506,-0.572020629403561,0.1201970601601191,-0.6215705967146201,-0.9274745739175644,-0.4297577406009585
20.0,36.0,1003.4501953125,0.8244933525227314,0.1717593457825232,-2.378357160883819,-0.0311909432060103,0.5201670551719506,-0.572020629403561,0.1201970601601191,-0.6215705967146201,-0.9274745739175644,-0.4297577406009585
20.0,36.0,1003.4501953125,0.8244933525227314,0.1717593457825232,-2.378357160883819,-0.0311909432060103,0.5201670551719506,-0.572020629403561,0.1201970601601191,-0.6215705967146201,-0.9274745739175644,-0.4297577406009585
20.0,36.0,1003.5155029296876,0.8261218770308434,0.209425812291895,-1.3073300690109348,-0.113356085749311,0.5649279903216496,-1.0708044882888972,0.0392795967288293,-0.6460547710623075,0.8247340719018256,0.9709143587033844
20.0,36.0,1003.5155639648438,0.8261218770308434,0.209425812291895,-1.3073300690109348,-0.113356085749311,0.5649279903216496,-1.0708044882888972,0.0392800953367632,-0.6460547710623075,0.8247340719018256,0.9709143587033844
20.0,36.0,1003.5810546875,0.8350555799486116,0.3821521005716593,-1.0540010089174547,0.7947900288505778,0.6944704802618079,-0.6131761605871592,-0.5694503632001859,-2.4658308594713407,0.3057271138160076,-0.5720382601594445
20.0,36.0,1003.5810546875,0.8350555799486116,0.3821521005716593,-1.0540010089174547,0.7947900288505778,0.6944704802618079,-0.6131761605871592,-0.5694503632001859,-2.4658308594713407,0.3057271138160076,-0.5720382601594445
20.0,36.0,1003.5810546875,0.8350555799486116,0.3821521005716593,-1.0540010089174547,0.7947900288505778,0.6944704802618079,-0.6131761605871592,-0.5694503632001859,-2.4658308594713407,0.3057271138160076,-0.5720382601594445
20.0,36.0,1003.7880859375,0.8241159622408898,0.1717593457825232,-1.3073300690109348,-0.0357810840803336,0.7705589030910063,-0.5719245829761689,0.0388298077046654,-0.3682548402439464,0.3788263466435764,0.9709143587033844
20.0,36.0,1003.8342895507812,0.7724800346324759,0.3978217251440722,-0.6912509852329187,0.7774092762061562,0.6476693938772413,-0.5423086153393578,-0.339086087687028,-0.3390239645658489,0.3856882756312429,0.7196192523185432
20.0,36.0,1003.9381103515624,0.8249342670003529,0.1717593457825232,-2.391201063239363,-0.0291307213359034,0.510957092394609,-0.612941182031415,-0.5790878390332364,-2.445508770234389,-0.77996261762231,-0.4297577406009585
20.0,36.0,1003.9741821289062,0.8273248301161585,0.3978217251440722,-0.6858788078817581,0.7774092762061562,0.6476693938772413,-0.5423086153393578,-0.339086087687028,-0.3390239645658489,0.3856882756312429,0.7196192523185432
20.0,36.0,1004.0369873046876,0.8273182415241076,0.3978217251440722,-0.6912509852329187,0.7774092762061562,0.6476693938772413,-0.5423086153393578,-0.339086087687028,-0.3390239645658489,0.3856882756312429,0.7196192523185432
20.0,36.0,1004.09326171875,0.8266213622282398,0.3978187474060314,-0.6912511428356635,0.7774092762061562,0.6480627663330156,-0.5423086153393578,-0.340975467799524,-0.3390239645658489,0.3843635568472672,0.7196192523185432
20.0,36.0,1004.1483764648438,0.8261218770308434,0.209425812291895,-1.3073300690109348,-0.113356085749311,0.5609128142730455,-1.0708044882888972,0.0393333163574691,-0.6460547710623075,0.8247340719018256,0.9709143587033844
20.0,36.0,1004.1485595703124,0.8261218770308434,0.209425812291895,-1.3073300690109348,-0.113356085749311,0.5609128142730455,-1.0708044882888972,0.039333814965403,-0.6460547710623075,0.8247340719018256,0.9709143587033844
20.0,36.0,1004.1752319335938,0.8266213622282398,0.3978187474060314,-0.6912441218867328,0.7774092762061562,0.6480627663330156,-0.5423086153393578,-0.339086087687028,-0.3390239645658489,0.3856858277892409,0.7196192523185432
20.0,36.0,1004.1752319335938,0.8266213622282398,0.3978187474060314,-0.6912443658278876,0.7774092762061562,0.6480627663330156,-0.5423086153393578,-0.339086087687028,-0.3390239645658489,0.3856858277892409,0.7196192523185432
20.0,36.0,1004.1752319335938,0.8266213622282398,0.3978187474060314,-0.6912443658278876,0.7774092762061562,0.6480627663330156,-0.5423086153393578,-0.339086087687028,-0.3390239645658489,0.3856858277892409,0.7196192523185432
20.0,36.0,1004.1752319335938,0.8266213622282398,0.3978187474060314,-0.6912443658278876,0.7774092762061562,0.6480627663330156,-0.5423086153393578,-0.339086087687028,-0.3390239645658489,0.3856858277892409,0.7196192523185432
20.0,36.0,1004.1752319335938,0.8266213622282398,0.3978187474060314,-0.6912443658278876,0.7774092762061562,0.6480627663330156,-0.5423086153393578,-0.339086087687028,-0.3390239645658489,0.3856858277892409,0.7196192523185432
20.0,36.0,1004.1755981445312,0.8266213622282398,0.3978187474060314,-0.6912511428356635,0.7774092762061562,0.6480627663330156,-0.5423086153393578,-0.339086087687028,-0.3390239645658489,0.3856858277892409,0.7196192523185432
20.0,36.0,1004.1978149414062,0.8241159622408898,0.1717593457825232,-1.3073300690109348,-0.0330451758348765,0.7705589030910063,-0.5719245829761689,0.0388298077046654,-0.3682548402439464,0.3788263466435764,0.9709143587033844
20.0,36.0,1004.1978149414062,0.8241159622408898,0.1717593457825232,-1.3073300690109348,-0.0330451758348765,0.7705589030910063,-0.5719245829761689,0.0388298077046654,-0.3682548402439464,0.3788263466435764,0.9709143587033844
20.0,36.0,1004.1978149414062,0.8241159622408898,0.1717593457825232,-1.3073300690109348,-0.0330451758348765,0.7705589030910063,-0.5719245829761689,0.0388298077046654,-0.3682548402439464,0.3788263466435764,0.9709143587033844
20.0,36.0,1004.1978149414062,0.8241159622408898,0.1717593457825232,-1.3073300690109348,-0.0330451758348765,0.7705589030910063,-0.5719245829761689,0.0388298077046654,-0.3682548402439464,0.3788263466435764,0.9709143587033844
20.0,36.0,1004.1978149414062,0.8241159622408898,0.1717593457825232,-1.3073300690109348,-0.0330451758348765,0.7705589030910063,-0.5719245829761689,0.0388298077046654,-0.3682548402439464,0.3788263466435764,0.9709143587033844
20.0,36.0,1004.2332153320312,0.8266213622282398,0.3978217251440722,-0.6858788078817581,0.7774092762061562,0.6476693938772413,-0.5423086153393578,-0.339086087687028,-0.3390239645658489,0.3856882756312429,0.7196192523185432
20.0,36.0,1004.2332153320312,0.8266213622282398,0.3978217251440722,-0.6858788078817581,0.7774092762061562,0.6476693938772413,-0.5423086153393578,-0.339086087687028,-0.3390239645658489,0.3856882756312429,0.7196192523185432
20.0,36.0,1004.2332153320312,0.8266213622282398,0.3978217251440722,-0.6858788078817581,0.7774092762061562,0.6476693938772413,-0.5423086153393578,-0.339086087687028,-0.3390239645658489,0.3856882756312429,0.7196192523185432
20.0,36.0,1004.2332153320312,0.8266213622282398,0.3978217251440722,-0.6858788078817581,0.7774092762061562,0.6476693938772413,-0.5423086153393578,-0.339086087687028,-0.3390239645658489,0.3856882756312429,0.7196192523185432
20.0,36.0,1004.2783203125,0.8327134567225599,0.1717593457825232,-1.3073300690109348,-0.113356085749311,0.6626366114513702,-0.5869722179086249,0.0373165915964165,-0.3682548402439464,0.3788263466435764,0.9709143587033844
20.0,36.0,1004.2783203125,0.8327134567225599,0.1717593457825232,-1.3073300690109348,-0.113356085749311,0.6626366114513702,-0.5869722179086249,0.0373165915964165,-0.3682548402439464,0.3788263466435764,0.9709143587033844
20.0,36.0,1004.2783203125,0.8327134567225599,0.1717593457825232,-1.3073300690109348,-0.113356085749311,0.6626366114513702,-0.5869722179086249,0.0373165915964165,-0.3682548402439464,0.3788263466435764,0.9709143587033844
20.0,36.0,1004.2783203125,0.8327134567225599,0.1717593457825232,-1.3073300690109348,-0.113356085749311,0.6626366114513702,-0.5869722179086249,0.0373165915964165,-0.3682548402439464,0.3788263466435764,0.9709143587033844
20.0,36.0,1004.2906494140624,0.8266213622282398,0.3974574096231764,-0.6836876138210843,0.7774092762061562,0.6480644516879347,-0.5423086153393578,-0.339086087687028,-0.3390239645658489,0.3857546673250276,0.7185247625544754
20.0,36.0,1004.2976684570312,0.8266213622282398,0.3974516925004313,-0.6858788078817581,0.7774092762061562,0.6476693938772413,-0.5423086153393578,-0.339086087687028,-0.3390239645658489,0.3857543039798192,0.7196192523185432
20.0,36.0,1004.3028564453124,0.8266213622282398,0.3974646233232491,-0.6858613258360744,0.7774092762061562,0.6476693938772413,-0.5423086153393578,-0.339086087687028,-0.3390239645658489,0.3856882756312429,0.7196192523185432
20.0,36.0,1004.3031005859376,0.8266213622282398,0.3974644898466727,-0.6836413210445285,0.7774092762061562,0.6480676379795455,-0.5423086153393578,-0.339086087687028,-0.3390239645658489,0.3857520988395936,0.7184760309374512
20.0,36.0,1004.3099975585938,0.8244955770395324,0.209425812291895,-1.3073300690109348,-0.1138909196606897,0.5649279903216496,-1.0708044882888972,0.0392795967288293,-0.6460547710623075,0.8247340719018256,0.9709143587033844
20.0,36.0,1004.3209838867188,0.6486904369997001,0.1717593457825232,-1.3073300690109348,-0.113356085749311,0.6626366114513702,-0.5879887548239248,0.0373165915964165,-0.3687113826281699,0.3788263466435764,0.970157592566203
20.0,36.0,1004.3430786132812,0.7744653153880249,0.3978217251440722,-0.6912509852329187,0.7774092762061562,0.6476693938772413,-0.5423086153393578,-0.339086087687028,-0.3390239645658489,0.3856882756312429,0.7196192523185432
20.0,36.0,1004.3430786132812,0.7744653153880249,0.3978217251440722,-0.6912509852329187,0.7774092762061562,0.6476693938772413,-0.5423086153393578,-0.339086087687028,-0.3390239645658489,0.3856882756312429,0.7196192523185432
20.0,36.0,1004.3558349609376,0.8266213622282398,0.3978217251440722,-0.6912509852329187,0.7774092762061562,0.6476693938772413,-0.5423086153393578,-0.339086087687028,-0.3390239645658489,0.3856882756312429,0.7196192523185432
20.0,36.0,1004.3558349609376,0.8266213622282398,0.3978217251440722,-0.6912509852329187,0.7774092762061562,0.6476693938772413,-0.5423086153393578,-0.339086087687028,-0.3390239645658489,0.3856882756312429,0.7196192523185432
20.0,36.0,1004.3558349609376,0.8266213622282398,0.3978217251440722,-0.6912509852329187,0.7774092762061562,0.6476693938772413,-0.5423086153393578,-0.339086087687028,-0.3390239645658489,0.3856882756312429,0.7196192523185432
20.0,36.0,1004.3558349609376,0.8266213622282398,0.3978217251440722,-0.6912509852329187,0.7774092762061562,0.6476693938772413,-0.5423086153393578,-0.339086087687028,-0.3390239645658489,0.3856882756312429,0.7196192523185432
20.0,36.0,1004.3558349609376,0.8266213622282398,0.3978217251440722,-0.6912509852329187,0.7774092762061562,0.6476693938772413,-0.5423086153393578,-0.339086087687028,-0.3390239645658489,0.3856882756312429,0.7196192523185432
20.0,37.0,1002.9478149414062,0.8261196525140424,0.1717593457825232,-2.378357160883819,-0.0306561092946315,0.5201670551719506,-0.572020629403561,0.1201970601601191,-0.6215705967146201,-0.9274745739175644,-0.4297577406009585
20.0,37.0,1003.4501953125,0.8244933525227314,0.1717593457825232,-2.378357160883819,-0.0311909432060103,0.5201670551719506,-0.572020629403561,0.1201970601601191,-0.6215705967146201,-0.9274745739175644,-0.4297577406009585
20.0,37.0,1003.4501953125,0.8244933525227314,0.1717593457825232,-2.378357160883819,-0.0311909432060103,0.5201670551719506,-0.572020629403561,0.1201970601601191,-0.6215705967146201,-0.9274745739175644,-0.4297577406009585
20.0,37.0,1003.4501953125,0.8244933525227314,0.1717593457825232,-2.378357160883819,-0.0311909432060103,0.5201670551719506,-0.572020629403561,0.1201970601601191,-0.6215705967146201,-0.9274745739175644,-0.4297577406009585
20.0,37.0,1003.4501953125,0.8244933525227314,0.1717593457825232,-2.378357160883819,-0.0311909432060103,0.5201670551719506,-0.572020629403561,0.1201970601601191,-0.6215705967146201,-0.9274745739175644,-0.4297577406009585
20.0,37.0,1003.5155029296876,0.8261218770308434,0.209425812291895,-1.3073300690109348,-0.113356085749311,0.5649279903216496,-1.0708044882888972,0.0392795967288293,-0.6460547710623075,0.8247340719018256,0.9709143587033844
20.0,37.0,1003.5155639648438,0.8261218770308434,0.209425812291895,-1.3073300690109348,-0.113356085749311,0.5649279903216496,-1.0708044882888972,0.0392800953367632,-0.6460547710623075,0.8247340719018256,0.9709143587033844
20.0,37.0,1003.5810546875,0.8350555799486116,0.3821521005716593,-1.0540010089174547,0.7947900288505778,0.6944704802618079,-0.6131761605871592,-0.5694503632001859,-2.4658308594713407,0.3057271138160076,-0.5720382601594445
20.0,37.0,1003.5810546875,0.8350555799486116,0.3821521005716593,-1.0540010089174547,0.7947900288505778,0.6944704802618079,-0.6131761605871592,-0.5694503632001859,-2.4658308594713407,0.3057271138160076,-0.5720382601594445
20.0,37.0,1003.5810546875,0.8350555799486116,0.3821521005716593,-1.0540010089174547,0.7947900288505778,0.6944704802618079,-0.6131761605871592,-0.5694503632001859,-2.4658308594713407,0.3057271138160076,-0.5720382601594445
20.0,37.0,1003.7880859375,0.8241159622408898,0.1717593457825232,-1.3073300690109348,-0.0357810840803336,0.7705589030910063,-0.5719245829761689,0.0388298077046654,-0.3682548402439464,0.3788263466435764,0.9709143587033844
20.0,37.0,1003.8342895507812,0.7724800346324759,0.3978217251440722,-0.6912509852329187,0.7774092762061562,0.6476693938772413,-0.5423086153393578,-0.339086087687028,-0.3390239645658489,0.3856882756312429,0.7196192523185432
20.0,37.0,1003.9381103515624,0.8249342670003529,0.1717593457825232,-2.391201063239363,-0.0291307213359034,0.510957092394609,-0.612941182031415,-0.5790878390332364,-2.445508770234389,-0.77996261762231,-0.4297577406009585
20.0,37.0,1003.9741821289062,0.8273248301161585,0.3978217251440722,-0.6858788078817581,0.7774092762061562,0.6476693938772413,-0.5423086153393578,-0.339086087687028,-0.3390239645658489,0.3856882756312429,0.7196192523185432
20.0,37.0,1004.0369873046876,0.8273182415241076,0.3978217251440722,-0.6912509852329187,0.7774092762061562,0.6476693938772413,-0.5423086153393578,-0.339086087687028,-0.3390239645658489,0.3856882756312429,0.7196192523185432
20.0,37.0,1004.09326171875,0.8266213622282398,0.3978187474060314,-0.6912511428356635,0.7774092762061562,0.6480627663330156,-0.5423086153393578,-0.340975467799524,-0.3390239645658489,0.3843635568472672,0.7196192523185432
20.0,37.0,1004.1483764648438,0.8261218770308434,0.209425812291895,-1.3073300690109348,-0.113356085749311,0.5609128142730455,-1.0708044882888972,0.0393333163574691,-0.6460547710623075,0.8247340719018256,0.9709143587033844
20.0,37.0,1004.1485595703124,0.8261218770308434,0.209425812291895,-1.3073300690109348,-0.113356085749311,0.5609128142730455,-1.0708044882888972,0.039333814965403,-0.6460547710623075,0.8247340719018256,0.9709143587033844
20.0,37.0,1004.1752319335938,0.8266213622282398,0.3978187474060314,-0.6912441218867328,0.7774092762061562,0.6480627663330156,-0.5423086153393578,-0.339086087687028,-0.3390239645658489,0.3856858277892409,0.7196192523185432
20.0,37.0,1004.1752319335938,0.8266213622282398,0.3978187474060314,-0.6912443658278876,0.7774092762061562,0.6480627663330156,-0.5423086153393578,-0.339086087687028,-0.3390239645658489,0.3856858277892409,0.7196192523185432
20.0,37.0,1004.1752319335938,0.8266213622282398,0.3978187474060314,-0.6912443658278876,0.7774092762061562,0.6480627663330156,-0.5423086153393578,-0.339086087687028,-0.3390239645658489,0.3856858277892409,0.7196192523185432
20.0,37.0,1004.1752319335938,0.8266213622282398,0.3978187474060314,-0.6912443658278876,0.7774092762061562,0.6480627663330156,-0.5423086153393578,-0.339086087687028,-0.3390239645658489,0.3856858277892409,0.7196192523185432
20.0,37.0,1004.1752319335938,0.8266213622282398,0.3978187474060314,-0.6912443658278876,0.7774092762061562,0.6480627663330156,-0.5423086153393578,-0.339086087687028,-0.3390239645658489,0.3856858277892409,0.7196192523185432
20.0,37.0,1004.1752319335938,0.8266213622282398,0.3978187474060314,-0.6912443658278876,0.7774092762061562,0.6480627663330156,-0.5423086153393578,-0.339086087687028,-0.3390239645658489,0.3856858277892409,0.7196192523185432
20.0,37.0,1004.1752319335938,0.8266213622282398,0.3978187474060314,-0.6912441218867328,0.7774092762061562,0.6480627663330156,-0.5423086153393578,-0.339086087687028,-0.3390239645658489,0.3856858277892409,0.7196192523185432
20.0,37.0,1004.1755981445312,0.8266213622282398,0.3978187474060314,-0.6912511428356635,0.7774092762061562,0.6480627663330156,-0.5423086153393578,-0.339086087687028,-0.3390239645658489,0.3856858277892409,0.7196192523185432
20.0,37.0,1004.1755981445312,0.8266213622282398,0.3978187474060314,-0.6912511428356635,0.7774092762061562,0.6480627663330156,-0.5423086153393578,-0.339086087687028,-0.3390239645658489,0.3856858277892409,0.7196192523185432
20.0,37.0,1004.1976928710938,0.826685162126328,0.1717593457825232,-1.2919455111166425,-0.0357810840803336,0.7664546187579012,-0.5719245829761689,0.0408121919189226,-0.3672488458143229,0.3844293450450356,0.9709143587033844
20.0,37.0,1004.1978149414062,0.8241159622408898,0.1717593457825232,-1.3073300690109348,-0.0330451758348765,0.7705589030910063,-0.5719245829761689,0.0388298077046654,-0.3682548402439464,0.3788263466435764,0.9709143587033844
20.0,37.0,1004.1978149414062,0.8241159622408898,0.1717593457825232,-1.3073300690109348,-0.0330451758348765,0.7705589030910063,-0.5719245829761689,0.0388298077046654,-0.3682548402439464,0.3788263466435764,0.9709143587033844
20.0,37.0,1004.1978149414062,0.8241159622408898,0.1717593457825232,-1.3073300690109348,-0.0330451758348765,0.7705589030910063,-0.5719245829761689,0.0388298077046654,-0.3682548402439464,0.3788263466435764,0.9709143587033844
20.0,37.0,1004.1978149414062,0.8241159622408898,0.1717593457825232,-1.3073300690109348,-0.0330451758348765,0.7705589030910063,-0.5719245829761689,0.0388298077046654,-0.3682548402439464,0.3788263466435764,0.9709143587033844
20.0,37.0,1004.1978149414062,0.8241159622408898,0.1717593457825232,-1.3073300690109348,-0.0330451758348765,0.7705589030910063,-0.5719245829761689,0.0388298077046654,-0.3682548402439464,0.3788263466435764,0.9709143587033844
20.0,37.0,1004.2332153320312,0.8266213622282398,0.3978217251440722,-0.6858788078817581,0.7774092762061562,0.6476693938772413,-0.5423086153393578,-0.339086087687028,-0.3390239645658489,0.3856882756312429,0.7196192523185432
20.0,37.0,1004.2332153320312,0.8266213622282398,0.3978217251440722,-0.6858788078817581,0.7774092762061562,0.6476693938772413,-0.5423086153393578,-0.339086087687028,-0.3390239645658489,0.3856882756312429,0.7196192523185432
20.0,37.0,1004.2332153320312,0.8266213622282398,0.3978217251440722,-0.6858788078817581,0.7774092762061562,0.6476693938772413,-0.5423086153393578,-0.339086087687028,-0.3390239645658489,0.3856882756312429,0.7196192523185432
20.0,37.0,1004.2332153320312,0.8266213622282398,0.3978217251440722,-0.6858788078817581,0.7774092762061562,0.6476693938772413,-0.5423086153393578,-0.339086087687028,-0.3390239645658489,0.3856882756312429,0.7196192523185432
20.0,37.0,1004.2783203125,0.8327134567225599,0.1717593457825232,-1.3073300690109348,-0.113356085749311,0.6626366114513702,-0.5869722179086249,0.0373165915964165,-0.3682548402439464,0.3788263466435764,0.9709143587033844
20.0,37.0,1004.2783203125,0.8327134567225599,0.1717593457825232,-1.3073300690109348,-0.113356085749311,0.6626366114513702,-0.5869722179086249,0.0373165915964165,-0.3682548402439464,0.3788263466435764,0.9709143587033844
20.0,37.0,1004.2783203125,0.8327134567225599,0.1717593457825232,-1.3073300690109348,-0.113356085749311,0.6626366114513702,-0.5869722179086249,0.0373165915964165,-0.3682548402439464,0.3788263466435764,0.9709143587033844
20.0,37.0,1004.2783203125,0.8327134567225599,0.1717593457825232,-1.3073300690109348,-0.113356085749311,0.6626366114513702,-0.5869722179086249,0.0373165915964165,-0.3682548402439464,0.3788263466435764,0.9709143587033844
20.0,37.0,1004.2906494140624,0.8266213622282398,0.3974574096231764,-0.6836876138210843,0.7774092762061562,0.6480644516879347,-0.5423086153393578,-0.339086087687028,-0.3390239645658489,0.3857546673250276,0.7185247625544754
20.0,37.0,1004.2976684570312,0.8266213622282398,0.3974516925004313,-0.6858788078817581,0.7774092762061562,0.6476693938772413,-0.5423086153393578,-0.339086087687028,-0.3390239645658489,0.3857543039798192,0.7196192523185432
20.0,37.0,1004.3028564453124,0.8266213622282398,0.3974646233232491,-0.6858613258360744,0.7774092762061562,0.6476693938772413,-0.5423086153393578,-0.339086087687028,-0.3390239645658489,0.3856882756312429,0.7196192523185432
20.0,37.0,1004.3031005859376,0.8266213622282398,0.3974644898466727,-0.6836413210445285,0.7774092762061562,0.6480676379795455,-0.5423086153393578,-0.339086087687028,-0.3390239645658489,0.3857520988395936,0.7184760309374512
20.0,37.0,1004.3099975585938,0.8244955770395324,0.209425812291895,-1.3073300690109348,-0.1138909196606897,0.5649279903216496,-1.0708044882888972,0.0392795967288293,-0.6460547710623075,0.8247340719018256,0.9709143587033844
20.0,37.0,1004.3209838867188,0.6486904369997001,0.1717593457825232,-1.3073300690109348,-0.113356085749311,0.6626366114513702,-0.5879887548239248,0.0373165915964165,-0.3687113826281699,0.3788263466435764,0.970157592566203
20.0,37.0,1004.3430786132812,0.7744653153880249,0.3978217251440722,-0.6912509852329187,0.7774092762061562,0.6476693938772413,-0.5423086153393578,-0.339086087687028,-0.3390239645658489,0.3856882756312429,0.7196192523185432
20.0,37.0,1004.3430786132812,0.7744653153880249,0.3978217251440722,-0.6912509852329187,0.7774092762061562,0.6476693938772413,-0.5423086153393578,-0.339086087687028,-0.3390239645658489,0.3856882756312429,0.7196192523185432
20.0,37.0,1004.3558349609376,0.8266213622282398,0.3978217251440722,-0.6912509852329187,0.7774092762061562,0.6476693938772413,-0.5423086153393578,-0.339086087687028,-0.3390239645658489,0.3856882756312429,0.7196192523185432
20.0,38.0,1002.9478149414062,0.8261196525140424,0.1717593457825232,-2.378357160883819,-0.0306561092946315,0.5201670551719506,-0.572020629403561,0.1201970601601191,-0.6215705967146201,-0.9274745739175644,-0.4297577406009585
20.0,38.0,1003.0043334960938,0.8261218770308434,0.209425812291895,-1.3073300690109348,-0.113356085749311,0.5649279903216496,-1.0708044882888972,0.0392795967288293,-0.6460547710623075,0.8247340719018256,0.9734875553362644
20.0,38.0,1003.4501953125,0.8244933525227314,0.1717593457825232,-2.378357160883819,-0.0311909432060103,0.5201670551719506,-0.572020629403561,0.1201970601601191,-0.6215705967146201,-0.9274745739175644,-0.4297577406009585
20.0,38.0,1003.4501953125,0.8244933525227314,0.1717593457825232,-2.378357160883819,-0.0311909432060103,0.5201670551719506,-0.572020629403561,0.1201970601601191,-0.6215705967146201,-0.9274745739175644,-0.4297577406009585
20.0,38.0,1003.4501953125,0.8244933525227314,0.1717593457825232,-2.378357160883819,-0.0311909432060103,0.5201670551719506,-0.572020629403561,0.1201970601601191,-0.6215705967146201,-0.9274745739175644,-0.4297577406009585
20.0,38.0,1003.4501953125,0.8244933525227314,0.1717593457825232,-2.378357160883819,-0.0311909432060103,0.5201670551719506,-0.572020629403561,0.1201970601601191,-0.6215705967146201,-0.9274745739175644,-0.4297577406009585
20.0,38.0,1003.5155029296876,0.8261218770308434,0.209425812291895,-1.3073300690109348,-0.113356085749311,0.5649279903216496,-1.0708044882888972,0.0392795967288293,-0.6460547710623075,0.8247340719018256,0.9709143587033844
20.0,38.0,1003.5155639648438,0.8261218770308434,0.209425812291895,-1.3073300690109348,-0.113356085749311,0.5649279903216496,-1.0708044882888972,0.0392800953367632,-0.6460547710623075,0.8247340719018256,0.9709143587033844
20.0,38.0,1003.5810546875,0.8350555799486116,0.3821521005716593,-1.0540010089174547,0.7947900288505778,0.6944704802618079,-0.6131761605871592,-0.5694503632001859,-2.4658308594713407,0.3057271138160076,-0.5720382601594445
20.0,38.0,1003.5810546875,0.8350555799486116,0.3821521005716593,-1.0540010089174547,0.7947900288505778,0.6944704802618079,-0.6131761605871592,-0.5694503632001859,-2.4658308594713407,0.3057271138160076,-0.5720382601594445
20.0,38.0,1003.5810546875,0.8350555799486116,0.3821521005716593,-1.0540010089174547,0.7947900288505778,0.6944704802618079,-0.6131761605871592,-0.5694503632001859,-2.4658308594713407,0.3057271138160076,-0.5720382601594445
20.0,38.0,1003.7880859375,0.8241159622408898,0.1717593457825232,-1.3073300690109348,-0.0357810840803336,0.7705589030910063,-0.5719245829761689,0.0388298077046654,-0.3682548402439464,0.3788263466435764,0.9709143587033844
20.0,38.0,1003.8342895507812,0.7724800346324759,0.3978217251440722,-0.6912509852329187,0.7774092762061562,0.6476693938772413,-0.5423086153393578,-0.339086087687028,-0.3390239645658489,0.3856882756312429,0.7196192523185432
20.0,38.0,1003.9381103515624,0.8249342670003529,0.1717593457825232,-2.391201063239363,-0.0291307213359034,0.510957092394609,-0.612941182031415,-0.5790878390332364,-2.445508770234389,-0.77996261762231,-0.4297577406009585
20.0,38.0,1003.9584350585938,0.7724800346324759,0.3974813931498676,-0.6912509852329187,0.7774092762061562,0.6480706220258935,-0.5423086153393578,-0.339086087687028,-0.3390239645658489,0.385751730269153,0.7196192523185432
20.0,38.0,1003.9741821289062,0.8273248301161585,0.3978217251440722,-0.6858788078817581,0.7774092762061562,0.6476693938772413,-0.5423086153393578,-0.339086087687028,-0.3390239645658489,0.3856882756312429,0.7196192523185432
20.0,38.0,1004.0369873046876,0.8273182415241076,0.3978217251440722,-0.6912509852329187,0.7774092762061562,0.6476693938772413,-0.5423086153393578,-0.339086087687028,-0.3390239645658489,0.3856882756312429,0.7196192523185432
20.0,38.0,1004.09326171875,0.8266213622282398,0.3978187474060314,-0.6912511428356635,0.7774092762061562,0.6480627663330156,-0.5423086153393578,-0.340975467799524,-0.3390239645658489,0.3843635568472672,0.7196192523185432
20.0,38.0,1004.1483764648438,0.8261218770308434,0.209425812291895,-1.3073300690109348,-0.113356085749311,0.5609128142730455,-1.0708044882888972,0.0393333163574691,-0.6460547710623075,0.8247340719018256,0.9709143587033844
20.0,38.0,1004.1485595703124,0.8261218770308434,0.209425812291895,-1.3073300690109348,-0.113356085749311,0.5609128142730455,-1.0708044882888972,0.039333814965403,-0.6460547710623075,0.8247340719018256,0.9709143587033844
20.0,38.0,1004.1752319335938,0.8266213622282398,0.3978187474060314,-0.6912441218867328,0.7774092762061562,0.6480627663330156,-0.5423086153393578,-0.339086087687028,-0.3390239645658489,0.3856858277892409,0.7196192523185432
20.0,38.0,1004.1752319335938,0.8266213622282398,0.3978187474060314,-0.6912443658278876,0.7774092762061562,0.6480627663330156,-0.5423086153393578,-0.339086087687028,-0.3390239645658489,0.3856858277892409,0.7196192523185432
20.0,38.0,1004.1752319335938,0.8266213622282398,0.3978187474060314,-0.6912443658278876,0.7774092762061562,0.6480627663330156,-0.5423086153393578,-0.339086087687028,-0.3390239645658489,0.3856858277892409,0.7196192523185432
20.0,38.0,1004.1752319335938,0.8266213622282398,0.3978187474060314,-0.6912443658278876,0.7774092762061562,0.6480627663330156,-0.5423086153393578,-0.339086087687028,-0.3390239645658489,0.3856858277892409,0.7196192523185432
20.0,38.0,1004.1752319335938,0.8266213622282398,0.3978187474060314,-0.6912443658278876,0.7774092762061562,0.6480627663330156,-0.5423086153393578,-0.339086087687028,-0.3390239645658489,0.3856858277892409,0.7196192523185432
20.0,38.0,1004.1752319335938,0.8266213622282398,0.3978187474060314,-0.6912443658278876,0.7774092762061562,0.6480627663330156,-0.5423086153393578,-0.339086087687028,-0.3390239645658489,0.3856858277892409,0.7196192523185432
20.0,38.0,1004.1752319335938,0.8266213622282398,0.3978187474060314,-0.6912441218867328,0.7774092762061562,0.6480627663330156,-0.5423086153393578,-0.339086087687028,-0.3390239645658489,0.3856858277892409,0.7196192523185432
20.0,38.0,1004.1755981445312,0.8266213622282398,0.3978187474060314,-0.6912511428356635,0.7774092762061562,0.6480627663330156,-0.5423086153393578,-0.339086087687028,-0.3390239645658489,0.3856858277892409,0.7196192523185432
20.0,38.0,1004.1755981445312,0.8266213622282398,0.3978187474060314,-0.6912511428356635,0.7774092762061562,0.6480627663330156,-0.5423086153393578,-0.339086087687028,-0.3390239645658489,0.3856858277892409,0.7196192523185432
20.0,38.0,1004.1976928710938,0.826685162126328,0.1717593457825232,-1.2919455111166425,-0.0357810840803336,0.7664546187579012,-0.5719245829761689,0.0408121919189226,-0.3672488458143229,0.3844293450450356,0.9709143587033844
20.0,38.0,1004.1978149414062,0.8241159622408898,0.1717593457825232,-1.3073300690109348,-0.0330451758348765,0.7705589030910063,-0.5719245829761689,0.0388298077046654,-0.3682548402439464,0.3788263466435764,0.9709143587033844
20.0,38.0,1004.1978149414062,0.8241159622408898,0.1717593457825232,-1.3073300690109348,-0.0330451758348765,0.7705589030910063,-0.5719245829761689,0.0388298077046654,-0.3682548402439464,0.3788263466435764,0.9709143587033844
20.0,38.0,1004.1978149414062,0.8241159622408898,0.1717593457825232,-1.3073300690109348,-0.0330451758348765,0.7705589030910063,-0.5719245829761689,0.0388298077046654,-0.3682548402439464,0.3788263466435764,0.9709143587033844
20.0,38.0,1004.1978149414062,0.8241159622408898,0.1717593457825232,-1.3073300690109348,-0.0330451758348765,0.7705589030910063,-0.5719245829761689,0.0388298077046654,-0.3682548402439464,0.3788263466435764,0.9709143587033844
20.0,38.0,1004.1978149414062,0.8241159622408898,0.1717593457825232,-1.3073300690109348,-0.0330451758348765,0.7705589030910063,-0.5719245829761689,0.0388298077046654,-0.3682548402439464,0.3788263466435764,0.9709143587033844
20.0,38.0,1004.2332153320312,0.8266213622282398,0.3978217251440722,-0.6858788078817581,0.7774092762061562,0.6476693938772413,-0.5423086153393578,-0.339086087687028,-0.3390239645658489,0.3856882756312429,0.7196192523185432
20.0,38.0,1004.2332153320312,0.8266213622282398,0.3978217251440722,-0.6858788078817581,0.7774092762061562,0.6476693938772413,-0.5423086153393578,-0.339086087687028,-0.3390239645658489,0.3856882756312429,0.7196192523185432
20.0,38.0,1004.2332153320312,0.8266213622282398,0.3978217251440722,-0.6858788078817581,0.7774092762061562,0.6476693938772413,-0.5423086153393578,-0.339086087687028,-0.3390239645658489,0.3856882756312429,0.7196192523185432
20.0,38.0,1004.2332153320312,0.8266213622282398,0.3978217251440722,-0.6858788078817581,0.7774092762061562,0.6476693938772413,-0.5423086153393578,-0.339086087687028,-0.3390239645658489,0.3856882756312429,0.7196192523185432
20.0,38.0,1004.2783203125,0.8327134567225599,0.1717593457825232,-1.3073300690109348,-0.113356085749311,0.6626366114513702,-0.5869722179086249,0.0373165915964165,-0.3682548402439464,0.3788263466435764,0.9709143587033844
20.0,38.0,1004.2783203125,0.8327134567225599,0.1717593457825232,-1.3073300690109348,-0.113356085749311,0.6626366114513702,-0.5869722179086249,0.0373165915964165,-0.3682548402439464,0.3788263466435764,0.9709143587033844
20.0,38.0,1004.2783203125,0.8327134567225599,0.1717593457825232,-1.3073300690109348,-0.113356085749311,0.6626366114513702,-0.5869722179086249,0.0373165915964165,-0.3682548402439464,0.3788263466435764,0.9709143587033844
20.0,38.0,1004.2783203125,0.8327134567225599,0.1717593457825232,-1.3073300690109348,-0.113356085749311,0.6626366114513702,-0.5869722179086249,0.0373165915964165,-0.3682548402439464,0.3788263466435764,0.9709143587033844
20.0,38.0,1004.2906494140624,0.8266213622282398,0.3974574096231764,-0.6836876138210843,0.7774092762061562,0.6480644516879347,-0.5423086153393578,-0.339086087687028,-0.3390239645658489,0.3857546673250276,0.7185247625544754
20.0,38.0,1004.2976684570312,0.8266213622282398,0.3974516925004313,-0.6858788078817581,0.7774092762061562,0.6476693938772413,-0.5423086153393578,-0.339086087687028,-0.3390239645658489,0.3857543039798192,0.7196192523185432
20.0,38.0,1004.3028564453124,0.8266213622282398,0.3974646233232491,-0.6858613258360744,0.7774092762061562,0.6476693938772413,-0.5423086153393578,-0.339086087687028,-0.3390239645658489,0.3856882756312429,0.7196192523185432
20.0,38.0,1004.3031005859376,0.8266213622282398,0.3974644898466727,-0.6836413210445285,0.7774092762061562,0.6480676379795455,-0.5423086153393578,-0.339086087687028,-0.3390239645658489,0.3857520988395936,0.7184760309374512
20.0,38.0,1004.3099975585938,0.8244955770395324,0.209425812291895,-1.3073300690109348,-0.1138909196606897,0.5649279903216496,-1.0708044882888972,0.0392795967288293,-0.6460547710623075,0.8247340719018256,0.9709143587033844
20.0,38.0,1004.3209838867188,0.6486904369997001,0.1717593457825232,-1.3073300690109348,-0.113356085749311,0.6626366114513702,-0.5879887548239248,0.0373165915964165,-0.3687113826281699,0.3788263466435764,0.970157592566203
20.0,38.0,1004.3430786132812,0.7744653153880249,0.3978217251440722,-0.6912509852329187,0.7774092762061562,0.6476693938772413,-0.5423086153393578,-0.339086087687028,-0.3390239645658489,0.3856882756312429,0.7196192523185432
20.0,39.0,1002.9478149414062,0.8261196525140424,0.1717593457825232,-2.378357160883819,-0.0306561092946315,0.5201670551719506,-0.572020629403561,0.1201970601601191,-0.6215705967146201,-0.9274745739175644,-0.4297577406009585
20.0,39.0,1003.0043334960938,0.8261218770308434,0.209425812291895,-1.3073300690109348,-0.113356085749311,0.5649279903216496,-1.0708044882888972,0.0392795967288293,-0.6460547710623075,0.8247340719018256,0.9734875553362644
20.0,39.0,1003.4501953125,0.8244933525227314,0.1717593457825232,-2.378357160883819,-0.0311909432060103,0.5201670551719506,-0.572020629403561,0.1201970601601191,-0.6215705967146201,-0.9274745739175644,-0.4297577406009585
20.0,39.0,1003.4501953125,0.8244933525227314,0.1717593457825232,-2.378357160883819,-0.0311909432060103,0.5201670551719506,-0.572020629403561,0.1201970601601191,-0.6215705967146201,-0.9274745739175644,-0.4297577406009585
20.0,39.0,1003.4501953125,0.8244933525227314,0.1717593457825232,-2.378357160883819,-0.0311909432060103,0.5201670551719506,-0.572020629403561,0.1201970601601191,-0.6215705967146201,-0.9274745739175644,-0.4297577406009585
20.0,39.0,1003.4501953125,0.8244933525227314,0.1717593457825232,-2.378357160883819,-0.0311909432060103,0.5201670551719506,-0.572020629403561,0.1201970601601191,-0.6215705967146201,-0.9274745739175644,-0.4297577406009585
20.0,39.0,1003.4501953125,0.8244933525227314,0.1717593457825232,-2.378357160883819,-0.0311909432060103,0.5201670551719506,-0.572020629403561,0.1201970601601191,-0.6215705967146201,-0.9274745739175644,-0.4297577406009585
20.0,39.0,1003.5155029296876,0.8261218770308434,0.209425812291895,-1.3073300690109348,-0.113356085749311,0.5649279903216496,-1.0708044882888972,0.0392795967288293,-0.6460547710623075,0.8247340719018256,0.9709143587033844
20.0,39.0,1003.5155639648438,0.8261218770308434,0.209425812291895,-1.3073300690109348,-0.113356085749311,0.5649279903216496,-1.0708044882888972,0.0392800953367632,-0.6460547710623075,0.8247340719018256,0.9709143587033844
20.0,39.0,1003.5155639648438,0.8261218770308434,0.209425812291895,-1.3073300690109348,-0.113356085749311,0.5649279903216496,-1.0708044882888972,0.0392800953367632,-0.6460547710623075,0.8247340719018256,0.9709143587033844
20.0,39.0,1003.5810546875,0.8350555799486116,0.3821521005716593,-1.0540010089174547,0.7947900288505778,0.6944704802618079,-0.6131761605871592,-0.5694503632001859,-2.4658308594713407,0.3057271138160076,-0.5720382601594445
20.0,39.0,1003.5810546875,0.8350555799486116,0.3821521005716593,-1.0540010089174547,0.7947900288505778,0.6944704802618079,-0.6131761605871592,-0.5694503632001859,-2.4658308594713407,0.3057271138160076,-0.5720382601594445
20.0,39.0,1003.5810546875,0.8350555799486116,0.3821521005716593,-1.0540010089174547,0.7947900288505778,0.6944704802618079,-0.6131761605871592,-0.5694503632001859,-2.4658308594713407,0.3057271138160076,-0.5720382601594445
20.0,39.0,1003.7880859375,0.8241159622408898,0.1717593457825232,-1.3073300690109348,-0.0357810840803336,0.7705589030910063,-0.5719245829761689,0.0388298077046654,-0.3682548402439464,0.3788263466435764,0.9709143587033844
20.0,39.0,1003.8342895507812,0.7724800346324759,0.3978217251440722,-0.6912509852329187,0.7774092762061562,0.6476693938772413,-0.5423086153393578,-0.339086087687028,-0.3390239645658489,0.3856882756312429,0.7196192523185432
20.0,39.0,1003.9381103515624,0.8249342670003529,0.1717593457825232,-2.391201063239363,-0.0291307213359034,0.510957092394609,-0.612941182031415,-0.5790878390332364,-2.445508770234389,-0.77996261762231,-0.4297577406009585
20.0,39.0,1003.9584350585938,0.7724800346324759,0.3974813931498676,-0.6912509852329187,0.7774092762061562,0.6480706220258935,-0.5423086153393578,-0.339086087687028,-0.3390239645658489,0.385751730269153,0.7196192523185432
20.0,39.0,1003.9584350585938,0.7724800346324759,0.3974813931498676,-0.6912509852329187,0.7774092762061562,0.6480706220258935,-0.5423086153393578,-0.339086087687028,-0.3390239645658489,0.385751730269153,0.7196192523185432
20.0,39.0,1003.9741821289062,0.8273248301161585,0.3978217251440722,-0.6858788078817581,0.7774092762061562,0.6476693938772413,-0.5423086153393578,-0.339086087687028,-0.3390239645658489,0.3856882756312429,0.7196192523185432
20.0,39.0,1004.0369873046876,0.8273182415241076,0.3978217251440722,-0.6912509852329187,0.7774092762061562,0.6476693938772413,-0.5423086153393578,-0.339086087687028,-0.3390239645658489,0.3856882756312429,0.7196192523185432
20.0,39.0,1004.09326171875,0.8266213622282398,0.3978187474060314,-0.6912511428356635,0.7774092762061562,0.6480627663330156,-0.5423086153393578,-0.340975467799524,-0.3390239645658489,0.3843635568472672,0.7196192523185432
20.0,39.0,1004.1483764648438,0.8261218770308434,0.209425812291895,-1.3073300690109348,-0.113356085749311,0.5609128142730455,-1.0708044882888972,0.0393333163574691,-0.6460547710623075,0.8247340719018256,0.9709143587033844
20.0,39.0,1004.1485595703124,0.8261218770308434,0.209425812291895,-1.3073300690109348,-0.113356085749311,0.5609128142730455,-1.0708044882888972,0.039333814965403,-0.6460547710623075,0.8247340719018256,0.9709143587033844
20.0,39.0,1004.1752319335938,0.8266213622282398,0.3978187474060314,-0.6912441218867328,0.7774092762061562,0.6480627663330156,-0.5423086153393578,-0.339086087687028,-0.3390239645658489,0.3856858277892409,0.7196192523185432
20.0,39.0,1004.1752319335938,0.8266213622282398,0.3978187474060314,-0.6912443658278876,0.7774092762061562,0.6480627663330156,-0.5423086153393578,-0.339086087687028,-0.3390239645658489,0.3856858277892409,0.7196192523185432
20.0,39.0,1004.1752319335938,0.8266213622282398,0.3978187474060314,-0.6912443658278876,0.7774092762061562,0.6480627663330156,-0.5423086153393578,-0.339086087687028,-0.3390239645658489,0.3856858277892409,0.7196192523185432
20.0,39.0,1004.1752319335938,0.8266213622282398,0.3978187474060314,-0.6912443658278876,0.7774092762061562,0.6480627663330156,-0.5423086153393578,-0.339086087687028,-0.3390239645658489,0.3856858277892409,0.7196192523185432
20.0,39.0,1004.1752319335938,0.8266213622282398,0.3978187474060314,-0.6912443658278876,0.7774092762061562,0.6480627663330156,-0.5423086153393578,-0.339086087687028,-0.3390239645658489,0.3856858277892409,0.7196192523185432
20.0,39.0,1004.1752319335938,0.8266213622282398,0.3978187474060314,-0.6912443658278876,0.7774092762061562,0.6480627663330156,-0.5423086153393578,-0.339086087687028,-0.3390239645658489,0.3856858277892409,0.7196192523185432
20.0,39.0,1004.1752319335938,0.8266213622282398,0.3978187474060314,-0.6912441218867328,0.7774092762061562,0.6480627663330156,-0.5423086153393578,-0.339086087687028,-0.3390239645658489,0.3856858277892409,0.7196192523185432
20.0,39.0,1004.1755981445312,0.8266213622282398,0.3978187474060314,-0.6912511428356635,0.7774092762061562,0.6480627663330156,-0.5423086153393578,-0.339086087687028,-0.3390239645658489,0.3856858277892409,0.7196192523185432
20.0,39.0,1004.1755981445312,0.8266213622282398,0.3978187474060314,-0.6912511428356635,0.7774092762061562,0.6480627663330156,-0.5423086153393578,-0.339086087687028,-0.3390239645658489,0.3856858277892409,0.7196192523185432
20.0,39.0,1004.1976928710938,0.826685162126328,0.1717593457825232,-1.2919455111166425,-0.0357810840803336,0.7664546187579012,-0.5719245829761689,0.0408121919189226,-0.3672488458143229,0.3844293450450356,0.9709143587033844
20.0,39.0,1004.1978149414062,0.8241159622408898,0.1717593457825232,-1.3073300690109348,-0.0330451758348765,0.7705589030910063,-0.5719245829761689,0.0388298077046654,-0.3682548402439464,0.3788263466435764,0.9709143587033844
20.0,39.0,1004.1978149414062,0.8241159622408898,0.1717593457825232,-1.3073300690109348,-0.0330451758348765,0.7705589030910063,-0.5719245829761689,0.0388298077046654,-0.3682548402439464,0.3788263466435764,0.9709143587033844
20.0,39.0,1004.1978149414062,0.8241159622408898,0.1717593457825232,-1.3073300690109348,-0.0330451758348765,0.7705589030910063,-0.5719245829761689,0.0388298077046654,-0.3682548402439464,0.3788263466435764,0.9709143587033844
20.0,39.0,1004.1978149414062,0.8241159622408898,0.1717593457825232,-1.3073300690109348,-0.0330451758348765,0.7705589030910063,-0.5719245829761689,0.0388298077046654,-0.3682548402439464,0.3788263466435764,0.9709143587033844
20.0,39.0,1004.1978149414062,0.8241159622408898,0.1717593457825232,-1.3073300690109348,-0.0330451758348765,0.7705589030910063,-0.5719245829761689,0.0388298077046654,-0.3682548402439464,0.3788263466435764,0.9709143587033844
20.0,39.0,1004.2332153320312,0.8266213622282398,0.3978217251440722,-0.6858788078817581,0.7774092762061562,0.6476693938772413,-0.5423086153393578,-0.339086087687028,-0.3390239645658489,0.3856882756312429,0.7196192523185432
20.0,39.0,1004.2332153320312,0.8266213622282398,0.3978217251440722,-0.6858788078817581,0.7774092762061562,0.6476693938772413,-0.5423086153393578,-0.339086087687028,-0.3390239645658489,0.3856882756312429,0.7196192523185432
20.0,39.0,1004.2332153320312,0.8266213622282398,0.3978217251440722,-0.6858788078817581,0.7774092762061562,0.6476693938772413,-0.5423086153393578,-0.339086087687028,-0.3390239645658489,0.3856882756312429,0.7196192523185432
20.0,39.0,1004.2332153320312,0.8266213622282398,0.3978217251440722,-0.6858788078817581,0.7774092762061562,0.6476693938772413,-0.5423086153393578,-0.339086087687028,-0.3390239645658489,0.3856882756312429,0.7196192523185432
20.0,39.0,1004.2332153320312,0.8266213622282398,0.3978217251440722,-0.6858788078817581,0.7774092762061562,0.6476693938772413,-0.5423086153393578,-0.339086087687028,-0.3390239645658489,0.3856882756312429,0.7196192523185432
20.0,39.0,1004.2783203125,0.8327134567225599,0.1717593457825232,-1.3073300690109348,-0.113356085749311,0.6626366114513702,-0.5869722179086249,0.0373165915964165,-0.3682548402439464,0.3788263466435764,0.9709143587033844
20.0,39.0,1004.2783203125,0.8327134567225599,0.1717593457825232,-1.3073300690109348,-0.113356085749311,0.6626366114513702,-0.5869722179086249,0.0373165915964165,-0.3682548402439464,0.3788263466435764,0.9709143587033844
20.0,39.0,1004.2783203125,0.8327134567225599,0.1717593457825232,-1.3073300690109348,-0.113356085749311,0.6626366114513702,-0.5869722179086249,0.0373165915964165,-0.3682548402439464,0.3788263466435764,0.9709143587033844
20.0,39.0,1004.2783203125,0.8327134567225599,0.1717593457825232,-1.3073300690109348,-0.113356085749311,0.6626366114513702,-0.5869722179086249,0.0373165915964165,-0.3682548402439464,0.3788263466435764,0.9709143587033844
20.0,39.0,1004.2906494140624,0.8266213622282398,0.3974574096231764,-0.6836876138210843,0.7774092762061562,0.6480644516879347,-0.5423086153393578,-0.339086087687028,-0.3390239645658489,0.3857546673250276,0.7185247625544754
20.0,39.0,1004.2976684570312,0.8266213622282398,0.3974516925004313,-0.6858788078817581,0.7774092762061562,0.6476693938772413,-0.5423086153393578,-0.339086087687028,-0.3390239645658489,0.3857543039798192,0.7196192523185432
20.0,39.0,1004.3028564453124,0.8266213622282398,0.3974646233232491,-0.6858613258360744,0.7774092762061562,0.6476693938772413,-0.5423086153393578,-0.339086087687028,-0.3390239645658489,0.3856882756312429,0.7196192523185432
20.0,40.0,1002.9478149414062,0.8261196525140424,0.1717593457825232,-2.378357160883819,-0.0306561092946315,0.5201670551719506,-0.572020629403561,0.1201970601601191,-0.6215705967146201,-0.9274745739175644,-0.4297577406009585
20.0,40.0,1003.0043334960938,0.8261218770308434,0.209425812291895,-1.3073300690109348,-0.113356085749311,0.5649279903216496,-1.0708044882888972,0.0392795967288293,-0.6460547710623075,0.8247340719018256,0.9734875553362644
20.0,40.0,1003.4501953125,0.8244933525227314,0.1717593457825232,-2.378357160883819,-0.0311909432060103,0.5201670551719506,-0.572020629403561,0.1201970601601191,-0.6215705967146201,-0.9274745739175644,-0.4297577406009585
20.0,40.0,1003.4501953125,0.8244933525227314,0.1717593457825232,-2.378357160883819,-0.0311909432060103,0.5201670551719506,-0.572020629403561,0.1201970601601191,-0.6215705967146201,-0.9274745739175644,-0.4297577406009585
20.0,40.0,1003.4501953125,0.8244933525227314,0.1717593457825232,-2.378357160883819,-0.0311909432060103,0.5201670551719506,-0.572020629403561,0.1201970601601191,-0.6215705967146201,-0.9274745739175644,-0.4297577406009585
20.0,40.0,1003.4501953125,0.8244933525227314,0.1717593457825232,-2.378357160883819,-0.0311909432060103,0.5201670551719506,-0.572020629403561,0.1201970601601191,-0.6215705967146201,-0.9274745739175644,-0.4297577406009585
20.0,40.0,1003.4501953125,0.8244933525227314,0.1717593457825232,-2.378357160883819,-0.0311909432060103,0.5201670551719506,-0.572020629403561,0.1201970601601191,-0.6215705967146201,-0.9274745739175644,-0.4297577406009585
20.0,40.0,1003.4501953125,0.8244933525227314,0.1717593457825232,-2.378357160883819,-0.0311909432060103,0.5201670551719506,-0.572020629403561,0.1201970601601191,-0.6215705967146201,-0.9274745739175644,-0.4297577406009585
20.0,40.0,1003.469970703125,0.8244933525227314,0.1717593457825232,-2.378357160883819,-0.0311909432060103,0.5201670551719506,-0.5719250887544598,0.1201970601601191,-0.6215705967146201,-0.9274745739175644,-0.4297577406009585
20.0,40.0,1003.5155029296876,0.8261218770308434,0.209425812291895,-1.3073300690109348,-0.113356085749311,0.5649279903216496,-1.0708044882888972,0.0392795967288293,-0.6460547710623075,0.8247340719018256,0.9709143587033844
20.0,40.0,1003.5155639648438,0.8261218770308434,0.209425812291895,-1.3073300690109348,-0.113356085749311,0.5649279903216496,-1.0708044882888972,0.0392800953367632,-0.6460547710623075,0.8247340719018256,0.9709143587033844
20.0,40.0,1003.5155639648438,0.8261218770308434,0.209425812291895,-1.3073300690109348,-0.113356085749311,0.5649279903216496,-1.0708044882888972,0.0392800953367632,-0.6460547710623075,0.8247340719018256,0.9709143587033844
20.0,40.0,1003.5810546875,0.8350555799486116,0.3821521005716593,-1.0540010089174547,0.7947900288505778,0.6944704802618079,-0.6131761605871592,-0.5694503632001859,-2.4658308594713407,0.3057271138160076,-0.5720382601594445
20.0,40.0,1003.5810546875,0.8350555799486116,0.3821521005716593,-1.0540010089174547,0.7947900288505778,0.6944704802618079,-0.6131761605871592,-0.5694503632001859,-2.4658308594713407,0.3057271138160076,-0.5720382601594445
20.0,40.0,1003.5810546875,0.8350555799486116,0.3821521005716593,-1.0540010089174547,0.7947900288505778,0.6944704802618079,-0.6131761605871592,-0.5694503632001859,-2.4658308594713407,0.3057271138160076,-0.5720382601594445
20.0,40.0,1003.7880859375,0.8241159622408898,0.1717593457825232,-1.3073300690109348,-0.0357810840803336,0.7705589030910063,-0.5719245829761689,0.0388298077046654,-0.3682548402439464,0.3788263466435764,0.9709143587033844
20.0,40.0,1003.7940673828124,0.8241159622408898,0.1717593457825232,-1.3073300690109348,-0.0357358098539117,0.7705589030910063,-0.5719245829761689,0.0388298077046654,-0.3682548402439464,0.3788263466435764,0.9709143587033844
20.0,40.0,1003.8342895507812,0.7724800346324759,0.3978217251440722,-0.6912509852329187,0.7774092762061562,0.6476693938772413,-0.5423086153393578,-0.339086087687028,-0.3390239645658489,0.3856882756312429,0.7196192523185432
20.0,40.0,1003.9381103515624,0.8249342670003529,0.1717593457825232,-2.391201063239363,-0.0291307213359034,0.510957092394609,-0.612941182031415,-0.5790878390332364,-2.445508770234389,-0.77996261762231,-0.4297577406009585
20.0,40.0,1003.9381103515624,0.8249342670003529,0.1717593457825232,-2.391201063239363,-0.0291307213359034,0.510957092394609,-0.612941182031415,-0.5790878390332364,-2.445508770234389,-0.77996261762231,-0.4297577406009585
20.0,40.0,1003.9584350585938,0.7724800346324759,0.3974813931498676,-0.6912509852329187,0.7774092762061562,0.6480706220258935,-0.5423086153393578,-0.339086087687028,-0.3390239645658489,0.385751730269153,0.7196192523185432
20.0,40.0,1003.9584350585938,0.7724800346324759,0.3974813931498676,-0.6912509852329187,0.7774092762061562,0.6480706220258935,-0.5423086153393578,-0.339086087687028,-0.3390239645658489,0.385751730269153,0.7196192523185432
20.0,40.0,1003.9741821289062,0.8273248301161585,0.3978217251440722,-0.6858788078817581,0.7774092762061562,0.6476693938772413,-0.5423086153393578,-0.339086087687028,-0.3390239645658489,0.3856882756312429,0.7196192523185432
20.0,40.0,1004.0369873046876,0.8273182415241076,0.3978217251440722,-0.6912509852329187,0.7774092762061562,0.6476693938772413,-0.5423086153393578,-0.339086087687028,-0.3390239645658489,0.3856882756312429,0.7196192523185432
20.0,40.0,1004.09326171875,0.8266213622282398,0.3978187474060314,-0.6912511428356635,0.7774092762061562,0.6480627663330156,-0.5423086153393578,-0.340975467799524,-0.3390239645658489,0.3843635568472672,0.7196192523185432
20.0,40.0,1004.09326171875,0.8266213622282398,0.3978187474060314,-0.6912511428356635,0.7774092762061562,0.6480627663330156,-0.5423086153393578,-0.340975467799524,-0.3390239645658489,0.3843635568472672,0.7196192523185432
20.0,40.0,1004.1483764648438,0.8261218770308434,0.209425812291895,-1.3073300690109348,-0.113356085749311,0.5609128142730455,-1.0708044882888972,0.0393333163574691,-0.6460547710623075,0.8247340719018256,0.9709143587033844
20.0,40.0,1004.1485595703124,0.8261218770308434,0.209425812291895,-1.3073300690109348,-0.113356085749311,0.5609128142730455,-1.0708044882888972,0.039333814965403,-0.6460547710623075,0.8247340719018256,0.9709143587033844
20.0,40.0,1004.1752319335938,0.8266213622282398,0.3978187474060314,-0.6912441218867328,0.7774092762061562,0.6480627663330156,-0.5423086153393578,-0.339086087687028,-0.3390239645658489,0.3856858277892409,0.7196192523185432
20.0,40.0,1004.1752319335938,0.8266213622282398,0.3978187474060314,-0.6912443658278876,0.7774092762061562,0.6480627663330156,-0.5423086153393578,-0.339086087687028,-0.3390239645658489,0.3856858277892409,0.7196192523185432
20.0,40.0,1004.1752319335938,0.8266213622282398,0.3978187474060314,-0.6912443658278876,0.7774092762061562,0.6480627663330156,-0.5423086153393578,-0.339086087687028,-0.3390239645658489,0.3856858277892409,0.7196192523185432
20.0,40.0,1004.1752319335938,0.8266213622282398,0.3978187474060314,-0.6912443658278876,0.7774092762061562,0.6480627663330156,-0.5423086153393578,-0.339086087687028,-0.3390239645658489,0.3856858277892409,0.7196192523185432
20.0,40.0,1004.1752319335938,0.8266213622282398,0.3978187474060314,-0.6912443658278876,0.7774092762061562,0.6480627663330156,-0.5423086153393578,-0.339086087687028,-0.3390239645658489,0.3856858277892409,0.7196192523185432
20.0,40.0,1004.1752319335938,0.8266213622282398,0.3978187474060314,-0.6912443658278876,0.7774092762061562,0.6480627663330156,-0.5423086153393578,-0.339086087687028,-0.3390239645658489,0.3856858277892409,0.7196192523185432
20.0,40.0,1004.1752319335938,0.8266213622282398,0.3978187474060314,-0.6912441218867328,0.7774092762061562,0.6480627663330156,-0.5423086153393578,-0.339086087687028,-0.3390239645658489,0.3856858277892409,0.7196192523185432
20.0,40.0,1004.1755981445312,0.8266213622282398,0.3978187474060314,-0.6912511428356635,0.7774092762061562,0.6480627663330156,-0.5423086153393578,-0.339086087687028,-0.3390239645658489,0.3856858277892409,0.7196192523185432
20.0,40.0,1004.1755981445312,0.8266213622282398,0.3978187474060314,-0.6912511428356635,0.7774092762061562,0.6480627663330156,-0.5423086153393578,-0.339086087687028,-0.3390239645658489,0.3856858277892409,0.7196192523185432
20.0,40.0,1004.176513671875,0.8241159622408898,0.1717593457825232,-1.3073300690109348,-0.0330451758348765,0.7705589030910063,-0.57202012362527,0.0388298077046654,-0.3682548402439464,0.3788263466435764,0.9709143587033844
20.0,40.0,1004.1976928710938,0.826685162126328,0.1717593457825232,-1.2919455111166425,-0.0357810840803336,0.7664546187579012,-0.5719245829761689,0.0408121919189226,-0.3672488458143229,0.3844293450450356,0.9709143587033844
20.0,40.0,1004.1978149414062,0.8241159622408898,0.1717593457825232,-1.3073300690109348,-0.0330451758348765,0.7705589030910063,-0.5719245829761689,0.0388298077046654,-0.3682548402439464,0.3788263466435764,0.9709143587033844
20.0,40.0,1004.1978149414062,0.8241159622408898,0.1717593457825232,-1.3073300690109348,-0.0330451758348765,0.7705589030910063,-0.5719245829761689,0.0388298077046654,-0.3682548402439464,0.3788263466435764,0.9709143587033844
20.0,40.0,1004.1978149414062,0.8241159622408898,0.1717593457825232,-1.3073300690109348,-0.0330451758348765,0.7705589030910063,-0.5719245829761689,0.0388298077046654,-0.3682548402439464,0.3788263466435764,0.9709143587033844
20.0,40.0,1004.1978149414062,0.8241159622408898,0.1717593457825232,-1.3073300690109348,-0.0330451758348765,0.7705589030910063,-0.5719245829761689,0.0388298077046654,-0.3682548402439464,0.3788263466435764,0.9709143587033844
20.0,40.0,1004.1978149414062,0.8241159622408898,0.1717593457825232,-1.3073300690109348,-0.0330451758348765,0.7705589030910063,-0.5719245829761689,0.0388298077046654,-0.3682548402439464,0.3788263466435764,0.9709143587033844
20.0,40.0,1004.2332153320312,0.8266213622282398,0.3978217251440722,-0.6858788078817581,0.7774092762061562,0.6476693938772413,-0.5423086153393578,-0.339086087687028,-0.3390239645658489,0.3856882756312429,0.7196192523185432
20.0,40.0,1004.2332153320312,0.8266213622282398,0.3978217251440722,-0.6858788078817581,0.7774092762061562,0.6476693938772413,-0.5423086153393578,-0.339086087687028,-0.3390239645658489,0.3856882756312429,0.7196192523185432
20.0,40.0,1004.2332153320312,0.8266213622282398,0.3978217251440722,-0.6858788078817581,0.7774092762061562,0.6476693938772413,-0.5423086153393578,-0.339086087687028,-0.3390239645658489,0.3856882756312429,0.7196192523185432
20.0,40.0,1004.2332153320312,0.8266213622282398,0.3978217251440722,-0.6858788078817581,0.7774092762061562,0.6476693938772413,-0.5423086153393578,-0.339086087687028,-0.3390239645658489,0.3856882756312429,0.7196192523185432
20.0,40.0,1004.2332153320312,0.8266213622282398,0.3978217251440722,-0.6858788078817581,0.7774092762061562,0.6476693938772413,-0.5423086153393578,-0.339086087687028,-0.3390239645658489,0.3856882756312429,0.7196192523185432
20.0,40.0,1004.2783203125,0.8327134567225599,0.1717593457825232,-1.3073300690109348,-0.113356085749311,0.6626366114513702,-0.5869722179086249,0.0373165915964165,-0.3682548402439464,0.3788263466435764,0.9709143587033844
20.0,41.0,1002.9478149414062,0.8261196525140424,0.1717593457825232,-2.378357160883819,-0.0306561092946315,0.5201670551719506,-0.572020629403561,0.1201970601601191,-0.6215705967146201,-0.9274745739175644,-0.4297577406009585
20.0,41.0,1003.0043334960938,0.8261218770308434,0.209425812291895,-1.3073300690109348,-0.113356085749311,0.5649279903216496,-1.0708044882888972,0.0392795967288293,-0.6460547710623075,0.8247340719018256,0.9734875553362644
20.0,41.0,1003.4501953125,0.8244933525227314,0.1717593457825232,-2.378357160883819,-0.0311909432060103,0.5201670551719506,-0.572020629403561,0.1201970601601191,-0.6215705967146201,-0.9274745739175644,-0.4297577406009585
20.0,41.0,1003.4501953125,0.8244933525227314,0.1717593457825232,-2.378357160883819,-0.0311909432060103,0.5201670551719506,-0.572020629403561,0.1201970601601191,-0.6215705967146201,-0.9274745739175644,-0.4297577406009585
20.0,41.0,1003.4501953125,0.8244933525227314,0.1717593457825232,-2.378357160883819,-0.0311909432060103,0.5201670551719506,-0.572020629403561,0.1201970601601191,-0.6215705967146201,-0.9274745739175644,-0.4297577406009585
20.0,41.0,1003.4501953125,0.8244933525227314,0.1717593457825232,-2.378357160883819,-0.0311909432060103,0.5201670551719506,-0.572020629403561,0.1201970601601191,-0.6215705967146201,-0.9274745739175644,-0.4297577406009585
20.0,41.0,1003.4501953125,0.8244933525227314,0.1717593457825232,-2.378357160883819,-0.0311909432060103,0.5201670551719506,-0.572020629403561,0.1201970601601191,-0.6215705967146201,-0.9274745739175644,-0.4297577406009585
20.0,41.0,1003.4501953125,0.8244933525227314,0.1717593457825232,-2.378357160883819,-0.0311909432060103,0.5201670551719506,-0.572020629403561,0.1201970601601191,-0.6215705967146201,-0.9274745739175644,-0.4297577406009585
20.0,41.0,1003.4501953125,0.8244933525227314,0.1717593457825232,-2.378357160883819,-0.0311909432060103,0.5201670551719506,-0.572020629403561,0.1201970601601191,-0.6215705967146201,-0.9274745739175644,-0.4297577406009585
20.0,41.0,1003.469970703125,0.8244933525227314,0.1717593457825232,-2.378357160883819,-0.0311909432060103,0.5201670551719506,-0.5719250887544598,0.1201970601601191,-0.6215705967146201,-0.9274745739175644,-0.4297577406009585
20.0,41.0,1003.5155029296876,0.8261218770308434,0.209425812291895,-1.3073300690109348,-0.113356085749311,0.5649279903216496,-1.0708044882888972,0.0392795967288293,-0.6460547710623075,0.8247340719018256,0.9709143587033844
20.0,41.0,1003.5155639648438,0.8261218770308434,0.209425812291895,-1.3073300690109348,-0.113356085749311,0.5649279903216496,-1.0708044882888972,0.0392800953367632,-0.6460547710623075,0.8247340719018256,0.9709143587033844
20.0,41.0,1003.5155639648438,0.8261218770308434,0.209425812291895,-1.3073300690109348,-0.113356085749311,0.5649279903216496,-1.0708044882888972,0.0392800953367632,-0.6460547710623075,0.8247340719018256,0.9709143587033844
20.0,41.0,1003.5155639648438,0.8261218770308434,0.209425812291895,-1.3073300690109348,-0.113356085749311,0.5649279903216496,-1.0708044882888972,0.0392800953367632,-0.6460547710623075,0.8247340719018256,0.9709143587033844
20.0,41.0,1003.5797119140624,0.8266281357147969,0.1717593457825232,-2.378357160883819,-0.0306561092946315,0.5201670551719506,-0.572020629403561,0.1201970601601191,-0.6215705967146201,-0.9274745739175644,0.7260611578630927
20.0,41.0,1003.5810546875,0.8350555799486116,0.3821521005716593,-1.0540010089174547,0.7947900288505778,0.6944704802618079,-0.6131761605871592,-0.5694503632001859,-2.4658308594713407,0.3057271138160076,-0.5720382601594445
20.0,41.0,1003.5810546875,0.8350555799486116,0.3821521005716593,-1.0540010089174547,0.7947900288505778,0.6944704802618079,-0.6131761605871592,-0.5694503632001859,-2.4658308594713407,0.3057271138160076,-0.5720382601594445
20.0,41.0,1003.5810546875,0.8350555799486116,0.3821521005716593,-1.0540010089174547,0.7947900288505778,0.6944704802618079,-0.6131761605871592,-0.5694503632001859,-2.4658308594713407,0.3057271138160076,-0.5720382601594445
20.0,41.0,1003.7880859375,0.8241159622408898,0.1717593457825232,-1.3073300690109348,-0.0357810840803336,0.7705589030910063,-0.5719245829761689,0.0388298077046654,-0.3682548402439464,0.3788263466435764,0.9709143587033844
20.0,41.0,1003.7940673828124,0.8241159622408898,0.1717593457825232,-1.3073300690109348,-0.0357358098539117,0.7705589030910063,-0.5719245829761689,0.0388298077046654,-0.3682548402439464,0.3788263466435764,0.9709143587033844
20.0,41.0,1003.8342895507812,0.7724800346324759,0.3978217251440722,-0.6912509852329187,0.7774092762061562,0.6476693938772413,-0.5423086153393578,-0.339086087687028,-0.3390239645658489,0.3856882756312429,0.7196192523185432
20.0,41.0,1003.8790283203124,0.8272485032927446,0.3978217251440722,-0.6858788078817581,0.7774092762061562,0.648068656738243,-0.5423086153393578,-0.339086087687028,-0.3390239645658489,0.3856882756312429,0.7196192523185432
20.0,41.0,1003.9381103515624,0.8249342670003529,0.1717593457825232,-2.391201063239363,-0.0291307213359034,0.510957092394609,-0.612941182031415,-0.5790878390332364,-2.445508770234389,-0.77996261762231,-0.4297577406009585
20.0,41.0,1003.9381103515624,0.8249342670003529,0.1717593457825232,-2.391201063239363,-0.0291307213359034,0.510957092394609,-0.612941182031415,-0.5790878390332364,-2.445508770234389,-0.77996261762231,-0.4297577406009585
20.0,41.0,1003.9584350585938,0.7724800346324759,0.3974813931498676,-0.6912509852329187,0.7774092762061562,0.6480706220258935,-0.5423086153393578,-0.339086087687028,-0.3390239645658489,0.385751730269153,0.7196192523185432
20.0,41.0,1003.9584350585938,0.7724800346324759,0.3974813931498676,-0.6912509852329187,0.7774092762061562,0.6480706220258935,-0.5423086153393578,-0.339086087687028,-0.3390239645658489,0.385751730269153,0.7196192523185432
20.0,41.0,1003.9741821289062,0.8273248301161585,0.3978217251440722,-0.6858788078817581,0.7774092762061562,0.6476693938772413,-0.5423086153393578,-0.339086087687028,-0.3390239645658489,0.3856882756312429,0.7196192523185432
20.0,41.0,1004.0369873046876,0.8273182415241076,0.3978217251440722,-0.6912509852329187,0.7774092762061562,0.6476693938772413,-0.5423086153393578,-0.339086087687028,-0.3390239645658489,0.3856882756312429,0.7196192523185432
20.0,41.0,1004.09326171875,0.8266213622282398,0.3978187474060314,-0.6912511428356635,0.7774092762061562,0.6480627663330156,-0.5423086153393578,-0.340975467799524,-0.3390239645658489,0.3843635568472672,0.7196192523185432
20.0,41.0,1004.09326171875,0.8266213622282398,0.3978187474060314,-0.6912511428356635,0.7774092762061562,0.6480627663330156,-0.5423086153393578,-0.340975467799524,-0.3390239645658489,0.3843635568472672,0.7196192523185432
20.0,41.0,1004.1483764648438,0.8261218770308434,0.209425812291895,-1.3073300690109348,-0.113356085749311,0.5609128142730455,-1.0708044882888972,0.0393333163574691,-0.6460547710623075,0.8247340719018256,0.9709143587033844
20.0,41.0,1004.1483764648438,0.8261218770308434,0.209425812291895,-1.3073300690109348,-0.113356085749311,0.5609128142730455,-1.0708044882888972,0.0393333163574691,-0.6460547710623075,0.8247340719018256,0.9709143587033844
20.0,41.0,1004.1485595703124,0.8261218770308434,0.209425812291895,-1.3073300690109348,-0.113356085749311,0.5609128142730455,-1.0708044882888972,0.039333814965403,-0.6460547710623075,0.8247340719018256,0.9709143587033844
20.0,41.0,1004.1752319335938,0.8266213622282398,0.3978187474060314,-0.6912441218867328,0.7774092762061562,0.6480627663330156,-0.5423086153393578,-0.339086087687028,-0.3390239645658489,0.3856858277892409,0.7196192523185432
20.0,41.0,1004.1752319335938,0.8266213622282398,0.3978187474060314,-0.6912443658278876,0.7774092762061562,0.6480627663330156,-0.5423086153393578,-0.339086087687028,-0.3390239645658489,0.3856858277892409,0.7196192523185432
20.0,41.0,1004.1752319335938,0.8266213622282398,0.3978187474060314,-0.6912443658278876,0.7774092762061562,0.6480627663330156,-0.5423086153393578,-0.339086087687028,-0.3390239645658489,0.3856858277892409,0.7196192523185432
20.0,41.0,1004.1752319335938,0.8266213622282398,0.3978187474060314,-0.6912443658278876,0.7774092762061562,0.6480627663330156,-0.5423086153393578,-0.339086087687028,-0.3390239645658489,0.3856858277892409,0.7196192523185432
20.0,41.0,1004.1752319335938,0.8266213622282398,0.3978187474060314,-0.6912443658278876,0.7774092762061562,0.6480627663330156,-0.5423086153393578,-0.339086087687028,-0.3390239645658489,0.3856858277892409,0.7196192523185432
20.0,41.0,1004.1752319335938,0.8266213622282398,0.3978187474060314,-0.6912443658278876,0.7774092762061562,0.6480627663330156,-0.5423086153393578,-0.339086087687028,-0.3390239645658489,0.3856858277892409,0.7196192523185432
20.0,41.0,1004.1752319335938,0.8266213622282398,0.3978187474060314,-0.6912441218867328,0.7774092762061562,0.6480627663330156,-0.5423086153393578,-0.339086087687028,-0.3390239645658489,0.3856858277892409,0.7196192523185432
20.0,41.0,1004.1755981445312,0.8266213622282398,0.3978187474060314,-0.6912511428356635,0.7774092762061562,0.6480627663330156,-0.5423086153393578,-0.339086087687028,-0.3390239645658489,0.3856858277892409,0.7196192523185432
20.0,41.0,1004.1755981445312,0.8266213622282398,0.3978187474060314,-0.6912511428356635,0.7774092762061562,0.6480627663330156,-0.5423086153393578,-0.339086087687028,-0.3390239645658489,0.3856858277892409,0.7196192523185432
20.0,41.0,1004.176513671875,0.8241159622408898,0.1717593457825232,-1.3073300690109348,-0.0330451758348765,0.7705589030910063,-0.57202012362527,0.0388298077046654,-0.3682548402439464,0.3788263466435764,0.9709143587033844
20.0,41.0,1004.1976928710938,0.826685162126328,0.1717593457825232,-1.2919455111166425,-0.0357810840803336,0.7664546187579012,-0.5719245829761689,0.0408121919189226,-0.3672488458143229,0.3844293450450356,0.9709143587033844
20.0,41.0,1004.1978149414062,0.8241159622408898,0.1717593457825232,-1.3073300690109348,-0.0330451758348765,0.7705589030910063,-0.5719245829761689,0.0388298077046654,-0.3682548402439464,0.3788263466435764,0.9709143587033844
20.0,41.0,1004.1978149414062,0.8241159622408898,0.1717593457825232,-1.3073300690109348,-0.0330451758348765,0.7705589030910063,-0.5719245829761689,0.0388298077046654,-0.3682548402439464,0.3788263466435764,0.9709143587033844
20.0,41.0,1004.1978149414062,0.8241159622408898,0.1717593457825232,-1.3073300690109348,-0.0330451758348765,0.7705589030910063,-0.5719245829761689,0.0388298077046654,-0.3682548402439464,0.3788263466435764,0.9709143587033844
20.0,41.0,1004.1978149414062,0.8241159622408898,0.1717593457825232,-1.3073300690109348,-0.0330451758348765,0.7705589030910063,-0.5719245829761689,0.0388298077046654,-0.3682548402439464,0.3788263466435764,0.9709143587033844
20.0,41.0,1004.1978149414062,0.8241159622408898,0.1717593457825232,-1.3073300690109348,-0.0330451758348765,0.7705589030910063,-0.5719245829761689,0.0388298077046654,-0.3682548402439464,0.3788263466435764,0.9709143587033844
20.0,41.0,1004.2332153320312,0.8266213622282398,0.3978217251440722,-0.6858788078817581,0.7774092762061562,0.6476693938772413,-0.5423086153393578,-0.339086087687028,-0.3390239645658489,0.3856882756312429,0.7196192523185432
20.0,42.0,1002.9478149414062,0.8261196525140424,0.1717593457825232,-2.378357160883819,-0.0306561092946315,0.5201670551719506,-0.572020629403561,0.1201970601601191,-0.6215705967146201,-0.9274745739175644,-0.4297577406009585
20.0,42.0,1003.0043334960938,0.8261218770308434,0.209425812291895,-1.3073300690109348,-0.113356085749311,0.5649279903216496,-1.0708044882888972,0.0392795967288293,-0.6460547710623075,0.8247340719018256,0.9734875553362644
20.0,42.0,1003.4501953125,0.8244933525227314,0.1717593457825232,-2.378357160883819,-0.0311909432060103,0.5201670551719506,-0.572020629403561,0.1201970601601191,-0.6215705967146201,-0.9274745739175644,-0.4297577406009585
20.0,42.0,1003.4501953125,0.8244933525227314,0.1717593457825232,-2.378357160883819,-0.0311909432060103,0.5201670551719506,-0.572020629403561,0.1201970601601191,-0.6215705967146201,-0.9274745739175644,-0.4297577406009585
20.0,42.0,1003.4501953125,0.8244933525227314,0.1717593457825232,-2.378357160883819,-0.0311909432060103,0.5201670551719506,-0.572020629403561,0.1201970601601191,-0.6215705967146201,-0.9274745739175644,-0.4297577406009585
20.0,42.0,1003.4501953125,0.8244933525227314,0.1717593457825232,-2.378357160883819,-0.0311909432060103,0.5201670551719506,-0.572020629403561,0.1201970601601191,-0.6215705967146201,-0.9274745739175644,-0.4297577406009585
20.0,42.0,1003.4501953125,0.8244933525227314,0.1717593457825232,-2.378357160883819,-0.0311909432060103,0.5201670551719506,-0.572020629403561,0.1201970601601191,-0.6215705967146201,-0.9274745739175644,-0.4297577406009585
20.0,42.0,1003.4501953125,0.8244933525227314,0.1717593457825232,-2.378357160883819,-0.0311909432060103,0.5201670551719506,-0.572020629403561,0.1201970601601191,-0.6215705967146201,-0.9274745739175644,-0.4297577406009585
20.0,42.0,1003.4501953125,0.8244933525227314,0.1717593457825232,-2.378357160883819,-0.0311909432060103,0.5201670551719506,-0.572020629403561,0.1201970601601191,-0.6215705967146201,-0.9274745739175644,-0.4297577406009585
20.0,42.0,1003.4501953125,0.8244933525227314,0.1717593457825232,-2.378357160883819,-0.0311909432060103,0.5201670551719506,-0.572020629403561,0.1201970601601191,-0.6215705967146201,-0.9274745739175644,-0.4297577406009585
20.0,42.0,1003.4501953125,0.8244933525227314,0.1717593457825232,-2.378357160883819,-0.0311909432060103,0.5201670551719506,-0.572020629403561,0.1201970601601191,-0.6215705967146201,-0.9274745739175644,-0.4297577406009585
20.0,42.0,1003.469970703125,0.8244933525227314,0.1717593457825232,-2.378357160883819,-0.0311909432060103,0.5201670551719506,-0.5719250887544598,0.1201970601601191,-0.6215705967146201,-0.9274745739175644,-0.4297577406009585
20.0,42.0,1003.469970703125,0.8244933525227314,0.1717593457825232,-2.378357160883819,-0.0311909432060103,0.5201670551719506,-0.5719250887544598,0.1201970601601191,-0.6215705967146201,-0.9274745739175644,-0.4297577406009585
20.0,42.0,1003.5155029296876,0.8261218770308434,0.209425812291895,-1.3073300690109348,-0.113356085749311,0.5649279903216496,-1.0708044882888972,0.0392795967288293,-0.6460547710623075,0.8247340719018256,0.9709143587033844
20.0,42.0,1003.5155639648438,0.8261218770308434,0.209425812291895,-1.3073300690109348,-0.113356085749311,0.5649279903216496,-1.0708044882888972,0.0392800953367632,-0.6460547710623075,0.8247340719018256,0.9709143587033844
20.0,42.0,1003.5155639648438,0.8261218770308434,0.209425812291895,-1.3073300690109348,-0.113356085749311,0.5649279903216496,-1.0708044882888972,0.0392800953367632,-0.6460547710623075,0.8247340719018256,0.9709143587033844
20.0,42.0,1003.5155639648438,0.8261218770308434,0.209425812291895,-1.3073300690109348,-0.113356085749311,0.5649279903216496,-1.0708044882888972,0.0392800953367632,-0.6460547710623075,0.8247340719018256,0.9709143587033844
20.0,42.0,1003.5155639648438,0.8261218770308434,0.209425812291895,-1.3073300690109348,-0.113356085749311,0.5649279903216496,-1.0708044882888972,0.0392800953367632,-0.6460547710623075,0.8247340719018256,0.9709143587033844
20.0,42.0,1003.5155639648438,0.8261218770308434,0.209425812291895,-1.3073300690109348,-0.113356085749311,0.5649279903216496,-1.0708044882888972,0.0392800953367632,-0.6460547710623075,0.8247340719018256,0.9709143587033844
20.0,42.0,1003.5797119140624,0.8266281357147969,0.1717593457825232,-2.378357160883819,-0.0306561092946315,0.5201670551719506,-0.572020629403561,0.1201970601601191,-0.6215705967146201,-0.9274745739175644,0.7260611578630927
20.0,42.0,1003.5810546875,0.8350555799486116,0.3821521005716593,-1.0540010089174547,0.7947900288505778,0.6944704802618079,-0.6131761605871592,-0.5694503632001859,-2.4658308594713407,0.3057271138160076,-0.5720382601594445
20.0,42.0,1003.5810546875,0.8350555799486116,0.3821521005716593,-1.0540010089174547,0.7947900288505778,0.6944704802618079,-0.6131761605871592,-0.5694503632001859,-2.4658308594713407,0.3057271138160076,-0.5720382601594445
20.0,42.0,1003.5810546875,0.8350555799486116,0.3821521005716593,-1.0540010089174547,0.7947900288505778,0.6944704802618079,-0.6131761605871592,-0.5694503632001859,-2.4658308594713407,0.3057271138160076,-0.5720382601594445
20.0,42.0,1003.7880859375,0.8241159622408898,0.1717593457825232,-1.3073300690109348,-0.0357810840803336,0.7705589030910063,-0.5719245829761689,0.0388298077046654,-0.3682548402439464,0.3788263466435764,0.9709143587033844
20.0,42.0,1003.7940673828124,0.8241159622408898,0.1717593457825232,-1.3073300690109348,-0.0357358098539117,0.7705589030910063,-0.5719245829761689,0.0388298077046654,-0.3682548402439464,0.3788263466435764,0.9709143587033844
20.0,42.0,1003.8342895507812,0.7724800346324759,0.3978217251440722,-0.6912509852329187,0.7774092762061562,0.6476693938772413,-0.5423086153393578,-0.339086087687028,-0.3390239645658489,0.3856882756312429,0.7196192523185432
20.0,42.0,1003.8790283203124,0.8272485032927446,0.3978217251440722,-0.6858788078817581,0.7774092762061562,0.648068656738243,-0.5423086153393578,-0.339086087687028,-0.3390239645658489,0.3856882756312429,0.7196192523185432
20.0,42.0,1003.9381103515624,0.8249342670003529,0.1717593457825232,-2.391201063239363,-0.0291307213359034,0.510957092394609,-0.612941182031415,-0.5790878390332364,-2.445508770234389,-0.77996261762231,-0.4297577406009585
20.0,42.0,1003.9381103515624,0.8249342670003529,0.1717593457825232,-2.391201063239363,-0.0291307213359034,0.510957092394609,-0.612941182031415,-0.5790878390332364,-2.445508770234389,-0.77996261762231,-0.4297577406009585
20.0,42.0,1003.9584350585938,0.7724800346324759,0.3974813931498676,-0.6912509852329187,0.7774092762061562,0.6480706220258935,-0.5423086153393578,-0.339086087687028,-0.3390239645658489,0.385751730269153,0.7196192523185432
20.0,42.0,1003.9584350585938,0.7724800346324759,0.3974813931498676,-0.6912509852329187,0.7774092762061562,0.6480706220258935,-0.5423086153393578,-0.339086087687028,-0.3390239645658489,0.385751730269153,0.7196192523185432
20.0,42.0,1003.9741821289062,0.8273248301161585,0.3978217251440722,-0.6858788078817581,0.7774092762061562,0.6476693938772413,-0.5423086153393578,-0.339086087687028,-0.3390239645658489,0.3856882756312429,0.7196192523185432
20.0,42.0,1004.0369873046876,0.8273182415241076,0.3978217251440722,-0.6912509852329187,0.7774092762061562,0.6476693938772413,-0.5423086153393578,-0.339086087687028,-0.3390239645658489,0.3856882756312429,0.7196192523185432
20.0,42.0,1004.09326171875,0.8266213622282398,0.3978187474060314,-0.6912511428356635,0.7774092762061562,0.6480627663330156,-0.5423086153393578,-0.340975467799524,-0.3390239645658489,0.3843635568472672,0.7196192523185432
20.0,42.0,1004.09326171875,0.8266213622282398,0.3978187474060314,-0.6912511428356635,0.7774092762061562,0.6480627663330156,-0.5423086153393578,-0.340975467799524,-0.3390239645658489,0.3843635568472672,0.7196192523185432
20.0,42.0,1004.1483764648438,0.8261218770308434,0.209425812291895,-1.3073300690109348,-0.113356085749311,0.5609128142730455,-1.0708044882888972,0.0393333163574691,-0.6460547710623075,0.8247340719018256,0.9709143587033844
20.0,42.0,1004.1483764648438,0.8261218770308434,0.209425812291895,-1.3073300690109348,-0.113356085749311,0.5609128142730455,-1.0708044882888972,0.0393333163574691,-0.6460547710623075,0.8247340719018256,0.9709143587033844
20.0,42.0,1004.1485595703124,0.8261218770308434,0.209425812291895,-1.3073300690109348,-0.113356085749311,0.5609128142730455,-1.0708044882888972,0.039333814965403,-0.6460547710623075,0.8247340719018256,0.9709143587033844
20.0,42.0,1004.1752319335938,0.8266213622282398,0.3978187474060314,-0.6912441218867328,0.7774092762061562,0.6480627663330156,-0.5423086153393578,-0.339086087687028,-0.3390239645658489,0.3856858277892409,0.7196192523185432
20.0,42.0,1004.1752319335938,0.8266213622282398,0.3978187474060314,-0.6912443658278876,0.7774092762061562,0.6480627663330156,-0.5423086153393578,-0.339086087687028,-0.3390239645658489,0.3856858277892409,0.7196192523185432
20.0,42.0,1004.1752319335938,0.8266213622282398,0.3978187474060314,-0.6912443658278876,0.7774092762061562,0.6480627663330156,-0.5423086153393578,-0.339086087687028,-0.3390239645658489,0.3856858277892409,0.7196192523185432
20.0,42.0,1004.1752319335938,0.8266213622282398,0.3978187474060314,-0.6912443658278876,0.7774092762061562,0.6480627663330156,-0.5423086153393578,-0.339086087687028,-0.3390239645658489,0.3856858277892409,0.7196192523185432
20.0,42.0,1004.1752319335938,0.8266213622282398,0.3978187474060314,-0.6912443658278876,0.7774092762061562,0.6480627663330156,-0.5423086153393578,-0.339086087687028,-0.3390239645658489,0.3856858277892409,0.7196192523185432
20.0,42.0,1004.1752319335938,0.8266213622282398,0.3978187474060314,-0.6912443658278876,0.7774092762061562,0.6480627663330156,-0.5423086153393578,-0.339086087687028,-0.3390239645658489,0.3856858277892409,0.7196192523185432
20.0,42.0,1004.1752319335938,0.8266213622282398,0.3978187474060314,-0.6912441218867328,0.7774092762061562,0.6480627663330156,-0.5423086153393578,-0.339086087687028,-0.3390239645658489,0.3856858277892409,0.7196192523185432
20.0,42.0,1004.1755981445312,0.8266213622282398,0.3978187474060314,-0.6912511428356635,0.7774092762061562,0.6480627663330156,-0.5423086153393578,-0.339086087687028,-0.3390239645658489,0.3856858277892409,0.7196192523185432
20.0,42.0,1004.1755981445312,0.8266213622282398,0.3978187474060314,-0.6912511428356635,0.7774092762061562,0.6480627663330156,-0.5423086153393578,-0.339086087687028,-0.3390239645658489,0.3856858277892409,0.7196192523185432
20.0,42.0,1004.176513671875,0.8241159622408898,0.1717593457825232,-1.3073300690109348,-0.0330451758348765,0.7705589030910063,-0.57202012362527,0.0388298077046654,-0.3682548402439464,0.3788263466435764,0.9709143587033844
20.0,42.0,1004.1976928710938,0.826685162126328,0.1717593457825232,-1.2919455111166425,-0.0357810840803336,0.7664546187579012,-0.5719245829761689,0.0408121919189226,-0.3672488458143229,0.3844293450450356,0.9709143587033844
20.0,42.0,1004.1978149414062,0.8241159622408898,0.1717593457825232,-1.3073300690109348,-0.0330451758348765,0.7705589030910063,-0.5719245829761689,0.0388298077046654,-0.3682548402439464,0.3788263466435764,0.9709143587033844
20.0,43.0,1002.9478149414062,0.8261196525140424,0.1717593457825232,-2.378357160883819,-0.0306561092946315,0.5201670551719506,-0.572020629403561,0.1201970601601191,-0.6215705967146201,-0.9274745739175644,-0.4297577406009585
20.0,43.0,1003.0043334960938,0.8261218770308434,0.209425812291895,-1.3073300690109348,-0.113356085749311,0.5649279903216496,-1.0708044882888972,0.0392795967288293,-0.6460547710623075,0.8247340719018256,0.9734875553362644
20.0,43.0,1003.4501953125,0.8244933525227314,0.1717593457825232,-2.378357160883819,-0.0311909432060103,0.5201670551719506,-0.572020629403561,0.1201970601601191,-0.6215705967146201,-0.9274745739175644,-0.4297577406009585
20.0,43.0,1003.4501953125,0.8244933525227314,0.1717593457825232,-2.378357160883819,-0.0311909432060103,0.5201670551719506,-0.572020629403561,0.1201970601601191,-0.6215705967146201,-0.9274745739175644,-0.4297577406009585
20.0,43.0,1003.4501953125,0.8244933525227314,0.1717593457825232,-2.378357160883819,-0.0311909432060103,0.5201670551719506,-0.572020629403561,0.1201970601601191,-0.6215705967146201,-0.9274745739175644,-0.4297577406009585
20.0,43.0,1003.4501953125,0.8244933525227314,0.1717593457825232,-2.378357160883819,-0.0311909432060103,0.5201670551719506,-0.572020629403561,0.1201970601601191,-0.6215705967146201,-0.9274745739175644,-0.4297577406009585
20.0,43.0,1003.4501953125,0.8244933525227314,0.1717593457825232,-2.378357160883819,-0.0311909432060103,0.5201670551719506,-0.572020629403561,0.1201970601601191,-0.6215705967146201,-0.9274745739175644,-0.4297577406009585
20.0,43.0,1003.4501953125,0.8244933525227314,0.1717593457825232,-2.378357160883819,-0.0311909432060103,0.5201670551719506,-0.572020629403561,0.1201970601601191,-0.6215705967146201,-0.9274745739175644,-0.4297577406009585
20.0,43.0,1003.4501953125,0.8244933525227314,0.1717593457825232,-2.378357160883819,-0.0311909432060103,0.5201670551719506,-0.572020629403561,0.1201970601601191,-0.6215705967146201,-0.9274745739175644,-0.4297577406009585
20.0,43.0,1003.4501953125,0.8244933525227314,0.1717593457825232,-2.378357160883819,-0.0311909432060103,0.5201670551719506,-0.572020629403561,0.1201970601601191,-0.6215705967146201,-0.9274745739175644,-0.4297577406009585
20.0,43.0,1003.4501953125,0.8244933525227314,0.1717593457825232,-2.378357160883819,-0.0311909432060103,0.5201670551719506,-0.572020629403561,0.1201970601601191,-0.6215705967146201,-0.9274745739175644,-0.4297577406009585
20.0,43.0,1003.4501953125,0.8244933525227314,0.1717593457825232,-2.378357160883819,-0.0311909432060103,0.5201670551719506,-0.572020629403561,0.1201970601601191,-0.6215705967146201,-0.9274745739175644,-0.4297577406009585
20.0,43.0,1003.4501953125,0.8244933525227314,0.1717593457825232,-2.378357160883819,-0.0311909432060103,0.5201670551719506,-0.572020629403561,0.1201970601601191,-0.6215705967146201,-0.9274745739175644,-0.4297577406009585
20.0,43.0,1003.4501953125,0.8244933525227314,0.1717593457825232,-2.378357160883819,-0.0311909432060103,0.5201670551719506,-0.572020629403561,0.1201970601601191,-0.6215705967146201,-0.9274745739175644,-0.4297577406009585
20.0,43.0,1003.4501953125,0.8244933525227314,0.1717593457825232,-2.378357160883819,-0.0311909432060103,0.5201670551719506,-0.572020629403561,0.1201970601601191,-0.6215705967146201,-0.9274745739175644,-0.4297577406009585
20.0,43.0,1003.469970703125,0.8244933525227314,0.1717593457825232,-2.378357160883819,-0.0311909432060103,0.5201670551719506,-0.5719250887544598,0.1201970601601191,-0.6215705967146201,-0.9274745739175644,-0.4297577406009585
20.0,43.0,1003.469970703125,0.8244933525227314,0.1717593457825232,-2.378357160883819,-0.0311909432060103,0.5201670551719506,-0.5719250887544598,0.1201970601601191,-0.6215705967146201,-0.9274745739175644,-0.4297577406009585
20.0,43.0,1003.5153198242188,0.8262260002545828,0.209425812291895,-1.3073300690109348,-0.1130040191572051,0.5649279903216496,-1.0708044882888972,0.0392795967288293,-0.6460547710623075,0.8247340719018256,0.9708951010637732
20.0,43.0,1003.5155029296876,0.8261218770308434,0.209425812291895,-1.3073300690109348,-0.113356085749311,0.5649279903216496,-1.0708044882888972,0.0392795967288293,-0.6460547710623075,0.8247340719018256,0.9709143587033844
20.0,43.0,1003.5155639648438,0.8261218770308434,0.209425812291895,-1.3073300690109348,-0.113356085749311,0.5649279903216496,-1.0708044882888972,0.0392800953367632,-0.6460547710623075,0.8247340719018256,0.9709143587033844
20.0,43.0,1003.5155639648438,0.8261218770308434,0.209425812291895,-1.3073300690109348,-0.113356085749311,0.5649279903216496,-1.0708044882888972,0.0392800953367632,-0.6460547710623075,0.8247340719018256,0.9709143587033844
20.0,43.0,1003.5155639648438,0.8261218770308434,0.209425812291895,-1.3073300690109348,-0.113356085749311,0.5649279903216496,-1.0708044882888972,0.0392800953367632,-0.6460547710623075,0.8247340719018256,0.9709143587033844
20.0,43.0,1003.5155639648438,0.8261218770308434,0.209425812291895,-1.3073300690109348,-0.113356085749311,0.5649279903216496,-1.0708044882888972,0.0392800953367632,-0.6460547710623075,0.8247340719018256,0.9709143587033844
20.0,43.0,1003.5155639648438,0.8261218770308434,0.209425812291895,-1.3073300690109348,-0.113356085749311,0.5649279903216496,-1.0708044882888972,0.0392800953367632,-0.6460547710623075,0.8247340719018256,0.9709143587033844
20.0,43.0,1003.5797119140624,0.8266281357147969,0.1717593457825232,-2.378357160883819,-0.0306561092946315,0.5201670551719506,-0.572020629403561,0.1201970601601191,-0.6215705967146201,-0.9274745739175644,0.7260611578630927
20.0,43.0,1003.5810546875,0.8350555799486116,0.3821521005716593,-1.0540010089174547,0.7947900288505778,0.6944704802618079,-0.6131761605871592,-0.5694503632001859,-2.4658308594713407,0.3057271138160076,-0.5720382601594445
20.0,43.0,1003.5810546875,0.8350555799486116,0.3821521005716593,-1.0540010089174547,0.7947900288505778,0.6944704802618079,-0.6131761605871592,-0.5694503632001859,-2.4658308594713407,0.3057271138160076,-0.5720382601594445
20.0,43.0,1003.5810546875,0.8350555799486116,0.3821521005716593,-1.0540010089174547,0.7947900288505778,0.6944704802618079,-0.6131761605871592,-0.5694503632001859,-2.4658308594713407,0.3057271138160076,-0.5720382601594445
20.0,43.0,1003.5810546875,0.8350555799486116,0.3821521005716593,-1.0540010089174547,0.7947900288505778,0.6944704802618079,-0.6131761605871592,-0.5694503632001859,-2.4658308594713407,0.3057271138160076,-0.5720382601594445
20.0,43.0,1003.7880859375,0.8241159622408898,0.1717593457825232,-1.3073300690109348,-0.0357810840803336,0.7705589030910063,-0.5719245829761689,0.0388298077046654,-0.3682548402439464,0.3788263466435764,0.9709143587033844
20.0,43.0,1003.7940673828124,0.8241159622408898,0.1717593457825232,-1.3073300690109348,-0.0357358098539117,0.7705589030910063,-0.5719245829761689,0.0388298077046654,-0.3682548402439464,0.3788263466435764,0.9709143587033844
20.0,43.0,1003.8342895507812,0.7724800346324759,0.3978217251440722,-0.6912509852329187,0.7774092762061562,0.6476693938772413,-0.5423086153393578,-0.339086087687028,-0.3390239645658489,0.3856882756312429,0.7196192523185432
20.0,43.0,1003.8790283203124,0.8272485032927446,0.3978217251440722,-0.6858788078817581,0.7774092762061562,0.648068656738243,-0.5423086153393578,-0.339086087687028,-0.3390239645658489,0.3856882756312429,0.7196192523185432
20.0,43.0,1003.9381103515624,0.8249342670003529,0.1717593457825232,-2.391201063239363,-0.0291307213359034,0.510957092394609,-0.612941182031415,-0.5790878390332364,-2.445508770234389,-0.77996261762231,-0.4297577406009585
20.0,43.0,1003.9381103515624,0.8249342670003529,0.1717593457825232,-2.391201063239363,-0.0291307213359034,0.510957092394609,-0.612941182031415,-0.5790878390332364,-2.445508770234389,-0.77996261762231,-0.4297577406009585
20.0,43.0,1003.9584350585938,0.7724800346324759,0.3974813931498676,-0.6912509852329187,0.7774092762061562,0.6480706220258935,-0.5423086153393578,-0.339086087687028,-0.3390239645658489,0.385751730269153,0.7196192523185432
20.0,43.0,1003.9584350585938,0.7724800346324759,0.3974813931498676,-0.6912509852329187,0.7774092762061562,0.6480706220258935,-0.5423086153393578,-0.339086087687028,-0.3390239645658489,0.385751730269153,0.7196192523185432
20.0,43.0,1003.9741821289062,0.8273248301161585,0.3978217251440722,-0.6858788078817581,0.7774092762061562,0.6476693938772413,-0.5423086153393578,-0.339086087687028,-0.3390239645658489,0.3856882756312429,0.7196192523185432
20.0,43.0,1004.0369873046876,0.8273182415241076,0.3978217251440722,-0.6912509852329187,0.7774092762061562,0.6476693938772413,-0.5423086153393578,-0.339086087687028,-0.3390239645658489,0.3856882756312429,0.7196192523185432
20.0,43.0,1004.09326171875,0.8266213622282398,0.3978187474060314,-0.6912511428356635,0.7774092762061562,0.6480627663330156,-0.5423086153393578,-0.340975467799524,-0.3390239645658489,0.3843635568472672,0.7196192523185432
20.0,43.0,1004.09326171875,0.8266213622282398,0.3978187474060314,-0.6912511428356635,0.7774092762061562,0.6480627663330156,-0.5423086153393578,-0.340975467799524,-0.3390239645658489,0.3843635568472672,0.7196192523185432
20.0,43.0,1004.1483764648438,0.8261218770308434,0.209425812291895,-1.3073300690109348,-0.113356085749311,0.5609128142730455,-1.0708044882888972,0.0393333163574691,-0.6460547710623075,0.8247340719018256,0.9709143587033844
20.0,43.0,1004.1483764648438,0.8261218770308434,0.209425812291895,-1.3073300690109348,-0.113356085749311,0.5609128142730455,-1.0708044882888972,0.0393333163574691,-0.6460547710623075,0.8247340719018256,0.9709143587033844
20.0,43.0,1004.1485595703124,0.8261218770308434,0.209425812291895,-1.3073300690109348,-0.113356085749311,0.5609128142730455,-1.0708044882888972,0.039333814965403,-0.6460547710623075,0.8247340719018256,0.9709143587033844
20.0,43.0,1004.1752319335938,0.8266213622282398,0.3978187474060314,-0.6912441218867328,0.7774092762061562,0.6480627663330156,-0.5423086153393578,-0.339086087687028,-0.3390239645658489,0.3856858277892409,0.7196192523185432
20.0,43.0,1004.1752319335938,0.8266213622282398,0.3978187474060314,-0.6912443658278876,0.7774092762061562,0.6480627663330156,-0.5423086153393578,-0.339086087687028,-0.3390239645658489,0.3856858277892409,0.7196192523185432
20.0,43.0,1004.1752319335938,0.8266213622282398,0.3978187474060314,-0.6912443658278876,0.7774092762061562,0.6480627663330156,-0.5423086153393578,-0.339086087687028,-0.3390239645658489,0.3856858277892409,0.7196192523185432
20.0,43.0,1004.1752319335938,0.8266213622282398,0.3978187474060314,-0.6912443658278876,0.7774092762061562,0.6480627663330156,-0.5423086153393578,-0.339086087687028,-0.3390239645658489,0.3856858277892409,0.7196192523185432
20.0,43.0,1004.1752319335938,0.8266213622282398,0.3978187474060314,-0.6912443658278876,0.7774092762061562,0.6480627663330156,-0.5423086153393578,-0.339086087687028,-0.3390239645658489,0.3856858277892409,0.7196192523185432
20.0,43.0,1004.1752319335938,0.8266213622282398,0.3978187474060314,-0.6912443658278876,0.7774092762061562,0.6480627663330156,-0.5423086153393578,-0.339086087687028,-0.3390239645658489,0.3856858277892409,0.7196192523185432
20.0,44.0,1002.9478149414062,0.8261196525140424,0.1717593457825232,-2.378357160883819,-0.0306561092946315,0.5201670551719506,-0.572020629403561,0.1201970601601191,-0.6215705967146201,-0.9274745739175644,-0.4297577406009585
20.0,44.0,1003.0043334960938,0.8261218770308434,0.209425812291895,-1.3073300690109348,-0.113356085749311,0.5649279903216496,-1.0708044882888972,0.0392795967288293,-0.6460547710623075,0.8247340719018256,0.9734875553362644
20.0,44.0,1003.4501953125,0.8244933525227314,0.1717593457825232,-2.378357160883819,-0.0311909432060103,0.5201670551719506,-0.572020629403561,0.1201970601601191,-0.6215705967146201,-0.9274745739175644,-0.4297577406009585
20.0,44.0,1003.4501953125,0.8244933525227314,0.1717593457825232,-2.378357160883819,-0.0311909432060103,0.5201670551719506,-0.572020629403561,0.1201970601601191,-0.6215705967146201,-0.9274745739175644,-0.4297577406009585
20.0,44.0,1003.4501953125,0.8244933525227314,0.1717593457825232,-2.378357160883819,-0.0311909432060103,0.5201670551719506,-0.572020629403561,0.1201970601601191,-0.6215705967146201,-0.9274745739175644,-0.4297577406009585
20.0,44.0,1003.4501953125,0.8244933525227314,0.1717593457825232,-2.378357160883819,-0.0311909432060103,0.5201670551719506,-0.572020629403561,0.1201970601601191,-0.6215705967146201,-0.9274745739175644,-0.4297577406009585
20.0,44.0,1003.4501953125,0.8244933525227314,0.1717593457825232,-2.378357160883819,-0.0311909432060103,0.5201670551719506,-0.572020629403561,0.1201970601601191,-0.6215705967146201,-0.9274745739175644,-0.4297577406009585
20.0,44.0,1003.4501953125,0.8244933525227314,0.1717593457825232,-2.378357160883819,-0.0311909432060103,0.5201670551719506,-0.572020629403561,0.1201970601601191,-0.6215705967146201,-0.9274745739175644,-0.4297577406009585
20.0,44.0,1003.4501953125,0.8244933525227314,0.1717593457825232,-2.378357160883819,-0.0311909432060103,0.5201670551719506,-0.572020629403561,0.1201970601601191,-0.6215705967146201,-0.9274745739175644,-0.4297577406009585
20.0,44.0,1003.4501953125,0.8244933525227314,0.1717593457825232,-2.378357160883819,-0.0311909432060103,0.5201670551719506,-0.572020629403561,0.1201970601601191,-0.6215705967146201,-0.9274745739175644,-0.4297577406009585
20.0,44.0,1003.4501953125,0.8244933525227314,0.1717593457825232,-2.378357160883819,-0.0311909432060103,0.5201670551719506,-0.572020629403561,0.1201970601601191,-0.6215705967146201,-0.9274745739175644,-0.4297577406009585
20.0,44.0,1003.4501953125,0.8244933525227314,0.1717593457825232,-2.378357160883819,-0.0311909432060103,0.5201670551719506,-0.572020629403561,0.1201970601601191,-0.6215705967146201,-0.9274745739175644,-0.4297577406009585
20.0,44.0,1003.4501953125,0.8244933525227314,0.1717593457825232,-2.378357160883819,-0.0311909432060103,0.5201670551719506,-0.572020629403561,0.1201970601601191,-0.6215705967146201,-0.9274745739175644,-0.4297577406009585
20.0,44.0,1003.4501953125,0.8244933525227314,0.1717593457825232,-2.378357160883819,-0.0311909432060103,0.5201670551719506,-0.572020629403561,0.1201970601601191,-0.6215705967146201,-0.9274745739175644,-0.4297577406009585
20.0,44.0,1003.4501953125,0.8244933525227314,0.1717593457825232,-2.378357160883819,-0.0311909432060103,0.5201670551719506,-0.572020629403561,0.1201970601601191,-0.6215705967146201,-0.9274745739175644,-0.4297577406009585
20.0,44.0,1003.4501953125,0.8244933525227314,0.1717593457825232,-2.378357160883819,-0.0311909432060103,0.5201670551719506,-0.572020629403561,0.1201970601601191,-0.6215705967146201,-0.9274745739175644,-0.4297577406009585
20.0,44.0,1003.4501953125,0.8244933525227314,0.1717593457825232,-2.378357160883819,-0.0311909432060103,0.5201670551719506,-0.572020629403561,0.1201970601601191,-0.6215705967146201,-0.9274745739175644,-0.4297577406009585
20.0,44.0,1003.4501953125,0.8244933525227314,0.1717593457825232,-2.378357160883819,-0.0311909432060103,0.5201670551719506,-0.572020629403561,0.1201970601601191,-0.6215705967146201,-0.9274745739175644,-0.4297577406009585
20.0,44.0,1003.4501953125,0.8244933525227314,0.1717593457825232,-2.378357160883819,-0.0311909432060103,0.5201670551719506,-0.572020629403561,0.1201970601601191,-0.6215705967146201,-0.9274745739175644,-0.4297577406009585
20.0,44.0,1003.4501953125,0.8244933525227314,0.1717593457825232,-2.378357160883819,-0.0311909432060103,0.5201670551719506,-0.572020629403561,0.1201970601601191,-0.6215705967146201,-0.9274745739175644,-0.4297577406009585
20.0,44.0,1003.4501953125,0.8244933525227314,0.1717593457825232,-2.378357160883819,-0.0311909432060103,0.5201670551719506,-0.572020629403561,0.1201970601601191,-0.6215705967146201,-0.9274745739175644,-0.4297577406009585
20.0,44.0,1003.4501953125,0.8244933525227314,0.1717593457825232,-2.378357160883819,-0.0311909432060103,0.5201670551719506,-0.572020629403561,0.1201970601601191,-0.6215705967146201,-0.9274745739175644,-0.4297577406009585
20.0,44.0,1003.4513549804688,0.8244933525227314,0.1717593457825232,-2.378357160883819,-0.0311909432060103,0.5201670551719506,-0.5720143907610744,0.1201970601601191,-0.6215705967146201,-0.9274745739175644,-0.4297577406009585
20.0,44.0,1003.4686279296876,0.8244933525227314,0.1717593457825232,-2.378357160883819,-0.0311909432060103,0.5201670551719506,-0.5719313273969464,0.1201970601601191,-0.6215705967146201,-0.9274745739175644,-0.4297577406009585
20.0,44.0,1003.469970703125,0.8244933525227314,0.1717593457825232,-2.378357160883819,-0.0311909432060103,0.5201670551719506,-0.5719250887544598,0.1201970601601191,-0.6215705967146201,-0.9274745739175644,-0.4297577406009585
20.0,44.0,1003.469970703125,0.8244933525227314,0.1717593457825232,-2.378357160883819,-0.0311909432060103,0.5201670551719506,-0.5719250887544598,0.1201970601601191,-0.6215705967146201,-0.9274745739175644,-0.4297577406009585
20.0,44.0,1003.5153198242188,0.8262260002545828,0.209425812291895,-1.3073300690109348,-0.1130040191572051,0.5649279903216496,-1.0708044882888972,0.0392795967288293,-0.6460547710623075,0.8247340719018256,0.9708951010637732
20.0,44.0,1003.5155029296876,0.8261218770308434,0.209425812291895,-1.3073300690109348,-0.113356085749311,0.5649279903216496,-1.0708044882888972,0.0392795967288293,-0.6460547710623075,0.8247340719018256,0.9709143587033844
20.0,44.0,1003.5155639648438,0.8261218770308434,0.209425812291895,-1.3073300690109348,-0.113356085749311,0.5649279903216496,-1.0708044882888972,0.0392800953367632,-0.6460547710623075,0.8247340719018256,0.9709143587033844
20.0,44.0,1003.5155639648438,0.8261218770308434,0.209425812291895,-1.3073300690109348,-0.113356085749311,0.5649279903216496,-1.0708044882888972,0.0392800953367632,-0.6460547710623075,0.8247340719018256,0.9709143587033844
20.0,44.0,1003.5155639648438,0.8261218770308434,0.209425812291895,-1.3073300690109348,-0.113356085749311,0.5649279903216496,-1.0708044882888972,0.0392800953367632,-0.6460547710623075,0.8247340719018256,0.9709143587033844
20.0,44.0,1003.5155639648438,0.8261218770308434,0.209425812291895,-1.3073300690109348,-0.113356085749311,0.5649279903216496,-1.0708044882888972,0.0392800953367632,-0.6460547710623075,0.8247340719018256,0.9709143587033844
20.0,44.0,1003.5155639648438,0.8261218770308434,0.209425812291895,-1.3073300690109348,-0.113356085749311,0.5649279903216496,-1.0708044882888972,0.0392800953367632,-0.6460547710623075,0.8247340719018256,0.9709143587033844
20.0,44.0,1003.5797119140624,0.8266281357147969,0.1717593457825232,-2.378357160883819,-0.0306561092946315,0.5201670551719506,-0.572020629403561,0.1201970601601191,-0.6215705967146201,-0.9274745739175644,0.7260611578630927
20.0,44.0,1003.5810546875,0.8350555799486116,0.3821521005716593,-1.0540010089174547,0.7947900288505778,0.6944704802618079,-0.6131761605871592,-0.5694503632001859,-2.4658308594713407,0.3057271138160076,-0.5720382601594445
20.0,44.0,1003.5810546875,0.8350555799486116,0.3821521005716593,-1.0540010089174547,0.7947900288505778,0.6944704802618079,-0.6131761605871592,-0.5694503632001859,-2.4658308594713407,0.3057271138160076,-0.5720382601594445
20.0,44.0,1003.5810546875,0.8350555799486116,0.3821521005716593,-1.0540010089174547,0.7947900288505778,0.6944704802618079,-0.6131761605871592,-0.5694503632001859,-2.4658308594713407,0.3057271138160076,-0.5720382601594445
20.0,44.0,1003.5810546875,0.8350555799486116,0.3821521005716593,-1.0540010089174547,0.7947900288505778,0.6944704802618079,-0.6131761605871592,-0.5694503632001859,-2.4658308594713407,0.3057271138160076,-0.5720382601594445
20.0,44.0,1003.7880859375,0.8241159622408898,0.1717593457825232,-1.3073300690109348,-0.0357810840803336,0.7705589030910063,-0.5719245829761689,0.0388298077046654,-0.3682548402439464,0.3788263466435764,0.9709143587033844
20.0,44.0,1003.7940673828124,0.8241159622408898,0.1717593457825232,-1.3073300690109348,-0.0357358098539117,0.7705589030910063,-0.5719245829761689,0.0388298077046654,-0.3682548402439464,0.3788263466435764,0.9709143587033844
20.0,44.0,1003.8342895507812,0.7724800346324759,0.3978217251440722,-0.6912509852329187,0.7774092762061562,0.6476693938772413,-0.5423086153393578,-0.339086087687028,-0.3390239645658489,0.3856882756312429,0.7196192523185432
20.0,44.0,1003.8790283203124,0.8272485032927446,0.3978217251440722,-0.6858788078817581,0.7774092762061562,0.648068656738243,-0.5423086153393578,-0.339086087687028,-0.3390239645658489,0.3856882756312429,0.7196192523185432
20.0,44.0,1003.9381103515624,0.8249342670003529,0.1717593457825232,-2.391201063239363,-0.0291307213359034,0.510957092394609,-0.612941182031415,-0.5790878390332364,-2.445508770234389,-0.77996261762231,-0.4297577406009585
20.0,44.0,1003.9381103515624,0.8249342670003529,0.1717593457825232,-2.391201063239363,-0.0291307213359034,0.510957092394609,-0.612941182031415,-0.5790878390332364,-2.445508770234389,-0.77996261762231,-0.4297577406009585
20.0,44.0,1003.9584350585938,0.7724800346324759,0.3974813931498676,-0.6912509852329187,0.7774092762061562,0.6480706220258935,-0.5423086153393578,-0.339086087687028,-0.3390239645658489,0.385751730269153,0.7196192523185432
20.0,44.0,1003.9584350585938,0.7724800346324759,0.3974813931498676,-0.6912509852329187,0.7774092762061562,0.6480706220258935,-0.5423086153393578,-0.339086087687028,-0.3390239645658489,0.385751730269153,0.7196192523185432
20.0,44.0,1003.9741821289062,0.8273248301161585,0.3978217251440722,-0.6858788078817581,0.7774092762061562,0.6476693938772413,-0.5423086153393578,-0.339086087687028,-0.3390239645658489,0.3856882756312429,0.7196192523185432
20.0,44.0,1004.0369873046876,0.8273182415241076,0.3978217251440722,-0.6912509852329187,0.7774092762061562,0.6476693938772413,-0.5423086153393578,-0.339086087687028,-0.3390239645658489,0.3856882756312429,0.7196192523185432
20.0,44.0,1004.09326171875,0.8266213622282398,0.3978187474060314,-0.6912511428356635,0.7774092762061562,0.6480627663330156,-0.5423086153393578,-0.340975467799524,-0.3390239645658489,0.3843635568472672,0.7196192523185432
20.0,44.0,1004.09326171875,0.8266213622282398,0.3978187474060314,-0.6912511428356635,0.7774092762061562,0.6480627663330156,-0.5423086153393578,-0.340975467799524,-0.3390239645658489,0.3843635568472672,0.7196192523185432
20.0,45.0,1002.9478149414062,0.8261196525140424,0.1717593457825232,-2.378357160883819,-0.0306561092946315,0.5201670551719506,-0.572020629403561,0.1201970601601191,-0.6215705967146201,-0.9274745739175644,-0.4297577406009585
20.0,45.0,1003.0043334960938,0.8261218770308434,0.209425812291895,-1.3073300690109348,-0.113356085749311,0.5649279903216496,-1.0708044882888972,0.0392795967288293,-0.6460547710623075,0.8247340719018256,0.9734875553362644
20.0,45.0,1003.449951171875,0.8244933525227314,0.1717593457825232,-2.378357160883819,-0.0311909432060103,0.5201670551719506,-0.5720213095700916,0.1201970601601191,-0.6215705967146201,-0.9274745739175644,-0.4297577406009585
20.0,45.0,1003.4501953125,0.8244933525227314,0.1717593457825232,-2.378357160883819,-0.0311909432060103,0.5201670551719506,-0.572020629403561,0.1201970601601191,-0.6215705967146201,-0.9274745739175644,-0.4297577406009585
20.0,45.0,1003.4501953125,0.8244933525227314,0.1717593457825232,-2.378357160883819,-0.0311909432060103,0.5201670551719506,-0.572020629403561,0.1201970601601191,-0.6215705967146201,-0.9274745739175644,-0.4297577406009585
20.0,45.0,1003.4501953125,0.8244933525227314,0.1717593457825232,-2.378357160883819,-0.0311909432060103,0.5201670551719506,-0.572020629403561,0.1201970601601191,-0.6215705967146201,-0.9274745739175644,-0.4297577406009585
20.0,45.0,1003.4501953125,0.8244933525227314,0.1717593457825232,-2.378357160883819,-0.0311909432060103,0.5201670551719506,-0.572020629403561,0.1201970601601191,-0.6215705967146201,-0.9274745739175644,-0.4297577406009585
20.0,45.0,1003.4501953125,0.8244933525227314,0.1717593457825232,-2.378357160883819,-0.0311909432060103,0.5201670551719506,-0.572020629403561,0.1201970601601191,-0.6215705967146201,-0.9274745739175644,-0.4297577406009585
20.0,45.0,1003.4501953125,0.8244933525227314,0.1717593457825232,-2.378357160883819,-0.0311909432060103,0.5201670551719506,-0.572020629403561,0.1201970601601191,-0.6215705967146201,-0.9274745739175644,-0.4297577406009585
20.0,45.0,1003.4501953125,0.8244933525227314,0.1717593457825232,-2.378357160883819,-0.0311909432060103,0.5201670551719506,-0.572020629403561,0.1201970601601191,-0.6215705967146201,-0.9274745739175644,-0.4297577406009585
20.0,45.0,1003.4501953125,0.8244933525227314,0.1717593457825232,-2.378357160883819,-0.0311909432060103,0.5201670551719506,-0.572020629403561,0.1201970601601191,-0.6215705967146201,-0.9274745739175644,-0.4297577406009585
20.0,45.0,1003.4501953125,0.8244933525227314,0.1717593457825232,-2.378357160883819,-0.0311909432060103,0.5201670551719506,-0.572020629403561,0.1201970601601191,-0.6215705967146201,-0.9274745739175644,-0.4297577406009585
20.0,45.0,1003.4501953125,0.8244933525227314,0.1717593457825232,-2.378357160883819,-0.0311909432060103,0.5201670551719506,-0.572020629403561,0.1201970601601191,-0.6215705967146201,-0.9274745739175644,-0.4297577406009585
20.0,45.0,1003.4501953125,0.8244933525227314,0.1717593457825232,-2.378357160883819,-0.0311909432060103,0.5201670551719506,-0.572020629403561,0.1201970601601191,-0.6215705967146201,-0.9274745739175644,-0.4297577406009585
20.0,45.0,1003.4501953125,0.8244933525227314,0.1717593457825232,-2.378357160883819,-0.0311909432060103,0.5201670551719506,-0.572020629403561,0.1201970601601191,-0.6215705967146201,-0.9274745739175644,-0.4297577406009585
20.0,45.0,1003.4501953125,0.8244933525227314,0.1717593457825232,-2.378357160883819,-0.0311909432060103,0.5201670551719506,-0.572020629403561,0.1201970601601191,-0.6215705967146201,-0.9274745739175644,-0.4297577406009585
20.0,45.0,1003.4501953125,0.8244933525227314,0.1717593457825232,-2.378357160883819,-0.0311909432060103,0.5201670551719506,-0.572020629403561,0.1201970601601191,-0.6215705967146201,-0.9274745739175644,-0.4297577406009585
20.0,45.0,1003.4501953125,0.8244933525227314,0.1717593457825232,-2.378357160883819,-0.0311909432060103,0.5201670551719506,-0.572020629403561,0.1201970601601191,-0.6215705967146201,-0.9274745739175644,-0.4297577406009585
20.0,45.0,1003.4501953125,0.8244933525227314,0.1717593457825232,-2.378357160883819,-0.0311909432060103,0.5201670551719506,-0.572020629403561,0.1201970601601191,-0.6215705967146201,-0.9274745739175644,-0.4297577406009585
20.0,45.0,1003.4501953125,0.8244933525227314,0.1717593457825232,-2.378357160883819,-0.0311909432060103,0.5201670551719506,-0.572020629403561,0.1201970601601191,-0.6215705967146201,-0.9274745739175644,-0.4297577406009585
20.0,45.0,1003.4501953125,0.8244933525227314,0.1717593457825232,-2.378357160883819,-0.0311909432060103,0.5201670551719506,-0.572020629403561,0.1201970601601191,-0.6215705967146201,-0.9274745739175644,-0.4297577406009585
20.0,45.0,1003.4501953125,0.8244933525227314,0.1717593457825232,-2.378357160883819,-0.0311909432060103,0.5201670551719506,-0.572020629403561,0.1201970601601191,-0.6215705967146201,-0.9274745739175644,-0.4297577406009585
20.0,45.0,1003.4501953125,0.8244933525227314,0.1717593457825232,-2.378357160883819,-0.0311909432060103,0.5201670551719506,-0.572020629403561,0.1201970601601191,-0.6215705967146201,-0.9274745739175644,-0.4297577406009585
20.0,45.0,1003.4501953125,0.8244933525227314,0.1717593457825232,-2.378357160883819,-0.0311909432060103,0.5201670551719506,-0.572020629403561,0.1201970601601191,-0.6215705967146201,-0.9274745739175644,-0.4297577406009585
20.0,45.0,1003.4501953125,0.8244933525227314,0.1717593457825232,-2.378357160883819,-0.0311909432060103,0.5201670551719506,-0.572020629403561,0.1201970601601191,-0.6215705967146201,-0.9274745739175644,-0.4297577406009585
20.0,45.0,1003.4501953125,0.8244933525227314,0.1717593457825232,-2.378357160883819,-0.0311909432060103,0.5201670551719506,-0.572020629403561,0.1201970601601191,-0.6215705967146201,-0.9274745739175644,-0.4297577406009585
20.0,45.0,1003.4501953125,0.8244933525227314,0.1717593457825232,-2.378357160883819,-0.0311909432060103,0.5201670551719506,-0.572020629403561,0.1201970601601191,-0.6215705967146201,-0.9274745739175644,-0.4297577406009585
20.0,45.0,1003.4501953125,0.8244933525227314,0.1717593457825232,-2.378357160883819,-0.0311909432060103,0.5201670551719506,-0.572020629403561,0.1201970601601191,-0.6215705967146201,-0.9274745739175644,-0.4297577406009585
20.0,45.0,1003.4501953125,0.8244933525227314,0.1717593457825232,-2.378357160883819,-0.0311909432060103,0.5201670551719506,-0.572020629403561,0.1201970601601191,-0.6215705967146201,-0.9274745739175644,-0.4297577406009585
20.0,45.0,1003.4501953125,0.8244933525227314,0.1717593457825232,-2.378357160883819,-0.0311909432060103,0.5201670551719506,-0.572020629403561,0.1201970601601191,-0.6215705967146201,-0.9274745739175644,-0.4297577406009585
20.0,45.0,1003.4513549804688,0.8244933525227314,0.1717593457825232,-2.378357160883819,-0.0311909432060103,0.5201670551719506,-0.5720143907610744,0.1201970601601191,-0.6215705967146201,-0.9274745739175644,-0.4297577406009585
20.0,45.0,1003.4513549804688,0.8244933525227314,0.1717593457825232,-2.378357160883819,-0.0311909432060103,0.5201670551719506,-0.5720143907610744,0.1201970601601191,-0.6215705967146201,-0.9274745739175644,-0.4297577406009585
20.0,45.0,1003.4686279296876,0.8244933525227314,0.1717593457825232,-2.378357160883819,-0.0311909432060103,0.5201670551719506,-0.5719313273969464,0.1201970601601191,-0.6215705967146201,-0.9274745739175644,-0.4297577406009585
20.0,45.0,1003.4686279296876,0.8244933525227314,0.1717593457825232,-2.378357160883819,-0.0311909432060103,0.5201670551719506,-0.5719313273969464,0.1201970601601191,-0.6215705967146201,-0.9274745739175644,-0.4297577406009585
20.0,45.0,1003.4686889648438,0.8244933525227314,0.1717593457825232,-2.378357160883819,-0.0311909432060103,0.5201670551719506,-0.5719306472304159,0.1201970601601191,-0.6215705967146201,-0.9274745739175644,-0.4297577406009585
20.0,45.0,1003.469970703125,0.8244933525227314,0.1717593457825232,-2.378357160883819,-0.0311909432060103,0.5201670551719506,-0.5719250887544598,0.1201970601601191,-0.6215705967146201,-0.9274745739175644,-0.4297577406009585
20.0,45.0,1003.469970703125,0.8244933525227314,0.1717593457825232,-2.378357160883819,-0.0311909432060103,0.5201670551719506,-0.5719250887544598,0.1201970601601191,-0.6215705967146201,-0.9274745739175644,-0.4297577406009585
20.0,45.0,1003.5153198242188,0.8262260002545828,0.209425812291895,-1.3073300690109348,-0.1130040191572051,0.5649279903216496,-1.0708044882888972,0.0392795967288293,-0.6460547710623075,0.8247340719018256,0.9708951010637732
20.0,45.0,1003.5155029296876,0.8261218770308434,0.209425812291895,-1.3073300690109348,-0.113356085749311,0.5649279903216496,-1.0708044882888972,0.0392795967288293,-0.6460547710623075,0.8247340719018256,0.9709143587033844
20.0,45.0,1003.5155639648438,0.8261218770308434,0.209425812291895,-1.3073300690109348,-0.113356085749311,0.5649279903216496,-1.0708044882888972,0.0392800953367632,-0.6460547710623075,0.8247340719018256,0.9709143587033844
20.0,45.0,1003.5155639648438,0.8261218770308434,0.209425812291895,-1.3073300690109348,-0.113356085749311,0.5649279903216496,-1.0708044882888972,0.0392800953367632,-0.6460547710623075,0.8247340719018256,0.9709143587033844
20.0,45.0,1003.5155639648438,0.8261218770308434,0.209425812291895,-1.3073300690109348,-0.113356085749311,0.5649279903216496,-1.0708044882888972,0.0392800953367632,-0.6460547710623075,0.8247340719018256,0.9709143587033844
20.0,45.0,1003.5155639648438,0.8261218770308434,0.209425812291895,-1.3073300690109348,-0.113356085749311,0.5649279903216496,-1.0708044882888972,0.0392800953367632,-0.6460547710623075,0.8247340719018256,0.9709143587033844
20.0,45.0,1003.5155639648438,0.8261218770308434,0.209425812291895,-1.3073300690109348,-0.113356085749311,0.5649279903216496,-1.0708044882888972,0.0392800953367632,-0.6460547710623075,0.8247340719018256,0.9709143587033844
20.0,45.0,1003.5797119140624,0.8266281357147969,0.1717593457825232,-2.378357160883819,-0.0306561092946315,0.5201670551719506,-0.572020629403561,0.1201970601601191,-0.6215705967146201,-0.9274745739175644,0.7260611578630927
20.0,45.0,1003.5810546875,0.8350555799486116,0.3821521005716593,-1.0540010089174547,0.7947900288505778,0.6944704802618079,-0.6131761605871592,-0.5694503632001859,-2.4658308594713407,0.3057271138160076,-0.5720382601594445
20.0,45.0,1003.5810546875,0.8350555799486116,0.3821521005716593,-1.0540010089174547,0.7947900288505778,0.6944704802618079,-0.6131761605871592,-0.5694503632001859,-2.4658308594713407,0.3057271138160076,-0.5720382601594445
20.0,45.0,1003.5810546875,0.8350555799486116,0.3821521005716593,-1.0540010089174547,0.7947900288505778,0.6944704802618079,-0.6131761605871592,-0.5694503632001859,-2.4658308594713407,0.3057271138160076,-0.5720382601594445
20.0,45.0,1003.5810546875,0.8350555799486116,0.3821521005716593,-1.0540010089174547,0.7947900288505778,0.6944704802618079,-0.6131761605871592,-0.5694503632001859,-2.4658308594713407,0.3057271138160076,-0.5720382601594445
20.0,45.0,1003.7880859375,0.8241159622408898,0.1717593457825232,-1.3073300690109348,-0.0357810840803336,0.7705589030910063,-0.5719245829761689,0.0388298077046654,-0.3682548402439464,0.3788263466435764,0.9709143587033844
20.0,46.0,1001.6229858398438,0.8244933525227314,0.1717593457825232,-2.378357160883819,-0.0311909432060103,0.5201670551719506,-0.572020629403561,0.1201970601601191,-0.6215705967146201,-0.9274745739175644,-0.4414036567745201
20.0,46.0,1002.9478149414062,0.8261196525140424,0.1717593457825232,-2.378357160883819,-0.0306561092946315,0.5201670551719506,-0.572020629403561,0.1201970601601191,-0.6215705967146201,-0.9274745739175644,-0.4297577406009585
20.0,46.0,1002.9624633789062,0.8261196525140424,0.1717593457825232,-2.378357160883819,-0.0306809458665333,0.5201670551719506,-0.5719346379607421,0.1201970601601191,-0.6215705967146201,-0.9274745739175644,-0.4297577406009585
20.0,46.0,1003.0043334960938,0.8261218770308434,0.209425812291895,-1.3073300690109348,-0.113356085749311,0.5649279903216496,-1.0708044882888972,0.0392795967288293,-0.6460547710623075,0.8247340719018256,0.9734875553362644
20.0,46.0,1003.449951171875,0.8244933525227314,0.1717593457825232,-2.378357160883819,-0.0311909432060103,0.5201670551719506,-0.5720213095700916,0.1201970601601191,-0.6215705967146201,-0.9274745739175644,-0.4297577406009585
20.0,46.0,1003.4501953125,0.8244933525227314,0.1717593457825232,-2.378357160883819,-0.0311909432060103,0.5201670551719506,-0.572020629403561,0.1201970601601191,-0.6215705967146201,-0.9274745739175644,-0.4297577406009585
20.0,46.0,1003.4501953125,0.8244933525227314,0.1717593457825232,-2.378357160883819,-0.0311909432060103,0.5201670551719506,-0.572020629403561,0.1201970601601191,-0.6215705967146201,-0.9274745739175644,-0.4297577406009585
20.0,46.0,1003.4501953125,0.8244933525227314,0.1717593457825232,-2.378357160883819,-0.0311909432060103,0.5201670551719506,-0.572020629403561,0.1201970601601191,-0.6215705967146201,-0.9274745739175644,-0.4297577406009585
20.0,46.0,1003.4501953125,0.8244933525227314,0.1717593457825232,-2.378357160883819,-0.0311909432060103,0.5201670551719506,-0.572020629403561,0.1201970601601191,-0.6215705967146201,-0.9274745739175644,-0.4297577406009585
20.0,46.0,1003.4501953125,0.8244933525227314,0.1717593457825232,-2.378357160883819,-0.0311909432060103,0.5201670551719506,-0.572020629403561,0.1201970601601191,-0.6215705967146201,-0.9274745739175644,-0.4297577406009585
20.0,46.0,1003.4501953125,0.8244933525227314,0.1717593457825232,-2.378357160883819,-0.0311909432060103,0.5201670551719506,-0.572020629403561,0.1201970601601191,-0.6215705967146201,-0.9274745739175644,-0.4297577406009585
20.0,46.0,1003.4501953125,0.8244933525227314,0.1717593457825232,-2.378357160883819,-0.0311909432060103,0.5201670551719506,-0.572020629403561,0.1201970601601191,-0.6215705967146201,-0.9274745739175644,-0.4297577406009585
20.0,46.0,1003.4501953125,0.8244933525227314,0.1717593457825232,-2.378357160883819,-0.0311909432060103,0.5201670551719506,-0.572020629403561,0.1201970601601191,-0.6215705967146201,-0.9274745739175644,-0.4297577406009585
20.0,46.0,1003.4501953125,0.8244933525227314,0.1717593457825232,-2.378357160883819,-0.0311909432060103,0.5201670551719506,-0.572020629403561,0.1201970601601191,-0.6215705967146201,-0.9274745739175644,-0.4297577406009585
20.0,46.0,1003.4501953125,0.8244933525227314,0.1717593457825232,-2.378357160883819,-0.0311909432060103,0.5201670551719506,-0.572020629403561,0.1201970601601191,-0.6215705967146201,-0.9274745739175644,-0.4297577406009585
20.0,46.0,1003.4501953125,0.8244933525227314,0.1717593457825232,-2.378357160883819,-0.0311909432060103,0.5201670551719506,-0.572020629403561,0.1201970601601191,-0.6215705967146201,-0.9274745739175644,-0.4297577406009585
20.0,46.0,1003.4501953125,0.8244933525227314,0.1717593457825232,-2.378357160883819,-0.0311909432060103,0.5201670551719506,-0.572020629403561,0.1201970601601191,-0.6215705967146201,-0.9274745739175644,-0.4297577406009585
20.0,46.0,1003.4501953125,0.8244933525227314,0.1717593457825232,-2.378357160883819,-0.0311909432060103,0.5201670551719506,-0.572020629403561,0.1201970601601191,-0.6215705967146201,-0.9274745739175644,-0.4297577406009585
20.0,46.0,1003.4501953125,0.8244933525227314,0.1717593457825232,-2.378357160883819,-0.0311909432060103,0.5201670551719506,-0.572020629403561,0.1201970601601191,-0.6215705967146201,-0.9274745739175644,-0.4297577406009585
20.0,46.0,1003.4501953125,0.8244933525227314,0.1717593457825232,-2.378357160883819,-0.0311909432060103,0.5201670551719506,-0.572020629403561,0.1201970601601191,-0.6215705967146201,-0.9274745739175644,-0.4297577406009585
20.0,46.0,1003.4501953125,0.8244933525227314,0.1717593457825232,-2.378357160883819,-0.0311909432060103,0.5201670551719506,-0.572020629403561,0.1201970601601191,-0.6215705967146201,-0.9274745739175644,-0.4297577406009585
20.0,46.0,1003.4501953125,0.8244933525227314,0.1717593457825232,-2.378357160883819,-0.0311909432060103,0.5201670551719506,-0.572020629403561,0.1201970601601191,-0.6215705967146201,-0.9274745739175644,-0.4297577406009585
20.0,46.0,1003.4501953125,0.8244933525227314,0.1717593457825232,-2.378357160883819,-0.0311909432060103,0.5201670551719506,-0.572020629403561,0.1201970601601191,-0.6215705967146201,-0.9274745739175644,-0.4297577406009585
20.0,46.0,1003.4501953125,0.8244933525227314,0.1717593457825232,-2.378357160883819,-0.0311909432060103,0.5201670551719506,-0.572020629403561,0.1201970601601191,-0.6215705967146201,-0.9274745739175644,-0.4297577406009585
20.0,46.0,1003.4501953125,0.8244933525227314,0.1717593457825232,-2.378357160883819,-0.0311909432060103,0.5201670551719506,-0.572020629403561,0.1201970601601191,-0.6215705967146201,-0.9274745739175644,-0.4297577406009585
20.0,46.0,1003.4501953125,0.8244933525227314,0.1717593457825232,-2.378357160883819,-0.0311909432060103,0.5201670551719506,-0.572020629403561,0.1201970601601191,-0.6215705967146201,-0.9274745739175644,-0.4297577406009585
20.0,46.0,1003.4501953125,0.8244933525227314,0.1717593457825232,-2.378357160883819,-0.0311909432060103,0.5201670551719506,-0.572020629403561,0.1201970601601191,-0.6215705967146201,-0.9274745739175644,-0.4297577406009585
20.0,46.0,1003.4501953125,0.8244933525227314,0.1717593457825232,-2.378357160883819,-0.0311909432060103,0.5201670551719506,-0.572020629403561,0.1201970601601191,-0.6215705967146201,-0.9274745739175644,-0.4297577406009585
20.0,46.0,1003.4501953125,0.8244933525227314,0.1717593457825232,-2.378357160883819,-0.0311909432060103,0.5201670551719506,-0.572020629403561,0.1201970601601191,-0.6215705967146201,-0.9274745739175644,-0.4297577406009585
20.0,46.0,1003.4501953125,0.8244933525227314,0.1717593457825232,-2.378357160883819,-0.0311909432060103,0.5201670551719506,-0.572020629403561,0.1201970601601191,-0.6215705967146201,-0.9274745739175644,-0.4297577406009585
20.0,46.0,1003.4501953125,0.8244933525227314,0.1717593457825232,-2.378357160883819,-0.0311909432060103,0.5201670551719506,-0.572020629403561,0.1201970601601191,-0.6215705967146201,-0.9274745739175644,-0.4297577406009585
20.0,46.0,1003.4501953125,0.8244933525227314,0.1717593457825232,-2.378357160883819,-0.0311909432060103,0.5201670551719506,-0.572020629403561,0.1201970601601191,-0.6215705967146201,-0.9274745739175644,-0.4297577406009585
20.0,46.0,1003.4501953125,0.8244933525227314,0.1717593457825232,-2.378357160883819,-0.0311909432060103,0.5201670551719506,-0.572020629403561,0.1201970601601191,-0.6215705967146201,-0.9274745739175644,-0.4297577406009585
20.0,46.0,1003.4501953125,0.8244933525227314,0.1717593457825232,-2.378357160883819,-0.0311909432060103,0.5201670551719506,-0.572020629403561,0.1201970601601191,-0.6215705967146201,-0.9274745739175644,-0.4297577406009585
20.0,46.0,1003.4501953125,0.8244933525227314,0.1717593457825232,-2.378357160883819,-0.0311909432060103,0.5201670551719506,-0.572020629403561,0.1201970601601191,-0.6215705967146201,-0.9274745739175644,-0.4297577406009585
20.0,46.0,1003.4501953125,0.8244933525227314,0.1717593457825232,-2.378357160883819,-0.0311909432060103,0.5201670551719506,-0.5720206272222962,0.1201970601601191,-0.6215705967146201,-0.9274745739175644,-0.4297577406009585
20.0,46.0,1003.4501953125,0.8244933525227314,0.1717593457825232,-2.378357160883819,-0.0311909432060103,0.5201670551719506,-0.572020629403561,0.1201970601601191,-0.6215705967146201,-0.9274745739175644,-0.4297577406009585
20.0,46.0,1003.4501953125,0.8244933525227314,0.1717593457825232,-2.378357160883819,-0.0311909432060103,0.5201670551719506,-0.572020629403561,0.1201970601601191,-0.6215705967146201,-0.9274745739175644,-0.4297577406009585
20.0,46.0,1003.4501953125,0.8244933525227314,0.1717593457825232,-2.378357160883819,-0.0311909432060103,0.5201670551719506,-0.572020629403561,0.1201970601601191,-0.6215705967146201,-0.9274745739175644,-0.4297577406009585
20.0,46.0,1003.4501953125,0.8244933525227314,0.1717593457825232,-2.378357160883819,-0.0311909432060103,0.5201670551719506,-0.5720205637367702,0.1201970601601191,-0.6215705967146201,-0.9274745739175644,-0.4297577406009585
20.0,46.0,1003.4501953125,0.8244933525227314,0.1717593457825232,-2.378357160883819,-0.0311909432060103,0.5201670551719506,-0.572020629403561,0.1201970601601191,-0.6215705967146201,-0.9274745739175644,-0.4297577406009585
20.0,46.0,1003.4513549804688,0.8244933525227314,0.1717593457825232,-2.378357160883819,-0.0311909432060103,0.5201670551719506,-0.5720143907610744,0.1201970601601191,-0.6215705967146201,-0.9274745739175644,-0.4297577406009585
20.0,46.0,1003.4513549804688,0.8244933525227314,0.1717593457825232,-2.378357160883819,-0.0311909432060103,0.5201670551719506,-0.5720143907610744,0.1201970601601191,-0.6215705967146201,-0.9274745739175644,-0.4297577406009585
20.0,46.0,1003.4686279296876,0.8244933525227314,0.1717593457825232,-2.378357160883819,-0.0311909432060103,0.5201670551719506,-0.5719313273969464,0.1201970601601191,-0.6215705967146201,-0.9274745739175644,-0.4297577406009585
20.0,46.0,1003.4686279296876,0.8244933525227314,0.1717593457825232,-2.378357160883819,-0.0311909432060103,0.5201670551719506,-0.5719313273969464,0.1201970601601191,-0.6215705967146201,-0.9274745739175644,-0.4297577406009585
20.0,46.0,1003.4686279296876,0.8244933525227314,0.1717593457825232,-2.378357160883819,-0.0311909432060103,0.5201670551719506,-0.5719313273969464,0.1201970601601191,-0.6215705967146201,-0.9274745739175644,-0.4297577406009585
20.0,46.0,1003.4686279296876,0.8244933525227314,0.1717593457825232,-2.378357160883819,-0.0311909432060103,0.5201670551719506,-0.5719313273969464,0.1201970601601191,-0.6215705967146201,-0.9274745739175644,-0.4297577406009585
20.0,46.0,1003.4686889648438,0.8244933525227314,0.1717593457825232,-2.378357160883819,-0.0311909432060103,0.5201670551719506,-0.5719306472304159,0.1201970601601191,-0.6215705967146201,-0.9274745739175644,-0.4297577406009585
20.0,46.0,1003.4686889648438,0.8244933525227314,0.1717593457825232,-2.378357160883819,-0.0311909432060103,0.5201670551719506,-0.5719306472304159,0.1201970601601191,-0.6215705967146201,-0.9274745739175644,-0.4297577406009585
20.0,46.0,1003.469970703125,0.8244933525227314,0.1717593457825232,-2.378357160883819,-0.0311909432060103,0.5201670551719506,-0.5719250887544598,0.1201970601601191,-0.6215705967146201,-0.9274745739175644,-0.4297577406009585
20.0,47.0,1001.6229858398438,0.8244933525227314,0.1717593457825232,-2.378357160883819,-0.0311909432060103,0.5201670551719506,-0.572020629403561,0.1201970601601191,-0.6215705967146201,-0.9274745739175644,-0.4414036567745201
20.0,47.0,1001.6229858398438,0.8244933525227314,0.1717593457825232,-2.378357160883819,-0.0311909432060103,0.5201670551719506,-0.572020629403561,0.1201970601601191,-0.6215705967146201,-0.9274745739175644,-0.4414036567745201
20.0,47.0,1001.6229858398438,0.8244933525227314,0.1717593457825232,-2.378357160883819,-0.0311909432060103,0.5201670551719506,-0.572020629403561,0.1201970601601191,-0.6215705967146201,-0.9274745739175644,-0.4414036567745201
20.0,47.0,1002.9478149414062,0.8261196525140424,0.1717593457825232,-2.378357160883819,-0.0306561092946315,0.5201670551719506,-0.572020629403561,0.1201970601601191,-0.6215705967146201,-0.9274745739175644,-0.4297577406009585
20.0,47.0,1002.9624633789062,0.8261196525140424,0.1717593457825232,-2.378357160883819,-0.0306809458665333,0.5201670551719506,-0.5719346379607421,0.1201970601601191,-0.6215705967146201,-0.9274745739175644,-0.4297577406009585
20.0,47.0,1003.0043334960938,0.8261218770308434,0.209425812291895,-1.3073300690109348,-0.113356085749311,0.5649279903216496,-1.0708044882888972,0.0392795967288293,-0.6460547710623075,0.8247340719018256,0.9734875553362644
20.0,47.0,1003.447998046875,0.8244994517919391,0.1717593457825232,-2.378357160883819,-0.0311909432060103,0.5201670551719506,-0.572020629403561,0.1201970601601191,-0.6215705967146201,-0.9274745739175644,-0.4297577406009585
20.0,47.0,1003.449951171875,0.8244933525227314,0.1717593457825232,-2.378357160883819,-0.0311909432060103,0.5201670551719506,-0.5720213095700916,0.1201970601601191,-0.6215705967146201,-0.9274745739175644,-0.4297577406009585
20.0,47.0,1003.449951171875,0.8244933525227314,0.1717593457825232,-2.378357160883819,-0.0311909432060103,0.5201670551719506,-0.5720213291598262,0.1201970601601191,-0.6215705967146201,-0.9274745739175644,-0.4297577406009585
20.0,47.0,1003.449951171875,0.8244933525227314,0.1717593457825232,-2.378357160883819,-0.0311909432060103,0.5201670551719506,-0.5720213095700916,0.1201970601601191,-0.6215705967146201,-0.9274745739175644,-0.4297577406009585
20.0,47.0,1003.4501953125,0.8244933525227314,0.1717593457825232,-2.378357160883819,-0.0311909432060103,0.5201670551719506,-0.572020629403561,0.1201970601601191,-0.6215705967146201,-0.9274745739175644,-0.4297577406009585
20.0,47.0,1003.4501953125,0.8244933525227314,0.1717593457825232,-2.378357160883819,-0.0311909432060103,0.5201670551719506,-0.572020629403561,0.1201970601601191,-0.6215705967146201,-0.9274745739175644,-0.4297577406009585
20.0,47.0,1003.4501953125,0.8244933525227314,0.1717593457825232,-2.378357160883819,-0.0311909432060103,0.5201670551719506,-0.572020629403561,0.1201970601601191,-0.6215705967146201,-0.9274745739175644,-0.4297577406009585
20.0,47.0,1003.4501953125,0.8244933525227314,0.1717593457825232,-2.378357160883819,-0.0311909432060103,0.5201670551719506,-0.572020629403561,0.1201970601601191,-0.6215705967146201,-0.9274745739175644,-0.4297577406009585
20.0,47.0,1003.4501953125,0.8244933525227314,0.1717593457825232,-2.378357160883819,-0.0311909432060103,0.5201670551719506,-0.572020629403561,0.1201970601601191,-0.6215705967146201,-0.9274745739175644,-0.4297577406009585
20.0,47.0,1003.4501953125,0.8244933525227314,0.1717593457825232,-2.378357160883819,-0.0311909432060103,0.5201670551719506,-0.572020629403561,0.1201970601601191,-0.6215705967146201,-0.9274745739175644,-0.4297577406009585
20.0,47.0,1003.4501953125,0.8244933525227314,0.1717593457825232,-2.378357160883819,-0.0311909432060103,0.5201670551719506,-0.572020629403561,0.1201970601601191,-0.6215705967146201,-0.9274745739175644,-0.4297577406009585
20.0,47.0,1003.4501953125,0.8244933525227314,0.1717593457825232,-2.378357160883819,-0.0311909432060103,0.5201670551719506,-0.572020629403561,0.1201970601601191,-0.6215705967146201,-0.9274745739175644,-0.4297577406009585
20.0,47.0,1003.4501953125,0.8244933525227314,0.1717593457825232,-2.378357160883819,-0.0311909432060103,0.5201670551719506,-0.572020629403561,0.1201970601601191,-0.6215705967146201,-0.9274745739175644,-0.4297577406009585
20.0,47.0,1003.4501953125,0.8244933525227314,0.1717593457825232,-2.378357160883819,-0.0311909432060103,0.5201670551719506,-0.572020629403561,0.1201970601601191,-0.6215705967146201,-0.9274745739175644,-0.4297577406009585
20.0,47.0,1003.4501953125,0.8244933525227314,0.1717593457825232,-2.378357160883819,-0.0311909432060103,0.5201670551719506,-0.572020629403561,0.1201970601601191,-0.6215705967146201,-0.9274745739175644,-0.4297577406009585
20.0,47.0,1003.4501953125,0.8244933525227314,0.1717593457825232,-2.378357160883819,-0.0311909432060103,0.5201670551719506,-0.572020629403561,0.1201970601601191,-0.6215705967146201,-0.9274745739175644,-0.4297577406009585
20.0,47.0,1003.4501953125,0.8244933525227314,0.1717593457825232,-2.378357160883819,-0.0311909432060103,0.5201670551719506,-0.572020629403561,0.1201970601601191,-0.6215705967146201,-0.9274745739175644,-0.4297577406009585
20.0,47.0,1003.4501953125,0.8244933525227314,0.1717593457825232,-2.378357160883819,-0.0311909432060103,0.5201670551719506,-0.572020629403561,0.1201970601601191,-0.6215705967146201,-0.9274745739175644,-0.4297577406009585
20.0,47.0,1003.4501953125,0.8244933525227314,0.1717593457825232,-2.378357160883819,-0.0311909432060103,0.5201670551719506,-0.572020629403561,0.1201970601601191,-0.6215705967146201,-0.9274745739175644,-0.4297577406009585
20.0,47.0,1003.4501953125,0.8244933525227314,0.1717593457825232,-2.378357160883819,-0.0311909432060103,0.5201670551719506,-0.572020629403561,0.1201970601601191,-0.6215705967146201,-0.9274745739175644,-0.4297577406009585
20.0,47.0,1003.4501953125,0.8244933525227314,0.1717593457825232,-2.378357160883819,-0.0311909432060103,0.5201670551719506,-0.572020629403561,0.1201970601601191,-0.6215705967146201,-0.9274745739175644,-0.4297577406009585
20.0,47.0,1003.4501953125,0.8244933525227314,0.1717593457825232,-2.378357160883819,-0.0311909432060103,0.5201670551719506,-0.572020629403561,0.1201970601601191,-0.6215705967146201,-0.9274745739175644,-0.4297577406009585
20.0,47.0,1003.4501953125,0.8244933525227314,0.1717593457825232,-2.378357160883819,-0.0311909432060103,0.5201670551719506,-0.572020629403561,0.1201970601601191,-0.6215705967146201,-0.9274745739175644,-0.4297577406009585
20.0,47.0,1003.4501953125,0.8244933525227314,0.1717593457825232,-2.378357160883819,-0.0311909432060103,0.5201670551719506,-0.572020629403561,0.1201970601601191,-0.6215705967146201,-0.9274745739175644,-0.4297577406009585
20.0,47.0,1003.4501953125,0.8244933525227314,0.1717593457825232,-2.378357160883819,-0.0311909432060103,0.5201670551719506,-0.572020629403561,0.1201970601601191,-0.6215705967146201,-0.9274745739175644,-0.4297577406009585
20.0,47.0,1003.4501953125,0.8244933525227314,0.1717593457825232,-2.378357160883819,-0.0311909432060103,0.5201670551719506,-0.572020629403561,0.1201970601601191,-0.6215705967146201,-0.9274745739175644,-0.4297577406009585
20.0,47.0,1003.4501953125,0.8244933525227314,0.1717593457825232,-2.378357160883819,-0.0311909432060103,0.5201670551719506,-0.572020629403561,0.1201970601601191,-0.6215705967146201,-0.9274745739175644,-0.4297577406009585
20.0,47.0,1003.4501953125,0.8244933525227314,0.1717593457825232,-2.378357160883819,-0.0311909432060103,0.5201670551719506,-0.572020629403561,0.1201970601601191,-0.6215705967146201,-0.9274745739175644,-0.4297577406009585
20.0,47.0,1003.4501953125,0.8244933525227314,0.1717593457825232,-2.378357160883819,-0.0311909432060103,0.5201670551719506,-0.572020629403561,0.1201970601601191,-0.6215705967146201,-0.9274745739175644,-0.4297577406009585
20.0,47.0,1003.4501953125,0.8244933525227314,0.1717593457825232,-2.378357160883819,-0.0311909432060103,0.5201670551719506,-0.572020629403561,0.1201970601601191,-0.6215705967146201,-0.9274745739175644,-0.4297577406009585
20.0,47.0,1003.4501953125,0.8244933525227314,0.1717593457825232,-2.378357160883819,-0.0311909432060103,0.5201670551719506,-0.572020629403561,0.1201970601601191,-0.6215705967146201,-0.9274745739175644,-0.4297577406009585
20.0,47.0,1003.4501953125,0.8244933525227314,0.1717593457825232,-2.378357160883819,-0.0311909432060103,0.5201670551719506,-0.572020629403561,0.1201970601601191,-0.6215705967146201,-0.9274745739175644,-0.4297577406009585
20.0,47.0,1003.4501953125,0.8244933525227314,0.1717593457825232,-2.378357160883819,-0.0311909432060103,0.5201670551719506,-0.572020629403561,0.1201970601601191,-0.6215705967146201,-0.9274745739175644,-0.4297577406009585
20.0,47.0,1003.4501953125,0.8244933525227314,0.1717593457825232,-2.378357160883819,-0.0311909432060103,0.5201670551719506,-0.572020629403561,0.1201970601601191,-0.6215705967146201,-0.9274745739175644,-0.4297577406009585
20.0,47.0,1003.4501953125,0.8244933525227314,0.1717593457825232,-2.378357160883819,-0.0311909432060103,0.5201670551719506,-0.5720206272222962,0.1201970601601191,-0.6215705967146201,-0.9274745739175644,-0.4297577406009585
20.0,47.0,1003.4501953125,0.8244933525227314,0.1717593457825232,-2.378357160883819,-0.0311909432060103,0.5201670551719506,-0.572020629403561,0.1201970601601191,-0.6215705967146201,-0.9274745739175644,-0.4297577406009585
20.0,47.0,1003.4501953125,0.8244933525227314,0.1717593457825232,-2.378357160883819,-0.0311909432060103,0.5201670551719506,-0.572020629403561,0.1201970601601191,-0.6215705967146201,-0.9274745739175644,-0.4297577406009585
20.0,47.0,1003.4501953125,0.8244933525227314,0.1717593457825232,-2.378357160883819,-0.0311909432060103,0.5201670551719506,-0.572020629403561,0.1201970601601191,-0.6215705967146201,-0.9274745739175644,-0.4297577406009585
20.0,47.0,1003.4501953125,0.8244933525227314,0.1717593457825232,-2.378357160883819,-0.0311909432060103,0.5201670551719506,-0.5720205637367702,0.1201970601601191,-0.6215705967146201,-0.9274745739175644,-0.4297577406009585
20.0,47.0,1003.4501953125,0.8244933525227314,0.1717593457825232,-2.378357160883819,-0.0311909432060103,0.5201670551719506,-0.572020629403561,0.1201970601601191,-0.6215705967146201,-0.9274745739175644,-0.4297577406009585
20.0,47.0,1003.4501953125,0.8244933525227314,0.1717593457825232,-2.378357160883819,-0.0311909432060103,0.5201670551719506,-0.572020629403561,0.1201970601601191,-0.6215705967146201,-0.9274745739175644,-0.4297577406009585
20.0,47.0,1003.4501953125,0.8244933525227314,0.1717593457825232,-2.378357160883819,-0.0311909432060103,0.5201670551719506,-0.5720205560558679,0.1201970601601191,-0.6215705967146201,-0.9274745739175644,-0.4297577406009585
20.0,47.0,1003.4501953125,0.8244933525227314,0.1717593457825232,-2.378357160883819,-0.0311909432060103,0.5201670551719506,-0.572020629403561,0.1201970601601191,-0.6215705967146201,-0.9274745739175644,-0.4297577406009585
20.0,47.0,1003.4501953125,0.8244933525227314,0.1717593457825232,-2.378357160883819,-0.0311909432060103,0.5201670551719506,-0.572020629403561,0.1201970601601191,-0.6215705967146201,-0.9274745739175644,-0.4297577406009585
20.0,48.0,1001.6229858398438,0.8244933525227314,0.1717593457825232,-2.378357160883819,-0.0311909432060103,0.5201670551719506,-0.572020629403561,0.1201970601601191,-0.6215705967146201,-0.9274745739175644,-0.4414036567745201
20.0,48.0,1001.6229858398438,0.8244933525227314,0.1717593457825232,-2.378357160883819,-0.0311909432060103,0.5201670551719506,-0.572020629403561,0.1201970601601191,-0.6215705967146201,-0.9274745739175644,-0.4414036567745201
20.0,48.0,1001.6229858398438,0.8244933525227314,0.1717593457825232,-2.378357160883819,-0.0311909432060103,0.5201670551719506,-0.572020629403561,0.1201970601601191,-0.6215705967146201,-0.9274745739175644,-0.4414036567745201
20.0,48.0,1001.6229858398438,0.8244933525227314,0.1717593457825232,-2.378357160883819,-0.0311909432060103,0.5201670551719506,-0.572020629403561,0.1201970601601191,-0.6215705967146201,-0.9274745739175644,-0.4414036567745201
20.0,48.0,1001.6229858398438,0.8244933525227314,0.1717593457825232,-2.378357160883819,-0.0311909432060103,0.5201670551719506,-0.572020629403561,0.1201970601601191,-0.6215705967146201,-0.9274745739175644,-0.4414036567745201
20.0,48.0,1002.9478149414062,0.8261196525140424,0.1717593457825232,-2.378357160883819,-0.0306561092946315,0.5201670551719506,-0.572020629403561,0.1201970601601191,-0.6215705967146201,-0.9274745739175644,-0.4297577406009585
20.0,48.0,1002.9478149414062,0.8244933525227314,0.1717593457825232,-2.378357160883819,-0.0311909432060103,0.5201670551719506,-0.5720205637367702,0.1201970601601191,-0.6215705967146201,-0.924219093295214,-0.4297577406009585
20.0,48.0,1002.9624633789062,0.8261196525140424,0.1717593457825232,-2.378357160883819,-0.0306809458665333,0.5201670551719506,-0.5719346379607421,0.1201970601601191,-0.6215705967146201,-0.9274745739175644,-0.4297577406009585
20.0,48.0,1003.0043334960938,0.8261218770308434,0.209425812291895,-1.3073300690109348,-0.113356085749311,0.5649279903216496,-1.0708044882888972,0.0392795967288293,-0.6460547710623075,0.8247340719018256,0.9734875553362644
20.0,48.0,1003.447998046875,0.8244994517919391,0.1717593457825232,-2.378357160883819,-0.0311909432060103,0.5201670551719506,-0.572020629403561,0.1201970601601191,-0.6215705967146201,-0.9274745739175644,-0.4297577406009585
20.0,48.0,1003.449951171875,0.8244933525227314,0.1717593457825232,-2.378357160883819,-0.0311909432060103,0.5201670551719506,-0.5720213095700916,0.1201970601601191,-0.6215705967146201,-0.9274745739175644,-0.4297577406009585
20.0,48.0,1003.449951171875,0.8244933525227314,0.1717593457825232,-2.378357160883819,-0.0311909432060103,0.5201670551719506,-0.5720213291598262,0.1201970601601191,-0.6215705967146201,-0.9274745739175644,-0.4297577406009585
20.0,48.0,1003.449951171875,0.8244933525227314,0.1717593457825232,-2.378357160883819,-0.0311909432060103,0.5201670551719506,-0.5720213095700916,0.1201970601601191,-0.6215705967146201,-0.9274745739175644,-0.4297577406009585
20.0,48.0,1003.449951171875,0.8244933525227314,0.1717593457825232,-2.378357160883819,-0.0311909432060103,0.5201670551719506,-0.5720213095700916,0.1201970601601191,-0.6215705967146201,-0.9274745739175644,-0.4297577406009585
20.0,48.0,1003.449951171875,0.8244933525227314,0.1717593457825232,-2.378357160883819,-0.0311909432060103,0.5201670551719506,-0.5720213095700916,0.1201970601601191,-0.6215705967146201,-0.9274745739175644,-0.4297577406009585
20.0,48.0,1003.449951171875,0.8244933525227314,0.1717593457825232,-2.378357160883819,-0.0311909432060103,0.5201670551719506,-0.5720213095700916,0.1201970601601191,-0.6215705967146201,-0.9274745739175644,-0.4297577406009585
20.0,48.0,1003.4501342773438,0.8244933525227314,0.1717593457825232,-2.378357160883819,-0.0311909432060103,0.5201670551719506,-0.5720203736965223,0.1201970601601191,-0.6215705967146201,-0.9274745739175644,-0.4297577406009585
20.0,48.0,1003.4501953125,0.8244933525227314,0.1717593457825232,-2.378357160883819,-0.0311909432060103,0.5201670551719506,-0.572020629403561,0.1201970601601191,-0.6215705967146201,-0.9274745739175644,-0.4297577406009585
20.0,48.0,1003.4501953125,0.8244933525227314,0.1717593457825232,-2.378357160883819,-0.0311909432060103,0.5201670551719506,-0.572020629403561,0.1201970601601191,-0.6215705967146201,-0.9274745739175644,-0.4297577406009585
20.0,48.0,1003.4501953125,0.8244933525227314,0.1717593457825232,-2.378357160883819,-0.0311909432060103,0.5201670551719506,-0.572020629403561,0.1201970601601191,-0.6215705967146201,-0.9274745739175644,-0.4297577406009585
20.0,48.0,1003.4501953125,0.8244933525227314,0.1717593457825232,-2.378357160883819,-0.0311909432060103,0.5201670551719506,-0.572020629403561,0.1201970601601191,-0.6215705967146201,-0.9274745739175644,-0.4297577406009585
20.0,48.0,1003.4501953125,0.8244933525227314,0.1717593457825232,-2.378357160883819,-0.0311909432060103,0.5201670551719506,-0.572020629403561,0.1201970601601191,-0.6215705967146201,-0.9274745739175644,-0.4297577406009585
20.0,48.0,1003.4501953125,0.8244933525227314,0.1717593457825232,-2.378357160883819,-0.0311909432060103,0.5201670551719506,-0.572020629403561,0.1201970601601191,-0.6215705967146201,-0.9274745739175644,-0.4297577406009585
20.0,48.0,1003.4501953125,0.8244933525227314,0.1717593457825232,-2.378357160883819,-0.0311909432060103,0.5201670551719506,-0.572020629403561,0.1201970601601191,-0.6215705967146201,-0.9274745739175644,-0.4297577406009585
20.0,48.0,1003.4501953125,0.8244933525227314,0.1717593457825232,-2.378357160883819,-0.0311909432060103,0.5201670551719506,-0.572020629403561,0.1201970601601191,-0.6215705967146201,-0.9274745739175644,-0.4297577406009585
20.0,48.0,1003.4501953125,0.8244933525227314,0.1717593457825232,-2.378357160883819,-0.0311909432060103,0.5201670551719506,-0.572020629403561,0.1201970601601191,-0.6215705967146201,-0.9274745739175644,-0.4297577406009585
20.0,48.0,1003.4501953125,0.8244933525227314,0.1717593457825232,-2.378357160883819,-0.0311909432060103,0.5201670551719506,-0.572020629403561,0.1201970601601191,-0.6215705967146201,-0.9274745739175644,-0.4297577406009585
20.0,48.0,1003.4501953125,0.8244933525227314,0.1717593457825232,-2.378357160883819,-0.0311909432060103,0.5201670551719506,-0.572020629403561,0.1201970601601191,-0.6215705967146201,-0.9274745739175644,-0.4297577406009585
20.0,48.0,1003.4501953125,0.8244933525227314,0.1717593457825232,-2.378357160883819,-0.0311909432060103,0.5201670551719506,-0.572020629403561,0.1201970601601191,-0.6215705967146201,-0.9274745739175644,-0.4297577406009585
20.0,48.0,1003.4501953125,0.8244933525227314,0.1717593457825232,-2.378357160883819,-0.0311909432060103,0.5201670551719506,-0.572020629403561,0.1201970601601191,-0.6215705967146201,-0.9274745739175644,-0.4297577406009585
20.0,48.0,1003.4501953125,0.8244933525227314,0.1717593457825232,-2.378357160883819,-0.0311909432060103,0.5201670551719506,-0.572020629403561,0.1201970601601191,-0.6215705967146201,-0.9274745739175644,-0.4297577406009585
20.0,48.0,1003.4501953125,0.8244933525227314,0.1717593457825232,-2.378357160883819,-0.0311909432060103,0.5201670551719506,-0.572020629403561,0.1201970601601191,-0.6215705967146201,-0.9274745739175644,-0.4297577406009585
20.0,48.0,1003.4501953125,0.8244933525227314,0.1717593457825232,-2.378357160883819,-0.0311909432060103,0.5201670551719506,-0.572020629403561,0.1201970601601191,-0.6215705967146201,-0.9274745739175644,-0.4297577406009585
20.0,48.0,1003.4501953125,0.8244933525227314,0.1717593457825232,-2.378357160883819,-0.0311909432060103,0.5201670551719506,-0.572020629403561,0.1201970601601191,-0.6215705967146201,-0.9274745739175644,-0.4297577406009585
20.0,48.0,1003.4501953125,0.8244933525227314,0.1717593457825232,-2.378357160883819,-0.0311909432060103,0.5201670551719506,-0.572020629403561,0.1201970601601191,-0.6215705967146201,-0.9274745739175644,-0.4297577406009585
20.0,48.0,1003.4501953125,0.8244933525227314,0.1717593457825232,-2.378357160883819,-0.0311909432060103,0.5201670551719506,-0.572020629403561,0.1201970601601191,-0.6215705967146201,-0.9274745739175644,-0.4297577406009585
20.0,48.0,1003.4501953125,0.8244933525227314,0.1717593457825232,-2.378357160883819,-0.0311909432060103,0.5201670551719506,-0.572020629403561,0.1201970601601191,-0.6215705967146201,-0.9274745739175644,-0.4297577406009585
20.0,48.0,1003.4501953125,0.8244933525227314,0.1717593457825232,-2.378357160883819,-0.0311909432060103,0.5201670551719506,-0.572020629403561,0.1201970601601191,-0.6215705967146201,-0.9274745739175644,-0.4297577406009585
20.0,48.0,1003.4501953125,0.8244933525227314,0.1717593457825232,-2.378357160883819,-0.0311909432060103,0.5201670551719506,-0.572020629403561,0.1201970601601191,-0.6215705967146201,-0.9274745739175644,-0.4297577406009585
20.0,48.0,1003.4501953125,0.8244933525227314,0.1717593457825232,-2.378357160883819,-0.0311909432060103,0.5201670551719506,-0.572020629403561,0.1201970601601191,-0.6215705967146201,-0.9274745739175644,-0.4297577406009585
20.0,48.0,1003.4501953125,0.8244933525227314,0.1717593457825232,-2.378357160883819,-0.0311909432060103,0.5201670551719506,-0.572020629403561,0.1201970601601191,-0.6215705967146201,-0.9274745739175644,-0.4297577406009585
20.0,48.0,1003.4501953125,0.8244933525227314,0.1717593457825232,-2.378357160883819,-0.0311909432060103,0.5201670551719506,-0.572020629403561,0.1201970601601191,-0.6215705967146201,-0.9274745739175644,-0.4297577406009585
20.0,48.0,1003.4501953125,0.8244933525227314,0.1717593457825232,-2.378357160883819,-0.0311909432060103,0.5201670551719506,-0.572020629403561,0.1201970601601191,-0.6215705967146201,-0.9274745739175644,-0.4297577406009585
20.0,48.0,1003.4501953125,0.8244933525227314,0.1717593457825232,-2.378357160883819,-0.0311909432060103,0.5201670551719506,-0.572020629403561,0.1201970601601191,-0.6215705967146201,-0.9274745739175644,-0.4297577406009585
20.0,48.0,1003.4501953125,0.8244933525227314,0.1717593457825232,-2.378357160883819,-0.0311909432060103,0.5201670551719506,-0.572020629403561,0.1201970601601191,-0.6215705967146201,-0.9274745739175644,-0.4297577406009585
20.0,48.0,1003.4501953125,0.8244933525227314,0.1717593457825232,-2.378357160883819,-0.0311909432060103,0.5201670551719506,-0.572020629403561,0.1201970601601191,-0.6215705967146201,-0.9274745739175644,-0.4297577406009585
20.0,48.0,1003.4501953125,0.8244933525227314,0.1717593457825232,-2.378357160883819,-0.0311909432060103,0.5201670551719506,-0.572020629403561,0.1201970601601191,-0.6215705967146201,-0.9274745739175644,-0.4297577406009585
20.0,48.0,1003.4501953125,0.8244933525227314,0.1717593457825232,-2.378357160883819,-0.0311909432060103,0.5201670551719506,-0.5720206272222962,0.1201970601601191,-0.6215705967146201,-0.9274745739175644,-0.4297577406009585
20.0,48.0,1003.4501953125,0.8244933525227314,0.1717593457825232,-2.378357160883819,-0.0311909432060103,0.5201670551719506,-0.572020629403561,0.1201970601601191,-0.6215705967146201,-0.9274745739175644,-0.4297577406009585
20.0,48.0,1003.4501953125,0.8244933525227314,0.1717593457825232,-2.378357160883819,-0.0311909432060103,0.5201670551719506,-0.572020629403561,0.1201970601601191,-0.6215705967146201,-0.9274745739175644,-0.4297577406009585
20.0,49.0,1001.6229858398438,0.8244933525227314,0.1717593457825232,-2.378357160883819,-0.0311909432060103,0.5201670551719506,-0.572020629403561,0.1201970601601191,-0.6215705967146201,-0.9274745739175644,-0.4414036567745201
20.0,49.0,1001.6229858398438,0.8244933525227314,0.1717593457825232,-2.378357160883819,-0.0311909432060103,0.5201670551719506,-0.572020629403561,0.1201970601601191,-0.6215705967146201,-0.9274745739175644,-0.4414036567745201
20.0,49.0,1001.6229858398438,0.8244933525227314,0.1717593457825232,-2.378357160883819,-0.0311909432060103,0.5201670551719506,-0.572020629403561,0.1201970601601191,-0.6215705967146201,-0.9274745739175644,-0.4414036567745201
20.0,49.0,1001.6229858398438,0.8244933525227314,0.1717593457825232,-2.378357160883819,-0.0311909432060103,0.5201670551719506,-0.572020629403561,0.1201970601601191,-0.6215705967146201,-0.9274745739175644,-0.4414036567745201
20.0,49.0,1001.6229858398438,0.8244933525227314,0.1717593457825232,-2.378357160883819,-0.0311909432060103,0.5201670551719506,-0.572020629403561,0.1201970601601191,-0.6215705967146201,-0.9274745739175644,-0.4414036567745201
20.0,49.0,1001.6229858398438,0.8244933525227314,0.1717593457825232,-2.378357160883819,-0.0311909432060103,0.5201670551719506,-0.572020629403561,0.1201970601601191,-0.6215705967146201,-0.9274745739175644,-0.4414036567745201
20.0,49.0,1001.6229858398438,0.8244933525227314,0.1717593457825232,-2.378357160883819,-0.0311909432060103,0.5201670551719506,-0.572020629403561,0.1201970601601191,-0.6215705967146201,-0.9274745739175644,-0.4414036567745201
20.0,49.0,1001.6282958984376,0.8244933525227314,0.1717593457825232,-2.378357160883819,-0.0311909432060103,0.5201670551719506,-0.5720206141026065,0.1201970601601191,-0.6215705967146201,-0.9274745739175644,-0.4414361545374273
20.0,49.0,1002.9328002929688,0.8261066986723805,0.1717593457825232,-2.378357160883819,-0.0311909432060103,0.5201670551719506,-0.5719324927416366,0.1201970601601191,-0.6215705967146201,-0.9274745739175644,-0.4297577406009585
20.0,49.0,1002.946044921875,0.8244933525227314,0.1717593457825232,-2.378357160883819,-0.0311909432060103,0.5201670551719506,-0.5720205637367702,0.1201970601601191,-0.6215705967146201,-0.9242329270460472,-0.4297577406009585
20.0,49.0,1002.9478149414062,0.8261196525140424,0.1717593457825232,-2.378357160883819,-0.0306561092946315,0.5201670551719506,-0.572020629403561,0.1201970601601191,-0.6215705967146201,-0.9274745739175644,-0.4297577406009585
20.0,49.0,1002.9478149414062,0.8244933525227314,0.1717593457825232,-2.378357160883819,-0.0311909432060103,0.5201670551719506,-0.5720205637367702,0.1201970601601191,-0.6215705967146201,-0.924219093295214,-0.4297577406009585
20.0,49.0,1002.961669921875,0.8261196525140424,0.1717593457825232,-2.378357160883819,-0.0306920980129375,0.5201670551719506,-0.5719346379607421,0.1201970601601191,-0.6215705967146201,-0.9274745739175644,-0.4297577406009585
20.0,49.0,1002.9624633789062,0.8261196525140424,0.1717593457825232,-2.378357160883819,-0.0306809458665333,0.5201670551719506,-0.5719346379607421,0.1201970601601191,-0.6215705967146201,-0.9274745739175644,-0.4297577406009585
20.0,49.0,1003.0043334960938,0.8261218770308434,0.209425812291895,-1.3073300690109348,-0.113356085749311,0.5649279903216496,-1.0708044882888972,0.0392795967288293,-0.6460547710623075,0.8247340719018256,0.9734875553362644
20.0,49.0,1003.4354248046876,0.8246357006914823,0.1717593457825232,-2.378357160883819,-0.0306561092946315,0.5201670551719506,-0.572020629403561,0.1201970601601191,-0.6215705967146201,-0.9274745739175644,-0.4297577406009585
20.0,49.0,1003.447998046875,0.8244994517919391,0.1717593457825232,-2.378357160883819,-0.0311909432060103,0.5201670551719506,-0.572020629403561,0.1201970601601191,-0.6215705967146201,-0.9274745739175644,-0.4297577406009585
20.0,49.0,1003.449951171875,0.8244933525227314,0.1717593457825232,-2.378357160883819,-0.0311909432060103,0.5201670551719506,-0.5720213095700916,0.1201970601601191,-0.6215705967146201,-0.9274745739175644,-0.4297577406009585
20.0,49.0,1003.449951171875,0.8244933525227314,0.1717593457825232,-2.378357160883819,-0.0311909432060103,0.5201670551719506,-0.5720213291598262,0.1201970601601191,-0.6215705967146201,-0.9274745739175644,-0.4297577406009585
20.0,49.0,1003.449951171875,0.8244933525227314,0.1717593457825232,-2.378357160883819,-0.0311909432060103,0.5201670551719506,-0.5720213095700916,0.1201970601601191,-0.6215705967146201,-0.9274745739175644,-0.4297577406009585
20.0,49.0,1003.449951171875,0.8244933525227314,0.1717593457825232,-2.378357160883819,-0.0311909432060103,0.5201670551719506,-0.5720213095700916,0.1201970601601191,-0.6215705967146201,-0.9274745739175644,-0.4297577406009585
20.0,49.0,1003.449951171875,0.8244933525227314,0.1717593457825232,-2.378357160883819,-0.0311909432060103,0.5201670551719506,-0.5720213095700916,0.1201970601601191,-0.6215705967146201,-0.9274745739175644,-0.4297577406009585
20.0,49.0,1003.449951171875,0.8244933525227314,0.1717593457825232,-2.378357160883819,-0.0311909432060103,0.5201670551719506,-0.5720213095700916,0.1201970601601191,-0.6215705967146201,-0.9274745739175644,-0.4297577406009585
20.0,49.0,1003.449951171875,0.8244933525227314,0.1717593457825232,-2.378357160883819,-0.0311909432060103,0.5201670551719506,-0.5720213095700916,0.1201970601601191,-0.6215705967146201,-0.9274745739175644,-0.4297577406009585
20.0,49.0,1003.449951171875,0.8244933525227314,0.1717593457825232,-2.378357160883819,-0.0311909432060103,0.5201670551719506,-0.5720213095700916,0.1201970601601191,-0.6215705967146201,-0.9274745739175644,-0.4297577406009585
20.0,49.0,1003.449951171875,0.8244933525227314,0.1717593457825232,-2.378357160883819,-0.0311909432060103,0.5201670551719506,-0.5720213291598262,0.1201970601601191,-0.6215705967146201,-0.9274745739175644,-0.4297577406009585
20.0,49.0,1003.4501342773438,0.8244933525227314,0.1717593457825232,-2.378357160883819,-0.0311909432060103,0.5201670551719506,-0.5720203736965223,0.1201970601601191,-0.6215705967146201,-0.9274745739175644,-0.4297577406009585
20.0,49.0,1003.4501953125,0.8244933525227314,0.1717593457825232,-2.378357160883819,-0.0311909432060103,0.5201670551719506,-0.572020629403561,0.1201970601601191,-0.6215705967146201,-0.9274745739175644,-0.4297577406009585
20.0,49.0,1003.4501953125,0.8244933525227314,0.1717593457825232,-2.378357160883819,-0.0311909432060103,0.5201670551719506,-0.572020629403561,0.1201970601601191,-0.6215705967146201,-0.9274745739175644,-0.4297577406009585
20.0,49.0,1003.4501953125,0.8244933525227314,0.1717593457825232,-2.378357160883819,-0.0311909432060103,0.5201670551719506,-0.572020629403561,0.1201970601601191,-0.6215705967146201,-0.9274745739175644,-0.4297577406009585
20.0,49.0,1003.4501953125,0.8244933525227314,0.1717593457825232,-2.378357160883819,-0.0311909432060103,0.5201670551719506,-0.572020629403561,0.1201970601601191,-0.6215705967146201,-0.9274745739175644,-0.4297577406009585
20.0,49.0,1003.4501953125,0.8244933525227314,0.1717593457825232,-2.378357160883819,-0.0311909432060103,0.5201670551719506,-0.572020629403561,0.1201970601601191,-0.6215705967146201,-0.9274745739175644,-0.4297577406009585
20.0,49.0,1003.4501953125,0.8244933525227314,0.1717593457825232,-2.378357160883819,-0.0311909432060103,0.5201670551719506,-0.572020629403561,0.1201970601601191,-0.6215705967146201,-0.9274745739175644,-0.4297577406009585
20.0,49.0,1003.4501953125,0.8244933525227314,0.1717593457825232,-2.378357160883819,-0.0311909432060103,0.5201670551719506,-0.572020629403561,0.1201970601601191,-0.6215705967146201,-0.9274745739175644,-0.4297577406009585
20.0,49.0,1003.4501953125,0.8244933525227314,0.1717593457825232,-2.378357160883819,-0.0311909432060103,0.5201670551719506,-0.572020629403561,0.1201970601601191,-0.6215705967146201,-0.9274745739175644,-0.4297577406009585
20.0,49.0,1003.4501953125,0.8244933525227314,0.1717593457825232,-2.378357160883819,-0.0311909432060103,0.5201670551719506,-0.572020629403561,0.1201970601601191,-0.6215705967146201,-0.9274745739175644,-0.4297577406009585
20.0,49.0,1003.4501953125,0.8244933525227314,0.1717593457825232,-2.378357160883819,-0.0311909432060103,0.5201670551719506,-0.572020629403561,0.1201970601601191,-0.6215705967146201,-0.9274745739175644,-0.4297577406009585
20.0,49.0,1003.4501953125,0.8244933525227314,0.1717593457825232,-2.378357160883819,-0.0311909432060103,0.5201670551719506,-0.572020629403561,0.1201970601601191,-0.6215705967146201,-0.9274745739175644,-0.4297577406009585
20.0,49.0,1003.4501953125,0.8244933525227314,0.1717593457825232,-2.378357160883819,-0.0311909432060103,0.5201670551719506,-0.572020629403561,0.1201970601601191,-0.6215705967146201,-0.9274745739175644,-0.4297577406009585
20.0,49.0,1003.4501953125,0.8244933525227314,0.1717593457825232,-2.378357160883819,-0.0311909432060103,0.5201670551719506,-0.572020629403561,0.1201970601601191,-0.6215705967146201,-0.9274745739175644,-0.4297577406009585
20.0,49.0,1003.4501953125,0.8244933525227314,0.1717593457825232,-2.378357160883819,-0.0311909432060103,0.5201670551719506,-0.572020629403561,0.1201970601601191,-0.6215705967146201,-0.9274745739175644,-0.4297577406009585
20.0,49.0,1003.4501953125,0.8244933525227314,0.1717593457825232,-2.378357160883819,-0.0311909432060103,0.5201670551719506,-0.572020629403561,0.1201970601601191,-0.6215705967146201,-0.9274745739175644,-0.4297577406009585
20.0,49.0,1003.4501953125,0.8244933525227314,0.1717593457825232,-2.378357160883819,-0.0311909432060103,0.5201670551719506,-0.572020629403561,0.1201970601601191,-0.6215705967146201,-0.9274745739175644,-0.4297577406009585
20.0,49.0,1003.4501953125,0.8244933525227314,0.1717593457825232,-2.378357160883819,-0.0311909432060103,0.5201670551719506,-0.572020629403561,0.1201970601601191,-0.6215705967146201,-0.9274745739175644,-0.4297577406009585
20.0,49.0,1003.4501953125,0.8244933525227314,0.1717593457825232,-2.378357160883819,-0.0311909432060103,0.5201670551719506,-0.572020629403561,0.1201970601601191,-0.6215705967146201,-0.9274745739175644,-0.4297577406009585
20.0,49.0,1003.4501953125,0.8244933525227314,0.1717593457825232,-2.378357160883819,-0.0311909432060103,0.5201670551719506,-0.572020629403561,0.1201970601601191,-0.6215705967146201,-0.9274745739175644,-0.4297577406009585
20.0,49.0,1003.4501953125,0.8244933525227314,0.1717593457825232,-2.378357160883819,-0.0311909432060103,0.5201670551719506,-0.572020629403561,0.1201970601601191,-0.6215705967146201,-0.9274745739175644,-0.4297577406009585
20.0,49.0,1003.4501953125,0.8244933525227314,0.1717593457825232,-2.378357160883819,-0.0311909432060103,0.5201670551719506,-0.572020629403561,0.1201970601601191,-0.6215705967146201,-0.9274745739175644,-0.4297577406009585
20.0,49.0,1003.4501953125,0.8244933525227314,0.1717593457825232,-2.378357160883819,-0.0311909432060103,0.5201670551719506,-0.572020629403561,0.1201970601601191,-0.6215705967146201,-0.9274745739175644,-0.4297577406009585
20.0,49.0,1003.4501953125,0.8244933525227314,0.1717593457825232,-2.378357160883819,-0.0311909432060103,0.5201670551719506,-0.572020629403561,0.1201970601601191,-0.6215705967146201,-0.9274745739175644,-0.4297577406009585
20.0,50.0,1001.5842895507812,0.8244933525227314,0.1717593457825232,-2.378357160883819,-0.0311909432060103,0.5201670551719506,-0.572020629403561,0.1201970601601191,-0.6215705967146201,-0.9274745739175644,-0.4411568588401345
20.0,50.0,1001.6229858398438,0.8244933525227314,0.1717593457825232,-2.378357160883819,-0.0311909432060103,0.5201670551719506,-0.572020629403561,0.1201970601601191,-0.6215705967146201,-0.9274745739175644,-0.4414036567745201
20.0,50.0,1001.6229858398438,0.8244933525227314,0.1717593457825232,-2.378357160883819,-0.0311909432060103,0.5201670551719506,-0.572020629403561,0.1201970601601191,-0.6215705967146201,-0.9274745739175644,-0.4414036567745201
20.0,50.0,1001.6229858398438,0.8244933525227314,0.1717593457825232,-2.378357160883819,-0.0311909432060103,0.5201670551719506,-0.572020629403561,0.1201970601601191,-0.6215705967146201,-0.9274745739175644,-0.4414036567745201
20.0,50.0,1001.6229858398438,0.8244933525227314,0.1717593457825232,-2.378357160883819,-0.0311909432060103,0.5201670551719506,-0.572020629403561,0.1201970601601191,-0.6215705967146201,-0.9274745739175644,-0.4414036567745201
20.0,50.0,1001.6229858398438,0.8244933525227314,0.1717593457825232,-2.378357160883819,-0.0311909432060103,0.5201670551719506,-0.572020629403561,0.1201970601601191,-0.6215705967146201,-0.9274745739175644,-0.4414036567745201
20.0,50.0,1001.6229858398438,0.8244933525227314,0.1717593457825232,-2.378357160883819,-0.0311909432060103,0.5201670551719506,-0.572020629403561,0.1201970601601191,-0.6215705967146201,-0.9274745739175644,-0.4414036567745201
20.0,50.0,1001.6229858398438,0.8244933525227314,0.1717593457825232,-2.378357160883819,-0.0311909432060103,0.5201670551719506,-0.572020629403561,0.1201970601601191,-0.6215705967146201,-0.9274745739175644,-0.4414036567745201
20.0,50.0,1001.6229858398438,0.8244933525227314,0.1717593457825232,-2.378357160883819,-0.0311909432060103,0.5201670551719506,-0.572020629403561,0.1201970601601191,-0.6215705967146201,-0.9274745739175644,-0.4414036567745201
20.0,50.0,1001.6229858398438,0.8244933525227314,0.1717593457825232,-2.378357160883819,-0.0311909432060103,0.5201670551719506,-0.572020629403561,0.1201970601601191,-0.6215705967146201,-0.9274745739175644,-0.4414036567745201
20.0,50.0,1001.6229858398438,0.8244933525227314,0.1717593457825232,-2.378357160883819,-0.0311909432060103,0.5201670551719506,-0.572020629403561,0.1201970601601191,-0.6215705967146201,-0.9274745739175644,-0.4414036567745201
20.0,50.0,1001.6229858398438,0.8244933525227314,0.1717593457825232,-2.378357160883819,-0.0311909432060103,0.5201670551719506,-0.572020629403561,0.1201970601601191,-0.6215705967146201,-0.9274745739175644,-0.4414036567745201
20.0,50.0,1001.6282958984376,0.8244933525227314,0.1717593457825232,-2.378357160883819,-0.0311909432060103,0.5201670551719506,-0.5720206141026065,0.1201970601601191,-0.6215705967146201,-0.9274745739175644,-0.4414361545374273
20.0,50.0,1001.6292724609376,0.8244933525227314,0.1717593457825232,-2.378357160883819,-0.0311909432060103,0.5201670551719506,-0.572020629403561,0.1201970601601191,-0.6215705967146201,-0.9274745739175644,-0.4414420752581351
20.0,50.0,1002.9127197265624,0.8261196525140424,0.1717593457825232,-2.378357160883819,-0.031181757193547,0.5201670551719506,-0.5720213958552477,0.1201970601601191,-0.6215705967146201,-0.9274745739175644,-0.4297577406009585
20.0,50.0,1002.9306640625,0.8261156640125347,0.1717593457825232,-2.378357160883819,-0.0311909432060103,0.5201670551719506,-0.5719296106472225,0.1201970601601191,-0.6215705967146201,-0.9274745739175644,-0.4297577406009585
20.0,50.0,1002.9328002929688,0.8261066986723805,0.1717593457825232,-2.378357160883819,-0.0311909432060103,0.5201670551719506,-0.5719324927416366,0.1201970601601191,-0.6215705967146201,-0.9274745739175644,-0.4297577406009585
20.0,50.0,1002.9449462890624,0.8261342952779535,0.1717593457825232,-2.378357160883819,-0.0306336868263355,0.5201670551719506,-0.572020629403561,0.1201970601601191,-0.6215705967146201,-0.9274745739175644,-0.4297577406009585
20.0,50.0,1002.946044921875,0.8244933525227314,0.1717593457825232,-2.378357160883819,-0.0311909432060103,0.5201670551719506,-0.5720205637367702,0.1201970601601191,-0.6215705967146201,-0.9242329270460472,-0.4297577406009585
20.0,50.0,1002.946044921875,0.8244933525227314,0.1717593457825232,-2.378357160883819,-0.0311909432060103,0.5201670551719506,-0.572020563202774,0.1201970601601191,-0.6215705967146201,-0.9242329270460472,-0.4297577406009585
20.0,50.0,1002.9478149414062,0.8261196525140424,0.1717593457825232,-2.378357160883819,-0.0306561092946315,0.5201670551719506,-0.572020629403561,0.1201970601601191,-0.6215705967146201,-0.9274745739175644,-0.4297577406009585
20.0,50.0,1002.9478149414062,0.8244933525227314,0.1717593457825232,-2.378357160883819,-0.0311909432060103,0.5201670551719506,-0.5720205637367702,0.1201970601601191,-0.6215705967146201,-0.924219093295214,-0.4297577406009585
20.0,50.0,1002.9478149414062,0.8244933525227314,0.1717593457825232,-2.378357160883819,-0.0311909432060103,0.5201670551719506,-0.5720205637367702,0.1201970601601191,-0.6215705967146201,-0.924219093295214,-0.4297577406009585
20.0,50.0,1002.961669921875,0.8261196525140424,0.1717593457825232,-2.378357160883819,-0.0306920980129375,0.5201670551719506,-0.5719346379607421,0.1201970601601191,-0.6215705967146201,-0.9274745739175644,-0.4297577406009585
20.0,50.0,1002.961669921875,0.8261196525140424,0.1717593457825232,-2.378357160883819,-0.0306920980129375,0.5201670551719506,-0.5719346379607421,0.1201970601601191,-0.6215705967146201,-0.9274745739175644,-0.4297577406009585
20.0,50.0,1002.9624633789062,0.8261196525140424,0.1717593457825232,-2.378357160883819,-0.0306809458665333,0.5201670551719506,-0.5719346379607421,0.1201970601601191,-0.6215705967146201,-0.9274745739175644,-0.4297577406009585
20.0,50.0,1003.0043334960938,0.8261218770308434,0.209425812291895,-1.3073300690109348,-0.113356085749311,0.5649279903216496,-1.0708044882888972,0.0392795967288293,-0.6460547710623075,0.8247340719018256,0.9734875553362644
20.0,50.0,1003.3421630859376,0.8244933525227314,0.1717593457825232,-2.378357160883819,-0.0311909432060103,0.5201670551719506,-0.572020629403561,0.1201970601601191,-0.6215705967146201,-0.9274745739175644,-0.4300291177683298
20.0,50.0,1003.4354248046876,0.8246357006914823,0.1717593457825232,-2.378357160883819,-0.0306561092946315,0.5201670551719506,-0.572020629403561,0.1201970601601191,-0.6215705967146201,-0.9274745739175644,-0.4297577406009585
20.0,50.0,1003.447998046875,0.8244994517919391,0.1717593457825232,-2.378357160883819,-0.0311909432060103,0.5201670551719506,-0.572020629403561,0.1201970601601191,-0.6215705967146201,-0.9274745739175644,-0.4297577406009585
20.0,50.0,1003.449951171875,0.8244933525227314,0.1717593457825232,-2.378357160883819,-0.0311909432060103,0.5201670551719506,-0.5720213095700916,0.1201970601601191,-0.6215705967146201,-0.9274745739175644,-0.4297577406009585
20.0,50.0,1003.449951171875,0.8244933525227314,0.1717593457825232,-2.378357160883819,-0.0311909432060103,0.5201670551719506,-0.5720213291598262,0.1201970601601191,-0.6215705967146201,-0.9274745739175644,-0.4297577406009585
20.0,50.0,1003.449951171875,0.8244933525227314,0.1717593457825232,-2.378357160883819,-0.0311909432060103,0.5201670551719506,-0.5720213095700916,0.1201970601601191,-0.6215705967146201,-0.9274745739175644,-0.4297577406009585
20.0,50.0,1003.449951171875,0.8244933525227314,0.1717593457825232,-2.378357160883819,-0.0311909432060103,0.5201670551719506,-0.5720213095700916,0.1201970601601191,-0.6215705967146201,-0.9274745739175644,-0.4297577406009585
20.0,50.0,1003.449951171875,0.8244933525227314,0.1717593457825232,-2.378357160883819,-0.0311909432060103,0.5201670551719506,-0.5720213095700916,0.1201970601601191,-0.6215705967146201,-0.9274745739175644,-0.4297577406009585
20.0,50.0,1003.449951171875,0.8244933525227314,0.1717593457825232,-2.378357160883819,-0.0311909432060103,0.5201670551719506,-0.5720213095700916,0.1201970601601191,-0.6215705967146201,-0.9274745739175644,-0.4297577406009585
20.0,50.0,1003.449951171875,0.8244933525227314,0.1717593457825232,-2.378357160883819,-0.0311909432060103,0.5201670551719506,-0.5720213095700916,0.1201970601601191,-0.6215705967146201,-0.9274745739175644,-0.4297577406009585
20.0,50.0,1003.449951171875,0.8244933525227314,0.1717593457825232,-2.378357160883819,-0.0311909432060103,0.5201670551719506,-0.5720213095700916,0.1201970601601191,-0.6215705967146201,-0.9274745739175644,-0.4297577406009585
20.0,50.0,1003.449951171875,0.8244933525227314,0.1717593457825232,-2.378357160883819,-0.0311909432060103,0.5201670551719506,-0.5720213291598262,0.1201970601601191,-0.6215705967146201,-0.9274745739175644,-0.4297577406009585
20.0,50.0,1003.4501342773438,0.8244933525227314,0.1717593457825232,-2.378357160883819,-0.0311909432060103,0.5201670551719506,-0.5720203736965223,0.1201970601601191,-0.6215705967146201,-0.9274745739175644,-0.4297577406009585
20.0,50.0,1003.4501953125,0.8244933525227314,0.1717593457825232,-2.378357160883819,-0.0311909432060103,0.5201670551719506,-0.572020629403561,0.1201970601601191,-0.6215705967146201,-0.9274745739175644,-0.4297577406009585
20.0,50.0,1003.4501953125,0.8244933525227314,0.1717593457825232,-2.378357160883819,-0.0311909432060103,0.5201670551719506,-0.572020629403561,0.1201970601601191,-0.6215705967146201,-0.9274745739175644,-0.4297577406009585
20.0,50.0,1003.4501953125,0.8244933525227314,0.1717593457825232,-2.378357160883819,-0.0311909432060103,0.5201670551719506,-0.572020629403561,0.1201970601601191,-0.6215705967146201,-0.9274745739175644,-0.4297577406009585
20.0,50.0,1003.4501953125,0.8244933525227314,0.1717593457825232,-2.378357160883819,-0.0311909432060103,0.5201670551719506,-0.572020629403561,0.1201970601601191,-0.6215705967146201,-0.9274745739175644,-0.4297577406009585
20.0,50.0,1003.4501953125,0.8244933525227314,0.1717593457825232,-2.378357160883819,-0.0311909432060103,0.5201670551719506,-0.572020629403561,0.1201970601601191,-0.6215705967146201,-0.9274745739175644,-0.4297577406009585
20.0,50.0,1003.4501953125,0.8244933525227314,0.1717593457825232,-2.378357160883819,-0.0311909432060103,0.5201670551719506,-0.572020629403561,0.1201970601601191,-0.6215705967146201,-0.9274745739175644,-0.4297577406009585
20.0,50.0,1003.4501953125,0.8244933525227314,0.1717593457825232,-2.378357160883819,-0.0311909432060103,0.5201670551719506,-0.572020629403561,0.1201970601601191,-0.6215705967146201,-0.9274745739175644,-0.4297577406009585
20.0,50.0,1003.4501953125,0.8244933525227314,0.1717593457825232,-2.378357160883819,-0.0311909432060103,0.5201670551719506,-0.572020629403561,0.1201970601601191,-0.6215705967146201,-0.9274745739175644,-0.4297577406009585
20.0,50.0,1003.4501953125,0.8244933525227314,0.1717593457825232,-2.378357160883819,-0.0311909432060103,0.5201670551719506,-0.572020629403561,0.1201970601601191,-0.6215705967146201,-0.9274745739175644,-0.4297577406009585
20.0,50.0,1003.4501953125,0.8244933525227314,0.1717593457825232,-2.378357160883819,-0.0311909432060103,0.5201670551719506,-0.572020629403561,0.1201970601601191,-0.6215705967146201,-0.9274745739175644,-0.4297577406009585
20.0,51.0,1001.5842895507812,0.8244933525227314,0.1717593457825232,-2.378357160883819,-0.0311909432060103,0.5201670551719506,-0.572020629403561,0.1201970601601191,-0.6215705967146201,-0.9274745739175644,-0.4411568588401345
20.0,51.0,1001.5842895507812,0.8244933525227314,0.1717593457825232,-2.378357160883819,-0.0311909432060103,0.5201670551719506,-0.572020629403561,0.1201970601601191,-0.6215705967146201,-0.9274745739175644,-0.4411568588401345
20.0,51.0,1001.5982055664062,0.8245132444755007,0.1717593457825232,-2.378357160883819,-0.0311660433052929,0.5201670551719506,-0.5719386226126745,0.1201970601601191,-0.6215705967146201,-0.9274745739175644,-0.4414036567745201
20.0,51.0,1001.6229858398438,0.8244933525227314,0.1717593457825232,-2.378357160883819,-0.0311909432060103,0.5201670551719506,-0.572020629403561,0.1201970601601191,-0.6215705967146201,-0.9274745739175644,-0.4414036567745201
20.0,51.0,1001.6229858398438,0.8244933525227314,0.1717593457825232,-2.378357160883819,-0.0311909432060103,0.5201670551719506,-0.572020629403561,0.1201970601601191,-0.6215705967146201,-0.9274745739175644,-0.4414036567745201
20.0,51.0,1001.6229858398438,0.8244933525227314,0.1717593457825232,-2.378357160883819,-0.0311909432060103,0.5201670551719506,-0.572020629403561,0.1201970601601191,-0.6215705967146201,-0.9274745739175644,-0.4414036567745201
20.0,51.0,1001.6229858398438,0.8244933525227314,0.1717593457825232,-2.378357160883819,-0.0311909432060103,0.5201670551719506,-0.572020629403561,0.1201970601601191,-0.6215705967146201,-0.9274745739175644,-0.4414036567745201
20.0,51.0,1001.6229858398438,0.8244933525227314,0.1717593457825232,-2.378357160883819,-0.0311909432060103,0.5201670551719506,-0.572020629403561,0.1201970601601191,-0.6215705967146201,-0.9274745739175644,-0.4414036567745201
20.0,51.0,1001.6229858398438,0.8244933525227314,0.1717593457825232,-2.378357160883819,-0.0311909432060103,0.5201670551719506,-0.572020629403561,0.1201970601601191,-0.6215705967146201,-0.9274745739175644,-0.4414036567745201
20.0,51.0,1001.6229858398438,0.8244933525227314,0.1717593457825232,-2.378357160883819,-0.0311909432060103,0.5201670551719506,-0.572020629403561,0.1201970601601191,-0.6215705967146201,-0.9274745739175644,-0.4414036567745201
20.0,51.0,1001.6229858398438,0.8244933525227314,0.1717593457825232,-2.378357160883819,-0.0311909432060103,0.5201670551719506,-0.572020629403561,0.1201970601601191,-0.6215705967146201,-0.9274745739175644,-0.4414036567745201
20.0,51.0,1001.6229858398438,0.8244933525227314,0.1717593457825232,-2.378357160883819,-0.0311909432060103,0.5201670551719506,-0.572020629403561,0.1201970601601191,-0.6215705967146201,-0.9274745739175644,-0.4414036567745201
20.0,51.0,1001.6229858398438,0.8244933525227314,0.1717593457825232,-2.378357160883819,-0.0311909432060103,0.5201670551719506,-0.572020629403561,0.1201970601601191,-0.6215705967146201,-0.9274745739175644,-0.4414036567745201
20.0,51.0,1001.6229858398438,0.8244933525227314,0.1717593457825232,-2.378357160883819,-0.0311909432060103,0.5201670551719506,-0.572020629403561,0.1201970601601191,-0.6215705967146201,-0.9274745739175644,-0.4414036567745201
20.0,51.0,1001.6229858398438,0.8244933525227314,0.1717593457825232,-2.378357160883819,-0.0311909432060103,0.5201670551719506,-0.572020629403561,0.1201970601601191,-0.6215705967146201,-0.9274745739175644,-0.4414036567745201
20.0,51.0,1001.6229858398438,0.8244933525227314,0.1717593457825232,-2.378357160883819,-0.0311909432060103,0.5201670551719506,-0.572020629403561,0.1201970601601191,-0.6215705967146201,-0.9274745739175644,-0.4414036567745201
20.0,51.0,1001.6255493164062,0.8244933525227314,0.1717593457825232,-2.378357160883819,-0.0311909432060103,0.5201670551719506,-0.572020629403561,0.1201970601601191,-0.6215705967146201,-0.9274745739175644,-0.4414189883943927
20.0,51.0,1001.6279907226562,0.8244933525227314,0.1717593457825232,-2.378357160883819,-0.0311909432060103,0.5201670551719506,-0.5720206292397598,0.1201970601601191,-0.6215705967146201,-0.9274745739175644,-0.4414340370453447
20.0,51.0,1001.6282958984376,0.8244933525227314,0.1717593457825232,-2.378357160883819,-0.0311909432060103,0.5201670551719506,-0.5720206141026065,0.1201970601601191,-0.6215705967146201,-0.9274745739175644,-0.4414361545374273
20.0,51.0,1001.6292724609376,0.8244933525227314,0.1717593457825232,-2.378357160883819,-0.0311909432060103,0.5201670551719506,-0.572020629403561,0.1201970601601191,-0.6215705967146201,-0.9274745739175644,-0.4414420752581351
20.0,51.0,1001.6292724609376,0.8244933525227314,0.1717593457825232,-2.378357160883819,-0.0311909432060103,0.5201670551719506,-0.572020629403561,0.1201970601601191,-0.6215705967146201,-0.9274745739175644,-0.4414420429671885
20.0,51.0,1001.6412353515624,0.8244933525227314,0.1717593457825232,-2.378357160883819,-0.0311909432060103,0.5201670551719506,-0.572020629403561,0.1201970601601191,-0.6215705967146201,-0.9274745739175644,-0.4415142713283077
20.0,51.0,1002.5701904296876,0.8261156640125347,0.1717593457825232,-2.378357160883819,-0.0311909432060103,0.5201670551719506,-0.5719296106472225,0.1201970601601191,-0.6215705967146201,-0.9241591539077418,-0.4297577406009585
20.0,51.0,1002.9127197265624,0.8261196525140424,0.1717593457825232,-2.378357160883819,-0.031181757193547,0.5201670551719506,-0.5720213958552477,0.1201970601601191,-0.6215705967146201,-0.9274745739175644,-0.4297577406009585
20.0,51.0,1002.9306640625,0.8261156640125347,0.1717593457825232,-2.378357160883819,-0.0311909432060103,0.5201670551719506,-0.5719296106472225,0.1201970601601191,-0.6215705967146201,-0.9274745739175644,-0.4297577406009585
20.0,51.0,1002.9328002929688,0.8261066986723805,0.1717593457825232,-2.378357160883819,-0.0311909432060103,0.5201670551719506,-0.5719324927416366,0.1201970601601191,-0.6215705967146201,-0.9274745739175644,-0.4297577406009585
20.0,51.0,1002.9449462890624,0.8261342952779535,0.1717593457825232,-2.378357160883819,-0.0306336868263355,0.5201670551719506,-0.572020629403561,0.1201970601601191,-0.6215705967146201,-0.9274745739175644,-0.4297577406009585
20.0,51.0,1002.946044921875,0.8244933525227314,0.1717593457825232,-2.378357160883819,-0.0311909432060103,0.5201670551719506,-0.5720205637367702,0.1201970601601191,-0.6215705967146201,-0.9242329270460472,-0.4297577406009585
20.0,51.0,1002.946044921875,0.8244933525227314,0.1717593457825232,-2.378357160883819,-0.0311909432060103,0.5201670551719506,-0.572020563202774,0.1201970601601191,-0.6215705967146201,-0.9242329270460472,-0.4297577406009585
20.0,51.0,1002.946044921875,0.8244933525227314,0.1717593457825232,-2.378357160883819,-0.0311909432060103,0.5201670551719506,-0.5720205619055208,0.1201970601601191,-0.6215705967146201,-0.9242329270460472,-0.4297577406009585
20.0,51.0,1002.9478149414062,0.8261196525140424,0.1717593457825232,-2.378357160883819,-0.0306561092946315,0.5201670551719506,-0.572020629403561,0.1201970601601191,-0.6215705967146201,-0.9274745739175644,-0.4297577406009585
20.0,51.0,1002.9478149414062,0.8244933525227314,0.1717593457825232,-2.378357160883819,-0.0311909432060103,0.5201670551719506,-0.5720205637367702,0.1201970601601191,-0.6215705967146201,-0.924219093295214,-0.4297577406009585
20.0,51.0,1002.9478149414062,0.8244933525227314,0.1717593457825232,-2.378357160883819,-0.0311909432060103,0.5201670551719506,-0.5720205637367702,0.1201970601601191,-0.6215705967146201,-0.924219093295214,-0.4297577406009585
20.0,51.0,1002.961669921875,0.8261196525140424,0.1717593457825232,-2.378357160883819,-0.0306920980129375,0.5201670551719506,-0.5719346379607421,0.1201970601601191,-0.6215705967146201,-0.9274745739175644,-0.4297577406009585
20.0,51.0,1002.961669921875,0.8261196525140424,0.1717593457825232,-2.378357160883819,-0.0306920980129375,0.5201670551719506,-0.5719346379607421,0.1201970601601191,-0.6215705967146201,-0.9274745739175644,-0.4297577406009585
20.0,51.0,1002.9624633789062,0.8261196525140424,0.1717593457825232,-2.378357160883819,-0.0306809458665333,0.5201670551719506,-0.5719346379607421,0.1201970601601191,-0.6215705967146201,-0.9274745739175644,-0.4297577406009585
20.0,51.0,1002.9624633789062,0.8261196525140424,0.1717593457825232,-2.378357160883819,-0.0306809458665333,0.5201670551719506,-0.5719346379607421,0.1201970601601191,-0.6215705967146201,-0.9274745739175644,-0.4297577406009585
20.0,51.0,1003.0043334960938,0.8261218770308434,0.209425812291895,-1.3073300690109348,-0.113356085749311,0.5649279903216496,-1.0708044882888972,0.0392795967288293,-0.6460547710623075,0.8247340719018256,0.9734875553362644
20.0,51.0,1003.2122192382812,0.8244933525227314,0.1717593457825232,-2.378357160883819,-0.0311909432060103,0.5201670551719506,-0.572020563202774,0.1201970601601191,-0.6215705967146201,-0.9242300646806852,-0.4290633802689828
20.0,51.0,1003.3421630859376,0.8244933525227314,0.1717593457825232,-2.378357160883819,-0.0311909432060103,0.5201670551719506,-0.572020629403561,0.1201970601601191,-0.6215705967146201,-0.9274745739175644,-0.4300291177683298
20.0,51.0,1003.3861083984376,0.8244933525227314,0.1717593457825232,-2.378357160883819,-0.0311909432060103,0.5201670551719506,-0.572020629403561,0.1201970601601191,-0.6215705967146201,-0.9274745739175644,-0.4299185032145424
20.0,51.0,1003.4354248046876,0.8246357006914823,0.1717593457825232,-2.378357160883819,-0.0306561092946315,0.5201670551719506,-0.572020629403561,0.1201970601601191,-0.6215705967146201,-0.9274745739175644,-0.4297577406009585
20.0,51.0,1003.4354248046876,0.8246357006914823,0.1717593457825232,-2.378357160883819,-0.0306561092946315,0.5201670551719506,-0.572020629403561,0.1201970601601191,-0.6215705967146201,-0.9274745739175644,-0.4297577406009585
20.0,51.0,1003.447998046875,0.8244994517919391,0.1717593457825232,-2.378357160883819,-0.0311909432060103,0.5201670551719506,-0.572020629403561,0.1201970601601191,-0.6215705967146201,-0.9274745739175644,-0.4297577406009585
20.0,51.0,1003.449951171875,0.8244933525227314,0.1717593457825232,-2.378357160883819,-0.0311909432060103,0.5201670551719506,-0.5720213095700916,0.1201970601601191,-0.6215705967146201,-0.9274745739175644,-0.4297577406009585
20.0,51.0,1003.449951171875,0.8244933525227314,0.1717593457825232,-2.378357160883819,-0.0311909432060103,0.5201670551719506,-0.5720213291598262,0.1201970601601191,-0.6215705967146201,-0.9274745739175644,-0.4297577406009585
20.0,51.0,1003.449951171875,0.8244933525227314,0.1717593457825232,-2.378357160883819,-0.0311909432060103,0.5201670551719506,-0.5720213095700916,0.1201970601601191,-0.6215705967146201,-0.9274745739175644,-0.4297577406009585
20.0,51.0,1003.449951171875,0.8244933525227314,0.1717593457825232,-2.378357160883819,-0.0311909432060103,0.5201670551719506,-0.5720213095700916,0.1201970601601191,-0.6215705967146201,-0.9274745739175644,-0.4297577406009585
20.0,51.0,1003.449951171875,0.8244933525227314,0.1717593457825232,-2.378357160883819,-0.0311909432060103,0.5201670551719506,-0.5720213095700916,0.1201970601601191,-0.6215705967146201,-0.9274745739175644,-0.4297577406009585
20.0,51.0,1003.449951171875,0.8244933525227314,0.1717593457825232,-2.378357160883819,-0.0311909432060103,0.5201670551719506,-0.5720213095700916,0.1201970601601191,-0.6215705967146201,-0.9274745739175644,-0.4297577406009585
20.0,52.0,1001.5842895507812,0.8244933525227314,0.1717593457825232,-2.378357160883819,-0.0311909432060103,0.5201670551719506,-0.572020629403561,0.1201970601601191,-0.6215705967146201,-0.9274745739175644,-0.4411568588401345
20.0,52.0,1001.5842895507812,0.8244933525227314,0.1717593457825232,-2.378357160883819,-0.0311909432060103,0.5201670551719506,-0.572020629403561,0.1201970601601191,-0.6215705967146201,-0.9274745739175644,-0.4411568588401345
20.0,52.0,1001.5980834960938,0.8245129270817401,0.1717593457825232,-2.378357160883819,-0.0311655731935179,0.5201670551719506,-0.5719386226126745,0.1201970601601191,-0.6215705967146201,-0.9274745739175644,-0.4414036567745201
20.0,52.0,1001.5982055664062,0.8245132444755007,0.1717593457825232,-2.378357160883819,-0.0311660433052929,0.5201670551719506,-0.5719386226126745,0.1201970601601191,-0.6215705967146201,-0.9274745739175644,-0.4414036567745201
20.0,52.0,1001.6229858398438,0.8244933525227314,0.1717593457825232,-2.378357160883819,-0.0311909432060103,0.5201670551719506,-0.572020629403561,0.1201970601601191,-0.6215705967146201,-0.9274745739175644,-0.4414036567745201
20.0,52.0,1001.6229858398438,0.8244933525227314,0.1717593457825232,-2.378357160883819,-0.0311909432060103,0.5201670551719506,-0.572020629403561,0.1201970601601191,-0.6215705967146201,-0.9274745739175644,-0.4414036567745201
20.0,52.0,1001.6229858398438,0.8244933525227314,0.1717593457825232,-2.378357160883819,-0.0311909432060103,0.5201670551719506,-0.572020629403561,0.1201970601601191,-0.6215705967146201,-0.9274745739175644,-0.4414036567745201
20.0,52.0,1001.6229858398438,0.8244933525227314,0.1717593457825232,-2.378357160883819,-0.0311909432060103,0.5201670551719506,-0.572020629403561,0.1201970601601191,-0.6215705967146201,-0.9274745739175644,-0.4414036567745201
20.0,52.0,1001.6229858398438,0.8244933525227314,0.1717593457825232,-2.378357160883819,-0.0311909432060103,0.5201670551719506,-0.572020629403561,0.1201970601601191,-0.6215705967146201,-0.9274745739175644,-0.4414036567745201
20.0,52.0,1001.6229858398438,0.8244933525227314,0.1717593457825232,-2.378357160883819,-0.0311909432060103,0.5201670551719506,-0.572020629403561,0.1201970601601191,-0.6215705967146201,-0.9274745739175644,-0.4414036567745201
20.0,52.0,1001.6229858398438,0.8244933525227314,0.1717593457825232,-2.378357160883819,-0.0311909432060103,0.5201670551719506,-0.572020629403561,0.1201970601601191,-0.6215705967146201,-0.9274745739175644,-0.4414036567745201
20.0,52.0,1001.6229858398438,0.8244933525227314,0.1717593457825232,-2.378357160883819,-0.0311909432060103,0.5201670551719506,-0.572020629403561,0.1201970601601191,-0.6215705967146201,-0.9274745739175644,-0.4414036567745201
20.0,52.0,1001.6229858398438,0.8244933525227314,0.1717593457825232,-2.378357160883819,-0.0311909432060103,0.5201670551719506,-0.572020629403561,0.1201970601601191,-0.6215705967146201,-0.9274745739175644,-0.4414036567745201
20.0,52.0,1001.6229858398438,0.8244933525227314,0.1717593457825232,-2.378357160883819,-0.0311909432060103,0.5201670551719506,-0.572020629403561,0.1201970601601191,-0.6215705967146201,-0.9274745739175644,-0.4414036567745201
20.0,52.0,1001.6229858398438,0.8244933525227314,0.1717593457825232,-2.378357160883819,-0.0311909432060103,0.5201670551719506,-0.572020629403561,0.1201970601601191,-0.6215705967146201,-0.9274745739175644,-0.4414036567745201
20.0,52.0,1001.6229858398438,0.8244933525227314,0.1717593457825232,-2.378357160883819,-0.0311909432060103,0.5201670551719506,-0.572020629403561,0.1201970601601191,-0.6215705967146201,-0.9274745739175644,-0.4414036567745201
20.0,52.0,1001.6229858398438,0.8244933525227314,0.1717593457825232,-2.378357160883819,-0.0311909432060103,0.5201670551719506,-0.572020629403561,0.1201970601601191,-0.6215705967146201,-0.9274745739175644,-0.4414036567745201
20.0,52.0,1001.6229858398438,0.8244933525227314,0.1717593457825232,-2.378357160883819,-0.0311909432060103,0.5201670551719506,-0.572020629403561,0.1201970601601191,-0.6215705967146201,-0.9274745739175644,-0.4414036567745201
20.0,52.0,1001.6229858398438,0.8244933525227314,0.1717593457825232,-2.378357160883819,-0.0311909432060103,0.5201670551719506,-0.572020629403561,0.1201970601601191,-0.6215705967146201,-0.9274745739175644,-0.4414036567745201
20.0,52.0,1001.6229858398438,0.8244933525227314,0.1717593457825232,-2.378357160883819,-0.0311909432060103,0.5201670551719506,-0.572020629403561,0.1201970601601191,-0.6215705967146201,-0.9274745739175644,-0.4414036567745201
20.0,52.0,1001.6229858398438,0.8244933525227314,0.1717593457825232,-2.378357160883819,-0.0311909432060103,0.5201670551719506,-0.572020629403561,0.1201970601601191,-0.6215705967146201,-0.9274745739175644,-0.4414036567745201
20.0,52.0,1001.6229858398438,0.8244933525227314,0.1717593457825232,-2.378357160883819,-0.0311909432060103,0.5201670551719506,-0.572020629403561,0.1201970601601191,-0.6215705967146201,-0.9274745739175644,-0.4414036567745201
20.0,52.0,1001.6229858398438,0.8244933525227314,0.1717593457825232,-2.378357160883819,-0.0311909432060103,0.5201670551719506,-0.572020629403561,0.1201970601601191,-0.6215705967146201,-0.9274745739175644,-0.4414036567745201
20.0,52.0,1001.6229858398438,0.8244933525227314,0.1717593457825232,-2.378357160883819,-0.0311909432060103,0.5201670551719506,-0.572020629403561,0.1201970601601191,-0.6215705967146201,-0.9274745739175644,-0.4414036567745201
20.0,52.0,1001.6229858398438,0.8244933525227314,0.1717593457825232,-2.378357160883819,-0.0311909432060103,0.5201670551719506,-0.572020629403561,0.1201970601601191,-0.6215705967146201,-0.9274745739175644,-0.4414036567745201
20.0,52.0,1001.6231079101562,0.8244939761583184,0.1717593457825232,-2.378357160883819,-0.0311905046946245,0.5201670551719506,-0.5720204752315546,0.1201970601601191,-0.6215705967146201,-0.9274745739175644,-0.4414036567745201
20.0,52.0,1001.6231689453124,0.8244936699164921,0.1717593457825232,-2.378357160883819,-0.0311914133177853,0.5201670551719506,-0.572020629403561,0.1201970601601191,-0.6215705967146201,-0.9274745739175644,-0.4414036567745201
20.0,52.0,1001.6255493164062,0.8244933525227314,0.1717593457825232,-2.378357160883819,-0.0311909432060103,0.5201670551719506,-0.572020629403561,0.1201970601601191,-0.6215705967146201,-0.9274745739175644,-0.4414189883943927
20.0,52.0,1001.6279907226562,0.8244933525227314,0.1717593457825232,-2.378357160883819,-0.0311909432060103,0.5201670551719506,-0.5720206292397598,0.1201970601601191,-0.6215705967146201,-0.9274745739175644,-0.4414340370453447
20.0,52.0,1001.6282958984376,0.8244933525227314,0.1717593457825232,-2.378357160883819,-0.0311909432060103,0.5201670551719506,-0.5720206141026065,0.1201970601601191,-0.6215705967146201,-0.9274745739175644,-0.4414361545374273
20.0,52.0,1001.6282958984376,0.8244933525227314,0.1717593457825232,-2.378357160883819,-0.0311909432060103,0.5201670551719506,-0.5720206286730348,0.1201970601601191,-0.6215705967146201,-0.9274745739175644,-0.4414361545374273
20.0,52.0,1001.6292724609376,0.8244933525227314,0.1717593457825232,-2.378357160883819,-0.0311909432060103,0.5201670551719506,-0.572020629403561,0.1201970601601191,-0.6215705967146201,-0.9274745739175644,-0.4414420752581351
20.0,52.0,1001.6292724609376,0.8244933525227314,0.1717593457825232,-2.378357160883819,-0.0311909432060103,0.5201670551719506,-0.572020629403561,0.1201970601601191,-0.6215705967146201,-0.9274745739175644,-0.4414420429671885
20.0,52.0,1001.6387329101562,0.8244933525227314,0.1717593457825232,-2.378357160883819,-0.0311909432060103,0.5201670551719506,-0.5720205564709079,0.1201970601601191,-0.6215705967146201,-0.9275410361994636,-0.4414036567745201
20.0,52.0,1001.6412353515624,0.8244933525227314,0.1717593457825232,-2.378357160883819,-0.0311909432060103,0.5201670551719506,-0.572020629403561,0.1201970601601191,-0.6215705967146201,-0.9274745739175644,-0.4415142713283077
20.0,52.0,1001.7742309570312,0.8244933525227314,0.1717593457825232,-2.378357160883819,-0.0311909432060103,0.5201670551719506,-0.5720205671615253,0.1201970601601191,-0.6215705967146201,-0.9242897058074568,-0.4414189883943927
20.0,52.0,1001.9636840820312,0.8261261773011005,0.1717593457825232,-2.378357160883819,-0.0311640627545547,0.5201670551719506,-0.572020629403561,0.1201970601601191,-0.6215705967146201,-0.9274745739175644,-0.4410438352033883
20.0,52.0,1002.5701904296876,0.8261156640125347,0.1717593457825232,-2.378357160883819,-0.0311909432060103,0.5201670551719506,-0.5719296106472225,0.1201970601601191,-0.6215705967146201,-0.9241591539077418,-0.4297577406009585
20.0,52.0,1002.5701904296876,0.8261156640125347,0.1717593457825232,-2.378357160883819,-0.0311909432060103,0.5201670551719506,-0.5719296106472225,0.1201970601601191,-0.6215705967146201,-0.9241591539077418,-0.4297577406009585
20.0,52.0,1002.9127197265624,0.8261196525140424,0.1717593457825232,-2.378357160883819,-0.031181757193547,0.5201670551719506,-0.5720213958552477,0.1201970601601191,-0.6215705967146201,-0.9274745739175644,-0.4297577406009585
20.0,52.0,1002.9259033203124,0.824594658539286,0.1717593457825232,-2.378357160883819,-0.0311909432060103,0.5201670551719506,-0.5720209534199242,0.1201970601601191,-0.6215705967146201,-0.9241591539077418,-0.4297577406009585
20.0,52.0,1002.9306640625,0.8261156640125347,0.1717593457825232,-2.378357160883819,-0.0311909432060103,0.5201670551719506,-0.5719296106472225,0.1201970601601191,-0.6215705967146201,-0.9274745739175644,-0.4297577406009585
20.0,52.0,1002.9328002929688,0.8261066986723805,0.1717593457825232,-2.378357160883819,-0.0311909432060103,0.5201670551719506,-0.5719324927416366,0.1201970601601191,-0.6215705967146201,-0.9274745739175644,-0.4297577406009585
20.0,52.0,1002.9449462890624,0.8261342952779535,0.1717593457825232,-2.378357160883819,-0.0306336868263355,0.5201670551719506,-0.572020629403561,0.1201970601601191,-0.6215705967146201,-0.9274745739175644,-0.4297577406009585
20.0,52.0,1002.9449462890624,0.8261342952779535,0.1717593457825232,-2.378357160883819,-0.0306336868263355,0.5201670551719506,-0.572020629403561,0.1201970601601191,-0.6215705967146201,-0.9274745739175644,-0.4297577406009585
20.0,52.0,1002.946044921875,0.8244933525227314,0.1717593457825232,-2.378357160883819,-0.0311909432060103,0.5201670551719506,-0.5720205637367702,0.1201970601601191,-0.6215705967146201,-0.9242329270460472,-0.4297577406009585
20.0,52.0,1002.946044921875,0.8244933525227314,0.1717593457825232,-2.378357160883819,-0.0311909432060103,0.5201670551719506,-0.572020563202774,0.1201970601601191,-0.6215705967146201,-0.9242329270460472,-0.4297577406009585
20.0,52.0,1002.946044921875,0.8244933525227314,0.1717593457825232,-2.378357160883819,-0.0311909432060103,0.5201670551719506,-0.5720205619055208,0.1201970601601191,-0.6215705967146201,-0.9242329270460472,-0.4297577406009585
20.0,52.0,1002.9478149414062,0.8261196525140424,0.1717593457825232,-2.378357160883819,-0.0306561092946315,0.5201670551719506,-0.572020629403561,0.1201970601601191,-0.6215705967146201,-0.9274745739175644,-0.4297577406009585
20.0,52.0,1002.9478149414062,0.8244933525227314,0.1717593457825232,-2.378357160883819,-0.0311909432060103,0.5201670551719506,-0.5720205637367702,0.1201970601601191,-0.6215705967146201,-0.924219093295214,-0.4297577406009585
20.0,53.0,1001.5814819335938,0.824493705301245,0.1717593457825232,-2.378357160883819,-0.0311906049716392,0.5201670551719506,-0.572015347536993,0.1201970601601191,-0.6215705967146201,-0.9274745739175644,-0.4411493204623693
20.0,53.0,1001.5842895507812,0.8244933525227314,0.1717593457825232,-2.378357160883819,-0.0311909432060103,0.5201670551719506,-0.572020629403561,0.1201970601601191,-0.6215705967146201,-0.9274745739175644,-0.4411568588401345
20.0,53.0,1001.5842895507812,0.8244933525227314,0.1717593457825232,-2.378357160883819,-0.0311909432060103,0.5201670551719506,-0.572020629403561,0.1201970601601191,-0.6215705967146201,-0.9274745739175644,-0.4411568588401345
20.0,53.0,1001.5847778320312,0.8244933525227314,0.1717593457825232,-2.378357160883819,-0.0311909432060103,0.5201670551719506,-0.572020629403561,0.1201970601601191,-0.6215705967146201,-0.9274745739175644,-0.4411605596061994
20.0,53.0,1001.59326171875,0.8244933525227314,0.1717593457825232,-2.378357160883819,-0.0311676858200013,0.5201670551719506,-0.5719353291054634,0.1201970601601191,-0.6215705967146201,-0.9274745739175644,-0.4414039117447983
20.0,53.0,1001.5980834960938,0.8245129270817401,0.1717593457825232,-2.378357160883819,-0.0311655731935179,0.5201670551719506,-0.5719386226126745,0.1201970601601191,-0.6215705967146201,-0.9274745739175644,-0.4414036567745201
20.0,53.0,1001.5982055664062,0.8245132444755007,0.1717593457825232,-2.378357160883819,-0.0311660433052929,0.5201670551719506,-0.5719386226126745,0.1201970601601191,-0.6215705967146201,-0.9274745739175644,-0.4414036567745201
20.0,53.0,1001.5982055664062,0.8245132444755007,0.1717593457825232,-2.378357160883819,-0.0311660433052929,0.5201670551719506,-0.5719386226126745,0.1201970601601191,-0.6215705967146201,-0.9274745739175644,-0.4414036567745201
20.0,53.0,1001.622802734375,0.8244933525227314,0.1717593457825232,-2.378357160883819,-0.0311909432060103,0.5201670551719506,-0.5720199600759424,0.1201970601601191,-0.6215705967146201,-0.9274745739175644,-0.4414036567745201
20.0,53.0,1001.6229858398438,0.8244933525227314,0.1717593457825232,-2.378357160883819,-0.0311909432060103,0.5201670551719506,-0.572020629403561,0.1201970601601191,-0.6215705967146201,-0.9274745739175644,-0.4414036567745201
20.0,53.0,1001.6229858398438,0.8244933525227314,0.1717593457825232,-2.378357160883819,-0.0311909432060103,0.5201670551719506,-0.572020629403561,0.1201970601601191,-0.6215705967146201,-0.9274745739175644,-0.4414036567745201
20.0,53.0,1001.6229858398438,0.8244933525227314,0.1717593457825232,-2.378357160883819,-0.0311909432060103,0.5201670551719506,-0.572020629403561,0.1201970601601191,-0.6215705967146201,-0.9274745739175644,-0.4414036567745201
20.0,53.0,1001.6229858398438,0.8244933525227314,0.1717593457825232,-2.378357160883819,-0.0311909432060103,0.5201670551719506,-0.572020629403561,0.1201970601601191,-0.6215705967146201,-0.9274745739175644,-0.4414036567745201
20.0,53.0,1001.6229858398438,0.8244933525227314,0.1717593457825232,-2.378357160883819,-0.0311909432060103,0.5201670551719506,-0.572020629403561,0.1201970601601191,-0.6215705967146201,-0.9274745739175644,-0.4414036567745201
20.0,53.0,1001.6229858398438,0.8244933525227314,0.1717593457825232,-2.378357160883819,-0.0311909432060103,0.5201670551719506,-0.572020629403561,0.1201970601601191,-0.6215705967146201,-0.9274745739175644,-0.4414036567745201
20.0,53.0,1001.6229858398438,0.8244933525227314,0.1717593457825232,-2.378357160883819,-0.0311909432060103,0.5201670551719506,-0.572020629403561,0.1201970601601191,-0.6215705967146201,-0.9274745739175644,-0.4414036567745201
20.0,53.0,1001.6229858398438,0.8244933525227314,0.1717593457825232,-2.378357160883819,-0.0311909432060103,0.5201670551719506,-0.572020629403561,0.1201970601601191,-0.6215705967146201,-0.9274745739175644,-0.4414036567745201
20.0,53.0,1001.6229858398438,0.8244933525227314,0.1717593457825232,-2.378357160883819,-0.0311909432060103,0.5201670551719506,-0.572020629403561,0.1201970601601191,-0.6215705967146201,-0.9274745739175644,-0.4414036567745201
20.0,53.0,1001.6229858398438,0.8244933525227314,0.1717593457825232,-2.378357160883819,-0.0311909432060103,0.5201670551719506,-0.572020629403561,0.1201970601601191,-0.6215705967146201,-0.9274745739175644,-0.4414036567745201
20.0,53.0,1001.6229858398438,0.8244933525227314,0.1717593457825232,-2.378357160883819,-0.0311909432060103,0.5201670551719506,-0.572020629403561,0.1201970601601191,-0.6215705967146201,-0.9274745739175644,-0.4414036567745201
20.0,53.0,1001.6229858398438,0.8244933525227314,0.1717593457825232,-2.378357160883819,-0.0311909432060103,0.5201670551719506,-0.572020629403561,0.1201970601601191,-0.6215705967146201,-0.9274745739175644,-0.4414036567745201
20.0,53.0,1001.6229858398438,0.8244933525227314,0.1717593457825232,-2.378357160883819,-0.0311909432060103,0.5201670551719506,-0.572020629403561,0.1201970601601191,-0.6215705967146201,-0.9274745739175644,-0.4414036567745201
20.0,53.0,1001.6229858398438,0.8244933525227314,0.1717593457825232,-2.378357160883819,-0.0311909432060103,0.5201670551719506,-0.572020629403561,0.1201970601601191,-0.6215705967146201,-0.9274745739175644,-0.4414036567745201
20.0,53.0,1001.6229858398438,0.8244933525227314,0.1717593457825232,-2.378357160883819,-0.0311909432060103,0.5201670551719506,-0.572020629403561,0.1201970601601191,-0.6215705967146201,-0.9274745739175644,-0.4414036567745201
20.0,53.0,1001.6229858398438,0.8244933525227314,0.1717593457825232,-2.378357160883819,-0.0311909432060103,0.5201670551719506,-0.572020629403561,0.1201970601601191,-0.6215705967146201,-0.9274745739175644,-0.4414036567745201
20.0,53.0,1001.6229858398438,0.8244933525227314,0.1717593457825232,-2.378357160883819,-0.0311909432060103,0.5201670551719506,-0.572020629403561,0.1201970601601191,-0.6215705967146201,-0.9274745739175644,-0.4414036567745201
20.0,53.0,1001.6229858398438,0.8244933525227314,0.1717593457825232,-2.378357160883819,-0.0311909432060103,0.5201670551719506,-0.572020629403561,0.1201970601601191,-0.6215705967146201,-0.9274745739175644,-0.4414036567745201
20.0,53.0,1001.6229858398438,0.8244933525227314,0.1717593457825232,-2.378357160883819,-0.0311909432060103,0.5201670551719506,-0.572020629403561,0.1201970601601191,-0.6215705967146201,-0.9274745739175644,-0.4414036567745201
20.0,53.0,1001.6229858398438,0.8244933525227314,0.1717593457825232,-2.378357160883819,-0.0311909432060103,0.5201670551719506,-0.572020629403561,0.1201970601601191,-0.6215705967146201,-0.9274745739175644,-0.4414036567745201
20.0,53.0,1001.6229858398438,0.8244933525227314,0.1717593457825232,-2.378357160883819,-0.0311909432060103,0.5201670551719506,-0.572020629403561,0.1201970601601191,-0.6215705967146201,-0.9274745739175644,-0.4414036567745201
20.0,53.0,1001.6229858398438,0.8244933525227314,0.1717593457825232,-2.378357160883819,-0.0311909432060103,0.5201670551719506,-0.572020629403561,0.1201970601601191,-0.6215705967146201,-0.9274745739175644,-0.4414036567745201
20.0,53.0,1001.6229858398438,0.8244933525227314,0.1717593457825232,-2.378357160883819,-0.0311909432060103,0.5201670551719506,-0.572020629403561,0.1201970601601191,-0.6215705967146201,-0.9274745739175644,-0.4414036567745201
20.0,53.0,1001.6229858398438,0.8244933525227314,0.1717593457825232,-2.378357160883819,-0.0311909432060103,0.5201670551719506,-0.572020629403561,0.1201970601601191,-0.6215705967146201,-0.9274745739175644,-0.4414036567745201
20.0,53.0,1001.6229858398438,0.8244933525227314,0.1717593457825232,-2.378357160883819,-0.0311909432060103,0.5201670551719506,-0.572020629403561,0.1201970601601191,-0.6215705967146201,-0.9274745739175644,-0.4414036567745201
20.0,53.0,1001.6229858398438,0.8244933525227314,0.1717593457825232,-2.378357160883819,-0.0311909432060103,0.5201670551719506,-0.572020629403561,0.1201970601601191,-0.6215705967146201,-0.9274745739175644,-0.4414036567745201
20.0,53.0,1001.6229858398438,0.8244933525227314,0.1717593457825232,-2.378357160883819,-0.0311909432060103,0.5201670551719506,-0.572020629403561,0.1201970601601191,-0.6215705967146201,-0.9274745739175644,-0.4414036567745201
20.0,53.0,1001.6229858398438,0.8244933525227314,0.1717593457825232,-2.378357160883819,-0.0311909432060103,0.5201670551719506,-0.572020629403561,0.1201970601601191,-0.6215705967146201,-0.9274745739175644,-0.4414036567745201
20.0,53.0,1001.6229858398438,0.8244933525227314,0.1717593457825232,-2.378357160883819,-0.0311909432060103,0.5201670551719506,-0.572020629403561,0.1201970601601191,-0.6215705967146201,-0.9274745739175644,-0.4414036567745201
20.0,53.0,1001.6229858398438,0.8244933525227314,0.1717593457825232,-2.378357160883819,-0.0311909432060103,0.5201670551719506,-0.572020629403561,0.1201970601601191,-0.6215705967146201,-0.9274745739175644,-0.4414036567745201
20.0,53.0,1001.6229858398438,0.8244933525227314,0.1717593457825232,-2.378357160883819,-0.0311909432060103,0.5201670551719506,-0.572020629403561,0.1201970601601191,-0.6215705967146201,-0.9274745739175644,-0.4414036567745201
20.0,53.0,1001.6229858398438,0.8244933525227314,0.1717593457825232,-2.378357160883819,-0.0311909432060103,0.5201670551719506,-0.572020629403561,0.1201970601601191,-0.6215705967146201,-0.9274745739175644,-0.4414036567745201
20.0,53.0,1001.6231079101562,0.8244939761583184,0.1717593457825232,-2.378357160883819,-0.0311905046946245,0.5201670551719506,-0.5720204752315546,0.1201970601601191,-0.6215705967146201,-0.9274745739175644,-0.4414036567745201
20.0,53.0,1001.6231689453124,0.8244936699164921,0.1717593457825232,-2.378357160883819,-0.0311914133177853,0.5201670551719506,-0.572020629403561,0.1201970601601191,-0.6215705967146201,-0.9274745739175644,-0.4414036567745201
20.0,53.0,1001.6255493164062,0.8244933525227314,0.1717593457825232,-2.378357160883819,-0.0311909432060103,0.5201670551719506,-0.572020629403561,0.1201970601601191,-0.6215705967146201,-0.9274745739175644,-0.4414189883943927
20.0,53.0,1001.6279907226562,0.8244933525227314,0.1717593457825232,-2.378357160883819,-0.0311909432060103,0.5201670551719506,-0.5720206292397598,0.1201970601601191,-0.6215705967146201,-0.9274745739175644,-0.4414340370453447
20.0,53.0,1001.6279907226562,0.8244933525227314,0.1717593457825232,-2.378357160883819,-0.0311909432060103,0.5201670551719506,-0.5720206292397598,0.1201970601601191,-0.6215705967146201,-0.9274745739175644,-0.4414340370453447
20.0,53.0,1001.6282958984376,0.8244933525227314,0.1717593457825232,-2.378357160883819,-0.0311909432060103,0.5201670551719506,-0.5720206141026065,0.1201970601601191,-0.6215705967146201,-0.9274745739175644,-0.4414361545374273
20.0,53.0,1001.6282958984376,0.8244933525227314,0.1717593457825232,-2.378357160883819,-0.0311909432060103,0.5201670551719506,-0.5720206286730348,0.1201970601601191,-0.6215705967146201,-0.9274745739175644,-0.4414361545374273
20.0,53.0,1001.6282958984376,0.8244933525227314,0.1717593457825232,-2.378357160883819,-0.0311909432060103,0.5201670551719506,-0.5720206286730348,0.1201970601601191,-0.6215705967146201,-0.9274745739175644,-0.4414361545374273
20.0,53.0,1001.6292724609376,0.8244933525227314,0.1717593457825232,-2.378357160883819,-0.0311909432060103,0.5201670551719506,-0.572020629403561,0.1201970601601191,-0.6215705967146201,-0.9274745739175644,-0.4414420752581351
20.0,54.0,1001.5791625976562,0.8244933377583699,0.1717593457825232,-2.378357160883819,-0.0311909390552555,0.5201670551719506,-0.572015347536993,0.1201970601601191,-0.6215705967146201,-0.9274745739175644,-0.4411343216329937
20.0,54.0,1001.5814819335938,0.824493705301245,0.1717593457825232,-2.378357160883819,-0.0311906049716392,0.5201670551719506,-0.572015347536993,0.1201970601601191,-0.6215705967146201,-0.9274745739175644,-0.4411493204623693
20.0,54.0,1001.5830688476562,0.8244933525227314,0.1717593457825232,-2.378357160883819,-0.0311909432060103,0.5201670551719506,-0.572020629403561,0.1201970601601191,-0.6215705967146201,-0.9274745739175644,-0.4411493099296356
20.0,54.0,1001.5842895507812,0.8244933525227314,0.1717593457825232,-2.378357160883819,-0.0311909432060103,0.5201670551719506,-0.572020629403561,0.1201970601601191,-0.6215705967146201,-0.9274745739175644,-0.4411568588401345
20.0,54.0,1001.5842895507812,0.8244933525227314,0.1717593457825232,-2.378357160883819,-0.0311909432060103,0.5201670551719506,-0.572020629403561,0.1201970601601191,-0.6215705967146201,-0.9274745739175644,-0.4411568588401345
20.0,54.0,1001.5842895507812,0.8244933525227314,0.1717593457825232,-2.378357160883819,-0.0311909432060103,0.5201670551719506,-0.572020629403561,0.1201970601601191,-0.6215705967146201,-0.9274745739175644,-0.4411568588401345
20.0,54.0,1001.5844116210938,0.8244933525227314,0.1717593457825232,-2.378357160883819,-0.0311909432060103,0.5201670551719506,-0.572020629403561,0.1201970601601191,-0.6215705967146201,-0.9274745739175644,-0.4411580004092262
20.0,54.0,1001.5847778320312,0.8244933525227314,0.1717593457825232,-2.378357160883819,-0.0311909432060103,0.5201670551719506,-0.572020629403561,0.1201970601601191,-0.6215705967146201,-0.9274745739175644,-0.4411605596061994
20.0,54.0,1001.59326171875,0.8244933525227314,0.1717593457825232,-2.378357160883819,-0.0311676858200013,0.5201670551719506,-0.5719353291054634,0.1201970601601191,-0.6215705967146201,-0.9274745739175644,-0.4414039117447983
20.0,54.0,1001.59326171875,0.8244933525227314,0.1717593457825232,-2.378357160883819,-0.0311676858200013,0.5201670551719506,-0.5719353291054634,0.1201970601601191,-0.6215705967146201,-0.9274745739175644,-0.4414039117447983
20.0,54.0,1001.5972290039062,0.8245132444755007,0.1717593457825232,-2.378357160883819,-0.0311660051421765,0.5201670551719506,-0.5719354251496371,0.1201970601601191,-0.6215705967146201,-0.9274745739175644,-0.4414036644927341
20.0,54.0,1001.5980834960938,0.8245129270817401,0.1717593457825232,-2.378357160883819,-0.0311655731935179,0.5201670551719506,-0.5719386226126745,0.1201970601601191,-0.6215705967146201,-0.9274745739175644,-0.4414036567745201
20.0,54.0,1001.5980834960938,0.8245129270817401,0.1717593457825232,-2.378357160883819,-0.0311655731935179,0.5201670551719506,-0.5719386226126745,0.1201970601601191,-0.6215705967146201,-0.9274745739175644,-0.4414036567745201
20.0,54.0,1001.5980834960938,0.8245135575260827,0.1717593457825232,-2.378357160883819,-0.0311657763981166,0.5201670551719506,-0.5719382101970112,0.1201970601601191,-0.6215705967146201,-0.9274745739175644,-0.4414036567745201
20.0,54.0,1001.5982055664062,0.8245132444755007,0.1717593457825232,-2.378357160883819,-0.0311660433052929,0.5201670551719506,-0.5719386226126745,0.1201970601601191,-0.6215705967146201,-0.9274745739175644,-0.4414036567745201
20.0,54.0,1001.5982055664062,0.8245132444755007,0.1717593457825232,-2.378357160883819,-0.0311660433052929,0.5201670551719506,-0.5719386226126745,0.1201970601601191,-0.6215705967146201,-0.9274745739175644,-0.4414036567745201
20.0,54.0,1001.622802734375,0.8244933525227314,0.1717593457825232,-2.378357160883819,-0.0311909432060103,0.5201670551719506,-0.5720199600759424,0.1201970601601191,-0.6215705967146201,-0.9274745739175644,-0.4414036567745201
20.0,54.0,1001.6228637695312,0.8244933525227314,0.1717593457825232,-2.378357160883819,-0.0311909432060103,0.5201670551719506,-0.5720199785099894,0.1201970601601191,-0.6215705967146201,-0.9274745739175644,-0.4414036567745201
20.0,54.0,1001.6228637695312,0.8244933525227314,0.1717593457825232,-2.378357160883819,-0.0311909432060103,0.5201670551719506,-0.572020629403561,0.1201970601601191,-0.6215705967146201,-0.9274745739175644,-0.4414025152054284
20.0,54.0,1001.6229858398438,0.8244933525227314,0.1717593457825232,-2.378357160883819,-0.0311909432060103,0.5201670551719506,-0.572020629403561,0.1201970601601191,-0.6215705967146201,-0.9274745739175644,-0.4414036567745201
20.0,54.0,1001.6229858398438,0.8244933525227314,0.1717593457825232,-2.378357160883819,-0.0311909432060103,0.5201670551719506,-0.572020629403561,0.1201970601601191,-0.6215705967146201,-0.9274745739175644,-0.4414036567745201
20.0,54.0,1001.6229858398438,0.8244933525227314,0.1717593457825232,-2.378357160883819,-0.0311909432060103,0.5201670551719506,-0.572020629403561,0.1201970601601191,-0.6215705967146201,-0.9274745739175644,-0.4414036567745201
20.0,54.0,1001.6229858398438,0.8244933525227314,0.1717593457825232,-2.378357160883819,-0.0311909432060103,0.5201670551719506,-0.572020629403561,0.1201970601601191,-0.6215705967146201,-0.9274745739175644,-0.4414036567745201
20.0,54.0,1001.6229858398438,0.8244933525227314,0.1717593457825232,-2.378357160883819,-0.0311909432060103,0.5201670551719506,-0.572020629403561,0.1201970601601191,-0.6215705967146201,-0.9274745739175644,-0.4414036567745201
20.0,54.0,1001.6229858398438,0.8244933525227314,0.1717593457825232,-2.378357160883819,-0.0311909432060103,0.5201670551719506,-0.572020629403561,0.1201970601601191,-0.6215705967146201,-0.9274745739175644,-0.4414036567745201
20.0,54.0,1001.6229858398438,0.8244933525227314,0.1717593457825232,-2.378357160883819,-0.0311909432060103,0.5201670551719506,-0.572020629403561,0.1201970601601191,-0.6215705967146201,-0.9274745739175644,-0.4414036567745201
20.0,54.0,1001.6229858398438,0.8244933525227314,0.1717593457825232,-2.378357160883819,-0.0311909432060103,0.5201670551719506,-0.572020629403561,0.1201970601601191,-0.6215705967146201,-0.9274745739175644,-0.4414036567745201
20.0,54.0,1001.6229858398438,0.8244933525227314,0.1717593457825232,-2.378357160883819,-0.0311909432060103,0.5201670551719506,-0.572020629403561,0.1201970601601191,-0.6215705967146201,-0.9274745739175644,-0.4414036567745201
20.0,54.0,1001.6229858398438,0.8244933525227314,0.1717593457825232,-2.378357160883819,-0.0311909432060103,0.5201670551719506,-0.572020629403561,0.1201970601601191,-0.6215705967146201,-0.9274745739175644,-0.4414036567745201
20.0,54.0,1001.6229858398438,0.8244933525227314,0.1717593457825232,-2.378357160883819,-0.0311909432060103,0.5201670551719506,-0.572020629403561,0.1201970601601191,-0.6215705967146201,-0.9274745739175644,-0.4414036567745201
20.0,54.0,1001.6229858398438,0.8244933525227314,0.1717593457825232,-2.378357160883819,-0.0311909432060103,0.5201670551719506,-0.572020629403561,0.1201970601601191,-0.6215705967146201,-0.9274745739175644,-0.4414036567745201
20.0,54.0,1001.6229858398438,0.8244933525227314,0.1717593457825232,-2.378357160883819,-0.0311909432060103,0.5201670551719506,-0.572020629403561,0.1201970601601191,-0.6215705967146201,-0.9274745739175644,-0.4414036567745201
20.0,54.0,1001.6229858398438,0.8244933525227314,0.1717593457825232,-2.378357160883819,-0.0311909432060103,0.5201670551719506,-0.572020629403561,0.1201970601601191,-0.6215705967146201,-0.9274745739175644,-0.4414036567745201
20.0,54.0,1001.6229858398438,0.8244933525227314,0.1717593457825232,-2.378357160883819,-0.0311909432060103,0.5201670551719506,-0.572020629403561,0.1201970601601191,-0.6215705967146201,-0.9274745739175644,-0.4414036567745201
20.0,54.0,1001.6229858398438,0.8244933525227314,0.1717593457825232,-2.378357160883819,-0.0311909432060103,0.5201670551719506,-0.572020629403561,0.1201970601601191,-0.6215705967146201,-0.9274745739175644,-0.4414036567745201
20.0,54.0,1001.6229858398438,0.8244933525227314,0.1717593457825232,-2.378357160883819,-0.0311909432060103,0.5201670551719506,-0.572020629403561,0.1201970601601191,-0.6215705967146201,-0.9274745739175644,-0.4414036567745201
20.0,54.0,1001.6229858398438,0.8244933525227314,0.1717593457825232,-2.378357160883819,-0.0311909432060103,0.5201670551719506,-0.572020629403561,0.1201970601601191,-0.6215705967146201,-0.9274745739175644,-0.4414036567745201
20.0,54.0,1001.6229858398438,0.8244933525227314,0.1717593457825232,-2.378357160883819,-0.0311909432060103,0.5201670551719506,-0.572020629403561,0.1201970601601191,-0.6215705967146201,-0.9274745739175644,-0.4414036567745201
20.0,54.0,1001.6229858398438,0.8244933525227314,0.1717593457825232,-2.378357160883819,-0.0311909432060103,0.5201670551719506,-0.572020629403561,0.1201970601601191,-0.6215705967146201,-0.9274745739175644,-0.4414036567745201
20.0,54.0,1001.6229858398438,0.8244933525227314,0.1717593457825232,-2.378357160883819,-0.0311909432060103,0.5201670551719506,-0.572020629403561,0.1201970601601191,-0.6215705967146201,-0.9274745739175644,-0.4414036567745201
20.0,54.0,1001.6229858398438,0.8244933525227314,0.1717593457825232,-2.378357160883819,-0.0311909432060103,0.5201670551719506,-0.572020629403561,0.1201970601601191,-0.6215705967146201,-0.9274745739175644,-0.4414036567745201
20.0,54.0,1001.6229858398438,0.8244933525227314,0.1717593457825232,-2.378357160883819,-0.0311909432060103,0.5201670551719506,-0.572020629403561,0.1201970601601191,-0.6215705967146201,-0.9274745739175644,-0.4414036567745201
20.0,54.0,1001.6229858398438,0.8244933525227314,0.1717593457825232,-2.378357160883819,-0.0311909432060103,0.5201670551719506,-0.572020629403561,0.1201970601601191,-0.6215705967146201,-0.9274745739175644,-0.4414036567745201
20.0,54.0,1001.6229858398438,0.8244933525227314,0.1717593457825232,-2.378357160883819,-0.0311909432060103,0.5201670551719506,-0.572020629403561,0.1201970601601191,-0.6215705967146201,-0.9274745739175644,-0.4414036567745201
20.0,54.0,1001.6229858398438,0.8244933525227314,0.1717593457825232,-2.378357160883819,-0.0311909432060103,0.5201670551719506,-0.572020629403561,0.1201970601601191,-0.6215705967146201,-0.9274745739175644,-0.4414036567745201
20.0,54.0,1001.6229858398438,0.8244933525227314,0.1717593457825232,-2.378357160883819,-0.0311909432060103,0.5201670551719506,-0.572020629403561,0.1201970601601191,-0.6215705967146201,-0.9274745739175644,-0.4414036567745201
20.0,54.0,1001.6229858398438,0.8244933525227314,0.1717593457825232,-2.378357160883819,-0.0311909432060103,0.5201670551719506,-0.572020629403561,0.1201970601601191,-0.6215705967146201,-0.9274745739175644,-0.4414036567745201
20.0,54.0,1001.6229858398438,0.8244933525227314,0.1717593457825232,-2.378357160883819,-0.0311909432060103,0.5201670551719506,-0.572020629403561,0.1201970601601191,-0.6215705967146201,-0.9274745739175644,-0.4414036567745201
20.0,54.0,1001.6229858398438,0.8244933525227314,0.1717593457825232,-2.378357160883819,-0.0311909432060103,0.5201670551719506,-0.572020629403561,0.1201970601601191,-0.6215705967146201,-0.9274745739175644,-0.4414036567745201
20.0,54.0,1001.6229858398438,0.8244933525227314,0.1717593457825232,-2.378357160883819,-0.0311909432060103,0.5201670551719506,-0.572020629403561,0.1201970601601191,-0.6215705967146201,-0.9274745739175644,-0.4414036567745201
20.0,55.0,1001.5572509765624,0.8244951589937176,0.1717593457825232,-2.378357160883819,-0.0311909432060103,0.5201670551719506,-0.5719348555576191,0.1201970601601191,-0.6215705967146201,-0.9274745739175644,-0.4411493099296356
20.0,55.0,1001.5585327148438,0.8245132898288371,0.1717593457825232,-2.378357160883819,-0.0311660051421765,0.5201670551719506,-0.5719346046834108,0.1201970601601191,-0.6215705967146201,-0.9274745739175644,-0.4411546342657784
20.0,55.0,1001.5592041015624,0.8244933525227314,0.1717593457825232,-2.378357160883819,-0.0311909432060103,0.5201670551719506,-0.5719386270978928,0.1201970601601191,-0.6215705967146201,-0.9274745739175644,-0.4411568588401345
20.0,55.0,1001.5791625976562,0.8244933377583699,0.1717593457825232,-2.378357160883819,-0.0311909390552555,0.5201670551719506,-0.572015347536993,0.1201970601601191,-0.6215705967146201,-0.9274745739175644,-0.4411343216329937
20.0,55.0,1001.5808715820312,0.824493338466423,0.1717593457825232,-2.378357160883819,-0.0311909390552555,0.5201670551719506,-0.5720206531202542,0.1201970601601191,-0.6215705967146201,-0.9274745739175644,-0.4411343216329937
20.0,55.0,1001.5812377929688,0.824493705301245,0.1717593457825232,-2.378357160883819,-0.0311906027580773,0.5201670551719506,-0.572015347536993,0.1201970601601191,-0.6215705967146201,-0.9274745739175644,-0.4411477382353673
20.0,55.0,1001.5814819335938,0.824493705301245,0.1717593457825232,-2.378357160883819,-0.0311906049716392,0.5201670551719506,-0.572015347536993,0.1201970601601191,-0.6215705967146201,-0.9274745739175644,-0.4411493204623693
20.0,55.0,1001.5814819335938,0.8244933518146782,0.1717593457825232,-2.378357160883819,-0.0311909432060103,0.5201670551719506,-0.5720153238202997,0.1201970601601191,-0.6215705967146201,-0.9274745739175644,-0.4411493099296356
20.0,55.0,1001.5830688476562,0.8244933525227314,0.1717593457825232,-2.378357160883819,-0.0311909432060103,0.5201670551719506,-0.572020629403561,0.1201970601601191,-0.6215705967146201,-0.9274745739175644,-0.4411493099296356
20.0,55.0,1001.5842895507812,0.8244933525227314,0.1717593457825232,-2.378357160883819,-0.0311909432060103,0.5201670551719506,-0.572020629403561,0.1201970601601191,-0.6215705967146201,-0.9274745739175644,-0.4411568588401345
20.0,55.0,1001.5842895507812,0.8244933525227314,0.1717593457825232,-2.378357160883819,-0.0311909432060103,0.5201670551719506,-0.572020629403561,0.1201970601601191,-0.6215705967146201,-0.9274745739175644,-0.4411568588401345
20.0,55.0,1001.5842895507812,0.8244933525227314,0.1717593457825232,-2.378357160883819,-0.0311909432060103,0.5201670551719506,-0.572020629403561,0.1201970601601191,-0.6215705967146201,-0.9274745739175644,-0.4411568588401345
20.0,55.0,1001.5842895507812,0.8244933525227314,0.1717593457825232,-2.378357160883819,-0.0311909432060103,0.5201670551719506,-0.572020629403561,0.1201970601601191,-0.6215705967146201,-0.9274745739175644,-0.4411568588401345
20.0,55.0,1001.5844116210938,0.8244933525227314,0.1717593457825232,-2.378357160883819,-0.0311909432060103,0.5201670551719506,-0.572020629403561,0.1201970601601191,-0.6215705967146201,-0.9274745739175644,-0.4411580004092262
20.0,55.0,1001.584716796875,0.8244933525227314,0.1717593457825232,-2.378357160883819,-0.0311909432060103,0.5201670551719506,-0.572020629403561,0.1201970601601191,-0.6215705967146201,-0.9274745739175644,-0.4411602716580078
20.0,55.0,1001.5847778320312,0.8244933525227314,0.1717593457825232,-2.378357160883819,-0.0311909432060103,0.5201670551719506,-0.572020629403561,0.1201970601601191,-0.6215705967146201,-0.9274745739175644,-0.4411605596061994
20.0,55.0,1001.59326171875,0.8244933525227314,0.1717593457825232,-2.378357160883819,-0.0311676858200013,0.5201670551719506,-0.5719353291054634,0.1201970601601191,-0.6215705967146201,-0.9274745739175644,-0.4414039117447983
20.0,55.0,1001.59326171875,0.8244933525227314,0.1717593457825232,-2.378357160883819,-0.0311676858200013,0.5201670551719506,-0.5719353291054634,0.1201970601601191,-0.6215705967146201,-0.9274745739175644,-0.4414039117447983
20.0,55.0,1001.59423828125,0.8244933525227314,0.1717593457825232,-2.378357160883819,-0.0311682820312237,0.5201670551719506,-0.571938231797235,0.1201970601601191,-0.6215705967146201,-0.9274745739175644,-0.4414036546306427
20.0,55.0,1001.5968017578124,0.8244933525227314,0.1717593457825232,-2.378357160883819,-0.0311909432060103,0.5201670551719506,-0.5719381047716146,0.1201970601601191,-0.6215705967146201,-0.9274745739175644,-0.4414025152054284
20.0,55.0,1001.5972290039062,0.8245132444755007,0.1717593457825232,-2.378357160883819,-0.0311660051421765,0.5201670551719506,-0.5719354251496371,0.1201970601601191,-0.6215705967146201,-0.9274745739175644,-0.4414036644927341
20.0,55.0,1001.5980834960938,0.8245129270817401,0.1717593457825232,-2.378357160883819,-0.0311655731935179,0.5201670551719506,-0.5719386226126745,0.1201970601601191,-0.6215705967146201,-0.9274745739175644,-0.4414036567745201
20.0,55.0,1001.5980834960938,0.8245129270817401,0.1717593457825232,-2.378357160883819,-0.0311655731935179,0.5201670551719506,-0.5719386226126745,0.1201970601601191,-0.6215705967146201,-0.9274745739175644,-0.4414036567745201
20.0,55.0,1001.5980834960938,0.8245135575260827,0.1717593457825232,-2.378357160883819,-0.0311657763981166,0.5201670551719506,-0.5719382101970112,0.1201970601601191,-0.6215705967146201,-0.9274745739175644,-0.4414036567745201
20.0,55.0,1001.5980834960938,0.8245135575260827,0.1717593457825232,-2.378357160883819,-0.0311657762837565,0.5201670551719506,-0.5719382180730733,0.1201970601601191,-0.6215705967146201,-0.9274745739175644,-0.4414036567745201
20.0,55.0,1001.5980834960938,0.8245132444755007,0.1717593457825232,-2.378357160883819,-0.0311660433052929,0.5201670551719506,-0.5719382122400194,0.1201970601601191,-0.6215705967146201,-0.9274745739175644,-0.4414036567745201
20.0,55.0,1001.5982055664062,0.8245132444755007,0.1717593457825232,-2.378357160883819,-0.0311660433052929,0.5201670551719506,-0.5719386226126745,0.1201970601601191,-0.6215705967146201,-0.9274745739175644,-0.4414036567745201
20.0,55.0,1001.5982055664062,0.8245132444755007,0.1717593457825232,-2.378357160883819,-0.0311660433052929,0.5201670551719506,-0.5719386226126745,0.1201970601601191,-0.6215705967146201,-0.9274745739175644,-0.4414036567745201
20.0,55.0,1001.5982055664062,0.8245131834301929,0.1717593457825232,-2.378357160883819,-0.0311660433052929,0.5201670551719506,-0.5719386226126745,0.1201970601601191,-0.6215705967146201,-0.9274745739175644,-0.4414036567745201
20.0,55.0,1001.6202392578124,0.8244933525227314,0.1717593457825232,-2.378357160883819,-0.0311676858200013,0.5201670551719506,-0.5720207875027918,0.1201970601601191,-0.6215705967146201,-0.9274745739175644,-0.4414039117447983
20.0,55.0,1001.6214599609376,0.8244933525227314,0.1717593457825232,-2.378357160883819,-0.0311909432060103,0.5201670551719506,-0.572020629403561,0.1201970601601191,-0.6215705967146201,-0.9274745739175644,-0.4413939112841002
20.0,55.0,1001.6220703125,0.8244933525227314,0.1717593457825232,-2.378357160883819,-0.0311903469947879,0.5201670551719506,-0.5720177267117894,0.1201970601601191,-0.6215705967146201,-0.9274745739175644,-0.4414039138886756
20.0,55.0,1001.622802734375,0.8244933525227314,0.1717593457825232,-2.378357160883819,-0.0311909432060103,0.5201670551719506,-0.5720199600759424,0.1201970601601191,-0.6215705967146201,-0.9274745739175644,-0.4414036567745201
20.0,55.0,1001.6228637695312,0.8244933525227314,0.1717593457825232,-2.378357160883819,-0.0311909432060103,0.5201670551719506,-0.5720199785099894,0.1201970601601191,-0.6215705967146201,-0.9274745739175644,-0.4414036567745201
20.0,55.0,1001.6228637695312,0.8244933525227314,0.1717593457825232,-2.378357160883819,-0.0311909432060103,0.5201670551719506,-0.572020629403561,0.1201970601601191,-0.6215705967146201,-0.9274745739175644,-0.4414025152054284
20.0,55.0,1001.6229858398438,0.8244933525227314,0.1717593457825232,-2.378357160883819,-0.0311909432060103,0.5201670551719506,-0.572020629403561,0.1201970601601191,-0.6215705967146201,-0.9274745739175644,-0.4414036567745201
20.0,55.0,1001.6229858398438,0.8244933525227314,0.1717593457825232,-2.378357160883819,-0.0311909432060103,0.5201670551719506,-0.572020629403561,0.1201970601601191,-0.6215705967146201,-0.9274745739175644,-0.4414036567745201
20.0,55.0,1001.6229858398438,0.8244933525227314,0.1717593457825232,-2.378357160883819,-0.0311909432060103,0.5201670551719506,-0.572020629403561,0.1201970601601191,-0.6215705967146201,-0.9274745739175644,-0.4414036567745201
20.0,55.0,1001.6229858398438,0.8244933525227314,0.1717593457825232,-2.378357160883819,-0.0311909432060103,0.5201670551719506,-0.572020629403561,0.1201970601601191,-0.6215705967146201,-0.9274745739175644,-0.4414036567745201
20.0,55.0,1001.6229858398438,0.8244933525227314,0.1717593457825232,-2.378357160883819,-0.0311909432060103,0.5201670551719506,-0.572020629403561,0.1201970601601191,-0.6215705967146201,-0.9274745739175644,-0.4414036567745201
20.0,55.0,1001.6229858398438,0.8244933525227314,0.1717593457825232,-2.378357160883819,-0.0311909432060103,0.5201670551719506,-0.572020629403561,0.1201970601601191,-0.6215705967146201,-0.9274745739175644,-0.4414036567745201
20.0,55.0,1001.6229858398438,0.8244933525227314,0.1717593457825232,-2.378357160883819,-0.0311909432060103,0.5201670551719506,-0.572020629403561,0.1201970601601191,-0.6215705967146201,-0.9274745739175644,-0.4414036567745201
20.0,55.0,1001.6229858398438,0.8244933525227314,0.1717593457825232,-2.378357160883819,-0.0311909432060103,0.5201670551719506,-0.572020629403561,0.1201970601601191,-0.6215705967146201,-0.9274745739175644,-0.4414036567745201
20.0,55.0,1001.6229858398438,0.8244933525227314,0.1717593457825232,-2.378357160883819,-0.0311909432060103,0.5201670551719506,-0.572020629403561,0.1201970601601191,-0.6215705967146201,-0.9274745739175644,-0.4414036567745201
20.0,55.0,1001.6229858398438,0.8244933525227314,0.1717593457825232,-2.378357160883819,-0.0311909432060103,0.5201670551719506,-0.572020629403561,0.1201970601601191,-0.6215705967146201,-0.9274745739175644,-0.4414036567745201
20.0,55.0,1001.6229858398438,0.8244933525227314,0.1717593457825232,-2.378357160883819,-0.0311909432060103,0.5201670551719506,-0.572020629403561,0.1201970601601191,-0.6215705967146201,-0.9274745739175644,-0.4414036567745201
20.0,55.0,1001.6229858398438,0.8244933525227314,0.1717593457825232,-2.378357160883819,-0.0311909432060103,0.5201670551719506,-0.572020629403561,0.1201970601601191,-0.6215705967146201,-0.9274745739175644,-0.4414036567745201
20.0,55.0,1001.6229858398438,0.8244933525227314,0.1717593457825232,-2.378357160883819,-0.0311909432060103,0.5201670551719506,-0.572020629403561,0.1201970601601191,-0.6215705967146201,-0.9274745739175644,-0.4414036567745201
20.0,55.0,1001.6229858398438,0.8244933525227314,0.1717593457825232,-2.378357160883819,-0.0311909432060103,0.5201670551719506,-0.572020629403561,0.1201970601601191,-0.6215705967146201,-0.9274745739175644,-0.4414036567745201
20.0,55.0,1001.6229858398438,0.8244933525227314,0.1717593457825232,-2.378357160883819,-0.0311909432060103,0.5201670551719506,-0.572020629403561,0.1201970601601191,-0.6215705967146201,-0.9274745739175644,-0.4414036567745201
20.0,56.0,1001.5567626953124,0.8244933377583699,0.1717593457825232,-2.378357160883819,-0.0311909390552555,0.5201670551719506,-0.571942114991045,0.1201970601601191,-0.6215705967146201,-0.9274745739175644,-0.4411333508361855
20.0,56.0,1001.5572509765624,0.8244951589937176,0.1717593457825232,-2.378357160883819,-0.0311909432060103,0.5201670551719506,-0.5719348555576191,0.1201970601601191,-0.6215705967146201,-0.9274745739175644,-0.4411493099296356
20.0,56.0,1001.5572509765624,0.82449520549636,0.1717593457825232,-2.378357160883819,-0.0311909432060103,0.5201670551719506,-0.5719348555576191,0.1201970601601191,-0.6215705967146201,-0.9274745739175644,-0.4411493099296356
20.0,56.0,1001.5579833984376,0.8244933525227314,0.1717593457825232,-2.378357160883819,-0.0311909432060103,0.5201670551719506,-0.5719386270978928,0.1201970601601191,-0.6215705967146201,-0.9274745739175644,-0.441148800228508
20.0,56.0,1001.5585327148438,0.8245132898288371,0.1717593457825232,-2.378357160883819,-0.0311660051421765,0.5201670551719506,-0.5719346046834108,0.1201970601601191,-0.6215705967146201,-0.9274745739175644,-0.4411546342657784
20.0,56.0,1001.5592041015624,0.8244933525227314,0.1717593457825232,-2.378357160883819,-0.0311909432060103,0.5201670551719506,-0.5719386270978928,0.1201970601601191,-0.6215705967146201,-0.9274745739175644,-0.4411568588401345
20.0,56.0,1001.559814453125,0.8245128117788951,0.1717593457825232,-2.378357160883819,-0.0311667297813267,0.5201670551719506,-0.5719419163321626,0.1201970601601191,-0.6215705967146201,-0.9274745739175644,-0.4411477382353673
20.0,56.0,1001.5790405273438,0.824493338466423,0.1717593457825232,-2.378357160883819,-0.0311909390552555,0.5201670551719506,-0.5720149771111287,0.1201970601601191,-0.6215705967146201,-0.9274745739175644,-0.4411343216329937
20.0,56.0,1001.5791625976562,0.8244933377583699,0.1717593457825232,-2.378357160883819,-0.0311909390552555,0.5201670551719506,-0.572015347536993,0.1201970601601191,-0.6215705967146201,-0.9274745739175644,-0.4411343216329937
20.0,56.0,1001.5791625976562,0.8244933527132507,0.1717593457825232,-2.378357160883819,-0.0311909390216255,0.5201670551719506,-0.5720153636157466,0.1201970601601191,-0.6215705967146201,-0.9274745739175644,-0.4411344641817081
20.0,56.0,1001.5807495117188,0.8244932919637807,0.1717593457825232,-2.378357160883819,-0.0311909390552555,0.5201670551719506,-0.5720206531202542,0.1201970601601191,-0.6215705967146201,-0.9274745739175644,-0.4411343216329937
20.0,56.0,1001.5808715820312,0.824493338466423,0.1717593457825232,-2.378357160883819,-0.0311909390552555,0.5201670551719506,-0.5720206531202542,0.1201970601601191,-0.6215705967146201,-0.9274745739175644,-0.4411343216329937
20.0,56.0,1001.5809326171876,0.8244933525227314,0.1717593457825232,-2.378357160883819,-0.0311672610991537,0.5201670551719506,-0.572020629403561,0.1201970601601191,-0.6215705967146201,-0.9274745739175644,-0.4411540173975963
20.0,56.0,1001.5811157226562,0.8245132898288371,0.1717593457825232,-2.378357160883819,-0.0311660051421765,0.5201670551719506,-0.572007837229359,0.1201970601601191,-0.6215705967146201,-0.9274745739175644,-0.4411556050625866
20.0,56.0,1001.5812377929688,0.824493705301245,0.1717593457825232,-2.378357160883819,-0.0311906027580773,0.5201670551719506,-0.572015347536993,0.1201970601601191,-0.6215705967146201,-0.9274745739175644,-0.4411477382353673
20.0,56.0,1001.5814819335938,0.824493705301245,0.1717593457825232,-2.378357160883819,-0.0311906049716392,0.5201670551719506,-0.572015347536993,0.1201970601601191,-0.6215705967146201,-0.9274745739175644,-0.4411493204623693
20.0,56.0,1001.5814819335938,0.8244933518146782,0.1717593457825232,-2.378357160883819,-0.0311909432060103,0.5201670551719506,-0.5720153238202997,0.1201970601601191,-0.6215705967146201,-0.9274745739175644,-0.4411493099296356
20.0,56.0,1001.5824584960938,0.824493705301245,0.1717593457825232,-2.378357160883819,-0.0311906027580773,0.5201670551719506,-0.572015347536993,0.1201970601601191,-0.6215705967146201,-0.9274745739175644,-0.4411557968469938
20.0,56.0,1001.58251953125,0.8245126343423554,0.1717593457825232,-2.378357160883819,-0.0311677231643271,0.5201670551719506,-0.572015347536993,0.1201970601601191,-0.6215705967146201,-0.9274745739175644,-0.4411493204623693
20.0,56.0,1001.5830688476562,0.8244933525227314,0.1717593457825232,-2.378357160883819,-0.0311909432060103,0.5201670551719506,-0.572020629403561,0.1201970601601191,-0.6215705967146201,-0.9274745739175644,-0.4411493099296356
20.0,56.0,1001.5830688476562,0.8244933525227314,0.1717593457825232,-2.378357160883819,-0.0311909432060103,0.5201670551719506,-0.572020629403561,0.1201970601601191,-0.6215705967146201,-0.9274745739175644,-0.4411493099296356
20.0,56.0,1001.5842895507812,0.8244933525227314,0.1717593457825232,-2.378357160883819,-0.0311909432060103,0.5201670551719506,-0.572020629403561,0.1201970601601191,-0.6215705967146201,-0.9274745739175644,-0.4411568588401345
20.0,56.0,1001.5842895507812,0.8244933525227314,0.1717593457825232,-2.378357160883819,-0.0311909432060103,0.5201670551719506,-0.572020629403561,0.1201970601601191,-0.6215705967146201,-0.9274745739175644,-0.4411568588401345
20.0,56.0,1001.5842895507812,0.8244933525227314,0.1717593457825232,-2.378357160883819,-0.0311909432060103,0.5201670551719506,-0.572020629403561,0.1201970601601191,-0.6215705967146201,-0.9274745739175644,-0.4411568588401345
20.0,56.0,1001.5842895507812,0.8244933525227314,0.1717593457825232,-2.378357160883819,-0.0311909432060103,0.5201670551719506,-0.572020629403561,0.1201970601601191,-0.6215705967146201,-0.9274745739175644,-0.4411568588401345
20.0,56.0,1001.5842895507812,0.8244933525227314,0.1717593457825232,-2.378357160883819,-0.0311909432060103,0.5201670551719506,-0.572020629403561,0.1201970601601191,-0.6215705967146201,-0.9274745739175644,-0.4411568588401345
20.0,56.0,1001.5842895507812,0.8244933525227314,0.1717593457825232,-2.378357160883819,-0.0311909432060103,0.5201670551719506,-0.572020629403561,0.1201970601601191,-0.6215705967146201,-0.9274745739175644,-0.4411568588401345
20.0,56.0,1001.5842895507812,0.8244933525227314,0.1717593457825232,-2.378357160883819,-0.0311909432060103,0.5201670551719506,-0.572020629403561,0.1201970601601191,-0.6215705967146201,-0.9274745739175644,-0.4411568588401345
20.0,56.0,1001.5844116210938,0.8244933525227314,0.1717593457825232,-2.378357160883819,-0.0311909432060103,0.5201670551719506,-0.572020629403561,0.1201970601601191,-0.6215705967146201,-0.9274745739175644,-0.4411580004092262
20.0,56.0,1001.5844116210938,0.8244933525227314,0.1717593457825232,-2.378357160883819,-0.0311909432060103,0.5201670551719506,-0.572020629403561,0.1201970601601191,-0.6215705967146201,-0.9274745739175644,-0.4411580004092262
20.0,56.0,1001.584716796875,0.8244933525227314,0.1717593457825232,-2.378357160883819,-0.0311909432060103,0.5201670551719506,-0.572020629403561,0.1201970601601191,-0.6215705967146201,-0.9274745739175644,-0.4411602716580078
20.0,56.0,1001.5847778320312,0.8244933525227314,0.1717593457825232,-2.378357160883819,-0.0311909432060103,0.5201670551719506,-0.572020629403561,0.1201970601601191,-0.6215705967146201,-0.9274745739175644,-0.4411605596061994
20.0,56.0,1001.59326171875,0.8244933525227314,0.1717593457825232,-2.378357160883819,-0.0311676858200013,0.5201670551719506,-0.5719353291054634,0.1201970601601191,-0.6215705967146201,-0.9274745739175644,-0.4414039117447983
20.0,56.0,1001.59326171875,0.8244933525227314,0.1717593457825232,-2.378357160883819,-0.0311676858200013,0.5201670551719506,-0.5719353291054634,0.1201970601601191,-0.6215705967146201,-0.9274745739175644,-0.4414039117447983
20.0,56.0,1001.59326171875,0.8244933525227314,0.1717593457825232,-2.378357160883819,-0.0311676858200013,0.5201670551719506,-0.5719353291054634,0.1201970601601191,-0.6215705967146201,-0.9274745739175644,-0.4414039117447983
20.0,56.0,1001.59423828125,0.8244933525227314,0.1717593457825232,-2.378357160883819,-0.0311682820312237,0.5201670551719506,-0.571938231797235,0.1201970601601191,-0.6215705967146201,-0.9274745739175644,-0.4414036546306427
20.0,56.0,1001.5942993164062,0.8244933525227314,0.1717593457825232,-2.378357160883819,-0.0311682820312237,0.5201670551719506,-0.571938231797235,0.1201970601601191,-0.6215705967146201,-0.9274745739175644,-0.441403906638914
20.0,56.0,1001.5960693359376,0.8244943154343902,0.1717593457825232,-2.378357160883819,-0.0311888869494887,0.5201670551719506,-0.5719354251496371,0.1201970601601191,-0.6215705967146201,-0.9274745739175644,-0.4414036644927341
20.0,56.0,1001.5967407226562,0.8244933525227314,0.1717593457825232,-2.378357160883819,-0.0311909432060103,0.5201670551719506,-0.5719423041617356,0.1201970601601191,-0.6215705967146201,-0.9274745739175644,-0.4413939112841002
20.0,56.0,1001.5968017578124,0.8244933525227314,0.1717593457825232,-2.378357160883819,-0.0311909432060103,0.5201670551719506,-0.5719381047716146,0.1201970601601191,-0.6215705967146201,-0.9274745739175644,-0.4414025152054284
20.0,56.0,1001.5972290039062,0.8245132444755007,0.1717593457825232,-2.378357160883819,-0.0311660051421765,0.5201670551719506,-0.5719354251496371,0.1201970601601191,-0.6215705967146201,-0.9274745739175644,-0.4414036644927341
20.0,56.0,1001.5980834960938,0.8245129270817401,0.1717593457825232,-2.378357160883819,-0.0311655731935179,0.5201670551719506,-0.5719386226126745,0.1201970601601191,-0.6215705967146201,-0.9274745739175644,-0.4414036567745201
20.0,56.0,1001.5980834960938,0.8245129270817401,0.1717593457825232,-2.378357160883819,-0.0311655731935179,0.5201670551719506,-0.5719386226126745,0.1201970601601191,-0.6215705967146201,-0.9274745739175644,-0.4414036567745201
20.0,56.0,1001.5980834960938,0.8245135575260827,0.1717593457825232,-2.378357160883819,-0.0311657763981166,0.5201670551719506,-0.5719382101970112,0.1201970601601191,-0.6215705967146201,-0.9274745739175644,-0.4414036567745201
20.0,56.0,1001.5980834960938,0.8245135575260827,0.1717593457825232,-2.378357160883819,-0.0311657762837565,0.5201670551719506,-0.5719382180730733,0.1201970601601191,-0.6215705967146201,-0.9274745739175644,-0.4414036567745201
20.0,56.0,1001.5980834960938,0.8245132444755007,0.1717593457825232,-2.378357160883819,-0.0311660433052929,0.5201670551719506,-0.5719382122400194,0.1201970601601191,-0.6215705967146201,-0.9274745739175644,-0.4414036567745201
20.0,56.0,1001.5982055664062,0.8245132444755007,0.1717593457825232,-2.378357160883819,-0.0311660433052929,0.5201670551719506,-0.5719386226126745,0.1201970601601191,-0.6215705967146201,-0.9274745739175644,-0.4414036567745201
20.0,56.0,1001.5982055664062,0.8245132444755007,0.1717593457825232,-2.378357160883819,-0.0311660433052929,0.5201670551719506,-0.5719386226126745,0.1201970601601191,-0.6215705967146201,-0.9274745739175644,-0.4414036567745201
20.0,56.0,1001.5982055664062,0.8245131834301929,0.1717593457825232,-2.378357160883819,-0.0311660433052929,0.5201670551719506,-0.5719386226126745,0.1201970601601191,-0.6215705967146201,-0.9274745739175644,-0.4414036567745201
20.0,56.0,1001.5982055664062,0.8245132444755007,0.1717593457825232,-2.378357160883819,-0.0311660433052929,0.5201670551719506,-0.5719386226126745,0.1201970601601191,-0.6215705967146201,-0.9274745739175644,-0.4414036567745201
20.0,57.0,1001.5567626953124,0.8244933377583699,0.1717593457825232,-2.378357160883819,-0.0311909390552555,0.5201670551719506,-0.571942114991045,0.1201970601601191,-0.6215705967146201,-0.9274745739175644,-0.4411333508361855
20.0,57.0,1001.5572509765624,0.8244951589937176,0.1717593457825232,-2.378357160883819,-0.0311909432060103,0.5201670551719506,-0.5719348555576191,0.1201970601601191,-0.6215705967146201,-0.9274745739175644,-0.4411493099296356
20.0,57.0,1001.5572509765624,0.82449520549636,0.1717593457825232,-2.378357160883819,-0.0311909432060103,0.5201670551719506,-0.5719348555576191,0.1201970601601191,-0.6215705967146201,-0.9274745739175644,-0.4411493099296356
20.0,57.0,1001.5572509765624,0.82449520549636,0.1717593457825232,-2.378357160883819,-0.0311909392677069,0.5201670551719506,-0.571934899505163,0.1201970601601191,-0.6215705967146201,-0.9274745739175644,-0.4411493099296356
20.0,57.0,1001.557373046875,0.8244953803727547,0.1717593457825232,-2.378357160883819,-0.0311913707115009,0.5201670551719506,-0.5719348555576191,0.1201970601601191,-0.6215705967146201,-0.9274745739175644,-0.4411493099296356
20.0,57.0,1001.5575561523438,0.8244933525227314,0.1717593457825232,-2.378357160883819,-0.0311909432060103,0.5201670551719506,-0.5719351237909768,0.1201970601601191,-0.6215705967146201,-0.9274745739175644,-0.4411533034938625
20.0,57.0,1001.5579833984376,0.8244933525227314,0.1717593457825232,-2.378357160883819,-0.0311909432060103,0.5201670551719506,-0.5719386270978928,0.1201970601601191,-0.6215705967146201,-0.9274745739175644,-0.441148800228508
20.0,57.0,1001.5585327148438,0.8245132898288371,0.1717593457825232,-2.378357160883819,-0.0311660051421765,0.5201670551719506,-0.5719346046834108,0.1201970601601191,-0.6215705967146201,-0.9274745739175644,-0.4411546342657784
20.0,57.0,1001.5592041015624,0.8244933525227314,0.1717593457825232,-2.378357160883819,-0.0311909432060103,0.5201670551719506,-0.5719386270978928,0.1201970601601191,-0.6215705967146201,-0.9274745739175644,-0.4411568588401345
20.0,57.0,1001.5592041015624,0.8244933525227314,0.1717593457825232,-2.378357160883819,-0.0311909432060103,0.5201670551719506,-0.5719386270978928,0.1201970601601191,-0.6215705967146201,-0.9274745739175644,-0.4411568588401345
20.0,57.0,1001.559814453125,0.8245128117788951,0.1717593457825232,-2.378357160883819,-0.0311667297813267,0.5201670551719506,-0.5719419163321626,0.1201970601601191,-0.6215705967146201,-0.9274745739175644,-0.4411477382353673
20.0,57.0,1001.5786743164062,0.8244933872707735,0.1717593457825232,-2.378357160883819,-0.0311930325860106,0.5201670551719506,-0.5720126903986278,0.1201970601601191,-0.6215705967146201,-0.9274745739175644,-0.4411343216329937
20.0,57.0,1001.5790405273438,0.824493338466423,0.1717593457825232,-2.378357160883819,-0.0311909390552555,0.5201670551719506,-0.5720149771111287,0.1201970601601191,-0.6215705967146201,-0.9274745739175644,-0.4411343216329937
20.0,57.0,1001.5791625976562,0.8244933377583699,0.1717593457825232,-2.378357160883819,-0.0311909390552555,0.5201670551719506,-0.572015347536993,0.1201970601601191,-0.6215705967146201,-0.9274745739175644,-0.4411343216329937
20.0,57.0,1001.5791625976562,0.8244933527132507,0.1717593457825232,-2.378357160883819,-0.0311909390216255,0.5201670551719506,-0.5720153636157466,0.1201970601601191,-0.6215705967146201,-0.9274745739175644,-0.4411344641817081
20.0,57.0,1001.5807495117188,0.8244932919637807,0.1717593457825232,-2.378357160883819,-0.0311909390552555,0.5201670551719506,-0.5720206531202542,0.1201970601601191,-0.6215705967146201,-0.9274745739175644,-0.4411343216329937
20.0,57.0,1001.580810546875,0.8244932913001828,0.1717593457825232,-2.378357160883819,-0.031190943045344,0.5201670551719506,-0.5720206001493648,0.1201970601601191,-0.6215705967146201,-0.9274745739175644,-0.4411343216329937
20.0,57.0,1001.5808715820312,0.824493338466423,0.1717593457825232,-2.378357160883819,-0.0311909390552555,0.5201670551719506,-0.5720206531202542,0.1201970601601191,-0.6215705967146201,-0.9274745739175644,-0.4411343216329937
20.0,57.0,1001.5808715820312,0.824493338678354,0.1717593457825232,-2.378357160883819,-0.0311909432481777,0.5201670551719506,-0.5720206546621396,0.1201970601601191,-0.6215705967146201,-0.9274745739175644,-0.4411343216329937
20.0,57.0,1001.5809326171876,0.8244933525227314,0.1717593457825232,-2.378357160883819,-0.0311672610991537,0.5201670551719506,-0.572020629403561,0.1201970601601191,-0.6215705967146201,-0.9274745739175644,-0.4411540173975963
20.0,57.0,1001.5809326171876,0.8244933525227314,0.1717593457825232,-2.378357160883819,-0.0311672610991537,0.5201670551719506,-0.572020629403561,0.1201970601601191,-0.6215705967146201,-0.9274745739175644,-0.4411540173975963
20.0,57.0,1001.5811157226562,0.8245132898288371,0.1717593457825232,-2.378357160883819,-0.0311660051421765,0.5201670551719506,-0.572007837229359,0.1201970601601191,-0.6215705967146201,-0.9274745739175644,-0.4411556050625866
20.0,57.0,1001.5811157226562,0.8245132898288371,0.1717593457825232,-2.378357160883819,-0.0311660051421765,0.5201670551719506,-0.572007837229359,0.1201970601601191,-0.6215705967146201,-0.9274745739175644,-0.4411556050625866
20.0,57.0,1001.5812377929688,0.824493705301245,0.1717593457825232,-2.378357160883819,-0.0311906027580773,0.5201670551719506,-0.572015347536993,0.1201970601601191,-0.6215705967146201,-0.9274745739175644,-0.4411477382353673
20.0,57.0,1001.5813598632812,0.8244933393039686,0.1717593457825232,-2.378357160883819,-0.0311909390552555,0.5201670551719506,-0.5720149771111287,0.1201970601601191,-0.6215705967146201,-0.9274745739175644,-0.4411490151612611
20.0,57.0,1001.5814819335938,0.824493705301245,0.1717593457825232,-2.378357160883819,-0.0311906049716392,0.5201670551719506,-0.572015347536993,0.1201970601601191,-0.6215705967146201,-0.9274745739175644,-0.4411493204623693
20.0,57.0,1001.5814819335938,0.8244933518146782,0.1717593457825232,-2.378357160883819,-0.0311909432060103,0.5201670551719506,-0.5720153238202997,0.1201970601601191,-0.6215705967146201,-0.9274745739175644,-0.4411493099296356
20.0,57.0,1001.5814819335938,0.824493705301245,0.1717593457825232,-2.378357160883819,-0.0311906049716392,0.5201670551719506,-0.572015347536993,0.1201970601601191,-0.6215705967146201,-0.9274745739175644,-0.4411493204623693
20.0,57.0,1001.5814819335938,0.824493352478276,0.1717593457825232,-2.378357160883819,-0.0311909392159217,0.5201670551719506,-0.5720153767911891,0.1201970601601191,-0.6215705967146201,-0.9274745739175644,-0.4411493099296356
20.0,57.0,1001.58154296875,0.824493705301245,0.1717593457825232,-2.378357160883819,-0.0311906028316326,0.5201670551719506,-0.572015347536993,0.1201970601601191,-0.6215705967146201,-0.9274745739175644,-0.4411494354590657
20.0,57.0,1001.5824584960938,0.824493705301245,0.1717593457825232,-2.378357160883819,-0.0311906027580773,0.5201670551719506,-0.572015347536993,0.1201970601601191,-0.6215705967146201,-0.9274745739175644,-0.4411557968469938
20.0,57.0,1001.5824584960938,0.824493705301245,0.1717593457825232,-2.378357160883819,-0.0311906048980839,0.5201670551719506,-0.572015347536993,0.1201970601601191,-0.6215705967146201,-0.9274745739175644,-0.4411556818502975
20.0,57.0,1001.58251953125,0.8245126343423554,0.1717593457825232,-2.378357160883819,-0.0311677231643271,0.5201670551719506,-0.572015347536993,0.1201970601601191,-0.6215705967146201,-0.9274745739175644,-0.4411493204623693
20.0,57.0,1001.58251953125,0.8245126343423554,0.1717593457825232,-2.378357160883819,-0.0311677231643271,0.5201670551719506,-0.572015347536993,0.1201970601601191,-0.6215705967146201,-0.9274745739175644,-0.4411493204623693
20.0,57.0,1001.5830688476562,0.8244933525227314,0.1717593457825232,-2.378357160883819,-0.0311909432060103,0.5201670551719506,-0.572020629403561,0.1201970601601191,-0.6215705967146201,-0.9274745739175644,-0.4411493099296356
20.0,57.0,1001.5830688476562,0.8244933525227314,0.1717593457825232,-2.378357160883819,-0.0311909432060103,0.5201670551719506,-0.572020629403561,0.1201970601601191,-0.6215705967146201,-0.9274745739175644,-0.4411493099296356
20.0,57.0,1001.5830688476562,0.8244933525227314,0.1717593457825232,-2.378357160883819,-0.0311909432060103,0.5201670551719506,-0.572020629403561,0.1201970601601191,-0.6215705967146201,-0.9274745739175644,-0.4411493099296356
20.0,57.0,1001.5842895507812,0.8244933525227314,0.1717593457825232,-2.378357160883819,-0.0311909432060103,0.5201670551719506,-0.572020629403561,0.1201970601601191,-0.6215705967146201,-0.9274745739175644,-0.4411568588401345
20.0,57.0,1001.5842895507812,0.8244933525227314,0.1717593457825232,-2.378357160883819,-0.0311909432060103,0.5201670551719506,-0.572020629403561,0.1201970601601191,-0.6215705967146201,-0.9274745739175644,-0.4411568588401345
20.0,57.0,1001.5842895507812,0.8244933525227314,0.1717593457825232,-2.378357160883819,-0.0311909432060103,0.5201670551719506,-0.572020629403561,0.1201970601601191,-0.6215705967146201,-0.9274745739175644,-0.4411568588401345
20.0,57.0,1001.5842895507812,0.8244933525227314,0.1717593457825232,-2.378357160883819,-0.0311909432060103,0.5201670551719506,-0.572020629403561,0.1201970601601191,-0.6215705967146201,-0.9274745739175644,-0.4411568588401345
20.0,57.0,1001.5842895507812,0.8244933525227314,0.1717593457825232,-2.378357160883819,-0.0311909432060103,0.5201670551719506,-0.572020629403561,0.1201970601601191,-0.6215705967146201,-0.9274745739175644,-0.4411568588401345
20.0,57.0,1001.5842895507812,0.8244933525227314,0.1717593457825232,-2.378357160883819,-0.0311909432060103,0.5201670551719506,-0.572020629403561,0.1201970601601191,-0.6215705967146201,-0.9274745739175644,-0.4411568588401345
20.0,57.0,1001.5842895507812,0.8244933525227314,0.1717593457825232,-2.378357160883819,-0.0311909432060103,0.5201670551719506,-0.572020629403561,0.1201970601601191,-0.6215705967146201,-0.9274745739175644,-0.4411568588401345
20.0,57.0,1001.5844116210938,0.8244933525227314,0.1717593457825232,-2.378357160883819,-0.0311909432060103,0.5201670551719506,-0.572020629403561,0.1201970601601191,-0.6215705967146201,-0.9274745739175644,-0.4411580004092262
20.0,57.0,1001.5844116210938,0.8244933525227314,0.1717593457825232,-2.378357160883819,-0.0311909432060103,0.5201670551719506,-0.572020629403561,0.1201970601601191,-0.6215705967146201,-0.9274745739175644,-0.4411580004092262
20.0,57.0,1001.584716796875,0.8244933525227314,0.1717593457825232,-2.378357160883819,-0.0311909432060103,0.5201670551719506,-0.572020629403561,0.1201970601601191,-0.6215705967146201,-0.9274745739175644,-0.4411602716580078
20.0,57.0,1001.5847778320312,0.8244933525227314,0.1717593457825232,-2.378357160883819,-0.0311909432060103,0.5201670551719506,-0.572020629403561,0.1201970601601191,-0.6215705967146201,-0.9274745739175644,-0.4411605596061994
20.0,57.0,1001.59326171875,0.8244933525227314,0.1717593457825232,-2.378357160883819,-0.0311676858200013,0.5201670551719506,-0.5719353291054634,0.1201970601601191,-0.6215705967146201,-0.9274745739175644,-0.4414039117447983
20.0,57.0,1001.59326171875,0.8244933525227314,0.1717593457825232,-2.378357160883819,-0.0311676858200013,0.5201670551719506,-0.5719353291054634,0.1201970601601191,-0.6215705967146201,-0.9274745739175644,-0.4414039117447983
20.0,58.0,1001.5537109375,0.8244933520559076,0.1717593457825232,-2.378357160883819,-0.0311681312092061,0.5201670551719506,-0.5719415194684355,0.1201970601601191,-0.6215705967146201,-0.9274745739175644,-0.4411326272592422
20.0,58.0,1001.5546264648438,0.824493338466423,0.1717593457825232,-2.378357160883819,-0.0311909430233831,0.5201670551719506,-0.5719346059614732,0.1201970601601191,-0.6215705967146201,-0.9274745739175644,-0.4411343216329937
20.0,58.0,1001.5567626953124,0.8244933377583699,0.1717593457825232,-2.378357160883819,-0.0311909390552555,0.5201670551719506,-0.571942114991045,0.1201970601601191,-0.6215705967146201,-0.9274745739175644,-0.4411333508361855
20.0,58.0,1001.556884765625,0.8244933527132507,0.1717593457825232,-2.378357160883819,-0.0311909390216255,0.5201670551719506,-0.5719420769173285,0.1201970601601191,-0.6215705967146201,-0.9274745739175644,-0.4411344641817081
20.0,58.0,1001.556884765625,0.8244933525227314,0.1717593457825232,-2.378357160883819,-0.0311909432060103,0.5201670551719506,-0.571935012990933,0.1201970601601191,-0.6215705967146201,-0.9274745739175644,-0.4411488212868189
20.0,58.0,1001.5572509765624,0.8244951589937176,0.1717593457825232,-2.378357160883819,-0.0311909432060103,0.5201670551719506,-0.5719348555576191,0.1201970601601191,-0.6215705967146201,-0.9274745739175644,-0.4411493099296356
20.0,58.0,1001.5572509765624,0.82449520549636,0.1717593457825232,-2.378357160883819,-0.0311909432060103,0.5201670551719506,-0.5719348555576191,0.1201970601601191,-0.6215705967146201,-0.9274745739175644,-0.4411493099296356
20.0,58.0,1001.5572509765624,0.82449520549636,0.1717593457825232,-2.378357160883819,-0.0311909392677069,0.5201670551719506,-0.571934899505163,0.1201970601601191,-0.6215705967146201,-0.9274745739175644,-0.4411493099296356
20.0,58.0,1001.5572509765624,0.82449520549636,0.1717593457825232,-2.378357160883819,-0.0311909432060103,0.5201670551719506,-0.5719348555576191,0.1201970601601191,-0.6215705967146201,-0.9274745739175644,-0.4411493099296356
20.0,58.0,1001.5572509765624,0.82449520549636,0.1717593457825232,-2.378357160883819,-0.0311909392677069,0.5201670551719506,-0.571934899505163,0.1201970601601191,-0.6215705967146201,-0.9274745739175644,-0.4411493099296356
20.0,58.0,1001.5573120117188,0.8244933525227314,0.1717593457825232,-2.378357160883819,-0.0311909432060103,0.5201670551719506,-0.5719337966869972,0.1201970601601191,-0.6215705967146201,-0.9274745739175644,-0.4411540028838108
20.0,58.0,1001.557373046875,0.8244953803727547,0.1717593457825232,-2.378357160883819,-0.0311913707115009,0.5201670551719506,-0.5719348555576191,0.1201970601601191,-0.6215705967146201,-0.9274745739175644,-0.4411493099296356
20.0,58.0,1001.557373046875,0.8244953803727547,0.1717593457825232,-2.378357160883819,-0.0311913858195259,0.5201670551719506,-0.5719348555576191,0.1201970601601191,-0.6215705967146201,-0.9274745739175644,-0.4411493250051388
20.0,58.0,1001.5575561523438,0.8244933525227314,0.1717593457825232,-2.378357160883819,-0.0311909432060103,0.5201670551719506,-0.5719351237909768,0.1201970601601191,-0.6215705967146201,-0.9274745739175644,-0.4411533034938625
20.0,58.0,1001.5579833984376,0.8244933525227314,0.1717593457825232,-2.378357160883819,-0.0311909432060103,0.5201670551719506,-0.5719386270978928,0.1201970601601191,-0.6215705967146201,-0.9274745739175644,-0.441148800228508
20.0,58.0,1001.5579833984376,0.8244952469303835,0.1717593457825232,-2.378357160883819,-0.0311909432060103,0.5201670551719506,-0.5719351237909768,0.1201970601601191,-0.6215705967146201,-0.9274745739175644,-0.4411535642402311
20.0,58.0,1001.5581665039062,0.8245132898288371,0.1717593457825232,-2.378357160883819,-0.0311623977444052,0.5201670551719506,-0.5719346046834108,0.1201970601601191,-0.6215705967146201,-0.9274745739175644,-0.4411544885096563
20.0,58.0,1001.5585327148438,0.8245132898288371,0.1717593457825232,-2.378357160883819,-0.0311660051421765,0.5201670551719506,-0.5719346046834108,0.1201970601601191,-0.6215705967146201,-0.9274745739175644,-0.4411546342657784
20.0,58.0,1001.5585327148438,0.8245132898288371,0.1717593457825232,-2.378357160883819,-0.0311660051421765,0.5201670551719506,-0.5719346046834108,0.1201970601601191,-0.6215705967146201,-0.9274745739175644,-0.4411546342657784
20.0,58.0,1001.5592041015624,0.8244933525227314,0.1717593457825232,-2.378357160883819,-0.0311909432060103,0.5201670551719506,-0.5719386270978928,0.1201970601601191,-0.6215705967146201,-0.9274745739175644,-0.4411568588401345
20.0,58.0,1001.5592041015624,0.8244933525227314,0.1717593457825232,-2.378357160883819,-0.0311909432060103,0.5201670551719506,-0.5719386270978928,0.1201970601601191,-0.6215705967146201,-0.9274745739175644,-0.4411568588401345
20.0,58.0,1001.559814453125,0.8245128117788951,0.1717593457825232,-2.378357160883819,-0.0311667297813267,0.5201670551719506,-0.5719419163321626,0.1201970601601191,-0.6215705967146201,-0.9274745739175644,-0.4411477382353673
20.0,58.0,1001.559814453125,0.8245128117788951,0.1717593457825232,-2.378357160883819,-0.0311667594417282,0.5201670551719506,-0.5719419163321626,0.1201970601601191,-0.6215705967146201,-0.9274745739175644,-0.4411476795893095
20.0,58.0,1001.559814453125,0.8245128117788951,0.1717593457825232,-2.378357160883819,-0.0311667297813267,0.5201670551719506,-0.5719419163321626,0.1201970601601191,-0.6215705967146201,-0.9274745739175644,-0.4411477382353673
20.0,58.0,1001.5786743164062,0.8244933872707735,0.1717593457825232,-2.378357160883819,-0.0311930325860106,0.5201670551719506,-0.5720126903986278,0.1201970601601191,-0.6215705967146201,-0.9274745739175644,-0.4411343216329937
20.0,58.0,1001.5790405273438,0.824493338466423,0.1717593457825232,-2.378357160883819,-0.0311909390552555,0.5201670551719506,-0.5720149771111287,0.1201970601601191,-0.6215705967146201,-0.9274745739175644,-0.4411343216329937
20.0,58.0,1001.5791625976562,0.8244933377583699,0.1717593457825232,-2.378357160883819,-0.0311909390552555,0.5201670551719506,-0.572015347536993,0.1201970601601191,-0.6215705967146201,-0.9274745739175644,-0.4411343216329937
20.0,58.0,1001.5791625976562,0.8244933527132507,0.1717593457825232,-2.378357160883819,-0.0311909390216255,0.5201670551719506,-0.5720153636157466,0.1201970601601191,-0.6215705967146201,-0.9274745739175644,-0.4411344641817081
20.0,58.0,1001.5791625976562,0.8244933377583699,0.1717593457825232,-2.378357160883819,-0.0311909391219208,0.5201670551719506,-0.572015347536993,0.1201970601601191,-0.6215705967146201,-0.9274745739175644,-0.4411343216329937
20.0,58.0,1001.579345703125,0.8244933396762953,0.1717593457825232,-2.378357160883819,-0.0311909432060103,0.5201670551719506,-0.5720156157592805,0.1201970601601191,-0.6215705967146201,-0.9274745739175644,-0.4411348425033006
20.0,58.0,1001.5802001953124,0.8244935249697997,0.1717593457825232,-2.378357160883819,-0.0311908648827763,0.5201670551719506,-0.572007837229359,0.1201970601601191,-0.6215705967146201,-0.9274745739175644,-0.4411556050625866
20.0,58.0,1001.5807495117188,0.8244932919637807,0.1717593457825232,-2.378357160883819,-0.0311909390552555,0.5201670551719506,-0.5720206531202542,0.1201970601601191,-0.6215705967146201,-0.9274745739175644,-0.4411343216329937
20.0,58.0,1001.580810546875,0.8244932913001828,0.1717593457825232,-2.378357160883819,-0.031190943045344,0.5201670551719506,-0.5720206001493648,0.1201970601601191,-0.6215705967146201,-0.9274745739175644,-0.4411343216329937
20.0,58.0,1001.5808715820312,0.824493338466423,0.1717593457825232,-2.378357160883819,-0.0311909390552555,0.5201670551719506,-0.5720206531202542,0.1201970601601191,-0.6215705967146201,-0.9274745739175644,-0.4411343216329937
20.0,58.0,1001.5808715820312,0.824493338678354,0.1717593457825232,-2.378357160883819,-0.0311909432481777,0.5201670551719506,-0.5720206546621396,0.1201970601601191,-0.6215705967146201,-0.9274745739175644,-0.4411343216329937
20.0,58.0,1001.5809326171876,0.8244933525227314,0.1717593457825232,-2.378357160883819,-0.0311672610991537,0.5201670551719506,-0.572020629403561,0.1201970601601191,-0.6215705967146201,-0.9274745739175644,-0.4411540173975963
20.0,58.0,1001.5809326171876,0.8244933525227314,0.1717593457825232,-2.378357160883819,-0.0311672610991537,0.5201670551719506,-0.572020629403561,0.1201970601601191,-0.6215705967146201,-0.9274745739175644,-0.4411540173975963
20.0,58.0,1001.5810546875,0.8244933389393626,0.1717593457825232,-2.378357160883819,-0.0311930325860106,0.5201670551719506,-0.5720205168700698,0.1201970601601191,-0.6215705967146201,-0.9274745739175644,-0.4411343216329937
20.0,58.0,1001.5811157226562,0.8245132898288371,0.1717593457825232,-2.378357160883819,-0.0311660051421765,0.5201670551719506,-0.572007837229359,0.1201970601601191,-0.6215705967146201,-0.9274745739175644,-0.4411556050625866
20.0,58.0,1001.5811157226562,0.8245132898288371,0.1717593457825232,-2.378357160883819,-0.0311660051421765,0.5201670551719506,-0.572007837229359,0.1201970601601191,-0.6215705967146201,-0.9274745739175644,-0.4411556050625866
20.0,58.0,1001.5811157226562,0.8245132898288371,0.1717593457825232,-2.378357160883819,-0.0311660051421765,0.5201670551719506,-0.572007837229359,0.1201970601601191,-0.6215705967146201,-0.9274745739175644,-0.4411556050625866
20.0,58.0,1001.5812377929688,0.824493705301245,0.1717593457825232,-2.378357160883819,-0.0311906027580773,0.5201670551719506,-0.572015347536993,0.1201970601601191,-0.6215705967146201,-0.9274745739175644,-0.4411477382353673
20.0,58.0,1001.5813598632812,0.8244933393039686,0.1717593457825232,-2.378357160883819,-0.0311909390552555,0.5201670551719506,-0.5720149771111287,0.1201970601601191,-0.6215705967146201,-0.9274745739175644,-0.4411490151612611
20.0,58.0,1001.5814819335938,0.824493705301245,0.1717593457825232,-2.378357160883819,-0.0311906049716392,0.5201670551719506,-0.572015347536993,0.1201970601601191,-0.6215705967146201,-0.9274745739175644,-0.4411493204623693
20.0,58.0,1001.5814819335938,0.8244933518146782,0.1717593457825232,-2.378357160883819,-0.0311909432060103,0.5201670551719506,-0.5720153238202997,0.1201970601601191,-0.6215705967146201,-0.9274745739175644,-0.4411493099296356
20.0,58.0,1001.5814819335938,0.824493705301245,0.1717593457825232,-2.378357160883819,-0.0311906049716392,0.5201670551719506,-0.572015347536993,0.1201970601601191,-0.6215705967146201,-0.9274745739175644,-0.4411493204623693
20.0,58.0,1001.5814819335938,0.824493352478276,0.1717593457825232,-2.378357160883819,-0.0311909392159217,0.5201670551719506,-0.5720153767911891,0.1201970601601191,-0.6215705967146201,-0.9274745739175644,-0.4411493099296356
20.0,58.0,1001.58154296875,0.824493705301245,0.1717593457825232,-2.378357160883819,-0.0311906028316326,0.5201670551719506,-0.572015347536993,0.1201970601601191,-0.6215705967146201,-0.9274745739175644,-0.4411494354590657
20.0,58.0,1001.5817260742188,0.8244951589937176,0.1717593457825232,-2.378357160883819,-0.0311909392378827,0.5201670551719506,-0.5720152267072747,0.1201970601601191,-0.6215705967146201,-0.9274745739175644,-0.4411493099296356
20.0,58.0,1001.5824584960938,0.824493705301245,0.1717593457825232,-2.378357160883819,-0.0311906027580773,0.5201670551719506,-0.572015347536993,0.1201970601601191,-0.6215705967146201,-0.9274745739175644,-0.4411557968469938
20.0,59.0,1001.55126953125,0.8244933396762953,0.1717593457825232,-2.378357160883819,-0.0311619068475907,0.5201670551719506,-0.5719347368786333,0.1201970601601191,-0.6215705967146201,-0.9274745739175644,-0.4411343576668111
20.0,59.0,1001.5537109375,0.8244933520559076,0.1717593457825232,-2.378357160883819,-0.0311681312092061,0.5201670551719506,-0.5719415194684355,0.1201970601601191,-0.6215705967146201,-0.9274745739175644,-0.4411326272592422
20.0,59.0,1001.5546264648438,0.824493338466423,0.1717593457825232,-2.378357160883819,-0.0311909430233831,0.5201670551719506,-0.5719346059614732,0.1201970601601191,-0.6215705967146201,-0.9274745739175644,-0.4411343216329937
20.0,59.0,1001.5546264648438,0.824493338466423,0.1717593457825232,-2.378357160883819,-0.0311909430233831,0.5201670551719506,-0.5719346059614732,0.1201970601601191,-0.6215705967146201,-0.9274745739175644,-0.4411343216329937
20.0,59.0,1001.5546264648438,0.824493338466423,0.1717593457825232,-2.378357160883819,-0.0311909430233831,0.5201670551719506,-0.5719346059614732,0.1201970601601191,-0.6215705967146201,-0.9274745739175644,-0.4411343216329937
20.0,59.0,1001.5547485351562,0.8244933525227314,0.1717593457825232,-2.378357160883819,-0.0311909432060103,0.5201670551719506,-0.571935012990933,0.1201970601601191,-0.6215705967146201,-0.9274745739175644,-0.4411342323538927
20.0,59.0,1001.5548095703124,0.824495009038268,0.1717593457825232,-2.378357160883819,-0.0311909432060103,0.5201670551719506,-0.5719337886052732,0.1201970601601191,-0.6215705967146201,-0.9274745739175644,-0.4411348425033006
20.0,59.0,1001.554931640625,0.8244952246753067,0.1717593457825232,-2.378357160883819,-0.0311909390547047,0.5201670551719506,-0.5719348343975381,0.1201970601601191,-0.6215705967146201,-0.9274745739175644,-0.4411334469377221
20.0,59.0,1001.5557861328124,0.8245132898288371,0.1717593457825232,-2.378357160883819,-0.0311660051421765,0.5201670551719506,-0.5719355732455946,0.1201970601601191,-0.6215705967146201,-0.9274745739175644,-0.4411342069170086
20.0,59.0,1001.5567626953124,0.8244933377583699,0.1717593457825232,-2.378357160883819,-0.0311909390552555,0.5201670551719506,-0.571942114991045,0.1201970601601191,-0.6215705967146201,-0.9274745739175644,-0.4411333508361855
20.0,59.0,1001.556884765625,0.8244933527132507,0.1717593457825232,-2.378357160883819,-0.0311909390216255,0.5201670551719506,-0.5719420769173285,0.1201970601601191,-0.6215705967146201,-0.9274745739175644,-0.4411344641817081
20.0,59.0,1001.556884765625,0.8244933525227314,0.1717593457825232,-2.378357160883819,-0.0311909432060103,0.5201670551719506,-0.571935012990933,0.1201970601601191,-0.6215705967146201,-0.9274745739175644,-0.4411488212868189
20.0,59.0,1001.556884765625,0.8244933525227314,0.1717593457825232,-2.378357160883819,-0.0311909432060103,0.5201670551719506,-0.571935012990933,0.1201970601601191,-0.6215705967146201,-0.9274745739175644,-0.441149072565955
20.0,59.0,1001.5572509765624,0.8244951589937176,0.1717593457825232,-2.378357160883819,-0.0311909432060103,0.5201670551719506,-0.5719348555576191,0.1201970601601191,-0.6215705967146201,-0.9274745739175644,-0.4411493099296356
20.0,59.0,1001.5572509765624,0.82449520549636,0.1717593457825232,-2.378357160883819,-0.0311909432060103,0.5201670551719506,-0.5719348555576191,0.1201970601601191,-0.6215705967146201,-0.9274745739175644,-0.4411493099296356
20.0,59.0,1001.5572509765624,0.82449520549636,0.1717593457825232,-2.378357160883819,-0.0311909392677069,0.5201670551719506,-0.571934899505163,0.1201970601601191,-0.6215705967146201,-0.9274745739175644,-0.4411493099296356
20.0,59.0,1001.5572509765624,0.82449520549636,0.1717593457825232,-2.378357160883819,-0.0311909432060103,0.5201670551719506,-0.5719348555576191,0.1201970601601191,-0.6215705967146201,-0.9274745739175644,-0.4411493099296356
20.0,59.0,1001.5572509765624,0.82449520549636,0.1717593457825232,-2.378357160883819,-0.0311909392677069,0.5201670551719506,-0.571934899505163,0.1201970601601191,-0.6215705967146201,-0.9274745739175644,-0.4411493099296356
20.0,59.0,1001.5573120117188,0.8244933525227314,0.1717593457825232,-2.378357160883819,-0.0311909432060103,0.5201670551719506,-0.5719337966869972,0.1201970601601191,-0.6215705967146201,-0.9274745739175644,-0.4411540028838108
20.0,59.0,1001.5573120117188,0.8244952188031291,0.1717593457825232,-2.378357160883819,-0.0311909429375095,0.5201670551719506,-0.5719351196264763,0.1201970601601191,-0.6215705967146201,-0.9274745739175644,-0.441149128021011
20.0,59.0,1001.557373046875,0.8244953803727547,0.1717593457825232,-2.378357160883819,-0.0311913707115009,0.5201670551719506,-0.5719348555576191,0.1201970601601191,-0.6215705967146201,-0.9274745739175644,-0.4411493099296356
20.0,59.0,1001.557373046875,0.8244953803727547,0.1717593457825232,-2.378357160883819,-0.0311913858195259,0.5201670551719506,-0.5719348555576191,0.1201970601601191,-0.6215705967146201,-0.9274745739175644,-0.4411493250051388
20.0,59.0,1001.557373046875,0.8244953803727547,0.1717593457825232,-2.378357160883819,-0.0311913858195259,0.5201670551719506,-0.5719348555576191,0.1201970601601191,-0.6215705967146201,-0.9274745739175644,-0.4411493250051388
20.0,59.0,1001.5575561523438,0.8244933525227314,0.1717593457825232,-2.378357160883819,-0.0311909432060103,0.5201670551719506,-0.5719351237909768,0.1201970601601191,-0.6215705967146201,-0.9274745739175644,-0.4411533034938625
20.0,59.0,1001.5576171875,0.8245128117788951,0.1717593457825232,-2.378357160883819,-0.0311667249189061,0.5201670551719506,-0.5719346450334689,0.1201970601601191,-0.6215705967146201,-0.9274745739175644,-0.4411477382353673
20.0,59.0,1001.557861328125,0.8245120905388637,0.1717593457825232,-2.378357160883819,-0.0311623977444052,0.5201670551719506,-0.5719346046834108,0.1201970601601191,-0.6215705967146201,-0.9274745739175644,-0.4411544885096563
20.0,59.0,1001.5579833984376,0.8244933525227314,0.1717593457825232,-2.378357160883819,-0.0311909432060103,0.5201670551719506,-0.5719386270978928,0.1201970601601191,-0.6215705967146201,-0.9274745739175644,-0.441148800228508
20.0,59.0,1001.5579833984376,0.8244952469303835,0.1717593457825232,-2.378357160883819,-0.0311909432060103,0.5201670551719506,-0.5719351237909768,0.1201970601601191,-0.6215705967146201,-0.9274745739175644,-0.4411535642402311
20.0,59.0,1001.5579833984376,0.8244952469303835,0.1717593457825232,-2.378357160883819,-0.0311909433046104,0.5201670551719506,-0.5719351237909768,0.1201970601601191,-0.6215705967146201,-0.9274745739175644,-0.4411535642402311
20.0,59.0,1001.5581665039062,0.8245132898288371,0.1717593457825232,-2.378357160883819,-0.0311623977444052,0.5201670551719506,-0.5719346046834108,0.1201970601601191,-0.6215705967146201,-0.9274745739175644,-0.4411544885096563
20.0,59.0,1001.5585327148438,0.8245132898288371,0.1717593457825232,-2.378357160883819,-0.0311660051421765,0.5201670551719506,-0.5719346046834108,0.1201970601601191,-0.6215705967146201,-0.9274745739175644,-0.4411546342657784
20.0,59.0,1001.5585327148438,0.8245132898288371,0.1717593457825232,-2.378357160883819,-0.0311660051421765,0.5201670551719506,-0.5719346046834108,0.1201970601601191,-0.6215705967146201,-0.9274745739175644,-0.4411546342657784
20.0,59.0,1001.55908203125,0.8244933185794231,0.1717593457825232,-2.378357160883819,-0.0311909392682576,0.5201670551719506,-0.5719421800986699,0.1201970601601191,-0.6215705967146201,-0.9274745739175644,-0.441149213828099
20.0,59.0,1001.5592041015624,0.8244933525227314,0.1717593457825232,-2.378357160883819,-0.0311909432060103,0.5201670551719506,-0.5719386270978928,0.1201970601601191,-0.6215705967146201,-0.9274745739175644,-0.4411568588401345
20.0,59.0,1001.5592041015624,0.8244933525227314,0.1717593457825232,-2.378357160883819,-0.0311909432060103,0.5201670551719506,-0.5719386270978928,0.1201970601601191,-0.6215705967146201,-0.9274745739175644,-0.4411568588401345
20.0,59.0,1001.559814453125,0.8245128117788951,0.1717593457825232,-2.378357160883819,-0.0311667297813267,0.5201670551719506,-0.5719419163321626,0.1201970601601191,-0.6215705967146201,-0.9274745739175644,-0.4411477382353673
20.0,59.0,1001.559814453125,0.8245128117788951,0.1717593457825232,-2.378357160883819,-0.0311667594417282,0.5201670551719506,-0.5719419163321626,0.1201970601601191,-0.6215705967146201,-0.9274745739175644,-0.4411476795893095
20.0,59.0,1001.559814453125,0.8245128117788951,0.1717593457825232,-2.378357160883819,-0.0311667297813267,0.5201670551719506,-0.5719419163321626,0.1201970601601191,-0.6215705967146201,-0.9274745739175644,-0.4411477382353673
20.0,59.0,1001.5618286132812,0.8245132898288371,0.1717593457825232,-2.378357160883819,-0.0311924443611059,0.5201670551719506,-0.5719348396168246,0.1201970601601191,-0.6215705967146201,-0.9274745739175644,-0.4411545745178071
20.0,59.0,1001.5777587890624,0.824492457642868,0.1717593457825232,-2.378357160883819,-0.0311667778086892,0.5201670551719506,-0.5720206531202542,0.1201970601601191,-0.6215705967146201,-0.9274745739175644,-0.4411343395514191
20.0,59.0,1001.5786743164062,0.8244933872707735,0.1717593457825232,-2.378357160883819,-0.0311930325860106,0.5201670551719506,-0.5720126903986278,0.1201970601601191,-0.6215705967146201,-0.9274745739175644,-0.4411343216329937
20.0,59.0,1001.5790405273438,0.824493338466423,0.1717593457825232,-2.378357160883819,-0.0311909390552555,0.5201670551719506,-0.5720149771111287,0.1201970601601191,-0.6215705967146201,-0.9274745739175644,-0.4411343216329937
20.0,59.0,1001.5790405273438,0.824493705301245,0.1717593457825232,-2.378357160883819,-0.0311906049716392,0.5201670551719506,-0.572015347536993,0.1201970601601191,-0.6215705967146201,-0.9274745739175644,-0.4411333237300051
20.0,59.0,1001.5791625976562,0.8244933377583699,0.1717593457825232,-2.378357160883819,-0.0311909390552555,0.5201670551719506,-0.572015347536993,0.1201970601601191,-0.6215705967146201,-0.9274745739175644,-0.4411343216329937
20.0,59.0,1001.5791625976562,0.8244933527132507,0.1717593457825232,-2.378357160883819,-0.0311909390216255,0.5201670551719506,-0.5720153636157466,0.1201970601601191,-0.6215705967146201,-0.9274745739175644,-0.4411344641817081
20.0,59.0,1001.5791625976562,0.8244933377583699,0.1717593457825232,-2.378357160883819,-0.0311909391219208,0.5201670551719506,-0.572015347536993,0.1201970601601191,-0.6215705967146201,-0.9274745739175644,-0.4411343216329937
20.0,59.0,1001.579345703125,0.8244933396762953,0.1717593457825232,-2.378357160883819,-0.0311909432060103,0.5201670551719506,-0.5720156157592805,0.1201970601601191,-0.6215705967146201,-0.9274745739175644,-0.4411348425033006
20.0,59.0,1001.5802001953124,0.8244935249697997,0.1717593457825232,-2.378357160883819,-0.0311908648827763,0.5201670551719506,-0.572007837229359,0.1201970601601191,-0.6215705967146201,-0.9274745739175644,-0.4411556050625866
20.0,59.0,1001.5807495117188,0.8244932919637807,0.1717593457825232,-2.378357160883819,-0.0311909390552555,0.5201670551719506,-0.5720206531202542,0.1201970601601191,-0.6215705967146201,-0.9274745739175644,-0.4411343216329937
20.0,59.0,1001.5807495117188,0.8244932919637807,0.1717593457825232,-2.378357160883819,-0.0311909390552555,0.5201670551719506,-0.5720206531202542,0.1201970601601191,-0.6215705967146201,-0.9274745739175644,-0.4411340703538576
20.0,60.0,1001.55126953125,0.8244933396762953,0.1717593457825232,-2.378357160883819,-0.0311619068475907,0.5201670551719506,-0.5719347368786333,0.1201970601601191,-0.6215705967146201,-0.9274745739175644,-0.4411343576668111
20.0,60.0,1001.55126953125,0.8244933396762953,0.1717593457825232,-2.378357160883819,-0.0311619068475907,0.5201670551719506,-0.5719347368786333,0.1201970601601191,-0.6215705967146201,-0.9274745739175644,-0.4411343725637087
20.0,60.0,1001.5537109375,0.8244933520559076,0.1717593457825232,-2.378357160883819,-0.0311681312092061,0.5201670551719506,-0.5719415194684355,0.1201970601601191,-0.6215705967146201,-0.9274745739175644,-0.4411326272592422
20.0,60.0,1001.554443359375,0.824493338466423,0.1717593457825232,-2.378357160883819,-0.0311909430233831,0.5201670551719506,-0.5719346059614732,0.1201970601601191,-0.6215705967146201,-0.9274745739175644,-0.4411334327514873
20.0,60.0,1001.5546264648438,0.824493338466423,0.1717593457825232,-2.378357160883819,-0.0311909430233831,0.5201670551719506,-0.5719346059614732,0.1201970601601191,-0.6215705967146201,-0.9274745739175644,-0.4411343216329937
20.0,60.0,1001.5546264648438,0.824493338466423,0.1717593457825232,-2.378357160883819,-0.0311909430233831,0.5201670551719506,-0.5719346059614732,0.1201970601601191,-0.6215705967146201,-0.9274745739175644,-0.4411343216329937
20.0,60.0,1001.5546264648438,0.824493338466423,0.1717593457825232,-2.378357160883819,-0.0311909430233831,0.5201670551719506,-0.5719346059614732,0.1201970601601191,-0.6215705967146201,-0.9274745739175644,-0.4411343216329937
20.0,60.0,1001.5546264648438,0.8244933525227314,0.1717593457825232,-2.378357160883819,-0.0311909389625692,0.5201670551719506,-0.571935012990933,0.1201970601601191,-0.6215705967146201,-0.9274745739175644,-0.4411335818558871
20.0,60.0,1001.5547485351562,0.8244933525227314,0.1717593457825232,-2.378357160883819,-0.0311909432060103,0.5201670551719506,-0.571935012990933,0.1201970601601191,-0.6215705967146201,-0.9274745739175644,-0.4411342323538927
20.0,60.0,1001.5547485351562,0.8244933525227314,0.1717593457825232,-2.378357160883819,-0.0311909432060103,0.5201670551719506,-0.571935012990933,0.1201970601601191,-0.6215705967146201,-0.9274745739175644,-0.4411342174569951
20.0,60.0,1001.5548095703124,0.824495009038268,0.1717593457825232,-2.378357160883819,-0.0311909432060103,0.5201670551719506,-0.5719337886052732,0.1201970601601191,-0.6215705967146201,-0.9274745739175644,-0.4411348425033006
20.0,60.0,1001.5548706054688,0.8244933377583699,0.1717593457825232,-2.378357160883819,-0.0311909460367092,0.5201670551719506,-0.5719354823739665,0.1201970601601191,-0.6215705967146201,-0.9274745739175644,-0.4411342175755867
20.0,60.0,1001.554931640625,0.8244952246753067,0.1717593457825232,-2.378357160883819,-0.0311909390547047,0.5201670551719506,-0.5719348343975381,0.1201970601601191,-0.6215705967146201,-0.9274745739175644,-0.4411334469377221
20.0,60.0,1001.554931640625,0.8244952497744648,0.1717593457825232,-2.378357160883819,-0.0311909430233831,0.5201670551719506,-0.5719346059614732,0.1201970601601191,-0.6215705967146201,-0.9274745739175644,-0.4411343216329937
20.0,60.0,1001.5550537109376,0.8244952246753067,0.1717593457825232,-2.378357160883819,-0.0311909390547047,0.5201670551719506,-0.5719348343975381,0.1201970601601191,-0.6215705967146201,-0.9274745739175644,-0.4411343358192285
20.0,60.0,1001.55517578125,0.8244954228304974,0.1717593457825232,-2.378357160883819,-0.0311913858195259,0.5201670551719506,-0.5719348555576191,0.1201970601601191,-0.6215705967146201,-0.9274745739175644,-0.4411343916381649
20.0,60.0,1001.5555419921876,0.8245132898288371,0.1717593457825232,-2.378357160883819,-0.0311660051421765,0.5201670551719506,-0.5719346046834108,0.1201970601601191,-0.6215705967146201,-0.9274745739175644,-0.4411342751180713
20.0,60.0,1001.5557861328124,0.8245132898288371,0.1717593457825232,-2.378357160883819,-0.0311660051421765,0.5201670551719506,-0.5719355732455946,0.1201970601601191,-0.6215705967146201,-0.9274745739175644,-0.4411342069170086
20.0,60.0,1001.5558471679688,0.824493338466423,0.1717593457825232,-2.378357160883819,-0.0311909430233831,0.5201670551719506,-0.5719387584472975,0.1201970601601191,-0.6215705967146201,-0.9274745739175644,-0.4411343216329937
20.0,60.0,1001.5567626953124,0.8244933377583699,0.1717593457825232,-2.378357160883819,-0.0311909390552555,0.5201670551719506,-0.571942114991045,0.1201970601601191,-0.6215705967146201,-0.9274745739175644,-0.4411333508361855
20.0,60.0,1001.556884765625,0.8244933527132507,0.1717593457825232,-2.378357160883819,-0.0311909390216255,0.5201670551719506,-0.5719420769173285,0.1201970601601191,-0.6215705967146201,-0.9274745739175644,-0.4411344641817081
20.0,60.0,1001.556884765625,0.8244933525227314,0.1717593457825232,-2.378357160883819,-0.0311909432060103,0.5201670551719506,-0.571935012990933,0.1201970601601191,-0.6215705967146201,-0.9274745739175644,-0.4411488212868189
20.0,60.0,1001.556884765625,0.8244933525227314,0.1717593457825232,-2.378357160883819,-0.0311909432060103,0.5201670551719506,-0.571935012990933,0.1201970601601191,-0.6215705967146201,-0.9274745739175644,-0.441149072565955
20.0,60.0,1001.556884765625,0.8244933525227314,0.1717593457825232,-2.378357160883819,-0.0311909432060103,0.5201670551719506,-0.5719350135614905,0.1201970601601191,-0.6215705967146201,-0.9274745739175644,-0.4411488212868189
20.0,60.0,1001.5569458007812,0.824495209407171,0.1717593457825232,-2.378357160883819,-0.0311909432060103,0.5201670551719506,-0.5719337966869972,0.1201970601601191,-0.6215705967146201,-0.9274745739175644,-0.4411490660464475
20.0,60.0,1001.5569458007812,0.8244951589937176,0.1717593457825232,-2.378357160883819,-0.0311900017148006,0.5201670551719506,-0.5719348555576191,0.1201970601601191,-0.6215705967146201,-0.9274745739175644,-0.4411476489546492
20.0,60.0,1001.5571899414062,0.8244952246753067,0.1717593457825232,-2.378357160883819,-0.0311909432981458,0.5201670551719506,-0.5719348343975381,0.1201970601601191,-0.6215705967146201,-0.9274745739175644,-0.4411489376477901
20.0,60.0,1001.5572509765624,0.8244951589937176,0.1717593457825232,-2.378357160883819,-0.0311909432060103,0.5201670551719506,-0.5719348555576191,0.1201970601601191,-0.6215705967146201,-0.9274745739175644,-0.4411493099296356
20.0,60.0,1001.5572509765624,0.82449520549636,0.1717593457825232,-2.378357160883819,-0.0311909432060103,0.5201670551719506,-0.5719348555576191,0.1201970601601191,-0.6215705967146201,-0.9274745739175644,-0.4411493099296356
20.0,60.0,1001.5572509765624,0.82449520549636,0.1717593457825232,-2.378357160883819,-0.0311909392677069,0.5201670551719506,-0.571934899505163,0.1201970601601191,-0.6215705967146201,-0.9274745739175644,-0.4411493099296356
20.0,60.0,1001.5572509765624,0.82449520549636,0.1717593457825232,-2.378357160883819,-0.0311909432060103,0.5201670551719506,-0.5719348555576191,0.1201970601601191,-0.6215705967146201,-0.9274745739175644,-0.4411493099296356
20.0,60.0,1001.5572509765624,0.82449520549636,0.1717593457825232,-2.378357160883819,-0.0311909392677069,0.5201670551719506,-0.571934899505163,0.1201970601601191,-0.6215705967146201,-0.9274745739175644,-0.4411493099296356
20.0,60.0,1001.5572509765624,0.8244951589937176,0.1717593457825232,-2.378357160883819,-0.0311909432060103,0.5201670551719506,-0.5719348555576191,0.1201970601601191,-0.6215705967146201,-0.9274745739175644,-0.4411493386683324
20.0,60.0,1001.5573120117188,0.8244933525227314,0.1717593457825232,-2.378357160883819,-0.0311909432060103,0.5201670551719506,-0.5719337966869972,0.1201970601601191,-0.6215705967146201,-0.9274745739175644,-0.4411540028838108
20.0,60.0,1001.5573120117188,0.8244952188031291,0.1717593457825232,-2.378357160883819,-0.0311909429375095,0.5201670551719506,-0.5719351196264763,0.1201970601601191,-0.6215705967146201,-0.9274745739175644,-0.441149128021011
20.0,60.0,1001.5573120117188,0.8244952188031291,0.1717593457825232,-2.378357160883819,-0.0311909429375095,0.5201670551719506,-0.5719351196264763,0.1201970601601191,-0.6215705967146201,-0.9274745739175644,-0.441149128021011
20.0,60.0,1001.557373046875,0.8244953803727547,0.1717593457825232,-2.378357160883819,-0.0311913707115009,0.5201670551719506,-0.5719348555576191,0.1201970601601191,-0.6215705967146201,-0.9274745739175644,-0.4411493099296356
20.0,60.0,1001.557373046875,0.8244953803727547,0.1717593457825232,-2.378357160883819,-0.0311913858195259,0.5201670551719506,-0.5719348555576191,0.1201970601601191,-0.6215705967146201,-0.9274745739175644,-0.4411493250051388
20.0,60.0,1001.557373046875,0.8244953803727547,0.1717593457825232,-2.378357160883819,-0.0311913858195259,0.5201670551719506,-0.5719348555576191,0.1201970601601191,-0.6215705967146201,-0.9274745739175644,-0.4411493250051388
20.0,60.0,1001.557373046875,0.8244953803727547,0.1717593457825232,-2.378357160883819,-0.0311913858195259,0.5201670551719506,-0.5719348555576191,0.1201970601601191,-0.6215705967146201,-0.9274745739175644,-0.4411493250051388
20.0,60.0,1001.5575561523438,0.8244933525227314,0.1717593457825232,-2.378357160883819,-0.0311909432060103,0.5201670551719506,-0.5719351237909768,0.1201970601601191,-0.6215705967146201,-0.9274745739175644,-0.4411533034938625
20.0,60.0,1001.5575561523438,0.8244933525227314,0.1717593457825232,-2.378357160883819,-0.0311909432060103,0.5201670551719506,-0.5719351237909768,0.1201970601601191,-0.6215705967146201,-0.9274745739175644,-0.4411532747551657
20.0,60.0,1001.5576171875,0.8245128117788951,0.1717593457825232,-2.378357160883819,-0.0311667249189061,0.5201670551719506,-0.5719346450334689,0.1201970601601191,-0.6215705967146201,-0.9274745739175644,-0.4411477382353673
20.0,60.0,1001.5576171875,0.824493338466423,0.1717593457825232,-2.378357160883819,-0.0311909430233831,0.5201670551719506,-0.5719346059614732,0.1201970601601191,-0.6215705967146201,-0.9274745739175644,-0.4411546807807008
20.0,60.0,1001.557861328125,0.8245120905388637,0.1717593457825232,-2.378357160883819,-0.0311623977444052,0.5201670551719506,-0.5719346046834108,0.1201970601601191,-0.6215705967146201,-0.9274745739175644,-0.4411544885096563
20.0,60.0,1001.5579833984376,0.8244933525227314,0.1717593457825232,-2.378357160883819,-0.0311909432060103,0.5201670551719506,-0.5719386270978928,0.1201970601601191,-0.6215705967146201,-0.9274745739175644,-0.441148800228508
20.0,60.0,1001.5579833984376,0.8244952469303835,0.1717593457825232,-2.378357160883819,-0.0311909432060103,0.5201670551719506,-0.5719351237909768,0.1201970601601191,-0.6215705967146201,-0.9274745739175644,-0.4411535642402311
20.0,60.0,1001.5579833984376,0.8244952469303835,0.1717593457825232,-2.378357160883819,-0.0311909433046104,0.5201670551719506,-0.5719351237909768,0.1201970601601191,-0.6215705967146201,-0.9274745739175644,-0.4411535642402311
20.0,60.0,1001.5579833984376,0.8244952469303835,0.1717593457825232,-2.378357160883819,-0.0311909432060103,0.5201670551719506,-0.5719351237909768,0.1201970601601191,-0.6215705967146201,-0.9274745739175644,-0.4411535642402311
20.0,60.0,1001.5580444335938,0.8244953744313542,0.1717593457825232,-2.378357160883819,-0.0311908966766728,0.5201670551719506,-0.5719351310294375,0.1201970601601191,-0.6215705967146201,-0.9274745739175644,-0.4411536137784447
20.0,61.0,1001.55126953125,0.8244933396762953,0.1717593457825232,-2.378357160883819,-0.0311619068475907,0.5201670551719506,-0.5719347368786333,0.1201970601601191,-0.6215705967146201,-0.9274745739175644,-0.4411343576668111
20.0,61.0,1001.55126953125,0.8244933396762953,0.1717593457825232,-2.378357160883819,-0.0311619068475907,0.5201670551719506,-0.5719347368786333,0.1201970601601191,-0.6215705967146201,-0.9274745739175644,-0.4411343725637087
20.0,61.0,1001.55126953125,0.8244933396762953,0.1717593457825232,-2.378357160883819,-0.0311619068475907,0.5201670551719506,-0.5719348537550897,0.1201970601601191,-0.6215705967146201,-0.9274745739175644,-0.4411343576668111
20.0,61.0,1001.5533447265624,0.8244933396762953,0.1717593457825232,-2.378357160883819,-0.0311619068475907,0.5201670551719506,-0.5719347368786333,0.1201970601601191,-0.6215705967146201,-0.9274745739175644,-0.4411485266242159
20.0,61.0,1001.5537109375,0.8244933520559076,0.1717593457825232,-2.378357160883819,-0.0311681312092061,0.5201670551719506,-0.5719415194684355,0.1201970601601191,-0.6215705967146201,-0.9274745739175644,-0.4411326272592422
20.0,61.0,1001.554443359375,0.824493338466423,0.1717593457825232,-2.378357160883819,-0.0311909430233831,0.5201670551719506,-0.5719346059614732,0.1201970601601191,-0.6215705967146201,-0.9274745739175644,-0.4411334327514873
20.0,61.0,1001.5546264648438,0.824493338466423,0.1717593457825232,-2.378357160883819,-0.0311909430233831,0.5201670551719506,-0.5719346059614732,0.1201970601601191,-0.6215705967146201,-0.9274745739175644,-0.4411343216329937
20.0,61.0,1001.5546264648438,0.824493338466423,0.1717593457825232,-2.378357160883819,-0.0311909430233831,0.5201670551719506,-0.5719346059614732,0.1201970601601191,-0.6215705967146201,-0.9274745739175644,-0.4411343216329937
20.0,61.0,1001.5546264648438,0.824493338466423,0.1717593457825232,-2.378357160883819,-0.0311909430233831,0.5201670551719506,-0.5719346059614732,0.1201970601601191,-0.6215705967146201,-0.9274745739175644,-0.4411343216329937
20.0,61.0,1001.5546264648438,0.8244933525227314,0.1717593457825232,-2.378357160883819,-0.0311909389625692,0.5201670551719506,-0.571935012990933,0.1201970601601191,-0.6215705967146201,-0.9274745739175644,-0.4411335818558871
20.0,61.0,1001.5546264648438,0.8244933377393266,0.1717593457825232,-2.378357160883819,-0.0311909460171398,0.5201670551719506,-0.5719346059614732,0.1201970601601191,-0.6215705967146201,-0.9274745739175644,-0.4411343252226358
20.0,61.0,1001.5546264648438,0.8244933532045456,0.1717593457825232,-2.378357160883819,-0.0311909432090103,0.5201670551719506,-0.5719346059614732,0.1201970601601191,-0.6215705967146201,-0.9274745739175644,-0.4411343216329937
20.0,61.0,1001.5546264648438,0.8244933525227314,0.1717593457825232,-2.378357160883819,-0.0311909389625692,0.5201670551719506,-0.571935012990933,0.1201970601601191,-0.6215705967146201,-0.9274745739175644,-0.4411335818558871
20.0,61.0,1001.5546264648438,0.824493338466423,0.1717593457825232,-2.378357160883819,-0.0311909430233831,0.5201670551719506,-0.5719346059614732,0.1201970601601191,-0.6215705967146201,-0.9274745739175644,-0.4411343216329937
20.0,61.0,1001.5546264648438,0.8244933525227314,0.1717593457825232,-2.378357160883819,-0.0311909389625692,0.5201670551719506,-0.571935012990933,0.1201970601601191,-0.6215705967146201,-0.9274745739175644,-0.4411335818558871
20.0,61.0,1001.5546875,0.824495009038268,0.1717593457825232,-2.378357160883819,-0.0311909432060103,0.5201670551719506,-0.5719335908546948,0.1201970601601191,-0.6215705967146201,-0.9274745739175644,-0.4411342449385265
20.0,61.0,1001.5547485351562,0.8244933525227314,0.1717593457825232,-2.378357160883819,-0.0311909432060103,0.5201670551719506,-0.571935012990933,0.1201970601601191,-0.6215705967146201,-0.9274745739175644,-0.4411342323538927
20.0,61.0,1001.5547485351562,0.8244933525227314,0.1717593457825232,-2.378357160883819,-0.0311909432060103,0.5201670551719506,-0.571935012990933,0.1201970601601191,-0.6215705967146201,-0.9274745739175644,-0.4411342174569951
20.0,61.0,1001.5547485351562,0.8244934157499743,0.1717593457825232,-2.378357160883819,-0.0311909431253791,0.5201670551719506,-0.5719348343975381,0.1201970601601191,-0.6215705967146201,-0.9274745739175644,-0.4411343215394363
20.0,61.0,1001.5547485351562,0.8244933525227314,0.1717593457825232,-2.378357160883819,-0.0311909432060103,0.5201670551719506,-0.571935012990933,0.1201970601601191,-0.6215705967146201,-0.9274745739175644,-0.4411342323538927
20.0,61.0,1001.5548095703124,0.824495009038268,0.1717593457825232,-2.378357160883819,-0.0311909432060103,0.5201670551719506,-0.5719337886052732,0.1201970601601191,-0.6215705967146201,-0.9274745739175644,-0.4411348425033006
20.0,61.0,1001.5548706054688,0.8244933377583699,0.1717593457825232,-2.378357160883819,-0.0311909460367092,0.5201670551719506,-0.5719354823739665,0.1201970601601191,-0.6215705967146201,-0.9274745739175644,-0.4411342175755867
20.0,61.0,1001.5548706054688,0.8244933384854662,0.1717593457825232,-2.378357160883819,-0.0311909430429525,0.5201670551719506,-0.5719354823739665,0.1201970601601191,-0.6215705967146201,-0.9274745739175644,-0.4411342139859446
20.0,61.0,1001.554931640625,0.8244952246753067,0.1717593457825232,-2.378357160883819,-0.0311909390547047,0.5201670551719506,-0.5719348343975381,0.1201970601601191,-0.6215705967146201,-0.9274745739175644,-0.4411334469377221
20.0,61.0,1001.554931640625,0.8244952497744648,0.1717593457825232,-2.378357160883819,-0.0311909430233831,0.5201670551719506,-0.5719346059614732,0.1201970601601191,-0.6215705967146201,-0.9274745739175644,-0.4411343216329937
20.0,61.0,1001.554931640625,0.8244952497744648,0.1717593457825232,-2.378357160883819,-0.0311909430233831,0.5201670551719506,-0.5719346059614732,0.1201970601601191,-0.6215705967146201,-0.9274745739175644,-0.4411343216329937
20.0,61.0,1001.5549926757812,0.8244952138113228,0.1717593457825232,-2.378357160883819,-0.0311909430233831,0.5201670551719506,-0.5719346135757076,0.1201970601601191,-0.6215705967146201,-0.9274745739175644,-0.4411343216329937
20.0,61.0,1001.5550537109376,0.8244952246753067,0.1717593457825232,-2.378357160883819,-0.0311909390547047,0.5201670551719506,-0.5719348343975381,0.1201970601601191,-0.6215705967146201,-0.9274745739175644,-0.4411343358192285
20.0,61.0,1001.55517578125,0.8244954228304974,0.1717593457825232,-2.378357160883819,-0.0311913858195259,0.5201670551719506,-0.5719348555576191,0.1201970601601191,-0.6215705967146201,-0.9274745739175644,-0.4411343916381649
20.0,61.0,1001.55517578125,0.8244954228304974,0.1717593457825232,-2.378357160883819,-0.0311913858195259,0.5201670551719506,-0.5719347386811628,0.1201970601601191,-0.6215705967146201,-0.9274745739175644,-0.4411343916381649
20.0,61.0,1001.55517578125,0.8244954228304974,0.1717593457825232,-2.378357160883819,-0.0311914049951758,0.5201670551719506,-0.5719348555576191,0.1201970601601191,-0.6215705967146201,-0.9274745739175644,-0.4411343916381649
20.0,61.0,1001.5554809570312,0.8245131602217554,0.1717593457825232,-2.378357160883819,-0.0311659888054199,0.5201670551719506,-0.5719346046834108,0.1201970601601191,-0.6215705967146201,-0.9274745739175644,-0.4411342751180713
20.0,61.0,1001.5555419921876,0.8245132898288371,0.1717593457825232,-2.378357160883819,-0.0311660051421765,0.5201670551719506,-0.5719346046834108,0.1201970601601191,-0.6215705967146201,-0.9274745739175644,-0.4411342751180713
20.0,61.0,1001.5557861328124,0.8245132898288371,0.1717593457825232,-2.378357160883819,-0.0311660051421765,0.5201670551719506,-0.5719355732455946,0.1201970601601191,-0.6215705967146201,-0.9274745739175644,-0.4411342069170086
20.0,61.0,1001.5558471679688,0.824493338466423,0.1717593457825232,-2.378357160883819,-0.0311909430233831,0.5201670551719506,-0.5719387584472975,0.1201970601601191,-0.6215705967146201,-0.9274745739175644,-0.4411343216329937
20.0,61.0,1001.5567626953124,0.8244933377583699,0.1717593457825232,-2.378357160883819,-0.0311909390552555,0.5201670551719506,-0.571942114991045,0.1201970601601191,-0.6215705967146201,-0.9274745739175644,-0.4411333508361855
20.0,61.0,1001.5567626953124,0.824493352040846,0.1717593457825232,-2.378357160883819,-0.031193609985427,0.5201670551719506,-0.5719415194684355,0.1201970601601191,-0.6215705967146201,-0.9274745739175644,-0.4411326272592422
20.0,61.0,1001.556884765625,0.8244933527132507,0.1717593457825232,-2.378357160883819,-0.0311909390216255,0.5201670551719506,-0.5719420769173285,0.1201970601601191,-0.6215705967146201,-0.9274745739175644,-0.4411344641817081
20.0,61.0,1001.556884765625,0.8244933525227314,0.1717593457825232,-2.378357160883819,-0.0311909432060103,0.5201670551719506,-0.571935012990933,0.1201970601601191,-0.6215705967146201,-0.9274745739175644,-0.4411488212868189
20.0,61.0,1001.556884765625,0.8244933525227314,0.1717593457825232,-2.378357160883819,-0.0311909432060103,0.5201670551719506,-0.571935012990933,0.1201970601601191,-0.6215705967146201,-0.9274745739175644,-0.441149072565955
20.0,61.0,1001.556884765625,0.8244933525227314,0.1717593457825232,-2.378357160883819,-0.0311909432060103,0.5201670551719506,-0.5719350135614905,0.1201970601601191,-0.6215705967146201,-0.9274745739175644,-0.4411488212868189
20.0,61.0,1001.556884765625,0.8244932562543469,0.1717593457825232,-2.378357160883819,-0.031190938996972,0.5201670551719506,-0.5719423288224071,0.1201970601601191,-0.6215705967146201,-0.9274745739175644,-0.4411343216329937
20.0,61.0,1001.5569458007812,0.824495209407171,0.1717593457825232,-2.378357160883819,-0.0311909432060103,0.5201670551719506,-0.5719337966869972,0.1201970601601191,-0.6215705967146201,-0.9274745739175644,-0.4411490660464475
20.0,61.0,1001.5569458007812,0.8244951589937176,0.1717593457825232,-2.378357160883819,-0.0311900017148006,0.5201670551719506,-0.5719348555576191,0.1201970601601191,-0.6215705967146201,-0.9274745739175644,-0.4411476489546492
20.0,61.0,1001.5569458007812,0.8244933525227314,0.1717593457825232,-2.378357160883819,-0.0311909432060103,0.5201670551719506,-0.5719351230575324,0.1201970601601191,-0.6215705967146201,-0.9274745739175644,-0.4411490662262415
20.0,61.0,1001.5570068359376,0.8244929599524046,0.1717593457825232,-2.378357160883819,-0.0311909430165827,0.5201670551719506,-0.5719348476491738,0.1201970601601191,-0.6215705967146201,-0.9274745739175644,-0.4411505235045119
20.0,61.0,1001.5570678710938,0.8244952246753067,0.1717593457825232,-2.378357160883819,-0.0311909390547047,0.5201670551719506,-0.5719348570418148,0.1201970601601191,-0.6215705967146201,-0.9274745739175644,-0.4411476900965678
20.0,61.0,1001.5571899414062,0.8244952246753067,0.1717593457825232,-2.378357160883819,-0.0311909432981458,0.5201670551719506,-0.5719348343975381,0.1201970601601191,-0.6215705967146201,-0.9274745739175644,-0.4411489376477901
20.0,61.0,1001.5572509765624,0.8244951589937176,0.1717593457825232,-2.378357160883819,-0.0311909432060103,0.5201670551719506,-0.5719348555576191,0.1201970601601191,-0.6215705967146201,-0.9274745739175644,-0.4411493099296356
20.0,61.0,1001.5572509765624,0.82449520549636,0.1717593457825232,-2.378357160883819,-0.0311909432060103,0.5201670551719506,-0.5719348555576191,0.1201970601601191,-0.6215705967146201,-0.9274745739175644,-0.4411493099296356
20.0,62.0,1001.55126953125,0.8244933396762953,0.1717593457825232,-2.378357160883819,-0.0311619068475907,0.5201670551719506,-0.5719347368786333,0.1201970601601191,-0.6215705967146201,-0.9274745739175644,-0.4411343576668111
20.0,62.0,1001.55126953125,0.8244933396762953,0.1717593457825232,-2.378357160883819,-0.0311619068475907,0.5201670551719506,-0.5719347368786333,0.1201970601601191,-0.6215705967146201,-0.9274745739175644,-0.4411343725637087
20.0,62.0,1001.55126953125,0.8244933396762953,0.1717593457825232,-2.378357160883819,-0.0311619068475907,0.5201670551719506,-0.5719348537550897,0.1201970601601191,-0.6215705967146201,-0.9274745739175644,-0.4411343576668111
20.0,62.0,1001.55126953125,0.8244933396762953,0.1717593457825232,-2.378357160883819,-0.031161684850084,0.5201670551719506,-0.5719347368786333,0.1201970601601191,-0.6215705967146201,-0.9274745739175644,-0.4411343132267076
20.0,62.0,1001.5520629882812,0.8244933294036615,0.1717593457825232,-2.378357160883819,-0.0311685058506026,0.5201670551719506,-0.5719348581296348,0.1201970601601191,-0.6215705967146201,-0.9274745739175644,-0.4411343904353429
20.0,62.0,1001.5533447265624,0.8244933396762953,0.1717593457825232,-2.378357160883819,-0.0311619068475907,0.5201670551719506,-0.5719347368786333,0.1201970601601191,-0.6215705967146201,-0.9274745739175644,-0.4411485266242159
20.0,62.0,1001.5533447265624,0.8244933397811947,0.1717593457825232,-2.378357160883819,-0.0311619068475907,0.5201670551719506,-0.5719347368786333,0.1201970601601191,-0.6215705967146201,-0.9274745739175644,-0.4411485266242159
20.0,62.0,1001.5537109375,0.8244933520559076,0.1717593457825232,-2.378357160883819,-0.0311681312092061,0.5201670551719506,-0.5719415194684355,0.1201970601601191,-0.6215705967146201,-0.9274745739175644,-0.4411326272592422
20.0,62.0,1001.5537109375,0.8244933520559076,0.1717593457825232,-2.378357160883819,-0.0311681312092061,0.5201670551719506,-0.5719415194684355,0.1201970601601191,-0.6215705967146201,-0.9274745739175644,-0.4411326272592422
20.0,62.0,1001.554443359375,0.824493338466423,0.1717593457825232,-2.378357160883819,-0.0311909430233831,0.5201670551719506,-0.5719346059614732,0.1201970601601191,-0.6215705967146201,-0.9274745739175644,-0.4411334327514873
20.0,62.0,1001.554443359375,0.8244933377583699,0.1717593457825232,-2.378357160883819,-0.0311909390552555,0.5201670551719506,-0.5719346299273008,0.1201970601601191,-0.6215705967146201,-0.9274745739175644,-0.4411333342694776
20.0,62.0,1001.5546264648438,0.824493338466423,0.1717593457825232,-2.378357160883819,-0.0311909430233831,0.5201670551719506,-0.5719346059614732,0.1201970601601191,-0.6215705967146201,-0.9274745739175644,-0.4411343216329937
20.0,62.0,1001.5546264648438,0.824493338466423,0.1717593457825232,-2.378357160883819,-0.0311909430233831,0.5201670551719506,-0.5719346059614732,0.1201970601601191,-0.6215705967146201,-0.9274745739175644,-0.4411343216329937
20.0,62.0,1001.5546264648438,0.824493338466423,0.1717593457825232,-2.378357160883819,-0.0311909430233831,0.5201670551719506,-0.5719346059614732,0.1201970601601191,-0.6215705967146201,-0.9274745739175644,-0.4411343216329937
20.0,62.0,1001.5546264648438,0.8244933525227314,0.1717593457825232,-2.378357160883819,-0.0311909389625692,0.5201670551719506,-0.571935012990933,0.1201970601601191,-0.6215705967146201,-0.9274745739175644,-0.4411335818558871
20.0,62.0,1001.5546264648438,0.8244933377393266,0.1717593457825232,-2.378357160883819,-0.0311909460171398,0.5201670551719506,-0.5719346059614732,0.1201970601601191,-0.6215705967146201,-0.9274745739175644,-0.4411343252226358
20.0,62.0,1001.5546264648438,0.8244933532045456,0.1717593457825232,-2.378357160883819,-0.0311909432090103,0.5201670551719506,-0.5719346059614732,0.1201970601601191,-0.6215705967146201,-0.9274745739175644,-0.4411343216329937
20.0,62.0,1001.5546264648438,0.8244933525227314,0.1717593457825232,-2.378357160883819,-0.0311909389625692,0.5201670551719506,-0.571935012990933,0.1201970601601191,-0.6215705967146201,-0.9274745739175644,-0.4411335818558871
20.0,62.0,1001.5546264648438,0.824493338466423,0.1717593457825232,-2.378357160883819,-0.0311909430233831,0.5201670551719506,-0.5719346059614732,0.1201970601601191,-0.6215705967146201,-0.9274745739175644,-0.4411343216329937
20.0,62.0,1001.5546264648438,0.8244933525227314,0.1717593457825232,-2.378357160883819,-0.0311909389625692,0.5201670551719506,-0.571935012990933,0.1201970601601191,-0.6215705967146201,-0.9274745739175644,-0.4411335818558871
20.0,62.0,1001.5546264648438,0.8244933377391017,0.1717593457825232,-2.378357160883819,-0.0311909459497959,0.5201670551719506,-0.5719346059614732,0.1201970601601191,-0.6215705967146201,-0.9274745739175644,-0.4411343252226358
20.0,62.0,1001.5546264648438,0.8244933525227314,0.1717593457825232,-2.378357160883819,-0.0311909432206229,0.5201670551719506,-0.571935012990933,0.1201970601601191,-0.6215705967146201,-0.9274745739175644,-0.4411335818558871
20.0,62.0,1001.5546264648438,0.824493338466423,0.1717593457825232,-2.378357160883819,-0.0311909432281024,0.5201670551719506,-0.5719348018167378,0.1201970601601191,-0.6215705967146201,-0.9274745739175644,-0.4411334327514873
20.0,62.0,1001.5546264648438,0.824493338466423,0.1717593457825232,-2.378357160883819,-0.0311909430233831,0.5201670551719506,-0.5719346059614732,0.1201970601601191,-0.6215705967146201,-0.9274745739175644,-0.4411343216329937
20.0,62.0,1001.5546264648438,0.8244933377393266,0.1717593457825232,-2.378357160883819,-0.0311909460515703,0.5201670551719506,-0.5719346059614732,0.1201970601601191,-0.6215705967146201,-0.9274745739175644,-0.4411343216655806
20.0,62.0,1001.5546264648438,0.8244933532045456,0.1717593457825232,-2.378357160883819,-0.0311909389509566,0.5201670551719506,-0.5719346059614732,0.1201970601601191,-0.6215705967146201,-0.9274745739175644,-0.4411343216329937
20.0,62.0,1001.5546264648438,0.824493338466423,0.1717593457825232,-2.378357160883819,-0.0311909430233831,0.5201670551719506,-0.5719346059614732,0.1201970601601191,-0.6215705967146201,-0.9274745739175644,-0.4411343216329937
20.0,62.0,1001.5546875,0.824495009038268,0.1717593457825232,-2.378357160883819,-0.0311909432060103,0.5201670551719506,-0.5719335908546948,0.1201970601601191,-0.6215705967146201,-0.9274745739175644,-0.4411342449385265
20.0,62.0,1001.5547485351562,0.8244933525227314,0.1717593457825232,-2.378357160883819,-0.0311909432060103,0.5201670551719506,-0.571935012990933,0.1201970601601191,-0.6215705967146201,-0.9274745739175644,-0.4411342323538927
20.0,62.0,1001.5547485351562,0.8244933525227314,0.1717593457825232,-2.378357160883819,-0.0311909432060103,0.5201670551719506,-0.571935012990933,0.1201970601601191,-0.6215705967146201,-0.9274745739175644,-0.4411342174569951
20.0,62.0,1001.5547485351562,0.8244934157499743,0.1717593457825232,-2.378357160883819,-0.0311909431253791,0.5201670551719506,-0.5719348343975381,0.1201970601601191,-0.6215705967146201,-0.9274745739175644,-0.4411343215394363
20.0,62.0,1001.5547485351562,0.8244933525227314,0.1717593457825232,-2.378357160883819,-0.0311909432060103,0.5201670551719506,-0.571935012990933,0.1201970601601191,-0.6215705967146201,-0.9274745739175644,-0.4411342323538927
20.0,62.0,1001.5547485351562,0.8244933516658123,0.1717593457825232,-2.378357160883819,-0.0311909432060103,0.5201670551719506,-0.571935012990933,0.1201970601601191,-0.6215705967146201,-0.9274745739175644,-0.4411342323538927
20.0,62.0,1001.5548095703124,0.824495009038268,0.1717593457825232,-2.378357160883819,-0.0311909432060103,0.5201670551719506,-0.5719337886052732,0.1201970601601191,-0.6215705967146201,-0.9274745739175644,-0.4411348425033006
20.0,62.0,1001.5548095703124,0.8244933487092853,0.1717593457825232,-2.378357160883819,-0.0311914136381292,0.5201670551719506,-0.5719350261393948,0.1201970601601191,-0.6215705967146201,-0.9274745739175644,-0.4411343918006656
20.0,62.0,1001.5548706054688,0.8244933377583699,0.1717593457825232,-2.378357160883819,-0.0311909460367092,0.5201670551719506,-0.5719354823739665,0.1201970601601191,-0.6215705967146201,-0.9274745739175644,-0.4411342175755867
20.0,62.0,1001.5548706054688,0.8244933384854662,0.1717593457825232,-2.378357160883819,-0.0311909430429525,0.5201670551719506,-0.5719354823739665,0.1201970601601191,-0.6215705967146201,-0.9274745739175644,-0.4411342139859446
20.0,62.0,1001.5548706054688,0.8244952246753067,0.1717593457825232,-2.378357160883819,-0.0311909388499853,0.5201670551719506,-0.5719346385422734,0.1201970601601191,-0.6215705967146201,-0.9274745739175644,-0.4411334469377221
20.0,62.0,1001.554931640625,0.8244952246753067,0.1717593457825232,-2.378357160883819,-0.0311909390547047,0.5201670551719506,-0.5719348343975381,0.1201970601601191,-0.6215705967146201,-0.9274745739175644,-0.4411334469377221
20.0,62.0,1001.554931640625,0.8244952497744648,0.1717593457825232,-2.378357160883819,-0.0311909430233831,0.5201670551719506,-0.5719346059614732,0.1201970601601191,-0.6215705967146201,-0.9274745739175644,-0.4411343216329937
20.0,62.0,1001.554931640625,0.8244952497744648,0.1717593457825232,-2.378357160883819,-0.0311909430233831,0.5201670551719506,-0.5719346059614732,0.1201970601601191,-0.6215705967146201,-0.9274745739175644,-0.4411343216329937
20.0,62.0,1001.554931640625,0.8244954266439436,0.1717593457825232,-2.378357160883819,-0.0311909303196158,0.5201670551719506,-0.5719348424091574,0.1201970601601191,-0.6215705967146201,-0.9274745739175644,-0.4411335816933863
20.0,62.0,1001.5549926757812,0.8244952138113228,0.1717593457825232,-2.378357160883819,-0.0311909430233831,0.5201670551719506,-0.5719346135757076,0.1201970601601191,-0.6215705967146201,-0.9274745739175644,-0.4411343216329937
20.0,62.0,1001.5550537109376,0.8244952246753067,0.1717593457825232,-2.378357160883819,-0.0311909390547047,0.5201670551719506,-0.5719348343975381,0.1201970601601191,-0.6215705967146201,-0.9274745739175644,-0.4411343358192285
20.0,62.0,1001.55517578125,0.8244954228304974,0.1717593457825232,-2.378357160883819,-0.0311913858195259,0.5201670551719506,-0.5719348555576191,0.1201970601601191,-0.6215705967146201,-0.9274745739175644,-0.4411343916381649
20.0,62.0,1001.55517578125,0.8244954228304974,0.1717593457825232,-2.378357160883819,-0.0311913858195259,0.5201670551719506,-0.5719347386811628,0.1201970601601191,-0.6215705967146201,-0.9274745739175644,-0.4411343916381649
20.0,62.0,1001.55517578125,0.8244954228304974,0.1717593457825232,-2.378357160883819,-0.0311914049951758,0.5201670551719506,-0.5719348555576191,0.1201970601601191,-0.6215705967146201,-0.9274745739175644,-0.4411343916381649
20.0,62.0,1001.55517578125,0.8244954228304974,0.1717593457825232,-2.378357160883819,-0.0311913858195259,0.5201670551719506,-0.5719348555576191,0.1201970601601191,-0.6215705967146201,-0.9274745739175644,-0.4411343916381649
20.0,62.0,1001.5554809570312,0.8245131602217554,0.1717593457825232,-2.378357160883819,-0.0311659888054199,0.5201670551719506,-0.5719346046834108,0.1201970601601191,-0.6215705967146201,-0.9274745739175644,-0.4411342751180713
20.0,62.0,1001.5555419921876,0.8245132898288371,0.1717593457825232,-2.378357160883819,-0.0311660051421765,0.5201670551719506,-0.5719346046834108,0.1201970601601191,-0.6215705967146201,-0.9274745739175644,-0.4411342751180713
20.0,63.0,1001.5510864257812,0.8244933395793563,0.1717593457825232,-2.378357160883819,-0.0311612957391426,0.5201670551719506,-0.5719347368786333,0.1201970601601191,-0.6215705967146201,-0.9274745739175644,-0.4411343725637087
20.0,63.0,1001.55126953125,0.8244933396762953,0.1717593457825232,-2.378357160883819,-0.0311619068475907,0.5201670551719506,-0.5719347368786333,0.1201970601601191,-0.6215705967146201,-0.9274745739175644,-0.4411343576668111
20.0,63.0,1001.55126953125,0.8244933396762953,0.1717593457825232,-2.378357160883819,-0.0311619068475907,0.5201670551719506,-0.5719347368786333,0.1201970601601191,-0.6215705967146201,-0.9274745739175644,-0.4411343725637087
20.0,63.0,1001.55126953125,0.8244933396762953,0.1717593457825232,-2.378357160883819,-0.0311619068475907,0.5201670551719506,-0.5719348537550897,0.1201970601601191,-0.6215705967146201,-0.9274745739175644,-0.4411343576668111
20.0,63.0,1001.55126953125,0.8244933396762953,0.1717593457825232,-2.378357160883819,-0.031161684850084,0.5201670551719506,-0.5719347368786333,0.1201970601601191,-0.6215705967146201,-0.9274745739175644,-0.4411343132267076
20.0,63.0,1001.55126953125,0.8244933384703989,0.1717593457825232,-2.378357160883819,-0.031161684850084,0.5201670551719506,-0.5719347368786333,0.1201970601601191,-0.6215705967146201,-0.9274745739175644,-0.4411343132267076
20.0,63.0,1001.55126953125,0.8244933396762953,0.1717593457825232,-2.378357160883819,-0.0311619068475907,0.5201670551719506,-0.5719348580172902,0.1201970601601191,-0.6215705967146201,-0.9274745739175644,-0.4411343576668111
20.0,63.0,1001.55126953125,0.8244933378372609,0.1717593457825232,-2.378357160883819,-0.0311617113361492,0.5201670551719506,-0.5719347368786333,0.1201970601601191,-0.6215705967146201,-0.9274745739175644,-0.4411343132267076
20.0,63.0,1001.5519409179688,0.824493338466423,0.1717593457825232,-2.378357160883819,-0.0311686149419974,0.5201670551719506,-0.5719346059614732,0.1201970601601191,-0.6215705967146201,-0.9274745739175644,-0.4411343216329937
20.0,63.0,1001.5520629882812,0.8244933294036615,0.1717593457825232,-2.378357160883819,-0.0311685058506026,0.5201670551719506,-0.5719348581296348,0.1201970601601191,-0.6215705967146201,-0.9274745739175644,-0.4411343904353429
20.0,63.0,1001.5533447265624,0.8244933396762953,0.1717593457825232,-2.378357160883819,-0.0311619068475907,0.5201670551719506,-0.5719347368786333,0.1201970601601191,-0.6215705967146201,-0.9274745739175644,-0.4411485266242159
20.0,63.0,1001.5533447265624,0.8244933397811947,0.1717593457825232,-2.378357160883819,-0.0311619068475907,0.5201670551719506,-0.5719347368786333,0.1201970601601191,-0.6215705967146201,-0.9274745739175644,-0.4411485266242159
20.0,63.0,1001.5533447265624,0.8244933397811947,0.1717593457825232,-2.378357160883819,-0.0311619068475907,0.5201670551719506,-0.5719347368786333,0.1201970601601191,-0.6215705967146201,-0.9274745739175644,-0.4411485266242159
20.0,63.0,1001.5537109375,0.8244933520559076,0.1717593457825232,-2.378357160883819,-0.0311681312092061,0.5201670551719506,-0.5719415194684355,0.1201970601601191,-0.6215705967146201,-0.9274745739175644,-0.4411326272592422
20.0,63.0,1001.5537109375,0.8244933520559076,0.1717593457825232,-2.378357160883819,-0.0311681312092061,0.5201670551719506,-0.5719415194684355,0.1201970601601191,-0.6215705967146201,-0.9274745739175644,-0.4411326272592422
20.0,63.0,1001.554443359375,0.824493338466423,0.1717593457825232,-2.378357160883819,-0.0311909430233831,0.5201670551719506,-0.5719346059614732,0.1201970601601191,-0.6215705967146201,-0.9274745739175644,-0.4411334327514873
20.0,63.0,1001.554443359375,0.8244933377583699,0.1717593457825232,-2.378357160883819,-0.0311909390552555,0.5201670551719506,-0.5719346299273008,0.1201970601601191,-0.6215705967146201,-0.9274745739175644,-0.4411333342694776
20.0,63.0,1001.554443359375,0.8244933525227314,0.1717593457825232,-2.378357160883819,-0.0311909432060103,0.5201670551719506,-0.5719336886203353,0.1201970601601191,-0.6215705967146201,-0.9274745739175644,-0.4411348747188421
20.0,63.0,1001.554443359375,0.8244933377583699,0.1717593457825232,-2.378357160883819,-0.0311909390506193,0.5201670551719506,-0.5719346299273008,0.1201970601601191,-0.6215705967146201,-0.9274745739175644,-0.4411333342694776
20.0,63.0,1001.5545043945312,0.824493338466423,0.1717593457825232,-2.378357160883819,-0.0311909430090679,0.5201670551719506,-0.5719346126740342,0.1201970601601191,-0.6215705967146201,-0.9274745739175644,-0.4411334327514873
20.0,63.0,1001.5546264648438,0.824493338466423,0.1717593457825232,-2.378357160883819,-0.0311909430233831,0.5201670551719506,-0.5719346059614732,0.1201970601601191,-0.6215705967146201,-0.9274745739175644,-0.4411343216329937
20.0,63.0,1001.5546264648438,0.824493338466423,0.1717593457825232,-2.378357160883819,-0.0311909430233831,0.5201670551719506,-0.5719346059614732,0.1201970601601191,-0.6215705967146201,-0.9274745739175644,-0.4411343216329937
20.0,63.0,1001.5546264648438,0.824493338466423,0.1717593457825232,-2.378357160883819,-0.0311909430233831,0.5201670551719506,-0.5719346059614732,0.1201970601601191,-0.6215705967146201,-0.9274745739175644,-0.4411343216329937
20.0,63.0,1001.5546264648438,0.8244933525227314,0.1717593457825232,-2.378357160883819,-0.0311909389625692,0.5201670551719506,-0.571935012990933,0.1201970601601191,-0.6215705967146201,-0.9274745739175644,-0.4411335818558871
20.0,63.0,1001.5546264648438,0.8244933377393266,0.1717593457825232,-2.378357160883819,-0.0311909460171398,0.5201670551719506,-0.5719346059614732,0.1201970601601191,-0.6215705967146201,-0.9274745739175644,-0.4411343252226358
20.0,63.0,1001.5546264648438,0.8244933532045456,0.1717593457825232,-2.378357160883819,-0.0311909432090103,0.5201670551719506,-0.5719346059614732,0.1201970601601191,-0.6215705967146201,-0.9274745739175644,-0.4411343216329937
20.0,63.0,1001.5546264648438,0.8244933525227314,0.1717593457825232,-2.378357160883819,-0.0311909389625692,0.5201670551719506,-0.571935012990933,0.1201970601601191,-0.6215705967146201,-0.9274745739175644,-0.4411335818558871
20.0,63.0,1001.5546264648438,0.824493338466423,0.1717593457825232,-2.378357160883819,-0.0311909430233831,0.5201670551719506,-0.5719346059614732,0.1201970601601191,-0.6215705967146201,-0.9274745739175644,-0.4411343216329937
20.0,63.0,1001.5546264648438,0.8244933525227314,0.1717593457825232,-2.378357160883819,-0.0311909389625692,0.5201670551719506,-0.571935012990933,0.1201970601601191,-0.6215705967146201,-0.9274745739175644,-0.4411335818558871
20.0,63.0,1001.5546264648438,0.8244933377391017,0.1717593457825232,-2.378357160883819,-0.0311909459497959,0.5201670551719506,-0.5719346059614732,0.1201970601601191,-0.6215705967146201,-0.9274745739175644,-0.4411343252226358
20.0,63.0,1001.5546264648438,0.8244933525227314,0.1717593457825232,-2.378357160883819,-0.0311909432206229,0.5201670551719506,-0.571935012990933,0.1201970601601191,-0.6215705967146201,-0.9274745739175644,-0.4411335818558871
20.0,63.0,1001.5546264648438,0.824493338466423,0.1717593457825232,-2.378357160883819,-0.0311909432281024,0.5201670551719506,-0.5719348018167378,0.1201970601601191,-0.6215705967146201,-0.9274745739175644,-0.4411334327514873
20.0,63.0,1001.5546264648438,0.824493338466423,0.1717593457825232,-2.378357160883819,-0.0311909430233831,0.5201670551719506,-0.5719346059614732,0.1201970601601191,-0.6215705967146201,-0.9274745739175644,-0.4411343216329937
20.0,63.0,1001.5546264648438,0.8244933377393266,0.1717593457825232,-2.378357160883819,-0.0311909460515703,0.5201670551719506,-0.5719346059614732,0.1201970601601191,-0.6215705967146201,-0.9274745739175644,-0.4411343216655806
20.0,63.0,1001.5546264648438,0.8244933532045456,0.1717593457825232,-2.378357160883819,-0.0311909389509566,0.5201670551719506,-0.5719346059614732,0.1201970601601191,-0.6215705967146201,-0.9274745739175644,-0.4411343216329937
20.0,63.0,1001.5546264648438,0.824493338466423,0.1717593457825232,-2.378357160883819,-0.0311909430233831,0.5201670551719506,-0.5719346059614732,0.1201970601601191,-0.6215705967146201,-0.9274745739175644,-0.4411343216329937
20.0,63.0,1001.5546264648438,0.8244933385633619,0.1717593457825232,-2.378357160883819,-0.0311915541318312,0.5201670551719506,-0.5719346059614732,0.1201970601601191,-0.6215705967146201,-0.9274745739175644,-0.4411334327514873
20.0,63.0,1001.5546264648438,0.824493338466423,0.1717593457825232,-2.378357160883819,-0.0311909430233831,0.5201670551719506,-0.5719347363644086,0.1201970601601191,-0.6215705967146201,-0.9274745739175644,-0.4411343228424903
20.0,63.0,1001.5546264648438,0.8244934406876211,0.1717593457825232,-2.378357160883819,-0.0311913858195259,0.5201670551719506,-0.5719348555576191,0.1201970601601191,-0.6215705967146201,-0.9274745739175644,-0.4411333762053763
20.0,63.0,1001.5546875,0.824495009038268,0.1717593457825232,-2.378357160883819,-0.0311909432060103,0.5201670551719506,-0.5719335908546948,0.1201970601601191,-0.6215705967146201,-0.9274745739175644,-0.4411342449385265
20.0,63.0,1001.5546875,0.8244950120481911,0.1717593457825232,-2.378357160883819,-0.0311909432060103,0.5201670551719506,-0.571933604417385,0.1201970601601191,-0.6215705967146201,-0.9274745739175644,-0.4411342449385265
20.0,63.0,1001.5547485351562,0.8244933525227314,0.1717593457825232,-2.378357160883819,-0.0311909432060103,0.5201670551719506,-0.571935012990933,0.1201970601601191,-0.6215705967146201,-0.9274745739175644,-0.4411342323538927
20.0,63.0,1001.5547485351562,0.8244933525227314,0.1717593457825232,-2.378357160883819,-0.0311909432060103,0.5201670551719506,-0.571935012990933,0.1201970601601191,-0.6215705967146201,-0.9274745739175644,-0.4411342174569951
20.0,63.0,1001.5547485351562,0.8244934157499743,0.1717593457825232,-2.378357160883819,-0.0311909431253791,0.5201670551719506,-0.5719348343975381,0.1201970601601191,-0.6215705967146201,-0.9274745739175644,-0.4411343215394363
20.0,63.0,1001.5547485351562,0.8244933525227314,0.1717593457825232,-2.378357160883819,-0.0311909432060103,0.5201670551719506,-0.571935012990933,0.1201970601601191,-0.6215705967146201,-0.9274745739175644,-0.4411342323538927
20.0,63.0,1001.5547485351562,0.8244933516658123,0.1717593457825232,-2.378357160883819,-0.0311909432060103,0.5201670551719506,-0.571935012990933,0.1201970601601191,-0.6215705967146201,-0.9274745739175644,-0.4411342323538927
20.0,63.0,1001.5548095703124,0.824495009038268,0.1717593457825232,-2.378357160883819,-0.0311909432060103,0.5201670551719506,-0.5719337886052732,0.1201970601601191,-0.6215705967146201,-0.9274745739175644,-0.4411348425033006
20.0,63.0,1001.5548095703124,0.8244933487092853,0.1717593457825232,-2.378357160883819,-0.0311914136381292,0.5201670551719506,-0.5719350261393948,0.1201970601601191,-0.6215705967146201,-0.9274745739175644,-0.4411343918006656
20.0,63.0,1001.5548706054688,0.8244933377583699,0.1717593457825232,-2.378357160883819,-0.0311909460367092,0.5201670551719506,-0.5719354823739665,0.1201970601601191,-0.6215705967146201,-0.9274745739175644,-0.4411342175755867
20.0,63.0,1001.5548706054688,0.8244933384854662,0.1717593457825232,-2.378357160883819,-0.0311909430429525,0.5201670551719506,-0.5719354823739665,0.1201970601601191,-0.6215705967146201,-0.9274745739175644,-0.4411342139859446
20.0,64.0,1001.55078125,0.824493352546332,0.1717593457825232,-2.378357160883819,-0.0311582155397999,0.5201670551719506,-0.5719347513121269,0.1201970601601191,-0.6215705967146201,-0.9274745739175644,-0.4411343725637087
20.0,64.0,1001.5510864257812,0.8244933395793563,0.1717593457825232,-2.378357160883819,-0.0311612957391426,0.5201670551719506,-0.5719347368786333,0.1201970601601191,-0.6215705967146201,-0.9274745739175644,-0.4411343725637087
20.0,64.0,1001.5510864257812,0.8244933396758928,0.1717593457825232,-2.378357160883819,-0.0311612957391426,0.5201670551719506,-0.5719347368786333,0.1201970601601191,-0.6215705967146201,-0.9274745739175644,-0.4411343134591197
20.0,64.0,1001.5512084960938,0.8244933397811947,0.1717593457825232,-2.378357160883819,-0.0311619068475907,0.5201670551719506,-0.5719347368786333,0.1201970601601191,-0.6215705967146201,-0.9274745739175644,-0.4411341822033336
20.0,64.0,1001.55126953125,0.8244933396762953,0.1717593457825232,-2.378357160883819,-0.0311619068475907,0.5201670551719506,-0.5719347368786333,0.1201970601601191,-0.6215705967146201,-0.9274745739175644,-0.4411343576668111
20.0,64.0,1001.55126953125,0.8244933396762953,0.1717593457825232,-2.378357160883819,-0.0311619068475907,0.5201670551719506,-0.5719347368786333,0.1201970601601191,-0.6215705967146201,-0.9274745739175644,-0.4411343725637087
20.0,64.0,1001.55126953125,0.8244933396762953,0.1717593457825232,-2.378357160883819,-0.0311619068475907,0.5201670551719506,-0.5719348537550897,0.1201970601601191,-0.6215705967146201,-0.9274745739175644,-0.4411343576668111
20.0,64.0,1001.55126953125,0.8244933396762953,0.1717593457825232,-2.378357160883819,-0.031161684850084,0.5201670551719506,-0.5719347368786333,0.1201970601601191,-0.6215705967146201,-0.9274745739175644,-0.4411343132267076
20.0,64.0,1001.55126953125,0.8244933384703989,0.1717593457825232,-2.378357160883819,-0.031161684850084,0.5201670551719506,-0.5719347368786333,0.1201970601601191,-0.6215705967146201,-0.9274745739175644,-0.4411343132267076
20.0,64.0,1001.55126953125,0.8244933396762953,0.1717593457825232,-2.378357160883819,-0.0311619068475907,0.5201670551719506,-0.5719348580172902,0.1201970601601191,-0.6215705967146201,-0.9274745739175644,-0.4411343576668111
20.0,64.0,1001.55126953125,0.8244933378372609,0.1717593457825232,-2.378357160883819,-0.0311617113361492,0.5201670551719506,-0.5719347368786333,0.1201970601601191,-0.6215705967146201,-0.9274745739175644,-0.4411343132267076
20.0,64.0,1001.55126953125,0.8244933378372609,0.1717593457825232,-2.378357160883819,-0.0311619047514739,0.5201670551719506,-0.5719347368786333,0.1201970601601191,-0.6215705967146201,-0.9274745739175644,-0.4411343132267076
20.0,64.0,1001.55126953125,0.8244933396762953,0.1717593457825232,-2.378357160883819,-0.0311619068475907,0.5201670551719506,-0.5719348537550897,0.1201970601601191,-0.6215705967146201,-0.9274745739175644,-0.4411343576668111
20.0,64.0,1001.55126953125,0.8244933396762953,0.1717593457825232,-2.378357160883819,-0.0311619068475907,0.5201670551719506,-0.5719348593404203,0.1201970601601191,-0.6215705967146201,-0.9274745739175644,-0.4411343576668111
20.0,64.0,1001.55126953125,0.8244933396762953,0.1717593457825232,-2.378357160883819,-0.0311619068475907,0.5201670551719506,-0.5719350126183836,0.1201970601601191,-0.6215705967146201,-0.9274745739175644,-0.4411343717241537
20.0,64.0,1001.55126953125,0.8244933385223694,0.1717593457825232,-2.378357160883819,-0.0311619032230971,0.5201670551719506,-0.5719347368786333,0.1201970601601191,-0.6215705967146201,-0.9274745739175644,-0.4411343132267076
20.0,64.0,1001.55126953125,0.8244933397811947,0.1717593457825232,-2.378357160883819,-0.0311619068475907,0.5201670551719506,-0.5719347368786333,0.1201970601601191,-0.6215705967146201,-0.9274745739175644,-0.4411343191291019
20.0,64.0,1001.55126953125,0.8244933396755834,0.1717593457825232,-2.378357160883819,-0.0311617101590943,0.5201670551719506,-0.5719347368786333,0.1201970601601191,-0.6215705967146201,-0.9274745739175644,-0.4411343130055486
20.0,64.0,1001.5519409179688,0.824493338466423,0.1717593457825232,-2.378357160883819,-0.0311686149419974,0.5201670551719506,-0.5719346059614732,0.1201970601601191,-0.6215705967146201,-0.9274745739175644,-0.4411343216329937
20.0,64.0,1001.552001953125,0.824493338466423,0.1717593457825232,-2.378357160883819,-0.0311689470397152,0.5201670551719506,-0.5719346059614732,0.1201970601601191,-0.6215705967146201,-0.9274745739175644,-0.4411343216329937
20.0,64.0,1001.5520629882812,0.8244933294036615,0.1717593457825232,-2.378357160883819,-0.0311685058506026,0.5201670551719506,-0.5719348581296348,0.1201970601601191,-0.6215705967146201,-0.9274745739175644,-0.4411343904353429
20.0,64.0,1001.5533447265624,0.8244933396762953,0.1717593457825232,-2.378357160883819,-0.0311619068475907,0.5201670551719506,-0.5719347368786333,0.1201970601601191,-0.6215705967146201,-0.9274745739175644,-0.4411485266242159
20.0,64.0,1001.5533447265624,0.8244933397811947,0.1717593457825232,-2.378357160883819,-0.0311619068475907,0.5201670551719506,-0.5719347368786333,0.1201970601601191,-0.6215705967146201,-0.9274745739175644,-0.4411485266242159
20.0,64.0,1001.5533447265624,0.8244933397811947,0.1717593457825232,-2.378357160883819,-0.0311619068475907,0.5201670551719506,-0.5719347368786333,0.1201970601601191,-0.6215705967146201,-0.9274745739175644,-0.4411485266242159
20.0,64.0,1001.5533447265624,0.8244933397811947,0.1717593457825232,-2.378357160883819,-0.0311619068475907,0.5201670551719506,-0.5719347368786333,0.1201970601601191,-0.6215705967146201,-0.9274745739175644,-0.4411485266242159
20.0,64.0,1001.5537109375,0.8244933520559076,0.1717593457825232,-2.378357160883819,-0.0311681312092061,0.5201670551719506,-0.5719415194684355,0.1201970601601191,-0.6215705967146201,-0.9274745739175644,-0.4411326272592422
20.0,64.0,1001.5537109375,0.8244933520559076,0.1717593457825232,-2.378357160883819,-0.0311681312092061,0.5201670551719506,-0.5719415194684355,0.1201970601601191,-0.6215705967146201,-0.9274745739175644,-0.4411326272592422
20.0,64.0,1001.5537109375,0.8244933520559076,0.1717593457825232,-2.378357160883819,-0.0311681312092061,0.5201670551719506,-0.5719415194684355,0.1201970601601191,-0.6215705967146201,-0.9274745739175644,-0.4411326272592422
20.0,64.0,1001.5540161132812,0.824493338466423,0.1717593457825232,-2.378357160883819,-0.0311686149419974,0.5201670551719506,-0.5719346059614732,0.1201970601601191,-0.6215705967146201,-0.9274745739175644,-0.4411485291281078
20.0,64.0,1001.554443359375,0.824493338466423,0.1717593457825232,-2.378357160883819,-0.0311909430233831,0.5201670551719506,-0.5719346059614732,0.1201970601601191,-0.6215705967146201,-0.9274745739175644,-0.4411334327514873
20.0,64.0,1001.554443359375,0.8244933377583699,0.1717593457825232,-2.378357160883819,-0.0311909390552555,0.5201670551719506,-0.5719346299273008,0.1201970601601191,-0.6215705967146201,-0.9274745739175644,-0.4411333342694776
20.0,64.0,1001.554443359375,0.8244933525227314,0.1717593457825232,-2.378357160883819,-0.0311909432060103,0.5201670551719506,-0.5719336886203353,0.1201970601601191,-0.6215705967146201,-0.9274745739175644,-0.4411348747188421
20.0,64.0,1001.554443359375,0.8244933377583699,0.1717593457825232,-2.378357160883819,-0.0311909390506193,0.5201670551719506,-0.5719346299273008,0.1201970601601191,-0.6215705967146201,-0.9274745739175644,-0.4411333342694776
20.0,64.0,1001.554443359375,0.8244933390178333,0.1717593457825232,-2.378357160883819,-0.0311909390215911,0.5201670551719506,-0.5719346059614732,0.1201970601601191,-0.6215705967146201,-0.9274745739175644,-0.4411334635762993
20.0,64.0,1001.554443359375,0.824493338466423,0.1717593457825232,-2.378357160883819,-0.0311909430233831,0.5201670551719506,-0.5719346059614732,0.1201970601601191,-0.6215705967146201,-0.9274745739175644,-0.4411334467797031
20.0,64.0,1001.5545043945312,0.824493338466423,0.1717593457825232,-2.378357160883819,-0.0311909430090679,0.5201670551719506,-0.5719346126740342,0.1201970601601191,-0.6215705967146201,-0.9274745739175644,-0.4411334327514873
20.0,64.0,1001.5546264648438,0.824493338466423,0.1717593457825232,-2.378357160883819,-0.0311909430233831,0.5201670551719506,-0.5719346059614732,0.1201970601601191,-0.6215705967146201,-0.9274745739175644,-0.4411343216329937
20.0,64.0,1001.5546264648438,0.824493338466423,0.1717593457825232,-2.378357160883819,-0.0311909430233831,0.5201670551719506,-0.5719346059614732,0.1201970601601191,-0.6215705967146201,-0.9274745739175644,-0.4411343216329937
20.0,64.0,1001.5546264648438,0.824493338466423,0.1717593457825232,-2.378357160883819,-0.0311909430233831,0.5201670551719506,-0.5719346059614732,0.1201970601601191,-0.6215705967146201,-0.9274745739175644,-0.4411343216329937
20.0,64.0,1001.5546264648438,0.8244933525227314,0.1717593457825232,-2.378357160883819,-0.0311909389625692,0.5201670551719506,-0.571935012990933,0.1201970601601191,-0.6215705967146201,-0.9274745739175644,-0.4411335818558871
20.0,64.0,1001.5546264648438,0.8244933377393266,0.1717593457825232,-2.378357160883819,-0.0311909460171398,0.5201670551719506,-0.5719346059614732,0.1201970601601191,-0.6215705967146201,-0.9274745739175644,-0.4411343252226358
20.0,64.0,1001.5546264648438,0.8244933532045456,0.1717593457825232,-2.378357160883819,-0.0311909432090103,0.5201670551719506,-0.5719346059614732,0.1201970601601191,-0.6215705967146201,-0.9274745739175644,-0.4411343216329937
20.0,64.0,1001.5546264648438,0.8244933525227314,0.1717593457825232,-2.378357160883819,-0.0311909389625692,0.5201670551719506,-0.571935012990933,0.1201970601601191,-0.6215705967146201,-0.9274745739175644,-0.4411335818558871
20.0,64.0,1001.5546264648438,0.824493338466423,0.1717593457825232,-2.378357160883819,-0.0311909430233831,0.5201670551719506,-0.5719346059614732,0.1201970601601191,-0.6215705967146201,-0.9274745739175644,-0.4411343216329937
20.0,64.0,1001.5546264648438,0.8244933525227314,0.1717593457825232,-2.378357160883819,-0.0311909389625692,0.5201670551719506,-0.571935012990933,0.1201970601601191,-0.6215705967146201,-0.9274745739175644,-0.4411335818558871
20.0,64.0,1001.5546264648438,0.8244933377391017,0.1717593457825232,-2.378357160883819,-0.0311909459497959,0.5201670551719506,-0.5719346059614732,0.1201970601601191,-0.6215705967146201,-0.9274745739175644,-0.4411343252226358
20.0,64.0,1001.5546264648438,0.8244933525227314,0.1717593457825232,-2.378357160883819,-0.0311909432206229,0.5201670551719506,-0.571935012990933,0.1201970601601191,-0.6215705967146201,-0.9274745739175644,-0.4411335818558871
20.0,64.0,1001.5546264648438,0.824493338466423,0.1717593457825232,-2.378357160883819,-0.0311909432281024,0.5201670551719506,-0.5719348018167378,0.1201970601601191,-0.6215705967146201,-0.9274745739175644,-0.4411334327514873
20.0,64.0,1001.5546264648438,0.824493338466423,0.1717593457825232,-2.378357160883819,-0.0311909430233831,0.5201670551719506,-0.5719346059614732,0.1201970601601191,-0.6215705967146201,-0.9274745739175644,-0.4411343216329937
20.0,64.0,1001.5546264648438,0.8244933377393266,0.1717593457825232,-2.378357160883819,-0.0311909460515703,0.5201670551719506,-0.5719346059614732,0.1201970601601191,-0.6215705967146201,-0.9274745739175644,-0.4411343216655806
20.0,65.0,1001.5507202148438,0.8244933387943909,0.1717593457825232,-2.378357160883819,-0.0311582155397999,0.5201670551719506,-0.5719345943293974,0.1201970601601191,-0.6215705967146201,-0.9274745739175644,-0.441134321303687
20.0,65.0,1001.55078125,0.824493352546332,0.1717593457825232,-2.378357160883819,-0.0311582155397999,0.5201670551719506,-0.5719347513121269,0.1201970601601191,-0.6215705967146201,-0.9274745739175644,-0.4411343725637087
20.0,65.0,1001.55078125,0.8244933396762953,0.1717593457825232,-2.378357160883819,-0.0311581954370232,0.5201670551719506,-0.5719347507553313,0.1201970601601191,-0.6215705967146201,-0.9274745739175644,-0.4411343576668111
20.0,65.0,1001.5509643554688,0.8244933384705639,0.1717593457825232,-2.378357160883819,-0.0311614958880763,0.5201670551719506,-0.5719345963452113,0.1201970601601191,-0.6215705967146201,-0.9274745739175644,-0.4411336882835726
20.0,65.0,1001.551025390625,0.8244933398703918,0.1717593457825232,-2.378357160883819,-0.0311614076860054,0.5201670551719506,-0.5719346059614732,0.1201970601601191,-0.6215705967146201,-0.9274745739175644,-0.4411343192833997
20.0,65.0,1001.5510864257812,0.8244933395793563,0.1717593457825232,-2.378357160883819,-0.0311612957391426,0.5201670551719506,-0.5719347368786333,0.1201970601601191,-0.6215705967146201,-0.9274745739175644,-0.4411343725637087
20.0,65.0,1001.5510864257812,0.8244933396758928,0.1717593457825232,-2.378357160883819,-0.0311612957391426,0.5201670551719506,-0.5719347368786333,0.1201970601601191,-0.6215705967146201,-0.9274745739175644,-0.4411343134591197
20.0,65.0,1001.5510864257812,0.824493338421538,0.1717593457825232,-2.378357160883819,-0.0311613008942233,0.5201670551719506,-0.5719347368786333,0.1201970601601191,-0.6215705967146201,-0.9274745739175644,-0.441134309122146
20.0,65.0,1001.5511474609376,0.8244933396755834,0.1717593457825232,-2.378357160883819,-0.0311617101590943,0.5201670551719506,-0.571934606159374,0.1201970601601191,-0.6215705967146201,-0.9274745739175644,-0.4411343130055486
20.0,65.0,1001.5511474609376,0.8244933384705364,0.1717593457825232,-2.378357160883819,-0.031161684850084,0.5201670551719506,-0.5719346089846451,0.1201970601601191,-0.6215705967146201,-0.9274745739175644,-0.4411343132286334
20.0,65.0,1001.5511474609376,0.8244933395793563,0.1717593457825232,-2.378357160883819,-0.031160991422281,0.5201670551719506,-0.5719347368786333,0.1201970601601191,-0.6215705967146201,-0.9274745739175644,-0.4411344211061906
20.0,65.0,1001.5512084960938,0.8244933397811947,0.1717593457825232,-2.378357160883819,-0.0311619068475907,0.5201670551719506,-0.5719347368786333,0.1201970601601191,-0.6215705967146201,-0.9274745739175644,-0.4411341822033336
20.0,65.0,1001.55126953125,0.8244933396762953,0.1717593457825232,-2.378357160883819,-0.0311619068475907,0.5201670551719506,-0.5719347368786333,0.1201970601601191,-0.6215705967146201,-0.9274745739175644,-0.4411343576668111
20.0,65.0,1001.55126953125,0.8244933396762953,0.1717593457825232,-2.378357160883819,-0.0311619068475907,0.5201670551719506,-0.5719347368786333,0.1201970601601191,-0.6215705967146201,-0.9274745739175644,-0.4411343725637087
20.0,65.0,1001.55126953125,0.8244933396762953,0.1717593457825232,-2.378357160883819,-0.0311619068475907,0.5201670551719506,-0.5719348537550897,0.1201970601601191,-0.6215705967146201,-0.9274745739175644,-0.4411343576668111
20.0,65.0,1001.55126953125,0.8244933396762953,0.1717593457825232,-2.378357160883819,-0.031161684850084,0.5201670551719506,-0.5719347368786333,0.1201970601601191,-0.6215705967146201,-0.9274745739175644,-0.4411343132267076
20.0,65.0,1001.55126953125,0.8244933384703989,0.1717593457825232,-2.378357160883819,-0.031161684850084,0.5201670551719506,-0.5719347368786333,0.1201970601601191,-0.6215705967146201,-0.9274745739175644,-0.4411343132267076
20.0,65.0,1001.55126953125,0.8244933396762953,0.1717593457825232,-2.378357160883819,-0.0311619068475907,0.5201670551719506,-0.5719348580172902,0.1201970601601191,-0.6215705967146201,-0.9274745739175644,-0.4411343576668111
20.0,65.0,1001.55126953125,0.8244933378372609,0.1717593457825232,-2.378357160883819,-0.0311617113361492,0.5201670551719506,-0.5719347368786333,0.1201970601601191,-0.6215705967146201,-0.9274745739175644,-0.4411343132267076
20.0,65.0,1001.55126953125,0.8244933378372609,0.1717593457825232,-2.378357160883819,-0.0311619047514739,0.5201670551719506,-0.5719347368786333,0.1201970601601191,-0.6215705967146201,-0.9274745739175644,-0.4411343132267076
20.0,65.0,1001.55126953125,0.8244933396762953,0.1717593457825232,-2.378357160883819,-0.0311619068475907,0.5201670551719506,-0.5719348537550897,0.1201970601601191,-0.6215705967146201,-0.9274745739175644,-0.4411343576668111
20.0,65.0,1001.55126953125,0.8244933396762953,0.1717593457825232,-2.378357160883819,-0.0311619068475907,0.5201670551719506,-0.5719348593404203,0.1201970601601191,-0.6215705967146201,-0.9274745739175644,-0.4411343576668111
20.0,65.0,1001.55126953125,0.8244933396762953,0.1717593457825232,-2.378357160883819,-0.0311619068475907,0.5201670551719506,-0.5719350126183836,0.1201970601601191,-0.6215705967146201,-0.9274745739175644,-0.4411343717241537
20.0,65.0,1001.55126953125,0.8244933385223694,0.1717593457825232,-2.378357160883819,-0.0311619032230971,0.5201670551719506,-0.5719347368786333,0.1201970601601191,-0.6215705967146201,-0.9274745739175644,-0.4411343132267076
20.0,65.0,1001.55126953125,0.8244933397811947,0.1717593457825232,-2.378357160883819,-0.0311619068475907,0.5201670551719506,-0.5719347368786333,0.1201970601601191,-0.6215705967146201,-0.9274745739175644,-0.4411343191291019
20.0,65.0,1001.55126953125,0.8244933396755834,0.1717593457825232,-2.378357160883819,-0.0311617101590943,0.5201670551719506,-0.5719347368786333,0.1201970601601191,-0.6215705967146201,-0.9274745739175644,-0.4411343130055486
20.0,65.0,1001.55126953125,0.824493352546332,0.1717593457825232,-2.378357160883819,-0.0311619269503674,0.5201670551719506,-0.571934737435429,0.1201970601601191,-0.6215705967146201,-0.9274745739175644,-0.4411343725637087
20.0,65.0,1001.55126953125,0.8244933396762953,0.1717593457825232,-2.378357160883819,-0.0311619068475907,0.5201670551719506,-0.5719349930900364,0.1201970601601191,-0.6215705967146201,-0.9274745739175644,-0.4411343717241537
20.0,65.0,1001.5519409179688,0.824493338466423,0.1717593457825232,-2.378357160883819,-0.0311686149419974,0.5201670551719506,-0.5719346059614732,0.1201970601601191,-0.6215705967146201,-0.9274745739175644,-0.4411343216329937
20.0,65.0,1001.552001953125,0.824493338466423,0.1717593457825232,-2.378357160883819,-0.0311689470397152,0.5201670551719506,-0.5719346059614732,0.1201970601601191,-0.6215705967146201,-0.9274745739175644,-0.4411343216329937
20.0,65.0,1001.552001953125,0.8244933384662856,0.1717593457825232,-2.378357160883819,-0.0311686149419974,0.5201670551719506,-0.5719347338554615,0.1201970601601191,-0.6215705967146201,-0.9274745739175644,-0.4411343216310679
20.0,65.0,1001.5520629882812,0.8244933294036615,0.1717593457825232,-2.378357160883819,-0.0311685058506026,0.5201670551719506,-0.5719348581296348,0.1201970601601191,-0.6215705967146201,-0.9274745739175644,-0.4411343904353429
20.0,65.0,1001.5520629882812,0.8244933293574273,0.1717593457825232,-2.378357160883819,-0.0311686254416986,0.5201670551719506,-0.5719348581296348,0.1201970601601191,-0.6215705967146201,-0.9274745739175644,-0.4411343904353429
20.0,65.0,1001.5520629882812,0.8244933522183642,0.1717593457825232,-2.378357160883819,-0.0311689470397152,0.5201670551719506,-0.5719347629442026,0.1201970601601191,-0.6215705967146201,-0.9274745739175644,-0.4411343728930153
20.0,65.0,1001.5533447265624,0.8244933396762953,0.1717593457825232,-2.378357160883819,-0.0311619068475907,0.5201670551719506,-0.5719347368786333,0.1201970601601191,-0.6215705967146201,-0.9274745739175644,-0.4411485266242159
20.0,65.0,1001.5533447265624,0.8244933397811947,0.1717593457825232,-2.378357160883819,-0.0311619068475907,0.5201670551719506,-0.5719347368786333,0.1201970601601191,-0.6215705967146201,-0.9274745739175644,-0.4411485266242159
20.0,65.0,1001.5533447265624,0.8244933397811947,0.1717593457825232,-2.378357160883819,-0.0311619068475907,0.5201670551719506,-0.5719347368786333,0.1201970601601191,-0.6215705967146201,-0.9274745739175644,-0.4411485266242159
20.0,65.0,1001.5533447265624,0.8244933397811947,0.1717593457825232,-2.378357160883819,-0.0311619068475907,0.5201670551719506,-0.5719347368786333,0.1201970601601191,-0.6215705967146201,-0.9274745739175644,-0.4411485266242159
20.0,65.0,1001.5533447265624,0.8244933397811947,0.1717593457825232,-2.378357160883819,-0.0311619068475907,0.5201670551719506,-0.5719347368786333,0.1201970601601191,-0.6215705967146201,-0.9274745739175644,-0.4411485266242159
20.0,65.0,1001.5533447265624,0.8244933396757357,0.1717593457825232,-2.378357160883819,-0.0311619068475907,0.5201670551719506,-0.5719348580172902,0.1201970601601191,-0.6215705967146201,-0.9274745739175644,-0.4411484216253764
20.0,65.0,1001.5533447265624,0.8244933397811947,0.1717593457825232,-2.378357160883819,-0.0311619068475907,0.5201670551719506,-0.5719347368786333,0.1201970601601191,-0.6215705967146201,-0.9274745739175644,-0.4411485266242159
20.0,65.0,1001.5533447265624,0.8244933396775974,0.1717593457825232,-2.378357160883819,-0.0311619068475907,0.5201670551719506,-0.5719348621603683,0.1201970601601191,-0.6215705967146201,-0.9274745739175644,-0.4411485266242159
20.0,65.0,1001.5536499023438,0.824493337833475,0.1717593457825232,-2.378357160883819,-0.0311619118087106,0.5201670551719506,-0.5719347368786333,0.1201970601601191,-0.6215705967146201,-0.9274745739175644,-0.4411512142379352
20.0,65.0,1001.5537109375,0.8244933520559076,0.1717593457825232,-2.378357160883819,-0.0311681312092061,0.5201670551719506,-0.5719415194684355,0.1201970601601191,-0.6215705967146201,-0.9274745739175644,-0.4411326272592422
20.0,65.0,1001.5537109375,0.8244933520559076,0.1717593457825232,-2.378357160883819,-0.0311681312092061,0.5201670551719506,-0.5719415194684355,0.1201970601601191,-0.6215705967146201,-0.9274745739175644,-0.4411326272592422
20.0,65.0,1001.5537109375,0.8244933520559076,0.1717593457825232,-2.378357160883819,-0.0311681312092061,0.5201670551719506,-0.5719415194684355,0.1201970601601191,-0.6215705967146201,-0.9274745739175644,-0.4411326272592422
20.0,65.0,1001.5540161132812,0.824493338466423,0.1717593457825232,-2.378357160883819,-0.0311686149419974,0.5201670551719506,-0.5719346059614732,0.1201970601601191,-0.6215705967146201,-0.9274745739175644,-0.4411485291281078
20.0,65.0,1001.55419921875,0.824493338466258,0.1717593457825232,-2.378357160883819,-0.0311688039040051,0.5201670551719506,-0.5719347464948953,0.1201970601601191,-0.6215705967146201,-0.9274745739175644,-0.4411491540712428
20.0,65.0,1001.554443359375,0.824493338466423,0.1717593457825232,-2.378357160883819,-0.0311909430233831,0.5201670551719506,-0.5719346059614732,0.1201970601601191,-0.6215705967146201,-0.9274745739175644,-0.4411334327514873
20.0,65.0,1001.554443359375,0.8244933377583699,0.1717593457825232,-2.378357160883819,-0.0311909390552555,0.5201670551719506,-0.5719346299273008,0.1201970601601191,-0.6215705967146201,-0.9274745739175644,-0.4411333342694776
20.0,66.0,1001.5507202148438,0.8244933387943909,0.1717593457825232,-2.378357160883819,-0.0311582155397999,0.5201670551719506,-0.5719345943293974,0.1201970601601191,-0.6215705967146201,-0.9274745739175644,-0.441134321303687
20.0,66.0,1001.5507202148438,0.8244933387808259,0.1717593457825232,-2.378357160883819,-0.0311582155397999,0.5201670551719506,-0.5719345943293974,0.1201970601601191,-0.6215705967146201,-0.9274745739175644,-0.441134321303687
20.0,66.0,1001.55078125,0.824493352546332,0.1717593457825232,-2.378357160883819,-0.0311582155397999,0.5201670551719506,-0.5719347513121269,0.1201970601601191,-0.6215705967146201,-0.9274745739175644,-0.4411343725637087
20.0,66.0,1001.55078125,0.8244933396762953,0.1717593457825232,-2.378357160883819,-0.0311581954370232,0.5201670551719506,-0.5719347507553313,0.1201970601601191,-0.6215705967146201,-0.9274745739175644,-0.4411343576668111
20.0,66.0,1001.5509643554688,0.8244933384705639,0.1717593457825232,-2.378357160883819,-0.0311614958880763,0.5201670551719506,-0.5719345963452113,0.1201970601601191,-0.6215705967146201,-0.9274745739175644,-0.4411336882835726
20.0,66.0,1001.551025390625,0.8244933398703918,0.1717593457825232,-2.378357160883819,-0.0311614076860054,0.5201670551719506,-0.5719346059614732,0.1201970601601191,-0.6215705967146201,-0.9274745739175644,-0.4411343192833997
20.0,66.0,1001.551025390625,0.8244933398703918,0.1717593457825232,-2.378357160883819,-0.0311614076860054,0.5201670551719506,-0.5719346059614732,0.1201970601601191,-0.6215705967146201,-0.9274745739175644,-0.4411343192833997
20.0,66.0,1001.551025390625,0.8244933396755834,0.1717593457825232,-2.378357160883819,-0.0311612810333381,0.5201670551719506,-0.571934606159374,0.1201970601601191,-0.6215705967146201,-0.9274745739175644,-0.4411343130055486
20.0,66.0,1001.5510864257812,0.8244933395793563,0.1717593457825232,-2.378357160883819,-0.0311612957391426,0.5201670551719506,-0.5719347368786333,0.1201970601601191,-0.6215705967146201,-0.9274745739175644,-0.4411343725637087
20.0,66.0,1001.5510864257812,0.8244933396758928,0.1717593457825232,-2.378357160883819,-0.0311612957391426,0.5201670551719506,-0.5719347368786333,0.1201970601601191,-0.6215705967146201,-0.9274745739175644,-0.4411343134591197
20.0,66.0,1001.5510864257812,0.824493338421538,0.1717593457825232,-2.378357160883819,-0.0311613008942233,0.5201670551719506,-0.5719347368786333,0.1201970601601191,-0.6215705967146201,-0.9274745739175644,-0.441134309122146
20.0,66.0,1001.5510864257812,0.8244933396758928,0.1717593457825232,-2.378357160883819,-0.0311612957391426,0.5201670551719506,-0.5719347368786333,0.1201970601601191,-0.6215705967146201,-0.9274745739175644,-0.4411343134591197
20.0,66.0,1001.5510864257812,0.824493352546332,0.1717593457825232,-2.378357160883819,-0.0311613021126328,0.5201670551719506,-0.571934737435429,0.1201970601601191,-0.6215705967146201,-0.9274745739175644,-0.4411343725637087
20.0,66.0,1001.5510864257812,0.824493338421538,0.1717593457825232,-2.378357160883819,-0.0311613008942233,0.5201670551719506,-0.5719347368786333,0.1201970601601191,-0.6215705967146201,-0.9274745739175644,-0.441134309122146
20.0,66.0,1001.5510864257812,0.8244933395793563,0.1717593457825232,-2.378357160883819,-0.0311612957391426,0.5201670551719506,-0.5719347368786333,0.1201970601601191,-0.6215705967146201,-0.9274745739175644,-0.441134371981431
20.0,66.0,1001.5511474609376,0.8244933396755834,0.1717593457825232,-2.378357160883819,-0.0311617101590943,0.5201670551719506,-0.571934606159374,0.1201970601601191,-0.6215705967146201,-0.9274745739175644,-0.4411343130055486
20.0,66.0,1001.5511474609376,0.8244933384705364,0.1717593457825232,-2.378357160883819,-0.031161684850084,0.5201670551719506,-0.5719346089846451,0.1201970601601191,-0.6215705967146201,-0.9274745739175644,-0.4411343132286334
20.0,66.0,1001.5511474609376,0.8244933395793563,0.1717593457825232,-2.378357160883819,-0.031160991422281,0.5201670551719506,-0.5719347368786333,0.1201970601601191,-0.6215705967146201,-0.9274745739175644,-0.4411344211061906
20.0,66.0,1001.5512084960938,0.8244933397811947,0.1717593457825232,-2.378357160883819,-0.0311619068475907,0.5201670551719506,-0.5719347368786333,0.1201970601601191,-0.6215705967146201,-0.9274745739175644,-0.4411341822033336
20.0,66.0,1001.5512084960938,0.8244933396792694,0.1717593457825232,-2.378357160883819,-0.0311614350751487,0.5201670551719506,-0.5719348581296348,0.1201970601601191,-0.6215705967146201,-0.9274745739175644,-0.4411343900415931
20.0,66.0,1001.55126953125,0.8244933396762953,0.1717593457825232,-2.378357160883819,-0.0311619068475907,0.5201670551719506,-0.5719347368786333,0.1201970601601191,-0.6215705967146201,-0.9274745739175644,-0.4411343576668111
20.0,66.0,1001.55126953125,0.8244933396762953,0.1717593457825232,-2.378357160883819,-0.0311619068475907,0.5201670551719506,-0.5719347368786333,0.1201970601601191,-0.6215705967146201,-0.9274745739175644,-0.4411343725637087
20.0,66.0,1001.55126953125,0.8244933396762953,0.1717593457825232,-2.378357160883819,-0.0311619068475907,0.5201670551719506,-0.5719348537550897,0.1201970601601191,-0.6215705967146201,-0.9274745739175644,-0.4411343576668111
20.0,66.0,1001.55126953125,0.8244933396762953,0.1717593457825232,-2.378357160883819,-0.031161684850084,0.5201670551719506,-0.5719347368786333,0.1201970601601191,-0.6215705967146201,-0.9274745739175644,-0.4411343132267076
20.0,66.0,1001.55126953125,0.8244933384703989,0.1717593457825232,-2.378357160883819,-0.031161684850084,0.5201670551719506,-0.5719347368786333,0.1201970601601191,-0.6215705967146201,-0.9274745739175644,-0.4411343132267076
20.0,66.0,1001.55126953125,0.8244933396762953,0.1717593457825232,-2.378357160883819,-0.0311619068475907,0.5201670551719506,-0.5719348580172902,0.1201970601601191,-0.6215705967146201,-0.9274745739175644,-0.4411343576668111
20.0,66.0,1001.55126953125,0.8244933378372609,0.1717593457825232,-2.378357160883819,-0.0311617113361492,0.5201670551719506,-0.5719347368786333,0.1201970601601191,-0.6215705967146201,-0.9274745739175644,-0.4411343132267076
20.0,66.0,1001.55126953125,0.8244933378372609,0.1717593457825232,-2.378357160883819,-0.0311619047514739,0.5201670551719506,-0.5719347368786333,0.1201970601601191,-0.6215705967146201,-0.9274745739175644,-0.4411343132267076
20.0,66.0,1001.55126953125,0.8244933396762953,0.1717593457825232,-2.378357160883819,-0.0311619068475907,0.5201670551719506,-0.5719348537550897,0.1201970601601191,-0.6215705967146201,-0.9274745739175644,-0.4411343576668111
20.0,66.0,1001.55126953125,0.8244933396762953,0.1717593457825232,-2.378357160883819,-0.0311619068475907,0.5201670551719506,-0.5719348593404203,0.1201970601601191,-0.6215705967146201,-0.9274745739175644,-0.4411343576668111
20.0,66.0,1001.55126953125,0.8244933396762953,0.1717593457825232,-2.378357160883819,-0.0311619068475907,0.5201670551719506,-0.5719350126183836,0.1201970601601191,-0.6215705967146201,-0.9274745739175644,-0.4411343717241537
20.0,66.0,1001.55126953125,0.8244933385223694,0.1717593457825232,-2.378357160883819,-0.0311619032230971,0.5201670551719506,-0.5719347368786333,0.1201970601601191,-0.6215705967146201,-0.9274745739175644,-0.4411343132267076
20.0,66.0,1001.55126953125,0.8244933397811947,0.1717593457825232,-2.378357160883819,-0.0311619068475907,0.5201670551719506,-0.5719347368786333,0.1201970601601191,-0.6215705967146201,-0.9274745739175644,-0.4411343191291019
20.0,66.0,1001.55126953125,0.8244933396755834,0.1717593457825232,-2.378357160883819,-0.0311617101590943,0.5201670551719506,-0.5719347368786333,0.1201970601601191,-0.6215705967146201,-0.9274745739175644,-0.4411343130055486
20.0,66.0,1001.55126953125,0.824493352546332,0.1717593457825232,-2.378357160883819,-0.0311619269503674,0.5201670551719506,-0.571934737435429,0.1201970601601191,-0.6215705967146201,-0.9274745739175644,-0.4411343725637087
20.0,66.0,1001.55126953125,0.8244933396762953,0.1717593457825232,-2.378357160883819,-0.0311619068475907,0.5201670551719506,-0.5719349930900364,0.1201970601601191,-0.6215705967146201,-0.9274745739175644,-0.4411343717241537
20.0,66.0,1001.55126953125,0.8244933396754217,0.1717593457825232,-2.378357160883819,-0.0311619068475907,0.5201670551719506,-0.5719347368786333,0.1201970601601191,-0.6215705967146201,-0.9274745739175644,-0.4411343191291019
20.0,66.0,1001.55126953125,0.8244933396762953,0.1717593457825232,-2.378357160883819,-0.0311619087729025,0.5201670551719506,-0.5719348537550897,0.1201970601601191,-0.6215705967146201,-0.9274745739175644,-0.4411343576668111
20.0,66.0,1001.55126953125,0.8244933396755834,0.1717593457825232,-2.378357160883819,-0.0311617101590943,0.5201670551719506,-0.5719347368786333,0.1201970601601191,-0.6215705967146201,-0.9274745739175644,-0.4411343079855195
20.0,66.0,1001.55126953125,0.8244933529292735,0.1717593457825232,-2.378357160883819,-0.0311619068475907,0.5201670551719506,-0.5719347368786333,0.1201970601601191,-0.6215705967146201,-0.9274745739175644,-0.4411343575615338
20.0,66.0,1001.5519409179688,0.824493338466423,0.1717593457825232,-2.378357160883819,-0.0311686149419974,0.5201670551719506,-0.5719346059614732,0.1201970601601191,-0.6215705967146201,-0.9274745739175644,-0.4411343216329937
20.0,66.0,1001.5519409179688,0.8244933396762953,0.1717593457825232,-2.378357160883819,-0.0311683201749841,0.5201670551719506,-0.5719347368786333,0.1201970601601191,-0.6215705967146201,-0.9274745739175644,-0.4411343725637087
20.0,66.0,1001.5519409179688,0.8244933384662594,0.1717593457825232,-2.378357160883819,-0.0311676378184836,0.5201670551719506,-0.5719347338554615,0.1201970601601191,-0.6215705967146201,-0.9274745739175644,-0.4411342999856694
20.0,66.0,1001.552001953125,0.824493338466423,0.1717593457825232,-2.378357160883819,-0.0311689470397152,0.5201670551719506,-0.5719346059614732,0.1201970601601191,-0.6215705967146201,-0.9274745739175644,-0.4411343216329937
20.0,66.0,1001.552001953125,0.8244933384662856,0.1717593457825232,-2.378357160883819,-0.0311686149419974,0.5201670551719506,-0.5719347338554615,0.1201970601601191,-0.6215705967146201,-0.9274745739175644,-0.4411343216310679
20.0,66.0,1001.5520629882812,0.8244933294036615,0.1717593457825232,-2.378357160883819,-0.0311685058506026,0.5201670551719506,-0.5719348581296348,0.1201970601601191,-0.6215705967146201,-0.9274745739175644,-0.4411343904353429
20.0,66.0,1001.5520629882812,0.8244933293574273,0.1717593457825232,-2.378357160883819,-0.0311686254416986,0.5201670551719506,-0.5719348581296348,0.1201970601601191,-0.6215705967146201,-0.9274745739175644,-0.4411343904353429
20.0,66.0,1001.5520629882812,0.8244933522183642,0.1717593457825232,-2.378357160883819,-0.0311689470397152,0.5201670551719506,-0.5719347629442026,0.1201970601601191,-0.6215705967146201,-0.9274745739175644,-0.4411343728930153
20.0,66.0,1001.5520629882812,0.824493338466423,0.1717593457825232,-2.378357160883819,-0.0311689605460821,0.5201670551719506,-0.5719347539946096,0.1201970601601191,-0.6215705967146201,-0.9274745739175644,-0.4411343600741906
20.0,66.0,1001.552978515625,0.8244933520559076,0.1717593457825232,-2.378357160883819,-0.0311617178818127,0.5201670551719506,-0.5719415194684355,0.1201970601601191,-0.6215705967146201,-0.9274745739175644,-0.4411326272592422
20.0,67.0,1001.5507202148438,0.8244933387943909,0.1717593457825232,-2.378357160883819,-0.0311582155397999,0.5201670551719506,-0.5719345943293974,0.1201970601601191,-0.6215705967146201,-0.9274745739175644,-0.441134321303687
20.0,67.0,1001.5507202148438,0.8244933387808259,0.1717593457825232,-2.378357160883819,-0.0311582155397999,0.5201670551719506,-0.5719345943293974,0.1201970601601191,-0.6215705967146201,-0.9274745739175644,-0.441134321303687
20.0,67.0,1001.5507202148438,0.8244933387808259,0.1717593457825232,-2.378357160883819,-0.0311582155397999,0.5201670551719506,-0.5719345943293974,0.1201970601601191,-0.6215705967146201,-0.9274745739175644,-0.441134321303687
20.0,67.0,1001.5507202148438,0.8244933387943909,0.1717593457825232,-2.378357160883819,-0.0311582155397999,0.5201670551719506,-0.5719345943293974,0.1201970601601191,-0.6215705967146201,-0.9274745739175644,-0.441134321303687
20.0,67.0,1001.5507202148438,0.8244933387943909,0.1717593457825232,-2.378357160883819,-0.0311582155397999,0.5201670551719506,-0.5719345943293974,0.1201970601601191,-0.6215705967146201,-0.9274745739175644,-0.441134321303687
20.0,67.0,1001.55078125,0.824493352546332,0.1717593457825232,-2.378357160883819,-0.0311582155397999,0.5201670551719506,-0.5719347513121269,0.1201970601601191,-0.6215705967146201,-0.9274745739175644,-0.4411343725637087
20.0,67.0,1001.55078125,0.8244933396762953,0.1717593457825232,-2.378357160883819,-0.0311581954370232,0.5201670551719506,-0.5719347507553313,0.1201970601601191,-0.6215705967146201,-0.9274745739175644,-0.4411343576668111
20.0,67.0,1001.55078125,0.8244933524656438,0.1717593457825232,-2.378357160883819,-0.0311581754113268,0.5201670551719506,-0.5719347513121269,0.1201970601601191,-0.6215705967146201,-0.9274745739175644,-0.4411343725637087
20.0,67.0,1001.55078125,0.8244933395793563,0.1717593457825232,-2.378357160883819,-0.031158246344412,0.5201670551719506,-0.5719347368786333,0.1201970601601191,-0.6215705967146201,-0.9274745739175644,-0.441134371981431
20.0,67.0,1001.55078125,0.824493352546332,0.1717593457825232,-2.378357160883819,-0.0311580804148125,0.5201670551719506,-0.5719347365453232,0.1201970601601191,-0.6215705967146201,-0.9274745739175644,-0.4411343725637087
20.0,67.0,1001.5509643554688,0.8244933384705639,0.1717593457825232,-2.378357160883819,-0.0311614958880763,0.5201670551719506,-0.5719345963452113,0.1201970601601191,-0.6215705967146201,-0.9274745739175644,-0.4411336882835726
20.0,67.0,1001.551025390625,0.8244933398703918,0.1717593457825232,-2.378357160883819,-0.0311614076860054,0.5201670551719506,-0.5719346059614732,0.1201970601601191,-0.6215705967146201,-0.9274745739175644,-0.4411343192833997
20.0,67.0,1001.551025390625,0.8244933398703918,0.1717593457825232,-2.378357160883819,-0.0311614076860054,0.5201670551719506,-0.5719346059614732,0.1201970601601191,-0.6215705967146201,-0.9274745739175644,-0.4411343192833997
20.0,67.0,1001.551025390625,0.8244933396755834,0.1717593457825232,-2.378357160883819,-0.0311612810333381,0.5201670551719506,-0.571934606159374,0.1201970601601191,-0.6215705967146201,-0.9274745739175644,-0.4411343130055486
20.0,67.0,1001.551025390625,0.824493337842492,0.1717593457825232,-2.378357160883819,-0.0311614076860054,0.5201670551719506,-0.5719346059614732,0.1201970601601191,-0.6215705967146201,-0.9274745739175644,-0.4411343192833997
20.0,67.0,1001.551025390625,0.8244933396755834,0.1717593457825232,-2.378357160883819,-0.031161268535975,0.5201670551719506,-0.571934606159374,0.1201970601601191,-0.6215705967146201,-0.9274745739175644,-0.4411343130055486
20.0,67.0,1001.5510864257812,0.8244933395793563,0.1717593457825232,-2.378357160883819,-0.0311612957391426,0.5201670551719506,-0.5719347368786333,0.1201970601601191,-0.6215705967146201,-0.9274745739175644,-0.4411343725637087
20.0,67.0,1001.5510864257812,0.8244933396758928,0.1717593457825232,-2.378357160883819,-0.0311612957391426,0.5201670551719506,-0.5719347368786333,0.1201970601601191,-0.6215705967146201,-0.9274745739175644,-0.4411343134591197
20.0,67.0,1001.5510864257812,0.824493338421538,0.1717593457825232,-2.378357160883819,-0.0311613008942233,0.5201670551719506,-0.5719347368786333,0.1201970601601191,-0.6215705967146201,-0.9274745739175644,-0.441134309122146
20.0,67.0,1001.5510864257812,0.8244933396758928,0.1717593457825232,-2.378357160883819,-0.0311612957391426,0.5201670551719506,-0.5719347368786333,0.1201970601601191,-0.6215705967146201,-0.9274745739175644,-0.4411343134591197
20.0,67.0,1001.5510864257812,0.824493352546332,0.1717593457825232,-2.378357160883819,-0.0311613021126328,0.5201670551719506,-0.571934737435429,0.1201970601601191,-0.6215705967146201,-0.9274745739175644,-0.4411343725637087
20.0,67.0,1001.5510864257812,0.824493338421538,0.1717593457825232,-2.378357160883819,-0.0311613008942233,0.5201670551719506,-0.5719347368786333,0.1201970601601191,-0.6215705967146201,-0.9274745739175644,-0.441134309122146
20.0,67.0,1001.5510864257812,0.8244933395793563,0.1717593457825232,-2.378357160883819,-0.0311612957391426,0.5201670551719506,-0.5719347368786333,0.1201970601601191,-0.6215705967146201,-0.9274745739175644,-0.441134371981431
20.0,67.0,1001.5510864257812,0.824493352546332,0.1717593457825232,-2.378357160883819,-0.0311613021126328,0.5201670551719506,-0.571934737435429,0.1201970601601191,-0.6215705967146201,-0.9274745739175644,-0.4411343725637087
20.0,67.0,1001.5510864257812,0.82449333839826,0.1717593457825232,-2.378357160883819,-0.0311613008942233,0.5201670551719506,-0.5719347368786333,0.1201970601601191,-0.6215705967146201,-0.9274745739175644,-0.4411343196741815
20.0,67.0,1001.5510864257812,0.8244933397661204,0.1717593457825232,-2.378357160883819,-0.0311613008942233,0.5201670551719506,-0.5719347368786333,0.1201970601601191,-0.6215705967146201,-0.9274745739175644,-0.441134309122146
20.0,67.0,1001.5510864257812,0.8244933396755834,0.1717593457825232,-2.378357160883819,-0.0311613053343462,0.5201670551719506,-0.5719347368786333,0.1201970601601191,-0.6215705967146201,-0.9274745739175644,-0.4411343079855195
20.0,67.0,1001.5510864257812,0.8244933396758928,0.1717593457825232,-2.378357160883819,-0.0311612989464427,0.5201670551719506,-0.5719347368786333,0.1201970601601191,-0.6215705967146201,-0.9274745739175644,-0.441134312068688
20.0,67.0,1001.5511474609376,0.8244933396755834,0.1717593457825232,-2.378357160883819,-0.0311617101590943,0.5201670551719506,-0.571934606159374,0.1201970601601191,-0.6215705967146201,-0.9274745739175644,-0.4411343130055486
20.0,67.0,1001.5511474609376,0.8244933384705364,0.1717593457825232,-2.378357160883819,-0.031161684850084,0.5201670551719506,-0.5719346089846451,0.1201970601601191,-0.6215705967146201,-0.9274745739175644,-0.4411343132286334
20.0,67.0,1001.5511474609376,0.8244933395793563,0.1717593457825232,-2.378357160883819,-0.031160991422281,0.5201670551719506,-0.5719347368786333,0.1201970601601191,-0.6215705967146201,-0.9274745739175644,-0.4411344211061906
20.0,67.0,1001.5511474609376,0.8244933396600446,0.1717593457825232,-2.378357160883819,-0.0311613358676156,0.5201670551719506,-0.5719347368786333,0.1201970601601191,-0.6215705967146201,-0.9274745739175644,-0.4411343725637087
20.0,67.0,1001.5511474609376,0.8244933396755834,0.1717593457825232,-2.378357160883819,-0.0311617226564574,0.5201670551719506,-0.571934606159374,0.1201970601601191,-0.6215705967146201,-0.9274745739175644,-0.4411343130055486
20.0,67.0,1001.5512084960938,0.8244933397811947,0.1717593457825232,-2.378357160883819,-0.0311619068475907,0.5201670551719506,-0.5719347368786333,0.1201970601601191,-0.6215705967146201,-0.9274745739175644,-0.4411341822033336
20.0,67.0,1001.5512084960938,0.8244933396792694,0.1717593457825232,-2.378357160883819,-0.0311614350751487,0.5201670551719506,-0.5719348581296348,0.1201970601601191,-0.6215705967146201,-0.9274745739175644,-0.4411343900415931
20.0,67.0,1001.5512084960938,0.8244933396786314,0.1717593457825232,-2.378357160883819,-0.0311619089264112,0.5201670551719506,-0.5719347368786333,0.1201970601601191,-0.6215705967146201,-0.9274745739175644,-0.4411341822033336
20.0,67.0,1001.5512084960938,0.8244933396762953,0.1717593457825232,-2.378357160883819,-0.0311614155714409,0.5201670551719506,-0.5719348628639405,0.1201970601601191,-0.6215705967146201,-0.9274745739175644,-0.441134390506445
20.0,67.0,1001.55126953125,0.8244933396762953,0.1717593457825232,-2.378357160883819,-0.0311619068475907,0.5201670551719506,-0.5719347368786333,0.1201970601601191,-0.6215705967146201,-0.9274745739175644,-0.4411343576668111
20.0,67.0,1001.55126953125,0.8244933396762953,0.1717593457825232,-2.378357160883819,-0.0311619068475907,0.5201670551719506,-0.5719347368786333,0.1201970601601191,-0.6215705967146201,-0.9274745739175644,-0.4411343725637087
20.0,67.0,1001.55126953125,0.8244933396762953,0.1717593457825232,-2.378357160883819,-0.0311619068475907,0.5201670551719506,-0.5719348537550897,0.1201970601601191,-0.6215705967146201,-0.9274745739175644,-0.4411343576668111
20.0,67.0,1001.55126953125,0.8244933396762953,0.1717593457825232,-2.378357160883819,-0.031161684850084,0.5201670551719506,-0.5719347368786333,0.1201970601601191,-0.6215705967146201,-0.9274745739175644,-0.4411343132267076
20.0,67.0,1001.55126953125,0.8244933384703989,0.1717593457825232,-2.378357160883819,-0.031161684850084,0.5201670551719506,-0.5719347368786333,0.1201970601601191,-0.6215705967146201,-0.9274745739175644,-0.4411343132267076
20.0,67.0,1001.55126953125,0.8244933396762953,0.1717593457825232,-2.378357160883819,-0.0311619068475907,0.5201670551719506,-0.5719348580172902,0.1201970601601191,-0.6215705967146201,-0.9274745739175644,-0.4411343576668111
20.0,67.0,1001.55126953125,0.8244933378372609,0.1717593457825232,-2.378357160883819,-0.0311617113361492,0.5201670551719506,-0.5719347368786333,0.1201970601601191,-0.6215705967146201,-0.9274745739175644,-0.4411343132267076
20.0,67.0,1001.55126953125,0.8244933378372609,0.1717593457825232,-2.378357160883819,-0.0311619047514739,0.5201670551719506,-0.5719347368786333,0.1201970601601191,-0.6215705967146201,-0.9274745739175644,-0.4411343132267076
20.0,67.0,1001.55126953125,0.8244933396762953,0.1717593457825232,-2.378357160883819,-0.0311619068475907,0.5201670551719506,-0.5719348537550897,0.1201970601601191,-0.6215705967146201,-0.9274745739175644,-0.4411343576668111
20.0,67.0,1001.55126953125,0.8244933396762953,0.1717593457825232,-2.378357160883819,-0.0311619068475907,0.5201670551719506,-0.5719348593404203,0.1201970601601191,-0.6215705967146201,-0.9274745739175644,-0.4411343576668111
20.0,67.0,1001.55126953125,0.8244933396762953,0.1717593457825232,-2.378357160883819,-0.0311619068475907,0.5201670551719506,-0.5719350126183836,0.1201970601601191,-0.6215705967146201,-0.9274745739175644,-0.4411343717241537
20.0,67.0,1001.55126953125,0.8244933385223694,0.1717593457825232,-2.378357160883819,-0.0311619032230971,0.5201670551719506,-0.5719347368786333,0.1201970601601191,-0.6215705967146201,-0.9274745739175644,-0.4411343132267076
20.0,67.0,1001.55126953125,0.8244933397811947,0.1717593457825232,-2.378357160883819,-0.0311619068475907,0.5201670551719506,-0.5719347368786333,0.1201970601601191,-0.6215705967146201,-0.9274745739175644,-0.4411343191291019
20.0,68.0,1001.5507202148438,0.8244933387943909,0.1717593457825232,-2.378357160883819,-0.0311582155397999,0.5201670551719506,-0.5719345943293974,0.1201970601601191,-0.6215705967146201,-0.9274745739175644,-0.441134321303687
20.0,68.0,1001.5507202148438,0.8244933387808259,0.1717593457825232,-2.378357160883819,-0.0311582155397999,0.5201670551719506,-0.5719345943293974,0.1201970601601191,-0.6215705967146201,-0.9274745739175644,-0.441134321303687
20.0,68.0,1001.5507202148438,0.8244933387808259,0.1717593457825232,-2.378357160883819,-0.0311582155397999,0.5201670551719506,-0.5719345943293974,0.1201970601601191,-0.6215705967146201,-0.9274745739175644,-0.441134321303687
20.0,68.0,1001.5507202148438,0.8244933387943909,0.1717593457825232,-2.378357160883819,-0.0311582155397999,0.5201670551719506,-0.5719345943293974,0.1201970601601191,-0.6215705967146201,-0.9274745739175644,-0.441134321303687
20.0,68.0,1001.5507202148438,0.8244933387943909,0.1717593457825232,-2.378357160883819,-0.0311582155397999,0.5201670551719506,-0.5719345943293974,0.1201970601601191,-0.6215705967146201,-0.9274745739175644,-0.441134321303687
20.0,68.0,1001.5507202148438,0.8244933387943909,0.1717593457825232,-2.378357160883819,-0.0311582155397999,0.5201670551719506,-0.5719346052648588,0.1201970601601191,-0.6215705967146201,-0.9274745739175644,-0.4411343213041415
20.0,68.0,1001.5507202148438,0.8244933387943909,0.1717593457825232,-2.378357160883819,-0.0311582155397999,0.5201670551719506,-0.5719345943293974,0.1201970601601191,-0.6215705967146201,-0.9274745739175644,-0.441134321303687
20.0,68.0,1001.5507202148438,0.8244933399472206,0.1717593457825232,-2.378357160883819,-0.031158223900548,0.5201670551719506,-0.5719345943293974,0.1201970601601191,-0.6215705967146201,-0.9274745739175644,-0.4411343195466039
20.0,68.0,1001.5507202148438,0.8244933396679678,0.1717593457825232,-2.378357160883819,-0.03115820338846,0.5201670551719506,-0.5719345943293974,0.1201970601601191,-0.6215705967146201,-0.9274745739175644,-0.441134321303687
20.0,68.0,1001.55078125,0.824493352546332,0.1717593457825232,-2.378357160883819,-0.0311582155397999,0.5201670551719506,-0.5719347513121269,0.1201970601601191,-0.6215705967146201,-0.9274745739175644,-0.4411343725637087
20.0,68.0,1001.55078125,0.8244933396762953,0.1717593457825232,-2.378357160883819,-0.0311581954370232,0.5201670551719506,-0.5719347507553313,0.1201970601601191,-0.6215705967146201,-0.9274745739175644,-0.4411343576668111
20.0,68.0,1001.55078125,0.8244933524656438,0.1717593457825232,-2.378357160883819,-0.0311581754113268,0.5201670551719506,-0.5719347513121269,0.1201970601601191,-0.6215705967146201,-0.9274745739175644,-0.4411343725637087
20.0,68.0,1001.55078125,0.8244933395793563,0.1717593457825232,-2.378357160883819,-0.031158246344412,0.5201670551719506,-0.5719347368786333,0.1201970601601191,-0.6215705967146201,-0.9274745739175644,-0.441134371981431
20.0,68.0,1001.55078125,0.824493352546332,0.1717593457825232,-2.378357160883819,-0.0311580804148125,0.5201670551719506,-0.5719347365453232,0.1201970601601191,-0.6215705967146201,-0.9274745739175644,-0.4411343725637087
20.0,68.0,1001.55078125,0.8244933396329428,0.1717593457825232,-2.378357160883819,-0.0311581224243416,0.5201670551719506,-0.5719347368786333,0.1201970601601191,-0.6215705967146201,-0.9274745739175644,-0.441134371981431
20.0,68.0,1001.55078125,0.8244933396047633,0.1717593457825232,-2.378357160883819,-0.0311581109377154,0.5201670551719506,-0.5719347368786333,0.1201970601601191,-0.6215705967146201,-0.9274745739175644,-0.4411344211061906
20.0,68.0,1001.5509643554688,0.8244933384705639,0.1717593457825232,-2.378357160883819,-0.0311614958880763,0.5201670551719506,-0.5719345963452113,0.1201970601601191,-0.6215705967146201,-0.9274745739175644,-0.4411336882835726
20.0,68.0,1001.5509643554688,0.8244933384705639,0.1717593457825232,-2.378357160883819,-0.0311615026222045,0.5201670551719506,-0.5719345963452113,0.1201970601601191,-0.6215705967146201,-0.9274745739175644,-0.4411336882835726
20.0,68.0,1001.5509643554688,0.8244933384705639,0.1717593457825232,-2.378357160883819,-0.0311614958880763,0.5201670551719506,-0.5719345963452113,0.1201970601601191,-0.6215705967146201,-0.9274745739175644,-0.4411336882835726
20.0,68.0,1001.551025390625,0.8244933398703918,0.1717593457825232,-2.378357160883819,-0.0311614076860054,0.5201670551719506,-0.5719346059614732,0.1201970601601191,-0.6215705967146201,-0.9274745739175644,-0.4411343192833997
20.0,68.0,1001.551025390625,0.8244933398703918,0.1717593457825232,-2.378357160883819,-0.0311614076860054,0.5201670551719506,-0.5719346059614732,0.1201970601601191,-0.6215705967146201,-0.9274745739175644,-0.4411343192833997
20.0,68.0,1001.551025390625,0.8244933396755834,0.1717593457825232,-2.378357160883819,-0.0311612810333381,0.5201670551719506,-0.571934606159374,0.1201970601601191,-0.6215705967146201,-0.9274745739175644,-0.4411343130055486
20.0,68.0,1001.551025390625,0.824493337842492,0.1717593457825232,-2.378357160883819,-0.0311614076860054,0.5201670551719506,-0.5719346059614732,0.1201970601601191,-0.6215705967146201,-0.9274745739175644,-0.4411343192833997
20.0,68.0,1001.551025390625,0.8244933396755834,0.1717593457825232,-2.378357160883819,-0.031161268535975,0.5201670551719506,-0.571934606159374,0.1201970601601191,-0.6215705967146201,-0.9274745739175644,-0.4411343130055486
20.0,68.0,1001.551025390625,0.8244933396769196,0.1717593457825232,-2.378357160883819,-0.0311614076860054,0.5201670551719506,-0.5719346059614732,0.1201970601601191,-0.6215705967146201,-0.9274745739175644,-0.4411343192833997
20.0,68.0,1001.551025390625,0.8244933387039971,0.1717593457825232,-2.378357160883819,-0.0311613993252573,0.5201670551719506,-0.5719346059614732,0.1201970601601191,-0.6215705967146201,-0.9274745739175644,-0.4411343210404828
20.0,68.0,1001.551025390625,0.8244933396755834,0.1717593457825232,-2.378357160883819,-0.0311612810333381,0.5201670551719506,-0.571934606159374,0.1201970601601191,-0.6215705967146201,-0.9274745739175644,-0.4411343130055486
20.0,68.0,1001.551025390625,0.8244933398713702,0.1717593457825232,-2.378357160883819,-0.031161409263413,0.5201670551719506,-0.5719346059614732,0.1201970601601191,-0.6215705967146201,-0.9274745739175644,-0.4411343192833997
20.0,68.0,1001.5510864257812,0.8244933395793563,0.1717593457825232,-2.378357160883819,-0.0311612957391426,0.5201670551719506,-0.5719347368786333,0.1201970601601191,-0.6215705967146201,-0.9274745739175644,-0.4411343725637087
20.0,68.0,1001.5510864257812,0.8244933396758928,0.1717593457825232,-2.378357160883819,-0.0311612957391426,0.5201670551719506,-0.5719347368786333,0.1201970601601191,-0.6215705967146201,-0.9274745739175644,-0.4411343134591197
20.0,68.0,1001.5510864257812,0.824493338421538,0.1717593457825232,-2.378357160883819,-0.0311613008942233,0.5201670551719506,-0.5719347368786333,0.1201970601601191,-0.6215705967146201,-0.9274745739175644,-0.441134309122146
20.0,68.0,1001.5510864257812,0.8244933396758928,0.1717593457825232,-2.378357160883819,-0.0311612957391426,0.5201670551719506,-0.5719347368786333,0.1201970601601191,-0.6215705967146201,-0.9274745739175644,-0.4411343134591197
20.0,68.0,1001.5510864257812,0.824493352546332,0.1717593457825232,-2.378357160883819,-0.0311613021126328,0.5201670551719506,-0.571934737435429,0.1201970601601191,-0.6215705967146201,-0.9274745739175644,-0.4411343725637087
20.0,68.0,1001.5510864257812,0.824493338421538,0.1717593457825232,-2.378357160883819,-0.0311613008942233,0.5201670551719506,-0.5719347368786333,0.1201970601601191,-0.6215705967146201,-0.9274745739175644,-0.441134309122146
20.0,68.0,1001.5510864257812,0.8244933395793563,0.1717593457825232,-2.378357160883819,-0.0311612957391426,0.5201670551719506,-0.5719347368786333,0.1201970601601191,-0.6215705967146201,-0.9274745739175644,-0.441134371981431
20.0,68.0,1001.5510864257812,0.824493352546332,0.1717593457825232,-2.378357160883819,-0.0311613021126328,0.5201670551719506,-0.571934737435429,0.1201970601601191,-0.6215705967146201,-0.9274745739175644,-0.4411343725637087
20.0,68.0,1001.5510864257812,0.82449333839826,0.1717593457825232,-2.378357160883819,-0.0311613008942233,0.5201670551719506,-0.5719347368786333,0.1201970601601191,-0.6215705967146201,-0.9274745739175644,-0.4411343196741815
20.0,68.0,1001.5510864257812,0.8244933397661204,0.1717593457825232,-2.378357160883819,-0.0311613008942233,0.5201670551719506,-0.5719347368786333,0.1201970601601191,-0.6215705967146201,-0.9274745739175644,-0.441134309122146
20.0,68.0,1001.5510864257812,0.8244933396755834,0.1717593457825232,-2.378357160883819,-0.0311613053343462,0.5201670551719506,-0.5719347368786333,0.1201970601601191,-0.6215705967146201,-0.9274745739175644,-0.4411343079855195
20.0,68.0,1001.5510864257812,0.8244933396758928,0.1717593457825232,-2.378357160883819,-0.0311612989464427,0.5201670551719506,-0.5719347368786333,0.1201970601601191,-0.6215705967146201,-0.9274745739175644,-0.441134312068688
20.0,68.0,1001.5510864257812,0.8244933396758928,0.1717593457825232,-2.378357160883819,-0.0311612957391426,0.5201670551719506,-0.5719347368786333,0.1201970601601191,-0.6215705967146201,-0.9274745739175644,-0.4411343134591197
20.0,68.0,1001.5510864257812,0.82449333839826,0.1717593457825232,-2.378357160883819,-0.031161260076005,0.5201670551719506,-0.5719347368786333,0.1201970601601191,-0.6215705967146201,-0.9274745739175644,-0.4411343196741815
20.0,68.0,1001.5510864257812,0.8244933384439855,0.1717593457825232,-2.378357160883819,-0.0311613008942233,0.5201670551719506,-0.5719347368786333,0.1201970601601191,-0.6215705967146201,-0.9274745739175644,-0.4411343566933716
20.0,68.0,1001.5510864257812,0.8244933396758928,0.1717593457825232,-2.378357160883819,-0.0311612957391426,0.5201670551719506,-0.5719347368786333,0.1201970601601191,-0.6215705967146201,-0.9274745739175644,-0.4411343134591197
20.0,68.0,1001.5510864257812,0.824493352546332,0.1717593457825232,-2.378357160883819,-0.0311613021126328,0.5201670551719506,-0.571934737435429,0.1201970601601191,-0.6215705967146201,-0.9274745739175644,-0.4411343725637087
20.0,68.0,1001.5510864257812,0.8244933397128259,0.1717593457825232,-2.378357160883819,-0.0311613008942233,0.5201670551719506,-0.5719347368786333,0.1201970601601191,-0.6215705967146201,-0.9274745739175644,-0.4411341835536843
20.0,68.0,1001.5511474609376,0.8244933396755834,0.1717593457825232,-2.378357160883819,-0.0311617101590943,0.5201670551719506,-0.571934606159374,0.1201970601601191,-0.6215705967146201,-0.9274745739175644,-0.4411343130055486
20.0,68.0,1001.5511474609376,0.8244933384705364,0.1717593457825232,-2.378357160883819,-0.031161684850084,0.5201670551719506,-0.5719346089846451,0.1201970601601191,-0.6215705967146201,-0.9274745739175644,-0.4411343132286334
20.0,68.0,1001.5511474609376,0.8244933395793563,0.1717593457825232,-2.378357160883819,-0.031160991422281,0.5201670551719506,-0.5719347368786333,0.1201970601601191,-0.6215705967146201,-0.9274745739175644,-0.4411344211061906
20.0,68.0,1001.5511474609376,0.8244933396600446,0.1717593457825232,-2.378357160883819,-0.0311613358676156,0.5201670551719506,-0.5719347368786333,0.1201970601601191,-0.6215705967146201,-0.9274745739175644,-0.4411343725637087
20.0,69.0,1001.5507202148438,0.8244933387943909,0.1717593457825232,-2.378357160883819,-0.0311582155397999,0.5201670551719506,-0.5719345943293974,0.1201970601601191,-0.6215705967146201,-0.9274745739175644,-0.441134321303687
20.0,69.0,1001.5507202148438,0.8244933387808259,0.1717593457825232,-2.378357160883819,-0.0311582155397999,0.5201670551719506,-0.5719345943293974,0.1201970601601191,-0.6215705967146201,-0.9274745739175644,-0.441134321303687
20.0,69.0,1001.5507202148438,0.8244933387808259,0.1717593457825232,-2.378357160883819,-0.0311582155397999,0.5201670551719506,-0.5719345943293974,0.1201970601601191,-0.6215705967146201,-0.9274745739175644,-0.441134321303687
20.0,69.0,1001.5507202148438,0.8244933387943909,0.1717593457825232,-2.378357160883819,-0.0311582155397999,0.5201670551719506,-0.5719345943293974,0.1201970601601191,-0.6215705967146201,-0.9274745739175644,-0.441134321303687
20.0,69.0,1001.5507202148438,0.8244933387943909,0.1717593457825232,-2.378357160883819,-0.0311582155397999,0.5201670551719506,-0.5719345943293974,0.1201970601601191,-0.6215705967146201,-0.9274745739175644,-0.441134321303687
20.0,69.0,1001.5507202148438,0.8244933387943909,0.1717593457825232,-2.378357160883819,-0.0311582155397999,0.5201670551719506,-0.5719346052648588,0.1201970601601191,-0.6215705967146201,-0.9274745739175644,-0.4411343213041415
20.0,69.0,1001.5507202148438,0.8244933387943909,0.1717593457825232,-2.378357160883819,-0.0311582155397999,0.5201670551719506,-0.5719345943293974,0.1201970601601191,-0.6215705967146201,-0.9274745739175644,-0.441134321303687
20.0,69.0,1001.5507202148438,0.8244933399472206,0.1717593457825232,-2.378357160883819,-0.031158223900548,0.5201670551719506,-0.5719345943293974,0.1201970601601191,-0.6215705967146201,-0.9274745739175644,-0.4411343195466039
20.0,69.0,1001.5507202148438,0.8244933396679678,0.1717593457825232,-2.378357160883819,-0.03115820338846,0.5201670551719506,-0.5719345943293974,0.1201970601601191,-0.6215705967146201,-0.9274745739175644,-0.441134321303687
20.0,69.0,1001.5507202148438,0.8244933396107021,0.1717593457825232,-2.378357160883819,-0.03115820338846,0.5201670551719506,-0.5719345943293974,0.1201970601601191,-0.6215705967146201,-0.9274745739175644,-0.441134321303687
20.0,69.0,1001.5507202148438,0.8244933387943909,0.1717593457825232,-2.378357160883819,-0.0311582155397999,0.5201670551719506,-0.5719345943293974,0.1201970601601191,-0.6215705967146201,-0.9274745739175644,-0.441134321303687
20.0,69.0,1001.5507202148438,0.8244933397326736,0.1717593457825232,-2.378357160883819,-0.0311582992510955,0.5201670551719506,-0.5719346052702933,0.1201970601601191,-0.6215705967146201,-0.9274745739175644,-0.4411343213041415
20.0,69.0,1001.5507202148438,0.8244933398274198,0.1717593457825232,-2.378357160883819,-0.0311582271188618,0.5201670551719506,-0.5719345943635564,0.1201970601601191,-0.6215705967146201,-0.9274745739175644,-0.4411343192833997
20.0,69.0,1001.5507202148438,0.8244933387808124,0.1717593457825232,-2.378357160883819,-0.0311582155397999,0.5201670551719506,-0.5719346051680902,0.1201970601601191,-0.6215705967146201,-0.9274745739175644,-0.4411343213041415
20.0,69.0,1001.55078125,0.824493352546332,0.1717593457825232,-2.378357160883819,-0.0311582155397999,0.5201670551719506,-0.5719347513121269,0.1201970601601191,-0.6215705967146201,-0.9274745739175644,-0.4411343725637087
20.0,69.0,1001.55078125,0.8244933396762953,0.1717593457825232,-2.378357160883819,-0.0311581954370232,0.5201670551719506,-0.5719347507553313,0.1201970601601191,-0.6215705967146201,-0.9274745739175644,-0.4411343576668111
20.0,69.0,1001.55078125,0.8244933524656438,0.1717593457825232,-2.378357160883819,-0.0311581754113268,0.5201670551719506,-0.5719347513121269,0.1201970601601191,-0.6215705967146201,-0.9274745739175644,-0.4411343725637087
20.0,69.0,1001.55078125,0.8244933395793563,0.1717593457825232,-2.378357160883819,-0.031158246344412,0.5201670551719506,-0.5719347368786333,0.1201970601601191,-0.6215705967146201,-0.9274745739175644,-0.441134371981431
20.0,69.0,1001.55078125,0.824493352546332,0.1717593457825232,-2.378357160883819,-0.0311580804148125,0.5201670551719506,-0.5719347365453232,0.1201970601601191,-0.6215705967146201,-0.9274745739175644,-0.4411343725637087
20.0,69.0,1001.55078125,0.8244933396329428,0.1717593457825232,-2.378357160883819,-0.0311581224243416,0.5201670551719506,-0.5719347368786333,0.1201970601601191,-0.6215705967146201,-0.9274745739175644,-0.441134371981431
20.0,69.0,1001.55078125,0.8244933396047633,0.1717593457825232,-2.378357160883819,-0.0311581109377154,0.5201670551719506,-0.5719347368786333,0.1201970601601191,-0.6215705967146201,-0.9274745739175644,-0.4411344211061906
20.0,69.0,1001.55078125,0.824493352546332,0.1717593457825232,-2.378357160883819,-0.0311582155397999,0.5201670551719506,-0.5719347513121269,0.1201970601601191,-0.6215705967146201,-0.9274745739175644,-0.4411343725637087
20.0,69.0,1001.55078125,0.8244933396003403,0.1717593457825232,-2.378357160883819,-0.0311581109377154,0.5201670551719506,-0.5719347368786333,0.1201970601601191,-0.6215705967146201,-0.9274745739175644,-0.4411343199769519
20.0,69.0,1001.55078125,0.824493352546332,0.1717593457825232,-2.378357160883819,-0.0311581012044847,0.5201670551719506,-0.571934737435429,0.1201970601601191,-0.6215705967146201,-0.9274745739175644,-0.4411343725637087
20.0,69.0,1001.55078125,0.8244933396329428,0.1717593457825232,-2.378357160883819,-0.0311581224243416,0.5201670551719506,-0.5719347377510666,0.1201970601601191,-0.6215705967146201,-0.9274745739175644,-0.441134371981431
20.0,69.0,1001.55078125,0.8244933524656438,0.1717593457825232,-2.378357160883819,-0.0311581754113268,0.5201670551719506,-0.5719347513121269,0.1201970601601191,-0.6215705967146201,-0.9274745739175644,-0.4411343725637087
20.0,69.0,1001.5509643554688,0.8244933384705639,0.1717593457825232,-2.378357160883819,-0.0311614958880763,0.5201670551719506,-0.5719345963452113,0.1201970601601191,-0.6215705967146201,-0.9274745739175644,-0.4411336882835726
20.0,69.0,1001.5509643554688,0.8244933384705639,0.1717593457825232,-2.378357160883819,-0.0311615026222045,0.5201670551719506,-0.5719345963452113,0.1201970601601191,-0.6215705967146201,-0.9274745739175644,-0.4411336882835726
20.0,69.0,1001.5509643554688,0.8244933384705639,0.1717593457825232,-2.378357160883819,-0.0311614958880763,0.5201670551719506,-0.5719345963452113,0.1201970601601191,-0.6215705967146201,-0.9274745739175644,-0.4411336882835726
20.0,69.0,1001.5509643554688,0.8244933396436424,0.1717593457825232,-2.378357160883819,-0.0311614958880763,0.5201670551719506,-0.5719345963452113,0.1201970601601191,-0.6215705967146201,-0.9274745739175644,-0.4411336882835726
20.0,69.0,1001.551025390625,0.8244933398703918,0.1717593457825232,-2.378357160883819,-0.0311614076860054,0.5201670551719506,-0.5719346059614732,0.1201970601601191,-0.6215705967146201,-0.9274745739175644,-0.4411343192833997
20.0,69.0,1001.551025390625,0.8244933398703918,0.1717593457825232,-2.378357160883819,-0.0311614076860054,0.5201670551719506,-0.5719346059614732,0.1201970601601191,-0.6215705967146201,-0.9274745739175644,-0.4411343192833997
20.0,69.0,1001.551025390625,0.8244933396755834,0.1717593457825232,-2.378357160883819,-0.0311612810333381,0.5201670551719506,-0.571934606159374,0.1201970601601191,-0.6215705967146201,-0.9274745739175644,-0.4411343130055486
20.0,69.0,1001.551025390625,0.824493337842492,0.1717593457825232,-2.378357160883819,-0.0311614076860054,0.5201670551719506,-0.5719346059614732,0.1201970601601191,-0.6215705967146201,-0.9274745739175644,-0.4411343192833997
20.0,69.0,1001.551025390625,0.8244933396755834,0.1717593457825232,-2.378357160883819,-0.031161268535975,0.5201670551719506,-0.571934606159374,0.1201970601601191,-0.6215705967146201,-0.9274745739175644,-0.4411343130055486
20.0,69.0,1001.551025390625,0.8244933396769196,0.1717593457825232,-2.378357160883819,-0.0311614076860054,0.5201670551719506,-0.5719346059614732,0.1201970601601191,-0.6215705967146201,-0.9274745739175644,-0.4411343192833997
20.0,69.0,1001.551025390625,0.8244933387039971,0.1717593457825232,-2.378357160883819,-0.0311613993252573,0.5201670551719506,-0.5719346059614732,0.1201970601601191,-0.6215705967146201,-0.9274745739175644,-0.4411343210404828
20.0,69.0,1001.551025390625,0.8244933396755834,0.1717593457825232,-2.378357160883819,-0.0311612810333381,0.5201670551719506,-0.571934606159374,0.1201970601601191,-0.6215705967146201,-0.9274745739175644,-0.4411343130055486
20.0,69.0,1001.551025390625,0.8244933398713702,0.1717593457825232,-2.378357160883819,-0.031161409263413,0.5201670551719506,-0.5719346059614732,0.1201970601601191,-0.6215705967146201,-0.9274745739175644,-0.4411343192833997
20.0,69.0,1001.551025390625,0.8244933387373007,0.1717593457825232,-2.378357160883819,-0.0311611973220424,0.5201670551719506,-0.5719346061539395,0.1201970601601191,-0.6215705967146201,-0.9274745739175644,-0.4411343130055486
20.0,69.0,1001.551025390625,0.824493338775194,0.1717593457825232,-2.378357160883819,-0.031161268535975,0.5201670551719506,-0.571934606159374,0.1201970601601191,-0.6215705967146201,-0.9274745739175644,-0.4411343137570223
20.0,69.0,1001.551025390625,0.824493337842492,0.1717593457825232,-2.378357160883819,-0.0311614078370033,0.5201670551719506,-0.5719346059614732,0.1201970601601191,-0.6215705967146201,-0.9274745739175644,-0.4411343192833997
20.0,69.0,1001.551025390625,0.8244933396619443,0.1717593457825232,-2.378357160883819,-0.0311611300349701,0.5201670551719506,-0.5719345943293974,0.1201970601601191,-0.6215705967146201,-0.9274745739175644,-0.4411343213522855
20.0,69.0,1001.551025390625,0.8244933398703918,0.1717593457825232,-2.378357160883819,-0.0311614076860054,0.5201670551719506,-0.5719346059614732,0.1201970601601191,-0.6215705967146201,-0.9274745739175644,-0.4411343195446889
20.0,69.0,1001.551025390625,0.8244933387039971,0.1717593457825232,-2.378357160883819,-0.0311613991742594,0.5201670551719506,-0.5719346059614732,0.1201970601601191,-0.6215705967146201,-0.9274745739175644,-0.4411343210404828
20.0,69.0,1001.5510864257812,0.8244933395793563,0.1717593457825232,-2.378357160883819,-0.0311612957391426,0.5201670551719506,-0.5719347368786333,0.1201970601601191,-0.6215705967146201,-0.9274745739175644,-0.4411343725637087
20.0,69.0,1001.5510864257812,0.8244933396758928,0.1717593457825232,-2.378357160883819,-0.0311612957391426,0.5201670551719506,-0.5719347368786333,0.1201970601601191,-0.6215705967146201,-0.9274745739175644,-0.4411343134591197
20.0,69.0,1001.5510864257812,0.824493338421538,0.1717593457825232,-2.378357160883819,-0.0311613008942233,0.5201670551719506,-0.5719347368786333,0.1201970601601191,-0.6215705967146201,-0.9274745739175644,-0.441134309122146
20.0,69.0,1001.5510864257812,0.8244933396758928,0.1717593457825232,-2.378357160883819,-0.0311612957391426,0.5201670551719506,-0.5719347368786333,0.1201970601601191,-0.6215705967146201,-0.9274745739175644,-0.4411343134591197
20.0,69.0,1001.5510864257812,0.824493352546332,0.1717593457825232,-2.378357160883819,-0.0311613021126328,0.5201670551719506,-0.571934737435429,0.1201970601601191,-0.6215705967146201,-0.9274745739175644,-0.4411343725637087
20.0,70.0,1001.5507202148438,0.8244933387943909,0.1717593457825232,-2.378357160883819,-0.0311582155397999,0.5201670551719506,-0.5719345943293974,0.1201970601601191,-0.6215705967146201,-0.9274745739175644,-0.441134321303687
20.0,70.0,1001.5507202148438,0.8244933387808259,0.1717593457825232,-2.378357160883819,-0.0311582155397999,0.5201670551719506,-0.5719345943293974,0.1201970601601191,-0.6215705967146201,-0.9274745739175644,-0.441134321303687
20.0,70.0,1001.5507202148438,0.8244933387808259,0.1717593457825232,-2.378357160883819,-0.0311582155397999,0.5201670551719506,-0.5719345943293974,0.1201970601601191,-0.6215705967146201,-0.9274745739175644,-0.441134321303687
20.0,70.0,1001.5507202148438,0.8244933387943909,0.1717593457825232,-2.378357160883819,-0.0311582155397999,0.5201670551719506,-0.5719345943293974,0.1201970601601191,-0.6215705967146201,-0.9274745739175644,-0.441134321303687
20.0,70.0,1001.5507202148438,0.8244933387943909,0.1717593457825232,-2.378357160883819,-0.0311582155397999,0.5201670551719506,-0.5719345943293974,0.1201970601601191,-0.6215705967146201,-0.9274745739175644,-0.441134321303687
20.0,70.0,1001.5507202148438,0.8244933387943909,0.1717593457825232,-2.378357160883819,-0.0311582155397999,0.5201670551719506,-0.5719346052648588,0.1201970601601191,-0.6215705967146201,-0.9274745739175644,-0.4411343213041415
20.0,70.0,1001.5507202148438,0.8244933387943909,0.1717593457825232,-2.378357160883819,-0.0311582155397999,0.5201670551719506,-0.5719345943293974,0.1201970601601191,-0.6215705967146201,-0.9274745739175644,-0.441134321303687
20.0,70.0,1001.5507202148438,0.8244933399472206,0.1717593457825232,-2.378357160883819,-0.031158223900548,0.5201670551719506,-0.5719345943293974,0.1201970601601191,-0.6215705967146201,-0.9274745739175644,-0.4411343195466039
20.0,70.0,1001.5507202148438,0.8244933396679678,0.1717593457825232,-2.378357160883819,-0.03115820338846,0.5201670551719506,-0.5719345943293974,0.1201970601601191,-0.6215705967146201,-0.9274745739175644,-0.441134321303687
20.0,70.0,1001.5507202148438,0.8244933396107021,0.1717593457825232,-2.378357160883819,-0.03115820338846,0.5201670551719506,-0.5719345943293974,0.1201970601601191,-0.6215705967146201,-0.9274745739175644,-0.441134321303687
20.0,70.0,1001.5507202148438,0.8244933387943909,0.1717593457825232,-2.378357160883819,-0.0311582155397999,0.5201670551719506,-0.5719345943293974,0.1201970601601191,-0.6215705967146201,-0.9274745739175644,-0.441134321303687
20.0,70.0,1001.5507202148438,0.8244933397326736,0.1717593457825232,-2.378357160883819,-0.0311582992510955,0.5201670551719506,-0.5719346052702933,0.1201970601601191,-0.6215705967146201,-0.9274745739175644,-0.4411343213041415
20.0,70.0,1001.5507202148438,0.8244933398274198,0.1717593457825232,-2.378357160883819,-0.0311582271188618,0.5201670551719506,-0.5719345943635564,0.1201970601601191,-0.6215705967146201,-0.9274745739175644,-0.4411343192833997
20.0,70.0,1001.5507202148438,0.8244933387808124,0.1717593457825232,-2.378357160883819,-0.0311582155397999,0.5201670551719506,-0.5719346051680902,0.1201970601601191,-0.6215705967146201,-0.9274745739175644,-0.4411343213041415
20.0,70.0,1001.5507202148438,0.8244933387808259,0.1717593457825232,-2.378357160883819,-0.0311582155397999,0.5201670551719506,-0.5719345943293974,0.1201970601601191,-0.6215705967146201,-0.9274745739175644,-0.441134321303687
20.0,70.0,1001.5507202148438,0.8244933398274198,0.1717593457825232,-2.378357160883819,-0.0311582269444753,0.5201670551719506,-0.5719345943635564,0.1201970601601191,-0.6215705967146201,-0.9274745739175644,-0.4411343712551805
20.0,70.0,1001.5507202148438,0.8244933387808124,0.1717593457825232,-2.378357160883819,-0.0311582155397999,0.5201670551719506,-0.5719346051680902,0.1201970601601191,-0.6215705967146201,-0.9274745739175644,-0.4411343686478723
20.0,70.0,1001.5507202148438,0.824493352546332,0.1717593457825232,-2.378357160883819,-0.0311582037307643,0.5201670551719506,-0.571934612891832,0.1201970601601191,-0.6215705967146201,-0.9274745739175644,-0.4411343688278865
20.0,70.0,1001.5507202148438,0.8244933387943909,0.1717593457825232,-2.378357160883819,-0.0311582155397999,0.5201670551719506,-0.5719345943293974,0.1201970601601191,-0.6215705967146201,-0.9274745739175644,-0.441134321303687
20.0,70.0,1001.5507202148438,0.824493352546332,0.1717593457825232,-2.378357160883819,-0.0311580572655029,0.5201670551719506,-0.5719345935541906,0.1201970601601191,-0.6215705967146201,-0.9274745739175644,-0.4411343722669886
20.0,70.0,1001.5507202148438,0.8244933398274198,0.1717593457825232,-2.378357160883819,-0.0311582271188618,0.5201670551719506,-0.5719345943302002,0.1201970601601191,-0.6215705967146201,-0.9274745739175644,-0.4411343192833997
20.0,70.0,1001.5507202148438,0.8244933387943909,0.1717593457825232,-2.378357160883819,-0.0311582155397999,0.5201670551719506,-0.5719345943293974,0.1201970601601191,-0.6215705967146201,-0.9274745739175644,-0.441134321303687
20.0,70.0,1001.5507202148438,0.8244933387943909,0.1717593457825232,-2.378357160883819,-0.0311582155397999,0.5201670551719506,-0.5719346052648588,0.1201970601601191,-0.6215705967146201,-0.9274745739175644,-0.4411343213041415
20.0,70.0,1001.5507202148438,0.8244933387653155,0.1717593457825232,-2.378357160883819,-0.0311582155397999,0.5201670551719506,-0.5719345943293974,0.1201970601601191,-0.6215705967146201,-0.9274745739175644,-0.441134321303689
20.0,70.0,1001.5507202148438,0.8244933399472206,0.1717593457825232,-2.378357160883819,-0.031158223900548,0.5201670551719506,-0.5719346052022153,0.1201970601601191,-0.6215705967146201,-0.9274745739175644,-0.4411343195466039
20.0,70.0,1001.55078125,0.824493352546332,0.1717593457825232,-2.378357160883819,-0.0311582155397999,0.5201670551719506,-0.5719347513121269,0.1201970601601191,-0.6215705967146201,-0.9274745739175644,-0.4411343725637087
20.0,70.0,1001.55078125,0.8244933396762953,0.1717593457825232,-2.378357160883819,-0.0311581954370232,0.5201670551719506,-0.5719347507553313,0.1201970601601191,-0.6215705967146201,-0.9274745739175644,-0.4411343576668111
20.0,70.0,1001.55078125,0.8244933524656438,0.1717593457825232,-2.378357160883819,-0.0311581754113268,0.5201670551719506,-0.5719347513121269,0.1201970601601191,-0.6215705967146201,-0.9274745739175644,-0.4411343725637087
20.0,70.0,1001.55078125,0.8244933395793563,0.1717593457825232,-2.378357160883819,-0.031158246344412,0.5201670551719506,-0.5719347368786333,0.1201970601601191,-0.6215705967146201,-0.9274745739175644,-0.441134371981431
20.0,70.0,1001.55078125,0.824493352546332,0.1717593457825232,-2.378357160883819,-0.0311580804148125,0.5201670551719506,-0.5719347365453232,0.1201970601601191,-0.6215705967146201,-0.9274745739175644,-0.4411343725637087
20.0,70.0,1001.55078125,0.8244933396329428,0.1717593457825232,-2.378357160883819,-0.0311581224243416,0.5201670551719506,-0.5719347368786333,0.1201970601601191,-0.6215705967146201,-0.9274745739175644,-0.441134371981431
20.0,70.0,1001.55078125,0.8244933396047633,0.1717593457825232,-2.378357160883819,-0.0311581109377154,0.5201670551719506,-0.5719347368786333,0.1201970601601191,-0.6215705967146201,-0.9274745739175644,-0.4411344211061906
20.0,70.0,1001.55078125,0.824493352546332,0.1717593457825232,-2.378357160883819,-0.0311582155397999,0.5201670551719506,-0.5719347513121269,0.1201970601601191,-0.6215705967146201,-0.9274745739175644,-0.4411343725637087
20.0,70.0,1001.55078125,0.8244933396003403,0.1717593457825232,-2.378357160883819,-0.0311581109377154,0.5201670551719506,-0.5719347368786333,0.1201970601601191,-0.6215705967146201,-0.9274745739175644,-0.4411343199769519
20.0,70.0,1001.55078125,0.824493352546332,0.1717593457825232,-2.378357160883819,-0.0311581012044847,0.5201670551719506,-0.571934737435429,0.1201970601601191,-0.6215705967146201,-0.9274745739175644,-0.4411343725637087
20.0,70.0,1001.55078125,0.8244933396329428,0.1717593457825232,-2.378357160883819,-0.0311581224243416,0.5201670551719506,-0.5719347377510666,0.1201970601601191,-0.6215705967146201,-0.9274745739175644,-0.441134371981431
20.0,70.0,1001.55078125,0.8244933524656438,0.1717593457825232,-2.378357160883819,-0.0311581754113268,0.5201670551719506,-0.5719347513121269,0.1201970601601191,-0.6215705967146201,-0.9274745739175644,-0.4411343725637087
20.0,70.0,1001.55078125,0.8244933396329428,0.1717593457825232,-2.378357160883819,-0.0311581224243416,0.5201670551719506,-0.5719347377510666,0.1201970601601191,-0.6215705967146201,-0.9274745739175644,-0.4411343713046756
20.0,70.0,1001.55078125,0.8244933395810171,0.1717593457825232,-2.378357160883819,-0.0311582506586103,0.5201670551719506,-0.5719347368786333,0.1201970601601191,-0.6215705967146201,-0.9274745739175644,-0.441134371981431
20.0,70.0,1001.55078125,0.8244933396762953,0.1717593457825232,-2.378357160883819,-0.0311581954370232,0.5201670551719506,-0.5719347507553313,0.1201970601601191,-0.6215705967146201,-0.9274745739175644,-0.4411343576668111
20.0,70.0,1001.55078125,0.8244933524698688,0.1717593457825232,-2.378357160883819,-0.0311581012044847,0.5201670551719506,-0.5719347505388221,0.1201970601601191,-0.6215705967146201,-0.9274745739175644,-0.4411343725637087
20.0,70.0,1001.55078125,0.824493352546332,0.1717593457825232,-2.378357160883819,-0.0311582155397999,0.5201670551719506,-0.5719347513121269,0.1201970601601191,-0.6215705967146201,-0.9274745739175644,-0.4411343195289945
20.0,70.0,1001.55078125,0.8244933396329428,0.1717593457825232,-2.378357160883819,-0.0311581225987281,0.5201670551719506,-0.5719347377510666,0.1201970601601191,-0.6215705967146201,-0.9274745739175644,-0.4411343200096502
20.0,70.0,1001.55078125,0.8244933396329428,0.1717593457825232,-2.378357160883819,-0.0311581224243416,0.5201670551719506,-0.5719347368786333,0.1201970601601191,-0.6215705967146201,-0.9274745739175644,-0.441134371981431
20.0,70.0,1001.55078125,0.824493352546332,0.1717593457825232,-2.378357160883819,-0.0311580804148125,0.5201670551719506,-0.5719347365453232,0.1201970601601191,-0.6215705967146201,-0.9274745739175644,-0.4411343252199778
20.0,70.0,1001.55078125,0.8244933396679678,0.1717593457825232,-2.378357160883819,-0.0311582151974956,0.5201670551719506,-0.5719347327496923,0.1201970601601191,-0.6215705967146201,-0.9274745739175644,-0.4411343250395093
20.0,70.0,1001.55078125,0.8244933396047633,0.1717593457825232,-2.378357160883819,-0.0311581109377154,0.5201670551719506,-0.5719347368786333,0.1201970601601191,-0.6215705967146201,-0.9274745739175644,-0.4411344211061906
20.0,70.0,1001.55078125,0.824493352542107,0.1717593457825232,-2.378357160883819,-0.0311581754113268,0.5201670551719506,-0.5719347382087336,0.1201970601601191,-0.6215705967146201,-0.9274745739175644,-0.4411343725637087
20.0,70.0,1001.5509643554688,0.8244933384705639,0.1717593457825232,-2.378357160883819,-0.0311614958880763,0.5201670551719506,-0.5719345963452113,0.1201970601601191,-0.6215705967146201,-0.9274745739175644,-0.4411336882835726
20.0,70.0,1001.5509643554688,0.8244933384705639,0.1717593457825232,-2.378357160883819,-0.0311615026222045,0.5201670551719506,-0.5719345963452113,0.1201970601601191,-0.6215705967146201,-0.9274745739175644,-0.4411336882835726
20.0,71.0,1001.5507202148438,0.8244933387943909,0.1717593457825232,-2.378357160883819,-0.0311582155397999,0.5201670551719506,-0.5719345943293974,0.1201970601601191,-0.6215705967146201,-0.9274745739175644,-0.441134321303687
20.0,71.0,1001.5507202148438,0.8244933387808259,0.1717593457825232,-2.378357160883819,-0.0311582155397999,0.5201670551719506,-0.5719345943293974,0.1201970601601191,-0.6215705967146201,-0.9274745739175644,-0.441134321303687
20.0,71.0,1001.5507202148438,0.8244933387808259,0.1717593457825232,-2.378357160883819,-0.0311582155397999,0.5201670551719506,-0.5719345943293974,0.1201970601601191,-0.6215705967146201,-0.9274745739175644,-0.441134321303687
20.0,71.0,1001.5507202148438,0.8244933387943909,0.1717593457825232,-2.378357160883819,-0.0311582155397999,0.5201670551719506,-0.5719345943293974,0.1201970601601191,-0.6215705967146201,-0.9274745739175644,-0.441134321303687
20.0,71.0,1001.5507202148438,0.8244933387943909,0.1717593457825232,-2.378357160883819,-0.0311582155397999,0.5201670551719506,-0.5719345943293974,0.1201970601601191,-0.6215705967146201,-0.9274745739175644,-0.441134321303687
20.0,71.0,1001.5507202148438,0.8244933387943909,0.1717593457825232,-2.378357160883819,-0.0311582155397999,0.5201670551719506,-0.5719346052648588,0.1201970601601191,-0.6215705967146201,-0.9274745739175644,-0.4411343213041415
20.0,71.0,1001.5507202148438,0.8244933387943909,0.1717593457825232,-2.378357160883819,-0.0311582155397999,0.5201670551719506,-0.5719345943293974,0.1201970601601191,-0.6215705967146201,-0.9274745739175644,-0.441134321303687
20.0,71.0,1001.5507202148438,0.8244933399472206,0.1717593457825232,-2.378357160883819,-0.031158223900548,0.5201670551719506,-0.5719345943293974,0.1201970601601191,-0.6215705967146201,-0.9274745739175644,-0.4411343195466039
20.0,71.0,1001.5507202148438,0.8244933396679678,0.1717593457825232,-2.378357160883819,-0.03115820338846,0.5201670551719506,-0.5719345943293974,0.1201970601601191,-0.6215705967146201,-0.9274745739175644,-0.441134321303687
20.0,71.0,1001.5507202148438,0.8244933396107021,0.1717593457825232,-2.378357160883819,-0.03115820338846,0.5201670551719506,-0.5719345943293974,0.1201970601601191,-0.6215705967146201,-0.9274745739175644,-0.441134321303687
20.0,71.0,1001.5507202148438,0.8244933387943909,0.1717593457825232,-2.378357160883819,-0.0311582155397999,0.5201670551719506,-0.5719345943293974,0.1201970601601191,-0.6215705967146201,-0.9274745739175644,-0.441134321303687
20.0,71.0,1001.5507202148438,0.8244933397326736,0.1717593457825232,-2.378357160883819,-0.0311582992510955,0.5201670551719506,-0.5719346052702933,0.1201970601601191,-0.6215705967146201,-0.9274745739175644,-0.4411343213041415
20.0,71.0,1001.5507202148438,0.8244933398274198,0.1717593457825232,-2.378357160883819,-0.0311582271188618,0.5201670551719506,-0.5719345943635564,0.1201970601601191,-0.6215705967146201,-0.9274745739175644,-0.4411343192833997
20.0,71.0,1001.5507202148438,0.8244933387808124,0.1717593457825232,-2.378357160883819,-0.0311582155397999,0.5201670551719506,-0.5719346051680902,0.1201970601601191,-0.6215705967146201,-0.9274745739175644,-0.4411343213041415
20.0,71.0,1001.5507202148438,0.8244933387808259,0.1717593457825232,-2.378357160883819,-0.0311582155397999,0.5201670551719506,-0.5719345943293974,0.1201970601601191,-0.6215705967146201,-0.9274745739175644,-0.441134321303687
20.0,71.0,1001.5507202148438,0.8244933398274198,0.1717593457825232,-2.378357160883819,-0.0311582269444753,0.5201670551719506,-0.5719345943635564,0.1201970601601191,-0.6215705967146201,-0.9274745739175644,-0.4411343712551805
20.0,71.0,1001.5507202148438,0.8244933387808124,0.1717593457825232,-2.378357160883819,-0.0311582155397999,0.5201670551719506,-0.5719346051680902,0.1201970601601191,-0.6215705967146201,-0.9274745739175644,-0.4411343686478723
20.0,71.0,1001.5507202148438,0.824493352546332,0.1717593457825232,-2.378357160883819,-0.0311582037307643,0.5201670551719506,-0.571934612891832,0.1201970601601191,-0.6215705967146201,-0.9274745739175644,-0.4411343688278865
20.0,71.0,1001.5507202148438,0.8244933387943909,0.1717593457825232,-2.378357160883819,-0.0311582155397999,0.5201670551719506,-0.5719345943293974,0.1201970601601191,-0.6215705967146201,-0.9274745739175644,-0.441134321303687
20.0,71.0,1001.5507202148438,0.824493352546332,0.1717593457825232,-2.378357160883819,-0.0311580572655029,0.5201670551719506,-0.5719345935541906,0.1201970601601191,-0.6215705967146201,-0.9274745739175644,-0.4411343722669886
20.0,71.0,1001.5507202148438,0.8244933398274198,0.1717593457825232,-2.378357160883819,-0.0311582271188618,0.5201670551719506,-0.5719345943302002,0.1201970601601191,-0.6215705967146201,-0.9274745739175644,-0.4411343192833997
20.0,71.0,1001.5507202148438,0.8244933387943909,0.1717593457825232,-2.378357160883819,-0.0311582155397999,0.5201670551719506,-0.5719345943293974,0.1201970601601191,-0.6215705967146201,-0.9274745739175644,-0.441134321303687
20.0,71.0,1001.5507202148438,0.8244933387943909,0.1717593457825232,-2.378357160883819,-0.0311582155397999,0.5201670551719506,-0.5719346052648588,0.1201970601601191,-0.6215705967146201,-0.9274745739175644,-0.4411343213041415
20.0,71.0,1001.5507202148438,0.8244933387653155,0.1717593457825232,-2.378357160883819,-0.0311582155397999,0.5201670551719506,-0.5719345943293974,0.1201970601601191,-0.6215705967146201,-0.9274745739175644,-0.441134321303689
20.0,71.0,1001.5507202148438,0.8244933399472206,0.1717593457825232,-2.378357160883819,-0.031158223900548,0.5201670551719506,-0.5719346052022153,0.1201970601601191,-0.6215705967146201,-0.9274745739175644,-0.4411343195466039
20.0,71.0,1001.5507202148438,0.8244933398274198,0.1717593457825232,-2.378357160883819,-0.0311582269444753,0.5201670551719506,-0.5719345943635564,0.1201970601601191,-0.6215705967146201,-0.9274745739175644,-0.4411343712551805
20.0,71.0,1001.5507202148438,0.8244933387899404,0.1717593457825232,-2.378357160883819,-0.0311582155397999,0.5201670551719506,-0.5719345943293974,0.1201970601601191,-0.6215705967146201,-0.9274745739175644,-0.441134321303687
20.0,71.0,1001.5507202148438,0.8244933399472206,0.1717593457825232,-2.378357160883819,-0.031158223900548,0.5201670551719506,-0.5719345943293974,0.1201970601601191,-0.6215705967146201,-0.9274745739175644,-0.4411343195466039
20.0,71.0,1001.5507202148438,0.8244933387943909,0.1717593457825232,-2.378357160883819,-0.0311582246839422,0.5201670551719506,-0.5719345943293974,0.1201970601601191,-0.6215705967146201,-0.9274745739175644,-0.441134321303687
20.0,71.0,1001.5507202148438,0.8244933398274198,0.1717593457825232,-2.378357160883819,-0.0311582271188618,0.5201670551719506,-0.5719345943635564,0.1201970601601191,-0.6215705967146201,-0.9274745739175644,-0.4411343192833997
20.0,71.0,1001.5507202148438,0.8244933387943909,0.1717593457825232,-2.378357160883819,-0.0311582155397999,0.5201670551719506,-0.5719346052648588,0.1201970601601191,-0.6215705967146201,-0.9274745739175644,-0.4411343213041415
20.0,71.0,1001.5507202148438,0.8244933387943909,0.1717593457825232,-2.378357160883819,-0.0311582155397999,0.5201670551719506,-0.5719345943293974,0.1201970601601191,-0.6215705967146201,-0.9274745739175644,-0.441134321303687
20.0,71.0,1001.5507202148438,0.8244933387943909,0.1717593457825232,-2.378357160883819,-0.0311582155397999,0.5201670551719506,-0.5719346052648588,0.1201970601601191,-0.6215705967146201,-0.9274745739175644,-0.4411343213041415
20.0,71.0,1001.5507202148438,0.8244933396679678,0.1717593457825232,-2.378357160883819,-0.031158203718344,0.5201670551719506,-0.5719345943293974,0.1201970601601191,-0.6215705967146201,-0.9274745739175644,-0.441134321303687
20.0,71.0,1001.5507202148438,0.8244933399476667,0.1717593457825232,-2.378357160883819,-0.031158214433841,0.5201670551719506,-0.5719345943293974,0.1201970601601191,-0.6215705967146201,-0.9274745739175644,-0.4411343195439165
20.0,71.0,1001.5507202148438,0.8244933522898801,0.1717593457825232,-2.378357160883819,-0.031158176888452,0.5201670551719506,-0.5719346052022153,0.1201970601601191,-0.6215705967146201,-0.9274745739175644,-0.4411343205449696
20.0,71.0,1001.5507202148438,0.8244933387808124,0.1717593457825232,-2.378357160883819,-0.0311582155397999,0.5201670551719506,-0.5719346051680902,0.1201970601601191,-0.6215705967146201,-0.9274745739175644,-0.4411343689567295
20.0,71.0,1001.5507202148438,0.8244933395696864,0.1717593457825232,-2.378357160883819,-0.0311582150441948,0.5201670551719506,-0.5719345943293974,0.1201970601601191,-0.6215705967146201,-0.9274745739175644,-0.441134321303687
20.0,71.0,1001.5507202148438,0.8244933398274198,0.1717593457825232,-2.378357160883819,-0.0311582271188618,0.5201670551719506,-0.5719345943302002,0.1201970601601191,-0.6215705967146201,-0.9274745739175644,-0.4411343192833997
20.0,71.0,1001.5507202148438,0.8244933387808124,0.1717593457825232,-2.378357160883819,-0.0311582155397999,0.5201670551719506,-0.5719346051680902,0.1201970601601191,-0.6215705967146201,-0.9274745739175644,-0.4411343686478723
20.0,71.0,1001.55078125,0.824493352546332,0.1717593457825232,-2.378357160883819,-0.0311582155397999,0.5201670551719506,-0.5719347513121269,0.1201970601601191,-0.6215705967146201,-0.9274745739175644,-0.4411343725637087
20.0,71.0,1001.55078125,0.8244933396762953,0.1717593457825232,-2.378357160883819,-0.0311581954370232,0.5201670551719506,-0.5719347507553313,0.1201970601601191,-0.6215705967146201,-0.9274745739175644,-0.4411343576668111
20.0,71.0,1001.55078125,0.8244933524656438,0.1717593457825232,-2.378357160883819,-0.0311581754113268,0.5201670551719506,-0.5719347513121269,0.1201970601601191,-0.6215705967146201,-0.9274745739175644,-0.4411343725637087
20.0,71.0,1001.55078125,0.8244933395793563,0.1717593457825232,-2.378357160883819,-0.031158246344412,0.5201670551719506,-0.5719347368786333,0.1201970601601191,-0.6215705967146201,-0.9274745739175644,-0.441134371981431
20.0,71.0,1001.55078125,0.824493352546332,0.1717593457825232,-2.378357160883819,-0.0311580804148125,0.5201670551719506,-0.5719347365453232,0.1201970601601191,-0.6215705967146201,-0.9274745739175644,-0.4411343725637087
20.0,71.0,1001.55078125,0.8244933396329428,0.1717593457825232,-2.378357160883819,-0.0311581224243416,0.5201670551719506,-0.5719347368786333,0.1201970601601191,-0.6215705967146201,-0.9274745739175644,-0.441134371981431
20.0,71.0,1001.55078125,0.8244933396047633,0.1717593457825232,-2.378357160883819,-0.0311581109377154,0.5201670551719506,-0.5719347368786333,0.1201970601601191,-0.6215705967146201,-0.9274745739175644,-0.4411344211061906
20.0,71.0,1001.55078125,0.824493352546332,0.1717593457825232,-2.378357160883819,-0.0311582155397999,0.5201670551719506,-0.5719347513121269,0.1201970601601191,-0.6215705967146201,-0.9274745739175644,-0.4411343725637087
20.0,71.0,1001.55078125,0.8244933396003403,0.1717593457825232,-2.378357160883819,-0.0311581109377154,0.5201670551719506,-0.5719347368786333,0.1201970601601191,-0.6215705967146201,-0.9274745739175644,-0.4411343199769519
20.0,71.0,1001.55078125,0.824493352546332,0.1717593457825232,-2.378357160883819,-0.0311581012044847,0.5201670551719506,-0.571934737435429,0.1201970601601191,-0.6215705967146201,-0.9274745739175644,-0.4411343725637087
20.0,72.0,1001.5507202148438,0.8244933387943909,0.1717593457825232,-2.378357160883819,-0.0311582155397999,0.5201670551719506,-0.5719345943293974,0.1201970601601191,-0.6215705967146201,-0.9274745739175644,-0.441134321303687
20.0,72.0,1001.5507202148438,0.8244933387808259,0.1717593457825232,-2.378357160883819,-0.0311582155397999,0.5201670551719506,-0.5719345943293974,0.1201970601601191,-0.6215705967146201,-0.9274745739175644,-0.441134321303687
20.0,72.0,1001.5507202148438,0.8244933387808259,0.1717593457825232,-2.378357160883819,-0.0311582155397999,0.5201670551719506,-0.5719345943293974,0.1201970601601191,-0.6215705967146201,-0.9274745739175644,-0.441134321303687
20.0,72.0,1001.5507202148438,0.8244933387943909,0.1717593457825232,-2.378357160883819,-0.0311582155397999,0.5201670551719506,-0.5719345943293974,0.1201970601601191,-0.6215705967146201,-0.9274745739175644,-0.441134321303687
20.0,72.0,1001.5507202148438,0.8244933387943909,0.1717593457825232,-2.378357160883819,-0.0311582155397999,0.5201670551719506,-0.5719345943293974,0.1201970601601191,-0.6215705967146201,-0.9274745739175644,-0.441134321303687
20.0,72.0,1001.5507202148438,0.8244933387943909,0.1717593457825232,-2.378357160883819,-0.0311582155397999,0.5201670551719506,-0.5719346052648588,0.1201970601601191,-0.6215705967146201,-0.9274745739175644,-0.4411343213041415
20.0,72.0,1001.5507202148438,0.8244933387943909,0.1717593457825232,-2.378357160883819,-0.0311582155397999,0.5201670551719506,-0.5719345943293974,0.1201970601601191,-0.6215705967146201,-0.9274745739175644,-0.441134321303687
20.0,72.0,1001.5507202148438,0.8244933399472206,0.1717593457825232,-2.378357160883819,-0.031158223900548,0.5201670551719506,-0.5719345943293974,0.1201970601601191,-0.6215705967146201,-0.9274745739175644,-0.4411343195466039
20.0,72.0,1001.5507202148438,0.8244933396679678,0.1717593457825232,-2.378357160883819,-0.03115820338846,0.5201670551719506,-0.5719345943293974,0.1201970601601191,-0.6215705967146201,-0.9274745739175644,-0.441134321303687
20.0,72.0,1001.5507202148438,0.8244933396107021,0.1717593457825232,-2.378357160883819,-0.03115820338846,0.5201670551719506,-0.5719345943293974,0.1201970601601191,-0.6215705967146201,-0.9274745739175644,-0.441134321303687
20.0,72.0,1001.5507202148438,0.8244933387943909,0.1717593457825232,-2.378357160883819,-0.0311582155397999,0.5201670551719506,-0.5719345943293974,0.1201970601601191,-0.6215705967146201,-0.9274745739175644,-0.441134321303687
20.0,72.0,1001.5507202148438,0.8244933397326736,0.1717593457825232,-2.378357160883819,-0.0311582992510955,0.5201670551719506,-0.5719346052702933,0.1201970601601191,-0.6215705967146201,-0.9274745739175644,-0.4411343213041415
20.0,72.0,1001.5507202148438,0.8244933398274198,0.1717593457825232,-2.378357160883819,-0.0311582271188618,0.5201670551719506,-0.5719345943635564,0.1201970601601191,-0.6215705967146201,-0.9274745739175644,-0.4411343192833997
20.0,72.0,1001.5507202148438,0.8244933387808124,0.1717593457825232,-2.378357160883819,-0.0311582155397999,0.5201670551719506,-0.5719346051680902,0.1201970601601191,-0.6215705967146201,-0.9274745739175644,-0.4411343213041415
20.0,72.0,1001.5507202148438,0.8244933387808259,0.1717593457825232,-2.378357160883819,-0.0311582155397999,0.5201670551719506,-0.5719345943293974,0.1201970601601191,-0.6215705967146201,-0.9274745739175644,-0.441134321303687
20.0,72.0,1001.5507202148438,0.8244933398274198,0.1717593457825232,-2.378357160883819,-0.0311582269444753,0.5201670551719506,-0.5719345943635564,0.1201970601601191,-0.6215705967146201,-0.9274745739175644,-0.4411343712551805
20.0,72.0,1001.5507202148438,0.8244933387808124,0.1717593457825232,-2.378357160883819,-0.0311582155397999,0.5201670551719506,-0.5719346051680902,0.1201970601601191,-0.6215705967146201,-0.9274745739175644,-0.4411343686478723
20.0,72.0,1001.5507202148438,0.824493352546332,0.1717593457825232,-2.378357160883819,-0.0311582037307643,0.5201670551719506,-0.571934612891832,0.1201970601601191,-0.6215705967146201,-0.9274745739175644,-0.4411343688278865
20.0,72.0,1001.5507202148438,0.8244933387943909,0.1717593457825232,-2.378357160883819,-0.0311582155397999,0.5201670551719506,-0.5719345943293974,0.1201970601601191,-0.6215705967146201,-0.9274745739175644,-0.441134321303687
20.0,72.0,1001.5507202148438,0.824493352546332,0.1717593457825232,-2.378357160883819,-0.0311580572655029,0.5201670551719506,-0.5719345935541906,0.1201970601601191,-0.6215705967146201,-0.9274745739175644,-0.4411343722669886
20.0,72.0,1001.5507202148438,0.8244933398274198,0.1717593457825232,-2.378357160883819,-0.0311582271188618,0.5201670551719506,-0.5719345943302002,0.1201970601601191,-0.6215705967146201,-0.9274745739175644,-0.4411343192833997
20.0,72.0,1001.5507202148438,0.8244933387943909,0.1717593457825232,-2.378357160883819,-0.0311582155397999,0.5201670551719506,-0.5719345943293974,0.1201970601601191,-0.6215705967146201,-0.9274745739175644,-0.441134321303687
20.0,72.0,1001.5507202148438,0.8244933387943909,0.1717593457825232,-2.378357160883819,-0.0311582155397999,0.5201670551719506,-0.5719346052648588,0.1201970601601191,-0.6215705967146201,-0.9274745739175644,-0.4411343213041415
20.0,72.0,1001.5507202148438,0.8244933387653155,0.1717593457825232,-2.378357160883819,-0.0311582155397999,0.5201670551719506,-0.5719345943293974,0.1201970601601191,-0.6215705967146201,-0.9274745739175644,-0.441134321303689
20.0,72.0,1001.5507202148438,0.8244933399472206,0.1717593457825232,-2.378357160883819,-0.031158223900548,0.5201670551719506,-0.5719346052022153,0.1201970601601191,-0.6215705967146201,-0.9274745739175644,-0.4411343195466039
20.0,72.0,1001.5507202148438,0.8244933398274198,0.1717593457825232,-2.378357160883819,-0.0311582269444753,0.5201670551719506,-0.5719345943635564,0.1201970601601191,-0.6215705967146201,-0.9274745739175644,-0.4411343712551805
20.0,72.0,1001.5507202148438,0.8244933387899404,0.1717593457825232,-2.378357160883819,-0.0311582155397999,0.5201670551719506,-0.5719345943293974,0.1201970601601191,-0.6215705967146201,-0.9274745739175644,-0.441134321303687
20.0,72.0,1001.5507202148438,0.8244933399472206,0.1717593457825232,-2.378357160883819,-0.031158223900548,0.5201670551719506,-0.5719345943293974,0.1201970601601191,-0.6215705967146201,-0.9274745739175644,-0.4411343195466039
20.0,72.0,1001.5507202148438,0.8244933387943909,0.1717593457825232,-2.378357160883819,-0.0311582246839422,0.5201670551719506,-0.5719345943293974,0.1201970601601191,-0.6215705967146201,-0.9274745739175644,-0.441134321303687
20.0,72.0,1001.5507202148438,0.8244933398274198,0.1717593457825232,-2.378357160883819,-0.0311582271188618,0.5201670551719506,-0.5719345943635564,0.1201970601601191,-0.6215705967146201,-0.9274745739175644,-0.4411343192833997
20.0,72.0,1001.5507202148438,0.8244933387943909,0.1717593457825232,-2.378357160883819,-0.0311582155397999,0.5201670551719506,-0.5719346052648588,0.1201970601601191,-0.6215705967146201,-0.9274745739175644,-0.4411343213041415
20.0,72.0,1001.5507202148438,0.8244933387943909,0.1717593457825232,-2.378357160883819,-0.0311582155397999,0.5201670551719506,-0.5719345943293974,0.1201970601601191,-0.6215705967146201,-0.9274745739175644,-0.441134321303687
20.0,72.0,1001.5507202148438,0.8244933387943909,0.1717593457825232,-2.378357160883819,-0.0311582155397999,0.5201670551719506,-0.5719346052648588,0.1201970601601191,-0.6215705967146201,-0.9274745739175644,-0.4411343213041415
20.0,72.0,1001.5507202148438,0.8244933396679678,0.1717593457825232,-2.378357160883819,-0.031158203718344,0.5201670551719506,-0.5719345943293974,0.1201970601601191,-0.6215705967146201,-0.9274745739175644,-0.441134321303687
20.0,72.0,1001.5507202148438,0.8244933399476667,0.1717593457825232,-2.378357160883819,-0.031158214433841,0.5201670551719506,-0.5719345943293974,0.1201970601601191,-0.6215705967146201,-0.9274745739175644,-0.4411343195439165
20.0,72.0,1001.5507202148438,0.8244933522898801,0.1717593457825232,-2.378357160883819,-0.031158176888452,0.5201670551719506,-0.5719346052022153,0.1201970601601191,-0.6215705967146201,-0.9274745739175644,-0.4411343205449696
20.0,72.0,1001.5507202148438,0.8244933387808124,0.1717593457825232,-2.378357160883819,-0.0311582155397999,0.5201670551719506,-0.5719346051680902,0.1201970601601191,-0.6215705967146201,-0.9274745739175644,-0.4411343689567295
20.0,72.0,1001.5507202148438,0.8244933395696864,0.1717593457825232,-2.378357160883819,-0.0311582150441948,0.5201670551719506,-0.5719345943293974,0.1201970601601191,-0.6215705967146201,-0.9274745739175644,-0.441134321303687
20.0,72.0,1001.5507202148438,0.8244933398274198,0.1717593457825232,-2.378357160883819,-0.0311582271188618,0.5201670551719506,-0.5719345943302002,0.1201970601601191,-0.6215705967146201,-0.9274745739175644,-0.4411343192833997
20.0,72.0,1001.5507202148438,0.8244933387808124,0.1717593457825232,-2.378357160883819,-0.0311582155397999,0.5201670551719506,-0.5719346051680902,0.1201970601601191,-0.6215705967146201,-0.9274745739175644,-0.4411343686478723
20.0,72.0,1001.5507202148438,0.8244933398322074,0.1717593457825232,-2.378357160883819,-0.0311582271188618,0.5201670551719506,-0.5719345943635564,0.1201970601601191,-0.6215705967146201,-0.9274745739175644,-0.4411343192339145
20.0,72.0,1001.5507202148438,0.8244933387808135,0.1717593457825232,-2.378357160883819,-0.0311582155397999,0.5201670551719506,-0.5719346051680902,0.1201970601601191,-0.6215705967146201,-0.9274745739175644,-0.4411343689567295
20.0,72.0,1001.5507202148438,0.8244933387808124,0.1717593457825232,-2.378357160883819,-0.0311582164524755,0.5201670551719506,-0.5719346051680902,0.1201970601601191,-0.6215705967146201,-0.9274745739175644,-0.4411343716999686
20.0,72.0,1001.5507202148438,0.8244933387876041,0.1717593457825232,-2.378357160883819,-0.0311582155397999,0.5201670551719506,-0.5719345943293974,0.1201970601601191,-0.6215705967146201,-0.9274745739175644,-0.4411343213881555
20.0,72.0,1001.5507202148438,0.8244933387809238,0.1717593457825232,-2.378357160883819,-0.0311582155397999,0.5201670551719506,-0.5719346048996683,0.1201970601601191,-0.6215705967146201,-0.9274745739175644,-0.4411343738191456
20.0,72.0,1001.5507202148438,0.8244933387943909,0.1717593457825232,-2.378357160883819,-0.0311582155397999,0.5201670551719506,-0.5719346054292177,0.1201970601601191,-0.6215705967146201,-0.9274745739175644,-0.4411343721519831
20.0,72.0,1001.5507202148438,0.8244933386802579,0.1717593457825232,-2.378357160883819,-0.0311582239834457,0.5201670551719506,-0.5719345943293974,0.1201970601601191,-0.6215705967146201,-0.9274745739175644,-0.4411343213678728
20.0,72.0,1001.5507202148438,0.8244933398066524,0.1717593457825232,-2.378357160883819,-0.0311582271188618,0.5201670551719506,-0.5719345943302002,0.1201970601601191,-0.6215705967146201,-0.9274745739175644,-0.4411343193530627
20.0,72.0,1001.5507202148438,0.8244933387808259,0.1717593457825232,-2.378357160883819,-0.0311582155397999,0.5201670551719506,-0.5719345943293974,0.1201970601601191,-0.6215705967146201,-0.9274745739175644,-0.441134321303687
20.0,72.0,1001.5507202148438,0.8244933387579088,0.1717593457825232,-2.378357160883819,-0.0311582155397999,0.5201670551719506,-0.5719346051453569,0.1201970601601191,-0.6215705967146201,-0.9274745739175644,-0.441134321321691
20.0,73.0,1001.5507202148438,0.8244933387943909,0.1717593457825232,-2.378357160883819,-0.0311582155397999,0.5201670551719506,-0.5719345943293974,0.1201970601601191,-0.6215705967146201,-0.9274745739175644,-0.441134321303687
20.0,73.0,1001.5507202148438,0.8244933387808259,0.1717593457825232,-2.378357160883819,-0.0311582155397999,0.5201670551719506,-0.5719345943293974,0.1201970601601191,-0.6215705967146201,-0.9274745739175644,-0.441134321303687
20.0,73.0,1001.5507202148438,0.8244933387808259,0.1717593457825232,-2.378357160883819,-0.0311582155397999,0.5201670551719506,-0.5719345943293974,0.1201970601601191,-0.6215705967146201,-0.9274745739175644,-0.441134321303687
20.0,73.0,1001.5507202148438,0.8244933387943909,0.1717593457825232,-2.378357160883819,-0.0311582155397999,0.5201670551719506,-0.5719345943293974,0.1201970601601191,-0.6215705967146201,-0.9274745739175644,-0.441134321303687
20.0,73.0,1001.5507202148438,0.8244933387943909,0.1717593457825232,-2.378357160883819,-0.0311582155397999,0.5201670551719506,-0.5719345943293974,0.1201970601601191,-0.6215705967146201,-0.9274745739175644,-0.441134321303687
20.0,73.0,1001.5507202148438,0.8244933387943909,0.1717593457825232,-2.378357160883819,-0.0311582155397999,0.5201670551719506,-0.5719346052648588,0.1201970601601191,-0.6215705967146201,-0.9274745739175644,-0.4411343213041415
20.0,73.0,1001.5507202148438,0.8244933387943909,0.1717593457825232,-2.378357160883819,-0.0311582155397999,0.5201670551719506,-0.5719345943293974,0.1201970601601191,-0.6215705967146201,-0.9274745739175644,-0.441134321303687
20.0,73.0,1001.5507202148438,0.8244933399472206,0.1717593457825232,-2.378357160883819,-0.031158223900548,0.5201670551719506,-0.5719345943293974,0.1201970601601191,-0.6215705967146201,-0.9274745739175644,-0.4411343195466039
20.0,73.0,1001.5507202148438,0.8244933396679678,0.1717593457825232,-2.378357160883819,-0.03115820338846,0.5201670551719506,-0.5719345943293974,0.1201970601601191,-0.6215705967146201,-0.9274745739175644,-0.441134321303687
20.0,73.0,1001.5507202148438,0.8244933396107021,0.1717593457825232,-2.378357160883819,-0.03115820338846,0.5201670551719506,-0.5719345943293974,0.1201970601601191,-0.6215705967146201,-0.9274745739175644,-0.441134321303687
20.0,73.0,1001.5507202148438,0.8244933387943909,0.1717593457825232,-2.378357160883819,-0.0311582155397999,0.5201670551719506,-0.5719345943293974,0.1201970601601191,-0.6215705967146201,-0.9274745739175644,-0.441134321303687
20.0,73.0,1001.5507202148438,0.8244933397326736,0.1717593457825232,-2.378357160883819,-0.0311582992510955,0.5201670551719506,-0.5719346052702933,0.1201970601601191,-0.6215705967146201,-0.9274745739175644,-0.4411343213041415
20.0,73.0,1001.5507202148438,0.8244933398274198,0.1717593457825232,-2.378357160883819,-0.0311582271188618,0.5201670551719506,-0.5719345943635564,0.1201970601601191,-0.6215705967146201,-0.9274745739175644,-0.4411343192833997
20.0,73.0,1001.5507202148438,0.8244933387808124,0.1717593457825232,-2.378357160883819,-0.0311582155397999,0.5201670551719506,-0.5719346051680902,0.1201970601601191,-0.6215705967146201,-0.9274745739175644,-0.4411343213041415
20.0,73.0,1001.5507202148438,0.8244933387808259,0.1717593457825232,-2.378357160883819,-0.0311582155397999,0.5201670551719506,-0.5719345943293974,0.1201970601601191,-0.6215705967146201,-0.9274745739175644,-0.441134321303687
20.0,73.0,1001.5507202148438,0.8244933398274198,0.1717593457825232,-2.378357160883819,-0.0311582269444753,0.5201670551719506,-0.5719345943635564,0.1201970601601191,-0.6215705967146201,-0.9274745739175644,-0.4411343712551805
20.0,73.0,1001.5507202148438,0.8244933387808124,0.1717593457825232,-2.378357160883819,-0.0311582155397999,0.5201670551719506,-0.5719346051680902,0.1201970601601191,-0.6215705967146201,-0.9274745739175644,-0.4411343686478723
20.0,73.0,1001.5507202148438,0.824493352546332,0.1717593457825232,-2.378357160883819,-0.0311582037307643,0.5201670551719506,-0.571934612891832,0.1201970601601191,-0.6215705967146201,-0.9274745739175644,-0.4411343688278865
20.0,73.0,1001.5507202148438,0.8244933387943909,0.1717593457825232,-2.378357160883819,-0.0311582155397999,0.5201670551719506,-0.5719345943293974,0.1201970601601191,-0.6215705967146201,-0.9274745739175644,-0.441134321303687
20.0,73.0,1001.5507202148438,0.824493352546332,0.1717593457825232,-2.378357160883819,-0.0311580572655029,0.5201670551719506,-0.5719345935541906,0.1201970601601191,-0.6215705967146201,-0.9274745739175644,-0.4411343722669886
20.0,73.0,1001.5507202148438,0.8244933398274198,0.1717593457825232,-2.378357160883819,-0.0311582271188618,0.5201670551719506,-0.5719345943302002,0.1201970601601191,-0.6215705967146201,-0.9274745739175644,-0.4411343192833997
20.0,73.0,1001.5507202148438,0.8244933387943909,0.1717593457825232,-2.378357160883819,-0.0311582155397999,0.5201670551719506,-0.5719345943293974,0.1201970601601191,-0.6215705967146201,-0.9274745739175644,-0.441134321303687
20.0,73.0,1001.5507202148438,0.8244933387943909,0.1717593457825232,-2.378357160883819,-0.0311582155397999,0.5201670551719506,-0.5719346052648588,0.1201970601601191,-0.6215705967146201,-0.9274745739175644,-0.4411343213041415
20.0,73.0,1001.5507202148438,0.8244933387653155,0.1717593457825232,-2.378357160883819,-0.0311582155397999,0.5201670551719506,-0.5719345943293974,0.1201970601601191,-0.6215705967146201,-0.9274745739175644,-0.441134321303689
20.0,73.0,1001.5507202148438,0.8244933399472206,0.1717593457825232,-2.378357160883819,-0.031158223900548,0.5201670551719506,-0.5719346052022153,0.1201970601601191,-0.6215705967146201,-0.9274745739175644,-0.4411343195466039
20.0,73.0,1001.5507202148438,0.8244933398274198,0.1717593457825232,-2.378357160883819,-0.0311582269444753,0.5201670551719506,-0.5719345943635564,0.1201970601601191,-0.6215705967146201,-0.9274745739175644,-0.4411343712551805
20.0,73.0,1001.5507202148438,0.8244933387899404,0.1717593457825232,-2.378357160883819,-0.0311582155397999,0.5201670551719506,-0.5719345943293974,0.1201970601601191,-0.6215705967146201,-0.9274745739175644,-0.441134321303687
20.0,73.0,1001.5507202148438,0.8244933399472206,0.1717593457825232,-2.378357160883819,-0.031158223900548,0.5201670551719506,-0.5719345943293974,0.1201970601601191,-0.6215705967146201,-0.9274745739175644,-0.4411343195466039
20.0,73.0,1001.5507202148438,0.8244933387943909,0.1717593457825232,-2.378357160883819,-0.0311582246839422,0.5201670551719506,-0.5719345943293974,0.1201970601601191,-0.6215705967146201,-0.9274745739175644,-0.441134321303687
20.0,73.0,1001.5507202148438,0.8244933398274198,0.1717593457825232,-2.378357160883819,-0.0311582271188618,0.5201670551719506,-0.5719345943635564,0.1201970601601191,-0.6215705967146201,-0.9274745739175644,-0.4411343192833997
20.0,73.0,1001.5507202148438,0.8244933387943909,0.1717593457825232,-2.378357160883819,-0.0311582155397999,0.5201670551719506,-0.5719346052648588,0.1201970601601191,-0.6215705967146201,-0.9274745739175644,-0.4411343213041415
20.0,73.0,1001.5507202148438,0.8244933387943909,0.1717593457825232,-2.378357160883819,-0.0311582155397999,0.5201670551719506,-0.5719345943293974,0.1201970601601191,-0.6215705967146201,-0.9274745739175644,-0.441134321303687
20.0,73.0,1001.5507202148438,0.8244933387943909,0.1717593457825232,-2.378357160883819,-0.0311582155397999,0.5201670551719506,-0.5719346052648588,0.1201970601601191,-0.6215705967146201,-0.9274745739175644,-0.4411343213041415
20.0,73.0,1001.5507202148438,0.8244933396679678,0.1717593457825232,-2.378357160883819,-0.031158203718344,0.5201670551719506,-0.5719345943293974,0.1201970601601191,-0.6215705967146201,-0.9274745739175644,-0.441134321303687
20.0,73.0,1001.5507202148438,0.8244933399476667,0.1717593457825232,-2.378357160883819,-0.031158214433841,0.5201670551719506,-0.5719345943293974,0.1201970601601191,-0.6215705967146201,-0.9274745739175644,-0.4411343195439165
20.0,73.0,1001.5507202148438,0.8244933522898801,0.1717593457825232,-2.378357160883819,-0.031158176888452,0.5201670551719506,-0.5719346052022153,0.1201970601601191,-0.6215705967146201,-0.9274745739175644,-0.4411343205449696
20.0,73.0,1001.5507202148438,0.8244933387808124,0.1717593457825232,-2.378357160883819,-0.0311582155397999,0.5201670551719506,-0.5719346051680902,0.1201970601601191,-0.6215705967146201,-0.9274745739175644,-0.4411343689567295
20.0,73.0,1001.5507202148438,0.8244933395696864,0.1717593457825232,-2.378357160883819,-0.0311582150441948,0.5201670551719506,-0.5719345943293974,0.1201970601601191,-0.6215705967146201,-0.9274745739175644,-0.441134321303687
20.0,73.0,1001.5507202148438,0.8244933398274198,0.1717593457825232,-2.378357160883819,-0.0311582271188618,0.5201670551719506,-0.5719345943302002,0.1201970601601191,-0.6215705967146201,-0.9274745739175644,-0.4411343192833997
20.0,73.0,1001.5507202148438,0.8244933387808124,0.1717593457825232,-2.378357160883819,-0.0311582155397999,0.5201670551719506,-0.5719346051680902,0.1201970601601191,-0.6215705967146201,-0.9274745739175644,-0.4411343686478723
20.0,73.0,1001.5507202148438,0.8244933398322074,0.1717593457825232,-2.378357160883819,-0.0311582271188618,0.5201670551719506,-0.5719345943635564,0.1201970601601191,-0.6215705967146201,-0.9274745739175644,-0.4411343192339145
20.0,73.0,1001.5507202148438,0.8244933387808135,0.1717593457825232,-2.378357160883819,-0.0311582155397999,0.5201670551719506,-0.5719346051680902,0.1201970601601191,-0.6215705967146201,-0.9274745739175644,-0.4411343689567295
20.0,73.0,1001.5507202148438,0.8244933387808124,0.1717593457825232,-2.378357160883819,-0.0311582164524755,0.5201670551719506,-0.5719346051680902,0.1201970601601191,-0.6215705967146201,-0.9274745739175644,-0.4411343716999686
20.0,73.0,1001.5507202148438,0.8244933387876041,0.1717593457825232,-2.378357160883819,-0.0311582155397999,0.5201670551719506,-0.5719345943293974,0.1201970601601191,-0.6215705967146201,-0.9274745739175644,-0.4411343213881555
20.0,73.0,1001.5507202148438,0.8244933387809238,0.1717593457825232,-2.378357160883819,-0.0311582155397999,0.5201670551719506,-0.5719346048996683,0.1201970601601191,-0.6215705967146201,-0.9274745739175644,-0.4411343738191456
20.0,73.0,1001.5507202148438,0.8244933387943909,0.1717593457825232,-2.378357160883819,-0.0311582155397999,0.5201670551719506,-0.5719346054292177,0.1201970601601191,-0.6215705967146201,-0.9274745739175644,-0.4411343721519831
20.0,73.0,1001.5507202148438,0.8244933386802579,0.1717593457825232,-2.378357160883819,-0.0311582239834457,0.5201670551719506,-0.5719345943293974,0.1201970601601191,-0.6215705967146201,-0.9274745739175644,-0.4411343213678728
20.0,73.0,1001.5507202148438,0.8244933398066524,0.1717593457825232,-2.378357160883819,-0.0311582271188618,0.5201670551719506,-0.5719345943302002,0.1201970601601191,-0.6215705967146201,-0.9274745739175644,-0.4411343193530627
20.0,73.0,1001.5507202148438,0.8244933387808259,0.1717593457825232,-2.378357160883819,-0.0311582155397999,0.5201670551719506,-0.5719345943293974,0.1201970601601191,-0.6215705967146201,-0.9274745739175644,-0.441134321303687
20.0,73.0,1001.5507202148438,0.8244933387579088,0.1717593457825232,-2.378357160883819,-0.0311582155397999,0.5201670551719506,-0.5719346051453569,0.1201970601601191,-0.6215705967146201,-0.9274745739175644,-0.441134321321691
20.0,74.0,1001.5507202148438,0.8244933387943909,0.1717593457825232,-2.378357160883819,-0.0311582155397999,0.5201670551719506,-0.5719345943293974,0.1201970601601191,-0.6215705967146201,-0.9274745739175644,-0.441134321303687
20.0,74.0,1001.5507202148438,0.8244933387808259,0.1717593457825232,-2.378357160883819,-0.0311582155397999,0.5201670551719506,-0.5719345943293974,0.1201970601601191,-0.6215705967146201,-0.9274745739175644,-0.441134321303687
20.0,74.0,1001.5507202148438,0.8244933387808259,0.1717593457825232,-2.378357160883819,-0.0311582155397999,0.5201670551719506,-0.5719345943293974,0.1201970601601191,-0.6215705967146201,-0.9274745739175644,-0.441134321303687
20.0,74.0,1001.5507202148438,0.8244933387943909,0.1717593457825232,-2.378357160883819,-0.0311582155397999,0.5201670551719506,-0.5719345943293974,0.1201970601601191,-0.6215705967146201,-0.9274745739175644,-0.441134321303687
20.0,74.0,1001.5507202148438,0.8244933387943909,0.1717593457825232,-2.378357160883819,-0.0311582155397999,0.5201670551719506,-0.5719345943293974,0.1201970601601191,-0.6215705967146201,-0.9274745739175644,-0.441134321303687
20.0,74.0,1001.5507202148438,0.8244933387943909,0.1717593457825232,-2.378357160883819,-0.0311582155397999,0.5201670551719506,-0.5719346052648588,0.1201970601601191,-0.6215705967146201,-0.9274745739175644,-0.4411343213041415
20.0,74.0,1001.5507202148438,0.8244933387943909,0.1717593457825232,-2.378357160883819,-0.0311582155397999,0.5201670551719506,-0.5719345943293974,0.1201970601601191,-0.6215705967146201,-0.9274745739175644,-0.441134321303687
20.0,74.0,1001.5507202148438,0.8244933399472206,0.1717593457825232,-2.378357160883819,-0.031158223900548,0.5201670551719506,-0.5719345943293974,0.1201970601601191,-0.6215705967146201,-0.9274745739175644,-0.4411343195466039
20.0,74.0,1001.5507202148438,0.8244933396679678,0.1717593457825232,-2.378357160883819,-0.03115820338846,0.5201670551719506,-0.5719345943293974,0.1201970601601191,-0.6215705967146201,-0.9274745739175644,-0.441134321303687
20.0,74.0,1001.5507202148438,0.8244933396107021,0.1717593457825232,-2.378357160883819,-0.03115820338846,0.5201670551719506,-0.5719345943293974,0.1201970601601191,-0.6215705967146201,-0.9274745739175644,-0.441134321303687
20.0,74.0,1001.5507202148438,0.8244933387943909,0.1717593457825232,-2.378357160883819,-0.0311582155397999,0.5201670551719506,-0.5719345943293974,0.1201970601601191,-0.6215705967146201,-0.9274745739175644,-0.441134321303687
20.0,74.0,1001.5507202148438,0.8244933397326736,0.1717593457825232,-2.378357160883819,-0.0311582992510955,0.5201670551719506,-0.5719346052702933,0.1201970601601191,-0.6215705967146201,-0.9274745739175644,-0.4411343213041415
20.0,74.0,1001.5507202148438,0.8244933398274198,0.1717593457825232,-2.378357160883819,-0.0311582271188618,0.5201670551719506,-0.5719345943635564,0.1201970601601191,-0.6215705967146201,-0.9274745739175644,-0.4411343192833997
20.0,74.0,1001.5507202148438,0.8244933387808124,0.1717593457825232,-2.378357160883819,-0.0311582155397999,0.5201670551719506,-0.5719346051680902,0.1201970601601191,-0.6215705967146201,-0.9274745739175644,-0.4411343213041415
20.0,74.0,1001.5507202148438,0.8244933387808259,0.1717593457825232,-2.378357160883819,-0.0311582155397999,0.5201670551719506,-0.5719345943293974,0.1201970601601191,-0.6215705967146201,-0.9274745739175644,-0.441134321303687
20.0,74.0,1001.5507202148438,0.8244933398274198,0.1717593457825232,-2.378357160883819,-0.0311582269444753,0.5201670551719506,-0.5719345943635564,0.1201970601601191,-0.6215705967146201,-0.9274745739175644,-0.4411343712551805
20.0,74.0,1001.5507202148438,0.8244933387808124,0.1717593457825232,-2.378357160883819,-0.0311582155397999,0.5201670551719506,-0.5719346051680902,0.1201970601601191,-0.6215705967146201,-0.9274745739175644,-0.4411343686478723
20.0,74.0,1001.5507202148438,0.824493352546332,0.1717593457825232,-2.378357160883819,-0.0311582037307643,0.5201670551719506,-0.571934612891832,0.1201970601601191,-0.6215705967146201,-0.9274745739175644,-0.4411343688278865
20.0,74.0,1001.5507202148438,0.8244933387943909,0.1717593457825232,-2.378357160883819,-0.0311582155397999,0.5201670551719506,-0.5719345943293974,0.1201970601601191,-0.6215705967146201,-0.9274745739175644,-0.441134321303687
20.0,74.0,1001.5507202148438,0.824493352546332,0.1717593457825232,-2.378357160883819,-0.0311580572655029,0.5201670551719506,-0.5719345935541906,0.1201970601601191,-0.6215705967146201,-0.9274745739175644,-0.4411343722669886
20.0,74.0,1001.5507202148438,0.8244933398274198,0.1717593457825232,-2.378357160883819,-0.0311582271188618,0.5201670551719506,-0.5719345943302002,0.1201970601601191,-0.6215705967146201,-0.9274745739175644,-0.4411343192833997
20.0,74.0,1001.5507202148438,0.8244933387943909,0.1717593457825232,-2.378357160883819,-0.0311582155397999,0.5201670551719506,-0.5719345943293974,0.1201970601601191,-0.6215705967146201,-0.9274745739175644,-0.441134321303687
20.0,74.0,1001.5507202148438,0.8244933387943909,0.1717593457825232,-2.378357160883819,-0.0311582155397999,0.5201670551719506,-0.5719346052648588,0.1201970601601191,-0.6215705967146201,-0.9274745739175644,-0.4411343213041415
20.0,74.0,1001.5507202148438,0.8244933387653155,0.1717593457825232,-2.378357160883819,-0.0311582155397999,0.5201670551719506,-0.5719345943293974,0.1201970601601191,-0.6215705967146201,-0.9274745739175644,-0.441134321303689
20.0,74.0,1001.5507202148438,0.8244933399472206,0.1717593457825232,-2.378357160883819,-0.031158223900548,0.5201670551719506,-0.5719346052022153,0.1201970601601191,-0.6215705967146201,-0.9274745739175644,-0.4411343195466039
20.0,74.0,1001.5507202148438,0.8244933398274198,0.1717593457825232,-2.378357160883819,-0.0311582269444753,0.5201670551719506,-0.5719345943635564,0.1201970601601191,-0.6215705967146201,-0.9274745739175644,-0.4411343712551805
20.0,74.0,1001.5507202148438,0.8244933387899404,0.1717593457825232,-2.378357160883819,-0.0311582155397999,0.5201670551719506,-0.5719345943293974,0.1201970601601191,-0.6215705967146201,-0.9274745739175644,-0.441134321303687
20.0,74.0,1001.5507202148438,0.8244933399472206,0.1717593457825232,-2.378357160883819,-0.031158223900548,0.5201670551719506,-0.5719345943293974,0.1201970601601191,-0.6215705967146201,-0.9274745739175644,-0.4411343195466039
20.0,74.0,1001.5507202148438,0.8244933387943909,0.1717593457825232,-2.378357160883819,-0.0311582246839422,0.5201670551719506,-0.5719345943293974,0.1201970601601191,-0.6215705967146201,-0.9274745739175644,-0.441134321303687
20.0,74.0,1001.5507202148438,0.8244933398274198,0.1717593457825232,-2.378357160883819,-0.0311582271188618,0.5201670551719506,-0.5719345943635564,0.1201970601601191,-0.6215705967146201,-0.9274745739175644,-0.4411343192833997
20.0,74.0,1001.5507202148438,0.8244933387943909,0.1717593457825232,-2.378357160883819,-0.0311582155397999,0.5201670551719506,-0.5719346052648588,0.1201970601601191,-0.6215705967146201,-0.9274745739175644,-0.4411343213041415
20.0,74.0,1001.5507202148438,0.8244933387943909,0.1717593457825232,-2.378357160883819,-0.0311582155397999,0.5201670551719506,-0.5719345943293974,0.1201970601601191,-0.6215705967146201,-0.9274745739175644,-0.441134321303687
20.0,74.0,1001.5507202148438,0.8244933387943909,0.1717593457825232,-2.378357160883819,-0.0311582155397999,0.5201670551719506,-0.5719346052648588,0.1201970601601191,-0.6215705967146201,-0.9274745739175644,-0.4411343213041415
20.0,74.0,1001.5507202148438,0.8244933396679678,0.1717593457825232,-2.378357160883819,-0.031158203718344,0.5201670551719506,-0.5719345943293974,0.1201970601601191,-0.6215705967146201,-0.9274745739175644,-0.441134321303687
20.0,74.0,1001.5507202148438,0.8244933399476667,0.1717593457825232,-2.378357160883819,-0.031158214433841,0.5201670551719506,-0.5719345943293974,0.1201970601601191,-0.6215705967146201,-0.9274745739175644,-0.4411343195439165
20.0,74.0,1001.5507202148438,0.8244933522898801,0.1717593457825232,-2.378357160883819,-0.031158176888452,0.5201670551719506,-0.5719346052022153,0.1201970601601191,-0.6215705967146201,-0.9274745739175644,-0.4411343205449696
20.0,74.0,1001.5507202148438,0.8244933387808124,0.1717593457825232,-2.378357160883819,-0.0311582155397999,0.5201670551719506,-0.5719346051680902,0.1201970601601191,-0.6215705967146201,-0.9274745739175644,-0.4411343689567295
20.0,74.0,1001.5507202148438,0.8244933395696864,0.1717593457825232,-2.378357160883819,-0.0311582150441948,0.5201670551719506,-0.5719345943293974,0.1201970601601191,-0.6215705967146201,-0.9274745739175644,-0.441134321303687
20.0,74.0,1001.5507202148438,0.8244933398274198,0.1717593457825232,-2.378357160883819,-0.0311582271188618,0.5201670551719506,-0.5719345943302002,0.1201970601601191,-0.6215705967146201,-0.9274745739175644,-0.4411343192833997
20.0,74.0,1001.5507202148438,0.8244933387808124,0.1717593457825232,-2.378357160883819,-0.0311582155397999,0.5201670551719506,-0.5719346051680902,0.1201970601601191,-0.6215705967146201,-0.9274745739175644,-0.4411343686478723
20.0,74.0,1001.5507202148438,0.8244933398322074,0.1717593457825232,-2.378357160883819,-0.0311582271188618,0.5201670551719506,-0.5719345943635564,0.1201970601601191,-0.6215705967146201,-0.9274745739175644,-0.4411343192339145
20.0,74.0,1001.5507202148438,0.8244933387808135,0.1717593457825232,-2.378357160883819,-0.0311582155397999,0.5201670551719506,-0.5719346051680902,0.1201970601601191,-0.6215705967146201,-0.9274745739175644,-0.4411343689567295
20.0,74.0,1001.5507202148438,0.8244933387808124,0.1717593457825232,-2.378357160883819,-0.0311582164524755,0.5201670551719506,-0.5719346051680902,0.1201970601601191,-0.6215705967146201,-0.9274745739175644,-0.4411343716999686
20.0,74.0,1001.5507202148438,0.8244933387876041,0.1717593457825232,-2.378357160883819,-0.0311582155397999,0.5201670551719506,-0.5719345943293974,0.1201970601601191,-0.6215705967146201,-0.9274745739175644,-0.4411343213881555
20.0,74.0,1001.5507202148438,0.8244933387809238,0.1717593457825232,-2.378357160883819,-0.0311582155397999,0.5201670551719506,-0.5719346048996683,0.1201970601601191,-0.6215705967146201,-0.9274745739175644,-0.4411343738191456
20.0,74.0,1001.5507202148438,0.8244933387943909,0.1717593457825232,-2.378357160883819,-0.0311582155397999,0.5201670551719506,-0.5719346054292177,0.1201970601601191,-0.6215705967146201,-0.9274745739175644,-0.4411343721519831
20.0,74.0,1001.5507202148438,0.8244933386802579,0.1717593457825232,-2.378357160883819,-0.0311582239834457,0.5201670551719506,-0.5719345943293974,0.1201970601601191,-0.6215705967146201,-0.9274745739175644,-0.4411343213678728
20.0,74.0,1001.5507202148438,0.8244933398066524,0.1717593457825232,-2.378357160883819,-0.0311582271188618,0.5201670551719506,-0.5719345943302002,0.1201970601601191,-0.6215705967146201,-0.9274745739175644,-0.4411343193530627
20.0,74.0,1001.5507202148438,0.8244933387808259,0.1717593457825232,-2.378357160883819,-0.0311582155397999,0.5201670551719506,-0.5719345943293974,0.1201970601601191,-0.6215705967146201,-0.9274745739175644,-0.441134321303687
20.0,74.0,1001.5507202148438,0.8244933387579088,0.1717593457825232,-2.378357160883819,-0.0311582155397999,0.5201670551719506,-0.5719346051453569,0.1201970601601191,-0.6215705967146201,-0.9274745739175644,-0.441134321321691
20.0,75.0,1001.5507202148438,0.8244933387943909,0.1717593457825232,-2.378357160883819,-0.0311582155397999,0.5201670551719506,-0.5719345943293974,0.1201970601601191,-0.6215705967146201,-0.9274745739175644,-0.441134321303687
20.0,75.0,1001.5507202148438,0.8244933387808259,0.1717593457825232,-2.378357160883819,-0.0311582155397999,0.5201670551719506,-0.5719345943293974,0.1201970601601191,-0.6215705967146201,-0.9274745739175644,-0.441134321303687
20.0,75.0,1001.5507202148438,0.8244933387808259,0.1717593457825232,-2.378357160883819,-0.0311582155397999,0.5201670551719506,-0.5719345943293974,0.1201970601601191,-0.6215705967146201,-0.9274745739175644,-0.441134321303687
20.0,75.0,1001.5507202148438,0.8244933387943909,0.1717593457825232,-2.378357160883819,-0.0311582155397999,0.5201670551719506,-0.5719345943293974,0.1201970601601191,-0.6215705967146201,-0.9274745739175644,-0.441134321303687
20.0,75.0,1001.5507202148438,0.8244933387943909,0.1717593457825232,-2.378357160883819,-0.0311582155397999,0.5201670551719506,-0.5719345943293974,0.1201970601601191,-0.6215705967146201,-0.9274745739175644,-0.441134321303687
20.0,75.0,1001.5507202148438,0.8244933387943909,0.1717593457825232,-2.378357160883819,-0.0311582155397999,0.5201670551719506,-0.5719346052648588,0.1201970601601191,-0.6215705967146201,-0.9274745739175644,-0.4411343213041415
20.0,75.0,1001.5507202148438,0.8244933387943909,0.1717593457825232,-2.378357160883819,-0.0311582155397999,0.5201670551719506,-0.5719345943293974,0.1201970601601191,-0.6215705967146201,-0.9274745739175644,-0.441134321303687
20.0,75.0,1001.5507202148438,0.8244933399472206,0.1717593457825232,-2.378357160883819,-0.031158223900548,0.5201670551719506,-0.5719345943293974,0.1201970601601191,-0.6215705967146201,-0.9274745739175644,-0.4411343195466039
20.0,75.0,1001.5507202148438,0.8244933396679678,0.1717593457825232,-2.378357160883819,-0.03115820338846,0.5201670551719506,-0.5719345943293974,0.1201970601601191,-0.6215705967146201,-0.9274745739175644,-0.441134321303687
20.0,75.0,1001.5507202148438,0.8244933396107021,0.1717593457825232,-2.378357160883819,-0.03115820338846,0.5201670551719506,-0.5719345943293974,0.1201970601601191,-0.6215705967146201,-0.9274745739175644,-0.441134321303687
20.0,75.0,1001.5507202148438,0.8244933387943909,0.1717593457825232,-2.378357160883819,-0.0311582155397999,0.5201670551719506,-0.5719345943293974,0.1201970601601191,-0.6215705967146201,-0.9274745739175644,-0.441134321303687
20.0,75.0,1001.5507202148438,0.8244933397326736,0.1717593457825232,-2.378357160883819,-0.0311582992510955,0.5201670551719506,-0.5719346052702933,0.1201970601601191,-0.6215705967146201,-0.9274745739175644,-0.4411343213041415
20.0,75.0,1001.5507202148438,0.8244933398274198,0.1717593457825232,-2.378357160883819,-0.0311582271188618,0.5201670551719506,-0.5719345943635564,0.1201970601601191,-0.6215705967146201,-0.9274745739175644,-0.4411343192833997
20.0,75.0,1001.5507202148438,0.8244933387808124,0.1717593457825232,-2.378357160883819,-0.0311582155397999,0.5201670551719506,-0.5719346051680902,0.1201970601601191,-0.6215705967146201,-0.9274745739175644,-0.4411343213041415
20.0,75.0,1001.5507202148438,0.8244933387808259,0.1717593457825232,-2.378357160883819,-0.0311582155397999,0.5201670551719506,-0.5719345943293974,0.1201970601601191,-0.6215705967146201,-0.9274745739175644,-0.441134321303687
20.0,75.0,1001.5507202148438,0.8244933398274198,0.1717593457825232,-2.378357160883819,-0.0311582269444753,0.5201670551719506,-0.5719345943635564,0.1201970601601191,-0.6215705967146201,-0.9274745739175644,-0.4411343712551805
20.0,75.0,1001.5507202148438,0.8244933387808124,0.1717593457825232,-2.378357160883819,-0.0311582155397999,0.5201670551719506,-0.5719346051680902,0.1201970601601191,-0.6215705967146201,-0.9274745739175644,-0.4411343686478723
20.0,75.0,1001.5507202148438,0.824493352546332,0.1717593457825232,-2.378357160883819,-0.0311582037307643,0.5201670551719506,-0.571934612891832,0.1201970601601191,-0.6215705967146201,-0.9274745739175644,-0.4411343688278865
20.0,75.0,1001.5507202148438,0.8244933387943909,0.1717593457825232,-2.378357160883819,-0.0311582155397999,0.5201670551719506,-0.5719345943293974,0.1201970601601191,-0.6215705967146201,-0.9274745739175644,-0.441134321303687
20.0,75.0,1001.5507202148438,0.824493352546332,0.1717593457825232,-2.378357160883819,-0.0311580572655029,0.5201670551719506,-0.5719345935541906,0.1201970601601191,-0.6215705967146201,-0.9274745739175644,-0.4411343722669886
20.0,75.0,1001.5507202148438,0.8244933398274198,0.1717593457825232,-2.378357160883819,-0.0311582271188618,0.5201670551719506,-0.5719345943302002,0.1201970601601191,-0.6215705967146201,-0.9274745739175644,-0.4411343192833997
20.0,75.0,1001.5507202148438,0.8244933387943909,0.1717593457825232,-2.378357160883819,-0.0311582155397999,0.5201670551719506,-0.5719345943293974,0.1201970601601191,-0.6215705967146201,-0.9274745739175644,-0.441134321303687
20.0,75.0,1001.5507202148438,0.8244933387943909,0.1717593457825232,-2.378357160883819,-0.0311582155397999,0.5201670551719506,-0.5719346052648588,0.1201970601601191,-0.6215705967146201,-0.9274745739175644,-0.4411343213041415
20.0,75.0,1001.5507202148438,0.8244933387653155,0.1717593457825232,-2.378357160883819,-0.0311582155397999,0.5201670551719506,-0.5719345943293974,0.1201970601601191,-0.6215705967146201,-0.9274745739175644,-0.441134321303689
20.0,75.0,1001.5507202148438,0.8244933399472206,0.1717593457825232,-2.378357160883819,-0.031158223900548,0.5201670551719506,-0.5719346052022153,0.1201970601601191,-0.6215705967146201,-0.9274745739175644,-0.4411343195466039
20.0,75.0,1001.5507202148438,0.8244933398274198,0.1717593457825232,-2.378357160883819,-0.0311582269444753,0.5201670551719506,-0.5719345943635564,0.1201970601601191,-0.6215705967146201,-0.9274745739175644,-0.4411343712551805
20.0,75.0,1001.5507202148438,0.8244933387899404,0.1717593457825232,-2.378357160883819,-0.0311582155397999,0.5201670551719506,-0.5719345943293974,0.1201970601601191,-0.6215705967146201,-0.9274745739175644,-0.441134321303687
20.0,75.0,1001.5507202148438,0.8244933399472206,0.1717593457825232,-2.378357160883819,-0.031158223900548,0.5201670551719506,-0.5719345943293974,0.1201970601601191,-0.6215705967146201,-0.9274745739175644,-0.4411343195466039
20.0,75.0,1001.5507202148438,0.8244933387943909,0.1717593457825232,-2.378357160883819,-0.0311582246839422,0.5201670551719506,-0.5719345943293974,0.1201970601601191,-0.6215705967146201,-0.9274745739175644,-0.441134321303687
20.0,75.0,1001.5507202148438,0.8244933398274198,0.1717593457825232,-2.378357160883819,-0.0311582271188618,0.5201670551719506,-0.5719345943635564,0.1201970601601191,-0.6215705967146201,-0.9274745739175644,-0.4411343192833997
20.0,75.0,1001.5507202148438,0.8244933387943909,0.1717593457825232,-2.378357160883819,-0.0311582155397999,0.5201670551719506,-0.5719346052648588,0.1201970601601191,-0.6215705967146201,-0.9274745739175644,-0.4411343213041415
20.0,75.0,1001.5507202148438,0.8244933387943909,0.1717593457825232,-2.378357160883819,-0.0311582155397999,0.5201670551719506,-0.5719345943293974,0.1201970601601191,-0.6215705967146201,-0.9274745739175644,-0.441134321303687
20.0,75.0,1001.5507202148438,0.8244933387943909,0.1717593457825232,-2.378357160883819,-0.0311582155397999,0.5201670551719506,-0.5719346052648588,0.1201970601601191,-0.6215705967146201,-0.9274745739175644,-0.4411343213041415
20.0,75.0,1001.5507202148438,0.8244933396679678,0.1717593457825232,-2.378357160883819,-0.031158203718344,0.5201670551719506,-0.5719345943293974,0.1201970601601191,-0.6215705967146201,-0.9274745739175644,-0.441134321303687
20.0,75.0,1001.5507202148438,0.8244933399476667,0.1717593457825232,-2.378357160883819,-0.031158214433841,0.5201670551719506,-0.5719345943293974,0.1201970601601191,-0.6215705967146201,-0.9274745739175644,-0.4411343195439165
20.0,75.0,1001.5507202148438,0.8244933522898801,0.1717593457825232,-2.378357160883819,-0.031158176888452,0.5201670551719506,-0.5719346052022153,0.1201970601601191,-0.6215705967146201,-0.9274745739175644,-0.4411343205449696
20.0,75.0,1001.5507202148438,0.8244933387808124,0.1717593457825232,-2.378357160883819,-0.0311582155397999,0.5201670551719506,-0.5719346051680902,0.1201970601601191,-0.6215705967146201,-0.9274745739175644,-0.4411343689567295
20.0,75.0,1001.5507202148438,0.8244933395696864,0.1717593457825232,-2.378357160883819,-0.0311582150441948,0.5201670551719506,-0.5719345943293974,0.1201970601601191,-0.6215705967146201,-0.9274745739175644,-0.441134321303687
20.0,75.0,1001.5507202148438,0.8244933398274198,0.1717593457825232,-2.378357160883819,-0.0311582271188618,0.5201670551719506,-0.5719345943302002,0.1201970601601191,-0.6215705967146201,-0.9274745739175644,-0.4411343192833997
20.0,75.0,1001.5507202148438,0.8244933387808124,0.1717593457825232,-2.378357160883819,-0.0311582155397999,0.5201670551719506,-0.5719346051680902,0.1201970601601191,-0.6215705967146201,-0.9274745739175644,-0.4411343686478723
20.0,75.0,1001.5507202148438,0.8244933398322074,0.1717593457825232,-2.378357160883819,-0.0311582271188618,0.5201670551719506,-0.5719345943635564,0.1201970601601191,-0.6215705967146201,-0.9274745739175644,-0.4411343192339145
20.0,75.0,1001.5507202148438,0.8244933387808135,0.1717593457825232,-2.378357160883819,-0.0311582155397999,0.5201670551719506,-0.5719346051680902,0.1201970601601191,-0.6215705967146201,-0.9274745739175644,-0.4411343689567295
20.0,75.0,1001.5507202148438,0.8244933387808124,0.1717593457825232,-2.378357160883819,-0.0311582164524755,0.5201670551719506,-0.5719346051680902,0.1201970601601191,-0.6215705967146201,-0.9274745739175644,-0.4411343716999686
20.0,75.0,1001.5507202148438,0.8244933387876041,0.1717593457825232,-2.378357160883819,-0.0311582155397999,0.5201670551719506,-0.5719345943293974,0.1201970601601191,-0.6215705967146201,-0.9274745739175644,-0.4411343213881555
20.0,75.0,1001.5507202148438,0.8244933387809238,0.1717593457825232,-2.378357160883819,-0.0311582155397999,0.5201670551719506,-0.5719346048996683,0.1201970601601191,-0.6215705967146201,-0.9274745739175644,-0.4411343738191456
20.0,75.0,1001.5507202148438,0.8244933387943909,0.1717593457825232,-2.378357160883819,-0.0311582155397999,0.5201670551719506,-0.5719346054292177,0.1201970601601191,-0.6215705967146201,-0.9274745739175644,-0.4411343721519831
20.0,75.0,1001.5507202148438,0.8244933386802579,0.1717593457825232,-2.378357160883819,-0.0311582239834457,0.5201670551719506,-0.5719345943293974,0.1201970601601191,-0.6215705967146201,-0.9274745739175644,-0.4411343213678728
20.0,75.0,1001.5507202148438,0.8244933398066524,0.1717593457825232,-2.378357160883819,-0.0311582271188618,0.5201670551719506,-0.5719345943302002,0.1201970601601191,-0.6215705967146201,-0.9274745739175644,-0.4411343193530627
20.0,75.0,1001.5507202148438,0.8244933387808259,0.1717593457825232,-2.378357160883819,-0.0311582155397999,0.5201670551719506,-0.5719345943293974,0.1201970601601191,-0.6215705967146201,-0.9274745739175644,-0.441134321303687
20.0,75.0,1001.5507202148438,0.8244933387579088,0.1717593457825232,-2.378357160883819,-0.0311582155397999,0.5201670551719506,-0.5719346051453569,0.1201970601601191,-0.6215705967146201,-0.9274745739175644,-0.441134321321691
20.0,76.0,1001.5507202148438,0.8244933387943909,0.1717593457825232,-2.378357160883819,-0.0311582155397999,0.5201670551719506,-0.5719345943293974,0.1201970601601191,-0.6215705967146201,-0.9274745739175644,-0.441134321303687
20.0,76.0,1001.5507202148438,0.8244933387808259,0.1717593457825232,-2.378357160883819,-0.0311582155397999,0.5201670551719506,-0.5719345943293974,0.1201970601601191,-0.6215705967146201,-0.9274745739175644,-0.441134321303687
20.0,76.0,1001.5507202148438,0.8244933387808259,0.1717593457825232,-2.378357160883819,-0.0311582155397999,0.5201670551719506,-0.5719345943293974,0.1201970601601191,-0.6215705967146201,-0.9274745739175644,-0.441134321303687
20.0,76.0,1001.5507202148438,0.8244933387943909,0.1717593457825232,-2.378357160883819,-0.0311582155397999,0.5201670551719506,-0.5719345943293974,0.1201970601601191,-0.6215705967146201,-0.9274745739175644,-0.441134321303687
20.0,76.0,1001.5507202148438,0.8244933387943909,0.1717593457825232,-2.378357160883819,-0.0311582155397999,0.5201670551719506,-0.5719345943293974,0.1201970601601191,-0.6215705967146201,-0.9274745739175644,-0.441134321303687
20.0,76.0,1001.5507202148438,0.8244933387943909,0.1717593457825232,-2.378357160883819,-0.0311582155397999,0.5201670551719506,-0.5719346052648588,0.1201970601601191,-0.6215705967146201,-0.9274745739175644,-0.4411343213041415
20.0,76.0,1001.5507202148438,0.8244933387943909,0.1717593457825232,-2.378357160883819,-0.0311582155397999,0.5201670551719506,-0.5719345943293974,0.1201970601601191,-0.6215705967146201,-0.9274745739175644,-0.441134321303687
20.0,76.0,1001.5507202148438,0.8244933399472206,0.1717593457825232,-2.378357160883819,-0.031158223900548,0.5201670551719506,-0.5719345943293974,0.1201970601601191,-0.6215705967146201,-0.9274745739175644,-0.4411343195466039
20.0,76.0,1001.5507202148438,0.8244933396679678,0.1717593457825232,-2.378357160883819,-0.03115820338846,0.5201670551719506,-0.5719345943293974,0.1201970601601191,-0.6215705967146201,-0.9274745739175644,-0.441134321303687
20.0,76.0,1001.5507202148438,0.8244933396107021,0.1717593457825232,-2.378357160883819,-0.03115820338846,0.5201670551719506,-0.5719345943293974,0.1201970601601191,-0.6215705967146201,-0.9274745739175644,-0.441134321303687
20.0,76.0,1001.5507202148438,0.8244933387943909,0.1717593457825232,-2.378357160883819,-0.0311582155397999,0.5201670551719506,-0.5719345943293974,0.1201970601601191,-0.6215705967146201,-0.9274745739175644,-0.441134321303687
20.0,76.0,1001.5507202148438,0.8244933397326736,0.1717593457825232,-2.378357160883819,-0.0311582992510955,0.5201670551719506,-0.5719346052702933,0.1201970601601191,-0.6215705967146201,-0.9274745739175644,-0.4411343213041415
20.0,76.0,1001.5507202148438,0.8244933398274198,0.1717593457825232,-2.378357160883819,-0.0311582271188618,0.5201670551719506,-0.5719345943635564,0.1201970601601191,-0.6215705967146201,-0.9274745739175644,-0.4411343192833997
20.0,76.0,1001.5507202148438,0.8244933387808124,0.1717593457825232,-2.378357160883819,-0.0311582155397999,0.5201670551719506,-0.5719346051680902,0.1201970601601191,-0.6215705967146201,-0.9274745739175644,-0.4411343213041415
20.0,76.0,1001.5507202148438,0.8244933387808259,0.1717593457825232,-2.378357160883819,-0.0311582155397999,0.5201670551719506,-0.5719345943293974,0.1201970601601191,-0.6215705967146201,-0.9274745739175644,-0.441134321303687
20.0,76.0,1001.5507202148438,0.8244933398274198,0.1717593457825232,-2.378357160883819,-0.0311582269444753,0.5201670551719506,-0.5719345943635564,0.1201970601601191,-0.6215705967146201,-0.9274745739175644,-0.4411343712551805
20.0,76.0,1001.5507202148438,0.8244933387808124,0.1717593457825232,-2.378357160883819,-0.0311582155397999,0.5201670551719506,-0.5719346051680902,0.1201970601601191,-0.6215705967146201,-0.9274745739175644,-0.4411343686478723
20.0,76.0,1001.5507202148438,0.824493352546332,0.1717593457825232,-2.378357160883819,-0.0311582037307643,0.5201670551719506,-0.571934612891832,0.1201970601601191,-0.6215705967146201,-0.9274745739175644,-0.4411343688278865
20.0,76.0,1001.5507202148438,0.8244933387943909,0.1717593457825232,-2.378357160883819,-0.0311582155397999,0.5201670551719506,-0.5719345943293974,0.1201970601601191,-0.6215705967146201,-0.9274745739175644,-0.441134321303687
20.0,76.0,1001.5507202148438,0.824493352546332,0.1717593457825232,-2.378357160883819,-0.0311580572655029,0.5201670551719506,-0.5719345935541906,0.1201970601601191,-0.6215705967146201,-0.9274745739175644,-0.4411343722669886
20.0,76.0,1001.5507202148438,0.8244933398274198,0.1717593457825232,-2.378357160883819,-0.0311582271188618,0.5201670551719506,-0.5719345943302002,0.1201970601601191,-0.6215705967146201,-0.9274745739175644,-0.4411343192833997
20.0,76.0,1001.5507202148438,0.8244933387943909,0.1717593457825232,-2.378357160883819,-0.0311582155397999,0.5201670551719506,-0.5719345943293974,0.1201970601601191,-0.6215705967146201,-0.9274745739175644,-0.441134321303687
20.0,76.0,1001.5507202148438,0.8244933387943909,0.1717593457825232,-2.378357160883819,-0.0311582155397999,0.5201670551719506,-0.5719346052648588,0.1201970601601191,-0.6215705967146201,-0.9274745739175644,-0.4411343213041415
20.0,76.0,1001.5507202148438,0.8244933387653155,0.1717593457825232,-2.378357160883819,-0.0311582155397999,0.5201670551719506,-0.5719345943293974,0.1201970601601191,-0.6215705967146201,-0.9274745739175644,-0.441134321303689
20.0,76.0,1001.5507202148438,0.8244933399472206,0.1717593457825232,-2.378357160883819,-0.031158223900548,0.5201670551719506,-0.5719346052022153,0.1201970601601191,-0.6215705967146201,-0.9274745739175644,-0.4411343195466039
20.0,76.0,1001.5507202148438,0.8244933398274198,0.1717593457825232,-2.378357160883819,-0.0311582269444753,0.5201670551719506,-0.5719345943635564,0.1201970601601191,-0.6215705967146201,-0.9274745739175644,-0.4411343712551805
20.0,76.0,1001.5507202148438,0.8244933387899404,0.1717593457825232,-2.378357160883819,-0.0311582155397999,0.5201670551719506,-0.5719345943293974,0.1201970601601191,-0.6215705967146201,-0.9274745739175644,-0.441134321303687
20.0,76.0,1001.5507202148438,0.8244933399472206,0.1717593457825232,-2.378357160883819,-0.031158223900548,0.5201670551719506,-0.5719345943293974,0.1201970601601191,-0.6215705967146201,-0.9274745739175644,-0.4411343195466039
20.0,76.0,1001.5507202148438,0.8244933387943909,0.1717593457825232,-2.378357160883819,-0.0311582246839422,0.5201670551719506,-0.5719345943293974,0.1201970601601191,-0.6215705967146201,-0.9274745739175644,-0.441134321303687
20.0,76.0,1001.5507202148438,0.8244933398274198,0.1717593457825232,-2.378357160883819,-0.0311582271188618,0.5201670551719506,-0.5719345943635564,0.1201970601601191,-0.6215705967146201,-0.9274745739175644,-0.4411343192833997
20.0,76.0,1001.5507202148438,0.8244933387943909,0.1717593457825232,-2.378357160883819,-0.0311582155397999,0.5201670551719506,-0.5719346052648588,0.1201970601601191,-0.6215705967146201,-0.9274745739175644,-0.4411343213041415
20.0,76.0,1001.5507202148438,0.8244933387943909,0.1717593457825232,-2.378357160883819,-0.0311582155397999,0.5201670551719506,-0.5719345943293974,0.1201970601601191,-0.6215705967146201,-0.9274745739175644,-0.441134321303687
20.0,76.0,1001.5507202148438,0.8244933387943909,0.1717593457825232,-2.378357160883819,-0.0311582155397999,0.5201670551719506,-0.5719346052648588,0.1201970601601191,-0.6215705967146201,-0.9274745739175644,-0.4411343213041415
20.0,76.0,1001.5507202148438,0.8244933396679678,0.1717593457825232,-2.378357160883819,-0.031158203718344,0.5201670551719506,-0.5719345943293974,0.1201970601601191,-0.6215705967146201,-0.9274745739175644,-0.441134321303687
20.0,76.0,1001.5507202148438,0.8244933399476667,0.1717593457825232,-2.378357160883819,-0.031158214433841,0.5201670551719506,-0.5719345943293974,0.1201970601601191,-0.6215705967146201,-0.9274745739175644,-0.4411343195439165
20.0,76.0,1001.5507202148438,0.8244933522898801,0.1717593457825232,-2.378357160883819,-0.031158176888452,0.5201670551719506,-0.5719346052022153,0.1201970601601191,-0.6215705967146201,-0.9274745739175644,-0.4411343205449696
20.0,76.0,1001.5507202148438,0.8244933387808124,0.1717593457825232,-2.378357160883819,-0.0311582155397999,0.5201670551719506,-0.5719346051680902,0.1201970601601191,-0.6215705967146201,-0.9274745739175644,-0.4411343689567295
20.0,76.0,1001.5507202148438,0.8244933395696864,0.1717593457825232,-2.378357160883819,-0.0311582150441948,0.5201670551719506,-0.5719345943293974,0.1201970601601191,-0.6215705967146201,-0.9274745739175644,-0.441134321303687
20.0,76.0,1001.5507202148438,0.8244933398274198,0.1717593457825232,-2.378357160883819,-0.0311582271188618,0.5201670551719506,-0.5719345943302002,0.1201970601601191,-0.6215705967146201,-0.9274745739175644,-0.4411343192833997
20.0,76.0,1001.5507202148438,0.8244933387808124,0.1717593457825232,-2.378357160883819,-0.0311582155397999,0.5201670551719506,-0.5719346051680902,0.1201970601601191,-0.6215705967146201,-0.9274745739175644,-0.4411343686478723
20.0,76.0,1001.5507202148438,0.8244933398322074,0.1717593457825232,-2.378357160883819,-0.0311582271188618,0.5201670551719506,-0.5719345943635564,0.1201970601601191,-0.6215705967146201,-0.9274745739175644,-0.4411343192339145
20.0,76.0,1001.5507202148438,0.8244933387808135,0.1717593457825232,-2.378357160883819,-0.0311582155397999,0.5201670551719506,-0.5719346051680902,0.1201970601601191,-0.6215705967146201,-0.9274745739175644,-0.4411343689567295
20.0,76.0,1001.5507202148438,0.8244933387808124,0.1717593457825232,-2.378357160883819,-0.0311582164524755,0.5201670551719506,-0.5719346051680902,0.1201970601601191,-0.6215705967146201,-0.9274745739175644,-0.4411343716999686
20.0,76.0,1001.5507202148438,0.8244933387876041,0.1717593457825232,-2.378357160883819,-0.0311582155397999,0.5201670551719506,-0.5719345943293974,0.1201970601601191,-0.6215705967146201,-0.9274745739175644,-0.4411343213881555
20.0,76.0,1001.5507202148438,0.8244933387809238,0.1717593457825232,-2.378357160883819,-0.0311582155397999,0.5201670551719506,-0.5719346048996683,0.1201970601601191,-0.6215705967146201,-0.9274745739175644,-0.4411343738191456
20.0,76.0,1001.5507202148438,0.8244933387943909,0.1717593457825232,-2.378357160883819,-0.0311582155397999,0.5201670551719506,-0.5719346054292177,0.1201970601601191,-0.6215705967146201,-0.9274745739175644,-0.4411343721519831
20.0,76.0,1001.5507202148438,0.8244933386802579,0.1717593457825232,-2.378357160883819,-0.0311582239834457,0.5201670551719506,-0.5719345943293974,0.1201970601601191,-0.6215705967146201,-0.9274745739175644,-0.4411343213678728
20.0,76.0,1001.5507202148438,0.8244933398066524,0.1717593457825232,-2.378357160883819,-0.0311582271188618,0.5201670551719506,-0.5719345943302002,0.1201970601601191,-0.6215705967146201,-0.9274745739175644,-0.4411343193530627
20.0,76.0,1001.5507202148438,0.8244933387808259,0.1717593457825232,-2.378357160883819,-0.0311582155397999,0.5201670551719506,-0.5719345943293974,0.1201970601601191,-0.6215705967146201,-0.9274745739175644,-0.441134321303687
20.0,76.0,1001.5507202148438,0.8244933387579088,0.1717593457825232,-2.378357160883819,-0.0311582155397999,0.5201670551719506,-0.5719346051453569,0.1201970601601191,-0.6215705967146201,-0.9274745739175644,-0.441134321321691
20.0,77.0,1001.5507202148438,0.8244933387943909,0.1717593457825232,-2.378357160883819,-0.0311582155397999,0.5201670551719506,-0.5719345943293974,0.1201970601601191,-0.6215705967146201,-0.9274745739175644,-0.441134321303687
20.0,77.0,1001.5507202148438,0.8244933387808259,0.1717593457825232,-2.378357160883819,-0.0311582155397999,0.5201670551719506,-0.5719345943293974,0.1201970601601191,-0.6215705967146201,-0.9274745739175644,-0.441134321303687
20.0,77.0,1001.5507202148438,0.8244933387808259,0.1717593457825232,-2.378357160883819,-0.0311582155397999,0.5201670551719506,-0.5719345943293974,0.1201970601601191,-0.6215705967146201,-0.9274745739175644,-0.441134321303687
20.0,77.0,1001.5507202148438,0.8244933387943909,0.1717593457825232,-2.378357160883819,-0.0311582155397999,0.5201670551719506,-0.5719345943293974,0.1201970601601191,-0.6215705967146201,-0.9274745739175644,-0.441134321303687
20.0,77.0,1001.5507202148438,0.8244933387943909,0.1717593457825232,-2.378357160883819,-0.0311582155397999,0.5201670551719506,-0.5719345943293974,0.1201970601601191,-0.6215705967146201,-0.9274745739175644,-0.441134321303687
20.0,77.0,1001.5507202148438,0.8244933387943909,0.1717593457825232,-2.378357160883819,-0.0311582155397999,0.5201670551719506,-0.5719346052648588,0.1201970601601191,-0.6215705967146201,-0.9274745739175644,-0.4411343213041415
20.0,77.0,1001.5507202148438,0.8244933387943909,0.1717593457825232,-2.378357160883819,-0.0311582155397999,0.5201670551719506,-0.5719345943293974,0.1201970601601191,-0.6215705967146201,-0.9274745739175644,-0.441134321303687
20.0,77.0,1001.5507202148438,0.8244933399472206,0.1717593457825232,-2.378357160883819,-0.031158223900548,0.5201670551719506,-0.5719345943293974,0.1201970601601191,-0.6215705967146201,-0.9274745739175644,-0.4411343195466039
20.0,77.0,1001.5507202148438,0.8244933396679678,0.1717593457825232,-2.378357160883819,-0.03115820338846,0.5201670551719506,-0.5719345943293974,0.1201970601601191,-0.6215705967146201,-0.9274745739175644,-0.441134321303687
20.0,77.0,1001.5507202148438,0.8244933396107021,0.1717593457825232,-2.378357160883819,-0.03115820338846,0.5201670551719506,-0.5719345943293974,0.1201970601601191,-0.6215705967146201,-0.9274745739175644,-0.441134321303687
20.0,77.0,1001.5507202148438,0.8244933387943909,0.1717593457825232,-2.378357160883819,-0.0311582155397999,0.5201670551719506,-0.5719345943293974,0.1201970601601191,-0.6215705967146201,-0.9274745739175644,-0.441134321303687
20.0,77.0,1001.5507202148438,0.8244933397326736,0.1717593457825232,-2.378357160883819,-0.0311582992510955,0.5201670551719506,-0.5719346052702933,0.1201970601601191,-0.6215705967146201,-0.9274745739175644,-0.4411343213041415
20.0,77.0,1001.5507202148438,0.8244933398274198,0.1717593457825232,-2.378357160883819,-0.0311582271188618,0.5201670551719506,-0.5719345943635564,0.1201970601601191,-0.6215705967146201,-0.9274745739175644,-0.4411343192833997
20.0,77.0,1001.5507202148438,0.8244933387808124,0.1717593457825232,-2.378357160883819,-0.0311582155397999,0.5201670551719506,-0.5719346051680902,0.1201970601601191,-0.6215705967146201,-0.9274745739175644,-0.4411343213041415
20.0,77.0,1001.5507202148438,0.8244933387808259,0.1717593457825232,-2.378357160883819,-0.0311582155397999,0.5201670551719506,-0.5719345943293974,0.1201970601601191,-0.6215705967146201,-0.9274745739175644,-0.441134321303687
20.0,77.0,1001.5507202148438,0.8244933398274198,0.1717593457825232,-2.378357160883819,-0.0311582269444753,0.5201670551719506,-0.5719345943635564,0.1201970601601191,-0.6215705967146201,-0.9274745739175644,-0.4411343712551805
20.0,77.0,1001.5507202148438,0.8244933387808124,0.1717593457825232,-2.378357160883819,-0.0311582155397999,0.5201670551719506,-0.5719346051680902,0.1201970601601191,-0.6215705967146201,-0.9274745739175644,-0.4411343686478723
20.0,77.0,1001.5507202148438,0.824493352546332,0.1717593457825232,-2.378357160883819,-0.0311582037307643,0.5201670551719506,-0.571934612891832,0.1201970601601191,-0.6215705967146201,-0.9274745739175644,-0.4411343688278865
20.0,77.0,1001.5507202148438,0.8244933387943909,0.1717593457825232,-2.378357160883819,-0.0311582155397999,0.5201670551719506,-0.5719345943293974,0.1201970601601191,-0.6215705967146201,-0.9274745739175644,-0.441134321303687
20.0,77.0,1001.5507202148438,0.824493352546332,0.1717593457825232,-2.378357160883819,-0.0311580572655029,0.5201670551719506,-0.5719345935541906,0.1201970601601191,-0.6215705967146201,-0.9274745739175644,-0.4411343722669886
20.0,77.0,1001.5507202148438,0.8244933398274198,0.1717593457825232,-2.378357160883819,-0.0311582271188618,0.5201670551719506,-0.5719345943302002,0.1201970601601191,-0.6215705967146201,-0.9274745739175644,-0.4411343192833997
20.0,77.0,1001.5507202148438,0.8244933387943909,0.1717593457825232,-2.378357160883819,-0.0311582155397999,0.5201670551719506,-0.5719345943293974,0.1201970601601191,-0.6215705967146201,-0.9274745739175644,-0.441134321303687
20.0,77.0,1001.5507202148438,0.8244933387943909,0.1717593457825232,-2.378357160883819,-0.0311582155397999,0.5201670551719506,-0.5719346052648588,0.1201970601601191,-0.6215705967146201,-0.9274745739175644,-0.4411343213041415
20.0,77.0,1001.5507202148438,0.8244933387653155,0.1717593457825232,-2.378357160883819,-0.0311582155397999,0.5201670551719506,-0.5719345943293974,0.1201970601601191,-0.6215705967146201,-0.9274745739175644,-0.441134321303689
20.0,77.0,1001.5507202148438,0.8244933399472206,0.1717593457825232,-2.378357160883819,-0.031158223900548,0.5201670551719506,-0.5719346052022153,0.1201970601601191,-0.6215705967146201,-0.9274745739175644,-0.4411343195466039
20.0,77.0,1001.5507202148438,0.8244933398274198,0.1717593457825232,-2.378357160883819,-0.0311582269444753,0.5201670551719506,-0.5719345943635564,0.1201970601601191,-0.6215705967146201,-0.9274745739175644,-0.4411343712551805
20.0,77.0,1001.5507202148438,0.8244933387899404,0.1717593457825232,-2.378357160883819,-0.0311582155397999,0.5201670551719506,-0.5719345943293974,0.1201970601601191,-0.6215705967146201,-0.9274745739175644,-0.441134321303687
20.0,77.0,1001.5507202148438,0.8244933399472206,0.1717593457825232,-2.378357160883819,-0.031158223900548,0.5201670551719506,-0.5719345943293974,0.1201970601601191,-0.6215705967146201,-0.9274745739175644,-0.4411343195466039
20.0,77.0,1001.5507202148438,0.8244933387943909,0.1717593457825232,-2.378357160883819,-0.0311582246839422,0.5201670551719506,-0.5719345943293974,0.1201970601601191,-0.6215705967146201,-0.9274745739175644,-0.441134321303687
20.0,77.0,1001.5507202148438,0.8244933398274198,0.1717593457825232,-2.378357160883819,-0.0311582271188618,0.5201670551719506,-0.5719345943635564,0.1201970601601191,-0.6215705967146201,-0.9274745739175644,-0.4411343192833997
20.0,77.0,1001.5507202148438,0.8244933387943909,0.1717593457825232,-2.378357160883819,-0.0311582155397999,0.5201670551719506,-0.5719346052648588,0.1201970601601191,-0.6215705967146201,-0.9274745739175644,-0.4411343213041415
20.0,77.0,1001.5507202148438,0.8244933387943909,0.1717593457825232,-2.378357160883819,-0.0311582155397999,0.5201670551719506,-0.5719345943293974,0.1201970601601191,-0.6215705967146201,-0.9274745739175644,-0.441134321303687
20.0,77.0,1001.5507202148438,0.8244933387943909,0.1717593457825232,-2.378357160883819,-0.0311582155397999,0.5201670551719506,-0.5719346052648588,0.1201970601601191,-0.6215705967146201,-0.9274745739175644,-0.4411343213041415
20.0,77.0,1001.5507202148438,0.8244933396679678,0.1717593457825232,-2.378357160883819,-0.031158203718344,0.5201670551719506,-0.5719345943293974,0.1201970601601191,-0.6215705967146201,-0.9274745739175644,-0.441134321303687
20.0,77.0,1001.5507202148438,0.8244933399476667,0.1717593457825232,-2.378357160883819,-0.031158214433841,0.5201670551719506,-0.5719345943293974,0.1201970601601191,-0.6215705967146201,-0.9274745739175644,-0.4411343195439165
20.0,77.0,1001.5507202148438,0.8244933522898801,0.1717593457825232,-2.378357160883819,-0.031158176888452,0.5201670551719506,-0.5719346052022153,0.1201970601601191,-0.6215705967146201,-0.9274745739175644,-0.4411343205449696
20.0,77.0,1001.5507202148438,0.8244933387808124,0.1717593457825232,-2.378357160883819,-0.0311582155397999,0.5201670551719506,-0.5719346051680902,0.1201970601601191,-0.6215705967146201,-0.9274745739175644,-0.4411343689567295
20.0,77.0,1001.5507202148438,0.8244933395696864,0.1717593457825232,-2.378357160883819,-0.0311582150441948,0.5201670551719506,-0.5719345943293974,0.1201970601601191,-0.6215705967146201,-0.9274745739175644,-0.441134321303687
20.0,77.0,1001.5507202148438,0.8244933398274198,0.1717593457825232,-2.378357160883819,-0.0311582271188618,0.5201670551719506,-0.5719345943302002,0.1201970601601191,-0.6215705967146201,-0.9274745739175644,-0.4411343192833997
20.0,77.0,1001.5507202148438,0.8244933387808124,0.1717593457825232,-2.378357160883819,-0.0311582155397999,0.5201670551719506,-0.5719346051680902,0.1201970601601191,-0.6215705967146201,-0.9274745739175644,-0.4411343686478723
20.0,77.0,1001.5507202148438,0.8244933398322074,0.1717593457825232,-2.378357160883819,-0.0311582271188618,0.5201670551719506,-0.5719345943635564,0.1201970601601191,-0.6215705967146201,-0.9274745739175644,-0.4411343192339145
20.0,77.0,1001.5507202148438,0.8244933387808135,0.1717593457825232,-2.378357160883819,-0.0311582155397999,0.5201670551719506,-0.5719346051680902,0.1201970601601191,-0.6215705967146201,-0.9274745739175644,-0.4411343689567295
20.0,77.0,1001.5507202148438,0.8244933387808124,0.1717593457825232,-2.378357160883819,-0.0311582164524755,0.5201670551719506,-0.5719346051680902,0.1201970601601191,-0.6215705967146201,-0.9274745739175644,-0.4411343716999686
20.0,77.0,1001.5507202148438,0.8244933387876041,0.1717593457825232,-2.378357160883819,-0.0311582155397999,0.5201670551719506,-0.5719345943293974,0.1201970601601191,-0.6215705967146201,-0.9274745739175644,-0.4411343213881555
20.0,77.0,1001.5507202148438,0.8244933387809238,0.1717593457825232,-2.378357160883819,-0.0311582155397999,0.5201670551719506,-0.5719346048996683,0.1201970601601191,-0.6215705967146201,-0.9274745739175644,-0.4411343738191456
20.0,77.0,1001.5507202148438,0.8244933387943909,0.1717593457825232,-2.378357160883819,-0.0311582155397999,0.5201670551719506,-0.5719346054292177,0.1201970601601191,-0.6215705967146201,-0.9274745739175644,-0.4411343721519831
20.0,77.0,1001.5507202148438,0.8244933386802579,0.1717593457825232,-2.378357160883819,-0.0311582239834457,0.5201670551719506,-0.5719345943293974,0.1201970601601191,-0.6215705967146201,-0.9274745739175644,-0.4411343213678728
20.0,77.0,1001.5507202148438,0.8244933398066524,0.1717593457825232,-2.378357160883819,-0.0311582271188618,0.5201670551719506,-0.5719345943302002,0.1201970601601191,-0.6215705967146201,-0.9274745739175644,-0.4411343193530627
20.0,77.0,1001.5507202148438,0.8244933387808259,0.1717593457825232,-2.378357160883819,-0.0311582155397999,0.5201670551719506,-0.5719345943293974,0.1201970601601191,-0.6215705967146201,-0.9274745739175644,-0.441134321303687
20.0,77.0,1001.5507202148438,0.8244933387579088,0.1717593457825232,-2.378357160883819,-0.0311582155397999,0.5201670551719506,-0.5719346051453569,0.1201970601601191,-0.6215705967146201,-0.9274745739175644,-0.441134321321691
20.0,78.0,1001.5507202148438,0.8244933387943909,0.1717593457825232,-2.378357160883819,-0.0311582155397999,0.5201670551719506,-0.5719345943293974,0.1201970601601191,-0.6215705967146201,-0.9274745739175644,-0.441134321303687
20.0,78.0,1001.5507202148438,0.8244933387808259,0.1717593457825232,-2.378357160883819,-0.0311582155397999,0.5201670551719506,-0.5719345943293974,0.1201970601601191,-0.6215705967146201,-0.9274745739175644,-0.441134321303687
20.0,78.0,1001.5507202148438,0.8244933387808259,0.1717593457825232,-2.378357160883819,-0.0311582155397999,0.5201670551719506,-0.5719345943293974,0.1201970601601191,-0.6215705967146201,-0.9274745739175644,-0.441134321303687
20.0,78.0,1001.5507202148438,0.8244933387943909,0.1717593457825232,-2.378357160883819,-0.0311582155397999,0.5201670551719506,-0.5719345943293974,0.1201970601601191,-0.6215705967146201,-0.9274745739175644,-0.441134321303687
20.0,78.0,1001.5507202148438,0.8244933387943909,0.1717593457825232,-2.378357160883819,-0.0311582155397999,0.5201670551719506,-0.5719345943293974,0.1201970601601191,-0.6215705967146201,-0.9274745739175644,-0.441134321303687
20.0,78.0,1001.5507202148438,0.8244933387943909,0.1717593457825232,-2.378357160883819,-0.0311582155397999,0.5201670551719506,-0.5719346052648588,0.1201970601601191,-0.6215705967146201,-0.9274745739175644,-0.4411343213041415
20.0,78.0,1001.5507202148438,0.8244933387943909,0.1717593457825232,-2.378357160883819,-0.0311582155397999,0.5201670551719506,-0.5719345943293974,0.1201970601601191,-0.6215705967146201,-0.9274745739175644,-0.441134321303687
20.0,78.0,1001.5507202148438,0.8244933399472206,0.1717593457825232,-2.378357160883819,-0.031158223900548,0.5201670551719506,-0.5719345943293974,0.1201970601601191,-0.6215705967146201,-0.9274745739175644,-0.4411343195466039
20.0,78.0,1001.5507202148438,0.8244933396679678,0.1717593457825232,-2.378357160883819,-0.03115820338846,0.5201670551719506,-0.5719345943293974,0.1201970601601191,-0.6215705967146201,-0.9274745739175644,-0.441134321303687
20.0,78.0,1001.5507202148438,0.8244933396107021,0.1717593457825232,-2.378357160883819,-0.03115820338846,0.5201670551719506,-0.5719345943293974,0.1201970601601191,-0.6215705967146201,-0.9274745739175644,-0.441134321303687
20.0,78.0,1001.5507202148438,0.8244933387943909,0.1717593457825232,-2.378357160883819,-0.0311582155397999,0.5201670551719506,-0.5719345943293974,0.1201970601601191,-0.6215705967146201,-0.9274745739175644,-0.441134321303687
20.0,78.0,1001.5507202148438,0.8244933397326736,0.1717593457825232,-2.378357160883819,-0.0311582992510955,0.5201670551719506,-0.5719346052702933,0.1201970601601191,-0.6215705967146201,-0.9274745739175644,-0.4411343213041415
20.0,78.0,1001.5507202148438,0.8244933398274198,0.1717593457825232,-2.378357160883819,-0.0311582271188618,0.5201670551719506,-0.5719345943635564,0.1201970601601191,-0.6215705967146201,-0.9274745739175644,-0.4411343192833997
20.0,78.0,1001.5507202148438,0.8244933387808124,0.1717593457825232,-2.378357160883819,-0.0311582155397999,0.5201670551719506,-0.5719346051680902,0.1201970601601191,-0.6215705967146201,-0.9274745739175644,-0.4411343213041415
20.0,78.0,1001.5507202148438,0.8244933387808259,0.1717593457825232,-2.378357160883819,-0.0311582155397999,0.5201670551719506,-0.5719345943293974,0.1201970601601191,-0.6215705967146201,-0.9274745739175644,-0.441134321303687
20.0,78.0,1001.5507202148438,0.8244933398274198,0.1717593457825232,-2.378357160883819,-0.0311582269444753,0.5201670551719506,-0.5719345943635564,0.1201970601601191,-0.6215705967146201,-0.9274745739175644,-0.4411343712551805
20.0,78.0,1001.5507202148438,0.8244933387808124,0.1717593457825232,-2.378357160883819,-0.0311582155397999,0.5201670551719506,-0.5719346051680902,0.1201970601601191,-0.6215705967146201,-0.9274745739175644,-0.4411343686478723
20.0,78.0,1001.5507202148438,0.824493352546332,0.1717593457825232,-2.378357160883819,-0.0311582037307643,0.5201670551719506,-0.571934612891832,0.1201970601601191,-0.6215705967146201,-0.9274745739175644,-0.4411343688278865
20.0,78.0,1001.5507202148438,0.8244933387943909,0.1717593457825232,-2.378357160883819,-0.0311582155397999,0.5201670551719506,-0.5719345943293974,0.1201970601601191,-0.6215705967146201,-0.9274745739175644,-0.441134321303687
20.0,78.0,1001.5507202148438,0.824493352546332,0.1717593457825232,-2.378357160883819,-0.0311580572655029,0.5201670551719506,-0.5719345935541906,0.1201970601601191,-0.6215705967146201,-0.9274745739175644,-0.4411343722669886
20.0,78.0,1001.5507202148438,0.8244933398274198,0.1717593457825232,-2.378357160883819,-0.0311582271188618,0.5201670551719506,-0.5719345943302002,0.1201970601601191,-0.6215705967146201,-0.9274745739175644,-0.4411343192833997
20.0,78.0,1001.5507202148438,0.8244933387943909,0.1717593457825232,-2.378357160883819,-0.0311582155397999,0.5201670551719506,-0.5719345943293974,0.1201970601601191,-0.6215705967146201,-0.9274745739175644,-0.441134321303687
20.0,78.0,1001.5507202148438,0.8244933387943909,0.1717593457825232,-2.378357160883819,-0.0311582155397999,0.5201670551719506,-0.5719346052648588,0.1201970601601191,-0.6215705967146201,-0.9274745739175644,-0.4411343213041415
20.0,78.0,1001.5507202148438,0.8244933387653155,0.1717593457825232,-2.378357160883819,-0.0311582155397999,0.5201670551719506,-0.5719345943293974,0.1201970601601191,-0.6215705967146201,-0.9274745739175644,-0.441134321303689
20.0,78.0,1001.5507202148438,0.8244933399472206,0.1717593457825232,-2.378357160883819,-0.031158223900548,0.5201670551719506,-0.5719346052022153,0.1201970601601191,-0.6215705967146201,-0.9274745739175644,-0.4411343195466039
20.0,78.0,1001.5507202148438,0.8244933398274198,0.1717593457825232,-2.378357160883819,-0.0311582269444753,0.5201670551719506,-0.5719345943635564,0.1201970601601191,-0.6215705967146201,-0.9274745739175644,-0.4411343712551805
20.0,78.0,1001.5507202148438,0.8244933387899404,0.1717593457825232,-2.378357160883819,-0.0311582155397999,0.5201670551719506,-0.5719345943293974,0.1201970601601191,-0.6215705967146201,-0.9274745739175644,-0.441134321303687
20.0,78.0,1001.5507202148438,0.8244933399472206,0.1717593457825232,-2.378357160883819,-0.031158223900548,0.5201670551719506,-0.5719345943293974,0.1201970601601191,-0.6215705967146201,-0.9274745739175644,-0.4411343195466039
20.0,78.0,1001.5507202148438,0.8244933387943909,0.1717593457825232,-2.378357160883819,-0.0311582246839422,0.5201670551719506,-0.5719345943293974,0.1201970601601191,-0.6215705967146201,-0.9274745739175644,-0.441134321303687
20.0,78.0,1001.5507202148438,0.8244933398274198,0.1717593457825232,-2.378357160883819,-0.0311582271188618,0.5201670551719506,-0.5719345943635564,0.1201970601601191,-0.6215705967146201,-0.9274745739175644,-0.4411343192833997
20.0,78.0,1001.5507202148438,0.8244933387943909,0.1717593457825232,-2.378357160883819,-0.0311582155397999,0.5201670551719506,-0.5719346052648588,0.1201970601601191,-0.6215705967146201,-0.9274745739175644,-0.4411343213041415
20.0,78.0,1001.5507202148438,0.8244933387943909,0.1717593457825232,-2.378357160883819,-0.0311582155397999,0.5201670551719506,-0.5719345943293974,0.1201970601601191,-0.6215705967146201,-0.9274745739175644,-0.441134321303687
20.0,78.0,1001.5507202148438,0.8244933387943909,0.1717593457825232,-2.378357160883819,-0.0311582155397999,0.5201670551719506,-0.5719346052648588,0.1201970601601191,-0.6215705967146201,-0.9274745739175644,-0.4411343213041415
20.0,78.0,1001.5507202148438,0.8244933396679678,0.1717593457825232,-2.378357160883819,-0.031158203718344,0.5201670551719506,-0.5719345943293974,0.1201970601601191,-0.6215705967146201,-0.9274745739175644,-0.441134321303687
20.0,78.0,1001.5507202148438,0.8244933399476667,0.1717593457825232,-2.378357160883819,-0.031158214433841,0.5201670551719506,-0.5719345943293974,0.1201970601601191,-0.6215705967146201,-0.9274745739175644,-0.4411343195439165
20.0,78.0,1001.5507202148438,0.8244933522898801,0.1717593457825232,-2.378357160883819,-0.031158176888452,0.5201670551719506,-0.5719346052022153,0.1201970601601191,-0.6215705967146201,-0.9274745739175644,-0.4411343205449696
20.0,78.0,1001.5507202148438,0.8244933387808124,0.1717593457825232,-2.378357160883819,-0.0311582155397999,0.5201670551719506,-0.5719346051680902,0.1201970601601191,-0.6215705967146201,-0.9274745739175644,-0.4411343689567295
20.0,78.0,1001.5507202148438,0.8244933395696864,0.1717593457825232,-2.378357160883819,-0.0311582150441948,0.5201670551719506,-0.5719345943293974,0.1201970601601191,-0.6215705967146201,-0.9274745739175644,-0.441134321303687
20.0,78.0,1001.5507202148438,0.8244933398274198,0.1717593457825232,-2.378357160883819,-0.0311582271188618,0.5201670551719506,-0.5719345943302002,0.1201970601601191,-0.6215705967146201,-0.9274745739175644,-0.4411343192833997
20.0,78.0,1001.5507202148438,0.8244933387808124,0.1717593457825232,-2.378357160883819,-0.0311582155397999,0.5201670551719506,-0.5719346051680902,0.1201970601601191,-0.6215705967146201,-0.9274745739175644,-0.4411343686478723
20.0,78.0,1001.5507202148438,0.8244933398322074,0.1717593457825232,-2.378357160883819,-0.0311582271188618,0.5201670551719506,-0.5719345943635564,0.1201970601601191,-0.6215705967146201,-0.9274745739175644,-0.4411343192339145
20.0,78.0,1001.5507202148438,0.8244933387808135,0.1717593457825232,-2.378357160883819,-0.0311582155397999,0.5201670551719506,-0.5719346051680902,0.1201970601601191,-0.6215705967146201,-0.9274745739175644,-0.4411343689567295
20.0,78.0,1001.5507202148438,0.8244933387808124,0.1717593457825232,-2.378357160883819,-0.0311582164524755,0.5201670551719506,-0.5719346051680902,0.1201970601601191,-0.6215705967146201,-0.9274745739175644,-0.4411343716999686
20.0,78.0,1001.5507202148438,0.8244933387876041,0.1717593457825232,-2.378357160883819,-0.0311582155397999,0.5201670551719506,-0.5719345943293974,0.1201970601601191,-0.6215705967146201,-0.9274745739175644,-0.4411343213881555
20.0,78.0,1001.5507202148438,0.8244933387809238,0.1717593457825232,-2.378357160883819,-0.0311582155397999,0.5201670551719506,-0.5719346048996683,0.1201970601601191,-0.6215705967146201,-0.9274745739175644,-0.4411343738191456
20.0,78.0,1001.5507202148438,0.8244933387943909,0.1717593457825232,-2.378357160883819,-0.0311582155397999,0.5201670551719506,-0.5719346054292177,0.1201970601601191,-0.6215705967146201,-0.9274745739175644,-0.4411343721519831
20.0,78.0,1001.5507202148438,0.8244933386802579,0.1717593457825232,-2.378357160883819,-0.0311582239834457,0.5201670551719506,-0.5719345943293974,0.1201970601601191,-0.6215705967146201,-0.9274745739175644,-0.4411343213678728
20.0,78.0,1001.5507202148438,0.8244933398066524,0.1717593457825232,-2.378357160883819,-0.0311582271188618,0.5201670551719506,-0.5719345943302002,0.1201970601601191,-0.6215705967146201,-0.9274745739175644,-0.4411343193530627
20.0,78.0,1001.5507202148438,0.8244933387808259,0.1717593457825232,-2.378357160883819,-0.0311582155397999,0.5201670551719506,-0.5719345943293974,0.1201970601601191,-0.6215705967146201,-0.9274745739175644,-0.441134321303687
20.0,78.0,1001.5507202148438,0.8244933387579088,0.1717593457825232,-2.378357160883819,-0.0311582155397999,0.5201670551719506,-0.5719346051453569,0.1201970601601191,-0.6215705967146201,-0.9274745739175644,-0.441134321321691
20.0,79.0,1001.5507202148438,0.8244933387943909,0.1717593457825232,-2.378357160883819,-0.0311582155397999,0.5201670551719506,-0.5719345943293974,0.1201970601601191,-0.6215705967146201,-0.9274745739175644,-0.441134321303687
20.0,79.0,1001.5507202148438,0.8244933387808259,0.1717593457825232,-2.378357160883819,-0.0311582155397999,0.5201670551719506,-0.5719345943293974,0.1201970601601191,-0.6215705967146201,-0.9274745739175644,-0.441134321303687
20.0,79.0,1001.5507202148438,0.8244933387808259,0.1717593457825232,-2.378357160883819,-0.0311582155397999,0.5201670551719506,-0.5719345943293974,0.1201970601601191,-0.6215705967146201,-0.9274745739175644,-0.441134321303687
20.0,79.0,1001.5507202148438,0.8244933387943909,0.1717593457825232,-2.378357160883819,-0.0311582155397999,0.5201670551719506,-0.5719345943293974,0.1201970601601191,-0.6215705967146201,-0.9274745739175644,-0.441134321303687
20.0,79.0,1001.5507202148438,0.8244933387943909,0.1717593457825232,-2.378357160883819,-0.0311582155397999,0.5201670551719506,-0.5719345943293974,0.1201970601601191,-0.6215705967146201,-0.9274745739175644,-0.441134321303687
20.0,79.0,1001.5507202148438,0.8244933387943909,0.1717593457825232,-2.378357160883819,-0.0311582155397999,0.5201670551719506,-0.5719346052648588,0.1201970601601191,-0.6215705967146201,-0.9274745739175644,-0.4411343213041415
20.0,79.0,1001.5507202148438,0.8244933387943909,0.1717593457825232,-2.378357160883819,-0.0311582155397999,0.5201670551719506,-0.5719345943293974,0.1201970601601191,-0.6215705967146201,-0.9274745739175644,-0.441134321303687
20.0,79.0,1001.5507202148438,0.8244933399472206,0.1717593457825232,-2.378357160883819,-0.031158223900548,0.5201670551719506,-0.5719345943293974,0.1201970601601191,-0.6215705967146201,-0.9274745739175644,-0.4411343195466039
20.0,79.0,1001.5507202148438,0.8244933396679678,0.1717593457825232,-2.378357160883819,-0.03115820338846,0.5201670551719506,-0.5719345943293974,0.1201970601601191,-0.6215705967146201,-0.9274745739175644,-0.441134321303687
20.0,79.0,1001.5507202148438,0.8244933396107021,0.1717593457825232,-2.378357160883819,-0.03115820338846,0.5201670551719506,-0.5719345943293974,0.1201970601601191,-0.6215705967146201,-0.9274745739175644,-0.441134321303687
20.0,79.0,1001.5507202148438,0.8244933387943909,0.1717593457825232,-2.378357160883819,-0.0311582155397999,0.5201670551719506,-0.5719345943293974,0.1201970601601191,-0.6215705967146201,-0.9274745739175644,-0.441134321303687
20.0,79.0,1001.5507202148438,0.8244933397326736,0.1717593457825232,-2.378357160883819,-0.0311582992510955,0.5201670551719506,-0.5719346052702933,0.1201970601601191,-0.6215705967146201,-0.9274745739175644,-0.4411343213041415
20.0,79.0,1001.5507202148438,0.8244933398274198,0.1717593457825232,-2.378357160883819,-0.0311582271188618,0.5201670551719506,-0.5719345943635564,0.1201970601601191,-0.6215705967146201,-0.9274745739175644,-0.4411343192833997
20.0,79.0,1001.5507202148438,0.8244933387808124,0.1717593457825232,-2.378357160883819,-0.0311582155397999,0.5201670551719506,-0.5719346051680902,0.1201970601601191,-0.6215705967146201,-0.9274745739175644,-0.4411343213041415
20.0,79.0,1001.5507202148438,0.8244933387808259,0.1717593457825232,-2.378357160883819,-0.0311582155397999,0.5201670551719506,-0.5719345943293974,0.1201970601601191,-0.6215705967146201,-0.9274745739175644,-0.441134321303687
20.0,79.0,1001.5507202148438,0.8244933398274198,0.1717593457825232,-2.378357160883819,-0.0311582269444753,0.5201670551719506,-0.5719345943635564,0.1201970601601191,-0.6215705967146201,-0.9274745739175644,-0.4411343712551805
20.0,79.0,1001.5507202148438,0.8244933387808124,0.1717593457825232,-2.378357160883819,-0.0311582155397999,0.5201670551719506,-0.5719346051680902,0.1201970601601191,-0.6215705967146201,-0.9274745739175644,-0.4411343686478723
20.0,79.0,1001.5507202148438,0.824493352546332,0.1717593457825232,-2.378357160883819,-0.0311582037307643,0.5201670551719506,-0.571934612891832,0.1201970601601191,-0.6215705967146201,-0.9274745739175644,-0.4411343688278865
20.0,79.0,1001.5507202148438,0.8244933387943909,0.1717593457825232,-2.378357160883819,-0.0311582155397999,0.5201670551719506,-0.5719345943293974,0.1201970601601191,-0.6215705967146201,-0.9274745739175644,-0.441134321303687
20.0,79.0,1001.5507202148438,0.824493352546332,0.1717593457825232,-2.378357160883819,-0.0311580572655029,0.5201670551719506,-0.5719345935541906,0.1201970601601191,-0.6215705967146201,-0.9274745739175644,-0.4411343722669886
20.0,79.0,1001.5507202148438,0.8244933398274198,0.1717593457825232,-2.378357160883819,-0.0311582271188618,0.5201670551719506,-0.5719345943302002,0.1201970601601191,-0.6215705967146201,-0.9274745739175644,-0.4411343192833997
20.0,79.0,1001.5507202148438,0.8244933387943909,0.1717593457825232,-2.378357160883819,-0.0311582155397999,0.5201670551719506,-0.5719345943293974,0.1201970601601191,-0.6215705967146201,-0.9274745739175644,-0.441134321303687
20.0,79.0,1001.5507202148438,0.8244933387943909,0.1717593457825232,-2.378357160883819,-0.0311582155397999,0.5201670551719506,-0.5719346052648588,0.1201970601601191,-0.6215705967146201,-0.9274745739175644,-0.4411343213041415
20.0,79.0,1001.5507202148438,0.8244933387653155,0.1717593457825232,-2.378357160883819,-0.0311582155397999,0.5201670551719506,-0.5719345943293974,0.1201970601601191,-0.6215705967146201,-0.9274745739175644,-0.441134321303689
20.0,79.0,1001.5507202148438,0.8244933399472206,0.1717593457825232,-2.378357160883819,-0.031158223900548,0.5201670551719506,-0.5719346052022153,0.1201970601601191,-0.6215705967146201,-0.9274745739175644,-0.4411343195466039
20.0,79.0,1001.5507202148438,0.8244933398274198,0.1717593457825232,-2.378357160883819,-0.0311582269444753,0.5201670551719506,-0.5719345943635564,0.1201970601601191,-0.6215705967146201,-0.9274745739175644,-0.4411343712551805
20.0,79.0,1001.5507202148438,0.8244933387899404,0.1717593457825232,-2.378357160883819,-0.0311582155397999,0.5201670551719506,-0.5719345943293974,0.1201970601601191,-0.6215705967146201,-0.9274745739175644,-0.441134321303687
20.0,79.0,1001.5507202148438,0.8244933399472206,0.1717593457825232,-2.378357160883819,-0.031158223900548,0.5201670551719506,-0.5719345943293974,0.1201970601601191,-0.6215705967146201,-0.9274745739175644,-0.4411343195466039
20.0,79.0,1001.5507202148438,0.8244933387943909,0.1717593457825232,-2.378357160883819,-0.0311582246839422,0.5201670551719506,-0.5719345943293974,0.1201970601601191,-0.6215705967146201,-0.9274745739175644,-0.441134321303687
20.0,79.0,1001.5507202148438,0.8244933398274198,0.1717593457825232,-2.378357160883819,-0.0311582271188618,0.5201670551719506,-0.5719345943635564,0.1201970601601191,-0.6215705967146201,-0.9274745739175644,-0.4411343192833997
20.0,79.0,1001.5507202148438,0.8244933387943909,0.1717593457825232,-2.378357160883819,-0.0311582155397999,0.5201670551719506,-0.5719346052648588,0.1201970601601191,-0.6215705967146201,-0.9274745739175644,-0.4411343213041415
20.0,79.0,1001.5507202148438,0.8244933387943909,0.1717593457825232,-2.378357160883819,-0.0311582155397999,0.5201670551719506,-0.5719345943293974,0.1201970601601191,-0.6215705967146201,-0.9274745739175644,-0.441134321303687
20.0,79.0,1001.5507202148438,0.8244933387943909,0.1717593457825232,-2.378357160883819,-0.0311582155397999,0.5201670551719506,-0.5719346052648588,0.1201970601601191,-0.6215705967146201,-0.9274745739175644,-0.4411343213041415
20.0,79.0,1001.5507202148438,0.8244933396679678,0.1717593457825232,-2.378357160883819,-0.031158203718344,0.5201670551719506,-0.5719345943293974,0.1201970601601191,-0.6215705967146201,-0.9274745739175644,-0.441134321303687
20.0,79.0,1001.5507202148438,0.8244933399476667,0.1717593457825232,-2.378357160883819,-0.031158214433841,0.5201670551719506,-0.5719345943293974,0.1201970601601191,-0.6215705967146201,-0.9274745739175644,-0.4411343195439165
20.0,79.0,1001.5507202148438,0.8244933522898801,0.1717593457825232,-2.378357160883819,-0.031158176888452,0.5201670551719506,-0.5719346052022153,0.1201970601601191,-0.6215705967146201,-0.9274745739175644,-0.4411343205449696
20.0,79.0,1001.5507202148438,0.8244933387808124,0.1717593457825232,-2.378357160883819,-0.0311582155397999,0.5201670551719506,-0.5719346051680902,0.1201970601601191,-0.6215705967146201,-0.9274745739175644,-0.4411343689567295
20.0,79.0,1001.5507202148438,0.8244933395696864,0.1717593457825232,-2.378357160883819,-0.0311582150441948,0.5201670551719506,-0.5719345943293974,0.1201970601601191,-0.6215705967146201,-0.9274745739175644,-0.441134321303687
20.0,79.0,1001.5507202148438,0.8244933398274198,0.1717593457825232,-2.378357160883819,-0.0311582271188618,0.5201670551719506,-0.5719345943302002,0.1201970601601191,-0.6215705967146201,-0.9274745739175644,-0.4411343192833997
20.0,79.0,1001.5507202148438,0.8244933387808124,0.1717593457825232,-2.378357160883819,-0.0311582155397999,0.5201670551719506,-0.5719346051680902,0.1201970601601191,-0.6215705967146201,-0.9274745739175644,-0.4411343686478723
20.0,79.0,1001.5507202148438,0.8244933398322074,0.1717593457825232,-2.378357160883819,-0.0311582271188618,0.5201670551719506,-0.5719345943635564,0.1201970601601191,-0.6215705967146201,-0.9274745739175644,-0.4411343192339145
20.0,79.0,1001.5507202148438,0.8244933387808135,0.1717593457825232,-2.378357160883819,-0.0311582155397999,0.5201670551719506,-0.5719346051680902,0.1201970601601191,-0.6215705967146201,-0.9274745739175644,-0.4411343689567295
20.0,79.0,1001.5507202148438,0.8244933387808124,0.1717593457825232,-2.378357160883819,-0.0311582164524755,0.5201670551719506,-0.5719346051680902,0.1201970601601191,-0.6215705967146201,-0.9274745739175644,-0.4411343716999686
20.0,79.0,1001.5507202148438,0.8244933387876041,0.1717593457825232,-2.378357160883819,-0.0311582155397999,0.5201670551719506,-0.5719345943293974,0.1201970601601191,-0.6215705967146201,-0.9274745739175644,-0.4411343213881555
20.0,79.0,1001.5507202148438,0.8244933387809238,0.1717593457825232,-2.378357160883819,-0.0311582155397999,0.5201670551719506,-0.5719346048996683,0.1201970601601191,-0.6215705967146201,-0.9274745739175644,-0.4411343738191456
20.0,79.0,1001.5507202148438,0.8244933387943909,0.1717593457825232,-2.378357160883819,-0.0311582155397999,0.5201670551719506,-0.5719346054292177,0.1201970601601191,-0.6215705967146201,-0.9274745739175644,-0.4411343721519831
20.0,79.0,1001.5507202148438,0.8244933386802579,0.1717593457825232,-2.378357160883819,-0.0311582239834457,0.5201670551719506,-0.5719345943293974,0.1201970601601191,-0.6215705967146201,-0.9274745739175644,-0.4411343213678728
20.0,79.0,1001.5507202148438,0.8244933398066524,0.1717593457825232,-2.378357160883819,-0.0311582271188618,0.5201670551719506,-0.5719345943302002,0.1201970601601191,-0.6215705967146201,-0.9274745739175644,-0.4411343193530627
20.0,79.0,1001.5507202148438,0.8244933387808259,0.1717593457825232,-2.378357160883819,-0.0311582155397999,0.5201670551719506,-0.5719345943293974,0.1201970601601191,-0.6215705967146201,-0.9274745739175644,-0.441134321303687
20.0,79.0,1001.5507202148438,0.8244933387579088,0.1717593457825232,-2.378357160883819,-0.0311582155397999,0.5201670551719506,-0.5719346051453569,0.1201970601601191,-0.6215705967146201,-0.9274745739175644,-0.441134321321691
20.0,80.0,1001.5507202148438,0.8244933387943909,0.1717593457825232,-2.378357160883819,-0.0311582155397999,0.5201670551719506,-0.5719345943293974,0.1201970601601191,-0.6215705967146201,-0.9274745739175644,-0.441134321303687
20.0,80.0,1001.5507202148438,0.8244933387808259,0.1717593457825232,-2.378357160883819,-0.0311582155397999,0.5201670551719506,-0.5719345943293974,0.1201970601601191,-0.6215705967146201,-0.9274745739175644,-0.441134321303687
20.0,80.0,1001.5507202148438,0.8244933387808259,0.1717593457825232,-2.378357160883819,-0.0311582155397999,0.5201670551719506,-0.5719345943293974,0.1201970601601191,-0.6215705967146201,-0.9274745739175644,-0.441134321303687
20.0,80.0,1001.5507202148438,0.8244933387943909,0.1717593457825232,-2.378357160883819,-0.0311582155397999,0.5201670551719506,-0.5719345943293974,0.1201970601601191,-0.6215705967146201,-0.9274745739175644,-0.441134321303687
20.0,80.0,1001.5507202148438,0.8244933387943909,0.1717593457825232,-2.378357160883819,-0.0311582155397999,0.5201670551719506,-0.5719345943293974,0.1201970601601191,-0.6215705967146201,-0.9274745739175644,-0.441134321303687
20.0,80.0,1001.5507202148438,0.8244933387943909,0.1717593457825232,-2.378357160883819,-0.0311582155397999,0.5201670551719506,-0.5719346052648588,0.1201970601601191,-0.6215705967146201,-0.9274745739175644,-0.4411343213041415
20.0,80.0,1001.5507202148438,0.8244933387943909,0.1717593457825232,-2.378357160883819,-0.0311582155397999,0.5201670551719506,-0.5719345943293974,0.1201970601601191,-0.6215705967146201,-0.9274745739175644,-0.441134321303687
20.0,80.0,1001.5507202148438,0.8244933399472206,0.1717593457825232,-2.378357160883819,-0.031158223900548,0.5201670551719506,-0.5719345943293974,0.1201970601601191,-0.6215705967146201,-0.9274745739175644,-0.4411343195466039
20.0,80.0,1001.5507202148438,0.8244933396679678,0.1717593457825232,-2.378357160883819,-0.03115820338846,0.5201670551719506,-0.5719345943293974,0.1201970601601191,-0.6215705967146201,-0.9274745739175644,-0.441134321303687
20.0,80.0,1001.5507202148438,0.8244933396107021,0.1717593457825232,-2.378357160883819,-0.03115820338846,0.5201670551719506,-0.5719345943293974,0.1201970601601191,-0.6215705967146201,-0.9274745739175644,-0.441134321303687
20.0,80.0,1001.5507202148438,0.8244933387943909,0.1717593457825232,-2.378357160883819,-0.0311582155397999,0.5201670551719506,-0.5719345943293974,0.1201970601601191,-0.6215705967146201,-0.9274745739175644,-0.441134321303687
20.0,80.0,1001.5507202148438,0.8244933397326736,0.1717593457825232,-2.378357160883819,-0.0311582992510955,0.5201670551719506,-0.5719346052702933,0.1201970601601191,-0.6215705967146201,-0.9274745739175644,-0.4411343213041415
20.0,80.0,1001.5507202148438,0.8244933398274198,0.1717593457825232,-2.378357160883819,-0.0311582271188618,0.5201670551719506,-0.5719345943635564,0.1201970601601191,-0.6215705967146201,-0.9274745739175644,-0.4411343192833997
20.0,80.0,1001.5507202148438,0.8244933387808124,0.1717593457825232,-2.378357160883819,-0.0311582155397999,0.5201670551719506,-0.5719346051680902,0.1201970601601191,-0.6215705967146201,-0.9274745739175644,-0.4411343213041415
20.0,80.0,1001.5507202148438,0.8244933387808259,0.1717593457825232,-2.378357160883819,-0.0311582155397999,0.5201670551719506,-0.5719345943293974,0.1201970601601191,-0.6215705967146201,-0.9274745739175644,-0.441134321303687
20.0,80.0,1001.5507202148438,0.8244933398274198,0.1717593457825232,-2.378357160883819,-0.0311582269444753,0.5201670551719506,-0.5719345943635564,0.1201970601601191,-0.6215705967146201,-0.9274745739175644,-0.4411343712551805
20.0,80.0,1001.5507202148438,0.8244933387808124,0.1717593457825232,-2.378357160883819,-0.0311582155397999,0.5201670551719506,-0.5719346051680902,0.1201970601601191,-0.6215705967146201,-0.9274745739175644,-0.4411343686478723
20.0,80.0,1001.5507202148438,0.824493352546332,0.1717593457825232,-2.378357160883819,-0.0311582037307643,0.5201670551719506,-0.571934612891832,0.1201970601601191,-0.6215705967146201,-0.9274745739175644,-0.4411343688278865
20.0,80.0,1001.5507202148438,0.8244933387943909,0.1717593457825232,-2.378357160883819,-0.0311582155397999,0.5201670551719506,-0.5719345943293974,0.1201970601601191,-0.6215705967146201,-0.9274745739175644,-0.441134321303687
20.0,80.0,1001.5507202148438,0.824493352546332,0.1717593457825232,-2.378357160883819,-0.0311580572655029,0.5201670551719506,-0.5719345935541906,0.1201970601601191,-0.6215705967146201,-0.9274745739175644,-0.4411343722669886
20.0,80.0,1001.5507202148438,0.8244933398274198,0.1717593457825232,-2.378357160883819,-0.0311582271188618,0.5201670551719506,-0.5719345943302002,0.1201970601601191,-0.6215705967146201,-0.9274745739175644,-0.4411343192833997
20.0,80.0,1001.5507202148438,0.8244933387943909,0.1717593457825232,-2.378357160883819,-0.0311582155397999,0.5201670551719506,-0.5719345943293974,0.1201970601601191,-0.6215705967146201,-0.9274745739175644,-0.441134321303687
20.0,80.0,1001.5507202148438,0.8244933387943909,0.1717593457825232,-2.378357160883819,-0.0311582155397999,0.5201670551719506,-0.5719346052648588,0.1201970601601191,-0.6215705967146201,-0.9274745739175644,-0.4411343213041415
20.0,80.0,1001.5507202148438,0.8244933387653155,0.1717593457825232,-2.378357160883819,-0.0311582155397999,0.5201670551719506,-0.5719345943293974,0.1201970601601191,-0.6215705967146201,-0.9274745739175644,-0.441134321303689
20.0,80.0,1001.5507202148438,0.8244933399472206,0.1717593457825232,-2.378357160883819,-0.031158223900548,0.5201670551719506,-0.5719346052022153,0.1201970601601191,-0.6215705967146201,-0.9274745739175644,-0.4411343195466039
20.0,80.0,1001.5507202148438,0.8244933398274198,0.1717593457825232,-2.378357160883819,-0.0311582269444753,0.5201670551719506,-0.5719345943635564,0.1201970601601191,-0.6215705967146201,-0.9274745739175644,-0.4411343712551805
20.0,80.0,1001.5507202148438,0.8244933387899404,0.1717593457825232,-2.378357160883819,-0.0311582155397999,0.5201670551719506,-0.5719345943293974,0.1201970601601191,-0.6215705967146201,-0.9274745739175644,-0.441134321303687
20.0,80.0,1001.5507202148438,0.8244933399472206,0.1717593457825232,-2.378357160883819,-0.031158223900548,0.5201670551719506,-0.5719345943293974,0.1201970601601191,-0.6215705967146201,-0.9274745739175644,-0.4411343195466039
20.0,80.0,1001.5507202148438,0.8244933387943909,0.1717593457825232,-2.378357160883819,-0.0311582246839422,0.5201670551719506,-0.5719345943293974,0.1201970601601191,-0.6215705967146201,-0.9274745739175644,-0.441134321303687
20.0,80.0,1001.5507202148438,0.8244933398274198,0.1717593457825232,-2.378357160883819,-0.0311582271188618,0.5201670551719506,-0.5719345943635564,0.1201970601601191,-0.6215705967146201,-0.9274745739175644,-0.4411343192833997
20.0,80.0,1001.5507202148438,0.8244933387943909,0.1717593457825232,-2.378357160883819,-0.0311582155397999,0.5201670551719506,-0.5719346052648588,0.1201970601601191,-0.6215705967146201,-0.9274745739175644,-0.4411343213041415
20.0,80.0,1001.5507202148438,0.8244933387943909,0.1717593457825232,-2.378357160883819,-0.0311582155397999,0.5201670551719506,-0.5719345943293974,0.1201970601601191,-0.6215705967146201,-0.9274745739175644,-0.441134321303687
20.0,80.0,1001.5507202148438,0.8244933387943909,0.1717593457825232,-2.378357160883819,-0.0311582155397999,0.5201670551719506,-0.5719346052648588,0.1201970601601191,-0.6215705967146201,-0.9274745739175644,-0.4411343213041415
20.0,80.0,1001.5507202148438,0.8244933396679678,0.1717593457825232,-2.378357160883819,-0.031158203718344,0.5201670551719506,-0.5719345943293974,0.1201970601601191,-0.6215705967146201,-0.9274745739175644,-0.441134321303687
20.0,80.0,1001.5507202148438,0.8244933399476667,0.1717593457825232,-2.378357160883819,-0.031158214433841,0.5201670551719506,-0.5719345943293974,0.1201970601601191,-0.6215705967146201,-0.9274745739175644,-0.4411343195439165
20.0,80.0,1001.5507202148438,0.8244933522898801,0.1717593457825232,-2.378357160883819,-0.031158176888452,0.5201670551719506,-0.5719346052022153,0.1201970601601191,-0.6215705967146201,-0.9274745739175644,-0.4411343205449696
20.0,80.0,1001.5507202148438,0.8244933387808124,0.1717593457825232,-2.378357160883819,-0.0311582155397999,0.5201670551719506,-0.5719346051680902,0.1201970601601191,-0.6215705967146201,-0.9274745739175644,-0.4411343689567295
20.0,80.0,1001.5507202148438,0.8244933395696864,0.1717593457825232,-2.378357160883819,-0.0311582150441948,0.5201670551719506,-0.5719345943293974,0.1201970601601191,-0.6215705967146201,-0.9274745739175644,-0.441134321303687
20.0,80.0,1001.5507202148438,0.8244933398274198,0.1717593457825232,-2.378357160883819,-0.0311582271188618,0.5201670551719506,-0.5719345943302002,0.1201970601601191,-0.6215705967146201,-0.9274745739175644,-0.4411343192833997
20.0,80.0,1001.5507202148438,0.8244933387808124,0.1717593457825232,-2.378357160883819,-0.0311582155397999,0.5201670551719506,-0.5719346051680902,0.1201970601601191,-0.6215705967146201,-0.9274745739175644,-0.4411343686478723
20.0,80.0,1001.5507202148438,0.8244933398322074,0.1717593457825232,-2.378357160883819,-0.0311582271188618,0.5201670551719506,-0.5719345943635564,0.1201970601601191,-0.6215705967146201,-0.9274745739175644,-0.4411343192339145
20.0,80.0,1001.5507202148438,0.8244933387808135,0.1717593457825232,-2.378357160883819,-0.0311582155397999,0.5201670551719506,-0.5719346051680902,0.1201970601601191,-0.6215705967146201,-0.9274745739175644,-0.4411343689567295
20.0,80.0,1001.5507202148438,0.8244933387808124,0.1717593457825232,-2.378357160883819,-0.0311582164524755,0.5201670551719506,-0.5719346051680902,0.1201970601601191,-0.6215705967146201,-0.9274745739175644,-0.4411343716999686
20.0,80.0,1001.5507202148438,0.8244933387876041,0.1717593457825232,-2.378357160883819,-0.0311582155397999,0.5201670551719506,-0.5719345943293974,0.1201970601601191,-0.6215705967146201,-0.9274745739175644,-0.4411343213881555
20.0,80.0,1001.5507202148438,0.8244933387809238,0.1717593457825232,-2.378357160883819,-0.0311582155397999,0.5201670551719506,-0.5719346048996683,0.1201970601601191,-0.6215705967146201,-0.9274745739175644,-0.4411343738191456
20.0,80.0,1001.5507202148438,0.8244933387943909,0.1717593457825232,-2.378357160883819,-0.0311582155397999,0.5201670551719506,-0.5719346054292177,0.1201970601601191,-0.6215705967146201,-0.9274745739175644,-0.4411343721519831
20.0,80.0,1001.5507202148438,0.8244933386802579,0.1717593457825232,-2.378357160883819,-0.0311582239834457,0.5201670551719506,-0.5719345943293974,0.1201970601601191,-0.6215705967146201,-0.9274745739175644,-0.4411343213678728
20.0,80.0,1001.5507202148438,0.8244933398066524,0.1717593457825232,-2.378357160883819,-0.0311582271188618,0.5201670551719506,-0.5719345943302002,0.1201970601601191,-0.6215705967146201,-0.9274745739175644,-0.4411343193530627
20.0,80.0,1001.5507202148438,0.8244933387808259,0.1717593457825232,-2.378357160883819,-0.0311582155397999,0.5201670551719506,-0.5719345943293974,0.1201970601601191,-0.6215705967146201,-0.9274745739175644,-0.441134321303687
20.0,80.0,1001.5507202148438,0.8244933387579088,0.1717593457825232,-2.378357160883819,-0.0311582155397999,0.5201670551719506,-0.5719346051453569,0.1201970601601191,-0.6215705967146201,-0.9274745739175644,-0.441134321321691
20.0,81.0,1001.5506591796876,0.8244933523488258,0.1717593457825232,-2.378357160883819,-0.0311580534525075,0.5201670551719506,-0.5719346051680902,0.1201970601601191,-0.6215705967146201,-0.9274745739175644,-0.4411343723097837
20.0,81.0,1001.5507202148438,0.8244933387943909,0.1717593457825232,-2.378357160883819,-0.0311582155397999,0.5201670551719506,-0.5719345943293974,0.1201970601601191,-0.6215705967146201,-0.9274745739175644,-0.441134321303687
20.0,81.0,1001.5507202148438,0.8244933387808259,0.1717593457825232,-2.378357160883819,-0.0311582155397999,0.5201670551719506,-0.5719345943293974,0.1201970601601191,-0.6215705967146201,-0.9274745739175644,-0.441134321303687
20.0,81.0,1001.5507202148438,0.8244933387808259,0.1717593457825232,-2.378357160883819,-0.0311582155397999,0.5201670551719506,-0.5719345943293974,0.1201970601601191,-0.6215705967146201,-0.9274745739175644,-0.441134321303687
20.0,81.0,1001.5507202148438,0.8244933387943909,0.1717593457825232,-2.378357160883819,-0.0311582155397999,0.5201670551719506,-0.5719345943293974,0.1201970601601191,-0.6215705967146201,-0.9274745739175644,-0.441134321303687
20.0,81.0,1001.5507202148438,0.8244933387943909,0.1717593457825232,-2.378357160883819,-0.0311582155397999,0.5201670551719506,-0.5719345943293974,0.1201970601601191,-0.6215705967146201,-0.9274745739175644,-0.441134321303687
20.0,81.0,1001.5507202148438,0.8244933387943909,0.1717593457825232,-2.378357160883819,-0.0311582155397999,0.5201670551719506,-0.5719346052648588,0.1201970601601191,-0.6215705967146201,-0.9274745739175644,-0.4411343213041415
20.0,81.0,1001.5507202148438,0.8244933387943909,0.1717593457825232,-2.378357160883819,-0.0311582155397999,0.5201670551719506,-0.5719345943293974,0.1201970601601191,-0.6215705967146201,-0.9274745739175644,-0.441134321303687
20.0,81.0,1001.5507202148438,0.8244933399472206,0.1717593457825232,-2.378357160883819,-0.031158223900548,0.5201670551719506,-0.5719345943293974,0.1201970601601191,-0.6215705967146201,-0.9274745739175644,-0.4411343195466039
20.0,81.0,1001.5507202148438,0.8244933396679678,0.1717593457825232,-2.378357160883819,-0.03115820338846,0.5201670551719506,-0.5719345943293974,0.1201970601601191,-0.6215705967146201,-0.9274745739175644,-0.441134321303687
20.0,81.0,1001.5507202148438,0.8244933396107021,0.1717593457825232,-2.378357160883819,-0.03115820338846,0.5201670551719506,-0.5719345943293974,0.1201970601601191,-0.6215705967146201,-0.9274745739175644,-0.441134321303687
20.0,81.0,1001.5507202148438,0.8244933387943909,0.1717593457825232,-2.378357160883819,-0.0311582155397999,0.5201670551719506,-0.5719345943293974,0.1201970601601191,-0.6215705967146201,-0.9274745739175644,-0.441134321303687
20.0,81.0,1001.5507202148438,0.8244933397326736,0.1717593457825232,-2.378357160883819,-0.0311582992510955,0.5201670551719506,-0.5719346052702933,0.1201970601601191,-0.6215705967146201,-0.9274745739175644,-0.4411343213041415
20.0,81.0,1001.5507202148438,0.8244933398274198,0.1717593457825232,-2.378357160883819,-0.0311582271188618,0.5201670551719506,-0.5719345943635564,0.1201970601601191,-0.6215705967146201,-0.9274745739175644,-0.4411343192833997
20.0,81.0,1001.5507202148438,0.8244933387808124,0.1717593457825232,-2.378357160883819,-0.0311582155397999,0.5201670551719506,-0.5719346051680902,0.1201970601601191,-0.6215705967146201,-0.9274745739175644,-0.4411343213041415
20.0,81.0,1001.5507202148438,0.8244933387808259,0.1717593457825232,-2.378357160883819,-0.0311582155397999,0.5201670551719506,-0.5719345943293974,0.1201970601601191,-0.6215705967146201,-0.9274745739175644,-0.441134321303687
20.0,81.0,1001.5507202148438,0.8244933398274198,0.1717593457825232,-2.378357160883819,-0.0311582269444753,0.5201670551719506,-0.5719345943635564,0.1201970601601191,-0.6215705967146201,-0.9274745739175644,-0.4411343712551805
20.0,81.0,1001.5507202148438,0.8244933387808124,0.1717593457825232,-2.378357160883819,-0.0311582155397999,0.5201670551719506,-0.5719346051680902,0.1201970601601191,-0.6215705967146201,-0.9274745739175644,-0.4411343686478723
20.0,81.0,1001.5507202148438,0.824493352546332,0.1717593457825232,-2.378357160883819,-0.0311582037307643,0.5201670551719506,-0.571934612891832,0.1201970601601191,-0.6215705967146201,-0.9274745739175644,-0.4411343688278865
20.0,81.0,1001.5507202148438,0.8244933387943909,0.1717593457825232,-2.378357160883819,-0.0311582155397999,0.5201670551719506,-0.5719345943293974,0.1201970601601191,-0.6215705967146201,-0.9274745739175644,-0.441134321303687
20.0,81.0,1001.5507202148438,0.824493352546332,0.1717593457825232,-2.378357160883819,-0.0311580572655029,0.5201670551719506,-0.5719345935541906,0.1201970601601191,-0.6215705967146201,-0.9274745739175644,-0.4411343722669886
20.0,81.0,1001.5507202148438,0.8244933398274198,0.1717593457825232,-2.378357160883819,-0.0311582271188618,0.5201670551719506,-0.5719345943302002,0.1201970601601191,-0.6215705967146201,-0.9274745739175644,-0.4411343192833997
20.0,81.0,1001.5507202148438,0.8244933387943909,0.1717593457825232,-2.378357160883819,-0.0311582155397999,0.5201670551719506,-0.5719345943293974,0.1201970601601191,-0.6215705967146201,-0.9274745739175644,-0.441134321303687
20.0,81.0,1001.5507202148438,0.8244933387943909,0.1717593457825232,-2.378357160883819,-0.0311582155397999,0.5201670551719506,-0.5719346052648588,0.1201970601601191,-0.6215705967146201,-0.9274745739175644,-0.4411343213041415
20.0,81.0,1001.5507202148438,0.8244933387653155,0.1717593457825232,-2.378357160883819,-0.0311582155397999,0.5201670551719506,-0.5719345943293974,0.1201970601601191,-0.6215705967146201,-0.9274745739175644,-0.441134321303689
20.0,81.0,1001.5507202148438,0.8244933399472206,0.1717593457825232,-2.378357160883819,-0.031158223900548,0.5201670551719506,-0.5719346052022153,0.1201970601601191,-0.6215705967146201,-0.9274745739175644,-0.4411343195466039
20.0,81.0,1001.5507202148438,0.8244933398274198,0.1717593457825232,-2.378357160883819,-0.0311582269444753,0.5201670551719506,-0.5719345943635564,0.1201970601601191,-0.6215705967146201,-0.9274745739175644,-0.4411343712551805
20.0,81.0,1001.5507202148438,0.8244933387899404,0.1717593457825232,-2.378357160883819,-0.0311582155397999,0.5201670551719506,-0.5719345943293974,0.1201970601601191,-0.6215705967146201,-0.9274745739175644,-0.441134321303687
20.0,81.0,1001.5507202148438,0.8244933399472206,0.1717593457825232,-2.378357160883819,-0.031158223900548,0.5201670551719506,-0.5719345943293974,0.1201970601601191,-0.6215705967146201,-0.9274745739175644,-0.4411343195466039
20.0,81.0,1001.5507202148438,0.8244933387943909,0.1717593457825232,-2.378357160883819,-0.0311582246839422,0.5201670551719506,-0.5719345943293974,0.1201970601601191,-0.6215705967146201,-0.9274745739175644,-0.441134321303687
20.0,81.0,1001.5507202148438,0.8244933398274198,0.1717593457825232,-2.378357160883819,-0.0311582271188618,0.5201670551719506,-0.5719345943635564,0.1201970601601191,-0.6215705967146201,-0.9274745739175644,-0.4411343192833997
20.0,81.0,1001.5507202148438,0.8244933387943909,0.1717593457825232,-2.378357160883819,-0.0311582155397999,0.5201670551719506,-0.5719346052648588,0.1201970601601191,-0.6215705967146201,-0.9274745739175644,-0.4411343213041415
20.0,81.0,1001.5507202148438,0.8244933387943909,0.1717593457825232,-2.378357160883819,-0.0311582155397999,0.5201670551719506,-0.5719345943293974,0.1201970601601191,-0.6215705967146201,-0.9274745739175644,-0.441134321303687
20.0,81.0,1001.5507202148438,0.8244933387943909,0.1717593457825232,-2.378357160883819,-0.0311582155397999,0.5201670551719506,-0.5719346052648588,0.1201970601601191,-0.6215705967146201,-0.9274745739175644,-0.4411343213041415
20.0,81.0,1001.5507202148438,0.8244933396679678,0.1717593457825232,-2.378357160883819,-0.031158203718344,0.5201670551719506,-0.5719345943293974,0.1201970601601191,-0.6215705967146201,-0.9274745739175644,-0.441134321303687
20.0,81.0,1001.5507202148438,0.8244933399476667,0.1717593457825232,-2.378357160883819,-0.031158214433841,0.5201670551719506,-0.5719345943293974,0.1201970601601191,-0.6215705967146201,-0.9274745739175644,-0.4411343195439165
20.0,81.0,1001.5507202148438,0.8244933522898801,0.1717593457825232,-2.378357160883819,-0.031158176888452,0.5201670551719506,-0.5719346052022153,0.1201970601601191,-0.6215705967146201,-0.9274745739175644,-0.4411343205449696
20.0,81.0,1001.5507202148438,0.8244933387808124,0.1717593457825232,-2.378357160883819,-0.0311582155397999,0.5201670551719506,-0.5719346051680902,0.1201970601601191,-0.6215705967146201,-0.9274745739175644,-0.4411343689567295
20.0,81.0,1001.5507202148438,0.8244933395696864,0.1717593457825232,-2.378357160883819,-0.0311582150441948,0.5201670551719506,-0.5719345943293974,0.1201970601601191,-0.6215705967146201,-0.9274745739175644,-0.441134321303687
20.0,81.0,1001.5507202148438,0.8244933398274198,0.1717593457825232,-2.378357160883819,-0.0311582271188618,0.5201670551719506,-0.5719345943302002,0.1201970601601191,-0.6215705967146201,-0.9274745739175644,-0.4411343192833997
20.0,81.0,1001.5507202148438,0.8244933387808124,0.1717593457825232,-2.378357160883819,-0.0311582155397999,0.5201670551719506,-0.5719346051680902,0.1201970601601191,-0.6215705967146201,-0.9274745739175644,-0.4411343686478723
20.0,81.0,1001.5507202148438,0.8244933398322074,0.1717593457825232,-2.378357160883819,-0.0311582271188618,0.5201670551719506,-0.5719345943635564,0.1201970601601191,-0.6215705967146201,-0.9274745739175644,-0.4411343192339145
20.0,81.0,1001.5507202148438,0.8244933387808135,0.1717593457825232,-2.378357160883819,-0.0311582155397999,0.5201670551719506,-0.5719346051680902,0.1201970601601191,-0.6215705967146201,-0.9274745739175644,-0.4411343689567295
20.0,81.0,1001.5507202148438,0.8244933387808124,0.1717593457825232,-2.378357160883819,-0.0311582164524755,0.5201670551719506,-0.5719346051680902,0.1201970601601191,-0.6215705967146201,-0.9274745739175644,-0.4411343716999686
20.0,81.0,1001.5507202148438,0.8244933387876041,0.1717593457825232,-2.378357160883819,-0.0311582155397999,0.5201670551719506,-0.5719345943293974,0.1201970601601191,-0.6215705967146201,-0.9274745739175644,-0.4411343213881555
20.0,81.0,1001.5507202148438,0.8244933387809238,0.1717593457825232,-2.378357160883819,-0.0311582155397999,0.5201670551719506,-0.5719346048996683,0.1201970601601191,-0.6215705967146201,-0.9274745739175644,-0.4411343738191456
20.0,81.0,1001.5507202148438,0.8244933387943909,0.1717593457825232,-2.378357160883819,-0.0311582155397999,0.5201670551719506,-0.5719346054292177,0.1201970601601191,-0.6215705967146201,-0.9274745739175644,-0.4411343721519831
20.0,81.0,1001.5507202148438,0.8244933386802579,0.1717593457825232,-2.378357160883819,-0.0311582239834457,0.5201670551719506,-0.5719345943293974,0.1201970601601191,-0.6215705967146201,-0.9274745739175644,-0.4411343213678728
20.0,81.0,1001.5507202148438,0.8244933398066524,0.1717593457825232,-2.378357160883819,-0.0311582271188618,0.5201670551719506,-0.5719345943302002,0.1201970601601191,-0.6215705967146201,-0.9274745739175644,-0.4411343193530627
20.0,81.0,1001.5507202148438,0.8244933387808259,0.1717593457825232,-2.378357160883819,-0.0311582155397999,0.5201670551719506,-0.5719345943293974,0.1201970601601191,-0.6215705967146201,-0.9274745739175644,-0.441134321303687
20.0,82.0,1001.5506591796876,0.8244933523488258,0.1717593457825232,-2.378357160883819,-0.0311580534525075,0.5201670551719506,-0.5719346051680902,0.1201970601601191,-0.6215705967146201,-0.9274745739175644,-0.4411343723097837
20.0,82.0,1001.5506591796876,0.824493352090662,0.1717593457825232,-2.378357160883819,-0.0311580534525075,0.5201670551719506,-0.5719346051680902,0.1201970601601191,-0.6215705967146201,-0.9274745739175644,-0.4411343723097837
20.0,82.0,1001.5507202148438,0.8244933387943909,0.1717593457825232,-2.378357160883819,-0.0311582155397999,0.5201670551719506,-0.5719345943293974,0.1201970601601191,-0.6215705967146201,-0.9274745739175644,-0.441134321303687
20.0,82.0,1001.5507202148438,0.8244933387808259,0.1717593457825232,-2.378357160883819,-0.0311582155397999,0.5201670551719506,-0.5719345943293974,0.1201970601601191,-0.6215705967146201,-0.9274745739175644,-0.441134321303687
20.0,82.0,1001.5507202148438,0.8244933387808259,0.1717593457825232,-2.378357160883819,-0.0311582155397999,0.5201670551719506,-0.5719345943293974,0.1201970601601191,-0.6215705967146201,-0.9274745739175644,-0.441134321303687
20.0,82.0,1001.5507202148438,0.8244933387943909,0.1717593457825232,-2.378357160883819,-0.0311582155397999,0.5201670551719506,-0.5719345943293974,0.1201970601601191,-0.6215705967146201,-0.9274745739175644,-0.441134321303687
20.0,82.0,1001.5507202148438,0.8244933387943909,0.1717593457825232,-2.378357160883819,-0.0311582155397999,0.5201670551719506,-0.5719345943293974,0.1201970601601191,-0.6215705967146201,-0.9274745739175644,-0.441134321303687
20.0,82.0,1001.5507202148438,0.8244933387943909,0.1717593457825232,-2.378357160883819,-0.0311582155397999,0.5201670551719506,-0.5719346052648588,0.1201970601601191,-0.6215705967146201,-0.9274745739175644,-0.4411343213041415
20.0,82.0,1001.5507202148438,0.8244933387943909,0.1717593457825232,-2.378357160883819,-0.0311582155397999,0.5201670551719506,-0.5719345943293974,0.1201970601601191,-0.6215705967146201,-0.9274745739175644,-0.441134321303687
20.0,82.0,1001.5507202148438,0.8244933399472206,0.1717593457825232,-2.378357160883819,-0.031158223900548,0.5201670551719506,-0.5719345943293974,0.1201970601601191,-0.6215705967146201,-0.9274745739175644,-0.4411343195466039
20.0,82.0,1001.5507202148438,0.8244933396679678,0.1717593457825232,-2.378357160883819,-0.03115820338846,0.5201670551719506,-0.5719345943293974,0.1201970601601191,-0.6215705967146201,-0.9274745739175644,-0.441134321303687
20.0,82.0,1001.5507202148438,0.8244933396107021,0.1717593457825232,-2.378357160883819,-0.03115820338846,0.5201670551719506,-0.5719345943293974,0.1201970601601191,-0.6215705967146201,-0.9274745739175644,-0.441134321303687
20.0,82.0,1001.5507202148438,0.8244933387943909,0.1717593457825232,-2.378357160883819,-0.0311582155397999,0.5201670551719506,-0.5719345943293974,0.1201970601601191,-0.6215705967146201,-0.9274745739175644,-0.441134321303687
20.0,82.0,1001.5507202148438,0.8244933397326736,0.1717593457825232,-2.378357160883819,-0.0311582992510955,0.5201670551719506,-0.5719346052702933,0.1201970601601191,-0.6215705967146201,-0.9274745739175644,-0.4411343213041415
20.0,82.0,1001.5507202148438,0.8244933398274198,0.1717593457825232,-2.378357160883819,-0.0311582271188618,0.5201670551719506,-0.5719345943635564,0.1201970601601191,-0.6215705967146201,-0.9274745739175644,-0.4411343192833997
20.0,82.0,1001.5507202148438,0.8244933387808124,0.1717593457825232,-2.378357160883819,-0.0311582155397999,0.5201670551719506,-0.5719346051680902,0.1201970601601191,-0.6215705967146201,-0.9274745739175644,-0.4411343213041415
20.0,82.0,1001.5507202148438,0.8244933387808259,0.1717593457825232,-2.378357160883819,-0.0311582155397999,0.5201670551719506,-0.5719345943293974,0.1201970601601191,-0.6215705967146201,-0.9274745739175644,-0.441134321303687
20.0,82.0,1001.5507202148438,0.8244933398274198,0.1717593457825232,-2.378357160883819,-0.0311582269444753,0.5201670551719506,-0.5719345943635564,0.1201970601601191,-0.6215705967146201,-0.9274745739175644,-0.4411343712551805
20.0,82.0,1001.5507202148438,0.8244933387808124,0.1717593457825232,-2.378357160883819,-0.0311582155397999,0.5201670551719506,-0.5719346051680902,0.1201970601601191,-0.6215705967146201,-0.9274745739175644,-0.4411343686478723
20.0,82.0,1001.5507202148438,0.824493352546332,0.1717593457825232,-2.378357160883819,-0.0311582037307643,0.5201670551719506,-0.571934612891832,0.1201970601601191,-0.6215705967146201,-0.9274745739175644,-0.4411343688278865
20.0,82.0,1001.5507202148438,0.8244933387943909,0.1717593457825232,-2.378357160883819,-0.0311582155397999,0.5201670551719506,-0.5719345943293974,0.1201970601601191,-0.6215705967146201,-0.9274745739175644,-0.441134321303687
20.0,82.0,1001.5507202148438,0.824493352546332,0.1717593457825232,-2.378357160883819,-0.0311580572655029,0.5201670551719506,-0.5719345935541906,0.1201970601601191,-0.6215705967146201,-0.9274745739175644,-0.4411343722669886
20.0,82.0,1001.5507202148438,0.8244933398274198,0.1717593457825232,-2.378357160883819,-0.0311582271188618,0.5201670551719506,-0.5719345943302002,0.1201970601601191,-0.6215705967146201,-0.9274745739175644,-0.4411343192833997
20.0,82.0,1001.5507202148438,0.8244933387943909,0.1717593457825232,-2.378357160883819,-0.0311582155397999,0.5201670551719506,-0.5719345943293974,0.1201970601601191,-0.6215705967146201,-0.9274745739175644,-0.441134321303687
20.0,82.0,1001.5507202148438,0.8244933387943909,0.1717593457825232,-2.378357160883819,-0.0311582155397999,0.5201670551719506,-0.5719346052648588,0.1201970601601191,-0.6215705967146201,-0.9274745739175644,-0.4411343213041415
20.0,82.0,1001.5507202148438,0.8244933387653155,0.1717593457825232,-2.378357160883819,-0.0311582155397999,0.5201670551719506,-0.5719345943293974,0.1201970601601191,-0.6215705967146201,-0.9274745739175644,-0.441134321303689
20.0,82.0,1001.5507202148438,0.8244933399472206,0.1717593457825232,-2.378357160883819,-0.031158223900548,0.5201670551719506,-0.5719346052022153,0.1201970601601191,-0.6215705967146201,-0.9274745739175644,-0.4411343195466039
20.0,82.0,1001.5507202148438,0.8244933398274198,0.1717593457825232,-2.378357160883819,-0.0311582269444753,0.5201670551719506,-0.5719345943635564,0.1201970601601191,-0.6215705967146201,-0.9274745739175644,-0.4411343712551805
20.0,82.0,1001.5507202148438,0.8244933387899404,0.1717593457825232,-2.378357160883819,-0.0311582155397999,0.5201670551719506,-0.5719345943293974,0.1201970601601191,-0.6215705967146201,-0.9274745739175644,-0.441134321303687
20.0,82.0,1001.5507202148438,0.8244933399472206,0.1717593457825232,-2.378357160883819,-0.031158223900548,0.5201670551719506,-0.5719345943293974,0.1201970601601191,-0.6215705967146201,-0.9274745739175644,-0.4411343195466039
20.0,82.0,1001.5507202148438,0.8244933387943909,0.1717593457825232,-2.378357160883819,-0.0311582246839422,0.5201670551719506,-0.5719345943293974,0.1201970601601191,-0.6215705967146201,-0.9274745739175644,-0.441134321303687
20.0,82.0,1001.5507202148438,0.8244933398274198,0.1717593457825232,-2.378357160883819,-0.0311582271188618,0.5201670551719506,-0.5719345943635564,0.1201970601601191,-0.6215705967146201,-0.9274745739175644,-0.4411343192833997
20.0,82.0,1001.5507202148438,0.8244933387943909,0.1717593457825232,-2.378357160883819,-0.0311582155397999,0.5201670551719506,-0.5719346052648588,0.1201970601601191,-0.6215705967146201,-0.9274745739175644,-0.4411343213041415
20.0,82.0,1001.5507202148438,0.8244933387943909,0.1717593457825232,-2.378357160883819,-0.0311582155397999,0.5201670551719506,-0.5719345943293974,0.1201970601601191,-0.6215705967146201,-0.9274745739175644,-0.441134321303687
20.0,82.0,1001.5507202148438,0.8244933387943909,0.1717593457825232,-2.378357160883819,-0.0311582155397999,0.5201670551719506,-0.5719346052648588,0.1201970601601191,-0.6215705967146201,-0.9274745739175644,-0.4411343213041415
20.0,82.0,1001.5507202148438,0.8244933396679678,0.1717593457825232,-2.378357160883819,-0.031158203718344,0.5201670551719506,-0.5719345943293974,0.1201970601601191,-0.6215705967146201,-0.9274745739175644,-0.441134321303687
20.0,82.0,1001.5507202148438,0.8244933399476667,0.1717593457825232,-2.378357160883819,-0.031158214433841,0.5201670551719506,-0.5719345943293974,0.1201970601601191,-0.6215705967146201,-0.9274745739175644,-0.4411343195439165
20.0,82.0,1001.5507202148438,0.8244933522898801,0.1717593457825232,-2.378357160883819,-0.031158176888452,0.5201670551719506,-0.5719346052022153,0.1201970601601191,-0.6215705967146201,-0.9274745739175644,-0.4411343205449696
20.0,82.0,1001.5507202148438,0.8244933387808124,0.1717593457825232,-2.378357160883819,-0.0311582155397999,0.5201670551719506,-0.5719346051680902,0.1201970601601191,-0.6215705967146201,-0.9274745739175644,-0.4411343689567295
20.0,82.0,1001.5507202148438,0.8244933395696864,0.1717593457825232,-2.378357160883819,-0.0311582150441948,0.5201670551719506,-0.5719345943293974,0.1201970601601191,-0.6215705967146201,-0.9274745739175644,-0.441134321303687
20.0,82.0,1001.5507202148438,0.8244933398274198,0.1717593457825232,-2.378357160883819,-0.0311582271188618,0.5201670551719506,-0.5719345943302002,0.1201970601601191,-0.6215705967146201,-0.9274745739175644,-0.4411343192833997
20.0,82.0,1001.5507202148438,0.8244933387808124,0.1717593457825232,-2.378357160883819,-0.0311582155397999,0.5201670551719506,-0.5719346051680902,0.1201970601601191,-0.6215705967146201,-0.9274745739175644,-0.4411343686478723
20.0,82.0,1001.5507202148438,0.8244933398322074,0.1717593457825232,-2.378357160883819,-0.0311582271188618,0.5201670551719506,-0.5719345943635564,0.1201970601601191,-0.6215705967146201,-0.9274745739175644,-0.4411343192339145
20.0,82.0,1001.5507202148438,0.8244933387808135,0.1717593457825232,-2.378357160883819,-0.0311582155397999,0.5201670551719506,-0.5719346051680902,0.1201970601601191,-0.6215705967146201,-0.9274745739175644,-0.4411343689567295
20.0,82.0,1001.5507202148438,0.8244933387808124,0.1717593457825232,-2.378357160883819,-0.0311582164524755,0.5201670551719506,-0.5719346051680902,0.1201970601601191,-0.6215705967146201,-0.9274745739175644,-0.4411343716999686
20.0,82.0,1001.5507202148438,0.8244933387876041,0.1717593457825232,-2.378357160883819,-0.0311582155397999,0.5201670551719506,-0.5719345943293974,0.1201970601601191,-0.6215705967146201,-0.9274745739175644,-0.4411343213881555
20.0,82.0,1001.5507202148438,0.8244933387809238,0.1717593457825232,-2.378357160883819,-0.0311582155397999,0.5201670551719506,-0.5719346048996683,0.1201970601601191,-0.6215705967146201,-0.9274745739175644,-0.4411343738191456
20.0,82.0,1001.5507202148438,0.8244933387943909,0.1717593457825232,-2.378357160883819,-0.0311582155397999,0.5201670551719506,-0.5719346054292177,0.1201970601601191,-0.6215705967146201,-0.9274745739175644,-0.4411343721519831
20.0,82.0,1001.5507202148438,0.8244933386802579,0.1717593457825232,-2.378357160883819,-0.0311582239834457,0.5201670551719506,-0.5719345943293974,0.1201970601601191,-0.6215705967146201,-0.9274745739175644,-0.4411343213678728
20.0,82.0,1001.5507202148438,0.8244933398066524,0.1717593457825232,-2.378357160883819,-0.0311582271188618,0.5201670551719506,-0.5719345943302002,0.1201970601601191,-0.6215705967146201,-0.9274745739175644,-0.4411343193530627
20.0,83.0,1001.5506591796876,0.8244933523488258,0.1717593457825232,-2.378357160883819,-0.0311580534525075,0.5201670551719506,-0.5719346051680902,0.1201970601601191,-0.6215705967146201,-0.9274745739175644,-0.4411343723097837
20.0,83.0,1001.5506591796876,0.824493352090662,0.1717593457825232,-2.378357160883819,-0.0311580534525075,0.5201670551719506,-0.5719346051680902,0.1201970601601191,-0.6215705967146201,-0.9274745739175644,-0.4411343723097837
20.0,83.0,1001.5506591796876,0.8244933523488258,0.1717593457825232,-2.378357160883819,-0.0311580534525075,0.5201670551719506,-0.5719345942146142,0.1201970601601191,-0.6215705967146201,-0.9274745739175644,-0.4411343758792872
20.0,83.0,1001.5506591796876,0.8244933522893626,0.1717593457825232,-2.378357160883819,-0.0311580534525075,0.5201670551719506,-0.5719346051680902,0.1201970601601191,-0.6215705967146201,-0.9274745739175644,-0.4411343723097837
20.0,83.0,1001.5507202148438,0.8244933387943909,0.1717593457825232,-2.378357160883819,-0.0311582155397999,0.5201670551719506,-0.5719345943293974,0.1201970601601191,-0.6215705967146201,-0.9274745739175644,-0.441134321303687
20.0,83.0,1001.5507202148438,0.8244933387808259,0.1717593457825232,-2.378357160883819,-0.0311582155397999,0.5201670551719506,-0.5719345943293974,0.1201970601601191,-0.6215705967146201,-0.9274745739175644,-0.441134321303687
20.0,83.0,1001.5507202148438,0.8244933387808259,0.1717593457825232,-2.378357160883819,-0.0311582155397999,0.5201670551719506,-0.5719345943293974,0.1201970601601191,-0.6215705967146201,-0.9274745739175644,-0.441134321303687
20.0,83.0,1001.5507202148438,0.8244933387943909,0.1717593457825232,-2.378357160883819,-0.0311582155397999,0.5201670551719506,-0.5719345943293974,0.1201970601601191,-0.6215705967146201,-0.9274745739175644,-0.441134321303687
20.0,83.0,1001.5507202148438,0.8244933387943909,0.1717593457825232,-2.378357160883819,-0.0311582155397999,0.5201670551719506,-0.5719345943293974,0.1201970601601191,-0.6215705967146201,-0.9274745739175644,-0.441134321303687
20.0,83.0,1001.5507202148438,0.8244933387943909,0.1717593457825232,-2.378357160883819,-0.0311582155397999,0.5201670551719506,-0.5719346052648588,0.1201970601601191,-0.6215705967146201,-0.9274745739175644,-0.4411343213041415
20.0,83.0,1001.5507202148438,0.8244933387943909,0.1717593457825232,-2.378357160883819,-0.0311582155397999,0.5201670551719506,-0.5719345943293974,0.1201970601601191,-0.6215705967146201,-0.9274745739175644,-0.441134321303687
20.0,83.0,1001.5507202148438,0.8244933399472206,0.1717593457825232,-2.378357160883819,-0.031158223900548,0.5201670551719506,-0.5719345943293974,0.1201970601601191,-0.6215705967146201,-0.9274745739175644,-0.4411343195466039
20.0,83.0,1001.5507202148438,0.8244933396679678,0.1717593457825232,-2.378357160883819,-0.03115820338846,0.5201670551719506,-0.5719345943293974,0.1201970601601191,-0.6215705967146201,-0.9274745739175644,-0.441134321303687
20.0,83.0,1001.5507202148438,0.8244933396107021,0.1717593457825232,-2.378357160883819,-0.03115820338846,0.5201670551719506,-0.5719345943293974,0.1201970601601191,-0.6215705967146201,-0.9274745739175644,-0.441134321303687
20.0,83.0,1001.5507202148438,0.8244933387943909,0.1717593457825232,-2.378357160883819,-0.0311582155397999,0.5201670551719506,-0.5719345943293974,0.1201970601601191,-0.6215705967146201,-0.9274745739175644,-0.441134321303687
20.0,83.0,1001.5507202148438,0.8244933397326736,0.1717593457825232,-2.378357160883819,-0.0311582992510955,0.5201670551719506,-0.5719346052702933,0.1201970601601191,-0.6215705967146201,-0.9274745739175644,-0.4411343213041415
20.0,83.0,1001.5507202148438,0.8244933398274198,0.1717593457825232,-2.378357160883819,-0.0311582271188618,0.5201670551719506,-0.5719345943635564,0.1201970601601191,-0.6215705967146201,-0.9274745739175644,-0.4411343192833997
20.0,83.0,1001.5507202148438,0.8244933387808124,0.1717593457825232,-2.378357160883819,-0.0311582155397999,0.5201670551719506,-0.5719346051680902,0.1201970601601191,-0.6215705967146201,-0.9274745739175644,-0.4411343213041415
20.0,83.0,1001.5507202148438,0.8244933387808259,0.1717593457825232,-2.378357160883819,-0.0311582155397999,0.5201670551719506,-0.5719345943293974,0.1201970601601191,-0.6215705967146201,-0.9274745739175644,-0.441134321303687
20.0,83.0,1001.5507202148438,0.8244933398274198,0.1717593457825232,-2.378357160883819,-0.0311582269444753,0.5201670551719506,-0.5719345943635564,0.1201970601601191,-0.6215705967146201,-0.9274745739175644,-0.4411343712551805
20.0,83.0,1001.5507202148438,0.8244933387808124,0.1717593457825232,-2.378357160883819,-0.0311582155397999,0.5201670551719506,-0.5719346051680902,0.1201970601601191,-0.6215705967146201,-0.9274745739175644,-0.4411343686478723
20.0,83.0,1001.5507202148438,0.824493352546332,0.1717593457825232,-2.378357160883819,-0.0311582037307643,0.5201670551719506,-0.571934612891832,0.1201970601601191,-0.6215705967146201,-0.9274745739175644,-0.4411343688278865
20.0,83.0,1001.5507202148438,0.8244933387943909,0.1717593457825232,-2.378357160883819,-0.0311582155397999,0.5201670551719506,-0.5719345943293974,0.1201970601601191,-0.6215705967146201,-0.9274745739175644,-0.441134321303687
20.0,83.0,1001.5507202148438,0.824493352546332,0.1717593457825232,-2.378357160883819,-0.0311580572655029,0.5201670551719506,-0.5719345935541906,0.1201970601601191,-0.6215705967146201,-0.9274745739175644,-0.4411343722669886
20.0,83.0,1001.5507202148438,0.8244933398274198,0.1717593457825232,-2.378357160883819,-0.0311582271188618,0.5201670551719506,-0.5719345943302002,0.1201970601601191,-0.6215705967146201,-0.9274745739175644,-0.4411343192833997
20.0,83.0,1001.5507202148438,0.8244933387943909,0.1717593457825232,-2.378357160883819,-0.0311582155397999,0.5201670551719506,-0.5719345943293974,0.1201970601601191,-0.6215705967146201,-0.9274745739175644,-0.441134321303687
20.0,83.0,1001.5507202148438,0.8244933387943909,0.1717593457825232,-2.378357160883819,-0.0311582155397999,0.5201670551719506,-0.5719346052648588,0.1201970601601191,-0.6215705967146201,-0.9274745739175644,-0.4411343213041415
20.0,83.0,1001.5507202148438,0.8244933387653155,0.1717593457825232,-2.378357160883819,-0.0311582155397999,0.5201670551719506,-0.5719345943293974,0.1201970601601191,-0.6215705967146201,-0.9274745739175644,-0.441134321303689
20.0,83.0,1001.5507202148438,0.8244933399472206,0.1717593457825232,-2.378357160883819,-0.031158223900548,0.5201670551719506,-0.5719346052022153,0.1201970601601191,-0.6215705967146201,-0.9274745739175644,-0.4411343195466039
20.0,83.0,1001.5507202148438,0.8244933398274198,0.1717593457825232,-2.378357160883819,-0.0311582269444753,0.5201670551719506,-0.5719345943635564,0.1201970601601191,-0.6215705967146201,-0.9274745739175644,-0.4411343712551805
20.0,83.0,1001.5507202148438,0.8244933387899404,0.1717593457825232,-2.378357160883819,-0.0311582155397999,0.5201670551719506,-0.5719345943293974,0.1201970601601191,-0.6215705967146201,-0.9274745739175644,-0.441134321303687
20.0,83.0,1001.5507202148438,0.8244933399472206,0.1717593457825232,-2.378357160883819,-0.031158223900548,0.5201670551719506,-0.5719345943293974,0.1201970601601191,-0.6215705967146201,-0.9274745739175644,-0.4411343195466039
20.0,83.0,1001.5507202148438,0.8244933387943909,0.1717593457825232,-2.378357160883819,-0.0311582246839422,0.5201670551719506,-0.5719345943293974,0.1201970601601191,-0.6215705967146201,-0.9274745739175644,-0.441134321303687
20.0,83.0,1001.5507202148438,0.8244933398274198,0.1717593457825232,-2.378357160883819,-0.0311582271188618,0.5201670551719506,-0.5719345943635564,0.1201970601601191,-0.6215705967146201,-0.9274745739175644,-0.4411343192833997
20.0,83.0,1001.5507202148438,0.8244933387943909,0.1717593457825232,-2.378357160883819,-0.0311582155397999,0.5201670551719506,-0.5719346052648588,0.1201970601601191,-0.6215705967146201,-0.9274745739175644,-0.4411343213041415
20.0,83.0,1001.5507202148438,0.8244933387943909,0.1717593457825232,-2.378357160883819,-0.0311582155397999,0.5201670551719506,-0.5719345943293974,0.1201970601601191,-0.6215705967146201,-0.9274745739175644,-0.441134321303687
20.0,83.0,1001.5507202148438,0.8244933387943909,0.1717593457825232,-2.378357160883819,-0.0311582155397999,0.5201670551719506,-0.5719346052648588,0.1201970601601191,-0.6215705967146201,-0.9274745739175644,-0.4411343213041415
20.0,83.0,1001.5507202148438,0.8244933396679678,0.1717593457825232,-2.378357160883819,-0.031158203718344,0.5201670551719506,-0.5719345943293974,0.1201970601601191,-0.6215705967146201,-0.9274745739175644,-0.441134321303687
20.0,83.0,1001.5507202148438,0.8244933399476667,0.1717593457825232,-2.378357160883819,-0.031158214433841,0.5201670551719506,-0.5719345943293974,0.1201970601601191,-0.6215705967146201,-0.9274745739175644,-0.4411343195439165
20.0,83.0,1001.5507202148438,0.8244933522898801,0.1717593457825232,-2.378357160883819,-0.031158176888452,0.5201670551719506,-0.5719346052022153,0.1201970601601191,-0.6215705967146201,-0.9274745739175644,-0.4411343205449696
20.0,83.0,1001.5507202148438,0.8244933387808124,0.1717593457825232,-2.378357160883819,-0.0311582155397999,0.5201670551719506,-0.5719346051680902,0.1201970601601191,-0.6215705967146201,-0.9274745739175644,-0.4411343689567295
20.0,83.0,1001.5507202148438,0.8244933395696864,0.1717593457825232,-2.378357160883819,-0.0311582150441948,0.5201670551719506,-0.5719345943293974,0.1201970601601191,-0.6215705967146201,-0.9274745739175644,-0.441134321303687
20.0,83.0,1001.5507202148438,0.8244933398274198,0.1717593457825232,-2.378357160883819,-0.0311582271188618,0.5201670551719506,-0.5719345943302002,0.1201970601601191,-0.6215705967146201,-0.9274745739175644,-0.4411343192833997
20.0,83.0,1001.5507202148438,0.8244933387808124,0.1717593457825232,-2.378357160883819,-0.0311582155397999,0.5201670551719506,-0.5719346051680902,0.1201970601601191,-0.6215705967146201,-0.9274745739175644,-0.4411343686478723
20.0,83.0,1001.5507202148438,0.8244933398322074,0.1717593457825232,-2.378357160883819,-0.0311582271188618,0.5201670551719506,-0.5719345943635564,0.1201970601601191,-0.6215705967146201,-0.9274745739175644,-0.4411343192339145
20.0,83.0,1001.5507202148438,0.8244933387808135,0.1717593457825232,-2.378357160883819,-0.0311582155397999,0.5201670551719506,-0.5719346051680902,0.1201970601601191,-0.6215705967146201,-0.9274745739175644,-0.4411343689567295
20.0,83.0,1001.5507202148438,0.8244933387808124,0.1717593457825232,-2.378357160883819,-0.0311582164524755,0.5201670551719506,-0.5719346051680902,0.1201970601601191,-0.6215705967146201,-0.9274745739175644,-0.4411343716999686
20.0,83.0,1001.5507202148438,0.8244933387876041,0.1717593457825232,-2.378357160883819,-0.0311582155397999,0.5201670551719506,-0.5719345943293974,0.1201970601601191,-0.6215705967146201,-0.9274745739175644,-0.4411343213881555
20.0,83.0,1001.5507202148438,0.8244933387809238,0.1717593457825232,-2.378357160883819,-0.0311582155397999,0.5201670551719506,-0.5719346048996683,0.1201970601601191,-0.6215705967146201,-0.9274745739175644,-0.4411343738191456
20.0,83.0,1001.5507202148438,0.8244933387943909,0.1717593457825232,-2.378357160883819,-0.0311582155397999,0.5201670551719506,-0.5719346054292177,0.1201970601601191,-0.6215705967146201,-0.9274745739175644,-0.4411343721519831
20.0,84.0,1001.5506591796876,0.8244933523488258,0.1717593457825232,-2.378357160883819,-0.0311580534525075,0.5201670551719506,-0.5719346051680902,0.1201970601601191,-0.6215705967146201,-0.9274745739175644,-0.4411343723097837
20.0,84.0,1001.5506591796876,0.824493352090662,0.1717593457825232,-2.378357160883819,-0.0311580534525075,0.5201670551719506,-0.5719346051680902,0.1201970601601191,-0.6215705967146201,-0.9274745739175644,-0.4411343723097837
20.0,84.0,1001.5506591796876,0.8244933523488258,0.1717593457825232,-2.378357160883819,-0.0311580534525075,0.5201670551719506,-0.5719345942146142,0.1201970601601191,-0.6215705967146201,-0.9274745739175644,-0.4411343758792872
20.0,84.0,1001.5506591796876,0.8244933522893626,0.1717593457825232,-2.378357160883819,-0.0311580534525075,0.5201670551719506,-0.5719346051680902,0.1201970601601191,-0.6215705967146201,-0.9274745739175644,-0.4411343723097837
20.0,84.0,1001.5506591796876,0.8244933386213625,0.1717593457825232,-2.378357160883819,-0.0311580534525075,0.5201670551719506,-0.5719346051680902,0.1201970601601191,-0.6215705967146201,-0.9274745739175644,-0.4411343723097837
20.0,84.0,1001.5506591796876,0.824493352090662,0.1717593457825232,-2.378357160883819,-0.0311580534525075,0.5201670551719506,-0.5719346053232678,0.1201970601601191,-0.6215705967146201,-0.9274745739175644,-0.4411343709629802
20.0,84.0,1001.5506591796876,0.8244933387943909,0.1717593457825232,-2.378357160883819,-0.0311580523175117,0.5201670551719506,-0.5719345943333561,0.1201970601601191,-0.6215705967146201,-0.9274745739175644,-0.4411343783384461
20.0,84.0,1001.5506591796876,0.8244933528054464,0.1717593457825232,-2.378357160883819,-0.0311580534525075,0.5201670551719506,-0.5719346051680902,0.1201970601601191,-0.6215705967146201,-0.9274745739175644,-0.4411343723097837
20.0,84.0,1001.5507202148438,0.8244933387943909,0.1717593457825232,-2.378357160883819,-0.0311582155397999,0.5201670551719506,-0.5719345943293974,0.1201970601601191,-0.6215705967146201,-0.9274745739175644,-0.441134321303687
20.0,84.0,1001.5507202148438,0.8244933387808259,0.1717593457825232,-2.378357160883819,-0.0311582155397999,0.5201670551719506,-0.5719345943293974,0.1201970601601191,-0.6215705967146201,-0.9274745739175644,-0.441134321303687
20.0,84.0,1001.5507202148438,0.8244933387808259,0.1717593457825232,-2.378357160883819,-0.0311582155397999,0.5201670551719506,-0.5719345943293974,0.1201970601601191,-0.6215705967146201,-0.9274745739175644,-0.441134321303687
20.0,84.0,1001.5507202148438,0.8244933387943909,0.1717593457825232,-2.378357160883819,-0.0311582155397999,0.5201670551719506,-0.5719345943293974,0.1201970601601191,-0.6215705967146201,-0.9274745739175644,-0.441134321303687
20.0,84.0,1001.5507202148438,0.8244933387943909,0.1717593457825232,-2.378357160883819,-0.0311582155397999,0.5201670551719506,-0.5719345943293974,0.1201970601601191,-0.6215705967146201,-0.9274745739175644,-0.441134321303687
20.0,84.0,1001.5507202148438,0.8244933387943909,0.1717593457825232,-2.378357160883819,-0.0311582155397999,0.5201670551719506,-0.5719346052648588,0.1201970601601191,-0.6215705967146201,-0.9274745739175644,-0.4411343213041415
20.0,84.0,1001.5507202148438,0.8244933387943909,0.1717593457825232,-2.378357160883819,-0.0311582155397999,0.5201670551719506,-0.5719345943293974,0.1201970601601191,-0.6215705967146201,-0.9274745739175644,-0.441134321303687
20.0,84.0,1001.5507202148438,0.8244933399472206,0.1717593457825232,-2.378357160883819,-0.031158223900548,0.5201670551719506,-0.5719345943293974,0.1201970601601191,-0.6215705967146201,-0.9274745739175644,-0.4411343195466039
20.0,84.0,1001.5507202148438,0.8244933396679678,0.1717593457825232,-2.378357160883819,-0.03115820338846,0.5201670551719506,-0.5719345943293974,0.1201970601601191,-0.6215705967146201,-0.9274745739175644,-0.441134321303687
20.0,84.0,1001.5507202148438,0.8244933396107021,0.1717593457825232,-2.378357160883819,-0.03115820338846,0.5201670551719506,-0.5719345943293974,0.1201970601601191,-0.6215705967146201,-0.9274745739175644,-0.441134321303687
20.0,84.0,1001.5507202148438,0.8244933387943909,0.1717593457825232,-2.378357160883819,-0.0311582155397999,0.5201670551719506,-0.5719345943293974,0.1201970601601191,-0.6215705967146201,-0.9274745739175644,-0.441134321303687
20.0,84.0,1001.5507202148438,0.8244933397326736,0.1717593457825232,-2.378357160883819,-0.0311582992510955,0.5201670551719506,-0.5719346052702933,0.1201970601601191,-0.6215705967146201,-0.9274745739175644,-0.4411343213041415
20.0,84.0,1001.5507202148438,0.8244933398274198,0.1717593457825232,-2.378357160883819,-0.0311582271188618,0.5201670551719506,-0.5719345943635564,0.1201970601601191,-0.6215705967146201,-0.9274745739175644,-0.4411343192833997
20.0,84.0,1001.5507202148438,0.8244933387808124,0.1717593457825232,-2.378357160883819,-0.0311582155397999,0.5201670551719506,-0.5719346051680902,0.1201970601601191,-0.6215705967146201,-0.9274745739175644,-0.4411343213041415
20.0,84.0,1001.5507202148438,0.8244933387808259,0.1717593457825232,-2.378357160883819,-0.0311582155397999,0.5201670551719506,-0.5719345943293974,0.1201970601601191,-0.6215705967146201,-0.9274745739175644,-0.441134321303687
20.0,84.0,1001.5507202148438,0.8244933398274198,0.1717593457825232,-2.378357160883819,-0.0311582269444753,0.5201670551719506,-0.5719345943635564,0.1201970601601191,-0.6215705967146201,-0.9274745739175644,-0.4411343712551805
20.0,84.0,1001.5507202148438,0.8244933387808124,0.1717593457825232,-2.378357160883819,-0.0311582155397999,0.5201670551719506,-0.5719346051680902,0.1201970601601191,-0.6215705967146201,-0.9274745739175644,-0.4411343686478723
20.0,84.0,1001.5507202148438,0.824493352546332,0.1717593457825232,-2.378357160883819,-0.0311582037307643,0.5201670551719506,-0.571934612891832,0.1201970601601191,-0.6215705967146201,-0.9274745739175644,-0.4411343688278865
20.0,84.0,1001.5507202148438,0.8244933387943909,0.1717593457825232,-2.378357160883819,-0.0311582155397999,0.5201670551719506,-0.5719345943293974,0.1201970601601191,-0.6215705967146201,-0.9274745739175644,-0.441134321303687
20.0,84.0,1001.5507202148438,0.824493352546332,0.1717593457825232,-2.378357160883819,-0.0311580572655029,0.5201670551719506,-0.5719345935541906,0.1201970601601191,-0.6215705967146201,-0.9274745739175644,-0.4411343722669886
20.0,84.0,1001.5507202148438,0.8244933398274198,0.1717593457825232,-2.378357160883819,-0.0311582271188618,0.5201670551719506,-0.5719345943302002,0.1201970601601191,-0.6215705967146201,-0.9274745739175644,-0.4411343192833997
20.0,84.0,1001.5507202148438,0.8244933387943909,0.1717593457825232,-2.378357160883819,-0.0311582155397999,0.5201670551719506,-0.5719345943293974,0.1201970601601191,-0.6215705967146201,-0.9274745739175644,-0.441134321303687
20.0,84.0,1001.5507202148438,0.8244933387943909,0.1717593457825232,-2.378357160883819,-0.0311582155397999,0.5201670551719506,-0.5719346052648588,0.1201970601601191,-0.6215705967146201,-0.9274745739175644,-0.4411343213041415
20.0,84.0,1001.5507202148438,0.8244933387653155,0.1717593457825232,-2.378357160883819,-0.0311582155397999,0.5201670551719506,-0.5719345943293974,0.1201970601601191,-0.6215705967146201,-0.9274745739175644,-0.441134321303689
20.0,84.0,1001.5507202148438,0.8244933399472206,0.1717593457825232,-2.378357160883819,-0.031158223900548,0.5201670551719506,-0.5719346052022153,0.1201970601601191,-0.6215705967146201,-0.9274745739175644,-0.4411343195466039
20.0,84.0,1001.5507202148438,0.8244933398274198,0.1717593457825232,-2.378357160883819,-0.0311582269444753,0.5201670551719506,-0.5719345943635564,0.1201970601601191,-0.6215705967146201,-0.9274745739175644,-0.4411343712551805
20.0,84.0,1001.5507202148438,0.8244933387899404,0.1717593457825232,-2.378357160883819,-0.0311582155397999,0.5201670551719506,-0.5719345943293974,0.1201970601601191,-0.6215705967146201,-0.9274745739175644,-0.441134321303687
20.0,84.0,1001.5507202148438,0.8244933399472206,0.1717593457825232,-2.378357160883819,-0.031158223900548,0.5201670551719506,-0.5719345943293974,0.1201970601601191,-0.6215705967146201,-0.9274745739175644,-0.4411343195466039
20.0,84.0,1001.5507202148438,0.8244933387943909,0.1717593457825232,-2.378357160883819,-0.0311582246839422,0.5201670551719506,-0.5719345943293974,0.1201970601601191,-0.6215705967146201,-0.9274745739175644,-0.441134321303687
20.0,84.0,1001.5507202148438,0.8244933398274198,0.1717593457825232,-2.378357160883819,-0.0311582271188618,0.5201670551719506,-0.5719345943635564,0.1201970601601191,-0.6215705967146201,-0.9274745739175644,-0.4411343192833997
20.0,84.0,1001.5507202148438,0.8244933387943909,0.1717593457825232,-2.378357160883819,-0.0311582155397999,0.5201670551719506,-0.5719346052648588,0.1201970601601191,-0.6215705967146201,-0.9274745739175644,-0.4411343213041415
20.0,84.0,1001.5507202148438,0.8244933387943909,0.1717593457825232,-2.378357160883819,-0.0311582155397999,0.5201670551719506,-0.5719345943293974,0.1201970601601191,-0.6215705967146201,-0.9274745739175644,-0.441134321303687
20.0,84.0,1001.5507202148438,0.8244933387943909,0.1717593457825232,-2.378357160883819,-0.0311582155397999,0.5201670551719506,-0.5719346052648588,0.1201970601601191,-0.6215705967146201,-0.9274745739175644,-0.4411343213041415
20.0,84.0,1001.5507202148438,0.8244933396679678,0.1717593457825232,-2.378357160883819,-0.031158203718344,0.5201670551719506,-0.5719345943293974,0.1201970601601191,-0.6215705967146201,-0.9274745739175644,-0.441134321303687
20.0,84.0,1001.5507202148438,0.8244933399476667,0.1717593457825232,-2.378357160883819,-0.031158214433841,0.5201670551719506,-0.5719345943293974,0.1201970601601191,-0.6215705967146201,-0.9274745739175644,-0.4411343195439165
20.0,84.0,1001.5507202148438,0.8244933522898801,0.1717593457825232,-2.378357160883819,-0.031158176888452,0.5201670551719506,-0.5719346052022153,0.1201970601601191,-0.6215705967146201,-0.9274745739175644,-0.4411343205449696
20.0,84.0,1001.5507202148438,0.8244933387808124,0.1717593457825232,-2.378357160883819,-0.0311582155397999,0.5201670551719506,-0.5719346051680902,0.1201970601601191,-0.6215705967146201,-0.9274745739175644,-0.4411343689567295
20.0,84.0,1001.5507202148438,0.8244933395696864,0.1717593457825232,-2.378357160883819,-0.0311582150441948,0.5201670551719506,-0.5719345943293974,0.1201970601601191,-0.6215705967146201,-0.9274745739175644,-0.441134321303687
20.0,84.0,1001.5507202148438,0.8244933398274198,0.1717593457825232,-2.378357160883819,-0.0311582271188618,0.5201670551719506,-0.5719345943302002,0.1201970601601191,-0.6215705967146201,-0.9274745739175644,-0.4411343192833997
20.0,84.0,1001.5507202148438,0.8244933387808124,0.1717593457825232,-2.378357160883819,-0.0311582155397999,0.5201670551719506,-0.5719346051680902,0.1201970601601191,-0.6215705967146201,-0.9274745739175644,-0.4411343686478723
20.0,84.0,1001.5507202148438,0.8244933398322074,0.1717593457825232,-2.378357160883819,-0.0311582271188618,0.5201670551719506,-0.5719345943635564,0.1201970601601191,-0.6215705967146201,-0.9274745739175644,-0.4411343192339145
20.0,84.0,1001.5507202148438,0.8244933387808135,0.1717593457825232,-2.378357160883819,-0.0311582155397999,0.5201670551719506,-0.5719346051680902,0.1201970601601191,-0.6215705967146201,-0.9274745739175644,-0.4411343689567295
20.0,85.0,1001.5506591796876,0.8244933523488258,0.1717593457825232,-2.378357160883819,-0.0311580534525075,0.5201670551719506,-0.5719346051680902,0.1201970601601191,-0.6215705967146201,-0.9274745739175644,-0.4411343723097837
20.0,85.0,1001.5506591796876,0.824493352090662,0.1717593457825232,-2.378357160883819,-0.0311580534525075,0.5201670551719506,-0.5719346051680902,0.1201970601601191,-0.6215705967146201,-0.9274745739175644,-0.4411343723097837
20.0,85.0,1001.5506591796876,0.8244933523488258,0.1717593457825232,-2.378357160883819,-0.0311580534525075,0.5201670551719506,-0.5719345942146142,0.1201970601601191,-0.6215705967146201,-0.9274745739175644,-0.4411343758792872
20.0,85.0,1001.5506591796876,0.8244933522893626,0.1717593457825232,-2.378357160883819,-0.0311580534525075,0.5201670551719506,-0.5719346051680902,0.1201970601601191,-0.6215705967146201,-0.9274745739175644,-0.4411343723097837
20.0,85.0,1001.5506591796876,0.8244933386213625,0.1717593457825232,-2.378357160883819,-0.0311580534525075,0.5201670551719506,-0.5719346051680902,0.1201970601601191,-0.6215705967146201,-0.9274745739175644,-0.4411343723097837
20.0,85.0,1001.5506591796876,0.824493352090662,0.1717593457825232,-2.378357160883819,-0.0311580534525075,0.5201670551719506,-0.5719346053232678,0.1201970601601191,-0.6215705967146201,-0.9274745739175644,-0.4411343709629802
20.0,85.0,1001.5506591796876,0.8244933387943909,0.1717593457825232,-2.378357160883819,-0.0311580523175117,0.5201670551719506,-0.5719345943333561,0.1201970601601191,-0.6215705967146201,-0.9274745739175644,-0.4411343783384461
20.0,85.0,1001.5506591796876,0.8244933528054464,0.1717593457825232,-2.378357160883819,-0.0311580534525075,0.5201670551719506,-0.5719346051680902,0.1201970601601191,-0.6215705967146201,-0.9274745739175644,-0.4411343723097837
20.0,85.0,1001.5506591796876,0.8244933387041866,0.1717593457825232,-2.378357160883819,-0.0311580534439985,0.5201670551719506,-0.5719345943333561,0.1201970601601191,-0.6215705967146201,-0.9274745739175644,-0.4411343788024437
20.0,85.0,1001.5506591796876,0.8244933522893626,0.1717593457825232,-2.378357160883819,-0.0311580430857361,0.5201670551719506,-0.5719345939749669,0.1201970601601191,-0.6215705967146201,-0.9274745739175644,-0.4411343717026852
20.0,85.0,1001.5506591796876,0.8244933386213625,0.1717593457825232,-2.378357160883819,-0.0311580534525075,0.5201670551719506,-0.5719346051680902,0.1201970601601191,-0.6215705967146201,-0.9274745739175644,-0.4411343723097837
20.0,85.0,1001.5506591796876,0.8244933387943909,0.1717593457825232,-2.378357160883819,-0.0311580523175117,0.5201670551719506,-0.571934605550359,0.1201970601601191,-0.6215705967146201,-0.9274745739175644,-0.4411343783384461
20.0,85.0,1001.5506591796876,0.8244933526016286,0.1717593457825232,-2.378357160883819,-0.0311580530584091,0.5201670551719506,-0.5719346051680902,0.1201970601601191,-0.6215705967146201,-0.9274745739175644,-0.4411343219579379
20.0,85.0,1001.5506591796876,0.8244933387808259,0.1717593457825232,-2.378357160883819,-0.0311580538843447,0.5201670551719506,-0.5719345950328779,0.1201970601601191,-0.6215705967146201,-0.9274745739175644,-0.441134321303687
20.0,85.0,1001.5507202148438,0.8244933387943909,0.1717593457825232,-2.378357160883819,-0.0311582155397999,0.5201670551719506,-0.5719345943293974,0.1201970601601191,-0.6215705967146201,-0.9274745739175644,-0.441134321303687
20.0,85.0,1001.5507202148438,0.8244933387808259,0.1717593457825232,-2.378357160883819,-0.0311582155397999,0.5201670551719506,-0.5719345943293974,0.1201970601601191,-0.6215705967146201,-0.9274745739175644,-0.441134321303687
20.0,85.0,1001.5507202148438,0.8244933387808259,0.1717593457825232,-2.378357160883819,-0.0311582155397999,0.5201670551719506,-0.5719345943293974,0.1201970601601191,-0.6215705967146201,-0.9274745739175644,-0.441134321303687
20.0,85.0,1001.5507202148438,0.8244933387943909,0.1717593457825232,-2.378357160883819,-0.0311582155397999,0.5201670551719506,-0.5719345943293974,0.1201970601601191,-0.6215705967146201,-0.9274745739175644,-0.441134321303687
20.0,85.0,1001.5507202148438,0.8244933387943909,0.1717593457825232,-2.378357160883819,-0.0311582155397999,0.5201670551719506,-0.5719345943293974,0.1201970601601191,-0.6215705967146201,-0.9274745739175644,-0.441134321303687
20.0,85.0,1001.5507202148438,0.8244933387943909,0.1717593457825232,-2.378357160883819,-0.0311582155397999,0.5201670551719506,-0.5719346052648588,0.1201970601601191,-0.6215705967146201,-0.9274745739175644,-0.4411343213041415
20.0,85.0,1001.5507202148438,0.8244933387943909,0.1717593457825232,-2.378357160883819,-0.0311582155397999,0.5201670551719506,-0.5719345943293974,0.1201970601601191,-0.6215705967146201,-0.9274745739175644,-0.441134321303687
20.0,85.0,1001.5507202148438,0.8244933399472206,0.1717593457825232,-2.378357160883819,-0.031158223900548,0.5201670551719506,-0.5719345943293974,0.1201970601601191,-0.6215705967146201,-0.9274745739175644,-0.4411343195466039
20.0,85.0,1001.5507202148438,0.8244933396679678,0.1717593457825232,-2.378357160883819,-0.03115820338846,0.5201670551719506,-0.5719345943293974,0.1201970601601191,-0.6215705967146201,-0.9274745739175644,-0.441134321303687
20.0,85.0,1001.5507202148438,0.8244933396107021,0.1717593457825232,-2.378357160883819,-0.03115820338846,0.5201670551719506,-0.5719345943293974,0.1201970601601191,-0.6215705967146201,-0.9274745739175644,-0.441134321303687
20.0,85.0,1001.5507202148438,0.8244933387943909,0.1717593457825232,-2.378357160883819,-0.0311582155397999,0.5201670551719506,-0.5719345943293974,0.1201970601601191,-0.6215705967146201,-0.9274745739175644,-0.441134321303687
20.0,85.0,1001.5507202148438,0.8244933397326736,0.1717593457825232,-2.378357160883819,-0.0311582992510955,0.5201670551719506,-0.5719346052702933,0.1201970601601191,-0.6215705967146201,-0.9274745739175644,-0.4411343213041415
20.0,85.0,1001.5507202148438,0.8244933398274198,0.1717593457825232,-2.378357160883819,-0.0311582271188618,0.5201670551719506,-0.5719345943635564,0.1201970601601191,-0.6215705967146201,-0.9274745739175644,-0.4411343192833997
20.0,85.0,1001.5507202148438,0.8244933387808124,0.1717593457825232,-2.378357160883819,-0.0311582155397999,0.5201670551719506,-0.5719346051680902,0.1201970601601191,-0.6215705967146201,-0.9274745739175644,-0.4411343213041415
20.0,85.0,1001.5507202148438,0.8244933387808259,0.1717593457825232,-2.378357160883819,-0.0311582155397999,0.5201670551719506,-0.5719345943293974,0.1201970601601191,-0.6215705967146201,-0.9274745739175644,-0.441134321303687
20.0,85.0,1001.5507202148438,0.8244933398274198,0.1717593457825232,-2.378357160883819,-0.0311582269444753,0.5201670551719506,-0.5719345943635564,0.1201970601601191,-0.6215705967146201,-0.9274745739175644,-0.4411343712551805
20.0,85.0,1001.5507202148438,0.8244933387808124,0.1717593457825232,-2.378357160883819,-0.0311582155397999,0.5201670551719506,-0.5719346051680902,0.1201970601601191,-0.6215705967146201,-0.9274745739175644,-0.4411343686478723
20.0,85.0,1001.5507202148438,0.824493352546332,0.1717593457825232,-2.378357160883819,-0.0311582037307643,0.5201670551719506,-0.571934612891832,0.1201970601601191,-0.6215705967146201,-0.9274745739175644,-0.4411343688278865
20.0,85.0,1001.5507202148438,0.8244933387943909,0.1717593457825232,-2.378357160883819,-0.0311582155397999,0.5201670551719506,-0.5719345943293974,0.1201970601601191,-0.6215705967146201,-0.9274745739175644,-0.441134321303687
20.0,85.0,1001.5507202148438,0.824493352546332,0.1717593457825232,-2.378357160883819,-0.0311580572655029,0.5201670551719506,-0.5719345935541906,0.1201970601601191,-0.6215705967146201,-0.9274745739175644,-0.4411343722669886
20.0,85.0,1001.5507202148438,0.8244933398274198,0.1717593457825232,-2.378357160883819,-0.0311582271188618,0.5201670551719506,-0.5719345943302002,0.1201970601601191,-0.6215705967146201,-0.9274745739175644,-0.4411343192833997
20.0,85.0,1001.5507202148438,0.8244933387943909,0.1717593457825232,-2.378357160883819,-0.0311582155397999,0.5201670551719506,-0.5719345943293974,0.1201970601601191,-0.6215705967146201,-0.9274745739175644,-0.441134321303687
20.0,85.0,1001.5507202148438,0.8244933387943909,0.1717593457825232,-2.378357160883819,-0.0311582155397999,0.5201670551719506,-0.5719346052648588,0.1201970601601191,-0.6215705967146201,-0.9274745739175644,-0.4411343213041415
20.0,85.0,1001.5507202148438,0.8244933387653155,0.1717593457825232,-2.378357160883819,-0.0311582155397999,0.5201670551719506,-0.5719345943293974,0.1201970601601191,-0.6215705967146201,-0.9274745739175644,-0.441134321303689
20.0,85.0,1001.5507202148438,0.8244933399472206,0.1717593457825232,-2.378357160883819,-0.031158223900548,0.5201670551719506,-0.5719346052022153,0.1201970601601191,-0.6215705967146201,-0.9274745739175644,-0.4411343195466039
20.0,85.0,1001.5507202148438,0.8244933398274198,0.1717593457825232,-2.378357160883819,-0.0311582269444753,0.5201670551719506,-0.5719345943635564,0.1201970601601191,-0.6215705967146201,-0.9274745739175644,-0.4411343712551805
20.0,85.0,1001.5507202148438,0.8244933387899404,0.1717593457825232,-2.378357160883819,-0.0311582155397999,0.5201670551719506,-0.5719345943293974,0.1201970601601191,-0.6215705967146201,-0.9274745739175644,-0.441134321303687
20.0,85.0,1001.5507202148438,0.8244933399472206,0.1717593457825232,-2.378357160883819,-0.031158223900548,0.5201670551719506,-0.5719345943293974,0.1201970601601191,-0.6215705967146201,-0.9274745739175644,-0.4411343195466039
20.0,85.0,1001.5507202148438,0.8244933387943909,0.1717593457825232,-2.378357160883819,-0.0311582246839422,0.5201670551719506,-0.5719345943293974,0.1201970601601191,-0.6215705967146201,-0.9274745739175644,-0.441134321303687
20.0,85.0,1001.5507202148438,0.8244933398274198,0.1717593457825232,-2.378357160883819,-0.0311582271188618,0.5201670551719506,-0.5719345943635564,0.1201970601601191,-0.6215705967146201,-0.9274745739175644,-0.4411343192833997
20.0,85.0,1001.5507202148438,0.8244933387943909,0.1717593457825232,-2.378357160883819,-0.0311582155397999,0.5201670551719506,-0.5719346052648588,0.1201970601601191,-0.6215705967146201,-0.9274745739175644,-0.4411343213041415
20.0,85.0,1001.5507202148438,0.8244933387943909,0.1717593457825232,-2.378357160883819,-0.0311582155397999,0.5201670551719506,-0.5719345943293974,0.1201970601601191,-0.6215705967146201,-0.9274745739175644,-0.441134321303687
20.0,85.0,1001.5507202148438,0.8244933387943909,0.1717593457825232,-2.378357160883819,-0.0311582155397999,0.5201670551719506,-0.5719346052648588,0.1201970601601191,-0.6215705967146201,-0.9274745739175644,-0.4411343213041415
20.0,85.0,1001.5507202148438,0.8244933396679678,0.1717593457825232,-2.378357160883819,-0.031158203718344,0.5201670551719506,-0.5719345943293974,0.1201970601601191,-0.6215705967146201,-0.9274745739175644,-0.441134321303687
20.0,85.0,1001.5507202148438,0.8244933399476667,0.1717593457825232,-2.378357160883819,-0.031158214433841,0.5201670551719506,-0.5719345943293974,0.1201970601601191,-0.6215705967146201,-0.9274745739175644,-0.4411343195439165
20.0,85.0,1001.5507202148438,0.8244933522898801,0.1717593457825232,-2.378357160883819,-0.031158176888452,0.5201670551719506,-0.5719346052022153,0.1201970601601191,-0.6215705967146201,-0.9274745739175644,-0.4411343205449696
20.0,86.0,1001.5506591796876,0.8244933523488258,0.1717593457825232,-2.378357160883819,-0.0311580534525075,0.5201670551719506,-0.5719346051680902,0.1201970601601191,-0.6215705967146201,-0.9274745739175644,-0.4411343723097837
20.0,86.0,1001.5506591796876,0.824493352090662,0.1717593457825232,-2.378357160883819,-0.0311580534525075,0.5201670551719506,-0.5719346051680902,0.1201970601601191,-0.6215705967146201,-0.9274745739175644,-0.4411343723097837
20.0,86.0,1001.5506591796876,0.8244933523488258,0.1717593457825232,-2.378357160883819,-0.0311580534525075,0.5201670551719506,-0.5719345942146142,0.1201970601601191,-0.6215705967146201,-0.9274745739175644,-0.4411343758792872
20.0,86.0,1001.5506591796876,0.8244933522893626,0.1717593457825232,-2.378357160883819,-0.0311580534525075,0.5201670551719506,-0.5719346051680902,0.1201970601601191,-0.6215705967146201,-0.9274745739175644,-0.4411343723097837
20.0,86.0,1001.5506591796876,0.8244933386213625,0.1717593457825232,-2.378357160883819,-0.0311580534525075,0.5201670551719506,-0.5719346051680902,0.1201970601601191,-0.6215705967146201,-0.9274745739175644,-0.4411343723097837
20.0,86.0,1001.5506591796876,0.824493352090662,0.1717593457825232,-2.378357160883819,-0.0311580534525075,0.5201670551719506,-0.5719346053232678,0.1201970601601191,-0.6215705967146201,-0.9274745739175644,-0.4411343709629802
20.0,86.0,1001.5506591796876,0.8244933387943909,0.1717593457825232,-2.378357160883819,-0.0311580523175117,0.5201670551719506,-0.5719345943333561,0.1201970601601191,-0.6215705967146201,-0.9274745739175644,-0.4411343783384461
20.0,86.0,1001.5506591796876,0.8244933528054464,0.1717593457825232,-2.378357160883819,-0.0311580534525075,0.5201670551719506,-0.5719346051680902,0.1201970601601191,-0.6215705967146201,-0.9274745739175644,-0.4411343723097837
20.0,86.0,1001.5506591796876,0.8244933387041866,0.1717593457825232,-2.378357160883819,-0.0311580534439985,0.5201670551719506,-0.5719345943333561,0.1201970601601191,-0.6215705967146201,-0.9274745739175644,-0.4411343788024437
20.0,86.0,1001.5506591796876,0.8244933522893626,0.1717593457825232,-2.378357160883819,-0.0311580430857361,0.5201670551719506,-0.5719345939749669,0.1201970601601191,-0.6215705967146201,-0.9274745739175644,-0.4411343717026852
20.0,86.0,1001.5506591796876,0.8244933386213625,0.1717593457825232,-2.378357160883819,-0.0311580534525075,0.5201670551719506,-0.5719346051680902,0.1201970601601191,-0.6215705967146201,-0.9274745739175644,-0.4411343723097837
20.0,86.0,1001.5506591796876,0.8244933387943909,0.1717593457825232,-2.378357160883819,-0.0311580523175117,0.5201670551719506,-0.571934605550359,0.1201970601601191,-0.6215705967146201,-0.9274745739175644,-0.4411343783384461
20.0,86.0,1001.5506591796876,0.8244933526016286,0.1717593457825232,-2.378357160883819,-0.0311580530584091,0.5201670551719506,-0.5719346051680902,0.1201970601601191,-0.6215705967146201,-0.9274745739175644,-0.4411343219579379
20.0,86.0,1001.5506591796876,0.8244933387808259,0.1717593457825232,-2.378357160883819,-0.0311580538843447,0.5201670551719506,-0.5719345950328779,0.1201970601601191,-0.6215705967146201,-0.9274745739175644,-0.441134321303687
20.0,86.0,1001.5506591796876,0.8244933396765536,0.1717593457825232,-2.378357160883819,-0.0311580538843447,0.5201670551719506,-0.571934595042048,0.1201970601601191,-0.6215705967146201,-0.9274745739175644,-0.441134321303687
20.0,86.0,1001.5506591796876,0.8244933391240533,0.1717593457825232,-2.378357160883819,-0.0311580534525075,0.5201670551719506,-0.5719346052965096,0.1201970601601191,-0.6215705967146201,-0.9274745739175644,-0.4411343723097837
20.0,86.0,1001.5506591796876,0.8244933386200441,0.1717593457825232,-2.378357160883819,-0.0311580527488536,0.5201670551719506,-0.5719346052005528,0.1201970601601191,-0.6215705967146201,-0.9274745739175644,-0.4411343193236358
20.0,86.0,1001.5506591796876,0.824493352090662,0.1717593457825232,-2.378357160883819,-0.0311580524038381,0.5201670551719506,-0.5719346053232678,0.1201970601601191,-0.6215705967146201,-0.9274745739175644,-0.4411343782838919
20.0,86.0,1001.5506591796876,0.8244933387808259,0.1717593457825232,-2.378357160883819,-0.0311580538843447,0.5201670551719506,-0.5719345938336142,0.1201970601601191,-0.6215705967146201,-0.9274745739175644,-0.441134321303687
20.0,86.0,1001.5506591796876,0.8244933399472206,0.1717593457825232,-2.378357160883819,-0.0311580541222473,0.5201670551719506,-0.5719345943293974,0.1201970601601191,-0.6215705967146201,-0.9274745739175644,-0.4411343123767325
20.0,86.0,1001.5506591796876,0.8244933525661774,0.1717593457825232,-2.378357160883819,-0.0311580423686572,0.5201670551719506,-0.5719345939749669,0.1201970601601191,-0.6215705967146201,-0.9274745739175644,-0.4411343717026852
20.0,86.0,1001.5506591796876,0.8244933526016286,0.1717593457825232,-2.378357160883819,-0.0311580530584091,0.5201670551719506,-0.5719346051680902,0.1201970601601191,-0.6215705967146201,-0.9274745739175644,-0.4411343219579379
20.0,86.0,1001.5506591796876,0.824493352090662,0.1717593457825232,-2.378357160883819,-0.0311580534525075,0.5201670551719506,-0.5719346051680902,0.1201970601601191,-0.6215705967146201,-0.9274745739175644,-0.4411343723097837
20.0,86.0,1001.5506591796876,0.8244933528054464,0.1717593457825232,-2.378357160883819,-0.0311580534525075,0.5201670551719506,-0.5719346048987726,0.1201970601601191,-0.6215705967146201,-0.9274745739175644,-0.4411343723097837
20.0,86.0,1001.5506591796876,0.8244933387943909,0.1717593457825232,-2.378357160883819,-0.0311580529691009,0.5201670551719506,-0.5719345943294843,0.1201970601601191,-0.6215705967146201,-0.9274745739175644,-0.441134321303687
20.0,86.0,1001.5507202148438,0.8244933387943909,0.1717593457825232,-2.378357160883819,-0.0311582155397999,0.5201670551719506,-0.5719345943293974,0.1201970601601191,-0.6215705967146201,-0.9274745739175644,-0.441134321303687
20.0,86.0,1001.5507202148438,0.8244933387808259,0.1717593457825232,-2.378357160883819,-0.0311582155397999,0.5201670551719506,-0.5719345943293974,0.1201970601601191,-0.6215705967146201,-0.9274745739175644,-0.441134321303687
20.0,86.0,1001.5507202148438,0.8244933387808259,0.1717593457825232,-2.378357160883819,-0.0311582155397999,0.5201670551719506,-0.5719345943293974,0.1201970601601191,-0.6215705967146201,-0.9274745739175644,-0.441134321303687
20.0,86.0,1001.5507202148438,0.8244933387943909,0.1717593457825232,-2.378357160883819,-0.0311582155397999,0.5201670551719506,-0.5719345943293974,0.1201970601601191,-0.6215705967146201,-0.9274745739175644,-0.441134321303687
20.0,86.0,1001.5507202148438,0.8244933387943909,0.1717593457825232,-2.378357160883819,-0.0311582155397999,0.5201670551719506,-0.5719345943293974,0.1201970601601191,-0.6215705967146201,-0.9274745739175644,-0.441134321303687
20.0,86.0,1001.5507202148438,0.8244933387943909,0.1717593457825232,-2.378357160883819,-0.0311582155397999,0.5201670551719506,-0.5719346052648588,0.1201970601601191,-0.6215705967146201,-0.9274745739175644,-0.4411343213041415
20.0,86.0,1001.5507202148438,0.8244933387943909,0.1717593457825232,-2.378357160883819,-0.0311582155397999,0.5201670551719506,-0.5719345943293974,0.1201970601601191,-0.6215705967146201,-0.9274745739175644,-0.441134321303687
20.0,86.0,1001.5507202148438,0.8244933399472206,0.1717593457825232,-2.378357160883819,-0.031158223900548,0.5201670551719506,-0.5719345943293974,0.1201970601601191,-0.6215705967146201,-0.9274745739175644,-0.4411343195466039
20.0,86.0,1001.5507202148438,0.8244933396679678,0.1717593457825232,-2.378357160883819,-0.03115820338846,0.5201670551719506,-0.5719345943293974,0.1201970601601191,-0.6215705967146201,-0.9274745739175644,-0.441134321303687
20.0,86.0,1001.5507202148438,0.8244933396107021,0.1717593457825232,-2.378357160883819,-0.03115820338846,0.5201670551719506,-0.5719345943293974,0.1201970601601191,-0.6215705967146201,-0.9274745739175644,-0.441134321303687
20.0,86.0,1001.5507202148438,0.8244933387943909,0.1717593457825232,-2.378357160883819,-0.0311582155397999,0.5201670551719506,-0.5719345943293974,0.1201970601601191,-0.6215705967146201,-0.9274745739175644,-0.441134321303687
20.0,86.0,1001.5507202148438,0.8244933397326736,0.1717593457825232,-2.378357160883819,-0.0311582992510955,0.5201670551719506,-0.5719346052702933,0.1201970601601191,-0.6215705967146201,-0.9274745739175644,-0.4411343213041415
20.0,86.0,1001.5507202148438,0.8244933398274198,0.1717593457825232,-2.378357160883819,-0.0311582271188618,0.5201670551719506,-0.5719345943635564,0.1201970601601191,-0.6215705967146201,-0.9274745739175644,-0.4411343192833997
20.0,86.0,1001.5507202148438,0.8244933387808124,0.1717593457825232,-2.378357160883819,-0.0311582155397999,0.5201670551719506,-0.5719346051680902,0.1201970601601191,-0.6215705967146201,-0.9274745739175644,-0.4411343213041415
20.0,86.0,1001.5507202148438,0.8244933387808259,0.1717593457825232,-2.378357160883819,-0.0311582155397999,0.5201670551719506,-0.5719345943293974,0.1201970601601191,-0.6215705967146201,-0.9274745739175644,-0.441134321303687
20.0,86.0,1001.5507202148438,0.8244933398274198,0.1717593457825232,-2.378357160883819,-0.0311582269444753,0.5201670551719506,-0.5719345943635564,0.1201970601601191,-0.6215705967146201,-0.9274745739175644,-0.4411343712551805
20.0,86.0,1001.5507202148438,0.8244933387808124,0.1717593457825232,-2.378357160883819,-0.0311582155397999,0.5201670551719506,-0.5719346051680902,0.1201970601601191,-0.6215705967146201,-0.9274745739175644,-0.4411343686478723
20.0,86.0,1001.5507202148438,0.824493352546332,0.1717593457825232,-2.378357160883819,-0.0311582037307643,0.5201670551719506,-0.571934612891832,0.1201970601601191,-0.6215705967146201,-0.9274745739175644,-0.4411343688278865
20.0,86.0,1001.5507202148438,0.8244933387943909,0.1717593457825232,-2.378357160883819,-0.0311582155397999,0.5201670551719506,-0.5719345943293974,0.1201970601601191,-0.6215705967146201,-0.9274745739175644,-0.441134321303687
20.0,86.0,1001.5507202148438,0.824493352546332,0.1717593457825232,-2.378357160883819,-0.0311580572655029,0.5201670551719506,-0.5719345935541906,0.1201970601601191,-0.6215705967146201,-0.9274745739175644,-0.4411343722669886
20.0,86.0,1001.5507202148438,0.8244933398274198,0.1717593457825232,-2.378357160883819,-0.0311582271188618,0.5201670551719506,-0.5719345943302002,0.1201970601601191,-0.6215705967146201,-0.9274745739175644,-0.4411343192833997
20.0,86.0,1001.5507202148438,0.8244933387943909,0.1717593457825232,-2.378357160883819,-0.0311582155397999,0.5201670551719506,-0.5719345943293974,0.1201970601601191,-0.6215705967146201,-0.9274745739175644,-0.441134321303687
20.0,86.0,1001.5507202148438,0.8244933387943909,0.1717593457825232,-2.378357160883819,-0.0311582155397999,0.5201670551719506,-0.5719346052648588,0.1201970601601191,-0.6215705967146201,-0.9274745739175644,-0.4411343213041415
20.0,86.0,1001.5507202148438,0.8244933387653155,0.1717593457825232,-2.378357160883819,-0.0311582155397999,0.5201670551719506,-0.5719345943293974,0.1201970601601191,-0.6215705967146201,-0.9274745739175644,-0.441134321303689
20.0,86.0,1001.5507202148438,0.8244933399472206,0.1717593457825232,-2.378357160883819,-0.031158223900548,0.5201670551719506,-0.5719346052022153,0.1201970601601191,-0.6215705967146201,-0.9274745739175644,-0.4411343195466039
20.0,87.0,1001.5506591796876,0.8244933523488258,0.1717593457825232,-2.378357160883819,-0.0311580534525075,0.5201670551719506,-0.5719346051680902,0.1201970601601191,-0.6215705967146201,-0.9274745739175644,-0.4411343723097837
20.0,87.0,1001.5506591796876,0.824493352090662,0.1717593457825232,-2.378357160883819,-0.0311580534525075,0.5201670551719506,-0.5719346051680902,0.1201970601601191,-0.6215705967146201,-0.9274745739175644,-0.4411343723097837
20.0,87.0,1001.5506591796876,0.8244933523488258,0.1717593457825232,-2.378357160883819,-0.0311580534525075,0.5201670551719506,-0.5719345942146142,0.1201970601601191,-0.6215705967146201,-0.9274745739175644,-0.4411343758792872
20.0,87.0,1001.5506591796876,0.8244933522893626,0.1717593457825232,-2.378357160883819,-0.0311580534525075,0.5201670551719506,-0.5719346051680902,0.1201970601601191,-0.6215705967146201,-0.9274745739175644,-0.4411343723097837
20.0,87.0,1001.5506591796876,0.8244933386213625,0.1717593457825232,-2.378357160883819,-0.0311580534525075,0.5201670551719506,-0.5719346051680902,0.1201970601601191,-0.6215705967146201,-0.9274745739175644,-0.4411343723097837
20.0,87.0,1001.5506591796876,0.824493352090662,0.1717593457825232,-2.378357160883819,-0.0311580534525075,0.5201670551719506,-0.5719346053232678,0.1201970601601191,-0.6215705967146201,-0.9274745739175644,-0.4411343709629802
20.0,87.0,1001.5506591796876,0.8244933387943909,0.1717593457825232,-2.378357160883819,-0.0311580523175117,0.5201670551719506,-0.5719345943333561,0.1201970601601191,-0.6215705967146201,-0.9274745739175644,-0.4411343783384461
20.0,87.0,1001.5506591796876,0.8244933528054464,0.1717593457825232,-2.378357160883819,-0.0311580534525075,0.5201670551719506,-0.5719346051680902,0.1201970601601191,-0.6215705967146201,-0.9274745739175644,-0.4411343723097837
20.0,87.0,1001.5506591796876,0.8244933387041866,0.1717593457825232,-2.378357160883819,-0.0311580534439985,0.5201670551719506,-0.5719345943333561,0.1201970601601191,-0.6215705967146201,-0.9274745739175644,-0.4411343788024437
20.0,87.0,1001.5506591796876,0.8244933522893626,0.1717593457825232,-2.378357160883819,-0.0311580430857361,0.5201670551719506,-0.5719345939749669,0.1201970601601191,-0.6215705967146201,-0.9274745739175644,-0.4411343717026852
20.0,87.0,1001.5506591796876,0.8244933386213625,0.1717593457825232,-2.378357160883819,-0.0311580534525075,0.5201670551719506,-0.5719346051680902,0.1201970601601191,-0.6215705967146201,-0.9274745739175644,-0.4411343723097837
20.0,87.0,1001.5506591796876,0.8244933387943909,0.1717593457825232,-2.378357160883819,-0.0311580523175117,0.5201670551719506,-0.571934605550359,0.1201970601601191,-0.6215705967146201,-0.9274745739175644,-0.4411343783384461
20.0,87.0,1001.5506591796876,0.8244933526016286,0.1717593457825232,-2.378357160883819,-0.0311580530584091,0.5201670551719506,-0.5719346051680902,0.1201970601601191,-0.6215705967146201,-0.9274745739175644,-0.4411343219579379
20.0,87.0,1001.5506591796876,0.8244933387808259,0.1717593457825232,-2.378357160883819,-0.0311580538843447,0.5201670551719506,-0.5719345950328779,0.1201970601601191,-0.6215705967146201,-0.9274745739175644,-0.441134321303687
20.0,87.0,1001.5506591796876,0.8244933396765536,0.1717593457825232,-2.378357160883819,-0.0311580538843447,0.5201670551719506,-0.571934595042048,0.1201970601601191,-0.6215705967146201,-0.9274745739175644,-0.441134321303687
20.0,87.0,1001.5506591796876,0.8244933391240533,0.1717593457825232,-2.378357160883819,-0.0311580534525075,0.5201670551719506,-0.5719346052965096,0.1201970601601191,-0.6215705967146201,-0.9274745739175644,-0.4411343723097837
20.0,87.0,1001.5506591796876,0.8244933386200441,0.1717593457825232,-2.378357160883819,-0.0311580527488536,0.5201670551719506,-0.5719346052005528,0.1201970601601191,-0.6215705967146201,-0.9274745739175644,-0.4411343193236358
20.0,87.0,1001.5506591796876,0.824493352090662,0.1717593457825232,-2.378357160883819,-0.0311580524038381,0.5201670551719506,-0.5719346053232678,0.1201970601601191,-0.6215705967146201,-0.9274745739175644,-0.4411343782838919
20.0,87.0,1001.5506591796876,0.8244933387808259,0.1717593457825232,-2.378357160883819,-0.0311580538843447,0.5201670551719506,-0.5719345938336142,0.1201970601601191,-0.6215705967146201,-0.9274745739175644,-0.441134321303687
20.0,87.0,1001.5506591796876,0.8244933399472206,0.1717593457825232,-2.378357160883819,-0.0311580541222473,0.5201670551719506,-0.5719345943293974,0.1201970601601191,-0.6215705967146201,-0.9274745739175644,-0.4411343123767325
20.0,87.0,1001.5506591796876,0.8244933525661774,0.1717593457825232,-2.378357160883819,-0.0311580423686572,0.5201670551719506,-0.5719345939749669,0.1201970601601191,-0.6215705967146201,-0.9274745739175644,-0.4411343717026852
20.0,87.0,1001.5506591796876,0.8244933526016286,0.1717593457825232,-2.378357160883819,-0.0311580530584091,0.5201670551719506,-0.5719346051680902,0.1201970601601191,-0.6215705967146201,-0.9274745739175644,-0.4411343219579379
20.0,87.0,1001.5506591796876,0.824493352090662,0.1717593457825232,-2.378357160883819,-0.0311580534525075,0.5201670551719506,-0.5719346051680902,0.1201970601601191,-0.6215705967146201,-0.9274745739175644,-0.4411343723097837
20.0,87.0,1001.5506591796876,0.8244933528054464,0.1717593457825232,-2.378357160883819,-0.0311580534525075,0.5201670551719506,-0.5719346048987726,0.1201970601601191,-0.6215705967146201,-0.9274745739175644,-0.4411343723097837
20.0,87.0,1001.5506591796876,0.8244933387943909,0.1717593457825232,-2.378357160883819,-0.0311580529691009,0.5201670551719506,-0.5719345943294843,0.1201970601601191,-0.6215705967146201,-0.9274745739175644,-0.441134321303687
20.0,87.0,1001.5506591796876,0.8244933395631296,0.1717593457825232,-2.378357160883819,-0.0311580423600512,0.5201670551719506,-0.5719345939749669,0.1201970601601191,-0.6215705967146201,-0.9274745739175644,-0.4411343717385995
20.0,87.0,1001.5506591796876,0.8244933387808259,0.1717593457825232,-2.378357160883819,-0.0311580541221462,0.5201670551719506,-0.5719345943141666,0.1201970601601191,-0.6215705967146201,-0.9274745739175644,-0.4411343212577384
20.0,87.0,1001.5506591796876,0.8244933526016286,0.1717593457825232,-2.378357160883819,-0.0311580530584091,0.5201670551719506,-0.5719346051680902,0.1201970601601191,-0.6215705967146201,-0.9274745739175644,-0.4411343255308994
20.0,87.0,1001.5506591796876,0.8244933396765536,0.1717593457825232,-2.378357160883819,-0.0311580538843447,0.5201670551719506,-0.5719346049993385,0.1201970601601191,-0.6215705967146201,-0.9274745739175644,-0.441134321303687
20.0,87.0,1001.5506591796876,0.8244933521271011,0.1717593457825232,-2.378357160883819,-0.0311580534611135,0.5201670551719506,-0.5719346052965096,0.1201970601601191,-0.6215705967146201,-0.9274745739175644,-0.4411343722738695
20.0,87.0,1001.5506591796876,0.8244933526016286,0.1717593457825232,-2.378357160883819,-0.0311580530584091,0.5201670551719506,-0.5719346051680902,0.1201970601601191,-0.6215705967146201,-0.9274745739175644,-0.4411343219579379
20.0,87.0,1001.5506591796876,0.8244933387943909,0.1717593457825232,-2.378357160883819,-0.0311580529516899,0.5201670551719506,-0.5719345944177404,0.1201970601601191,-0.6215705967146201,-0.9274745739175644,-0.4411343193595953
20.0,87.0,1001.5506591796876,0.8244933520852021,0.1717593457825232,-2.378357160883819,-0.0311580524038381,0.5201670551719506,-0.5719346053232678,0.1201970601601191,-0.6215705967146201,-0.9274745739175644,-0.4411343782838919
20.0,87.0,1001.5506591796876,0.824493352090662,0.1717593457825232,-2.378357160883819,-0.0311580534525075,0.5201670551719506,-0.5719346053232678,0.1201970601601191,-0.6215705967146201,-0.9274745739175644,-0.4411343709629802
20.0,87.0,1001.5506591796876,0.8244933523488258,0.1717593457825232,-2.378357160883819,-0.0311580534525075,0.5201670551719506,-0.5719345942146142,0.1201970601601191,-0.6215705967146201,-0.9274745739175644,-0.4411343716012223
20.0,87.0,1001.5506591796876,0.8244933387943909,0.1717593457825232,-2.378357160883819,-0.0311580529691009,0.5201670551719506,-0.5719345943294843,0.1201970601601191,-0.6215705967146201,-0.9274745739175644,-0.441134321303687
20.0,87.0,1001.5506591796876,0.8244933386200441,0.1717593457825232,-2.378357160883819,-0.0311580527488536,0.5201670551719506,-0.5719345952432623,0.1201970601601191,-0.6215705967146201,-0.9274745739175644,-0.4411343193236358
20.0,87.0,1001.5506591796876,0.8244933398274198,0.1717593457825232,-2.378357160883819,-0.0311580544449531,0.5201670551719506,-0.5719345943635564,0.1201970601601191,-0.6215705967146201,-0.9274745739175644,-0.4411343712551805
20.0,87.0,1001.5507202148438,0.8244933387943909,0.1717593457825232,-2.378357160883819,-0.0311582155397999,0.5201670551719506,-0.5719345943293974,0.1201970601601191,-0.6215705967146201,-0.9274745739175644,-0.441134321303687
20.0,87.0,1001.5507202148438,0.8244933387808259,0.1717593457825232,-2.378357160883819,-0.0311582155397999,0.5201670551719506,-0.5719345943293974,0.1201970601601191,-0.6215705967146201,-0.9274745739175644,-0.441134321303687
20.0,87.0,1001.5507202148438,0.8244933387808259,0.1717593457825232,-2.378357160883819,-0.0311582155397999,0.5201670551719506,-0.5719345943293974,0.1201970601601191,-0.6215705967146201,-0.9274745739175644,-0.441134321303687
20.0,87.0,1001.5507202148438,0.8244933387943909,0.1717593457825232,-2.378357160883819,-0.0311582155397999,0.5201670551719506,-0.5719345943293974,0.1201970601601191,-0.6215705967146201,-0.9274745739175644,-0.441134321303687
20.0,87.0,1001.5507202148438,0.8244933387943909,0.1717593457825232,-2.378357160883819,-0.0311582155397999,0.5201670551719506,-0.5719345943293974,0.1201970601601191,-0.6215705967146201,-0.9274745739175644,-0.441134321303687
20.0,87.0,1001.5507202148438,0.8244933387943909,0.1717593457825232,-2.378357160883819,-0.0311582155397999,0.5201670551719506,-0.5719346052648588,0.1201970601601191,-0.6215705967146201,-0.9274745739175644,-0.4411343213041415
20.0,87.0,1001.5507202148438,0.8244933387943909,0.1717593457825232,-2.378357160883819,-0.0311582155397999,0.5201670551719506,-0.5719345943293974,0.1201970601601191,-0.6215705967146201,-0.9274745739175644,-0.441134321303687
20.0,87.0,1001.5507202148438,0.8244933399472206,0.1717593457825232,-2.378357160883819,-0.031158223900548,0.5201670551719506,-0.5719345943293974,0.1201970601601191,-0.6215705967146201,-0.9274745739175644,-0.4411343195466039
20.0,87.0,1001.5507202148438,0.8244933396679678,0.1717593457825232,-2.378357160883819,-0.03115820338846,0.5201670551719506,-0.5719345943293974,0.1201970601601191,-0.6215705967146201,-0.9274745739175644,-0.441134321303687
20.0,87.0,1001.5507202148438,0.8244933396107021,0.1717593457825232,-2.378357160883819,-0.03115820338846,0.5201670551719506,-0.5719345943293974,0.1201970601601191,-0.6215705967146201,-0.9274745739175644,-0.441134321303687
20.0,87.0,1001.5507202148438,0.8244933387943909,0.1717593457825232,-2.378357160883819,-0.0311582155397999,0.5201670551719506,-0.5719345943293974,0.1201970601601191,-0.6215705967146201,-0.9274745739175644,-0.441134321303687
20.0,87.0,1001.5507202148438,0.8244933397326736,0.1717593457825232,-2.378357160883819,-0.0311582992510955,0.5201670551719506,-0.5719346052702933,0.1201970601601191,-0.6215705967146201,-0.9274745739175644,-0.4411343213041415
20.0,88.0,1001.5506591796876,0.8244933523488258,0.1717593457825232,-2.378357160883819,-0.0311580534525075,0.5201670551719506,-0.5719346051680902,0.1201970601601191,-0.6215705967146201,-0.9274745739175644,-0.4411343723097837
20.0,88.0,1001.5506591796876,0.824493352090662,0.1717593457825232,-2.378357160883819,-0.0311580534525075,0.5201670551719506,-0.5719346051680902,0.1201970601601191,-0.6215705967146201,-0.9274745739175644,-0.4411343723097837
20.0,88.0,1001.5506591796876,0.8244933523488258,0.1717593457825232,-2.378357160883819,-0.0311580534525075,0.5201670551719506,-0.5719345942146142,0.1201970601601191,-0.6215705967146201,-0.9274745739175644,-0.4411343758792872
20.0,88.0,1001.5506591796876,0.8244933522893626,0.1717593457825232,-2.378357160883819,-0.0311580534525075,0.5201670551719506,-0.5719346051680902,0.1201970601601191,-0.6215705967146201,-0.9274745739175644,-0.4411343723097837
20.0,88.0,1001.5506591796876,0.8244933386213625,0.1717593457825232,-2.378357160883819,-0.0311580534525075,0.5201670551719506,-0.5719346051680902,0.1201970601601191,-0.6215705967146201,-0.9274745739175644,-0.4411343723097837
20.0,88.0,1001.5506591796876,0.824493352090662,0.1717593457825232,-2.378357160883819,-0.0311580534525075,0.5201670551719506,-0.5719346053232678,0.1201970601601191,-0.6215705967146201,-0.9274745739175644,-0.4411343709629802
20.0,88.0,1001.5506591796876,0.8244933387943909,0.1717593457825232,-2.378357160883819,-0.0311580523175117,0.5201670551719506,-0.5719345943333561,0.1201970601601191,-0.6215705967146201,-0.9274745739175644,-0.4411343783384461
20.0,88.0,1001.5506591796876,0.8244933528054464,0.1717593457825232,-2.378357160883819,-0.0311580534525075,0.5201670551719506,-0.5719346051680902,0.1201970601601191,-0.6215705967146201,-0.9274745739175644,-0.4411343723097837
20.0,88.0,1001.5506591796876,0.8244933387041866,0.1717593457825232,-2.378357160883819,-0.0311580534439985,0.5201670551719506,-0.5719345943333561,0.1201970601601191,-0.6215705967146201,-0.9274745739175644,-0.4411343788024437
20.0,88.0,1001.5506591796876,0.8244933522893626,0.1717593457825232,-2.378357160883819,-0.0311580430857361,0.5201670551719506,-0.5719345939749669,0.1201970601601191,-0.6215705967146201,-0.9274745739175644,-0.4411343717026852
20.0,88.0,1001.5506591796876,0.8244933386213625,0.1717593457825232,-2.378357160883819,-0.0311580534525075,0.5201670551719506,-0.5719346051680902,0.1201970601601191,-0.6215705967146201,-0.9274745739175644,-0.4411343723097837
20.0,88.0,1001.5506591796876,0.8244933387943909,0.1717593457825232,-2.378357160883819,-0.0311580523175117,0.5201670551719506,-0.571934605550359,0.1201970601601191,-0.6215705967146201,-0.9274745739175644,-0.4411343783384461
20.0,88.0,1001.5506591796876,0.8244933526016286,0.1717593457825232,-2.378357160883819,-0.0311580530584091,0.5201670551719506,-0.5719346051680902,0.1201970601601191,-0.6215705967146201,-0.9274745739175644,-0.4411343219579379
20.0,88.0,1001.5506591796876,0.8244933387808259,0.1717593457825232,-2.378357160883819,-0.0311580538843447,0.5201670551719506,-0.5719345950328779,0.1201970601601191,-0.6215705967146201,-0.9274745739175644,-0.441134321303687
20.0,88.0,1001.5506591796876,0.8244933396765536,0.1717593457825232,-2.378357160883819,-0.0311580538843447,0.5201670551719506,-0.571934595042048,0.1201970601601191,-0.6215705967146201,-0.9274745739175644,-0.441134321303687
20.0,88.0,1001.5506591796876,0.8244933391240533,0.1717593457825232,-2.378357160883819,-0.0311580534525075,0.5201670551719506,-0.5719346052965096,0.1201970601601191,-0.6215705967146201,-0.9274745739175644,-0.4411343723097837
20.0,88.0,1001.5506591796876,0.8244933386200441,0.1717593457825232,-2.378357160883819,-0.0311580527488536,0.5201670551719506,-0.5719346052005528,0.1201970601601191,-0.6215705967146201,-0.9274745739175644,-0.4411343193236358
20.0,88.0,1001.5506591796876,0.824493352090662,0.1717593457825232,-2.378357160883819,-0.0311580524038381,0.5201670551719506,-0.5719346053232678,0.1201970601601191,-0.6215705967146201,-0.9274745739175644,-0.4411343782838919
20.0,88.0,1001.5506591796876,0.8244933387808259,0.1717593457825232,-2.378357160883819,-0.0311580538843447,0.5201670551719506,-0.5719345938336142,0.1201970601601191,-0.6215705967146201,-0.9274745739175644,-0.441134321303687
20.0,88.0,1001.5506591796876,0.8244933399472206,0.1717593457825232,-2.378357160883819,-0.0311580541222473,0.5201670551719506,-0.5719345943293974,0.1201970601601191,-0.6215705967146201,-0.9274745739175644,-0.4411343123767325
20.0,88.0,1001.5506591796876,0.8244933525661774,0.1717593457825232,-2.378357160883819,-0.0311580423686572,0.5201670551719506,-0.5719345939749669,0.1201970601601191,-0.6215705967146201,-0.9274745739175644,-0.4411343717026852
20.0,88.0,1001.5506591796876,0.8244933526016286,0.1717593457825232,-2.378357160883819,-0.0311580530584091,0.5201670551719506,-0.5719346051680902,0.1201970601601191,-0.6215705967146201,-0.9274745739175644,-0.4411343219579379
20.0,88.0,1001.5506591796876,0.824493352090662,0.1717593457825232,-2.378357160883819,-0.0311580534525075,0.5201670551719506,-0.5719346051680902,0.1201970601601191,-0.6215705967146201,-0.9274745739175644,-0.4411343723097837
20.0,88.0,1001.5506591796876,0.8244933528054464,0.1717593457825232,-2.378357160883819,-0.0311580534525075,0.5201670551719506,-0.5719346048987726,0.1201970601601191,-0.6215705967146201,-0.9274745739175644,-0.4411343723097837
20.0,88.0,1001.5506591796876,0.8244933387943909,0.1717593457825232,-2.378357160883819,-0.0311580529691009,0.5201670551719506,-0.5719345943294843,0.1201970601601191,-0.6215705967146201,-0.9274745739175644,-0.441134321303687
20.0,88.0,1001.5506591796876,0.8244933395631296,0.1717593457825232,-2.378357160883819,-0.0311580423600512,0.5201670551719506,-0.5719345939749669,0.1201970601601191,-0.6215705967146201,-0.9274745739175644,-0.4411343717385995
20.0,88.0,1001.5506591796876,0.8244933387808259,0.1717593457825232,-2.378357160883819,-0.0311580541221462,0.5201670551719506,-0.5719345943141666,0.1201970601601191,-0.6215705967146201,-0.9274745739175644,-0.4411343212577384
20.0,88.0,1001.5506591796876,0.8244933526016286,0.1717593457825232,-2.378357160883819,-0.0311580530584091,0.5201670551719506,-0.5719346051680902,0.1201970601601191,-0.6215705967146201,-0.9274745739175644,-0.4411343255308994
20.0,88.0,1001.5506591796876,0.8244933396765536,0.1717593457825232,-2.378357160883819,-0.0311580538843447,0.5201670551719506,-0.5719346049993385,0.1201970601601191,-0.6215705967146201,-0.9274745739175644,-0.441134321303687
20.0,88.0,1001.5506591796876,0.8244933521271011,0.1717593457825232,-2.378357160883819,-0.0311580534611135,0.5201670551719506,-0.5719346052965096,0.1201970601601191,-0.6215705967146201,-0.9274745739175644,-0.4411343722738695
20.0,88.0,1001.5506591796876,0.8244933526016286,0.1717593457825232,-2.378357160883819,-0.0311580530584091,0.5201670551719506,-0.5719346051680902,0.1201970601601191,-0.6215705967146201,-0.9274745739175644,-0.4411343219579379
20.0,88.0,1001.5506591796876,0.8244933387943909,0.1717593457825232,-2.378357160883819,-0.0311580529516899,0.5201670551719506,-0.5719345944177404,0.1201970601601191,-0.6215705967146201,-0.9274745739175644,-0.4411343193595953
20.0,88.0,1001.5506591796876,0.8244933520852021,0.1717593457825232,-2.378357160883819,-0.0311580524038381,0.5201670551719506,-0.5719346053232678,0.1201970601601191,-0.6215705967146201,-0.9274745739175644,-0.4411343782838919
20.0,88.0,1001.5506591796876,0.824493352090662,0.1717593457825232,-2.378357160883819,-0.0311580534525075,0.5201670551719506,-0.5719346053232678,0.1201970601601191,-0.6215705967146201,-0.9274745739175644,-0.4411343709629802
20.0,88.0,1001.5506591796876,0.8244933523488258,0.1717593457825232,-2.378357160883819,-0.0311580534525075,0.5201670551719506,-0.5719345942146142,0.1201970601601191,-0.6215705967146201,-0.9274745739175644,-0.4411343716012223
20.0,88.0,1001.5506591796876,0.8244933387943909,0.1717593457825232,-2.378357160883819,-0.0311580529691009,0.5201670551719506,-0.5719345943294843,0.1201970601601191,-0.6215705967146201,-0.9274745739175644,-0.441134321303687
20.0,88.0,1001.5506591796876,0.8244933386200441,0.1717593457825232,-2.378357160883819,-0.0311580527488536,0.5201670551719506,-0.5719345952432623,0.1201970601601191,-0.6215705967146201,-0.9274745739175644,-0.4411343193236358
20.0,88.0,1001.5506591796876,0.8244933398274198,0.1717593457825232,-2.378357160883819,-0.0311580544449531,0.5201670551719506,-0.5719345943635564,0.1201970601601191,-0.6215705967146201,-0.9274745739175644,-0.4411343712551805
20.0,88.0,1001.5506591796876,0.8244933391240533,0.1717593457825232,-2.378357160883819,-0.0311580534525075,0.5201670551719506,-0.5719346052965096,0.1201970601601191,-0.6215705967146201,-0.9274745739175644,-0.4411343723097837
20.0,88.0,1001.5506591796876,0.8244933511438328,0.1717593457825232,-2.378357160883819,-0.0311580534525075,0.5201670551719506,-0.5719346051680902,0.1201970601601191,-0.6215705967146201,-0.9274745739175644,-0.4411343723097837
20.0,88.0,1001.5506591796876,0.8244933386213625,0.1717593457825232,-2.378357160883819,-0.0311580534525075,0.5201670551719506,-0.571934605089793,0.1201970601601191,-0.6215705967146201,-0.9274745739175644,-0.4411343723097837
20.0,88.0,1001.5506591796876,0.8244933526016286,0.1717593457825232,-2.378357160883819,-0.0311580530584091,0.5201670551719506,-0.5719346051680902,0.1201970601601191,-0.6215705967146201,-0.9274745739175644,-0.441134374805408
20.0,88.0,1001.5506591796876,0.8244933386177605,0.1717593457825232,-2.378357160883819,-0.0311580534525075,0.5201670551719506,-0.57193460529768,0.1201970601601191,-0.6215705967146201,-0.9274745739175644,-0.4411343723097837
20.0,88.0,1001.5506591796876,0.8244933522792596,0.1717593457825232,-2.378357160883819,-0.0311580430857361,0.5201670551719506,-0.5719345939749669,0.1201970601601191,-0.6215705967146201,-0.9274745739175644,-0.4411343767541825
20.0,88.0,1001.5506591796876,0.8244933519141987,0.1717593457825232,-2.378357160883819,-0.0311580530558917,0.5201670551719506,-0.5719346048975713,0.1201970601601191,-0.6215705967146201,-0.9274745739175644,-0.4411343219579379
20.0,88.0,1001.5506591796876,0.8244933522029857,0.1717593457825232,-2.378357160883819,-0.0311580529607708,0.5201670551719506,-0.5719345945004789,0.1201970601601191,-0.6215705967146201,-0.9274745739175644,-0.4411343163811315
20.0,88.0,1001.5506591796876,0.8244933387943909,0.1717593457825232,-2.378357160883819,-0.0311580523175117,0.5201670551719506,-0.5719345943333561,0.1201970601601191,-0.6215705967146201,-0.9274745739175644,-0.4411343783384461
20.0,88.0,1001.5506591796876,0.8244933387943909,0.1717593457825232,-2.378357160883819,-0.0311580529691009,0.5201670551719506,-0.5719345943294843,0.1201970601601191,-0.6215705967146201,-0.9274745739175644,-0.441134321303687
20.0,88.0,1001.5506591796876,0.8244933522893626,0.1717593457825232,-2.378357160883819,-0.0311580430857361,0.5201670551719506,-0.5719345949809617,0.1201970601601191,-0.6215705967146201,-0.9274745739175644,-0.4411343205807947
20.0,88.0,1001.5506591796876,0.8244933522893626,0.1717593457825232,-2.378357160883819,-0.0311580534693448,0.5201670551719506,-0.5719345945281512,0.1201970601601191,-0.6215705967146201,-0.9274745739175644,-0.4411343712811029
20.0,89.0,1001.5506591796876,0.8244933523488258,0.1717593457825232,-2.378357160883819,-0.0311580534525075,0.5201670551719506,-0.5719346051680902,0.1201970601601191,-0.6215705967146201,-0.9274745739175644,-0.4411343723097837
20.0,89.0,1001.5506591796876,0.824493352090662,0.1717593457825232,-2.378357160883819,-0.0311580534525075,0.5201670551719506,-0.5719346051680902,0.1201970601601191,-0.6215705967146201,-0.9274745739175644,-0.4411343723097837
20.0,89.0,1001.5506591796876,0.8244933523488258,0.1717593457825232,-2.378357160883819,-0.0311580534525075,0.5201670551719506,-0.5719345942146142,0.1201970601601191,-0.6215705967146201,-0.9274745739175644,-0.4411343758792872
20.0,89.0,1001.5506591796876,0.8244933522893626,0.1717593457825232,-2.378357160883819,-0.0311580534525075,0.5201670551719506,-0.5719346051680902,0.1201970601601191,-0.6215705967146201,-0.9274745739175644,-0.4411343723097837
20.0,89.0,1001.5506591796876,0.8244933386213625,0.1717593457825232,-2.378357160883819,-0.0311580534525075,0.5201670551719506,-0.5719346051680902,0.1201970601601191,-0.6215705967146201,-0.9274745739175644,-0.4411343723097837
20.0,89.0,1001.5506591796876,0.824493352090662,0.1717593457825232,-2.378357160883819,-0.0311580534525075,0.5201670551719506,-0.5719346053232678,0.1201970601601191,-0.6215705967146201,-0.9274745739175644,-0.4411343709629802
20.0,89.0,1001.5506591796876,0.8244933387943909,0.1717593457825232,-2.378357160883819,-0.0311580523175117,0.5201670551719506,-0.5719345943333561,0.1201970601601191,-0.6215705967146201,-0.9274745739175644,-0.4411343783384461
20.0,89.0,1001.5506591796876,0.8244933528054464,0.1717593457825232,-2.378357160883819,-0.0311580534525075,0.5201670551719506,-0.5719346051680902,0.1201970601601191,-0.6215705967146201,-0.9274745739175644,-0.4411343723097837
20.0,89.0,1001.5506591796876,0.8244933387041866,0.1717593457825232,-2.378357160883819,-0.0311580534439985,0.5201670551719506,-0.5719345943333561,0.1201970601601191,-0.6215705967146201,-0.9274745739175644,-0.4411343788024437
20.0,89.0,1001.5506591796876,0.8244933522893626,0.1717593457825232,-2.378357160883819,-0.0311580430857361,0.5201670551719506,-0.5719345939749669,0.1201970601601191,-0.6215705967146201,-0.9274745739175644,-0.4411343717026852
20.0,89.0,1001.5506591796876,0.8244933386213625,0.1717593457825232,-2.378357160883819,-0.0311580534525075,0.5201670551719506,-0.5719346051680902,0.1201970601601191,-0.6215705967146201,-0.9274745739175644,-0.4411343723097837
20.0,89.0,1001.5506591796876,0.8244933387943909,0.1717593457825232,-2.378357160883819,-0.0311580523175117,0.5201670551719506,-0.571934605550359,0.1201970601601191,-0.6215705967146201,-0.9274745739175644,-0.4411343783384461
20.0,89.0,1001.5506591796876,0.8244933526016286,0.1717593457825232,-2.378357160883819,-0.0311580530584091,0.5201670551719506,-0.5719346051680902,0.1201970601601191,-0.6215705967146201,-0.9274745739175644,-0.4411343219579379
20.0,89.0,1001.5506591796876,0.8244933387808259,0.1717593457825232,-2.378357160883819,-0.0311580538843447,0.5201670551719506,-0.5719345950328779,0.1201970601601191,-0.6215705967146201,-0.9274745739175644,-0.441134321303687
20.0,89.0,1001.5506591796876,0.8244933396765536,0.1717593457825232,-2.378357160883819,-0.0311580538843447,0.5201670551719506,-0.571934595042048,0.1201970601601191,-0.6215705967146201,-0.9274745739175644,-0.441134321303687
20.0,89.0,1001.5506591796876,0.8244933391240533,0.1717593457825232,-2.378357160883819,-0.0311580534525075,0.5201670551719506,-0.5719346052965096,0.1201970601601191,-0.6215705967146201,-0.9274745739175644,-0.4411343723097837
20.0,89.0,1001.5506591796876,0.8244933386200441,0.1717593457825232,-2.378357160883819,-0.0311580527488536,0.5201670551719506,-0.5719346052005528,0.1201970601601191,-0.6215705967146201,-0.9274745739175644,-0.4411343193236358
20.0,89.0,1001.5506591796876,0.824493352090662,0.1717593457825232,-2.378357160883819,-0.0311580524038381,0.5201670551719506,-0.5719346053232678,0.1201970601601191,-0.6215705967146201,-0.9274745739175644,-0.4411343782838919
20.0,89.0,1001.5506591796876,0.8244933387808259,0.1717593457825232,-2.378357160883819,-0.0311580538843447,0.5201670551719506,-0.5719345938336142,0.1201970601601191,-0.6215705967146201,-0.9274745739175644,-0.441134321303687
20.0,89.0,1001.5506591796876,0.8244933399472206,0.1717593457825232,-2.378357160883819,-0.0311580541222473,0.5201670551719506,-0.5719345943293974,0.1201970601601191,-0.6215705967146201,-0.9274745739175644,-0.4411343123767325
20.0,89.0,1001.5506591796876,0.8244933525661774,0.1717593457825232,-2.378357160883819,-0.0311580423686572,0.5201670551719506,-0.5719345939749669,0.1201970601601191,-0.6215705967146201,-0.9274745739175644,-0.4411343717026852
20.0,89.0,1001.5506591796876,0.8244933526016286,0.1717593457825232,-2.378357160883819,-0.0311580530584091,0.5201670551719506,-0.5719346051680902,0.1201970601601191,-0.6215705967146201,-0.9274745739175644,-0.4411343219579379
20.0,89.0,1001.5506591796876,0.824493352090662,0.1717593457825232,-2.378357160883819,-0.0311580534525075,0.5201670551719506,-0.5719346051680902,0.1201970601601191,-0.6215705967146201,-0.9274745739175644,-0.4411343723097837
20.0,89.0,1001.5506591796876,0.8244933528054464,0.1717593457825232,-2.378357160883819,-0.0311580534525075,0.5201670551719506,-0.5719346048987726,0.1201970601601191,-0.6215705967146201,-0.9274745739175644,-0.4411343723097837
20.0,89.0,1001.5506591796876,0.8244933387943909,0.1717593457825232,-2.378357160883819,-0.0311580529691009,0.5201670551719506,-0.5719345943294843,0.1201970601601191,-0.6215705967146201,-0.9274745739175644,-0.441134321303687
20.0,89.0,1001.5506591796876,0.8244933395631296,0.1717593457825232,-2.378357160883819,-0.0311580423600512,0.5201670551719506,-0.5719345939749669,0.1201970601601191,-0.6215705967146201,-0.9274745739175644,-0.4411343717385995
20.0,89.0,1001.5506591796876,0.8244933387808259,0.1717593457825232,-2.378357160883819,-0.0311580541221462,0.5201670551719506,-0.5719345943141666,0.1201970601601191,-0.6215705967146201,-0.9274745739175644,-0.4411343212577384
20.0,89.0,1001.5506591796876,0.8244933526016286,0.1717593457825232,-2.378357160883819,-0.0311580530584091,0.5201670551719506,-0.5719346051680902,0.1201970601601191,-0.6215705967146201,-0.9274745739175644,-0.4411343255308994
20.0,89.0,1001.5506591796876,0.8244933396765536,0.1717593457825232,-2.378357160883819,-0.0311580538843447,0.5201670551719506,-0.5719346049993385,0.1201970601601191,-0.6215705967146201,-0.9274745739175644,-0.441134321303687
20.0,89.0,1001.5506591796876,0.8244933521271011,0.1717593457825232,-2.378357160883819,-0.0311580534611135,0.5201670551719506,-0.5719346052965096,0.1201970601601191,-0.6215705967146201,-0.9274745739175644,-0.4411343722738695
20.0,89.0,1001.5506591796876,0.8244933526016286,0.1717593457825232,-2.378357160883819,-0.0311580530584091,0.5201670551719506,-0.5719346051680902,0.1201970601601191,-0.6215705967146201,-0.9274745739175644,-0.4411343219579379
20.0,89.0,1001.5506591796876,0.8244933387943909,0.1717593457825232,-2.378357160883819,-0.0311580529516899,0.5201670551719506,-0.5719345944177404,0.1201970601601191,-0.6215705967146201,-0.9274745739175644,-0.4411343193595953
20.0,89.0,1001.5506591796876,0.8244933520852021,0.1717593457825232,-2.378357160883819,-0.0311580524038381,0.5201670551719506,-0.5719346053232678,0.1201970601601191,-0.6215705967146201,-0.9274745739175644,-0.4411343782838919
20.0,89.0,1001.5506591796876,0.824493352090662,0.1717593457825232,-2.378357160883819,-0.0311580534525075,0.5201670551719506,-0.5719346053232678,0.1201970601601191,-0.6215705967146201,-0.9274745739175644,-0.4411343709629802
20.0,89.0,1001.5506591796876,0.8244933523488258,0.1717593457825232,-2.378357160883819,-0.0311580534525075,0.5201670551719506,-0.5719345942146142,0.1201970601601191,-0.6215705967146201,-0.9274745739175644,-0.4411343716012223
20.0,89.0,1001.5506591796876,0.8244933387943909,0.1717593457825232,-2.378357160883819,-0.0311580529691009,0.5201670551719506,-0.5719345943294843,0.1201970601601191,-0.6215705967146201,-0.9274745739175644,-0.441134321303687
20.0,89.0,1001.5506591796876,0.8244933386200441,0.1717593457825232,-2.378357160883819,-0.0311580527488536,0.5201670551719506,-0.5719345952432623,0.1201970601601191,-0.6215705967146201,-0.9274745739175644,-0.4411343193236358
20.0,89.0,1001.5506591796876,0.8244933398274198,0.1717593457825232,-2.378357160883819,-0.0311580544449531,0.5201670551719506,-0.5719345943635564,0.1201970601601191,-0.6215705967146201,-0.9274745739175644,-0.4411343712551805
20.0,89.0,1001.5506591796876,0.8244933391240533,0.1717593457825232,-2.378357160883819,-0.0311580534525075,0.5201670551719506,-0.5719346052965096,0.1201970601601191,-0.6215705967146201,-0.9274745739175644,-0.4411343723097837
20.0,89.0,1001.5506591796876,0.8244933511438328,0.1717593457825232,-2.378357160883819,-0.0311580534525075,0.5201670551719506,-0.5719346051680902,0.1201970601601191,-0.6215705967146201,-0.9274745739175644,-0.4411343723097837
20.0,89.0,1001.5506591796876,0.8244933386213625,0.1717593457825232,-2.378357160883819,-0.0311580534525075,0.5201670551719506,-0.571934605089793,0.1201970601601191,-0.6215705967146201,-0.9274745739175644,-0.4411343723097837
20.0,89.0,1001.5506591796876,0.8244933526016286,0.1717593457825232,-2.378357160883819,-0.0311580530584091,0.5201670551719506,-0.5719346051680902,0.1201970601601191,-0.6215705967146201,-0.9274745739175644,-0.441134374805408
20.0,89.0,1001.5506591796876,0.8244933386177605,0.1717593457825232,-2.378357160883819,-0.0311580534525075,0.5201670551719506,-0.57193460529768,0.1201970601601191,-0.6215705967146201,-0.9274745739175644,-0.4411343723097837
20.0,89.0,1001.5506591796876,0.8244933522792596,0.1717593457825232,-2.378357160883819,-0.0311580430857361,0.5201670551719506,-0.5719345939749669,0.1201970601601191,-0.6215705967146201,-0.9274745739175644,-0.4411343767541825
20.0,89.0,1001.5506591796876,0.8244933519141987,0.1717593457825232,-2.378357160883819,-0.0311580530558917,0.5201670551719506,-0.5719346048975713,0.1201970601601191,-0.6215705967146201,-0.9274745739175644,-0.4411343219579379
20.0,89.0,1001.5506591796876,0.8244933522029857,0.1717593457825232,-2.378357160883819,-0.0311580529607708,0.5201670551719506,-0.5719345945004789,0.1201970601601191,-0.6215705967146201,-0.9274745739175644,-0.4411343163811315
20.0,89.0,1001.5506591796876,0.8244933387943909,0.1717593457825232,-2.378357160883819,-0.0311580523175117,0.5201670551719506,-0.5719345943333561,0.1201970601601191,-0.6215705967146201,-0.9274745739175644,-0.4411343783384461
20.0,89.0,1001.5506591796876,0.8244933387943909,0.1717593457825232,-2.378357160883819,-0.0311580529691009,0.5201670551719506,-0.5719345943294843,0.1201970601601191,-0.6215705967146201,-0.9274745739175644,-0.441134321303687
20.0,89.0,1001.5506591796876,0.8244933522893626,0.1717593457825232,-2.378357160883819,-0.0311580430857361,0.5201670551719506,-0.5719345949809617,0.1201970601601191,-0.6215705967146201,-0.9274745739175644,-0.4411343205807947
20.0,89.0,1001.5506591796876,0.8244933522893626,0.1717593457825232,-2.378357160883819,-0.0311580534693448,0.5201670551719506,-0.5719345945281512,0.1201970601601191,-0.6215705967146201,-0.9274745739175644,-0.4411343712811029
20.0,90.0,1001.3815307617188,0.8244933528576487,0.1717593457825232,-2.378357160883819,-0.0295333911093593,0.5201670551719506,-0.571934594085546,0.1201970601601191,-0.6215705967146201,-0.9274745739175644,-0.4411343783384461
20.0,90.0,1001.5506591796876,0.8244933523488258,0.1717593457825232,-2.378357160883819,-0.0311580534525075,0.5201670551719506,-0.5719346051680902,0.1201970601601191,-0.6215705967146201,-0.9274745739175644,-0.4411343723097837
20.0,90.0,1001.5506591796876,0.824493352090662,0.1717593457825232,-2.378357160883819,-0.0311580534525075,0.5201670551719506,-0.5719346051680902,0.1201970601601191,-0.6215705967146201,-0.9274745739175644,-0.4411343723097837
20.0,90.0,1001.5506591796876,0.8244933523488258,0.1717593457825232,-2.378357160883819,-0.0311580534525075,0.5201670551719506,-0.5719345942146142,0.1201970601601191,-0.6215705967146201,-0.9274745739175644,-0.4411343758792872
20.0,90.0,1001.5506591796876,0.8244933522893626,0.1717593457825232,-2.378357160883819,-0.0311580534525075,0.5201670551719506,-0.5719346051680902,0.1201970601601191,-0.6215705967146201,-0.9274745739175644,-0.4411343723097837
20.0,90.0,1001.5506591796876,0.8244933386213625,0.1717593457825232,-2.378357160883819,-0.0311580534525075,0.5201670551719506,-0.5719346051680902,0.1201970601601191,-0.6215705967146201,-0.9274745739175644,-0.4411343723097837
20.0,90.0,1001.5506591796876,0.824493352090662,0.1717593457825232,-2.378357160883819,-0.0311580534525075,0.5201670551719506,-0.5719346053232678,0.1201970601601191,-0.6215705967146201,-0.9274745739175644,-0.4411343709629802
20.0,90.0,1001.5506591796876,0.8244933387943909,0.1717593457825232,-2.378357160883819,-0.0311580523175117,0.5201670551719506,-0.5719345943333561,0.1201970601601191,-0.6215705967146201,-0.9274745739175644,-0.4411343783384461
20.0,90.0,1001.5506591796876,0.8244933528054464,0.1717593457825232,-2.378357160883819,-0.0311580534525075,0.5201670551719506,-0.5719346051680902,0.1201970601601191,-0.6215705967146201,-0.9274745739175644,-0.4411343723097837
20.0,90.0,1001.5506591796876,0.8244933387041866,0.1717593457825232,-2.378357160883819,-0.0311580534439985,0.5201670551719506,-0.5719345943333561,0.1201970601601191,-0.6215705967146201,-0.9274745739175644,-0.4411343788024437
20.0,90.0,1001.5506591796876,0.8244933522893626,0.1717593457825232,-2.378357160883819,-0.0311580430857361,0.5201670551719506,-0.5719345939749669,0.1201970601601191,-0.6215705967146201,-0.9274745739175644,-0.4411343717026852
20.0,90.0,1001.5506591796876,0.8244933386213625,0.1717593457825232,-2.378357160883819,-0.0311580534525075,0.5201670551719506,-0.5719346051680902,0.1201970601601191,-0.6215705967146201,-0.9274745739175644,-0.4411343723097837
20.0,90.0,1001.5506591796876,0.8244933387943909,0.1717593457825232,-2.378357160883819,-0.0311580523175117,0.5201670551719506,-0.571934605550359,0.1201970601601191,-0.6215705967146201,-0.9274745739175644,-0.4411343783384461
20.0,90.0,1001.5506591796876,0.8244933526016286,0.1717593457825232,-2.378357160883819,-0.0311580530584091,0.5201670551719506,-0.5719346051680902,0.1201970601601191,-0.6215705967146201,-0.9274745739175644,-0.4411343219579379
20.0,90.0,1001.5506591796876,0.8244933387808259,0.1717593457825232,-2.378357160883819,-0.0311580538843447,0.5201670551719506,-0.5719345950328779,0.1201970601601191,-0.6215705967146201,-0.9274745739175644,-0.441134321303687
20.0,90.0,1001.5506591796876,0.8244933396765536,0.1717593457825232,-2.378357160883819,-0.0311580538843447,0.5201670551719506,-0.571934595042048,0.1201970601601191,-0.6215705967146201,-0.9274745739175644,-0.441134321303687
20.0,90.0,1001.5506591796876,0.8244933391240533,0.1717593457825232,-2.378357160883819,-0.0311580534525075,0.5201670551719506,-0.5719346052965096,0.1201970601601191,-0.6215705967146201,-0.9274745739175644,-0.4411343723097837
20.0,90.0,1001.5506591796876,0.8244933386200441,0.1717593457825232,-2.378357160883819,-0.0311580527488536,0.5201670551719506,-0.5719346052005528,0.1201970601601191,-0.6215705967146201,-0.9274745739175644,-0.4411343193236358
20.0,90.0,1001.5506591796876,0.824493352090662,0.1717593457825232,-2.378357160883819,-0.0311580524038381,0.5201670551719506,-0.5719346053232678,0.1201970601601191,-0.6215705967146201,-0.9274745739175644,-0.4411343782838919
20.0,90.0,1001.5506591796876,0.8244933387808259,0.1717593457825232,-2.378357160883819,-0.0311580538843447,0.5201670551719506,-0.5719345938336142,0.1201970601601191,-0.6215705967146201,-0.9274745739175644,-0.441134321303687
20.0,90.0,1001.5506591796876,0.8244933399472206,0.1717593457825232,-2.378357160883819,-0.0311580541222473,0.5201670551719506,-0.5719345943293974,0.1201970601601191,-0.6215705967146201,-0.9274745739175644,-0.4411343123767325
20.0,90.0,1001.5506591796876,0.8244933525661774,0.1717593457825232,-2.378357160883819,-0.0311580423686572,0.5201670551719506,-0.5719345939749669,0.1201970601601191,-0.6215705967146201,-0.9274745739175644,-0.4411343717026852
20.0,90.0,1001.5506591796876,0.8244933526016286,0.1717593457825232,-2.378357160883819,-0.0311580530584091,0.5201670551719506,-0.5719346051680902,0.1201970601601191,-0.6215705967146201,-0.9274745739175644,-0.4411343219579379
20.0,90.0,1001.5506591796876,0.824493352090662,0.1717593457825232,-2.378357160883819,-0.0311580534525075,0.5201670551719506,-0.5719346051680902,0.1201970601601191,-0.6215705967146201,-0.9274745739175644,-0.4411343723097837
20.0,90.0,1001.5506591796876,0.8244933528054464,0.1717593457825232,-2.378357160883819,-0.0311580534525075,0.5201670551719506,-0.5719346048987726,0.1201970601601191,-0.6215705967146201,-0.9274745739175644,-0.4411343723097837
20.0,90.0,1001.5506591796876,0.8244933387943909,0.1717593457825232,-2.378357160883819,-0.0311580529691009,0.5201670551719506,-0.5719345943294843,0.1201970601601191,-0.6215705967146201,-0.9274745739175644,-0.441134321303687
20.0,90.0,1001.5506591796876,0.8244933395631296,0.1717593457825232,-2.378357160883819,-0.0311580423600512,0.5201670551719506,-0.5719345939749669,0.1201970601601191,-0.6215705967146201,-0.9274745739175644,-0.4411343717385995
20.0,90.0,1001.5506591796876,0.8244933387808259,0.1717593457825232,-2.378357160883819,-0.0311580541221462,0.5201670551719506,-0.5719345943141666,0.1201970601601191,-0.6215705967146201,-0.9274745739175644,-0.4411343212577384
20.0,90.0,1001.5506591796876,0.8244933526016286,0.1717593457825232,-2.378357160883819,-0.0311580530584091,0.5201670551719506,-0.5719346051680902,0.1201970601601191,-0.6215705967146201,-0.9274745739175644,-0.4411343255308994
20.0,90.0,1001.5506591796876,0.8244933396765536,0.1717593457825232,-2.378357160883819,-0.0311580538843447,0.5201670551719506,-0.5719346049993385,0.1201970601601191,-0.6215705967146201,-0.9274745739175644,-0.441134321303687
20.0,90.0,1001.5506591796876,0.8244933521271011,0.1717593457825232,-2.378357160883819,-0.0311580534611135,0.5201670551719506,-0.5719346052965096,0.1201970601601191,-0.6215705967146201,-0.9274745739175644,-0.4411343722738695
20.0,90.0,1001.5506591796876,0.8244933526016286,0.1717593457825232,-2.378357160883819,-0.0311580530584091,0.5201670551719506,-0.5719346051680902,0.1201970601601191,-0.6215705967146201,-0.9274745739175644,-0.4411343219579379
20.0,90.0,1001.5506591796876,0.8244933387943909,0.1717593457825232,-2.378357160883819,-0.0311580529516899,0.5201670551719506,-0.5719345944177404,0.1201970601601191,-0.6215705967146201,-0.9274745739175644,-0.4411343193595953
20.0,90.0,1001.5506591796876,0.8244933520852021,0.1717593457825232,-2.378357160883819,-0.0311580524038381,0.5201670551719506,-0.5719346053232678,0.1201970601601191,-0.6215705967146201,-0.9274745739175644,-0.4411343782838919
20.0,90.0,1001.5506591796876,0.824493352090662,0.1717593457825232,-2.378357160883819,-0.0311580534525075,0.5201670551719506,-0.5719346053232678,0.1201970601601191,-0.6215705967146201,-0.9274745739175644,-0.4411343709629802
20.0,90.0,1001.5506591796876,0.8244933523488258,0.1717593457825232,-2.378357160883819,-0.0311580534525075,0.5201670551719506,-0.5719345942146142,0.1201970601601191,-0.6215705967146201,-0.9274745739175644,-0.4411343716012223
20.0,90.0,1001.5506591796876,0.8244933387943909,0.1717593457825232,-2.378357160883819,-0.0311580529691009,0.5201670551719506,-0.5719345943294843,0.1201970601601191,-0.6215705967146201,-0.9274745739175644,-0.441134321303687
20.0,90.0,1001.5506591796876,0.8244933386200441,0.1717593457825232,-2.378357160883819,-0.0311580527488536,0.5201670551719506,-0.5719345952432623,0.1201970601601191,-0.6215705967146201,-0.9274745739175644,-0.4411343193236358
20.0,90.0,1001.5506591796876,0.8244933398274198,0.1717593457825232,-2.378357160883819,-0.0311580544449531,0.5201670551719506,-0.5719345943635564,0.1201970601601191,-0.6215705967146201,-0.9274745739175644,-0.4411343712551805
20.0,90.0,1001.5506591796876,0.8244933391240533,0.1717593457825232,-2.378357160883819,-0.0311580534525075,0.5201670551719506,-0.5719346052965096,0.1201970601601191,-0.6215705967146201,-0.9274745739175644,-0.4411343723097837
20.0,90.0,1001.5506591796876,0.8244933511438328,0.1717593457825232,-2.378357160883819,-0.0311580534525075,0.5201670551719506,-0.5719346051680902,0.1201970601601191,-0.6215705967146201,-0.9274745739175644,-0.4411343723097837
20.0,90.0,1001.5506591796876,0.8244933386213625,0.1717593457825232,-2.378357160883819,-0.0311580534525075,0.5201670551719506,-0.571934605089793,0.1201970601601191,-0.6215705967146201,-0.9274745739175644,-0.4411343723097837
20.0,90.0,1001.5506591796876,0.8244933526016286,0.1717593457825232,-2.378357160883819,-0.0311580530584091,0.5201670551719506,-0.5719346051680902,0.1201970601601191,-0.6215705967146201,-0.9274745739175644,-0.441134374805408
20.0,90.0,1001.5506591796876,0.8244933386177605,0.1717593457825232,-2.378357160883819,-0.0311580534525075,0.5201670551719506,-0.57193460529768,0.1201970601601191,-0.6215705967146201,-0.9274745739175644,-0.4411343723097837
20.0,90.0,1001.5506591796876,0.8244933522792596,0.1717593457825232,-2.378357160883819,-0.0311580430857361,0.5201670551719506,-0.5719345939749669,0.1201970601601191,-0.6215705967146201,-0.9274745739175644,-0.4411343767541825
20.0,90.0,1001.5506591796876,0.8244933519141987,0.1717593457825232,-2.378357160883819,-0.0311580530558917,0.5201670551719506,-0.5719346048975713,0.1201970601601191,-0.6215705967146201,-0.9274745739175644,-0.4411343219579379
20.0,90.0,1001.5506591796876,0.8244933522029857,0.1717593457825232,-2.378357160883819,-0.0311580529607708,0.5201670551719506,-0.5719345945004789,0.1201970601601191,-0.6215705967146201,-0.9274745739175644,-0.4411343163811315
20.0,90.0,1001.5506591796876,0.8244933387943909,0.1717593457825232,-2.378357160883819,-0.0311580523175117,0.5201670551719506,-0.5719345943333561,0.1201970601601191,-0.6215705967146201,-0.9274745739175644,-0.4411343783384461
20.0,90.0,1001.5506591796876,0.8244933387943909,0.1717593457825232,-2.378357160883819,-0.0311580529691009,0.5201670551719506,-0.5719345943294843,0.1201970601601191,-0.6215705967146201,-0.9274745739175644,-0.441134321303687
20.0,90.0,1001.5506591796876,0.8244933522893626,0.1717593457825232,-2.378357160883819,-0.0311580430857361,0.5201670551719506,-0.5719345949809617,0.1201970601601191,-0.6215705967146201,-0.9274745739175644,-0.4411343205807947
20.0,91.0,1001.3815307617188,0.8244933528576487,0.1717593457825232,-2.378357160883819,-0.0295333911093593,0.5201670551719506,-0.571934594085546,0.1201970601601191,-0.6215705967146201,-0.9274745739175644,-0.4411343783384461
20.0,91.0,1001.3815307617188,0.8244933528563879,0.1717593457825232,-2.378357160883819,-0.0295333911093593,0.5201670551719506,-0.571934594085546,0.1201970601601191,-0.6215705967146201,-0.9274745739175644,-0.4411343782061857
20.0,91.0,1001.3897705078124,0.8244933528381678,0.1717593457825232,-2.378357160883819,-0.0296257887274085,0.5201670551719506,-0.571934594085546,0.1201970601601191,-0.6215705967146201,-0.9274745739175644,-0.4411343783384461
20.0,91.0,1001.5397338867188,0.8244933523683066,0.1717593457825232,-2.378357160883819,-0.0310656558344584,0.5201670551719506,-0.5719345942146142,0.1201970601601191,-0.6215705967146201,-0.9274745739175644,-0.4411343716012223
20.0,91.0,1001.5506591796876,0.8244933523488258,0.1717593457825232,-2.378357160883819,-0.0311580534525075,0.5201670551719506,-0.5719346051680902,0.1201970601601191,-0.6215705967146201,-0.9274745739175644,-0.4411343723097837
20.0,91.0,1001.5506591796876,0.824493352090662,0.1717593457825232,-2.378357160883819,-0.0311580534525075,0.5201670551719506,-0.5719346051680902,0.1201970601601191,-0.6215705967146201,-0.9274745739175644,-0.4411343723097837
20.0,91.0,1001.5506591796876,0.8244933523488258,0.1717593457825232,-2.378357160883819,-0.0311580534525075,0.5201670551719506,-0.5719345942146142,0.1201970601601191,-0.6215705967146201,-0.9274745739175644,-0.4411343758792872
20.0,91.0,1001.5506591796876,0.8244933522893626,0.1717593457825232,-2.378357160883819,-0.0311580534525075,0.5201670551719506,-0.5719346051680902,0.1201970601601191,-0.6215705967146201,-0.9274745739175644,-0.4411343723097837
20.0,91.0,1001.5506591796876,0.8244933386213625,0.1717593457825232,-2.378357160883819,-0.0311580534525075,0.5201670551719506,-0.5719346051680902,0.1201970601601191,-0.6215705967146201,-0.9274745739175644,-0.4411343723097837
20.0,91.0,1001.5506591796876,0.824493352090662,0.1717593457825232,-2.378357160883819,-0.0311580534525075,0.5201670551719506,-0.5719346053232678,0.1201970601601191,-0.6215705967146201,-0.9274745739175644,-0.4411343709629802
20.0,91.0,1001.5506591796876,0.8244933387943909,0.1717593457825232,-2.378357160883819,-0.0311580523175117,0.5201670551719506,-0.5719345943333561,0.1201970601601191,-0.6215705967146201,-0.9274745739175644,-0.4411343783384461
20.0,91.0,1001.5506591796876,0.8244933528054464,0.1717593457825232,-2.378357160883819,-0.0311580534525075,0.5201670551719506,-0.5719346051680902,0.1201970601601191,-0.6215705967146201,-0.9274745739175644,-0.4411343723097837
20.0,91.0,1001.5506591796876,0.8244933387041866,0.1717593457825232,-2.378357160883819,-0.0311580534439985,0.5201670551719506,-0.5719345943333561,0.1201970601601191,-0.6215705967146201,-0.9274745739175644,-0.4411343788024437
20.0,91.0,1001.5506591796876,0.8244933522893626,0.1717593457825232,-2.378357160883819,-0.0311580430857361,0.5201670551719506,-0.5719345939749669,0.1201970601601191,-0.6215705967146201,-0.9274745739175644,-0.4411343717026852
20.0,91.0,1001.5506591796876,0.8244933386213625,0.1717593457825232,-2.378357160883819,-0.0311580534525075,0.5201670551719506,-0.5719346051680902,0.1201970601601191,-0.6215705967146201,-0.9274745739175644,-0.4411343723097837
20.0,91.0,1001.5506591796876,0.8244933387943909,0.1717593457825232,-2.378357160883819,-0.0311580523175117,0.5201670551719506,-0.571934605550359,0.1201970601601191,-0.6215705967146201,-0.9274745739175644,-0.4411343783384461
20.0,91.0,1001.5506591796876,0.8244933526016286,0.1717593457825232,-2.378357160883819,-0.0311580530584091,0.5201670551719506,-0.5719346051680902,0.1201970601601191,-0.6215705967146201,-0.9274745739175644,-0.4411343219579379
20.0,91.0,1001.5506591796876,0.8244933387808259,0.1717593457825232,-2.378357160883819,-0.0311580538843447,0.5201670551719506,-0.5719345950328779,0.1201970601601191,-0.6215705967146201,-0.9274745739175644,-0.441134321303687
20.0,91.0,1001.5506591796876,0.8244933396765536,0.1717593457825232,-2.378357160883819,-0.0311580538843447,0.5201670551719506,-0.571934595042048,0.1201970601601191,-0.6215705967146201,-0.9274745739175644,-0.441134321303687
20.0,91.0,1001.5506591796876,0.8244933391240533,0.1717593457825232,-2.378357160883819,-0.0311580534525075,0.5201670551719506,-0.5719346052965096,0.1201970601601191,-0.6215705967146201,-0.9274745739175644,-0.4411343723097837
20.0,91.0,1001.5506591796876,0.8244933386200441,0.1717593457825232,-2.378357160883819,-0.0311580527488536,0.5201670551719506,-0.5719346052005528,0.1201970601601191,-0.6215705967146201,-0.9274745739175644,-0.4411343193236358
20.0,91.0,1001.5506591796876,0.824493352090662,0.1717593457825232,-2.378357160883819,-0.0311580524038381,0.5201670551719506,-0.5719346053232678,0.1201970601601191,-0.6215705967146201,-0.9274745739175644,-0.4411343782838919
20.0,91.0,1001.5506591796876,0.8244933387808259,0.1717593457825232,-2.378357160883819,-0.0311580538843447,0.5201670551719506,-0.5719345938336142,0.1201970601601191,-0.6215705967146201,-0.9274745739175644,-0.441134321303687
20.0,91.0,1001.5506591796876,0.8244933399472206,0.1717593457825232,-2.378357160883819,-0.0311580541222473,0.5201670551719506,-0.5719345943293974,0.1201970601601191,-0.6215705967146201,-0.9274745739175644,-0.4411343123767325
20.0,91.0,1001.5506591796876,0.8244933525661774,0.1717593457825232,-2.378357160883819,-0.0311580423686572,0.5201670551719506,-0.5719345939749669,0.1201970601601191,-0.6215705967146201,-0.9274745739175644,-0.4411343717026852
20.0,91.0,1001.5506591796876,0.8244933526016286,0.1717593457825232,-2.378357160883819,-0.0311580530584091,0.5201670551719506,-0.5719346051680902,0.1201970601601191,-0.6215705967146201,-0.9274745739175644,-0.4411343219579379
20.0,91.0,1001.5506591796876,0.824493352090662,0.1717593457825232,-2.378357160883819,-0.0311580534525075,0.5201670551719506,-0.5719346051680902,0.1201970601601191,-0.6215705967146201,-0.9274745739175644,-0.4411343723097837
20.0,91.0,1001.5506591796876,0.8244933528054464,0.1717593457825232,-2.378357160883819,-0.0311580534525075,0.5201670551719506,-0.5719346048987726,0.1201970601601191,-0.6215705967146201,-0.9274745739175644,-0.4411343723097837
20.0,91.0,1001.5506591796876,0.8244933387943909,0.1717593457825232,-2.378357160883819,-0.0311580529691009,0.5201670551719506,-0.5719345943294843,0.1201970601601191,-0.6215705967146201,-0.9274745739175644,-0.441134321303687
20.0,91.0,1001.5506591796876,0.8244933395631296,0.1717593457825232,-2.378357160883819,-0.0311580423600512,0.5201670551719506,-0.5719345939749669,0.1201970601601191,-0.6215705967146201,-0.9274745739175644,-0.4411343717385995
20.0,91.0,1001.5506591796876,0.8244933387808259,0.1717593457825232,-2.378357160883819,-0.0311580541221462,0.5201670551719506,-0.5719345943141666,0.1201970601601191,-0.6215705967146201,-0.9274745739175644,-0.4411343212577384
20.0,91.0,1001.5506591796876,0.8244933526016286,0.1717593457825232,-2.378357160883819,-0.0311580530584091,0.5201670551719506,-0.5719346051680902,0.1201970601601191,-0.6215705967146201,-0.9274745739175644,-0.4411343255308994
20.0,91.0,1001.5506591796876,0.8244933396765536,0.1717593457825232,-2.378357160883819,-0.0311580538843447,0.5201670551719506,-0.5719346049993385,0.1201970601601191,-0.6215705967146201,-0.9274745739175644,-0.441134321303687
20.0,91.0,1001.5506591796876,0.8244933521271011,0.1717593457825232,-2.378357160883819,-0.0311580534611135,0.5201670551719506,-0.5719346052965096,0.1201970601601191,-0.6215705967146201,-0.9274745739175644,-0.4411343722738695
20.0,91.0,1001.5506591796876,0.8244933526016286,0.1717593457825232,-2.378357160883819,-0.0311580530584091,0.5201670551719506,-0.5719346051680902,0.1201970601601191,-0.6215705967146201,-0.9274745739175644,-0.4411343219579379
20.0,91.0,1001.5506591796876,0.8244933387943909,0.1717593457825232,-2.378357160883819,-0.0311580529516899,0.5201670551719506,-0.5719345944177404,0.1201970601601191,-0.6215705967146201,-0.9274745739175644,-0.4411343193595953
20.0,91.0,1001.5506591796876,0.8244933520852021,0.1717593457825232,-2.378357160883819,-0.0311580524038381,0.5201670551719506,-0.5719346053232678,0.1201970601601191,-0.6215705967146201,-0.9274745739175644,-0.4411343782838919
20.0,91.0,1001.5506591796876,0.824493352090662,0.1717593457825232,-2.378357160883819,-0.0311580534525075,0.5201670551719506,-0.5719346053232678,0.1201970601601191,-0.6215705967146201,-0.9274745739175644,-0.4411343709629802
20.0,91.0,1001.5506591796876,0.8244933523488258,0.1717593457825232,-2.378357160883819,-0.0311580534525075,0.5201670551719506,-0.5719345942146142,0.1201970601601191,-0.6215705967146201,-0.9274745739175644,-0.4411343716012223
20.0,91.0,1001.5506591796876,0.8244933387943909,0.1717593457825232,-2.378357160883819,-0.0311580529691009,0.5201670551719506,-0.5719345943294843,0.1201970601601191,-0.6215705967146201,-0.9274745739175644,-0.441134321303687
20.0,91.0,1001.5506591796876,0.8244933386200441,0.1717593457825232,-2.378357160883819,-0.0311580527488536,0.5201670551719506,-0.5719345952432623,0.1201970601601191,-0.6215705967146201,-0.9274745739175644,-0.4411343193236358
20.0,91.0,1001.5506591796876,0.8244933398274198,0.1717593457825232,-2.378357160883819,-0.0311580544449531,0.5201670551719506,-0.5719345943635564,0.1201970601601191,-0.6215705967146201,-0.9274745739175644,-0.4411343712551805
20.0,91.0,1001.5506591796876,0.8244933391240533,0.1717593457825232,-2.378357160883819,-0.0311580534525075,0.5201670551719506,-0.5719346052965096,0.1201970601601191,-0.6215705967146201,-0.9274745739175644,-0.4411343723097837
20.0,91.0,1001.5506591796876,0.8244933511438328,0.1717593457825232,-2.378357160883819,-0.0311580534525075,0.5201670551719506,-0.5719346051680902,0.1201970601601191,-0.6215705967146201,-0.9274745739175644,-0.4411343723097837
20.0,91.0,1001.5506591796876,0.8244933386213625,0.1717593457825232,-2.378357160883819,-0.0311580534525075,0.5201670551719506,-0.571934605089793,0.1201970601601191,-0.6215705967146201,-0.9274745739175644,-0.4411343723097837
20.0,91.0,1001.5506591796876,0.8244933526016286,0.1717593457825232,-2.378357160883819,-0.0311580530584091,0.5201670551719506,-0.5719346051680902,0.1201970601601191,-0.6215705967146201,-0.9274745739175644,-0.441134374805408
20.0,91.0,1001.5506591796876,0.8244933386177605,0.1717593457825232,-2.378357160883819,-0.0311580534525075,0.5201670551719506,-0.57193460529768,0.1201970601601191,-0.6215705967146201,-0.9274745739175644,-0.4411343723097837
20.0,91.0,1001.5506591796876,0.8244933522792596,0.1717593457825232,-2.378357160883819,-0.0311580430857361,0.5201670551719506,-0.5719345939749669,0.1201970601601191,-0.6215705967146201,-0.9274745739175644,-0.4411343767541825
20.0,91.0,1001.5506591796876,0.8244933519141987,0.1717593457825232,-2.378357160883819,-0.0311580530558917,0.5201670551719506,-0.5719346048975713,0.1201970601601191,-0.6215705967146201,-0.9274745739175644,-0.4411343219579379
20.0,91.0,1001.5506591796876,0.8244933522029857,0.1717593457825232,-2.378357160883819,-0.0311580529607708,0.5201670551719506,-0.5719345945004789,0.1201970601601191,-0.6215705967146201,-0.9274745739175644,-0.4411343163811315
20.0,92.0,1001.3811645507812,0.8244933528484057,0.1717593457825232,-2.378357160883819,-0.0295295060949261,0.5201670551719506,-0.5719345939741214,0.1201970601601191,-0.6215705967146201,-0.9274745739175644,-0.4411343717026852
20.0,92.0,1001.3815307617188,0.8244933528576487,0.1717593457825232,-2.378357160883819,-0.0295333911093593,0.5201670551719506,-0.571934594085546,0.1201970601601191,-0.6215705967146201,-0.9274745739175644,-0.4411343783384461
20.0,92.0,1001.3815307617188,0.8244933528563879,0.1717593457825232,-2.378357160883819,-0.0295333911093593,0.5201670551719506,-0.571934594085546,0.1201970601601191,-0.6215705967146201,-0.9274745739175644,-0.4411343782061857
20.0,92.0,1001.3815307617188,0.8244933528576487,0.1717593457825232,-2.378357160883819,-0.0295333911093593,0.5201670551719506,-0.571934594085546,0.1201970601601191,-0.6215705967146201,-0.9274745739175644,-0.4411343783384461
20.0,92.0,1001.3847045898438,0.8244933523683066,0.1717593457825232,-2.378357160883819,-0.0295687771242694,0.5201670551719506,-0.5719345942146142,0.1201970601601191,-0.6215705967146201,-0.9274745739175644,-0.4411343716012223
20.0,92.0,1001.3897705078124,0.8244933528381678,0.1717593457825232,-2.378357160883819,-0.0296257887274085,0.5201670551719506,-0.571934594085546,0.1201970601601191,-0.6215705967146201,-0.9274745739175644,-0.4411343783384461
20.0,92.0,1001.3938598632812,0.8244933528381678,0.1717593457825232,-2.378357160883819,-0.029670813950551,0.5201670551719506,-0.571934594085546,0.1201970601601191,-0.6215705967146201,-0.9274745739175644,-0.4411343783384461
20.0,92.0,1001.5397338867188,0.8244933523683066,0.1717593457825232,-2.378357160883819,-0.0310656558344584,0.5201670551719506,-0.5719345942146142,0.1201970601601191,-0.6215705967146201,-0.9274745739175644,-0.4411343716012223
20.0,92.0,1001.5397338867188,0.8244933385862434,0.1717593457825232,-2.378357160883819,-0.0310656941282458,0.5201670551719506,-0.5719345952432623,0.1201970601601191,-0.6215705967146201,-0.9274745739175644,-0.4411343726757925
20.0,92.0,1001.5506591796876,0.8244933523488258,0.1717593457825232,-2.378357160883819,-0.0311580534525075,0.5201670551719506,-0.5719346051680902,0.1201970601601191,-0.6215705967146201,-0.9274745739175644,-0.4411343723097837
20.0,92.0,1001.5506591796876,0.824493352090662,0.1717593457825232,-2.378357160883819,-0.0311580534525075,0.5201670551719506,-0.5719346051680902,0.1201970601601191,-0.6215705967146201,-0.9274745739175644,-0.4411343723097837
20.0,92.0,1001.5506591796876,0.8244933523488258,0.1717593457825232,-2.378357160883819,-0.0311580534525075,0.5201670551719506,-0.5719345942146142,0.1201970601601191,-0.6215705967146201,-0.9274745739175644,-0.4411343758792872
20.0,92.0,1001.5506591796876,0.8244933522893626,0.1717593457825232,-2.378357160883819,-0.0311580534525075,0.5201670551719506,-0.5719346051680902,0.1201970601601191,-0.6215705967146201,-0.9274745739175644,-0.4411343723097837
20.0,92.0,1001.5506591796876,0.8244933386213625,0.1717593457825232,-2.378357160883819,-0.0311580534525075,0.5201670551719506,-0.5719346051680902,0.1201970601601191,-0.6215705967146201,-0.9274745739175644,-0.4411343723097837
20.0,92.0,1001.5506591796876,0.824493352090662,0.1717593457825232,-2.378357160883819,-0.0311580534525075,0.5201670551719506,-0.5719346053232678,0.1201970601601191,-0.6215705967146201,-0.9274745739175644,-0.4411343709629802
20.0,92.0,1001.5506591796876,0.8244933387943909,0.1717593457825232,-2.378357160883819,-0.0311580523175117,0.5201670551719506,-0.5719345943333561,0.1201970601601191,-0.6215705967146201,-0.9274745739175644,-0.4411343783384461
20.0,92.0,1001.5506591796876,0.8244933528054464,0.1717593457825232,-2.378357160883819,-0.0311580534525075,0.5201670551719506,-0.5719346051680902,0.1201970601601191,-0.6215705967146201,-0.9274745739175644,-0.4411343723097837
20.0,92.0,1001.5506591796876,0.8244933387041866,0.1717593457825232,-2.378357160883819,-0.0311580534439985,0.5201670551719506,-0.5719345943333561,0.1201970601601191,-0.6215705967146201,-0.9274745739175644,-0.4411343788024437
20.0,92.0,1001.5506591796876,0.8244933522893626,0.1717593457825232,-2.378357160883819,-0.0311580430857361,0.5201670551719506,-0.5719345939749669,0.1201970601601191,-0.6215705967146201,-0.9274745739175644,-0.4411343717026852
20.0,92.0,1001.5506591796876,0.8244933386213625,0.1717593457825232,-2.378357160883819,-0.0311580534525075,0.5201670551719506,-0.5719346051680902,0.1201970601601191,-0.6215705967146201,-0.9274745739175644,-0.4411343723097837
20.0,92.0,1001.5506591796876,0.8244933387943909,0.1717593457825232,-2.378357160883819,-0.0311580523175117,0.5201670551719506,-0.571934605550359,0.1201970601601191,-0.6215705967146201,-0.9274745739175644,-0.4411343783384461
20.0,92.0,1001.5506591796876,0.8244933526016286,0.1717593457825232,-2.378357160883819,-0.0311580530584091,0.5201670551719506,-0.5719346051680902,0.1201970601601191,-0.6215705967146201,-0.9274745739175644,-0.4411343219579379
20.0,92.0,1001.5506591796876,0.8244933387808259,0.1717593457825232,-2.378357160883819,-0.0311580538843447,0.5201670551719506,-0.5719345950328779,0.1201970601601191,-0.6215705967146201,-0.9274745739175644,-0.441134321303687
20.0,92.0,1001.5506591796876,0.8244933396765536,0.1717593457825232,-2.378357160883819,-0.0311580538843447,0.5201670551719506,-0.571934595042048,0.1201970601601191,-0.6215705967146201,-0.9274745739175644,-0.441134321303687
20.0,92.0,1001.5506591796876,0.8244933391240533,0.1717593457825232,-2.378357160883819,-0.0311580534525075,0.5201670551719506,-0.5719346052965096,0.1201970601601191,-0.6215705967146201,-0.9274745739175644,-0.4411343723097837
20.0,92.0,1001.5506591796876,0.8244933386200441,0.1717593457825232,-2.378357160883819,-0.0311580527488536,0.5201670551719506,-0.5719346052005528,0.1201970601601191,-0.6215705967146201,-0.9274745739175644,-0.4411343193236358
20.0,92.0,1001.5506591796876,0.824493352090662,0.1717593457825232,-2.378357160883819,-0.0311580524038381,0.5201670551719506,-0.5719346053232678,0.1201970601601191,-0.6215705967146201,-0.9274745739175644,-0.4411343782838919
20.0,92.0,1001.5506591796876,0.8244933387808259,0.1717593457825232,-2.378357160883819,-0.0311580538843447,0.5201670551719506,-0.5719345938336142,0.1201970601601191,-0.6215705967146201,-0.9274745739175644,-0.441134321303687
20.0,92.0,1001.5506591796876,0.8244933399472206,0.1717593457825232,-2.378357160883819,-0.0311580541222473,0.5201670551719506,-0.5719345943293974,0.1201970601601191,-0.6215705967146201,-0.9274745739175644,-0.4411343123767325
20.0,92.0,1001.5506591796876,0.8244933525661774,0.1717593457825232,-2.378357160883819,-0.0311580423686572,0.5201670551719506,-0.5719345939749669,0.1201970601601191,-0.6215705967146201,-0.9274745739175644,-0.4411343717026852
20.0,92.0,1001.5506591796876,0.8244933526016286,0.1717593457825232,-2.378357160883819,-0.0311580530584091,0.5201670551719506,-0.5719346051680902,0.1201970601601191,-0.6215705967146201,-0.9274745739175644,-0.4411343219579379
20.0,92.0,1001.5506591796876,0.824493352090662,0.1717593457825232,-2.378357160883819,-0.0311580534525075,0.5201670551719506,-0.5719346051680902,0.1201970601601191,-0.6215705967146201,-0.9274745739175644,-0.4411343723097837
20.0,92.0,1001.5506591796876,0.8244933528054464,0.1717593457825232,-2.378357160883819,-0.0311580534525075,0.5201670551719506,-0.5719346048987726,0.1201970601601191,-0.6215705967146201,-0.9274745739175644,-0.4411343723097837
20.0,92.0,1001.5506591796876,0.8244933387943909,0.1717593457825232,-2.378357160883819,-0.0311580529691009,0.5201670551719506,-0.5719345943294843,0.1201970601601191,-0.6215705967146201,-0.9274745739175644,-0.441134321303687
20.0,92.0,1001.5506591796876,0.8244933395631296,0.1717593457825232,-2.378357160883819,-0.0311580423600512,0.5201670551719506,-0.5719345939749669,0.1201970601601191,-0.6215705967146201,-0.9274745739175644,-0.4411343717385995
20.0,92.0,1001.5506591796876,0.8244933387808259,0.1717593457825232,-2.378357160883819,-0.0311580541221462,0.5201670551719506,-0.5719345943141666,0.1201970601601191,-0.6215705967146201,-0.9274745739175644,-0.4411343212577384
20.0,92.0,1001.5506591796876,0.8244933526016286,0.1717593457825232,-2.378357160883819,-0.0311580530584091,0.5201670551719506,-0.5719346051680902,0.1201970601601191,-0.6215705967146201,-0.9274745739175644,-0.4411343255308994
20.0,92.0,1001.5506591796876,0.8244933396765536,0.1717593457825232,-2.378357160883819,-0.0311580538843447,0.5201670551719506,-0.5719346049993385,0.1201970601601191,-0.6215705967146201,-0.9274745739175644,-0.441134321303687
20.0,92.0,1001.5506591796876,0.8244933521271011,0.1717593457825232,-2.378357160883819,-0.0311580534611135,0.5201670551719506,-0.5719346052965096,0.1201970601601191,-0.6215705967146201,-0.9274745739175644,-0.4411343722738695
20.0,92.0,1001.5506591796876,0.8244933526016286,0.1717593457825232,-2.378357160883819,-0.0311580530584091,0.5201670551719506,-0.5719346051680902,0.1201970601601191,-0.6215705967146201,-0.9274745739175644,-0.4411343219579379
20.0,92.0,1001.5506591796876,0.8244933387943909,0.1717593457825232,-2.378357160883819,-0.0311580529516899,0.5201670551719506,-0.5719345944177404,0.1201970601601191,-0.6215705967146201,-0.9274745739175644,-0.4411343193595953
20.0,92.0,1001.5506591796876,0.8244933520852021,0.1717593457825232,-2.378357160883819,-0.0311580524038381,0.5201670551719506,-0.5719346053232678,0.1201970601601191,-0.6215705967146201,-0.9274745739175644,-0.4411343782838919
20.0,92.0,1001.5506591796876,0.824493352090662,0.1717593457825232,-2.378357160883819,-0.0311580534525075,0.5201670551719506,-0.5719346053232678,0.1201970601601191,-0.6215705967146201,-0.9274745739175644,-0.4411343709629802
20.0,92.0,1001.5506591796876,0.8244933523488258,0.1717593457825232,-2.378357160883819,-0.0311580534525075,0.5201670551719506,-0.5719345942146142,0.1201970601601191,-0.6215705967146201,-0.9274745739175644,-0.4411343716012223
20.0,92.0,1001.5506591796876,0.8244933387943909,0.1717593457825232,-2.378357160883819,-0.0311580529691009,0.5201670551719506,-0.5719345943294843,0.1201970601601191,-0.6215705967146201,-0.9274745739175644,-0.441134321303687
20.0,92.0,1001.5506591796876,0.8244933386200441,0.1717593457825232,-2.378357160883819,-0.0311580527488536,0.5201670551719506,-0.5719345952432623,0.1201970601601191,-0.6215705967146201,-0.9274745739175644,-0.4411343193236358
20.0,92.0,1001.5506591796876,0.8244933398274198,0.1717593457825232,-2.378357160883819,-0.0311580544449531,0.5201670551719506,-0.5719345943635564,0.1201970601601191,-0.6215705967146201,-0.9274745739175644,-0.4411343712551805
20.0,92.0,1001.5506591796876,0.8244933391240533,0.1717593457825232,-2.378357160883819,-0.0311580534525075,0.5201670551719506,-0.5719346052965096,0.1201970601601191,-0.6215705967146201,-0.9274745739175644,-0.4411343723097837
20.0,92.0,1001.5506591796876,0.8244933511438328,0.1717593457825232,-2.378357160883819,-0.0311580534525075,0.5201670551719506,-0.5719346051680902,0.1201970601601191,-0.6215705967146201,-0.9274745739175644,-0.4411343723097837
20.0,92.0,1001.5506591796876,0.8244933386213625,0.1717593457825232,-2.378357160883819,-0.0311580534525075,0.5201670551719506,-0.571934605089793,0.1201970601601191,-0.6215705967146201,-0.9274745739175644,-0.4411343723097837
20.0,93.0,1001.3707885742188,0.8244933528563879,0.1717593457825232,-2.378357160883819,-0.0294106739570585,0.5201670551719506,-0.5719345949844431,0.1201970601601191,-0.6215705967146201,-0.9274745739175644,-0.4411343782061857
20.0,93.0,1001.3811645507812,0.8244933528484057,0.1717593457825232,-2.378357160883819,-0.0295295060949261,0.5201670551719506,-0.5719345939741214,0.1201970601601191,-0.6215705967146201,-0.9274745739175644,-0.4411343717026852
20.0,93.0,1001.3811645507812,0.8244933526302928,0.1717593457825232,-2.378357160883819,-0.0295295060949261,0.5201670551719506,-0.5719345939741214,0.1201970601601191,-0.6215705967146201,-0.9274745739175644,-0.441134371673173
20.0,93.0,1001.3815307617188,0.8244933528576487,0.1717593457825232,-2.378357160883819,-0.0295333911093593,0.5201670551719506,-0.571934594085546,0.1201970601601191,-0.6215705967146201,-0.9274745739175644,-0.4411343783384461
20.0,93.0,1001.3815307617188,0.8244933528563879,0.1717593457825232,-2.378357160883819,-0.0295333911093593,0.5201670551719506,-0.571934594085546,0.1201970601601191,-0.6215705967146201,-0.9274745739175644,-0.4411343782061857
20.0,93.0,1001.3815307617188,0.8244933528576487,0.1717593457825232,-2.378357160883819,-0.0295333911093593,0.5201670551719506,-0.571934594085546,0.1201970601601191,-0.6215705967146201,-0.9274745739175644,-0.4411343783384461
20.0,93.0,1001.3815307617188,0.8244933528563879,0.1717593457825232,-2.378357160883819,-0.0295333911093593,0.5201670551719506,-0.5719345942336987,0.1201970601601191,-0.6215705967146201,-0.9274745739175644,-0.4411343782781672
20.0,93.0,1001.3847045898438,0.8244933523683066,0.1717593457825232,-2.378357160883819,-0.0295687771242694,0.5201670551719506,-0.5719345942146142,0.1201970601601191,-0.6215705967146201,-0.9274745739175644,-0.4411343716012223
20.0,93.0,1001.3897705078124,0.8244933528381678,0.1717593457825232,-2.378357160883819,-0.0296257887274085,0.5201670551719506,-0.571934594085546,0.1201970601601191,-0.6215705967146201,-0.9274745739175644,-0.4411343783384461
20.0,93.0,1001.3897705078124,0.8244933529263697,0.1717593457825232,-2.378357160883819,-0.0296257887274085,0.5201670551719506,-0.571934594085546,0.1201970601601191,-0.6215705967146201,-0.9274745739175644,-0.4411343216801421
20.0,93.0,1001.3938598632812,0.8244933528381678,0.1717593457825232,-2.378357160883819,-0.029670813950551,0.5201670551719506,-0.571934594085546,0.1201970601601191,-0.6215705967146201,-0.9274745739175644,-0.4411343783384461
20.0,93.0,1001.5338134765624,0.8244933520705047,0.1717593457825232,-2.378357160883819,-0.0310145647730612,0.5201670551719506,-0.5719346053232678,0.1201970601601191,-0.6215705967146201,-0.9274745739175644,-0.4411343782838919
20.0,93.0,1001.5397338867188,0.8244933523683066,0.1717593457825232,-2.378357160883819,-0.0310656558344584,0.5201670551719506,-0.5719345942146142,0.1201970601601191,-0.6215705967146201,-0.9274745739175644,-0.4411343716012223
20.0,93.0,1001.5397338867188,0.8244933385862434,0.1717593457825232,-2.378357160883819,-0.0310656941282458,0.5201670551719506,-0.5719345952432623,0.1201970601601191,-0.6215705967146201,-0.9274745739175644,-0.4411343726757925
20.0,93.0,1001.5397338867188,0.8244933523683066,0.1717593457825232,-2.378357160883819,-0.0310656558344584,0.5201670551719506,-0.5719345940664616,0.1201970601601191,-0.6215705967146201,-0.9274745739175644,-0.4411343715292407
20.0,93.0,1001.5397338867188,0.8244933385862434,0.1717593457825232,-2.378357160883819,-0.0310656941282458,0.5201670551719506,-0.5719345952432623,0.1201970601601191,-0.6215705967146201,-0.9274745739175644,-0.4411343726757925
20.0,93.0,1001.5506591796876,0.8244933523488258,0.1717593457825232,-2.378357160883819,-0.0311580534525075,0.5201670551719506,-0.5719346051680902,0.1201970601601191,-0.6215705967146201,-0.9274745739175644,-0.4411343723097837
20.0,93.0,1001.5506591796876,0.824493352090662,0.1717593457825232,-2.378357160883819,-0.0311580534525075,0.5201670551719506,-0.5719346051680902,0.1201970601601191,-0.6215705967146201,-0.9274745739175644,-0.4411343723097837
20.0,93.0,1001.5506591796876,0.8244933523488258,0.1717593457825232,-2.378357160883819,-0.0311580534525075,0.5201670551719506,-0.5719345942146142,0.1201970601601191,-0.6215705967146201,-0.9274745739175644,-0.4411343758792872
20.0,93.0,1001.5506591796876,0.8244933522893626,0.1717593457825232,-2.378357160883819,-0.0311580534525075,0.5201670551719506,-0.5719346051680902,0.1201970601601191,-0.6215705967146201,-0.9274745739175644,-0.4411343723097837
20.0,93.0,1001.5506591796876,0.8244933386213625,0.1717593457825232,-2.378357160883819,-0.0311580534525075,0.5201670551719506,-0.5719346051680902,0.1201970601601191,-0.6215705967146201,-0.9274745739175644,-0.4411343723097837
20.0,93.0,1001.5506591796876,0.824493352090662,0.1717593457825232,-2.378357160883819,-0.0311580534525075,0.5201670551719506,-0.5719346053232678,0.1201970601601191,-0.6215705967146201,-0.9274745739175644,-0.4411343709629802
20.0,93.0,1001.5506591796876,0.8244933387943909,0.1717593457825232,-2.378357160883819,-0.0311580523175117,0.5201670551719506,-0.5719345943333561,0.1201970601601191,-0.6215705967146201,-0.9274745739175644,-0.4411343783384461
20.0,93.0,1001.5506591796876,0.8244933528054464,0.1717593457825232,-2.378357160883819,-0.0311580534525075,0.5201670551719506,-0.5719346051680902,0.1201970601601191,-0.6215705967146201,-0.9274745739175644,-0.4411343723097837
20.0,93.0,1001.5506591796876,0.8244933387041866,0.1717593457825232,-2.378357160883819,-0.0311580534439985,0.5201670551719506,-0.5719345943333561,0.1201970601601191,-0.6215705967146201,-0.9274745739175644,-0.4411343788024437
20.0,93.0,1001.5506591796876,0.8244933522893626,0.1717593457825232,-2.378357160883819,-0.0311580430857361,0.5201670551719506,-0.5719345939749669,0.1201970601601191,-0.6215705967146201,-0.9274745739175644,-0.4411343717026852
20.0,93.0,1001.5506591796876,0.8244933386213625,0.1717593457825232,-2.378357160883819,-0.0311580534525075,0.5201670551719506,-0.5719346051680902,0.1201970601601191,-0.6215705967146201,-0.9274745739175644,-0.4411343723097837
20.0,93.0,1001.5506591796876,0.8244933387943909,0.1717593457825232,-2.378357160883819,-0.0311580523175117,0.5201670551719506,-0.571934605550359,0.1201970601601191,-0.6215705967146201,-0.9274745739175644,-0.4411343783384461
20.0,93.0,1001.5506591796876,0.8244933526016286,0.1717593457825232,-2.378357160883819,-0.0311580530584091,0.5201670551719506,-0.5719346051680902,0.1201970601601191,-0.6215705967146201,-0.9274745739175644,-0.4411343219579379
20.0,93.0,1001.5506591796876,0.8244933387808259,0.1717593457825232,-2.378357160883819,-0.0311580538843447,0.5201670551719506,-0.5719345950328779,0.1201970601601191,-0.6215705967146201,-0.9274745739175644,-0.441134321303687
20.0,93.0,1001.5506591796876,0.8244933396765536,0.1717593457825232,-2.378357160883819,-0.0311580538843447,0.5201670551719506,-0.571934595042048,0.1201970601601191,-0.6215705967146201,-0.9274745739175644,-0.441134321303687
20.0,93.0,1001.5506591796876,0.8244933391240533,0.1717593457825232,-2.378357160883819,-0.0311580534525075,0.5201670551719506,-0.5719346052965096,0.1201970601601191,-0.6215705967146201,-0.9274745739175644,-0.4411343723097837
20.0,93.0,1001.5506591796876,0.8244933386200441,0.1717593457825232,-2.378357160883819,-0.0311580527488536,0.5201670551719506,-0.5719346052005528,0.1201970601601191,-0.6215705967146201,-0.9274745739175644,-0.4411343193236358
20.0,93.0,1001.5506591796876,0.824493352090662,0.1717593457825232,-2.378357160883819,-0.0311580524038381,0.5201670551719506,-0.5719346053232678,0.1201970601601191,-0.6215705967146201,-0.9274745739175644,-0.4411343782838919
20.0,93.0,1001.5506591796876,0.8244933387808259,0.1717593457825232,-2.378357160883819,-0.0311580538843447,0.5201670551719506,-0.5719345938336142,0.1201970601601191,-0.6215705967146201,-0.9274745739175644,-0.441134321303687
20.0,93.0,1001.5506591796876,0.8244933399472206,0.1717593457825232,-2.378357160883819,-0.0311580541222473,0.5201670551719506,-0.5719345943293974,0.1201970601601191,-0.6215705967146201,-0.9274745739175644,-0.4411343123767325
20.0,93.0,1001.5506591796876,0.8244933525661774,0.1717593457825232,-2.378357160883819,-0.0311580423686572,0.5201670551719506,-0.5719345939749669,0.1201970601601191,-0.6215705967146201,-0.9274745739175644,-0.4411343717026852
20.0,93.0,1001.5506591796876,0.8244933526016286,0.1717593457825232,-2.378357160883819,-0.0311580530584091,0.5201670551719506,-0.5719346051680902,0.1201970601601191,-0.6215705967146201,-0.9274745739175644,-0.4411343219579379
20.0,93.0,1001.5506591796876,0.824493352090662,0.1717593457825232,-2.378357160883819,-0.0311580534525075,0.5201670551719506,-0.5719346051680902,0.1201970601601191,-0.6215705967146201,-0.9274745739175644,-0.4411343723097837
20.0,93.0,1001.5506591796876,0.8244933528054464,0.1717593457825232,-2.378357160883819,-0.0311580534525075,0.5201670551719506,-0.5719346048987726,0.1201970601601191,-0.6215705967146201,-0.9274745739175644,-0.4411343723097837
20.0,93.0,1001.5506591796876,0.8244933387943909,0.1717593457825232,-2.378357160883819,-0.0311580529691009,0.5201670551719506,-0.5719345943294843,0.1201970601601191,-0.6215705967146201,-0.9274745739175644,-0.441134321303687
20.0,93.0,1001.5506591796876,0.8244933395631296,0.1717593457825232,-2.378357160883819,-0.0311580423600512,0.5201670551719506,-0.5719345939749669,0.1201970601601191,-0.6215705967146201,-0.9274745739175644,-0.4411343717385995
20.0,93.0,1001.5506591796876,0.8244933387808259,0.1717593457825232,-2.378357160883819,-0.0311580541221462,0.5201670551719506,-0.5719345943141666,0.1201970601601191,-0.6215705967146201,-0.9274745739175644,-0.4411343212577384
20.0,93.0,1001.5506591796876,0.8244933526016286,0.1717593457825232,-2.378357160883819,-0.0311580530584091,0.5201670551719506,-0.5719346051680902,0.1201970601601191,-0.6215705967146201,-0.9274745739175644,-0.4411343255308994
20.0,93.0,1001.5506591796876,0.8244933396765536,0.1717593457825232,-2.378357160883819,-0.0311580538843447,0.5201670551719506,-0.5719346049993385,0.1201970601601191,-0.6215705967146201,-0.9274745739175644,-0.441134321303687
20.0,93.0,1001.5506591796876,0.8244933521271011,0.1717593457825232,-2.378357160883819,-0.0311580534611135,0.5201670551719506,-0.5719346052965096,0.1201970601601191,-0.6215705967146201,-0.9274745739175644,-0.4411343722738695
20.0,93.0,1001.5506591796876,0.8244933526016286,0.1717593457825232,-2.378357160883819,-0.0311580530584091,0.5201670551719506,-0.5719346051680902,0.1201970601601191,-0.6215705967146201,-0.9274745739175644,-0.4411343219579379
20.0,93.0,1001.5506591796876,0.8244933387943909,0.1717593457825232,-2.378357160883819,-0.0311580529516899,0.5201670551719506,-0.5719345944177404,0.1201970601601191,-0.6215705967146201,-0.9274745739175644,-0.4411343193595953
20.0,93.0,1001.5506591796876,0.8244933520852021,0.1717593457825232,-2.378357160883819,-0.0311580524038381,0.5201670551719506,-0.5719346053232678,0.1201970601601191,-0.6215705967146201,-0.9274745739175644,-0.4411343782838919
20.0,93.0,1001.5506591796876,0.824493352090662,0.1717593457825232,-2.378357160883819,-0.0311580534525075,0.5201670551719506,-0.5719346053232678,0.1201970601601191,-0.6215705967146201,-0.9274745739175644,-0.4411343709629802
20.0,94.0,1001.3707885742188,0.8244933528563879,0.1717593457825232,-2.378357160883819,-0.0294106739570585,0.5201670551719506,-0.5719345949844431,0.1201970601601191,-0.6215705967146201,-0.9274745739175644,-0.4411343782061857
20.0,94.0,1001.3770751953124,0.8244933528901922,0.1717593457825232,-2.378357160883819,-0.0294825548875778,0.5201670551719506,-0.571934594085546,0.1201970601601191,-0.6215705967146201,-0.9274745739175644,-0.4411343785320649
20.0,94.0,1001.3811645507812,0.8244933528484057,0.1717593457825232,-2.378357160883819,-0.0295295060949261,0.5201670551719506,-0.5719345939741214,0.1201970601601191,-0.6215705967146201,-0.9274745739175644,-0.4411343717026852
20.0,94.0,1001.3811645507812,0.8244933526302928,0.1717593457825232,-2.378357160883819,-0.0295295060949261,0.5201670551719506,-0.5719345939741214,0.1201970601601191,-0.6215705967146201,-0.9274745739175644,-0.441134371673173
20.0,94.0,1001.3815307617188,0.8244933528576487,0.1717593457825232,-2.378357160883819,-0.0295333911093593,0.5201670551719506,-0.571934594085546,0.1201970601601191,-0.6215705967146201,-0.9274745739175644,-0.4411343783384461
20.0,94.0,1001.3815307617188,0.8244933528563879,0.1717593457825232,-2.378357160883819,-0.0295333911093593,0.5201670551719506,-0.571934594085546,0.1201970601601191,-0.6215705967146201,-0.9274745739175644,-0.4411343782061857
20.0,94.0,1001.3815307617188,0.8244933528576487,0.1717593457825232,-2.378357160883819,-0.0295333911093593,0.5201670551719506,-0.571934594085546,0.1201970601601191,-0.6215705967146201,-0.9274745739175644,-0.4411343783384461
20.0,94.0,1001.3815307617188,0.8244933528563879,0.1717593457825232,-2.378357160883819,-0.0295333911093593,0.5201670551719506,-0.5719345942336987,0.1201970601601191,-0.6215705967146201,-0.9274745739175644,-0.4411343782781672
20.0,94.0,1001.3815307617188,0.8244933528483401,0.1717593457825232,-2.378357160883819,-0.0295334085416581,0.5201670551719506,-0.5719345939717743,0.1201970601601191,-0.6215705967146201,-0.9274745739175644,-0.4411343717026852
20.0,94.0,1001.3815307617188,0.8244933528576487,0.1717593457825232,-2.378357160883819,-0.0295333911093593,0.5201670551719506,-0.571934594085546,0.1201970601601191,-0.6215705967146201,-0.9274745739175644,-0.4411343181613661
20.0,94.0,1001.3817749023438,0.8244933528576487,0.1717593457825232,-2.378357160883819,-0.0295362739941308,0.5201670551719506,-0.571934594085546,0.1201970601601191,-0.6215705967146201,-0.9274745739175644,-0.4411343215661738
20.0,94.0,1001.3824462890624,0.8244933528563879,0.1717593457825232,-2.378357160883819,-0.0295439179629186,0.5201670551719506,-0.5719345941724168,0.1201970601601191,-0.6215705967146201,-0.9274745739175644,-0.4411343782061857
20.0,94.0,1001.3847045898438,0.8244933523683066,0.1717593457825232,-2.378357160883819,-0.0295687771242694,0.5201670551719506,-0.5719345942146142,0.1201970601601191,-0.6215705967146201,-0.9274745739175644,-0.4411343716012223
20.0,94.0,1001.3895263671876,0.8244933529263697,0.1717593457825232,-2.378357160883819,-0.029622905842637,0.5201670551719506,-0.571934594085546,0.1201970601601191,-0.6215705967146201,-0.9274745739175644,-0.4411343784524144
20.0,94.0,1001.3897705078124,0.8244933528381678,0.1717593457825232,-2.378357160883819,-0.0296257887274085,0.5201670551719506,-0.571934594085546,0.1201970601601191,-0.6215705967146201,-0.9274745739175644,-0.4411343783384461
20.0,94.0,1001.3897705078124,0.8244933529263697,0.1717593457825232,-2.378357160883819,-0.0296257887274085,0.5201670551719506,-0.571934594085546,0.1201970601601191,-0.6215705967146201,-0.9274745739175644,-0.4411343216801421
20.0,94.0,1001.3897705078124,0.8244933528400241,0.1717593457825232,-2.378357160883819,-0.0296257887274085,0.5201670551719506,-0.571934594085546,0.1201970601601191,-0.6215705967146201,-0.9274745739175644,-0.4411343783384461
20.0,94.0,1001.3938598632812,0.8244933528381678,0.1717593457825232,-2.378357160883819,-0.029670813950551,0.5201670551719506,-0.571934594085546,0.1201970601601191,-0.6215705967146201,-0.9274745739175644,-0.4411343783384461
20.0,94.0,1001.3938598632812,0.8244933528381678,0.1717593457825232,-2.378357160883819,-0.029670813950551,0.5201670551719506,-0.571934594085546,0.1201970601601191,-0.6215705967146201,-0.9274745739175644,-0.4411343783384461
20.0,94.0,1001.5338134765624,0.8244933520705047,0.1717593457825232,-2.378357160883819,-0.0310145647730612,0.5201670551719506,-0.5719346053232678,0.1201970601601191,-0.6215705967146201,-0.9274745739175644,-0.4411343782838919
20.0,94.0,1001.5338134765624,0.8244933525435555,0.1717593457825232,-2.378357160883819,-0.0310145647730612,0.5201670551719506,-0.5719346053232678,0.1201970601601191,-0.6215705967146201,-0.9274745739175644,-0.4411343782838919
20.0,94.0,1001.5397338867188,0.8244933523683066,0.1717593457825232,-2.378357160883819,-0.0310656558344584,0.5201670551719506,-0.5719345942146142,0.1201970601601191,-0.6215705967146201,-0.9274745739175644,-0.4411343716012223
20.0,94.0,1001.5397338867188,0.8244933385862434,0.1717593457825232,-2.378357160883819,-0.0310656941282458,0.5201670551719506,-0.5719345952432623,0.1201970601601191,-0.6215705967146201,-0.9274745739175644,-0.4411343726757925
20.0,94.0,1001.5397338867188,0.8244933523683066,0.1717593457825232,-2.378357160883819,-0.0310656558344584,0.5201670551719506,-0.5719345940664616,0.1201970601601191,-0.6215705967146201,-0.9274745739175644,-0.4411343715292407
20.0,94.0,1001.5397338867188,0.8244933385862434,0.1717593457825232,-2.378357160883819,-0.0310656941282458,0.5201670551719506,-0.5719345952432623,0.1201970601601191,-0.6215705967146201,-0.9274745739175644,-0.4411343726757925
20.0,94.0,1001.5397338867188,0.8244933523683066,0.1717593457825232,-2.378357160883819,-0.0310656558344584,0.5201670551719506,-0.5719345940361279,0.1201970601601191,-0.6215705967146201,-0.9274745739175644,-0.4411343715292407
20.0,94.0,1001.5397338867188,0.824493352360965,0.1717593457825232,-2.378357160883819,-0.0310656558344584,0.5201670551719506,-0.5719345942146142,0.1201970601601191,-0.6215705967146201,-0.9274745739175644,-0.4411343718776616
20.0,94.0,1001.5452270507812,0.8244933388850033,0.1717593457825232,-2.378357160883819,-0.0311122535413567,0.5201670551719506,-0.5719345949844431,0.1201970601601191,-0.6215705967146201,-0.9274745739175644,-0.4411343782061857
20.0,94.0,1001.5506591796876,0.8244933523488258,0.1717593457825232,-2.378357160883819,-0.0311580534525075,0.5201670551719506,-0.5719346051680902,0.1201970601601191,-0.6215705967146201,-0.9274745739175644,-0.4411343723097837
20.0,94.0,1001.5506591796876,0.824493352090662,0.1717593457825232,-2.378357160883819,-0.0311580534525075,0.5201670551719506,-0.5719346051680902,0.1201970601601191,-0.6215705967146201,-0.9274745739175644,-0.4411343723097837
20.0,94.0,1001.5506591796876,0.8244933523488258,0.1717593457825232,-2.378357160883819,-0.0311580534525075,0.5201670551719506,-0.5719345942146142,0.1201970601601191,-0.6215705967146201,-0.9274745739175644,-0.4411343758792872
20.0,94.0,1001.5506591796876,0.8244933522893626,0.1717593457825232,-2.378357160883819,-0.0311580534525075,0.5201670551719506,-0.5719346051680902,0.1201970601601191,-0.6215705967146201,-0.9274745739175644,-0.4411343723097837
20.0,94.0,1001.5506591796876,0.8244933386213625,0.1717593457825232,-2.378357160883819,-0.0311580534525075,0.5201670551719506,-0.5719346051680902,0.1201970601601191,-0.6215705967146201,-0.9274745739175644,-0.4411343723097837
20.0,94.0,1001.5506591796876,0.824493352090662,0.1717593457825232,-2.378357160883819,-0.0311580534525075,0.5201670551719506,-0.5719346053232678,0.1201970601601191,-0.6215705967146201,-0.9274745739175644,-0.4411343709629802
20.0,94.0,1001.5506591796876,0.8244933387943909,0.1717593457825232,-2.378357160883819,-0.0311580523175117,0.5201670551719506,-0.5719345943333561,0.1201970601601191,-0.6215705967146201,-0.9274745739175644,-0.4411343783384461
20.0,94.0,1001.5506591796876,0.8244933528054464,0.1717593457825232,-2.378357160883819,-0.0311580534525075,0.5201670551719506,-0.5719346051680902,0.1201970601601191,-0.6215705967146201,-0.9274745739175644,-0.4411343723097837
20.0,94.0,1001.5506591796876,0.8244933387041866,0.1717593457825232,-2.378357160883819,-0.0311580534439985,0.5201670551719506,-0.5719345943333561,0.1201970601601191,-0.6215705967146201,-0.9274745739175644,-0.4411343788024437
20.0,94.0,1001.5506591796876,0.8244933522893626,0.1717593457825232,-2.378357160883819,-0.0311580430857361,0.5201670551719506,-0.5719345939749669,0.1201970601601191,-0.6215705967146201,-0.9274745739175644,-0.4411343717026852
20.0,94.0,1001.5506591796876,0.8244933386213625,0.1717593457825232,-2.378357160883819,-0.0311580534525075,0.5201670551719506,-0.5719346051680902,0.1201970601601191,-0.6215705967146201,-0.9274745739175644,-0.4411343723097837
20.0,94.0,1001.5506591796876,0.8244933387943909,0.1717593457825232,-2.378357160883819,-0.0311580523175117,0.5201670551719506,-0.571934605550359,0.1201970601601191,-0.6215705967146201,-0.9274745739175644,-0.4411343783384461
20.0,94.0,1001.5506591796876,0.8244933526016286,0.1717593457825232,-2.378357160883819,-0.0311580530584091,0.5201670551719506,-0.5719346051680902,0.1201970601601191,-0.6215705967146201,-0.9274745739175644,-0.4411343219579379
20.0,94.0,1001.5506591796876,0.8244933387808259,0.1717593457825232,-2.378357160883819,-0.0311580538843447,0.5201670551719506,-0.5719345950328779,0.1201970601601191,-0.6215705967146201,-0.9274745739175644,-0.441134321303687
20.0,94.0,1001.5506591796876,0.8244933396765536,0.1717593457825232,-2.378357160883819,-0.0311580538843447,0.5201670551719506,-0.571934595042048,0.1201970601601191,-0.6215705967146201,-0.9274745739175644,-0.441134321303687
20.0,94.0,1001.5506591796876,0.8244933391240533,0.1717593457825232,-2.378357160883819,-0.0311580534525075,0.5201670551719506,-0.5719346052965096,0.1201970601601191,-0.6215705967146201,-0.9274745739175644,-0.4411343723097837
20.0,94.0,1001.5506591796876,0.8244933386200441,0.1717593457825232,-2.378357160883819,-0.0311580527488536,0.5201670551719506,-0.5719346052005528,0.1201970601601191,-0.6215705967146201,-0.9274745739175644,-0.4411343193236358
20.0,94.0,1001.5506591796876,0.824493352090662,0.1717593457825232,-2.378357160883819,-0.0311580524038381,0.5201670551719506,-0.5719346053232678,0.1201970601601191,-0.6215705967146201,-0.9274745739175644,-0.4411343782838919
20.0,94.0,1001.5506591796876,0.8244933387808259,0.1717593457825232,-2.378357160883819,-0.0311580538843447,0.5201670551719506,-0.5719345938336142,0.1201970601601191,-0.6215705967146201,-0.9274745739175644,-0.441134321303687
20.0,94.0,1001.5506591796876,0.8244933399472206,0.1717593457825232,-2.378357160883819,-0.0311580541222473,0.5201670551719506,-0.5719345943293974,0.1201970601601191,-0.6215705967146201,-0.9274745739175644,-0.4411343123767325
20.0,94.0,1001.5506591796876,0.8244933525661774,0.1717593457825232,-2.378357160883819,-0.0311580423686572,0.5201670551719506,-0.5719345939749669,0.1201970601601191,-0.6215705967146201,-0.9274745739175644,-0.4411343717026852
20.0,94.0,1001.5506591796876,0.8244933526016286,0.1717593457825232,-2.378357160883819,-0.0311580530584091,0.5201670551719506,-0.5719346051680902,0.1201970601601191,-0.6215705967146201,-0.9274745739175644,-0.4411343219579379
20.0,95.0,1001.3707885742188,0.8244933528563879,0.1717593457825232,-2.378357160883819,-0.0294106739570585,0.5201670551719506,-0.5719345949844431,0.1201970601601191,-0.6215705967146201,-0.9274745739175644,-0.4411343782061857
20.0,95.0,1001.3770751953124,0.8244933528901922,0.1717593457825232,-2.378357160883819,-0.0294825548875778,0.5201670551719506,-0.571934594085546,0.1201970601601191,-0.6215705967146201,-0.9274745739175644,-0.4411343785320649
20.0,95.0,1001.3770751953124,0.8244933523618071,0.1717593457825232,-2.378357160883819,-0.0294825548875778,0.5201670551719506,-0.5719345940857734,0.1201970601601191,-0.6215705967146201,-0.9274745739175644,-0.4411343785320649
20.0,95.0,1001.3811645507812,0.8244933528484057,0.1717593457825232,-2.378357160883819,-0.0295295060949261,0.5201670551719506,-0.5719345939741214,0.1201970601601191,-0.6215705967146201,-0.9274745739175644,-0.4411343717026852
20.0,95.0,1001.3811645507812,0.8244933526302928,0.1717593457825232,-2.378357160883819,-0.0295295060949261,0.5201670551719506,-0.5719345939741214,0.1201970601601191,-0.6215705967146201,-0.9274745739175644,-0.441134371673173
20.0,95.0,1001.3811645507812,0.8244933528561466,0.1717593457825232,-2.378357160883819,-0.0295295060949261,0.5201670551719506,-0.5719345941822159,0.1201970601601191,-0.6215705967146201,-0.9274745739175644,-0.4411343715095093
20.0,95.0,1001.3815307617188,0.8244933528576487,0.1717593457825232,-2.378357160883819,-0.0295333911093593,0.5201670551719506,-0.571934594085546,0.1201970601601191,-0.6215705967146201,-0.9274745739175644,-0.4411343783384461
20.0,95.0,1001.3815307617188,0.8244933528563879,0.1717593457825232,-2.378357160883819,-0.0295333911093593,0.5201670551719506,-0.571934594085546,0.1201970601601191,-0.6215705967146201,-0.9274745739175644,-0.4411343782061857
20.0,95.0,1001.3815307617188,0.8244933528576487,0.1717593457825232,-2.378357160883819,-0.0295333911093593,0.5201670551719506,-0.571934594085546,0.1201970601601191,-0.6215705967146201,-0.9274745739175644,-0.4411343783384461
20.0,95.0,1001.3815307617188,0.8244933528563879,0.1717593457825232,-2.378357160883819,-0.0295333911093593,0.5201670551719506,-0.5719345942336987,0.1201970601601191,-0.6215705967146201,-0.9274745739175644,-0.4411343782781672
20.0,95.0,1001.3815307617188,0.8244933528483401,0.1717593457825232,-2.378357160883819,-0.0295334085416581,0.5201670551719506,-0.5719345939717743,0.1201970601601191,-0.6215705967146201,-0.9274745739175644,-0.4411343717026852
20.0,95.0,1001.3815307617188,0.8244933528576487,0.1717593457825232,-2.378357160883819,-0.0295333911093593,0.5201670551719506,-0.571934594085546,0.1201970601601191,-0.6215705967146201,-0.9274745739175644,-0.4411343181613661
20.0,95.0,1001.3815307617188,0.8244933528483401,0.1717593457825232,-2.378357160883819,-0.0295334085416581,0.5201670551719506,-0.5719345939717743,0.1201970601601191,-0.6215705967146201,-0.9274745739175644,-0.4411343717026852
20.0,95.0,1001.3815307617188,0.8244933528563879,0.1717593457825232,-2.378357160883819,-0.0295333911093593,0.5201670551719506,-0.571934594085546,0.1201970601601191,-0.6215705967146201,-0.9274745739175644,-0.4411343782061857
20.0,95.0,1001.3815307617188,0.8244933528576487,0.1717593457825232,-2.378357160883819,-0.0295333911093593,0.5201670551719506,-0.5719346053481951,0.1201970601601191,-0.6215705967146201,-0.9274745739175644,-0.4411343719681443
20.0,95.0,1001.3815307617188,0.8244933528563879,0.1717593457825232,-2.378357160883819,-0.0295333904650258,0.5201670551719506,-0.5719345942336987,0.1201970601601191,-0.6215705967146201,-0.9274745739175644,-0.4411343782781672
20.0,95.0,1001.381591796875,0.8244933521047578,0.1717593457825232,-2.378357160883819,-0.0295338017637881,0.5201670551719506,-0.5719346053232678,0.1201970601601191,-0.6215705967146201,-0.9274745739175644,-0.4411343783373774
20.0,95.0,1001.3817138671876,0.824493352856362,0.1717593457825232,-2.378357160883819,-0.0295358486231015,0.5201670551719506,-0.571934594085546,0.1201970601601191,-0.6215705967146201,-0.9274745739175644,-0.4411343783359986
20.0,95.0,1001.3817749023438,0.8244933528576487,0.1717593457825232,-2.378357160883819,-0.0295362739941308,0.5201670551719506,-0.571934594085546,0.1201970601601191,-0.6215705967146201,-0.9274745739175644,-0.4411343215661738
20.0,95.0,1001.3819580078124,0.8244933528576487,0.1717593457825232,-2.378357160883819,-0.0295382402579328,0.5201670551719506,-0.571934594085546,0.1201970601601191,-0.6215705967146201,-0.9274745739175644,-0.4411343206492085
20.0,95.0,1001.3822631835938,0.8244933528576487,0.1717593457825232,-2.378357160883819,-0.0295413666406018,0.5201670551719506,-0.571934594085546,0.1201970601601191,-0.6215705967146201,-0.9274745739175644,-0.4411343784533993
20.0,95.0,1001.3824462890624,0.8244933528563879,0.1717593457825232,-2.378357160883819,-0.0295439179629186,0.5201670551719506,-0.5719345941724168,0.1201970601601191,-0.6215705967146201,-0.9274745739175644,-0.4411343782061857
20.0,95.0,1001.3847045898438,0.8244933523683066,0.1717593457825232,-2.378357160883819,-0.0295687771242694,0.5201670551719506,-0.5719345942146142,0.1201970601601191,-0.6215705967146201,-0.9274745739175644,-0.4411343716012223
20.0,95.0,1001.3847045898438,0.824493352851345,0.1717593457825232,-2.378357160883819,-0.0295687771242694,0.5201670551719506,-0.5719345942146142,0.1201970601601191,-0.6215705967146201,-0.9274745739175644,-0.4411343716012223
20.0,95.0,1001.3847045898438,0.82449335287482,0.1717593457825232,-2.378357160883819,-0.0295687771242694,0.5201670551719506,-0.5719345941720568,0.1201970601601191,-0.6215705967146201,-0.9274745739175644,-0.4411343714847875
20.0,95.0,1001.3887939453124,0.8244933529263697,0.1717593457825232,-2.378357160883819,-0.0296149303113945,0.5201670551719506,-0.571934594085546,0.1201970601601191,-0.6215705967146201,-0.9274745739175644,-0.4411343783374611
20.0,95.0,1001.3895263671876,0.8244933529263697,0.1717593457825232,-2.378357160883819,-0.029622905842637,0.5201670551719506,-0.571934594085546,0.1201970601601191,-0.6215705967146201,-0.9274745739175644,-0.4411343784524144
20.0,95.0,1001.3897705078124,0.8244933528381678,0.1717593457825232,-2.378357160883819,-0.0296257887274085,0.5201670551719506,-0.571934594085546,0.1201970601601191,-0.6215705967146201,-0.9274745739175644,-0.4411343783384461
20.0,95.0,1001.3897705078124,0.8244933529263697,0.1717593457825232,-2.378357160883819,-0.0296257887274085,0.5201670551719506,-0.571934594085546,0.1201970601601191,-0.6215705967146201,-0.9274745739175644,-0.4411343216801421
20.0,95.0,1001.3897705078124,0.8244933528400241,0.1717593457825232,-2.378357160883819,-0.0296257887274085,0.5201670551719506,-0.571934594085546,0.1201970601601191,-0.6215705967146201,-0.9274745739175644,-0.4411343783384461
20.0,95.0,1001.3934326171876,0.8244933528576487,0.1717593457825232,-2.378357160883819,-0.0296653862569461,0.5201670551719506,-0.571934594085546,0.1201970601601191,-0.6215705967146201,-0.9274745739175644,-0.4411343215661738
20.0,95.0,1001.3935546875,0.8244933528576487,0.1717593457825232,-2.378357160883819,-0.0296671962467645,0.5201670551719506,-0.571934594085546,0.1201970601601191,-0.6215705967146201,-0.9274745739175644,-0.4411343783384461
20.0,95.0,1001.3938598632812,0.8244933528381678,0.1717593457825232,-2.378357160883819,-0.029670813950551,0.5201670551719506,-0.571934594085546,0.1201970601601191,-0.6215705967146201,-0.9274745739175644,-0.4411343783384461
20.0,95.0,1001.3938598632812,0.8244933528381678,0.1717593457825232,-2.378357160883819,-0.029670813950551,0.5201670551719506,-0.571934594085546,0.1201970601601191,-0.6215705967146201,-0.9274745739175644,-0.4411343783384461
20.0,95.0,1001.5338134765624,0.8244933520705047,0.1717593457825232,-2.378357160883819,-0.0310145647730612,0.5201670551719506,-0.5719346053232678,0.1201970601601191,-0.6215705967146201,-0.9274745739175644,-0.4411343782838919
20.0,95.0,1001.5338134765624,0.8244933525435555,0.1717593457825232,-2.378357160883819,-0.0310145647730612,0.5201670551719506,-0.5719346053232678,0.1201970601601191,-0.6215705967146201,-0.9274745739175644,-0.4411343782838919
20.0,95.0,1001.5338134765624,0.8244933520705047,0.1717593457825232,-2.378357160883819,-0.0310145647730612,0.5201670551719506,-0.5719346053232678,0.1201970601601191,-0.6215705967146201,-0.9274745739175644,-0.4411343782061943
20.0,95.0,1001.5355224609376,0.8244933523488258,0.1717593457825232,-2.378357160883819,-0.0310289411896923,0.5201670551719506,-0.5719346051680902,0.1201970601601191,-0.6215705967146201,-0.9274745739175644,-0.4411343723097837
20.0,95.0,1001.5397338867188,0.8244933523683066,0.1717593457825232,-2.378357160883819,-0.0310656558344584,0.5201670551719506,-0.5719345942146142,0.1201970601601191,-0.6215705967146201,-0.9274745739175644,-0.4411343716012223
20.0,95.0,1001.5397338867188,0.8244933385862434,0.1717593457825232,-2.378357160883819,-0.0310656941282458,0.5201670551719506,-0.5719345952432623,0.1201970601601191,-0.6215705967146201,-0.9274745739175644,-0.4411343726757925
20.0,95.0,1001.5397338867188,0.8244933523683066,0.1717593457825232,-2.378357160883819,-0.0310656558344584,0.5201670551719506,-0.5719345940664616,0.1201970601601191,-0.6215705967146201,-0.9274745739175644,-0.4411343715292407
20.0,95.0,1001.5397338867188,0.8244933385862434,0.1717593457825232,-2.378357160883819,-0.0310656941282458,0.5201670551719506,-0.5719345952432623,0.1201970601601191,-0.6215705967146201,-0.9274745739175644,-0.4411343726757925
20.0,95.0,1001.5397338867188,0.8244933523683066,0.1717593457825232,-2.378357160883819,-0.0310656558344584,0.5201670551719506,-0.5719345940361279,0.1201970601601191,-0.6215705967146201,-0.9274745739175644,-0.4411343715292407
20.0,95.0,1001.5397338867188,0.824493352360965,0.1717593457825232,-2.378357160883819,-0.0310656558344584,0.5201670551719506,-0.5719345942146142,0.1201970601601191,-0.6215705967146201,-0.9274745739175644,-0.4411343718776616
20.0,95.0,1001.5397338867188,0.824493352360965,0.1717593457825232,-2.378357160883819,-0.0310656558344584,0.5201670551719506,-0.5719345942146142,0.1201970601601191,-0.6215705967146201,-0.9274745739175644,-0.4411343718776616
20.0,95.0,1001.5452270507812,0.8244933388850033,0.1717593457825232,-2.378357160883819,-0.0311122535413567,0.5201670551719506,-0.5719345949844431,0.1201970601601191,-0.6215705967146201,-0.9274745739175644,-0.4411343782061857
20.0,95.0,1001.5499267578124,0.8244933528039148,0.1717593457825232,-2.378357160883819,-0.0311515769598241,0.5201670551719506,-0.571934594085546,0.1201970601601191,-0.6215705967146201,-0.9274745739175644,-0.4411343782849606
20.0,95.0,1001.5506591796876,0.8244933523488258,0.1717593457825232,-2.378357160883819,-0.0311580534525075,0.5201670551719506,-0.5719346051680902,0.1201970601601191,-0.6215705967146201,-0.9274745739175644,-0.4411343723097837
20.0,95.0,1001.5506591796876,0.824493352090662,0.1717593457825232,-2.378357160883819,-0.0311580534525075,0.5201670551719506,-0.5719346051680902,0.1201970601601191,-0.6215705967146201,-0.9274745739175644,-0.4411343723097837
20.0,95.0,1001.5506591796876,0.8244933523488258,0.1717593457825232,-2.378357160883819,-0.0311580534525075,0.5201670551719506,-0.5719345942146142,0.1201970601601191,-0.6215705967146201,-0.9274745739175644,-0.4411343758792872
20.0,96.0,1001.3707885742188,0.8244933528563879,0.1717593457825232,-2.378357160883819,-0.0294106739570585,0.5201670551719506,-0.5719345949844431,0.1201970601601191,-0.6215705967146201,-0.9274745739175644,-0.4411343782061857
20.0,96.0,1001.3707885742188,0.8244933528563879,0.1717593457825232,-2.378357160883819,-0.0294106739570585,0.5201670551719506,-0.5719345949844431,0.1201970601601191,-0.6215705967146201,-0.9274745739175644,-0.4411343782061857
20.0,96.0,1001.3721313476562,0.824493352835715,0.1717593457825232,-2.378357160883819,-0.0294260486157893,0.5201670551719506,-0.5719345949844431,0.1201970601601191,-0.6215705967146201,-0.9274745739175644,-0.4411343782061857
20.0,96.0,1001.3770751953124,0.8244933528901922,0.1717593457825232,-2.378357160883819,-0.0294825548875778,0.5201670551719506,-0.571934594085546,0.1201970601601191,-0.6215705967146201,-0.9274745739175644,-0.4411343785320649
20.0,96.0,1001.3770751953124,0.8244933523618071,0.1717593457825232,-2.378357160883819,-0.0294825548875778,0.5201670551719506,-0.5719345940857734,0.1201970601601191,-0.6215705967146201,-0.9274745739175644,-0.4411343785320649
20.0,96.0,1001.3771362304688,0.8244933523618071,0.1717593457825232,-2.378357160883819,-0.0294831600249725,0.5201670551719506,-0.5719345940857734,0.1201970601601191,-0.6215705967146201,-0.9274745739175644,-0.4411343785258365
20.0,96.0,1001.3771362304688,0.8244933528917244,0.1717593457825232,-2.378357160883819,-0.0294834178565636,0.5201670551719506,-0.571934594085546,0.1201970601601191,-0.6215705967146201,-0.9274745739175644,-0.4411343782773582
20.0,96.0,1001.3811645507812,0.8244933528484057,0.1717593457825232,-2.378357160883819,-0.0295295060949261,0.5201670551719506,-0.5719345939741214,0.1201970601601191,-0.6215705967146201,-0.9274745739175644,-0.4411343717026852
20.0,96.0,1001.3811645507812,0.8244933526302928,0.1717593457825232,-2.378357160883819,-0.0295295060949261,0.5201670551719506,-0.5719345939741214,0.1201970601601191,-0.6215705967146201,-0.9274745739175644,-0.441134371673173
20.0,96.0,1001.3811645507812,0.8244933528561466,0.1717593457825232,-2.378357160883819,-0.0295295060949261,0.5201670551719506,-0.5719345941822159,0.1201970601601191,-0.6215705967146201,-0.9274745739175644,-0.4411343715095093
20.0,96.0,1001.3811645507812,0.8244933528479855,0.1717593457825232,-2.378357160883819,-0.0295293218545646,0.5201670551719506,-0.5719345940856017,0.1201970601601191,-0.6215705967146201,-0.9274745739175644,-0.4411343783384461
20.0,96.0,1001.3811645507812,0.8244933526302928,0.1717593457825232,-2.378357160883819,-0.0295295060949261,0.5201670551719506,-0.5719345939741214,0.1201970601601191,-0.6215705967146201,-0.9274745739175644,-0.441134371673173
20.0,96.0,1001.3815307617188,0.8244933528576487,0.1717593457825232,-2.378357160883819,-0.0295333911093593,0.5201670551719506,-0.571934594085546,0.1201970601601191,-0.6215705967146201,-0.9274745739175644,-0.4411343783384461
20.0,96.0,1001.3815307617188,0.8244933528563879,0.1717593457825232,-2.378357160883819,-0.0295333911093593,0.5201670551719506,-0.571934594085546,0.1201970601601191,-0.6215705967146201,-0.9274745739175644,-0.4411343782061857
20.0,96.0,1001.3815307617188,0.8244933528576487,0.1717593457825232,-2.378357160883819,-0.0295333911093593,0.5201670551719506,-0.571934594085546,0.1201970601601191,-0.6215705967146201,-0.9274745739175644,-0.4411343783384461
20.0,96.0,1001.3815307617188,0.8244933528563879,0.1717593457825232,-2.378357160883819,-0.0295333911093593,0.5201670551719506,-0.5719345942336987,0.1201970601601191,-0.6215705967146201,-0.9274745739175644,-0.4411343782781672
20.0,96.0,1001.3815307617188,0.8244933528483401,0.1717593457825232,-2.378357160883819,-0.0295334085416581,0.5201670551719506,-0.5719345939717743,0.1201970601601191,-0.6215705967146201,-0.9274745739175644,-0.4411343717026852
20.0,96.0,1001.3815307617188,0.8244933528576487,0.1717593457825232,-2.378357160883819,-0.0295333911093593,0.5201670551719506,-0.571934594085546,0.1201970601601191,-0.6215705967146201,-0.9274745739175644,-0.4411343181613661
20.0,96.0,1001.3815307617188,0.8244933528483401,0.1717593457825232,-2.378357160883819,-0.0295334085416581,0.5201670551719506,-0.5719345939717743,0.1201970601601191,-0.6215705967146201,-0.9274745739175644,-0.4411343717026852
20.0,96.0,1001.3815307617188,0.8244933528563879,0.1717593457825232,-2.378357160883819,-0.0295333911093593,0.5201670551719506,-0.571934594085546,0.1201970601601191,-0.6215705967146201,-0.9274745739175644,-0.4411343782061857
20.0,96.0,1001.3815307617188,0.8244933528576487,0.1717593457825232,-2.378357160883819,-0.0295333911093593,0.5201670551719506,-0.5719346053481951,0.1201970601601191,-0.6215705967146201,-0.9274745739175644,-0.4411343719681443
20.0,96.0,1001.3815307617188,0.8244933528563879,0.1717593457825232,-2.378357160883819,-0.0295333904650258,0.5201670551719506,-0.5719345942336987,0.1201970601601191,-0.6215705967146201,-0.9274745739175644,-0.4411343782781672
20.0,96.0,1001.3815307617188,0.8244933528485033,0.1717593457825232,-2.378357160883819,-0.0295334085416581,0.5201670551719506,-0.5719345940859485,0.1201970601601191,-0.6215705967146201,-0.9274745739175644,-0.4411343717026852
20.0,96.0,1001.3815307617188,0.8244933528576487,0.1717593457825232,-2.378357160883819,-0.029533235079172,0.5201670551719506,-0.5719345940911826,0.1201970601601191,-0.6215705967146201,-0.9274745739175644,-0.4411343783384461
20.0,96.0,1001.3815307617188,0.8244933528576487,0.1717593457825232,-2.378357160883819,-0.0295333911093593,0.5201670551719506,-0.571934594085546,0.1201970601601191,-0.6215705967146201,-0.9274745739175644,-0.4411343727110753
20.0,96.0,1001.3815307617188,0.8244933528589238,0.1717593457825232,-2.378357160883819,-0.0295333911093593,0.5201670551719506,-0.5719345940855511,0.1201970601601191,-0.6215705967146201,-0.9274745739175644,-0.4411343782061857
20.0,96.0,1001.3815307617188,0.8244933528483401,0.1717593457825232,-2.378357160883819,-0.0295335116014054,0.5201670551719506,-0.5719345940811188,0.1201970601601191,-0.6215705967146201,-0.9274745739175644,-0.4411343717026852
20.0,96.0,1001.3815307617188,0.8244933528562247,0.1717593457825232,-2.378357160883819,-0.0295333911093593,0.5201670551719506,-0.5719345939713719,0.1201970601601191,-0.6215705967146201,-0.9274745739175644,-0.4411343782061857
20.0,96.0,1001.3815307617188,0.8244933528576487,0.1717593457825232,-2.378357160883819,-0.0295335387578513,0.5201670551719506,-0.571934594085546,0.1201970601601191,-0.6215705967146201,-0.9274745739175644,-0.4411343784533993
20.0,96.0,1001.3815307617188,0.8244933528582139,0.1717593457825232,-2.378357160883819,-0.0295333911093593,0.5201670551719506,-0.571934594085546,0.1201970601601191,-0.6215705967146201,-0.9274745739175644,-0.4411343173565106
20.0,96.0,1001.381591796875,0.8244933521047578,0.1717593457825232,-2.378357160883819,-0.0295338017637881,0.5201670551719506,-0.5719346053232678,0.1201970601601191,-0.6215705967146201,-0.9274745739175644,-0.4411343783373774
20.0,96.0,1001.3817138671876,0.824493352856362,0.1717593457825232,-2.378357160883819,-0.0295358486231015,0.5201670551719506,-0.571934594085546,0.1201970601601191,-0.6215705967146201,-0.9274745739175644,-0.4411343783359986
20.0,96.0,1001.3817138671876,0.824493352856362,0.1717593457825232,-2.378357160883819,-0.0295357158720029,0.5201670551719506,-0.571934594085546,0.1201970601601191,-0.6215705967146201,-0.9274745739175644,-0.4411343783359986
20.0,96.0,1001.3817138671876,0.8244933528482935,0.1717593457825232,-2.378357160883819,-0.0295357999187161,0.5201670551719506,-0.5719345940908734,0.1201970601601191,-0.6215705967146201,-0.9274745739175644,-0.4411343786647868
20.0,96.0,1001.3817749023438,0.8244933528576487,0.1717593457825232,-2.378357160883819,-0.0295362739941308,0.5201670551719506,-0.571934594085546,0.1201970601601191,-0.6215705967146201,-0.9274745739175644,-0.4411343215661738
20.0,96.0,1001.3819580078124,0.8244933528576487,0.1717593457825232,-2.378357160883819,-0.0295382402579328,0.5201670551719506,-0.571934594085546,0.1201970601601191,-0.6215705967146201,-0.9274745739175644,-0.4411343206492085
20.0,96.0,1001.3822631835938,0.8244933528576487,0.1717593457825232,-2.378357160883819,-0.0295413666406018,0.5201670551719506,-0.571934594085546,0.1201970601601191,-0.6215705967146201,-0.9274745739175644,-0.4411343784533993
20.0,96.0,1001.3824462890624,0.8244933528563879,0.1717593457825232,-2.378357160883819,-0.0295439179629186,0.5201670551719506,-0.5719345941724168,0.1201970601601191,-0.6215705967146201,-0.9274745739175644,-0.4411343782061857
20.0,96.0,1001.3824462890624,0.8244933528576096,0.1717593457825232,-2.378357160883819,-0.0295439179629186,0.5201670551719506,-0.5719345940858129,0.1201970601601191,-0.6215705967146201,-0.9274745739175644,-0.4411343782061857
20.0,96.0,1001.3847045898438,0.8244933523683066,0.1717593457825232,-2.378357160883819,-0.0295687771242694,0.5201670551719506,-0.5719345942146142,0.1201970601601191,-0.6215705967146201,-0.9274745739175644,-0.4411343716012223
20.0,96.0,1001.3847045898438,0.824493352851345,0.1717593457825232,-2.378357160883819,-0.0295687771242694,0.5201670551719506,-0.5719345942146142,0.1201970601601191,-0.6215705967146201,-0.9274745739175644,-0.4411343716012223
20.0,96.0,1001.3847045898438,0.82449335287482,0.1717593457825232,-2.378357160883819,-0.0295687771242694,0.5201670551719506,-0.5719345941720568,0.1201970601601191,-0.6215705967146201,-0.9274745739175644,-0.4411343714847875
20.0,96.0,1001.3847045898438,0.82449335287482,0.1717593457825232,-2.378357160883819,-0.0295687771242694,0.5201670551719506,-0.5719345941720568,0.1201970601601191,-0.6215705967146201,-0.9274745739175644,-0.4411343714847875
20.0,96.0,1001.3847045898438,0.824493352851345,0.1717593457825232,-2.378357160883819,-0.0295687771242694,0.5201670551719506,-0.5719345942146142,0.1201970601601191,-0.6215705967146201,-0.9274745739175644,-0.4411343716012223
20.0,96.0,1001.3887939453124,0.8244933529263697,0.1717593457825232,-2.378357160883819,-0.0296149303113945,0.5201670551719506,-0.571934594085546,0.1201970601601191,-0.6215705967146201,-0.9274745739175644,-0.4411343783374611
20.0,96.0,1001.3895263671876,0.8244933529263697,0.1717593457825232,-2.378357160883819,-0.029622905842637,0.5201670551719506,-0.571934594085546,0.1201970601601191,-0.6215705967146201,-0.9274745739175644,-0.4411343784524144
20.0,96.0,1001.3897705078124,0.8244933528381678,0.1717593457825232,-2.378357160883819,-0.0296257887274085,0.5201670551719506,-0.571934594085546,0.1201970601601191,-0.6215705967146201,-0.9274745739175644,-0.4411343783384461
20.0,96.0,1001.3897705078124,0.8244933529263697,0.1717593457825232,-2.378357160883819,-0.0296257887274085,0.5201670551719506,-0.571934594085546,0.1201970601601191,-0.6215705967146201,-0.9274745739175644,-0.4411343216801421
20.0,96.0,1001.3897705078124,0.8244933528400241,0.1717593457825232,-2.378357160883819,-0.0296257887274085,0.5201670551719506,-0.571934594085546,0.1201970601601191,-0.6215705967146201,-0.9274745739175644,-0.4411343783384461
20.0,96.0,1001.3897705078124,0.8244933528381678,0.1717593457825232,-2.378357160883819,-0.0296257887274085,0.5201670551719506,-0.571934594085546,0.1201970601601191,-0.6215705967146201,-0.9274745739175644,-0.4411343782699565
20.0,97.0,1001.37060546875,0.8244933528163149,0.1717593457825232,-2.378357160883819,-0.0294081489967393,0.5201670551719506,-0.571934595215203,0.1201970601601191,-0.6215705967146201,-0.9274745739175644,-0.4411343782061857
20.0,97.0,1001.3706665039062,0.8244933528563956,0.1717593457825232,-2.378357160883819,-0.0294094280921996,0.5201670551719506,-0.571934593963829,0.1201970601601191,-0.6215705967146201,-0.9274745739175644,-0.4411343782061857
20.0,97.0,1001.3707885742188,0.8244933528563879,0.1717593457825232,-2.378357160883819,-0.0294106739570585,0.5201670551719506,-0.5719345949844431,0.1201970601601191,-0.6215705967146201,-0.9274745739175644,-0.4411343782061857
20.0,97.0,1001.3707885742188,0.8244933528563879,0.1717593457825232,-2.378357160883819,-0.0294106739570585,0.5201670551719506,-0.5719345949844431,0.1201970601601191,-0.6215705967146201,-0.9274745739175644,-0.4411343782061857
20.0,97.0,1001.3707885742188,0.8244933528911423,0.1717593457825232,-2.378357160883819,-0.0294106739570585,0.5201670551719506,-0.5719345949844431,0.1201970601601191,-0.6215705967146201,-0.9274745739175644,-0.4411343782061857
20.0,97.0,1001.3717651367188,0.824493352835715,0.1717593457825232,-2.378357160883819,-0.0294214610547985,0.5201670551719506,-0.5719345949844431,0.1201970601601191,-0.6215705967146201,-0.9274745739175644,-0.4411343714447325
20.0,97.0,1001.3721313476562,0.824493352835715,0.1717593457825232,-2.378357160883819,-0.0294260486157893,0.5201670551719506,-0.5719345949844431,0.1201970601601191,-0.6215705967146201,-0.9274745739175644,-0.4411343782061857
20.0,97.0,1001.3721313476562,0.824493352835715,0.1717593457825232,-2.378357160883819,-0.0294260486157893,0.5201670551719506,-0.5719345950004808,0.1201970601601191,-0.6215705967146201,-0.9274745739175644,-0.4411343782061857
20.0,97.0,1001.3770751953124,0.8244933528901922,0.1717593457825232,-2.378357160883819,-0.0294825548875778,0.5201670551719506,-0.571934594085546,0.1201970601601191,-0.6215705967146201,-0.9274745739175644,-0.4411343785320649
20.0,97.0,1001.3770751953124,0.8244933523618071,0.1717593457825232,-2.378357160883819,-0.0294825548875778,0.5201670551719506,-0.5719345940857734,0.1201970601601191,-0.6215705967146201,-0.9274745739175644,-0.4411343785320649
20.0,97.0,1001.3771362304688,0.8244933523618071,0.1717593457825232,-2.378357160883819,-0.0294831600249725,0.5201670551719506,-0.5719345940857734,0.1201970601601191,-0.6215705967146201,-0.9274745739175644,-0.4411343785258365
20.0,97.0,1001.3771362304688,0.8244933528917244,0.1717593457825232,-2.378357160883819,-0.0294834178565636,0.5201670551719506,-0.571934594085546,0.1201970601601191,-0.6215705967146201,-0.9274745739175644,-0.4411343782773582
20.0,97.0,1001.3777465820312,0.8244933528563879,0.1717593457825232,-2.378357160883819,-0.0294900756697908,0.5201670551719506,-0.5719345949697143,0.1201970601601191,-0.6215705967146201,-0.9274745739175644,-0.441134378532856
20.0,97.0,1001.3811645507812,0.8244933528484057,0.1717593457825232,-2.378357160883819,-0.0295295060949261,0.5201670551719506,-0.5719345939741214,0.1201970601601191,-0.6215705967146201,-0.9274745739175644,-0.4411343717026852
20.0,97.0,1001.3811645507812,0.8244933526302928,0.1717593457825232,-2.378357160883819,-0.0295295060949261,0.5201670551719506,-0.5719345939741214,0.1201970601601191,-0.6215705967146201,-0.9274745739175644,-0.441134371673173
20.0,97.0,1001.3811645507812,0.8244933528561466,0.1717593457825232,-2.378357160883819,-0.0295295060949261,0.5201670551719506,-0.5719345941822159,0.1201970601601191,-0.6215705967146201,-0.9274745739175644,-0.4411343715095093
20.0,97.0,1001.3811645507812,0.8244933528479855,0.1717593457825232,-2.378357160883819,-0.0295293218545646,0.5201670551719506,-0.5719345940856017,0.1201970601601191,-0.6215705967146201,-0.9274745739175644,-0.4411343783384461
20.0,97.0,1001.3811645507812,0.8244933526302928,0.1717593457825232,-2.378357160883819,-0.0295295060949261,0.5201670551719506,-0.5719345939741214,0.1201970601601191,-0.6215705967146201,-0.9274745739175644,-0.441134371673173
20.0,97.0,1001.3811645507812,0.8244933526411866,0.1717593457825232,-2.378357160883819,-0.0295295088522254,0.5201670551719506,-0.5719345940861137,0.1201970601601191,-0.6215705967146201,-0.9274745739175644,-0.4411343783384461
20.0,97.0,1001.3811645507812,0.8244933528480443,0.1717593457825232,-2.378357160883819,-0.0295295674142486,0.5201670551719506,-0.571934594085546,0.1201970601601191,-0.6215705967146201,-0.9274745739175644,-0.4411343742883139
20.0,97.0,1001.3811645507812,0.8244933528484057,0.1717593457825232,-2.378357160883819,-0.0295295060949261,0.5201670551719506,-0.5719345939741214,0.1201970601601191,-0.6215705967146201,-0.9274745739175644,-0.4411343717026852
20.0,97.0,1001.3811645507812,0.8244933528479855,0.1717593457825232,-2.378357160883819,-0.0295293218545646,0.5201670551719506,-0.5719345940855507,0.1201970601601191,-0.6215705967146201,-0.9274745739175644,-0.4411343783360341
20.0,97.0,1001.3815307617188,0.8244933528576487,0.1717593457825232,-2.378357160883819,-0.0295333911093593,0.5201670551719506,-0.571934594085546,0.1201970601601191,-0.6215705967146201,-0.9274745739175644,-0.4411343783384461
20.0,97.0,1001.3815307617188,0.8244933528563879,0.1717593457825232,-2.378357160883819,-0.0295333911093593,0.5201670551719506,-0.571934594085546,0.1201970601601191,-0.6215705967146201,-0.9274745739175644,-0.4411343782061857
20.0,97.0,1001.3815307617188,0.8244933528576487,0.1717593457825232,-2.378357160883819,-0.0295333911093593,0.5201670551719506,-0.571934594085546,0.1201970601601191,-0.6215705967146201,-0.9274745739175644,-0.4411343783384461
20.0,97.0,1001.3815307617188,0.8244933528563879,0.1717593457825232,-2.378357160883819,-0.0295333911093593,0.5201670551719506,-0.5719345942336987,0.1201970601601191,-0.6215705967146201,-0.9274745739175644,-0.4411343782781672
20.0,97.0,1001.3815307617188,0.8244933528483401,0.1717593457825232,-2.378357160883819,-0.0295334085416581,0.5201670551719506,-0.5719345939717743,0.1201970601601191,-0.6215705967146201,-0.9274745739175644,-0.4411343717026852
20.0,97.0,1001.3815307617188,0.8244933528576487,0.1717593457825232,-2.378357160883819,-0.0295333911093593,0.5201670551719506,-0.571934594085546,0.1201970601601191,-0.6215705967146201,-0.9274745739175644,-0.4411343181613661
20.0,97.0,1001.3815307617188,0.8244933528483401,0.1717593457825232,-2.378357160883819,-0.0295334085416581,0.5201670551719506,-0.5719345939717743,0.1201970601601191,-0.6215705967146201,-0.9274745739175644,-0.4411343717026852
20.0,97.0,1001.3815307617188,0.8244933528563879,0.1717593457825232,-2.378357160883819,-0.0295333911093593,0.5201670551719506,-0.571934594085546,0.1201970601601191,-0.6215705967146201,-0.9274745739175644,-0.4411343782061857
20.0,97.0,1001.3815307617188,0.8244933528576487,0.1717593457825232,-2.378357160883819,-0.0295333911093593,0.5201670551719506,-0.5719346053481951,0.1201970601601191,-0.6215705967146201,-0.9274745739175644,-0.4411343719681443
20.0,97.0,1001.3815307617188,0.8244933528563879,0.1717593457825232,-2.378357160883819,-0.0295333904650258,0.5201670551719506,-0.5719345942336987,0.1201970601601191,-0.6215705967146201,-0.9274745739175644,-0.4411343782781672
20.0,97.0,1001.3815307617188,0.8244933528485033,0.1717593457825232,-2.378357160883819,-0.0295334085416581,0.5201670551719506,-0.5719345940859485,0.1201970601601191,-0.6215705967146201,-0.9274745739175644,-0.4411343717026852
20.0,97.0,1001.3815307617188,0.8244933528576487,0.1717593457825232,-2.378357160883819,-0.029533235079172,0.5201670551719506,-0.5719345940911826,0.1201970601601191,-0.6215705967146201,-0.9274745739175644,-0.4411343783384461
20.0,97.0,1001.3815307617188,0.8244933528576487,0.1717593457825232,-2.378357160883819,-0.0295333911093593,0.5201670551719506,-0.571934594085546,0.1201970601601191,-0.6215705967146201,-0.9274745739175644,-0.4411343727110753
20.0,97.0,1001.3815307617188,0.8244933528589238,0.1717593457825232,-2.378357160883819,-0.0295333911093593,0.5201670551719506,-0.5719345940855511,0.1201970601601191,-0.6215705967146201,-0.9274745739175644,-0.4411343782061857
20.0,97.0,1001.3815307617188,0.8244933528483401,0.1717593457825232,-2.378357160883819,-0.0295335116014054,0.5201670551719506,-0.5719345940811188,0.1201970601601191,-0.6215705967146201,-0.9274745739175644,-0.4411343717026852
20.0,97.0,1001.3815307617188,0.8244933528562247,0.1717593457825232,-2.378357160883819,-0.0295333911093593,0.5201670551719506,-0.5719345939713719,0.1201970601601191,-0.6215705967146201,-0.9274745739175644,-0.4411343782061857
20.0,97.0,1001.3815307617188,0.8244933528576487,0.1717593457825232,-2.378357160883819,-0.0295335387578513,0.5201670551719506,-0.571934594085546,0.1201970601601191,-0.6215705967146201,-0.9274745739175644,-0.4411343784533993
20.0,97.0,1001.3815307617188,0.8244933528582139,0.1717593457825232,-2.378357160883819,-0.0295333911093593,0.5201670551719506,-0.571934594085546,0.1201970601601191,-0.6215705967146201,-0.9274745739175644,-0.4411343173565106
20.0,97.0,1001.3815307617188,0.8244933528489973,0.1717593457825232,-2.378357160883819,-0.0295335104998981,0.5201670551719506,-0.571934594085836,0.1201970601601191,-0.6215705967146201,-0.9274745739175644,-0.4411343721576997
20.0,97.0,1001.3815307617188,0.8244933528563879,0.1717593457825232,-2.378357160883819,-0.0295333911093593,0.5201670551719506,-0.571934594085546,0.1201970601601191,-0.6215705967146201,-0.9274745739175644,-0.441134371915694
20.0,97.0,1001.3815307617188,0.8244933528563124,0.1717593457825232,-2.378357160883819,-0.0295333911093593,0.5201670551719506,-0.5719345942332824,0.1201970601601191,-0.6215705967146201,-0.9274745739175644,-0.4411343783397191
20.0,97.0,1001.3815307617188,0.8244933528563879,0.1717593457825232,-2.378357160883819,-0.0295334928526295,0.5201670551719506,-0.5719345942336987,0.1201970601601191,-0.6215705967146201,-0.9274745739175644,-0.4411343783012851
20.0,97.0,1001.3815307617188,0.8244933528483401,0.1717593457825232,-2.378357160883819,-0.0295334085416581,0.5201670551719506,-0.5719345939717743,0.1201970601601191,-0.6215705967146201,-0.9274745739175644,-0.4411343779931769
20.0,97.0,1001.3815307617188,0.8244933528756323,0.1717593457825232,-2.378357160883819,-0.0295336765854086,0.5201670551719506,-0.5719345940817254,0.1201970601601191,-0.6215705967146201,-0.9274745739175644,-0.4411343714842219
20.0,97.0,1001.3815307617188,0.8244933528580101,0.1717593457825232,-2.378357160883819,-0.0295333297900368,0.5201670551719506,-0.5719345939741214,0.1201970601601191,-0.6215705967146201,-0.9274745739175644,-0.4411343155757374
20.0,97.0,1001.3815307617188,0.8244933528899296,0.1717593457825232,-2.378357160883819,-0.0295333911093593,0.5201670551719506,-0.5719345940855511,0.1201970601601191,-0.6215705967146201,-0.9274745739175644,-0.4411343785293954
20.0,97.0,1001.381591796875,0.8244933521047578,0.1717593457825232,-2.378357160883819,-0.0295338017637881,0.5201670551719506,-0.5719346053232678,0.1201970601601191,-0.6215705967146201,-0.9274745739175644,-0.4411343783373774
20.0,97.0,1001.3817138671876,0.824493352856362,0.1717593457825232,-2.378357160883819,-0.0295358486231015,0.5201670551719506,-0.571934594085546,0.1201970601601191,-0.6215705967146201,-0.9274745739175644,-0.4411343783359986
20.0,98.0,1001.3704833984376,0.8244933528563879,0.1717593457825232,-2.378357160883819,-0.0294075059415633,0.5201670551719506,-0.5719345942336987,0.1201970601601191,-0.6215705967146201,-0.9274745739175644,-0.4411343783012851
20.0,98.0,1001.37060546875,0.8244933528163149,0.1717593457825232,-2.378357160883819,-0.0294081489967393,0.5201670551719506,-0.571934595215203,0.1201970601601191,-0.6215705967146201,-0.9274745739175644,-0.4411343782061857
20.0,98.0,1001.37060546875,0.8244933528163149,0.1717593457825232,-2.378357160883819,-0.0294081019366527,0.5201670551719506,-0.5719345939460748,0.1201970601601191,-0.6215705967146201,-0.9274745739175644,-0.4411343782061857
20.0,98.0,1001.3706665039062,0.8244933528563956,0.1717593457825232,-2.378357160883819,-0.0294094280921996,0.5201670551719506,-0.571934593963829,0.1201970601601191,-0.6215705967146201,-0.9274745739175644,-0.4411343782061857
20.0,98.0,1001.3707885742188,0.8244933528563879,0.1717593457825232,-2.378357160883819,-0.0294106739570585,0.5201670551719506,-0.5719345949844431,0.1201970601601191,-0.6215705967146201,-0.9274745739175644,-0.4411343782061857
20.0,98.0,1001.3707885742188,0.8244933528563879,0.1717593457825232,-2.378357160883819,-0.0294106739570585,0.5201670551719506,-0.5719345949844431,0.1201970601601191,-0.6215705967146201,-0.9274745739175644,-0.4411343782061857
20.0,98.0,1001.3707885742188,0.8244933528911423,0.1717593457825232,-2.378357160883819,-0.0294106739570585,0.5201670551719506,-0.5719345949844431,0.1201970601601191,-0.6215705967146201,-0.9274745739175644,-0.4411343782061857
20.0,98.0,1001.3707885742188,0.824493352856527,0.1717593457825232,-2.378357160883819,-0.0294106739570585,0.5201670551719506,-0.5719345949844431,0.1201970601601191,-0.6215705967146201,-0.9274745739175644,-0.4411343782061857
20.0,98.0,1001.3707885742188,0.8244933528924216,0.1717593457825232,-2.378357160883819,-0.0294099997483634,0.5201670551719506,-0.571934594085546,0.1201970601601191,-0.6215705967146201,-0.9274745739175644,-0.4411343782008108
20.0,98.0,1001.3717651367188,0.824493352835715,0.1717593457825232,-2.378357160883819,-0.0294214610547985,0.5201670551719506,-0.5719345949844431,0.1201970601601191,-0.6215705967146201,-0.9274745739175644,-0.4411343714447325
20.0,98.0,1001.3717651367188,0.824493352835715,0.1717593457825232,-2.378357160883819,-0.0294219578100116,0.5201670551719506,-0.5719345949773672,0.1201970601601191,-0.6215705967146201,-0.9274745739175644,-0.4411343728199167
20.0,98.0,1001.3719482421876,0.824493352835715,0.1717593457825232,-2.378357160883819,-0.0294243735744161,0.5201670551719506,-0.5719345949844431,0.1201970601601191,-0.6215705967146201,-0.9274745739175644,-0.4411343782061857
20.0,98.0,1001.3721313476562,0.824493352835715,0.1717593457825232,-2.378357160883819,-0.0294260486157893,0.5201670551719506,-0.5719345949844431,0.1201970601601191,-0.6215705967146201,-0.9274745739175644,-0.4411343782061857
20.0,98.0,1001.3721313476562,0.824493352835715,0.1717593457825232,-2.378357160883819,-0.0294260486157893,0.5201670551719506,-0.5719345950004808,0.1201970601601191,-0.6215705967146201,-0.9274745739175644,-0.4411343782061857
20.0,98.0,1001.3721313476562,0.8244933528359027,0.1717593457825232,-2.378357160883819,-0.0294260486157893,0.5201670551719506,-0.5719345950004808,0.1201970601601191,-0.6215705967146201,-0.9274745739175644,-0.4411343782061857
20.0,98.0,1001.3721923828124,0.824493352835715,0.1717593457825232,-2.378357160883819,-0.029426723372449,0.5201670551719506,-0.5719345940754341,0.1201970601601191,-0.6215705967146201,-0.9274745739175644,-0.4411343785322323
20.0,98.0,1001.3770751953124,0.8244933528901922,0.1717593457825232,-2.378357160883819,-0.0294825548875778,0.5201670551719506,-0.571934594085546,0.1201970601601191,-0.6215705967146201,-0.9274745739175644,-0.4411343785320649
20.0,98.0,1001.3770751953124,0.8244933523618071,0.1717593457825232,-2.378357160883819,-0.0294825548875778,0.5201670551719506,-0.5719345940857734,0.1201970601601191,-0.6215705967146201,-0.9274745739175644,-0.4411343785320649
20.0,98.0,1001.3770751953124,0.8244933528556984,0.1717593457825232,-2.378357160883819,-0.0294828462003999,0.5201670551719506,-0.571934593963829,0.1201970601601191,-0.6215705967146201,-0.9274745739175644,-0.441134378282733
20.0,98.0,1001.3770751953124,0.8244933528474264,0.1717593457825232,-2.378357160883819,-0.0294825548875778,0.5201670551719506,-0.571934594085546,0.1201970601601191,-0.6215705967146201,-0.9274745739175644,-0.4411343785320649
20.0,98.0,1001.3771362304688,0.8244933523618071,0.1717593457825232,-2.378357160883819,-0.0294831600249725,0.5201670551719506,-0.5719345940857734,0.1201970601601191,-0.6215705967146201,-0.9274745739175644,-0.4411343785258365
20.0,98.0,1001.3771362304688,0.8244933528917244,0.1717593457825232,-2.378357160883819,-0.0294834178565636,0.5201670551719506,-0.571934594085546,0.1201970601601191,-0.6215705967146201,-0.9274745739175644,-0.4411343782773582
20.0,98.0,1001.3771362304688,0.8244933528915367,0.1717593457825232,-2.378357160883819,-0.0294834178565636,0.5201670551719506,-0.571934594085546,0.1201970601601191,-0.6215705967146201,-0.9274745739175644,-0.4411343782773582
20.0,98.0,1001.3775024414062,0.8244933528576487,0.1717593457825232,-2.378357160883819,-0.0294876632935029,0.5201670551719506,-0.571934594085546,0.1201970601601191,-0.6215705967146201,-0.9274745739175644,-0.4411343727110753
20.0,98.0,1001.3775634765624,0.8244933528163149,0.1717593457825232,-2.378357160883819,-0.0294882042617589,0.5201670551719506,-0.571934595215203,0.1201970601601191,-0.6215705967146201,-0.9274745739175644,-0.4411343782061857
20.0,98.0,1001.3777465820312,0.8244933528563879,0.1717593457825232,-2.378357160883819,-0.0294900756697908,0.5201670551719506,-0.5719345949697143,0.1201970601601191,-0.6215705967146201,-0.9274745739175644,-0.441134378532856
20.0,98.0,1001.3779907226562,0.8244933526302928,0.1717593457825232,-2.378357160883819,-0.0294930507221532,0.5201670551719506,-0.5719345939793257,0.1201970601601191,-0.6215705967146201,-0.9274745739175644,-0.441134371673173
20.0,98.0,1001.3810424804688,0.8244933523618071,0.1717593457825232,-2.378357160883819,-0.0295282827034342,0.5201670551719506,-0.5719345940857734,0.1201970601601191,-0.6215705967146201,-0.9274745739175644,-0.4411343785320649
20.0,98.0,1001.3811645507812,0.8244933528484057,0.1717593457825232,-2.378357160883819,-0.0295295060949261,0.5201670551719506,-0.5719345939741214,0.1201970601601191,-0.6215705967146201,-0.9274745739175644,-0.4411343717026852
20.0,98.0,1001.3811645507812,0.8244933526302928,0.1717593457825232,-2.378357160883819,-0.0295295060949261,0.5201670551719506,-0.5719345939741214,0.1201970601601191,-0.6215705967146201,-0.9274745739175644,-0.441134371673173
20.0,98.0,1001.3811645507812,0.8244933528561466,0.1717593457825232,-2.378357160883819,-0.0295295060949261,0.5201670551719506,-0.5719345941822159,0.1201970601601191,-0.6215705967146201,-0.9274745739175644,-0.4411343715095093
20.0,98.0,1001.3811645507812,0.8244933528479855,0.1717593457825232,-2.378357160883819,-0.0295293218545646,0.5201670551719506,-0.5719345940856017,0.1201970601601191,-0.6215705967146201,-0.9274745739175644,-0.4411343783384461
20.0,98.0,1001.3811645507812,0.8244933526302928,0.1717593457825232,-2.378357160883819,-0.0295295060949261,0.5201670551719506,-0.5719345939741214,0.1201970601601191,-0.6215705967146201,-0.9274745739175644,-0.441134371673173
20.0,98.0,1001.3811645507812,0.8244933526411866,0.1717593457825232,-2.378357160883819,-0.0295295088522254,0.5201670551719506,-0.5719345940861137,0.1201970601601191,-0.6215705967146201,-0.9274745739175644,-0.4411343783384461
20.0,98.0,1001.3811645507812,0.8244933528480443,0.1717593457825232,-2.378357160883819,-0.0295295674142486,0.5201670551719506,-0.571934594085546,0.1201970601601191,-0.6215705967146201,-0.9274745739175644,-0.4411343742883139
20.0,98.0,1001.3811645507812,0.8244933528484057,0.1717593457825232,-2.378357160883819,-0.0295295060949261,0.5201670551719506,-0.5719345939741214,0.1201970601601191,-0.6215705967146201,-0.9274745739175644,-0.4411343717026852
20.0,98.0,1001.3811645507812,0.8244933528479855,0.1717593457825232,-2.378357160883819,-0.0295293218545646,0.5201670551719506,-0.5719345940855507,0.1201970601601191,-0.6215705967146201,-0.9274745739175644,-0.4411343783360341
20.0,98.0,1001.3811645507812,0.8244933528479855,0.1717593457825232,-2.378357160883819,-0.0295293218545646,0.5201670551719506,-0.5719345940863398,0.1201970601601191,-0.6215705967146201,-0.9274745739175644,-0.4411343783360341
20.0,98.0,1001.3811645507812,0.8244933528479855,0.1717593457825232,-2.378357160883819,-0.0295293218545646,0.5201670551719506,-0.5719345940855975,0.1201970601601191,-0.6215705967146201,-0.9274745739175644,-0.4411343783384193
20.0,98.0,1001.3815307617188,0.8244933528576487,0.1717593457825232,-2.378357160883819,-0.0295333911093593,0.5201670551719506,-0.571934594085546,0.1201970601601191,-0.6215705967146201,-0.9274745739175644,-0.4411343783384461
20.0,98.0,1001.3815307617188,0.8244933528563879,0.1717593457825232,-2.378357160883819,-0.0295333911093593,0.5201670551719506,-0.571934594085546,0.1201970601601191,-0.6215705967146201,-0.9274745739175644,-0.4411343782061857
20.0,98.0,1001.3815307617188,0.8244933528576487,0.1717593457825232,-2.378357160883819,-0.0295333911093593,0.5201670551719506,-0.571934594085546,0.1201970601601191,-0.6215705967146201,-0.9274745739175644,-0.4411343783384461
20.0,98.0,1001.3815307617188,0.8244933528563879,0.1717593457825232,-2.378357160883819,-0.0295333911093593,0.5201670551719506,-0.5719345942336987,0.1201970601601191,-0.6215705967146201,-0.9274745739175644,-0.4411343782781672
20.0,98.0,1001.3815307617188,0.8244933528483401,0.1717593457825232,-2.378357160883819,-0.0295334085416581,0.5201670551719506,-0.5719345939717743,0.1201970601601191,-0.6215705967146201,-0.9274745739175644,-0.4411343717026852
20.0,98.0,1001.3815307617188,0.8244933528576487,0.1717593457825232,-2.378357160883819,-0.0295333911093593,0.5201670551719506,-0.571934594085546,0.1201970601601191,-0.6215705967146201,-0.9274745739175644,-0.4411343181613661
20.0,98.0,1001.3815307617188,0.8244933528483401,0.1717593457825232,-2.378357160883819,-0.0295334085416581,0.5201670551719506,-0.5719345939717743,0.1201970601601191,-0.6215705967146201,-0.9274745739175644,-0.4411343717026852
20.0,98.0,1001.3815307617188,0.8244933528563879,0.1717593457825232,-2.378357160883819,-0.0295333911093593,0.5201670551719506,-0.571934594085546,0.1201970601601191,-0.6215705967146201,-0.9274745739175644,-0.4411343782061857
20.0,98.0,1001.3815307617188,0.8244933528576487,0.1717593457825232,-2.378357160883819,-0.0295333911093593,0.5201670551719506,-0.5719346053481951,0.1201970601601191,-0.6215705967146201,-0.9274745739175644,-0.4411343719681443
20.0,98.0,1001.3815307617188,0.8244933528563879,0.1717593457825232,-2.378357160883819,-0.0295333904650258,0.5201670551719506,-0.5719345942336987,0.1201970601601191,-0.6215705967146201,-0.9274745739175644,-0.4411343782781672
20.0,98.0,1001.3815307617188,0.8244933528485033,0.1717593457825232,-2.378357160883819,-0.0295334085416581,0.5201670551719506,-0.5719345940859485,0.1201970601601191,-0.6215705967146201,-0.9274745739175644,-0.4411343717026852
20.0,99.0,1001.3704833984376,0.8244933528563879,0.1717593457825232,-2.378357160883819,-0.0294075059415633,0.5201670551719506,-0.5719345942336987,0.1201970601601191,-0.6215705967146201,-0.9274745739175644,-0.4411343783012851
20.0,99.0,1001.3704833984376,0.8244933528910603,0.1717593457825232,-2.378357160883819,-0.0294075059415633,0.5201670551719506,-0.5719345940855006,0.1201970601601191,-0.6215705967146201,-0.9274745739175644,-0.4411343785428452
20.0,99.0,1001.37060546875,0.8244933528163149,0.1717593457825232,-2.378357160883819,-0.0294081489967393,0.5201670551719506,-0.571934595215203,0.1201970601601191,-0.6215705967146201,-0.9274745739175644,-0.4411343782061857
20.0,99.0,1001.37060546875,0.8244933528163149,0.1717593457825232,-2.378357160883819,-0.0294081019366527,0.5201670551719506,-0.5719345939460748,0.1201970601601191,-0.6215705967146201,-0.9274745739175644,-0.4411343782061857
20.0,99.0,1001.37060546875,0.8244933528163149,0.1717593457825232,-2.378357160883819,-0.0294081489967393,0.5201670551719506,-0.571934595215203,0.1201970601601191,-0.6215705967146201,-0.9274745739175644,-0.4411343782061857
20.0,99.0,1001.3706665039062,0.8244933528563956,0.1717593457825232,-2.378357160883819,-0.0294094280921996,0.5201670551719506,-0.571934593963829,0.1201970601601191,-0.6215705967146201,-0.9274745739175644,-0.4411343782061857
20.0,99.0,1001.3706665039062,0.8244933528563879,0.1717593457825232,-2.378357160883819,-0.0294094581517189,0.5201670551719506,-0.5719345949844431,0.1201970601601191,-0.6215705967146201,-0.9274745739175644,-0.4411343782061857
20.0,99.0,1001.3707885742188,0.8244933528563879,0.1717593457825232,-2.378357160883819,-0.0294106739570585,0.5201670551719506,-0.5719345949844431,0.1201970601601191,-0.6215705967146201,-0.9274745739175644,-0.4411343782061857
20.0,99.0,1001.3707885742188,0.8244933528563879,0.1717593457825232,-2.378357160883819,-0.0294106739570585,0.5201670551719506,-0.5719345949844431,0.1201970601601191,-0.6215705967146201,-0.9274745739175644,-0.4411343782061857
20.0,99.0,1001.3707885742188,0.8244933528911423,0.1717593457825232,-2.378357160883819,-0.0294106739570585,0.5201670551719506,-0.5719345949844431,0.1201970601601191,-0.6215705967146201,-0.9274745739175644,-0.4411343782061857
20.0,99.0,1001.3707885742188,0.824493352856527,0.1717593457825232,-2.378357160883819,-0.0294106739570585,0.5201670551719506,-0.5719345949844431,0.1201970601601191,-0.6215705967146201,-0.9274745739175644,-0.4411343782061857
20.0,99.0,1001.3707885742188,0.8244933528924216,0.1717593457825232,-2.378357160883819,-0.0294099997483634,0.5201670551719506,-0.571934594085546,0.1201970601601191,-0.6215705967146201,-0.9274745739175644,-0.4411343782008108
20.0,99.0,1001.3707885742188,0.8244933528924328,0.1717593457825232,-2.378357160883819,-0.0294106640209829,0.5201670551719506,-0.5719345949844431,0.1201970601601191,-0.6215705967146201,-0.9274745739175644,-0.4411343782006383
20.0,99.0,1001.3707885742188,0.8244933528476658,0.1717593457825232,-2.378357160883819,-0.0294106739570585,0.5201670551719506,-0.5719345949844431,0.1201970601601191,-0.6215705967146201,-0.9274745739175644,-0.4411343782061857
20.0,99.0,1001.3717041015624,0.8244933528163149,0.1717593457825232,-2.378357160883819,-0.0294204646209671,0.5201670551719506,-0.571934595215203,0.1201970601601191,-0.6215705967146201,-0.9274745739175644,-0.4411343782061857
20.0,99.0,1001.3717651367188,0.824493352835715,0.1717593457825232,-2.378357160883819,-0.0294214610547985,0.5201670551719506,-0.5719345949844431,0.1201970601601191,-0.6215705967146201,-0.9274745739175644,-0.4411343714447325
20.0,99.0,1001.3717651367188,0.824493352835715,0.1717593457825232,-2.378357160883819,-0.0294219578100116,0.5201670551719506,-0.5719345949773672,0.1201970601601191,-0.6215705967146201,-0.9274745739175644,-0.4411343728199167
20.0,99.0,1001.3719482421876,0.824493352835715,0.1717593457825232,-2.378357160883819,-0.0294243735744161,0.5201670551719506,-0.5719345949844431,0.1201970601601191,-0.6215705967146201,-0.9274745739175644,-0.4411343782061857
20.0,99.0,1001.3719482421876,0.824493352835715,0.1717593457825232,-2.378357160883819,-0.0294243735744161,0.5201670551719506,-0.5719345949844431,0.1201970601601191,-0.6215705967146201,-0.9274745739175644,-0.4411343782061857
20.0,99.0,1001.3719482421876,0.824493352835715,0.1717593457825232,-2.378357160883819,-0.0294243735744161,0.5201670551719506,-0.5719345949844431,0.1201970601601191,-0.6215705967146201,-0.9274745739175644,-0.4411343782061857
20.0,99.0,1001.3720092773438,0.8244933528484057,0.1717593457825232,-2.378357160883819,-0.0294244321491568,0.5201670551719506,-0.5719345939741214,0.1201970601601191,-0.6215705967146201,-0.9274745739175644,-0.4411343781568688
20.0,99.0,1001.3721313476562,0.824493352835715,0.1717593457825232,-2.378357160883819,-0.0294260486157893,0.5201670551719506,-0.5719345949844431,0.1201970601601191,-0.6215705967146201,-0.9274745739175644,-0.4411343782061857
20.0,99.0,1001.3721313476562,0.824493352835715,0.1717593457825232,-2.378357160883819,-0.0294260486157893,0.5201670551719506,-0.5719345950004808,0.1201970601601191,-0.6215705967146201,-0.9274745739175644,-0.4411343782061857
20.0,99.0,1001.3721313476562,0.8244933528359027,0.1717593457825232,-2.378357160883819,-0.0294260486157893,0.5201670551719506,-0.5719345950004808,0.1201970601601191,-0.6215705967146201,-0.9274745739175644,-0.4411343782061857
20.0,99.0,1001.3721313476562,0.8244933528367698,0.1717593457825232,-2.378357160883819,-0.0294260486157893,0.5201670551719506,-0.5719345950004808,0.1201970601601191,-0.6215705967146201,-0.9274745739175644,-0.4411343783438788
20.0,99.0,1001.3721313476562,0.8244933528359027,0.1717593457825232,-2.378357160883819,-0.0294263184685898,0.5201670551719506,-0.5719345950000337,0.1201970601601191,-0.6215705967146201,-0.9274745739175644,-0.4411343782061857
20.0,99.0,1001.3721923828124,0.824493352835715,0.1717593457825232,-2.378357160883819,-0.029426723372449,0.5201670551719506,-0.5719345940754341,0.1201970601601191,-0.6215705967146201,-0.9274745739175644,-0.4411343785322323
20.0,99.0,1001.3723754882812,0.824493352835715,0.1717593457825232,-2.378357160883819,-0.0294281578501067,0.5201670551719506,-0.5719345949954947,0.1201970601601191,-0.6215705967146201,-0.9274745739175644,-0.4411343785322323
20.0,99.0,1001.3770751953124,0.8244933528901922,0.1717593457825232,-2.378357160883819,-0.0294825548875778,0.5201670551719506,-0.571934594085546,0.1201970601601191,-0.6215705967146201,-0.9274745739175644,-0.4411343785320649
20.0,99.0,1001.3770751953124,0.8244933523618071,0.1717593457825232,-2.378357160883819,-0.0294825548875778,0.5201670551719506,-0.5719345940857734,0.1201970601601191,-0.6215705967146201,-0.9274745739175644,-0.4411343785320649
20.0,99.0,1001.3770751953124,0.8244933528556984,0.1717593457825232,-2.378357160883819,-0.0294828462003999,0.5201670551719506,-0.571934593963829,0.1201970601601191,-0.6215705967146201,-0.9274745739175644,-0.441134378282733
20.0,99.0,1001.3770751953124,0.8244933528474264,0.1717593457825232,-2.378357160883819,-0.0294825548875778,0.5201670551719506,-0.571934594085546,0.1201970601601191,-0.6215705967146201,-0.9274745739175644,-0.4411343785320649
20.0,99.0,1001.3771362304688,0.8244933523618071,0.1717593457825232,-2.378357160883819,-0.0294831600249725,0.5201670551719506,-0.5719345940857734,0.1201970601601191,-0.6215705967146201,-0.9274745739175644,-0.4411343785258365
20.0,99.0,1001.3771362304688,0.8244933528917244,0.1717593457825232,-2.378357160883819,-0.0294834178565636,0.5201670551719506,-0.571934594085546,0.1201970601601191,-0.6215705967146201,-0.9274745739175644,-0.4411343782773582
20.0,99.0,1001.3771362304688,0.8244933528915367,0.1717593457825232,-2.378357160883819,-0.0294834178565636,0.5201670551719506,-0.571934594085546,0.1201970601601191,-0.6215705967146201,-0.9274745739175644,-0.4411343782773582
20.0,99.0,1001.3771362304688,0.8244933523593384,0.1717593457825232,-2.378357160883819,-0.0294834179587906,0.5201670551719506,-0.5719345940857734,0.1201970601601191,-0.6215705967146201,-0.9274745739175644,-0.4411343785256795
20.0,99.0,1001.3775024414062,0.8244933528576487,0.1717593457825232,-2.378357160883819,-0.0294876632935029,0.5201670551719506,-0.571934594085546,0.1201970601601191,-0.6215705967146201,-0.9274745739175644,-0.4411343727110753
20.0,99.0,1001.3775634765624,0.8244933528163149,0.1717593457825232,-2.378357160883819,-0.0294882042617589,0.5201670551719506,-0.571934595215203,0.1201970601601191,-0.6215705967146201,-0.9274745739175644,-0.4411343782061857
20.0,99.0,1001.377685546875,0.8244933528588566,0.1717593457825232,-2.378357160883819,-0.0294898177359727,0.5201670551719506,-0.5719345949697143,0.1201970601601191,-0.6215705967146201,-0.9274745739175644,-0.4411343785330129
20.0,99.0,1001.3777465820312,0.8244933528563879,0.1717593457825232,-2.378357160883819,-0.0294900756697908,0.5201670551719506,-0.5719345949697143,0.1201970601601191,-0.6215705967146201,-0.9274745739175644,-0.441134378532856
20.0,99.0,1001.3779907226562,0.8244933526302928,0.1717593457825232,-2.378357160883819,-0.0294930507221532,0.5201670551719506,-0.5719345939793257,0.1201970601601191,-0.6215705967146201,-0.9274745739175644,-0.441134371673173
20.0,99.0,1001.3780517578124,0.8244933528555461,0.1717593457825232,-2.378357160883819,-0.0294936331697093,0.5201670551719506,-0.5719345949936829,0.1201970601601191,-0.6215705967146201,-0.9274745739175644,-0.4411343782819024
20.0,99.0,1001.3810424804688,0.8244933523618071,0.1717593457825232,-2.378357160883819,-0.0295282827034342,0.5201670551719506,-0.5719345940857734,0.1201970601601191,-0.6215705967146201,-0.9274745739175644,-0.4411343785320649
20.0,99.0,1001.3811645507812,0.8244933528484057,0.1717593457825232,-2.378357160883819,-0.0295295060949261,0.5201670551719506,-0.5719345939741214,0.1201970601601191,-0.6215705967146201,-0.9274745739175644,-0.4411343717026852
20.0,99.0,1001.3811645507812,0.8244933526302928,0.1717593457825232,-2.378357160883819,-0.0295295060949261,0.5201670551719506,-0.5719345939741214,0.1201970601601191,-0.6215705967146201,-0.9274745739175644,-0.441134371673173
20.0,99.0,1001.3811645507812,0.8244933528561466,0.1717593457825232,-2.378357160883819,-0.0295295060949261,0.5201670551719506,-0.5719345941822159,0.1201970601601191,-0.6215705967146201,-0.9274745739175644,-0.4411343715095093
20.0,99.0,1001.3811645507812,0.8244933528479855,0.1717593457825232,-2.378357160883819,-0.0295293218545646,0.5201670551719506,-0.5719345940856017,0.1201970601601191,-0.6215705967146201,-0.9274745739175644,-0.4411343783384461
20.0,99.0,1001.3811645507812,0.8244933526302928,0.1717593457825232,-2.378357160883819,-0.0295295060949261,0.5201670551719506,-0.5719345939741214,0.1201970601601191,-0.6215705967146201,-0.9274745739175644,-0.441134371673173
20.0,99.0,1001.3811645507812,0.8244933526411866,0.1717593457825232,-2.378357160883819,-0.0295295088522254,0.5201670551719506,-0.5719345940861137,0.1201970601601191,-0.6215705967146201,-0.9274745739175644,-0.4411343783384461
20.0,99.0,1001.3811645507812,0.8244933528480443,0.1717593457825232,-2.378357160883819,-0.0295295674142486,0.5201670551719506,-0.571934594085546,0.1201970601601191,-0.6215705967146201,-0.9274745739175644,-0.4411343742883139
20.0,100.0,1001.2186279296876,0.8244933528955208,0.1717593457825232,-2.378357160883819,-0.0230257625266598,0.5201670551719506,-0.5719345939460748,0.1201970601601191,-0.6215705967146201,-0.9274745739175644,-0.4411343782061857
20.0,100.0,1001.3704833984376,0.8244933528563879,0.1717593457825232,-2.378357160883819,-0.0294075059415633,0.5201670551719506,-0.5719345942336987,0.1201970601601191,-0.6215705967146201,-0.9274745739175644,-0.4411343783012851
20.0,100.0,1001.3704833984376,0.8244933528910603,0.1717593457825232,-2.378357160883819,-0.0294075059415633,0.5201670551719506,-0.5719345940855006,0.1201970601601191,-0.6215705967146201,-0.9274745739175644,-0.4411343785428452
20.0,100.0,1001.3704833984376,0.824493352856432,0.1717593457825232,-2.378357160883819,-0.0294075059415633,0.5201670551719506,-0.5719345940855006,0.1201970601601191,-0.6215705967146201,-0.9274745739175644,-0.4411343785415037
20.0,100.0,1001.3704833984376,0.8244933528564646,0.1717593457825232,-2.378357160883819,-0.0294075059415633,0.5201670551719506,-0.5719345940823883,0.1201970601601191,-0.6215705967146201,-0.9274745739175644,-0.4411343782995554
20.0,100.0,1001.3705444335938,0.8244933528132158,0.1717593457825232,-2.378357160883819,-0.0294079772760207,0.5201670551719506,-0.571934594085546,0.1201970601601191,-0.6215705967146201,-0.9274745739175644,-0.4411343782008108
20.0,100.0,1001.37060546875,0.8244933528163149,0.1717593457825232,-2.378357160883819,-0.0294081489967393,0.5201670551719506,-0.571934595215203,0.1201970601601191,-0.6215705967146201,-0.9274745739175644,-0.4411343782061857
20.0,100.0,1001.37060546875,0.8244933528163149,0.1717593457825232,-2.378357160883819,-0.0294081019366527,0.5201670551719506,-0.5719345939460748,0.1201970601601191,-0.6215705967146201,-0.9274745739175644,-0.4411343782061857
20.0,100.0,1001.37060546875,0.8244933528163149,0.1717593457825232,-2.378357160883819,-0.0294081489967393,0.5201670551719506,-0.571934595215203,0.1201970601601191,-0.6215705967146201,-0.9274745739175644,-0.4411343782061857
20.0,100.0,1001.37060546875,0.8244933528162784,0.1717593457825232,-2.378357160883819,-0.0294081489967393,0.5201670551719506,-0.5719345952028251,0.1201970601601191,-0.6215705967146201,-0.9274745739175644,-0.4411343782061857
20.0,100.0,1001.3706665039062,0.8244933528563956,0.1717593457825232,-2.378357160883819,-0.0294094280921996,0.5201670551719506,-0.571934593963829,0.1201970601601191,-0.6215705967146201,-0.9274745739175644,-0.4411343782061857
20.0,100.0,1001.3706665039062,0.8244933528563879,0.1717593457825232,-2.378357160883819,-0.0294094581517189,0.5201670551719506,-0.5719345949844431,0.1201970601601191,-0.6215705967146201,-0.9274745739175644,-0.4411343782061857
20.0,100.0,1001.3706665039062,0.8244933528550056,0.1717593457825232,-2.378357160883819,-0.0294095346475522,0.5201670551719506,-0.5719345949844431,0.1201970601601191,-0.6215705967146201,-0.9274745739175644,-0.4411343782061857
20.0,100.0,1001.3706665039062,0.8244933528562454,0.1717593457825232,-2.378357160883819,-0.0294095439094923,0.5201670551719506,-0.5719345949844431,0.1201970601601191,-0.6215705967146201,-0.9274745739175644,-0.4411343782135918
20.0,100.0,1001.3707885742188,0.8244933528563879,0.1717593457825232,-2.378357160883819,-0.0294106739570585,0.5201670551719506,-0.5719345949844431,0.1201970601601191,-0.6215705967146201,-0.9274745739175644,-0.4411343782061857
20.0,100.0,1001.3707885742188,0.8244933528563879,0.1717593457825232,-2.378357160883819,-0.0294106739570585,0.5201670551719506,-0.5719345949844431,0.1201970601601191,-0.6215705967146201,-0.9274745739175644,-0.4411343782061857
20.0,100.0,1001.3707885742188,0.8244933528911423,0.1717593457825232,-2.378357160883819,-0.0294106739570585,0.5201670551719506,-0.5719345949844431,0.1201970601601191,-0.6215705967146201,-0.9274745739175644,-0.4411343782061857
20.0,100.0,1001.3707885742188,0.824493352856527,0.1717593457825232,-2.378357160883819,-0.0294106739570585,0.5201670551719506,-0.5719345949844431,0.1201970601601191,-0.6215705967146201,-0.9274745739175644,-0.4411343782061857
20.0,100.0,1001.3707885742188,0.8244933528924216,0.1717593457825232,-2.378357160883819,-0.0294099997483634,0.5201670551719506,-0.571934594085546,0.1201970601601191,-0.6215705967146201,-0.9274745739175644,-0.4411343782008108
20.0,100.0,1001.3707885742188,0.8244933528924328,0.1717593457825232,-2.378357160883819,-0.0294106640209829,0.5201670551719506,-0.5719345949844431,0.1201970601601191,-0.6215705967146201,-0.9274745739175644,-0.4411343782006383
20.0,100.0,1001.3707885742188,0.8244933528476658,0.1717593457825232,-2.378357160883819,-0.0294106739570585,0.5201670551719506,-0.5719345949844431,0.1201970601601191,-0.6215705967146201,-0.9274745739175644,-0.4411343782061857
20.0,100.0,1001.3707885742188,0.8244933528476658,0.1717593457825232,-2.378357160883819,-0.0294106739570585,0.5201670551719506,-0.5719345949844431,0.1201970601601191,-0.6215705967146201,-0.9274745739175644,-0.4411343781894623
20.0,100.0,1001.3707885742188,0.8244933528924328,0.1717593457825232,-2.378357160883819,-0.0294106453386142,0.5201670551719506,-0.5719345949844431,0.1201970601601191,-0.6215705967146201,-0.9274745739175644,-0.4411343782006383
20.0,100.0,1001.3707885742188,0.8244933528563879,0.1717593457825232,-2.378357160883819,-0.0294106739570585,0.5201670551719506,-0.571934594999974,0.1201970601601191,-0.6215705967146201,-0.9274745739175644,-0.4411343782061857
20.0,100.0,1001.3707885742188,0.8244933528924328,0.1717593457825232,-2.378357160883819,-0.0294106640209829,0.5201670551719506,-0.5719345949844431,0.1201970601601191,-0.6215705967146201,-0.9274745739175644,-0.4411343785306221
20.0,100.0,1001.3707885742188,0.824493352856531,0.1717593457825232,-2.378357160883819,-0.0294106739570585,0.5201670551719506,-0.5719345949844431,0.1201970601601191,-0.6215705967146201,-0.9274745739175644,-0.4411343782061857
20.0,100.0,1001.3707885742188,0.824493352835715,0.1717593457825232,-2.378357160883819,-0.029410515778189,0.5201670551719506,-0.5719345949844431,0.1201970601601191,-0.6215705967146201,-0.9274745739175644,-0.4411343782061857
20.0,100.0,1001.3707885742188,0.824493352835715,0.1717593457825232,-2.378357160883819,-0.0294100553015397,0.5201670551719506,-0.5719345949844431,0.1201970601601191,-0.6215705967146201,-0.9274745739175644,-0.4411343782061857
20.0,100.0,1001.3707885742188,0.8244933528911553,0.1717593457825232,-2.378357160883819,-0.0294106739570585,0.5201670551719506,-0.5719345949844431,0.1201970601601191,-0.6215705967146201,-0.9274745739175644,-0.4411343782075271
20.0,100.0,1001.3709106445312,0.8244933528357871,0.1717593457825232,-2.378357160883819,-0.0294117064763028,0.5201670551719506,-0.5719345949773672,0.1201970601601191,-0.6215705967146201,-0.9274745739175644,-0.4411343727179163
20.0,100.0,1001.3717041015624,0.8244933528163149,0.1717593457825232,-2.378357160883819,-0.0294204646209671,0.5201670551719506,-0.571934595215203,0.1201970601601191,-0.6215705967146201,-0.9274745739175644,-0.4411343782061857
20.0,100.0,1001.3717041015624,0.8244933528475938,0.1717593457825232,-2.378357160883819,-0.0294209252907672,0.5201670551719506,-0.5719345949844431,0.1201970601601191,-0.6215705967146201,-0.9274745739175644,-0.4411343783081861
20.0,100.0,1001.3717651367188,0.824493352835715,0.1717593457825232,-2.378357160883819,-0.0294214610547985,0.5201670551719506,-0.5719345949844431,0.1201970601601191,-0.6215705967146201,-0.9274745739175644,-0.4411343714447325
20.0,100.0,1001.3717651367188,0.824493352835715,0.1717593457825232,-2.378357160883819,-0.0294219578100116,0.5201670551719506,-0.5719345949773672,0.1201970601601191,-0.6215705967146201,-0.9274745739175644,-0.4411343728199167
20.0,100.0,1001.3717651367188,0.824493352835715,0.1717593457825232,-2.378357160883819,-0.0294214610547985,0.5201670551719506,-0.5719345949844431,0.1201970601601191,-0.6215705967146201,-0.9274745739175644,-0.4411343714614558
20.0,100.0,1001.3719482421876,0.824493352835715,0.1717593457825232,-2.378357160883819,-0.0294243735744161,0.5201670551719506,-0.5719345949844431,0.1201970601601191,-0.6215705967146201,-0.9274745739175644,-0.4411343782061857
20.0,100.0,1001.3719482421876,0.824493352835715,0.1717593457825232,-2.378357160883819,-0.0294243735744161,0.5201670551719506,-0.5719345949844431,0.1201970601601191,-0.6215705967146201,-0.9274745739175644,-0.4411343782061857
20.0,100.0,1001.3719482421876,0.824493352835715,0.1717593457825232,-2.378357160883819,-0.0294243735744161,0.5201670551719506,-0.5719345949844431,0.1201970601601191,-0.6215705967146201,-0.9274745739175644,-0.4411343782061857
20.0,100.0,1001.3719482421876,0.824493352835715,0.1717593457825232,-2.378357160883819,-0.0294243735744161,0.5201670551719506,-0.5719345949844431,0.1201970601601191,-0.6215705967146201,-0.9274745739175644,-0.4411343782061857
20.0,100.0,1001.3720092773438,0.8244933528484057,0.1717593457825232,-2.378357160883819,-0.0294244321491568,0.5201670551719506,-0.5719345939741214,0.1201970601601191,-0.6215705967146201,-0.9274745739175644,-0.4411343781568688
20.0,100.0,1001.3720092773438,0.8244933528917244,0.1717593457825232,-2.378357160883819,-0.0294245436533973,0.5201670551719506,-0.571934594085546,0.1201970601601191,-0.6215705967146201,-0.9274745739175644,-0.4411343782834228
20.0,100.0,1001.3720703125,0.8244933528163149,0.1717593457825232,-2.378357160883819,-0.0294255751582946,0.5201670551719506,-0.5719345952195238,0.1201970601601191,-0.6215705967146201,-0.9274745739175644,-0.4411343782061857
20.0,100.0,1001.3721313476562,0.824493352835715,0.1717593457825232,-2.378357160883819,-0.0294260486157893,0.5201670551719506,-0.5719345949844431,0.1201970601601191,-0.6215705967146201,-0.9274745739175644,-0.4411343782061857
20.0,100.0,1001.3721313476562,0.824493352835715,0.1717593457825232,-2.378357160883819,-0.0294260486157893,0.5201670551719506,-0.5719345950004808,0.1201970601601191,-0.6215705967146201,-0.9274745739175644,-0.4411343782061857
20.0,100.0,1001.3721313476562,0.8244933528359027,0.1717593457825232,-2.378357160883819,-0.0294260486157893,0.5201670551719506,-0.5719345950004808,0.1201970601601191,-0.6215705967146201,-0.9274745739175644,-0.4411343782061857
20.0,100.0,1001.3721313476562,0.8244933528367698,0.1717593457825232,-2.378357160883819,-0.0294260486157893,0.5201670551719506,-0.5719345950004808,0.1201970601601191,-0.6215705967146201,-0.9274745739175644,-0.4411343783438788
20.0,100.0,1001.3721313476562,0.8244933528359027,0.1717593457825232,-2.378357160883819,-0.0294263184685898,0.5201670551719506,-0.5719345950000337,0.1201970601601191,-0.6215705967146201,-0.9274745739175644,-0.4411343782061857
20.0,100.0,1001.3721313476562,0.824493352836644,0.1717593457825232,-2.378357160883819,-0.0294263555993242,0.5201670551719506,-0.5719345950004808,0.1201970601601191,-0.6215705967146201,-0.9274745739175644,-0.4411343783438788
20.0,100.0,1001.3721313476562,0.8244933528359027,0.1717593457825232,-2.378357160883819,-0.0294263184685898,0.5201670551719506,-0.5719345949845028,0.1201970601601191,-0.6215705967146201,-0.9274745739175644,-0.4411343782061857
20.0,100.0,1001.3721923828124,0.824493352835715,0.1717593457825232,-2.378357160883819,-0.029426723372449,0.5201670551719506,-0.5719345940754341,0.1201970601601191,-0.6215705967146201,-0.9274745739175644,-0.4411343785322323
20.0,101.0,1001.2186279296876,0.8244933528955208,0.1717593457825232,-2.378357160883819,-0.0230257625266598,0.5201670551719506,-0.5719345939460748,0.1201970601601191,-0.6215705967146201,-0.9274745739175644,-0.4411343782061857
20.0,101.0,1001.2208251953124,0.8244933528955275,0.1717593457825232,-2.378357160883819,-0.0229714495955536,0.5201670551719506,-0.5719345939555502,0.1201970601601191,-0.6215705967146201,-0.9274745739175644,-0.4411343782009364
20.0,101.0,1001.3704833984376,0.8244933528563879,0.1717593457825232,-2.378357160883819,-0.0294075059415633,0.5201670551719506,-0.5719345942336987,0.1201970601601191,-0.6215705967146201,-0.9274745739175644,-0.4411343783012851
20.0,101.0,1001.3704833984376,0.8244933528910603,0.1717593457825232,-2.378357160883819,-0.0294075059415633,0.5201670551719506,-0.5719345940855006,0.1201970601601191,-0.6215705967146201,-0.9274745739175644,-0.4411343785428452
20.0,101.0,1001.3704833984376,0.824493352856432,0.1717593457825232,-2.378357160883819,-0.0294075059415633,0.5201670551719506,-0.5719345940855006,0.1201970601601191,-0.6215705967146201,-0.9274745739175644,-0.4411343785415037
20.0,101.0,1001.3704833984376,0.8244933528564646,0.1717593457825232,-2.378357160883819,-0.0294075059415633,0.5201670551719506,-0.5719345940823883,0.1201970601601191,-0.6215705967146201,-0.9274745739175644,-0.4411343782995554
20.0,101.0,1001.3704833984376,0.8244933528132158,0.1717593457825232,-2.378357160883819,-0.0294076517205054,0.5201670551719506,-0.571934594085546,0.1201970601601191,-0.6215705967146201,-0.9274745739175644,-0.4411343782008108
20.0,101.0,1001.3704833984376,0.8244933528564646,0.1717593457825232,-2.378357160883819,-0.0294075059415633,0.5201670551719506,-0.5719345940823883,0.1201970601601191,-0.6215705967146201,-0.9274745739175644,-0.4411343782063496
20.0,101.0,1001.3704833984376,0.8244933528565318,0.1717593457825232,-2.378357160883819,-0.0294075059415633,0.5201670551719506,-0.5719345940855006,0.1201970601601191,-0.6215705967146201,-0.9274745739175644,-0.4411343785415037
20.0,101.0,1001.3704833984376,0.8244933528910603,0.1717593457825232,-2.378357160883819,-0.0294075059415633,0.5201670551719506,-0.5719345940821442,0.1201970601601191,-0.6215705967146201,-0.9274745739175644,-0.4411343785348972
20.0,101.0,1001.3705444335938,0.8244933528132158,0.1717593457825232,-2.378357160883819,-0.0294079772760207,0.5201670551719506,-0.571934594085546,0.1201970601601191,-0.6215705967146201,-0.9274745739175644,-0.4411343782008108
20.0,101.0,1001.3705444335938,0.8244933528930527,0.1717593457825232,-2.378357160883819,-0.0294078191798864,0.5201670551719506,-0.5719345942336987,0.1201970601601191,-0.6215705967146201,-0.9274745739175644,-0.4411343782077002
20.0,101.0,1001.37060546875,0.8244933528163149,0.1717593457825232,-2.378357160883819,-0.0294081489967393,0.5201670551719506,-0.571934595215203,0.1201970601601191,-0.6215705967146201,-0.9274745739175644,-0.4411343782061857
20.0,101.0,1001.37060546875,0.8244933528163149,0.1717593457825232,-2.378357160883819,-0.0294081019366527,0.5201670551719506,-0.5719345939460748,0.1201970601601191,-0.6215705967146201,-0.9274745739175644,-0.4411343782061857
20.0,101.0,1001.37060546875,0.8244933528163149,0.1717593457825232,-2.378357160883819,-0.0294081489967393,0.5201670551719506,-0.571934595215203,0.1201970601601191,-0.6215705967146201,-0.9274745739175644,-0.4411343782061857
20.0,101.0,1001.37060546875,0.8244933528162784,0.1717593457825232,-2.378357160883819,-0.0294081489967393,0.5201670551719506,-0.5719345952028251,0.1201970601601191,-0.6215705967146201,-0.9274745739175644,-0.4411343782061857
20.0,101.0,1001.37060546875,0.8244933528163149,0.1717593457825232,-2.378357160883819,-0.0294081489967393,0.5201670551719506,-0.5719345952185594,0.1201970601601191,-0.6215705967146201,-0.9274745739175644,-0.4411343782141336
20.0,101.0,1001.3706665039062,0.8244933528563956,0.1717593457825232,-2.378357160883819,-0.0294094280921996,0.5201670551719506,-0.571934593963829,0.1201970601601191,-0.6215705967146201,-0.9274745739175644,-0.4411343782061857
20.0,101.0,1001.3706665039062,0.8244933528563879,0.1717593457825232,-2.378357160883819,-0.0294094581517189,0.5201670551719506,-0.5719345949844431,0.1201970601601191,-0.6215705967146201,-0.9274745739175644,-0.4411343782061857
20.0,101.0,1001.3706665039062,0.8244933528550056,0.1717593457825232,-2.378357160883819,-0.0294095346475522,0.5201670551719506,-0.5719345949844431,0.1201970601601191,-0.6215705967146201,-0.9274745739175644,-0.4411343782061857
20.0,101.0,1001.3706665039062,0.8244933528562454,0.1717593457825232,-2.378357160883819,-0.0294095439094923,0.5201670551719506,-0.5719345949844431,0.1201970601601191,-0.6215705967146201,-0.9274745739175644,-0.4411343782135918
20.0,101.0,1001.3706665039062,0.8244933528562454,0.1717593457825232,-2.378357160883819,-0.0294095211715174,0.5201670551719506,-0.5719345949844431,0.1201970601601191,-0.6215705967146201,-0.9274745739175644,-0.4411343782135918
20.0,101.0,1001.3707885742188,0.8244933528563879,0.1717593457825232,-2.378357160883819,-0.0294106739570585,0.5201670551719506,-0.5719345949844431,0.1201970601601191,-0.6215705967146201,-0.9274745739175644,-0.4411343782061857
20.0,101.0,1001.3707885742188,0.8244933528563879,0.1717593457825232,-2.378357160883819,-0.0294106739570585,0.5201670551719506,-0.5719345949844431,0.1201970601601191,-0.6215705967146201,-0.9274745739175644,-0.4411343782061857
20.0,101.0,1001.3707885742188,0.8244933528911423,0.1717593457825232,-2.378357160883819,-0.0294106739570585,0.5201670551719506,-0.5719345949844431,0.1201970601601191,-0.6215705967146201,-0.9274745739175644,-0.4411343782061857
20.0,101.0,1001.3707885742188,0.824493352856527,0.1717593457825232,-2.378357160883819,-0.0294106739570585,0.5201670551719506,-0.5719345949844431,0.1201970601601191,-0.6215705967146201,-0.9274745739175644,-0.4411343782061857
20.0,101.0,1001.3707885742188,0.8244933528924216,0.1717593457825232,-2.378357160883819,-0.0294099997483634,0.5201670551719506,-0.571934594085546,0.1201970601601191,-0.6215705967146201,-0.9274745739175644,-0.4411343782008108
20.0,101.0,1001.3707885742188,0.8244933528924328,0.1717593457825232,-2.378357160883819,-0.0294106640209829,0.5201670551719506,-0.5719345949844431,0.1201970601601191,-0.6215705967146201,-0.9274745739175644,-0.4411343782006383
20.0,101.0,1001.3707885742188,0.8244933528476658,0.1717593457825232,-2.378357160883819,-0.0294106739570585,0.5201670551719506,-0.5719345949844431,0.1201970601601191,-0.6215705967146201,-0.9274745739175644,-0.4411343782061857
20.0,101.0,1001.3707885742188,0.8244933528476658,0.1717593457825232,-2.378357160883819,-0.0294106739570585,0.5201670551719506,-0.5719345949844431,0.1201970601601191,-0.6215705967146201,-0.9274745739175644,-0.4411343781894623
20.0,101.0,1001.3707885742188,0.8244933528924328,0.1717593457825232,-2.378357160883819,-0.0294106453386142,0.5201670551719506,-0.5719345949844431,0.1201970601601191,-0.6215705967146201,-0.9274745739175644,-0.4411343782006383
20.0,101.0,1001.3707885742188,0.8244933528563879,0.1717593457825232,-2.378357160883819,-0.0294106739570585,0.5201670551719506,-0.571934594999974,0.1201970601601191,-0.6215705967146201,-0.9274745739175644,-0.4411343782061857
20.0,101.0,1001.3707885742188,0.8244933528924328,0.1717593457825232,-2.378357160883819,-0.0294106640209829,0.5201670551719506,-0.5719345949844431,0.1201970601601191,-0.6215705967146201,-0.9274745739175644,-0.4411343785306221
20.0,101.0,1001.3707885742188,0.824493352856531,0.1717593457825232,-2.378357160883819,-0.0294106739570585,0.5201670551719506,-0.5719345949844431,0.1201970601601191,-0.6215705967146201,-0.9274745739175644,-0.4411343782061857
20.0,101.0,1001.3707885742188,0.824493352835715,0.1717593457825232,-2.378357160883819,-0.029410515778189,0.5201670551719506,-0.5719345949844431,0.1201970601601191,-0.6215705967146201,-0.9274745739175644,-0.4411343782061857
20.0,101.0,1001.3707885742188,0.824493352835715,0.1717593457825232,-2.378357160883819,-0.0294100553015397,0.5201670551719506,-0.5719345949844431,0.1201970601601191,-0.6215705967146201,-0.9274745739175644,-0.4411343782061857
20.0,101.0,1001.3707885742188,0.8244933528911553,0.1717593457825232,-2.378357160883819,-0.0294106739570585,0.5201670551719506,-0.5719345949844431,0.1201970601601191,-0.6215705967146201,-0.9274745739175644,-0.4411343782075271
20.0,101.0,1001.3707885742188,0.824493352835715,0.1717593457825232,-2.378357160883819,-0.0294100553015397,0.5201670551719506,-0.5719345949844431,0.1201970601601191,-0.6215705967146201,-0.9274745739175644,-0.4411343781551821
20.0,101.0,1001.3707885742188,0.8244933528911423,0.1717593457825232,-2.378357160883819,-0.0294106739570585,0.5201670551719506,-0.5719345949844431,0.1201970601601191,-0.6215705967146201,-0.9274745739175644,-0.4411343782993914
20.0,101.0,1001.3707885742188,0.8244933528564272,0.1717593457825232,-2.378357160883819,-0.0294106739570585,0.5201670551719506,-0.5719345949844431,0.1201970601601191,-0.6215705967146201,-0.9274745739175644,-0.4411343782061857
20.0,101.0,1001.3707885742188,0.8244933528476658,0.1717593457825232,-2.378357160883819,-0.0294105428108578,0.5201670551719506,-0.5719345949512716,0.1201970601601191,-0.6215705967146201,-0.9274745739175644,-0.4411343782065147
20.0,101.0,1001.3707885742188,0.8244933528563284,0.1717593457825232,-2.378357160883819,-0.0294106454876066,0.5201670551719506,-0.5719345949844431,0.1201970601601191,-0.6215705967146201,-0.9274745739175644,-0.4411343782061857
20.0,101.0,1001.3709106445312,0.8244933528357871,0.1717593457825232,-2.378357160883819,-0.0294117064763028,0.5201670551719506,-0.5719345949773672,0.1201970601601191,-0.6215705967146201,-0.9274745739175644,-0.4411343727179163
20.0,101.0,1001.3717041015624,0.8244933528163149,0.1717593457825232,-2.378357160883819,-0.0294204646209671,0.5201670551719506,-0.571934595215203,0.1201970601601191,-0.6215705967146201,-0.9274745739175644,-0.4411343782061857
20.0,101.0,1001.3717041015624,0.8244933528475938,0.1717593457825232,-2.378357160883819,-0.0294209252907672,0.5201670551719506,-0.5719345949844431,0.1201970601601191,-0.6215705967146201,-0.9274745739175644,-0.4411343783081861
20.0,101.0,1001.3717651367188,0.824493352835715,0.1717593457825232,-2.378357160883819,-0.0294214610547985,0.5201670551719506,-0.5719345949844431,0.1201970601601191,-0.6215705967146201,-0.9274745739175644,-0.4411343714447325
20.0,101.0,1001.3717651367188,0.824493352835715,0.1717593457825232,-2.378357160883819,-0.0294219578100116,0.5201670551719506,-0.5719345949773672,0.1201970601601191,-0.6215705967146201,-0.9274745739175644,-0.4411343728199167
20.0,101.0,1001.3717651367188,0.824493352835715,0.1717593457825232,-2.378357160883819,-0.0294214610547985,0.5201670551719506,-0.5719345949844431,0.1201970601601191,-0.6215705967146201,-0.9274745739175644,-0.4411343714614558
20.0,101.0,1001.3719482421876,0.824493352835715,0.1717593457825232,-2.378357160883819,-0.0294243735744161,0.5201670551719506,-0.5719345949844431,0.1201970601601191,-0.6215705967146201,-0.9274745739175644,-0.4411343782061857
20.0,101.0,1001.3719482421876,0.824493352835715,0.1717593457825232,-2.378357160883819,-0.0294243735744161,0.5201670551719506,-0.5719345949844431,0.1201970601601191,-0.6215705967146201,-0.9274745739175644,-0.4411343782061857
20.0,102.0,1001.2186279296876,0.8244933528955208,0.1717593457825232,-2.378357160883819,-0.0230257625266598,0.5201670551719506,-0.5719345939460748,0.1201970601601191,-0.6215705967146201,-0.9274745739175644,-0.4411343782061857
20.0,102.0,1001.2208251953124,0.8244933528955275,0.1717593457825232,-2.378357160883819,-0.0229714495955536,0.5201670551719506,-0.5719345939555502,0.1201970601601191,-0.6215705967146201,-0.9274745739175644,-0.4411343782009364
20.0,102.0,1001.221435546875,0.8244933528954626,0.1717593457825232,-2.378357160883819,-0.0229540011443307,0.5201670551719506,-0.5719345939296615,0.1201970601601191,-0.6215705967146201,-0.9274745739175644,-0.4411343782061857
20.0,102.0,1001.3704833984376,0.8244933528563879,0.1717593457825232,-2.378357160883819,-0.0294075059415633,0.5201670551719506,-0.5719345942336987,0.1201970601601191,-0.6215705967146201,-0.9274745739175644,-0.4411343783012851
20.0,102.0,1001.3704833984376,0.8244933528910603,0.1717593457825232,-2.378357160883819,-0.0294075059415633,0.5201670551719506,-0.5719345940855006,0.1201970601601191,-0.6215705967146201,-0.9274745739175644,-0.4411343785428452
20.0,102.0,1001.3704833984376,0.824493352856432,0.1717593457825232,-2.378357160883819,-0.0294075059415633,0.5201670551719506,-0.5719345940855006,0.1201970601601191,-0.6215705967146201,-0.9274745739175644,-0.4411343785415037
20.0,102.0,1001.3704833984376,0.8244933528564646,0.1717593457825232,-2.378357160883819,-0.0294075059415633,0.5201670551719506,-0.5719345940823883,0.1201970601601191,-0.6215705967146201,-0.9274745739175644,-0.4411343782995554
20.0,102.0,1001.3704833984376,0.8244933528132158,0.1717593457825232,-2.378357160883819,-0.0294076517205054,0.5201670551719506,-0.571934594085546,0.1201970601601191,-0.6215705967146201,-0.9274745739175644,-0.4411343782008108
20.0,102.0,1001.3704833984376,0.8244933528564646,0.1717593457825232,-2.378357160883819,-0.0294075059415633,0.5201670551719506,-0.5719345940823883,0.1201970601601191,-0.6215705967146201,-0.9274745739175644,-0.4411343782063496
20.0,102.0,1001.3704833984376,0.8244933528565318,0.1717593457825232,-2.378357160883819,-0.0294075059415633,0.5201670551719506,-0.5719345940855006,0.1201970601601191,-0.6215705967146201,-0.9274745739175644,-0.4411343785415037
20.0,102.0,1001.3704833984376,0.8244933528910603,0.1717593457825232,-2.378357160883819,-0.0294075059415633,0.5201670551719506,-0.5719345940821442,0.1201970601601191,-0.6215705967146201,-0.9274745739175644,-0.4411343785348972
20.0,102.0,1001.3704833984376,0.8244933528132158,0.1717593457825232,-2.378357160883819,-0.0294076517205054,0.5201670551719506,-0.5719345950054536,0.1201970601601191,-0.6215705967146201,-0.9274745739175644,-0.4411343782008108
20.0,102.0,1001.3704833984376,0.8244933528132158,0.1717593457825232,-2.378357160883819,-0.0294075050071321,0.5201670551719506,-0.571934594085546,0.1201970601601191,-0.6215705967146201,-0.9274745739175644,-0.441134378562072
20.0,102.0,1001.3704833984376,0.824493352890956,0.1717593457825232,-2.378357160883819,-0.0294074787538922,0.5201670551719506,-0.5719345952028251,0.1201970601601191,-0.6215705967146201,-0.9274745739175644,-0.4411343781976183
20.0,102.0,1001.3704833984376,0.8244933528563879,0.1717593457825232,-2.378357160883819,-0.0294075059415633,0.5201670551719506,-0.5719345942336987,0.1201970601601191,-0.6215705967146201,-0.9274745739175644,-0.4411343783012851
20.0,102.0,1001.3704833984376,0.8244933528564301,0.1717593457825232,-2.378357160883819,-0.0294075059415633,0.5201670551719506,-0.5719345940855006,0.1201970601601191,-0.6215705967146201,-0.9274745739175644,-0.4411343785490497
20.0,102.0,1001.3705444335938,0.8244933528132158,0.1717593457825232,-2.378357160883819,-0.0294079772760207,0.5201670551719506,-0.571934594085546,0.1201970601601191,-0.6215705967146201,-0.9274745739175644,-0.4411343782008108
20.0,102.0,1001.3705444335938,0.8244933528930527,0.1717593457825232,-2.378357160883819,-0.0294078191798864,0.5201670551719506,-0.5719345942336987,0.1201970601601191,-0.6215705967146201,-0.9274745739175644,-0.4411343782077002
20.0,102.0,1001.3705444335938,0.8244933528132158,0.1717593457825232,-2.378357160883819,-0.0294079787097574,0.5201670551719506,-0.5719345951578381,0.1201970601601191,-0.6215705967146201,-0.9274745739175644,-0.4411343782008108
20.0,102.0,1001.3705444335938,0.8244933528961773,0.1717593457825232,-2.378357160883819,-0.0294078736009612,0.5201670551719506,-0.571934594257084,0.1201970601601191,-0.6215705967146201,-0.9274745739175644,-0.4411343781894623
20.0,102.0,1001.37060546875,0.8244933528163149,0.1717593457825232,-2.378357160883819,-0.0294081489967393,0.5201670551719506,-0.571934595215203,0.1201970601601191,-0.6215705967146201,-0.9274745739175644,-0.4411343782061857
20.0,102.0,1001.37060546875,0.8244933528163149,0.1717593457825232,-2.378357160883819,-0.0294081019366527,0.5201670551719506,-0.5719345939460748,0.1201970601601191,-0.6215705967146201,-0.9274745739175644,-0.4411343782061857
20.0,102.0,1001.37060546875,0.8244933528163149,0.1717593457825232,-2.378357160883819,-0.0294081489967393,0.5201670551719506,-0.571934595215203,0.1201970601601191,-0.6215705967146201,-0.9274745739175644,-0.4411343782061857
20.0,102.0,1001.37060546875,0.8244933528162784,0.1717593457825232,-2.378357160883819,-0.0294081489967393,0.5201670551719506,-0.5719345952028251,0.1201970601601191,-0.6215705967146201,-0.9274745739175644,-0.4411343782061857
20.0,102.0,1001.37060546875,0.8244933528163149,0.1717593457825232,-2.378357160883819,-0.0294081489967393,0.5201670551719506,-0.5719345952185594,0.1201970601601191,-0.6215705967146201,-0.9274745739175644,-0.4411343782141336
20.0,102.0,1001.37060546875,0.8244933528940409,0.1717593457825232,-2.378357160883819,-0.0294081489967393,0.5201670551719506,-0.571934595215203,0.1201970601601191,-0.6215705967146201,-0.9274745739175644,-0.4411343782010446
20.0,102.0,1001.37060546875,0.8244933528163149,0.1717593457825232,-2.378357160883819,-0.0294080724651605,0.5201670551719506,-0.5719345952185594,0.1201970601601191,-0.6215705967146201,-0.9274745739175644,-0.4411343781544031
20.0,102.0,1001.37060546875,0.82449335285502,0.1717593457825232,-2.378357160883819,-0.0294081489967393,0.5201670551719506,-0.571934595215203,0.1201970601601191,-0.6215705967146201,-0.9274745739175644,-0.4411343782073236
20.0,102.0,1001.37060546875,0.8244933528163149,0.1717593457825232,-2.378357160883819,-0.0294081475630026,0.5201670551719506,-0.5719345941429108,0.1201970601601191,-0.6215705967146201,-0.9274745739175644,-0.4411343782061857
20.0,102.0,1001.3706665039062,0.8244933528563956,0.1717593457825232,-2.378357160883819,-0.0294094280921996,0.5201670551719506,-0.571934593963829,0.1201970601601191,-0.6215705967146201,-0.9274745739175644,-0.4411343782061857
20.0,102.0,1001.3706665039062,0.8244933528563879,0.1717593457825232,-2.378357160883819,-0.0294094581517189,0.5201670551719506,-0.5719345949844431,0.1201970601601191,-0.6215705967146201,-0.9274745739175644,-0.4411343782061857
20.0,102.0,1001.3706665039062,0.8244933528550056,0.1717593457825232,-2.378357160883819,-0.0294095346475522,0.5201670551719506,-0.5719345949844431,0.1201970601601191,-0.6215705967146201,-0.9274745739175644,-0.4411343782061857
20.0,102.0,1001.3706665039062,0.8244933528562454,0.1717593457825232,-2.378357160883819,-0.0294095439094923,0.5201670551719506,-0.5719345949844431,0.1201970601601191,-0.6215705967146201,-0.9274745739175644,-0.4411343782135918
20.0,102.0,1001.3706665039062,0.8244933528562454,0.1717593457825232,-2.378357160883819,-0.0294095211715174,0.5201670551719506,-0.5719345949844431,0.1201970601601191,-0.6215705967146201,-0.9274745739175644,-0.4411343782135918
20.0,102.0,1001.3706665039062,0.8244933528550056,0.1717593457825232,-2.378357160883819,-0.0294095346475522,0.5201670551719506,-0.5719345949844431,0.1201970601601191,-0.6215705967146201,-0.9274745739175644,-0.4411343782061857
20.0,102.0,1001.3706665039062,0.8244933528563879,0.1717593457825232,-2.378357160883819,-0.0294094581517189,0.5201670551719506,-0.5719345950002889,0.1201970601601191,-0.6215705967146201,-0.9274745739175644,-0.4411343782061857
20.0,102.0,1001.3707885742188,0.8244933528563879,0.1717593457825232,-2.378357160883819,-0.0294106739570585,0.5201670551719506,-0.5719345949844431,0.1201970601601191,-0.6215705967146201,-0.9274745739175644,-0.4411343782061857
20.0,102.0,1001.3707885742188,0.8244933528563879,0.1717593457825232,-2.378357160883819,-0.0294106739570585,0.5201670551719506,-0.5719345949844431,0.1201970601601191,-0.6215705967146201,-0.9274745739175644,-0.4411343782061857
20.0,102.0,1001.3707885742188,0.8244933528911423,0.1717593457825232,-2.378357160883819,-0.0294106739570585,0.5201670551719506,-0.5719345949844431,0.1201970601601191,-0.6215705967146201,-0.9274745739175644,-0.4411343782061857
20.0,102.0,1001.3707885742188,0.824493352856527,0.1717593457825232,-2.378357160883819,-0.0294106739570585,0.5201670551719506,-0.5719345949844431,0.1201970601601191,-0.6215705967146201,-0.9274745739175644,-0.4411343782061857
20.0,102.0,1001.3707885742188,0.8244933528924216,0.1717593457825232,-2.378357160883819,-0.0294099997483634,0.5201670551719506,-0.571934594085546,0.1201970601601191,-0.6215705967146201,-0.9274745739175644,-0.4411343782008108
20.0,102.0,1001.3707885742188,0.8244933528924328,0.1717593457825232,-2.378357160883819,-0.0294106640209829,0.5201670551719506,-0.5719345949844431,0.1201970601601191,-0.6215705967146201,-0.9274745739175644,-0.4411343782006383
20.0,102.0,1001.3707885742188,0.8244933528476658,0.1717593457825232,-2.378357160883819,-0.0294106739570585,0.5201670551719506,-0.5719345949844431,0.1201970601601191,-0.6215705967146201,-0.9274745739175644,-0.4411343782061857
20.0,102.0,1001.3707885742188,0.8244933528476658,0.1717593457825232,-2.378357160883819,-0.0294106739570585,0.5201670551719506,-0.5719345949844431,0.1201970601601191,-0.6215705967146201,-0.9274745739175644,-0.4411343781894623
20.0,102.0,1001.3707885742188,0.8244933528924328,0.1717593457825232,-2.378357160883819,-0.0294106453386142,0.5201670551719506,-0.5719345949844431,0.1201970601601191,-0.6215705967146201,-0.9274745739175644,-0.4411343782006383
20.0,102.0,1001.3707885742188,0.8244933528563879,0.1717593457825232,-2.378357160883819,-0.0294106739570585,0.5201670551719506,-0.571934594999974,0.1201970601601191,-0.6215705967146201,-0.9274745739175644,-0.4411343782061857
20.0,102.0,1001.3707885742188,0.8244933528924328,0.1717593457825232,-2.378357160883819,-0.0294106640209829,0.5201670551719506,-0.5719345949844431,0.1201970601601191,-0.6215705967146201,-0.9274745739175644,-0.4411343785306221
20.0,102.0,1001.3707885742188,0.824493352856531,0.1717593457825232,-2.378357160883819,-0.0294106739570585,0.5201670551719506,-0.5719345949844431,0.1201970601601191,-0.6215705967146201,-0.9274745739175644,-0.4411343782061857
20.0,102.0,1001.3707885742188,0.824493352835715,0.1717593457825232,-2.378357160883819,-0.029410515778189,0.5201670551719506,-0.5719345949844431,0.1201970601601191,-0.6215705967146201,-0.9274745739175644,-0.4411343782061857
20.0,102.0,1001.3707885742188,0.824493352835715,0.1717593457825232,-2.378357160883819,-0.0294100553015397,0.5201670551719506,-0.5719345949844431,0.1201970601601191,-0.6215705967146201,-0.9274745739175644,-0.4411343782061857
20.0,103.0,1001.2186279296876,0.8244933528955208,0.1717593457825232,-2.378357160883819,-0.0230257625266598,0.5201670551719506,-0.5719345939460748,0.1201970601601191,-0.6215705967146201,-0.9274745739175644,-0.4411343782061857
20.0,103.0,1001.2186279296876,0.8244933528955208,0.1717593457825232,-2.378357160883819,-0.0230257625266598,0.5201670551719506,-0.5719345949593759,0.1201970601601191,-0.6215705967146201,-0.9274745739175644,-0.4411343782061857
20.0,103.0,1001.2208251953124,0.8244933528955275,0.1717593457825232,-2.378357160883819,-0.0229714495955536,0.5201670551719506,-0.5719345939555502,0.1201970601601191,-0.6215705967146201,-0.9274745739175644,-0.4411343782009364
20.0,103.0,1001.221435546875,0.8244933528954626,0.1717593457825232,-2.378357160883819,-0.0229540011443307,0.5201670551719506,-0.5719345939296615,0.1201970601601191,-0.6215705967146201,-0.9274745739175644,-0.4411343782061857
20.0,103.0,1001.27587890625,0.8244933528563879,0.1717593457825232,-2.378357160883819,-0.021887688598126,0.5201670551719506,-0.5719345942336987,0.1201970601601191,-0.6215705967146201,-0.9274745739175644,-0.441134378196262
20.0,103.0,1001.3704833984376,0.8244933528563879,0.1717593457825232,-2.378357160883819,-0.0294075059415633,0.5201670551719506,-0.5719345942336987,0.1201970601601191,-0.6215705967146201,-0.9274745739175644,-0.4411343783012851
20.0,103.0,1001.3704833984376,0.8244933528910603,0.1717593457825232,-2.378357160883819,-0.0294075059415633,0.5201670551719506,-0.5719345940855006,0.1201970601601191,-0.6215705967146201,-0.9274745739175644,-0.4411343785428452
20.0,103.0,1001.3704833984376,0.824493352856432,0.1717593457825232,-2.378357160883819,-0.0294075059415633,0.5201670551719506,-0.5719345940855006,0.1201970601601191,-0.6215705967146201,-0.9274745739175644,-0.4411343785415037
20.0,103.0,1001.3704833984376,0.8244933528564646,0.1717593457825232,-2.378357160883819,-0.0294075059415633,0.5201670551719506,-0.5719345940823883,0.1201970601601191,-0.6215705967146201,-0.9274745739175644,-0.4411343782995554
20.0,103.0,1001.3704833984376,0.8244933528132158,0.1717593457825232,-2.378357160883819,-0.0294076517205054,0.5201670551719506,-0.571934594085546,0.1201970601601191,-0.6215705967146201,-0.9274745739175644,-0.4411343782008108
20.0,103.0,1001.3704833984376,0.8244933528564646,0.1717593457825232,-2.378357160883819,-0.0294075059415633,0.5201670551719506,-0.5719345940823883,0.1201970601601191,-0.6215705967146201,-0.9274745739175644,-0.4411343782063496
20.0,103.0,1001.3704833984376,0.8244933528565318,0.1717593457825232,-2.378357160883819,-0.0294075059415633,0.5201670551719506,-0.5719345940855006,0.1201970601601191,-0.6215705967146201,-0.9274745739175644,-0.4411343785415037
20.0,103.0,1001.3704833984376,0.8244933528910603,0.1717593457825232,-2.378357160883819,-0.0294075059415633,0.5201670551719506,-0.5719345940821442,0.1201970601601191,-0.6215705967146201,-0.9274745739175644,-0.4411343785348972
20.0,103.0,1001.3704833984376,0.8244933528132158,0.1717593457825232,-2.378357160883819,-0.0294076517205054,0.5201670551719506,-0.5719345950054536,0.1201970601601191,-0.6215705967146201,-0.9274745739175644,-0.4411343782008108
20.0,103.0,1001.3704833984376,0.8244933528132158,0.1717593457825232,-2.378357160883819,-0.0294075050071321,0.5201670551719506,-0.571934594085546,0.1201970601601191,-0.6215705967146201,-0.9274745739175644,-0.441134378562072
20.0,103.0,1001.3704833984376,0.824493352890956,0.1717593457825232,-2.378357160883819,-0.0294074787538922,0.5201670551719506,-0.5719345952028251,0.1201970601601191,-0.6215705967146201,-0.9274745739175644,-0.4411343781976183
20.0,103.0,1001.3704833984376,0.8244933528563879,0.1717593457825232,-2.378357160883819,-0.0294075059415633,0.5201670551719506,-0.5719345942336987,0.1201970601601191,-0.6215705967146201,-0.9274745739175644,-0.4411343783012851
20.0,103.0,1001.3704833984376,0.8244933528564301,0.1717593457825232,-2.378357160883819,-0.0294075059415633,0.5201670551719506,-0.5719345940855006,0.1201970601601191,-0.6215705967146201,-0.9274745739175644,-0.4411343785490497
20.0,103.0,1001.3704833984376,0.8244933528564646,0.1717593457825232,-2.378357160883819,-0.0294075059415633,0.5201670551719506,-0.5719345940823883,0.1201970601601191,-0.6215705967146201,-0.9274745739175644,-0.441134378206343
20.0,103.0,1001.3704833984376,0.824493352815194,0.1717593457825232,-2.378357160883819,-0.0294076530117968,0.5201670551719506,-0.5719345950026431,0.1201970601601191,-0.6215705967146201,-0.9274745739175644,-0.4411343781984568
20.0,103.0,1001.3704833984376,0.8244933528564301,0.1717593457825232,-2.378357160883819,-0.0294075059415633,0.5201670551719506,-0.5719345940855006,0.1201970601601191,-0.6215705967146201,-0.9274745739175644,-0.4411343785490497
20.0,103.0,1001.3704833984376,0.8244933528132158,0.1717593457825232,-2.378357160883819,-0.0294076517205054,0.5201670551719506,-0.5719345950098101,0.1201970601601191,-0.6215705967146201,-0.9274745739175644,-0.4411343785549221
20.0,103.0,1001.3704833984376,0.8244933528564301,0.1717593457825232,-2.378357160883819,-0.0294075059415633,0.5201670551719506,-0.5719345952070682,0.1201970601601191,-0.6215705967146201,-0.9274745739175644,-0.4411343785490497
20.0,103.0,1001.3704833984376,0.8244933528132158,0.1717593457825232,-2.378357160883819,-0.0294076423882037,0.5201670551719506,-0.5719345940662484,0.1201970601601191,-0.6215705967146201,-0.9274745739175644,-0.441134378206085
20.0,103.0,1001.3704833984376,0.8244933528544539,0.1717593457825232,-2.378357160883819,-0.0294075046502719,0.5201670551719506,-0.5719345940883112,0.1201970601601191,-0.6215705967146201,-0.9274745739175644,-0.4411343785438577
20.0,103.0,1001.3704833984376,0.8244933528599341,0.1717593457825232,-2.378357160883819,-0.0294075059415633,0.5201670551719506,-0.5719345940823883,0.1201970601601191,-0.6215705967146201,-0.9274745739175644,-0.4411343782995554
20.0,103.0,1001.3704833984376,0.824493352856432,0.1717593457825232,-2.378357160883819,-0.0294075059415633,0.5201670551719506,-0.5719345940855006,0.1201970601601191,-0.6215705967146201,-0.9274745739175644,-0.4411343785415037
20.0,103.0,1001.3704833984376,0.8244933528132158,0.1717593457825232,-2.378357160883819,-0.0294075050071321,0.5201670551719506,-0.5719345940811896,0.1201970601601191,-0.6215705967146201,-0.9274745739175644,-0.4411343782079607
20.0,103.0,1001.3704833984376,0.8244933528123535,0.1717593457825232,-2.378357160883819,-0.0294074787538922,0.5201670551719506,-0.5719345952028251,0.1201970601601191,-0.6215705967146201,-0.9274745739175644,-0.4411343781979919
20.0,103.0,1001.3705444335938,0.8244933528132158,0.1717593457825232,-2.378357160883819,-0.0294079772760207,0.5201670551719506,-0.571934594085546,0.1201970601601191,-0.6215705967146201,-0.9274745739175644,-0.4411343782008108
20.0,103.0,1001.3705444335938,0.8244933528930527,0.1717593457825232,-2.378357160883819,-0.0294078191798864,0.5201670551719506,-0.5719345942336987,0.1201970601601191,-0.6215705967146201,-0.9274745739175644,-0.4411343782077002
20.0,103.0,1001.3705444335938,0.8244933528132158,0.1717593457825232,-2.378357160883819,-0.0294079787097574,0.5201670551719506,-0.5719345951578381,0.1201970601601191,-0.6215705967146201,-0.9274745739175644,-0.4411343782008108
20.0,103.0,1001.3705444335938,0.8244933528961773,0.1717593457825232,-2.378357160883819,-0.0294078736009612,0.5201670551719506,-0.571934594257084,0.1201970601601191,-0.6215705967146201,-0.9274745739175644,-0.4411343781894623
20.0,103.0,1001.3705444335938,0.8244933528132158,0.1717593457825232,-2.378357160883819,-0.0294079787097574,0.5201670551719506,-0.5719345951578381,0.1201970601601191,-0.6215705967146201,-0.9274745739175644,-0.4411343782008108
20.0,103.0,1001.3705444335938,0.8244933528563879,0.1717593457825232,-2.378357160883819,-0.0294077143151526,0.5201670551719506,-0.5719345942199596,0.1201970601601191,-0.6215705967146201,-0.9274745739175644,-0.4411343782138031
20.0,103.0,1001.3705444335938,0.8244933528564646,0.1717593457825232,-2.378357160883819,-0.0294078280656596,0.5201670551719506,-0.5719345940868052,0.1201970601601191,-0.6215705967146201,-0.9274745739175644,-0.4411343782995554
20.0,103.0,1001.3705444335938,0.8244933528961773,0.1717593457825232,-2.378357160883819,-0.0294078736009612,0.5201670551719506,-0.5719345943308177,0.1201970601601191,-0.6215705967146201,-0.9274745739175644,-0.4411343782002332
20.0,103.0,1001.3705444335938,0.8244933528132158,0.1717593457825232,-2.378357160883819,-0.0294079772760207,0.5201670551719506,-0.5719345950229977,0.1201970601601191,-0.6215705967146201,-0.9274745739175644,-0.4411343782006308
20.0,103.0,1001.37060546875,0.8244933528163149,0.1717593457825232,-2.378357160883819,-0.0294081489967393,0.5201670551719506,-0.571934595215203,0.1201970601601191,-0.6215705967146201,-0.9274745739175644,-0.4411343782061857
20.0,103.0,1001.37060546875,0.8244933528163149,0.1717593457825232,-2.378357160883819,-0.0294081019366527,0.5201670551719506,-0.5719345939460748,0.1201970601601191,-0.6215705967146201,-0.9274745739175644,-0.4411343782061857
20.0,103.0,1001.37060546875,0.8244933528163149,0.1717593457825232,-2.378357160883819,-0.0294081489967393,0.5201670551719506,-0.571934595215203,0.1201970601601191,-0.6215705967146201,-0.9274745739175644,-0.4411343782061857
20.0,103.0,1001.37060546875,0.8244933528162784,0.1717593457825232,-2.378357160883819,-0.0294081489967393,0.5201670551719506,-0.5719345952028251,0.1201970601601191,-0.6215705967146201,-0.9274745739175644,-0.4411343782061857
20.0,103.0,1001.37060546875,0.8244933528163149,0.1717593457825232,-2.378357160883819,-0.0294081489967393,0.5201670551719506,-0.5719345952185594,0.1201970601601191,-0.6215705967146201,-0.9274745739175644,-0.4411343782141336
20.0,103.0,1001.37060546875,0.8244933528940409,0.1717593457825232,-2.378357160883819,-0.0294081489967393,0.5201670551719506,-0.571934595215203,0.1201970601601191,-0.6215705967146201,-0.9274745739175644,-0.4411343782010446
20.0,103.0,1001.37060546875,0.8244933528163149,0.1717593457825232,-2.378357160883819,-0.0294080724651605,0.5201670551719506,-0.5719345952185594,0.1201970601601191,-0.6215705967146201,-0.9274745739175644,-0.4411343781544031
20.0,103.0,1001.37060546875,0.82449335285502,0.1717593457825232,-2.378357160883819,-0.0294081489967393,0.5201670551719506,-0.571934595215203,0.1201970601601191,-0.6215705967146201,-0.9274745739175644,-0.4411343782073236
20.0,103.0,1001.37060546875,0.8244933528163149,0.1717593457825232,-2.378357160883819,-0.0294081475630026,0.5201670551719506,-0.5719345941429108,0.1201970601601191,-0.6215705967146201,-0.9274745739175644,-0.4411343782061857
20.0,103.0,1001.37060546875,0.8244933528158672,0.1717593457825232,-2.378357160883819,-0.0294081489967393,0.5201670551719506,-0.571934595215203,0.1201970601601191,-0.6215705967146201,-0.9274745739175644,-0.4411343785309149
20.0,103.0,1001.37060546875,0.8244933528945311,0.1717593457825232,-2.378357160883819,-0.0294081489967393,0.5201670551719506,-0.571934595215203,0.1201970601601191,-0.6215705967146201,-0.9274745739175644,-0.4411343783010646
20.0,103.0,1001.3706665039062,0.8244933528563956,0.1717593457825232,-2.378357160883819,-0.0294094280921996,0.5201670551719506,-0.571934593963829,0.1201970601601191,-0.6215705967146201,-0.9274745739175644,-0.4411343782061857
20.0,104.0,1001.2166748046876,0.8244933528960399,0.1717593457825232,-2.378357160883819,-0.0230753166263486,0.5201670551719506,-0.5719345940739474,0.1201970601601191,-0.6215705967146201,-0.9274745739175644,-0.4411343782061857
20.0,104.0,1001.2186279296876,0.8244933528955208,0.1717593457825232,-2.378357160883819,-0.0230257625266598,0.5201670551719506,-0.5719345939460748,0.1201970601601191,-0.6215705967146201,-0.9274745739175644,-0.4411343782061857
20.0,104.0,1001.2186279296876,0.8244933528955208,0.1717593457825232,-2.378357160883819,-0.0230257625266598,0.5201670551719506,-0.5719345949593759,0.1201970601601191,-0.6215705967146201,-0.9274745739175644,-0.4411343782061857
20.0,104.0,1001.2186279296876,0.824493352856349,0.1717593457825232,-2.378357160883819,-0.0230257625266598,0.5201670551719506,-0.5719345949593759,0.1201970601601191,-0.6215705967146201,-0.9274745739175644,-0.4411343782061857
20.0,104.0,1001.2208251953124,0.8244933528955275,0.1717593457825232,-2.378357160883819,-0.0229714495955536,0.5201670551719506,-0.5719345939555502,0.1201970601601191,-0.6215705967146201,-0.9274745739175644,-0.4411343782009364
20.0,104.0,1001.221435546875,0.8244933528954626,0.1717593457825232,-2.378357160883819,-0.0229540011443307,0.5201670551719506,-0.5719345939296615,0.1201970601601191,-0.6215705967146201,-0.9274745739175644,-0.4411343782061857
20.0,104.0,1001.2339477539062,0.8244933528564301,0.1717593457825232,-2.378357160883819,-0.0226674203990382,0.5201670551719506,-0.5719345952070682,0.1201970601601191,-0.6215705967146201,-0.9274745739175644,-0.4411343782014608
20.0,104.0,1001.27587890625,0.8244933528563879,0.1717593457825232,-2.378357160883819,-0.021887688598126,0.5201670551719506,-0.5719345942336987,0.1201970601601191,-0.6215705967146201,-0.9274745739175644,-0.441134378196262
20.0,104.0,1001.27587890625,0.8244933528131712,0.1717593457825232,-2.378357160883819,-0.021887688598126,0.5201670551719506,-0.5719345942336987,0.1201970601601191,-0.6215705967146201,-0.9274745739175644,-0.441134378196262
20.0,104.0,1001.3704833984376,0.8244933528563879,0.1717593457825232,-2.378357160883819,-0.0294075059415633,0.5201670551719506,-0.5719345942336987,0.1201970601601191,-0.6215705967146201,-0.9274745739175644,-0.4411343783012851
20.0,104.0,1001.3704833984376,0.8244933528910603,0.1717593457825232,-2.378357160883819,-0.0294075059415633,0.5201670551719506,-0.5719345940855006,0.1201970601601191,-0.6215705967146201,-0.9274745739175644,-0.4411343785428452
20.0,104.0,1001.3704833984376,0.824493352856432,0.1717593457825232,-2.378357160883819,-0.0294075059415633,0.5201670551719506,-0.5719345940855006,0.1201970601601191,-0.6215705967146201,-0.9274745739175644,-0.4411343785415037
20.0,104.0,1001.3704833984376,0.8244933528564646,0.1717593457825232,-2.378357160883819,-0.0294075059415633,0.5201670551719506,-0.5719345940823883,0.1201970601601191,-0.6215705967146201,-0.9274745739175644,-0.4411343782995554
20.0,104.0,1001.3704833984376,0.8244933528132158,0.1717593457825232,-2.378357160883819,-0.0294076517205054,0.5201670551719506,-0.571934594085546,0.1201970601601191,-0.6215705967146201,-0.9274745739175644,-0.4411343782008108
20.0,104.0,1001.3704833984376,0.8244933528564646,0.1717593457825232,-2.378357160883819,-0.0294075059415633,0.5201670551719506,-0.5719345940823883,0.1201970601601191,-0.6215705967146201,-0.9274745739175644,-0.4411343782063496
20.0,104.0,1001.3704833984376,0.8244933528565318,0.1717593457825232,-2.378357160883819,-0.0294075059415633,0.5201670551719506,-0.5719345940855006,0.1201970601601191,-0.6215705967146201,-0.9274745739175644,-0.4411343785415037
20.0,104.0,1001.3704833984376,0.8244933528910603,0.1717593457825232,-2.378357160883819,-0.0294075059415633,0.5201670551719506,-0.5719345940821442,0.1201970601601191,-0.6215705967146201,-0.9274745739175644,-0.4411343785348972
20.0,104.0,1001.3704833984376,0.8244933528132158,0.1717593457825232,-2.378357160883819,-0.0294076517205054,0.5201670551719506,-0.5719345950054536,0.1201970601601191,-0.6215705967146201,-0.9274745739175644,-0.4411343782008108
20.0,104.0,1001.3704833984376,0.8244933528132158,0.1717593457825232,-2.378357160883819,-0.0294075050071321,0.5201670551719506,-0.571934594085546,0.1201970601601191,-0.6215705967146201,-0.9274745739175644,-0.441134378562072
20.0,104.0,1001.3704833984376,0.824493352890956,0.1717593457825232,-2.378357160883819,-0.0294074787538922,0.5201670551719506,-0.5719345952028251,0.1201970601601191,-0.6215705967146201,-0.9274745739175644,-0.4411343781976183
20.0,104.0,1001.3704833984376,0.8244933528563879,0.1717593457825232,-2.378357160883819,-0.0294075059415633,0.5201670551719506,-0.5719345942336987,0.1201970601601191,-0.6215705967146201,-0.9274745739175644,-0.4411343783012851
20.0,104.0,1001.3704833984376,0.8244933528564301,0.1717593457825232,-2.378357160883819,-0.0294075059415633,0.5201670551719506,-0.5719345940855006,0.1201970601601191,-0.6215705967146201,-0.9274745739175644,-0.4411343785490497
20.0,104.0,1001.3704833984376,0.8244933528564646,0.1717593457825232,-2.378357160883819,-0.0294075059415633,0.5201670551719506,-0.5719345940823883,0.1201970601601191,-0.6215705967146201,-0.9274745739175644,-0.441134378206343
20.0,104.0,1001.3704833984376,0.824493352815194,0.1717593457825232,-2.378357160883819,-0.0294076530117968,0.5201670551719506,-0.5719345950026431,0.1201970601601191,-0.6215705967146201,-0.9274745739175644,-0.4411343781984568
20.0,104.0,1001.3704833984376,0.8244933528564301,0.1717593457825232,-2.378357160883819,-0.0294075059415633,0.5201670551719506,-0.5719345940855006,0.1201970601601191,-0.6215705967146201,-0.9274745739175644,-0.4411343785490497
20.0,104.0,1001.3704833984376,0.8244933528132158,0.1717593457825232,-2.378357160883819,-0.0294076517205054,0.5201670551719506,-0.5719345950098101,0.1201970601601191,-0.6215705967146201,-0.9274745739175644,-0.4411343785549221
20.0,104.0,1001.3704833984376,0.8244933528564301,0.1717593457825232,-2.378357160883819,-0.0294075059415633,0.5201670551719506,-0.5719345952070682,0.1201970601601191,-0.6215705967146201,-0.9274745739175644,-0.4411343785490497
20.0,104.0,1001.3704833984376,0.8244933528132158,0.1717593457825232,-2.378357160883819,-0.0294076423882037,0.5201670551719506,-0.5719345940662484,0.1201970601601191,-0.6215705967146201,-0.9274745739175644,-0.441134378206085
20.0,104.0,1001.3704833984376,0.8244933528544539,0.1717593457825232,-2.378357160883819,-0.0294075046502719,0.5201670551719506,-0.5719345940883112,0.1201970601601191,-0.6215705967146201,-0.9274745739175644,-0.4411343785438577
20.0,104.0,1001.3704833984376,0.8244933528599341,0.1717593457825232,-2.378357160883819,-0.0294075059415633,0.5201670551719506,-0.5719345940823883,0.1201970601601191,-0.6215705967146201,-0.9274745739175644,-0.4411343782995554
20.0,104.0,1001.3704833984376,0.824493352856432,0.1717593457825232,-2.378357160883819,-0.0294075059415633,0.5201670551719506,-0.5719345940855006,0.1201970601601191,-0.6215705967146201,-0.9274745739175644,-0.4411343785415037
20.0,104.0,1001.3704833984376,0.8244933528132158,0.1717593457825232,-2.378357160883819,-0.0294075050071321,0.5201670551719506,-0.5719345940811896,0.1201970601601191,-0.6215705967146201,-0.9274745739175644,-0.4411343782079607
20.0,104.0,1001.3704833984376,0.8244933528123535,0.1717593457825232,-2.378357160883819,-0.0294074787538922,0.5201670551719506,-0.5719345952028251,0.1201970601601191,-0.6215705967146201,-0.9274745739175644,-0.4411343781979919
20.0,104.0,1001.3704833984376,0.8244933528910603,0.1717593457825232,-2.378357160883819,-0.0294075059415633,0.5201670551719506,-0.5719345952233537,0.1201970601601191,-0.6215705967146201,-0.9274745739175644,-0.4411343785348972
20.0,104.0,1001.3704833984376,0.8244933528132158,0.1717593457825232,-2.378357160883819,-0.0294076517205054,0.5201670551719506,-0.5719345950054536,0.1201970601601191,-0.6215705967146201,-0.9274745739175644,-0.4411343782008108
20.0,104.0,1001.3704833984376,0.8244933528123535,0.1717593457825232,-2.378357160883819,-0.0294074787538922,0.5201670551719506,-0.5719345952028251,0.1201970601601191,-0.6215705967146201,-0.9274745739175644,-0.4411343781977657
20.0,104.0,1001.3704833984376,0.824493352855312,0.1717593457825232,-2.378357160883819,-0.0294075119080698,0.5201670551719506,-0.5719345940883112,0.1201970601601191,-0.6215705967146201,-0.9274745739175644,-0.4411343782099978
20.0,104.0,1001.3704833984376,0.8244933528123628,0.1717593457825232,-2.378357160883819,-0.0294074787538922,0.5201670551719506,-0.5719345952028251,0.1201970601601191,-0.6215705967146201,-0.9274745739175644,-0.4411343781979919
20.0,104.0,1001.3704833984376,0.8244933528563894,0.1717593457825232,-2.378357160883819,-0.0294075059415633,0.5201670551719506,-0.5719345942371542,0.1201970601601191,-0.6215705967146201,-0.9274745739175644,-0.4411343782995554
20.0,104.0,1001.3704833984376,0.8244933528564325,0.1717593457825232,-2.378357160883819,-0.0294075050071321,0.5201670551719506,-0.5719345940811896,0.1201970601601191,-0.6215705967146201,-0.9274745739175644,-0.4411343782079607
20.0,104.0,1001.3704833984376,0.8244933528941767,0.1717593457825232,-2.378357160883819,-0.0294074825445848,0.5201670551719506,-0.5719345952028251,0.1201970601601191,-0.6215705967146201,-0.9274745739175644,-0.4411343781976183
20.0,104.0,1001.3705444335938,0.8244933528132158,0.1717593457825232,-2.378357160883819,-0.0294079772760207,0.5201670551719506,-0.571934594085546,0.1201970601601191,-0.6215705967146201,-0.9274745739175644,-0.4411343782008108
20.0,104.0,1001.3705444335938,0.8244933528930527,0.1717593457825232,-2.378357160883819,-0.0294078191798864,0.5201670551719506,-0.5719345942336987,0.1201970601601191,-0.6215705967146201,-0.9274745739175644,-0.4411343782077002
20.0,104.0,1001.3705444335938,0.8244933528132158,0.1717593457825232,-2.378357160883819,-0.0294079787097574,0.5201670551719506,-0.5719345951578381,0.1201970601601191,-0.6215705967146201,-0.9274745739175644,-0.4411343782008108
20.0,104.0,1001.3705444335938,0.8244933528961773,0.1717593457825232,-2.378357160883819,-0.0294078736009612,0.5201670551719506,-0.571934594257084,0.1201970601601191,-0.6215705967146201,-0.9274745739175644,-0.4411343781894623
20.0,104.0,1001.3705444335938,0.8244933528132158,0.1717593457825232,-2.378357160883819,-0.0294079787097574,0.5201670551719506,-0.5719345951578381,0.1201970601601191,-0.6215705967146201,-0.9274745739175644,-0.4411343782008108
20.0,104.0,1001.3705444335938,0.8244933528563879,0.1717593457825232,-2.378357160883819,-0.0294077143151526,0.5201670551719506,-0.5719345942199596,0.1201970601601191,-0.6215705967146201,-0.9274745739175644,-0.4411343782138031
20.0,104.0,1001.3705444335938,0.8244933528564646,0.1717593457825232,-2.378357160883819,-0.0294078280656596,0.5201670551719506,-0.5719345940868052,0.1201970601601191,-0.6215705967146201,-0.9274745739175644,-0.4411343782995554
20.0,104.0,1001.3705444335938,0.8244933528961773,0.1717593457825232,-2.378357160883819,-0.0294078736009612,0.5201670551719506,-0.5719345943308177,0.1201970601601191,-0.6215705967146201,-0.9274745739175644,-0.4411343782002332
20.0,104.0,1001.3705444335938,0.8244933528132158,0.1717593457825232,-2.378357160883819,-0.0294079772760207,0.5201670551719506,-0.5719345950229977,0.1201970601601191,-0.6215705967146201,-0.9274745739175644,-0.4411343782006308
20.0,105.0,1001.2166748046876,0.8244933528960399,0.1717593457825232,-2.378357160883819,-0.0230753166263486,0.5201670551719506,-0.5719345940739474,0.1201970601601191,-0.6215705967146201,-0.9274745739175644,-0.4411343782061857
20.0,105.0,1001.2166748046876,0.8244933528542221,0.1717593457825232,-2.378357160883819,-0.0230753166263486,0.5201670551719506,-0.5719345942284919,0.1201970601601191,-0.6215705967146201,-0.9274745739175644,-0.4411343782061857
20.0,105.0,1001.2186279296876,0.8244933528955208,0.1717593457825232,-2.378357160883819,-0.0230257625266598,0.5201670551719506,-0.5719345939460748,0.1201970601601191,-0.6215705967146201,-0.9274745739175644,-0.4411343782061857
20.0,105.0,1001.2186279296876,0.8244933528955208,0.1717593457825232,-2.378357160883819,-0.0230257625266598,0.5201670551719506,-0.5719345949593759,0.1201970601601191,-0.6215705967146201,-0.9274745739175644,-0.4411343782061857
20.0,105.0,1001.2186279296876,0.824493352856349,0.1717593457825232,-2.378357160883819,-0.0230257625266598,0.5201670551719506,-0.5719345949593759,0.1201970601601191,-0.6215705967146201,-0.9274745739175644,-0.4411343782061857
20.0,105.0,1001.2186279296876,0.8244933528910825,0.1717593457825232,-2.378357160883819,-0.0230257625266598,0.5201670551719506,-0.5719345949531385,0.1201970601601191,-0.6215705967146201,-0.9274745739175644,-0.4411343782061857
20.0,105.0,1001.2186279296876,0.8244933528564296,0.1717593457825232,-2.378357160883819,-0.0230257625266598,0.5201670551719506,-0.5719345949593759,0.1201970601601191,-0.6215705967146201,-0.9274745739175644,-0.4411343785434271
20.0,105.0,1001.2186279296876,0.8244933528955208,0.1717593457825232,-2.378357160883819,-0.0230257625266598,0.5201670551719506,-0.5719345940886388,0.1201970601601191,-0.6215705967146201,-0.9274745739175644,-0.4411343782061857
20.0,105.0,1001.2186279296876,0.8244933528955208,0.1717593457825232,-2.378357160883819,-0.0230257625266598,0.5201670551719506,-0.5719345938621984,0.1201970601601191,-0.6215705967146201,-0.9274745739175644,-0.4411343782061857
20.0,105.0,1001.2208251953124,0.8244933528955275,0.1717593457825232,-2.378357160883819,-0.0229714495955536,0.5201670551719506,-0.5719345939555502,0.1201970601601191,-0.6215705967146201,-0.9274745739175644,-0.4411343782009364
20.0,105.0,1001.221435546875,0.8244933528954626,0.1717593457825232,-2.378357160883819,-0.0229540011443307,0.5201670551719506,-0.5719345939296615,0.1201970601601191,-0.6215705967146201,-0.9274745739175644,-0.4411343782061857
20.0,105.0,1001.221435546875,0.8244933528564854,0.1717593457825232,-2.378357160883819,-0.0229540011443307,0.5201670551719506,-0.5719345940934393,0.1201970601601191,-0.6215705967146201,-0.9274745739175644,-0.441134378206341
20.0,105.0,1001.2215576171876,0.8244933528943639,0.1717593457825232,-2.378357160883819,-0.0229533505546016,0.5201670551719506,-0.5719345939525879,0.1201970601601191,-0.6215705967146201,-0.9274745739175644,-0.4411343781988021
20.0,105.0,1001.2339477539062,0.8244933528564301,0.1717593457825232,-2.378357160883819,-0.0226674203990382,0.5201670551719506,-0.5719345952070682,0.1201970601601191,-0.6215705967146201,-0.9274745739175644,-0.4411343782014608
20.0,105.0,1001.2339477539062,0.8244933528564301,0.1717593457825232,-2.378357160883819,-0.0226674203990382,0.5201670551719506,-0.5719345952070682,0.1201970601601191,-0.6215705967146201,-0.9274745739175644,-0.4411343782014608
20.0,105.0,1001.27587890625,0.8244933528563879,0.1717593457825232,-2.378357160883819,-0.021887688598126,0.5201670551719506,-0.5719345942336987,0.1201970601601191,-0.6215705967146201,-0.9274745739175644,-0.441134378196262
20.0,105.0,1001.27587890625,0.8244933528131712,0.1717593457825232,-2.378357160883819,-0.021887688598126,0.5201670551719506,-0.5719345942336987,0.1201970601601191,-0.6215705967146201,-0.9274745739175644,-0.441134378196262
20.0,105.0,1001.27587890625,0.8244933528563879,0.1717593457825232,-2.378357160883819,-0.021887688598126,0.5201670551719506,-0.5719345942336987,0.1201970601601191,-0.6215705967146201,-0.9274745739175644,-0.441134378196262
20.0,105.0,1001.3704833984376,0.8244933528563879,0.1717593457825232,-2.378357160883819,-0.0294075059415633,0.5201670551719506,-0.5719345942336987,0.1201970601601191,-0.6215705967146201,-0.9274745739175644,-0.4411343783012851
20.0,105.0,1001.3704833984376,0.8244933528910603,0.1717593457825232,-2.378357160883819,-0.0294075059415633,0.5201670551719506,-0.5719345940855006,0.1201970601601191,-0.6215705967146201,-0.9274745739175644,-0.4411343785428452
20.0,105.0,1001.3704833984376,0.824493352856432,0.1717593457825232,-2.378357160883819,-0.0294075059415633,0.5201670551719506,-0.5719345940855006,0.1201970601601191,-0.6215705967146201,-0.9274745739175644,-0.4411343785415037
20.0,105.0,1001.3704833984376,0.8244933528564646,0.1717593457825232,-2.378357160883819,-0.0294075059415633,0.5201670551719506,-0.5719345940823883,0.1201970601601191,-0.6215705967146201,-0.9274745739175644,-0.4411343782995554
20.0,105.0,1001.3704833984376,0.8244933528132158,0.1717593457825232,-2.378357160883819,-0.0294076517205054,0.5201670551719506,-0.571934594085546,0.1201970601601191,-0.6215705967146201,-0.9274745739175644,-0.4411343782008108
20.0,105.0,1001.3704833984376,0.8244933528564646,0.1717593457825232,-2.378357160883819,-0.0294075059415633,0.5201670551719506,-0.5719345940823883,0.1201970601601191,-0.6215705967146201,-0.9274745739175644,-0.4411343782063496
20.0,105.0,1001.3704833984376,0.8244933528565318,0.1717593457825232,-2.378357160883819,-0.0294075059415633,0.5201670551719506,-0.5719345940855006,0.1201970601601191,-0.6215705967146201,-0.9274745739175644,-0.4411343785415037
20.0,105.0,1001.3704833984376,0.8244933528910603,0.1717593457825232,-2.378357160883819,-0.0294075059415633,0.5201670551719506,-0.5719345940821442,0.1201970601601191,-0.6215705967146201,-0.9274745739175644,-0.4411343785348972
20.0,105.0,1001.3704833984376,0.8244933528132158,0.1717593457825232,-2.378357160883819,-0.0294076517205054,0.5201670551719506,-0.5719345950054536,0.1201970601601191,-0.6215705967146201,-0.9274745739175644,-0.4411343782008108
20.0,105.0,1001.3704833984376,0.8244933528132158,0.1717593457825232,-2.378357160883819,-0.0294075050071321,0.5201670551719506,-0.571934594085546,0.1201970601601191,-0.6215705967146201,-0.9274745739175644,-0.441134378562072
20.0,105.0,1001.3704833984376,0.824493352890956,0.1717593457825232,-2.378357160883819,-0.0294074787538922,0.5201670551719506,-0.5719345952028251,0.1201970601601191,-0.6215705967146201,-0.9274745739175644,-0.4411343781976183
20.0,105.0,1001.3704833984376,0.8244933528563879,0.1717593457825232,-2.378357160883819,-0.0294075059415633,0.5201670551719506,-0.5719345942336987,0.1201970601601191,-0.6215705967146201,-0.9274745739175644,-0.4411343783012851
20.0,105.0,1001.3704833984376,0.8244933528564301,0.1717593457825232,-2.378357160883819,-0.0294075059415633,0.5201670551719506,-0.5719345940855006,0.1201970601601191,-0.6215705967146201,-0.9274745739175644,-0.4411343785490497
20.0,105.0,1001.3704833984376,0.8244933528564646,0.1717593457825232,-2.378357160883819,-0.0294075059415633,0.5201670551719506,-0.5719345940823883,0.1201970601601191,-0.6215705967146201,-0.9274745739175644,-0.441134378206343
20.0,105.0,1001.3704833984376,0.824493352815194,0.1717593457825232,-2.378357160883819,-0.0294076530117968,0.5201670551719506,-0.5719345950026431,0.1201970601601191,-0.6215705967146201,-0.9274745739175644,-0.4411343781984568
20.0,105.0,1001.3704833984376,0.8244933528564301,0.1717593457825232,-2.378357160883819,-0.0294075059415633,0.5201670551719506,-0.5719345940855006,0.1201970601601191,-0.6215705967146201,-0.9274745739175644,-0.4411343785490497
20.0,105.0,1001.3704833984376,0.8244933528132158,0.1717593457825232,-2.378357160883819,-0.0294076517205054,0.5201670551719506,-0.5719345950098101,0.1201970601601191,-0.6215705967146201,-0.9274745739175644,-0.4411343785549221
20.0,105.0,1001.3704833984376,0.8244933528564301,0.1717593457825232,-2.378357160883819,-0.0294075059415633,0.5201670551719506,-0.5719345952070682,0.1201970601601191,-0.6215705967146201,-0.9274745739175644,-0.4411343785490497
20.0,105.0,1001.3704833984376,0.8244933528132158,0.1717593457825232,-2.378357160883819,-0.0294076423882037,0.5201670551719506,-0.5719345940662484,0.1201970601601191,-0.6215705967146201,-0.9274745739175644,-0.441134378206085
20.0,105.0,1001.3704833984376,0.8244933528544539,0.1717593457825232,-2.378357160883819,-0.0294075046502719,0.5201670551719506,-0.5719345940883112,0.1201970601601191,-0.6215705967146201,-0.9274745739175644,-0.4411343785438577
20.0,105.0,1001.3704833984376,0.8244933528599341,0.1717593457825232,-2.378357160883819,-0.0294075059415633,0.5201670551719506,-0.5719345940823883,0.1201970601601191,-0.6215705967146201,-0.9274745739175644,-0.4411343782995554
20.0,105.0,1001.3704833984376,0.824493352856432,0.1717593457825232,-2.378357160883819,-0.0294075059415633,0.5201670551719506,-0.5719345940855006,0.1201970601601191,-0.6215705967146201,-0.9274745739175644,-0.4411343785415037
20.0,105.0,1001.3704833984376,0.8244933528132158,0.1717593457825232,-2.378357160883819,-0.0294075050071321,0.5201670551719506,-0.5719345940811896,0.1201970601601191,-0.6215705967146201,-0.9274745739175644,-0.4411343782079607
20.0,105.0,1001.3704833984376,0.8244933528123535,0.1717593457825232,-2.378357160883819,-0.0294074787538922,0.5201670551719506,-0.5719345952028251,0.1201970601601191,-0.6215705967146201,-0.9274745739175644,-0.4411343781979919
20.0,105.0,1001.3704833984376,0.8244933528910603,0.1717593457825232,-2.378357160883819,-0.0294075059415633,0.5201670551719506,-0.5719345952233537,0.1201970601601191,-0.6215705967146201,-0.9274745739175644,-0.4411343785348972
20.0,105.0,1001.3704833984376,0.8244933528132158,0.1717593457825232,-2.378357160883819,-0.0294076517205054,0.5201670551719506,-0.5719345950054536,0.1201970601601191,-0.6215705967146201,-0.9274745739175644,-0.4411343782008108
20.0,105.0,1001.3704833984376,0.8244933528123535,0.1717593457825232,-2.378357160883819,-0.0294074787538922,0.5201670551719506,-0.5719345952028251,0.1201970601601191,-0.6215705967146201,-0.9274745739175644,-0.4411343781977657
20.0,105.0,1001.3704833984376,0.824493352855312,0.1717593457825232,-2.378357160883819,-0.0294075119080698,0.5201670551719506,-0.5719345940883112,0.1201970601601191,-0.6215705967146201,-0.9274745739175644,-0.4411343782099978
20.0,105.0,1001.3704833984376,0.8244933528123628,0.1717593457825232,-2.378357160883819,-0.0294074787538922,0.5201670551719506,-0.5719345952028251,0.1201970601601191,-0.6215705967146201,-0.9274745739175644,-0.4411343781979919
20.0,105.0,1001.3704833984376,0.8244933528563894,0.1717593457825232,-2.378357160883819,-0.0294075059415633,0.5201670551719506,-0.5719345942371542,0.1201970601601191,-0.6215705967146201,-0.9274745739175644,-0.4411343782995554
20.0,105.0,1001.3704833984376,0.8244933528564325,0.1717593457825232,-2.378357160883819,-0.0294075050071321,0.5201670551719506,-0.5719345940811896,0.1201970601601191,-0.6215705967146201,-0.9274745739175644,-0.4411343782079607
20.0,105.0,1001.3704833984376,0.8244933528941767,0.1717593457825232,-2.378357160883819,-0.0294074825445848,0.5201670551719506,-0.5719345952028251,0.1201970601601191,-0.6215705967146201,-0.9274745739175644,-0.4411343781976183
20.0,106.0,1001.2142333984376,0.8244933528565185,0.1717593457825232,-2.378357160883819,-0.0231400757108728,0.5201670551719506,-0.5719345939551406,0.1201970601601191,-0.6215705967146201,-0.9274745739175644,-0.4411343782009364
20.0,106.0,1001.2166748046876,0.8244933528960399,0.1717593457825232,-2.378357160883819,-0.0230753166263486,0.5201670551719506,-0.5719345940739474,0.1201970601601191,-0.6215705967146201,-0.9274745739175644,-0.4411343782061857
20.0,106.0,1001.2166748046876,0.8244933528542221,0.1717593457825232,-2.378357160883819,-0.0230753166263486,0.5201670551719506,-0.5719345942284919,0.1201970601601191,-0.6215705967146201,-0.9274745739175644,-0.4411343782061857
20.0,106.0,1001.2166748046876,0.8244933528960399,0.1717593457825232,-2.378357160883819,-0.0230753166263486,0.5201670551719506,-0.5719345940739474,0.1201970601601191,-0.6215705967146201,-0.9274745739175644,-0.4411343782061857
20.0,106.0,1001.2177734375,0.824493352856071,0.1717593457825232,-2.378357160883819,-0.0230471485424561,0.5201670551719506,-0.5719345942371542,0.1201970601601191,-0.6215705967146201,-0.9274745739175644,-0.4411343782995554
20.0,106.0,1001.2182006835938,0.8244933528533467,0.1717593457825232,-2.378357160883819,-0.0230367527907185,0.5201670551719506,-0.5719345940785877,0.1201970601601191,-0.6215705967146201,-0.9274745739175644,-0.4411343782061857
20.0,106.0,1001.2186279296876,0.8244933528955208,0.1717593457825232,-2.378357160883819,-0.0230257625266598,0.5201670551719506,-0.5719345939460748,0.1201970601601191,-0.6215705967146201,-0.9274745739175644,-0.4411343782061857
20.0,106.0,1001.2186279296876,0.8244933528955208,0.1717593457825232,-2.378357160883819,-0.0230257625266598,0.5201670551719506,-0.5719345949593759,0.1201970601601191,-0.6215705967146201,-0.9274745739175644,-0.4411343782061857
20.0,106.0,1001.2186279296876,0.824493352856349,0.1717593457825232,-2.378357160883819,-0.0230257625266598,0.5201670551719506,-0.5719345949593759,0.1201970601601191,-0.6215705967146201,-0.9274745739175644,-0.4411343782061857
20.0,106.0,1001.2186279296876,0.8244933528910825,0.1717593457825232,-2.378357160883819,-0.0230257625266598,0.5201670551719506,-0.5719345949531385,0.1201970601601191,-0.6215705967146201,-0.9274745739175644,-0.4411343782061857
20.0,106.0,1001.2186279296876,0.8244933528564296,0.1717593457825232,-2.378357160883819,-0.0230257625266598,0.5201670551719506,-0.5719345949593759,0.1201970601601191,-0.6215705967146201,-0.9274745739175644,-0.4411343785434271
20.0,106.0,1001.2186279296876,0.8244933528955208,0.1717593457825232,-2.378357160883819,-0.0230257625266598,0.5201670551719506,-0.5719345940886388,0.1201970601601191,-0.6215705967146201,-0.9274745739175644,-0.4411343782061857
20.0,106.0,1001.2186279296876,0.8244933528955208,0.1717593457825232,-2.378357160883819,-0.0230257625266598,0.5201670551719506,-0.5719345938621984,0.1201970601601191,-0.6215705967146201,-0.9274745739175644,-0.4411343782061857
20.0,106.0,1001.2186279296876,0.8244933528955208,0.1717593457825232,-2.378357160883819,-0.0230257625266598,0.5201670551719506,-0.5719345940886388,0.1201970601601191,-0.6215705967146201,-0.9274745739175644,-0.4411343782061857
20.0,106.0,1001.2186279296876,0.8244933528955208,0.1717593457825232,-2.378357160883819,-0.0230257625266598,0.5201670551719506,-0.5719345949593759,0.1201970601601191,-0.6215705967146201,-0.9274745739175644,-0.4411343782061857
20.0,106.0,1001.2186279296876,0.8244933528955208,0.1717593457825232,-2.378357160883819,-0.0230257625266598,0.5201670551719506,-0.5719345938621984,0.1201970601601191,-0.6215705967146201,-0.9274745739175644,-0.4411343782061857
20.0,106.0,1001.2186279296876,0.8244933528119016,0.1717593457825232,-2.378357160883819,-0.0230257625266598,0.5201670551719506,-0.5719345949531385,0.1201970601601191,-0.6215705967146201,-0.9274745739175644,-0.4411343782061857
20.0,106.0,1001.2186279296876,0.8244933528564296,0.1717593457825232,-2.378357160883819,-0.0230257625266598,0.5201670551719506,-0.5719345949461146,0.1201970601601191,-0.6215705967146201,-0.9274745739175644,-0.4411343785427499
20.0,106.0,1001.2186279296876,0.824493352856349,0.1717593457825232,-2.378357160883819,-0.0230257625266598,0.5201670551719506,-0.5719345949593759,0.1201970601601191,-0.6215705967146201,-0.9274745739175644,-0.4411343782061857
20.0,106.0,1001.2208251953124,0.8244933528955275,0.1717593457825232,-2.378357160883819,-0.0229714495955536,0.5201670551719506,-0.5719345939555502,0.1201970601601191,-0.6215705967146201,-0.9274745739175644,-0.4411343782009364
20.0,106.0,1001.221435546875,0.8244933528954626,0.1717593457825232,-2.378357160883819,-0.0229540011443307,0.5201670551719506,-0.5719345939296615,0.1201970601601191,-0.6215705967146201,-0.9274745739175644,-0.4411343782061857
20.0,106.0,1001.221435546875,0.8244933528564854,0.1717593457825232,-2.378357160883819,-0.0229540011443307,0.5201670551719506,-0.5719345940934393,0.1201970601601191,-0.6215705967146201,-0.9274745739175644,-0.441134378206341
20.0,106.0,1001.221435546875,0.8244933528573294,0.1717593457825232,-2.378357160883819,-0.0229563232260667,0.5201670551719506,-0.5719345939528069,0.1201970601601191,-0.6215705967146201,-0.9274745739175644,-0.4411343782066574
20.0,106.0,1001.2215576171876,0.8244933528943639,0.1717593457825232,-2.378357160883819,-0.0229533505546016,0.5201670551719506,-0.5719345939525879,0.1201970601601191,-0.6215705967146201,-0.9274745739175644,-0.4411343781988021
20.0,106.0,1001.2244262695312,0.8244933528512176,0.1717593457825232,-2.378357160883819,-0.0228836514370423,0.5201670551719506,-0.5719345952028251,0.1201970601601191,-0.6215705967146201,-0.9274745739175644,-0.4411343782061026
20.0,106.0,1001.22900390625,0.824493352856349,0.1717593457825232,-2.378357160883819,-0.0227769103947068,0.5201670551719506,-0.5719345949593759,0.1201970601601191,-0.6215705967146201,-0.9274745739175644,-0.4411343782061857
20.0,106.0,1001.2339477539062,0.8244933528564301,0.1717593457825232,-2.378357160883819,-0.0226674203990382,0.5201670551719506,-0.5719345952070682,0.1201970601601191,-0.6215705967146201,-0.9274745739175644,-0.4411343782014608
20.0,106.0,1001.2339477539062,0.8244933528564301,0.1717593457825232,-2.378357160883819,-0.0226674203990382,0.5201670551719506,-0.5719345952070682,0.1201970601601191,-0.6215705967146201,-0.9274745739175644,-0.4411343782014608
20.0,106.0,1001.27587890625,0.8244933528563879,0.1717593457825232,-2.378357160883819,-0.021887688598126,0.5201670551719506,-0.5719345942336987,0.1201970601601191,-0.6215705967146201,-0.9274745739175644,-0.441134378196262
20.0,106.0,1001.27587890625,0.8244933528131712,0.1717593457825232,-2.378357160883819,-0.021887688598126,0.5201670551719506,-0.5719345942336987,0.1201970601601191,-0.6215705967146201,-0.9274745739175644,-0.441134378196262
20.0,106.0,1001.27587890625,0.8244933528563879,0.1717593457825232,-2.378357160883819,-0.021887688598126,0.5201670551719506,-0.5719345942336987,0.1201970601601191,-0.6215705967146201,-0.9274745739175644,-0.441134378196262
20.0,106.0,1001.27587890625,0.8244933528131712,0.1717593457825232,-2.378357160883819,-0.021887688598126,0.5201670551719506,-0.5719345942336987,0.1201970601601191,-0.6215705967146201,-0.9274745739175644,-0.441134378196262
20.0,106.0,1001.27587890625,0.8244933528563879,0.1717593457825232,-2.378357160883819,-0.021887688598126,0.5201670551719506,-0.5719345942336987,0.1201970601601191,-0.6215705967146201,-0.9274745739175644,-0.441134378196262
20.0,106.0,1001.27587890625,0.8244933528563879,0.1717593457825232,-2.378357160883819,-0.021887688598126,0.5201670551719506,-0.5719345942336987,0.1201970601601191,-0.6215705967146201,-0.9274745739175644,-0.4411343781946255
20.0,106.0,1001.36865234375,0.8244933528958391,0.1717593457825232,-2.378357160883819,-0.029386119925767,0.5201670551719506,-0.5719345949593759,0.1201970601601191,-0.6215705967146201,-0.9274745739175644,-0.4411343782061857
20.0,106.0,1001.3704833984376,0.8244933528563879,0.1717593457825232,-2.378357160883819,-0.0294075059415633,0.5201670551719506,-0.5719345942336987,0.1201970601601191,-0.6215705967146201,-0.9274745739175644,-0.4411343783012851
20.0,106.0,1001.3704833984376,0.8244933528910603,0.1717593457825232,-2.378357160883819,-0.0294075059415633,0.5201670551719506,-0.5719345940855006,0.1201970601601191,-0.6215705967146201,-0.9274745739175644,-0.4411343785428452
20.0,106.0,1001.3704833984376,0.824493352856432,0.1717593457825232,-2.378357160883819,-0.0294075059415633,0.5201670551719506,-0.5719345940855006,0.1201970601601191,-0.6215705967146201,-0.9274745739175644,-0.4411343785415037
20.0,106.0,1001.3704833984376,0.8244933528564646,0.1717593457825232,-2.378357160883819,-0.0294075059415633,0.5201670551719506,-0.5719345940823883,0.1201970601601191,-0.6215705967146201,-0.9274745739175644,-0.4411343782995554
20.0,106.0,1001.3704833984376,0.8244933528132158,0.1717593457825232,-2.378357160883819,-0.0294076517205054,0.5201670551719506,-0.571934594085546,0.1201970601601191,-0.6215705967146201,-0.9274745739175644,-0.4411343782008108
20.0,106.0,1001.3704833984376,0.8244933528564646,0.1717593457825232,-2.378357160883819,-0.0294075059415633,0.5201670551719506,-0.5719345940823883,0.1201970601601191,-0.6215705967146201,-0.9274745739175644,-0.4411343782063496
20.0,106.0,1001.3704833984376,0.8244933528565318,0.1717593457825232,-2.378357160883819,-0.0294075059415633,0.5201670551719506,-0.5719345940855006,0.1201970601601191,-0.6215705967146201,-0.9274745739175644,-0.4411343785415037
20.0,106.0,1001.3704833984376,0.8244933528910603,0.1717593457825232,-2.378357160883819,-0.0294075059415633,0.5201670551719506,-0.5719345940821442,0.1201970601601191,-0.6215705967146201,-0.9274745739175644,-0.4411343785348972
20.0,106.0,1001.3704833984376,0.8244933528132158,0.1717593457825232,-2.378357160883819,-0.0294076517205054,0.5201670551719506,-0.5719345950054536,0.1201970601601191,-0.6215705967146201,-0.9274745739175644,-0.4411343782008108
20.0,106.0,1001.3704833984376,0.8244933528132158,0.1717593457825232,-2.378357160883819,-0.0294075050071321,0.5201670551719506,-0.571934594085546,0.1201970601601191,-0.6215705967146201,-0.9274745739175644,-0.441134378562072
20.0,106.0,1001.3704833984376,0.824493352890956,0.1717593457825232,-2.378357160883819,-0.0294074787538922,0.5201670551719506,-0.5719345952028251,0.1201970601601191,-0.6215705967146201,-0.9274745739175644,-0.4411343781976183
20.0,106.0,1001.3704833984376,0.8244933528563879,0.1717593457825232,-2.378357160883819,-0.0294075059415633,0.5201670551719506,-0.5719345942336987,0.1201970601601191,-0.6215705967146201,-0.9274745739175644,-0.4411343783012851
20.0,106.0,1001.3704833984376,0.8244933528564301,0.1717593457825232,-2.378357160883819,-0.0294075059415633,0.5201670551719506,-0.5719345940855006,0.1201970601601191,-0.6215705967146201,-0.9274745739175644,-0.4411343785490497
20.0,106.0,1001.3704833984376,0.8244933528564646,0.1717593457825232,-2.378357160883819,-0.0294075059415633,0.5201670551719506,-0.5719345940823883,0.1201970601601191,-0.6215705967146201,-0.9274745739175644,-0.441134378206343
20.0,106.0,1001.3704833984376,0.824493352815194,0.1717593457825232,-2.378357160883819,-0.0294076530117968,0.5201670551719506,-0.5719345950026431,0.1201970601601191,-0.6215705967146201,-0.9274745739175644,-0.4411343781984568
20.0,107.0,1001.2142333984376,0.8244933528565185,0.1717593457825232,-2.378357160883819,-0.0231400757108728,0.5201670551719506,-0.5719345939551406,0.1201970601601191,-0.6215705967146201,-0.9274745739175644,-0.4411343782009364
20.0,107.0,1001.2142333984376,0.8244933528961484,0.1717593457825232,-2.378357160883819,-0.0231400757108728,0.5201670551719506,-0.5719345939551406,0.1201970601601191,-0.6215705967146201,-0.9274745739175644,-0.4411343782009364
20.0,107.0,1001.2164916992188,0.8244933528956719,0.1717593457825232,-2.378357160883819,-0.023081876758702,0.5201670551719506,-0.5719345940886388,0.1201970601601191,-0.6215705967146201,-0.9274745739175644,-0.4411343782061857
20.0,107.0,1001.2166748046876,0.8244933528960399,0.1717593457825232,-2.378357160883819,-0.0230753166263486,0.5201670551719506,-0.5719345940739474,0.1201970601601191,-0.6215705967146201,-0.9274745739175644,-0.4411343782061857
20.0,107.0,1001.2166748046876,0.8244933528542221,0.1717593457825232,-2.378357160883819,-0.0230753166263486,0.5201670551719506,-0.5719345942284919,0.1201970601601191,-0.6215705967146201,-0.9274745739175644,-0.4411343782061857
20.0,107.0,1001.2166748046876,0.8244933528960399,0.1717593457825232,-2.378357160883819,-0.0230753166263486,0.5201670551719506,-0.5719345940739474,0.1201970601601191,-0.6215705967146201,-0.9274745739175644,-0.4411343782061857
20.0,107.0,1001.2166748046876,0.8244933528960399,0.1717593457825232,-2.378357160883819,-0.0230753166263486,0.5201670551719506,-0.5719345940739474,0.1201970601601191,-0.6215705967146201,-0.9274745739175644,-0.4411343782061857
20.0,107.0,1001.2166748046876,0.8244933528566677,0.1717593457825232,-2.378357160883819,-0.0230753166263486,0.5201670551719506,-0.5719345949600728,0.1201970601601191,-0.6215705967146201,-0.9274745739175644,-0.4411343785406134
20.0,107.0,1001.2166748046876,0.8244933528542221,0.1717593457825232,-2.378357160883819,-0.0230753166263486,0.5201670551719506,-0.5719345942284919,0.1201970601601191,-0.6215705967146201,-0.9274745739175644,-0.4411343782061857
20.0,107.0,1001.2169189453124,0.824493352903159,0.1717593457825232,-2.378357160883819,-0.0230703935121962,0.5201670551719506,-0.5719345940739474,0.1201970601601191,-0.6215705967146201,-0.9274745739175644,-0.4411343782061857
20.0,107.0,1001.2177734375,0.824493352856071,0.1717593457825232,-2.378357160883819,-0.0230471485424561,0.5201670551719506,-0.5719345942371542,0.1201970601601191,-0.6215705967146201,-0.9274745739175644,-0.4411343782995554
20.0,107.0,1001.2177734375,0.824493352856071,0.1717593457825232,-2.378357160883819,-0.0230471485424561,0.5201670551719506,-0.5719345942371542,0.1201970601601191,-0.6215705967146201,-0.9274745739175644,-0.4411343782987034
20.0,107.0,1001.2182006835938,0.8244933528533467,0.1717593457825232,-2.378357160883819,-0.0230367527907185,0.5201670551719506,-0.5719345940785877,0.1201970601601191,-0.6215705967146201,-0.9274745739175644,-0.4411343782061857
20.0,107.0,1001.2186279296876,0.8244933528955208,0.1717593457825232,-2.378357160883819,-0.0230257625266598,0.5201670551719506,-0.5719345939460748,0.1201970601601191,-0.6215705967146201,-0.9274745739175644,-0.4411343782061857
20.0,107.0,1001.2186279296876,0.8244933528955208,0.1717593457825232,-2.378357160883819,-0.0230257625266598,0.5201670551719506,-0.5719345949593759,0.1201970601601191,-0.6215705967146201,-0.9274745739175644,-0.4411343782061857
20.0,107.0,1001.2186279296876,0.824493352856349,0.1717593457825232,-2.378357160883819,-0.0230257625266598,0.5201670551719506,-0.5719345949593759,0.1201970601601191,-0.6215705967146201,-0.9274745739175644,-0.4411343782061857
20.0,107.0,1001.2186279296876,0.8244933528910825,0.1717593457825232,-2.378357160883819,-0.0230257625266598,0.5201670551719506,-0.5719345949531385,0.1201970601601191,-0.6215705967146201,-0.9274745739175644,-0.4411343782061857
20.0,107.0,1001.2186279296876,0.8244933528564296,0.1717593457825232,-2.378357160883819,-0.0230257625266598,0.5201670551719506,-0.5719345949593759,0.1201970601601191,-0.6215705967146201,-0.9274745739175644,-0.4411343785434271
20.0,107.0,1001.2186279296876,0.8244933528955208,0.1717593457825232,-2.378357160883819,-0.0230257625266598,0.5201670551719506,-0.5719345940886388,0.1201970601601191,-0.6215705967146201,-0.9274745739175644,-0.4411343782061857
20.0,107.0,1001.2186279296876,0.8244933528955208,0.1717593457825232,-2.378357160883819,-0.0230257625266598,0.5201670551719506,-0.5719345938621984,0.1201970601601191,-0.6215705967146201,-0.9274745739175644,-0.4411343782061857
20.0,107.0,1001.2186279296876,0.8244933528955208,0.1717593457825232,-2.378357160883819,-0.0230257625266598,0.5201670551719506,-0.5719345940886388,0.1201970601601191,-0.6215705967146201,-0.9274745739175644,-0.4411343782061857
20.0,107.0,1001.2186279296876,0.8244933528955208,0.1717593457825232,-2.378357160883819,-0.0230257625266598,0.5201670551719506,-0.5719345949593759,0.1201970601601191,-0.6215705967146201,-0.9274745739175644,-0.4411343782061857
20.0,107.0,1001.2186279296876,0.8244933528955208,0.1717593457825232,-2.378357160883819,-0.0230257625266598,0.5201670551719506,-0.5719345938621984,0.1201970601601191,-0.6215705967146201,-0.9274745739175644,-0.4411343782061857
20.0,107.0,1001.2186279296876,0.8244933528119016,0.1717593457825232,-2.378357160883819,-0.0230257625266598,0.5201670551719506,-0.5719345949531385,0.1201970601601191,-0.6215705967146201,-0.9274745739175644,-0.4411343782061857
20.0,107.0,1001.2186279296876,0.8244933528564296,0.1717593457825232,-2.378357160883819,-0.0230257625266598,0.5201670551719506,-0.5719345949461146,0.1201970601601191,-0.6215705967146201,-0.9274745739175644,-0.4411343785427499
20.0,107.0,1001.2186279296876,0.824493352856349,0.1717593457825232,-2.378357160883819,-0.0230257625266598,0.5201670551719506,-0.5719345949593759,0.1201970601601191,-0.6215705967146201,-0.9274745739175644,-0.4411343782061857
20.0,107.0,1001.2186279296876,0.8244933528571424,0.1717593457825232,-2.378357160883819,-0.0230257625266598,0.5201670551719506,-0.5719345949593759,0.1201970601601191,-0.6215705967146201,-0.9274745739175644,-0.4411343782061857
20.0,107.0,1001.2186279296876,0.8244933528549911,0.1717593457825232,-2.378357160883819,-0.0230257832375475,0.5201670551719506,-0.5719345949420224,0.1201970601601191,-0.6215705967146201,-0.9274745739175644,-0.441134378202568
20.0,107.0,1001.2186279296876,0.8244933528564296,0.1717593457825232,-2.378357160883819,-0.0230257625266598,0.5201670551719506,-0.5719345949593759,0.1201970601601191,-0.6215705967146201,-0.9274745739175644,-0.4411343785434271
20.0,107.0,1001.2186279296876,0.8244933528910825,0.1717593457825232,-2.378357160883819,-0.0230257625266598,0.5201670551719506,-0.5719345949531385,0.1201970601601191,-0.6215705967146201,-0.9274745739175644,-0.4411343782070377
20.0,107.0,1001.2186279296876,0.8244933528947272,0.1717593457825232,-2.378357160883819,-0.0230257625266598,0.5201670551719506,-0.5719345949593759,0.1201970601601191,-0.6215705967146201,-0.9274745739175644,-0.4411343782061857
20.0,107.0,1001.2186279296876,0.8244933528960399,0.1717593457825232,-2.378357160883819,-0.0230256753428112,0.5201670551719506,-0.5719345940739474,0.1201970601601191,-0.6215705967146201,-0.9274745739175644,-0.4411343782061857
20.0,107.0,1001.2188720703124,0.824493352854071,0.1717593457825232,-2.378357160883819,-0.0230192023943065,0.5201670551719506,-0.5719345942284919,0.1201970601601191,-0.6215705967146201,-0.9274745739175644,-0.4411343782061857
20.0,107.0,1001.2195434570312,0.8244933528532967,0.1717593457825232,-2.378357160883819,-0.0230022606733852,0.5201670551719506,-0.5719345940785877,0.1201970601601191,-0.6215705967146201,-0.9274745739175644,-0.4411343782061857
20.0,107.0,1001.2203369140624,0.8244933528974582,0.1717593457825232,-2.378357160883819,-0.0229830225836639,0.5201670551719506,-0.5719345940957468,0.1201970601601191,-0.6215705967146201,-0.9274745739175644,-0.4411343782061857
20.0,107.0,1001.2207641601562,0.8244933528955275,0.1717593457825232,-2.378357160883819,-0.0229717350570511,0.5201670551719506,-0.5719345939555502,0.1201970601601191,-0.6215705967146201,-0.9274745739175644,-0.4411343782009747
20.0,107.0,1001.2208251953124,0.8244933528955275,0.1717593457825232,-2.378357160883819,-0.0229714495955536,0.5201670551719506,-0.5719345939555502,0.1201970601601191,-0.6215705967146201,-0.9274745739175644,-0.4411343782009364
20.0,107.0,1001.221435546875,0.8244933528954626,0.1717593457825232,-2.378357160883819,-0.0229540011443307,0.5201670551719506,-0.5719345939296615,0.1201970601601191,-0.6215705967146201,-0.9274745739175644,-0.4411343782061857
20.0,107.0,1001.221435546875,0.8244933528564854,0.1717593457825232,-2.378357160883819,-0.0229540011443307,0.5201670551719506,-0.5719345940934393,0.1201970601601191,-0.6215705967146201,-0.9274745739175644,-0.441134378206341
20.0,107.0,1001.221435546875,0.8244933528573294,0.1717593457825232,-2.378357160883819,-0.0229563232260667,0.5201670551719506,-0.5719345939528069,0.1201970601601191,-0.6215705967146201,-0.9274745739175644,-0.4411343782066574
20.0,107.0,1001.221435546875,0.8244933528959226,0.1717593457825232,-2.378357160883819,-0.0229545848781936,0.5201670551719506,-0.5719345939296615,0.1201970601601191,-0.6215705967146201,-0.9274745739175644,-0.4411343782061058
20.0,107.0,1001.221435546875,0.8244933528573827,0.1717593457825232,-2.378357160883819,-0.0229563232260667,0.5201670551719506,-0.5719345949456935,0.1201970601601191,-0.6215705967146201,-0.9274745739175644,-0.4411343782066574
20.0,107.0,1001.2215576171876,0.8244933528943639,0.1717593457825232,-2.378357160883819,-0.0229533505546016,0.5201670551719506,-0.5719345939525879,0.1201970601601191,-0.6215705967146201,-0.9274745739175644,-0.4411343781988021
20.0,107.0,1001.2244262695312,0.8244933528512176,0.1717593457825232,-2.378357160883819,-0.0228836514370423,0.5201670551719506,-0.5719345952028251,0.1201970601601191,-0.6215705967146201,-0.9274745739175644,-0.4411343782061026
20.0,107.0,1001.2244262695312,0.8244933528512176,0.1717593457825232,-2.378357160883819,-0.0228836514370423,0.5201670551719506,-0.5719345952028251,0.1201970601601191,-0.6215705967146201,-0.9274745739175644,-0.4411343782061026
20.0,107.0,1001.22900390625,0.824493352856349,0.1717593457825232,-2.378357160883819,-0.0227769103947068,0.5201670551719506,-0.5719345949593759,0.1201970601601191,-0.6215705967146201,-0.9274745739175644,-0.4411343782061857
20.0,107.0,1001.23388671875,0.8244933528564301,0.1717593457825232,-2.378357160883819,-0.0226679550750653,0.5201670551719506,-0.5719345952070682,0.1201970601601191,-0.6215705967146201,-0.9274745739175644,-0.4411343782063717
20.0,107.0,1001.2339477539062,0.8244933528564301,0.1717593457825232,-2.378357160883819,-0.0226674203990382,0.5201670551719506,-0.5719345952070682,0.1201970601601191,-0.6215705967146201,-0.9274745739175644,-0.4411343782014608
20.0,107.0,1001.2339477539062,0.8244933528564301,0.1717593457825232,-2.378357160883819,-0.0226674203990382,0.5201670551719506,-0.5719345952070682,0.1201970601601191,-0.6215705967146201,-0.9274745739175644,-0.4411343782014608
20.0,107.0,1001.2737426757812,0.8244933528564378,0.1717593457825232,-2.378357160883819,-0.0219221807154594,0.5201670551719506,-0.5719345942336987,0.1201970601601191,-0.6215705967146201,-0.9274745739175644,-0.4411343781946255
20.0,108.0,1001.2142333984376,0.8244933528565185,0.1717593457825232,-2.378357160883819,-0.0231400757108728,0.5201670551719506,-0.5719345939551406,0.1201970601601191,-0.6215705967146201,-0.9274745739175644,-0.4411343782009364
20.0,108.0,1001.2142333984376,0.8244933528961484,0.1717593457825232,-2.378357160883819,-0.0231400757108728,0.5201670551719506,-0.5719345939551406,0.1201970601601191,-0.6215705967146201,-0.9274745739175644,-0.4411343782009364
20.0,108.0,1001.2142333984376,0.8244933528565185,0.1717593457825232,-2.378357160883819,-0.0231400757108728,0.5201670551719506,-0.5719345939534408,0.1201970601601191,-0.6215705967146201,-0.9274745739175644,-0.4411343782013184
20.0,108.0,1001.2164916992188,0.8244933528956719,0.1717593457825232,-2.378357160883819,-0.023081876758702,0.5201670551719506,-0.5719345940886388,0.1201970601601191,-0.6215705967146201,-0.9274745739175644,-0.4411343782061857
20.0,108.0,1001.2164916992188,0.8244933528956719,0.1717593457825232,-2.378357160883819,-0.023081876758702,0.5201670551719506,-0.5719345940886388,0.1201970601601191,-0.6215705967146201,-0.9274745739175644,-0.4411343782061857
20.0,108.0,1001.2166748046876,0.8244933528960399,0.1717593457825232,-2.378357160883819,-0.0230753166263486,0.5201670551719506,-0.5719345940739474,0.1201970601601191,-0.6215705967146201,-0.9274745739175644,-0.4411343782061857
20.0,108.0,1001.2166748046876,0.8244933528542221,0.1717593457825232,-2.378357160883819,-0.0230753166263486,0.5201670551719506,-0.5719345942284919,0.1201970601601191,-0.6215705967146201,-0.9274745739175644,-0.4411343782061857
20.0,108.0,1001.2166748046876,0.8244933528960399,0.1717593457825232,-2.378357160883819,-0.0230753166263486,0.5201670551719506,-0.5719345940739474,0.1201970601601191,-0.6215705967146201,-0.9274745739175644,-0.4411343782061857
20.0,108.0,1001.2166748046876,0.8244933528960399,0.1717593457825232,-2.378357160883819,-0.0230753166263486,0.5201670551719506,-0.5719345940739474,0.1201970601601191,-0.6215705967146201,-0.9274745739175644,-0.4411343782061857
20.0,108.0,1001.2166748046876,0.8244933528566677,0.1717593457825232,-2.378357160883819,-0.0230753166263486,0.5201670551719506,-0.5719345949600728,0.1201970601601191,-0.6215705967146201,-0.9274745739175644,-0.4411343785406134
20.0,108.0,1001.2166748046876,0.8244933528542221,0.1717593457825232,-2.378357160883819,-0.0230753166263486,0.5201670551719506,-0.5719345942284919,0.1201970601601191,-0.6215705967146201,-0.9274745739175644,-0.4411343782061857
20.0,108.0,1001.2166748046876,0.8244933528541473,0.1717593457825232,-2.378357160883819,-0.0230753166263486,0.5201670551719506,-0.5719345949600728,0.1201970601601191,-0.6215705967146201,-0.9274745739175644,-0.4411343785421295
20.0,108.0,1001.2166748046876,0.8244933528566677,0.1717593457825232,-2.378357160883819,-0.0230753166263486,0.5201670551719506,-0.5719345939723496,0.1201970601601191,-0.6215705967146201,-0.9274745739175644,-0.441134378546887
20.0,108.0,1001.2166748046876,0.8244933528542221,0.1717593457825232,-2.378357160883819,-0.0230753817210951,0.5201670551719506,-0.5719345942284919,0.1201970601601191,-0.6215705967146201,-0.9274745739175644,-0.4411343782061857
20.0,108.0,1001.2166748046876,0.8244933528567425,0.1717593457825232,-2.378357160883819,-0.0230753166263486,0.5201670551719506,-0.5719345942284919,0.1201970601601191,-0.6215705967146201,-0.9274745739175644,-0.4411343782046695
20.0,108.0,1001.2166748046876,0.8244933528960399,0.1717593457825232,-2.378357160883819,-0.0230753166263486,0.5201670551719506,-0.5719345940739474,0.1201970601601191,-0.6215705967146201,-0.9274745739175644,-0.4411343782061857
20.0,108.0,1001.2169189453124,0.824493352903159,0.1717593457825232,-2.378357160883819,-0.0230703935121962,0.5201670551719506,-0.5719345940739474,0.1201970601601191,-0.6215705967146201,-0.9274745739175644,-0.4411343782061857
20.0,108.0,1001.217529296875,0.8244933528560083,0.1717593457825232,-2.378357160883819,-0.0230549965001476,0.5201670551719506,-0.5719345939296615,0.1201970601601191,-0.6215705967146201,-0.9274745739175644,-0.4411343782061857
20.0,108.0,1001.2177124023438,0.824493352856071,0.1717593457825232,-2.378357160883819,-0.0230475837895724,0.5201670551719506,-0.5719345942371542,0.1201970601601191,-0.6215705967146201,-0.9274745739175644,-0.4411343785604786
20.0,108.0,1001.2177734375,0.824493352856071,0.1717593457825232,-2.378357160883819,-0.0230471485424561,0.5201670551719506,-0.5719345942371542,0.1201970601601191,-0.6215705967146201,-0.9274745739175644,-0.4411343782995554
20.0,108.0,1001.2177734375,0.824493352856071,0.1717593457825232,-2.378357160883819,-0.0230471485424561,0.5201670551719506,-0.5719345942371542,0.1201970601601191,-0.6215705967146201,-0.9274745739175644,-0.4411343782987034
20.0,108.0,1001.2177734375,0.824493352856071,0.1717593457825232,-2.378357160883819,-0.0230471485424561,0.5201670551719506,-0.5719345939246839,0.1201970601601191,-0.6215705967146201,-0.9274745739175644,-0.4411343782980851
20.0,108.0,1001.2182006835938,0.8244933528533467,0.1717593457825232,-2.378357160883819,-0.0230367527907185,0.5201670551719506,-0.5719345940785877,0.1201970601601191,-0.6215705967146201,-0.9274745739175644,-0.4411343782061857
20.0,108.0,1001.218505859375,0.8244933528582913,0.1717593457825232,-2.378357160883819,-0.0230273843637645,0.5201670551719506,-0.5719345940054563,0.1201970601601191,-0.6215705967146201,-0.9274745739175644,-0.4411343782009364
20.0,108.0,1001.2186279296876,0.8244933528955208,0.1717593457825232,-2.378357160883819,-0.0230257625266598,0.5201670551719506,-0.5719345939460748,0.1201970601601191,-0.6215705967146201,-0.9274745739175644,-0.4411343782061857
20.0,108.0,1001.2186279296876,0.8244933528955208,0.1717593457825232,-2.378357160883819,-0.0230257625266598,0.5201670551719506,-0.5719345949593759,0.1201970601601191,-0.6215705967146201,-0.9274745739175644,-0.4411343782061857
20.0,108.0,1001.2186279296876,0.824493352856349,0.1717593457825232,-2.378357160883819,-0.0230257625266598,0.5201670551719506,-0.5719345949593759,0.1201970601601191,-0.6215705967146201,-0.9274745739175644,-0.4411343782061857
20.0,108.0,1001.2186279296876,0.8244933528910825,0.1717593457825232,-2.378357160883819,-0.0230257625266598,0.5201670551719506,-0.5719345949531385,0.1201970601601191,-0.6215705967146201,-0.9274745739175644,-0.4411343782061857
20.0,108.0,1001.2186279296876,0.8244933528564296,0.1717593457825232,-2.378357160883819,-0.0230257625266598,0.5201670551719506,-0.5719345949593759,0.1201970601601191,-0.6215705967146201,-0.9274745739175644,-0.4411343785434271
20.0,108.0,1001.2186279296876,0.8244933528955208,0.1717593457825232,-2.378357160883819,-0.0230257625266598,0.5201670551719506,-0.5719345940886388,0.1201970601601191,-0.6215705967146201,-0.9274745739175644,-0.4411343782061857
20.0,108.0,1001.2186279296876,0.8244933528955208,0.1717593457825232,-2.378357160883819,-0.0230257625266598,0.5201670551719506,-0.5719345938621984,0.1201970601601191,-0.6215705967146201,-0.9274745739175644,-0.4411343782061857
20.0,108.0,1001.2186279296876,0.8244933528955208,0.1717593457825232,-2.378357160883819,-0.0230257625266598,0.5201670551719506,-0.5719345940886388,0.1201970601601191,-0.6215705967146201,-0.9274745739175644,-0.4411343782061857
20.0,108.0,1001.2186279296876,0.8244933528955208,0.1717593457825232,-2.378357160883819,-0.0230257625266598,0.5201670551719506,-0.5719345949593759,0.1201970601601191,-0.6215705967146201,-0.9274745739175644,-0.4411343782061857
20.0,108.0,1001.2186279296876,0.8244933528955208,0.1717593457825232,-2.378357160883819,-0.0230257625266598,0.5201670551719506,-0.5719345938621984,0.1201970601601191,-0.6215705967146201,-0.9274745739175644,-0.4411343782061857
20.0,108.0,1001.2186279296876,0.8244933528119016,0.1717593457825232,-2.378357160883819,-0.0230257625266598,0.5201670551719506,-0.5719345949531385,0.1201970601601191,-0.6215705967146201,-0.9274745739175644,-0.4411343782061857
20.0,108.0,1001.2186279296876,0.8244933528564296,0.1717593457825232,-2.378357160883819,-0.0230257625266598,0.5201670551719506,-0.5719345949461146,0.1201970601601191,-0.6215705967146201,-0.9274745739175644,-0.4411343785427499
20.0,108.0,1001.2186279296876,0.824493352856349,0.1717593457825232,-2.378357160883819,-0.0230257625266598,0.5201670551719506,-0.5719345949593759,0.1201970601601191,-0.6215705967146201,-0.9274745739175644,-0.4411343782061857
20.0,108.0,1001.2186279296876,0.8244933528571424,0.1717593457825232,-2.378357160883819,-0.0230257625266598,0.5201670551719506,-0.5719345949593759,0.1201970601601191,-0.6215705967146201,-0.9274745739175644,-0.4411343782061857
20.0,108.0,1001.2186279296876,0.8244933528549911,0.1717593457825232,-2.378357160883819,-0.0230257832375475,0.5201670551719506,-0.5719345949420224,0.1201970601601191,-0.6215705967146201,-0.9274745739175644,-0.441134378202568
20.0,108.0,1001.2186279296876,0.8244933528564296,0.1717593457825232,-2.378357160883819,-0.0230257625266598,0.5201670551719506,-0.5719345949593759,0.1201970601601191,-0.6215705967146201,-0.9274745739175644,-0.4411343785434271
20.0,108.0,1001.2186279296876,0.8244933528910825,0.1717593457825232,-2.378357160883819,-0.0230257625266598,0.5201670551719506,-0.5719345949531385,0.1201970601601191,-0.6215705967146201,-0.9274745739175644,-0.4411343782070377
20.0,108.0,1001.2186279296876,0.8244933528947272,0.1717593457825232,-2.378357160883819,-0.0230257625266598,0.5201670551719506,-0.5719345949593759,0.1201970601601191,-0.6215705967146201,-0.9274745739175644,-0.4411343782061857
20.0,108.0,1001.2186279296876,0.8244933528960399,0.1717593457825232,-2.378357160883819,-0.0230256753428112,0.5201670551719506,-0.5719345940739474,0.1201970601601191,-0.6215705967146201,-0.9274745739175644,-0.4411343782061857
20.0,108.0,1001.2186279296876,0.8244933528955208,0.1717593457825232,-2.378357160883819,-0.0230257625266598,0.5201670551719506,-0.5719345940903384,0.1201970601601191,-0.6215705967146201,-0.9274745739175644,-0.4411343782058036
20.0,108.0,1001.2186279296876,0.8244933528563504,0.1717593457825232,-2.378357160883819,-0.0230257625266598,0.5201670551719506,-0.5719345949593759,0.1201970601601191,-0.6215705967146201,-0.9274745739175644,-0.4411343782061857
20.0,108.0,1001.2186279296876,0.824493352895525,0.1717593457825232,-2.378357160883819,-0.0230257625266598,0.5201670551719506,-0.5719345949593759,0.1201970601601191,-0.6215705967146201,-0.9274745739175644,-0.4411343782061857
20.0,108.0,1001.2186279296876,0.8244933528575914,0.1717593457825232,-2.378357160883819,-0.0230257625266598,0.5201670551719506,-0.5719345949461146,0.1201970601601191,-0.6215705967146201,-0.9274745739175644,-0.4411343785427499
20.0,108.0,1001.2186279296876,0.8244933528571424,0.1717593457825232,-2.378357160883819,-0.0230257625266598,0.5201670551719506,-0.5719345949602052,0.1201970601601191,-0.6215705967146201,-0.9274745739175644,-0.4411343782061857
20.0,108.0,1001.2186279296876,0.8244933528955208,0.1717593457825232,-2.378357160883819,-0.0230257625266598,0.5201670551719506,-0.5719345938621984,0.1201970601601191,-0.6215705967146201,-0.9274745739175644,-0.4411343782061857
20.0,108.0,1001.2186279296876,0.8244933528564296,0.1717593457825232,-2.378357160883819,-0.0230253272795435,0.5201670551719506,-0.5719345949461146,0.1201970601601191,-0.6215705967146201,-0.9274745739175644,-0.4411343782809747
20.0,109.0,1001.214111328125,0.8244933528565185,0.1717593457825232,-2.378357160883819,-0.0231445454170835,0.5201670551719506,-0.5719345939551406,0.1201970601601191,-0.6215705967146201,-0.9274745739175644,-0.441134378206172
20.0,109.0,1001.2142333984376,0.8244933528565185,0.1717593457825232,-2.378357160883819,-0.0231400757108728,0.5201670551719506,-0.5719345939551406,0.1201970601601191,-0.6215705967146201,-0.9274745739175644,-0.4411343782009364
20.0,109.0,1001.2142333984376,0.8244933528961484,0.1717593457825232,-2.378357160883819,-0.0231400757108728,0.5201670551719506,-0.5719345939551406,0.1201970601601191,-0.6215705967146201,-0.9274745739175644,-0.4411343782009364
20.0,109.0,1001.2142333984376,0.8244933528565185,0.1717593457825232,-2.378357160883819,-0.0231400757108728,0.5201670551719506,-0.5719345939534408,0.1201970601601191,-0.6215705967146201,-0.9274745739175644,-0.4411343782013184
20.0,109.0,1001.2142333984376,0.8244933528961484,0.1717593457825232,-2.378357160883819,-0.0231407830505337,0.5201670551719506,-0.5719345939551406,0.1201970601601191,-0.6215705967146201,-0.9274745739175644,-0.4411343782009364
20.0,109.0,1001.2142333984376,0.8244933528583459,0.1717593457825232,-2.378357160883819,-0.0231400757108728,0.5201670551719506,-0.5719345939534408,0.1201970601601191,-0.6215705967146201,-0.9274745739175644,-0.4411343782012739
20.0,109.0,1001.2164916992188,0.8244933528956719,0.1717593457825232,-2.378357160883819,-0.023081876758702,0.5201670551719506,-0.5719345940886388,0.1201970601601191,-0.6215705967146201,-0.9274745739175644,-0.4411343782061857
20.0,109.0,1001.2164916992188,0.8244933528956719,0.1717593457825232,-2.378357160883819,-0.023081876758702,0.5201670551719506,-0.5719345940886388,0.1201970601601191,-0.6215705967146201,-0.9274745739175644,-0.4411343782061857
20.0,109.0,1001.2164916992188,0.8244933528956719,0.1717593457825232,-2.378357160883819,-0.023081876758702,0.5201670551719506,-0.5719345940886388,0.1201970601601191,-0.6215705967146201,-0.9274745739175644,-0.4411343782061857
20.0,109.0,1001.2164916992188,0.8244933528559161,0.1717593457825232,-2.378357160883819,-0.0230811841961429,0.5201670551719506,-0.5719345940721626,0.1201970601601191,-0.6215705967146201,-0.9274745739175644,-0.4411343782061857
20.0,109.0,1001.2166137695312,0.8244933528563504,0.1717593457825232,-2.378357160883819,-0.0230775217923047,0.5201670551719506,-0.5719345949593759,0.1201970601601191,-0.6215705967146201,-0.9274745739175644,-0.4411343782061857
20.0,109.0,1001.2166748046876,0.8244933528960399,0.1717593457825232,-2.378357160883819,-0.0230753166263486,0.5201670551719506,-0.5719345940739474,0.1201970601601191,-0.6215705967146201,-0.9274745739175644,-0.4411343782061857
20.0,109.0,1001.2166748046876,0.8244933528542221,0.1717593457825232,-2.378357160883819,-0.0230753166263486,0.5201670551719506,-0.5719345942284919,0.1201970601601191,-0.6215705967146201,-0.9274745739175644,-0.4411343782061857
20.0,109.0,1001.2166748046876,0.8244933528960399,0.1717593457825232,-2.378357160883819,-0.0230753166263486,0.5201670551719506,-0.5719345940739474,0.1201970601601191,-0.6215705967146201,-0.9274745739175644,-0.4411343782061857
20.0,109.0,1001.2166748046876,0.8244933528960399,0.1717593457825232,-2.378357160883819,-0.0230753166263486,0.5201670551719506,-0.5719345940739474,0.1201970601601191,-0.6215705967146201,-0.9274745739175644,-0.4411343782061857
20.0,109.0,1001.2166748046876,0.8244933528566677,0.1717593457825232,-2.378357160883819,-0.0230753166263486,0.5201670551719506,-0.5719345949600728,0.1201970601601191,-0.6215705967146201,-0.9274745739175644,-0.4411343785406134
20.0,109.0,1001.2166748046876,0.8244933528542221,0.1717593457825232,-2.378357160883819,-0.0230753166263486,0.5201670551719506,-0.5719345942284919,0.1201970601601191,-0.6215705967146201,-0.9274745739175644,-0.4411343782061857
20.0,109.0,1001.2166748046876,0.8244933528541473,0.1717593457825232,-2.378357160883819,-0.0230753166263486,0.5201670551719506,-0.5719345949600728,0.1201970601601191,-0.6215705967146201,-0.9274745739175644,-0.4411343785421295
20.0,109.0,1001.2166748046876,0.8244933528566677,0.1717593457825232,-2.378357160883819,-0.0230753166263486,0.5201670551719506,-0.5719345939723496,0.1201970601601191,-0.6215705967146201,-0.9274745739175644,-0.441134378546887
20.0,109.0,1001.2166748046876,0.8244933528542221,0.1717593457825232,-2.378357160883819,-0.0230753817210951,0.5201670551719506,-0.5719345942284919,0.1201970601601191,-0.6215705967146201,-0.9274745739175644,-0.4411343782061857
20.0,109.0,1001.2166748046876,0.8244933528567425,0.1717593457825232,-2.378357160883819,-0.0230753166263486,0.5201670551719506,-0.5719345942284919,0.1201970601601191,-0.6215705967146201,-0.9274745739175644,-0.4411343782046695
20.0,109.0,1001.2166748046876,0.8244933528960399,0.1717593457825232,-2.378357160883819,-0.0230753166263486,0.5201670551719506,-0.5719345940739474,0.1201970601601191,-0.6215705967146201,-0.9274745739175644,-0.4411343782061857
20.0,109.0,1001.2166748046876,0.8244933528960399,0.1717593457825232,-2.378357160883819,-0.0230753166263486,0.5201670551719506,-0.5719345942228883,0.1201970601601191,-0.6215705967146201,-0.9274745739175644,-0.4411343782061857
20.0,109.0,1001.2166748046876,0.8244933528542221,0.1717593457825232,-2.378357160883819,-0.0230753817210951,0.5201670551719506,-0.5719345942284919,0.1201970601601191,-0.6215705967146201,-0.9274745739175644,-0.4411343782061857
20.0,109.0,1001.2166748046876,0.8244933528566677,0.1717593457825232,-2.378357160883819,-0.0230753166263486,0.5201670551719506,-0.5719345939723496,0.1201970601601191,-0.6215705967146201,-0.9274745739175644,-0.441134378546887
20.0,109.0,1001.2166748046876,0.8244933528963596,0.1717593457825232,-2.378357160883819,-0.0230753166263486,0.5201670551719506,-0.5719345940739474,0.1201970601601191,-0.6215705967146201,-0.9274745739175644,-0.4411343782061857
20.0,109.0,1001.2167358398438,0.8244933528566677,0.1717593457825232,-2.378357160883819,-0.0230751693105819,0.5201670551719506,-0.5719345939723496,0.1201970601601191,-0.6215705967146201,-0.9274745739175644,-0.4411343785204962
20.0,109.0,1001.216796875,0.8244933528960399,0.1717593457825232,-2.378357160883819,-0.0230746092866877,0.5201670551719506,-0.5719345940739474,0.1201970601601191,-0.6215705967146201,-0.9274745739175644,-0.4411343782061857
20.0,109.0,1001.2169189453124,0.824493352903159,0.1717593457825232,-2.378357160883819,-0.0230703935121962,0.5201670551719506,-0.5719345940739474,0.1201970601601191,-0.6215705967146201,-0.9274745739175644,-0.4411343782061857
20.0,109.0,1001.217529296875,0.8244933528560083,0.1717593457825232,-2.378357160883819,-0.0230549965001476,0.5201670551719506,-0.5719345939296615,0.1201970601601191,-0.6215705967146201,-0.9274745739175644,-0.4411343782061857
20.0,109.0,1001.217529296875,0.8244933528560083,0.1717593457825232,-2.378357160883819,-0.0230549965001476,0.5201670551719506,-0.5719345949885352,0.1201970601601191,-0.6215705967146201,-0.9274745739175644,-0.4411343782061857
20.0,109.0,1001.2177124023438,0.824493352856071,0.1717593457825232,-2.378357160883819,-0.0230475837895724,0.5201670551719506,-0.5719345942371542,0.1201970601601191,-0.6215705967146201,-0.9274745739175644,-0.4411343785604786
20.0,109.0,1001.2177734375,0.824493352856071,0.1717593457825232,-2.378357160883819,-0.0230471485424561,0.5201670551719506,-0.5719345942371542,0.1201970601601191,-0.6215705967146201,-0.9274745739175644,-0.4411343782995554
20.0,109.0,1001.2177734375,0.824493352856071,0.1717593457825232,-2.378357160883819,-0.0230471485424561,0.5201670551719506,-0.5719345942371542,0.1201970601601191,-0.6215705967146201,-0.9274745739175644,-0.4411343782987034
20.0,109.0,1001.2177734375,0.824493352856071,0.1717593457825232,-2.378357160883819,-0.0230471485424561,0.5201670551719506,-0.5719345939246839,0.1201970601601191,-0.6215705967146201,-0.9274745739175644,-0.4411343782980851
20.0,109.0,1001.2178955078124,0.8244933529032974,0.1717593457825232,-2.378357160883819,-0.0230458822749695,0.5201670551719506,-0.5719345942336229,0.1201970601601191,-0.6215705967146201,-0.9274745739175644,-0.4411343782061857
20.0,109.0,1001.2181396484376,0.8244933528538239,0.1717593457825232,-2.378357160883819,-0.0230381602121498,0.5201670551719506,-0.5719345949531385,0.1201970601601191,-0.6215705967146201,-0.9274745739175644,-0.4411343782061857
20.0,109.0,1001.2182006835938,0.8244933528533467,0.1717593457825232,-2.378357160883819,-0.0230367527907185,0.5201670551719506,-0.5719345940785877,0.1201970601601191,-0.6215705967146201,-0.9274745739175644,-0.4411343782061857
20.0,109.0,1001.218505859375,0.8244933528582913,0.1717593457825232,-2.378357160883819,-0.0230273843637645,0.5201670551719506,-0.5719345940054563,0.1201970601601191,-0.6215705967146201,-0.9274745739175644,-0.4411343782009364
20.0,109.0,1001.218505859375,0.8244933528559557,0.1717593457825232,-2.378357160883819,-0.0230273843637645,0.5201670551719506,-0.5719345940086383,0.1201970601601191,-0.6215705967146201,-0.9274745739175644,-0.4411343782059652
20.0,109.0,1001.2186279296876,0.8244933528955208,0.1717593457825232,-2.378357160883819,-0.0230257625266598,0.5201670551719506,-0.5719345939460748,0.1201970601601191,-0.6215705967146201,-0.9274745739175644,-0.4411343782061857
20.0,109.0,1001.2186279296876,0.8244933528955208,0.1717593457825232,-2.378357160883819,-0.0230257625266598,0.5201670551719506,-0.5719345949593759,0.1201970601601191,-0.6215705967146201,-0.9274745739175644,-0.4411343782061857
20.0,109.0,1001.2186279296876,0.824493352856349,0.1717593457825232,-2.378357160883819,-0.0230257625266598,0.5201670551719506,-0.5719345949593759,0.1201970601601191,-0.6215705967146201,-0.9274745739175644,-0.4411343782061857
20.0,109.0,1001.2186279296876,0.8244933528910825,0.1717593457825232,-2.378357160883819,-0.0230257625266598,0.5201670551719506,-0.5719345949531385,0.1201970601601191,-0.6215705967146201,-0.9274745739175644,-0.4411343782061857
20.0,109.0,1001.2186279296876,0.8244933528564296,0.1717593457825232,-2.378357160883819,-0.0230257625266598,0.5201670551719506,-0.5719345949593759,0.1201970601601191,-0.6215705967146201,-0.9274745739175644,-0.4411343785434271
20.0,109.0,1001.2186279296876,0.8244933528955208,0.1717593457825232,-2.378357160883819,-0.0230257625266598,0.5201670551719506,-0.5719345940886388,0.1201970601601191,-0.6215705967146201,-0.9274745739175644,-0.4411343782061857
20.0,109.0,1001.2186279296876,0.8244933528955208,0.1717593457825232,-2.378357160883819,-0.0230257625266598,0.5201670551719506,-0.5719345938621984,0.1201970601601191,-0.6215705967146201,-0.9274745739175644,-0.4411343782061857
20.0,109.0,1001.2186279296876,0.8244933528955208,0.1717593457825232,-2.378357160883819,-0.0230257625266598,0.5201670551719506,-0.5719345940886388,0.1201970601601191,-0.6215705967146201,-0.9274745739175644,-0.4411343782061857
20.0,109.0,1001.2186279296876,0.8244933528955208,0.1717593457825232,-2.378357160883819,-0.0230257625266598,0.5201670551719506,-0.5719345949593759,0.1201970601601191,-0.6215705967146201,-0.9274745739175644,-0.4411343782061857
20.0,109.0,1001.2186279296876,0.8244933528955208,0.1717593457825232,-2.378357160883819,-0.0230257625266598,0.5201670551719506,-0.5719345938621984,0.1201970601601191,-0.6215705967146201,-0.9274745739175644,-0.4411343782061857
20.0,110.0,1001.214111328125,0.8244933528565185,0.1717593457825232,-2.378357160883819,-0.0231445454170835,0.5201670551719506,-0.5719345939551406,0.1201970601601191,-0.6215705967146201,-0.9274745739175644,-0.441134378206172
20.0,110.0,1001.214111328125,0.8244933528565185,0.1717593457825232,-2.378357160883819,-0.0231445454170835,0.5201670551719506,-0.5719345939551406,0.1201970601601191,-0.6215705967146201,-0.9274745739175644,-0.441134378206172
20.0,110.0,1001.2142333984376,0.8244933528565185,0.1717593457825232,-2.378357160883819,-0.0231400757108728,0.5201670551719506,-0.5719345939551406,0.1201970601601191,-0.6215705967146201,-0.9274745739175644,-0.4411343782009364
20.0,110.0,1001.2142333984376,0.8244933528961484,0.1717593457825232,-2.378357160883819,-0.0231400757108728,0.5201670551719506,-0.5719345939551406,0.1201970601601191,-0.6215705967146201,-0.9274745739175644,-0.4411343782009364
20.0,110.0,1001.2142333984376,0.8244933528565185,0.1717593457825232,-2.378357160883819,-0.0231400757108728,0.5201670551719506,-0.5719345939534408,0.1201970601601191,-0.6215705967146201,-0.9274745739175644,-0.4411343782013184
20.0,110.0,1001.2142333984376,0.8244933528961484,0.1717593457825232,-2.378357160883819,-0.0231407830505337,0.5201670551719506,-0.5719345939551406,0.1201970601601191,-0.6215705967146201,-0.9274745739175644,-0.4411343782009364
20.0,110.0,1001.2142333984376,0.8244933528583459,0.1717593457825232,-2.378357160883819,-0.0231400757108728,0.5201670551719506,-0.5719345939534408,0.1201970601601191,-0.6215705967146201,-0.9274745739175644,-0.4411343782012739
20.0,110.0,1001.2142333984376,0.8244933528961484,0.1717593457825232,-2.378357160883819,-0.0231400757108728,0.5201670551719506,-0.5719345939525043,0.1201970601601191,-0.6215705967146201,-0.9274745739175644,-0.4411343782009364
20.0,110.0,1001.2142333984376,0.8244933528564423,0.1717593457825232,-2.378357160883819,-0.0231407830505337,0.5201670551719506,-0.5719345939551406,0.1201970601601191,-0.6215705967146201,-0.9274745739175644,-0.4411343785487122
20.0,110.0,1001.2142944335938,0.8244933528566677,0.1717593457825232,-2.378357160883819,-0.0231398999760277,0.5201670551719506,-0.5719345939725566,0.1201970601601191,-0.6215705967146201,-0.9274745739175644,-0.4411343785314363
20.0,110.0,1001.21435546875,0.8244933528564985,0.1717593457825232,-2.378357160883819,-0.0231375049771125,0.5201670551719506,-0.5719345939726148,0.1201970601601191,-0.6215705967146201,-0.9274745739175644,-0.4411343785433265
20.0,110.0,1001.2164916992188,0.8244933528956719,0.1717593457825232,-2.378357160883819,-0.023081876758702,0.5201670551719506,-0.5719345940886388,0.1201970601601191,-0.6215705967146201,-0.9274745739175644,-0.4411343782061857
20.0,110.0,1001.2164916992188,0.8244933528956719,0.1717593457825232,-2.378357160883819,-0.023081876758702,0.5201670551719506,-0.5719345940886388,0.1201970601601191,-0.6215705967146201,-0.9274745739175644,-0.4411343782061857
20.0,110.0,1001.2164916992188,0.8244933528956719,0.1717593457825232,-2.378357160883819,-0.023081876758702,0.5201670551719506,-0.5719345940886388,0.1201970601601191,-0.6215705967146201,-0.9274745739175644,-0.4411343782061857
20.0,110.0,1001.2164916992188,0.8244933528559161,0.1717593457825232,-2.378357160883819,-0.0230811841961429,0.5201670551719506,-0.5719345940721626,0.1201970601601191,-0.6215705967146201,-0.9274745739175644,-0.4411343782061857
20.0,110.0,1001.2164916992188,0.8244933528956719,0.1717593457825232,-2.378357160883819,-0.023081876758702,0.5201670551719506,-0.5719345940886388,0.1201970601601191,-0.6215705967146201,-0.9274745739175644,-0.4411343782061857
20.0,110.0,1001.2164916992188,0.8244933528559161,0.1717593457825232,-2.378357160883819,-0.0230811841961429,0.5201670551719506,-0.5719345948924273,0.1201970601601191,-0.6215705967146201,-0.9274745739175644,-0.4411343782061857
20.0,110.0,1001.2166137695312,0.8244933528563504,0.1717593457825232,-2.378357160883819,-0.0230775217923047,0.5201670551719506,-0.5719345949593759,0.1201970601601191,-0.6215705967146201,-0.9274745739175644,-0.4411343782061857
20.0,110.0,1001.2166137695312,0.8244933528563504,0.1717593457825232,-2.378357160883819,-0.0230775217923047,0.5201670551719506,-0.5719345949593759,0.1201970601601191,-0.6215705967146201,-0.9274745739175644,-0.4411343782061857
20.0,110.0,1001.2166748046876,0.8244933528960399,0.1717593457825232,-2.378357160883819,-0.0230753166263486,0.5201670551719506,-0.5719345940739474,0.1201970601601191,-0.6215705967146201,-0.9274745739175644,-0.4411343782061857
20.0,110.0,1001.2166748046876,0.8244933528542221,0.1717593457825232,-2.378357160883819,-0.0230753166263486,0.5201670551719506,-0.5719345942284919,0.1201970601601191,-0.6215705967146201,-0.9274745739175644,-0.4411343782061857
20.0,110.0,1001.2166748046876,0.8244933528960399,0.1717593457825232,-2.378357160883819,-0.0230753166263486,0.5201670551719506,-0.5719345940739474,0.1201970601601191,-0.6215705967146201,-0.9274745739175644,-0.4411343782061857
20.0,110.0,1001.2166748046876,0.8244933528960399,0.1717593457825232,-2.378357160883819,-0.0230753166263486,0.5201670551719506,-0.5719345940739474,0.1201970601601191,-0.6215705967146201,-0.9274745739175644,-0.4411343782061857
20.0,110.0,1001.2166748046876,0.8244933528566677,0.1717593457825232,-2.378357160883819,-0.0230753166263486,0.5201670551719506,-0.5719345949600728,0.1201970601601191,-0.6215705967146201,-0.9274745739175644,-0.4411343785406134
20.0,110.0,1001.2166748046876,0.8244933528542221,0.1717593457825232,-2.378357160883819,-0.0230753166263486,0.5201670551719506,-0.5719345942284919,0.1201970601601191,-0.6215705967146201,-0.9274745739175644,-0.4411343782061857
20.0,110.0,1001.2166748046876,0.8244933528541473,0.1717593457825232,-2.378357160883819,-0.0230753166263486,0.5201670551719506,-0.5719345949600728,0.1201970601601191,-0.6215705967146201,-0.9274745739175644,-0.4411343785421295
20.0,110.0,1001.2166748046876,0.8244933528566677,0.1717593457825232,-2.378357160883819,-0.0230753166263486,0.5201670551719506,-0.5719345939723496,0.1201970601601191,-0.6215705967146201,-0.9274745739175644,-0.441134378546887
20.0,110.0,1001.2166748046876,0.8244933528542221,0.1717593457825232,-2.378357160883819,-0.0230753817210951,0.5201670551719506,-0.5719345942284919,0.1201970601601191,-0.6215705967146201,-0.9274745739175644,-0.4411343782061857
20.0,110.0,1001.2166748046876,0.8244933528567425,0.1717593457825232,-2.378357160883819,-0.0230753166263486,0.5201670551719506,-0.5719345942284919,0.1201970601601191,-0.6215705967146201,-0.9274745739175644,-0.4411343782046695
20.0,110.0,1001.2166748046876,0.8244933528960399,0.1717593457825232,-2.378357160883819,-0.0230753166263486,0.5201670551719506,-0.5719345940739474,0.1201970601601191,-0.6215705967146201,-0.9274745739175644,-0.4411343782061857
20.0,110.0,1001.2166748046876,0.8244933528960399,0.1717593457825232,-2.378357160883819,-0.0230753166263486,0.5201670551719506,-0.5719345942228883,0.1201970601601191,-0.6215705967146201,-0.9274745739175644,-0.4411343782061857
20.0,110.0,1001.2166748046876,0.8244933528542221,0.1717593457825232,-2.378357160883819,-0.0230753817210951,0.5201670551719506,-0.5719345942284919,0.1201970601601191,-0.6215705967146201,-0.9274745739175644,-0.4411343782061857
20.0,110.0,1001.2166748046876,0.8244933528566677,0.1717593457825232,-2.378357160883819,-0.0230753166263486,0.5201670551719506,-0.5719345939723496,0.1201970601601191,-0.6215705967146201,-0.9274745739175644,-0.441134378546887
20.0,110.0,1001.2166748046876,0.8244933528963596,0.1717593457825232,-2.378357160883819,-0.0230753166263486,0.5201670551719506,-0.5719345940739474,0.1201970601601191,-0.6215705967146201,-0.9274745739175644,-0.4411343782061857
20.0,110.0,1001.2166748046876,0.8244933528542221,0.1717593457825232,-2.378357160883819,-0.0230753817210951,0.5201670551719506,-0.5719345942369525,0.1201970601601191,-0.6215705967146201,-0.9274745739175644,-0.4411343783010377
20.0,110.0,1001.2166748046876,0.8244933528541473,0.1717593457825232,-2.378357160883819,-0.0230753166263486,0.5201670551719506,-0.5719345941398082,0.1201970601601191,-0.6215705967146201,-0.9274745739175644,-0.4411343785421295
20.0,110.0,1001.2166748046876,0.8244933528961321,0.1717593457825232,-2.378357160883819,-0.0230758064867858,0.5201670551719506,-0.571934593957039,0.1201970601601191,-0.6215705967146201,-0.9274745739175644,-0.4411343782061857
20.0,110.0,1001.2166748046876,0.8244933528960399,0.1717593457825232,-2.378357160883819,-0.0230753166263486,0.5201670551719506,-0.5719345940739474,0.1201970601601191,-0.6215705967146201,-0.9274745739175644,-0.4411343782061857
20.0,110.0,1001.2166748046876,0.8244933528960378,0.1717593457825232,-2.378357160883819,-0.0230753166263486,0.5201670551719506,-0.5719345942228883,0.1201970601601191,-0.6215705967146201,-0.9274745739175644,-0.4411343782061857
20.0,110.0,1001.2166748046876,0.8244933528566687,0.1717593457825232,-2.378357160883819,-0.0230753140528029,0.5201670551719506,-0.5719345942284919,0.1201970601601191,-0.6215705967146201,-0.9274745739175644,-0.4411343782033143
20.0,110.0,1001.2167358398438,0.8244933528566677,0.1717593457825232,-2.378357160883819,-0.0230751693105819,0.5201670551719506,-0.5719345939723496,0.1201970601601191,-0.6215705967146201,-0.9274745739175644,-0.4411343785204962
20.0,110.0,1001.216796875,0.8244933528960399,0.1717593457825232,-2.378357160883819,-0.0230746092866877,0.5201670551719506,-0.5719345940739474,0.1201970601601191,-0.6215705967146201,-0.9274745739175644,-0.4411343782061857
20.0,110.0,1001.2169189453124,0.824493352903159,0.1717593457825232,-2.378357160883819,-0.0230703935121962,0.5201670551719506,-0.5719345940739474,0.1201970601601191,-0.6215705967146201,-0.9274745739175644,-0.4411343782061857
20.0,110.0,1001.217529296875,0.8244933528560083,0.1717593457825232,-2.378357160883819,-0.0230549965001476,0.5201670551719506,-0.5719345939296615,0.1201970601601191,-0.6215705967146201,-0.9274745739175644,-0.4411343782061857
20.0,110.0,1001.217529296875,0.8244933528560083,0.1717593457825232,-2.378357160883819,-0.0230549965001476,0.5201670551719506,-0.5719345949885352,0.1201970601601191,-0.6215705967146201,-0.9274745739175644,-0.4411343782061857
20.0,110.0,1001.2177124023438,0.824493352856071,0.1717593457825232,-2.378357160883819,-0.0230475837895724,0.5201670551719506,-0.5719345942371542,0.1201970601601191,-0.6215705967146201,-0.9274745739175644,-0.4411343785604786
20.0,110.0,1001.2177734375,0.824493352856071,0.1717593457825232,-2.378357160883819,-0.0230471485424561,0.5201670551719506,-0.5719345942371542,0.1201970601601191,-0.6215705967146201,-0.9274745739175644,-0.4411343782995554
20.0,110.0,1001.2177734375,0.824493352856071,0.1717593457825232,-2.378357160883819,-0.0230471485424561,0.5201670551719506,-0.5719345942371542,0.1201970601601191,-0.6215705967146201,-0.9274745739175644,-0.4411343782987034
20.0,110.0,1001.2177734375,0.824493352856071,0.1717593457825232,-2.378357160883819,-0.0230471485424561,0.5201670551719506,-0.5719345939246839,0.1201970601601191,-0.6215705967146201,-0.9274745739175644,-0.4411343782980851
20.0,110.0,1001.2177734375,0.824493352856071,0.1717593457825232,-2.378357160883819,-0.0230471485424561,0.5201670551719506,-0.5719345942286937,0.1201970601601191,-0.6215705967146201,-0.9274745739175644,-0.4411343782038513
20.0,111.0,1001.214111328125,0.8244933528565185,0.1717593457825232,-2.378357160883819,-0.0231445454170835,0.5201670551719506,-0.5719345939551406,0.1201970601601191,-0.6215705967146201,-0.9274745739175644,-0.441134378206172
20.0,111.0,1001.214111328125,0.8244933528565185,0.1717593457825232,-2.378357160883819,-0.0231445454170835,0.5201670551719506,-0.5719345939551406,0.1201970601601191,-0.6215705967146201,-0.9274745739175644,-0.441134378206172
20.0,111.0,1001.214111328125,0.8244933528565185,0.1717593457825232,-2.378357160883819,-0.0231445454170835,0.5201670551719506,-0.5719345939551406,0.1201970601601191,-0.6215705967146201,-0.9274745739175644,-0.441134378206172
20.0,111.0,1001.2142333984376,0.8244933528565185,0.1717593457825232,-2.378357160883819,-0.0231400757108728,0.5201670551719506,-0.5719345939551406,0.1201970601601191,-0.6215705967146201,-0.9274745739175644,-0.4411343782009364
20.0,111.0,1001.2142333984376,0.8244933528961484,0.1717593457825232,-2.378357160883819,-0.0231400757108728,0.5201670551719506,-0.5719345939551406,0.1201970601601191,-0.6215705967146201,-0.9274745739175644,-0.4411343782009364
20.0,111.0,1001.2142333984376,0.8244933528565185,0.1717593457825232,-2.378357160883819,-0.0231400757108728,0.5201670551719506,-0.5719345939534408,0.1201970601601191,-0.6215705967146201,-0.9274745739175644,-0.4411343782013184
20.0,111.0,1001.2142333984376,0.8244933528961484,0.1717593457825232,-2.378357160883819,-0.0231407830505337,0.5201670551719506,-0.5719345939551406,0.1201970601601191,-0.6215705967146201,-0.9274745739175644,-0.4411343782009364
20.0,111.0,1001.2142333984376,0.8244933528583459,0.1717593457825232,-2.378357160883819,-0.0231400757108728,0.5201670551719506,-0.5719345939534408,0.1201970601601191,-0.6215705967146201,-0.9274745739175644,-0.4411343782012739
20.0,111.0,1001.2142333984376,0.8244933528961484,0.1717593457825232,-2.378357160883819,-0.0231400757108728,0.5201670551719506,-0.5719345939525043,0.1201970601601191,-0.6215705967146201,-0.9274745739175644,-0.4411343782009364
20.0,111.0,1001.2142333984376,0.8244933528564423,0.1717593457825232,-2.378357160883819,-0.0231407830505337,0.5201670551719506,-0.5719345939551406,0.1201970601601191,-0.6215705967146201,-0.9274745739175644,-0.4411343785487122
20.0,111.0,1001.2142333984376,0.8244933528961484,0.1717593457825232,-2.378357160883819,-0.0231400757108728,0.5201670551719506,-0.5719345939551406,0.1201970601601191,-0.6215705967146201,-0.9274745739175644,-0.4411343785053905
20.0,111.0,1001.2142333984376,0.8244933528956719,0.1717593457825232,-2.378357160883819,-0.0231404079119222,0.5201670551719506,-0.5719345940886388,0.1201970601601191,-0.6215705967146201,-0.9274745739175644,-0.4411343782062772
20.0,111.0,1001.2142333984376,0.8244933528961484,0.1717593457825232,-2.378357160883819,-0.0231400757108728,0.5201670551719506,-0.5719345939525043,0.1201970601601191,-0.6215705967146201,-0.9274745739175644,-0.4411343782064305
20.0,111.0,1001.2142333984376,0.8244933528961484,0.1717593457825232,-2.378357160883819,-0.0231400757108728,0.5201670551719506,-0.5719345939551406,0.1201970601601191,-0.6215705967146201,-0.9274745739175644,-0.4411343782009364
20.0,111.0,1001.2142944335938,0.8244933528566677,0.1717593457825232,-2.378357160883819,-0.0231398999760277,0.5201670551719506,-0.5719345939725566,0.1201970601601191,-0.6215705967146201,-0.9274745739175644,-0.4411343785314363
20.0,111.0,1001.21435546875,0.8244933528564985,0.1717593457825232,-2.378357160883819,-0.0231375049771125,0.5201670551719506,-0.5719345939726148,0.1201970601601191,-0.6215705967146201,-0.9274745739175644,-0.4411343785433265
20.0,111.0,1001.21435546875,0.8244933528564985,0.1717593457825232,-2.378357160883819,-0.0231375049771125,0.5201670551719506,-0.5719345939726148,0.1201970601601191,-0.6215705967146201,-0.9274745739175644,-0.4411343782388724
20.0,111.0,1001.2144775390624,0.8244933528565185,0.1717593457825232,-2.378357160883819,-0.0231347245185855,0.5201670551719506,-0.5719345939534408,0.1201970601601191,-0.6215705967146201,-0.9274745739175644,-0.4411343782013184
20.0,111.0,1001.2164916992188,0.8244933528956719,0.1717593457825232,-2.378357160883819,-0.023081876758702,0.5201670551719506,-0.5719345940886388,0.1201970601601191,-0.6215705967146201,-0.9274745739175644,-0.4411343782061857
20.0,111.0,1001.2164916992188,0.8244933528956719,0.1717593457825232,-2.378357160883819,-0.023081876758702,0.5201670551719506,-0.5719345940886388,0.1201970601601191,-0.6215705967146201,-0.9274745739175644,-0.4411343782061857
20.0,111.0,1001.2164916992188,0.8244933528956719,0.1717593457825232,-2.378357160883819,-0.023081876758702,0.5201670551719506,-0.5719345940886388,0.1201970601601191,-0.6215705967146201,-0.9274745739175644,-0.4411343782061857
20.0,111.0,1001.2164916992188,0.8244933528559161,0.1717593457825232,-2.378357160883819,-0.0230811841961429,0.5201670551719506,-0.5719345940721626,0.1201970601601191,-0.6215705967146201,-0.9274745739175644,-0.4411343782061857
20.0,111.0,1001.2164916992188,0.8244933528956719,0.1717593457825232,-2.378357160883819,-0.023081876758702,0.5201670551719506,-0.5719345940886388,0.1201970601601191,-0.6215705967146201,-0.9274745739175644,-0.4411343782061857
20.0,111.0,1001.2164916992188,0.8244933528559161,0.1717593457825232,-2.378357160883819,-0.0230811841961429,0.5201670551719506,-0.5719345948924273,0.1201970601601191,-0.6215705967146201,-0.9274745739175644,-0.4411343782061857
20.0,111.0,1001.2164916992188,0.8244933528964704,0.1717593457825232,-2.378357160883819,-0.0230819041647324,0.5201670551719506,-0.5719345948924273,0.1201970601601191,-0.6215705967146201,-0.9274745739175644,-0.4411343782061857
20.0,111.0,1001.2164916992188,0.8244933528961484,0.1717593457825232,-2.378357160883819,-0.0230812328911955,0.5201670551719506,-0.5719345939551406,0.1201970601601191,-0.6215705967146201,-0.9274745739175644,-0.4411343782009364
20.0,111.0,1001.2164916992188,0.8244933528956719,0.1717593457825232,-2.378357160883819,-0.023081876758702,0.5201670551719506,-0.5719345940886388,0.1201970601601191,-0.6215705967146201,-0.9274745739175644,-0.4411343782061857
20.0,111.0,1001.2164916992188,0.8244933528541473,0.1717593457825232,-2.378357160883819,-0.0230806678186359,0.5201670551719506,-0.5719345949600728,0.1201970601601191,-0.6215705967146201,-0.9274745739175644,-0.4411343785421295
20.0,111.0,1001.2166137695312,0.8244933528563504,0.1717593457825232,-2.378357160883819,-0.0230775217923047,0.5201670551719506,-0.5719345949593759,0.1201970601601191,-0.6215705967146201,-0.9274745739175644,-0.4411343782061857
20.0,111.0,1001.2166137695312,0.8244933528563504,0.1717593457825232,-2.378357160883819,-0.0230775217923047,0.5201670551719506,-0.5719345949593759,0.1201970601601191,-0.6215705967146201,-0.9274745739175644,-0.4411343782061857
20.0,111.0,1001.2166137695312,0.8244933528563504,0.1717593457825232,-2.378357160883819,-0.0230775217923047,0.5201670551719506,-0.5719345949593759,0.1201970601601191,-0.6215705967146201,-0.9274745739175644,-0.4411343782013809
20.0,111.0,1001.2166137695312,0.8244933528566807,0.1717593457825232,-2.378357160883819,-0.0230775217923047,0.5201670551719506,-0.5719345949593966,0.1201970601601191,-0.6215705967146201,-0.9274745739175644,-0.4411343782140738
20.0,111.0,1001.2166748046876,0.8244933528960399,0.1717593457825232,-2.378357160883819,-0.0230753166263486,0.5201670551719506,-0.5719345940739474,0.1201970601601191,-0.6215705967146201,-0.9274745739175644,-0.4411343782061857
20.0,111.0,1001.2166748046876,0.8244933528542221,0.1717593457825232,-2.378357160883819,-0.0230753166263486,0.5201670551719506,-0.5719345942284919,0.1201970601601191,-0.6215705967146201,-0.9274745739175644,-0.4411343782061857
20.0,111.0,1001.2166748046876,0.8244933528960399,0.1717593457825232,-2.378357160883819,-0.0230753166263486,0.5201670551719506,-0.5719345940739474,0.1201970601601191,-0.6215705967146201,-0.9274745739175644,-0.4411343782061857
20.0,111.0,1001.2166748046876,0.8244933528960399,0.1717593457825232,-2.378357160883819,-0.0230753166263486,0.5201670551719506,-0.5719345940739474,0.1201970601601191,-0.6215705967146201,-0.9274745739175644,-0.4411343782061857
20.0,111.0,1001.2166748046876,0.8244933528566677,0.1717593457825232,-2.378357160883819,-0.0230753166263486,0.5201670551719506,-0.5719345949600728,0.1201970601601191,-0.6215705967146201,-0.9274745739175644,-0.4411343785406134
20.0,111.0,1001.2166748046876,0.8244933528542221,0.1717593457825232,-2.378357160883819,-0.0230753166263486,0.5201670551719506,-0.5719345942284919,0.1201970601601191,-0.6215705967146201,-0.9274745739175644,-0.4411343782061857
20.0,111.0,1001.2166748046876,0.8244933528541473,0.1717593457825232,-2.378357160883819,-0.0230753166263486,0.5201670551719506,-0.5719345949600728,0.1201970601601191,-0.6215705967146201,-0.9274745739175644,-0.4411343785421295
20.0,111.0,1001.2166748046876,0.8244933528566677,0.1717593457825232,-2.378357160883819,-0.0230753166263486,0.5201670551719506,-0.5719345939723496,0.1201970601601191,-0.6215705967146201,-0.9274745739175644,-0.441134378546887
20.0,111.0,1001.2166748046876,0.8244933528542221,0.1717593457825232,-2.378357160883819,-0.0230753817210951,0.5201670551719506,-0.5719345942284919,0.1201970601601191,-0.6215705967146201,-0.9274745739175644,-0.4411343782061857
20.0,111.0,1001.2166748046876,0.8244933528567425,0.1717593457825232,-2.378357160883819,-0.0230753166263486,0.5201670551719506,-0.5719345942284919,0.1201970601601191,-0.6215705967146201,-0.9274745739175644,-0.4411343782046695
20.0,111.0,1001.2166748046876,0.8244933528960399,0.1717593457825232,-2.378357160883819,-0.0230753166263486,0.5201670551719506,-0.5719345940739474,0.1201970601601191,-0.6215705967146201,-0.9274745739175644,-0.4411343782061857
20.0,111.0,1001.2166748046876,0.8244933528960399,0.1717593457825232,-2.378357160883819,-0.0230753166263486,0.5201670551719506,-0.5719345942228883,0.1201970601601191,-0.6215705967146201,-0.9274745739175644,-0.4411343782061857
20.0,111.0,1001.2166748046876,0.8244933528542221,0.1717593457825232,-2.378357160883819,-0.0230753817210951,0.5201670551719506,-0.5719345942284919,0.1201970601601191,-0.6215705967146201,-0.9274745739175644,-0.4411343782061857
20.0,111.0,1001.2166748046876,0.8244933528566677,0.1717593457825232,-2.378357160883819,-0.0230753166263486,0.5201670551719506,-0.5719345939723496,0.1201970601601191,-0.6215705967146201,-0.9274745739175644,-0.441134378546887
20.0,111.0,1001.2166748046876,0.8244933528963596,0.1717593457825232,-2.378357160883819,-0.0230753166263486,0.5201670551719506,-0.5719345940739474,0.1201970601601191,-0.6215705967146201,-0.9274745739175644,-0.4411343782061857
20.0,111.0,1001.2166748046876,0.8244933528542221,0.1717593457825232,-2.378357160883819,-0.0230753817210951,0.5201670551719506,-0.5719345942369525,0.1201970601601191,-0.6215705967146201,-0.9274745739175644,-0.4411343783010377
20.0,111.0,1001.2166748046876,0.8244933528541473,0.1717593457825232,-2.378357160883819,-0.0230753166263486,0.5201670551719506,-0.5719345941398082,0.1201970601601191,-0.6215705967146201,-0.9274745739175644,-0.4411343785421295
20.0,111.0,1001.2166748046876,0.8244933528961321,0.1717593457825232,-2.378357160883819,-0.0230758064867858,0.5201670551719506,-0.571934593957039,0.1201970601601191,-0.6215705967146201,-0.9274745739175644,-0.4411343782061857
20.0,112.0,1001.2135009765624,0.8244933528961484,0.1717593457825232,-2.378357160883819,-0.0231398930080988,0.5201670551719506,-0.5719345939553897,0.1201970601601191,-0.6215705967146201,-0.9274745739175644,-0.4408875464117291
20.0,112.0,1001.2140502929688,0.8244933528565955,0.1717593457825232,-2.378357160883819,-0.0231452645298319,0.5201670551719506,-0.5719345940877746,0.1201970601601191,-0.6215705967146201,-0.9274745739175644,-0.441134378206172
20.0,112.0,1001.214111328125,0.8244933528565185,0.1717593457825232,-2.378357160883819,-0.0231445454170835,0.5201670551719506,-0.5719345939551406,0.1201970601601191,-0.6215705967146201,-0.9274745739175644,-0.441134378206172
20.0,112.0,1001.214111328125,0.8244933528565185,0.1717593457825232,-2.378357160883819,-0.0231445454170835,0.5201670551719506,-0.5719345939551406,0.1201970601601191,-0.6215705967146201,-0.9274745739175644,-0.441134378206172
20.0,112.0,1001.214111328125,0.8244933528565185,0.1717593457825232,-2.378357160883819,-0.0231445454170835,0.5201670551719506,-0.5719345939551406,0.1201970601601191,-0.6215705967146201,-0.9274745739175644,-0.441134378206172
20.0,112.0,1001.214111328125,0.8244933528565185,0.1717593457825232,-2.378357160883819,-0.0231445454170835,0.5201670551719506,-0.5719345939559303,0.1201970601601191,-0.6215705967146201,-0.9274745739175644,-0.4411343782061845
20.0,112.0,1001.2142333984376,0.8244933528565185,0.1717593457825232,-2.378357160883819,-0.0231400757108728,0.5201670551719506,-0.5719345939551406,0.1201970601601191,-0.6215705967146201,-0.9274745739175644,-0.4411343782009364
20.0,112.0,1001.2142333984376,0.8244933528961484,0.1717593457825232,-2.378357160883819,-0.0231400757108728,0.5201670551719506,-0.5719345939551406,0.1201970601601191,-0.6215705967146201,-0.9274745739175644,-0.4411343782009364
20.0,112.0,1001.2142333984376,0.8244933528565185,0.1717593457825232,-2.378357160883819,-0.0231400757108728,0.5201670551719506,-0.5719345939534408,0.1201970601601191,-0.6215705967146201,-0.9274745739175644,-0.4411343782013184
20.0,112.0,1001.2142333984376,0.8244933528961484,0.1717593457825232,-2.378357160883819,-0.0231407830505337,0.5201670551719506,-0.5719345939551406,0.1201970601601191,-0.6215705967146201,-0.9274745739175644,-0.4411343782009364
20.0,112.0,1001.2142333984376,0.8244933528583459,0.1717593457825232,-2.378357160883819,-0.0231400757108728,0.5201670551719506,-0.5719345939534408,0.1201970601601191,-0.6215705967146201,-0.9274745739175644,-0.4411343782012739
20.0,112.0,1001.2142333984376,0.8244933528961484,0.1717593457825232,-2.378357160883819,-0.0231400757108728,0.5201670551719506,-0.5719345939525043,0.1201970601601191,-0.6215705967146201,-0.9274745739175644,-0.4411343782009364
20.0,112.0,1001.2142333984376,0.8244933528564423,0.1717593457825232,-2.378357160883819,-0.0231407830505337,0.5201670551719506,-0.5719345939551406,0.1201970601601191,-0.6215705967146201,-0.9274745739175644,-0.4411343785487122
20.0,112.0,1001.2142333984376,0.8244933528961484,0.1717593457825232,-2.378357160883819,-0.0231400757108728,0.5201670551719506,-0.5719345939551406,0.1201970601601191,-0.6215705967146201,-0.9274745739175644,-0.4411343785053905
20.0,112.0,1001.2142333984376,0.8244933528956719,0.1717593457825232,-2.378357160883819,-0.0231404079119222,0.5201670551719506,-0.5719345940886388,0.1201970601601191,-0.6215705967146201,-0.9274745739175644,-0.4411343782062772
20.0,112.0,1001.2142333984376,0.8244933528961484,0.1717593457825232,-2.378357160883819,-0.0231400757108728,0.5201670551719506,-0.5719345939525043,0.1201970601601191,-0.6215705967146201,-0.9274745739175644,-0.4411343782064305
20.0,112.0,1001.2142333984376,0.8244933528961484,0.1717593457825232,-2.378357160883819,-0.0231400757108728,0.5201670551719506,-0.5719345939551406,0.1201970601601191,-0.6215705967146201,-0.9274745739175644,-0.4411343782009364
20.0,112.0,1001.2142333984376,0.824493352895658,0.1717593457825232,-2.378357160883819,-0.0231404088963614,0.5201670551719506,-0.5719345940886388,0.1201970601601191,-0.6215705967146201,-0.9274745739175644,-0.4411343785201397
20.0,112.0,1001.2142333984376,0.8244933528564985,0.1717593457825232,-2.378357160883819,-0.0231401258749746,0.5201670551719506,-0.5719345939717952,0.1201970601601191,-0.6215705967146201,-0.9274745739175644,-0.4411343785433265
20.0,112.0,1001.2142333984376,0.8244933528961484,0.1717593457825232,-2.378357160883819,-0.0231400757108728,0.5201670551719506,-0.5719345939552397,0.1201970601601191,-0.6215705967146201,-0.9274745739175644,-0.4411343782064305
20.0,112.0,1001.2142333984376,0.824493352856457,0.1717593457825232,-2.378357160883819,-0.0231400757108728,0.5201670551719506,-0.5719345939534408,0.1201970601601191,-0.6215705967146201,-0.9274745739175644,-0.4411343782013184
20.0,112.0,1001.2142333984376,0.8244933528564582,0.1717593457825232,-2.378357160883819,-0.0231408256845803,0.5201670551719506,-0.5719345939550219,0.1201970601601191,-0.6215705967146201,-0.9274745739175644,-0.4411343785487122
20.0,112.0,1001.2142333984376,0.8244933528961624,0.1717593457825232,-2.378357160883819,-0.0231400747264336,0.5201670551719506,-0.5719345939551406,0.1201970601601191,-0.6215705967146201,-0.9274745739175644,-0.441134378191528
20.0,112.0,1001.2142333984376,0.8244933528565185,0.1717593457825232,-2.378357160883819,-0.0231400757108728,0.5201670551719506,-0.5719345939524053,0.1201970601601191,-0.6215705967146201,-0.9274745739175644,-0.4411343782009364
20.0,112.0,1001.2142333984376,0.82449335285833,0.1717593457825232,-2.378357160883819,-0.0231400330768263,0.5201670551719506,-0.5719345939535595,0.1201970601601191,-0.6215705967146201,-0.9274745739175644,-0.4411343782012739
20.0,112.0,1001.2142333984376,0.8244933528961484,0.1717593457825232,-2.378357160883819,-0.0231400757108728,0.5201670551719506,-0.5719345939525231,0.1201970601601191,-0.6215705967146201,-0.9274745739175644,-0.4411343782008237
20.0,112.0,1001.2142333984376,0.8244933528968372,0.1717593457825232,-2.378357160883819,-0.0231400757108728,0.5201670551719506,-0.5719345939524068,0.1201970601601191,-0.6215705967146201,-0.9274745739175644,-0.4411343782009364
20.0,112.0,1001.2142944335938,0.8244933528566677,0.1717593457825232,-2.378357160883819,-0.0231398999760277,0.5201670551719506,-0.5719345939725566,0.1201970601601191,-0.6215705967146201,-0.9274745739175644,-0.4411343785314363
20.0,112.0,1001.2142944335938,0.8244933528961484,0.1717593457825232,-2.378357160883819,-0.0231399252488413,0.5201670551719506,-0.571934593952398,0.1201970601601191,-0.6215705967146201,-0.9274745739175644,-0.4411343782062613
20.0,112.0,1001.21435546875,0.8244933528564985,0.1717593457825232,-2.378357160883819,-0.0231375049771125,0.5201670551719506,-0.5719345939726148,0.1201970601601191,-0.6215705967146201,-0.9274745739175644,-0.4411343785433265
20.0,112.0,1001.21435546875,0.8244933528564985,0.1717593457825232,-2.378357160883819,-0.0231375049771125,0.5201670551719506,-0.5719345939726148,0.1201970601601191,-0.6215705967146201,-0.9274745739175644,-0.4411343782388724
20.0,112.0,1001.21435546875,0.8244933528564985,0.1717593457825232,-2.378357160883819,-0.0231375049771125,0.5201670551719506,-0.5719345939726148,0.1201970601601191,-0.6215705967146201,-0.9274745739175644,-0.4411343782388724
20.0,112.0,1001.2144775390624,0.8244933528565185,0.1717593457825232,-2.378357160883819,-0.0231347245185855,0.5201670551719506,-0.5719345939534408,0.1201970601601191,-0.6215705967146201,-0.9274745739175644,-0.4411343782013184
20.0,112.0,1001.2144775390624,0.8244933528565185,0.1717593457825232,-2.378357160883819,-0.0231347245185855,0.5201670551719506,-0.5719345939534408,0.1201970601601191,-0.6215705967146201,-0.9274745739175644,-0.4411343782013184
20.0,112.0,1001.2164916992188,0.8244933528956719,0.1717593457825232,-2.378357160883819,-0.023081876758702,0.5201670551719506,-0.5719345940886388,0.1201970601601191,-0.6215705967146201,-0.9274745739175644,-0.4411343782061857
20.0,112.0,1001.2164916992188,0.8244933528956719,0.1717593457825232,-2.378357160883819,-0.023081876758702,0.5201670551719506,-0.5719345940886388,0.1201970601601191,-0.6215705967146201,-0.9274745739175644,-0.4411343782061857
20.0,112.0,1001.2164916992188,0.8244933528956719,0.1717593457825232,-2.378357160883819,-0.023081876758702,0.5201670551719506,-0.5719345940886388,0.1201970601601191,-0.6215705967146201,-0.9274745739175644,-0.4411343782061857
20.0,112.0,1001.2164916992188,0.8244933528559161,0.1717593457825232,-2.378357160883819,-0.0230811841961429,0.5201670551719506,-0.5719345940721626,0.1201970601601191,-0.6215705967146201,-0.9274745739175644,-0.4411343782061857
20.0,112.0,1001.2164916992188,0.8244933528956719,0.1717593457825232,-2.378357160883819,-0.023081876758702,0.5201670551719506,-0.5719345940886388,0.1201970601601191,-0.6215705967146201,-0.9274745739175644,-0.4411343782061857
20.0,112.0,1001.2164916992188,0.8244933528559161,0.1717593457825232,-2.378357160883819,-0.0230811841961429,0.5201670551719506,-0.5719345948924273,0.1201970601601191,-0.6215705967146201,-0.9274745739175644,-0.4411343782061857
20.0,112.0,1001.2164916992188,0.8244933528964704,0.1717593457825232,-2.378357160883819,-0.0230819041647324,0.5201670551719506,-0.5719345948924273,0.1201970601601191,-0.6215705967146201,-0.9274745739175644,-0.4411343782061857
20.0,112.0,1001.2164916992188,0.8244933528961484,0.1717593457825232,-2.378357160883819,-0.0230812328911955,0.5201670551719506,-0.5719345939551406,0.1201970601601191,-0.6215705967146201,-0.9274745739175644,-0.4411343782009364
20.0,112.0,1001.2164916992188,0.8244933528956719,0.1717593457825232,-2.378357160883819,-0.023081876758702,0.5201670551719506,-0.5719345940886388,0.1201970601601191,-0.6215705967146201,-0.9274745739175644,-0.4411343782061857
20.0,112.0,1001.2164916992188,0.8244933528541473,0.1717593457825232,-2.378357160883819,-0.0230806678186359,0.5201670551719506,-0.5719345949600728,0.1201970601601191,-0.6215705967146201,-0.9274745739175644,-0.4411343785421295
20.0,112.0,1001.2164916992188,0.8244933528956719,0.1717593457825232,-2.378357160883819,-0.023081876758702,0.5201670551719506,-0.5719345940886388,0.1201970601601191,-0.6215705967146201,-0.9274745739175644,-0.4411343782061857
20.0,112.0,1001.2164916992188,0.8244933528541205,0.1717593457825232,-2.378357160883819,-0.0230806678186359,0.5201670551719506,-0.5719345949589439,0.1201970601601191,-0.6215705967146201,-0.9274745739175644,-0.4411343785527404
20.0,112.0,1001.2164916992188,0.8244933528559161,0.1717593457825232,-2.378357160883819,-0.0230811841961429,0.5201670551719506,-0.5719345939539535,0.1201970601601191,-0.6215705967146201,-0.9274745739175644,-0.4411343782009204
20.0,112.0,1001.2164916992188,0.8244933528956719,0.1717593457825232,-2.378357160883819,-0.023081876758702,0.5201670551719506,-0.5719345942373276,0.1201970601601191,-0.6215705967146201,-0.9274745739175644,-0.4411343782061857
20.0,112.0,1001.2164916992188,0.8244933528955948,0.1717593457825232,-2.378357160883819,-0.0230811576459536,0.5201670551719506,-0.5719345939560047,0.1201970601601191,-0.6215705967146201,-0.9274745739175644,-0.4411343782061857
20.0,112.0,1001.2164916992188,0.8244933528559428,0.1717593457825232,-2.378357160883819,-0.0230811841961429,0.5201670551719506,-0.571934594893556,0.1201970601601191,-0.6215705967146201,-0.9274745739175644,-0.4411343781955747
20.0,113.0,1001.2135009765624,0.8244933528961484,0.1717593457825232,-2.378357160883819,-0.0231398930080988,0.5201670551719506,-0.5719345939553897,0.1201970601601191,-0.6215705967146201,-0.9274745739175644,-0.4408875464117291
20.0,113.0,1001.2135620117188,0.8244933528958243,0.1717593457825232,-2.378357160883819,-0.0231398592303296,0.5201670551719506,-0.5719345939553897,0.1201970601601191,-0.6215705967146201,-0.9274745739175644,-0.4408827291850855
20.0,113.0,1001.2140502929688,0.8244933528565955,0.1717593457825232,-2.378357160883819,-0.0231452645298319,0.5201670551719506,-0.5719345940877746,0.1201970601601191,-0.6215705967146201,-0.9274745739175644,-0.441134378206172
20.0,113.0,1001.2140502929688,0.8244933528565185,0.1717593457825232,-2.378357160883819,-0.0231452187582484,0.5201670551719506,-0.5719345939534408,0.1201970601601191,-0.6215705967146201,-0.9274745739175644,-0.4411343782013184
20.0,113.0,1001.2140502929688,0.8244933528565185,0.1717593457825232,-2.378357160883819,-0.0231457731258456,0.5201670551719506,-0.5719345939551406,0.1201970601601191,-0.6215705967146201,-0.9274745739175644,-0.4411343782009364
20.0,113.0,1001.214111328125,0.8244933528565185,0.1717593457825232,-2.378357160883819,-0.0231445454170835,0.5201670551719506,-0.5719345939551406,0.1201970601601191,-0.6215705967146201,-0.9274745739175644,-0.441134378206172
20.0,113.0,1001.214111328125,0.8244933528565185,0.1717593457825232,-2.378357160883819,-0.0231445454170835,0.5201670551719506,-0.5719345939551406,0.1201970601601191,-0.6215705967146201,-0.9274745739175644,-0.441134378206172
20.0,113.0,1001.214111328125,0.8244933528565185,0.1717593457825232,-2.378357160883819,-0.0231445454170835,0.5201670551719506,-0.5719345939551406,0.1201970601601191,-0.6215705967146201,-0.9274745739175644,-0.441134378206172
20.0,113.0,1001.214111328125,0.8244933528565185,0.1717593457825232,-2.378357160883819,-0.0231445454170835,0.5201670551719506,-0.5719345939559303,0.1201970601601191,-0.6215705967146201,-0.9274745739175644,-0.4411343782061845
20.0,113.0,1001.214111328125,0.8244933528565191,0.1717593457825232,-2.378357160883819,-0.02314479542877,0.5201670551719506,-0.5719345939535493,0.1201970601601191,-0.6215705967146201,-0.9274745739175644,-0.441134378206172
20.0,113.0,1001.214111328125,0.8244933528565955,0.1717593457825232,-2.378357160883819,-0.0231455552662197,0.5201670551719506,-0.5719345940877746,0.1201970601601191,-0.6215705967146201,-0.9274745739175644,-0.4411343782060111
20.0,113.0,1001.214111328125,0.8244933528565185,0.1717593457825232,-2.378357160883819,-0.0231445454170835,0.5201670551719506,-0.5719345939551406,0.1201970601601191,-0.6215705967146201,-0.9274745739175644,-0.441134378206172
20.0,113.0,1001.214111328125,0.8244933528565185,0.1717593457825232,-2.378357160883819,-0.0231445454170835,0.5201670551719506,-0.5719345939559303,0.1201970601601191,-0.6215705967146201,-0.9274745739175644,-0.4411343782061799
20.0,113.0,1001.214111328125,0.8244933528565185,0.1717593457825232,-2.378357160883819,-0.0231445813126983,0.5201670551719506,-0.5719345939551406,0.1201970601601191,-0.6215705967146201,-0.9274745739175644,-0.441134378206172
20.0,113.0,1001.2142333984376,0.8244933528565185,0.1717593457825232,-2.378357160883819,-0.0231400757108728,0.5201670551719506,-0.5719345939551406,0.1201970601601191,-0.6215705967146201,-0.9274745739175644,-0.4411343782009364
20.0,113.0,1001.2142333984376,0.8244933528961484,0.1717593457825232,-2.378357160883819,-0.0231400757108728,0.5201670551719506,-0.5719345939551406,0.1201970601601191,-0.6215705967146201,-0.9274745739175644,-0.4411343782009364
20.0,113.0,1001.2142333984376,0.8244933528565185,0.1717593457825232,-2.378357160883819,-0.0231400757108728,0.5201670551719506,-0.5719345939534408,0.1201970601601191,-0.6215705967146201,-0.9274745739175644,-0.4411343782013184
20.0,113.0,1001.2142333984376,0.8244933528961484,0.1717593457825232,-2.378357160883819,-0.0231407830505337,0.5201670551719506,-0.5719345939551406,0.1201970601601191,-0.6215705967146201,-0.9274745739175644,-0.4411343782009364
20.0,113.0,1001.2142333984376,0.8244933528583459,0.1717593457825232,-2.378357160883819,-0.0231400757108728,0.5201670551719506,-0.5719345939534408,0.1201970601601191,-0.6215705967146201,-0.9274745739175644,-0.4411343782012739
20.0,113.0,1001.2142333984376,0.8244933528961484,0.1717593457825232,-2.378357160883819,-0.0231400757108728,0.5201670551719506,-0.5719345939525043,0.1201970601601191,-0.6215705967146201,-0.9274745739175644,-0.4411343782009364
20.0,113.0,1001.2142333984376,0.8244933528564423,0.1717593457825232,-2.378357160883819,-0.0231407830505337,0.5201670551719506,-0.5719345939551406,0.1201970601601191,-0.6215705967146201,-0.9274745739175644,-0.4411343785487122
20.0,113.0,1001.2142333984376,0.8244933528961484,0.1717593457825232,-2.378357160883819,-0.0231400757108728,0.5201670551719506,-0.5719345939551406,0.1201970601601191,-0.6215705967146201,-0.9274745739175644,-0.4411343785053905
20.0,113.0,1001.2142333984376,0.8244933528956719,0.1717593457825232,-2.378357160883819,-0.0231404079119222,0.5201670551719506,-0.5719345940886388,0.1201970601601191,-0.6215705967146201,-0.9274745739175644,-0.4411343782062772
20.0,113.0,1001.2142333984376,0.8244933528961484,0.1717593457825232,-2.378357160883819,-0.0231400757108728,0.5201670551719506,-0.5719345939525043,0.1201970601601191,-0.6215705967146201,-0.9274745739175644,-0.4411343782064305
20.0,113.0,1001.2142333984376,0.8244933528961484,0.1717593457825232,-2.378357160883819,-0.0231400757108728,0.5201670551719506,-0.5719345939551406,0.1201970601601191,-0.6215705967146201,-0.9274745739175644,-0.4411343782009364
20.0,113.0,1001.2142333984376,0.824493352895658,0.1717593457825232,-2.378357160883819,-0.0231404088963614,0.5201670551719506,-0.5719345940886388,0.1201970601601191,-0.6215705967146201,-0.9274745739175644,-0.4411343785201397
20.0,113.0,1001.2142333984376,0.8244933528564985,0.1717593457825232,-2.378357160883819,-0.0231401258749746,0.5201670551719506,-0.5719345939717952,0.1201970601601191,-0.6215705967146201,-0.9274745739175644,-0.4411343785433265
20.0,113.0,1001.2142333984376,0.8244933528961484,0.1717593457825232,-2.378357160883819,-0.0231400757108728,0.5201670551719506,-0.5719345939552397,0.1201970601601191,-0.6215705967146201,-0.9274745739175644,-0.4411343782064305
20.0,113.0,1001.2142333984376,0.824493352856457,0.1717593457825232,-2.378357160883819,-0.0231400757108728,0.5201670551719506,-0.5719345939534408,0.1201970601601191,-0.6215705967146201,-0.9274745739175644,-0.4411343782013184
20.0,113.0,1001.2142333984376,0.8244933528564582,0.1717593457825232,-2.378357160883819,-0.0231408256845803,0.5201670551719506,-0.5719345939550219,0.1201970601601191,-0.6215705967146201,-0.9274745739175644,-0.4411343785487122
20.0,113.0,1001.2142333984376,0.8244933528961624,0.1717593457825232,-2.378357160883819,-0.0231400747264336,0.5201670551719506,-0.5719345939551406,0.1201970601601191,-0.6215705967146201,-0.9274745739175644,-0.441134378191528
20.0,113.0,1001.2142333984376,0.8244933528565185,0.1717593457825232,-2.378357160883819,-0.0231400757108728,0.5201670551719506,-0.5719345939524053,0.1201970601601191,-0.6215705967146201,-0.9274745739175644,-0.4411343782009364
20.0,113.0,1001.2142333984376,0.82449335285833,0.1717593457825232,-2.378357160883819,-0.0231400330768263,0.5201670551719506,-0.5719345939535595,0.1201970601601191,-0.6215705967146201,-0.9274745739175644,-0.4411343782012739
20.0,113.0,1001.2142333984376,0.8244933528961484,0.1717593457825232,-2.378357160883819,-0.0231400757108728,0.5201670551719506,-0.5719345939525231,0.1201970601601191,-0.6215705967146201,-0.9274745739175644,-0.4411343782008237
20.0,113.0,1001.2142333984376,0.8244933528968372,0.1717593457825232,-2.378357160883819,-0.0231400757108728,0.5201670551719506,-0.5719345939524068,0.1201970601601191,-0.6215705967146201,-0.9274745739175644,-0.4411343782009364
20.0,113.0,1001.2142333984376,0.8244933528564985,0.1717593457825232,-2.378357160883819,-0.0231403727294065,0.5201670551719506,-0.5719345939726148,0.1201970601601191,-0.6215705967146201,-0.9274745739175644,-0.4411343782388724
20.0,113.0,1001.2142333984376,0.8244933528961484,0.1717593457825232,-2.378357160883819,-0.0231400757108728,0.5201670551719506,-0.5719345939551406,0.1201970601601191,-0.6215705967146201,-0.9274745739175644,-0.4411343782009364
20.0,113.0,1001.2142333984376,0.8244933528956655,0.1717593457825232,-2.378357160883819,-0.0231400757108728,0.5201670551719506,-0.5719345939525043,0.1201970601601191,-0.6215705967146201,-0.9274745739175644,-0.4411343782064305
20.0,113.0,1001.2142333984376,0.8244933528961484,0.1717593457825232,-2.378357160883819,-0.0231400757108728,0.5201670551719506,-0.5719345939533982,0.1201970601601191,-0.6215705967146201,-0.9274745739175644,-0.4411343782009364
20.0,113.0,1001.2142333984376,0.8244933528567824,0.1717593457825232,-2.378357160883819,-0.0231408594623494,0.5201670551719506,-0.5719345939550219,0.1201970601601191,-0.6215705967146201,-0.9274745739175644,-0.4411391957753557
20.0,113.0,1001.2142333984376,0.8244933528565185,0.1717593457825232,-2.378357160883819,-0.0231411021711839,0.5201670551719506,-0.5719345940893461,0.1201970601601191,-0.6215705967146201,-0.9274745739175644,-0.4411343782009364
20.0,113.0,1001.2142333984376,0.8244933528961409,0.1717593457825232,-2.378357160883819,-0.0231404088963614,0.5201670551719506,-0.5719345940886388,0.1201970601601191,-0.6215705967146201,-0.9274745739175644,-0.4411343785201397
20.0,113.0,1001.2142333984376,0.8244933528564978,0.1717593457825232,-2.378357160883819,-0.0231398758632881,0.5201670551719506,-0.5719345939733865,0.1201970601601191,-0.6215705967146201,-0.9274745739175644,-0.4411343785433265
20.0,113.0,1001.2142333984376,0.8244933528961484,0.1717593457825232,-2.378357160883819,-0.023140027504108,0.5201670551719506,-0.5719345939523797,0.1201970601601191,-0.6215705967146201,-0.9274745739175644,-0.4411343782062613
20.0,113.0,1001.2142333984376,0.8244933528929023,0.1717593457825232,-2.378357160883819,-0.0231401218394848,0.5201670551719506,-0.5719345939525043,0.1201970601601191,-0.6215705967146201,-0.9274745739175644,-0.4411343781993596
20.0,113.0,1001.2142333984376,0.824493352856457,0.1717593457825232,-2.378357160883819,-0.0231400757108728,0.5201670551719506,-0.5719345939525228,0.1201970601601191,-0.6215705967146201,-0.9274745739175644,-0.4411343782013184
20.0,113.0,1001.2142944335938,0.8244933528566677,0.1717593457825232,-2.378357160883819,-0.0231398999760277,0.5201670551719506,-0.5719345939725566,0.1201970601601191,-0.6215705967146201,-0.9274745739175644,-0.4411343785314363
20.0,113.0,1001.2142944335938,0.8244933528961484,0.1717593457825232,-2.378357160883819,-0.0231399252488413,0.5201670551719506,-0.571934593952398,0.1201970601601191,-0.6215705967146201,-0.9274745739175644,-0.4411343782062613
20.0,113.0,1001.2142944335938,0.8244933528565955,0.1717593457825232,-2.378357160883819,-0.0231395671148591,0.5201670551719506,-0.5719345940877746,0.1201970601601191,-0.6215705967146201,-0.9274745739175644,-0.441134378206172
20.0,113.0,1001.21435546875,0.8244933528564985,0.1717593457825232,-2.378357160883819,-0.0231375049771125,0.5201670551719506,-0.5719345939726148,0.1201970601601191,-0.6215705967146201,-0.9274745739175644,-0.4411343785433265
20.0,114.0,1001.2135009765624,0.8244933528961484,0.1717593457825232,-2.378357160883819,-0.0231398930080988,0.5201670551719506,-0.5719345939553897,0.1201970601601191,-0.6215705967146201,-0.9274745739175644,-0.4408875464117291
20.0,114.0,1001.2135009765624,0.8244933528961484,0.1717593457825232,-2.378357160883819,-0.0231398954328281,0.5201670551719506,-0.5719345939553897,0.1201970601601191,-0.6215705967146201,-0.9274745739175644,-0.4408921807612237
20.0,114.0,1001.2135620117188,0.8244933528958243,0.1717593457825232,-2.378357160883819,-0.0231398592303296,0.5201670551719506,-0.5719345939553897,0.1201970601601191,-0.6215705967146201,-0.9274745739175644,-0.4408827291850855
20.0,114.0,1001.2140502929688,0.8244933528565955,0.1717593457825232,-2.378357160883819,-0.0231452645298319,0.5201670551719506,-0.5719345940877746,0.1201970601601191,-0.6215705967146201,-0.9274745739175644,-0.441134378206172
20.0,114.0,1001.2140502929688,0.8244933528565185,0.1717593457825232,-2.378357160883819,-0.0231452187582484,0.5201670551719506,-0.5719345939534408,0.1201970601601191,-0.6215705967146201,-0.9274745739175644,-0.4411343782013184
20.0,114.0,1001.2140502929688,0.8244933528565185,0.1717593457825232,-2.378357160883819,-0.0231457731258456,0.5201670551719506,-0.5719345939551406,0.1201970601601191,-0.6215705967146201,-0.9274745739175644,-0.4411343782009364
20.0,114.0,1001.2140502929688,0.8244933528564414,0.1717593457825232,-2.378357160883819,-0.0231452187582484,0.5201670551719506,-0.5719345939552795,0.1201970601601191,-0.6215705967146201,-0.9274745739175644,-0.441134378548269
20.0,114.0,1001.2140502929688,0.8244933528565186,0.1717593457825232,-2.378357160883819,-0.0231452645298319,0.5201670551719506,-0.5719345940877746,0.1201970601601191,-0.6215705967146201,-0.9274745739175644,-0.441134378206172
20.0,114.0,1001.2140502929688,0.82449335289395,0.1717593457825232,-2.378357160883819,-0.0231455919950247,0.5201670551719506,-0.5719345939554745,0.1201970601601191,-0.6215705967146201,-0.9274745739175644,-0.4411343782008174
20.0,114.0,1001.214111328125,0.8244933528565185,0.1717593457825232,-2.378357160883819,-0.0231445454170835,0.5201670551719506,-0.5719345939551406,0.1201970601601191,-0.6215705967146201,-0.9274745739175644,-0.441134378206172
20.0,114.0,1001.214111328125,0.8244933528565185,0.1717593457825232,-2.378357160883819,-0.0231445454170835,0.5201670551719506,-0.5719345939551406,0.1201970601601191,-0.6215705967146201,-0.9274745739175644,-0.441134378206172
20.0,114.0,1001.214111328125,0.8244933528565185,0.1717593457825232,-2.378357160883819,-0.0231445454170835,0.5201670551719506,-0.5719345939551406,0.1201970601601191,-0.6215705967146201,-0.9274745739175644,-0.441134378206172
20.0,114.0,1001.214111328125,0.8244933528565185,0.1717593457825232,-2.378357160883819,-0.0231445454170835,0.5201670551719506,-0.5719345939559303,0.1201970601601191,-0.6215705967146201,-0.9274745739175644,-0.4411343782061845
20.0,114.0,1001.214111328125,0.8244933528565191,0.1717593457825232,-2.378357160883819,-0.02314479542877,0.5201670551719506,-0.5719345939535493,0.1201970601601191,-0.6215705967146201,-0.9274745739175644,-0.441134378206172
20.0,114.0,1001.214111328125,0.8244933528565955,0.1717593457825232,-2.378357160883819,-0.0231455552662197,0.5201670551719506,-0.5719345940877746,0.1201970601601191,-0.6215705967146201,-0.9274745739175644,-0.4411343782060111
20.0,114.0,1001.214111328125,0.8244933528565185,0.1717593457825232,-2.378357160883819,-0.0231445454170835,0.5201670551719506,-0.5719345939551406,0.1201970601601191,-0.6215705967146201,-0.9274745739175644,-0.441134378206172
20.0,114.0,1001.214111328125,0.8244933528565185,0.1717593457825232,-2.378357160883819,-0.0231445454170835,0.5201670551719506,-0.5719345939559303,0.1201970601601191,-0.6215705967146201,-0.9274745739175644,-0.4411343782061799
20.0,114.0,1001.214111328125,0.8244933528565185,0.1717593457825232,-2.378357160883819,-0.0231445813126983,0.5201670551719506,-0.5719345939551406,0.1201970601601191,-0.6215705967146201,-0.9274745739175644,-0.441134378206172
20.0,114.0,1001.214111328125,0.8244933528961484,0.1717593457825232,-2.378357160883819,-0.0231446479591397,0.5201670551719506,-0.5719345939551406,0.1201970601601191,-0.6215705967146201,-0.9274745739175644,-0.4411343782009364
20.0,114.0,1001.214111328125,0.8244933528565185,0.1717593457825232,-2.378357160883819,-0.0231447130298864,0.5201670551719506,-0.5719345939551406,0.1201970601601191,-0.6215705967146201,-0.9274745739175644,-0.441134378206172
20.0,114.0,1001.214111328125,0.8244933528565185,0.1717593457825232,-2.378357160883819,-0.023144581432279,0.5201670551719506,-0.5719345939551406,0.1201970601601191,-0.6215705967146201,-0.9274745739175644,-0.441134378206172
20.0,114.0,1001.214111328125,0.8244933528565185,0.1717593457825232,-2.378357160883819,-0.0231445454170835,0.5201670551719506,-0.5719345939554048,0.1201970601601191,-0.6215705967146201,-0.9274745739175644,-0.4411343782061845
20.0,114.0,1001.214111328125,0.8244933528565185,0.1717593457825232,-2.378357160883819,-0.0231445452975028,0.5201670551719506,-0.5719345939551406,0.1201970601601191,-0.6215705967146201,-0.9274745739175644,-0.441134378206172
20.0,114.0,1001.2142333984376,0.8244933528565185,0.1717593457825232,-2.378357160883819,-0.0231400757108728,0.5201670551719506,-0.5719345939551406,0.1201970601601191,-0.6215705967146201,-0.9274745739175644,-0.4411343782009364
20.0,114.0,1001.2142333984376,0.8244933528961484,0.1717593457825232,-2.378357160883819,-0.0231400757108728,0.5201670551719506,-0.5719345939551406,0.1201970601601191,-0.6215705967146201,-0.9274745739175644,-0.4411343782009364
20.0,114.0,1001.2142333984376,0.8244933528565185,0.1717593457825232,-2.378357160883819,-0.0231400757108728,0.5201670551719506,-0.5719345939534408,0.1201970601601191,-0.6215705967146201,-0.9274745739175644,-0.4411343782013184
20.0,114.0,1001.2142333984376,0.8244933528961484,0.1717593457825232,-2.378357160883819,-0.0231407830505337,0.5201670551719506,-0.5719345939551406,0.1201970601601191,-0.6215705967146201,-0.9274745739175644,-0.4411343782009364
20.0,114.0,1001.2142333984376,0.8244933528583459,0.1717593457825232,-2.378357160883819,-0.0231400757108728,0.5201670551719506,-0.5719345939534408,0.1201970601601191,-0.6215705967146201,-0.9274745739175644,-0.4411343782012739
20.0,114.0,1001.2142333984376,0.8244933528961484,0.1717593457825232,-2.378357160883819,-0.0231400757108728,0.5201670551719506,-0.5719345939525043,0.1201970601601191,-0.6215705967146201,-0.9274745739175644,-0.4411343782009364
20.0,114.0,1001.2142333984376,0.8244933528564423,0.1717593457825232,-2.378357160883819,-0.0231407830505337,0.5201670551719506,-0.5719345939551406,0.1201970601601191,-0.6215705967146201,-0.9274745739175644,-0.4411343785487122
20.0,114.0,1001.2142333984376,0.8244933528961484,0.1717593457825232,-2.378357160883819,-0.0231400757108728,0.5201670551719506,-0.5719345939551406,0.1201970601601191,-0.6215705967146201,-0.9274745739175644,-0.4411343785053905
20.0,114.0,1001.2142333984376,0.8244933528956719,0.1717593457825232,-2.378357160883819,-0.0231404079119222,0.5201670551719506,-0.5719345940886388,0.1201970601601191,-0.6215705967146201,-0.9274745739175644,-0.4411343782062772
20.0,114.0,1001.2142333984376,0.8244933528961484,0.1717593457825232,-2.378357160883819,-0.0231400757108728,0.5201670551719506,-0.5719345939525043,0.1201970601601191,-0.6215705967146201,-0.9274745739175644,-0.4411343782064305
20.0,114.0,1001.2142333984376,0.8244933528961484,0.1717593457825232,-2.378357160883819,-0.0231400757108728,0.5201670551719506,-0.5719345939551406,0.1201970601601191,-0.6215705967146201,-0.9274745739175644,-0.4411343782009364
20.0,114.0,1001.2142333984376,0.824493352895658,0.1717593457825232,-2.378357160883819,-0.0231404088963614,0.5201670551719506,-0.5719345940886388,0.1201970601601191,-0.6215705967146201,-0.9274745739175644,-0.4411343785201397
20.0,114.0,1001.2142333984376,0.8244933528564985,0.1717593457825232,-2.378357160883819,-0.0231401258749746,0.5201670551719506,-0.5719345939717952,0.1201970601601191,-0.6215705967146201,-0.9274745739175644,-0.4411343785433265
20.0,114.0,1001.2142333984376,0.8244933528961484,0.1717593457825232,-2.378357160883819,-0.0231400757108728,0.5201670551719506,-0.5719345939552397,0.1201970601601191,-0.6215705967146201,-0.9274745739175644,-0.4411343782064305
20.0,114.0,1001.2142333984376,0.824493352856457,0.1717593457825232,-2.378357160883819,-0.0231400757108728,0.5201670551719506,-0.5719345939534408,0.1201970601601191,-0.6215705967146201,-0.9274745739175644,-0.4411343782013184
20.0,114.0,1001.2142333984376,0.8244933528564582,0.1717593457825232,-2.378357160883819,-0.0231408256845803,0.5201670551719506,-0.5719345939550219,0.1201970601601191,-0.6215705967146201,-0.9274745739175644,-0.4411343785487122
20.0,114.0,1001.2142333984376,0.8244933528961624,0.1717593457825232,-2.378357160883819,-0.0231400747264336,0.5201670551719506,-0.5719345939551406,0.1201970601601191,-0.6215705967146201,-0.9274745739175644,-0.441134378191528
20.0,114.0,1001.2142333984376,0.8244933528565185,0.1717593457825232,-2.378357160883819,-0.0231400757108728,0.5201670551719506,-0.5719345939524053,0.1201970601601191,-0.6215705967146201,-0.9274745739175644,-0.4411343782009364
20.0,114.0,1001.2142333984376,0.82449335285833,0.1717593457825232,-2.378357160883819,-0.0231400330768263,0.5201670551719506,-0.5719345939535595,0.1201970601601191,-0.6215705967146201,-0.9274745739175644,-0.4411343782012739
20.0,114.0,1001.2142333984376,0.8244933528961484,0.1717593457825232,-2.378357160883819,-0.0231400757108728,0.5201670551719506,-0.5719345939525231,0.1201970601601191,-0.6215705967146201,-0.9274745739175644,-0.4411343782008237
20.0,114.0,1001.2142333984376,0.8244933528968372,0.1717593457825232,-2.378357160883819,-0.0231400757108728,0.5201670551719506,-0.5719345939524068,0.1201970601601191,-0.6215705967146201,-0.9274745739175644,-0.4411343782009364
20.0,114.0,1001.2142333984376,0.8244933528564985,0.1717593457825232,-2.378357160883819,-0.0231403727294065,0.5201670551719506,-0.5719345939726148,0.1201970601601191,-0.6215705967146201,-0.9274745739175644,-0.4411343782388724
20.0,114.0,1001.2142333984376,0.8244933528961484,0.1717593457825232,-2.378357160883819,-0.0231400757108728,0.5201670551719506,-0.5719345939551406,0.1201970601601191,-0.6215705967146201,-0.9274745739175644,-0.4411343782009364
20.0,114.0,1001.2142333984376,0.8244933528956655,0.1717593457825232,-2.378357160883819,-0.0231400757108728,0.5201670551719506,-0.5719345939525043,0.1201970601601191,-0.6215705967146201,-0.9274745739175644,-0.4411343782064305
20.0,114.0,1001.2142333984376,0.8244933528961484,0.1717593457825232,-2.378357160883819,-0.0231400757108728,0.5201670551719506,-0.5719345939533982,0.1201970601601191,-0.6215705967146201,-0.9274745739175644,-0.4411343782009364
20.0,114.0,1001.2142333984376,0.8244933528567824,0.1717593457825232,-2.378357160883819,-0.0231408594623494,0.5201670551719506,-0.5719345939550219,0.1201970601601191,-0.6215705967146201,-0.9274745739175644,-0.4411391957753557
20.0,114.0,1001.2142333984376,0.8244933528565185,0.1717593457825232,-2.378357160883819,-0.0231411021711839,0.5201670551719506,-0.5719345940893461,0.1201970601601191,-0.6215705967146201,-0.9274745739175644,-0.4411343782009364
20.0,115.0,1001.2134399414062,0.8244933528961484,0.1717593457825232,-2.378357160883819,-0.0231400730460136,0.5201670551719506,-0.5719345939553897,0.1201970601601191,-0.6215705967146201,-0.9274745739175644,-0.4408921807612237
20.0,115.0,1001.2135009765624,0.8244933528961484,0.1717593457825232,-2.378357160883819,-0.0231398930080988,0.5201670551719506,-0.5719345939553897,0.1201970601601191,-0.6215705967146201,-0.9274745739175644,-0.4408875464117291
20.0,115.0,1001.2135009765624,0.8244933528961484,0.1717593457825232,-2.378357160883819,-0.0231398954328281,0.5201670551719506,-0.5719345939553897,0.1201970601601191,-0.6215705967146201,-0.9274745739175644,-0.4408921807612237
20.0,115.0,1001.2135009765624,0.8244933528961484,0.1717593457825232,-2.378357160883819,-0.0231398954522345,0.5201670551719506,-0.5719345939553897,0.1201970601601191,-0.6215705967146201,-0.9274745739175644,-0.4408923215438878
20.0,115.0,1001.2135620117188,0.8244933528958243,0.1717593457825232,-2.378357160883819,-0.0231398592303296,0.5201670551719506,-0.5719345939553897,0.1201970601601191,-0.6215705967146201,-0.9274745739175644,-0.4408827291850855
20.0,115.0,1001.2135620117188,0.8244933528958305,0.1717593457825232,-2.378357160883819,-0.0231400774697761,0.5201670551719506,-0.5719345939551284,0.1201970601601191,-0.6215705967146201,-0.9274745739175644,-0.440879503424396
20.0,115.0,1001.2140502929688,0.8244933528565955,0.1717593457825232,-2.378357160883819,-0.0231452645298319,0.5201670551719506,-0.5719345940877746,0.1201970601601191,-0.6215705967146201,-0.9274745739175644,-0.441134378206172
20.0,115.0,1001.2140502929688,0.8244933528565185,0.1717593457825232,-2.378357160883819,-0.0231452187582484,0.5201670551719506,-0.5719345939534408,0.1201970601601191,-0.6215705967146201,-0.9274745739175644,-0.4411343782013184
20.0,115.0,1001.2140502929688,0.8244933528565185,0.1717593457825232,-2.378357160883819,-0.0231457731258456,0.5201670551719506,-0.5719345939551406,0.1201970601601191,-0.6215705967146201,-0.9274745739175644,-0.4411343782009364
20.0,115.0,1001.2140502929688,0.8244933528564414,0.1717593457825232,-2.378357160883819,-0.0231452187582484,0.5201670551719506,-0.5719345939552795,0.1201970601601191,-0.6215705967146201,-0.9274745739175644,-0.441134378548269
20.0,115.0,1001.2140502929688,0.8244933528565186,0.1717593457825232,-2.378357160883819,-0.0231452645298319,0.5201670551719506,-0.5719345940877746,0.1201970601601191,-0.6215705967146201,-0.9274745739175644,-0.441134378206172
20.0,115.0,1001.2140502929688,0.82449335289395,0.1717593457825232,-2.378357160883819,-0.0231455919950247,0.5201670551719506,-0.5719345939554745,0.1201970601601191,-0.6215705967146201,-0.9274745739175644,-0.4411343782008174
20.0,115.0,1001.2140502929688,0.82449335289395,0.1717593457825232,-2.378357160883819,-0.0231455919950247,0.5201670551719506,-0.5719345939535305,0.1201970601601191,-0.6215705967146201,-0.9274745739175644,-0.4411343782008174
20.0,115.0,1001.2140502929688,0.8244933528565186,0.1717593457825232,-2.378357160883819,-0.0231452645298319,0.5201670551719506,-0.5719345939514034,0.1201970601601191,-0.6215705967146201,-0.9274745739175644,-0.441134378206172
20.0,115.0,1001.214111328125,0.8244933528565185,0.1717593457825232,-2.378357160883819,-0.0231445454170835,0.5201670551719506,-0.5719345939551406,0.1201970601601191,-0.6215705967146201,-0.9274745739175644,-0.441134378206172
20.0,115.0,1001.214111328125,0.8244933528565185,0.1717593457825232,-2.378357160883819,-0.0231445454170835,0.5201670551719506,-0.5719345939551406,0.1201970601601191,-0.6215705967146201,-0.9274745739175644,-0.441134378206172
20.0,115.0,1001.214111328125,0.8244933528565185,0.1717593457825232,-2.378357160883819,-0.0231445454170835,0.5201670551719506,-0.5719345939551406,0.1201970601601191,-0.6215705967146201,-0.9274745739175644,-0.441134378206172
20.0,115.0,1001.214111328125,0.8244933528565185,0.1717593457825232,-2.378357160883819,-0.0231445454170835,0.5201670551719506,-0.5719345939559303,0.1201970601601191,-0.6215705967146201,-0.9274745739175644,-0.4411343782061845
20.0,115.0,1001.214111328125,0.8244933528565191,0.1717593457825232,-2.378357160883819,-0.02314479542877,0.5201670551719506,-0.5719345939535493,0.1201970601601191,-0.6215705967146201,-0.9274745739175644,-0.441134378206172
20.0,115.0,1001.214111328125,0.8244933528565955,0.1717593457825232,-2.378357160883819,-0.0231455552662197,0.5201670551719506,-0.5719345940877746,0.1201970601601191,-0.6215705967146201,-0.9274745739175644,-0.4411343782060111
20.0,115.0,1001.214111328125,0.8244933528565185,0.1717593457825232,-2.378357160883819,-0.0231445454170835,0.5201670551719506,-0.5719345939551406,0.1201970601601191,-0.6215705967146201,-0.9274745739175644,-0.441134378206172
20.0,115.0,1001.214111328125,0.8244933528565185,0.1717593457825232,-2.378357160883819,-0.0231445454170835,0.5201670551719506,-0.5719345939559303,0.1201970601601191,-0.6215705967146201,-0.9274745739175644,-0.4411343782061799
20.0,115.0,1001.214111328125,0.8244933528565185,0.1717593457825232,-2.378357160883819,-0.0231445813126983,0.5201670551719506,-0.5719345939551406,0.1201970601601191,-0.6215705967146201,-0.9274745739175644,-0.441134378206172
20.0,115.0,1001.214111328125,0.8244933528961484,0.1717593457825232,-2.378357160883819,-0.0231446479591397,0.5201670551719506,-0.5719345939551406,0.1201970601601191,-0.6215705967146201,-0.9274745739175644,-0.4411343782009364
20.0,115.0,1001.214111328125,0.8244933528565185,0.1717593457825232,-2.378357160883819,-0.0231447130298864,0.5201670551719506,-0.5719345939551406,0.1201970601601191,-0.6215705967146201,-0.9274745739175644,-0.441134378206172
20.0,115.0,1001.214111328125,0.8244933528565185,0.1717593457825232,-2.378357160883819,-0.023144581432279,0.5201670551719506,-0.5719345939551406,0.1201970601601191,-0.6215705967146201,-0.9274745739175644,-0.441134378206172
20.0,115.0,1001.214111328125,0.8244933528565185,0.1717593457825232,-2.378357160883819,-0.0231445454170835,0.5201670551719506,-0.5719345939554048,0.1201970601601191,-0.6215705967146201,-0.9274745739175644,-0.4411343782061845
20.0,115.0,1001.214111328125,0.8244933528565185,0.1717593457825232,-2.378357160883819,-0.0231445452975028,0.5201670551719506,-0.5719345939551406,0.1201970601601191,-0.6215705967146201,-0.9274745739175644,-0.441134378206172
20.0,115.0,1001.214111328125,0.8244933528969642,0.1717593457825232,-2.378357160883819,-0.0231445904594769,0.5201670551719506,-0.5719345939551406,0.1201970601601191,-0.6215705967146201,-0.9274745739175644,-0.4411343782013145
20.0,115.0,1001.214111328125,0.8244933528565185,0.1717593457825232,-2.378357160883819,-0.0231445454170835,0.5201670551719506,-0.5719345939551406,0.1201970601601191,-0.6215705967146201,-0.9274745739175644,-0.441134378206172
20.0,115.0,1001.214111328125,0.8244933528565173,0.1717593457825232,-2.378357160883819,-0.023144581432279,0.5201670551719506,-0.5719345940854502,0.1201970601601191,-0.6215705967146201,-0.9274745739175644,-0.441134378206172
20.0,115.0,1001.214111328125,0.8244933528568714,0.1717593457825232,-2.378357160883819,-0.0231445561439816,0.5201670551719506,-0.571934594088121,0.1201970601601191,-0.6215705967146201,-0.9274745739175644,-0.4411343782061799
20.0,115.0,1001.214111328125,0.8244933528565185,0.1717593457825232,-2.378357160883819,-0.0231445454170835,0.5201670551719506,-0.5719345939554048,0.1201970601601191,-0.6215705967146201,-0.9274745739175644,-0.4411343782009969
20.0,115.0,1001.214111328125,0.8244933528565185,0.1717593457825232,-2.378357160883819,-0.0231445454170835,0.5201670551719506,-0.5719345939551406,0.1201970601601191,-0.6215705967146201,-0.9274745739175644,-0.441134378206172
20.0,115.0,1001.214111328125,0.8244933528565186,0.1717593457825232,-2.378357160883819,-0.0231445453266925,0.5201670551719506,-0.5719345939564711,0.1201970601601191,-0.6215705967146201,-0.9274745739175644,-0.441134378206172
20.0,115.0,1001.214111328125,0.8244933528565185,0.1717593457825232,-2.378357160883819,-0.0231445813126983,0.5201670551719506,-0.5719345939551376,0.1201970601601191,-0.6215705967146201,-0.9274745739175644,-0.441134378206172
20.0,115.0,1001.214111328125,0.8244933528565968,0.1717593457825232,-2.378357160883819,-0.0231455552662197,0.5201670551719506,-0.5719345939574648,0.1201970601601191,-0.6215705967146201,-0.9274745739175644,-0.4411343782060111
20.0,115.0,1001.214111328125,0.8244933528565132,0.1717593457825232,-2.378357160883819,-0.0231445454170835,0.5201670551719506,-0.5719345939551406,0.1201970601601191,-0.6215705967146201,-0.9274745739175644,-0.4411343781808025
20.0,115.0,1001.2142333984376,0.8244933528565185,0.1717593457825232,-2.378357160883819,-0.0231400757108728,0.5201670551719506,-0.5719345939551406,0.1201970601601191,-0.6215705967146201,-0.9274745739175644,-0.4411343782009364
20.0,115.0,1001.2142333984376,0.8244933528961484,0.1717593457825232,-2.378357160883819,-0.0231400757108728,0.5201670551719506,-0.5719345939551406,0.1201970601601191,-0.6215705967146201,-0.9274745739175644,-0.4411343782009364
20.0,115.0,1001.2142333984376,0.8244933528565185,0.1717593457825232,-2.378357160883819,-0.0231400757108728,0.5201670551719506,-0.5719345939534408,0.1201970601601191,-0.6215705967146201,-0.9274745739175644,-0.4411343782013184
20.0,115.0,1001.2142333984376,0.8244933528961484,0.1717593457825232,-2.378357160883819,-0.0231407830505337,0.5201670551719506,-0.5719345939551406,0.1201970601601191,-0.6215705967146201,-0.9274745739175644,-0.4411343782009364
20.0,115.0,1001.2142333984376,0.8244933528583459,0.1717593457825232,-2.378357160883819,-0.0231400757108728,0.5201670551719506,-0.5719345939534408,0.1201970601601191,-0.6215705967146201,-0.9274745739175644,-0.4411343782012739
20.0,115.0,1001.2142333984376,0.8244933528961484,0.1717593457825232,-2.378357160883819,-0.0231400757108728,0.5201670551719506,-0.5719345939525043,0.1201970601601191,-0.6215705967146201,-0.9274745739175644,-0.4411343782009364
20.0,115.0,1001.2142333984376,0.8244933528564423,0.1717593457825232,-2.378357160883819,-0.0231407830505337,0.5201670551719506,-0.5719345939551406,0.1201970601601191,-0.6215705967146201,-0.9274745739175644,-0.4411343785487122
20.0,115.0,1001.2142333984376,0.8244933528961484,0.1717593457825232,-2.378357160883819,-0.0231400757108728,0.5201670551719506,-0.5719345939551406,0.1201970601601191,-0.6215705967146201,-0.9274745739175644,-0.4411343785053905
20.0,115.0,1001.2142333984376,0.8244933528956719,0.1717593457825232,-2.378357160883819,-0.0231404079119222,0.5201670551719506,-0.5719345940886388,0.1201970601601191,-0.6215705967146201,-0.9274745739175644,-0.4411343782062772
20.0,115.0,1001.2142333984376,0.8244933528961484,0.1717593457825232,-2.378357160883819,-0.0231400757108728,0.5201670551719506,-0.5719345939525043,0.1201970601601191,-0.6215705967146201,-0.9274745739175644,-0.4411343782064305
20.0,115.0,1001.2142333984376,0.8244933528961484,0.1717593457825232,-2.378357160883819,-0.0231400757108728,0.5201670551719506,-0.5719345939551406,0.1201970601601191,-0.6215705967146201,-0.9274745739175644,-0.4411343782009364
20.0,115.0,1001.2142333984376,0.824493352895658,0.1717593457825232,-2.378357160883819,-0.0231404088963614,0.5201670551719506,-0.5719345940886388,0.1201970601601191,-0.6215705967146201,-0.9274745739175644,-0.4411343785201397
20.0,116.0,1001.2134399414062,0.8244933528961484,0.1717593457825232,-2.378357160883819,-0.0231400730460136,0.5201670551719506,-0.5719345939553897,0.1201970601601191,-0.6215705967146201,-0.9274745739175644,-0.4408921807612237
20.0,116.0,1001.2134399414062,0.8244933528565185,0.1717593457825232,-2.378357160883819,-0.0231398276059106,0.5201670551719506,-0.5719345939534408,0.1201970601601191,-0.6215705967146201,-0.9274745739175644,-0.4409075315601403
20.0,116.0,1001.2135009765624,0.8244933528961484,0.1717593457825232,-2.378357160883819,-0.0231398930080988,0.5201670551719506,-0.5719345939553897,0.1201970601601191,-0.6215705967146201,-0.9274745739175644,-0.4408875464117291
20.0,116.0,1001.2135009765624,0.8244933528961484,0.1717593457825232,-2.378357160883819,-0.0231398954328281,0.5201670551719506,-0.5719345939553897,0.1201970601601191,-0.6215705967146201,-0.9274745739175644,-0.4408921807612237
20.0,116.0,1001.2135009765624,0.8244933528961484,0.1717593457825232,-2.378357160883819,-0.0231398954522345,0.5201670551719506,-0.5719345939553897,0.1201970601601191,-0.6215705967146201,-0.9274745739175644,-0.4408923215438878
20.0,116.0,1001.2135009765624,0.8244933528958205,0.1717593457825232,-2.378357160883819,-0.0231398943116326,0.5201670551719506,-0.5719345939553897,0.1201970601601191,-0.6215705967146201,-0.9274745739175644,-0.4408923202031081
20.0,116.0,1001.2135009765624,0.8244933528961484,0.1717593457825232,-2.378357160883819,-0.0231398954522345,0.5201670551719506,-0.5719345941006866,0.1201970601601191,-0.6215705967146201,-0.9274745739175644,-0.4408923215438878
20.0,116.0,1001.2135009765624,0.8244933528961484,0.1717593457825232,-2.378357160883819,-0.0231398719060946,0.5201670551719506,-0.5719345939553897,0.1201970601601191,-0.6215705967146201,-0.9274745739175644,-0.4408926586004558
20.0,116.0,1001.2135009765624,0.8244933528980225,0.1717593457825232,-2.378357160883819,-0.0231398156901056,0.5201670551719506,-0.5719345939553897,0.1201970601601191,-0.6215705967146201,-0.9274745739175644,-0.4409001074007503
20.0,116.0,1001.2135620117188,0.8244933528958243,0.1717593457825232,-2.378357160883819,-0.0231398592303296,0.5201670551719506,-0.5719345939553897,0.1201970601601191,-0.6215705967146201,-0.9274745739175644,-0.4408827291850855
20.0,116.0,1001.2135620117188,0.8244933528958305,0.1717593457825232,-2.378357160883819,-0.0231400774697761,0.5201670551719506,-0.5719345939551284,0.1201970601601191,-0.6215705967146201,-0.9274745739175644,-0.440879503424396
20.0,116.0,1001.2135620117188,0.8244933528961522,0.1717593457825232,-2.378357160883819,-0.0231398603515251,0.5201670551719506,-0.5719345939553897,0.1201970601601191,-0.6215705967146201,-0.9274745739175644,-0.4408825897432011
20.0,116.0,1001.2140502929688,0.8244933528565955,0.1717593457825232,-2.378357160883819,-0.0231452645298319,0.5201670551719506,-0.5719345940877746,0.1201970601601191,-0.6215705967146201,-0.9274745739175644,-0.441134378206172
20.0,116.0,1001.2140502929688,0.8244933528565185,0.1717593457825232,-2.378357160883819,-0.0231452187582484,0.5201670551719506,-0.5719345939534408,0.1201970601601191,-0.6215705967146201,-0.9274745739175644,-0.4411343782013184
20.0,116.0,1001.2140502929688,0.8244933528565185,0.1717593457825232,-2.378357160883819,-0.0231457731258456,0.5201670551719506,-0.5719345939551406,0.1201970601601191,-0.6215705967146201,-0.9274745739175644,-0.4411343782009364
20.0,116.0,1001.2140502929688,0.8244933528564414,0.1717593457825232,-2.378357160883819,-0.0231452187582484,0.5201670551719506,-0.5719345939552795,0.1201970601601191,-0.6215705967146201,-0.9274745739175644,-0.441134378548269
20.0,116.0,1001.2140502929688,0.8244933528565186,0.1717593457825232,-2.378357160883819,-0.0231452645298319,0.5201670551719506,-0.5719345940877746,0.1201970601601191,-0.6215705967146201,-0.9274745739175644,-0.441134378206172
20.0,116.0,1001.2140502929688,0.82449335289395,0.1717593457825232,-2.378357160883819,-0.0231455919950247,0.5201670551719506,-0.5719345939554745,0.1201970601601191,-0.6215705967146201,-0.9274745739175644,-0.4411343782008174
20.0,116.0,1001.2140502929688,0.82449335289395,0.1717593457825232,-2.378357160883819,-0.0231455919950247,0.5201670551719506,-0.5719345939535305,0.1201970601601191,-0.6215705967146201,-0.9274745739175644,-0.4411343782008174
20.0,116.0,1001.2140502929688,0.8244933528565186,0.1717593457825232,-2.378357160883819,-0.0231452645298319,0.5201670551719506,-0.5719345939514034,0.1201970601601191,-0.6215705967146201,-0.9274745739175644,-0.441134378206172
20.0,116.0,1001.2140502929688,0.8244933528565185,0.1717593457825232,-2.378357160883819,-0.0231451860423109,0.5201670551719506,-0.5719345939559303,0.1201970601601191,-0.6215705967146201,-0.9274745739175644,-0.4411343782061799
20.0,116.0,1001.2140502929688,0.8244933528564414,0.1717593457825232,-2.378357160883819,-0.0231452280670609,0.5201670551719506,-0.5719345939554101,0.1201970601601191,-0.6215705967146201,-0.9274745739175644,-0.441134378548269
20.0,116.0,1001.2140502929688,0.82449335289395,0.1717593457825232,-2.378357160883819,-0.0231455919950247,0.5201670551719506,-0.5719345939550726,0.1201970601601191,-0.6215705967146201,-0.9274745739175644,-0.4411343782059261
20.0,116.0,1001.2140502929688,0.8244933528565185,0.1717593457825232,-2.378357160883819,-0.0231457731258456,0.5201670551719506,-0.5719345939551406,0.1201970601601191,-0.6215705967146201,-0.9274745739175644,-0.4411343782008189
20.0,116.0,1001.2140502929688,0.8244933528565955,0.1717593457825232,-2.378357160883819,-0.0231452645298319,0.5201670551719506,-0.5719345940877746,0.1201970601601191,-0.6215705967146201,-0.9274745739175644,-0.441134378206172
20.0,116.0,1001.214111328125,0.8244933528565185,0.1717593457825232,-2.378357160883819,-0.0231445454170835,0.5201670551719506,-0.5719345939551406,0.1201970601601191,-0.6215705967146201,-0.9274745739175644,-0.441134378206172
20.0,116.0,1001.214111328125,0.8244933528565185,0.1717593457825232,-2.378357160883819,-0.0231445454170835,0.5201670551719506,-0.5719345939551406,0.1201970601601191,-0.6215705967146201,-0.9274745739175644,-0.441134378206172
20.0,116.0,1001.214111328125,0.8244933528565185,0.1717593457825232,-2.378357160883819,-0.0231445454170835,0.5201670551719506,-0.5719345939551406,0.1201970601601191,-0.6215705967146201,-0.9274745739175644,-0.441134378206172
20.0,116.0,1001.214111328125,0.8244933528565185,0.1717593457825232,-2.378357160883819,-0.0231445454170835,0.5201670551719506,-0.5719345939559303,0.1201970601601191,-0.6215705967146201,-0.9274745739175644,-0.4411343782061845
20.0,116.0,1001.214111328125,0.8244933528565191,0.1717593457825232,-2.378357160883819,-0.02314479542877,0.5201670551719506,-0.5719345939535493,0.1201970601601191,-0.6215705967146201,-0.9274745739175644,-0.441134378206172
20.0,116.0,1001.214111328125,0.8244933528565955,0.1717593457825232,-2.378357160883819,-0.0231455552662197,0.5201670551719506,-0.5719345940877746,0.1201970601601191,-0.6215705967146201,-0.9274745739175644,-0.4411343782060111
20.0,116.0,1001.214111328125,0.8244933528565185,0.1717593457825232,-2.378357160883819,-0.0231445454170835,0.5201670551719506,-0.5719345939551406,0.1201970601601191,-0.6215705967146201,-0.9274745739175644,-0.441134378206172
20.0,116.0,1001.214111328125,0.8244933528565185,0.1717593457825232,-2.378357160883819,-0.0231445454170835,0.5201670551719506,-0.5719345939559303,0.1201970601601191,-0.6215705967146201,-0.9274745739175644,-0.4411343782061799
20.0,116.0,1001.214111328125,0.8244933528565185,0.1717593457825232,-2.378357160883819,-0.0231445813126983,0.5201670551719506,-0.5719345939551406,0.1201970601601191,-0.6215705967146201,-0.9274745739175644,-0.441134378206172
20.0,116.0,1001.214111328125,0.8244933528961484,0.1717593457825232,-2.378357160883819,-0.0231446479591397,0.5201670551719506,-0.5719345939551406,0.1201970601601191,-0.6215705967146201,-0.9274745739175644,-0.4411343782009364
20.0,116.0,1001.214111328125,0.8244933528565185,0.1717593457825232,-2.378357160883819,-0.0231447130298864,0.5201670551719506,-0.5719345939551406,0.1201970601601191,-0.6215705967146201,-0.9274745739175644,-0.441134378206172
20.0,116.0,1001.214111328125,0.8244933528565185,0.1717593457825232,-2.378357160883819,-0.023144581432279,0.5201670551719506,-0.5719345939551406,0.1201970601601191,-0.6215705967146201,-0.9274745739175644,-0.441134378206172
20.0,116.0,1001.214111328125,0.8244933528565185,0.1717593457825232,-2.378357160883819,-0.0231445454170835,0.5201670551719506,-0.5719345939554048,0.1201970601601191,-0.6215705967146201,-0.9274745739175644,-0.4411343782061845
20.0,116.0,1001.214111328125,0.8244933528565185,0.1717593457825232,-2.378357160883819,-0.0231445452975028,0.5201670551719506,-0.5719345939551406,0.1201970601601191,-0.6215705967146201,-0.9274745739175644,-0.441134378206172
20.0,116.0,1001.214111328125,0.8244933528969642,0.1717593457825232,-2.378357160883819,-0.0231445904594769,0.5201670551719506,-0.5719345939551406,0.1201970601601191,-0.6215705967146201,-0.9274745739175644,-0.4411343782013145
20.0,116.0,1001.214111328125,0.8244933528565185,0.1717593457825232,-2.378357160883819,-0.0231445454170835,0.5201670551719506,-0.5719345939551406,0.1201970601601191,-0.6215705967146201,-0.9274745739175644,-0.441134378206172
20.0,116.0,1001.214111328125,0.8244933528565173,0.1717593457825232,-2.378357160883819,-0.023144581432279,0.5201670551719506,-0.5719345940854502,0.1201970601601191,-0.6215705967146201,-0.9274745739175644,-0.441134378206172
20.0,116.0,1001.214111328125,0.8244933528568714,0.1717593457825232,-2.378357160883819,-0.0231445561439816,0.5201670551719506,-0.571934594088121,0.1201970601601191,-0.6215705967146201,-0.9274745739175644,-0.4411343782061799
20.0,116.0,1001.214111328125,0.8244933528565185,0.1717593457825232,-2.378357160883819,-0.0231445454170835,0.5201670551719506,-0.5719345939554048,0.1201970601601191,-0.6215705967146201,-0.9274745739175644,-0.4411343782009969
20.0,116.0,1001.214111328125,0.8244933528565185,0.1717593457825232,-2.378357160883819,-0.0231445454170835,0.5201670551719506,-0.5719345939551406,0.1201970601601191,-0.6215705967146201,-0.9274745739175644,-0.441134378206172
20.0,116.0,1001.214111328125,0.8244933528565186,0.1717593457825232,-2.378357160883819,-0.0231445453266925,0.5201670551719506,-0.5719345939564711,0.1201970601601191,-0.6215705967146201,-0.9274745739175644,-0.441134378206172
20.0,116.0,1001.214111328125,0.8244933528565185,0.1717593457825232,-2.378357160883819,-0.0231445813126983,0.5201670551719506,-0.5719345939551376,0.1201970601601191,-0.6215705967146201,-0.9274745739175644,-0.441134378206172
20.0,116.0,1001.214111328125,0.8244933528565968,0.1717593457825232,-2.378357160883819,-0.0231455552662197,0.5201670551719506,-0.5719345939574648,0.1201970601601191,-0.6215705967146201,-0.9274745739175644,-0.4411343782060111
20.0,116.0,1001.214111328125,0.8244933528565132,0.1717593457825232,-2.378357160883819,-0.0231445454170835,0.5201670551719506,-0.5719345939551406,0.1201970601601191,-0.6215705967146201,-0.9274745739175644,-0.4411343781808025
20.0,116.0,1001.214111328125,0.8244933528565185,0.1717593457825232,-2.378357160883819,-0.0231445454170835,0.5201670551719506,-0.5719345939551492,0.1201970601601191,-0.6215705967146201,-0.9274745739175644,-0.4411343782009969
20.0,117.0,1001.2134399414062,0.8244933528961484,0.1717593457825232,-2.378357160883819,-0.0231400730460136,0.5201670551719506,-0.5719345939553897,0.1201970601601191,-0.6215705967146201,-0.9274745739175644,-0.4408921807612237
20.0,117.0,1001.2134399414062,0.8244933528565185,0.1717593457825232,-2.378357160883819,-0.0231398276059106,0.5201670551719506,-0.5719345939534408,0.1201970601601191,-0.6215705967146201,-0.9274745739175644,-0.4409075315601403
20.0,117.0,1001.2135009765624,0.8244933528961484,0.1717593457825232,-2.378357160883819,-0.0231398930080988,0.5201670551719506,-0.5719345939553897,0.1201970601601191,-0.6215705967146201,-0.9274745739175644,-0.4408875464117291
20.0,117.0,1001.2135009765624,0.8244933528961484,0.1717593457825232,-2.378357160883819,-0.0231398954328281,0.5201670551719506,-0.5719345939553897,0.1201970601601191,-0.6215705967146201,-0.9274745739175644,-0.4408921807612237
20.0,117.0,1001.2135009765624,0.8244933528961484,0.1717593457825232,-2.378357160883819,-0.0231398954522345,0.5201670551719506,-0.5719345939553897,0.1201970601601191,-0.6215705967146201,-0.9274745739175644,-0.4408923215438878
20.0,117.0,1001.2135009765624,0.8244933528958205,0.1717593457825232,-2.378357160883819,-0.0231398943116326,0.5201670551719506,-0.5719345939553897,0.1201970601601191,-0.6215705967146201,-0.9274745739175644,-0.4408923202031081
20.0,117.0,1001.2135009765624,0.8244933528961484,0.1717593457825232,-2.378357160883819,-0.0231398954522345,0.5201670551719506,-0.5719345941006866,0.1201970601601191,-0.6215705967146201,-0.9274745739175644,-0.4408923215438878
20.0,117.0,1001.2135009765624,0.8244933528961484,0.1717593457825232,-2.378357160883819,-0.0231398719060946,0.5201670551719506,-0.5719345939553897,0.1201970601601191,-0.6215705967146201,-0.9274745739175644,-0.4408926586004558
20.0,117.0,1001.2135009765624,0.8244933528980225,0.1717593457825232,-2.378357160883819,-0.0231398156901056,0.5201670551719506,-0.5719345939553897,0.1201970601601191,-0.6215705967146201,-0.9274745739175644,-0.4409001074007503
20.0,117.0,1001.2135009765624,0.824493352897695,0.1717593457825232,-2.378357160883819,-0.023139902016201,0.5201670551719506,-0.5719345939553213,0.1201970601601191,-0.6215705967146201,-0.9274745739175644,-0.4408875464117291
20.0,117.0,1001.2135009765624,0.8244933528565185,0.1717593457825232,-2.378357160883819,-0.0231398572566343,0.5201670551719506,-0.5719345939553947,0.1201970601601191,-0.6215705967146201,-0.9274745739175644,-0.440896451878269
20.0,117.0,1001.2135009765624,0.8244933528961484,0.1717593457825232,-2.378357160883819,-0.0231398954328281,0.5201670551719506,-0.5719345939553897,0.1201970601601191,-0.6215705967146201,-0.9274745739175644,-0.4408921807612237
20.0,117.0,1001.2135620117188,0.8244933528958243,0.1717593457825232,-2.378357160883819,-0.0231398592303296,0.5201670551719506,-0.5719345939553897,0.1201970601601191,-0.6215705967146201,-0.9274745739175644,-0.4408827291850855
20.0,117.0,1001.2135620117188,0.8244933528958305,0.1717593457825232,-2.378357160883819,-0.0231400774697761,0.5201670551719506,-0.5719345939551284,0.1201970601601191,-0.6215705967146201,-0.9274745739175644,-0.440879503424396
20.0,117.0,1001.2135620117188,0.8244933528961522,0.1717593457825232,-2.378357160883819,-0.0231398603515251,0.5201670551719506,-0.5719345939553897,0.1201970601601191,-0.6215705967146201,-0.9274745739175644,-0.4408825897432011
20.0,117.0,1001.2135620117188,0.82449335289395,0.1717593457825232,-2.378357160883819,-0.0231398657381739,0.5201670551719506,-0.5719345939535305,0.1201970601601191,-0.6215705967146201,-0.9274745739175644,-0.4408753725801196
20.0,117.0,1001.2138061523438,0.8244933528565185,0.1717593457825232,-2.378357160883819,-0.0231446308123519,0.5201670551719506,-0.571934593955128,0.1201970601601191,-0.6215705967146201,-0.9274745739175644,-0.4411048977727546
20.0,117.0,1001.2140502929688,0.8244933528565955,0.1717593457825232,-2.378357160883819,-0.0231452645298319,0.5201670551719506,-0.5719345940877746,0.1201970601601191,-0.6215705967146201,-0.9274745739175644,-0.441134378206172
20.0,117.0,1001.2140502929688,0.8244933528565185,0.1717593457825232,-2.378357160883819,-0.0231452187582484,0.5201670551719506,-0.5719345939534408,0.1201970601601191,-0.6215705967146201,-0.9274745739175644,-0.4411343782013184
20.0,117.0,1001.2140502929688,0.8244933528565185,0.1717593457825232,-2.378357160883819,-0.0231457731258456,0.5201670551719506,-0.5719345939551406,0.1201970601601191,-0.6215705967146201,-0.9274745739175644,-0.4411343782009364
20.0,117.0,1001.2140502929688,0.8244933528564414,0.1717593457825232,-2.378357160883819,-0.0231452187582484,0.5201670551719506,-0.5719345939552795,0.1201970601601191,-0.6215705967146201,-0.9274745739175644,-0.441134378548269
20.0,117.0,1001.2140502929688,0.8244933528565186,0.1717593457825232,-2.378357160883819,-0.0231452645298319,0.5201670551719506,-0.5719345940877746,0.1201970601601191,-0.6215705967146201,-0.9274745739175644,-0.441134378206172
20.0,117.0,1001.2140502929688,0.82449335289395,0.1717593457825232,-2.378357160883819,-0.0231455919950247,0.5201670551719506,-0.5719345939554745,0.1201970601601191,-0.6215705967146201,-0.9274745739175644,-0.4411343782008174
20.0,117.0,1001.2140502929688,0.82449335289395,0.1717593457825232,-2.378357160883819,-0.0231455919950247,0.5201670551719506,-0.5719345939535305,0.1201970601601191,-0.6215705967146201,-0.9274745739175644,-0.4411343782008174
20.0,117.0,1001.2140502929688,0.8244933528565186,0.1717593457825232,-2.378357160883819,-0.0231452645298319,0.5201670551719506,-0.5719345939514034,0.1201970601601191,-0.6215705967146201,-0.9274745739175644,-0.441134378206172
20.0,117.0,1001.2140502929688,0.8244933528565185,0.1717593457825232,-2.378357160883819,-0.0231451860423109,0.5201670551719506,-0.5719345939559303,0.1201970601601191,-0.6215705967146201,-0.9274745739175644,-0.4411343782061799
20.0,117.0,1001.2140502929688,0.8244933528564414,0.1717593457825232,-2.378357160883819,-0.0231452280670609,0.5201670551719506,-0.5719345939554101,0.1201970601601191,-0.6215705967146201,-0.9274745739175644,-0.441134378548269
20.0,117.0,1001.2140502929688,0.82449335289395,0.1717593457825232,-2.378357160883819,-0.0231455919950247,0.5201670551719506,-0.5719345939550726,0.1201970601601191,-0.6215705967146201,-0.9274745739175644,-0.4411343782059261
20.0,117.0,1001.2140502929688,0.8244933528565185,0.1717593457825232,-2.378357160883819,-0.0231457731258456,0.5201670551719506,-0.5719345939551406,0.1201970601601191,-0.6215705967146201,-0.9274745739175644,-0.4411343782008189
20.0,117.0,1001.2140502929688,0.8244933528565955,0.1717593457825232,-2.378357160883819,-0.0231452645298319,0.5201670551719506,-0.5719345940877746,0.1201970601601191,-0.6215705967146201,-0.9274745739175644,-0.441134378206172
20.0,117.0,1001.2140502929688,0.8244933528565186,0.1717593457825232,-2.378357160883819,-0.0231452645298319,0.5201670551719506,-0.5719345940877746,0.1201970601601191,-0.6215705967146201,-0.9274745739175644,-0.441134378205709
20.0,117.0,1001.2140502929688,0.8244933528564414,0.1717593457825232,-2.378357160883819,-0.0231457905841014,0.5201670551719506,-0.5719345939552795,0.1201970601601191,-0.6215705967146201,-0.9274745739175644,-0.441134378548269
20.0,117.0,1001.2140502929688,0.8244933528565955,0.1717593457825232,-2.378357160883819,-0.0231452645298319,0.5201670551719506,-0.5719345940877746,0.1201970601601191,-0.6215705967146201,-0.9274745739175644,-0.4411343782060146
20.0,117.0,1001.2140502929688,0.8244933528565185,0.1717593457825232,-2.378357160883819,-0.0231452359973162,0.5201670551719506,-0.5719345939534408,0.1201970601601191,-0.6215705967146201,-0.9274745739175644,-0.441132295191679
20.0,117.0,1001.2140502929688,0.8244933528565186,0.1717593457825232,-2.378357160883819,-0.0231452656457274,0.5201670551719506,-0.5719345939514034,0.1201970601601191,-0.6215705967146201,-0.9274745739175644,-0.441134378206172
20.0,117.0,1001.2140502929688,0.8244933528564414,0.1717593457825232,-2.378357160883819,-0.0231452353974566,0.5201670551719506,-0.571934593955282,0.1201970601601191,-0.6215705967146201,-0.9274745739175644,-0.441134378548269
20.0,117.0,1001.2140502929688,0.8244933528565185,0.1717593457825232,-2.378357160883819,-0.0231457731258456,0.5201670551719506,-0.5719345939551406,0.1201970601601191,-0.6215705967146201,-0.9274745739175644,-0.4411343782009364
20.0,117.0,1001.2140502929688,0.824493352856442,0.1717593457825232,-2.378357160883819,-0.0231452280670609,0.5201670551719506,-0.5719345939554097,0.1201970601601191,-0.6215705967146201,-0.9274745739175644,-0.441134378548269
20.0,117.0,1001.2140502929688,0.8244933528565185,0.1717593457825232,-2.378357160883819,-0.0231451849264154,0.5201670551719506,-0.5719345939559303,0.1201970601601191,-0.6215705967146201,-0.9274745739175644,-0.4411343782061799
20.0,117.0,1001.214111328125,0.8244933528565185,0.1717593457825232,-2.378357160883819,-0.0231445454170835,0.5201670551719506,-0.5719345939551406,0.1201970601601191,-0.6215705967146201,-0.9274745739175644,-0.441134378206172
20.0,117.0,1001.214111328125,0.8244933528565185,0.1717593457825232,-2.378357160883819,-0.0231445454170835,0.5201670551719506,-0.5719345939551406,0.1201970601601191,-0.6215705967146201,-0.9274745739175644,-0.441134378206172
20.0,117.0,1001.214111328125,0.8244933528565185,0.1717593457825232,-2.378357160883819,-0.0231445454170835,0.5201670551719506,-0.5719345939551406,0.1201970601601191,-0.6215705967146201,-0.9274745739175644,-0.441134378206172
20.0,117.0,1001.214111328125,0.8244933528565185,0.1717593457825232,-2.378357160883819,-0.0231445454170835,0.5201670551719506,-0.5719345939559303,0.1201970601601191,-0.6215705967146201,-0.9274745739175644,-0.4411343782061845
20.0,117.0,1001.214111328125,0.8244933528565191,0.1717593457825232,-2.378357160883819,-0.02314479542877,0.5201670551719506,-0.5719345939535493,0.1201970601601191,-0.6215705967146201,-0.9274745739175644,-0.441134378206172
20.0,117.0,1001.214111328125,0.8244933528565955,0.1717593457825232,-2.378357160883819,-0.0231455552662197,0.5201670551719506,-0.5719345940877746,0.1201970601601191,-0.6215705967146201,-0.9274745739175644,-0.4411343782060111
20.0,117.0,1001.214111328125,0.8244933528565185,0.1717593457825232,-2.378357160883819,-0.0231445454170835,0.5201670551719506,-0.5719345939551406,0.1201970601601191,-0.6215705967146201,-0.9274745739175644,-0.441134378206172
20.0,117.0,1001.214111328125,0.8244933528565185,0.1717593457825232,-2.378357160883819,-0.0231445454170835,0.5201670551719506,-0.5719345939559303,0.1201970601601191,-0.6215705967146201,-0.9274745739175644,-0.4411343782061799
20.0,117.0,1001.214111328125,0.8244933528565185,0.1717593457825232,-2.378357160883819,-0.0231445813126983,0.5201670551719506,-0.5719345939551406,0.1201970601601191,-0.6215705967146201,-0.9274745739175644,-0.441134378206172
20.0,117.0,1001.214111328125,0.8244933528961484,0.1717593457825232,-2.378357160883819,-0.0231446479591397,0.5201670551719506,-0.5719345939551406,0.1201970601601191,-0.6215705967146201,-0.9274745739175644,-0.4411343782009364
20.0,117.0,1001.214111328125,0.8244933528565185,0.1717593457825232,-2.378357160883819,-0.0231447130298864,0.5201670551719506,-0.5719345939551406,0.1201970601601191,-0.6215705967146201,-0.9274745739175644,-0.441134378206172
20.0,118.0,1001.2133178710938,0.8244933528564414,0.1717593457825232,-2.378357160883819,-0.0231452280670609,0.5201670551719506,-0.5719345939553915,0.1201970601601191,-0.6215705967146201,-0.9274745739175644,-0.4408841928344608
20.0,118.0,1001.2133178710938,0.8244933528957872,0.1717593457825232,-2.378357160883819,-0.0231454621569108,0.5201670551719506,-0.5719345939535727,0.1201970601601191,-0.6215705967146201,-0.9274745739175644,-0.4408923202031081
20.0,118.0,1001.21337890625,0.8244933528958243,0.1717593457825232,-2.378357160883819,-0.0231398569597134,0.5201670551719506,-0.5719345939553897,0.1201970601601191,-0.6215705967146201,-0.9274745739175644,-0.4409083072842362
20.0,118.0,1001.2134399414062,0.8244933528961484,0.1717593457825232,-2.378357160883819,-0.0231400730460136,0.5201670551719506,-0.5719345939553897,0.1201970601601191,-0.6215705967146201,-0.9274745739175644,-0.4408921807612237
20.0,118.0,1001.2134399414062,0.8244933528565185,0.1717593457825232,-2.378357160883819,-0.0231398276059106,0.5201670551719506,-0.5719345939534408,0.1201970601601191,-0.6215705967146201,-0.9274745739175644,-0.4409075315601403
20.0,118.0,1001.2134399414062,0.8244933528961484,0.1717593457825232,-2.378357160883819,-0.0231400745895013,0.5201670551719506,-0.5719345939553897,0.1201970601601191,-0.6215705967146201,-0.9274745739175644,-0.4408921807612237
20.0,118.0,1001.2134399414062,0.8244933528961484,0.1717593457825232,-2.378357160883819,-0.0231398954328281,0.5201670551719506,-0.5719345939556142,0.1201970601601191,-0.6215705967146201,-0.9274745739175644,-0.4408909770857228
20.0,118.0,1001.2135009765624,0.8244933528961484,0.1717593457825232,-2.378357160883819,-0.0231398930080988,0.5201670551719506,-0.5719345939553897,0.1201970601601191,-0.6215705967146201,-0.9274745739175644,-0.4408875464117291
20.0,118.0,1001.2135009765624,0.8244933528961484,0.1717593457825232,-2.378357160883819,-0.0231398954328281,0.5201670551719506,-0.5719345939553897,0.1201970601601191,-0.6215705967146201,-0.9274745739175644,-0.4408921807612237
20.0,118.0,1001.2135009765624,0.8244933528961484,0.1717593457825232,-2.378357160883819,-0.0231398954522345,0.5201670551719506,-0.5719345939553897,0.1201970601601191,-0.6215705967146201,-0.9274745739175644,-0.4408923215438878
20.0,118.0,1001.2135009765624,0.8244933528958205,0.1717593457825232,-2.378357160883819,-0.0231398943116326,0.5201670551719506,-0.5719345939553897,0.1201970601601191,-0.6215705967146201,-0.9274745739175644,-0.4408923202031081
20.0,118.0,1001.2135009765624,0.8244933528961484,0.1717593457825232,-2.378357160883819,-0.0231398954522345,0.5201670551719506,-0.5719345941006866,0.1201970601601191,-0.6215705967146201,-0.9274745739175644,-0.4408923215438878
20.0,118.0,1001.2135009765624,0.8244933528961484,0.1717593457825232,-2.378357160883819,-0.0231398719060946,0.5201670551719506,-0.5719345939553897,0.1201970601601191,-0.6215705967146201,-0.9274745739175644,-0.4408926586004558
20.0,118.0,1001.2135009765624,0.8244933528980225,0.1717593457825232,-2.378357160883819,-0.0231398156901056,0.5201670551719506,-0.5719345939553897,0.1201970601601191,-0.6215705967146201,-0.9274745739175644,-0.4409001074007503
20.0,118.0,1001.2135009765624,0.824493352897695,0.1717593457825232,-2.378357160883819,-0.023139902016201,0.5201670551719506,-0.5719345939553213,0.1201970601601191,-0.6215705967146201,-0.9274745739175644,-0.4408875464117291
20.0,118.0,1001.2135009765624,0.8244933528565185,0.1717593457825232,-2.378357160883819,-0.0231398572566343,0.5201670551719506,-0.5719345939553947,0.1201970601601191,-0.6215705967146201,-0.9274745739175644,-0.440896451878269
20.0,118.0,1001.2135009765624,0.8244933528961484,0.1717593457825232,-2.378357160883819,-0.0231398954328281,0.5201670551719506,-0.5719345939553897,0.1201970601601191,-0.6215705967146201,-0.9274745739175644,-0.4408921807612237
20.0,118.0,1001.2135009765624,0.8244933528565185,0.1717593457825232,-2.378357160883819,-0.0231398572566343,0.5201670551719506,-0.5719345939553947,0.1201970601601191,-0.6215705967146201,-0.9274745739175644,-0.440896451878269
20.0,118.0,1001.2135009765624,0.824493352893781,0.1717593457825232,-2.378357160883819,-0.0231399012736704,0.5201670551719506,-0.5719345939551918,0.1201970601601191,-0.6215705967146201,-0.9274745739175644,-0.4408872535319764
20.0,118.0,1001.2135009765624,0.8244933528980225,0.1717593457825232,-2.378357160883819,-0.0231398156901056,0.5201670551719506,-0.5719345939553897,0.1201970601601191,-0.6215705967146201,-0.9274745739175644,-0.4409001074007503
20.0,118.0,1001.2135009765624,0.8244933528961484,0.1717593457825232,-2.378357160883819,-0.0231398954522345,0.5201670551719506,-0.5719345941006866,0.1201970601601191,-0.6215705967146201,-0.9274745739175644,-0.4408923215438878
20.0,118.0,1001.2135620117188,0.8244933528958243,0.1717593457825232,-2.378357160883819,-0.0231398592303296,0.5201670551719506,-0.5719345939553897,0.1201970601601191,-0.6215705967146201,-0.9274745739175644,-0.4408827291850855
20.0,118.0,1001.2135620117188,0.8244933528958305,0.1717593457825232,-2.378357160883819,-0.0231400774697761,0.5201670551719506,-0.5719345939551284,0.1201970601601191,-0.6215705967146201,-0.9274745739175644,-0.440879503424396
20.0,118.0,1001.2135620117188,0.8244933528961522,0.1717593457825232,-2.378357160883819,-0.0231398603515251,0.5201670551719506,-0.5719345939553897,0.1201970601601191,-0.6215705967146201,-0.9274745739175644,-0.4408825897432011
20.0,118.0,1001.2135620117188,0.82449335289395,0.1717593457825232,-2.378357160883819,-0.0231398657381739,0.5201670551719506,-0.5719345939535305,0.1201970601601191,-0.6215705967146201,-0.9274745739175644,-0.4408753725801196
20.0,118.0,1001.2135620117188,0.8244933528565185,0.1717593457825232,-2.378357160883819,-0.0231398298765268,0.5201670551719506,-0.5719345939534408,0.1201970601601191,-0.6215705967146201,-0.9274745739175644,-0.4408819534609897
20.0,118.0,1001.2138061523438,0.8244933528565185,0.1717593457825232,-2.378357160883819,-0.0231446308123519,0.5201670551719506,-0.571934593955128,0.1201970601601191,-0.6215705967146201,-0.9274745739175644,-0.4411048977727546
20.0,118.0,1001.2138061523438,0.824493352896244,0.1717593457825232,-2.378357160883819,-0.0231446877393438,0.5201670551719506,-0.571934593955128,0.1201970601601191,-0.6215705967146201,-0.9274745739175644,-0.4411005691005416
20.0,118.0,1001.2139892578124,0.8244933528565185,0.1717593457825232,-2.378357160883819,-0.0231452359973162,0.5201670551719506,-0.5719345939534424,0.1201970601601191,-0.6215705967146201,-0.9274745739175644,-0.4411323229436443
20.0,118.0,1001.2140502929688,0.8244933528565955,0.1717593457825232,-2.378357160883819,-0.0231452645298319,0.5201670551719506,-0.5719345940877746,0.1201970601601191,-0.6215705967146201,-0.9274745739175644,-0.441134378206172
20.0,118.0,1001.2140502929688,0.8244933528565185,0.1717593457825232,-2.378357160883819,-0.0231452187582484,0.5201670551719506,-0.5719345939534408,0.1201970601601191,-0.6215705967146201,-0.9274745739175644,-0.4411343782013184
20.0,118.0,1001.2140502929688,0.8244933528565185,0.1717593457825232,-2.378357160883819,-0.0231457731258456,0.5201670551719506,-0.5719345939551406,0.1201970601601191,-0.6215705967146201,-0.9274745739175644,-0.4411343782009364
20.0,118.0,1001.2140502929688,0.8244933528564414,0.1717593457825232,-2.378357160883819,-0.0231452187582484,0.5201670551719506,-0.5719345939552795,0.1201970601601191,-0.6215705967146201,-0.9274745739175644,-0.441134378548269
20.0,118.0,1001.2140502929688,0.8244933528565186,0.1717593457825232,-2.378357160883819,-0.0231452645298319,0.5201670551719506,-0.5719345940877746,0.1201970601601191,-0.6215705967146201,-0.9274745739175644,-0.441134378206172
20.0,118.0,1001.2140502929688,0.82449335289395,0.1717593457825232,-2.378357160883819,-0.0231455919950247,0.5201670551719506,-0.5719345939554745,0.1201970601601191,-0.6215705967146201,-0.9274745739175644,-0.4411343782008174
20.0,118.0,1001.2140502929688,0.82449335289395,0.1717593457825232,-2.378357160883819,-0.0231455919950247,0.5201670551719506,-0.5719345939535305,0.1201970601601191,-0.6215705967146201,-0.9274745739175644,-0.4411343782008174
20.0,118.0,1001.2140502929688,0.8244933528565186,0.1717593457825232,-2.378357160883819,-0.0231452645298319,0.5201670551719506,-0.5719345939514034,0.1201970601601191,-0.6215705967146201,-0.9274745739175644,-0.441134378206172
20.0,118.0,1001.2140502929688,0.8244933528565185,0.1717593457825232,-2.378357160883819,-0.0231451860423109,0.5201670551719506,-0.5719345939559303,0.1201970601601191,-0.6215705967146201,-0.9274745739175644,-0.4411343782061799
20.0,118.0,1001.2140502929688,0.8244933528564414,0.1717593457825232,-2.378357160883819,-0.0231452280670609,0.5201670551719506,-0.5719345939554101,0.1201970601601191,-0.6215705967146201,-0.9274745739175644,-0.441134378548269
20.0,118.0,1001.2140502929688,0.82449335289395,0.1717593457825232,-2.378357160883819,-0.0231455919950247,0.5201670551719506,-0.5719345939550726,0.1201970601601191,-0.6215705967146201,-0.9274745739175644,-0.4411343782059261
20.0,118.0,1001.2140502929688,0.8244933528565185,0.1717593457825232,-2.378357160883819,-0.0231457731258456,0.5201670551719506,-0.5719345939551406,0.1201970601601191,-0.6215705967146201,-0.9274745739175644,-0.4411343782008189
20.0,118.0,1001.2140502929688,0.8244933528565955,0.1717593457825232,-2.378357160883819,-0.0231452645298319,0.5201670551719506,-0.5719345940877746,0.1201970601601191,-0.6215705967146201,-0.9274745739175644,-0.441134378206172
20.0,118.0,1001.2140502929688,0.8244933528565186,0.1717593457825232,-2.378357160883819,-0.0231452645298319,0.5201670551719506,-0.5719345940877746,0.1201970601601191,-0.6215705967146201,-0.9274745739175644,-0.441134378205709
20.0,118.0,1001.2140502929688,0.8244933528564414,0.1717593457825232,-2.378357160883819,-0.0231457905841014,0.5201670551719506,-0.5719345939552795,0.1201970601601191,-0.6215705967146201,-0.9274745739175644,-0.441134378548269
20.0,118.0,1001.2140502929688,0.8244933528565955,0.1717593457825232,-2.378357160883819,-0.0231452645298319,0.5201670551719506,-0.5719345940877746,0.1201970601601191,-0.6215705967146201,-0.9274745739175644,-0.4411343782060146
20.0,118.0,1001.2140502929688,0.8244933528565185,0.1717593457825232,-2.378357160883819,-0.0231452359973162,0.5201670551719506,-0.5719345939534408,0.1201970601601191,-0.6215705967146201,-0.9274745739175644,-0.441132295191679
20.0,118.0,1001.2140502929688,0.8244933528565186,0.1717593457825232,-2.378357160883819,-0.0231452656457274,0.5201670551719506,-0.5719345939514034,0.1201970601601191,-0.6215705967146201,-0.9274745739175644,-0.441134378206172
20.0,118.0,1001.2140502929688,0.8244933528564414,0.1717593457825232,-2.378357160883819,-0.0231452353974566,0.5201670551719506,-0.571934593955282,0.1201970601601191,-0.6215705967146201,-0.9274745739175644,-0.441134378548269
20.0,118.0,1001.2140502929688,0.8244933528565185,0.1717593457825232,-2.378357160883819,-0.0231457731258456,0.5201670551719506,-0.5719345939551406,0.1201970601601191,-0.6215705967146201,-0.9274745739175644,-0.4411343782009364
20.0,118.0,1001.2140502929688,0.824493352856442,0.1717593457825232,-2.378357160883819,-0.0231452280670609,0.5201670551719506,-0.5719345939554097,0.1201970601601191,-0.6215705967146201,-0.9274745739175644,-0.441134378548269
20.0,119.0,1001.06591796875,0.8244933528957872,0.1717593457825232,-2.376671667044584,-0.0231454621569108,0.5201670551719506,-0.5719345939535587,0.1201970601601191,-0.6215705967146201,-0.9274745739175644,-0.4408923202031081
20.0,119.0,1001.2133178710938,0.8244933528564414,0.1717593457825232,-2.378357160883819,-0.0231452280670609,0.5201670551719506,-0.5719345939553915,0.1201970601601191,-0.6215705967146201,-0.9274745739175644,-0.4408841928344608
20.0,119.0,1001.2133178710938,0.8244933528957872,0.1717593457825232,-2.378357160883819,-0.0231454621569108,0.5201670551719506,-0.5719345939535727,0.1201970601601191,-0.6215705967146201,-0.9274745739175644,-0.4408923202031081
20.0,119.0,1001.2133178710938,0.8244933528564414,0.1717593457825232,-2.378357160883819,-0.0231452280670609,0.5201670551719506,-0.5719345939553915,0.1201970601601191,-0.6215705967146201,-0.9274745739175644,-0.4408841928344608
20.0,119.0,1001.2133178710938,0.8244933528973791,0.1717593457825232,-2.378357160883819,-0.0231452280670609,0.5201670551719506,-0.5719345939553915,0.1201970601601191,-0.6215705967146201,-0.9274745739175644,-0.4408841928344608
20.0,119.0,1001.2133178710938,0.8244933528564414,0.1717593457825232,-2.378357160883819,-0.0231457905841014,0.5201670551719506,-0.5719345939552795,0.1201970601601191,-0.6215705967146201,-0.9274745739175644,-0.4408888735452035
20.0,119.0,1001.21337890625,0.8244933528958243,0.1717593457825232,-2.378357160883819,-0.0231398569597134,0.5201670551719506,-0.5719345939553897,0.1201970601601191,-0.6215705967146201,-0.9274745739175644,-0.4409083072842362
20.0,119.0,1001.21337890625,0.8244933528958227,0.1717593457825232,-2.378357160883819,-0.0231398536691898,0.5201670551719506,-0.5719345939553897,0.1201970601601191,-0.6215705967146201,-0.9274745739175644,-0.4409083072842362
20.0,119.0,1001.21337890625,0.8244933528958243,0.1717593457825232,-2.378357160883819,-0.0231398569597134,0.5201670551719506,-0.5719345939553897,0.1201970601601191,-0.6215705967146201,-0.9274745739175644,-0.4409083072842362
20.0,119.0,1001.2134399414062,0.8244933528961484,0.1717593457825232,-2.378357160883819,-0.0231400730460136,0.5201670551719506,-0.5719345939553897,0.1201970601601191,-0.6215705967146201,-0.9274745739175644,-0.4408921807612237
20.0,119.0,1001.2134399414062,0.8244933528565185,0.1717593457825232,-2.378357160883819,-0.0231398276059106,0.5201670551719506,-0.5719345939534408,0.1201970601601191,-0.6215705967146201,-0.9274745739175644,-0.4409075315601403
20.0,119.0,1001.2134399414062,0.8244933528961484,0.1717593457825232,-2.378357160883819,-0.0231400745895013,0.5201670551719506,-0.5719345939553897,0.1201970601601191,-0.6215705967146201,-0.9274745739175644,-0.4408921807612237
20.0,119.0,1001.2134399414062,0.8244933528961484,0.1717593457825232,-2.378357160883819,-0.0231398954328281,0.5201670551719506,-0.5719345939556142,0.1201970601601191,-0.6215705967146201,-0.9274745739175644,-0.4408909770857228
20.0,119.0,1001.2134399414062,0.8244933528562951,0.1717593457825232,-2.378357160883819,-0.0231398277365188,0.5201670551719506,-0.5719345939554108,0.1201970601601191,-0.6215705967146201,-0.9274745739175644,-0.4409001074007503
20.0,119.0,1001.2134399414062,0.8244933528565185,0.1717593457825232,-2.378357160883819,-0.0231398276059106,0.5201670551719506,-0.5719345939534408,0.1201970601601191,-0.6215705967146201,-0.9274745739175644,-0.4409075315601403
20.0,119.0,1001.2134399414062,0.8244933528565185,0.1717593457825232,-2.378357160883819,-0.0231398593062982,0.5201670551719506,-0.5719345939553947,0.1201970601601191,-0.6215705967146201,-0.9274745739175644,-0.4408962868118899
20.0,119.0,1001.2134399414062,0.8244933528961484,0.1717593457825232,-2.378357160883819,-0.0231400730460136,0.5201670551719506,-0.5719345939553897,0.1201970601601191,-0.6215705967146201,-0.9274745739175644,-0.4408921807612237
20.0,119.0,1001.2134399414062,0.82449335289615,0.1717593457825232,-2.378357160883819,-0.0231398987233517,0.5201670551719506,-0.5719345939556142,0.1201970601601191,-0.6215705967146201,-0.9274745739175644,-0.4408909770857228
20.0,119.0,1001.2134399414062,0.8244933528951499,0.1717593457825232,-2.378357160883819,-0.0231400335919861,0.5201670551719506,-0.5719345939552888,0.1201970601601191,-0.6215705967146201,-0.9274745739175644,-0.4409030298664308
20.0,119.0,1001.2135009765624,0.8244933528961484,0.1717593457825232,-2.378357160883819,-0.0231398930080988,0.5201670551719506,-0.5719345939553897,0.1201970601601191,-0.6215705967146201,-0.9274745739175644,-0.4408875464117291
20.0,119.0,1001.2135009765624,0.8244933528961484,0.1717593457825232,-2.378357160883819,-0.0231398954328281,0.5201670551719506,-0.5719345939553897,0.1201970601601191,-0.6215705967146201,-0.9274745739175644,-0.4408921807612237
20.0,119.0,1001.2135009765624,0.8244933528961484,0.1717593457825232,-2.378357160883819,-0.0231398954522345,0.5201670551719506,-0.5719345939553897,0.1201970601601191,-0.6215705967146201,-0.9274745739175644,-0.4408923215438878
20.0,119.0,1001.2135009765624,0.8244933528958205,0.1717593457825232,-2.378357160883819,-0.0231398943116326,0.5201670551719506,-0.5719345939553897,0.1201970601601191,-0.6215705967146201,-0.9274745739175644,-0.4408923202031081
20.0,119.0,1001.2135009765624,0.8244933528961484,0.1717593457825232,-2.378357160883819,-0.0231398954522345,0.5201670551719506,-0.5719345941006866,0.1201970601601191,-0.6215705967146201,-0.9274745739175644,-0.4408923215438878
20.0,119.0,1001.2135009765624,0.8244933528961484,0.1717593457825232,-2.378357160883819,-0.0231398719060946,0.5201670551719506,-0.5719345939553897,0.1201970601601191,-0.6215705967146201,-0.9274745739175644,-0.4408926586004558
20.0,119.0,1001.2135009765624,0.8244933528980225,0.1717593457825232,-2.378357160883819,-0.0231398156901056,0.5201670551719506,-0.5719345939553897,0.1201970601601191,-0.6215705967146201,-0.9274745739175644,-0.4409001074007503
20.0,119.0,1001.2135009765624,0.824493352897695,0.1717593457825232,-2.378357160883819,-0.023139902016201,0.5201670551719506,-0.5719345939553213,0.1201970601601191,-0.6215705967146201,-0.9274745739175644,-0.4408875464117291
20.0,119.0,1001.2135009765624,0.8244933528565185,0.1717593457825232,-2.378357160883819,-0.0231398572566343,0.5201670551719506,-0.5719345939553947,0.1201970601601191,-0.6215705967146201,-0.9274745739175644,-0.440896451878269
20.0,119.0,1001.2135009765624,0.8244933528961484,0.1717593457825232,-2.378357160883819,-0.0231398954328281,0.5201670551719506,-0.5719345939553897,0.1201970601601191,-0.6215705967146201,-0.9274745739175644,-0.4408921807612237
20.0,119.0,1001.2135009765624,0.8244933528565185,0.1717593457825232,-2.378357160883819,-0.0231398572566343,0.5201670551719506,-0.5719345939553947,0.1201970601601191,-0.6215705967146201,-0.9274745739175644,-0.440896451878269
20.0,119.0,1001.2135009765624,0.824493352893781,0.1717593457825232,-2.378357160883819,-0.0231399012736704,0.5201670551719506,-0.5719345939551918,0.1201970601601191,-0.6215705967146201,-0.9274745739175644,-0.4408872535319764
20.0,119.0,1001.2135009765624,0.8244933528980225,0.1717593457825232,-2.378357160883819,-0.0231398156901056,0.5201670551719506,-0.5719345939553897,0.1201970601601191,-0.6215705967146201,-0.9274745739175644,-0.4409001074007503
20.0,119.0,1001.2135009765624,0.8244933528961484,0.1717593457825232,-2.378357160883819,-0.0231398954522345,0.5201670551719506,-0.5719345941006866,0.1201970601601191,-0.6215705967146201,-0.9274745739175644,-0.4408923215438878
20.0,119.0,1001.2135009765624,0.8244933528961484,0.1717593457825232,-2.378357160883819,-0.0231398945281439,0.5201670551719506,-0.5719345939553897,0.1201970601601191,-0.6215705967146201,-0.9274745739175644,-0.4408923220941983
20.0,119.0,1001.2135009765624,0.8244933528961484,0.1717593457825232,-2.378357160883819,-0.0231398954328281,0.5201670551719506,-0.5719345940970564,0.1201970601601191,-0.6215705967146201,-0.9274745739175644,-0.4408921807612237
20.0,119.0,1001.2135009765624,0.8244933528588788,0.1717593457825232,-2.378357160883819,-0.0231398940643926,0.5201670551719506,-0.5719345939553947,0.1201970601601191,-0.6215705967146201,-0.9274745739175644,-0.440896451878269
20.0,119.0,1001.2135009765624,0.8244933528961484,0.1717593457825232,-2.378357160883819,-0.0231398728301853,0.5201670551719506,-0.5719345941006866,0.1201970601601191,-0.6215705967146201,-0.9274745739175644,-0.4408926580501452
20.0,119.0,1001.2135009765624,0.824493352893788,0.1717593457825232,-2.378357160883819,-0.0231398562003405,0.5201670551719506,-0.5719345939553897,0.1201970601601191,-0.6215705967146201,-0.9274745739175644,-0.4408875464117291
20.0,119.0,1001.2135009765624,0.8244933528961484,0.1717593457825232,-2.378357160883819,-0.0231398719060946,0.5201670551719506,-0.5719345939553897,0.1201970601601191,-0.6215705967146201,-0.9274745739175644,-0.4408926586004558
20.0,119.0,1001.2135009765624,0.824493352893781,0.1717593457825232,-2.378357160883819,-0.0231399012736704,0.5201670551719506,-0.5719345939551918,0.1201970601601191,-0.6215705967146201,-0.9274745739175644,-0.4408872535319764
20.0,119.0,1001.2135009765624,0.8244933528958243,0.1717593457825232,-2.378357160883819,-0.0231398571806657,0.5201670551719506,-0.5719345939553897,0.1201970601601191,-0.6215705967146201,-0.9274745739175644,-0.4408828942514646
20.0,119.0,1001.2135620117188,0.8244933528958243,0.1717593457825232,-2.378357160883819,-0.0231398592303296,0.5201670551719506,-0.5719345939553897,0.1201970601601191,-0.6215705967146201,-0.9274745739175644,-0.4408827291850855
20.0,119.0,1001.2135620117188,0.8244933528958305,0.1717593457825232,-2.378357160883819,-0.0231400774697761,0.5201670551719506,-0.5719345939551284,0.1201970601601191,-0.6215705967146201,-0.9274745739175644,-0.440879503424396
20.0,119.0,1001.2135620117188,0.8244933528961522,0.1717593457825232,-2.378357160883819,-0.0231398603515251,0.5201670551719506,-0.5719345939553897,0.1201970601601191,-0.6215705967146201,-0.9274745739175644,-0.4408825897432011
20.0,119.0,1001.2135620117188,0.82449335289395,0.1717593457825232,-2.378357160883819,-0.0231398657381739,0.5201670551719506,-0.5719345939535305,0.1201970601601191,-0.6215705967146201,-0.9274745739175644,-0.4408753725801196
20.0,119.0,1001.2135620117188,0.8244933528565185,0.1717593457825232,-2.378357160883819,-0.0231398298765268,0.5201670551719506,-0.5719345939534408,0.1201970601601191,-0.6215705967146201,-0.9274745739175644,-0.4408819534609897
20.0,119.0,1001.2138061523438,0.8244933528565185,0.1717593457825232,-2.378357160883819,-0.0231446308123519,0.5201670551719506,-0.571934593955128,0.1201970601601191,-0.6215705967146201,-0.9274745739175644,-0.4411048977727546
20.0,119.0,1001.2138061523438,0.824493352896244,0.1717593457825232,-2.378357160883819,-0.0231446877393438,0.5201670551719506,-0.571934593955128,0.1201970601601191,-0.6215705967146201,-0.9274745739175644,-0.4411005691005416
20.0,119.0,1001.2138061523438,0.8244933528565185,0.1717593457825232,-2.378357160883819,-0.0231446308123519,0.5201670551719506,-0.571934593955128,0.1201970601601191,-0.6215705967146201,-0.9274745739175644,-0.4411048977727546
20.0,119.0,1001.2138671875,0.8244933528565185,0.1717593457825232,-2.378357160883819,-0.0231446308123519,0.5201670551719506,-0.571934593955128,0.1201970601601191,-0.6215705967146201,-0.9274745739175644,-0.4411052859389444
20.0,120.0,1001.06591796875,0.8244933528957872,0.1717593457825232,-2.376671667044584,-0.0231454621569108,0.5201670551719506,-0.5719345939535587,0.1201970601601191,-0.6215705967146201,-0.9274745739175644,-0.4408923202031081
20.0,120.0,1001.2133178710938,0.8244933528564414,0.1717593457825232,-2.378357160883819,-0.0231452280670609,0.5201670551719506,-0.5719345939553915,0.1201970601601191,-0.6215705967146201,-0.9274745739175644,-0.4408841928344608
20.0,120.0,1001.2133178710938,0.8244933528957872,0.1717593457825232,-2.378357160883819,-0.0231454621569108,0.5201670551719506,-0.5719345939535727,0.1201970601601191,-0.6215705967146201,-0.9274745739175644,-0.4408923202031081
20.0,120.0,1001.2133178710938,0.8244933528564414,0.1717593457825232,-2.378357160883819,-0.0231452280670609,0.5201670551719506,-0.5719345939553915,0.1201970601601191,-0.6215705967146201,-0.9274745739175644,-0.4408841928344608
20.0,120.0,1001.2133178710938,0.8244933528973791,0.1717593457825232,-2.378357160883819,-0.0231452280670609,0.5201670551719506,-0.5719345939553915,0.1201970601601191,-0.6215705967146201,-0.9274745739175644,-0.4408841928344608
20.0,120.0,1001.2133178710938,0.8244933528564414,0.1717593457825232,-2.378357160883819,-0.0231457905841014,0.5201670551719506,-0.5719345939552795,0.1201970601601191,-0.6215705967146201,-0.9274745739175644,-0.4408888735452035
20.0,120.0,1001.2133178710938,0.8244933528564414,0.1717593457825232,-2.378357160883819,-0.023145767920169,0.5201670551719506,-0.5719345939552795,0.1201970601601191,-0.6215705967146201,-0.9274745739175644,-0.4408888735452035
20.0,120.0,1001.2133178710938,0.8244933528957872,0.1717593457825232,-2.378357160883819,-0.0231454180507011,0.5201670551719506,-0.5719345939535727,0.1201970601601191,-0.6215705967146201,-0.9274745739175644,-0.4408923184862757
20.0,120.0,1001.21337890625,0.8244933528958243,0.1717593457825232,-2.378357160883819,-0.0231398569597134,0.5201670551719506,-0.5719345939553897,0.1201970601601191,-0.6215705967146201,-0.9274745739175644,-0.4409083072842362
20.0,120.0,1001.21337890625,0.8244933528958227,0.1717593457825232,-2.378357160883819,-0.0231398536691898,0.5201670551719506,-0.5719345939553897,0.1201970601601191,-0.6215705967146201,-0.9274745739175644,-0.4409083072842362
20.0,120.0,1001.21337890625,0.8244933528958243,0.1717593457825232,-2.378357160883819,-0.0231398569597134,0.5201670551719506,-0.5719345939553897,0.1201970601601191,-0.6215705967146201,-0.9274745739175644,-0.4409083072842362
20.0,120.0,1001.21337890625,0.8244933528546939,0.1717593457825232,-2.378357160883819,-0.0231454817330441,0.5201670551719506,-0.5719345939553915,0.1201970601601191,-0.6215705967146201,-0.9274745739175644,-0.4408841928344608
20.0,120.0,1001.21337890625,0.8244933528569632,0.1717593457825232,-2.378357160883819,-0.0231398593062982,0.5201670551719506,-0.5719345939553947,0.1201970601601191,-0.6215705967146201,-0.9274745739175644,-0.4409083569578719
20.0,120.0,1001.21337890625,0.8244933528958508,0.1717593457825232,-2.378357160883819,-0.0231398569597134,0.5201670551719506,-0.5719345939553897,0.1201970601601191,-0.6215705967146201,-0.9274745739175644,-0.4409083072842362
20.0,120.0,1001.21337890625,0.8244933528565185,0.1717593457825232,-2.378357160883819,-0.023139826126583,0.5201670551719506,-0.5719345939534408,0.1201970601601191,-0.6215705967146201,-0.9274745739175644,-0.4409082943281913
20.0,120.0,1001.2134399414062,0.8244933528961484,0.1717593457825232,-2.378357160883819,-0.0231400730460136,0.5201670551719506,-0.5719345939553897,0.1201970601601191,-0.6215705967146201,-0.9274745739175644,-0.4408921807612237
20.0,120.0,1001.2134399414062,0.8244933528565185,0.1717593457825232,-2.378357160883819,-0.0231398276059106,0.5201670551719506,-0.5719345939534408,0.1201970601601191,-0.6215705967146201,-0.9274745739175644,-0.4409075315601403
20.0,120.0,1001.2134399414062,0.8244933528961484,0.1717593457825232,-2.378357160883819,-0.0231400745895013,0.5201670551719506,-0.5719345939553897,0.1201970601601191,-0.6215705967146201,-0.9274745739175644,-0.4408921807612237
20.0,120.0,1001.2134399414062,0.8244933528961484,0.1717593457825232,-2.378357160883819,-0.0231398954328281,0.5201670551719506,-0.5719345939556142,0.1201970601601191,-0.6215705967146201,-0.9274745739175644,-0.4408909770857228
20.0,120.0,1001.2134399414062,0.8244933528562951,0.1717593457825232,-2.378357160883819,-0.0231398277365188,0.5201670551719506,-0.5719345939554108,0.1201970601601191,-0.6215705967146201,-0.9274745739175644,-0.4409001074007503
20.0,120.0,1001.2134399414062,0.8244933528565185,0.1717593457825232,-2.378357160883819,-0.0231398276059106,0.5201670551719506,-0.5719345939534408,0.1201970601601191,-0.6215705967146201,-0.9274745739175644,-0.4409075315601403
20.0,120.0,1001.2134399414062,0.8244933528565185,0.1717593457825232,-2.378357160883819,-0.0231398593062982,0.5201670551719506,-0.5719345939553947,0.1201970601601191,-0.6215705967146201,-0.9274745739175644,-0.4408962868118899
20.0,120.0,1001.2134399414062,0.8244933528961484,0.1717593457825232,-2.378357160883819,-0.0231400730460136,0.5201670551719506,-0.5719345939553897,0.1201970601601191,-0.6215705967146201,-0.9274745739175644,-0.4408921807612237
20.0,120.0,1001.2134399414062,0.82449335289615,0.1717593457825232,-2.378357160883819,-0.0231398987233517,0.5201670551719506,-0.5719345939556142,0.1201970601601191,-0.6215705967146201,-0.9274745739175644,-0.4408909770857228
20.0,120.0,1001.2134399414062,0.8244933528951499,0.1717593457825232,-2.378357160883819,-0.0231400335919861,0.5201670551719506,-0.5719345939552888,0.1201970601601191,-0.6215705967146201,-0.9274745739175644,-0.4409030298664308
20.0,120.0,1001.2134399414062,0.8244933528961484,0.1717593457825232,-2.378357160883819,-0.0231400648682129,0.5201670551719506,-0.5719345939553897,0.1201970601601191,-0.6215705967146201,-0.9274745739175644,-0.4408921831628427
20.0,120.0,1001.2134399414062,0.8244933528961484,0.1717593457825232,-2.378357160883819,-0.023140118695711,0.5201670551719506,-0.5719345939553897,0.1201970601601191,-0.6215705967146201,-0.9274745739175644,-0.4408921824780561
20.0,120.0,1001.2134399414062,0.8244933528968973,0.1717593457825232,-2.378357160883819,-0.0231397799260029,0.5201670551719506,-0.5719345939552888,0.1201970601601191,-0.6215705967146201,-0.9274745739175644,-0.4409030298664308
20.0,120.0,1001.2134399414062,0.8244933528562951,0.1717593457825232,-2.378357160883819,-0.0231398277365188,0.5201670551719506,-0.5719345939554108,0.1201970601601191,-0.6215705967146201,-0.9274745739175644,-0.4409001074007503
20.0,120.0,1001.2135009765624,0.8244933528961484,0.1717593457825232,-2.378357160883819,-0.0231398930080988,0.5201670551719506,-0.5719345939553897,0.1201970601601191,-0.6215705967146201,-0.9274745739175644,-0.4408875464117291
20.0,120.0,1001.2135009765624,0.8244933528961484,0.1717593457825232,-2.378357160883819,-0.0231398954328281,0.5201670551719506,-0.5719345939553897,0.1201970601601191,-0.6215705967146201,-0.9274745739175644,-0.4408921807612237
20.0,120.0,1001.2135009765624,0.8244933528961484,0.1717593457825232,-2.378357160883819,-0.0231398954522345,0.5201670551719506,-0.5719345939553897,0.1201970601601191,-0.6215705967146201,-0.9274745739175644,-0.4408923215438878
20.0,120.0,1001.2135009765624,0.8244933528958205,0.1717593457825232,-2.378357160883819,-0.0231398943116326,0.5201670551719506,-0.5719345939553897,0.1201970601601191,-0.6215705967146201,-0.9274745739175644,-0.4408923202031081
20.0,120.0,1001.2135009765624,0.8244933528961484,0.1717593457825232,-2.378357160883819,-0.0231398954522345,0.5201670551719506,-0.5719345941006866,0.1201970601601191,-0.6215705967146201,-0.9274745739175644,-0.4408923215438878
20.0,120.0,1001.2135009765624,0.8244933528961484,0.1717593457825232,-2.378357160883819,-0.0231398719060946,0.5201670551719506,-0.5719345939553897,0.1201970601601191,-0.6215705967146201,-0.9274745739175644,-0.4408926586004558
20.0,120.0,1001.2135009765624,0.8244933528980225,0.1717593457825232,-2.378357160883819,-0.0231398156901056,0.5201670551719506,-0.5719345939553897,0.1201970601601191,-0.6215705967146201,-0.9274745739175644,-0.4409001074007503
20.0,120.0,1001.2135009765624,0.824493352897695,0.1717593457825232,-2.378357160883819,-0.023139902016201,0.5201670551719506,-0.5719345939553213,0.1201970601601191,-0.6215705967146201,-0.9274745739175644,-0.4408875464117291
20.0,120.0,1001.2135009765624,0.8244933528565185,0.1717593457825232,-2.378357160883819,-0.0231398572566343,0.5201670551719506,-0.5719345939553947,0.1201970601601191,-0.6215705967146201,-0.9274745739175644,-0.440896451878269
20.0,120.0,1001.2135009765624,0.8244933528961484,0.1717593457825232,-2.378357160883819,-0.0231398954328281,0.5201670551719506,-0.5719345939553897,0.1201970601601191,-0.6215705967146201,-0.9274745739175644,-0.4408921807612237
20.0,120.0,1001.2135009765624,0.8244933528565185,0.1717593457825232,-2.378357160883819,-0.0231398572566343,0.5201670551719506,-0.5719345939553947,0.1201970601601191,-0.6215705967146201,-0.9274745739175644,-0.440896451878269
20.0,120.0,1001.2135009765624,0.824493352893781,0.1717593457825232,-2.378357160883819,-0.0231399012736704,0.5201670551719506,-0.5719345939551918,0.1201970601601191,-0.6215705967146201,-0.9274745739175644,-0.4408872535319764
20.0,120.0,1001.2135009765624,0.8244933528980225,0.1717593457825232,-2.378357160883819,-0.0231398156901056,0.5201670551719506,-0.5719345939553897,0.1201970601601191,-0.6215705967146201,-0.9274745739175644,-0.4409001074007503
20.0,120.0,1001.2135009765624,0.8244933528961484,0.1717593457825232,-2.378357160883819,-0.0231398954522345,0.5201670551719506,-0.5719345941006866,0.1201970601601191,-0.6215705967146201,-0.9274745739175644,-0.4408923215438878
20.0,120.0,1001.2135009765624,0.8244933528961484,0.1717593457825232,-2.378357160883819,-0.0231398945281439,0.5201670551719506,-0.5719345939553897,0.1201970601601191,-0.6215705967146201,-0.9274745739175644,-0.4408923220941983
20.0,120.0,1001.2135009765624,0.8244933528961484,0.1717593457825232,-2.378357160883819,-0.0231398954328281,0.5201670551719506,-0.5719345940970564,0.1201970601601191,-0.6215705967146201,-0.9274745739175644,-0.4408921807612237
20.0,120.0,1001.2135009765624,0.8244933528588788,0.1717593457825232,-2.378357160883819,-0.0231398940643926,0.5201670551719506,-0.5719345939553947,0.1201970601601191,-0.6215705967146201,-0.9274745739175644,-0.440896451878269
20.0,120.0,1001.2135009765624,0.8244933528961484,0.1717593457825232,-2.378357160883819,-0.0231398728301853,0.5201670551719506,-0.5719345941006866,0.1201970601601191,-0.6215705967146201,-0.9274745739175644,-0.4408926580501452
20.0,120.0,1001.2135009765624,0.824493352893788,0.1717593457825232,-2.378357160883819,-0.0231398562003405,0.5201670551719506,-0.5719345939553897,0.1201970601601191,-0.6215705967146201,-0.9274745739175644,-0.4408875464117291
20.0,120.0,1001.2135009765624,0.8244933528961484,0.1717593457825232,-2.378357160883819,-0.0231398719060946,0.5201670551719506,-0.5719345939553897,0.1201970601601191,-0.6215705967146201,-0.9274745739175644,-0.4408926586004558
20.0,120.0,1001.2135009765624,0.824493352893781,0.1717593457825232,-2.378357160883819,-0.0231399012736704,0.5201670551719506,-0.5719345939551918,0.1201970601601191,-0.6215705967146201,-0.9274745739175644,-0.4408872535319764
20.0,121.0,1001.06591796875,0.8244933528957872,0.1717593457825232,-2.376671667044584,-0.0231454621569108,0.5201670551719506,-0.5719345939535587,0.1201970601601191,-0.6215705967146201,-0.9274745739175644,-0.4408923202031081
20.0,121.0,1001.0662231445312,0.8244933528961594,0.1717593457825232,-2.376667790423314,-0.0231454621569108,0.5201670551719506,-0.5719345939535587,0.1201970601601191,-0.6215705967146201,-0.9274745739175644,-0.4408923433807866
20.0,121.0,1001.1743774414062,0.8244933528958508,0.1717593457825232,-2.378357160883819,-0.0258563374256853,0.5201670551719506,-0.5719345939553897,0.1201970601601191,-0.6215705967146201,-0.9274745739175644,-0.4409083072842362
20.0,121.0,1001.2132568359376,0.8244933528536122,0.1717593457825232,-2.378357160883819,-0.0231451415166903,0.5201670551719506,-0.5719345939553915,0.1201970601601191,-0.6215705967146201,-0.9274745739175644,-0.4408912953462211
20.0,121.0,1001.2132568359376,0.8244933528957872,0.1717593457825232,-2.378357160883819,-0.0231454180507011,0.5201670551719506,-0.5719345939535727,0.1201970601601191,-0.6215705967146201,-0.9274745739175644,-0.4409106534722705
20.0,121.0,1001.2132568359376,0.8244933528957872,0.1717593457825232,-2.378357160883819,-0.0231454621569108,0.5201670551719506,-0.5719345939553842,0.1201970601601191,-0.6215705967146201,-0.9274745739175644,-0.4408998474631168
20.0,121.0,1001.2133178710938,0.8244933528564414,0.1717593457825232,-2.378357160883819,-0.0231452280670609,0.5201670551719506,-0.5719345939553915,0.1201970601601191,-0.6215705967146201,-0.9274745739175644,-0.4408841928344608
20.0,121.0,1001.2133178710938,0.8244933528957872,0.1717593457825232,-2.378357160883819,-0.0231454621569108,0.5201670551719506,-0.5719345939535727,0.1201970601601191,-0.6215705967146201,-0.9274745739175644,-0.4408923202031081
20.0,121.0,1001.2133178710938,0.8244933528564414,0.1717593457825232,-2.378357160883819,-0.0231452280670609,0.5201670551719506,-0.5719345939553915,0.1201970601601191,-0.6215705967146201,-0.9274745739175644,-0.4408841928344608
20.0,121.0,1001.2133178710938,0.8244933528973791,0.1717593457825232,-2.378357160883819,-0.0231452280670609,0.5201670551719506,-0.5719345939553915,0.1201970601601191,-0.6215705967146201,-0.9274745739175644,-0.4408841928344608
20.0,121.0,1001.2133178710938,0.8244933528564414,0.1717593457825232,-2.378357160883819,-0.0231457905841014,0.5201670551719506,-0.5719345939552795,0.1201970601601191,-0.6215705967146201,-0.9274745739175644,-0.4408888735452035
20.0,121.0,1001.2133178710938,0.8244933528564414,0.1717593457825232,-2.378357160883819,-0.023145767920169,0.5201670551719506,-0.5719345939552795,0.1201970601601191,-0.6215705967146201,-0.9274745739175644,-0.4408888735452035
20.0,121.0,1001.2133178710938,0.8244933528957872,0.1717593457825232,-2.378357160883819,-0.0231454180507011,0.5201670551719506,-0.5719345939535727,0.1201970601601191,-0.6215705967146201,-0.9274745739175644,-0.4408923184862757
20.0,121.0,1001.2133178710938,0.8244933528957872,0.1717593457825232,-2.378357160883819,-0.0231454952073111,0.5201670551719506,-0.5719345939553897,0.1201970601601191,-0.6215705967146201,-0.9274745739175644,-0.4408875636336986
20.0,121.0,1001.2133178710938,0.8244933528961341,0.1717593457825232,-2.378357160883819,-0.0231448219879396,0.5201670551719506,-0.5719345939553897,0.1201970601601191,-0.6215705967146201,-0.9274745739175644,-0.4408917610352493
20.0,121.0,1001.2133178710938,0.8244933528564414,0.1717593457825232,-2.378357160883819,-0.0231457905841014,0.5201670551719506,-0.5719345939552795,0.1201970601601191,-0.6215705967146201,-0.9274745739175644,-0.4408888735452035
20.0,121.0,1001.2133178710938,0.824493352896443,0.1717593457825232,-2.378357160883819,-0.0231457905841014,0.5201670551719506,-0.5719345939534555,0.1201970601601191,-0.6215705967146201,-0.9274745739175644,-0.4408888735452035
20.0,121.0,1001.21337890625,0.8244933528958243,0.1717593457825232,-2.378357160883819,-0.0231398569597134,0.5201670551719506,-0.5719345939553897,0.1201970601601191,-0.6215705967146201,-0.9274745739175644,-0.4409083072842362
20.0,121.0,1001.21337890625,0.8244933528958227,0.1717593457825232,-2.378357160883819,-0.0231398536691898,0.5201670551719506,-0.5719345939553897,0.1201970601601191,-0.6215705967146201,-0.9274745739175644,-0.4409083072842362
20.0,121.0,1001.21337890625,0.8244933528958243,0.1717593457825232,-2.378357160883819,-0.0231398569597134,0.5201670551719506,-0.5719345939553897,0.1201970601601191,-0.6215705967146201,-0.9274745739175644,-0.4409083072842362
20.0,121.0,1001.21337890625,0.8244933528546939,0.1717593457825232,-2.378357160883819,-0.0231454817330441,0.5201670551719506,-0.5719345939553915,0.1201970601601191,-0.6215705967146201,-0.9274745739175644,-0.4408841928344608
20.0,121.0,1001.21337890625,0.8244933528569632,0.1717593457825232,-2.378357160883819,-0.0231398593062982,0.5201670551719506,-0.5719345939553947,0.1201970601601191,-0.6215705967146201,-0.9274745739175644,-0.4409083569578719
20.0,121.0,1001.21337890625,0.8244933528958508,0.1717593457825232,-2.378357160883819,-0.0231398569597134,0.5201670551719506,-0.5719345939553897,0.1201970601601191,-0.6215705967146201,-0.9274745739175644,-0.4409083072842362
20.0,121.0,1001.21337890625,0.8244933528565185,0.1717593457825232,-2.378357160883819,-0.023139826126583,0.5201670551719506,-0.5719345939534408,0.1201970601601191,-0.6215705967146201,-0.9274745739175644,-0.4409082943281913
20.0,121.0,1001.21337890625,0.8244933528569632,0.1717593457825232,-2.378357160883819,-0.0231398593062982,0.5201670551719506,-0.5719345939553947,0.1201970601601191,-0.6215705967146201,-0.9274745739175644,-0.4409090070319102
20.0,121.0,1001.21337890625,0.8244933528958508,0.1717593457825232,-2.378357160883819,-0.0231398569597134,0.5201670551719506,-0.5719345939553897,0.1201970601601191,-0.6215705967146201,-0.9274745739175644,-0.4409083072842362
20.0,121.0,1001.21337890625,0.8244933528958227,0.1717593457825232,-2.378357160883819,-0.0231398536691898,0.5201670551719506,-0.5719345939553897,0.1201970601601191,-0.6215705967146201,-0.9274745739175644,-0.4409083072842362
20.0,121.0,1001.21337890625,0.8244933528958243,0.1717593457825232,-2.378357160883819,-0.023139856936865,0.5201670551719506,-0.5719345939553897,0.1201970601601191,-0.6215705967146201,-0.9274745739175644,-0.4409083072842362
20.0,121.0,1001.2134399414062,0.8244933528961484,0.1717593457825232,-2.378357160883819,-0.0231400730460136,0.5201670551719506,-0.5719345939553897,0.1201970601601191,-0.6215705967146201,-0.9274745739175644,-0.4408921807612237
20.0,121.0,1001.2134399414062,0.8244933528565185,0.1717593457825232,-2.378357160883819,-0.0231398276059106,0.5201670551719506,-0.5719345939534408,0.1201970601601191,-0.6215705967146201,-0.9274745739175644,-0.4409075315601403
20.0,121.0,1001.2134399414062,0.8244933528961484,0.1717593457825232,-2.378357160883819,-0.0231400745895013,0.5201670551719506,-0.5719345939553897,0.1201970601601191,-0.6215705967146201,-0.9274745739175644,-0.4408921807612237
20.0,121.0,1001.2134399414062,0.8244933528961484,0.1717593457825232,-2.378357160883819,-0.0231398954328281,0.5201670551719506,-0.5719345939556142,0.1201970601601191,-0.6215705967146201,-0.9274745739175644,-0.4408909770857228
20.0,121.0,1001.2134399414062,0.8244933528562951,0.1717593457825232,-2.378357160883819,-0.0231398277365188,0.5201670551719506,-0.5719345939554108,0.1201970601601191,-0.6215705967146201,-0.9274745739175644,-0.4409001074007503
20.0,121.0,1001.2134399414062,0.8244933528565185,0.1717593457825232,-2.378357160883819,-0.0231398276059106,0.5201670551719506,-0.5719345939534408,0.1201970601601191,-0.6215705967146201,-0.9274745739175644,-0.4409075315601403
20.0,121.0,1001.2134399414062,0.8244933528565185,0.1717593457825232,-2.378357160883819,-0.0231398593062982,0.5201670551719506,-0.5719345939553947,0.1201970601601191,-0.6215705967146201,-0.9274745739175644,-0.4408962868118899
20.0,121.0,1001.2134399414062,0.8244933528961484,0.1717593457825232,-2.378357160883819,-0.0231400730460136,0.5201670551719506,-0.5719345939553897,0.1201970601601191,-0.6215705967146201,-0.9274745739175644,-0.4408921807612237
20.0,121.0,1001.2134399414062,0.82449335289615,0.1717593457825232,-2.378357160883819,-0.0231398987233517,0.5201670551719506,-0.5719345939556142,0.1201970601601191,-0.6215705967146201,-0.9274745739175644,-0.4408909770857228
20.0,121.0,1001.2134399414062,0.8244933528951499,0.1717593457825232,-2.378357160883819,-0.0231400335919861,0.5201670551719506,-0.5719345939552888,0.1201970601601191,-0.6215705967146201,-0.9274745739175644,-0.4409030298664308
20.0,121.0,1001.2134399414062,0.8244933528961484,0.1717593457825232,-2.378357160883819,-0.0231400648682129,0.5201670551719506,-0.5719345939553897,0.1201970601601191,-0.6215705967146201,-0.9274745739175644,-0.4408921831628427
20.0,121.0,1001.2134399414062,0.8244933528961484,0.1717593457825232,-2.378357160883819,-0.023140118695711,0.5201670551719506,-0.5719345939553897,0.1201970601601191,-0.6215705967146201,-0.9274745739175644,-0.4408921824780561
20.0,121.0,1001.2134399414062,0.8244933528968973,0.1717593457825232,-2.378357160883819,-0.0231397799260029,0.5201670551719506,-0.5719345939552888,0.1201970601601191,-0.6215705967146201,-0.9274745739175644,-0.4409030298664308
20.0,121.0,1001.2134399414062,0.8244933528562951,0.1717593457825232,-2.378357160883819,-0.0231398277365188,0.5201670551719506,-0.5719345939554108,0.1201970601601191,-0.6215705967146201,-0.9274745739175644,-0.4409001074007503
20.0,121.0,1001.2134399414062,0.8244933528958217,0.1717593457825232,-2.378357160883819,-0.0231401415387168,0.5201670551719506,-0.5719345939553915,0.1201970601601191,-0.6215705967146201,-0.9274745739175644,-0.4409090029329422
20.0,121.0,1001.2134399414062,0.8244933528547053,0.1717593457825232,-2.378357160883819,-0.0231397494309085,0.5201670551719506,-0.5719345939553913,0.1201970601601191,-0.6215705967146201,-0.9274745739175644,-0.4409001074007503
20.0,121.0,1001.2134399414062,0.8244933528565241,0.1717593457825232,-2.378357160883819,-0.0231398599507628,0.5201670551719506,-0.5719345939553948,0.1201970601601191,-0.6215705967146201,-0.9274745739175644,-0.4408961795451191
20.0,121.0,1001.2134399414062,0.8244933528565185,0.1717593457825232,-2.378357160883819,-0.023139826126583,0.5201670551719506,-0.5719345939551748,0.1201970601601191,-0.6215705967146201,-0.9274745739175644,-0.4409092182742422
20.0,121.0,1001.2135009765624,0.8244933528961484,0.1717593457825232,-2.378357160883819,-0.0231398930080988,0.5201670551719506,-0.5719345939553897,0.1201970601601191,-0.6215705967146201,-0.9274745739175644,-0.4408875464117291
20.0,121.0,1001.2135009765624,0.8244933528961484,0.1717593457825232,-2.378357160883819,-0.0231398954328281,0.5201670551719506,-0.5719345939553897,0.1201970601601191,-0.6215705967146201,-0.9274745739175644,-0.4408921807612237
20.0,121.0,1001.2135009765624,0.8244933528961484,0.1717593457825232,-2.378357160883819,-0.0231398954522345,0.5201670551719506,-0.5719345939553897,0.1201970601601191,-0.6215705967146201,-0.9274745739175644,-0.4408923215438878
20.0,121.0,1001.2135009765624,0.8244933528958205,0.1717593457825232,-2.378357160883819,-0.0231398943116326,0.5201670551719506,-0.5719345939553897,0.1201970601601191,-0.6215705967146201,-0.9274745739175644,-0.4408923202031081
20.0,122.0,1001.06591796875,0.8244933528957872,0.1717593457825232,-2.376671667044584,-0.0231454621569108,0.5201670551719506,-0.5719345939535587,0.1201970601601191,-0.6215705967146201,-0.9274745739175644,-0.4408923202031081
20.0,122.0,1001.0662231445312,0.8244933528961594,0.1717593457825232,-2.376667790423314,-0.0231454621569108,0.5201670551719506,-0.5719345939535587,0.1201970601601191,-0.6215705967146201,-0.9274745739175644,-0.4408923433807866
20.0,122.0,1001.0662231445312,0.8244933528957893,0.1717593457825232,-2.376671667044584,-0.023145930684012,0.5201670551719506,-0.5719345939535587,0.1201970601601191,-0.6215705967146201,-0.9274745739175644,-0.4409083490156286
20.0,122.0,1001.1743774414062,0.8244933528958508,0.1717593457825232,-2.378357160883819,-0.0258563374256853,0.5201670551719506,-0.5719345939553897,0.1201970601601191,-0.6215705967146201,-0.9274745739175644,-0.4409083072842362
20.0,122.0,1001.2079467773438,0.8244933528957872,0.1717593457825232,-2.378336105585429,-0.0231454621569108,0.5201670551719506,-0.571934593953572,0.1201970601601191,-0.6215705967146201,-0.9274745739175644,-0.4408923202031081
20.0,122.0,1001.2131958007812,0.8244933528563999,0.1717593457825232,-2.378357160883819,-0.0231457181683996,0.5201670551719506,-0.5719345939552795,0.1201970601601191,-0.6215705967146201,-0.9274745739175644,-0.4409084386963899
20.0,122.0,1001.2131958007812,0.8244933528507853,0.1717593457825232,-2.378357160883819,-0.0231450987612812,0.5201670551719506,-0.5719345939553915,0.1201970601601191,-0.6215705967146201,-0.9274745739175644,-0.4409080115564936
20.0,122.0,1001.2131958007812,0.8244933528580082,0.1717593457825232,-2.378357160883819,-0.0231452280670609,0.5201670551719506,-0.5719345939553915,0.1201970601601191,-0.6215705967146201,-0.9274745739175644,-0.4409081040705983
20.0,122.0,1001.2132568359376,0.8244933528536122,0.1717593457825232,-2.378357160883819,-0.0231451415166903,0.5201670551719506,-0.5719345939553915,0.1201970601601191,-0.6215705967146201,-0.9274745739175644,-0.4408912953462211
20.0,122.0,1001.2132568359376,0.8244933528957872,0.1717593457825232,-2.378357160883819,-0.0231454180507011,0.5201670551719506,-0.5719345939535727,0.1201970601601191,-0.6215705967146201,-0.9274745739175644,-0.4409106534722705
20.0,122.0,1001.2132568359376,0.8244933528957872,0.1717593457825232,-2.378357160883819,-0.0231454621569108,0.5201670551719506,-0.5719345939553842,0.1201970601601191,-0.6215705967146201,-0.9274745739175644,-0.4408998474631168
20.0,122.0,1001.2132568359376,0.8244933528958508,0.1717593457825232,-2.378357160883819,-0.0231454439242073,0.5201670551719506,-0.5719345939553897,0.1201970601601191,-0.6215705967146201,-0.9274745739175644,-0.4409086822278704
20.0,122.0,1001.2132568359376,0.8244933528957872,0.1717593457825232,-2.378357160883819,-0.0231454621569108,0.5201670551719506,-0.5719345939553842,0.1201970601601191,-0.6215705967146201,-0.9274745739175644,-0.4408998474631168
20.0,122.0,1001.2132568359376,0.8244933528957872,0.1717593457825232,-2.378357160883819,-0.0231454180507011,0.5201670551719506,-0.5719345939553404,0.1201970601601191,-0.6215705967146201,-0.9274745739175644,-0.4409106534722705
20.0,122.0,1001.2133178710938,0.8244933528564414,0.1717593457825232,-2.378357160883819,-0.0231452280670609,0.5201670551719506,-0.5719345939553915,0.1201970601601191,-0.6215705967146201,-0.9274745739175644,-0.4408841928344608
20.0,122.0,1001.2133178710938,0.8244933528957872,0.1717593457825232,-2.378357160883819,-0.0231454621569108,0.5201670551719506,-0.5719345939535727,0.1201970601601191,-0.6215705967146201,-0.9274745739175644,-0.4408923202031081
20.0,122.0,1001.2133178710938,0.8244933528564414,0.1717593457825232,-2.378357160883819,-0.0231452280670609,0.5201670551719506,-0.5719345939553915,0.1201970601601191,-0.6215705967146201,-0.9274745739175644,-0.4408841928344608
20.0,122.0,1001.2133178710938,0.8244933528973791,0.1717593457825232,-2.378357160883819,-0.0231452280670609,0.5201670551719506,-0.5719345939553915,0.1201970601601191,-0.6215705967146201,-0.9274745739175644,-0.4408841928344608
20.0,122.0,1001.2133178710938,0.8244933528564414,0.1717593457825232,-2.378357160883819,-0.0231457905841014,0.5201670551719506,-0.5719345939552795,0.1201970601601191,-0.6215705967146201,-0.9274745739175644,-0.4408888735452035
20.0,122.0,1001.2133178710938,0.8244933528564414,0.1717593457825232,-2.378357160883819,-0.023145767920169,0.5201670551719506,-0.5719345939552795,0.1201970601601191,-0.6215705967146201,-0.9274745739175644,-0.4408888735452035
20.0,122.0,1001.2133178710938,0.8244933528957872,0.1717593457825232,-2.378357160883819,-0.0231454180507011,0.5201670551719506,-0.5719345939535727,0.1201970601601191,-0.6215705967146201,-0.9274745739175644,-0.4408923184862757
20.0,122.0,1001.2133178710938,0.8244933528957872,0.1717593457825232,-2.378357160883819,-0.0231454952073111,0.5201670551719506,-0.5719345939553897,0.1201970601601191,-0.6215705967146201,-0.9274745739175644,-0.4408875636336986
20.0,122.0,1001.2133178710938,0.8244933528961341,0.1717593457825232,-2.378357160883819,-0.0231448219879396,0.5201670551719506,-0.5719345939553897,0.1201970601601191,-0.6215705967146201,-0.9274745739175644,-0.4408917610352493
20.0,122.0,1001.2133178710938,0.8244933528564414,0.1717593457825232,-2.378357160883819,-0.0231457905841014,0.5201670551719506,-0.5719345939552795,0.1201970601601191,-0.6215705967146201,-0.9274745739175644,-0.4408888735452035
20.0,122.0,1001.2133178710938,0.824493352896443,0.1717593457825232,-2.378357160883819,-0.0231457905841014,0.5201670551719506,-0.5719345939534555,0.1201970601601191,-0.6215705967146201,-0.9274745739175644,-0.4408888735452035
20.0,122.0,1001.2133178710938,0.8244933528957872,0.1717593457825232,-2.378357160883819,-0.0231454180507011,0.5201670551719506,-0.5719345939535727,0.1201970601601191,-0.6215705967146201,-0.9274745739175644,-0.4408873653144034
20.0,122.0,1001.2133178710938,0.8244933528963014,0.1717593457825232,-2.378357160883819,-0.023145767920169,0.5201670551719506,-0.5719345939552795,0.1201970601601191,-0.6215705967146201,-0.9274745739175644,-0.4408888735452035
20.0,122.0,1001.21337890625,0.8244933528958243,0.1717593457825232,-2.378357160883819,-0.0231398569597134,0.5201670551719506,-0.5719345939553897,0.1201970601601191,-0.6215705967146201,-0.9274745739175644,-0.4409083072842362
20.0,122.0,1001.21337890625,0.8244933528958227,0.1717593457825232,-2.378357160883819,-0.0231398536691898,0.5201670551719506,-0.5719345939553897,0.1201970601601191,-0.6215705967146201,-0.9274745739175644,-0.4409083072842362
20.0,122.0,1001.21337890625,0.8244933528958243,0.1717593457825232,-2.378357160883819,-0.0231398569597134,0.5201670551719506,-0.5719345939553897,0.1201970601601191,-0.6215705967146201,-0.9274745739175644,-0.4409083072842362
20.0,122.0,1001.21337890625,0.8244933528546939,0.1717593457825232,-2.378357160883819,-0.0231454817330441,0.5201670551719506,-0.5719345939553915,0.1201970601601191,-0.6215705967146201,-0.9274745739175644,-0.4408841928344608
20.0,122.0,1001.21337890625,0.8244933528569632,0.1717593457825232,-2.378357160883819,-0.0231398593062982,0.5201670551719506,-0.5719345939553947,0.1201970601601191,-0.6215705967146201,-0.9274745739175644,-0.4409083569578719
20.0,122.0,1001.21337890625,0.8244933528958508,0.1717593457825232,-2.378357160883819,-0.0231398569597134,0.5201670551719506,-0.5719345939553897,0.1201970601601191,-0.6215705967146201,-0.9274745739175644,-0.4409083072842362
20.0,122.0,1001.21337890625,0.8244933528565185,0.1717593457825232,-2.378357160883819,-0.023139826126583,0.5201670551719506,-0.5719345939534408,0.1201970601601191,-0.6215705967146201,-0.9274745739175644,-0.4409082943281913
20.0,122.0,1001.21337890625,0.8244933528569632,0.1717593457825232,-2.378357160883819,-0.0231398593062982,0.5201670551719506,-0.5719345939553947,0.1201970601601191,-0.6215705967146201,-0.9274745739175644,-0.4409090070319102
20.0,122.0,1001.21337890625,0.8244933528958508,0.1717593457825232,-2.378357160883819,-0.0231398569597134,0.5201670551719506,-0.5719345939553897,0.1201970601601191,-0.6215705967146201,-0.9274745739175644,-0.4409083072842362
20.0,122.0,1001.21337890625,0.8244933528958227,0.1717593457825232,-2.378357160883819,-0.0231398536691898,0.5201670551719506,-0.5719345939553897,0.1201970601601191,-0.6215705967146201,-0.9274745739175644,-0.4409083072842362
20.0,122.0,1001.21337890625,0.8244933528958243,0.1717593457825232,-2.378357160883819,-0.023139856936865,0.5201670551719506,-0.5719345939553897,0.1201970601601191,-0.6215705967146201,-0.9274745739175644,-0.4409083072842362
20.0,122.0,1001.21337890625,0.8244933528958521,0.1717593457825232,-2.378357160883819,-0.023139856936865,0.5201670551719506,-0.5719345939553897,0.1201970601601191,-0.6215705967146201,-0.9274745739175644,-0.4409083072842362
20.0,122.0,1001.21337890625,0.8244933528958243,0.1717593457825232,-2.378357160883819,-0.023139858765397,0.5201670551719506,-0.5719345939553897,0.1201970601601191,-0.6215705967146201,-0.9274745739175644,-0.4409083072842362
20.0,122.0,1001.21337890625,0.8244933528564998,0.1717593457825232,-2.378357160883819,-0.0231398570114887,0.5201670551719506,-0.5719345939553764,0.1201970601601191,-0.6215705967146201,-0.9274745739175644,-0.4409083072842362
20.0,122.0,1001.21337890625,0.8244933528546939,0.1717593457825232,-2.378357160883819,-0.0231454817330441,0.5201670551719506,-0.5719345939553915,0.1201970601601191,-0.6215705967146201,-0.9274745739175644,-0.440884254271211
20.0,122.0,1001.21337890625,0.8244933528958187,0.1717593457825232,-2.378357160883819,-0.0231398559545981,0.5201670551719506,-0.5719345939553897,0.1201970601601191,-0.6215705967146201,-0.9274745739175644,-0.4409083072842362
20.0,122.0,1001.21337890625,0.8244933528958227,0.1717593457825232,-2.378357160883819,-0.0231398536691898,0.5201670551719506,-0.5719345939553897,0.1201970601601191,-0.6215705967146201,-0.9274745739175644,-0.4409083072842362
20.0,122.0,1001.2134399414062,0.8244933528961484,0.1717593457825232,-2.378357160883819,-0.0231400730460136,0.5201670551719506,-0.5719345939553897,0.1201970601601191,-0.6215705967146201,-0.9274745739175644,-0.4408921807612237
20.0,122.0,1001.2134399414062,0.8244933528565185,0.1717593457825232,-2.378357160883819,-0.0231398276059106,0.5201670551719506,-0.5719345939534408,0.1201970601601191,-0.6215705967146201,-0.9274745739175644,-0.4409075315601403
20.0,122.0,1001.2134399414062,0.8244933528961484,0.1717593457825232,-2.378357160883819,-0.0231400745895013,0.5201670551719506,-0.5719345939553897,0.1201970601601191,-0.6215705967146201,-0.9274745739175644,-0.4408921807612237
20.0,122.0,1001.2134399414062,0.8244933528961484,0.1717593457825232,-2.378357160883819,-0.0231398954328281,0.5201670551719506,-0.5719345939556142,0.1201970601601191,-0.6215705967146201,-0.9274745739175644,-0.4408909770857228
20.0,122.0,1001.2134399414062,0.8244933528562951,0.1717593457825232,-2.378357160883819,-0.0231398277365188,0.5201670551719506,-0.5719345939554108,0.1201970601601191,-0.6215705967146201,-0.9274745739175644,-0.4409001074007503
20.0,122.0,1001.2134399414062,0.8244933528565185,0.1717593457825232,-2.378357160883819,-0.0231398276059106,0.5201670551719506,-0.5719345939534408,0.1201970601601191,-0.6215705967146201,-0.9274745739175644,-0.4409075315601403
20.0,123.0,1001.06591796875,0.8244933528957872,0.1717593457825232,-2.376671667044584,-0.0231454621569108,0.5201670551719506,-0.5719345939535587,0.1201970601601191,-0.6215705967146201,-0.9274745739175644,-0.4408923202031081
20.0,123.0,1001.06591796875,0.8244933528960978,0.1717593457825232,-2.376671667044584,-0.0231454763683038,0.5201670551719506,-0.5719345939535587,0.1201970601601191,-0.6215705967146201,-0.9274745739175644,-0.4408923202031081
20.0,123.0,1001.0662231445312,0.8244933528961594,0.1717593457825232,-2.376667790423314,-0.0231454621569108,0.5201670551719506,-0.5719345939535587,0.1201970601601191,-0.6215705967146201,-0.9274745739175644,-0.4408923433807866
20.0,123.0,1001.0662231445312,0.8244933528957893,0.1717593457825232,-2.376671667044584,-0.023145930684012,0.5201670551719506,-0.5719345939535587,0.1201970601601191,-0.6215705967146201,-0.9274745739175644,-0.4409083490156286
20.0,123.0,1001.0662231445312,0.824493352850834,0.1717593457825232,-2.376667790423314,-0.0231454621569108,0.5201670551719506,-0.5719345939554155,0.1201970601601191,-0.6215705967146201,-0.9274745739175644,-0.4408923433807866
20.0,123.0,1001.1743774414062,0.8244933528958508,0.1717593457825232,-2.378357160883819,-0.0258563374256853,0.5201670551719506,-0.5719345939553897,0.1201970601601191,-0.6215705967146201,-0.9274745739175644,-0.4409083072842362
20.0,123.0,1001.1744384765624,0.8244933528958508,0.1717593457825232,-2.378357160883819,-0.0258563374256853,0.5201670551719506,-0.5719345939553897,0.1201970601601191,-0.6215705967146201,-0.9274745739175644,-0.4409083798356293
20.0,123.0,1001.2079467773438,0.8244933528957872,0.1717593457825232,-2.378336105585429,-0.0231454621569108,0.5201670551719506,-0.571934593953572,0.1201970601601191,-0.6215705967146201,-0.9274745739175644,-0.4408923202031081
20.0,123.0,1001.2111206054688,0.8244933528957872,0.1717593457825232,-2.378357160883819,-0.0231966016467272,0.5201670551719506,-0.5719345939536203,0.1201970601601191,-0.6215705967146201,-0.9274745739175644,-0.4409106534722705
20.0,123.0,1001.213134765625,0.8244933528507853,0.1717593457825232,-2.378357160883819,-0.0231450987612812,0.5201670551719506,-0.5719345939553915,0.1201970601601191,-0.6215705967146201,-0.9274745739175644,-0.4409086933260831
20.0,123.0,1001.2131958007812,0.8244933528563999,0.1717593457825232,-2.378357160883819,-0.0231457181683996,0.5201670551719506,-0.5719345939552795,0.1201970601601191,-0.6215705967146201,-0.9274745739175644,-0.4409084386963899
20.0,123.0,1001.2131958007812,0.8244933528507853,0.1717593457825232,-2.378357160883819,-0.0231450987612812,0.5201670551719506,-0.5719345939553915,0.1201970601601191,-0.6215705967146201,-0.9274745739175644,-0.4409080115564936
20.0,123.0,1001.2131958007812,0.8244933528580082,0.1717593457825232,-2.378357160883819,-0.0231452280670609,0.5201670551719506,-0.5719345939553915,0.1201970601601191,-0.6215705967146201,-0.9274745739175644,-0.4409081040705983
20.0,123.0,1001.2131958007812,0.8244933528958243,0.1717593457825232,-2.378357160883819,-0.0231456189664566,0.5201670551719506,-0.5719345939553897,0.1201970601601191,-0.6215705967146201,-0.9274745739175644,-0.4409083072842362
20.0,123.0,1001.2131958007812,0.8244933528569632,0.1717593457825232,-2.378357160883819,-0.0231460390644729,0.5201670551719506,-0.5719345939553947,0.1201970601601191,-0.6215705967146201,-0.9274745739175644,-0.4409083569578719
20.0,123.0,1001.2131958007812,0.824493352895819,0.1717593457825232,-2.378357160883819,-0.0231457905396771,0.5201670551719506,-0.5719345939534555,0.1201970601601191,-0.6215705967146201,-0.9274745739175644,-0.4409083341682153
20.0,123.0,1001.2131958007812,0.8244933528580082,0.1717593457825232,-2.378357160883819,-0.0231452280670609,0.5201670551719506,-0.5719345939553915,0.1201970601601191,-0.6215705967146201,-0.9274745739175644,-0.4409081040705983
20.0,123.0,1001.2132568359376,0.8244933528536122,0.1717593457825232,-2.378357160883819,-0.0231451415166903,0.5201670551719506,-0.5719345939553915,0.1201970601601191,-0.6215705967146201,-0.9274745739175644,-0.4408912953462211
20.0,123.0,1001.2132568359376,0.8244933528957872,0.1717593457825232,-2.378357160883819,-0.0231454180507011,0.5201670551719506,-0.5719345939535727,0.1201970601601191,-0.6215705967146201,-0.9274745739175644,-0.4409106534722705
20.0,123.0,1001.2132568359376,0.8244933528957872,0.1717593457825232,-2.378357160883819,-0.0231454621569108,0.5201670551719506,-0.5719345939553842,0.1201970601601191,-0.6215705967146201,-0.9274745739175644,-0.4408998474631168
20.0,123.0,1001.2132568359376,0.8244933528958508,0.1717593457825232,-2.378357160883819,-0.0231454439242073,0.5201670551719506,-0.5719345939553897,0.1201970601601191,-0.6215705967146201,-0.9274745739175644,-0.4409086822278704
20.0,123.0,1001.2132568359376,0.8244933528957872,0.1717593457825232,-2.378357160883819,-0.0231454621569108,0.5201670551719506,-0.5719345939553842,0.1201970601601191,-0.6215705967146201,-0.9274745739175644,-0.4408998474631168
20.0,123.0,1001.2132568359376,0.8244933528957872,0.1717593457825232,-2.378357160883819,-0.0231454180507011,0.5201670551719506,-0.5719345939553404,0.1201970601601191,-0.6215705967146201,-0.9274745739175644,-0.4409106534722705
20.0,123.0,1001.2132568359376,0.8244933528546375,0.1717593457825232,-2.378357160883819,-0.0231455157953235,0.5201670551719506,-0.5719345939553915,0.1201970601601191,-0.6215705967146201,-0.9274745739175644,-0.4409066659669068
20.0,123.0,1001.2133178710938,0.8244933528564414,0.1717593457825232,-2.378357160883819,-0.0231452280670609,0.5201670551719506,-0.5719345939553915,0.1201970601601191,-0.6215705967146201,-0.9274745739175644,-0.4408841928344608
20.0,123.0,1001.2133178710938,0.8244933528957872,0.1717593457825232,-2.378357160883819,-0.0231454621569108,0.5201670551719506,-0.5719345939535727,0.1201970601601191,-0.6215705967146201,-0.9274745739175644,-0.4408923202031081
20.0,123.0,1001.2133178710938,0.8244933528564414,0.1717593457825232,-2.378357160883819,-0.0231452280670609,0.5201670551719506,-0.5719345939553915,0.1201970601601191,-0.6215705967146201,-0.9274745739175644,-0.4408841928344608
20.0,123.0,1001.2133178710938,0.8244933528973791,0.1717593457825232,-2.378357160883819,-0.0231452280670609,0.5201670551719506,-0.5719345939553915,0.1201970601601191,-0.6215705967146201,-0.9274745739175644,-0.4408841928344608
20.0,123.0,1001.2133178710938,0.8244933528564414,0.1717593457825232,-2.378357160883819,-0.0231457905841014,0.5201670551719506,-0.5719345939552795,0.1201970601601191,-0.6215705967146201,-0.9274745739175644,-0.4408888735452035
20.0,123.0,1001.2133178710938,0.8244933528564414,0.1717593457825232,-2.378357160883819,-0.023145767920169,0.5201670551719506,-0.5719345939552795,0.1201970601601191,-0.6215705967146201,-0.9274745739175644,-0.4408888735452035
20.0,123.0,1001.2133178710938,0.8244933528957872,0.1717593457825232,-2.378357160883819,-0.0231454180507011,0.5201670551719506,-0.5719345939535727,0.1201970601601191,-0.6215705967146201,-0.9274745739175644,-0.4408923184862757
20.0,123.0,1001.2133178710938,0.8244933528957872,0.1717593457825232,-2.378357160883819,-0.0231454952073111,0.5201670551719506,-0.5719345939553897,0.1201970601601191,-0.6215705967146201,-0.9274745739175644,-0.4408875636336986
20.0,123.0,1001.2133178710938,0.8244933528961341,0.1717593457825232,-2.378357160883819,-0.0231448219879396,0.5201670551719506,-0.5719345939553897,0.1201970601601191,-0.6215705967146201,-0.9274745739175644,-0.4408917610352493
20.0,123.0,1001.2133178710938,0.8244933528564414,0.1717593457825232,-2.378357160883819,-0.0231457905841014,0.5201670551719506,-0.5719345939552795,0.1201970601601191,-0.6215705967146201,-0.9274745739175644,-0.4408888735452035
20.0,123.0,1001.2133178710938,0.824493352896443,0.1717593457825232,-2.378357160883819,-0.0231457905841014,0.5201670551719506,-0.5719345939534555,0.1201970601601191,-0.6215705967146201,-0.9274745739175644,-0.4408888735452035
20.0,123.0,1001.2133178710938,0.8244933528957872,0.1717593457825232,-2.378357160883819,-0.0231454180507011,0.5201670551719506,-0.5719345939535727,0.1201970601601191,-0.6215705967146201,-0.9274745739175644,-0.4408873653144034
20.0,123.0,1001.2133178710938,0.8244933528963014,0.1717593457825232,-2.378357160883819,-0.023145767920169,0.5201670551719506,-0.5719345939552795,0.1201970601601191,-0.6215705967146201,-0.9274745739175644,-0.4408888735452035
20.0,123.0,1001.2133178710938,0.8244933528961341,0.1717593457825232,-2.378357160883819,-0.0231448219879396,0.5201670551719506,-0.5719345939553839,0.1201970601601191,-0.6215705967146201,-0.9274745739175644,-0.4408923163219
20.0,123.0,1001.2133178710938,0.8244933528564414,0.1717593457825232,-2.378357160883819,-0.0231452280670609,0.5201670551719506,-0.5719345939553915,0.1201970601601191,-0.6215705967146201,-0.9274745739175644,-0.4408841928344608
20.0,123.0,1001.2133178710938,0.8244933528546939,0.1717593457825232,-2.378357160883819,-0.0231452330327804,0.5201670551719506,-0.5719345939553915,0.1201970601601191,-0.6215705967146201,-0.9274745739175644,-0.4408841928344608
20.0,123.0,1001.2133178710938,0.8244933528957872,0.1717593457825232,-2.378357160883819,-0.0231454620753992,0.5201670551719506,-0.5719345939536439,0.1201970601601191,-0.6215705967146201,-0.9274745739175644,-0.4408923202031081
20.0,123.0,1001.21337890625,0.8244933528958243,0.1717593457825232,-2.378357160883819,-0.0231398569597134,0.5201670551719506,-0.5719345939553897,0.1201970601601191,-0.6215705967146201,-0.9274745739175644,-0.4409083072842362
20.0,123.0,1001.21337890625,0.8244933528958227,0.1717593457825232,-2.378357160883819,-0.0231398536691898,0.5201670551719506,-0.5719345939553897,0.1201970601601191,-0.6215705967146201,-0.9274745739175644,-0.4409083072842362
20.0,123.0,1001.21337890625,0.8244933528958243,0.1717593457825232,-2.378357160883819,-0.0231398569597134,0.5201670551719506,-0.5719345939553897,0.1201970601601191,-0.6215705967146201,-0.9274745739175644,-0.4409083072842362
20.0,123.0,1001.21337890625,0.8244933528546939,0.1717593457825232,-2.378357160883819,-0.0231454817330441,0.5201670551719506,-0.5719345939553915,0.1201970601601191,-0.6215705967146201,-0.9274745739175644,-0.4408841928344608
20.0,123.0,1001.21337890625,0.8244933528569632,0.1717593457825232,-2.378357160883819,-0.0231398593062982,0.5201670551719506,-0.5719345939553947,0.1201970601601191,-0.6215705967146201,-0.9274745739175644,-0.4409083569578719
20.0,123.0,1001.21337890625,0.8244933528958508,0.1717593457825232,-2.378357160883819,-0.0231398569597134,0.5201670551719506,-0.5719345939553897,0.1201970601601191,-0.6215705967146201,-0.9274745739175644,-0.4409083072842362
20.0,123.0,1001.21337890625,0.8244933528565185,0.1717593457825232,-2.378357160883819,-0.023139826126583,0.5201670551719506,-0.5719345939534408,0.1201970601601191,-0.6215705967146201,-0.9274745739175644,-0.4409082943281913
20.0,123.0,1001.21337890625,0.8244933528569632,0.1717593457825232,-2.378357160883819,-0.0231398593062982,0.5201670551719506,-0.5719345939553947,0.1201970601601191,-0.6215705967146201,-0.9274745739175644,-0.4409090070319102
20.0,123.0,1001.21337890625,0.8244933528958508,0.1717593457825232,-2.378357160883819,-0.0231398569597134,0.5201670551719506,-0.5719345939553897,0.1201970601601191,-0.6215705967146201,-0.9274745739175644,-0.4409083072842362
20.0,124.0,1001.0599975585938,0.8244933528511638,0.1717593457825232,-2.3767409749211965,-0.0231454492661573,0.5201670551719506,-0.5719345939553915,0.1201970601601191,-0.6215705967146201,-0.9274745739175644,-0.4408841928344608
20.0,124.0,1001.0657958984376,0.8244933528960978,0.1717593457825232,-2.3766719359523973,-0.0231404606779969,0.5201670551719506,-0.5719345939535587,0.1201970601601191,-0.6215705967146201,-0.9274745739175644,-0.4408923202031081
20.0,124.0,1001.06591796875,0.8244933528957872,0.1717593457825232,-2.376671667044584,-0.0231454621569108,0.5201670551719506,-0.5719345939535587,0.1201970601601191,-0.6215705967146201,-0.9274745739175644,-0.4408923202031081
20.0,124.0,1001.06591796875,0.8244933528960978,0.1717593457825232,-2.376671667044584,-0.0231454763683038,0.5201670551719506,-0.5719345939535587,0.1201970601601191,-0.6215705967146201,-0.9274745739175644,-0.4408923202031081
20.0,124.0,1001.0662231445312,0.8244933528961594,0.1717593457825232,-2.376667790423314,-0.0231454621569108,0.5201670551719506,-0.5719345939535587,0.1201970601601191,-0.6215705967146201,-0.9274745739175644,-0.4408923433807866
20.0,124.0,1001.0662231445312,0.8244933528957893,0.1717593457825232,-2.376671667044584,-0.023145930684012,0.5201670551719506,-0.5719345939535587,0.1201970601601191,-0.6215705967146201,-0.9274745739175644,-0.4409083490156286
20.0,124.0,1001.0662231445312,0.824493352850834,0.1717593457825232,-2.376667790423314,-0.0231454621569108,0.5201670551719506,-0.5719345939554155,0.1201970601601191,-0.6215705967146201,-0.9274745739175644,-0.4408923433807866
20.0,124.0,1001.0662231445312,0.8244933528957893,0.1717593457825232,-2.376671667044584,-0.0231459418783489,0.5201670551719506,-0.5719345939535587,0.1201970601601191,-0.6215705967146201,-0.9274745739175644,-0.4409086943402833
20.0,124.0,1001.066650390625,0.8244933528957872,0.1717593457825232,-2.376662514489053,-0.0231454180630121,0.5201670551719506,-0.5719345939535582,0.1201970601601191,-0.6215705967146201,-0.9274745739175644,-0.4408873653144034
20.0,124.0,1001.1743774414062,0.8244933528958508,0.1717593457825232,-2.378357160883819,-0.0258563374256853,0.5201670551719506,-0.5719345939553897,0.1201970601601191,-0.6215705967146201,-0.9274745739175644,-0.4409083072842362
20.0,124.0,1001.1744384765624,0.8244933528958508,0.1717593457825232,-2.378357160883819,-0.0258563374256853,0.5201670551719506,-0.5719345939553897,0.1201970601601191,-0.6215705967146201,-0.9274745739175644,-0.4409083798356293
20.0,124.0,1001.176513671875,0.8244933528957875,0.1717593457825232,-2.378357160883819,-0.0260079957830462,0.5201670551719506,-0.5719345939555539,0.1201970601601191,-0.6215705967146201,-0.9274745739175644,-0.4409083072842362
20.0,124.0,1001.1948852539062,0.8244933528970493,0.1717593457825232,-2.3782839763859367,-0.0231452409578144,0.5201670551719506,-0.5719345939554155,0.1201970601601191,-0.6215705967146201,-0.9274745739175644,-0.4408923433807866
20.0,124.0,1001.2079467773438,0.8244933528957872,0.1717593457825232,-2.378336105585429,-0.0231454621569108,0.5201670551719506,-0.571934593953572,0.1201970601601191,-0.6215705967146201,-0.9274745739175644,-0.4408923202031081
20.0,124.0,1001.2079467773438,0.8244933528957872,0.1717593457825232,-2.378336105585429,-0.0231454621569108,0.5201670551719506,-0.571934593953572,0.1201970601601191,-0.6215705967146201,-0.9274745739175644,-0.4408923202031081
20.0,124.0,1001.2111206054688,0.8244933528957872,0.1717593457825232,-2.378357160883819,-0.0231966016467272,0.5201670551719506,-0.5719345939536203,0.1201970601601191,-0.6215705967146201,-0.9274745739175644,-0.4409106534722705
20.0,124.0,1001.213134765625,0.8244933528507853,0.1717593457825232,-2.378357160883819,-0.0231450987612812,0.5201670551719506,-0.5719345939553915,0.1201970601601191,-0.6215705967146201,-0.9274745739175644,-0.4409086933260831
20.0,124.0,1001.2131958007812,0.8244933528563999,0.1717593457825232,-2.378357160883819,-0.0231457181683996,0.5201670551719506,-0.5719345939552795,0.1201970601601191,-0.6215705967146201,-0.9274745739175644,-0.4409084386963899
20.0,124.0,1001.2131958007812,0.8244933528507853,0.1717593457825232,-2.378357160883819,-0.0231450987612812,0.5201670551719506,-0.5719345939553915,0.1201970601601191,-0.6215705967146201,-0.9274745739175644,-0.4409080115564936
20.0,124.0,1001.2131958007812,0.8244933528580082,0.1717593457825232,-2.378357160883819,-0.0231452280670609,0.5201670551719506,-0.5719345939553915,0.1201970601601191,-0.6215705967146201,-0.9274745739175644,-0.4409081040705983
20.0,124.0,1001.2131958007812,0.8244933528958243,0.1717593457825232,-2.378357160883819,-0.0231456189664566,0.5201670551719506,-0.5719345939553897,0.1201970601601191,-0.6215705967146201,-0.9274745739175644,-0.4409083072842362
20.0,124.0,1001.2131958007812,0.8244933528569632,0.1717593457825232,-2.378357160883819,-0.0231460390644729,0.5201670551719506,-0.5719345939553947,0.1201970601601191,-0.6215705967146201,-0.9274745739175644,-0.4409083569578719
20.0,124.0,1001.2131958007812,0.824493352895819,0.1717593457825232,-2.378357160883819,-0.0231457905396771,0.5201670551719506,-0.5719345939534555,0.1201970601601191,-0.6215705967146201,-0.9274745739175644,-0.4409083341682153
20.0,124.0,1001.2131958007812,0.8244933528580082,0.1717593457825232,-2.378357160883819,-0.0231452280670609,0.5201670551719506,-0.5719345939553915,0.1201970601601191,-0.6215705967146201,-0.9274745739175644,-0.4409081040705983
20.0,124.0,1001.2131958007812,0.824493352895786,0.1717593457825232,-2.378357160883819,-0.023145416520347,0.5201670551719506,-0.5719345939535727,0.1201970601601191,-0.6215705967146201,-0.9274745739175644,-0.4409112907975308
20.0,124.0,1001.2131958007812,0.8244933528957873,0.1717593457825232,-2.378357160883819,-0.0231457905396771,0.5201670551719506,-0.5719345939553228,0.1201970601601191,-0.6215705967146201,-0.9274745739175644,-0.4409083341682153
20.0,124.0,1001.2131958007812,0.824493352856335,0.1717593457825232,-2.378357160883819,-0.0231451098568215,0.5201670551719506,-0.5719345939553915,0.1201970601601191,-0.6215705967146201,-0.9274745739175644,-0.4409081985663513
20.0,124.0,1001.2131958007812,0.8244933528569632,0.1717593457825232,-2.378357160883819,-0.0231460390644729,0.5201670551719506,-0.5719345939553947,0.1201970601601191,-0.6215705967146201,-0.9274745739175644,-0.4409083569578719
20.0,124.0,1001.2131958007812,0.8244933528521127,0.1717593457825232,-2.378357160883819,-0.0231450987612812,0.5201670551719506,-0.5719345939553915,0.1201970601601191,-0.6215705967146201,-0.9274745739175644,-0.4409080115564936
20.0,124.0,1001.2131958007812,0.8244933528507853,0.1717593457825232,-2.378357160883819,-0.0231450875669444,0.5201670551719506,-0.5719345939553915,0.1201970601601191,-0.6215705967146201,-0.9274745739175644,-0.4409083480014285
20.0,124.0,1001.2131958007812,0.8244933528580082,0.1717593457825232,-2.378357160883819,-0.0231459156929427,0.5201670551719506,-0.57193459395541,0.1201970601601191,-0.6215705967146201,-0.9274745739175644,-0.4409083505899208
20.0,124.0,1001.2131958007812,0.8244933528572119,0.1717593457825232,-2.378357160883819,-0.0231456189664566,0.5201670551719506,-0.5719345939553897,0.1201970601601191,-0.6215705967146201,-0.9274745739175644,-0.4409083072842362
20.0,124.0,1001.2131958007812,0.824493352895819,0.1717593457825232,-2.378357160883819,-0.0231457905396771,0.5201670551719506,-0.5719345939534676,0.1201970601601191,-0.6215705967146201,-0.9274745739175644,-0.4409083341682153
20.0,124.0,1001.2132568359376,0.8244933528536122,0.1717593457825232,-2.378357160883819,-0.0231451415166903,0.5201670551719506,-0.5719345939553915,0.1201970601601191,-0.6215705967146201,-0.9274745739175644,-0.4408912953462211
20.0,124.0,1001.2132568359376,0.8244933528957872,0.1717593457825232,-2.378357160883819,-0.0231454180507011,0.5201670551719506,-0.5719345939535727,0.1201970601601191,-0.6215705967146201,-0.9274745739175644,-0.4409106534722705
20.0,124.0,1001.2132568359376,0.8244933528957872,0.1717593457825232,-2.378357160883819,-0.0231454621569108,0.5201670551719506,-0.5719345939553842,0.1201970601601191,-0.6215705967146201,-0.9274745739175644,-0.4408998474631168
20.0,124.0,1001.2132568359376,0.8244933528958508,0.1717593457825232,-2.378357160883819,-0.0231454439242073,0.5201670551719506,-0.5719345939553897,0.1201970601601191,-0.6215705967146201,-0.9274745739175644,-0.4409086822278704
20.0,124.0,1001.2132568359376,0.8244933528957872,0.1717593457825232,-2.378357160883819,-0.0231454621569108,0.5201670551719506,-0.5719345939553842,0.1201970601601191,-0.6215705967146201,-0.9274745739175644,-0.4408998474631168
20.0,124.0,1001.2132568359376,0.8244933528957872,0.1717593457825232,-2.378357160883819,-0.0231454180507011,0.5201670551719506,-0.5719345939553404,0.1201970601601191,-0.6215705967146201,-0.9274745739175644,-0.4409106534722705
20.0,124.0,1001.2132568359376,0.8244933528546375,0.1717593457825232,-2.378357160883819,-0.0231455157953235,0.5201670551719506,-0.5719345939553915,0.1201970601601191,-0.6215705967146201,-0.9274745739175644,-0.4409066659669068
20.0,124.0,1001.2132568359376,0.8244933528957872,0.1717593457825232,-2.378357160883819,-0.0231454621569108,0.5201670551719506,-0.5719345939553842,0.1201970601601191,-0.6215705967146201,-0.9274745739175644,-0.4408998474631168
20.0,124.0,1001.2132568359376,0.8244933528957872,0.1717593457825232,-2.378357160883819,-0.0231454621569108,0.5201670551719506,-0.5719345939553842,0.1201970601601191,-0.6215705967146201,-0.9274745739175644,-0.4408998474631168
20.0,124.0,1001.2132568359376,0.8244933528958508,0.1717593457825232,-2.378357160883819,-0.0231454439242073,0.5201670551719506,-0.5719345939552731,0.1201970601601191,-0.6215705967146201,-0.9274745739175644,-0.4409086822278704
20.0,124.0,1001.2133178710938,0.8244933528564414,0.1717593457825232,-2.378357160883819,-0.0231452280670609,0.5201670551719506,-0.5719345939553915,0.1201970601601191,-0.6215705967146201,-0.9274745739175644,-0.4408841928344608
20.0,124.0,1001.2133178710938,0.8244933528957872,0.1717593457825232,-2.378357160883819,-0.0231454621569108,0.5201670551719506,-0.5719345939535727,0.1201970601601191,-0.6215705967146201,-0.9274745739175644,-0.4408923202031081
20.0,124.0,1001.2133178710938,0.8244933528564414,0.1717593457825232,-2.378357160883819,-0.0231452280670609,0.5201670551719506,-0.5719345939553915,0.1201970601601191,-0.6215705967146201,-0.9274745739175644,-0.4408841928344608
20.0,124.0,1001.2133178710938,0.8244933528973791,0.1717593457825232,-2.378357160883819,-0.0231452280670609,0.5201670551719506,-0.5719345939553915,0.1201970601601191,-0.6215705967146201,-0.9274745739175644,-0.4408841928344608
20.0,124.0,1001.2133178710938,0.8244933528564414,0.1717593457825232,-2.378357160883819,-0.0231457905841014,0.5201670551719506,-0.5719345939552795,0.1201970601601191,-0.6215705967146201,-0.9274745739175644,-0.4408888735452035
20.0,124.0,1001.2133178710938,0.8244933528564414,0.1717593457825232,-2.378357160883819,-0.023145767920169,0.5201670551719506,-0.5719345939552795,0.1201970601601191,-0.6215705967146201,-0.9274745739175644,-0.4408888735452035
20.0,124.0,1001.2133178710938,0.8244933528957872,0.1717593457825232,-2.378357160883819,-0.0231454180507011,0.5201670551719506,-0.5719345939535727,0.1201970601601191,-0.6215705967146201,-0.9274745739175644,-0.4408923184862757
20.0,125.0,1001.056396484375,0.8244933528941873,0.1717593457825232,-2.376792112304801,-0.0231457835460852,0.5201670551719506,-0.571934593953459,0.1201970601601191,-0.6215705967146201,-0.9274745739175644,-0.4408822329749803
20.0,125.0,1001.0599975585938,0.8244933528511638,0.1717593457825232,-2.3767409749211965,-0.0231454492661573,0.5201670551719506,-0.5719345939553915,0.1201970601601191,-0.6215705967146201,-0.9274745739175644,-0.4408841928344608
20.0,125.0,1001.0599975585938,0.8244933528984019,0.1717593457825232,-2.3767409749211965,-0.0231454492661573,0.5201670551719506,-0.571934593953444,0.1201970601601191,-0.6215705967146201,-0.9274745739175644,-0.4408825300569864
20.0,125.0,1001.0657958984376,0.8244933528960978,0.1717593457825232,-2.3766719359523973,-0.0231404606779969,0.5201670551719506,-0.5719345939535587,0.1201970601601191,-0.6215705967146201,-0.9274745739175644,-0.4408923202031081
20.0,125.0,1001.06591796875,0.8244933528957872,0.1717593457825232,-2.376671667044584,-0.0231454621569108,0.5201670551719506,-0.5719345939535587,0.1201970601601191,-0.6215705967146201,-0.9274745739175644,-0.4408923202031081
20.0,125.0,1001.06591796875,0.8244933528960978,0.1717593457825232,-2.376671667044584,-0.0231454763683038,0.5201670551719506,-0.5719345939535587,0.1201970601601191,-0.6215705967146201,-0.9274745739175644,-0.4408923202031081
20.0,125.0,1001.06591796875,0.8244933528961046,0.1717593457825232,-2.376671667044584,-0.0231454763683038,0.5201670551719506,-0.5719345939535587,0.1201970601601191,-0.6215705967146201,-0.9274745739175644,-0.4408923202031081
20.0,125.0,1001.066162109375,0.824493352858401,0.1717593457825232,-2.3766719359523973,-0.0231456937923708,0.5201670551719506,-0.5719345939535587,0.1201970601601191,-0.6215705967146201,-0.9274745739175644,-0.4409082212397906
20.0,125.0,1001.0662231445312,0.8244933528961594,0.1717593457825232,-2.376667790423314,-0.0231454621569108,0.5201670551719506,-0.5719345939535587,0.1201970601601191,-0.6215705967146201,-0.9274745739175644,-0.4408923433807866
20.0,125.0,1001.0662231445312,0.8244933528957893,0.1717593457825232,-2.376671667044584,-0.023145930684012,0.5201670551719506,-0.5719345939535587,0.1201970601601191,-0.6215705967146201,-0.9274745739175644,-0.4409083490156286
20.0,125.0,1001.0662231445312,0.824493352850834,0.1717593457825232,-2.376667790423314,-0.0231454621569108,0.5201670551719506,-0.5719345939554155,0.1201970601601191,-0.6215705967146201,-0.9274745739175644,-0.4408923433807866
20.0,125.0,1001.0662231445312,0.8244933528957893,0.1717593457825232,-2.376671667044584,-0.0231459418783489,0.5201670551719506,-0.5719345939535587,0.1201970601601191,-0.6215705967146201,-0.9274745739175644,-0.4409086943402833
20.0,125.0,1001.0662231445312,0.8244933528957824,0.1717593457825232,-2.376671667044584,-0.0231459418783489,0.5201670551719506,-0.5719345939535587,0.1201970601601191,-0.6215705967146201,-0.9274745739175644,-0.4409086943402833
20.0,125.0,1001.0662231445312,0.8244933528957893,0.1717593457825232,-2.376671667044584,-0.0231459705338522,0.5201670551719506,-0.5719345939535587,0.1201970601601191,-0.6215705967146201,-0.9274745739175644,-0.4409087240521758
20.0,125.0,1001.066650390625,0.8244933528957872,0.1717593457825232,-2.376662514489053,-0.0231454180630121,0.5201670551719506,-0.5719345939535582,0.1201970601601191,-0.6215705967146201,-0.9274745739175644,-0.4408873653144034
20.0,125.0,1001.066650390625,0.8244933528957853,0.1717593457825232,-2.376662514489053,-0.0231454180630121,0.5201670551719506,-0.5719345939535582,0.1201970601601191,-0.6215705967146201,-0.9274745739175644,-0.4408873653144034
20.0,125.0,1001.0681762695312,0.8244933528971043,0.1717593457825232,-2.37664659260116,-0.023145930684012,0.5201670551719506,-0.5719345939536551,0.1201970601601191,-0.6215705967146201,-0.9274745739175644,-0.4408911043931605
20.0,125.0,1001.077880859375,0.8244933528960978,0.1717593457825232,-2.376553826266609,-0.0231404606779969,0.5201670551719506,-0.5719345939535587,0.1201970601601191,-0.6215705967146201,-0.9274745739175644,-0.4408923414488969
20.0,125.0,1001.1594848632812,0.8244933528958508,0.1717593457825232,-2.3767206952121973,-0.0258563374256853,0.5201670551719506,-0.571934593953605,0.1201970601601191,-0.6215705967146201,-0.9274745739175644,-0.4409083072842362
20.0,125.0,1001.1743774414062,0.8244933528958508,0.1717593457825232,-2.378357160883819,-0.0258563374256853,0.5201670551719506,-0.5719345939553897,0.1201970601601191,-0.6215705967146201,-0.9274745739175644,-0.4409083072842362
20.0,125.0,1001.1744384765624,0.8244933528958508,0.1717593457825232,-2.378357160883819,-0.0258563374256853,0.5201670551719506,-0.5719345939553897,0.1201970601601191,-0.6215705967146201,-0.9274745739175644,-0.4409083798356293
20.0,125.0,1001.1744384765624,0.8244933528957823,0.1717593457825232,-2.378357160883819,-0.0258563374256853,0.5201670551719506,-0.5719345939553897,0.1201970601601191,-0.6215705967146201,-0.9274745739175644,-0.4409083798356293
20.0,125.0,1001.176513671875,0.8244933528957875,0.1717593457825232,-2.378357160883819,-0.0260079957830462,0.5201670551719506,-0.5719345939555539,0.1201970601601191,-0.6215705967146201,-0.9274745739175644,-0.4409083072842362
20.0,125.0,1001.176513671875,0.8244933528957875,0.1717593457825232,-2.378357160883819,-0.0260079957830462,0.5201670551719506,-0.5719345939555539,0.1201970601601191,-0.6215705967146201,-0.9274745739175644,-0.4409083072842362
20.0,125.0,1001.1889038085938,0.8244933528507853,0.1717593457825232,-2.3782591813875893,-0.0231460375145679,0.5201670551719506,-0.5719345939553915,0.1201970601601191,-0.6215705967146201,-0.9274745739175644,-0.4409080115564936
20.0,125.0,1001.1948852539062,0.8244933528970493,0.1717593457825232,-2.3782839763859367,-0.0231452409578144,0.5201670551719506,-0.5719345939554155,0.1201970601601191,-0.6215705967146201,-0.9274745739175644,-0.4408923433807866
20.0,125.0,1001.2002563476562,0.8244933528527956,0.1717593457825232,-2.378306023500214,-0.0231454562597492,0.5201670551719506,-0.5719345939554001,0.1201970601601191,-0.6215705967146201,-0.9274745739175644,-0.4409102940276957
20.0,125.0,1001.2008666992188,0.8244933528957872,0.1717593457825232,-2.378308132716205,-0.0231454621569108,0.5201670551719506,-0.5719345939553434,0.1201970601601191,-0.6215705967146201,-0.9274745739175644,-0.4408923202031081
20.0,125.0,1001.2079467773438,0.8244933528957872,0.1717593457825232,-2.378336105585429,-0.0231454621569108,0.5201670551719506,-0.571934593953572,0.1201970601601191,-0.6215705967146201,-0.9274745739175644,-0.4408923202031081
20.0,125.0,1001.2079467773438,0.8244933528957872,0.1717593457825232,-2.378336105585429,-0.0231454621569108,0.5201670551719506,-0.571934593953572,0.1201970601601191,-0.6215705967146201,-0.9274745739175644,-0.4408923202031081
20.0,125.0,1001.2111206054688,0.8244933528957872,0.1717593457825232,-2.378357160883819,-0.0231966016467272,0.5201670551719506,-0.5719345939536203,0.1201970601601191,-0.6215705967146201,-0.9274745739175644,-0.4409106534722705
20.0,125.0,1001.213134765625,0.8244933528507853,0.1717593457825232,-2.378357160883819,-0.0231450987612812,0.5201670551719506,-0.5719345939553915,0.1201970601601191,-0.6215705967146201,-0.9274745739175644,-0.4409086933260831
20.0,125.0,1001.2131958007812,0.8244933528563999,0.1717593457825232,-2.378357160883819,-0.0231457181683996,0.5201670551719506,-0.5719345939552795,0.1201970601601191,-0.6215705967146201,-0.9274745739175644,-0.4409084386963899
20.0,125.0,1001.2131958007812,0.8244933528507853,0.1717593457825232,-2.378357160883819,-0.0231450987612812,0.5201670551719506,-0.5719345939553915,0.1201970601601191,-0.6215705967146201,-0.9274745739175644,-0.4409080115564936
20.0,125.0,1001.2131958007812,0.8244933528580082,0.1717593457825232,-2.378357160883819,-0.0231452280670609,0.5201670551719506,-0.5719345939553915,0.1201970601601191,-0.6215705967146201,-0.9274745739175644,-0.4409081040705983
20.0,125.0,1001.2131958007812,0.8244933528958243,0.1717593457825232,-2.378357160883819,-0.0231456189664566,0.5201670551719506,-0.5719345939553897,0.1201970601601191,-0.6215705967146201,-0.9274745739175644,-0.4409083072842362
20.0,125.0,1001.2131958007812,0.8244933528569632,0.1717593457825232,-2.378357160883819,-0.0231460390644729,0.5201670551719506,-0.5719345939553947,0.1201970601601191,-0.6215705967146201,-0.9274745739175644,-0.4409083569578719
20.0,125.0,1001.2131958007812,0.824493352895819,0.1717593457825232,-2.378357160883819,-0.0231457905396771,0.5201670551719506,-0.5719345939534555,0.1201970601601191,-0.6215705967146201,-0.9274745739175644,-0.4409083341682153
20.0,125.0,1001.2131958007812,0.8244933528580082,0.1717593457825232,-2.378357160883819,-0.0231452280670609,0.5201670551719506,-0.5719345939553915,0.1201970601601191,-0.6215705967146201,-0.9274745739175644,-0.4409081040705983
20.0,125.0,1001.2131958007812,0.824493352895786,0.1717593457825232,-2.378357160883819,-0.023145416520347,0.5201670551719506,-0.5719345939535727,0.1201970601601191,-0.6215705967146201,-0.9274745739175644,-0.4409112907975308
20.0,125.0,1001.2131958007812,0.8244933528957873,0.1717593457825232,-2.378357160883819,-0.0231457905396771,0.5201670551719506,-0.5719345939553228,0.1201970601601191,-0.6215705967146201,-0.9274745739175644,-0.4409083341682153
20.0,125.0,1001.2131958007812,0.824493352856335,0.1717593457825232,-2.378357160883819,-0.0231451098568215,0.5201670551719506,-0.5719345939553915,0.1201970601601191,-0.6215705967146201,-0.9274745739175644,-0.4409081985663513
20.0,125.0,1001.2131958007812,0.8244933528569632,0.1717593457825232,-2.378357160883819,-0.0231460390644729,0.5201670551719506,-0.5719345939553947,0.1201970601601191,-0.6215705967146201,-0.9274745739175644,-0.4409083569578719
20.0,125.0,1001.2131958007812,0.8244933528521127,0.1717593457825232,-2.378357160883819,-0.0231450987612812,0.5201670551719506,-0.5719345939553915,0.1201970601601191,-0.6215705967146201,-0.9274745739175644,-0.4409080115564936
20.0,125.0,1001.2131958007812,0.8244933528507853,0.1717593457825232,-2.378357160883819,-0.0231450875669444,0.5201670551719506,-0.5719345939553915,0.1201970601601191,-0.6215705967146201,-0.9274745739175644,-0.4409083480014285
20.0,125.0,1001.2131958007812,0.8244933528580082,0.1717593457825232,-2.378357160883819,-0.0231459156929427,0.5201670551719506,-0.57193459395541,0.1201970601601191,-0.6215705967146201,-0.9274745739175644,-0.4409083505899208
20.0,125.0,1001.2131958007812,0.8244933528572119,0.1717593457825232,-2.378357160883819,-0.0231456189664566,0.5201670551719506,-0.5719345939553897,0.1201970601601191,-0.6215705967146201,-0.9274745739175644,-0.4409083072842362
20.0,125.0,1001.2131958007812,0.824493352895819,0.1717593457825232,-2.378357160883819,-0.0231457905396771,0.5201670551719506,-0.5719345939534676,0.1201970601601191,-0.6215705967146201,-0.9274745739175644,-0.4409083341682153
20.0,125.0,1001.2131958007812,0.824493352856335,0.1717593457825232,-2.378357160883819,-0.0231451098568215,0.5201670551719506,-0.5719345939553915,0.1201970601601191,-0.6215705967146201,-0.9274745739175644,-0.4409081985663513
20.0,125.0,1001.2131958007812,0.8244933528589425,0.1717593457825232,-2.378357160883819,-0.0231452280670609,0.5201670551719506,-0.5719345939553915,0.1201970601601191,-0.6215705967146201,-0.9274745739175644,-0.4409081040705983
20.0,126.0,1001.056396484375,0.8244933528941873,0.1717593457825232,-2.376792112304801,-0.0231457835460852,0.5201670551719506,-0.571934593953459,0.1201970601601191,-0.6215705967146201,-0.9274745739175644,-0.4408822329749803
20.0,126.0,1001.0599975585938,0.8244933528511638,0.1717593457825232,-2.3767409749211965,-0.0231454492661573,0.5201670551719506,-0.5719345939553915,0.1201970601601191,-0.6215705967146201,-0.9274745739175644,-0.4408841928344608
20.0,126.0,1001.0599975585938,0.8244933528984019,0.1717593457825232,-2.3767409749211965,-0.0231454492661573,0.5201670551719506,-0.571934593953444,0.1201970601601191,-0.6215705967146201,-0.9274745739175644,-0.4408825300569864
20.0,126.0,1001.0657958984376,0.8244933528960978,0.1717593457825232,-2.3766719359523973,-0.0231404606779969,0.5201670551719506,-0.5719345939535587,0.1201970601601191,-0.6215705967146201,-0.9274745739175644,-0.4408923202031081
20.0,126.0,1001.0657958984376,0.8244933528941873,0.1717593457825232,-2.3766698948216622,-0.023145777867062,0.5201670551719506,-0.571934593953459,0.1201970601601191,-0.6215705967146201,-0.9274745739175644,-0.440882000941418
20.0,126.0,1001.06591796875,0.8244933528957872,0.1717593457825232,-2.376671667044584,-0.0231454621569108,0.5201670551719506,-0.5719345939535587,0.1201970601601191,-0.6215705967146201,-0.9274745739175644,-0.4408923202031081
20.0,126.0,1001.06591796875,0.8244933528960978,0.1717593457825232,-2.376671667044584,-0.0231454763683038,0.5201670551719506,-0.5719345939535587,0.1201970601601191,-0.6215705967146201,-0.9274745739175644,-0.4408923202031081
20.0,126.0,1001.06591796875,0.8244933528961046,0.1717593457825232,-2.376671667044584,-0.0231454763683038,0.5201670551719506,-0.5719345939535587,0.1201970601601191,-0.6215705967146201,-0.9274745739175644,-0.4408923202031081
20.0,126.0,1001.06591796875,0.8244933528483068,0.1717593457825232,-2.376671667044584,-0.0231454621569108,0.5201670551719506,-0.5719345939535664,0.1201970601601191,-0.6215705967146201,-0.9274745739175644,-0.4408915855259263
20.0,126.0,1001.06591796875,0.8244933528961046,0.1717593457825232,-2.376671667044584,-0.0231454763683038,0.5201670551719506,-0.5719345939535587,0.1201970601601191,-0.6215705967146201,-0.9274745739175644,-0.4408923202031081
20.0,126.0,1001.06591796875,0.8244933528957872,0.1717593457825232,-2.376671667044584,-0.0231454621569108,0.5201670551719506,-0.5719345939535587,0.1201970601601191,-0.6215705967146201,-0.9274745739175644,-0.4408923202031081
20.0,126.0,1001.066162109375,0.824493352858401,0.1717593457825232,-2.3766719359523973,-0.0231456937923708,0.5201670551719506,-0.5719345939535587,0.1201970601601191,-0.6215705967146201,-0.9274745739175644,-0.4409082212397906
20.0,126.0,1001.0662231445312,0.8244933528961594,0.1717593457825232,-2.376667790423314,-0.0231454621569108,0.5201670551719506,-0.5719345939535587,0.1201970601601191,-0.6215705967146201,-0.9274745739175644,-0.4408923433807866
20.0,126.0,1001.0662231445312,0.8244933528957893,0.1717593457825232,-2.376671667044584,-0.023145930684012,0.5201670551719506,-0.5719345939535587,0.1201970601601191,-0.6215705967146201,-0.9274745739175644,-0.4409083490156286
20.0,126.0,1001.0662231445312,0.824493352850834,0.1717593457825232,-2.376667790423314,-0.0231454621569108,0.5201670551719506,-0.5719345939554155,0.1201970601601191,-0.6215705967146201,-0.9274745739175644,-0.4408923433807866
20.0,126.0,1001.0662231445312,0.8244933528957893,0.1717593457825232,-2.376671667044584,-0.0231459418783489,0.5201670551719506,-0.5719345939535587,0.1201970601601191,-0.6215705967146201,-0.9274745739175644,-0.4409086943402833
20.0,126.0,1001.0662231445312,0.8244933528957824,0.1717593457825232,-2.376671667044584,-0.0231459418783489,0.5201670551719506,-0.5719345939535587,0.1201970601601191,-0.6215705967146201,-0.9274745739175644,-0.4409086943402833
20.0,126.0,1001.0662231445312,0.8244933528957893,0.1717593457825232,-2.376671667044584,-0.0231459705338522,0.5201670551719506,-0.5719345939535587,0.1201970601601191,-0.6215705967146201,-0.9274745739175644,-0.4409087240521758
20.0,126.0,1001.0662231445312,0.8244933528957893,0.1717593457825232,-2.376671667044584,-0.0231459668302184,0.5201670551719506,-0.5719345939535587,0.1201970601601191,-0.6215705967146201,-0.9274745739175644,-0.4409086943402833
20.0,126.0,1001.0665893554688,0.8244933528961594,0.1717593457825232,-2.376667790423314,-0.0231454621569108,0.5201670551719506,-0.5719345939535587,0.1201970601601191,-0.6215705967146201,-0.9274745739175644,-0.4409078022413402
20.0,126.0,1001.066650390625,0.8244933528957872,0.1717593457825232,-2.376662514489053,-0.0231454180630121,0.5201670551719506,-0.5719345939535582,0.1201970601601191,-0.6215705967146201,-0.9274745739175644,-0.4408873653144034
20.0,126.0,1001.066650390625,0.8244933528957853,0.1717593457825232,-2.376662514489053,-0.0231454180630121,0.5201670551719506,-0.5719345939535582,0.1201970601601191,-0.6215705967146201,-0.9274745739175644,-0.4408873653144034
20.0,126.0,1001.066650390625,0.8244933528960985,0.1717593457825232,-2.376662514489053,-0.0231454180630121,0.5201670551719506,-0.5719345939535582,0.1201970601601191,-0.6215705967146201,-0.9274745739175644,-0.4408875913172795
20.0,126.0,1001.0681762695312,0.8244933528971043,0.1717593457825232,-2.37664659260116,-0.023145930684012,0.5201670551719506,-0.5719345939536551,0.1201970601601191,-0.6215705967146201,-0.9274745739175644,-0.4408911043931605
20.0,126.0,1001.0681762695312,0.8244933528976746,0.1717593457825232,-2.37664659260116,-0.023145930684012,0.5201670551719506,-0.5719345939553132,0.1201970601601191,-0.6215705967146201,-0.9274745739175644,-0.4408911043931605
20.0,126.0,1001.0681762695312,0.8244933528984023,0.1717593457825232,-2.37664659260116,-0.023145930684012,0.5201670551719506,-0.5719345939536551,0.1201970601601191,-0.6215705967146201,-0.9274745739175644,-0.4408911043931605
20.0,126.0,1001.0700073242188,0.824493352895786,0.1717593457825232,-2.3766325317199013,-0.023145416520347,0.5201670551719506,-0.5719345939535583,0.1201970601601191,-0.6215705967146201,-0.9274745739175644,-0.4409112907975308
20.0,126.0,1001.077880859375,0.8244933528960978,0.1717593457825232,-2.376553826266609,-0.0231404606779969,0.5201670551719506,-0.5719345939535587,0.1201970601601191,-0.6215705967146201,-0.9274745739175644,-0.4408923414488969
20.0,126.0,1001.077880859375,0.8244933528960893,0.1717593457825232,-2.376553826266609,-0.0231404606779969,0.5201670551719506,-0.5719345939535587,0.1201970601601191,-0.6215705967146201,-0.9274745739175644,-0.4408923414488969
20.0,126.0,1001.0791015625,0.8244933528957893,0.1717593457825232,-2.3765467839416026,-0.0231459705338522,0.5201670551719506,-0.5719345939535587,0.1201970601601191,-0.6215705967146201,-0.9274745739175644,-0.4409087240521758
20.0,126.0,1001.1594848632812,0.8244933528958508,0.1717593457825232,-2.3767206952121973,-0.0258563374256853,0.5201670551719506,-0.571934593953605,0.1201970601601191,-0.6215705967146201,-0.9274745739175644,-0.4409083072842362
20.0,126.0,1001.162841796875,0.8244933528941873,0.1717593457825232,-2.376717789016145,-0.0259314313008785,0.5201670551719506,-0.571934593953459,0.1201970601601191,-0.6215705967146201,-0.9274745739175644,-0.4408820212743639
20.0,126.0,1001.1743774414062,0.8244933528958508,0.1717593457825232,-2.378357160883819,-0.0258563374256853,0.5201670551719506,-0.5719345939553897,0.1201970601601191,-0.6215705967146201,-0.9274745739175644,-0.4409083072842362
20.0,126.0,1001.1744384765624,0.8244933528958508,0.1717593457825232,-2.378357160883819,-0.0258563374256853,0.5201670551719506,-0.5719345939553897,0.1201970601601191,-0.6215705967146201,-0.9274745739175644,-0.4409083798356293
20.0,126.0,1001.1744384765624,0.8244933528957823,0.1717593457825232,-2.378357160883819,-0.0258563374256853,0.5201670551719506,-0.5719345939553897,0.1201970601601191,-0.6215705967146201,-0.9274745739175644,-0.4409083798356293
20.0,126.0,1001.176513671875,0.8244933528957875,0.1717593457825232,-2.378357160883819,-0.0260079957830462,0.5201670551719506,-0.5719345939555539,0.1201970601601191,-0.6215705967146201,-0.9274745739175644,-0.4409083072842362
20.0,126.0,1001.176513671875,0.8244933528957875,0.1717593457825232,-2.378357160883819,-0.0260079957830462,0.5201670551719506,-0.5719345939555539,0.1201970601601191,-0.6215705967146201,-0.9274745739175644,-0.4409083072842362
20.0,126.0,1001.1889038085938,0.8244933528507853,0.1717593457825232,-2.3782591813875893,-0.0231460375145679,0.5201670551719506,-0.5719345939553915,0.1201970601601191,-0.6215705967146201,-0.9274745739175644,-0.4409080115564936
20.0,126.0,1001.1889038085938,0.8244933528507853,0.1717593457825232,-2.3782591813875893,-0.0231459975086212,0.5201670551719506,-0.5719345939553915,0.1201970601601191,-0.6215705967146201,-0.9274745739175644,-0.4409080115564936
20.0,126.0,1001.1948852539062,0.8244933528970493,0.1717593457825232,-2.3782839763859367,-0.0231452409578144,0.5201670551719506,-0.5719345939554155,0.1201970601601191,-0.6215705967146201,-0.9274745739175644,-0.4408923433807866
20.0,126.0,1001.198486328125,0.8244933528958508,0.1717593457825232,-2.3784820439868,-0.0258563374256853,0.5201670551719506,-0.5719345939553897,0.1201970601601191,-0.6215705967146201,-0.9274745739175644,-0.4409083798356293
20.0,126.0,1001.2002563476562,0.8244933528527956,0.1717593457825232,-2.378306023500214,-0.0231454562597492,0.5201670551719506,-0.5719345939554001,0.1201970601601191,-0.6215705967146201,-0.9274745739175644,-0.4409102940276957
20.0,126.0,1001.2008666992188,0.8244933528957872,0.1717593457825232,-2.378308132716205,-0.0231454621569108,0.5201670551719506,-0.5719345939553434,0.1201970601601191,-0.6215705967146201,-0.9274745739175644,-0.4408923202031081
20.0,126.0,1001.2079467773438,0.8244933528957872,0.1717593457825232,-2.378336105585429,-0.0231454621569108,0.5201670551719506,-0.571934593953572,0.1201970601601191,-0.6215705967146201,-0.9274745739175644,-0.4408923202031081
20.0,126.0,1001.2079467773438,0.8244933528957872,0.1717593457825232,-2.378336105585429,-0.0231454621569108,0.5201670551719506,-0.571934593953572,0.1201970601601191,-0.6215705967146201,-0.9274745739175644,-0.4408923202031081
20.0,126.0,1001.2079467773438,0.8244933528957872,0.1717593457825232,-2.378336105585429,-0.0231454621569108,0.5201670551719506,-0.571934593953572,0.1201970601601191,-0.6215705967146201,-0.9274745739175644,-0.4408923202031081
20.0,126.0,1001.2079467773438,0.8244933528957872,0.1717593457825232,-2.378336105585429,-0.0231454621569108,0.5201670551719506,-0.5719345939536208,0.1201970601601191,-0.6215705967146201,-0.9274745739175644,-0.4408920526000575
20.0,126.0,1001.2111206054688,0.8244933528957872,0.1717593457825232,-2.378357160883819,-0.0231966016467272,0.5201670551719506,-0.5719345939536203,0.1201970601601191,-0.6215705967146201,-0.9274745739175644,-0.4409106534722705
20.0,126.0,1001.213134765625,0.8244933528507853,0.1717593457825232,-2.378357160883819,-0.0231450987612812,0.5201670551719506,-0.5719345939553915,0.1201970601601191,-0.6215705967146201,-0.9274745739175644,-0.4409086933260831
20.0,126.0,1001.2131958007812,0.8244933528563999,0.1717593457825232,-2.378357160883819,-0.0231457181683996,0.5201670551719506,-0.5719345939552795,0.1201970601601191,-0.6215705967146201,-0.9274745739175644,-0.4409084386963899
20.0,127.0,1001.056396484375,0.8244933528941873,0.1717593457825232,-2.376792112304801,-0.0231457835460852,0.5201670551719506,-0.571934593953459,0.1201970601601191,-0.6215705967146201,-0.9274745739175644,-0.4408822329749803
20.0,127.0,1001.056396484375,0.8244933528941873,0.1717593457825232,-2.376792112304801,-0.0231457835460852,0.5201670551719506,-0.571934593953459,0.1201970601601191,-0.6215705967146201,-0.9274745739175644,-0.4408819244618827
20.0,127.0,1001.0599975585938,0.8244933528511638,0.1717593457825232,-2.3767409749211965,-0.0231454492661573,0.5201670551719506,-0.5719345939553915,0.1201970601601191,-0.6215705967146201,-0.9274745739175644,-0.4408841928344608
20.0,127.0,1001.0599975585938,0.8244933528984019,0.1717593457825232,-2.3767409749211965,-0.0231454492661573,0.5201670551719506,-0.571934593953444,0.1201970601601191,-0.6215705967146201,-0.9274745739175644,-0.4408825300569864
20.0,127.0,1001.0603637695312,0.8244933528997413,0.1717593457825232,-2.3767354153160016,-0.0231454562597492,0.5201670551719506,-0.5719345939554001,0.1201970601601191,-0.6215705967146201,-0.9274745739175644,-0.440880743979026
20.0,127.0,1001.065673828125,0.8244933528942152,0.1717593457825232,-2.37667176864309,-0.023145777867062,0.5201670551719506,-0.571934593953459,0.1201970601601191,-0.6215705967146201,-0.9274745739175644,-0.4408816813237982
20.0,127.0,1001.0657958984376,0.8244933528960978,0.1717593457825232,-2.3766719359523973,-0.0231404606779969,0.5201670551719506,-0.5719345939535587,0.1201970601601191,-0.6215705967146201,-0.9274745739175644,-0.4408923202031081
20.0,127.0,1001.0657958984376,0.8244933528941873,0.1717593457825232,-2.3766698948216622,-0.023145777867062,0.5201670551719506,-0.571934593953459,0.1201970601601191,-0.6215705967146201,-0.9274745739175644,-0.440882000941418
20.0,127.0,1001.0658569335938,0.8244933528941873,0.1717593457825232,-2.3766698948216622,-0.0231454740963318,0.5201670551719506,-0.571934593953459,0.1201970601601191,-0.6215705967146201,-0.9274745739175644,-0.4408829183542734
20.0,127.0,1001.0658569335938,0.8244933528961046,0.1717593457825232,-2.376671667044584,-0.0231408025430673,0.5201670551719506,-0.5719345939535587,0.1201970601601191,-0.6215705967146201,-0.9274745739175644,-0.4408923202031081
20.0,127.0,1001.06591796875,0.8244933528957872,0.1717593457825232,-2.376671667044584,-0.0231454621569108,0.5201670551719506,-0.5719345939535587,0.1201970601601191,-0.6215705967146201,-0.9274745739175644,-0.4408923202031081
20.0,127.0,1001.06591796875,0.8244933528960978,0.1717593457825232,-2.376671667044584,-0.0231454763683038,0.5201670551719506,-0.5719345939535587,0.1201970601601191,-0.6215705967146201,-0.9274745739175644,-0.4408923202031081
20.0,127.0,1001.06591796875,0.8244933528961046,0.1717593457825232,-2.376671667044584,-0.0231454763683038,0.5201670551719506,-0.5719345939535587,0.1201970601601191,-0.6215705967146201,-0.9274745739175644,-0.4408923202031081
20.0,127.0,1001.06591796875,0.8244933528483068,0.1717593457825232,-2.376671667044584,-0.0231454621569108,0.5201670551719506,-0.5719345939535664,0.1201970601601191,-0.6215705967146201,-0.9274745739175644,-0.4408915855259263
20.0,127.0,1001.06591796875,0.8244933528961046,0.1717593457825232,-2.376671667044584,-0.0231454763683038,0.5201670551719506,-0.5719345939535587,0.1201970601601191,-0.6215705967146201,-0.9274745739175644,-0.4408923202031081
20.0,127.0,1001.06591796875,0.8244933528957872,0.1717593457825232,-2.376671667044584,-0.0231454621569108,0.5201670551719506,-0.5719345939535587,0.1201970601601191,-0.6215705967146201,-0.9274745739175644,-0.4408923202031081
20.0,127.0,1001.06591796875,0.8244933528957872,0.1717593457825232,-2.376671667044584,-0.0231454621569108,0.5201670551719506,-0.5719345939535587,0.1201970601601191,-0.6215705967146201,-0.9274745739175644,-0.4408923202031081
20.0,127.0,1001.06591796875,0.8244933528957872,0.1717593457825232,-2.376671667044584,-0.0231454621569108,0.5201670551719506,-0.5719345939535587,0.1201970601601191,-0.6215705967146201,-0.9274745739175644,-0.4408923202031081
20.0,127.0,1001.066162109375,0.824493352858401,0.1717593457825232,-2.3766719359523973,-0.0231456937923708,0.5201670551719506,-0.5719345939535587,0.1201970601601191,-0.6215705967146201,-0.9274745739175644,-0.4409082212397906
20.0,127.0,1001.0662231445312,0.8244933528961594,0.1717593457825232,-2.376667790423314,-0.0231454621569108,0.5201670551719506,-0.5719345939535587,0.1201970601601191,-0.6215705967146201,-0.9274745739175644,-0.4408923433807866
20.0,127.0,1001.0662231445312,0.8244933528957893,0.1717593457825232,-2.376671667044584,-0.023145930684012,0.5201670551719506,-0.5719345939535587,0.1201970601601191,-0.6215705967146201,-0.9274745739175644,-0.4409083490156286
20.0,127.0,1001.0662231445312,0.824493352850834,0.1717593457825232,-2.376667790423314,-0.0231454621569108,0.5201670551719506,-0.5719345939554155,0.1201970601601191,-0.6215705967146201,-0.9274745739175644,-0.4408923433807866
20.0,127.0,1001.0662231445312,0.8244933528957893,0.1717593457825232,-2.376671667044584,-0.0231459418783489,0.5201670551719506,-0.5719345939535587,0.1201970601601191,-0.6215705967146201,-0.9274745739175644,-0.4409086943402833
20.0,127.0,1001.0662231445312,0.8244933528957824,0.1717593457825232,-2.376671667044584,-0.0231459418783489,0.5201670551719506,-0.5719345939535587,0.1201970601601191,-0.6215705967146201,-0.9274745739175644,-0.4409086943402833
20.0,127.0,1001.0662231445312,0.8244933528957893,0.1717593457825232,-2.376671667044584,-0.0231459705338522,0.5201670551719506,-0.5719345939535587,0.1201970601601191,-0.6215705967146201,-0.9274745739175644,-0.4409087240521758
20.0,127.0,1001.0662231445312,0.8244933528957893,0.1717593457825232,-2.376671667044584,-0.0231459668302184,0.5201670551719506,-0.5719345939535587,0.1201970601601191,-0.6215705967146201,-0.9274745739175644,-0.4409086943402833
20.0,127.0,1001.0662231445312,0.8244933528511611,0.1717593457825232,-2.376667790423314,-0.0231454621569108,0.5201670551719506,-0.5719345939554155,0.1201970601601191,-0.6215705967146201,-0.9274745739175644,-0.4408924208861566
20.0,127.0,1001.0662231445312,0.8244933528957893,0.1717593457825232,-2.376671667044584,-0.023145930684012,0.5201670551719506,-0.5719345939535587,0.1201970601601191,-0.6215705967146201,-0.9274745739175644,-0.4409083490156286
20.0,127.0,1001.0665893554688,0.8244933528961594,0.1717593457825232,-2.376667790423314,-0.0231454621569108,0.5201670551719506,-0.5719345939535587,0.1201970601601191,-0.6215705967146201,-0.9274745739175644,-0.4409078022413402
20.0,127.0,1001.0665893554688,0.8244933528957853,0.1717593457825232,-2.376662656662506,-0.0231454180630121,0.5201670551719506,-0.5719345939535582,0.1201970601601191,-0.6215705967146201,-0.9274745739175644,-0.4408873653144034
20.0,127.0,1001.066650390625,0.8244933528957872,0.1717593457825232,-2.376662514489053,-0.0231454180630121,0.5201670551719506,-0.5719345939535582,0.1201970601601191,-0.6215705967146201,-0.9274745739175644,-0.4408873653144034
20.0,127.0,1001.066650390625,0.8244933528957853,0.1717593457825232,-2.376662514489053,-0.0231454180630121,0.5201670551719506,-0.5719345939535582,0.1201970601601191,-0.6215705967146201,-0.9274745739175644,-0.4408873653144034
20.0,127.0,1001.066650390625,0.8244933528960985,0.1717593457825232,-2.376662514489053,-0.0231454180630121,0.5201670551719506,-0.5719345939535582,0.1201970601601191,-0.6215705967146201,-0.9274745739175644,-0.4408875913172795
20.0,127.0,1001.0681762695312,0.8244933528971043,0.1717593457825232,-2.37664659260116,-0.023145930684012,0.5201670551719506,-0.5719345939536551,0.1201970601601191,-0.6215705967146201,-0.9274745739175644,-0.4408911043931605
20.0,127.0,1001.0681762695312,0.8244933528976746,0.1717593457825232,-2.37664659260116,-0.023145930684012,0.5201670551719506,-0.5719345939553132,0.1201970601601191,-0.6215705967146201,-0.9274745739175644,-0.4408911043931605
20.0,127.0,1001.0681762695312,0.8244933528984023,0.1717593457825232,-2.37664659260116,-0.023145930684012,0.5201670551719506,-0.5719345939536551,0.1201970601601191,-0.6215705967146201,-0.9274745739175644,-0.4408911043931605
20.0,127.0,1001.0700073242188,0.824493352895786,0.1717593457825232,-2.3766325317199013,-0.023145416520347,0.5201670551719506,-0.5719345939535583,0.1201970601601191,-0.6215705967146201,-0.9274745739175644,-0.4409112907975308
20.0,127.0,1001.077880859375,0.8244933528960978,0.1717593457825232,-2.376553826266609,-0.0231404606779969,0.5201670551719506,-0.5719345939535587,0.1201970601601191,-0.6215705967146201,-0.9274745739175644,-0.4408923414488969
20.0,127.0,1001.077880859375,0.8244933528960893,0.1717593457825232,-2.376553826266609,-0.0231404606779969,0.5201670551719506,-0.5719345939535587,0.1201970601601191,-0.6215705967146201,-0.9274745739175644,-0.4408923414488969
20.0,127.0,1001.0791015625,0.8244933528957893,0.1717593457825232,-2.3765467839416026,-0.0231459705338522,0.5201670551719506,-0.5719345939535587,0.1201970601601191,-0.6215705967146201,-0.9274745739175644,-0.4409087240521758
20.0,127.0,1001.079345703125,0.8244933528957893,0.1717593457825232,-2.37654487328572,-0.0231459704168544,0.5201670551719506,-0.5719345939535587,0.1201970601601191,-0.6215705967146201,-0.9274745739175644,-0.4409089874598529
20.0,127.0,1001.1594848632812,0.8244933528958508,0.1717593457825232,-2.3767206952121973,-0.0258563374256853,0.5201670551719506,-0.571934593953605,0.1201970601601191,-0.6215705967146201,-0.9274745739175644,-0.4409083072842362
20.0,127.0,1001.1594848632812,0.8244933528958508,0.1717593457825232,-2.3767206952121973,-0.0258563374256853,0.5201670551719506,-0.571934593953605,0.1201970601601191,-0.6215705967146201,-0.9274745739175644,-0.4409083072842362
20.0,127.0,1001.1594848632812,0.8244933528947449,0.1717593457825232,-2.3767206952121973,-0.0258563374256853,0.5201670551719506,-0.5719345939535576,0.1201970601601191,-0.6215705967146201,-0.9274745739175644,-0.4409082233049801
20.0,127.0,1001.162841796875,0.8244933528941873,0.1717593457825232,-2.376717789016145,-0.0259314313008785,0.5201670551719506,-0.571934593953459,0.1201970601601191,-0.6215705967146201,-0.9274745739175644,-0.4408820212743639
20.0,127.0,1001.1743774414062,0.8244933528958508,0.1717593457825232,-2.378357160883819,-0.0258563374256853,0.5201670551719506,-0.5719345939553897,0.1201970601601191,-0.6215705967146201,-0.9274745739175644,-0.4409083072842362
20.0,127.0,1001.1744384765624,0.8244933528958508,0.1717593457825232,-2.378357160883819,-0.0258563374256853,0.5201670551719506,-0.5719345939553897,0.1201970601601191,-0.6215705967146201,-0.9274745739175644,-0.4409083798356293
20.0,127.0,1001.1744384765624,0.8244933528957823,0.1717593457825232,-2.378357160883819,-0.0258563374256853,0.5201670551719506,-0.5719345939553897,0.1201970601601191,-0.6215705967146201,-0.9274745739175644,-0.4409083798356293
20.0,127.0,1001.176513671875,0.8244933528957875,0.1717593457825232,-2.378357160883819,-0.0260079957830462,0.5201670551719506,-0.5719345939555539,0.1201970601601191,-0.6215705967146201,-0.9274745739175644,-0.4409083072842362
20.0,127.0,1001.176513671875,0.8244933528957875,0.1717593457825232,-2.378357160883819,-0.0260079957830462,0.5201670551719506,-0.5719345939555539,0.1201970601601191,-0.6215705967146201,-0.9274745739175644,-0.4409083072842362
20.0,128.0,1001.056396484375,0.8244933528941873,0.1717593457825232,-2.376792112304801,-0.0231457835460852,0.5201670551719506,-0.571934593953459,0.1201970601601191,-0.6215705967146201,-0.9274745739175644,-0.4408822329749803
20.0,128.0,1001.056396484375,0.8244933528941873,0.1717593457825232,-2.376792112304801,-0.0231457835460852,0.5201670551719506,-0.571934593953459,0.1201970601601191,-0.6215705967146201,-0.9274745739175644,-0.4408819244618827
20.0,128.0,1001.056396484375,0.8244933528957754,0.1717593457825232,-2.376792112304801,-0.0231457835460852,0.5201670551719506,-0.571934593953459,0.1201970601601191,-0.6215705967146201,-0.9274745739175644,-0.4408819244618827
20.0,128.0,1001.056396484375,0.8244933528941873,0.1717593457825232,-2.376792112304801,-0.0231457835460852,0.5201670551719506,-0.5719345939534559,0.1201970601601191,-0.6215705967146201,-0.9274745739175644,-0.4408822329749803
20.0,128.0,1001.0599975585938,0.8244933528511638,0.1717593457825232,-2.3767409749211965,-0.0231454492661573,0.5201670551719506,-0.5719345939553915,0.1201970601601191,-0.6215705967146201,-0.9274745739175644,-0.4408841928344608
20.0,128.0,1001.0599975585938,0.8244933528984019,0.1717593457825232,-2.3767409749211965,-0.0231454492661573,0.5201670551719506,-0.571934593953444,0.1201970601601191,-0.6215705967146201,-0.9274745739175644,-0.4408825300569864
20.0,128.0,1001.0603637695312,0.8244933528997413,0.1717593457825232,-2.3767354153160016,-0.0231454562597492,0.5201670551719506,-0.5719345939554001,0.1201970601601191,-0.6215705967146201,-0.9274745739175644,-0.440880743979026
20.0,128.0,1001.0604248046876,0.8244933528941873,0.1717593457825232,-2.376734725660113,-0.0231454740963318,0.5201670551719506,-0.571934593953459,0.1201970601601191,-0.6215705967146201,-0.9274745739175644,-0.4408829183542734
20.0,128.0,1001.0606079101562,0.8244933528957132,0.1717593457825232,-2.3767335953962734,-0.0231454570099294,0.5201670551719506,-0.5719345939554001,0.1201970601601191,-0.6215705967146201,-0.9274745739175644,-0.4408873130592226
20.0,128.0,1001.064208984375,0.8244933528961046,0.1717593457825232,-2.376690153179403,-0.023140446647258,0.5201670551719506,-0.5719345939535587,0.1201970601601191,-0.6215705967146201,-0.9274745739175644,-0.4408923202031081
20.0,128.0,1001.065673828125,0.8244933528942152,0.1717593457825232,-2.37667176864309,-0.023145777867062,0.5201670551719506,-0.571934593953459,0.1201970601601191,-0.6215705967146201,-0.9274745739175644,-0.4408816813237982
20.0,128.0,1001.065673828125,0.8244933528957872,0.1717593457825232,-2.376671770542685,-0.0231454621569108,0.5201670551719506,-0.5719345939534565,0.1201970601601191,-0.6215705967146201,-0.9274745739175644,-0.4408829770832307
20.0,128.0,1001.0657958984376,0.8244933528960978,0.1717593457825232,-2.3766719359523973,-0.0231404606779969,0.5201670551719506,-0.5719345939535587,0.1201970601601191,-0.6215705967146201,-0.9274745739175644,-0.4408923202031081
20.0,128.0,1001.0657958984376,0.8244933528941873,0.1717593457825232,-2.3766698948216622,-0.023145777867062,0.5201670551719506,-0.571934593953459,0.1201970601601191,-0.6215705967146201,-0.9274745739175644,-0.440882000941418
20.0,128.0,1001.0657958984376,0.8244933528941873,0.1717593457825232,-2.3766698948216622,-0.023145777867062,0.5201670551719506,-0.571934593953459,0.1201970601601191,-0.6215705967146201,-0.9274745739175644,-0.440882000941418
20.0,128.0,1001.0658569335938,0.8244933528941873,0.1717593457825232,-2.3766698948216622,-0.0231454740963318,0.5201670551719506,-0.571934593953459,0.1201970601601191,-0.6215705967146201,-0.9274745739175644,-0.4408829183542734
20.0,128.0,1001.0658569335938,0.8244933528961046,0.1717593457825232,-2.376671667044584,-0.0231408025430673,0.5201670551719506,-0.5719345939535587,0.1201970601601191,-0.6215705967146201,-0.9274745739175644,-0.4408923202031081
20.0,128.0,1001.0658569335938,0.824493352896101,0.1717593457825232,-2.3766723771175813,-0.0231454763683038,0.5201670551719506,-0.5719345939535587,0.1201970601601191,-0.6215705967146201,-0.9274745739175644,-0.4408923202031081
20.0,128.0,1001.0658569335938,0.8244933528961046,0.1717593457825232,-2.376671934927496,-0.0231454763683038,0.5201670551719506,-0.5719345939535587,0.1201970601601191,-0.6215705967146201,-0.9274745739175644,-0.4408923202031081
20.0,128.0,1001.0658569335938,0.8244933528961194,0.1717593457825232,-2.376671667044584,-0.0231409466456284,0.5201670551719506,-0.5719345939535587,0.1201970601601191,-0.6215705967146201,-0.9274745739175644,-0.4408918565010072
20.0,128.0,1001.06591796875,0.8244933528957872,0.1717593457825232,-2.376671667044584,-0.0231454621569108,0.5201670551719506,-0.5719345939535587,0.1201970601601191,-0.6215705967146201,-0.9274745739175644,-0.4408923202031081
20.0,128.0,1001.06591796875,0.8244933528960978,0.1717593457825232,-2.376671667044584,-0.0231454763683038,0.5201670551719506,-0.5719345939535587,0.1201970601601191,-0.6215705967146201,-0.9274745739175644,-0.4408923202031081
20.0,128.0,1001.06591796875,0.8244933528961046,0.1717593457825232,-2.376671667044584,-0.0231454763683038,0.5201670551719506,-0.5719345939535587,0.1201970601601191,-0.6215705967146201,-0.9274745739175644,-0.4408923202031081
20.0,128.0,1001.06591796875,0.8244933528483068,0.1717593457825232,-2.376671667044584,-0.0231454621569108,0.5201670551719506,-0.5719345939535664,0.1201970601601191,-0.6215705967146201,-0.9274745739175644,-0.4408915855259263
20.0,128.0,1001.06591796875,0.8244933528961046,0.1717593457825232,-2.376671667044584,-0.0231454763683038,0.5201670551719506,-0.5719345939535587,0.1201970601601191,-0.6215705967146201,-0.9274745739175644,-0.4408923202031081
20.0,128.0,1001.06591796875,0.8244933528957872,0.1717593457825232,-2.376671667044584,-0.0231454621569108,0.5201670551719506,-0.5719345939535587,0.1201970601601191,-0.6215705967146201,-0.9274745739175644,-0.4408923202031081
20.0,128.0,1001.06591796875,0.8244933528957872,0.1717593457825232,-2.376671667044584,-0.0231454621569108,0.5201670551719506,-0.5719345939535587,0.1201970601601191,-0.6215705967146201,-0.9274745739175644,-0.4408923202031081
20.0,128.0,1001.06591796875,0.8244933528957872,0.1717593457825232,-2.376671667044584,-0.0231454621569108,0.5201670551719506,-0.5719345939535587,0.1201970601601191,-0.6215705967146201,-0.9274745739175644,-0.4408923202031081
20.0,128.0,1001.06591796875,0.8244933528426417,0.1717593457825232,-2.376671667044584,-0.0231454621569108,0.5201670551719506,-0.5719345939535664,0.1201970601601191,-0.6215705967146201,-0.9274745739175644,-0.4408915855259263
20.0,128.0,1001.06591796875,0.824493352896102,0.1717593457825232,-2.376671667044584,-0.0231454621569108,0.5201670551719506,-0.5719345939535587,0.1201970601601191,-0.6215705967146201,-0.9274745739175644,-0.4408923202031081
20.0,128.0,1001.06591796875,0.8244933529017697,0.1717593457825232,-2.376671667044584,-0.0231454763683038,0.5201670551719506,-0.5719345939535587,0.1201970601601191,-0.6215705967146201,-0.9274745739175644,-0.4408923202031081
20.0,128.0,1001.06591796875,0.8244933528961091,0.1717593457825232,-2.376671667044584,-0.0231454621569108,0.5201670551719506,-0.5719345939535587,0.1201970601601191,-0.6215705967146201,-0.9274745739175644,-0.4408923202031081
20.0,128.0,1001.06591796875,0.8244933528483068,0.1717593457825232,-2.376671667044584,-0.0231454621569108,0.5201670551719506,-0.5719345939535664,0.1201970601601191,-0.6215705967146201,-0.9274745739175644,-0.4408917132899914
20.0,128.0,1001.0659790039062,0.8244933528982025,0.1717593457825232,-2.37666813447726,-0.0231454492661573,0.5201670551719506,-0.5719345939534439,0.1201970601601191,-0.6215705967146201,-0.9274745739175644,-0.4408825300569864
20.0,128.0,1001.066162109375,0.824493352858401,0.1717593457825232,-2.3766719359523973,-0.0231456937923708,0.5201670551719506,-0.5719345939535587,0.1201970601601191,-0.6215705967146201,-0.9274745739175644,-0.4409082212397906
20.0,128.0,1001.066162109375,0.824493352858401,0.1717593457825232,-2.3766719359523973,-0.0231456937923708,0.5201670551719506,-0.5719345939554116,0.1201970601601191,-0.6215705967146201,-0.9274745739175644,-0.440907535215326
20.0,128.0,1001.066162109375,0.824493352896097,0.1717593457825232,-2.3766689592271457,-0.0231454763683038,0.5201670551719506,-0.5719345939535587,0.1201970601601191,-0.6215705967146201,-0.9274745739175644,-0.4408923202031081
20.0,128.0,1001.0662231445312,0.8244933528961594,0.1717593457825232,-2.376667790423314,-0.0231454621569108,0.5201670551719506,-0.5719345939535587,0.1201970601601191,-0.6215705967146201,-0.9274745739175644,-0.4408923433807866
20.0,128.0,1001.0662231445312,0.8244933528957893,0.1717593457825232,-2.376671667044584,-0.023145930684012,0.5201670551719506,-0.5719345939535587,0.1201970601601191,-0.6215705967146201,-0.9274745739175644,-0.4409083490156286
20.0,128.0,1001.0662231445312,0.824493352850834,0.1717593457825232,-2.376667790423314,-0.0231454621569108,0.5201670551719506,-0.5719345939554155,0.1201970601601191,-0.6215705967146201,-0.9274745739175644,-0.4408923433807866
20.0,128.0,1001.0662231445312,0.8244933528957893,0.1717593457825232,-2.376671667044584,-0.0231459418783489,0.5201670551719506,-0.5719345939535587,0.1201970601601191,-0.6215705967146201,-0.9274745739175644,-0.4409086943402833
20.0,128.0,1001.0662231445312,0.8244933528957824,0.1717593457825232,-2.376671667044584,-0.0231459418783489,0.5201670551719506,-0.5719345939535587,0.1201970601601191,-0.6215705967146201,-0.9274745739175644,-0.4409086943402833
20.0,128.0,1001.0662231445312,0.8244933528957893,0.1717593457825232,-2.376671667044584,-0.0231459705338522,0.5201670551719506,-0.5719345939535587,0.1201970601601191,-0.6215705967146201,-0.9274745739175644,-0.4409087240521758
20.0,128.0,1001.0662231445312,0.8244933528957893,0.1717593457825232,-2.376671667044584,-0.0231459668302184,0.5201670551719506,-0.5719345939535587,0.1201970601601191,-0.6215705967146201,-0.9274745739175644,-0.4409086943402833
20.0,128.0,1001.0662231445312,0.8244933528511611,0.1717593457825232,-2.376667790423314,-0.0231454621569108,0.5201670551719506,-0.5719345939554155,0.1201970601601191,-0.6215705967146201,-0.9274745739175644,-0.4408924208861566
20.0,128.0,1001.0662231445312,0.8244933528957893,0.1717593457825232,-2.376671667044584,-0.023145930684012,0.5201670551719506,-0.5719345939535587,0.1201970601601191,-0.6215705967146201,-0.9274745739175644,-0.4409083490156286
20.0,128.0,1001.0662231445312,0.8244933528957893,0.1717593457825232,-2.376671667044584,-0.023145930684012,0.5201670551719506,-0.5719345939535618,0.1201970601601191,-0.6215705967146201,-0.9274745739175644,-0.4409083490156286
20.0,128.0,1001.0662231445312,0.8244933528957745,0.1717593457825232,-2.376671667044584,-0.0231457977757878,0.5201670551719506,-0.5719345939535587,0.1201970601601191,-0.6215705967146201,-0.9274745739175644,-0.4409091580423842
20.0,128.0,1001.0662231445312,0.8244933528957893,0.1717593457825232,-2.376671667044584,-0.0231459417586014,0.5201670551719506,-0.5719345939535587,0.1201970601601191,-0.6215705967146201,-0.9274745739175644,-0.4409086913735885
20.0,128.0,1001.0662231445312,0.8244933528984872,0.1717593457825232,-2.376671700216731,-0.023145930684012,0.5201670551719506,-0.5719345939536551,0.1201970601601191,-0.6215705967146201,-0.9274745739175644,-0.4409086502185059
20.0,129.0,1001.056396484375,0.8244933528941873,0.1717593457825232,-2.376792112304801,-0.0231457835460852,0.5201670551719506,-0.571934593953459,0.1201970601601191,-0.6215705967146201,-0.9274745739175644,-0.4408822329749803
20.0,129.0,1001.056396484375,0.8244933528941873,0.1717593457825232,-2.376792112304801,-0.0231457835460852,0.5201670551719506,-0.571934593953459,0.1201970601601191,-0.6215705967146201,-0.9274745739175644,-0.4408819244618827
20.0,129.0,1001.056396484375,0.8244933528957754,0.1717593457825232,-2.376792112304801,-0.0231457835460852,0.5201670551719506,-0.571934593953459,0.1201970601601191,-0.6215705967146201,-0.9274745739175644,-0.4408819244618827
20.0,129.0,1001.056396484375,0.8244933528941873,0.1717593457825232,-2.376792112304801,-0.0231457835460852,0.5201670551719506,-0.5719345939534559,0.1201970601601191,-0.6215705967146201,-0.9274745739175644,-0.4408822329749803
20.0,129.0,1001.056396484375,0.8244933528941873,0.1717593457825232,-2.376792112304801,-0.0231457835460852,0.5201670551719506,-0.571934593953459,0.1201970601601191,-0.6215705967146201,-0.9274745739175644,-0.4408819244618827
20.0,129.0,1001.056396484375,0.8244933528941873,0.1717593457825232,-2.376792112304801,-0.0231457835460852,0.5201670551719506,-0.57193459395346,0.1201970601601191,-0.6215705967146201,-0.9274745739175644,-0.4408822329749803
20.0,129.0,1001.0599365234376,0.8244933528481535,0.1717593457825232,-2.376743029474108,-0.0231454627797125,0.5201670551719506,-0.5719345939553955,0.1201970601601191,-0.6215705967146201,-0.9274745739175644,-0.44089145112849
20.0,129.0,1001.0599975585938,0.8244933528511638,0.1717593457825232,-2.3767409749211965,-0.0231454492661573,0.5201670551719506,-0.5719345939553915,0.1201970601601191,-0.6215705967146201,-0.9274745739175644,-0.4408841928344608
20.0,129.0,1001.0599975585938,0.8244933528984019,0.1717593457825232,-2.3767409749211965,-0.0231454492661573,0.5201670551719506,-0.571934593953444,0.1201970601601191,-0.6215705967146201,-0.9274745739175644,-0.4408825300569864
20.0,129.0,1001.0599975585938,0.8244933528984283,0.1717593457825232,-2.3767409749211965,-0.0231454492661573,0.5201670551719506,-0.5719345939535645,0.1201970601601191,-0.6215705967146201,-0.9274745739175644,-0.4408825300569864
20.0,129.0,1001.0603637695312,0.8244933528997413,0.1717593457825232,-2.3767354153160016,-0.0231454562597492,0.5201670551719506,-0.5719345939554001,0.1201970601601191,-0.6215705967146201,-0.9274745739175644,-0.440880743979026
20.0,129.0,1001.0603637695312,0.8244933528997413,0.1717593457825232,-2.3767354153160016,-0.0231454562597492,0.5201670551719506,-0.5719345939553321,0.1201970601601191,-0.6215705967146201,-0.9274745739175644,-0.440880743979026
20.0,129.0,1001.0604248046876,0.8244933528941873,0.1717593457825232,-2.376734725660113,-0.0231454740963318,0.5201670551719506,-0.571934593953459,0.1201970601601191,-0.6215705967146201,-0.9274745739175644,-0.4408829183542734
20.0,129.0,1001.0606079101562,0.8244933528957132,0.1717593457825232,-2.3767335953962734,-0.0231454570099294,0.5201670551719506,-0.5719345939554001,0.1201970601601191,-0.6215705967146201,-0.9274745739175644,-0.4408873130592226
20.0,129.0,1001.0606079101562,0.824493352895713,0.1717593457825232,-2.3767335953962734,-0.0231454569757243,0.5201670551719506,-0.5719345939535441,0.1201970601601191,-0.6215705967146201,-0.9274745739175644,-0.4408873130592226
20.0,129.0,1001.064208984375,0.8244933528961046,0.1717593457825232,-2.376690153179403,-0.023140446647258,0.5201670551719506,-0.5719345939535587,0.1201970601601191,-0.6215705967146201,-0.9274745739175644,-0.4408923202031081
20.0,129.0,1001.064208984375,0.8244933528961046,0.1717593457825232,-2.376690153179403,-0.023140446647258,0.5201670551719506,-0.5719345939535587,0.1201970601601191,-0.6215705967146201,-0.9274745739175644,-0.4408923202031081
20.0,129.0,1001.0655517578124,0.8244933528933024,0.1717593457825232,-2.3766730291283764,-0.0231454621569108,0.5201670551719506,-0.5719345939534594,0.1201970601601191,-0.6215705967146201,-0.9274745739175644,-0.4408828655614776
20.0,129.0,1001.065673828125,0.8244933528942152,0.1717593457825232,-2.37667176864309,-0.023145777867062,0.5201670551719506,-0.571934593953459,0.1201970601601191,-0.6215705967146201,-0.9274745739175644,-0.4408816813237982
20.0,129.0,1001.065673828125,0.8244933528957872,0.1717593457825232,-2.376671770542685,-0.0231454621569108,0.5201670551719506,-0.5719345939534565,0.1201970601601191,-0.6215705967146201,-0.9274745739175644,-0.4408829770832307
20.0,129.0,1001.0657348632812,0.8244933528941873,0.1717593457825232,-2.376671212999028,-0.0231457835460852,0.5201670551719506,-0.5719345939536079,0.1201970601601191,-0.6215705967146201,-0.9274745739175644,-0.44088205717344
20.0,129.0,1001.0657958984376,0.8244933528960978,0.1717593457825232,-2.3766719359523973,-0.0231404606779969,0.5201670551719506,-0.5719345939535587,0.1201970601601191,-0.6215705967146201,-0.9274745739175644,-0.4408923202031081
20.0,129.0,1001.0657958984376,0.8244933528941873,0.1717593457825232,-2.3766698948216622,-0.023145777867062,0.5201670551719506,-0.571934593953459,0.1201970601601191,-0.6215705967146201,-0.9274745739175644,-0.440882000941418
20.0,129.0,1001.0657958984376,0.8244933528941873,0.1717593457825232,-2.3766698948216622,-0.023145777867062,0.5201670551719506,-0.571934593953459,0.1201970601601191,-0.6215705967146201,-0.9274745739175644,-0.440882000941418
20.0,129.0,1001.0658569335938,0.8244933528941873,0.1717593457825232,-2.3766698948216622,-0.0231454740963318,0.5201670551719506,-0.571934593953459,0.1201970601601191,-0.6215705967146201,-0.9274745739175644,-0.4408829183542734
20.0,129.0,1001.0658569335938,0.8244933528961046,0.1717593457825232,-2.376671667044584,-0.0231408025430673,0.5201670551719506,-0.5719345939535587,0.1201970601601191,-0.6215705967146201,-0.9274745739175644,-0.4408923202031081
20.0,129.0,1001.0658569335938,0.824493352896101,0.1717593457825232,-2.3766723771175813,-0.0231454763683038,0.5201670551719506,-0.5719345939535587,0.1201970601601191,-0.6215705967146201,-0.9274745739175644,-0.4408923202031081
20.0,129.0,1001.0658569335938,0.8244933528961046,0.1717593457825232,-2.376671934927496,-0.0231454763683038,0.5201670551719506,-0.5719345939535587,0.1201970601601191,-0.6215705967146201,-0.9274745739175644,-0.4408923202031081
20.0,129.0,1001.0658569335938,0.8244933528961194,0.1717593457825232,-2.376671667044584,-0.0231409466456284,0.5201670551719506,-0.5719345939535587,0.1201970601601191,-0.6215705967146201,-0.9274745739175644,-0.4408918565010072
20.0,129.0,1001.0658569335938,0.8244933528957992,0.1717593457825232,-2.376672342033126,-0.0231454621569108,0.5201670551719506,-0.5719345939535587,0.1201970601601191,-0.6215705967146201,-0.9274745739175644,-0.4408923202031081
20.0,129.0,1001.0658569335938,0.8244933528961046,0.1717593457825232,-2.376671667044584,-0.0231408025430673,0.5201670551719506,-0.5719345939535587,0.1201970601601191,-0.6215705967146201,-0.9274745739175644,-0.4408923202031081
20.0,129.0,1001.0658569335938,0.8244933528941873,0.1717593457825232,-2.376670042333845,-0.0231454740963318,0.5201670551719506,-0.571934593953459,0.1201970601601191,-0.6215705967146201,-0.9274745739175644,-0.4408843578874776
20.0,129.0,1001.06591796875,0.8244933528957872,0.1717593457825232,-2.376671667044584,-0.0231454621569108,0.5201670551719506,-0.5719345939535587,0.1201970601601191,-0.6215705967146201,-0.9274745739175644,-0.4408923202031081
20.0,129.0,1001.06591796875,0.8244933528960978,0.1717593457825232,-2.376671667044584,-0.0231454763683038,0.5201670551719506,-0.5719345939535587,0.1201970601601191,-0.6215705967146201,-0.9274745739175644,-0.4408923202031081
20.0,129.0,1001.06591796875,0.8244933528961046,0.1717593457825232,-2.376671667044584,-0.0231454763683038,0.5201670551719506,-0.5719345939535587,0.1201970601601191,-0.6215705967146201,-0.9274745739175644,-0.4408923202031081
20.0,129.0,1001.06591796875,0.8244933528483068,0.1717593457825232,-2.376671667044584,-0.0231454621569108,0.5201670551719506,-0.5719345939535664,0.1201970601601191,-0.6215705967146201,-0.9274745739175644,-0.4408915855259263
20.0,129.0,1001.06591796875,0.8244933528961046,0.1717593457825232,-2.376671667044584,-0.0231454763683038,0.5201670551719506,-0.5719345939535587,0.1201970601601191,-0.6215705967146201,-0.9274745739175644,-0.4408923202031081
20.0,129.0,1001.06591796875,0.8244933528957872,0.1717593457825232,-2.376671667044584,-0.0231454621569108,0.5201670551719506,-0.5719345939535587,0.1201970601601191,-0.6215705967146201,-0.9274745739175644,-0.4408923202031081
20.0,129.0,1001.06591796875,0.8244933528957872,0.1717593457825232,-2.376671667044584,-0.0231454621569108,0.5201670551719506,-0.5719345939535587,0.1201970601601191,-0.6215705967146201,-0.9274745739175644,-0.4408923202031081
20.0,129.0,1001.06591796875,0.8244933528957872,0.1717593457825232,-2.376671667044584,-0.0231454621569108,0.5201670551719506,-0.5719345939535587,0.1201970601601191,-0.6215705967146201,-0.9274745739175644,-0.4408923202031081
20.0,129.0,1001.06591796875,0.8244933528426417,0.1717593457825232,-2.376671667044584,-0.0231454621569108,0.5201670551719506,-0.5719345939535664,0.1201970601601191,-0.6215705967146201,-0.9274745739175644,-0.4408915855259263
20.0,129.0,1001.06591796875,0.824493352896102,0.1717593457825232,-2.376671667044584,-0.0231454621569108,0.5201670551719506,-0.5719345939535587,0.1201970601601191,-0.6215705967146201,-0.9274745739175644,-0.4408923202031081
20.0,129.0,1001.06591796875,0.8244933529017697,0.1717593457825232,-2.376671667044584,-0.0231454763683038,0.5201670551719506,-0.5719345939535587,0.1201970601601191,-0.6215705967146201,-0.9274745739175644,-0.4408923202031081
20.0,129.0,1001.06591796875,0.8244933528961091,0.1717593457825232,-2.376671667044584,-0.0231454621569108,0.5201670551719506,-0.5719345939535587,0.1201970601601191,-0.6215705967146201,-0.9274745739175644,-0.4408923202031081
20.0,129.0,1001.06591796875,0.8244933528483068,0.1717593457825232,-2.376671667044584,-0.0231454621569108,0.5201670551719506,-0.5719345939535664,0.1201970601601191,-0.6215705967146201,-0.9274745739175644,-0.4408917132899914
20.0,129.0,1001.06591796875,0.8244933528961046,0.1717593457825232,-2.376671667044584,-0.0231454184959785,0.5201670551719506,-0.5719345939535587,0.1201970601601191,-0.6215705967146201,-0.9274745739175644,-0.4408923202031081
20.0,129.0,1001.06591796875,0.8244933528961367,0.1717593457825232,-2.376671667044584,-0.0231452100379316,0.5201670551719506,-0.5719345939535587,0.1201970601601191,-0.6215705967146201,-0.9274745739175644,-0.4408923309213839
20.0,129.0,1001.06591796875,0.8244933528513172,0.1717593457825232,-2.376669612491673,-0.0231454486433556,0.5201670551719506,-0.5719345939535623,0.1201970601601191,-0.6215705967146201,-0.9274745739175644,-0.4408843272318971
20.0,129.0,1001.06591796875,0.8244933528957872,0.1717593457825232,-2.376671667044584,-0.0231454621569108,0.5201670551719506,-0.5719345939535587,0.1201970601601191,-0.6215705967146201,-0.9274745739175644,-0.4408923202031081
20.0,129.0,1001.0659790039062,0.8244933528982025,0.1717593457825232,-2.37666813447726,-0.0231454492661573,0.5201670551719506,-0.5719345939534439,0.1201970601601191,-0.6215705967146201,-0.9274745739175644,-0.4408825300569864
20.0,130.0,1001.0551147460938,0.8244933528940926,0.1717593457825232,-2.3768162158012385,-0.0231458175280938,0.5201670551719506,-0.5719345939535574,0.1201970601601191,-0.6215705967146201,-0.9274745739175644,-0.4408928510969608
20.0,130.0,1001.056396484375,0.8244933528941873,0.1717593457825232,-2.376792112304801,-0.0231457835460852,0.5201670551719506,-0.571934593953459,0.1201970601601191,-0.6215705967146201,-0.9274745739175644,-0.4408822329749803
20.0,130.0,1001.056396484375,0.8244933528941873,0.1717593457825232,-2.376792112304801,-0.0231457835460852,0.5201670551719506,-0.571934593953459,0.1201970601601191,-0.6215705967146201,-0.9274745739175644,-0.4408819244618827
20.0,130.0,1001.056396484375,0.8244933528957754,0.1717593457825232,-2.376792112304801,-0.0231457835460852,0.5201670551719506,-0.571934593953459,0.1201970601601191,-0.6215705967146201,-0.9274745739175644,-0.4408819244618827
20.0,130.0,1001.056396484375,0.8244933528941873,0.1717593457825232,-2.376792112304801,-0.0231457835460852,0.5201670551719506,-0.5719345939534559,0.1201970601601191,-0.6215705967146201,-0.9274745739175644,-0.4408822329749803
20.0,130.0,1001.056396484375,0.8244933528941873,0.1717593457825232,-2.376792112304801,-0.0231457835460852,0.5201670551719506,-0.571934593953459,0.1201970601601191,-0.6215705967146201,-0.9274745739175644,-0.4408819244618827
20.0,130.0,1001.056396484375,0.8244933528941873,0.1717593457825232,-2.376792112304801,-0.0231457835460852,0.5201670551719506,-0.57193459395346,0.1201970601601191,-0.6215705967146201,-0.9274745739175644,-0.4408822329749803
20.0,130.0,1001.056396484375,0.8244933528941873,0.1717593457825232,-2.376792112304801,-0.0231457835460852,0.5201670551719506,-0.571934593953459,0.1201970601601191,-0.6215705967146201,-0.9274745739175644,-0.4408819244618827
20.0,130.0,1001.056396484375,0.8244933528941873,0.1717593457825232,-2.376792112304801,-0.0231457835460852,0.5201670551719506,-0.571934593953459,0.1201970601601191,-0.6215705967146201,-0.9274745739175644,-0.4408819099730884
20.0,130.0,1001.0564575195312,0.8244933528933135,0.1717593457825232,-2.376791415438781,-0.0231457844201861,0.5201670551719506,-0.571934593953459,0.1201970601601191,-0.6215705967146201,-0.9274745739175644,-0.4408822329749803
20.0,130.0,1001.0599365234376,0.8244933528481535,0.1717593457825232,-2.376743029474108,-0.0231454627797125,0.5201670551719506,-0.5719345939553955,0.1201970601601191,-0.6215705967146201,-0.9274745739175644,-0.44089145112849
20.0,130.0,1001.0599975585938,0.8244933528511638,0.1717593457825232,-2.3767409749211965,-0.0231454492661573,0.5201670551719506,-0.5719345939553915,0.1201970601601191,-0.6215705967146201,-0.9274745739175644,-0.4408841928344608
20.0,130.0,1001.0599975585938,0.8244933528984019,0.1717593457825232,-2.3767409749211965,-0.0231454492661573,0.5201670551719506,-0.571934593953444,0.1201970601601191,-0.6215705967146201,-0.9274745739175644,-0.4408825300569864
20.0,130.0,1001.0599975585938,0.8244933528984283,0.1717593457825232,-2.3767409749211965,-0.0231454492661573,0.5201670551719506,-0.5719345939535645,0.1201970601601191,-0.6215705967146201,-0.9274745739175644,-0.4408825300569864
20.0,130.0,1001.0599975585938,0.8244933528481535,0.1717593457825232,-2.376743029474108,-0.0231454627797125,0.5201670551719506,-0.5719345939553955,0.1201970601601191,-0.6215705967146201,-0.9274745739175644,-0.4408922875852069
20.0,130.0,1001.06005859375,0.8244933528970741,0.1717593457825232,-2.376742125798006,-0.0231453329907624,0.5201670551719506,-0.5719345939535587,0.1201970601601191,-0.6215705967146201,-0.9274745739175644,-0.4408923202031081
20.0,130.0,1001.0601806640624,0.8244933528495043,0.1717593457825232,-2.3767411482365466,-0.0231454517298222,0.5201670551719506,-0.5719345939553915,0.1201970601601191,-0.6215705967146201,-0.9274745739175644,-0.440892843307819
20.0,130.0,1001.0603637695312,0.8244933528997413,0.1717593457825232,-2.3767354153160016,-0.0231454562597492,0.5201670551719506,-0.5719345939554001,0.1201970601601191,-0.6215705967146201,-0.9274745739175644,-0.440880743979026
20.0,130.0,1001.0603637695312,0.8244933528997413,0.1717593457825232,-2.3767354153160016,-0.0231454562597492,0.5201670551719506,-0.5719345939553321,0.1201970601601191,-0.6215705967146201,-0.9274745739175644,-0.440880743979026
20.0,130.0,1001.0604248046876,0.8244933528941873,0.1717593457825232,-2.376734725660113,-0.0231454740963318,0.5201670551719506,-0.571934593953459,0.1201970601601191,-0.6215705967146201,-0.9274745739175644,-0.4408829183542734
20.0,130.0,1001.0604858398438,0.8244933528997413,0.1717593457825232,-2.3767343567437624,-0.0231454562597492,0.5201670551719506,-0.5719345939553321,0.1201970601601191,-0.6215705967146201,-0.9274745739175644,-0.4408841304130208
20.0,130.0,1001.060546875,0.8244933528997413,0.1717593457825232,-2.3767354153160016,-0.0231454562597492,0.5201670551719506,-0.5719345939553776,0.1201970601601191,-0.6215705967146201,-0.9274745739175644,-0.4408927253197294
20.0,130.0,1001.0606079101562,0.8244933528957132,0.1717593457825232,-2.3767335953962734,-0.0231454570099294,0.5201670551719506,-0.5719345939554001,0.1201970601601191,-0.6215705967146201,-0.9274745739175644,-0.4408873130592226
20.0,130.0,1001.0606079101562,0.824493352895713,0.1717593457825232,-2.3767335953962734,-0.0231454569757243,0.5201670551719506,-0.5719345939535441,0.1201970601601191,-0.6215705967146201,-0.9274745739175644,-0.4408873130592226
20.0,130.0,1001.0606079101562,0.824493352895713,0.1717593457825232,-2.3767335953962734,-0.0231454569757243,0.5201670551719506,-0.5719345939535441,0.1201970601601191,-0.6215705967146201,-0.9274745739175644,-0.4408873130592226
20.0,130.0,1001.0606079101562,0.8244933528997413,0.1717593457825232,-2.3767354153160016,-0.0231454562597492,0.5201670551719506,-0.5719345939553321,0.1201970601601191,-0.6215705967146201,-0.9274745739175644,-0.44089208587724
20.0,130.0,1001.0640258789062,0.8244933528957132,0.1717593457825232,-2.376691171458172,-0.0231405110763916,0.5201670551719506,-0.5719345939554001,0.1201970601601191,-0.6215705967146201,-0.9274745739175644,-0.4408873130592226
20.0,130.0,1001.064208984375,0.8244933528961046,0.1717593457825232,-2.376690153179403,-0.023140446647258,0.5201670551719506,-0.5719345939535587,0.1201970601601191,-0.6215705967146201,-0.9274745739175644,-0.4408923202031081
20.0,130.0,1001.064208984375,0.8244933528961046,0.1717593457825232,-2.376690153179403,-0.023140446647258,0.5201670551719506,-0.5719345939535587,0.1201970601601191,-0.6215705967146201,-0.9274745739175644,-0.4408923202031081
20.0,130.0,1001.0654907226562,0.8244933528941761,0.1717593457825232,-2.376673725994397,-0.0231454612828099,0.5201670551719506,-0.5719345939534594,0.1201970601601191,-0.6215705967146201,-0.9274745739175644,-0.4408828655614776
20.0,130.0,1001.0655517578124,0.8244933528933024,0.1717593457825232,-2.3766730291283764,-0.0231454621569108,0.5201670551719506,-0.5719345939534594,0.1201970601601191,-0.6215705967146201,-0.9274745739175644,-0.4408828655614776
20.0,130.0,1001.065673828125,0.8244933528942152,0.1717593457825232,-2.37667176864309,-0.023145777867062,0.5201670551719506,-0.571934593953459,0.1201970601601191,-0.6215705967146201,-0.9274745739175644,-0.4408816813237982
20.0,130.0,1001.065673828125,0.8244933528957872,0.1717593457825232,-2.376671770542685,-0.0231454621569108,0.5201670551719506,-0.5719345939534565,0.1201970601601191,-0.6215705967146201,-0.9274745739175644,-0.4408829770832307
20.0,130.0,1001.065673828125,0.8244933528960978,0.1717593457825232,-2.376671667044584,-0.0231454763683038,0.5201670551719506,-0.5719345939535587,0.1201970601601191,-0.6215705967146201,-0.9274745739175644,-0.4408809783048941
20.0,130.0,1001.0657348632812,0.8244933528941873,0.1717593457825232,-2.376671212999028,-0.0231457835460852,0.5201670551719506,-0.5719345939536079,0.1201970601601191,-0.6215705967146201,-0.9274745739175644,-0.44088205717344
20.0,130.0,1001.0657348632812,0.8244933528985742,0.1717593457825232,-2.376670741956012,-0.0231454981544109,0.5201670551719506,-0.5719345939535645,0.1201970601601191,-0.6215705967146201,-0.9274745739175644,-0.4408817229772675
20.0,130.0,1001.0657348632812,0.8244933528501874,0.1717593457825232,-2.3766707850755884,-0.0231405769533918,0.5201670551719506,-0.5719345939553915,0.1201970601601191,-0.6215705967146201,-0.9274745739175644,-0.4408841928344608
20.0,130.0,1001.0657958984376,0.8244933528960978,0.1717593457825232,-2.3766719359523973,-0.0231404606779969,0.5201670551719506,-0.5719345939535587,0.1201970601601191,-0.6215705967146201,-0.9274745739175644,-0.4408923202031081
20.0,130.0,1001.0657958984376,0.8244933528941873,0.1717593457825232,-2.3766698948216622,-0.023145777867062,0.5201670551719506,-0.571934593953459,0.1201970601601191,-0.6215705967146201,-0.9274745739175644,-0.440882000941418
20.0,130.0,1001.0657958984376,0.8244933528941873,0.1717593457825232,-2.3766698948216622,-0.023145777867062,0.5201670551719506,-0.571934593953459,0.1201970601601191,-0.6215705967146201,-0.9274745739175644,-0.440882000941418
20.0,130.0,1001.0657958984376,0.8244933528955247,0.1717593457825232,-2.376671516730536,-0.0231454766224493,0.5201670551719506,-0.5719345939554001,0.1201970601601191,-0.6215705967146201,-0.9274745739175644,-0.4408873130592226
20.0,130.0,1001.0658569335938,0.8244933528941873,0.1717593457825232,-2.3766698948216622,-0.0231454740963318,0.5201670551719506,-0.571934593953459,0.1201970601601191,-0.6215705967146201,-0.9274745739175644,-0.4408829183542734
20.0,130.0,1001.0658569335938,0.8244933528961046,0.1717593457825232,-2.376671667044584,-0.0231408025430673,0.5201670551719506,-0.5719345939535587,0.1201970601601191,-0.6215705967146201,-0.9274745739175644,-0.4408923202031081
20.0,130.0,1001.0658569335938,0.824493352896101,0.1717593457825232,-2.3766723771175813,-0.0231454763683038,0.5201670551719506,-0.5719345939535587,0.1201970601601191,-0.6215705967146201,-0.9274745739175644,-0.4408923202031081
20.0,130.0,1001.0658569335938,0.8244933528961046,0.1717593457825232,-2.376671934927496,-0.0231454763683038,0.5201670551719506,-0.5719345939535587,0.1201970601601191,-0.6215705967146201,-0.9274745739175644,-0.4408923202031081
20.0,130.0,1001.0658569335938,0.8244933528961194,0.1717593457825232,-2.376671667044584,-0.0231409466456284,0.5201670551719506,-0.5719345939535587,0.1201970601601191,-0.6215705967146201,-0.9274745739175644,-0.4408918565010072
20.0,130.0,1001.0658569335938,0.8244933528957992,0.1717593457825232,-2.376672342033126,-0.0231454621569108,0.5201670551719506,-0.5719345939535587,0.1201970601601191,-0.6215705967146201,-0.9274745739175644,-0.4408923202031081
20.0,130.0,1001.0658569335938,0.8244933528961046,0.1717593457825232,-2.376671667044584,-0.0231408025430673,0.5201670551719506,-0.5719345939535587,0.1201970601601191,-0.6215705967146201,-0.9274745739175644,-0.4408923202031081
20.0,130.0,1001.0658569335938,0.8244933528941873,0.1717593457825232,-2.376670042333845,-0.0231454740963318,0.5201670551719506,-0.571934593953459,0.1201970601601191,-0.6215705967146201,-0.9274745739175644,-0.4408843578874776
20.0,130.0,1001.0658569335938,0.8244933528957992,0.1717593457825232,-2.3766719185456244,-0.0231454621569108,0.5201670551719506,-0.5719345939535587,0.1201970601601191,-0.6215705967146201,-0.9274745739175644,-0.4408923202031081
20.0,131.0,1001.0551147460938,0.8244933528940926,0.1717593457825232,-2.3768162158012385,-0.0231458175280938,0.5201670551719506,-0.5719345939535574,0.1201970601601191,-0.6215705967146201,-0.9274745739175644,-0.4408928510969608
20.0,131.0,1001.0551147460938,0.8244933528941213,0.1717593457825232,-2.3768162158012385,-0.0231454669599006,0.5201670551719506,-0.5719345939535574,0.1201970601601191,-0.6215705967146201,-0.9274745739175644,-0.4408928510969608
20.0,131.0,1001.0563354492188,0.8244933528941873,0.1717593457825232,-2.3767935654948267,-0.023145454496987,0.5201670551719506,-0.5719345939552738,0.1201970601601191,-0.6215705967146201,-0.9274745739175644,-0.4408819244618827
20.0,131.0,1001.056396484375,0.8244933528941873,0.1717593457825232,-2.376792112304801,-0.0231457835460852,0.5201670551719506,-0.571934593953459,0.1201970601601191,-0.6215705967146201,-0.9274745739175644,-0.4408822329749803
20.0,131.0,1001.056396484375,0.8244933528941873,0.1717593457825232,-2.376792112304801,-0.0231457835460852,0.5201670551719506,-0.571934593953459,0.1201970601601191,-0.6215705967146201,-0.9274745739175644,-0.4408819244618827
20.0,131.0,1001.056396484375,0.8244933528957754,0.1717593457825232,-2.376792112304801,-0.0231457835460852,0.5201670551719506,-0.571934593953459,0.1201970601601191,-0.6215705967146201,-0.9274745739175644,-0.4408819244618827
20.0,131.0,1001.056396484375,0.8244933528941873,0.1717593457825232,-2.376792112304801,-0.0231457835460852,0.5201670551719506,-0.5719345939534559,0.1201970601601191,-0.6215705967146201,-0.9274745739175644,-0.4408822329749803
20.0,131.0,1001.056396484375,0.8244933528941873,0.1717593457825232,-2.376792112304801,-0.0231457835460852,0.5201670551719506,-0.571934593953459,0.1201970601601191,-0.6215705967146201,-0.9274745739175644,-0.4408819244618827
20.0,131.0,1001.056396484375,0.8244933528941873,0.1717593457825232,-2.376792112304801,-0.0231457835460852,0.5201670551719506,-0.57193459395346,0.1201970601601191,-0.6215705967146201,-0.9274745739175644,-0.4408822329749803
20.0,131.0,1001.056396484375,0.8244933528941873,0.1717593457825232,-2.376792112304801,-0.0231457835460852,0.5201670551719506,-0.571934593953459,0.1201970601601191,-0.6215705967146201,-0.9274745739175644,-0.4408819244618827
20.0,131.0,1001.056396484375,0.8244933528941873,0.1717593457825232,-2.376792112304801,-0.0231457835460852,0.5201670551719506,-0.571934593953459,0.1201970601601191,-0.6215705967146201,-0.9274745739175644,-0.4408819099730884
20.0,131.0,1001.056396484375,0.8244933528941873,0.1717593457825232,-2.376792112304801,-0.0231457835460852,0.5201670551719506,-0.571934593953459,0.1201970601601191,-0.6215705967146201,-0.9274745739175644,-0.4408822329749803
20.0,131.0,1001.056396484375,0.8244933528941873,0.1717593457825232,-2.376792112304801,-0.0231457835460852,0.5201670551719506,-0.57193459395346,0.1201970601601191,-0.6215705967146201,-0.9274745739175644,-0.4408822329749803
20.0,131.0,1001.056396484375,0.8244933528941873,0.1717593457825232,-2.376792112304801,-0.0231454630549589,0.5201670551719506,-0.571934593953459,0.1201970601601191,-0.6215705967146201,-0.9274745739175644,-0.4408819244618827
20.0,131.0,1001.056396484375,0.8244933528941873,0.1717593457825232,-2.376792112304801,-0.0231457835460852,0.5201670551719506,-0.571934593953459,0.1201970601601191,-0.6215705967146201,-0.9274745739175644,-0.4408819244618827
20.0,131.0,1001.0564575195312,0.8244933528933135,0.1717593457825232,-2.376791415438781,-0.0231457844201861,0.5201670551719506,-0.571934593953459,0.1201970601601191,-0.6215705967146201,-0.9274745739175644,-0.4408822329749803
20.0,131.0,1001.0564575195312,0.8244933528985742,0.1717593457825232,-2.376791439820416,-0.0231454981544109,0.5201670551719506,-0.5719345939535639,0.1201970601601191,-0.6215705967146201,-0.9274745739175644,-0.4408819162420818
20.0,131.0,1001.0564575195312,0.8244933528933135,0.1717593457825232,-2.376791415438781,-0.0231457844201861,0.5201670551719506,-0.571934593953459,0.1201970601601191,-0.6215705967146201,-0.9274745739175644,-0.4408822329749803
20.0,131.0,1001.059814453125,0.8244933529010147,0.1717593457825232,-2.376743029474108,-0.0231454627797125,0.5201670551719506,-0.5719345939553955,0.1201970601601191,-0.6215705967146201,-0.9274745739175644,-0.4408826313825491
20.0,131.0,1001.0598754882812,0.8244933528501763,0.1717593457825232,-2.376743843168609,-0.0231405769533918,0.5201670551719506,-0.5719345939553915,0.1201970601601191,-0.6215705967146201,-0.9274745739175644,-0.4408915008883025
20.0,131.0,1001.0599365234376,0.8244933528481535,0.1717593457825232,-2.376743029474108,-0.0231454627797125,0.5201670551719506,-0.5719345939553955,0.1201970601601191,-0.6215705967146201,-0.9274745739175644,-0.44089145112849
20.0,131.0,1001.0599975585938,0.8244933528511638,0.1717593457825232,-2.3767409749211965,-0.0231454492661573,0.5201670551719506,-0.5719345939553915,0.1201970601601191,-0.6215705967146201,-0.9274745739175644,-0.4408841928344608
20.0,131.0,1001.0599975585938,0.8244933528984019,0.1717593457825232,-2.3767409749211965,-0.0231454492661573,0.5201670551719506,-0.571934593953444,0.1201970601601191,-0.6215705967146201,-0.9274745739175644,-0.4408825300569864
20.0,131.0,1001.0599975585938,0.8244933528984283,0.1717593457825232,-2.3767409749211965,-0.0231454492661573,0.5201670551719506,-0.5719345939535645,0.1201970601601191,-0.6215705967146201,-0.9274745739175644,-0.4408825300569864
20.0,131.0,1001.0599975585938,0.8244933528481535,0.1717593457825232,-2.376743029474108,-0.0231454627797125,0.5201670551719506,-0.5719345939553955,0.1201970601601191,-0.6215705967146201,-0.9274745739175644,-0.4408922875852069
20.0,131.0,1001.0599975585938,0.8244933528511638,0.1717593457825232,-2.3767409749211965,-0.02314544897956,0.5201670551719506,-0.5719345939553915,0.1201970601601191,-0.6215705967146201,-0.9274745739175644,-0.4408842630677335
20.0,131.0,1001.06005859375,0.8244933528970741,0.1717593457825232,-2.376742125798006,-0.0231453329907624,0.5201670551719506,-0.5719345939535587,0.1201970601601191,-0.6215705967146201,-0.9274745739175644,-0.4408923202031081
20.0,131.0,1001.06005859375,0.8244933528482884,0.1717593457825232,-2.3767423795844578,-0.0231454627797125,0.5201670551719506,-0.5719345939534848,0.1201970601601191,-0.6215705967146201,-0.9274745739175644,-0.44089145112849
20.0,131.0,1001.0601806640624,0.8244933528495043,0.1717593457825232,-2.3767411482365466,-0.0231454517298222,0.5201670551719506,-0.5719345939553915,0.1201970601601191,-0.6215705967146201,-0.9274745739175644,-0.440892843307819
20.0,131.0,1001.060302734375,0.8244933528495043,0.1717593457825232,-2.376739695046521,-0.0231457807789203,0.5201670551719506,-0.5719345939535767,0.1201970601601191,-0.6215705967146201,-0.9274745739175644,-0.440892843307819
20.0,131.0,1001.0603637695312,0.8244933528997413,0.1717593457825232,-2.3767354153160016,-0.0231454562597492,0.5201670551719506,-0.5719345939554001,0.1201970601601191,-0.6215705967146201,-0.9274745739175644,-0.440880743979026
20.0,131.0,1001.0603637695312,0.8244933528997413,0.1717593457825232,-2.3767354153160016,-0.0231454562597492,0.5201670551719506,-0.5719345939553321,0.1201970601601191,-0.6215705967146201,-0.9274745739175644,-0.440880743979026
20.0,131.0,1001.0603637695312,0.8244933528941425,0.1717593457825232,-2.3767354153160016,-0.0231454562597492,0.5201670551719506,-0.5719345939535401,0.1201970601601191,-0.6215705967146201,-0.9274745739175644,-0.440880743979026
20.0,131.0,1001.0604248046876,0.8244933528941873,0.1717593457825232,-2.376734725660113,-0.0231454740963318,0.5201670551719506,-0.571934593953459,0.1201970601601191,-0.6215705967146201,-0.9274745739175644,-0.4408829183542734
20.0,131.0,1001.0604858398438,0.8244933528997413,0.1717593457825232,-2.3767343567437624,-0.0231454562597492,0.5201670551719506,-0.5719345939553321,0.1201970601601191,-0.6215705967146201,-0.9274745739175644,-0.4408841304130208
20.0,131.0,1001.060546875,0.8244933528997413,0.1717593457825232,-2.3767354153160016,-0.0231454562597492,0.5201670551719506,-0.5719345939553776,0.1201970601601191,-0.6215705967146201,-0.9274745739175644,-0.4408927253197294
20.0,131.0,1001.0606079101562,0.8244933528957132,0.1717593457825232,-2.3767335953962734,-0.0231454570099294,0.5201670551719506,-0.5719345939554001,0.1201970601601191,-0.6215705967146201,-0.9274745739175644,-0.4408873130592226
20.0,131.0,1001.0606079101562,0.824493352895713,0.1717593457825232,-2.3767335953962734,-0.0231454569757243,0.5201670551719506,-0.5719345939535441,0.1201970601601191,-0.6215705967146201,-0.9274745739175644,-0.4408873130592226
20.0,131.0,1001.0606079101562,0.824493352895713,0.1717593457825232,-2.3767335953962734,-0.0231454569757243,0.5201670551719506,-0.5719345939535441,0.1201970601601191,-0.6215705967146201,-0.9274745739175644,-0.4408873130592226
20.0,131.0,1001.0606079101562,0.8244933528997413,0.1717593457825232,-2.3767354153160016,-0.0231454562597492,0.5201670551719506,-0.5719345939553321,0.1201970601601191,-0.6215705967146201,-0.9274745739175644,-0.44089208587724
20.0,131.0,1001.0606079101562,0.824493352895713,0.1717593457825232,-2.3767335953962734,-0.0231454572623216,0.5201670551719506,-0.5719345939535441,0.1201970601601191,-0.6215705967146201,-0.9274745739175644,-0.44088724282595
20.0,131.0,1001.0606079101562,0.824493352895713,0.1717593457825232,-2.3767335953962734,-0.0231454569757243,0.5201670551719506,-0.5719345939535441,0.1201970601601191,-0.6215705967146201,-0.9274745739175644,-0.4408873130592226
20.0,131.0,1001.0607299804688,0.824493352900454,0.1717593457825232,-2.376730877222969,-0.0231454749624898,0.5201670551719506,-0.5719345939553759,0.1201970601601191,-0.6215705967146201,-0.9274745739175644,-0.4408819244618827
20.0,131.0,1001.0609741210938,0.8244933528960978,0.1717593457825232,-2.3767298994160027,-0.0231407278669606,0.5201670551719506,-0.5719345939535596,0.1201970601601191,-0.6215705967146201,-0.9274745739175644,-0.4408921953836912
20.0,131.0,1001.0640258789062,0.8244933528957132,0.1717593457825232,-2.376691171458172,-0.0231405110763916,0.5201670551719506,-0.5719345939554001,0.1201970601601191,-0.6215705967146201,-0.9274745739175644,-0.4408873130592226
20.0,131.0,1001.0641479492188,0.8244933528961046,0.1717593457825232,-2.376690759906625,-0.023140548248497,0.5201670551719506,-0.5719345939534585,0.1201970601601191,-0.6215705967146201,-0.9274745739175644,-0.4408923202031081
20.0,131.0,1001.064208984375,0.8244933528961046,0.1717593457825232,-2.376690153179403,-0.023140446647258,0.5201670551719506,-0.5719345939535587,0.1201970601601191,-0.6215705967146201,-0.9274745739175644,-0.4408923202031081
20.0,131.0,1001.064208984375,0.8244933528961046,0.1717593457825232,-2.376690153179403,-0.023140446647258,0.5201670551719506,-0.5719345939535587,0.1201970601601191,-0.6215705967146201,-0.9274745739175644,-0.4408923202031081
20.0,131.0,1001.0654907226562,0.8244933528941761,0.1717593457825232,-2.376673725994397,-0.0231454612828099,0.5201670551719506,-0.5719345939534594,0.1201970601601191,-0.6215705967146201,-0.9274745739175644,-0.4408828655614776
20.0,131.0,1001.0655517578124,0.8244933528933024,0.1717593457825232,-2.3766730291283764,-0.0231454621569108,0.5201670551719506,-0.5719345939534594,0.1201970601601191,-0.6215705967146201,-0.9274745739175644,-0.4408828655614776
20.0,132.0,1001.054931640625,0.8244933528941873,0.1717593457825232,-2.3768165232617338,-0.0231458143178547,0.5201670551719506,-0.5719345939535595,0.1201970601601191,-0.6215705967146201,-0.9274745739175644,-0.4408822329749803
20.0,132.0,1001.0549926757812,0.8244933528941213,0.1717593457825232,-2.3768181714754446,-0.0231454669599006,0.5201670551719506,-0.5719345939554635,0.1201970601601191,-0.6215705967146201,-0.9274745739175644,-0.4408928510969608
20.0,132.0,1001.0551147460938,0.8244933528940926,0.1717593457825232,-2.3768162158012385,-0.0231458175280938,0.5201670551719506,-0.5719345939535574,0.1201970601601191,-0.6215705967146201,-0.9274745739175644,-0.4408928510969608
20.0,132.0,1001.0551147460938,0.8244933528941213,0.1717593457825232,-2.3768162158012385,-0.0231454669599006,0.5201670551719506,-0.5719345939535574,0.1201970601601191,-0.6215705967146201,-0.9274745739175644,-0.4408928510969608
20.0,132.0,1001.0551147460938,0.8244933528941213,0.1717593457825232,-2.3768162158012385,-0.0231454669599006,0.5201670551719506,-0.5719345939535574,0.1201970601601191,-0.6215705967146201,-0.9274745739175644,-0.4408928510969608
20.0,132.0,1001.0563354492188,0.8244933528941873,0.1717593457825232,-2.3767935654948267,-0.023145454496987,0.5201670551719506,-0.5719345939552738,0.1201970601601191,-0.6215705967146201,-0.9274745739175644,-0.4408819244618827
20.0,132.0,1001.0563354492188,0.8244933528944881,0.1717593457825232,-2.3767938538252427,-0.0231454492661573,0.5201670551719506,-0.5719345939552705,0.1201970601601191,-0.6215705967146201,-0.9274745739175644,-0.4408841928344608
20.0,132.0,1001.056396484375,0.8244933528941873,0.1717593457825232,-2.376792112304801,-0.0231457835460852,0.5201670551719506,-0.571934593953459,0.1201970601601191,-0.6215705967146201,-0.9274745739175644,-0.4408822329749803
20.0,132.0,1001.056396484375,0.8244933528941873,0.1717593457825232,-2.376792112304801,-0.0231457835460852,0.5201670551719506,-0.571934593953459,0.1201970601601191,-0.6215705967146201,-0.9274745739175644,-0.4408819244618827
20.0,132.0,1001.056396484375,0.8244933528957754,0.1717593457825232,-2.376792112304801,-0.0231457835460852,0.5201670551719506,-0.571934593953459,0.1201970601601191,-0.6215705967146201,-0.9274745739175644,-0.4408819244618827
20.0,132.0,1001.056396484375,0.8244933528941873,0.1717593457825232,-2.376792112304801,-0.0231457835460852,0.5201670551719506,-0.5719345939534559,0.1201970601601191,-0.6215705967146201,-0.9274745739175644,-0.4408822329749803
20.0,132.0,1001.056396484375,0.8244933528941873,0.1717593457825232,-2.376792112304801,-0.0231457835460852,0.5201670551719506,-0.571934593953459,0.1201970601601191,-0.6215705967146201,-0.9274745739175644,-0.4408819244618827
20.0,132.0,1001.056396484375,0.8244933528941873,0.1717593457825232,-2.376792112304801,-0.0231457835460852,0.5201670551719506,-0.57193459395346,0.1201970601601191,-0.6215705967146201,-0.9274745739175644,-0.4408822329749803
20.0,132.0,1001.056396484375,0.8244933528941873,0.1717593457825232,-2.376792112304801,-0.0231457835460852,0.5201670551719506,-0.571934593953459,0.1201970601601191,-0.6215705967146201,-0.9274745739175644,-0.4408819244618827
20.0,132.0,1001.056396484375,0.8244933528941873,0.1717593457825232,-2.376792112304801,-0.0231457835460852,0.5201670551719506,-0.571934593953459,0.1201970601601191,-0.6215705967146201,-0.9274745739175644,-0.4408819099730884
20.0,132.0,1001.056396484375,0.8244933528941873,0.1717593457825232,-2.376792112304801,-0.0231457835460852,0.5201670551719506,-0.571934593953459,0.1201970601601191,-0.6215705967146201,-0.9274745739175644,-0.4408822329749803
20.0,132.0,1001.056396484375,0.8244933528941873,0.1717593457825232,-2.376792112304801,-0.0231457835460852,0.5201670551719506,-0.57193459395346,0.1201970601601191,-0.6215705967146201,-0.9274745739175644,-0.4408822329749803
20.0,132.0,1001.056396484375,0.8244933528941873,0.1717593457825232,-2.376792112304801,-0.0231454630549589,0.5201670551719506,-0.571934593953459,0.1201970601601191,-0.6215705967146201,-0.9274745739175644,-0.4408819244618827
20.0,132.0,1001.056396484375,0.8244933528941873,0.1717593457825232,-2.376792112304801,-0.0231457835460852,0.5201670551719506,-0.571934593953459,0.1201970601601191,-0.6215705967146201,-0.9274745739175644,-0.4408819244618827
20.0,132.0,1001.056396484375,0.8244933528957754,0.1717593457825232,-2.376792112304801,-0.0231457835460852,0.5201670551719506,-0.5719345939554266,0.1201970601601191,-0.6215705967146201,-0.9274745739175644,-0.4408819244618827
20.0,132.0,1001.056396484375,0.8244933528985742,0.1717593457825232,-2.3767921041236075,-0.0231454981544109,0.5201670551719506,-0.5719345939535639,0.1201970601601191,-0.6215705967146201,-0.9274745739175644,-0.4408822465513035
20.0,132.0,1001.056396484375,0.8244933528941873,0.1717593457825232,-2.376792112304801,-0.0231457835460852,0.5201670551719506,-0.5719345939552776,0.1201970601601191,-0.6215705967146201,-0.9274745739175644,-0.4408819244618827
20.0,132.0,1001.056396484375,0.8244933528941873,0.1717593457825232,-2.376792112304801,-0.0231457835460852,0.5201670551719506,-0.5719345939534559,0.1201970601601191,-0.6215705967146201,-0.9274745739175644,-0.4408822329749803
20.0,132.0,1001.056396484375,0.8244933528941873,0.1717593457825232,-2.376792112304801,-0.0231457835460852,0.5201670551719506,-0.571934593953459,0.1201970601601191,-0.6215705967146201,-0.9274745739175644,-0.4408819596373585
20.0,132.0,1001.056396484375,0.8244933528941873,0.1717593457825232,-2.376792112304801,-0.0231457835460852,0.5201670551719506,-0.5719345939534454,0.1201970601601191,-0.6215705967146201,-0.9274745739175644,-0.4408821590357021
20.0,132.0,1001.056396484375,0.8244933528941873,0.1717593457825232,-2.376792112304801,-0.0231457835460852,0.5201670551719506,-0.571934593953459,0.1201970601601191,-0.6215705967146201,-0.9274745739175644,-0.4408822329749803
20.0,132.0,1001.056396484375,0.8244933528928723,0.1717593457825232,-2.376792112304801,-0.023145446291738,0.5201670551719506,-0.5719345939535221,0.1201970601601191,-0.6215705967146201,-0.9274745739175644,-0.4408819244618827
20.0,132.0,1001.056396484375,0.8244933528941873,0.1717593457825232,-2.376792112304801,-0.0231454563855216,0.5201670551719506,-0.571934593953459,0.1201970601601191,-0.6215705967146201,-0.9274745739175644,-0.4408819103616548
20.0,132.0,1001.0564575195312,0.8244933528933135,0.1717593457825232,-2.376791415438781,-0.0231457844201861,0.5201670551719506,-0.571934593953459,0.1201970601601191,-0.6215705967146201,-0.9274745739175644,-0.4408822329749803
20.0,132.0,1001.0564575195312,0.8244933528985742,0.1717593457825232,-2.376791439820416,-0.0231454981544109,0.5201670551719506,-0.5719345939535639,0.1201970601601191,-0.6215705967146201,-0.9274745739175644,-0.4408819162420818
20.0,132.0,1001.0564575195312,0.8244933528933135,0.1717593457825232,-2.376791415438781,-0.0231457844201861,0.5201670551719506,-0.571934593953459,0.1201970601601191,-0.6215705967146201,-0.9274745739175644,-0.4408822329749803
20.0,132.0,1001.0564575195312,0.8244933528933135,0.1717593457825232,-2.376791415438781,-0.0231458054035481,0.5201670551719506,-0.571934593953459,0.1201970601601191,-0.6215705967146201,-0.9274745739175644,-0.4408822329749803
20.0,132.0,1001.0564575195312,0.8244933528933135,0.1717593457825232,-2.376791415438781,-0.0231457844104846,0.5201670551719506,-0.571934593953459,0.1201970601601191,-0.6215705967146201,-0.9274745739175644,-0.4408822329749803
20.0,132.0,1001.0565795898438,0.8244933528509644,0.1717593457825232,-2.376792112304801,-0.0231457835460852,0.5201670551719506,-0.571934593953459,0.1201970601601191,-0.6215705967146201,-0.9274745739175644,-0.4408915564774864
20.0,132.0,1001.0565795898438,0.8244933528933135,0.1717593457825232,-2.3767897900851174,-0.0231457844201861,0.5201670551719506,-0.571934593953459,0.1201970601601191,-0.6215705967146201,-0.9274745739175644,-0.4408822329749803
20.0,132.0,1001.059814453125,0.8244933529010147,0.1717593457825232,-2.376743029474108,-0.0231454627797125,0.5201670551719506,-0.5719345939553955,0.1201970601601191,-0.6215705967146201,-0.9274745739175644,-0.4408826313825491
20.0,132.0,1001.059814453125,0.8244933529010147,0.1717593457825232,-2.376743029474108,-0.0231454627797125,0.5201670551719506,-0.5719345939553955,0.1201970601601191,-0.6215705967146201,-0.9274745739175644,-0.4408822255400798
20.0,132.0,1001.059814453125,0.8244933528919144,0.1717593457825232,-2.376742940116761,-0.0231457835460852,0.5201670551719506,-0.5719345939534572,0.1201970601601191,-0.6215705967146201,-0.9274745739175644,-0.4408822329749803
20.0,132.0,1001.0598754882812,0.8244933528501763,0.1717593457825232,-2.376743843168609,-0.0231405769533918,0.5201670551719506,-0.5719345939553915,0.1201970601601191,-0.6215705967146201,-0.9274745739175644,-0.4408915008883025
20.0,132.0,1001.0598754882812,0.8244933528915115,0.1717593457825232,-2.3767423795844578,-0.0231454627797125,0.5201670551719506,-0.5719345939534848,0.1201970601601191,-0.6215705967146201,-0.9274745739175644,-0.4408818191128862
20.0,132.0,1001.0598754882812,0.8244933528984019,0.1717593457825232,-2.3767426002748606,-0.0231454492661573,0.5201670551719506,-0.571934593953444,0.1201970601601191,-0.6215705967146201,-0.9274745739175644,-0.4408825300569864
20.0,132.0,1001.0598754882812,0.8244933528501763,0.1717593457825232,-2.376743843168609,-0.0231405769533918,0.5201670551719506,-0.5719345939534239,0.1201970601601191,-0.6215705967146201,-0.9274745739175644,-0.4408915008883025
20.0,132.0,1001.0599365234376,0.8244933528481535,0.1717593457825232,-2.376743029474108,-0.0231454627797125,0.5201670551719506,-0.5719345939553955,0.1201970601601191,-0.6215705967146201,-0.9274745739175644,-0.44089145112849
20.0,132.0,1001.0599975585938,0.8244933528511638,0.1717593457825232,-2.3767409749211965,-0.0231454492661573,0.5201670551719506,-0.5719345939553915,0.1201970601601191,-0.6215705967146201,-0.9274745739175644,-0.4408841928344608
20.0,132.0,1001.0599975585938,0.8244933528984019,0.1717593457825232,-2.3767409749211965,-0.0231454492661573,0.5201670551719506,-0.571934593953444,0.1201970601601191,-0.6215705967146201,-0.9274745739175644,-0.4408825300569864
20.0,132.0,1001.0599975585938,0.8244933528984283,0.1717593457825232,-2.3767409749211965,-0.0231454492661573,0.5201670551719506,-0.5719345939535645,0.1201970601601191,-0.6215705967146201,-0.9274745739175644,-0.4408825300569864
20.0,132.0,1001.0599975585938,0.8244933528481535,0.1717593457825232,-2.376743029474108,-0.0231454627797125,0.5201670551719506,-0.5719345939553955,0.1201970601601191,-0.6215705967146201,-0.9274745739175644,-0.4408922875852069
20.0,132.0,1001.0599975585938,0.8244933528511638,0.1717593457825232,-2.3767409749211965,-0.02314544897956,0.5201670551719506,-0.5719345939553915,0.1201970601601191,-0.6215705967146201,-0.9274745739175644,-0.4408842630677335
20.0,132.0,1001.0599975585938,0.8244933528511638,0.1717593457825232,-2.3767409749211965,-0.023145463590741,0.5201670551719506,-0.5719345939553915,0.1201970601601191,-0.6215705967146201,-0.9274745739175644,-0.4408841928344608
20.0,132.0,1001.0599975585938,0.8244933528997269,0.1717593457825232,-2.376741184832569,-0.0231454562700125,0.5201670551719506,-0.5719345939553279,0.1201970601601191,-0.6215705967146201,-0.9274745739175644,-0.4408842289027615
20.0,133.0,1001.054931640625,0.8244933528941873,0.1717593457825232,-2.3768165232617338,-0.0231458143178547,0.5201670551719506,-0.5719345939535595,0.1201970601601191,-0.6215705967146201,-0.9274745739175644,-0.4408822329749803
20.0,133.0,1001.054931640625,0.8244933528941873,0.1717593457825232,-2.3768165232617338,-0.0231458143178547,0.5201670551719506,-0.5719345939535595,0.1201970601601191,-0.6215705967146201,-0.9274745739175644,-0.4408822329749803
20.0,133.0,1001.0549926757812,0.8244933528941213,0.1717593457825232,-2.3768181714754446,-0.0231454669599006,0.5201670551719506,-0.5719345939554635,0.1201970601601191,-0.6215705967146201,-0.9274745739175644,-0.4408928510969608
20.0,133.0,1001.0549926757812,0.8244933528940926,0.1717593457825232,-2.376817884689759,-0.0231458047353537,0.5201670551719506,-0.5719345939535574,0.1201970601601191,-0.6215705967146201,-0.9274745739175644,-0.4408928887228401
20.0,133.0,1001.0549926757812,0.8244933528941213,0.1717593457825232,-2.3768181714754446,-0.0231457768718273,0.5201670551719506,-0.5719345939554635,0.1201970601601191,-0.6215705967146201,-0.9274745739175644,-0.4408930318536115
20.0,133.0,1001.0549926757812,0.824493352894095,0.1717593457825232,-2.3768181714754446,-0.0231457771051253,0.5201670551719506,-0.5719345939534959,0.1201970601601191,-0.6215705967146201,-0.9274745739175644,-0.4408922194237482
20.0,133.0,1001.0551147460938,0.8244933528940926,0.1717593457825232,-2.3768162158012385,-0.0231458175280938,0.5201670551719506,-0.5719345939535574,0.1201970601601191,-0.6215705967146201,-0.9274745739175644,-0.4408928510969608
20.0,133.0,1001.0551147460938,0.8244933528941213,0.1717593457825232,-2.3768162158012385,-0.0231454669599006,0.5201670551719506,-0.5719345939535574,0.1201970601601191,-0.6215705967146201,-0.9274745739175644,-0.4408928510969608
20.0,133.0,1001.0551147460938,0.8244933528941213,0.1717593457825232,-2.3768162158012385,-0.0231454669599006,0.5201670551719506,-0.5719345939535574,0.1201970601601191,-0.6215705967146201,-0.9274745739175644,-0.4408928510969608
20.0,133.0,1001.0551147460938,0.8244933528941224,0.1717593457825232,-2.3768162158012385,-0.0231454669599006,0.5201670551719506,-0.5719345939534628,0.1201970601601191,-0.6215705967146201,-0.9274745739175644,-0.4408939033092844
20.0,133.0,1001.0551147460938,0.8244933528941213,0.1717593457825232,-2.3768162158012385,-0.0231454669599006,0.5201670551719506,-0.5719345939535574,0.1201970601601191,-0.6215705967146201,-0.9274745739175644,-0.4408928510969608
20.0,133.0,1001.0563354492188,0.8244933528941873,0.1717593457825232,-2.3767935654948267,-0.023145454496987,0.5201670551719506,-0.5719345939552738,0.1201970601601191,-0.6215705967146201,-0.9274745739175644,-0.4408819244618827
20.0,133.0,1001.0563354492188,0.8244933528944881,0.1717593457825232,-2.3767938538252427,-0.0231454492661573,0.5201670551719506,-0.5719345939552705,0.1201970601601191,-0.6215705967146201,-0.9274745739175644,-0.4408841928344608
20.0,133.0,1001.0563354492188,0.8244933528944881,0.1717593457825232,-2.3767938538252427,-0.0231454492661573,0.5201670551719506,-0.5719345939552705,0.1201970601601191,-0.6215705967146201,-0.9274745739175644,-0.4408841928344608
20.0,133.0,1001.056396484375,0.8244933528941873,0.1717593457825232,-2.376792112304801,-0.0231457835460852,0.5201670551719506,-0.571934593953459,0.1201970601601191,-0.6215705967146201,-0.9274745739175644,-0.4408822329749803
20.0,133.0,1001.056396484375,0.8244933528941873,0.1717593457825232,-2.376792112304801,-0.0231457835460852,0.5201670551719506,-0.571934593953459,0.1201970601601191,-0.6215705967146201,-0.9274745739175644,-0.4408819244618827
20.0,133.0,1001.056396484375,0.8244933528957754,0.1717593457825232,-2.376792112304801,-0.0231457835460852,0.5201670551719506,-0.571934593953459,0.1201970601601191,-0.6215705967146201,-0.9274745739175644,-0.4408819244618827
20.0,133.0,1001.056396484375,0.8244933528941873,0.1717593457825232,-2.376792112304801,-0.0231457835460852,0.5201670551719506,-0.5719345939534559,0.1201970601601191,-0.6215705967146201,-0.9274745739175644,-0.4408822329749803
20.0,133.0,1001.056396484375,0.8244933528941873,0.1717593457825232,-2.376792112304801,-0.0231457835460852,0.5201670551719506,-0.571934593953459,0.1201970601601191,-0.6215705967146201,-0.9274745739175644,-0.4408819244618827
20.0,133.0,1001.056396484375,0.8244933528941873,0.1717593457825232,-2.376792112304801,-0.0231457835460852,0.5201670551719506,-0.57193459395346,0.1201970601601191,-0.6215705967146201,-0.9274745739175644,-0.4408822329749803
20.0,133.0,1001.056396484375,0.8244933528941873,0.1717593457825232,-2.376792112304801,-0.0231457835460852,0.5201670551719506,-0.571934593953459,0.1201970601601191,-0.6215705967146201,-0.9274745739175644,-0.4408819244618827
20.0,133.0,1001.056396484375,0.8244933528941873,0.1717593457825232,-2.376792112304801,-0.0231457835460852,0.5201670551719506,-0.571934593953459,0.1201970601601191,-0.6215705967146201,-0.9274745739175644,-0.4408819099730884
20.0,133.0,1001.056396484375,0.8244933528941873,0.1717593457825232,-2.376792112304801,-0.0231457835460852,0.5201670551719506,-0.571934593953459,0.1201970601601191,-0.6215705967146201,-0.9274745739175644,-0.4408822329749803
20.0,133.0,1001.056396484375,0.8244933528941873,0.1717593457825232,-2.376792112304801,-0.0231457835460852,0.5201670551719506,-0.57193459395346,0.1201970601601191,-0.6215705967146201,-0.9274745739175644,-0.4408822329749803
20.0,133.0,1001.056396484375,0.8244933528941873,0.1717593457825232,-2.376792112304801,-0.0231454630549589,0.5201670551719506,-0.571934593953459,0.1201970601601191,-0.6215705967146201,-0.9274745739175644,-0.4408819244618827
20.0,133.0,1001.056396484375,0.8244933528941873,0.1717593457825232,-2.376792112304801,-0.0231457835460852,0.5201670551719506,-0.571934593953459,0.1201970601601191,-0.6215705967146201,-0.9274745739175644,-0.4408819244618827
20.0,133.0,1001.056396484375,0.8244933528957754,0.1717593457825232,-2.376792112304801,-0.0231457835460852,0.5201670551719506,-0.5719345939554266,0.1201970601601191,-0.6215705967146201,-0.9274745739175644,-0.4408819244618827
20.0,133.0,1001.056396484375,0.8244933528985742,0.1717593457825232,-2.3767921041236075,-0.0231454981544109,0.5201670551719506,-0.5719345939535639,0.1201970601601191,-0.6215705967146201,-0.9274745739175644,-0.4408822465513035
20.0,133.0,1001.056396484375,0.8244933528941873,0.1717593457825232,-2.376792112304801,-0.0231457835460852,0.5201670551719506,-0.5719345939552776,0.1201970601601191,-0.6215705967146201,-0.9274745739175644,-0.4408819244618827
20.0,133.0,1001.056396484375,0.8244933528941873,0.1717593457825232,-2.376792112304801,-0.0231457835460852,0.5201670551719506,-0.5719345939534559,0.1201970601601191,-0.6215705967146201,-0.9274745739175644,-0.4408822329749803
20.0,133.0,1001.056396484375,0.8244933528941873,0.1717593457825232,-2.376792112304801,-0.0231457835460852,0.5201670551719506,-0.571934593953459,0.1201970601601191,-0.6215705967146201,-0.9274745739175644,-0.4408819596373585
20.0,133.0,1001.056396484375,0.8244933528941873,0.1717593457825232,-2.376792112304801,-0.0231457835460852,0.5201670551719506,-0.5719345939534454,0.1201970601601191,-0.6215705967146201,-0.9274745739175644,-0.4408821590357021
20.0,133.0,1001.056396484375,0.8244933528941873,0.1717593457825232,-2.376792112304801,-0.0231457835460852,0.5201670551719506,-0.571934593953459,0.1201970601601191,-0.6215705967146201,-0.9274745739175644,-0.4408822329749803
20.0,133.0,1001.056396484375,0.8244933528928723,0.1717593457825232,-2.376792112304801,-0.023145446291738,0.5201670551719506,-0.5719345939535221,0.1201970601601191,-0.6215705967146201,-0.9274745739175644,-0.4408819244618827
20.0,133.0,1001.056396484375,0.8244933528941873,0.1717593457825232,-2.376792112304801,-0.0231454563855216,0.5201670551719506,-0.571934593953459,0.1201970601601191,-0.6215705967146201,-0.9274745739175644,-0.4408819103616548
20.0,133.0,1001.056396484375,0.8244933528941873,0.1717593457825232,-2.376792112304801,-0.0231457835460852,0.5201670551719506,-0.5719345939534591,0.1201970601601191,-0.6215705967146201,-0.9274745739175644,-0.4408821652410353
20.0,133.0,1001.056396484375,0.8244933528928675,0.1717593457825232,-2.3767922123554808,-0.0231457906942341,0.5201670551719506,-0.5719345939535221,0.1201970601601191,-0.6215705967146201,-0.9274745739175644,-0.4408822208319211
20.0,133.0,1001.056396484375,0.8244933528957754,0.1717593457825232,-2.376792112304801,-0.0231457835460852,0.5201670551719506,-0.571934593953459,0.1201970601601191,-0.6215705967146201,-0.9274745739175644,-0.4408819357816814
20.0,133.0,1001.056396484375,0.8244933528942053,0.1717593457825232,-2.3767921041236075,-0.0231457728330741,0.5201670551719506,-0.5719345939535637,0.1201970601601191,-0.6215705967146201,-0.9274745739175644,-0.4408822441837153
20.0,133.0,1001.056396484375,0.8244933528941873,0.1717593457825232,-2.376792112304801,-0.0231457835460852,0.5201670551719506,-0.571934593953459,0.1201970601601191,-0.6215705967146201,-0.9274745739175644,-0.4408822329749803
20.0,133.0,1001.056396484375,0.8244933528941873,0.1717593457825232,-2.376792112304801,-0.0231454746687996,0.5201670551719506,-0.571934593953459,0.1201970601601191,-0.6215705967146201,-0.9274745739175644,-0.4408819244618827
20.0,133.0,1001.056396484375,0.8244933528985742,0.1717593457825232,-2.3767921041236075,-0.0231454981544109,0.5201670551719506,-0.5719345939535639,0.1201970601601191,-0.6215705967146201,-0.9274745739175644,-0.4408822352315048
20.0,133.0,1001.056396484375,0.8244933528941861,0.1717593457825232,-2.376792112304801,-0.0231457835460852,0.5201670551719506,-0.5719345939535536,0.1201970601601191,-0.6215705967146201,-0.9274745739175644,-0.4408808577607648
20.0,133.0,1001.056396484375,0.8244933528985561,0.1717593457825232,-2.376792112304801,-0.023145508867422,0.5201670551719506,-0.5719345939534591,0.1201970601601191,-0.6215705967146201,-0.9274745739175644,-0.4408819268294709
20.0,133.0,1001.056396484375,0.8244933528941873,0.1717593457825232,-2.376792112304801,-0.0231457835460852,0.5201670551719506,-0.57193459395346,0.1201970601601191,-0.6215705967146201,-0.9274745739175644,-0.4408822329749803
20.0,133.0,1001.056396484375,0.8244933528941873,0.1717593457825232,-2.376792112304801,-0.0231457835460852,0.5201670551719506,-0.571934593953459,0.1201970601601191,-0.6215705967146201,-0.9274745739175644,-0.4408819596373585
20.0,133.0,1001.056396484375,0.8244933528941873,0.1717593457825232,-2.376792112304801,-0.0231457835460852,0.5201670551719506,-0.571934593953459,0.1201970601601191,-0.6215705967146201,-0.9274745739175644,-0.4408819099730884
20.0,133.0,1001.056396484375,0.8244933528957754,0.1717593457825232,-2.376792112304801,-0.0231454538826497,0.5201670551719506,-0.5719345939552756,0.1201970601601191,-0.6215705967146201,-0.9274745739175644,-0.4408819244618827
20.0,133.0,1001.0564575195312,0.8244933528933135,0.1717593457825232,-2.376791415438781,-0.0231457844201861,0.5201670551719506,-0.571934593953459,0.1201970601601191,-0.6215705967146201,-0.9274745739175644,-0.4408822329749803
20.0,133.0,1001.0564575195312,0.8244933528985742,0.1717593457825232,-2.376791439820416,-0.0231454981544109,0.5201670551719506,-0.5719345939535639,0.1201970601601191,-0.6215705967146201,-0.9274745739175644,-0.4408819162420818
20.0,134.0,1001.0548706054688,0.8244933528941873,0.1717593457825232,-2.376817746657266,-0.0231454746687996,0.5201670551719506,-0.571934593953459,0.1201970601601191,-0.6215705967146201,-0.9274745739175644,-0.4408819244618827
20.0,134.0,1001.054931640625,0.8244933528941873,0.1717593457825232,-2.3768165232617338,-0.0231458143178547,0.5201670551719506,-0.5719345939535595,0.1201970601601191,-0.6215705967146201,-0.9274745739175644,-0.4408822329749803
20.0,134.0,1001.054931640625,0.8244933528941873,0.1717593457825232,-2.3768165232617338,-0.0231458143178547,0.5201670551719506,-0.5719345939535595,0.1201970601601191,-0.6215705967146201,-0.9274745739175644,-0.4408822329749803
20.0,134.0,1001.0549926757812,0.8244933528941213,0.1717593457825232,-2.3768181714754446,-0.0231454669599006,0.5201670551719506,-0.5719345939554635,0.1201970601601191,-0.6215705967146201,-0.9274745739175644,-0.4408928510969608
20.0,134.0,1001.0549926757812,0.8244933528940926,0.1717593457825232,-2.376817884689759,-0.0231458047353537,0.5201670551719506,-0.5719345939535574,0.1201970601601191,-0.6215705967146201,-0.9274745739175644,-0.4408928887228401
20.0,134.0,1001.0549926757812,0.8244933528941213,0.1717593457825232,-2.3768181714754446,-0.0231457768718273,0.5201670551719506,-0.5719345939554635,0.1201970601601191,-0.6215705967146201,-0.9274745739175644,-0.4408930318536115
20.0,134.0,1001.0549926757812,0.824493352894095,0.1717593457825232,-2.3768181714754446,-0.0231457771051253,0.5201670551719506,-0.5719345939534959,0.1201970601601191,-0.6215705967146201,-0.9274745739175644,-0.4408922194237482
20.0,134.0,1001.0549926757812,0.8244933528941873,0.1717593457825232,-2.3768152849564,-0.0231458143178547,0.5201670551719506,-0.5719345939535622,0.1201970601601191,-0.6215705967146201,-0.9274745739175644,-0.4408822329749803
20.0,134.0,1001.0549926757812,0.8244933528940913,0.1717593457825232,-2.3768181714754446,-0.0231457768718273,0.5201670551719506,-0.5719345939554602,0.1201970601601191,-0.6215705967146201,-0.9274745739175644,-0.4408930318536115
20.0,134.0,1001.0549926757812,0.824493352894095,0.1717593457825232,-2.3768181714754446,-0.0231454771878137,0.5201670551719506,-0.5719345939534632,0.1201970601601191,-0.6215705967146201,-0.9274745739175644,-0.4408922375662272
20.0,134.0,1001.0549926757812,0.8244933528940926,0.1717593457825232,-2.376817884689759,-0.0231458054874103,0.5201670551719506,-0.5719345939535574,0.1201970601601191,-0.6215705967146201,-0.9274745739175644,-0.4408928887228401
20.0,134.0,1001.0550537109376,0.8244933528940959,0.1717593457825232,-2.3768138838093265,-0.0231457835460852,0.5201670551719506,-0.571934593953459,0.1201970601601191,-0.6215705967146201,-0.9274745739175644,-0.4408819244618827
20.0,134.0,1001.0550537109376,0.8244933528941213,0.1717593457825232,-2.376816559387773,-0.0231454669599006,0.5201670551719506,-0.5719345939553336,0.1201970601601191,-0.6215705967146201,-0.9274745739175644,-0.4408930018933654
20.0,134.0,1001.0551147460938,0.8244933528940926,0.1717593457825232,-2.3768162158012385,-0.0231458175280938,0.5201670551719506,-0.5719345939535574,0.1201970601601191,-0.6215705967146201,-0.9274745739175644,-0.4408928510969608
20.0,134.0,1001.0551147460938,0.8244933528941213,0.1717593457825232,-2.3768162158012385,-0.0231454669599006,0.5201670551719506,-0.5719345939535574,0.1201970601601191,-0.6215705967146201,-0.9274745739175644,-0.4408928510969608
20.0,134.0,1001.0551147460938,0.8244933528941213,0.1717593457825232,-2.3768162158012385,-0.0231454669599006,0.5201670551719506,-0.5719345939535574,0.1201970601601191,-0.6215705967146201,-0.9274745739175644,-0.4408928510969608
20.0,134.0,1001.0551147460938,0.8244933528941224,0.1717593457825232,-2.3768162158012385,-0.0231454669599006,0.5201670551719506,-0.5719345939534628,0.1201970601601191,-0.6215705967146201,-0.9274745739175644,-0.4408939033092844
20.0,134.0,1001.0551147460938,0.8244933528941213,0.1717593457825232,-2.3768162158012385,-0.0231454669599006,0.5201670551719506,-0.5719345939535574,0.1201970601601191,-0.6215705967146201,-0.9274745739175644,-0.4408928510969608
20.0,134.0,1001.0551147460938,0.8244933528940936,0.1717593457825232,-2.3768162158012385,-0.0231458185595661,0.5201670551719506,-0.5719345939535574,0.1201970601601191,-0.6215705967146201,-0.9274745739175644,-0.4408928510969608
20.0,134.0,1001.0551147460938,0.8244933528941488,0.1717593457825232,-2.3768162158012385,-0.0231454669599006,0.5201670551719506,-0.5719345939535574,0.1201970601601191,-0.6215705967146201,-0.9274745739175644,-0.4408928510969608
20.0,134.0,1001.0562744140624,0.8244933528944963,0.1717593457825232,-2.3767941151643743,-0.0231457769872236,0.5201670551719506,-0.5719345939552573,0.1201970601601191,-0.6215705967146201,-0.9274745739175644,-0.4408817943484709
20.0,134.0,1001.0563354492188,0.8244933528941873,0.1717593457825232,-2.3767935654948267,-0.023145454496987,0.5201670551719506,-0.5719345939552738,0.1201970601601191,-0.6215705967146201,-0.9274745739175644,-0.4408819244618827
20.0,134.0,1001.0563354492188,0.8244933528944881,0.1717593457825232,-2.3767938538252427,-0.0231454492661573,0.5201670551719506,-0.5719345939552705,0.1201970601601191,-0.6215705967146201,-0.9274745739175644,-0.4408841928344608
20.0,134.0,1001.0563354492188,0.8244933528944881,0.1717593457825232,-2.3767938538252427,-0.0231454492661573,0.5201670551719506,-0.5719345939552705,0.1201970601601191,-0.6215705967146201,-0.9274745739175644,-0.4408841928344608
20.0,134.0,1001.0563354492188,0.8244933528986723,0.1717593457825232,-2.376793847955964,-0.0231454975152542,0.5201670551719506,-0.5719345939552705,0.1201970601601191,-0.6215705967146201,-0.9274745739175644,-0.4408841928344608
20.0,134.0,1001.0563354492188,0.8244933528941873,0.1717593457825232,-2.3767938228951184,-0.0231457835460852,0.5201670551719506,-0.5719345939533517,0.1201970601601191,-0.6215705967146201,-0.9274745739175644,-0.4408822727754007
20.0,134.0,1001.056396484375,0.8244933528941873,0.1717593457825232,-2.376792112304801,-0.0231457835460852,0.5201670551719506,-0.571934593953459,0.1201970601601191,-0.6215705967146201,-0.9274745739175644,-0.4408822329749803
20.0,134.0,1001.056396484375,0.8244933528941873,0.1717593457825232,-2.376792112304801,-0.0231457835460852,0.5201670551719506,-0.571934593953459,0.1201970601601191,-0.6215705967146201,-0.9274745739175644,-0.4408819244618827
20.0,134.0,1001.056396484375,0.8244933528957754,0.1717593457825232,-2.376792112304801,-0.0231457835460852,0.5201670551719506,-0.571934593953459,0.1201970601601191,-0.6215705967146201,-0.9274745739175644,-0.4408819244618827
20.0,134.0,1001.056396484375,0.8244933528941873,0.1717593457825232,-2.376792112304801,-0.0231457835460852,0.5201670551719506,-0.5719345939534559,0.1201970601601191,-0.6215705967146201,-0.9274745739175644,-0.4408822329749803
20.0,134.0,1001.056396484375,0.8244933528941873,0.1717593457825232,-2.376792112304801,-0.0231457835460852,0.5201670551719506,-0.571934593953459,0.1201970601601191,-0.6215705967146201,-0.9274745739175644,-0.4408819244618827
20.0,134.0,1001.056396484375,0.8244933528941873,0.1717593457825232,-2.376792112304801,-0.0231457835460852,0.5201670551719506,-0.57193459395346,0.1201970601601191,-0.6215705967146201,-0.9274745739175644,-0.4408822329749803
20.0,134.0,1001.056396484375,0.8244933528941873,0.1717593457825232,-2.376792112304801,-0.0231457835460852,0.5201670551719506,-0.571934593953459,0.1201970601601191,-0.6215705967146201,-0.9274745739175644,-0.4408819244618827
20.0,134.0,1001.056396484375,0.8244933528941873,0.1717593457825232,-2.376792112304801,-0.0231457835460852,0.5201670551719506,-0.571934593953459,0.1201970601601191,-0.6215705967146201,-0.9274745739175644,-0.4408819099730884
20.0,134.0,1001.056396484375,0.8244933528941873,0.1717593457825232,-2.376792112304801,-0.0231457835460852,0.5201670551719506,-0.571934593953459,0.1201970601601191,-0.6215705967146201,-0.9274745739175644,-0.4408822329749803
20.0,134.0,1001.056396484375,0.8244933528941873,0.1717593457825232,-2.376792112304801,-0.0231457835460852,0.5201670551719506,-0.57193459395346,0.1201970601601191,-0.6215705967146201,-0.9274745739175644,-0.4408822329749803
20.0,134.0,1001.056396484375,0.8244933528941873,0.1717593457825232,-2.376792112304801,-0.0231454630549589,0.5201670551719506,-0.571934593953459,0.1201970601601191,-0.6215705967146201,-0.9274745739175644,-0.4408819244618827
20.0,134.0,1001.056396484375,0.8244933528941873,0.1717593457825232,-2.376792112304801,-0.0231457835460852,0.5201670551719506,-0.571934593953459,0.1201970601601191,-0.6215705967146201,-0.9274745739175644,-0.4408819244618827
20.0,134.0,1001.056396484375,0.8244933528957754,0.1717593457825232,-2.376792112304801,-0.0231457835460852,0.5201670551719506,-0.5719345939554266,0.1201970601601191,-0.6215705967146201,-0.9274745739175644,-0.4408819244618827
20.0,134.0,1001.056396484375,0.8244933528985742,0.1717593457825232,-2.3767921041236075,-0.0231454981544109,0.5201670551719506,-0.5719345939535639,0.1201970601601191,-0.6215705967146201,-0.9274745739175644,-0.4408822465513035
20.0,134.0,1001.056396484375,0.8244933528941873,0.1717593457825232,-2.376792112304801,-0.0231457835460852,0.5201670551719506,-0.5719345939552776,0.1201970601601191,-0.6215705967146201,-0.9274745739175644,-0.4408819244618827
20.0,134.0,1001.056396484375,0.8244933528941873,0.1717593457825232,-2.376792112304801,-0.0231457835460852,0.5201670551719506,-0.5719345939534559,0.1201970601601191,-0.6215705967146201,-0.9274745739175644,-0.4408822329749803
20.0,134.0,1001.056396484375,0.8244933528941873,0.1717593457825232,-2.376792112304801,-0.0231457835460852,0.5201670551719506,-0.571934593953459,0.1201970601601191,-0.6215705967146201,-0.9274745739175644,-0.4408819596373585
20.0,134.0,1001.056396484375,0.8244933528941873,0.1717593457825232,-2.376792112304801,-0.0231457835460852,0.5201670551719506,-0.5719345939534454,0.1201970601601191,-0.6215705967146201,-0.9274745739175644,-0.4408821590357021
20.0,134.0,1001.056396484375,0.8244933528941873,0.1717593457825232,-2.376792112304801,-0.0231457835460852,0.5201670551719506,-0.571934593953459,0.1201970601601191,-0.6215705967146201,-0.9274745739175644,-0.4408822329749803
20.0,134.0,1001.056396484375,0.8244933528928723,0.1717593457825232,-2.376792112304801,-0.023145446291738,0.5201670551719506,-0.5719345939535221,0.1201970601601191,-0.6215705967146201,-0.9274745739175644,-0.4408819244618827
20.0,134.0,1001.056396484375,0.8244933528941873,0.1717593457825232,-2.376792112304801,-0.0231454563855216,0.5201670551719506,-0.571934593953459,0.1201970601601191,-0.6215705967146201,-0.9274745739175644,-0.4408819103616548
20.0,134.0,1001.056396484375,0.8244933528941873,0.1717593457825232,-2.376792112304801,-0.0231457835460852,0.5201670551719506,-0.5719345939534591,0.1201970601601191,-0.6215705967146201,-0.9274745739175644,-0.4408821652410353
20.0,134.0,1001.056396484375,0.8244933528928675,0.1717593457825232,-2.3767922123554808,-0.0231457906942341,0.5201670551719506,-0.5719345939535221,0.1201970601601191,-0.6215705967146201,-0.9274745739175644,-0.4408822208319211
20.0,134.0,1001.056396484375,0.8244933528957754,0.1717593457825232,-2.376792112304801,-0.0231457835460852,0.5201670551719506,-0.571934593953459,0.1201970601601191,-0.6215705967146201,-0.9274745739175644,-0.4408819357816814
20.0,135.0,1001.0548095703124,0.8244933528941873,0.1717593457825232,-2.3768181699796305,-0.0231454747779048,0.5201670551719506,-0.5719345939555569,0.1201970601601191,-0.6215705967146201,-0.9274745739175644,-0.4408819244618827
20.0,135.0,1001.0548095703124,0.8244933528941873,0.1717593457825232,-2.376818168940716,-0.0231457777297168,0.5201670551719506,-0.5719345939535595,0.1201970601601191,-0.6215705967146201,-0.9274745739175644,-0.4408822329749803
20.0,135.0,1001.0548706054688,0.8244933528941873,0.1717593457825232,-2.376817746657266,-0.0231454746687996,0.5201670551719506,-0.571934593953459,0.1201970601601191,-0.6215705967146201,-0.9274745739175644,-0.4408819244618827
20.0,135.0,1001.054931640625,0.8244933528941873,0.1717593457825232,-2.3768165232617338,-0.0231458143178547,0.5201670551719506,-0.5719345939535595,0.1201970601601191,-0.6215705967146201,-0.9274745739175644,-0.4408822329749803
20.0,135.0,1001.054931640625,0.8244933528941873,0.1717593457825232,-2.3768165232617338,-0.0231458143178547,0.5201670551719506,-0.5719345939535595,0.1201970601601191,-0.6215705967146201,-0.9274745739175644,-0.4408822329749803
20.0,135.0,1001.054931640625,0.8244933528941873,0.1717593457825232,-2.376816359901328,-0.02314581456395,0.5201670551719506,-0.5719345939535588,0.1201970601601191,-0.6215705967146201,-0.9274745739175644,-0.4408822285563774
20.0,135.0,1001.0549926757812,0.8244933528941213,0.1717593457825232,-2.3768181714754446,-0.0231454669599006,0.5201670551719506,-0.5719345939554635,0.1201970601601191,-0.6215705967146201,-0.9274745739175644,-0.4408928510969608
20.0,135.0,1001.0549926757812,0.8244933528940926,0.1717593457825232,-2.376817884689759,-0.0231458047353537,0.5201670551719506,-0.5719345939535574,0.1201970601601191,-0.6215705967146201,-0.9274745739175644,-0.4408928887228401
20.0,135.0,1001.0549926757812,0.8244933528941213,0.1717593457825232,-2.3768181714754446,-0.0231457768718273,0.5201670551719506,-0.5719345939554635,0.1201970601601191,-0.6215705967146201,-0.9274745739175644,-0.4408930318536115
20.0,135.0,1001.0549926757812,0.824493352894095,0.1717593457825232,-2.3768181714754446,-0.0231457771051253,0.5201670551719506,-0.5719345939534959,0.1201970601601191,-0.6215705967146201,-0.9274745739175644,-0.4408922194237482
20.0,135.0,1001.0549926757812,0.8244933528941873,0.1717593457825232,-2.3768152849564,-0.0231458143178547,0.5201670551719506,-0.5719345939535622,0.1201970601601191,-0.6215705967146201,-0.9274745739175644,-0.4408822329749803
20.0,135.0,1001.0549926757812,0.8244933528940913,0.1717593457825232,-2.3768181714754446,-0.0231457768718273,0.5201670551719506,-0.5719345939554602,0.1201970601601191,-0.6215705967146201,-0.9274745739175644,-0.4408930318536115
20.0,135.0,1001.0549926757812,0.824493352894095,0.1717593457825232,-2.3768181714754446,-0.0231454771878137,0.5201670551719506,-0.5719345939534632,0.1201970601601191,-0.6215705967146201,-0.9274745739175644,-0.4408922375662272
20.0,135.0,1001.0549926757812,0.8244933528940926,0.1717593457825232,-2.376817884689759,-0.0231458054874103,0.5201670551719506,-0.5719345939535574,0.1201970601601191,-0.6215705967146201,-0.9274745739175644,-0.4408928887228401
20.0,135.0,1001.0549926757812,0.8244933528941213,0.1717593457825232,-2.3768181714754446,-0.0231454669599006,0.5201670551719506,-0.5719345939554635,0.1201970601601191,-0.6215705967146201,-0.9274745739175644,-0.4408928510969608
20.0,135.0,1001.0549926757812,0.8244933528940941,0.1717593457825232,-2.3768181714754446,-0.0231457768718273,0.5201670551719506,-0.5719345939554602,0.1201970601601191,-0.6215705967146201,-0.9274745739175644,-0.4408930318536115
20.0,135.0,1001.0549926757812,0.8244933528941873,0.1717593457825232,-2.3768152849564,-0.0231458143178547,0.5201670551719506,-0.5719345939535622,0.1201970601601191,-0.6215705967146201,-0.9274745739175644,-0.4408822329749803
20.0,135.0,1001.0549926757812,0.8244933528941213,0.1717593457825232,-2.376818395618362,-0.0231457768718273,0.5201670551719506,-0.5719345939536006,0.1201970601601191,-0.6215705967146201,-0.9274745739175644,-0.4408928547268259
20.0,135.0,1001.0550537109376,0.8244933528940959,0.1717593457825232,-2.3768138838093265,-0.0231457835460852,0.5201670551719506,-0.571934593953459,0.1201970601601191,-0.6215705967146201,-0.9274745739175644,-0.4408819244618827
20.0,135.0,1001.0550537109376,0.8244933528941213,0.1717593457825232,-2.376816559387773,-0.0231454669599006,0.5201670551719506,-0.5719345939553336,0.1201970601601191,-0.6215705967146201,-0.9274745739175644,-0.4408930018933654
20.0,135.0,1001.0550537109376,0.8244933528941213,0.1717593457825232,-2.376816559387773,-0.0231454669599006,0.5201670551719506,-0.5719345939553336,0.1201970601601191,-0.6215705967146201,-0.9274745739175644,-0.4408930018933654
20.0,135.0,1001.0550537109376,0.8244933528941213,0.1717593457825232,-2.376817748153081,-0.0231454668507955,0.5201670551719506,-0.5719345939533658,0.1201970601601191,-0.6215705967146201,-0.9274745739175644,-0.4408928510969608
20.0,135.0,1001.0550537109376,0.8244933528940959,0.1717593457825232,-2.3768138149972327,-0.0231457835460852,0.5201670551719506,-0.5719345939534602,0.1201970601601191,-0.6215705967146201,-0.9274745739175644,-0.4408819906060972
20.0,135.0,1001.0551147460938,0.8244933528940926,0.1717593457825232,-2.3768162158012385,-0.0231458175280938,0.5201670551719506,-0.5719345939535574,0.1201970601601191,-0.6215705967146201,-0.9274745739175644,-0.4408928510969608
20.0,135.0,1001.0551147460938,0.8244933528941213,0.1717593457825232,-2.3768162158012385,-0.0231454669599006,0.5201670551719506,-0.5719345939535574,0.1201970601601191,-0.6215705967146201,-0.9274745739175644,-0.4408928510969608
20.0,135.0,1001.0551147460938,0.8244933528941213,0.1717593457825232,-2.3768162158012385,-0.0231454669599006,0.5201670551719506,-0.5719345939535574,0.1201970601601191,-0.6215705967146201,-0.9274745739175644,-0.4408928510969608
20.0,135.0,1001.0551147460938,0.8244933528941224,0.1717593457825232,-2.3768162158012385,-0.0231454669599006,0.5201670551719506,-0.5719345939534628,0.1201970601601191,-0.6215705967146201,-0.9274745739175644,-0.4408939033092844
20.0,135.0,1001.0551147460938,0.8244933528941213,0.1717593457825232,-2.3768162158012385,-0.0231454669599006,0.5201670551719506,-0.5719345939535574,0.1201970601601191,-0.6215705967146201,-0.9274745739175644,-0.4408928510969608
20.0,135.0,1001.0551147460938,0.8244933528940936,0.1717593457825232,-2.3768162158012385,-0.0231458185595661,0.5201670551719506,-0.5719345939535574,0.1201970601601191,-0.6215705967146201,-0.9274745739175644,-0.4408928510969608
20.0,135.0,1001.0551147460938,0.8244933528941488,0.1717593457825232,-2.3768162158012385,-0.0231454669599006,0.5201670551719506,-0.5719345939535574,0.1201970601601191,-0.6215705967146201,-0.9274745739175644,-0.4408928510969608
20.0,135.0,1001.0551147460938,0.8244933528941213,0.1717593457825232,-2.3768162158012385,-0.0231454669599006,0.5201670551719506,-0.5719345939535574,0.1201970601601191,-0.6215705967146201,-0.9274745739175644,-0.4408930506777724
20.0,135.0,1001.0551147460938,0.8244933528940926,0.1717593457825232,-2.3768159916583214,-0.0231458175280938,0.5201670551719506,-0.5719345939554202,0.1201970601601191,-0.6215705967146201,-0.9274745739175644,-0.4408930282237463
20.0,135.0,1001.0551147460938,0.8244933528941488,0.1717593457825232,-2.3768162158012385,-0.0231454669599006,0.5201670551719506,-0.5719345939535574,0.1201970601601191,-0.6215705967146201,-0.9274745739175644,-0.4408928510969608
20.0,135.0,1001.0562744140624,0.8244933528944963,0.1717593457825232,-2.3767941151643743,-0.0231457769872236,0.5201670551719506,-0.5719345939552573,0.1201970601601191,-0.6215705967146201,-0.9274745739175644,-0.4408817943484709
20.0,135.0,1001.0563354492188,0.8244933528941873,0.1717593457825232,-2.3767935654948267,-0.023145454496987,0.5201670551719506,-0.5719345939552738,0.1201970601601191,-0.6215705967146201,-0.9274745739175644,-0.4408819244618827
20.0,135.0,1001.0563354492188,0.8244933528944881,0.1717593457825232,-2.3767938538252427,-0.0231454492661573,0.5201670551719506,-0.5719345939552705,0.1201970601601191,-0.6215705967146201,-0.9274745739175644,-0.4408841928344608
20.0,135.0,1001.0563354492188,0.8244933528944881,0.1717593457825232,-2.3767938538252427,-0.0231454492661573,0.5201670551719506,-0.5719345939552705,0.1201970601601191,-0.6215705967146201,-0.9274745739175644,-0.4408841928344608
20.0,135.0,1001.0563354492188,0.8244933528986723,0.1717593457825232,-2.376793847955964,-0.0231454975152542,0.5201670551719506,-0.5719345939552705,0.1201970601601191,-0.6215705967146201,-0.9274745739175644,-0.4408841928344608
20.0,135.0,1001.0563354492188,0.8244933528941873,0.1717593457825232,-2.3767938228951184,-0.0231457835460852,0.5201670551719506,-0.5719345939533517,0.1201970601601191,-0.6215705967146201,-0.9274745739175644,-0.4408822727754007
20.0,135.0,1001.0563354492188,0.8244933528944881,0.1717593457825232,-2.3767938538252427,-0.0231458365323816,0.5201670551719506,-0.5719345939552705,0.1201970601601191,-0.6215705967146201,-0.9274745739175644,-0.4408841928344608
20.0,135.0,1001.056396484375,0.8244933528941873,0.1717593457825232,-2.376792112304801,-0.0231457835460852,0.5201670551719506,-0.571934593953459,0.1201970601601191,-0.6215705967146201,-0.9274745739175644,-0.4408822329749803
20.0,135.0,1001.056396484375,0.8244933528941873,0.1717593457825232,-2.376792112304801,-0.0231457835460852,0.5201670551719506,-0.571934593953459,0.1201970601601191,-0.6215705967146201,-0.9274745739175644,-0.4408819244618827
20.0,135.0,1001.056396484375,0.8244933528957754,0.1717593457825232,-2.376792112304801,-0.0231457835460852,0.5201670551719506,-0.571934593953459,0.1201970601601191,-0.6215705967146201,-0.9274745739175644,-0.4408819244618827
20.0,135.0,1001.056396484375,0.8244933528941873,0.1717593457825232,-2.376792112304801,-0.0231457835460852,0.5201670551719506,-0.5719345939534559,0.1201970601601191,-0.6215705967146201,-0.9274745739175644,-0.4408822329749803
20.0,135.0,1001.056396484375,0.8244933528941873,0.1717593457825232,-2.376792112304801,-0.0231457835460852,0.5201670551719506,-0.571934593953459,0.1201970601601191,-0.6215705967146201,-0.9274745739175644,-0.4408819244618827
20.0,135.0,1001.056396484375,0.8244933528941873,0.1717593457825232,-2.376792112304801,-0.0231457835460852,0.5201670551719506,-0.57193459395346,0.1201970601601191,-0.6215705967146201,-0.9274745739175644,-0.4408822329749803
20.0,135.0,1001.056396484375,0.8244933528941873,0.1717593457825232,-2.376792112304801,-0.0231457835460852,0.5201670551719506,-0.571934593953459,0.1201970601601191,-0.6215705967146201,-0.9274745739175644,-0.4408819244618827
20.0,135.0,1001.056396484375,0.8244933528941873,0.1717593457825232,-2.376792112304801,-0.0231457835460852,0.5201670551719506,-0.571934593953459,0.1201970601601191,-0.6215705967146201,-0.9274745739175644,-0.4408819099730884
20.0,135.0,1001.056396484375,0.8244933528941873,0.1717593457825232,-2.376792112304801,-0.0231457835460852,0.5201670551719506,-0.571934593953459,0.1201970601601191,-0.6215705967146201,-0.9274745739175644,-0.4408822329749803
20.0,135.0,1001.056396484375,0.8244933528941873,0.1717593457825232,-2.376792112304801,-0.0231457835460852,0.5201670551719506,-0.57193459395346,0.1201970601601191,-0.6215705967146201,-0.9274745739175644,-0.4408822329749803
20.0,136.0,1001.0547485351562,0.8244933528940913,0.1717593457825232,-2.3768181714754446,-0.0231458145063627,0.5201670551719506,-0.5719345939554602,0.1201970601601191,-0.6215705967146201,-0.9274745739175644,-0.4408782706713101
20.0,136.0,1001.0548095703124,0.8244933528941873,0.1717593457825232,-2.3768181699796305,-0.0231454747779048,0.5201670551719506,-0.5719345939555569,0.1201970601601191,-0.6215705967146201,-0.9274745739175644,-0.4408819244618827
20.0,136.0,1001.0548095703124,0.8244933528941873,0.1717593457825232,-2.376818168940716,-0.0231457777297168,0.5201670551719506,-0.5719345939535595,0.1201970601601191,-0.6215705967146201,-0.9274745739175644,-0.4408822329749803
20.0,136.0,1001.0548095703124,0.8244933528941865,0.1717593457825232,-2.3768181699796305,-0.0231454665936842,0.5201670551719506,-0.571934593955573,0.1201970601601191,-0.6215705967146201,-0.9274745739175644,-0.4408819244618827
20.0,136.0,1001.0548095703124,0.8244933528941873,0.1717593457825232,-2.376817875547818,-0.0231458179148539,0.5201670551719506,-0.5719345939535513,0.1201970601601191,-0.6215705967146201,-0.9274745739175644,-0.4408819244618827
20.0,136.0,1001.0548706054688,0.8244933528941873,0.1717593457825232,-2.376817746657266,-0.0231454746687996,0.5201670551719506,-0.571934593953459,0.1201970601601191,-0.6215705967146201,-0.9274745739175644,-0.4408819244618827
20.0,136.0,1001.0548706054688,0.8244933528941893,0.1717593457825232,-2.376817746657266,-0.0231454746687996,0.5201670551719506,-0.571934593953459,0.1201970601601191,-0.6215705967146201,-0.9274745739175644,-0.4408819244618827
20.0,136.0,1001.054931640625,0.8244933528941873,0.1717593457825232,-2.3768165232617338,-0.0231458143178547,0.5201670551719506,-0.5719345939535595,0.1201970601601191,-0.6215705967146201,-0.9274745739175644,-0.4408822329749803
20.0,136.0,1001.054931640625,0.8244933528941873,0.1717593457825232,-2.3768165232617338,-0.0231458143178547,0.5201670551719506,-0.5719345939535595,0.1201970601601191,-0.6215705967146201,-0.9274745739175644,-0.4408822329749803
20.0,136.0,1001.054931640625,0.8244933528941873,0.1717593457825232,-2.376816359901328,-0.02314581456395,0.5201670551719506,-0.5719345939535588,0.1201970601601191,-0.6215705967146201,-0.9274745739175644,-0.4408822285563774
20.0,136.0,1001.054931640625,0.8244933528941873,0.1717593457825232,-2.376816359901328,-0.02314581456395,0.5201670551719506,-0.5719345939535588,0.1201970601601191,-0.6215705967146201,-0.9274745739175644,-0.4408822285563774
20.0,136.0,1001.054931640625,0.8244933528941873,0.1717593457825232,-2.3768165232617338,-0.0231458143178547,0.5201670551719506,-0.5719345939535595,0.1201970601601191,-0.6215705967146201,-0.9274745739175644,-0.4408822329749803
20.0,136.0,1001.054931640625,0.8244933528941866,0.1717593457825232,-2.3768165232617338,-0.0231458143178547,0.5201670551719506,-0.5719345939535595,0.1201970601601191,-0.6215705967146201,-0.9274745739175644,-0.4408822329749803
20.0,136.0,1001.054931640625,0.8244933528941873,0.1717593457825232,-2.37681636873548,-0.0231458143020657,0.5201670551719506,-0.5719345939535595,0.1201970601601191,-0.6215705967146201,-0.9274745739175644,-0.4408822329749803
20.0,136.0,1001.054931640625,0.8244933528941845,0.1717593457825232,-2.376816519029308,-0.0231458143178547,0.5201670551719506,-0.5719345939534394,0.1201970601601191,-0.6215705967146201,-0.9274745739175644,-0.4408822329749803
20.0,136.0,1001.0549926757812,0.8244933528941213,0.1717593457825232,-2.3768181714754446,-0.0231454669599006,0.5201670551719506,-0.5719345939554635,0.1201970601601191,-0.6215705967146201,-0.9274745739175644,-0.4408928510969608
20.0,136.0,1001.0549926757812,0.8244933528940926,0.1717593457825232,-2.376817884689759,-0.0231458047353537,0.5201670551719506,-0.5719345939535574,0.1201970601601191,-0.6215705967146201,-0.9274745739175644,-0.4408928887228401
20.0,136.0,1001.0549926757812,0.8244933528941213,0.1717593457825232,-2.3768181714754446,-0.0231457768718273,0.5201670551719506,-0.5719345939554635,0.1201970601601191,-0.6215705967146201,-0.9274745739175644,-0.4408930318536115
20.0,136.0,1001.0549926757812,0.824493352894095,0.1717593457825232,-2.3768181714754446,-0.0231457771051253,0.5201670551719506,-0.5719345939534959,0.1201970601601191,-0.6215705967146201,-0.9274745739175644,-0.4408922194237482
20.0,136.0,1001.0549926757812,0.8244933528941873,0.1717593457825232,-2.3768152849564,-0.0231458143178547,0.5201670551719506,-0.5719345939535622,0.1201970601601191,-0.6215705967146201,-0.9274745739175644,-0.4408822329749803
20.0,136.0,1001.0549926757812,0.8244933528940913,0.1717593457825232,-2.3768181714754446,-0.0231457768718273,0.5201670551719506,-0.5719345939554602,0.1201970601601191,-0.6215705967146201,-0.9274745739175644,-0.4408930318536115
20.0,136.0,1001.0549926757812,0.824493352894095,0.1717593457825232,-2.3768181714754446,-0.0231454771878137,0.5201670551719506,-0.5719345939534632,0.1201970601601191,-0.6215705967146201,-0.9274745739175644,-0.4408922375662272
20.0,136.0,1001.0549926757812,0.8244933528940926,0.1717593457825232,-2.376817884689759,-0.0231458054874103,0.5201670551719506,-0.5719345939535574,0.1201970601601191,-0.6215705967146201,-0.9274745739175644,-0.4408928887228401
20.0,136.0,1001.0549926757812,0.8244933528941213,0.1717593457825232,-2.3768181714754446,-0.0231454669599006,0.5201670551719506,-0.5719345939554635,0.1201970601601191,-0.6215705967146201,-0.9274745739175644,-0.4408928510969608
20.0,136.0,1001.0549926757812,0.8244933528940941,0.1717593457825232,-2.3768181714754446,-0.0231457768718273,0.5201670551719506,-0.5719345939554602,0.1201970601601191,-0.6215705967146201,-0.9274745739175644,-0.4408930318536115
20.0,136.0,1001.0549926757812,0.8244933528941873,0.1717593457825232,-2.3768152849564,-0.0231458143178547,0.5201670551719506,-0.5719345939535622,0.1201970601601191,-0.6215705967146201,-0.9274745739175644,-0.4408822329749803
20.0,136.0,1001.0549926757812,0.8244933528941213,0.1717593457825232,-2.376818395618362,-0.0231457768718273,0.5201670551719506,-0.5719345939536006,0.1201970601601191,-0.6215705967146201,-0.9274745739175644,-0.4408928547268259
20.0,136.0,1001.0549926757812,0.8244933528941213,0.1717593457825232,-2.3768183937927283,-0.0231457768718273,0.5201670551719506,-0.5719345939555508,0.1201970601601191,-0.6215705967146201,-0.9274745739175644,-0.4408928547268259
20.0,136.0,1001.0549926757812,0.8244933528940959,0.1717593457825232,-2.3768184081808243,-0.023145783518763,0.5201670551719506,-0.5719345939534602,0.1201970601601191,-0.6215705967146201,-0.9274745739175644,-0.4408929710434224
20.0,136.0,1001.0549926757812,0.8244933528941213,0.1717593457825232,-2.3768181733010785,-0.0231454669599006,0.5201670551719506,-0.5719345939535133,0.1201970601601191,-0.6215705967146201,-0.9274745739175644,-0.4408928510969608
20.0,136.0,1001.0549926757812,0.824493352894095,0.1717593457825232,-2.3768181714754446,-0.0231457771051253,0.5201670551719506,-0.5719345939534959,0.1201970601601191,-0.6215705967146201,-0.9274745739175644,-0.4408922194237482
20.0,136.0,1001.0550537109376,0.8244933528940959,0.1717593457825232,-2.3768138838093265,-0.0231457835460852,0.5201670551719506,-0.571934593953459,0.1201970601601191,-0.6215705967146201,-0.9274745739175644,-0.4408819244618827
20.0,136.0,1001.0550537109376,0.8244933528941213,0.1717593457825232,-2.376816559387773,-0.0231454669599006,0.5201670551719506,-0.5719345939553336,0.1201970601601191,-0.6215705967146201,-0.9274745739175644,-0.4408930018933654
20.0,136.0,1001.0550537109376,0.8244933528941213,0.1717593457825232,-2.376816559387773,-0.0231454669599006,0.5201670551719506,-0.5719345939553336,0.1201970601601191,-0.6215705967146201,-0.9274745739175644,-0.4408930018933654
20.0,136.0,1001.0550537109376,0.8244933528941213,0.1717593457825232,-2.376817748153081,-0.0231454668507955,0.5201670551719506,-0.5719345939533658,0.1201970601601191,-0.6215705967146201,-0.9274745739175644,-0.4408928510969608
20.0,136.0,1001.0550537109376,0.8244933528940959,0.1717593457825232,-2.3768138149972327,-0.0231457835460852,0.5201670551719506,-0.5719345939534602,0.1201970601601191,-0.6215705967146201,-0.9274745739175644,-0.4408819906060972
20.0,136.0,1001.0550537109376,0.824493352894122,0.1717593457825232,-2.376817748153081,-0.0231454668507955,0.5201670551719506,-0.5719345939533658,0.1201970601601191,-0.6215705967146201,-0.9274745739175644,-0.4408928510969608
20.0,136.0,1001.0550537109376,0.8244933528941241,0.1717593457825232,-2.3768165636201988,-0.0231454669599006,0.5201670551719506,-0.5719345939554538,0.1201970601601191,-0.6215705967146201,-0.9274745739175644,-0.4408930018933654
20.0,136.0,1001.0551147460938,0.8244933528940926,0.1717593457825232,-2.3768162158012385,-0.0231458175280938,0.5201670551719506,-0.5719345939535574,0.1201970601601191,-0.6215705967146201,-0.9274745739175644,-0.4408928510969608
20.0,136.0,1001.0551147460938,0.8244933528941213,0.1717593457825232,-2.3768162158012385,-0.0231454669599006,0.5201670551719506,-0.5719345939535574,0.1201970601601191,-0.6215705967146201,-0.9274745739175644,-0.4408928510969608
20.0,136.0,1001.0551147460938,0.8244933528941213,0.1717593457825232,-2.3768162158012385,-0.0231454669599006,0.5201670551719506,-0.5719345939535574,0.1201970601601191,-0.6215705967146201,-0.9274745739175644,-0.4408928510969608
20.0,136.0,1001.0551147460938,0.8244933528941224,0.1717593457825232,-2.3768162158012385,-0.0231454669599006,0.5201670551719506,-0.5719345939534628,0.1201970601601191,-0.6215705967146201,-0.9274745739175644,-0.4408939033092844
20.0,136.0,1001.0551147460938,0.8244933528941213,0.1717593457825232,-2.3768162158012385,-0.0231454669599006,0.5201670551719506,-0.5719345939535574,0.1201970601601191,-0.6215705967146201,-0.9274745739175644,-0.4408928510969608
20.0,136.0,1001.0551147460938,0.8244933528940936,0.1717593457825232,-2.3768162158012385,-0.0231458185595661,0.5201670551719506,-0.5719345939535574,0.1201970601601191,-0.6215705967146201,-0.9274745739175644,-0.4408928510969608
20.0,136.0,1001.0551147460938,0.8244933528941488,0.1717593457825232,-2.3768162158012385,-0.0231454669599006,0.5201670551719506,-0.5719345939535574,0.1201970601601191,-0.6215705967146201,-0.9274745739175644,-0.4408928510969608
20.0,136.0,1001.0551147460938,0.8244933528941213,0.1717593457825232,-2.3768162158012385,-0.0231454669599006,0.5201670551719506,-0.5719345939535574,0.1201970601601191,-0.6215705967146201,-0.9274745739175644,-0.4408930506777724
20.0,136.0,1001.0551147460938,0.8244933528940926,0.1717593457825232,-2.3768159916583214,-0.0231458175280938,0.5201670551719506,-0.5719345939554202,0.1201970601601191,-0.6215705967146201,-0.9274745739175644,-0.4408930282237463
20.0,136.0,1001.0551147460938,0.8244933528941488,0.1717593457825232,-2.3768162158012385,-0.0231454669599006,0.5201670551719506,-0.5719345939535574,0.1201970601601191,-0.6215705967146201,-0.9274745739175644,-0.4408928510969608
20.0,136.0,1001.0551147460938,0.8244933528941224,0.1717593457825232,-2.3768162158012385,-0.0231454805004089,0.5201670551719506,-0.5719345939534628,0.1201970601601191,-0.6215705967146201,-0.9274745739175644,-0.4408939033092844
20.0,136.0,1001.0551147460938,0.8244933528941237,0.1717593457825232,-2.376816219011565,-0.023145475570506,0.5201670551719506,-0.5719345939555569,0.1201970601601191,-0.6215705967146201,-0.9274745739175644,-0.4408920703617516
20.0,137.0,1001.0547485351562,0.8244933528940913,0.1717593457825232,-2.3768181714754446,-0.0231458145063627,0.5201670551719506,-0.5719345939554602,0.1201970601601191,-0.6215705967146201,-0.9274745739175644,-0.4408782706713101
20.0,137.0,1001.0548095703124,0.8244933528941873,0.1717593457825232,-2.3768181699796305,-0.0231454747779048,0.5201670551719506,-0.5719345939555569,0.1201970601601191,-0.6215705967146201,-0.9274745739175644,-0.4408819244618827
20.0,137.0,1001.0548095703124,0.8244933528941873,0.1717593457825232,-2.376818168940716,-0.0231457777297168,0.5201670551719506,-0.5719345939535595,0.1201970601601191,-0.6215705967146201,-0.9274745739175644,-0.4408822329749803
20.0,137.0,1001.0548095703124,0.8244933528941865,0.1717593457825232,-2.3768181699796305,-0.0231454665936842,0.5201670551719506,-0.571934593955573,0.1201970601601191,-0.6215705967146201,-0.9274745739175644,-0.4408819244618827
20.0,137.0,1001.0548095703124,0.8244933528941873,0.1717593457825232,-2.376817875547818,-0.0231458179148539,0.5201670551719506,-0.5719345939535513,0.1201970601601191,-0.6215705967146201,-0.9274745739175644,-0.4408819244618827
20.0,137.0,1001.0548095703124,0.8244933528941873,0.1717593457825232,-2.376817746657266,-0.0231458297574489,0.5201670551719506,-0.5719345939535581,0.1201970601601191,-0.6215705967146201,-0.9274745739175644,-0.4408819244618827
20.0,137.0,1001.0548095703124,0.8244933528941873,0.1717593457825232,-2.3768181699117834,-0.0231454747779048,0.5201670551719506,-0.5719345939535283,0.1201970601601191,-0.6215705967146201,-0.9274745739175644,-0.4408819244618827
20.0,137.0,1001.0548095703124,0.8244933528941845,0.1717593457825232,-2.3768181699796305,-0.0231454747779048,0.5201670551719506,-0.5719345939555569,0.1201970601601191,-0.6215705967146201,-0.9274745739175644,-0.4408816721379553
20.0,137.0,1001.0548706054688,0.8244933528941873,0.1717593457825232,-2.376817746657266,-0.0231454746687996,0.5201670551719506,-0.571934593953459,0.1201970601601191,-0.6215705967146201,-0.9274745739175644,-0.4408819244618827
20.0,137.0,1001.0548706054688,0.8244933528941893,0.1717593457825232,-2.376817746657266,-0.0231454746687996,0.5201670551719506,-0.571934593953459,0.1201970601601191,-0.6215705967146201,-0.9274745739175644,-0.4408819244618827
20.0,137.0,1001.054931640625,0.8244933528941873,0.1717593457825232,-2.3768165232617338,-0.0231458143178547,0.5201670551719506,-0.5719345939535595,0.1201970601601191,-0.6215705967146201,-0.9274745739175644,-0.4408822329749803
20.0,137.0,1001.054931640625,0.8244933528941873,0.1717593457825232,-2.3768165232617338,-0.0231458143178547,0.5201670551719506,-0.5719345939535595,0.1201970601601191,-0.6215705967146201,-0.9274745739175644,-0.4408822329749803
20.0,137.0,1001.054931640625,0.8244933528941873,0.1717593457825232,-2.376816359901328,-0.02314581456395,0.5201670551719506,-0.5719345939535588,0.1201970601601191,-0.6215705967146201,-0.9274745739175644,-0.4408822285563774
20.0,137.0,1001.054931640625,0.8244933528941873,0.1717593457825232,-2.376816359901328,-0.02314581456395,0.5201670551719506,-0.5719345939535588,0.1201970601601191,-0.6215705967146201,-0.9274745739175644,-0.4408822285563774
20.0,137.0,1001.054931640625,0.8244933528941873,0.1717593457825232,-2.3768165232617338,-0.0231458143178547,0.5201670551719506,-0.5719345939535595,0.1201970601601191,-0.6215705967146201,-0.9274745739175644,-0.4408822329749803
20.0,137.0,1001.054931640625,0.8244933528941866,0.1717593457825232,-2.3768165232617338,-0.0231458143178547,0.5201670551719506,-0.5719345939535595,0.1201970601601191,-0.6215705967146201,-0.9274745739175644,-0.4408822329749803
20.0,137.0,1001.054931640625,0.8244933528941873,0.1717593457825232,-2.37681636873548,-0.0231458143020657,0.5201670551719506,-0.5719345939535595,0.1201970601601191,-0.6215705967146201,-0.9274745739175644,-0.4408822329749803
20.0,137.0,1001.054931640625,0.8244933528941845,0.1717593457825232,-2.376816519029308,-0.0231458143178547,0.5201670551719506,-0.5719345939534394,0.1201970601601191,-0.6215705967146201,-0.9274745739175644,-0.4408822329749803
20.0,137.0,1001.054931640625,0.8244933528941873,0.1717593457825232,-2.37681636873548,-0.0231458143020657,0.5201670551719506,-0.5719345939535595,0.1201970601601191,-0.6215705967146201,-0.9274745739175644,-0.4408822329749803
20.0,137.0,1001.054931640625,0.8244933528941873,0.1717593457825232,-2.3768165232617338,-0.0231454592292054,0.5201670551719506,-0.5719345939534604,0.1201970601601191,-0.6215705967146201,-0.9274745739175644,-0.4408822329749803
20.0,137.0,1001.0549926757812,0.8244933528941213,0.1717593457825232,-2.3768181714754446,-0.0231454669599006,0.5201670551719506,-0.5719345939554635,0.1201970601601191,-0.6215705967146201,-0.9274745739175644,-0.4408928510969608
20.0,137.0,1001.0549926757812,0.8244933528940926,0.1717593457825232,-2.376817884689759,-0.0231458047353537,0.5201670551719506,-0.5719345939535574,0.1201970601601191,-0.6215705967146201,-0.9274745739175644,-0.4408928887228401
20.0,137.0,1001.0549926757812,0.8244933528941213,0.1717593457825232,-2.3768181714754446,-0.0231457768718273,0.5201670551719506,-0.5719345939554635,0.1201970601601191,-0.6215705967146201,-0.9274745739175644,-0.4408930318536115
20.0,137.0,1001.0549926757812,0.824493352894095,0.1717593457825232,-2.3768181714754446,-0.0231457771051253,0.5201670551719506,-0.5719345939534959,0.1201970601601191,-0.6215705967146201,-0.9274745739175644,-0.4408922194237482
20.0,137.0,1001.0549926757812,0.8244933528941873,0.1717593457825232,-2.3768152849564,-0.0231458143178547,0.5201670551719506,-0.5719345939535622,0.1201970601601191,-0.6215705967146201,-0.9274745739175644,-0.4408822329749803
20.0,137.0,1001.0549926757812,0.8244933528940913,0.1717593457825232,-2.3768181714754446,-0.0231457768718273,0.5201670551719506,-0.5719345939554602,0.1201970601601191,-0.6215705967146201,-0.9274745739175644,-0.4408930318536115
20.0,137.0,1001.0549926757812,0.824493352894095,0.1717593457825232,-2.3768181714754446,-0.0231454771878137,0.5201670551719506,-0.5719345939534632,0.1201970601601191,-0.6215705967146201,-0.9274745739175644,-0.4408922375662272
20.0,137.0,1001.0549926757812,0.8244933528940926,0.1717593457825232,-2.376817884689759,-0.0231458054874103,0.5201670551719506,-0.5719345939535574,0.1201970601601191,-0.6215705967146201,-0.9274745739175644,-0.4408928887228401
20.0,137.0,1001.0549926757812,0.8244933528941213,0.1717593457825232,-2.3768181714754446,-0.0231454669599006,0.5201670551719506,-0.5719345939554635,0.1201970601601191,-0.6215705967146201,-0.9274745739175644,-0.4408928510969608
20.0,137.0,1001.0549926757812,0.8244933528940941,0.1717593457825232,-2.3768181714754446,-0.0231457768718273,0.5201670551719506,-0.5719345939554602,0.1201970601601191,-0.6215705967146201,-0.9274745739175644,-0.4408930318536115
20.0,137.0,1001.0549926757812,0.8244933528941873,0.1717593457825232,-2.3768152849564,-0.0231458143178547,0.5201670551719506,-0.5719345939535622,0.1201970601601191,-0.6215705967146201,-0.9274745739175644,-0.4408822329749803
20.0,137.0,1001.0549926757812,0.8244933528941213,0.1717593457825232,-2.376818395618362,-0.0231457768718273,0.5201670551719506,-0.5719345939536006,0.1201970601601191,-0.6215705967146201,-0.9274745739175644,-0.4408928547268259
20.0,137.0,1001.0549926757812,0.8244933528941213,0.1717593457825232,-2.3768183937927283,-0.0231457768718273,0.5201670551719506,-0.5719345939555508,0.1201970601601191,-0.6215705967146201,-0.9274745739175644,-0.4408928547268259
20.0,137.0,1001.0549926757812,0.8244933528940959,0.1717593457825232,-2.3768184081808243,-0.023145783518763,0.5201670551719506,-0.5719345939534602,0.1201970601601191,-0.6215705967146201,-0.9274745739175644,-0.4408929710434224
20.0,137.0,1001.0549926757812,0.8244933528941213,0.1717593457825232,-2.3768181733010785,-0.0231454669599006,0.5201670551719506,-0.5719345939535133,0.1201970601601191,-0.6215705967146201,-0.9274745739175644,-0.4408928510969608
20.0,137.0,1001.0549926757812,0.824493352894095,0.1717593457825232,-2.3768181714754446,-0.0231457771051253,0.5201670551719506,-0.5719345939534959,0.1201970601601191,-0.6215705967146201,-0.9274745739175644,-0.4408922194237482
20.0,137.0,1001.0549926757812,0.824493352894095,0.1717593457825232,-2.376818171543292,-0.0231457771051253,0.5201670551719506,-0.5719345939555245,0.1201970601601191,-0.6215705967146201,-0.9274745739175644,-0.4408922194237482
20.0,137.0,1001.0549926757812,0.8244933528940936,0.1717593457825232,-2.376817884689759,-0.0231458187850017,0.5201670551719506,-0.5719345939535574,0.1201970601601191,-0.6215705967146201,-0.9274745739175644,-0.4408928887228401
20.0,137.0,1001.0549926757812,0.8244933528941488,0.1717593457825232,-2.3768181199148755,-0.0231454669599006,0.5201670551719506,-0.5719345939554685,0.1201970601601191,-0.6215705967146201,-0.9274745739175644,-0.440892839457153
20.0,137.0,1001.0549926757812,0.824493352894095,0.1717593457825232,-2.3768181714754446,-0.0231457771051253,0.5201670551719506,-0.5719345939534959,0.1201970601601191,-0.6215705967146201,-0.9274745739175644,-0.4408922194237482
20.0,137.0,1001.0549926757812,0.8244933528940959,0.1717593457825232,-2.376818159687554,-0.023145783518763,0.5201670551719506,-0.5719345939534617,0.1201970601601191,-0.6215705967146201,-0.9274745739175644,-0.4408929710434224
20.0,137.0,1001.0549926757812,0.8244933528941893,0.1717593457825232,-2.376817727777015,-0.0231454746328861,0.5201670551719506,-0.5719345939553634,0.1201970601601191,-0.6215705967146201,-0.9274745739175644,-0.4408926846969286
20.0,137.0,1001.0549926757812,0.8244933528941213,0.1717593457825232,-2.3768181714754446,-0.0231458130269873,0.5201670551719506,-0.5719345939554635,0.1201970601601191,-0.6215705967146201,-0.9274745739175644,-0.4408928546652949
20.0,137.0,1001.0549926757812,0.8244933528941213,0.1717593457825232,-2.376818379063804,-0.0231454669599006,0.5201670551719506,-0.5719345939553336,0.1201970601601191,-0.6215705967146201,-0.9274745739175644,-0.4408929991961444
20.0,137.0,1001.0550537109376,0.8244933528940959,0.1717593457825232,-2.3768138838093265,-0.0231457835460852,0.5201670551719506,-0.571934593953459,0.1201970601601191,-0.6215705967146201,-0.9274745739175644,-0.4408819244618827
20.0,137.0,1001.0550537109376,0.8244933528941213,0.1717593457825232,-2.376816559387773,-0.0231454669599006,0.5201670551719506,-0.5719345939553336,0.1201970601601191,-0.6215705967146201,-0.9274745739175644,-0.4408930018933654
20.0,137.0,1001.0550537109376,0.8244933528941213,0.1717593457825232,-2.376816559387773,-0.0231454669599006,0.5201670551719506,-0.5719345939553336,0.1201970601601191,-0.6215705967146201,-0.9274745739175644,-0.4408930018933654
20.0,137.0,1001.0550537109376,0.8244933528941213,0.1717593457825232,-2.376817748153081,-0.0231454668507955,0.5201670551719506,-0.5719345939533658,0.1201970601601191,-0.6215705967146201,-0.9274745739175644,-0.4408928510969608
20.0,137.0,1001.0550537109376,0.8244933528940959,0.1717593457825232,-2.3768138149972327,-0.0231457835460852,0.5201670551719506,-0.5719345939534602,0.1201970601601191,-0.6215705967146201,-0.9274745739175644,-0.4408819906060972
20.0,137.0,1001.0550537109376,0.824493352894122,0.1717593457825232,-2.376817748153081,-0.0231454668507955,0.5201670551719506,-0.5719345939533658,0.1201970601601191,-0.6215705967146201,-0.9274745739175644,-0.4408928510969608
20.0,138.0,1001.0547485351562,0.8244933528940913,0.1717593457825232,-2.3768181714754446,-0.0231458145063627,0.5201670551719506,-0.5719345939554602,0.1201970601601191,-0.6215705967146201,-0.9274745739175644,-0.4408782706713101
20.0,138.0,1001.0547485351562,0.8244933528940905,0.1717593457825232,-2.3768181714754446,-0.0231454669599006,0.5201670551719506,-0.5719345939554635,0.1201970601601191,-0.6215705967146201,-0.9274745739175644,-0.4408785652182585
20.0,138.0,1001.0548095703124,0.8244933528941873,0.1717593457825232,-2.3768181699796305,-0.0231454747779048,0.5201670551719506,-0.5719345939555569,0.1201970601601191,-0.6215705967146201,-0.9274745739175644,-0.4408819244618827
20.0,138.0,1001.0548095703124,0.8244933528941873,0.1717593457825232,-2.376818168940716,-0.0231457777297168,0.5201670551719506,-0.5719345939535595,0.1201970601601191,-0.6215705967146201,-0.9274745739175644,-0.4408822329749803
20.0,138.0,1001.0548095703124,0.8244933528941865,0.1717593457825232,-2.3768181699796305,-0.0231454665936842,0.5201670551719506,-0.571934593955573,0.1201970601601191,-0.6215705967146201,-0.9274745739175644,-0.4408819244618827
20.0,138.0,1001.0548095703124,0.8244933528941873,0.1717593457825232,-2.376817875547818,-0.0231458179148539,0.5201670551719506,-0.5719345939535513,0.1201970601601191,-0.6215705967146201,-0.9274745739175644,-0.4408819244618827
20.0,138.0,1001.0548095703124,0.8244933528941873,0.1717593457825232,-2.376817746657266,-0.0231458297574489,0.5201670551719506,-0.5719345939535581,0.1201970601601191,-0.6215705967146201,-0.9274745739175644,-0.4408819244618827
20.0,138.0,1001.0548095703124,0.8244933528941873,0.1717593457825232,-2.3768181699117834,-0.0231454747779048,0.5201670551719506,-0.5719345939535283,0.1201970601601191,-0.6215705967146201,-0.9274745739175644,-0.4408819244618827
20.0,138.0,1001.0548095703124,0.8244933528941845,0.1717593457825232,-2.3768181699796305,-0.0231454747779048,0.5201670551719506,-0.5719345939555569,0.1201970601601191,-0.6215705967146201,-0.9274745739175644,-0.4408816721379553
20.0,138.0,1001.0548095703124,0.8244933528941873,0.1717593457825232,-2.3768181699796305,-0.023145473040345,0.5201670551719506,-0.5719345939556079,0.1201970601601191,-0.6215705967146201,-0.9274745739175644,-0.4408819244618827
20.0,138.0,1001.0548095703124,0.8244933528940941,0.1717593457825232,-2.3768181714754446,-0.0231457768718273,0.5201670551719506,-0.5719345939535891,0.1201970601601191,-0.6215705967146201,-0.9274745739175644,-0.4408821605890464
20.0,138.0,1001.0548095703124,0.8244933528941845,0.1717593457825232,-2.3768181699796305,-0.0231454747779048,0.5201670551719506,-0.5719345939555569,0.1201970601601191,-0.6215705967146201,-0.9274745739175644,-0.4408816721379553
20.0,138.0,1001.0548095703124,0.8244933528941873,0.1717593457825232,-2.3768181699796305,-0.0231454651395578,0.5201670551719506,-0.5719345939555569,0.1201970601601191,-0.6215705967146201,-0.9274745739175644,-0.4408819244618827
20.0,138.0,1001.0548095703124,0.8244933528941935,0.1717593457825232,-2.376817748105313,-0.0231458297574489,0.5201670551719506,-0.5719345939535581,0.1201970601601191,-0.6215705967146201,-0.9274745739175644,-0.4408822867574747
20.0,138.0,1001.0548706054688,0.8244933528941873,0.1717593457825232,-2.376817746657266,-0.0231454746687996,0.5201670551719506,-0.571934593953459,0.1201970601601191,-0.6215705967146201,-0.9274745739175644,-0.4408819244618827
20.0,138.0,1001.0548706054688,0.8244933528941893,0.1717593457825232,-2.376817746657266,-0.0231454746687996,0.5201670551719506,-0.571934593953459,0.1201970601601191,-0.6215705967146201,-0.9274745739175644,-0.4408819244618827
20.0,138.0,1001.0548706054688,0.8244933528941893,0.1717593457825232,-2.376817746657266,-0.0231454746687996,0.5201670551719506,-0.571934593953459,0.1201970601601191,-0.6215705967146201,-0.9274745739175644,-0.4408819244618827
20.0,138.0,1001.054931640625,0.8244933528941873,0.1717593457825232,-2.3768165232617338,-0.0231458143178547,0.5201670551719506,-0.5719345939535595,0.1201970601601191,-0.6215705967146201,-0.9274745739175644,-0.4408822329749803
20.0,138.0,1001.054931640625,0.8244933528941873,0.1717593457825232,-2.3768165232617338,-0.0231458143178547,0.5201670551719506,-0.5719345939535595,0.1201970601601191,-0.6215705967146201,-0.9274745739175644,-0.4408822329749803
20.0,138.0,1001.054931640625,0.8244933528941873,0.1717593457825232,-2.376816359901328,-0.02314581456395,0.5201670551719506,-0.5719345939535588,0.1201970601601191,-0.6215705967146201,-0.9274745739175644,-0.4408822285563774
20.0,138.0,1001.054931640625,0.8244933528941873,0.1717593457825232,-2.376816359901328,-0.02314581456395,0.5201670551719506,-0.5719345939535588,0.1201970601601191,-0.6215705967146201,-0.9274745739175644,-0.4408822285563774
20.0,138.0,1001.054931640625,0.8244933528941873,0.1717593457825232,-2.3768165232617338,-0.0231458143178547,0.5201670551719506,-0.5719345939535595,0.1201970601601191,-0.6215705967146201,-0.9274745739175644,-0.4408822329749803
20.0,138.0,1001.054931640625,0.8244933528941866,0.1717593457825232,-2.3768165232617338,-0.0231458143178547,0.5201670551719506,-0.5719345939535595,0.1201970601601191,-0.6215705967146201,-0.9274745739175644,-0.4408822329749803
20.0,138.0,1001.054931640625,0.8244933528941873,0.1717593457825232,-2.37681636873548,-0.0231458143020657,0.5201670551719506,-0.5719345939535595,0.1201970601601191,-0.6215705967146201,-0.9274745739175644,-0.4408822329749803
20.0,138.0,1001.054931640625,0.8244933528941845,0.1717593457825232,-2.376816519029308,-0.0231458143178547,0.5201670551719506,-0.5719345939534394,0.1201970601601191,-0.6215705967146201,-0.9274745739175644,-0.4408822329749803
20.0,138.0,1001.054931640625,0.8244933528941873,0.1717593457825232,-2.37681636873548,-0.0231458143020657,0.5201670551719506,-0.5719345939535595,0.1201970601601191,-0.6215705967146201,-0.9274745739175644,-0.4408822329749803
20.0,138.0,1001.054931640625,0.8244933528941873,0.1717593457825232,-2.3768165232617338,-0.0231454592292054,0.5201670551719506,-0.5719345939534604,0.1201970601601191,-0.6215705967146201,-0.9274745739175644,-0.4408822329749803
20.0,138.0,1001.054931640625,0.8244933528941873,0.1717593457825232,-2.3768165232617338,-0.0231458239562017,0.5201670551719506,-0.5719345939535595,0.1201970601601191,-0.6215705967146201,-0.9274745739175644,-0.4408822329749803
20.0,138.0,1001.054931640625,0.8244933528941873,0.1717593457825232,-2.376816526611718,-0.0231458143178432,0.5201670551719506,-0.5719345939535595,0.1201970601601191,-0.6215705967146201,-0.9274745739175644,-0.4408822329749803
20.0,138.0,1001.054931640625,0.8244933528941873,0.1717593457825232,-2.3768165232617338,-0.0231458160554145,0.5201670551719506,-0.5719345939535084,0.1201970601601191,-0.6215705967146201,-0.9274745739175644,-0.4408822329749803
20.0,138.0,1001.054931640625,0.8244933528941873,0.1717593457825232,-2.3768165232617338,-0.0231458055289642,0.5201670551719506,-0.5719345939535595,0.1201970601601191,-0.6215705967146201,-0.9274745739175644,-0.4408822329749803
20.0,138.0,1001.0549926757812,0.8244933528941213,0.1717593457825232,-2.3768181714754446,-0.0231454669599006,0.5201670551719506,-0.5719345939554635,0.1201970601601191,-0.6215705967146201,-0.9274745739175644,-0.4408928510969608
20.0,138.0,1001.0549926757812,0.8244933528940926,0.1717593457825232,-2.376817884689759,-0.0231458047353537,0.5201670551719506,-0.5719345939535574,0.1201970601601191,-0.6215705967146201,-0.9274745739175644,-0.4408928887228401
20.0,138.0,1001.0549926757812,0.8244933528941213,0.1717593457825232,-2.3768181714754446,-0.0231457768718273,0.5201670551719506,-0.5719345939554635,0.1201970601601191,-0.6215705967146201,-0.9274745739175644,-0.4408930318536115
20.0,138.0,1001.0549926757812,0.824493352894095,0.1717593457825232,-2.3768181714754446,-0.0231457771051253,0.5201670551719506,-0.5719345939534959,0.1201970601601191,-0.6215705967146201,-0.9274745739175644,-0.4408922194237482
20.0,138.0,1001.0549926757812,0.8244933528941873,0.1717593457825232,-2.3768152849564,-0.0231458143178547,0.5201670551719506,-0.5719345939535622,0.1201970601601191,-0.6215705967146201,-0.9274745739175644,-0.4408822329749803
20.0,138.0,1001.0549926757812,0.8244933528940913,0.1717593457825232,-2.3768181714754446,-0.0231457768718273,0.5201670551719506,-0.5719345939554602,0.1201970601601191,-0.6215705967146201,-0.9274745739175644,-0.4408930318536115
20.0,138.0,1001.0549926757812,0.824493352894095,0.1717593457825232,-2.3768181714754446,-0.0231454771878137,0.5201670551719506,-0.5719345939534632,0.1201970601601191,-0.6215705967146201,-0.9274745739175644,-0.4408922375662272
20.0,138.0,1001.0549926757812,0.8244933528940926,0.1717593457825232,-2.376817884689759,-0.0231458054874103,0.5201670551719506,-0.5719345939535574,0.1201970601601191,-0.6215705967146201,-0.9274745739175644,-0.4408928887228401
20.0,138.0,1001.0549926757812,0.8244933528941213,0.1717593457825232,-2.3768181714754446,-0.0231454669599006,0.5201670551719506,-0.5719345939554635,0.1201970601601191,-0.6215705967146201,-0.9274745739175644,-0.4408928510969608
20.0,138.0,1001.0549926757812,0.8244933528940941,0.1717593457825232,-2.3768181714754446,-0.0231457768718273,0.5201670551719506,-0.5719345939554602,0.1201970601601191,-0.6215705967146201,-0.9274745739175644,-0.4408930318536115
20.0,138.0,1001.0549926757812,0.8244933528941873,0.1717593457825232,-2.3768152849564,-0.0231458143178547,0.5201670551719506,-0.5719345939535622,0.1201970601601191,-0.6215705967146201,-0.9274745739175644,-0.4408822329749803
20.0,138.0,1001.0549926757812,0.8244933528941213,0.1717593457825232,-2.376818395618362,-0.0231457768718273,0.5201670551719506,-0.5719345939536006,0.1201970601601191,-0.6215705967146201,-0.9274745739175644,-0.4408928547268259
20.0,138.0,1001.0549926757812,0.8244933528941213,0.1717593457825232,-2.3768183937927283,-0.0231457768718273,0.5201670551719506,-0.5719345939555508,0.1201970601601191,-0.6215705967146201,-0.9274745739175644,-0.4408928547268259
20.0,138.0,1001.0549926757812,0.8244933528940959,0.1717593457825232,-2.3768184081808243,-0.023145783518763,0.5201670551719506,-0.5719345939534602,0.1201970601601191,-0.6215705967146201,-0.9274745739175644,-0.4408929710434224
20.0,138.0,1001.0549926757812,0.8244933528941213,0.1717593457825232,-2.3768181733010785,-0.0231454669599006,0.5201670551719506,-0.5719345939535133,0.1201970601601191,-0.6215705967146201,-0.9274745739175644,-0.4408928510969608
20.0,138.0,1001.0549926757812,0.824493352894095,0.1717593457825232,-2.3768181714754446,-0.0231457771051253,0.5201670551719506,-0.5719345939534959,0.1201970601601191,-0.6215705967146201,-0.9274745739175644,-0.4408922194237482
20.0,138.0,1001.0549926757812,0.824493352894095,0.1717593457825232,-2.376818171543292,-0.0231457771051253,0.5201670551719506,-0.5719345939555245,0.1201970601601191,-0.6215705967146201,-0.9274745739175644,-0.4408922194237482
20.0,138.0,1001.0549926757812,0.8244933528940936,0.1717593457825232,-2.376817884689759,-0.0231458187850017,0.5201670551719506,-0.5719345939535574,0.1201970601601191,-0.6215705967146201,-0.9274745739175644,-0.4408928887228401
20.0,138.0,1001.0549926757812,0.8244933528941488,0.1717593457825232,-2.3768181199148755,-0.0231454669599006,0.5201670551719506,-0.5719345939554685,0.1201970601601191,-0.6215705967146201,-0.9274745739175644,-0.440892839457153
20.0,139.0,1000.943359375,0.824493352894091,0.1717593457825232,-2.3768181699796305,-0.0231454770914799,0.5187680015684115,-0.571934593955573,0.1201970601601191,-0.6215705967146201,-0.9274745739175644,-0.4408819244618827
20.0,139.0,1001.0547485351562,0.8244933528940913,0.1717593457825232,-2.3768181714754446,-0.0231458145063627,0.5201670551719506,-0.5719345939554602,0.1201970601601191,-0.6215705967146201,-0.9274745739175644,-0.4408782706713101
20.0,139.0,1001.0547485351562,0.8244933528940905,0.1717593457825232,-2.3768181714754446,-0.0231454669599006,0.5201670551719506,-0.5719345939554635,0.1201970601601191,-0.6215705967146201,-0.9274745739175644,-0.4408785652182585
20.0,139.0,1001.0547485351562,0.8244933528940905,0.1717593457825232,-2.3768181714754446,-0.0231454669599006,0.5201670551719506,-0.5719345939554635,0.1201970601601191,-0.6215705967146201,-0.9274745739175644,-0.4408785652182585
20.0,139.0,1001.0548095703124,0.8244933528941873,0.1717593457825232,-2.3768181699796305,-0.0231454747779048,0.5201670551719506,-0.5719345939555569,0.1201970601601191,-0.6215705967146201,-0.9274745739175644,-0.4408819244618827
20.0,139.0,1001.0548095703124,0.8244933528941873,0.1717593457825232,-2.376818168940716,-0.0231457777297168,0.5201670551719506,-0.5719345939535595,0.1201970601601191,-0.6215705967146201,-0.9274745739175644,-0.4408822329749803
20.0,139.0,1001.0548095703124,0.8244933528941865,0.1717593457825232,-2.3768181699796305,-0.0231454665936842,0.5201670551719506,-0.571934593955573,0.1201970601601191,-0.6215705967146201,-0.9274745739175644,-0.4408819244618827
20.0,139.0,1001.0548095703124,0.8244933528941873,0.1717593457825232,-2.376817875547818,-0.0231458179148539,0.5201670551719506,-0.5719345939535513,0.1201970601601191,-0.6215705967146201,-0.9274745739175644,-0.4408819244618827
20.0,139.0,1001.0548095703124,0.8244933528941873,0.1717593457825232,-2.376817746657266,-0.0231458297574489,0.5201670551719506,-0.5719345939535581,0.1201970601601191,-0.6215705967146201,-0.9274745739175644,-0.4408819244618827
20.0,139.0,1001.0548095703124,0.8244933528941873,0.1717593457825232,-2.3768181699117834,-0.0231454747779048,0.5201670551719506,-0.5719345939535283,0.1201970601601191,-0.6215705967146201,-0.9274745739175644,-0.4408819244618827
20.0,139.0,1001.0548095703124,0.8244933528941845,0.1717593457825232,-2.3768181699796305,-0.0231454747779048,0.5201670551719506,-0.5719345939555569,0.1201970601601191,-0.6215705967146201,-0.9274745739175644,-0.4408816721379553
20.0,139.0,1001.0548095703124,0.8244933528941873,0.1717593457825232,-2.3768181699796305,-0.023145473040345,0.5201670551719506,-0.5719345939556079,0.1201970601601191,-0.6215705967146201,-0.9274745739175644,-0.4408819244618827
20.0,139.0,1001.0548095703124,0.8244933528940941,0.1717593457825232,-2.3768181714754446,-0.0231457768718273,0.5201670551719506,-0.5719345939535891,0.1201970601601191,-0.6215705967146201,-0.9274745739175644,-0.4408821605890464
20.0,139.0,1001.0548095703124,0.8244933528941845,0.1717593457825232,-2.3768181699796305,-0.0231454747779048,0.5201670551719506,-0.5719345939555569,0.1201970601601191,-0.6215705967146201,-0.9274745739175644,-0.4408816721379553
20.0,139.0,1001.0548095703124,0.8244933528941873,0.1717593457825232,-2.3768181699796305,-0.0231454651395578,0.5201670551719506,-0.5719345939555569,0.1201970601601191,-0.6215705967146201,-0.9274745739175644,-0.4408819244618827
20.0,139.0,1001.0548095703124,0.8244933528941935,0.1717593457825232,-2.376817748105313,-0.0231458297574489,0.5201670551719506,-0.5719345939535581,0.1201970601601191,-0.6215705967146201,-0.9274745739175644,-0.4408822867574747
20.0,139.0,1001.0548095703124,0.8244933528941873,0.1717593457825232,-2.3768181699796305,-0.023145473040345,0.5201670551719506,-0.5719345939556079,0.1201970601601191,-0.6215705967146201,-0.9274745739175644,-0.4408819244618827
20.0,139.0,1001.0548095703124,0.8244933528941873,0.1717593457825232,-2.376817680275302,-0.0231458299831782,0.5201670551719506,-0.5719345939535595,0.1201970601601191,-0.6215705967146201,-0.9274745739175644,-0.4408822329749803
20.0,139.0,1001.0548095703124,0.8244933528941873,0.1717593457825232,-2.376818224946516,-0.023145473040345,0.5201670551719506,-0.5719345939556758,0.1201970601601191,-0.6215705967146201,-0.9274745739175644,-0.4408819244618827
20.0,139.0,1001.0548095703124,0.8244933528941873,0.1717593457825232,-2.3768181699796305,-0.0231458536603601,0.5201670551719506,-0.5719345939555129,0.1201970601601191,-0.6215705967146201,-0.9274745739175644,-0.4408822141218358
20.0,139.0,1001.0548095703124,0.8244933528941873,0.1717593457825232,-2.376817875547818,-0.0231458179148539,0.5201670551719506,-0.5719345939535513,0.1201970601601191,-0.6215705967146201,-0.9274745739175644,-0.4408822284708462
20.0,139.0,1001.0548095703124,0.8244933528941873,0.1717593457825232,-2.376817875547818,-0.0231458179148539,0.5201670551719506,-0.5719345939535513,0.1201970601601191,-0.6215705967146201,-0.9274745739175644,-0.4408819244618827
20.0,139.0,1001.0548095703124,0.8244933528941873,0.1717593457825232,-2.3768181699796305,-0.0231454747779048,0.5201670551719506,-0.5719345939555569,0.1201970601601191,-0.6215705967146201,-0.9274745739175644,-0.4408819244618827
20.0,139.0,1001.0548095703124,0.8244933528941873,0.1717593457825232,-2.3768181699796305,-0.0231454651395578,0.5201670551719506,-0.5719345939555569,0.1201970601601191,-0.6215705967146201,-0.9274745739175644,-0.4408819244618827
20.0,139.0,1001.0548095703124,0.8244933528941873,0.1717593457825232,-2.376818192259101,-0.0231454747201477,0.5201670551719506,-0.5719345939535595,0.1201970601601191,-0.6215705967146201,-0.9274745739175644,-0.4408822113617003
20.0,139.0,1001.0548095703124,0.824493352894095,0.1717593457825232,-2.376818171543292,-0.0231457771051253,0.5201670551719506,-0.5719345939536021,0.1201970601601191,-0.6215705967146201,-0.9274745739175644,-0.4408823366282481
20.0,139.0,1001.0548706054688,0.8244933528941873,0.1717593457825232,-2.376817746657266,-0.0231454746687996,0.5201670551719506,-0.571934593953459,0.1201970601601191,-0.6215705967146201,-0.9274745739175644,-0.4408819244618827
20.0,139.0,1001.0548706054688,0.8244933528941893,0.1717593457825232,-2.376817746657266,-0.0231454746687996,0.5201670551719506,-0.571934593953459,0.1201970601601191,-0.6215705967146201,-0.9274745739175644,-0.4408819244618827
20.0,139.0,1001.0548706054688,0.8244933528941893,0.1717593457825232,-2.376817746657266,-0.0231454746687996,0.5201670551719506,-0.571934593953459,0.1201970601601191,-0.6215705967146201,-0.9274745739175644,-0.4408819244618827
20.0,139.0,1001.0548706054688,0.8244933528941887,0.1717593457825232,-2.376817746657266,-0.0231454746687996,0.5201670551719506,-0.571934593953459,0.1201970601601191,-0.6215705967146201,-0.9274745739175644,-0.4408832385854809
20.0,139.0,1001.0548706054688,0.8244933528941893,0.1717593457825232,-2.376817691690382,-0.0231454746687996,0.5201670551719506,-0.5719345939533912,0.1201970601601191,-0.6215705967146201,-0.9274745739175644,-0.4408819244618827
20.0,139.0,1001.054931640625,0.8244933528941873,0.1717593457825232,-2.3768165232617338,-0.0231458143178547,0.5201670551719506,-0.5719345939535595,0.1201970601601191,-0.6215705967146201,-0.9274745739175644,-0.4408822329749803
20.0,139.0,1001.054931640625,0.8244933528941873,0.1717593457825232,-2.3768165232617338,-0.0231458143178547,0.5201670551719506,-0.5719345939535595,0.1201970601601191,-0.6215705967146201,-0.9274745739175644,-0.4408822329749803
20.0,139.0,1001.054931640625,0.8244933528941873,0.1717593457825232,-2.376816359901328,-0.02314581456395,0.5201670551719506,-0.5719345939535588,0.1201970601601191,-0.6215705967146201,-0.9274745739175644,-0.4408822285563774
20.0,139.0,1001.054931640625,0.8244933528941873,0.1717593457825232,-2.376816359901328,-0.02314581456395,0.5201670551719506,-0.5719345939535588,0.1201970601601191,-0.6215705967146201,-0.9274745739175644,-0.4408822285563774
20.0,139.0,1001.054931640625,0.8244933528941873,0.1717593457825232,-2.3768165232617338,-0.0231458143178547,0.5201670551719506,-0.5719345939535595,0.1201970601601191,-0.6215705967146201,-0.9274745739175644,-0.4408822329749803
20.0,139.0,1001.054931640625,0.8244933528941866,0.1717593457825232,-2.3768165232617338,-0.0231458143178547,0.5201670551719506,-0.5719345939535595,0.1201970601601191,-0.6215705967146201,-0.9274745739175644,-0.4408822329749803
20.0,139.0,1001.054931640625,0.8244933528941873,0.1717593457825232,-2.37681636873548,-0.0231458143020657,0.5201670551719506,-0.5719345939535595,0.1201970601601191,-0.6215705967146201,-0.9274745739175644,-0.4408822329749803
20.0,139.0,1001.054931640625,0.8244933528941845,0.1717593457825232,-2.376816519029308,-0.0231458143178547,0.5201670551719506,-0.5719345939534394,0.1201970601601191,-0.6215705967146201,-0.9274745739175644,-0.4408822329749803
20.0,139.0,1001.054931640625,0.8244933528941873,0.1717593457825232,-2.37681636873548,-0.0231458143020657,0.5201670551719506,-0.5719345939535595,0.1201970601601191,-0.6215705967146201,-0.9274745739175644,-0.4408822329749803
20.0,139.0,1001.054931640625,0.8244933528941873,0.1717593457825232,-2.3768165232617338,-0.0231454592292054,0.5201670551719506,-0.5719345939534604,0.1201970601601191,-0.6215705967146201,-0.9274745739175644,-0.4408822329749803
20.0,139.0,1001.054931640625,0.8244933528941873,0.1717593457825232,-2.3768165232617338,-0.0231458239562017,0.5201670551719506,-0.5719345939535595,0.1201970601601191,-0.6215705967146201,-0.9274745739175644,-0.4408822329749803
20.0,139.0,1001.054931640625,0.8244933528941873,0.1717593457825232,-2.376816526611718,-0.0231458143178432,0.5201670551719506,-0.5719345939535595,0.1201970601601191,-0.6215705967146201,-0.9274745739175644,-0.4408822329749803
20.0,139.0,1001.054931640625,0.8244933528941873,0.1717593457825232,-2.3768165232617338,-0.0231458160554145,0.5201670551719506,-0.5719345939535084,0.1201970601601191,-0.6215705967146201,-0.9274745739175644,-0.4408822329749803
20.0,139.0,1001.054931640625,0.8244933528941873,0.1717593457825232,-2.3768165232617338,-0.0231458055289642,0.5201670551719506,-0.5719345939535595,0.1201970601601191,-0.6215705967146201,-0.9274745739175644,-0.4408822329749803
20.0,139.0,1001.054931640625,0.8244933528941873,0.1717593457825232,-2.3768165419735348,-0.0231454613881862,0.5201670551719506,-0.5719345939534344,0.1201970601601191,-0.6215705967146201,-0.9274745739175644,-0.4408819106358636
20.0,139.0,1001.054931640625,0.8244933528941873,0.1717593457825232,-2.3768165232617338,-0.0231458239562017,0.5201670551719506,-0.5719345939535595,0.1201970601601191,-0.6215705967146201,-0.9274745739175644,-0.4408822329749803
20.0,139.0,1001.054931640625,0.824493352894095,0.1717593457825232,-2.3768181714754446,-0.0231454771701029,0.5201670551719506,-0.5719345939534632,0.1201970601601191,-0.6215705967146201,-0.9274745739175644,-0.4408920532055491
20.0,139.0,1001.054931640625,0.8244933528941845,0.1717593457825232,-2.376816595457961,-0.0231458143178547,0.5201670551719506,-0.5719345939534396,0.1201970601601191,-0.6215705967146201,-0.9274745739175644,-0.4408822329749803
20.0,139.0,1001.054931640625,0.8244933528941866,0.1717593457825232,-2.3768165233080705,-0.0231458143178431,0.5201670551719506,-0.5719345939535595,0.1201970601601191,-0.6215705967146201,-0.9274745739175644,-0.4408822329749803
20.0,140.0,1000.943359375,0.824493352894091,0.1717593457825232,-2.3768181699796305,-0.0231454770914799,0.5187680015684115,-0.571934593955573,0.1201970601601191,-0.6215705967146201,-0.9274745739175644,-0.4408819244618827
20.0,140.0,1001.0547485351562,0.8244933528940913,0.1717593457825232,-2.3768181714754446,-0.0231458145063627,0.5201670551719506,-0.5719345939554602,0.1201970601601191,-0.6215705967146201,-0.9274745739175644,-0.4408782706713101
20.0,140.0,1001.0547485351562,0.8244933528940905,0.1717593457825232,-2.3768181714754446,-0.0231454669599006,0.5201670551719506,-0.5719345939554635,0.1201970601601191,-0.6215705967146201,-0.9274745739175644,-0.4408785652182585
20.0,140.0,1001.0547485351562,0.8244933528940905,0.1717593457825232,-2.3768181714754446,-0.0231454669599006,0.5201670551719506,-0.5719345939554635,0.1201970601601191,-0.6215705967146201,-0.9274745739175644,-0.4408785652182585
20.0,140.0,1001.0547485351562,0.8244933528940946,0.1717593457825232,-2.3768181714754446,-0.0231454669599006,0.5201670551719506,-0.5719345939554635,0.1201970601601191,-0.6215705967146201,-0.9274745739175644,-0.4408785652182585
20.0,140.0,1001.0548095703124,0.8244933528941873,0.1717593457825232,-2.3768181699796305,-0.0231454747779048,0.5201670551719506,-0.5719345939555569,0.1201970601601191,-0.6215705967146201,-0.9274745739175644,-0.4408819244618827
20.0,140.0,1001.0548095703124,0.8244933528941873,0.1717593457825232,-2.376818168940716,-0.0231457777297168,0.5201670551719506,-0.5719345939535595,0.1201970601601191,-0.6215705967146201,-0.9274745739175644,-0.4408822329749803
20.0,140.0,1001.0548095703124,0.8244933528941865,0.1717593457825232,-2.3768181699796305,-0.0231454665936842,0.5201670551719506,-0.571934593955573,0.1201970601601191,-0.6215705967146201,-0.9274745739175644,-0.4408819244618827
20.0,140.0,1001.0548095703124,0.8244933528941873,0.1717593457825232,-2.376817875547818,-0.0231458179148539,0.5201670551719506,-0.5719345939535513,0.1201970601601191,-0.6215705967146201,-0.9274745739175644,-0.4408819244618827
20.0,140.0,1001.0548095703124,0.8244933528941873,0.1717593457825232,-2.376817746657266,-0.0231458297574489,0.5201670551719506,-0.5719345939535581,0.1201970601601191,-0.6215705967146201,-0.9274745739175644,-0.4408819244618827
20.0,140.0,1001.0548095703124,0.8244933528941873,0.1717593457825232,-2.3768181699117834,-0.0231454747779048,0.5201670551719506,-0.5719345939535283,0.1201970601601191,-0.6215705967146201,-0.9274745739175644,-0.4408819244618827
20.0,140.0,1001.0548095703124,0.8244933528941845,0.1717593457825232,-2.3768181699796305,-0.0231454747779048,0.5201670551719506,-0.5719345939555569,0.1201970601601191,-0.6215705967146201,-0.9274745739175644,-0.4408816721379553
20.0,140.0,1001.0548095703124,0.8244933528941873,0.1717593457825232,-2.3768181699796305,-0.023145473040345,0.5201670551719506,-0.5719345939556079,0.1201970601601191,-0.6215705967146201,-0.9274745739175644,-0.4408819244618827
20.0,140.0,1001.0548095703124,0.8244933528940941,0.1717593457825232,-2.3768181714754446,-0.0231457768718273,0.5201670551719506,-0.5719345939535891,0.1201970601601191,-0.6215705967146201,-0.9274745739175644,-0.4408821605890464
20.0,140.0,1001.0548095703124,0.8244933528941845,0.1717593457825232,-2.3768181699796305,-0.0231454747779048,0.5201670551719506,-0.5719345939555569,0.1201970601601191,-0.6215705967146201,-0.9274745739175644,-0.4408816721379553
20.0,140.0,1001.0548095703124,0.8244933528941873,0.1717593457825232,-2.3768181699796305,-0.0231454651395578,0.5201670551719506,-0.5719345939555569,0.1201970601601191,-0.6215705967146201,-0.9274745739175644,-0.4408819244618827
20.0,140.0,1001.0548095703124,0.8244933528941935,0.1717593457825232,-2.376817748105313,-0.0231458297574489,0.5201670551719506,-0.5719345939535581,0.1201970601601191,-0.6215705967146201,-0.9274745739175644,-0.4408822867574747
20.0,140.0,1001.0548095703124,0.8244933528941873,0.1717593457825232,-2.3768181699796305,-0.023145473040345,0.5201670551719506,-0.5719345939556079,0.1201970601601191,-0.6215705967146201,-0.9274745739175644,-0.4408819244618827
20.0,140.0,1001.0548095703124,0.8244933528941873,0.1717593457825232,-2.376817680275302,-0.0231458299831782,0.5201670551719506,-0.5719345939535595,0.1201970601601191,-0.6215705967146201,-0.9274745739175644,-0.4408822329749803
20.0,140.0,1001.0548095703124,0.8244933528941873,0.1717593457825232,-2.376818224946516,-0.023145473040345,0.5201670551719506,-0.5719345939556758,0.1201970601601191,-0.6215705967146201,-0.9274745739175644,-0.4408819244618827
20.0,140.0,1001.0548095703124,0.8244933528941873,0.1717593457825232,-2.3768181699796305,-0.0231458536603601,0.5201670551719506,-0.5719345939555129,0.1201970601601191,-0.6215705967146201,-0.9274745739175644,-0.4408822141218358
20.0,140.0,1001.0548095703124,0.8244933528941873,0.1717593457825232,-2.376817875547818,-0.0231458179148539,0.5201670551719506,-0.5719345939535513,0.1201970601601191,-0.6215705967146201,-0.9274745739175644,-0.4408822284708462
20.0,140.0,1001.0548095703124,0.8244933528941873,0.1717593457825232,-2.376817875547818,-0.0231458179148539,0.5201670551719506,-0.5719345939535513,0.1201970601601191,-0.6215705967146201,-0.9274745739175644,-0.4408819244618827
20.0,140.0,1001.0548095703124,0.8244933528941873,0.1717593457825232,-2.3768181699796305,-0.0231454747779048,0.5201670551719506,-0.5719345939555569,0.1201970601601191,-0.6215705967146201,-0.9274745739175644,-0.4408819244618827
20.0,140.0,1001.0548095703124,0.8244933528941873,0.1717593457825232,-2.3768181699796305,-0.0231454651395578,0.5201670551719506,-0.5719345939555569,0.1201970601601191,-0.6215705967146201,-0.9274745739175644,-0.4408819244618827
20.0,140.0,1001.0548095703124,0.8244933528941873,0.1717593457825232,-2.376818192259101,-0.0231454747201477,0.5201670551719506,-0.5719345939535595,0.1201970601601191,-0.6215705967146201,-0.9274745739175644,-0.4408822113617003
20.0,140.0,1001.0548095703124,0.824493352894095,0.1717593457825232,-2.376818171543292,-0.0231457771051253,0.5201670551719506,-0.5719345939536021,0.1201970601601191,-0.6215705967146201,-0.9274745739175644,-0.4408823366282481
20.0,140.0,1001.0548095703124,0.8244933528941873,0.1717593457825232,-2.3768181715477343,-0.0231454651395578,0.5201670551719506,-0.5719345939554157,0.1201970601601191,-0.6215705967146201,-0.9274745739175644,-0.4408819244618827
20.0,140.0,1001.0548095703124,0.8244933528941873,0.1717593457825232,-2.3768181699117834,-0.0231454756131131,0.5201670551719506,-0.5719345939535283,0.1201970601601191,-0.6215705967146201,-0.9274745739175644,-0.4408819244618827
20.0,140.0,1001.0548095703124,0.8244933528940902,0.1717593457825232,-2.376817748105313,-0.0231458297574489,0.5201670551719506,-0.5719345939535581,0.1201970601601191,-0.6215705967146201,-0.9274745739175644,-0.440878307373009
20.0,140.0,1001.0548095703124,0.8244933528941873,0.1717593457825232,-2.3768178690828226,-0.0231454481590792,0.5201670551719506,-0.5719345939535513,0.1201970601601191,-0.6215705967146201,-0.9274745739175644,-0.4408819244618827
20.0,140.0,1001.0548095703124,0.8244933528940906,0.1717593457825232,-2.3768181699796305,-0.0231454665936842,0.5201670551719506,-0.571934593955573,0.1201970601601191,-0.6215705967146201,-0.9274745739175644,-0.4408819244618827
20.0,140.0,1001.0548095703124,0.8244933528941873,0.1717593457825232,-2.3768181695156434,-0.0231454747808739,0.5201670551719506,-0.571934593953459,0.1201970601601191,-0.6215705967146201,-0.9274745739175644,-0.4408819244618827
20.0,140.0,1001.0548095703124,0.8244933528941939,0.1717593457825232,-2.3768181714754446,-0.0231454669599006,0.5201670551719506,-0.5719345939554635,0.1201970601601191,-0.6215705967146201,-0.9274745739175644,-0.4408825446027242
20.0,140.0,1001.0548095703124,0.8244933528941873,0.1717593457825232,-2.376818172760207,-0.0231454654434754,0.5201670551719506,-0.5719345939555581,0.1201970601601191,-0.6215705967146201,-0.9274745739175644,-0.4408819244618827
20.0,140.0,1001.0548095703124,0.824493352894095,0.1717593457825232,-2.376818171543292,-0.0231457771051253,0.5201670551719506,-0.5719345939536021,0.1201970601601191,-0.6215705967146201,-0.9274745739175644,-0.4408823366282481
20.0,140.0,1001.0548095703124,0.8244933528941873,0.1717593457825232,-2.3768181699796305,-0.0231454747779048,0.5201670551719506,-0.5719345939555569,0.1201970601601191,-0.6215705967146201,-0.9274745739175644,-0.4408819244618827
20.0,140.0,1001.0548706054688,0.8244933528941873,0.1717593457825232,-2.376817746657266,-0.0231454746687996,0.5201670551719506,-0.571934593953459,0.1201970601601191,-0.6215705967146201,-0.9274745739175644,-0.4408819244618827
20.0,140.0,1001.0548706054688,0.8244933528941893,0.1717593457825232,-2.376817746657266,-0.0231454746687996,0.5201670551719506,-0.571934593953459,0.1201970601601191,-0.6215705967146201,-0.9274745739175644,-0.4408819244618827
20.0,140.0,1001.0548706054688,0.8244933528941893,0.1717593457825232,-2.376817746657266,-0.0231454746687996,0.5201670551719506,-0.571934593953459,0.1201970601601191,-0.6215705967146201,-0.9274745739175644,-0.4408819244618827
20.0,140.0,1001.0548706054688,0.8244933528941887,0.1717593457825232,-2.376817746657266,-0.0231454746687996,0.5201670551719506,-0.571934593953459,0.1201970601601191,-0.6215705967146201,-0.9274745739175644,-0.4408832385854809
20.0,140.0,1001.0548706054688,0.8244933528941893,0.1717593457825232,-2.376817691690382,-0.0231454746687996,0.5201670551719506,-0.5719345939533912,0.1201970601601191,-0.6215705967146201,-0.9274745739175644,-0.4408819244618827
20.0,140.0,1001.0548706054688,0.8244933528941887,0.1717593457825232,-2.376817746657266,-0.0231454746687996,0.5201670551719506,-0.5719345939534596,0.1201970601601191,-0.6215705967146201,-0.9274745739175644,-0.4408832346456616
20.0,140.0,1001.0548706054688,0.8244933528941882,0.1717593457825232,-2.376817746657266,-0.0231454140708753,0.5201670551719506,-0.5719345939535581,0.1201970601601191,-0.6215705967146201,-0.9274745739175644,-0.4408819244618827
20.0,140.0,1001.0548706054688,0.8244933528941873,0.1717593457825232,-2.376817710107828,-0.0231457769331339,0.5201670551719506,-0.5719345939535595,0.1201970601601191,-0.6215705967146201,-0.9274745739175644,-0.4408822329749803
20.0,140.0,1001.0548706054688,0.8244933528941873,0.1717593457825232,-2.3768177400857584,-0.023145473040345,0.5201670551719506,-0.5719345939556758,0.1201970601601191,-0.6215705967146201,-0.9274745739175644,-0.4408819244618827
20.0,140.0,1001.054931640625,0.8244933528941873,0.1717593457825232,-2.3768165232617338,-0.0231458143178547,0.5201670551719506,-0.5719345939535595,0.1201970601601191,-0.6215705967146201,-0.9274745739175644,-0.4408822329749803
20.0,140.0,1001.054931640625,0.8244933528941873,0.1717593457825232,-2.3768165232617338,-0.0231458143178547,0.5201670551719506,-0.5719345939535595,0.1201970601601191,-0.6215705967146201,-0.9274745739175644,-0.4408822329749803
20.0,140.0,1001.054931640625,0.8244933528941873,0.1717593457825232,-2.376816359901328,-0.02314581456395,0.5201670551719506,-0.5719345939535588,0.1201970601601191,-0.6215705967146201,-0.9274745739175644,-0.4408822285563774
20.0,140.0,1001.054931640625,0.8244933528941873,0.1717593457825232,-2.376816359901328,-0.02314581456395,0.5201670551719506,-0.5719345939535588,0.1201970601601191,-0.6215705967146201,-0.9274745739175644,-0.4408822285563774
20.0,141.0,1000.943359375,0.824493352894091,0.1717593457825232,-2.3768181699796305,-0.0231454770914799,0.5187680015684115,-0.571934593955573,0.1201970601601191,-0.6215705967146201,-0.9274745739175644,-0.4408819244618827
20.0,141.0,1000.9434204101562,0.8244933528940864,0.1717593457825232,-2.376818177267339,-0.0231454770914799,0.5187567277275951,-0.571934593955573,0.1201970601601191,-0.6215705967146201,-0.9274745739175644,-0.4408819244618827
20.0,141.0,1000.9442138671876,0.824493352894091,0.1717593457825232,-2.376818169968693,-0.0231454770914799,0.5186867739717168,-0.5719345939536602,0.1201970601601191,-0.6215705967146201,-0.9274745739175644,-0.4408822214521625
20.0,141.0,1001.0547485351562,0.8244933528940913,0.1717593457825232,-2.3768181714754446,-0.0231458145063627,0.5201670551719506,-0.5719345939554602,0.1201970601601191,-0.6215705967146201,-0.9274745739175644,-0.4408782706713101
20.0,141.0,1001.0547485351562,0.8244933528940905,0.1717593457825232,-2.3768181714754446,-0.0231454669599006,0.5201670551719506,-0.5719345939554635,0.1201970601601191,-0.6215705967146201,-0.9274745739175644,-0.4408785652182585
20.0,141.0,1001.0547485351562,0.8244933528940905,0.1717593457825232,-2.3768181714754446,-0.0231454669599006,0.5201670551719506,-0.5719345939554635,0.1201970601601191,-0.6215705967146201,-0.9274745739175644,-0.4408785652182585
20.0,141.0,1001.0547485351562,0.8244933528940946,0.1717593457825232,-2.3768181714754446,-0.0231454669599006,0.5201670551719506,-0.5719345939554635,0.1201970601601191,-0.6215705967146201,-0.9274745739175644,-0.4408785652182585
20.0,141.0,1001.0547485351562,0.8244933528941881,0.1717593457825232,-2.3768181699355417,-0.0231454668387587,0.5201670551719506,-0.5719345939554635,0.1201970601601191,-0.6215705967146201,-0.9274745739175644,-0.4408785652182585
20.0,141.0,1001.0547485351562,0.8244933528940913,0.1717593457825232,-2.3768181714754446,-0.0231457850782027,0.5201670551719506,-0.5719345939554602,0.1201970601601191,-0.6215705967146201,-0.9274745739175644,-0.4408782601003936
20.0,141.0,1001.0547485351562,0.8244933528941891,0.1717593457825232,-2.3768181714754446,-0.0231454669599006,0.5201670551719506,-0.5719345939554635,0.1201970601601191,-0.6215705967146201,-0.9274745739175644,-0.4408785924363455
20.0,141.0,1001.0548095703124,0.8244933528941873,0.1717593457825232,-2.3768181699796305,-0.0231454747779048,0.5201670551719506,-0.5719345939555569,0.1201970601601191,-0.6215705967146201,-0.9274745739175644,-0.4408819244618827
20.0,141.0,1001.0548095703124,0.8244933528941873,0.1717593457825232,-2.376818168940716,-0.0231457777297168,0.5201670551719506,-0.5719345939535595,0.1201970601601191,-0.6215705967146201,-0.9274745739175644,-0.4408822329749803
20.0,141.0,1001.0548095703124,0.8244933528941865,0.1717593457825232,-2.3768181699796305,-0.0231454665936842,0.5201670551719506,-0.571934593955573,0.1201970601601191,-0.6215705967146201,-0.9274745739175644,-0.4408819244618827
20.0,141.0,1001.0548095703124,0.8244933528941873,0.1717593457825232,-2.376817875547818,-0.0231458179148539,0.5201670551719506,-0.5719345939535513,0.1201970601601191,-0.6215705967146201,-0.9274745739175644,-0.4408819244618827
20.0,141.0,1001.0548095703124,0.8244933528941873,0.1717593457825232,-2.376817746657266,-0.0231458297574489,0.5201670551719506,-0.5719345939535581,0.1201970601601191,-0.6215705967146201,-0.9274745739175644,-0.4408819244618827
20.0,141.0,1001.0548095703124,0.8244933528941873,0.1717593457825232,-2.3768181699117834,-0.0231454747779048,0.5201670551719506,-0.5719345939535283,0.1201970601601191,-0.6215705967146201,-0.9274745739175644,-0.4408819244618827
20.0,141.0,1001.0548095703124,0.8244933528941845,0.1717593457825232,-2.3768181699796305,-0.0231454747779048,0.5201670551719506,-0.5719345939555569,0.1201970601601191,-0.6215705967146201,-0.9274745739175644,-0.4408816721379553
20.0,141.0,1001.0548095703124,0.8244933528941873,0.1717593457825232,-2.3768181699796305,-0.023145473040345,0.5201670551719506,-0.5719345939556079,0.1201970601601191,-0.6215705967146201,-0.9274745739175644,-0.4408819244618827
20.0,141.0,1001.0548095703124,0.8244933528940941,0.1717593457825232,-2.3768181714754446,-0.0231457768718273,0.5201670551719506,-0.5719345939535891,0.1201970601601191,-0.6215705967146201,-0.9274745739175644,-0.4408821605890464
20.0,141.0,1001.0548095703124,0.8244933528941845,0.1717593457825232,-2.3768181699796305,-0.0231454747779048,0.5201670551719506,-0.5719345939555569,0.1201970601601191,-0.6215705967146201,-0.9274745739175644,-0.4408816721379553
20.0,141.0,1001.0548095703124,0.8244933528941873,0.1717593457825232,-2.3768181699796305,-0.0231454651395578,0.5201670551719506,-0.5719345939555569,0.1201970601601191,-0.6215705967146201,-0.9274745739175644,-0.4408819244618827
20.0,141.0,1001.0548095703124,0.8244933528941935,0.1717593457825232,-2.376817748105313,-0.0231458297574489,0.5201670551719506,-0.5719345939535581,0.1201970601601191,-0.6215705967146201,-0.9274745739175644,-0.4408822867574747
20.0,141.0,1001.0548095703124,0.8244933528941873,0.1717593457825232,-2.3768181699796305,-0.023145473040345,0.5201670551719506,-0.5719345939556079,0.1201970601601191,-0.6215705967146201,-0.9274745739175644,-0.4408819244618827
20.0,141.0,1001.0548095703124,0.8244933528941873,0.1717593457825232,-2.376817680275302,-0.0231458299831782,0.5201670551719506,-0.5719345939535595,0.1201970601601191,-0.6215705967146201,-0.9274745739175644,-0.4408822329749803
20.0,141.0,1001.0548095703124,0.8244933528941873,0.1717593457825232,-2.376818224946516,-0.023145473040345,0.5201670551719506,-0.5719345939556758,0.1201970601601191,-0.6215705967146201,-0.9274745739175644,-0.4408819244618827
20.0,141.0,1001.0548095703124,0.8244933528941873,0.1717593457825232,-2.3768181699796305,-0.0231458536603601,0.5201670551719506,-0.5719345939555129,0.1201970601601191,-0.6215705967146201,-0.9274745739175644,-0.4408822141218358
20.0,141.0,1001.0548095703124,0.8244933528941873,0.1717593457825232,-2.376817875547818,-0.0231458179148539,0.5201670551719506,-0.5719345939535513,0.1201970601601191,-0.6215705967146201,-0.9274745739175644,-0.4408822284708462
20.0,141.0,1001.0548095703124,0.8244933528941873,0.1717593457825232,-2.376817875547818,-0.0231458179148539,0.5201670551719506,-0.5719345939535513,0.1201970601601191,-0.6215705967146201,-0.9274745739175644,-0.4408819244618827
20.0,141.0,1001.0548095703124,0.8244933528941873,0.1717593457825232,-2.3768181699796305,-0.0231454747779048,0.5201670551719506,-0.5719345939555569,0.1201970601601191,-0.6215705967146201,-0.9274745739175644,-0.4408819244618827
20.0,141.0,1001.0548095703124,0.8244933528941873,0.1717593457825232,-2.3768181699796305,-0.0231454651395578,0.5201670551719506,-0.5719345939555569,0.1201970601601191,-0.6215705967146201,-0.9274745739175644,-0.4408819244618827
20.0,141.0,1001.0548095703124,0.8244933528941873,0.1717593457825232,-2.376818192259101,-0.0231454747201477,0.5201670551719506,-0.5719345939535595,0.1201970601601191,-0.6215705967146201,-0.9274745739175644,-0.4408822113617003
20.0,141.0,1001.0548095703124,0.824493352894095,0.1717593457825232,-2.376818171543292,-0.0231457771051253,0.5201670551719506,-0.5719345939536021,0.1201970601601191,-0.6215705967146201,-0.9274745739175644,-0.4408823366282481
20.0,141.0,1001.0548095703124,0.8244933528941873,0.1717593457825232,-2.3768181715477343,-0.0231454651395578,0.5201670551719506,-0.5719345939554157,0.1201970601601191,-0.6215705967146201,-0.9274745739175644,-0.4408819244618827
20.0,141.0,1001.0548095703124,0.8244933528941873,0.1717593457825232,-2.3768181699117834,-0.0231454756131131,0.5201670551719506,-0.5719345939535283,0.1201970601601191,-0.6215705967146201,-0.9274745739175644,-0.4408819244618827
20.0,141.0,1001.0548095703124,0.8244933528940902,0.1717593457825232,-2.376817748105313,-0.0231458297574489,0.5201670551719506,-0.5719345939535581,0.1201970601601191,-0.6215705967146201,-0.9274745739175644,-0.440878307373009
20.0,141.0,1001.0548095703124,0.8244933528941873,0.1717593457825232,-2.3768178690828226,-0.0231454481590792,0.5201670551719506,-0.5719345939535513,0.1201970601601191,-0.6215705967146201,-0.9274745739175644,-0.4408819244618827
20.0,141.0,1001.0548095703124,0.8244933528940906,0.1717593457825232,-2.3768181699796305,-0.0231454665936842,0.5201670551719506,-0.571934593955573,0.1201970601601191,-0.6215705967146201,-0.9274745739175644,-0.4408819244618827
20.0,141.0,1001.0548095703124,0.8244933528941873,0.1717593457825232,-2.3768181695156434,-0.0231454747808739,0.5201670551719506,-0.571934593953459,0.1201970601601191,-0.6215705967146201,-0.9274745739175644,-0.4408819244618827
20.0,141.0,1001.0548095703124,0.8244933528941939,0.1717593457825232,-2.3768181714754446,-0.0231454669599006,0.5201670551719506,-0.5719345939554635,0.1201970601601191,-0.6215705967146201,-0.9274745739175644,-0.4408825446027242
20.0,141.0,1001.0548095703124,0.8244933528941873,0.1717593457825232,-2.376818172760207,-0.0231454654434754,0.5201670551719506,-0.5719345939555581,0.1201970601601191,-0.6215705967146201,-0.9274745739175644,-0.4408819244618827
20.0,141.0,1001.0548095703124,0.824493352894095,0.1717593457825232,-2.376818171543292,-0.0231457771051253,0.5201670551719506,-0.5719345939536021,0.1201970601601191,-0.6215705967146201,-0.9274745739175644,-0.4408823366282481
20.0,141.0,1001.0548095703124,0.8244933528941873,0.1717593457825232,-2.3768181699796305,-0.0231454747779048,0.5201670551719506,-0.5719345939555569,0.1201970601601191,-0.6215705967146201,-0.9274745739175644,-0.4408819244618827
20.0,141.0,1001.0548095703124,0.824493352894095,0.1717593457825232,-2.376818171543292,-0.0231457771051253,0.5201670551719506,-0.5719345939536021,0.1201970601601191,-0.6215705967146201,-0.9274745739175644,-0.4408823366282481
20.0,141.0,1001.0548095703124,0.8244933528941873,0.1717593457825232,-2.3768181699796305,-0.0231458536603601,0.5201670551719506,-0.5719345939555129,0.1201970601601191,-0.6215705967146201,-0.9274745739175644,-0.4408822141218358
20.0,141.0,1001.0548095703124,0.8244933528941873,0.1717593457825232,-2.3768178844101167,-0.0231458152111575,0.5201670551719506,-0.5719345939535526,0.1201970601601191,-0.6215705967146201,-0.9274745739175644,-0.4408819244618827
20.0,141.0,1001.0548095703124,0.8244933528941011,0.1717593457825232,-2.3768181727677424,-0.0231457678158592,0.5201670551719506,-0.5719345939555581,0.1201970601601191,-0.6215705967146201,-0.9274745739175644,-0.4408819244618827
20.0,141.0,1001.0548095703124,0.8244933528941935,0.1717593457825232,-2.376817748105313,-0.0231458179114434,0.5201670551719506,-0.5719345939534612,0.1201970601601191,-0.6215705967146201,-0.9274745739175644,-0.4408822867574747
20.0,141.0,1001.0548095703124,0.8244933528941873,0.1717593457825232,-2.3768181936746293,-0.0231454695307865,0.5201670551719506,-0.5719345939554157,0.1201970601601191,-0.6215705967146201,-0.9274745739175644,-0.4408819244618827
20.0,141.0,1001.0548095703124,0.8244933528941865,0.1717593457825232,-2.376818170771614,-0.0231454665936842,0.5201670551719506,-0.571934593955573,0.1201970601601191,-0.6215705967146201,-0.9274745739175644,-0.4408819244618827
20.0,141.0,1001.0548095703124,0.8244933528940912,0.1717593457825232,-2.376817742491624,-0.0231458297574489,0.5201670551719506,-0.5719345939535581,0.1201970601601191,-0.6215705967146201,-0.9274745739175644,-0.4408813021170511
20.0,142.0,1000.9432373046876,0.824493352894084,0.1717593457825232,-2.3768181931737407,-0.0231454770914799,0.5188578186747616,-0.571934593955575,0.1201970601601191,-0.6215705967146201,-0.9274745739175644,-0.4408822121816843
20.0,142.0,1000.943359375,0.824493352894091,0.1717593457825232,-2.3768181699796305,-0.0231454770914799,0.5187680015684115,-0.571934593955573,0.1201970601601191,-0.6215705967146201,-0.9274745739175644,-0.4408819244618827
20.0,142.0,1000.943359375,0.824493352894091,0.1717593457825232,-2.3768181699796305,-0.023145477285974,0.5187680015684115,-0.571934593955573,0.1201970601601191,-0.6215705967146201,-0.9274745739175644,-0.4408819244618827
20.0,142.0,1000.9434204101562,0.8244933528940864,0.1717593457825232,-2.376818177267339,-0.0231454770914799,0.5187567277275951,-0.571934593955573,0.1201970601601191,-0.6215705967146201,-0.9274745739175644,-0.4408819244618827
20.0,142.0,1000.9440307617188,0.8244933528941925,0.1717593457825232,-2.376818169979489,-0.0231454747930783,0.5187022837372024,-0.5719345939536602,0.1201970601601191,-0.6215705967146201,-0.9274745739175644,-0.4408822214521625
20.0,142.0,1000.9442138671876,0.824493352894091,0.1717593457825232,-2.376818169968693,-0.0231454770914799,0.5186867739717168,-0.5719345939536602,0.1201970601601191,-0.6215705967146201,-0.9274745739175644,-0.4408822214521625
20.0,142.0,1001.0523071289062,0.824493352894083,0.1717593457825232,-2.3768181699688338,-0.0231454770763065,0.5201515454064651,-0.5719345939555569,0.1201970601601191,-0.6215705967146201,-0.9274745739175644,-0.4408816721379553
20.0,142.0,1001.0547485351562,0.8244933528940913,0.1717593457825232,-2.3768181714754446,-0.0231458145063627,0.5201670551719506,-0.5719345939554602,0.1201970601601191,-0.6215705967146201,-0.9274745739175644,-0.4408782706713101
20.0,142.0,1001.0547485351562,0.8244933528940905,0.1717593457825232,-2.3768181714754446,-0.0231454669599006,0.5201670551719506,-0.5719345939554635,0.1201970601601191,-0.6215705967146201,-0.9274745739175644,-0.4408785652182585
20.0,142.0,1001.0547485351562,0.8244933528940905,0.1717593457825232,-2.3768181714754446,-0.0231454669599006,0.5201670551719506,-0.5719345939554635,0.1201970601601191,-0.6215705967146201,-0.9274745739175644,-0.4408785652182585
20.0,142.0,1001.0547485351562,0.8244933528940946,0.1717593457825232,-2.3768181714754446,-0.0231454669599006,0.5201670551719506,-0.5719345939554635,0.1201970601601191,-0.6215705967146201,-0.9274745739175644,-0.4408785652182585
20.0,142.0,1001.0547485351562,0.8244933528941881,0.1717593457825232,-2.3768181699355417,-0.0231454668387587,0.5201670551719506,-0.5719345939554635,0.1201970601601191,-0.6215705967146201,-0.9274745739175644,-0.4408785652182585
20.0,142.0,1001.0547485351562,0.8244933528940913,0.1717593457825232,-2.3768181714754446,-0.0231457850782027,0.5201670551719506,-0.5719345939554602,0.1201970601601191,-0.6215705967146201,-0.9274745739175644,-0.4408782601003936
20.0,142.0,1001.0547485351562,0.8244933528941891,0.1717593457825232,-2.3768181714754446,-0.0231454669599006,0.5201670551719506,-0.5719345939554635,0.1201970601601191,-0.6215705967146201,-0.9274745739175644,-0.4408785924363455
20.0,142.0,1001.0547485351562,0.8244933528941891,0.1717593457825232,-2.3768181624894567,-0.0231458173071419,0.5201670551719506,-0.5719345939554635,0.1201970601601191,-0.6215705967146201,-0.9274745739175644,-0.4408785924363455
20.0,142.0,1001.0547485351562,0.8244933528940913,0.1717593457825232,-2.3768181714754446,-0.0231458145063627,0.5201670551719506,-0.5719345939554602,0.1201970601601191,-0.6215705967146201,-0.9274745739175644,-0.4408782599176031
20.0,142.0,1001.0547485351562,0.8244933528941891,0.1717593457825232,-2.3768181714754446,-0.0231454669589716,0.5201670551719506,-0.5719345939554635,0.1201970601601191,-0.6215705967146201,-0.9274745739175644,-0.4408785939656009
20.0,142.0,1001.0547485351562,0.8244933528941873,0.1717593457825232,-2.376818171423266,-0.0231454652598426,0.5201670551719506,-0.5719345939555569,0.1201970601601191,-0.6215705967146201,-0.9274745739175644,-0.4408785708397534
20.0,142.0,1001.0548095703124,0.8244933528941873,0.1717593457825232,-2.3768181699796305,-0.0231454747779048,0.5201670551719506,-0.5719345939555569,0.1201970601601191,-0.6215705967146201,-0.9274745739175644,-0.4408819244618827
20.0,142.0,1001.0548095703124,0.8244933528941873,0.1717593457825232,-2.376818168940716,-0.0231457777297168,0.5201670551719506,-0.5719345939535595,0.1201970601601191,-0.6215705967146201,-0.9274745739175644,-0.4408822329749803
20.0,142.0,1001.0548095703124,0.8244933528941865,0.1717593457825232,-2.3768181699796305,-0.0231454665936842,0.5201670551719506,-0.571934593955573,0.1201970601601191,-0.6215705967146201,-0.9274745739175644,-0.4408819244618827
20.0,142.0,1001.0548095703124,0.8244933528941873,0.1717593457825232,-2.376817875547818,-0.0231458179148539,0.5201670551719506,-0.5719345939535513,0.1201970601601191,-0.6215705967146201,-0.9274745739175644,-0.4408819244618827
20.0,142.0,1001.0548095703124,0.8244933528941873,0.1717593457825232,-2.376817746657266,-0.0231458297574489,0.5201670551719506,-0.5719345939535581,0.1201970601601191,-0.6215705967146201,-0.9274745739175644,-0.4408819244618827
20.0,142.0,1001.0548095703124,0.8244933528941873,0.1717593457825232,-2.3768181699117834,-0.0231454747779048,0.5201670551719506,-0.5719345939535283,0.1201970601601191,-0.6215705967146201,-0.9274745739175644,-0.4408819244618827
20.0,142.0,1001.0548095703124,0.8244933528941845,0.1717593457825232,-2.3768181699796305,-0.0231454747779048,0.5201670551719506,-0.5719345939555569,0.1201970601601191,-0.6215705967146201,-0.9274745739175644,-0.4408816721379553
20.0,142.0,1001.0548095703124,0.8244933528941873,0.1717593457825232,-2.3768181699796305,-0.023145473040345,0.5201670551719506,-0.5719345939556079,0.1201970601601191,-0.6215705967146201,-0.9274745739175644,-0.4408819244618827
20.0,142.0,1001.0548095703124,0.8244933528940941,0.1717593457825232,-2.3768181714754446,-0.0231457768718273,0.5201670551719506,-0.5719345939535891,0.1201970601601191,-0.6215705967146201,-0.9274745739175644,-0.4408821605890464
20.0,142.0,1001.0548095703124,0.8244933528941845,0.1717593457825232,-2.3768181699796305,-0.0231454747779048,0.5201670551719506,-0.5719345939555569,0.1201970601601191,-0.6215705967146201,-0.9274745739175644,-0.4408816721379553
20.0,142.0,1001.0548095703124,0.8244933528941873,0.1717593457825232,-2.3768181699796305,-0.0231454651395578,0.5201670551719506,-0.5719345939555569,0.1201970601601191,-0.6215705967146201,-0.9274745739175644,-0.4408819244618827
20.0,142.0,1001.0548095703124,0.8244933528941935,0.1717593457825232,-2.376817748105313,-0.0231458297574489,0.5201670551719506,-0.5719345939535581,0.1201970601601191,-0.6215705967146201,-0.9274745739175644,-0.4408822867574747
20.0,142.0,1001.0548095703124,0.8244933528941873,0.1717593457825232,-2.3768181699796305,-0.023145473040345,0.5201670551719506,-0.5719345939556079,0.1201970601601191,-0.6215705967146201,-0.9274745739175644,-0.4408819244618827
20.0,142.0,1001.0548095703124,0.8244933528941873,0.1717593457825232,-2.376817680275302,-0.0231458299831782,0.5201670551719506,-0.5719345939535595,0.1201970601601191,-0.6215705967146201,-0.9274745739175644,-0.4408822329749803
20.0,142.0,1001.0548095703124,0.8244933528941873,0.1717593457825232,-2.376818224946516,-0.023145473040345,0.5201670551719506,-0.5719345939556758,0.1201970601601191,-0.6215705967146201,-0.9274745739175644,-0.4408819244618827
20.0,142.0,1001.0548095703124,0.8244933528941873,0.1717593457825232,-2.3768181699796305,-0.0231458536603601,0.5201670551719506,-0.5719345939555129,0.1201970601601191,-0.6215705967146201,-0.9274745739175644,-0.4408822141218358
20.0,142.0,1001.0548095703124,0.8244933528941873,0.1717593457825232,-2.376817875547818,-0.0231458179148539,0.5201670551719506,-0.5719345939535513,0.1201970601601191,-0.6215705967146201,-0.9274745739175644,-0.4408822284708462
20.0,142.0,1001.0548095703124,0.8244933528941873,0.1717593457825232,-2.376817875547818,-0.0231458179148539,0.5201670551719506,-0.5719345939535513,0.1201970601601191,-0.6215705967146201,-0.9274745739175644,-0.4408819244618827
20.0,142.0,1001.0548095703124,0.8244933528941873,0.1717593457825232,-2.3768181699796305,-0.0231454747779048,0.5201670551719506,-0.5719345939555569,0.1201970601601191,-0.6215705967146201,-0.9274745739175644,-0.4408819244618827
20.0,142.0,1001.0548095703124,0.8244933528941873,0.1717593457825232,-2.3768181699796305,-0.0231454651395578,0.5201670551719506,-0.5719345939555569,0.1201970601601191,-0.6215705967146201,-0.9274745739175644,-0.4408819244618827
20.0,142.0,1001.0548095703124,0.8244933528941873,0.1717593457825232,-2.376818192259101,-0.0231454747201477,0.5201670551719506,-0.5719345939535595,0.1201970601601191,-0.6215705967146201,-0.9274745739175644,-0.4408822113617003
20.0,142.0,1001.0548095703124,0.824493352894095,0.1717593457825232,-2.376818171543292,-0.0231457771051253,0.5201670551719506,-0.5719345939536021,0.1201970601601191,-0.6215705967146201,-0.9274745739175644,-0.4408823366282481
20.0,142.0,1001.0548095703124,0.8244933528941873,0.1717593457825232,-2.3768181715477343,-0.0231454651395578,0.5201670551719506,-0.5719345939554157,0.1201970601601191,-0.6215705967146201,-0.9274745739175644,-0.4408819244618827
20.0,142.0,1001.0548095703124,0.8244933528941873,0.1717593457825232,-2.3768181699117834,-0.0231454756131131,0.5201670551719506,-0.5719345939535283,0.1201970601601191,-0.6215705967146201,-0.9274745739175644,-0.4408819244618827
20.0,142.0,1001.0548095703124,0.8244933528940902,0.1717593457825232,-2.376817748105313,-0.0231458297574489,0.5201670551719506,-0.5719345939535581,0.1201970601601191,-0.6215705967146201,-0.9274745739175644,-0.440878307373009
20.0,142.0,1001.0548095703124,0.8244933528941873,0.1717593457825232,-2.3768178690828226,-0.0231454481590792,0.5201670551719506,-0.5719345939535513,0.1201970601601191,-0.6215705967146201,-0.9274745739175644,-0.4408819244618827
20.0,142.0,1001.0548095703124,0.8244933528940906,0.1717593457825232,-2.3768181699796305,-0.0231454665936842,0.5201670551719506,-0.571934593955573,0.1201970601601191,-0.6215705967146201,-0.9274745739175644,-0.4408819244618827
20.0,142.0,1001.0548095703124,0.8244933528941873,0.1717593457825232,-2.3768181695156434,-0.0231454747808739,0.5201670551719506,-0.571934593953459,0.1201970601601191,-0.6215705967146201,-0.9274745739175644,-0.4408819244618827
20.0,142.0,1001.0548095703124,0.8244933528941939,0.1717593457825232,-2.3768181714754446,-0.0231454669599006,0.5201670551719506,-0.5719345939554635,0.1201970601601191,-0.6215705967146201,-0.9274745739175644,-0.4408825446027242
20.0,142.0,1001.0548095703124,0.8244933528941873,0.1717593457825232,-2.376818172760207,-0.0231454654434754,0.5201670551719506,-0.5719345939555581,0.1201970601601191,-0.6215705967146201,-0.9274745739175644,-0.4408819244618827
20.0,142.0,1001.0548095703124,0.824493352894095,0.1717593457825232,-2.376818171543292,-0.0231457771051253,0.5201670551719506,-0.5719345939536021,0.1201970601601191,-0.6215705967146201,-0.9274745739175644,-0.4408823366282481
20.0,142.0,1001.0548095703124,0.8244933528941873,0.1717593457825232,-2.3768181699796305,-0.0231454747779048,0.5201670551719506,-0.5719345939555569,0.1201970601601191,-0.6215705967146201,-0.9274745739175644,-0.4408819244618827
20.0,143.0,1000.9432373046876,0.824493352894084,0.1717593457825232,-2.3768181931737407,-0.0231454770914799,0.5188578186747616,-0.571934593955575,0.1201970601601191,-0.6215705967146201,-0.9274745739175644,-0.4408822121816843
20.0,143.0,1000.9432373046876,0.824493352894084,0.1717593457825232,-2.3768181931737407,-0.0231454770914799,0.5188578186747616,-0.571934593955575,0.1201970601601191,-0.6215705967146201,-0.9274745739175644,-0.4408822121816843
20.0,143.0,1000.943359375,0.824493352894091,0.1717593457825232,-2.3768181699796305,-0.0231454770914799,0.5187680015684115,-0.571934593955573,0.1201970601601191,-0.6215705967146201,-0.9274745739175644,-0.4408819244618827
20.0,143.0,1000.943359375,0.824493352894091,0.1717593457825232,-2.3768181699796305,-0.023145477285974,0.5187680015684115,-0.571934593955573,0.1201970601601191,-0.6215705967146201,-0.9274745739175644,-0.4408819244618827
20.0,143.0,1000.943359375,0.824493352894091,0.1717593457825232,-2.3768181699796305,-0.0231454770914799,0.5187680015684115,-0.571934593955573,0.1201970601601191,-0.6215705967146201,-0.9274745739175644,-0.4408819244618827
20.0,143.0,1000.9434204101562,0.8244933528940864,0.1717593457825232,-2.376818177267339,-0.0231454770914799,0.5187567277275951,-0.571934593955573,0.1201970601601191,-0.6215705967146201,-0.9274745739175644,-0.4408819244618827
20.0,143.0,1000.9440307617188,0.8244933528941925,0.1717593457825232,-2.376818169979489,-0.0231454747930783,0.5187022837372024,-0.5719345939536602,0.1201970601601191,-0.6215705967146201,-0.9274745739175644,-0.4408822214521625
20.0,143.0,1000.9442138671876,0.824493352894091,0.1717593457825232,-2.376818169968693,-0.0231454770914799,0.5186867739717168,-0.5719345939536602,0.1201970601601191,-0.6215705967146201,-0.9274745739175644,-0.4408822214521625
20.0,143.0,1000.945556640625,0.8244933528940914,0.1717593457825232,-2.376818171751011,-0.0231454745453852,0.5186381718368389,-0.571934593953747,0.1201970601601191,-0.6215705967146201,-0.9274745739175644,-0.4408785374102661
20.0,143.0,1001.05224609375,0.824493352894083,0.1717593457825232,-2.3768181699688338,-0.0231454772352914,0.5201513439118803,-0.5719345939555569,0.1201970601601191,-0.6215705967146201,-0.9274745739175644,-0.4408819262971473
20.0,143.0,1001.0523071289062,0.824493352894083,0.1717593457825232,-2.3768181699688338,-0.0231454770763065,0.5201515454064651,-0.5719345939555569,0.1201970601601191,-0.6215705967146201,-0.9274745739175644,-0.4408816721379553
20.0,143.0,1001.0529174804688,0.8244933528940913,0.1717593457825232,-2.3768181714754446,-0.0231458145063627,0.5201558051762865,-0.5719345939554602,0.1201970601601191,-0.6215705967146201,-0.9274745739175644,-0.440878322273373
20.0,143.0,1001.0547485351562,0.8244933528940913,0.1717593457825232,-2.3768181714754446,-0.0231458145063627,0.5201670551719506,-0.5719345939554602,0.1201970601601191,-0.6215705967146201,-0.9274745739175644,-0.4408782706713101
20.0,143.0,1001.0547485351562,0.8244933528940905,0.1717593457825232,-2.3768181714754446,-0.0231454669599006,0.5201670551719506,-0.5719345939554635,0.1201970601601191,-0.6215705967146201,-0.9274745739175644,-0.4408785652182585
20.0,143.0,1001.0547485351562,0.8244933528940905,0.1717593457825232,-2.3768181714754446,-0.0231454669599006,0.5201670551719506,-0.5719345939554635,0.1201970601601191,-0.6215705967146201,-0.9274745739175644,-0.4408785652182585
20.0,143.0,1001.0547485351562,0.8244933528940946,0.1717593457825232,-2.3768181714754446,-0.0231454669599006,0.5201670551719506,-0.5719345939554635,0.1201970601601191,-0.6215705967146201,-0.9274745739175644,-0.4408785652182585
20.0,143.0,1001.0547485351562,0.8244933528941881,0.1717593457825232,-2.3768181699355417,-0.0231454668387587,0.5201670551719506,-0.5719345939554635,0.1201970601601191,-0.6215705967146201,-0.9274745739175644,-0.4408785652182585
20.0,143.0,1001.0547485351562,0.8244933528940913,0.1717593457825232,-2.3768181714754446,-0.0231457850782027,0.5201670551719506,-0.5719345939554602,0.1201970601601191,-0.6215705967146201,-0.9274745739175644,-0.4408782601003936
20.0,143.0,1001.0547485351562,0.8244933528941891,0.1717593457825232,-2.3768181714754446,-0.0231454669599006,0.5201670551719506,-0.5719345939554635,0.1201970601601191,-0.6215705967146201,-0.9274745739175644,-0.4408785924363455
20.0,143.0,1001.0547485351562,0.8244933528941891,0.1717593457825232,-2.3768181624894567,-0.0231458173071419,0.5201670551719506,-0.5719345939554635,0.1201970601601191,-0.6215705967146201,-0.9274745739175644,-0.4408785924363455
20.0,143.0,1001.0547485351562,0.8244933528940913,0.1717593457825232,-2.3768181714754446,-0.0231458145063627,0.5201670551719506,-0.5719345939554602,0.1201970601601191,-0.6215705967146201,-0.9274745739175644,-0.4408782599176031
20.0,143.0,1001.0547485351562,0.8244933528941891,0.1717593457825232,-2.3768181714754446,-0.0231454669589716,0.5201670551719506,-0.5719345939554635,0.1201970601601191,-0.6215705967146201,-0.9274745739175644,-0.4408785939656009
20.0,143.0,1001.0547485351562,0.8244933528941873,0.1717593457825232,-2.376818171423266,-0.0231454652598426,0.5201670551719506,-0.5719345939555569,0.1201970601601191,-0.6215705967146201,-0.9274745739175644,-0.4408785708397534
20.0,143.0,1001.0547485351562,0.8244933528940913,0.1717593457825232,-2.3768181714754446,-0.0231458145063627,0.5201670551719506,-0.5719345939554602,0.1201970601601191,-0.6215705967146201,-0.9274745739175644,-0.4408782706713101
20.0,143.0,1001.0547485351562,0.8244933528940905,0.1717593457825232,-2.3768181714754446,-0.0231454669599006,0.5201670551719506,-0.5719345939554635,0.1201970601601191,-0.6215705967146201,-0.9274745739175644,-0.4408785652182585
20.0,143.0,1001.0547485351562,0.8244933528941873,0.1717593457825232,-2.376818170012715,-0.0231454669486155,0.5201670551719506,-0.5719345939555569,0.1201970601601191,-0.6215705967146201,-0.9274745739175644,-0.4408785973625628
20.0,143.0,1001.0547485351562,0.8244933528941961,0.1717593457825232,-2.376818169968771,-0.0231454747383013,0.5201663968739298,-0.5719345939555569,0.1201970601601191,-0.6215705967146201,-0.9274745739175644,-0.4408819244618827
20.0,143.0,1001.0547485351562,0.8244933528941891,0.1717593457825232,-2.3768181714754446,-0.0231454594806948,0.5201670551719506,-0.5719345939554635,0.1201970601601191,-0.6215705967146201,-0.9274745739175644,-0.4408785854763623
20.0,143.0,1001.0547485351562,0.8244933528940912,0.1717593457825232,-2.3768181714754446,-0.0231454668716162,0.5201670551719506,-0.5719345939554635,0.1201970601601191,-0.6215705967146201,-0.9274745739175644,-0.4408785708584993
20.0,143.0,1001.0547485351562,0.8244933528941873,0.1717593457825232,-2.376818162848975,-0.0231454654434754,0.5201670551719506,-0.5719345939555581,0.1201970601601191,-0.6215705967146201,-0.9274745739175644,-0.4408785239490381
20.0,143.0,1001.0548095703124,0.8244933528941873,0.1717593457825232,-2.3768181699796305,-0.0231454747779048,0.5201670551719506,-0.5719345939555569,0.1201970601601191,-0.6215705967146201,-0.9274745739175644,-0.4408819244618827
20.0,143.0,1001.0548095703124,0.8244933528941873,0.1717593457825232,-2.376818168940716,-0.0231457777297168,0.5201670551719506,-0.5719345939535595,0.1201970601601191,-0.6215705967146201,-0.9274745739175644,-0.4408822329749803
20.0,143.0,1001.0548095703124,0.8244933528941865,0.1717593457825232,-2.3768181699796305,-0.0231454665936842,0.5201670551719506,-0.571934593955573,0.1201970601601191,-0.6215705967146201,-0.9274745739175644,-0.4408819244618827
20.0,143.0,1001.0548095703124,0.8244933528941873,0.1717593457825232,-2.376817875547818,-0.0231458179148539,0.5201670551719506,-0.5719345939535513,0.1201970601601191,-0.6215705967146201,-0.9274745739175644,-0.4408819244618827
20.0,143.0,1001.0548095703124,0.8244933528941873,0.1717593457825232,-2.376817746657266,-0.0231458297574489,0.5201670551719506,-0.5719345939535581,0.1201970601601191,-0.6215705967146201,-0.9274745739175644,-0.4408819244618827
20.0,143.0,1001.0548095703124,0.8244933528941873,0.1717593457825232,-2.3768181699117834,-0.0231454747779048,0.5201670551719506,-0.5719345939535283,0.1201970601601191,-0.6215705967146201,-0.9274745739175644,-0.4408819244618827
20.0,143.0,1001.0548095703124,0.8244933528941845,0.1717593457825232,-2.3768181699796305,-0.0231454747779048,0.5201670551719506,-0.5719345939555569,0.1201970601601191,-0.6215705967146201,-0.9274745739175644,-0.4408816721379553
20.0,143.0,1001.0548095703124,0.8244933528941873,0.1717593457825232,-2.3768181699796305,-0.023145473040345,0.5201670551719506,-0.5719345939556079,0.1201970601601191,-0.6215705967146201,-0.9274745739175644,-0.4408819244618827
20.0,143.0,1001.0548095703124,0.8244933528940941,0.1717593457825232,-2.3768181714754446,-0.0231457768718273,0.5201670551719506,-0.5719345939535891,0.1201970601601191,-0.6215705967146201,-0.9274745739175644,-0.4408821605890464
20.0,143.0,1001.0548095703124,0.8244933528941845,0.1717593457825232,-2.3768181699796305,-0.0231454747779048,0.5201670551719506,-0.5719345939555569,0.1201970601601191,-0.6215705967146201,-0.9274745739175644,-0.4408816721379553
20.0,143.0,1001.0548095703124,0.8244933528941873,0.1717593457825232,-2.3768181699796305,-0.0231454651395578,0.5201670551719506,-0.5719345939555569,0.1201970601601191,-0.6215705967146201,-0.9274745739175644,-0.4408819244618827
20.0,143.0,1001.0548095703124,0.8244933528941935,0.1717593457825232,-2.376817748105313,-0.0231458297574489,0.5201670551719506,-0.5719345939535581,0.1201970601601191,-0.6215705967146201,-0.9274745739175644,-0.4408822867574747
20.0,143.0,1001.0548095703124,0.8244933528941873,0.1717593457825232,-2.3768181699796305,-0.023145473040345,0.5201670551719506,-0.5719345939556079,0.1201970601601191,-0.6215705967146201,-0.9274745739175644,-0.4408819244618827
20.0,143.0,1001.0548095703124,0.8244933528941873,0.1717593457825232,-2.376817680275302,-0.0231458299831782,0.5201670551719506,-0.5719345939535595,0.1201970601601191,-0.6215705967146201,-0.9274745739175644,-0.4408822329749803
20.0,143.0,1001.0548095703124,0.8244933528941873,0.1717593457825232,-2.376818224946516,-0.023145473040345,0.5201670551719506,-0.5719345939556758,0.1201970601601191,-0.6215705967146201,-0.9274745739175644,-0.4408819244618827
20.0,143.0,1001.0548095703124,0.8244933528941873,0.1717593457825232,-2.3768181699796305,-0.0231458536603601,0.5201670551719506,-0.5719345939555129,0.1201970601601191,-0.6215705967146201,-0.9274745739175644,-0.4408822141218358
20.0,143.0,1001.0548095703124,0.8244933528941873,0.1717593457825232,-2.376817875547818,-0.0231458179148539,0.5201670551719506,-0.5719345939535513,0.1201970601601191,-0.6215705967146201,-0.9274745739175644,-0.4408822284708462
20.0,143.0,1001.0548095703124,0.8244933528941873,0.1717593457825232,-2.376817875547818,-0.0231458179148539,0.5201670551719506,-0.5719345939535513,0.1201970601601191,-0.6215705967146201,-0.9274745739175644,-0.4408819244618827
20.0,143.0,1001.0548095703124,0.8244933528941873,0.1717593457825232,-2.3768181699796305,-0.0231454747779048,0.5201670551719506,-0.5719345939555569,0.1201970601601191,-0.6215705967146201,-0.9274745739175644,-0.4408819244618827
20.0,143.0,1001.0548095703124,0.8244933528941873,0.1717593457825232,-2.3768181699796305,-0.0231454651395578,0.5201670551719506,-0.5719345939555569,0.1201970601601191,-0.6215705967146201,-0.9274745739175644,-0.4408819244618827
20.0,144.0,1000.9432373046876,0.824493352894084,0.1717593457825232,-2.3768181931737407,-0.0231454770914799,0.5188578186747616,-0.571934593955575,0.1201970601601191,-0.6215705967146201,-0.9274745739175644,-0.4408822121816843
20.0,144.0,1000.9432373046876,0.824493352894084,0.1717593457825232,-2.3768181931737407,-0.0231454770914799,0.5188578186747616,-0.571934593955575,0.1201970601601191,-0.6215705967146201,-0.9274745739175644,-0.4408822121816843
20.0,144.0,1000.9432373046876,0.8244933528941846,0.1717593457825232,-2.3768181931737407,-0.0231454773413916,0.5188578186747616,-0.571934593955575,0.1201970601601191,-0.6215705967146201,-0.9274745739175644,-0.4408822121816843
20.0,144.0,1000.943359375,0.824493352894091,0.1717593457825232,-2.3768181699796305,-0.0231454770914799,0.5187680015684115,-0.571934593955573,0.1201970601601191,-0.6215705967146201,-0.9274745739175644,-0.4408819244618827
20.0,144.0,1000.943359375,0.824493352894091,0.1717593457825232,-2.3768181699796305,-0.023145477285974,0.5187680015684115,-0.571934593955573,0.1201970601601191,-0.6215705967146201,-0.9274745739175644,-0.4408819244618827
20.0,144.0,1000.943359375,0.824493352894091,0.1717593457825232,-2.3768181699796305,-0.0231454770914799,0.5187680015684115,-0.571934593955573,0.1201970601601191,-0.6215705967146201,-0.9274745739175644,-0.4408819244618827
20.0,144.0,1000.943359375,0.824493352894091,0.1717593457825232,-2.3768181699796305,-0.0231454770914799,0.5187680015684115,-0.571934593955573,0.1201970601601191,-0.6215705967146201,-0.9274745739175644,-0.4408819244618827
20.0,144.0,1000.943359375,0.824493352894091,0.1717593457825232,-2.376818169968944,-0.023145477285974,0.5187697823939318,-0.571934593955573,0.1201970601601191,-0.6215705967146201,-0.9274745739175644,-0.4408819244618827
20.0,144.0,1000.9434204101562,0.8244933528940864,0.1717593457825232,-2.376818177267339,-0.0231454770914799,0.5187567277275951,-0.571934593955573,0.1201970601601191,-0.6215705967146201,-0.9274745739175644,-0.4408819244618827
20.0,144.0,1000.9435424804688,0.8244933528940827,0.1717593457825232,-2.376818169979489,-0.0231454747930783,0.5187422084138278,-0.5719345939536602,0.1201970601601191,-0.6215705967146201,-0.9274745739175644,-0.440882225631679
20.0,144.0,1000.9435424804688,0.8244933528940946,0.1717593457825232,-2.3768181714754446,-0.0231454773873862,0.5187947450024957,-0.5719345939554635,0.1201970601601191,-0.6215705967146201,-0.9274745739175644,-0.4408786116215428
20.0,144.0,1000.943603515625,0.824493352894091,0.1717593457825232,-2.376818169746344,-0.023145466991298,0.5187680015684115,-0.571934593955573,0.1201970601601191,-0.6215705967146201,-0.9274745739175644,-0.4408785931728716
20.0,144.0,1000.9440307617188,0.8244933528941925,0.1717593457825232,-2.376818169979489,-0.0231454747930783,0.5187022837372024,-0.5719345939536602,0.1201970601601191,-0.6215705967146201,-0.9274745739175644,-0.4408822214521625
20.0,144.0,1000.9442138671876,0.824493352894091,0.1717593457825232,-2.376818169968693,-0.0231454770914799,0.5186867739717168,-0.5719345939536602,0.1201970601601191,-0.6215705967146201,-0.9274745739175644,-0.4408822214521625
20.0,144.0,1000.94482421875,0.8244933528941873,0.1717593457825232,-2.376818171628132,-0.0231454652598426,0.5186746890233535,-0.571934593955556,0.1201970601601191,-0.6215705967146201,-0.9274745739175644,-0.4408785708397534
20.0,144.0,1000.945556640625,0.8244933528940914,0.1717593457825232,-2.376818171751011,-0.0231454745453852,0.5186381718368389,-0.571934593953747,0.1201970601601191,-0.6215705967146201,-0.9274745739175644,-0.4408785374102661
20.0,144.0,1001.0487060546876,0.8244933528940864,0.1717593457825232,-2.376818177267339,-0.0231454666639944,0.52012903789705,-0.571934593955573,0.1201970601601191,-0.6215705967146201,-0.9274745739175644,-0.4408818780585983
20.0,144.0,1001.0487670898438,0.8244933528941891,0.1717593457825232,-2.376818171485412,-0.0231454600864287,0.5201297938522043,-0.5719345939554635,0.1201970601601191,-0.6215705967146201,-0.9274745739175644,-0.4408785841297594
20.0,144.0,1001.05224609375,0.824493352894083,0.1717593457825232,-2.3768181699688338,-0.0231454772352914,0.5201513439118803,-0.5719345939555569,0.1201970601601191,-0.6215705967146201,-0.9274745739175644,-0.4408819262971473
20.0,144.0,1001.05224609375,0.824493352894083,0.1717593457825232,-2.3768181699688338,-0.0231454772352914,0.5201513439118803,-0.5719345939555569,0.1201970601601191,-0.6215705967146201,-0.9274745739175644,-0.4408819262971473
20.0,144.0,1001.0523071289062,0.824493352894083,0.1717593457825232,-2.3768181699688338,-0.0231454770763065,0.5201515454064651,-0.5719345939555569,0.1201970601601191,-0.6215705967146201,-0.9274745739175644,-0.4408816721379553
20.0,144.0,1001.0529174804688,0.8244933528940913,0.1717593457825232,-2.3768181714754446,-0.0231458145063627,0.5201558051762865,-0.5719345939554602,0.1201970601601191,-0.6215705967146201,-0.9274745739175644,-0.440878322273373
20.0,144.0,1001.0547485351562,0.8244933528940913,0.1717593457825232,-2.3768181714754446,-0.0231458145063627,0.5201670551719506,-0.5719345939554602,0.1201970601601191,-0.6215705967146201,-0.9274745739175644,-0.4408782706713101
20.0,144.0,1001.0547485351562,0.8244933528940905,0.1717593457825232,-2.3768181714754446,-0.0231454669599006,0.5201670551719506,-0.5719345939554635,0.1201970601601191,-0.6215705967146201,-0.9274745739175644,-0.4408785652182585
20.0,144.0,1001.0547485351562,0.8244933528940905,0.1717593457825232,-2.3768181714754446,-0.0231454669599006,0.5201670551719506,-0.5719345939554635,0.1201970601601191,-0.6215705967146201,-0.9274745739175644,-0.4408785652182585
20.0,144.0,1001.0547485351562,0.8244933528940946,0.1717593457825232,-2.3768181714754446,-0.0231454669599006,0.5201670551719506,-0.5719345939554635,0.1201970601601191,-0.6215705967146201,-0.9274745739175644,-0.4408785652182585
20.0,144.0,1001.0547485351562,0.8244933528941881,0.1717593457825232,-2.3768181699355417,-0.0231454668387587,0.5201670551719506,-0.5719345939554635,0.1201970601601191,-0.6215705967146201,-0.9274745739175644,-0.4408785652182585
20.0,144.0,1001.0547485351562,0.8244933528940913,0.1717593457825232,-2.3768181714754446,-0.0231457850782027,0.5201670551719506,-0.5719345939554602,0.1201970601601191,-0.6215705967146201,-0.9274745739175644,-0.4408782601003936
20.0,144.0,1001.0547485351562,0.8244933528941891,0.1717593457825232,-2.3768181714754446,-0.0231454669599006,0.5201670551719506,-0.5719345939554635,0.1201970601601191,-0.6215705967146201,-0.9274745739175644,-0.4408785924363455
20.0,144.0,1001.0547485351562,0.8244933528941891,0.1717593457825232,-2.3768181624894567,-0.0231458173071419,0.5201670551719506,-0.5719345939554635,0.1201970601601191,-0.6215705967146201,-0.9274745739175644,-0.4408785924363455
20.0,144.0,1001.0547485351562,0.8244933528940913,0.1717593457825232,-2.3768181714754446,-0.0231458145063627,0.5201670551719506,-0.5719345939554602,0.1201970601601191,-0.6215705967146201,-0.9274745739175644,-0.4408782599176031
20.0,144.0,1001.0547485351562,0.8244933528941891,0.1717593457825232,-2.3768181714754446,-0.0231454669589716,0.5201670551719506,-0.5719345939554635,0.1201970601601191,-0.6215705967146201,-0.9274745739175644,-0.4408785939656009
20.0,144.0,1001.0547485351562,0.8244933528941873,0.1717593457825232,-2.376818171423266,-0.0231454652598426,0.5201670551719506,-0.5719345939555569,0.1201970601601191,-0.6215705967146201,-0.9274745739175644,-0.4408785708397534
20.0,144.0,1001.0547485351562,0.8244933528940913,0.1717593457825232,-2.3768181714754446,-0.0231458145063627,0.5201670551719506,-0.5719345939554602,0.1201970601601191,-0.6215705967146201,-0.9274745739175644,-0.4408782706713101
20.0,144.0,1001.0547485351562,0.8244933528940905,0.1717593457825232,-2.3768181714754446,-0.0231454669599006,0.5201670551719506,-0.5719345939554635,0.1201970601601191,-0.6215705967146201,-0.9274745739175644,-0.4408785652182585
20.0,144.0,1001.0547485351562,0.8244933528941873,0.1717593457825232,-2.376818170012715,-0.0231454669486155,0.5201670551719506,-0.5719345939555569,0.1201970601601191,-0.6215705967146201,-0.9274745739175644,-0.4408785973625628
20.0,144.0,1001.0547485351562,0.8244933528941961,0.1717593457825232,-2.376818169968771,-0.0231454747383013,0.5201663968739298,-0.5719345939555569,0.1201970601601191,-0.6215705967146201,-0.9274745739175644,-0.4408819244618827
20.0,144.0,1001.0547485351562,0.8244933528941891,0.1717593457825232,-2.3768181714754446,-0.0231454594806948,0.5201670551719506,-0.5719345939554635,0.1201970601601191,-0.6215705967146201,-0.9274745739175644,-0.4408785854763623
20.0,144.0,1001.0547485351562,0.8244933528940912,0.1717593457825232,-2.3768181714754446,-0.0231454668716162,0.5201670551719506,-0.5719345939554635,0.1201970601601191,-0.6215705967146201,-0.9274745739175644,-0.4408785708584993
20.0,144.0,1001.0547485351562,0.8244933528941873,0.1717593457825232,-2.376818162848975,-0.0231454654434754,0.5201670551719506,-0.5719345939555581,0.1201970601601191,-0.6215705967146201,-0.9274745739175644,-0.4408785239490381
20.0,144.0,1001.0547485351562,0.8244933528940912,0.1717593457825232,-2.3768181714754446,-0.0231454668716162,0.5201670551719506,-0.5719345939554635,0.1201970601601191,-0.6215705967146201,-0.9274745739175644,-0.4408785708584993
20.0,144.0,1001.0547485351562,0.8244933528940905,0.1717593457825232,-2.3768181714754446,-0.0231454669599006,0.5201670551719506,-0.5719345939554635,0.1201970601601191,-0.6215705967146201,-0.9274745739175644,-0.4408785652182585
20.0,144.0,1001.0547485351562,0.8244933528941023,0.1717593457825232,-2.3768181714754446,-0.0231454671834453,0.5201670551719506,-0.5719345939554635,0.1201970601601191,-0.6215705967146201,-0.9274745739175644,-0.4408787245574581
20.0,144.0,1001.0548095703124,0.8244933528941873,0.1717593457825232,-2.3768181699796305,-0.0231454747779048,0.5201670551719506,-0.5719345939555569,0.1201970601601191,-0.6215705967146201,-0.9274745739175644,-0.4408819244618827
20.0,144.0,1001.0548095703124,0.8244933528941873,0.1717593457825232,-2.376818168940716,-0.0231457777297168,0.5201670551719506,-0.5719345939535595,0.1201970601601191,-0.6215705967146201,-0.9274745739175644,-0.4408822329749803
20.0,144.0,1001.0548095703124,0.8244933528941865,0.1717593457825232,-2.3768181699796305,-0.0231454665936842,0.5201670551719506,-0.571934593955573,0.1201970601601191,-0.6215705967146201,-0.9274745739175644,-0.4408819244618827
20.0,144.0,1001.0548095703124,0.8244933528941873,0.1717593457825232,-2.376817875547818,-0.0231458179148539,0.5201670551719506,-0.5719345939535513,0.1201970601601191,-0.6215705967146201,-0.9274745739175644,-0.4408819244618827
20.0,144.0,1001.0548095703124,0.8244933528941873,0.1717593457825232,-2.376817746657266,-0.0231458297574489,0.5201670551719506,-0.5719345939535581,0.1201970601601191,-0.6215705967146201,-0.9274745739175644,-0.4408819244618827
20.0,144.0,1001.0548095703124,0.8244933528941873,0.1717593457825232,-2.3768181699117834,-0.0231454747779048,0.5201670551719506,-0.5719345939535283,0.1201970601601191,-0.6215705967146201,-0.9274745739175644,-0.4408819244618827
20.0,144.0,1001.0548095703124,0.8244933528941845,0.1717593457825232,-2.3768181699796305,-0.0231454747779048,0.5201670551719506,-0.5719345939555569,0.1201970601601191,-0.6215705967146201,-0.9274745739175644,-0.4408816721379553
20.0,145.0,1000.9432373046876,0.824493352894084,0.1717593457825232,-2.3768181931737407,-0.0231454770914799,0.5188578186747616,-0.571934593955575,0.1201970601601191,-0.6215705967146201,-0.9274745739175644,-0.4408822121816843
20.0,145.0,1000.9432373046876,0.824493352894084,0.1717593457825232,-2.3768181931737407,-0.0231454770914799,0.5188578186747616,-0.571934593955575,0.1201970601601191,-0.6215705967146201,-0.9274745739175644,-0.4408822121816843
20.0,145.0,1000.9432373046876,0.8244933528941846,0.1717593457825232,-2.3768181931737407,-0.0231454773413916,0.5188578186747616,-0.571934593955575,0.1201970601601191,-0.6215705967146201,-0.9274745739175644,-0.4408822121816843
20.0,145.0,1000.9432373046876,0.8244933528940794,0.1717593457825232,-2.3768181931737407,-0.0231454769487913,0.5188578186747616,-0.571934593955575,0.1201970601601191,-0.6215705967146201,-0.9274745739175644,-0.4408822121816843
20.0,145.0,1000.943359375,0.824493352894091,0.1717593457825232,-2.3768181699796305,-0.0231454770914799,0.5187680015684115,-0.571934593955573,0.1201970601601191,-0.6215705967146201,-0.9274745739175644,-0.4408819244618827
20.0,145.0,1000.943359375,0.824493352894091,0.1717593457825232,-2.3768181699796305,-0.023145477285974,0.5187680015684115,-0.571934593955573,0.1201970601601191,-0.6215705967146201,-0.9274745739175644,-0.4408819244618827
20.0,145.0,1000.943359375,0.824493352894091,0.1717593457825232,-2.3768181699796305,-0.0231454770914799,0.5187680015684115,-0.571934593955573,0.1201970601601191,-0.6215705967146201,-0.9274745739175644,-0.4408819244618827
20.0,145.0,1000.943359375,0.824493352894091,0.1717593457825232,-2.3768181699796305,-0.0231454770914799,0.5187680015684115,-0.571934593955573,0.1201970601601191,-0.6215705967146201,-0.9274745739175644,-0.4408819244618827
20.0,145.0,1000.943359375,0.824493352894091,0.1717593457825232,-2.376818169968944,-0.023145477285974,0.5187697823939318,-0.571934593955573,0.1201970601601191,-0.6215705967146201,-0.9274745739175644,-0.4408819244618827
20.0,145.0,1000.943359375,0.824493352894091,0.1717593457825232,-2.3768181699796305,-0.0231454770914799,0.5187680015684115,-0.571934593955573,0.1201970601601191,-0.6215705967146201,-0.9274745739175644,-0.4408819244618827
20.0,145.0,1000.943359375,0.8244933528940951,0.1717593457825232,-2.3768181699796305,-0.0231454767858706,0.5187680015684115,-0.5719345939555729,0.1201970601601191,-0.6215705967146201,-0.9274745739175644,-0.4408819244618827
20.0,145.0,1000.943359375,0.824493352894091,0.1717593457825232,-2.376818169968944,-0.023145477285974,0.5187697823939318,-0.571934593955573,0.1201970601601191,-0.6215705967146201,-0.9274745739175644,-0.4408819244618827
20.0,145.0,1000.943359375,0.824493352894091,0.1717593457825232,-2.3768181699796305,-0.0231454770914799,0.5187680015684115,-0.571934593955573,0.1201970601601191,-0.6215705967146201,-0.9274745739175644,-0.4408819244618827
20.0,145.0,1000.9434204101562,0.8244933528940864,0.1717593457825232,-2.376818177267339,-0.0231454770914799,0.5187567277275951,-0.571934593955573,0.1201970601601191,-0.6215705967146201,-0.9274745739175644,-0.4408819244618827
20.0,145.0,1000.9435424804688,0.8244933528940827,0.1717593457825232,-2.376818169979489,-0.0231454747930783,0.5187422084138278,-0.5719345939536602,0.1201970601601191,-0.6215705967146201,-0.9274745739175644,-0.440882225631679
20.0,145.0,1000.9435424804688,0.8244933528940946,0.1717593457825232,-2.3768181714754446,-0.0231454773873862,0.5187947450024957,-0.5719345939554635,0.1201970601601191,-0.6215705967146201,-0.9274745739175644,-0.4408786116215428
20.0,145.0,1000.9435424804688,0.8244933528940827,0.1717593457825232,-2.37681816997879,-0.0231454747930783,0.5187422084138278,-0.5719345939536602,0.1201970601601191,-0.6215705967146201,-0.9274745739175644,-0.4408819208139772
20.0,145.0,1000.9435424804688,0.8244933528941846,0.1717593457825232,-2.376818170358867,-0.0231454775399724,0.5187405486866542,-0.571934593955575,0.1201970601601191,-0.6215705967146201,-0.9274745739175644,-0.4408822121816843
20.0,145.0,1000.943603515625,0.824493352894091,0.1717593457825232,-2.376818169746344,-0.023145466991298,0.5187680015684115,-0.571934593955573,0.1201970601601191,-0.6215705967146201,-0.9274745739175644,-0.4408785931728716
20.0,145.0,1000.943603515625,0.8244933528941891,0.1717593457825232,-2.376818171490646,-0.0231454600864287,0.5188658937199373,-0.5719345939554635,0.1201970601601191,-0.6215705967146201,-0.9274745739175644,-0.4408785841297594
20.0,145.0,1000.943603515625,0.8244933528941927,0.1717593457825232,-2.376818169690601,-0.023145466991298,0.5187680015684115,-0.571934593955573,0.1201970601601191,-0.6215705967146201,-0.9274745739175644,-0.4408785931728716
20.0,145.0,1000.943603515625,0.824493352894091,0.1717593457825232,-2.3768181700320388,-0.0231454655242855,0.5187680015684115,-0.5719345939555556,0.1201970601601191,-0.6215705967146201,-0.9274745739175644,-0.4408785988598137
20.0,145.0,1000.9439697265624,0.8244933528940864,0.1717593457825232,-2.376818177319959,-0.0231454770914799,0.5187095134810662,-0.571934593955573,0.1201970601601191,-0.6215705967146201,-0.9274745739175644,-0.4408819244618827
20.0,145.0,1000.9440307617188,0.8244933528941925,0.1717593457825232,-2.376818169979489,-0.0231454747930783,0.5187022837372024,-0.5719345939536602,0.1201970601601191,-0.6215705967146201,-0.9274745739175644,-0.4408822214521625
20.0,145.0,1000.9442138671876,0.824493352894091,0.1717593457825232,-2.376818169968693,-0.0231454770914799,0.5186867739717168,-0.5719345939536602,0.1201970601601191,-0.6215705967146201,-0.9274745739175644,-0.4408822214521625
20.0,145.0,1000.94482421875,0.8244933528941873,0.1717593457825232,-2.376818171628132,-0.0231454652598426,0.5186746890233535,-0.571934593955556,0.1201970601601191,-0.6215705967146201,-0.9274745739175644,-0.4408785708397534
20.0,145.0,1000.945556640625,0.8244933528940914,0.1717593457825232,-2.376818171751011,-0.0231454745453852,0.5186381718368389,-0.571934593953747,0.1201970601601191,-0.6215705967146201,-0.9274745739175644,-0.4408785374102661
20.0,145.0,1001.042236328125,0.8244933528940913,0.1717593457825232,-2.376818171473051,-0.0231458705131158,0.520088114941122,-0.5719345939554602,0.1201970601601191,-0.6215705967146201,-0.9274745739175644,-0.4408782706713101
20.0,145.0,1001.0487060546876,0.8244933528940864,0.1717593457825232,-2.376818177267339,-0.0231454666639944,0.52012903789705,-0.571934593955573,0.1201970601601191,-0.6215705967146201,-0.9274745739175644,-0.4408818780585983
20.0,145.0,1001.0487670898438,0.8244933528941891,0.1717593457825232,-2.376818171485412,-0.0231454600864287,0.5201297938522043,-0.5719345939554635,0.1201970601601191,-0.6215705967146201,-0.9274745739175644,-0.4408785841297594
20.0,145.0,1001.05224609375,0.824493352894083,0.1717593457825232,-2.3768181699688338,-0.0231454772352914,0.5201513439118803,-0.5719345939555569,0.1201970601601191,-0.6215705967146201,-0.9274745739175644,-0.4408819262971473
20.0,145.0,1001.05224609375,0.824493352894083,0.1717593457825232,-2.3768181699688338,-0.0231454772352914,0.5201513439118803,-0.5719345939555569,0.1201970601601191,-0.6215705967146201,-0.9274745739175644,-0.4408819262971473
20.0,145.0,1001.05224609375,0.824493352894083,0.1717593457825232,-2.3768181699688338,-0.0231454772352914,0.5201513439118803,-0.5719345939555569,0.1201970601601191,-0.6215705967146201,-0.9274745739175644,-0.4408819314846905
20.0,145.0,1001.05224609375,0.824493352894083,0.1717593457825232,-2.3768181699688338,-0.0231454772352914,0.5201513439118803,-0.5719345939555569,0.1201970601601191,-0.6215705967146201,-0.9274745739175644,-0.4408819401570776
20.0,145.0,1001.0523071289062,0.824493352894083,0.1717593457825232,-2.3768181699688338,-0.0231454770763065,0.5201515454064651,-0.5719345939555569,0.1201970601601191,-0.6215705967146201,-0.9274745739175644,-0.4408816721379553
20.0,145.0,1001.052734375,0.8244933528940912,0.1717593457825232,-2.3768181714754446,-0.0231454668716162,0.5201546625899107,-0.5719345939554635,0.1201970601601191,-0.6215705967146201,-0.9274745739175644,-0.4408785750088029
20.0,145.0,1001.0529174804688,0.8244933528940913,0.1717593457825232,-2.3768181714754446,-0.0231458145063627,0.5201558051762865,-0.5719345939554602,0.1201970601601191,-0.6215705967146201,-0.9274745739175644,-0.440878322273373
20.0,145.0,1001.053955078125,0.824493352894091,0.1717593457825232,-2.3768181699800333,-0.0231454772859117,0.5201616655916186,-0.571934593955573,0.1201970601601191,-0.6215705967146201,-0.9274745739175644,-0.4408819262968321
20.0,145.0,1001.0547485351562,0.8244933528940913,0.1717593457825232,-2.3768181714754446,-0.0231458145063627,0.5201670551719506,-0.5719345939554602,0.1201970601601191,-0.6215705967146201,-0.9274745739175644,-0.4408782706713101
20.0,145.0,1001.0547485351562,0.8244933528940905,0.1717593457825232,-2.3768181714754446,-0.0231454669599006,0.5201670551719506,-0.5719345939554635,0.1201970601601191,-0.6215705967146201,-0.9274745739175644,-0.4408785652182585
20.0,145.0,1001.0547485351562,0.8244933528940905,0.1717593457825232,-2.3768181714754446,-0.0231454669599006,0.5201670551719506,-0.5719345939554635,0.1201970601601191,-0.6215705967146201,-0.9274745739175644,-0.4408785652182585
20.0,145.0,1001.0547485351562,0.8244933528940946,0.1717593457825232,-2.3768181714754446,-0.0231454669599006,0.5201670551719506,-0.5719345939554635,0.1201970601601191,-0.6215705967146201,-0.9274745739175644,-0.4408785652182585
20.0,145.0,1001.0547485351562,0.8244933528941881,0.1717593457825232,-2.3768181699355417,-0.0231454668387587,0.5201670551719506,-0.5719345939554635,0.1201970601601191,-0.6215705967146201,-0.9274745739175644,-0.4408785652182585
20.0,145.0,1001.0547485351562,0.8244933528940913,0.1717593457825232,-2.3768181714754446,-0.0231457850782027,0.5201670551719506,-0.5719345939554602,0.1201970601601191,-0.6215705967146201,-0.9274745739175644,-0.4408782601003936
20.0,145.0,1001.0547485351562,0.8244933528941891,0.1717593457825232,-2.3768181714754446,-0.0231454669599006,0.5201670551719506,-0.5719345939554635,0.1201970601601191,-0.6215705967146201,-0.9274745739175644,-0.4408785924363455
20.0,145.0,1001.0547485351562,0.8244933528941891,0.1717593457825232,-2.3768181624894567,-0.0231458173071419,0.5201670551719506,-0.5719345939554635,0.1201970601601191,-0.6215705967146201,-0.9274745739175644,-0.4408785924363455
20.0,145.0,1001.0547485351562,0.8244933528940913,0.1717593457825232,-2.3768181714754446,-0.0231458145063627,0.5201670551719506,-0.5719345939554602,0.1201970601601191,-0.6215705967146201,-0.9274745739175644,-0.4408782599176031
20.0,145.0,1001.0547485351562,0.8244933528941891,0.1717593457825232,-2.3768181714754446,-0.0231454669589716,0.5201670551719506,-0.5719345939554635,0.1201970601601191,-0.6215705967146201,-0.9274745739175644,-0.4408785939656009
20.0,145.0,1001.0547485351562,0.8244933528941873,0.1717593457825232,-2.376818171423266,-0.0231454652598426,0.5201670551719506,-0.5719345939555569,0.1201970601601191,-0.6215705967146201,-0.9274745739175644,-0.4408785708397534
20.0,145.0,1001.0547485351562,0.8244933528940913,0.1717593457825232,-2.3768181714754446,-0.0231458145063627,0.5201670551719506,-0.5719345939554602,0.1201970601601191,-0.6215705967146201,-0.9274745739175644,-0.4408782706713101
20.0,146.0,1000.9432373046876,0.824493352894084,0.1717593457825232,-2.3768181931737407,-0.0231454770914799,0.5188578186747616,-0.571934593955575,0.1201970601601191,-0.6215705967146201,-0.9274745739175644,-0.4408822121816843
20.0,146.0,1000.9432373046876,0.824493352894084,0.1717593457825232,-2.3768181931737407,-0.0231454770914799,0.5188578186747616,-0.571934593955575,0.1201970601601191,-0.6215705967146201,-0.9274745739175644,-0.4408822121816843
20.0,146.0,1000.9432373046876,0.8244933528941846,0.1717593457825232,-2.3768181931737407,-0.0231454773413916,0.5188578186747616,-0.571934593955575,0.1201970601601191,-0.6215705967146201,-0.9274745739175644,-0.4408822121816843
20.0,146.0,1000.9432373046876,0.8244933528940794,0.1717593457825232,-2.3768181931737407,-0.0231454769487913,0.5188578186747616,-0.571934593955575,0.1201970601601191,-0.6215705967146201,-0.9274745739175644,-0.4408822121816843
20.0,146.0,1000.9432373046876,0.8244933528941853,0.1717593457825232,-2.376818171443306,-0.0231454770955707,0.5188578186747616,-0.571934593955575,0.1201970601601191,-0.6215705967146201,-0.9274745739175644,-0.4408822116081401
20.0,146.0,1000.9432373046876,0.824493352894084,0.1717593457825232,-2.3768181931737407,-0.0231454770914799,0.5188578186747616,-0.571934593955575,0.1201970601601191,-0.6215705967146201,-0.9274745739175644,-0.4408822121816843
20.0,146.0,1000.9432373046876,0.8244933528941873,0.1717593457825232,-2.376818166038288,-0.0231454652598426,0.5188549899109364,-0.571934593955556,0.1201970601601191,-0.6215705967146201,-0.9274745739175644,-0.4408826228163027
20.0,146.0,1000.943359375,0.824493352894091,0.1717593457825232,-2.3768181699796305,-0.0231454770914799,0.5187680015684115,-0.571934593955573,0.1201970601601191,-0.6215705967146201,-0.9274745739175644,-0.4408819244618827
20.0,146.0,1000.943359375,0.824493352894091,0.1717593457825232,-2.3768181699796305,-0.023145477285974,0.5187680015684115,-0.571934593955573,0.1201970601601191,-0.6215705967146201,-0.9274745739175644,-0.4408819244618827
20.0,146.0,1000.943359375,0.824493352894091,0.1717593457825232,-2.3768181699796305,-0.0231454770914799,0.5187680015684115,-0.571934593955573,0.1201970601601191,-0.6215705967146201,-0.9274745739175644,-0.4408819244618827
20.0,146.0,1000.943359375,0.824493352894091,0.1717593457825232,-2.3768181699796305,-0.0231454770914799,0.5187680015684115,-0.571934593955573,0.1201970601601191,-0.6215705967146201,-0.9274745739175644,-0.4408819244618827
20.0,146.0,1000.943359375,0.824493352894091,0.1717593457825232,-2.376818169968944,-0.023145477285974,0.5187697823939318,-0.571934593955573,0.1201970601601191,-0.6215705967146201,-0.9274745739175644,-0.4408819244618827
20.0,146.0,1000.943359375,0.824493352894091,0.1717593457825232,-2.3768181699796305,-0.0231454770914799,0.5187680015684115,-0.571934593955573,0.1201970601601191,-0.6215705967146201,-0.9274745739175644,-0.4408819244618827
20.0,146.0,1000.943359375,0.8244933528940951,0.1717593457825232,-2.3768181699796305,-0.0231454767858706,0.5187680015684115,-0.5719345939555729,0.1201970601601191,-0.6215705967146201,-0.9274745739175644,-0.4408819244618827
20.0,146.0,1000.943359375,0.824493352894091,0.1717593457825232,-2.376818169968944,-0.023145477285974,0.5187697823939318,-0.571934593955573,0.1201970601601191,-0.6215705967146201,-0.9274745739175644,-0.4408819244618827
20.0,146.0,1000.943359375,0.824493352894091,0.1717593457825232,-2.3768181699796305,-0.0231454770914799,0.5187680015684115,-0.571934593955573,0.1201970601601191,-0.6215705967146201,-0.9274745739175644,-0.4408819244618827
20.0,146.0,1000.943359375,0.8244933528940951,0.1717593457825232,-2.376818171450032,-0.0231454767858706,0.5187680015684115,-0.5719345939555729,0.1201970601601191,-0.6215705967146201,-0.9274745739175644,-0.4408819244618827
20.0,146.0,1000.943359375,0.824493352894091,0.1717593457825232,-2.376818169969229,-0.0231454770914799,0.5187680015684115,-0.5719345939555572,0.1201970601601191,-0.6215705967146201,-0.9274745739175644,-0.4408819244618827
20.0,146.0,1000.943359375,0.824493352894091,0.1717593457825232,-2.376818169968944,-0.0231454772484001,0.5187698144843884,-0.571934593955573,0.1201970601601191,-0.6215705967146201,-0.9274745739175644,-0.4408819244618827
20.0,146.0,1000.943359375,0.8244933528940903,0.1717593457825232,-2.376818191710065,-0.0231454773373007,0.5187680015684115,-0.571934593955573,0.1201970601601191,-0.6215705967146201,-0.9274745739175644,-0.440881925035427
20.0,146.0,1000.943359375,0.824493352894091,0.1717593457825232,-2.3768181700320388,-0.0231454655242855,0.5187680015684115,-0.5719345939555556,0.1201970601601191,-0.6215705967146201,-0.9274745739175644,-0.440881853406284
20.0,146.0,1000.943359375,0.8244933528941945,0.1717593457825232,-2.3768181699796305,-0.023145477285974,0.5187680015684115,-0.571934593955573,0.1201970601601191,-0.6215705967146201,-0.9274745739175644,-0.4408819244618827
20.0,146.0,1000.9434204101562,0.8244933528940864,0.1717593457825232,-2.376818177267339,-0.0231454770914799,0.5187567277275951,-0.571934593955573,0.1201970601601191,-0.6215705967146201,-0.9274745739175644,-0.4408819244618827
20.0,146.0,1000.9435424804688,0.8244933528940827,0.1717593457825232,-2.376818169979489,-0.0231454747930783,0.5187422084138278,-0.5719345939536602,0.1201970601601191,-0.6215705967146201,-0.9274745739175644,-0.440882225631679
20.0,146.0,1000.9435424804688,0.8244933528940946,0.1717593457825232,-2.3768181714754446,-0.0231454773873862,0.5187947450024957,-0.5719345939554635,0.1201970601601191,-0.6215705967146201,-0.9274745739175644,-0.4408786116215428
20.0,146.0,1000.9435424804688,0.8244933528940827,0.1717593457825232,-2.37681816997879,-0.0231454747930783,0.5187422084138278,-0.5719345939536602,0.1201970601601191,-0.6215705967146201,-0.9274745739175644,-0.4408819208139772
20.0,146.0,1000.9435424804688,0.8244933528941846,0.1717593457825232,-2.376818170358867,-0.0231454775399724,0.5187405486866542,-0.571934593955575,0.1201970601601191,-0.6215705967146201,-0.9274745739175644,-0.4408822121816843
20.0,146.0,1000.9435424804688,0.8244933528940827,0.1717593457825232,-2.37681816997879,-0.0231454748306522,0.5187421763233713,-0.5719345939536602,0.1201970601601191,-0.6215705967146201,-0.9274745739175644,-0.4408819208139772
20.0,146.0,1000.9435424804688,0.8244933528940827,0.1717593457825232,-2.376818169979489,-0.0231454746911251,0.5187422084138278,-0.5719345939536602,0.1201970601601191,-0.6215705967146201,-0.9274745739175644,-0.4408822120908794
20.0,146.0,1000.9435424804688,0.8244933528940827,0.1717593457825232,-2.376818169979489,-0.0231454671331684,0.5187422084138278,-0.5719345939536847,0.1201970601601191,-0.6215705967146201,-0.9274745739175644,-0.440882225631679
20.0,146.0,1000.943603515625,0.824493352894091,0.1717593457825232,-2.376818169746344,-0.023145466991298,0.5187680015684115,-0.571934593955573,0.1201970601601191,-0.6215705967146201,-0.9274745739175644,-0.4408785931728716
20.0,146.0,1000.943603515625,0.8244933528941891,0.1717593457825232,-2.376818171490646,-0.0231454600864287,0.5188658937199373,-0.5719345939554635,0.1201970601601191,-0.6215705967146201,-0.9274745739175644,-0.4408785841297594
20.0,146.0,1000.943603515625,0.8244933528941927,0.1717593457825232,-2.376818169690601,-0.023145466991298,0.5187680015684115,-0.571934593955573,0.1201970601601191,-0.6215705967146201,-0.9274745739175644,-0.4408785931728716
20.0,146.0,1000.943603515625,0.824493352894091,0.1717593457825232,-2.3768181700320388,-0.0231454655242855,0.5187680015684115,-0.5719345939555556,0.1201970601601191,-0.6215705967146201,-0.9274745739175644,-0.4408785988598137
20.0,146.0,1000.943603515625,0.824493352894091,0.1717593457825232,-2.376818169746344,-0.0231454746512079,0.5187680015684115,-0.5719345939555484,0.1201970601601191,-0.6215705967146201,-0.9274745739175644,-0.4408785931728716
20.0,146.0,1000.943603515625,0.8244933528941918,0.1717593457825232,-2.376818169690601,-0.0231454769533408,0.5187680015684115,-0.571934593955573,0.1201970601601191,-0.6215705967146201,-0.9274745739175644,-0.4408785931728716
20.0,146.0,1000.9439697265624,0.8244933528940864,0.1717593457825232,-2.376818177319959,-0.0231454770914799,0.5187095134810662,-0.571934593955573,0.1201970601601191,-0.6215705967146201,-0.9274745739175644,-0.4408819244618827
20.0,146.0,1000.9440307617188,0.8244933528941925,0.1717593457825232,-2.376818169979489,-0.0231454747930783,0.5187022837372024,-0.5719345939536602,0.1201970601601191,-0.6215705967146201,-0.9274745739175644,-0.4408822214521625
20.0,146.0,1000.9440307617188,0.8244933528940873,0.1717593457825232,-2.376818177267339,-0.0231454770914799,0.5187027423219202,-0.5719345939555474,0.1201970601601191,-0.6215705967146201,-0.9274745739175644,-0.4408819244618827
20.0,146.0,1000.9442138671876,0.824493352894091,0.1717593457825232,-2.376818169968693,-0.0231454770914799,0.5186867739717168,-0.5719345939536602,0.1201970601601191,-0.6215705967146201,-0.9274745739175644,-0.4408822214521625
20.0,146.0,1000.94482421875,0.8244933528941873,0.1717593457825232,-2.376818171628132,-0.0231454652598426,0.5186746890233535,-0.571934593955556,0.1201970601601191,-0.6215705967146201,-0.9274745739175644,-0.4408785708397534
20.0,146.0,1000.945556640625,0.8244933528940914,0.1717593457825232,-2.376818171751011,-0.0231454745453852,0.5186381718368389,-0.571934593953747,0.1201970601601191,-0.6215705967146201,-0.9274745739175644,-0.4408785374102661
20.0,146.0,1001.03955078125,0.8244933528940794,0.1717593457825232,-2.3768181931737407,-0.0231454769500346,0.520069988114819,-0.5719345939555567,0.1201970601601191,-0.6215705967146201,-0.9274745739175644,-0.4408819088840517
20.0,146.0,1001.042236328125,0.8244933528940913,0.1717593457825232,-2.376818171473051,-0.0231458705131158,0.520088114941122,-0.5719345939554602,0.1201970601601191,-0.6215705967146201,-0.9274745739175644,-0.4408782706713101
20.0,146.0,1001.0485229492188,0.8244933528941891,0.1717593457825232,-2.376818171485412,-0.0231454667123715,0.5201284716445119,-0.5719345939554635,0.1201970601601191,-0.6215705967146201,-0.9274745739175644,-0.4408785841716603
20.0,146.0,1001.0487060546876,0.8244933528940864,0.1717593457825232,-2.376818177267339,-0.0231454666639944,0.52012903789705,-0.571934593955573,0.1201970601601191,-0.6215705967146201,-0.9274745739175644,-0.4408818780585983
20.0,146.0,1001.0487670898438,0.8244933528941891,0.1717593457825232,-2.376818171485412,-0.0231454600864287,0.5201297938522043,-0.5719345939554635,0.1201970601601191,-0.6215705967146201,-0.9274745739175644,-0.4408785841297594
20.0,146.0,1001.0487670898438,0.8244933528941891,0.1717593457825232,-2.376818171485412,-0.0231454600864287,0.5201297938522043,-0.5719345939554635,0.1201970601601191,-0.6215705967146201,-0.9274745739175644,-0.4408785841297594
20.0,146.0,1001.0521240234376,0.8244933528940913,0.1717593457825232,-2.3768181714754446,-0.023145501208047,0.5201505553873074,-0.5719345939554602,0.1201970601601191,-0.6215705967146201,-0.9274745739175644,-0.4408819504645293
20.0,146.0,1001.05224609375,0.824493352894083,0.1717593457825232,-2.3768181699688338,-0.0231454772352914,0.5201513439118803,-0.5719345939555569,0.1201970601601191,-0.6215705967146201,-0.9274745739175644,-0.4408819262971473
20.0,147.0,1000.9432373046876,0.824493352894084,0.1717593457825232,-2.3768181931737407,-0.0231454770914799,0.5188578186747616,-0.571934593955575,0.1201970601601191,-0.6215705967146201,-0.9274745739175644,-0.4408822121816843
20.0,147.0,1000.9432373046876,0.824493352894084,0.1717593457825232,-2.3768181931737407,-0.0231454770914799,0.5188578186747616,-0.571934593955575,0.1201970601601191,-0.6215705967146201,-0.9274745739175644,-0.4408822121816843
20.0,147.0,1000.9432373046876,0.8244933528941846,0.1717593457825232,-2.3768181931737407,-0.0231454773413916,0.5188578186747616,-0.571934593955575,0.1201970601601191,-0.6215705967146201,-0.9274745739175644,-0.4408822121816843
20.0,147.0,1000.9432373046876,0.8244933528940794,0.1717593457825232,-2.3768181931737407,-0.0231454769487913,0.5188578186747616,-0.571934593955575,0.1201970601601191,-0.6215705967146201,-0.9274745739175644,-0.4408822121816843
20.0,147.0,1000.9432373046876,0.8244933528941853,0.1717593457825232,-2.376818171443306,-0.0231454770955707,0.5188578186747616,-0.571934593955575,0.1201970601601191,-0.6215705967146201,-0.9274745739175644,-0.4408822116081401
20.0,147.0,1000.9432373046876,0.824493352894084,0.1717593457825232,-2.3768181931737407,-0.0231454770914799,0.5188578186747616,-0.571934593955575,0.1201970601601191,-0.6215705967146201,-0.9274745739175644,-0.4408822121816843
20.0,147.0,1000.9432373046876,0.8244933528941873,0.1717593457825232,-2.376818166038288,-0.0231454652598426,0.5188549899109364,-0.571934593955556,0.1201970601601191,-0.6215705967146201,-0.9274745739175644,-0.4408826228163027
20.0,147.0,1000.9432373046876,0.8244933528941882,0.1717593457825232,-2.376818171466023,-0.0231454770955707,0.5188578186747616,-0.571934593955575,0.1201970601601191,-0.6215705967146201,-0.9274745739175644,-0.4408822145023395
20.0,147.0,1000.9432373046876,0.8244933528940844,0.1717593457825232,-2.3768181931737407,-0.0231454773413916,0.5188578186747616,-0.571934593955575,0.1201970601601191,-0.6215705967146201,-0.9274745739175644,-0.4408822121816843
20.0,147.0,1000.9432373046876,0.824493352894084,0.1717593457825232,-2.3768181931737407,-0.0231454770914799,0.5188578186747616,-0.571934593955575,0.1201970601601191,-0.6215705967146201,-0.9274745739175644,-0.4408822121816843
20.0,147.0,1000.9432373046876,0.824493352894084,0.1717593457825232,-2.3768181931737407,-0.0231454770914799,0.5188578186747616,-0.571934593955575,0.1201970601601191,-0.6215705967146201,-0.9274745739175644,-0.4408822138326776
20.0,147.0,1000.9432983398438,0.8244933528941945,0.1717593457825232,-2.376818169979479,-0.023145477285974,0.5187680015684115,-0.571934593955573,0.1201970601601191,-0.6215705967146201,-0.9274745739175644,-0.4408822321026701
20.0,147.0,1000.9432983398438,0.8244933528941841,0.1717593457825232,-2.376818166038288,-0.0231454657555851,0.5188549899109364,-0.571934593955556,0.1201970601601191,-0.6215705967146201,-0.9274745739175644,-0.4408818349605583
20.0,147.0,1000.943359375,0.824493352894091,0.1717593457825232,-2.3768181699796305,-0.0231454770914799,0.5187680015684115,-0.571934593955573,0.1201970601601191,-0.6215705967146201,-0.9274745739175644,-0.4408819244618827
20.0,147.0,1000.943359375,0.824493352894091,0.1717593457825232,-2.3768181699796305,-0.023145477285974,0.5187680015684115,-0.571934593955573,0.1201970601601191,-0.6215705967146201,-0.9274745739175644,-0.4408819244618827
20.0,147.0,1000.943359375,0.824493352894091,0.1717593457825232,-2.3768181699796305,-0.0231454770914799,0.5187680015684115,-0.571934593955573,0.1201970601601191,-0.6215705967146201,-0.9274745739175644,-0.4408819244618827
20.0,147.0,1000.943359375,0.824493352894091,0.1717593457825232,-2.3768181699796305,-0.0231454770914799,0.5187680015684115,-0.571934593955573,0.1201970601601191,-0.6215705967146201,-0.9274745739175644,-0.4408819244618827
20.0,147.0,1000.943359375,0.824493352894091,0.1717593457825232,-2.376818169968944,-0.023145477285974,0.5187697823939318,-0.571934593955573,0.1201970601601191,-0.6215705967146201,-0.9274745739175644,-0.4408819244618827
20.0,147.0,1000.943359375,0.824493352894091,0.1717593457825232,-2.3768181699796305,-0.0231454770914799,0.5187680015684115,-0.571934593955573,0.1201970601601191,-0.6215705967146201,-0.9274745739175644,-0.4408819244618827
20.0,147.0,1000.943359375,0.8244933528940951,0.1717593457825232,-2.3768181699796305,-0.0231454767858706,0.5187680015684115,-0.5719345939555729,0.1201970601601191,-0.6215705967146201,-0.9274745739175644,-0.4408819244618827
20.0,147.0,1000.943359375,0.824493352894091,0.1717593457825232,-2.376818169968944,-0.023145477285974,0.5187697823939318,-0.571934593955573,0.1201970601601191,-0.6215705967146201,-0.9274745739175644,-0.4408819244618827
20.0,147.0,1000.943359375,0.824493352894091,0.1717593457825232,-2.3768181699796305,-0.0231454770914799,0.5187680015684115,-0.571934593955573,0.1201970601601191,-0.6215705967146201,-0.9274745739175644,-0.4408819244618827
20.0,147.0,1000.943359375,0.8244933528940951,0.1717593457825232,-2.376818171450032,-0.0231454767858706,0.5187680015684115,-0.5719345939555729,0.1201970601601191,-0.6215705967146201,-0.9274745739175644,-0.4408819244618827
20.0,147.0,1000.943359375,0.824493352894091,0.1717593457825232,-2.376818169969229,-0.0231454770914799,0.5187680015684115,-0.5719345939555572,0.1201970601601191,-0.6215705967146201,-0.9274745739175644,-0.4408819244618827
20.0,147.0,1000.943359375,0.824493352894091,0.1717593457825232,-2.376818169968944,-0.0231454772484001,0.5187698144843884,-0.571934593955573,0.1201970601601191,-0.6215705967146201,-0.9274745739175644,-0.4408819244618827
20.0,147.0,1000.943359375,0.8244933528940903,0.1717593457825232,-2.376818191710065,-0.0231454773373007,0.5187680015684115,-0.571934593955573,0.1201970601601191,-0.6215705967146201,-0.9274745739175644,-0.440881925035427
20.0,147.0,1000.943359375,0.824493352894091,0.1717593457825232,-2.3768181700320388,-0.0231454655242855,0.5187680015684115,-0.5719345939555556,0.1201970601601191,-0.6215705967146201,-0.9274745739175644,-0.440881853406284
20.0,147.0,1000.943359375,0.8244933528941945,0.1717593457825232,-2.3768181699796305,-0.023145477285974,0.5187680015684115,-0.571934593955573,0.1201970601601191,-0.6215705967146201,-0.9274745739175644,-0.4408819244618827
20.0,147.0,1000.943359375,0.8244933528941846,0.1717593457825232,-2.376818170358867,-0.0231454771042695,0.5187666755831644,-0.571934593955575,0.1201970601601191,-0.6215705967146201,-0.9274745739175644,-0.4408822121816843
20.0,147.0,1000.943359375,0.824493352894091,0.1717593457825232,-2.376818170013339,-0.0231454770914799,0.5187680015684115,-0.571934593955573,0.1201970601601191,-0.6215705967146201,-0.9274745739175644,-0.440881900563933
20.0,147.0,1000.943359375,0.8244933528940794,0.1717593457825232,-2.3768181931737407,-0.0231454771006304,0.5187687983846747,-0.571934593955575,0.1201970601601191,-0.6215705967146201,-0.9274745739175644,-0.4408822048901536
20.0,147.0,1000.943359375,0.824493352894091,0.1717593457825232,-2.37681817003356,-0.0231454767636394,0.5187680015684115,-0.5719345939555556,0.1201970601601191,-0.6215705967146201,-0.9274745739175644,-0.4408819715798041
20.0,147.0,1000.943359375,0.8244933528941945,0.1717593457825232,-2.3768181699796305,-0.023145477285974,0.5187680015684115,-0.571934593955573,0.1201970601601191,-0.6215705967146201,-0.9274745739175644,-0.4408819244618827
20.0,147.0,1000.943359375,0.8244933528941842,0.1717593457825232,-2.3768181699796305,-0.0231454771015552,0.5187680015684115,-0.571934593955573,0.1201970601601191,-0.6215705967146201,-0.9274745739175644,-0.4408819126233779
20.0,147.0,1000.9434204101562,0.8244933528940864,0.1717593457825232,-2.376818177267339,-0.0231454770914799,0.5187567277275951,-0.571934593955573,0.1201970601601191,-0.6215705967146201,-0.9274745739175644,-0.4408819244618827
20.0,147.0,1000.9435424804688,0.8244933528940827,0.1717593457825232,-2.376818169979489,-0.0231454747930783,0.5187422084138278,-0.5719345939536602,0.1201970601601191,-0.6215705967146201,-0.9274745739175644,-0.440882225631679
20.0,147.0,1000.9435424804688,0.8244933528940946,0.1717593457825232,-2.3768181714754446,-0.0231454773873862,0.5187947450024957,-0.5719345939554635,0.1201970601601191,-0.6215705967146201,-0.9274745739175644,-0.4408786116215428
20.0,147.0,1000.9435424804688,0.8244933528940827,0.1717593457825232,-2.37681816997879,-0.0231454747930783,0.5187422084138278,-0.5719345939536602,0.1201970601601191,-0.6215705967146201,-0.9274745739175644,-0.4408819208139772
20.0,147.0,1000.9435424804688,0.8244933528941846,0.1717593457825232,-2.376818170358867,-0.0231454775399724,0.5187405486866542,-0.571934593955575,0.1201970601601191,-0.6215705967146201,-0.9274745739175644,-0.4408822121816843
20.0,147.0,1000.9435424804688,0.8244933528940827,0.1717593457825232,-2.37681816997879,-0.0231454748306522,0.5187421763233713,-0.5719345939536602,0.1201970601601191,-0.6215705967146201,-0.9274745739175644,-0.4408819208139772
20.0,147.0,1000.9435424804688,0.8244933528940827,0.1717593457825232,-2.376818169979489,-0.0231454746911251,0.5187422084138278,-0.5719345939536602,0.1201970601601191,-0.6215705967146201,-0.9274745739175644,-0.4408822120908794
20.0,147.0,1000.9435424804688,0.8244933528940827,0.1717593457825232,-2.376818169979489,-0.0231454671331684,0.5187422084138278,-0.5719345939536847,0.1201970601601191,-0.6215705967146201,-0.9274745739175644,-0.440882225631679
20.0,147.0,1000.9435424804688,0.8244933528940827,0.1717593457825232,-2.376818169979489,-0.0231454671331684,0.5187422084138278,-0.5719345939536847,0.1201970601601191,-0.6215705967146201,-0.9274745739175644,-0.440882225631679
20.0,147.0,1000.9435424804688,0.8244933528940827,0.1717593457825232,-2.3768181699796407,-0.0231454746911251,0.5187422084138278,-0.5719345939536602,0.1201970601601191,-0.6215705967146201,-0.9274745739175644,-0.440881904450092
20.0,147.0,1000.943603515625,0.824493352894091,0.1717593457825232,-2.376818169746344,-0.023145466991298,0.5187680015684115,-0.571934593955573,0.1201970601601191,-0.6215705967146201,-0.9274745739175644,-0.4408785931728716
20.0,147.0,1000.943603515625,0.8244933528941891,0.1717593457825232,-2.376818171490646,-0.0231454600864287,0.5188658937199373,-0.5719345939554635,0.1201970601601191,-0.6215705967146201,-0.9274745739175644,-0.4408785841297594
20.0,147.0,1000.943603515625,0.8244933528941927,0.1717593457825232,-2.376818169690601,-0.023145466991298,0.5187680015684115,-0.571934593955573,0.1201970601601191,-0.6215705967146201,-0.9274745739175644,-0.4408785931728716
20.0,147.0,1000.943603515625,0.824493352894091,0.1717593457825232,-2.3768181700320388,-0.0231454655242855,0.5187680015684115,-0.5719345939555556,0.1201970601601191,-0.6215705967146201,-0.9274745739175644,-0.4408785988598137
20.0,147.0,1000.943603515625,0.824493352894091,0.1717593457825232,-2.376818169746344,-0.0231454746512079,0.5187680015684115,-0.5719345939555484,0.1201970601601191,-0.6215705967146201,-0.9274745739175644,-0.4408785931728716
20.0,147.0,1000.943603515625,0.8244933528941918,0.1717593457825232,-2.376818169690601,-0.0231454769533408,0.5187680015684115,-0.571934593955573,0.1201970601601191,-0.6215705967146201,-0.9274745739175644,-0.4408785931728716
20.0,148.0,1000.9432373046876,0.824493352894084,0.1717593457825232,-2.3768181931737407,-0.0231454770914799,0.5188578186747616,-0.571934593955575,0.1201970601601191,-0.6215705967146201,-0.9274745739175644,-0.4408822121816843
20.0,148.0,1000.9432373046876,0.824493352894084,0.1717593457825232,-2.3768181931737407,-0.0231454770914799,0.5188578186747616,-0.571934593955575,0.1201970601601191,-0.6215705967146201,-0.9274745739175644,-0.4408822121816843
20.0,148.0,1000.9432373046876,0.8244933528941846,0.1717593457825232,-2.3768181931737407,-0.0231454773413916,0.5188578186747616,-0.571934593955575,0.1201970601601191,-0.6215705967146201,-0.9274745739175644,-0.4408822121816843
20.0,148.0,1000.9432373046876,0.8244933528940794,0.1717593457825232,-2.3768181931737407,-0.0231454769487913,0.5188578186747616,-0.571934593955575,0.1201970601601191,-0.6215705967146201,-0.9274745739175644,-0.4408822121816843
20.0,148.0,1000.9432373046876,0.8244933528941853,0.1717593457825232,-2.376818171443306,-0.0231454770955707,0.5188578186747616,-0.571934593955575,0.1201970601601191,-0.6215705967146201,-0.9274745739175644,-0.4408822116081401
20.0,148.0,1000.9432373046876,0.824493352894084,0.1717593457825232,-2.3768181931737407,-0.0231454770914799,0.5188578186747616,-0.571934593955575,0.1201970601601191,-0.6215705967146201,-0.9274745739175644,-0.4408822121816843
20.0,148.0,1000.9432373046876,0.8244933528941873,0.1717593457825232,-2.376818166038288,-0.0231454652598426,0.5188549899109364,-0.571934593955556,0.1201970601601191,-0.6215705967146201,-0.9274745739175644,-0.4408826228163027
20.0,148.0,1000.9432373046876,0.8244933528941882,0.1717593457825232,-2.376818171466023,-0.0231454770955707,0.5188578186747616,-0.571934593955575,0.1201970601601191,-0.6215705967146201,-0.9274745739175644,-0.4408822145023395
20.0,148.0,1000.9432373046876,0.8244933528940844,0.1717593457825232,-2.3768181931737407,-0.0231454773413916,0.5188578186747616,-0.571934593955575,0.1201970601601191,-0.6215705967146201,-0.9274745739175644,-0.4408822121816843
20.0,148.0,1000.9432373046876,0.824493352894084,0.1717593457825232,-2.3768181931737407,-0.0231454770914799,0.5188578186747616,-0.571934593955575,0.1201970601601191,-0.6215705967146201,-0.9274745739175644,-0.4408822121816843
20.0,148.0,1000.9432373046876,0.824493352894084,0.1717593457825232,-2.3768181931737407,-0.0231454770914799,0.5188578186747616,-0.571934593955575,0.1201970601601191,-0.6215705967146201,-0.9274745739175644,-0.4408822138326776
20.0,148.0,1000.9432373046876,0.8244933528941882,0.1717593457825232,-2.3768181714892185,-0.0231454770955707,0.5188578186747616,-0.571934593955575,0.1201970601601191,-0.6215705967146201,-0.9274745739175644,-0.4408822145023395
20.0,148.0,1000.9432373046876,0.824493352894084,0.1717593457825232,-2.3768181920100586,-0.0231454770857545,0.5188578186747616,-0.571934593955575,0.1201970601601191,-0.6215705967146201,-0.9274745739175644,-0.4408822121816843
20.0,148.0,1000.9432373046876,0.8244933528941873,0.1717593457825232,-2.376818166038288,-0.0231454652598426,0.5188549899109364,-0.571934593955556,0.1201970601601191,-0.6215705967146201,-0.9274745739175644,-0.4408826228163027
20.0,148.0,1000.9432373046876,0.8244933528941873,0.1717593457825232,-2.376818166038288,-0.0231454774621978,0.5188549899109364,-0.5719345939555734,0.1201970601601191,-0.6215705967146201,-0.9274745739175644,-0.4408826026868362
20.0,148.0,1000.9432373046876,0.824493352894084,0.1717593457825232,-2.3768181931737407,-0.0231454770914799,0.5188578186747616,-0.571934593955575,0.1201970601601191,-0.6215705967146201,-0.9274745739175644,-0.4408822121816843
20.0,148.0,1000.9432373046876,0.824493352894084,0.1717593457825232,-2.3768181931737407,-0.0231454770907681,0.5188578186747616,-0.571934593955575,0.1201970601601191,-0.6215705967146201,-0.9274745739175644,-0.4408822138326776
20.0,148.0,1000.9432373046876,0.8244933528940895,0.1717593457825232,-2.37681816374902,-0.0231454769487913,0.5188578186747616,-0.5719345939555747,0.1201970601601191,-0.6215705967146201,-0.9274745739175644,-0.4408822121816843
20.0,148.0,1000.9432373046876,0.824493352894084,0.1717593457825232,-2.3768181931737407,-0.0231454770914799,0.5188578186747616,-0.571934593955575,0.1201970601601191,-0.6215705967146201,-0.9274745739175644,-0.4408822121816843
20.0,148.0,1000.9432373046876,0.8244933528941846,0.1717593457825232,-2.3768181931737407,-0.0231454773413916,0.5188578186747616,-0.571934593955575,0.1201970601601191,-0.6215705967146201,-0.9274745739175644,-0.4408822121816843
20.0,148.0,1000.9432373046876,0.8244933528940794,0.1717593457825232,-2.3768181931737407,-0.0231454769495031,0.5188578186747616,-0.571934593955575,0.1201970601601191,-0.6215705967146201,-0.9274745739175644,-0.4408822121816843
20.0,148.0,1000.9432983398438,0.8244933528941945,0.1717593457825232,-2.376818169979479,-0.023145477285974,0.5187680015684115,-0.571934593955573,0.1201970601601191,-0.6215705967146201,-0.9274745739175644,-0.4408822321026701
20.0,148.0,1000.9432983398438,0.8244933528941841,0.1717593457825232,-2.376818166038288,-0.0231454657555851,0.5188549899109364,-0.571934593955556,0.1201970601601191,-0.6215705967146201,-0.9274745739175644,-0.4408818349605583
20.0,148.0,1000.9432983398438,0.8244933528941741,0.1717593457825232,-2.376818195463009,-0.0231454657555851,0.5188549899109364,-0.5719345939555565,0.1201970601601191,-0.6215705967146201,-0.9274745739175644,-0.4408818349605583
20.0,148.0,1000.9432983398438,0.824493352894091,0.1717593457825232,-2.3768181699796305,-0.0231454770914799,0.5187680015684115,-0.571934593955573,0.1201970601601191,-0.6215705967146201,-0.9274745739175644,-0.4408822335690861
20.0,148.0,1000.9432983398438,0.824493352894091,0.1717593457825232,-2.3768181714316348,-0.0231454770955292,0.5187680015684115,-0.571934593955573,0.1201970601601191,-0.6215705967146201,-0.9274745739175644,-0.4408822151495373
20.0,148.0,1000.9432983398438,0.8244933528941877,0.1717593457825232,-2.376818170074753,-0.0231454767858706,0.5188606839646014,-0.5719345939555729,0.1201970601601191,-0.6215705967146201,-0.9274745739175644,-0.4408819207142499
20.0,148.0,1000.9432983398438,0.824493352894091,0.1717593457825232,-2.3768181922121205,-0.023145477285974,0.5187680015684115,-0.571934593955573,0.1201970601601191,-0.6215705967146201,-0.9274745739175644,-0.4408821896972911
20.0,148.0,1000.9432983398438,0.8244933528941882,0.1717593457825232,-2.3768181700140185,-0.0231454770915215,0.5188578186747616,-0.571934593955575,0.1201970601601191,-0.6215705967146201,-0.9274745739175644,-0.4408819238146849
20.0,148.0,1000.943359375,0.824493352894091,0.1717593457825232,-2.3768181699796305,-0.0231454770914799,0.5187680015684115,-0.571934593955573,0.1201970601601191,-0.6215705967146201,-0.9274745739175644,-0.4408819244618827
20.0,148.0,1000.943359375,0.824493352894091,0.1717593457825232,-2.3768181699796305,-0.023145477285974,0.5187680015684115,-0.571934593955573,0.1201970601601191,-0.6215705967146201,-0.9274745739175644,-0.4408819244618827
20.0,148.0,1000.943359375,0.824493352894091,0.1717593457825232,-2.3768181699796305,-0.0231454770914799,0.5187680015684115,-0.571934593955573,0.1201970601601191,-0.6215705967146201,-0.9274745739175644,-0.4408819244618827
20.0,148.0,1000.943359375,0.824493352894091,0.1717593457825232,-2.3768181699796305,-0.0231454770914799,0.5187680015684115,-0.571934593955573,0.1201970601601191,-0.6215705967146201,-0.9274745739175644,-0.4408819244618827
20.0,148.0,1000.943359375,0.824493352894091,0.1717593457825232,-2.376818169968944,-0.023145477285974,0.5187697823939318,-0.571934593955573,0.1201970601601191,-0.6215705967146201,-0.9274745739175644,-0.4408819244618827
20.0,148.0,1000.943359375,0.824493352894091,0.1717593457825232,-2.3768181699796305,-0.0231454770914799,0.5187680015684115,-0.571934593955573,0.1201970601601191,-0.6215705967146201,-0.9274745739175644,-0.4408819244618827
20.0,148.0,1000.943359375,0.8244933528940951,0.1717593457825232,-2.3768181699796305,-0.0231454767858706,0.5187680015684115,-0.5719345939555729,0.1201970601601191,-0.6215705967146201,-0.9274745739175644,-0.4408819244618827
20.0,148.0,1000.943359375,0.824493352894091,0.1717593457825232,-2.376818169968944,-0.023145477285974,0.5187697823939318,-0.571934593955573,0.1201970601601191,-0.6215705967146201,-0.9274745739175644,-0.4408819244618827
20.0,148.0,1000.943359375,0.824493352894091,0.1717593457825232,-2.3768181699796305,-0.0231454770914799,0.5187680015684115,-0.571934593955573,0.1201970601601191,-0.6215705967146201,-0.9274745739175644,-0.4408819244618827
20.0,148.0,1000.943359375,0.8244933528940951,0.1717593457825232,-2.376818171450032,-0.0231454767858706,0.5187680015684115,-0.5719345939555729,0.1201970601601191,-0.6215705967146201,-0.9274745739175644,-0.4408819244618827
20.0,148.0,1000.943359375,0.824493352894091,0.1717593457825232,-2.376818169969229,-0.0231454770914799,0.5187680015684115,-0.5719345939555572,0.1201970601601191,-0.6215705967146201,-0.9274745739175644,-0.4408819244618827
20.0,148.0,1000.943359375,0.824493352894091,0.1717593457825232,-2.376818169968944,-0.0231454772484001,0.5187698144843884,-0.571934593955573,0.1201970601601191,-0.6215705967146201,-0.9274745739175644,-0.4408819244618827
20.0,148.0,1000.943359375,0.8244933528940903,0.1717593457825232,-2.376818191710065,-0.0231454773373007,0.5187680015684115,-0.571934593955573,0.1201970601601191,-0.6215705967146201,-0.9274745739175644,-0.440881925035427
20.0,148.0,1000.943359375,0.824493352894091,0.1717593457825232,-2.3768181700320388,-0.0231454655242855,0.5187680015684115,-0.5719345939555556,0.1201970601601191,-0.6215705967146201,-0.9274745739175644,-0.440881853406284
20.0,148.0,1000.943359375,0.8244933528941945,0.1717593457825232,-2.3768181699796305,-0.023145477285974,0.5187680015684115,-0.571934593955573,0.1201970601601191,-0.6215705967146201,-0.9274745739175644,-0.4408819244618827
20.0,148.0,1000.943359375,0.8244933528941846,0.1717593457825232,-2.376818170358867,-0.0231454771042695,0.5187666755831644,-0.571934593955575,0.1201970601601191,-0.6215705967146201,-0.9274745739175644,-0.4408822121816843
20.0,148.0,1000.943359375,0.824493352894091,0.1717593457825232,-2.376818170013339,-0.0231454770914799,0.5187680015684115,-0.571934593955573,0.1201970601601191,-0.6215705967146201,-0.9274745739175644,-0.440881900563933
20.0,148.0,1000.943359375,0.8244933528940794,0.1717593457825232,-2.3768181931737407,-0.0231454771006304,0.5187687983846747,-0.571934593955575,0.1201970601601191,-0.6215705967146201,-0.9274745739175644,-0.4408822048901536
20.0,148.0,1000.943359375,0.824493352894091,0.1717593457825232,-2.37681817003356,-0.0231454767636394,0.5187680015684115,-0.5719345939555556,0.1201970601601191,-0.6215705967146201,-0.9274745739175644,-0.4408819715798041
20.0,148.0,1000.943359375,0.8244933528941945,0.1717593457825232,-2.3768181699796305,-0.023145477285974,0.5187680015684115,-0.571934593955573,0.1201970601601191,-0.6215705967146201,-0.9274745739175644,-0.4408819244618827
20.0,148.0,1000.943359375,0.8244933528941842,0.1717593457825232,-2.3768181699796305,-0.0231454771015552,0.5187680015684115,-0.571934593955573,0.1201970601601191,-0.6215705967146201,-0.9274745739175644,-0.4408819126233779
20.0,149.0,1000.9432373046876,0.824493352894084,0.1717593457825232,-2.3768181931737407,-0.0231454770914799,0.5188578186747616,-0.571934593955575,0.1201970601601191,-0.6215705967146201,-0.9274745739175644,-0.4408822121816843
20.0,149.0,1000.9432373046876,0.824493352894084,0.1717593457825232,-2.3768181931737407,-0.0231454770914799,0.5188578186747616,-0.571934593955575,0.1201970601601191,-0.6215705967146201,-0.9274745739175644,-0.4408822121816843
20.0,149.0,1000.9432373046876,0.8244933528941846,0.1717593457825232,-2.3768181931737407,-0.0231454773413916,0.5188578186747616,-0.571934593955575,0.1201970601601191,-0.6215705967146201,-0.9274745739175644,-0.4408822121816843
20.0,149.0,1000.9432373046876,0.8244933528940794,0.1717593457825232,-2.3768181931737407,-0.0231454769487913,0.5188578186747616,-0.571934593955575,0.1201970601601191,-0.6215705967146201,-0.9274745739175644,-0.4408822121816843
20.0,149.0,1000.9432373046876,0.8244933528941853,0.1717593457825232,-2.376818171443306,-0.0231454770955707,0.5188578186747616,-0.571934593955575,0.1201970601601191,-0.6215705967146201,-0.9274745739175644,-0.4408822116081401
20.0,149.0,1000.9432373046876,0.824493352894084,0.1717593457825232,-2.3768181931737407,-0.0231454770914799,0.5188578186747616,-0.571934593955575,0.1201970601601191,-0.6215705967146201,-0.9274745739175644,-0.4408822121816843
20.0,149.0,1000.9432373046876,0.8244933528941873,0.1717593457825232,-2.376818166038288,-0.0231454652598426,0.5188549899109364,-0.571934593955556,0.1201970601601191,-0.6215705967146201,-0.9274745739175644,-0.4408826228163027
20.0,149.0,1000.9432373046876,0.8244933528941882,0.1717593457825232,-2.376818171466023,-0.0231454770955707,0.5188578186747616,-0.571934593955575,0.1201970601601191,-0.6215705967146201,-0.9274745739175644,-0.4408822145023395
20.0,149.0,1000.9432373046876,0.8244933528940844,0.1717593457825232,-2.3768181931737407,-0.0231454773413916,0.5188578186747616,-0.571934593955575,0.1201970601601191,-0.6215705967146201,-0.9274745739175644,-0.4408822121816843
20.0,149.0,1000.9432373046876,0.824493352894084,0.1717593457825232,-2.3768181931737407,-0.0231454770914799,0.5188578186747616,-0.571934593955575,0.1201970601601191,-0.6215705967146201,-0.9274745739175644,-0.4408822121816843
20.0,149.0,1000.9432373046876,0.824493352894084,0.1717593457825232,-2.3768181931737407,-0.0231454770914799,0.5188578186747616,-0.571934593955575,0.1201970601601191,-0.6215705967146201,-0.9274745739175644,-0.4408822138326776
20.0,149.0,1000.9432373046876,0.8244933528941882,0.1717593457825232,-2.3768181714892185,-0.0231454770955707,0.5188578186747616,-0.571934593955575,0.1201970601601191,-0.6215705967146201,-0.9274745739175644,-0.4408822145023395
20.0,149.0,1000.9432373046876,0.824493352894084,0.1717593457825232,-2.3768181920100586,-0.0231454770857545,0.5188578186747616,-0.571934593955575,0.1201970601601191,-0.6215705967146201,-0.9274745739175644,-0.4408822121816843
20.0,149.0,1000.9432373046876,0.8244933528941873,0.1717593457825232,-2.376818166038288,-0.0231454652598426,0.5188549899109364,-0.571934593955556,0.1201970601601191,-0.6215705967146201,-0.9274745739175644,-0.4408826228163027
20.0,149.0,1000.9432373046876,0.8244933528941873,0.1717593457825232,-2.376818166038288,-0.0231454774621978,0.5188549899109364,-0.5719345939555734,0.1201970601601191,-0.6215705967146201,-0.9274745739175644,-0.4408826026868362
20.0,149.0,1000.9432373046876,0.824493352894084,0.1717593457825232,-2.3768181931737407,-0.0231454770914799,0.5188578186747616,-0.571934593955575,0.1201970601601191,-0.6215705967146201,-0.9274745739175644,-0.4408822121816843
20.0,149.0,1000.9432373046876,0.824493352894084,0.1717593457825232,-2.3768181931737407,-0.0231454770907681,0.5188578186747616,-0.571934593955575,0.1201970601601191,-0.6215705967146201,-0.9274745739175644,-0.4408822138326776
20.0,149.0,1000.9432373046876,0.8244933528940895,0.1717593457825232,-2.37681816374902,-0.0231454769487913,0.5188578186747616,-0.5719345939555747,0.1201970601601191,-0.6215705967146201,-0.9274745739175644,-0.4408822121816843
20.0,149.0,1000.9432373046876,0.824493352894084,0.1717593457825232,-2.3768181931737407,-0.0231454770914799,0.5188578186747616,-0.571934593955575,0.1201970601601191,-0.6215705967146201,-0.9274745739175644,-0.4408822121816843
20.0,149.0,1000.9432373046876,0.8244933528941846,0.1717593457825232,-2.3768181931737407,-0.0231454773413916,0.5188578186747616,-0.571934593955575,0.1201970601601191,-0.6215705967146201,-0.9274745739175644,-0.4408822121816843
20.0,149.0,1000.9432373046876,0.8244933528940794,0.1717593457825232,-2.3768181931737407,-0.0231454769495031,0.5188578186747616,-0.571934593955575,0.1201970601601191,-0.6215705967146201,-0.9274745739175644,-0.4408822121816843
20.0,149.0,1000.9432373046876,0.8244933528941873,0.1717593457825232,-2.376818193819988,-0.0231454767152466,0.518857746656337,-0.571934593955556,0.1201970601601191,-0.6215705967146201,-0.9274745739175644,-0.4408822444018306
20.0,149.0,1000.9432373046876,0.8244933528941846,0.1717593457825232,-2.3768181931737407,-0.0231454773413916,0.5188578127219803,-0.571934593955575,0.1201970601601191,-0.6215705967146201,-0.9274745739175644,-0.4408822121816843
20.0,149.0,1000.9432373046876,0.8244933528941739,0.1717593457825232,-2.376818195578807,-0.0231454767222202,0.5188578186747616,-0.571934593955575,0.1201970601601191,-0.6215705967146201,-0.9274745739175644,-0.4408822063575652
20.0,149.0,1000.9432373046876,0.8244933528940794,0.1717593457825232,-2.3768181931737407,-0.0231454769495031,0.5188578186747616,-0.571934593955575,0.1201970601601191,-0.6215705967146201,-0.9274745739175644,-0.4408822121816843
20.0,149.0,1000.9432373046876,0.8244933528940794,0.1717593457825232,-2.3768181931737407,-0.0231454769487913,0.5188578186747616,-0.571934593955575,0.1201970601601191,-0.6215705967146201,-0.9274745739175644,-0.4408822121816843
20.0,149.0,1000.9432373046876,0.8244933528940853,0.1717593457825232,-2.37681816374902,-0.0231454778347824,0.5188546184138192,-0.5719345939555747,0.1201970601601191,-0.6215705967146201,-0.9274745739175644,-0.440882600856085
20.0,149.0,1000.9432373046876,0.8244933528940794,0.1717593457825232,-2.376818165392041,-0.0231454654933873,0.5188550619293609,-0.571934593955575,0.1201970601601191,-0.6215705967146201,-0.9274745739175644,-0.4408825905961564
20.0,149.0,1000.9432373046876,0.824493352894084,0.1717593457825232,-2.3768181931737407,-0.0231454658180361,0.5188492847891056,-0.571934593955575,0.1201970601601191,-0.6215705967146201,-0.9274745739175644,-0.4408818569325445
20.0,149.0,1000.9432373046876,0.8244933528941873,0.1717593457825232,-2.3768181716375043,-0.0231454770914799,0.5188578186747616,-0.571934593955575,0.1201970601601191,-0.6215705967146201,-0.9274745739175644,-0.4408822312686979
20.0,149.0,1000.9432373046876,0.824493352894084,0.1717593457825232,-2.3768181931737407,-0.0231454770914799,0.5188578186747616,-0.571934593955575,0.1201970601601191,-0.6215705967146201,-0.9274745739175644,-0.4408822121816843
20.0,149.0,1000.9432373046876,0.8244933528941853,0.1717593457825232,-2.376818171443306,-0.0231454770955707,0.5188578186747616,-0.571934593955575,0.1201970601601191,-0.6215705967146201,-0.9274745739175644,-0.4408822116081401
20.0,149.0,1000.9432373046876,0.8244933528940844,0.1717593457825232,-2.3768181931737407,-0.0231454773413916,0.5188578186747616,-0.571934593955575,0.1201970601601191,-0.6215705967146201,-0.9274745739175644,-0.4408822121816843
20.0,149.0,1000.9432373046876,0.8244933528941873,0.1717593457825232,-2.376818166038288,-0.0231454774621978,0.5188549899109364,-0.5719345939555734,0.1201970601601191,-0.6215705967146201,-0.9274745739175644,-0.4408826026868362
20.0,149.0,1000.9432373046876,0.8244933528941917,0.1717593457825232,-2.376818166038288,-0.0231454643738514,0.5188581901718787,-0.571934593955556,0.1201970601601191,-0.6215705967146201,-0.9274745739175644,-0.440882234141902
20.0,149.0,1000.9432983398438,0.8244933528941945,0.1717593457825232,-2.376818169979479,-0.023145477285974,0.5187680015684115,-0.571934593955573,0.1201970601601191,-0.6215705967146201,-0.9274745739175644,-0.4408822321026701
20.0,149.0,1000.9432983398438,0.8244933528941841,0.1717593457825232,-2.376818166038288,-0.0231454657555851,0.5188549899109364,-0.571934593955556,0.1201970601601191,-0.6215705967146201,-0.9274745739175644,-0.4408818349605583
20.0,149.0,1000.9432983398438,0.8244933528941741,0.1717593457825232,-2.376818195463009,-0.0231454657555851,0.5188549899109364,-0.5719345939555565,0.1201970601601191,-0.6215705967146201,-0.9274745739175644,-0.4408818349605583
20.0,149.0,1000.9432983398438,0.824493352894091,0.1717593457825232,-2.3768181699796305,-0.0231454770914799,0.5187680015684115,-0.571934593955573,0.1201970601601191,-0.6215705967146201,-0.9274745739175644,-0.4408822335690861
20.0,149.0,1000.9432983398438,0.824493352894091,0.1717593457825232,-2.3768181714316348,-0.0231454770955292,0.5187680015684115,-0.571934593955573,0.1201970601601191,-0.6215705967146201,-0.9274745739175644,-0.4408822151495373
20.0,149.0,1000.9432983398438,0.8244933528941877,0.1717593457825232,-2.376818170074753,-0.0231454767858706,0.5188606839646014,-0.5719345939555729,0.1201970601601191,-0.6215705967146201,-0.9274745739175644,-0.4408819207142499
20.0,149.0,1000.9432983398438,0.824493352894091,0.1717593457825232,-2.3768181922121205,-0.023145477285974,0.5187680015684115,-0.571934593955573,0.1201970601601191,-0.6215705967146201,-0.9274745739175644,-0.4408821896972911
20.0,149.0,1000.9432983398438,0.8244933528941882,0.1717593457825232,-2.3768181700140185,-0.0231454770915215,0.5188578186747616,-0.571934593955575,0.1201970601601191,-0.6215705967146201,-0.9274745739175644,-0.4408819238146849
20.0,149.0,1000.9432983398438,0.824493352894091,0.1717593457825232,-2.3768181700320388,-0.0231454767977293,0.5187765354540675,-0.5719345939555556,0.1201970601601191,-0.6215705967146201,-0.9274745739175644,-0.4408822103064171
20.0,149.0,1000.9432983398438,0.824493352894084,0.1717593457825232,-2.3768181931737407,-0.0231454770883913,0.5188552014892645,-0.571934593955575,0.1201970601601191,-0.6215705967146201,-0.9274745739175644,-0.4408819208892863
20.0,149.0,1000.9432983398438,0.824493352894091,0.1717593457825232,-2.3768181699796305,-0.0231454770914724,0.5188571050676195,-0.571934593955573,0.1201970601601191,-0.6215705967146201,-0.9274745739175644,-0.4408819244618827
20.0,149.0,1000.9432983398438,0.824493352894091,0.1717593457825232,-2.3768181699798894,-0.023145477285974,0.5187697678288439,-0.571934593955573,0.1201970601601191,-0.6215705967146201,-0.9274745739175644,-0.4408822314302618
20.0,149.0,1000.9432983398438,0.8244933528941902,0.1717593457825232,-2.3768181700140683,-0.0231454770915215,0.5188578186747616,-0.571934593955575,0.1201970601601191,-0.6215705967146201,-0.9274745739175644,-0.4408819238047128
20.0,149.0,1000.9432983398438,0.8244933528941883,0.1717593457825232,-2.3768181713502243,-0.0231454661289356,0.5188549899109364,-0.5719345939555565,0.1201970601601191,-0.6215705967146201,-0.9274745739175644,-0.4408818431053325
20.0,149.0,1000.943359375,0.824493352894091,0.1717593457825232,-2.3768181699796305,-0.0231454770914799,0.5187680015684115,-0.571934593955573,0.1201970601601191,-0.6215705967146201,-0.9274745739175644,-0.4408819244618827
20.0,150.0,1000.9432373046876,0.824493352894084,0.1717593457825232,-2.3768181931737407,-0.0231454770914799,0.5188578186747616,-0.571934593955575,0.1201970601601191,-0.6215705967146201,-0.9274745739175644,-0.4408822121816843
20.0,150.0,1000.9432373046876,0.824493352894084,0.1717593457825232,-2.3768181931737407,-0.0231454770914799,0.5188578186747616,-0.571934593955575,0.1201970601601191,-0.6215705967146201,-0.9274745739175644,-0.4408822121816843
20.0,150.0,1000.9432373046876,0.8244933528941846,0.1717593457825232,-2.3768181931737407,-0.0231454773413916,0.5188578186747616,-0.571934593955575,0.1201970601601191,-0.6215705967146201,-0.9274745739175644,-0.4408822121816843
20.0,150.0,1000.9432373046876,0.8244933528940794,0.1717593457825232,-2.3768181931737407,-0.0231454769487913,0.5188578186747616,-0.571934593955575,0.1201970601601191,-0.6215705967146201,-0.9274745739175644,-0.4408822121816843
20.0,150.0,1000.9432373046876,0.8244933528941853,0.1717593457825232,-2.376818171443306,-0.0231454770955707,0.5188578186747616,-0.571934593955575,0.1201970601601191,-0.6215705967146201,-0.9274745739175644,-0.4408822116081401
20.0,150.0,1000.9432373046876,0.824493352894084,0.1717593457825232,-2.3768181931737407,-0.0231454770914799,0.5188578186747616,-0.571934593955575,0.1201970601601191,-0.6215705967146201,-0.9274745739175644,-0.4408822121816843
20.0,150.0,1000.9432373046876,0.8244933528941873,0.1717593457825232,-2.376818166038288,-0.0231454652598426,0.5188549899109364,-0.571934593955556,0.1201970601601191,-0.6215705967146201,-0.9274745739175644,-0.4408826228163027
20.0,150.0,1000.9432373046876,0.8244933528941882,0.1717593457825232,-2.376818171466023,-0.0231454770955707,0.5188578186747616,-0.571934593955575,0.1201970601601191,-0.6215705967146201,-0.9274745739175644,-0.4408822145023395
20.0,150.0,1000.9432373046876,0.8244933528940844,0.1717593457825232,-2.3768181931737407,-0.0231454773413916,0.5188578186747616,-0.571934593955575,0.1201970601601191,-0.6215705967146201,-0.9274745739175644,-0.4408822121816843
20.0,150.0,1000.9432373046876,0.824493352894084,0.1717593457825232,-2.3768181931737407,-0.0231454770914799,0.5188578186747616,-0.571934593955575,0.1201970601601191,-0.6215705967146201,-0.9274745739175644,-0.4408822121816843
20.0,150.0,1000.9432373046876,0.824493352894084,0.1717593457825232,-2.3768181931737407,-0.0231454770914799,0.5188578186747616,-0.571934593955575,0.1201970601601191,-0.6215705967146201,-0.9274745739175644,-0.4408822138326776
20.0,150.0,1000.9432373046876,0.8244933528941882,0.1717593457825232,-2.3768181714892185,-0.0231454770955707,0.5188578186747616,-0.571934593955575,0.1201970601601191,-0.6215705967146201,-0.9274745739175644,-0.4408822145023395
20.0,150.0,1000.9432373046876,0.824493352894084,0.1717593457825232,-2.3768181920100586,-0.0231454770857545,0.5188578186747616,-0.571934593955575,0.1201970601601191,-0.6215705967146201,-0.9274745739175644,-0.4408822121816843
20.0,150.0,1000.9432373046876,0.8244933528941873,0.1717593457825232,-2.376818166038288,-0.0231454652598426,0.5188549899109364,-0.571934593955556,0.1201970601601191,-0.6215705967146201,-0.9274745739175644,-0.4408826228163027
20.0,150.0,1000.9432373046876,0.8244933528941873,0.1717593457825232,-2.376818166038288,-0.0231454774621978,0.5188549899109364,-0.5719345939555734,0.1201970601601191,-0.6215705967146201,-0.9274745739175644,-0.4408826026868362
20.0,150.0,1000.9432373046876,0.824493352894084,0.1717593457825232,-2.3768181931737407,-0.0231454770914799,0.5188578186747616,-0.571934593955575,0.1201970601601191,-0.6215705967146201,-0.9274745739175644,-0.4408822121816843
20.0,150.0,1000.9432373046876,0.824493352894084,0.1717593457825232,-2.3768181931737407,-0.0231454770907681,0.5188578186747616,-0.571934593955575,0.1201970601601191,-0.6215705967146201,-0.9274745739175644,-0.4408822138326776
20.0,150.0,1000.9432373046876,0.8244933528940895,0.1717593457825232,-2.37681816374902,-0.0231454769487913,0.5188578186747616,-0.5719345939555747,0.1201970601601191,-0.6215705967146201,-0.9274745739175644,-0.4408822121816843
20.0,150.0,1000.9432373046876,0.824493352894084,0.1717593457825232,-2.3768181931737407,-0.0231454770914799,0.5188578186747616,-0.571934593955575,0.1201970601601191,-0.6215705967146201,-0.9274745739175644,-0.4408822121816843
20.0,150.0,1000.9432373046876,0.8244933528941846,0.1717593457825232,-2.3768181931737407,-0.0231454773413916,0.5188578186747616,-0.571934593955575,0.1201970601601191,-0.6215705967146201,-0.9274745739175644,-0.4408822121816843
20.0,150.0,1000.9432373046876,0.8244933528940794,0.1717593457825232,-2.3768181931737407,-0.0231454769495031,0.5188578186747616,-0.571934593955575,0.1201970601601191,-0.6215705967146201,-0.9274745739175644,-0.4408822121816843
20.0,150.0,1000.9432373046876,0.8244933528941873,0.1717593457825232,-2.376818193819988,-0.0231454767152466,0.518857746656337,-0.571934593955556,0.1201970601601191,-0.6215705967146201,-0.9274745739175644,-0.4408822444018306
20.0,150.0,1000.9432373046876,0.8244933528941846,0.1717593457825232,-2.3768181931737407,-0.0231454773413916,0.5188578127219803,-0.571934593955575,0.1201970601601191,-0.6215705967146201,-0.9274745739175644,-0.4408822121816843
20.0,150.0,1000.9432373046876,0.8244933528941739,0.1717593457825232,-2.376818195578807,-0.0231454767222202,0.5188578186747616,-0.571934593955575,0.1201970601601191,-0.6215705967146201,-0.9274745739175644,-0.4408822063575652
20.0,150.0,1000.9432373046876,0.8244933528940794,0.1717593457825232,-2.3768181931737407,-0.0231454769495031,0.5188578186747616,-0.571934593955575,0.1201970601601191,-0.6215705967146201,-0.9274745739175644,-0.4408822121816843
20.0,150.0,1000.9432373046876,0.8244933528940794,0.1717593457825232,-2.3768181931737407,-0.0231454769487913,0.5188578186747616,-0.571934593955575,0.1201970601601191,-0.6215705967146201,-0.9274745739175644,-0.4408822121816843
20.0,150.0,1000.9432373046876,0.8244933528940853,0.1717593457825232,-2.37681816374902,-0.0231454778347824,0.5188546184138192,-0.5719345939555747,0.1201970601601191,-0.6215705967146201,-0.9274745739175644,-0.440882600856085
20.0,150.0,1000.9432373046876,0.8244933528940794,0.1717593457825232,-2.376818165392041,-0.0231454654933873,0.5188550619293609,-0.571934593955575,0.1201970601601191,-0.6215705967146201,-0.9274745739175644,-0.4408825905961564
20.0,150.0,1000.9432373046876,0.824493352894084,0.1717593457825232,-2.3768181931737407,-0.0231454658180361,0.5188492847891056,-0.571934593955575,0.1201970601601191,-0.6215705967146201,-0.9274745739175644,-0.4408818569325445
20.0,150.0,1000.9432373046876,0.8244933528941873,0.1717593457825232,-2.3768181716375043,-0.0231454770914799,0.5188578186747616,-0.571934593955575,0.1201970601601191,-0.6215705967146201,-0.9274745739175644,-0.4408822312686979
20.0,150.0,1000.9432373046876,0.824493352894084,0.1717593457825232,-2.3768181931737407,-0.0231454770914799,0.5188578186747616,-0.571934593955575,0.1201970601601191,-0.6215705967146201,-0.9274745739175644,-0.4408822121816843
20.0,150.0,1000.9432373046876,0.8244933528941853,0.1717593457825232,-2.376818171443306,-0.0231454770955707,0.5188578186747616,-0.571934593955575,0.1201970601601191,-0.6215705967146201,-0.9274745739175644,-0.4408822116081401
20.0,150.0,1000.9432373046876,0.8244933528940844,0.1717593457825232,-2.3768181931737407,-0.0231454773413916,0.5188578186747616,-0.571934593955575,0.1201970601601191,-0.6215705967146201,-0.9274745739175644,-0.4408822121816843
20.0,150.0,1000.9432373046876,0.8244933528941873,0.1717593457825232,-2.376818166038288,-0.0231454774621978,0.5188549899109364,-0.5719345939555734,0.1201970601601191,-0.6215705967146201,-0.9274745739175644,-0.4408826026868362
20.0,150.0,1000.9432373046876,0.8244933528941917,0.1717593457825232,-2.376818166038288,-0.0231454643738514,0.5188581901718787,-0.571934593955556,0.1201970601601191,-0.6215705967146201,-0.9274745739175644,-0.440882234141902
20.0,150.0,1000.9432373046876,0.8244933528941846,0.1717593457825232,-2.3768181931737407,-0.0231454773413916,0.518857812890982,-0.571934593955575,0.1201970601601191,-0.6215705967146201,-0.9274745739175644,-0.4408822121816843
20.0,150.0,1000.9432373046876,0.824493352894087,0.1717593457825232,-2.3768181934489463,-0.0231454774605585,0.5188581458690521,-0.571934593955575,0.1201970601601191,-0.6215705967146201,-0.9274745739175644,-0.4408822121816843
20.0,150.0,1000.9432373046876,0.8244933528940794,0.1717593457825232,-2.376818165392041,-0.0231454774125806,0.5188550619293609,-0.571934593955575,0.1201970601601191,-0.6215705967146201,-0.9274745739175644,-0.4408822110497736
20.0,150.0,1000.9432373046876,0.8244933528941853,0.1717593457825232,-2.376818171419115,-0.0231454774548386,0.5188548181131262,-0.571934593955575,0.1201970601601191,-0.6215705967146201,-0.9274745739175644,-0.4408826062061954
20.0,150.0,1000.9432373046876,0.8244933528941873,0.1717593457825232,-2.37681817107884,-0.0231454770914799,0.5188578186747616,-0.571934593955575,0.1201970601601191,-0.6215705967146201,-0.9274745739175644,-0.4408822312686979
20.0,150.0,1000.9432373046876,0.8244933528941917,0.1717593457825232,-2.376818166371673,-0.0231454643738514,0.5188578170754249,-0.5719345939555553,0.1201970601601191,-0.6215705967146201,-0.9274745739175644,-0.440882234141902
20.0,150.0,1000.9432373046876,0.824493352894084,0.1717593457825232,-2.3768181931737407,-0.0231454770914799,0.5188578186747616,-0.571934593955575,0.1201970601601191,-0.6215705967146201,-0.9274745739175644,-0.4408822121816843
20.0,150.0,1000.9432373046876,0.8244933528941853,0.1717593457825232,-2.376818171443306,-0.0231454770955707,0.5188578424111012,-0.5719345939555752,0.1201970601601191,-0.6215705967146201,-0.9274745739175644,-0.4408822116081401
20.0,150.0,1000.9432373046876,0.8244933528941873,0.1717593457825232,-2.376818193819988,-0.0231454767152466,0.518857746656337,-0.571934593955556,0.1201970601601191,-0.6215705967146201,-0.9274745739175644,-0.4408822444018306
20.0,150.0,1000.9432373046876,0.8244933528940892,0.1717593457825232,-2.376818166157814,-0.0231454769487913,0.5188548748987581,-0.5719345939555747,0.1201970601601191,-0.6215705967146201,-0.9274745739175644,-0.440882622649795
20.0,150.0,1000.9432373046876,0.8244933528941846,0.1717593457825232,-2.3768181931737407,-0.0231454773413916,0.51885781850576,-0.571934593955575,0.1201970601601191,-0.6215705967146201,-0.9274745739175644,-0.4408822121816843
20.0,150.0,1000.9432373046876,0.8244933528941842,0.1717593457825232,-2.376818165763083,-0.0231454770931193,0.5188546627166458,-0.5719345939555734,0.1201970601601191,-0.6215705967146201,-0.9274745739175644,-0.4408826026868362
20.0,150.0,1000.9432373046876,0.8244933528940827,0.1717593457825232,-2.3768181661483,-0.0231454652598426,0.5188549899109364,-0.571934593955575,0.1201970601601191,-0.6215705967146201,-0.9274745739175644,-0.4408826341076294
20.0,150.0,1000.9432373046876,0.8244933528941739,0.1717593457825232,-2.376818195578807,-0.0231454648030269,0.5188578186747616,-0.571934593955575,0.1201970601601191,-0.6215705967146201,-0.9274745739175644,-0.440882585903948
20.0,150.0,1000.9432373046876,0.8244933528941821,0.1717593457825232,-2.3768181931737407,-0.0231454649681668,0.5188578407499954,-0.571934593955575,0.1201970601601191,-0.6215705967146201,-0.9274745739175644,-0.4408822121816843
20.0,151.0,1000.9432373046876,0.824493352894084,0.1717593457825232,-2.3768181931737407,-0.0231454770914799,0.5188578186747616,-0.571934593955575,0.1201970601601191,-0.6215705967146201,-0.9274745739175644,-0.4408822121816843
20.0,151.0,1000.9432373046876,0.824493352894084,0.1717593457825232,-2.3768181931737407,-0.0231454770914799,0.5188578186747616,-0.571934593955575,0.1201970601601191,-0.6215705967146201,-0.9274745739175644,-0.4408822121816843
20.0,151.0,1000.9432373046876,0.8244933528941846,0.1717593457825232,-2.3768181931737407,-0.0231454773413916,0.5188578186747616,-0.571934593955575,0.1201970601601191,-0.6215705967146201,-0.9274745739175644,-0.4408822121816843
20.0,151.0,1000.9432373046876,0.8244933528940794,0.1717593457825232,-2.3768181931737407,-0.0231454769487913,0.5188578186747616,-0.571934593955575,0.1201970601601191,-0.6215705967146201,-0.9274745739175644,-0.4408822121816843
20.0,151.0,1000.9432373046876,0.8244933528941853,0.1717593457825232,-2.376818171443306,-0.0231454770955707,0.5188578186747616,-0.571934593955575,0.1201970601601191,-0.6215705967146201,-0.9274745739175644,-0.4408822116081401
20.0,151.0,1000.9432373046876,0.824493352894084,0.1717593457825232,-2.3768181931737407,-0.0231454770914799,0.5188578186747616,-0.571934593955575,0.1201970601601191,-0.6215705967146201,-0.9274745739175644,-0.4408822121816843
20.0,151.0,1000.9432373046876,0.8244933528941873,0.1717593457825232,-2.376818166038288,-0.0231454652598426,0.5188549899109364,-0.571934593955556,0.1201970601601191,-0.6215705967146201,-0.9274745739175644,-0.4408826228163027
20.0,151.0,1000.9432373046876,0.8244933528941882,0.1717593457825232,-2.376818171466023,-0.0231454770955707,0.5188578186747616,-0.571934593955575,0.1201970601601191,-0.6215705967146201,-0.9274745739175644,-0.4408822145023395
20.0,151.0,1000.9432373046876,0.8244933528940844,0.1717593457825232,-2.3768181931737407,-0.0231454773413916,0.5188578186747616,-0.571934593955575,0.1201970601601191,-0.6215705967146201,-0.9274745739175644,-0.4408822121816843
20.0,151.0,1000.9432373046876,0.824493352894084,0.1717593457825232,-2.3768181931737407,-0.0231454770914799,0.5188578186747616,-0.571934593955575,0.1201970601601191,-0.6215705967146201,-0.9274745739175644,-0.4408822121816843
20.0,151.0,1000.9432373046876,0.824493352894084,0.1717593457825232,-2.3768181931737407,-0.0231454770914799,0.5188578186747616,-0.571934593955575,0.1201970601601191,-0.6215705967146201,-0.9274745739175644,-0.4408822138326776
20.0,151.0,1000.9432373046876,0.8244933528941882,0.1717593457825232,-2.3768181714892185,-0.0231454770955707,0.5188578186747616,-0.571934593955575,0.1201970601601191,-0.6215705967146201,-0.9274745739175644,-0.4408822145023395
20.0,151.0,1000.9432373046876,0.824493352894084,0.1717593457825232,-2.3768181920100586,-0.0231454770857545,0.5188578186747616,-0.571934593955575,0.1201970601601191,-0.6215705967146201,-0.9274745739175644,-0.4408822121816843
20.0,151.0,1000.9432373046876,0.8244933528941873,0.1717593457825232,-2.376818166038288,-0.0231454652598426,0.5188549899109364,-0.571934593955556,0.1201970601601191,-0.6215705967146201,-0.9274745739175644,-0.4408826228163027
20.0,151.0,1000.9432373046876,0.8244933528941873,0.1717593457825232,-2.376818166038288,-0.0231454774621978,0.5188549899109364,-0.5719345939555734,0.1201970601601191,-0.6215705967146201,-0.9274745739175644,-0.4408826026868362
20.0,151.0,1000.9432373046876,0.824493352894084,0.1717593457825232,-2.3768181931737407,-0.0231454770914799,0.5188578186747616,-0.571934593955575,0.1201970601601191,-0.6215705967146201,-0.9274745739175644,-0.4408822121816843
20.0,151.0,1000.9432373046876,0.824493352894084,0.1717593457825232,-2.3768181931737407,-0.0231454770907681,0.5188578186747616,-0.571934593955575,0.1201970601601191,-0.6215705967146201,-0.9274745739175644,-0.4408822138326776
20.0,151.0,1000.9432373046876,0.8244933528940895,0.1717593457825232,-2.37681816374902,-0.0231454769487913,0.5188578186747616,-0.5719345939555747,0.1201970601601191,-0.6215705967146201,-0.9274745739175644,-0.4408822121816843
20.0,151.0,1000.9432373046876,0.824493352894084,0.1717593457825232,-2.3768181931737407,-0.0231454770914799,0.5188578186747616,-0.571934593955575,0.1201970601601191,-0.6215705967146201,-0.9274745739175644,-0.4408822121816843
20.0,151.0,1000.9432373046876,0.8244933528941846,0.1717593457825232,-2.3768181931737407,-0.0231454773413916,0.5188578186747616,-0.571934593955575,0.1201970601601191,-0.6215705967146201,-0.9274745739175644,-0.4408822121816843
20.0,151.0,1000.9432373046876,0.8244933528940794,0.1717593457825232,-2.3768181931737407,-0.0231454769495031,0.5188578186747616,-0.571934593955575,0.1201970601601191,-0.6215705967146201,-0.9274745739175644,-0.4408822121816843
20.0,151.0,1000.9432373046876,0.8244933528941873,0.1717593457825232,-2.376818193819988,-0.0231454767152466,0.518857746656337,-0.571934593955556,0.1201970601601191,-0.6215705967146201,-0.9274745739175644,-0.4408822444018306
20.0,151.0,1000.9432373046876,0.8244933528941846,0.1717593457825232,-2.3768181931737407,-0.0231454773413916,0.5188578127219803,-0.571934593955575,0.1201970601601191,-0.6215705967146201,-0.9274745739175644,-0.4408822121816843
20.0,151.0,1000.9432373046876,0.8244933528941739,0.1717593457825232,-2.376818195578807,-0.0231454767222202,0.5188578186747616,-0.571934593955575,0.1201970601601191,-0.6215705967146201,-0.9274745739175644,-0.4408822063575652
20.0,151.0,1000.9432373046876,0.8244933528940794,0.1717593457825232,-2.3768181931737407,-0.0231454769495031,0.5188578186747616,-0.571934593955575,0.1201970601601191,-0.6215705967146201,-0.9274745739175644,-0.4408822121816843
20.0,151.0,1000.9432373046876,0.8244933528940794,0.1717593457825232,-2.3768181931737407,-0.0231454769487913,0.5188578186747616,-0.571934593955575,0.1201970601601191,-0.6215705967146201,-0.9274745739175644,-0.4408822121816843
20.0,151.0,1000.9432373046876,0.8244933528940853,0.1717593457825232,-2.37681816374902,-0.0231454778347824,0.5188546184138192,-0.5719345939555747,0.1201970601601191,-0.6215705967146201,-0.9274745739175644,-0.440882600856085
20.0,151.0,1000.9432373046876,0.8244933528940794,0.1717593457825232,-2.376818165392041,-0.0231454654933873,0.5188550619293609,-0.571934593955575,0.1201970601601191,-0.6215705967146201,-0.9274745739175644,-0.4408825905961564
20.0,151.0,1000.9432373046876,0.824493352894084,0.1717593457825232,-2.3768181931737407,-0.0231454658180361,0.5188492847891056,-0.571934593955575,0.1201970601601191,-0.6215705967146201,-0.9274745739175644,-0.4408818569325445
20.0,151.0,1000.9432373046876,0.8244933528941873,0.1717593457825232,-2.3768181716375043,-0.0231454770914799,0.5188578186747616,-0.571934593955575,0.1201970601601191,-0.6215705967146201,-0.9274745739175644,-0.4408822312686979
20.0,151.0,1000.9432373046876,0.824493352894084,0.1717593457825232,-2.3768181931737407,-0.0231454770914799,0.5188578186747616,-0.571934593955575,0.1201970601601191,-0.6215705967146201,-0.9274745739175644,-0.4408822121816843
20.0,151.0,1000.9432373046876,0.8244933528941853,0.1717593457825232,-2.376818171443306,-0.0231454770955707,0.5188578186747616,-0.571934593955575,0.1201970601601191,-0.6215705967146201,-0.9274745739175644,-0.4408822116081401
20.0,151.0,1000.9432373046876,0.8244933528940844,0.1717593457825232,-2.3768181931737407,-0.0231454773413916,0.5188578186747616,-0.571934593955575,0.1201970601601191,-0.6215705967146201,-0.9274745739175644,-0.4408822121816843
20.0,151.0,1000.9432373046876,0.8244933528941873,0.1717593457825232,-2.376818166038288,-0.0231454774621978,0.5188549899109364,-0.5719345939555734,0.1201970601601191,-0.6215705967146201,-0.9274745739175644,-0.4408826026868362
20.0,151.0,1000.9432373046876,0.8244933528941917,0.1717593457825232,-2.376818166038288,-0.0231454643738514,0.5188581901718787,-0.571934593955556,0.1201970601601191,-0.6215705967146201,-0.9274745739175644,-0.440882234141902
20.0,151.0,1000.9432373046876,0.8244933528941846,0.1717593457825232,-2.3768181931737407,-0.0231454773413916,0.518857812890982,-0.571934593955575,0.1201970601601191,-0.6215705967146201,-0.9274745739175644,-0.4408822121816843
20.0,151.0,1000.9432373046876,0.824493352894087,0.1717593457825232,-2.3768181934489463,-0.0231454774605585,0.5188581458690521,-0.571934593955575,0.1201970601601191,-0.6215705967146201,-0.9274745739175644,-0.4408822121816843
20.0,151.0,1000.9432373046876,0.8244933528940794,0.1717593457825232,-2.376818165392041,-0.0231454774125806,0.5188550619293609,-0.571934593955575,0.1201970601601191,-0.6215705967146201,-0.9274745739175644,-0.4408822110497736
20.0,151.0,1000.9432373046876,0.8244933528941853,0.1717593457825232,-2.376818171419115,-0.0231454774548386,0.5188548181131262,-0.571934593955575,0.1201970601601191,-0.6215705967146201,-0.9274745739175644,-0.4408826062061954
20.0,151.0,1000.9432373046876,0.8244933528941873,0.1717593457825232,-2.37681817107884,-0.0231454770914799,0.5188578186747616,-0.571934593955575,0.1201970601601191,-0.6215705967146201,-0.9274745739175644,-0.4408822312686979
20.0,151.0,1000.9432373046876,0.8244933528941917,0.1717593457825232,-2.376818166371673,-0.0231454643738514,0.5188578170754249,-0.5719345939555553,0.1201970601601191,-0.6215705967146201,-0.9274745739175644,-0.440882234141902
20.0,151.0,1000.9432373046876,0.824493352894084,0.1717593457825232,-2.3768181931737407,-0.0231454770914799,0.5188578186747616,-0.571934593955575,0.1201970601601191,-0.6215705967146201,-0.9274745739175644,-0.4408822121816843
20.0,151.0,1000.9432373046876,0.8244933528941853,0.1717593457825232,-2.376818171443306,-0.0231454770955707,0.5188578424111012,-0.5719345939555752,0.1201970601601191,-0.6215705967146201,-0.9274745739175644,-0.4408822116081401
20.0,151.0,1000.9432373046876,0.8244933528941873,0.1717593457825232,-2.376818193819988,-0.0231454767152466,0.518857746656337,-0.571934593955556,0.1201970601601191,-0.6215705967146201,-0.9274745739175644,-0.4408822444018306
20.0,151.0,1000.9432373046876,0.8244933528940892,0.1717593457825232,-2.376818166157814,-0.0231454769487913,0.5188548748987581,-0.5719345939555747,0.1201970601601191,-0.6215705967146201,-0.9274745739175644,-0.440882622649795
20.0,151.0,1000.9432373046876,0.8244933528941846,0.1717593457825232,-2.3768181931737407,-0.0231454773413916,0.51885781850576,-0.571934593955575,0.1201970601601191,-0.6215705967146201,-0.9274745739175644,-0.4408822121816843
20.0,151.0,1000.9432373046876,0.8244933528941842,0.1717593457825232,-2.376818165763083,-0.0231454770931193,0.5188546627166458,-0.5719345939555734,0.1201970601601191,-0.6215705967146201,-0.9274745739175644,-0.4408826026868362
20.0,151.0,1000.9432373046876,0.8244933528940827,0.1717593457825232,-2.3768181661483,-0.0231454652598426,0.5188549899109364,-0.571934593955575,0.1201970601601191,-0.6215705967146201,-0.9274745739175644,-0.4408826341076294
20.0,151.0,1000.9432373046876,0.8244933528941739,0.1717593457825232,-2.376818195578807,-0.0231454648030269,0.5188578186747616,-0.571934593955575,0.1201970601601191,-0.6215705967146201,-0.9274745739175644,-0.440882585903948
20.0,151.0,1000.9432373046876,0.8244933528941821,0.1717593457825232,-2.3768181931737407,-0.0231454649681668,0.5188578407499954,-0.571934593955575,0.1201970601601191,-0.6215705967146201,-0.9274745739175644,-0.4408822121816843
20.0,152.0,1000.9432373046876,0.824493352894084,0.1717593457825232,-2.3768181931737407,-0.0231454770914799,0.5188578186747616,-0.571934593955575,0.1201970601601191,-0.6215705967146201,-0.9274745739175644,-0.4408822121816843
20.0,152.0,1000.9432373046876,0.824493352894084,0.1717593457825232,-2.3768181931737407,-0.0231454770914799,0.5188578186747616,-0.571934593955575,0.1201970601601191,-0.6215705967146201,-0.9274745739175644,-0.4408822121816843
20.0,152.0,1000.9432373046876,0.8244933528941846,0.1717593457825232,-2.3768181931737407,-0.0231454773413916,0.5188578186747616,-0.571934593955575,0.1201970601601191,-0.6215705967146201,-0.9274745739175644,-0.4408822121816843
20.0,152.0,1000.9432373046876,0.8244933528940794,0.1717593457825232,-2.3768181931737407,-0.0231454769487913,0.5188578186747616,-0.571934593955575,0.1201970601601191,-0.6215705967146201,-0.9274745739175644,-0.4408822121816843
20.0,152.0,1000.9432373046876,0.8244933528941853,0.1717593457825232,-2.376818171443306,-0.0231454770955707,0.5188578186747616,-0.571934593955575,0.1201970601601191,-0.6215705967146201,-0.9274745739175644,-0.4408822116081401
20.0,152.0,1000.9432373046876,0.824493352894084,0.1717593457825232,-2.3768181931737407,-0.0231454770914799,0.5188578186747616,-0.571934593955575,0.1201970601601191,-0.6215705967146201,-0.9274745739175644,-0.4408822121816843
20.0,152.0,1000.9432373046876,0.8244933528941873,0.1717593457825232,-2.376818166038288,-0.0231454652598426,0.5188549899109364,-0.571934593955556,0.1201970601601191,-0.6215705967146201,-0.9274745739175644,-0.4408826228163027
20.0,152.0,1000.9432373046876,0.8244933528941882,0.1717593457825232,-2.376818171466023,-0.0231454770955707,0.5188578186747616,-0.571934593955575,0.1201970601601191,-0.6215705967146201,-0.9274745739175644,-0.4408822145023395
20.0,152.0,1000.9432373046876,0.8244933528940844,0.1717593457825232,-2.3768181931737407,-0.0231454773413916,0.5188578186747616,-0.571934593955575,0.1201970601601191,-0.6215705967146201,-0.9274745739175644,-0.4408822121816843
20.0,152.0,1000.9432373046876,0.824493352894084,0.1717593457825232,-2.3768181931737407,-0.0231454770914799,0.5188578186747616,-0.571934593955575,0.1201970601601191,-0.6215705967146201,-0.9274745739175644,-0.4408822121816843
20.0,152.0,1000.9432373046876,0.824493352894084,0.1717593457825232,-2.3768181931737407,-0.0231454770914799,0.5188578186747616,-0.571934593955575,0.1201970601601191,-0.6215705967146201,-0.9274745739175644,-0.4408822138326776
20.0,152.0,1000.9432373046876,0.8244933528941882,0.1717593457825232,-2.3768181714892185,-0.0231454770955707,0.5188578186747616,-0.571934593955575,0.1201970601601191,-0.6215705967146201,-0.9274745739175644,-0.4408822145023395
20.0,152.0,1000.9432373046876,0.824493352894084,0.1717593457825232,-2.3768181920100586,-0.0231454770857545,0.5188578186747616,-0.571934593955575,0.1201970601601191,-0.6215705967146201,-0.9274745739175644,-0.4408822121816843
20.0,152.0,1000.9432373046876,0.8244933528941873,0.1717593457825232,-2.376818166038288,-0.0231454652598426,0.5188549899109364,-0.571934593955556,0.1201970601601191,-0.6215705967146201,-0.9274745739175644,-0.4408826228163027
20.0,152.0,1000.9432373046876,0.8244933528941873,0.1717593457825232,-2.376818166038288,-0.0231454774621978,0.5188549899109364,-0.5719345939555734,0.1201970601601191,-0.6215705967146201,-0.9274745739175644,-0.4408826026868362
20.0,152.0,1000.9432373046876,0.824493352894084,0.1717593457825232,-2.3768181931737407,-0.0231454770914799,0.5188578186747616,-0.571934593955575,0.1201970601601191,-0.6215705967146201,-0.9274745739175644,-0.4408822121816843
20.0,152.0,1000.9432373046876,0.824493352894084,0.1717593457825232,-2.3768181931737407,-0.0231454770907681,0.5188578186747616,-0.571934593955575,0.1201970601601191,-0.6215705967146201,-0.9274745739175644,-0.4408822138326776
20.0,152.0,1000.9432373046876,0.8244933528940895,0.1717593457825232,-2.37681816374902,-0.0231454769487913,0.5188578186747616,-0.5719345939555747,0.1201970601601191,-0.6215705967146201,-0.9274745739175644,-0.4408822121816843
20.0,152.0,1000.9432373046876,0.824493352894084,0.1717593457825232,-2.3768181931737407,-0.0231454770914799,0.5188578186747616,-0.571934593955575,0.1201970601601191,-0.6215705967146201,-0.9274745739175644,-0.4408822121816843
20.0,152.0,1000.9432373046876,0.8244933528941846,0.1717593457825232,-2.3768181931737407,-0.0231454773413916,0.5188578186747616,-0.571934593955575,0.1201970601601191,-0.6215705967146201,-0.9274745739175644,-0.4408822121816843
20.0,152.0,1000.9432373046876,0.8244933528940794,0.1717593457825232,-2.3768181931737407,-0.0231454769495031,0.5188578186747616,-0.571934593955575,0.1201970601601191,-0.6215705967146201,-0.9274745739175644,-0.4408822121816843
20.0,152.0,1000.9432373046876,0.8244933528941873,0.1717593457825232,-2.376818193819988,-0.0231454767152466,0.518857746656337,-0.571934593955556,0.1201970601601191,-0.6215705967146201,-0.9274745739175644,-0.4408822444018306
20.0,152.0,1000.9432373046876,0.8244933528941846,0.1717593457825232,-2.3768181931737407,-0.0231454773413916,0.5188578127219803,-0.571934593955575,0.1201970601601191,-0.6215705967146201,-0.9274745739175644,-0.4408822121816843
20.0,152.0,1000.9432373046876,0.8244933528941739,0.1717593457825232,-2.376818195578807,-0.0231454767222202,0.5188578186747616,-0.571934593955575,0.1201970601601191,-0.6215705967146201,-0.9274745739175644,-0.4408822063575652
20.0,152.0,1000.9432373046876,0.8244933528940794,0.1717593457825232,-2.3768181931737407,-0.0231454769495031,0.5188578186747616,-0.571934593955575,0.1201970601601191,-0.6215705967146201,-0.9274745739175644,-0.4408822121816843
20.0,152.0,1000.9432373046876,0.8244933528940794,0.1717593457825232,-2.3768181931737407,-0.0231454769487913,0.5188578186747616,-0.571934593955575,0.1201970601601191,-0.6215705967146201,-0.9274745739175644,-0.4408822121816843
20.0,152.0,1000.9432373046876,0.8244933528940853,0.1717593457825232,-2.37681816374902,-0.0231454778347824,0.5188546184138192,-0.5719345939555747,0.1201970601601191,-0.6215705967146201,-0.9274745739175644,-0.440882600856085
20.0,152.0,1000.9432373046876,0.8244933528940794,0.1717593457825232,-2.376818165392041,-0.0231454654933873,0.5188550619293609,-0.571934593955575,0.1201970601601191,-0.6215705967146201,-0.9274745739175644,-0.4408825905961564
20.0,152.0,1000.9432373046876,0.824493352894084,0.1717593457825232,-2.3768181931737407,-0.0231454658180361,0.5188492847891056,-0.571934593955575,0.1201970601601191,-0.6215705967146201,-0.9274745739175644,-0.4408818569325445
20.0,152.0,1000.9432373046876,0.8244933528941873,0.1717593457825232,-2.3768181716375043,-0.0231454770914799,0.5188578186747616,-0.571934593955575,0.1201970601601191,-0.6215705967146201,-0.9274745739175644,-0.4408822312686979
20.0,152.0,1000.9432373046876,0.824493352894084,0.1717593457825232,-2.3768181931737407,-0.0231454770914799,0.5188578186747616,-0.571934593955575,0.1201970601601191,-0.6215705967146201,-0.9274745739175644,-0.4408822121816843
20.0,152.0,1000.9432373046876,0.8244933528941853,0.1717593457825232,-2.376818171443306,-0.0231454770955707,0.5188578186747616,-0.571934593955575,0.1201970601601191,-0.6215705967146201,-0.9274745739175644,-0.4408822116081401
20.0,152.0,1000.9432373046876,0.8244933528940844,0.1717593457825232,-2.3768181931737407,-0.0231454773413916,0.5188578186747616,-0.571934593955575,0.1201970601601191,-0.6215705967146201,-0.9274745739175644,-0.4408822121816843
20.0,152.0,1000.9432373046876,0.8244933528941873,0.1717593457825232,-2.376818166038288,-0.0231454774621978,0.5188549899109364,-0.5719345939555734,0.1201970601601191,-0.6215705967146201,-0.9274745739175644,-0.4408826026868362
20.0,152.0,1000.9432373046876,0.8244933528941917,0.1717593457825232,-2.376818166038288,-0.0231454643738514,0.5188581901718787,-0.571934593955556,0.1201970601601191,-0.6215705967146201,-0.9274745739175644,-0.440882234141902
20.0,152.0,1000.9432373046876,0.8244933528941846,0.1717593457825232,-2.3768181931737407,-0.0231454773413916,0.518857812890982,-0.571934593955575,0.1201970601601191,-0.6215705967146201,-0.9274745739175644,-0.4408822121816843
20.0,152.0,1000.9432373046876,0.824493352894087,0.1717593457825232,-2.3768181934489463,-0.0231454774605585,0.5188581458690521,-0.571934593955575,0.1201970601601191,-0.6215705967146201,-0.9274745739175644,-0.4408822121816843
20.0,152.0,1000.9432373046876,0.8244933528940794,0.1717593457825232,-2.376818165392041,-0.0231454774125806,0.5188550619293609,-0.571934593955575,0.1201970601601191,-0.6215705967146201,-0.9274745739175644,-0.4408822110497736
20.0,152.0,1000.9432373046876,0.8244933528941853,0.1717593457825232,-2.376818171419115,-0.0231454774548386,0.5188548181131262,-0.571934593955575,0.1201970601601191,-0.6215705967146201,-0.9274745739175644,-0.4408826062061954
20.0,152.0,1000.9432373046876,0.8244933528941873,0.1717593457825232,-2.37681817107884,-0.0231454770914799,0.5188578186747616,-0.571934593955575,0.1201970601601191,-0.6215705967146201,-0.9274745739175644,-0.4408822312686979
20.0,152.0,1000.9432373046876,0.8244933528941917,0.1717593457825232,-2.376818166371673,-0.0231454643738514,0.5188578170754249,-0.5719345939555553,0.1201970601601191,-0.6215705967146201,-0.9274745739175644,-0.440882234141902
20.0,152.0,1000.9432373046876,0.824493352894084,0.1717593457825232,-2.3768181931737407,-0.0231454770914799,0.5188578186747616,-0.571934593955575,0.1201970601601191,-0.6215705967146201,-0.9274745739175644,-0.4408822121816843
20.0,152.0,1000.9432373046876,0.8244933528941853,0.1717593457825232,-2.376818171443306,-0.0231454770955707,0.5188578424111012,-0.5719345939555752,0.1201970601601191,-0.6215705967146201,-0.9274745739175644,-0.4408822116081401
20.0,152.0,1000.9432373046876,0.8244933528941873,0.1717593457825232,-2.376818193819988,-0.0231454767152466,0.518857746656337,-0.571934593955556,0.1201970601601191,-0.6215705967146201,-0.9274745739175644,-0.4408822444018306
20.0,152.0,1000.9432373046876,0.8244933528940892,0.1717593457825232,-2.376818166157814,-0.0231454769487913,0.5188548748987581,-0.5719345939555747,0.1201970601601191,-0.6215705967146201,-0.9274745739175644,-0.440882622649795
20.0,152.0,1000.9432373046876,0.8244933528941846,0.1717593457825232,-2.3768181931737407,-0.0231454773413916,0.51885781850576,-0.571934593955575,0.1201970601601191,-0.6215705967146201,-0.9274745739175644,-0.4408822121816843
20.0,152.0,1000.9432373046876,0.8244933528941842,0.1717593457825232,-2.376818165763083,-0.0231454770931193,0.5188546627166458,-0.5719345939555734,0.1201970601601191,-0.6215705967146201,-0.9274745739175644,-0.4408826026868362
20.0,152.0,1000.9432373046876,0.8244933528940827,0.1717593457825232,-2.3768181661483,-0.0231454652598426,0.5188549899109364,-0.571934593955575,0.1201970601601191,-0.6215705967146201,-0.9274745739175644,-0.4408826341076294
20.0,152.0,1000.9432373046876,0.8244933528941739,0.1717593457825232,-2.376818195578807,-0.0231454648030269,0.5188578186747616,-0.571934593955575,0.1201970601601191,-0.6215705967146201,-0.9274745739175644,-0.440882585903948
20.0,152.0,1000.9432373046876,0.8244933528941821,0.1717593457825232,-2.3768181931737407,-0.0231454649681668,0.5188578407499954,-0.571934593955575,0.1201970601601191,-0.6215705967146201,-0.9274745739175644,-0.4408822121816843
20.0,153.0,1000.9432373046876,0.824493352894084,0.1717593457825232,-2.3768181931737407,-0.0231454770914799,0.5188578186747616,-0.571934593955575,0.1201970601601191,-0.6215705967146201,-0.9274745739175644,-0.4408822121816843
20.0,153.0,1000.9432373046876,0.824493352894084,0.1717593457825232,-2.3768181931737407,-0.0231454770914799,0.5188578186747616,-0.571934593955575,0.1201970601601191,-0.6215705967146201,-0.9274745739175644,-0.4408822121816843
20.0,153.0,1000.9432373046876,0.8244933528941846,0.1717593457825232,-2.3768181931737407,-0.0231454773413916,0.5188578186747616,-0.571934593955575,0.1201970601601191,-0.6215705967146201,-0.9274745739175644,-0.4408822121816843
20.0,153.0,1000.9432373046876,0.8244933528940794,0.1717593457825232,-2.3768181931737407,-0.0231454769487913,0.5188578186747616,-0.571934593955575,0.1201970601601191,-0.6215705967146201,-0.9274745739175644,-0.4408822121816843
20.0,153.0,1000.9432373046876,0.8244933528941853,0.1717593457825232,-2.376818171443306,-0.0231454770955707,0.5188578186747616,-0.571934593955575,0.1201970601601191,-0.6215705967146201,-0.9274745739175644,-0.4408822116081401
20.0,153.0,1000.9432373046876,0.824493352894084,0.1717593457825232,-2.3768181931737407,-0.0231454770914799,0.5188578186747616,-0.571934593955575,0.1201970601601191,-0.6215705967146201,-0.9274745739175644,-0.4408822121816843
20.0,153.0,1000.9432373046876,0.8244933528941873,0.1717593457825232,-2.376818166038288,-0.0231454652598426,0.5188549899109364,-0.571934593955556,0.1201970601601191,-0.6215705967146201,-0.9274745739175644,-0.4408826228163027
20.0,153.0,1000.9432373046876,0.8244933528941882,0.1717593457825232,-2.376818171466023,-0.0231454770955707,0.5188578186747616,-0.571934593955575,0.1201970601601191,-0.6215705967146201,-0.9274745739175644,-0.4408822145023395
20.0,153.0,1000.9432373046876,0.8244933528940844,0.1717593457825232,-2.3768181931737407,-0.0231454773413916,0.5188578186747616,-0.571934593955575,0.1201970601601191,-0.6215705967146201,-0.9274745739175644,-0.4408822121816843
20.0,153.0,1000.9432373046876,0.824493352894084,0.1717593457825232,-2.3768181931737407,-0.0231454770914799,0.5188578186747616,-0.571934593955575,0.1201970601601191,-0.6215705967146201,-0.9274745739175644,-0.4408822121816843
20.0,153.0,1000.9432373046876,0.824493352894084,0.1717593457825232,-2.3768181931737407,-0.0231454770914799,0.5188578186747616,-0.571934593955575,0.1201970601601191,-0.6215705967146201,-0.9274745739175644,-0.4408822138326776
20.0,153.0,1000.9432373046876,0.8244933528941882,0.1717593457825232,-2.3768181714892185,-0.0231454770955707,0.5188578186747616,-0.571934593955575,0.1201970601601191,-0.6215705967146201,-0.9274745739175644,-0.4408822145023395
20.0,153.0,1000.9432373046876,0.824493352894084,0.1717593457825232,-2.3768181920100586,-0.0231454770857545,0.5188578186747616,-0.571934593955575,0.1201970601601191,-0.6215705967146201,-0.9274745739175644,-0.4408822121816843
20.0,153.0,1000.9432373046876,0.8244933528941873,0.1717593457825232,-2.376818166038288,-0.0231454652598426,0.5188549899109364,-0.571934593955556,0.1201970601601191,-0.6215705967146201,-0.9274745739175644,-0.4408826228163027
20.0,153.0,1000.9432373046876,0.8244933528941873,0.1717593457825232,-2.376818166038288,-0.0231454774621978,0.5188549899109364,-0.5719345939555734,0.1201970601601191,-0.6215705967146201,-0.9274745739175644,-0.4408826026868362
20.0,153.0,1000.9432373046876,0.824493352894084,0.1717593457825232,-2.3768181931737407,-0.0231454770914799,0.5188578186747616,-0.571934593955575,0.1201970601601191,-0.6215705967146201,-0.9274745739175644,-0.4408822121816843
20.0,153.0,1000.9432373046876,0.824493352894084,0.1717593457825232,-2.3768181931737407,-0.0231454770907681,0.5188578186747616,-0.571934593955575,0.1201970601601191,-0.6215705967146201,-0.9274745739175644,-0.4408822138326776
20.0,153.0,1000.9432373046876,0.8244933528940895,0.1717593457825232,-2.37681816374902,-0.0231454769487913,0.5188578186747616,-0.5719345939555747,0.1201970601601191,-0.6215705967146201,-0.9274745739175644,-0.4408822121816843
20.0,153.0,1000.9432373046876,0.824493352894084,0.1717593457825232,-2.3768181931737407,-0.0231454770914799,0.5188578186747616,-0.571934593955575,0.1201970601601191,-0.6215705967146201,-0.9274745739175644,-0.4408822121816843
20.0,153.0,1000.9432373046876,0.8244933528941846,0.1717593457825232,-2.3768181931737407,-0.0231454773413916,0.5188578186747616,-0.571934593955575,0.1201970601601191,-0.6215705967146201,-0.9274745739175644,-0.4408822121816843
20.0,153.0,1000.9432373046876,0.8244933528940794,0.1717593457825232,-2.3768181931737407,-0.0231454769495031,0.5188578186747616,-0.571934593955575,0.1201970601601191,-0.6215705967146201,-0.9274745739175644,-0.4408822121816843
20.0,153.0,1000.9432373046876,0.8244933528941873,0.1717593457825232,-2.376818193819988,-0.0231454767152466,0.518857746656337,-0.571934593955556,0.1201970601601191,-0.6215705967146201,-0.9274745739175644,-0.4408822444018306
20.0,153.0,1000.9432373046876,0.8244933528941846,0.1717593457825232,-2.3768181931737407,-0.0231454773413916,0.5188578127219803,-0.571934593955575,0.1201970601601191,-0.6215705967146201,-0.9274745739175644,-0.4408822121816843
20.0,153.0,1000.9432373046876,0.8244933528941739,0.1717593457825232,-2.376818195578807,-0.0231454767222202,0.5188578186747616,-0.571934593955575,0.1201970601601191,-0.6215705967146201,-0.9274745739175644,-0.4408822063575652
20.0,153.0,1000.9432373046876,0.8244933528940794,0.1717593457825232,-2.3768181931737407,-0.0231454769495031,0.5188578186747616,-0.571934593955575,0.1201970601601191,-0.6215705967146201,-0.9274745739175644,-0.4408822121816843
20.0,153.0,1000.9432373046876,0.8244933528940794,0.1717593457825232,-2.3768181931737407,-0.0231454769487913,0.5188578186747616,-0.571934593955575,0.1201970601601191,-0.6215705967146201,-0.9274745739175644,-0.4408822121816843
20.0,153.0,1000.9432373046876,0.8244933528940853,0.1717593457825232,-2.37681816374902,-0.0231454778347824,0.5188546184138192,-0.5719345939555747,0.1201970601601191,-0.6215705967146201,-0.9274745739175644,-0.440882600856085
20.0,153.0,1000.9432373046876,0.8244933528940794,0.1717593457825232,-2.376818165392041,-0.0231454654933873,0.5188550619293609,-0.571934593955575,0.1201970601601191,-0.6215705967146201,-0.9274745739175644,-0.4408825905961564
20.0,153.0,1000.9432373046876,0.824493352894084,0.1717593457825232,-2.3768181931737407,-0.0231454658180361,0.5188492847891056,-0.571934593955575,0.1201970601601191,-0.6215705967146201,-0.9274745739175644,-0.4408818569325445
20.0,153.0,1000.9432373046876,0.8244933528941873,0.1717593457825232,-2.3768181716375043,-0.0231454770914799,0.5188578186747616,-0.571934593955575,0.1201970601601191,-0.6215705967146201,-0.9274745739175644,-0.4408822312686979
20.0,153.0,1000.9432373046876,0.824493352894084,0.1717593457825232,-2.3768181931737407,-0.0231454770914799,0.5188578186747616,-0.571934593955575,0.1201970601601191,-0.6215705967146201,-0.9274745739175644,-0.4408822121816843
20.0,153.0,1000.9432373046876,0.8244933528941853,0.1717593457825232,-2.376818171443306,-0.0231454770955707,0.5188578186747616,-0.571934593955575,0.1201970601601191,-0.6215705967146201,-0.9274745739175644,-0.4408822116081401
20.0,153.0,1000.9432373046876,0.8244933528940844,0.1717593457825232,-2.3768181931737407,-0.0231454773413916,0.5188578186747616,-0.571934593955575,0.1201970601601191,-0.6215705967146201,-0.9274745739175644,-0.4408822121816843
20.0,153.0,1000.9432373046876,0.8244933528941873,0.1717593457825232,-2.376818166038288,-0.0231454774621978,0.5188549899109364,-0.5719345939555734,0.1201970601601191,-0.6215705967146201,-0.9274745739175644,-0.4408826026868362
20.0,153.0,1000.9432373046876,0.8244933528941917,0.1717593457825232,-2.376818166038288,-0.0231454643738514,0.5188581901718787,-0.571934593955556,0.1201970601601191,-0.6215705967146201,-0.9274745739175644,-0.440882234141902
20.0,153.0,1000.9432373046876,0.8244933528941846,0.1717593457825232,-2.3768181931737407,-0.0231454773413916,0.518857812890982,-0.571934593955575,0.1201970601601191,-0.6215705967146201,-0.9274745739175644,-0.4408822121816843
20.0,153.0,1000.9432373046876,0.824493352894087,0.1717593457825232,-2.3768181934489463,-0.0231454774605585,0.5188581458690521,-0.571934593955575,0.1201970601601191,-0.6215705967146201,-0.9274745739175644,-0.4408822121816843
20.0,153.0,1000.9432373046876,0.8244933528940794,0.1717593457825232,-2.376818165392041,-0.0231454774125806,0.5188550619293609,-0.571934593955575,0.1201970601601191,-0.6215705967146201,-0.9274745739175644,-0.4408822110497736
20.0,153.0,1000.9432373046876,0.8244933528941853,0.1717593457825232,-2.376818171419115,-0.0231454774548386,0.5188548181131262,-0.571934593955575,0.1201970601601191,-0.6215705967146201,-0.9274745739175644,-0.4408826062061954
20.0,153.0,1000.9432373046876,0.8244933528941873,0.1717593457825232,-2.37681817107884,-0.0231454770914799,0.5188578186747616,-0.571934593955575,0.1201970601601191,-0.6215705967146201,-0.9274745739175644,-0.4408822312686979
20.0,153.0,1000.9432373046876,0.8244933528941917,0.1717593457825232,-2.376818166371673,-0.0231454643738514,0.5188578170754249,-0.5719345939555553,0.1201970601601191,-0.6215705967146201,-0.9274745739175644,-0.440882234141902
20.0,153.0,1000.9432373046876,0.824493352894084,0.1717593457825232,-2.3768181931737407,-0.0231454770914799,0.5188578186747616,-0.571934593955575,0.1201970601601191,-0.6215705967146201,-0.9274745739175644,-0.4408822121816843
20.0,153.0,1000.9432373046876,0.8244933528941853,0.1717593457825232,-2.376818171443306,-0.0231454770955707,0.5188578424111012,-0.5719345939555752,0.1201970601601191,-0.6215705967146201,-0.9274745739175644,-0.4408822116081401
20.0,153.0,1000.9432373046876,0.8244933528941873,0.1717593457825232,-2.376818193819988,-0.0231454767152466,0.518857746656337,-0.571934593955556,0.1201970601601191,-0.6215705967146201,-0.9274745739175644,-0.4408822444018306
20.0,153.0,1000.9432373046876,0.8244933528940892,0.1717593457825232,-2.376818166157814,-0.0231454769487913,0.5188548748987581,-0.5719345939555747,0.1201970601601191,-0.6215705967146201,-0.9274745739175644,-0.440882622649795
20.0,153.0,1000.9432373046876,0.8244933528941846,0.1717593457825232,-2.3768181931737407,-0.0231454773413916,0.51885781850576,-0.571934593955575,0.1201970601601191,-0.6215705967146201,-0.9274745739175644,-0.4408822121816843
20.0,153.0,1000.9432373046876,0.8244933528941842,0.1717593457825232,-2.376818165763083,-0.0231454770931193,0.5188546627166458,-0.5719345939555734,0.1201970601601191,-0.6215705967146201,-0.9274745739175644,-0.4408826026868362
20.0,153.0,1000.9432373046876,0.8244933528940827,0.1717593457825232,-2.3768181661483,-0.0231454652598426,0.5188549899109364,-0.571934593955575,0.1201970601601191,-0.6215705967146201,-0.9274745739175644,-0.4408826341076294
20.0,153.0,1000.9432373046876,0.8244933528941739,0.1717593457825232,-2.376818195578807,-0.0231454648030269,0.5188578186747616,-0.571934593955575,0.1201970601601191,-0.6215705967146201,-0.9274745739175644,-0.440882585903948
20.0,153.0,1000.9432373046876,0.8244933528941821,0.1717593457825232,-2.3768181931737407,-0.0231454649681668,0.5188578407499954,-0.571934593955575,0.1201970601601191,-0.6215705967146201,-0.9274745739175644,-0.4408822121816843
20.0,154.0,1000.9432373046876,0.824493352894084,0.1717593457825232,-2.3768181931737407,-0.0231454770914799,0.5188578186747616,-0.571934593955575,0.1201970601601191,-0.6215705967146201,-0.9274745739175644,-0.4408822121816843
20.0,154.0,1000.9432373046876,0.824493352894084,0.1717593457825232,-2.3768181931737407,-0.0231454770914799,0.5188578186747616,-0.571934593955575,0.1201970601601191,-0.6215705967146201,-0.9274745739175644,-0.4408822121816843
20.0,154.0,1000.9432373046876,0.8244933528941846,0.1717593457825232,-2.3768181931737407,-0.0231454773413916,0.5188578186747616,-0.571934593955575,0.1201970601601191,-0.6215705967146201,-0.9274745739175644,-0.4408822121816843
20.0,154.0,1000.9432373046876,0.8244933528940794,0.1717593457825232,-2.3768181931737407,-0.0231454769487913,0.5188578186747616,-0.571934593955575,0.1201970601601191,-0.6215705967146201,-0.9274745739175644,-0.4408822121816843
20.0,154.0,1000.9432373046876,0.8244933528941853,0.1717593457825232,-2.376818171443306,-0.0231454770955707,0.5188578186747616,-0.571934593955575,0.1201970601601191,-0.6215705967146201,-0.9274745739175644,-0.4408822116081401
20.0,154.0,1000.9432373046876,0.824493352894084,0.1717593457825232,-2.3768181931737407,-0.0231454770914799,0.5188578186747616,-0.571934593955575,0.1201970601601191,-0.6215705967146201,-0.9274745739175644,-0.4408822121816843
20.0,154.0,1000.9432373046876,0.8244933528941873,0.1717593457825232,-2.376818166038288,-0.0231454652598426,0.5188549899109364,-0.571934593955556,0.1201970601601191,-0.6215705967146201,-0.9274745739175644,-0.4408826228163027
20.0,154.0,1000.9432373046876,0.8244933528941882,0.1717593457825232,-2.376818171466023,-0.0231454770955707,0.5188578186747616,-0.571934593955575,0.1201970601601191,-0.6215705967146201,-0.9274745739175644,-0.4408822145023395
20.0,154.0,1000.9432373046876,0.8244933528940844,0.1717593457825232,-2.3768181931737407,-0.0231454773413916,0.5188578186747616,-0.571934593955575,0.1201970601601191,-0.6215705967146201,-0.9274745739175644,-0.4408822121816843
20.0,154.0,1000.9432373046876,0.824493352894084,0.1717593457825232,-2.3768181931737407,-0.0231454770914799,0.5188578186747616,-0.571934593955575,0.1201970601601191,-0.6215705967146201,-0.9274745739175644,-0.4408822121816843
20.0,154.0,1000.9432373046876,0.824493352894084,0.1717593457825232,-2.3768181931737407,-0.0231454770914799,0.5188578186747616,-0.571934593955575,0.1201970601601191,-0.6215705967146201,-0.9274745739175644,-0.4408822138326776
20.0,154.0,1000.9432373046876,0.8244933528941882,0.1717593457825232,-2.3768181714892185,-0.0231454770955707,0.5188578186747616,-0.571934593955575,0.1201970601601191,-0.6215705967146201,-0.9274745739175644,-0.4408822145023395
20.0,154.0,1000.9432373046876,0.824493352894084,0.1717593457825232,-2.3768181920100586,-0.0231454770857545,0.5188578186747616,-0.571934593955575,0.1201970601601191,-0.6215705967146201,-0.9274745739175644,-0.4408822121816843
20.0,154.0,1000.9432373046876,0.8244933528941873,0.1717593457825232,-2.376818166038288,-0.0231454652598426,0.5188549899109364,-0.571934593955556,0.1201970601601191,-0.6215705967146201,-0.9274745739175644,-0.4408826228163027
20.0,154.0,1000.9432373046876,0.8244933528941873,0.1717593457825232,-2.376818166038288,-0.0231454774621978,0.5188549899109364,-0.5719345939555734,0.1201970601601191,-0.6215705967146201,-0.9274745739175644,-0.4408826026868362
20.0,154.0,1000.9432373046876,0.824493352894084,0.1717593457825232,-2.3768181931737407,-0.0231454770914799,0.5188578186747616,-0.571934593955575,0.1201970601601191,-0.6215705967146201,-0.9274745739175644,-0.4408822121816843
20.0,154.0,1000.9432373046876,0.824493352894084,0.1717593457825232,-2.3768181931737407,-0.0231454770907681,0.5188578186747616,-0.571934593955575,0.1201970601601191,-0.6215705967146201,-0.9274745739175644,-0.4408822138326776
20.0,154.0,1000.9432373046876,0.8244933528940895,0.1717593457825232,-2.37681816374902,-0.0231454769487913,0.5188578186747616,-0.5719345939555747,0.1201970601601191,-0.6215705967146201,-0.9274745739175644,-0.4408822121816843
20.0,154.0,1000.9432373046876,0.824493352894084,0.1717593457825232,-2.3768181931737407,-0.0231454770914799,0.5188578186747616,-0.571934593955575,0.1201970601601191,-0.6215705967146201,-0.9274745739175644,-0.4408822121816843
20.0,154.0,1000.9432373046876,0.8244933528941846,0.1717593457825232,-2.3768181931737407,-0.0231454773413916,0.5188578186747616,-0.571934593955575,0.1201970601601191,-0.6215705967146201,-0.9274745739175644,-0.4408822121816843
20.0,154.0,1000.9432373046876,0.8244933528940794,0.1717593457825232,-2.3768181931737407,-0.0231454769495031,0.5188578186747616,-0.571934593955575,0.1201970601601191,-0.6215705967146201,-0.9274745739175644,-0.4408822121816843
20.0,154.0,1000.9432373046876,0.8244933528941873,0.1717593457825232,-2.376818193819988,-0.0231454767152466,0.518857746656337,-0.571934593955556,0.1201970601601191,-0.6215705967146201,-0.9274745739175644,-0.4408822444018306
20.0,154.0,1000.9432373046876,0.8244933528941846,0.1717593457825232,-2.3768181931737407,-0.0231454773413916,0.5188578127219803,-0.571934593955575,0.1201970601601191,-0.6215705967146201,-0.9274745739175644,-0.4408822121816843
20.0,154.0,1000.9432373046876,0.8244933528941739,0.1717593457825232,-2.376818195578807,-0.0231454767222202,0.5188578186747616,-0.571934593955575,0.1201970601601191,-0.6215705967146201,-0.9274745739175644,-0.4408822063575652
20.0,154.0,1000.9432373046876,0.8244933528940794,0.1717593457825232,-2.3768181931737407,-0.0231454769495031,0.5188578186747616,-0.571934593955575,0.1201970601601191,-0.6215705967146201,-0.9274745739175644,-0.4408822121816843
20.0,154.0,1000.9432373046876,0.8244933528940794,0.1717593457825232,-2.3768181931737407,-0.0231454769487913,0.5188578186747616,-0.571934593955575,0.1201970601601191,-0.6215705967146201,-0.9274745739175644,-0.4408822121816843
20.0,154.0,1000.9432373046876,0.8244933528940853,0.1717593457825232,-2.37681816374902,-0.0231454778347824,0.5188546184138192,-0.5719345939555747,0.1201970601601191,-0.6215705967146201,-0.9274745739175644,-0.440882600856085
20.0,154.0,1000.9432373046876,0.8244933528940794,0.1717593457825232,-2.376818165392041,-0.0231454654933873,0.5188550619293609,-0.571934593955575,0.1201970601601191,-0.6215705967146201,-0.9274745739175644,-0.4408825905961564
20.0,154.0,1000.9432373046876,0.824493352894084,0.1717593457825232,-2.3768181931737407,-0.0231454658180361,0.5188492847891056,-0.571934593955575,0.1201970601601191,-0.6215705967146201,-0.9274745739175644,-0.4408818569325445
20.0,154.0,1000.9432373046876,0.8244933528941873,0.1717593457825232,-2.3768181716375043,-0.0231454770914799,0.5188578186747616,-0.571934593955575,0.1201970601601191,-0.6215705967146201,-0.9274745739175644,-0.4408822312686979
20.0,154.0,1000.9432373046876,0.824493352894084,0.1717593457825232,-2.3768181931737407,-0.0231454770914799,0.5188578186747616,-0.571934593955575,0.1201970601601191,-0.6215705967146201,-0.9274745739175644,-0.4408822121816843
20.0,154.0,1000.9432373046876,0.8244933528941853,0.1717593457825232,-2.376818171443306,-0.0231454770955707,0.5188578186747616,-0.571934593955575,0.1201970601601191,-0.6215705967146201,-0.9274745739175644,-0.4408822116081401
20.0,154.0,1000.9432373046876,0.8244933528940844,0.1717593457825232,-2.3768181931737407,-0.0231454773413916,0.5188578186747616,-0.571934593955575,0.1201970601601191,-0.6215705967146201,-0.9274745739175644,-0.4408822121816843
20.0,154.0,1000.9432373046876,0.8244933528941873,0.1717593457825232,-2.376818166038288,-0.0231454774621978,0.5188549899109364,-0.5719345939555734,0.1201970601601191,-0.6215705967146201,-0.9274745739175644,-0.4408826026868362
20.0,154.0,1000.9432373046876,0.8244933528941917,0.1717593457825232,-2.376818166038288,-0.0231454643738514,0.5188581901718787,-0.571934593955556,0.1201970601601191,-0.6215705967146201,-0.9274745739175644,-0.440882234141902
20.0,154.0,1000.9432373046876,0.8244933528941846,0.1717593457825232,-2.3768181931737407,-0.0231454773413916,0.518857812890982,-0.571934593955575,0.1201970601601191,-0.6215705967146201,-0.9274745739175644,-0.4408822121816843
20.0,154.0,1000.9432373046876,0.824493352894087,0.1717593457825232,-2.3768181934489463,-0.0231454774605585,0.5188581458690521,-0.571934593955575,0.1201970601601191,-0.6215705967146201,-0.9274745739175644,-0.4408822121816843
20.0,154.0,1000.9432373046876,0.8244933528940794,0.1717593457825232,-2.376818165392041,-0.0231454774125806,0.5188550619293609,-0.571934593955575,0.1201970601601191,-0.6215705967146201,-0.9274745739175644,-0.4408822110497736
20.0,154.0,1000.9432373046876,0.8244933528941853,0.1717593457825232,-2.376818171419115,-0.0231454774548386,0.5188548181131262,-0.571934593955575,0.1201970601601191,-0.6215705967146201,-0.9274745739175644,-0.4408826062061954
20.0,154.0,1000.9432373046876,0.8244933528941873,0.1717593457825232,-2.37681817107884,-0.0231454770914799,0.5188578186747616,-0.571934593955575,0.1201970601601191,-0.6215705967146201,-0.9274745739175644,-0.4408822312686979
20.0,154.0,1000.9432373046876,0.8244933528941917,0.1717593457825232,-2.376818166371673,-0.0231454643738514,0.5188578170754249,-0.5719345939555553,0.1201970601601191,-0.6215705967146201,-0.9274745739175644,-0.440882234141902
20.0,154.0,1000.9432373046876,0.824493352894084,0.1717593457825232,-2.3768181931737407,-0.0231454770914799,0.5188578186747616,-0.571934593955575,0.1201970601601191,-0.6215705967146201,-0.9274745739175644,-0.4408822121816843
20.0,154.0,1000.9432373046876,0.8244933528941853,0.1717593457825232,-2.376818171443306,-0.0231454770955707,0.5188578424111012,-0.5719345939555752,0.1201970601601191,-0.6215705967146201,-0.9274745739175644,-0.4408822116081401
20.0,154.0,1000.9432373046876,0.8244933528941873,0.1717593457825232,-2.376818193819988,-0.0231454767152466,0.518857746656337,-0.571934593955556,0.1201970601601191,-0.6215705967146201,-0.9274745739175644,-0.4408822444018306
20.0,154.0,1000.9432373046876,0.8244933528940892,0.1717593457825232,-2.376818166157814,-0.0231454769487913,0.5188548748987581,-0.5719345939555747,0.1201970601601191,-0.6215705967146201,-0.9274745739175644,-0.440882622649795
20.0,154.0,1000.9432373046876,0.8244933528941846,0.1717593457825232,-2.3768181931737407,-0.0231454773413916,0.51885781850576,-0.571934593955575,0.1201970601601191,-0.6215705967146201,-0.9274745739175644,-0.4408822121816843
20.0,154.0,1000.9432373046876,0.8244933528941842,0.1717593457825232,-2.376818165763083,-0.0231454770931193,0.5188546627166458,-0.5719345939555734,0.1201970601601191,-0.6215705967146201,-0.9274745739175644,-0.4408826026868362
20.0,154.0,1000.9432373046876,0.8244933528940827,0.1717593457825232,-2.3768181661483,-0.0231454652598426,0.5188549899109364,-0.571934593955575,0.1201970601601191,-0.6215705967146201,-0.9274745739175644,-0.4408826341076294
20.0,154.0,1000.9432373046876,0.8244933528941739,0.1717593457825232,-2.376818195578807,-0.0231454648030269,0.5188578186747616,-0.571934593955575,0.1201970601601191,-0.6215705967146201,-0.9274745739175644,-0.440882585903948
20.0,154.0,1000.9432373046876,0.8244933528941821,0.1717593457825232,-2.3768181931737407,-0.0231454649681668,0.5188578407499954,-0.571934593955575,0.1201970601601191,-0.6215705967146201,-0.9274745739175644,-0.4408822121816843
20.0,155.0,1000.9432373046876,0.824493352894084,0.1717593457825232,-2.3768181931737407,-0.0231454770914799,0.5188578186747616,-0.571934593955575,0.1201970601601191,-0.6215705967146201,-0.9274745739175644,-0.4408822121816843
20.0,155.0,1000.9432373046876,0.824493352894084,0.1717593457825232,-2.3768181931737407,-0.0231454770914799,0.5188578186747616,-0.571934593955575,0.1201970601601191,-0.6215705967146201,-0.9274745739175644,-0.4408822121816843
20.0,155.0,1000.9432373046876,0.8244933528941846,0.1717593457825232,-2.3768181931737407,-0.0231454773413916,0.5188578186747616,-0.571934593955575,0.1201970601601191,-0.6215705967146201,-0.9274745739175644,-0.4408822121816843
20.0,155.0,1000.9432373046876,0.8244933528940794,0.1717593457825232,-2.3768181931737407,-0.0231454769487913,0.5188578186747616,-0.571934593955575,0.1201970601601191,-0.6215705967146201,-0.9274745739175644,-0.4408822121816843
20.0,155.0,1000.9432373046876,0.8244933528941853,0.1717593457825232,-2.376818171443306,-0.0231454770955707,0.5188578186747616,-0.571934593955575,0.1201970601601191,-0.6215705967146201,-0.9274745739175644,-0.4408822116081401
20.0,155.0,1000.9432373046876,0.824493352894084,0.1717593457825232,-2.3768181931737407,-0.0231454770914799,0.5188578186747616,-0.571934593955575,0.1201970601601191,-0.6215705967146201,-0.9274745739175644,-0.4408822121816843
20.0,155.0,1000.9432373046876,0.8244933528941873,0.1717593457825232,-2.376818166038288,-0.0231454652598426,0.5188549899109364,-0.571934593955556,0.1201970601601191,-0.6215705967146201,-0.9274745739175644,-0.4408826228163027
20.0,155.0,1000.9432373046876,0.8244933528941882,0.1717593457825232,-2.376818171466023,-0.0231454770955707,0.5188578186747616,-0.571934593955575,0.1201970601601191,-0.6215705967146201,-0.9274745739175644,-0.4408822145023395
20.0,155.0,1000.9432373046876,0.8244933528940844,0.1717593457825232,-2.3768181931737407,-0.0231454773413916,0.5188578186747616,-0.571934593955575,0.1201970601601191,-0.6215705967146201,-0.9274745739175644,-0.4408822121816843
20.0,155.0,1000.9432373046876,0.824493352894084,0.1717593457825232,-2.3768181931737407,-0.0231454770914799,0.5188578186747616,-0.571934593955575,0.1201970601601191,-0.6215705967146201,-0.9274745739175644,-0.4408822121816843
20.0,155.0,1000.9432373046876,0.824493352894084,0.1717593457825232,-2.3768181931737407,-0.0231454770914799,0.5188578186747616,-0.571934593955575,0.1201970601601191,-0.6215705967146201,-0.9274745739175644,-0.4408822138326776
20.0,155.0,1000.9432373046876,0.8244933528941882,0.1717593457825232,-2.3768181714892185,-0.0231454770955707,0.5188578186747616,-0.571934593955575,0.1201970601601191,-0.6215705967146201,-0.9274745739175644,-0.4408822145023395
20.0,155.0,1000.9432373046876,0.824493352894084,0.1717593457825232,-2.3768181920100586,-0.0231454770857545,0.5188578186747616,-0.571934593955575,0.1201970601601191,-0.6215705967146201,-0.9274745739175644,-0.4408822121816843
20.0,155.0,1000.9432373046876,0.8244933528941873,0.1717593457825232,-2.376818166038288,-0.0231454652598426,0.5188549899109364,-0.571934593955556,0.1201970601601191,-0.6215705967146201,-0.9274745739175644,-0.4408826228163027
20.0,155.0,1000.9432373046876,0.8244933528941873,0.1717593457825232,-2.376818166038288,-0.0231454774621978,0.5188549899109364,-0.5719345939555734,0.1201970601601191,-0.6215705967146201,-0.9274745739175644,-0.4408826026868362
20.0,155.0,1000.9432373046876,0.824493352894084,0.1717593457825232,-2.3768181931737407,-0.0231454770914799,0.5188578186747616,-0.571934593955575,0.1201970601601191,-0.6215705967146201,-0.9274745739175644,-0.4408822121816843
20.0,155.0,1000.9432373046876,0.824493352894084,0.1717593457825232,-2.3768181931737407,-0.0231454770907681,0.5188578186747616,-0.571934593955575,0.1201970601601191,-0.6215705967146201,-0.9274745739175644,-0.4408822138326776
20.0,155.0,1000.9432373046876,0.8244933528940895,0.1717593457825232,-2.37681816374902,-0.0231454769487913,0.5188578186747616,-0.5719345939555747,0.1201970601601191,-0.6215705967146201,-0.9274745739175644,-0.4408822121816843
20.0,155.0,1000.9432373046876,0.824493352894084,0.1717593457825232,-2.3768181931737407,-0.0231454770914799,0.5188578186747616,-0.571934593955575,0.1201970601601191,-0.6215705967146201,-0.9274745739175644,-0.4408822121816843
20.0,155.0,1000.9432373046876,0.8244933528941846,0.1717593457825232,-2.3768181931737407,-0.0231454773413916,0.5188578186747616,-0.571934593955575,0.1201970601601191,-0.6215705967146201,-0.9274745739175644,-0.4408822121816843
20.0,155.0,1000.9432373046876,0.8244933528940794,0.1717593457825232,-2.3768181931737407,-0.0231454769495031,0.5188578186747616,-0.571934593955575,0.1201970601601191,-0.6215705967146201,-0.9274745739175644,-0.4408822121816843
20.0,155.0,1000.9432373046876,0.8244933528941873,0.1717593457825232,-2.376818193819988,-0.0231454767152466,0.518857746656337,-0.571934593955556,0.1201970601601191,-0.6215705967146201,-0.9274745739175644,-0.4408822444018306
20.0,155.0,1000.9432373046876,0.8244933528941846,0.1717593457825232,-2.3768181931737407,-0.0231454773413916,0.5188578127219803,-0.571934593955575,0.1201970601601191,-0.6215705967146201,-0.9274745739175644,-0.4408822121816843
20.0,155.0,1000.9432373046876,0.8244933528941739,0.1717593457825232,-2.376818195578807,-0.0231454767222202,0.5188578186747616,-0.571934593955575,0.1201970601601191,-0.6215705967146201,-0.9274745739175644,-0.4408822063575652
20.0,155.0,1000.9432373046876,0.8244933528940794,0.1717593457825232,-2.3768181931737407,-0.0231454769495031,0.5188578186747616,-0.571934593955575,0.1201970601601191,-0.6215705967146201,-0.9274745739175644,-0.4408822121816843
20.0,155.0,1000.9432373046876,0.8244933528940794,0.1717593457825232,-2.3768181931737407,-0.0231454769487913,0.5188578186747616,-0.571934593955575,0.1201970601601191,-0.6215705967146201,-0.9274745739175644,-0.4408822121816843
20.0,155.0,1000.9432373046876,0.8244933528940853,0.1717593457825232,-2.37681816374902,-0.0231454778347824,0.5188546184138192,-0.5719345939555747,0.1201970601601191,-0.6215705967146201,-0.9274745739175644,-0.440882600856085
20.0,155.0,1000.9432373046876,0.8244933528940794,0.1717593457825232,-2.376818165392041,-0.0231454654933873,0.5188550619293609,-0.571934593955575,0.1201970601601191,-0.6215705967146201,-0.9274745739175644,-0.4408825905961564
20.0,155.0,1000.9432373046876,0.824493352894084,0.1717593457825232,-2.3768181931737407,-0.0231454658180361,0.5188492847891056,-0.571934593955575,0.1201970601601191,-0.6215705967146201,-0.9274745739175644,-0.4408818569325445
20.0,155.0,1000.9432373046876,0.8244933528941873,0.1717593457825232,-2.3768181716375043,-0.0231454770914799,0.5188578186747616,-0.571934593955575,0.1201970601601191,-0.6215705967146201,-0.9274745739175644,-0.4408822312686979
20.0,155.0,1000.9432373046876,0.824493352894084,0.1717593457825232,-2.3768181931737407,-0.0231454770914799,0.5188578186747616,-0.571934593955575,0.1201970601601191,-0.6215705967146201,-0.9274745739175644,-0.4408822121816843
20.0,155.0,1000.9432373046876,0.8244933528941853,0.1717593457825232,-2.376818171443306,-0.0231454770955707,0.5188578186747616,-0.571934593955575,0.1201970601601191,-0.6215705967146201,-0.9274745739175644,-0.4408822116081401
20.0,155.0,1000.9432373046876,0.8244933528940844,0.1717593457825232,-2.3768181931737407,-0.0231454773413916,0.5188578186747616,-0.571934593955575,0.1201970601601191,-0.6215705967146201,-0.9274745739175644,-0.4408822121816843
20.0,155.0,1000.9432373046876,0.8244933528941873,0.1717593457825232,-2.376818166038288,-0.0231454774621978,0.5188549899109364,-0.5719345939555734,0.1201970601601191,-0.6215705967146201,-0.9274745739175644,-0.4408826026868362
20.0,155.0,1000.9432373046876,0.8244933528941917,0.1717593457825232,-2.376818166038288,-0.0231454643738514,0.5188581901718787,-0.571934593955556,0.1201970601601191,-0.6215705967146201,-0.9274745739175644,-0.440882234141902
20.0,155.0,1000.9432373046876,0.8244933528941846,0.1717593457825232,-2.3768181931737407,-0.0231454773413916,0.518857812890982,-0.571934593955575,0.1201970601601191,-0.6215705967146201,-0.9274745739175644,-0.4408822121816843
20.0,155.0,1000.9432373046876,0.824493352894087,0.1717593457825232,-2.3768181934489463,-0.0231454774605585,0.5188581458690521,-0.571934593955575,0.1201970601601191,-0.6215705967146201,-0.9274745739175644,-0.4408822121816843
20.0,155.0,1000.9432373046876,0.8244933528940794,0.1717593457825232,-2.376818165392041,-0.0231454774125806,0.5188550619293609,-0.571934593955575,0.1201970601601191,-0.6215705967146201,-0.9274745739175644,-0.4408822110497736
20.0,155.0,1000.9432373046876,0.8244933528941853,0.1717593457825232,-2.376818171419115,-0.0231454774548386,0.5188548181131262,-0.571934593955575,0.1201970601601191,-0.6215705967146201,-0.9274745739175644,-0.4408826062061954
20.0,155.0,1000.9432373046876,0.8244933528941873,0.1717593457825232,-2.37681817107884,-0.0231454770914799,0.5188578186747616,-0.571934593955575,0.1201970601601191,-0.6215705967146201,-0.9274745739175644,-0.4408822312686979
20.0,155.0,1000.9432373046876,0.8244933528941917,0.1717593457825232,-2.376818166371673,-0.0231454643738514,0.5188578170754249,-0.5719345939555553,0.1201970601601191,-0.6215705967146201,-0.9274745739175644,-0.440882234141902
20.0,155.0,1000.9432373046876,0.824493352894084,0.1717593457825232,-2.3768181931737407,-0.0231454770914799,0.5188578186747616,-0.571934593955575,0.1201970601601191,-0.6215705967146201,-0.9274745739175644,-0.4408822121816843
20.0,155.0,1000.9432373046876,0.8244933528941853,0.1717593457825232,-2.376818171443306,-0.0231454770955707,0.5188578424111012,-0.5719345939555752,0.1201970601601191,-0.6215705967146201,-0.9274745739175644,-0.4408822116081401
20.0,155.0,1000.9432373046876,0.8244933528941873,0.1717593457825232,-2.376818193819988,-0.0231454767152466,0.518857746656337,-0.571934593955556,0.1201970601601191,-0.6215705967146201,-0.9274745739175644,-0.4408822444018306
20.0,155.0,1000.9432373046876,0.8244933528940892,0.1717593457825232,-2.376818166157814,-0.0231454769487913,0.5188548748987581,-0.5719345939555747,0.1201970601601191,-0.6215705967146201,-0.9274745739175644,-0.440882622649795
20.0,155.0,1000.9432373046876,0.8244933528941846,0.1717593457825232,-2.3768181931737407,-0.0231454773413916,0.51885781850576,-0.571934593955575,0.1201970601601191,-0.6215705967146201,-0.9274745739175644,-0.4408822121816843
20.0,155.0,1000.9432373046876,0.8244933528941842,0.1717593457825232,-2.376818165763083,-0.0231454770931193,0.5188546627166458,-0.5719345939555734,0.1201970601601191,-0.6215705967146201,-0.9274745739175644,-0.4408826026868362
20.0,155.0,1000.9432373046876,0.8244933528940827,0.1717593457825232,-2.3768181661483,-0.0231454652598426,0.5188549899109364,-0.571934593955575,0.1201970601601191,-0.6215705967146201,-0.9274745739175644,-0.4408826341076294
20.0,155.0,1000.9432373046876,0.8244933528941739,0.1717593457825232,-2.376818195578807,-0.0231454648030269,0.5188578186747616,-0.571934593955575,0.1201970601601191,-0.6215705967146201,-0.9274745739175644,-0.440882585903948
20.0,155.0,1000.9432373046876,0.8244933528941821,0.1717593457825232,-2.3768181931737407,-0.0231454649681668,0.5188578407499954,-0.571934593955575,0.1201970601601191,-0.6215705967146201,-0.9274745739175644,-0.4408822121816843
20.0,156.0,1000.9432373046876,0.824493352894084,0.1717593457825232,-2.3768181931737407,-0.0231454770914799,0.5188578186747616,-0.571934593955575,0.1201970601601191,-0.6215705967146201,-0.9274745739175644,-0.4408822121816843
20.0,156.0,1000.9432373046876,0.824493352894084,0.1717593457825232,-2.3768181931737407,-0.0231454770914799,0.5188578186747616,-0.571934593955575,0.1201970601601191,-0.6215705967146201,-0.9274745739175644,-0.4408822121816843
20.0,156.0,1000.9432373046876,0.8244933528941846,0.1717593457825232,-2.3768181931737407,-0.0231454773413916,0.5188578186747616,-0.571934593955575,0.1201970601601191,-0.6215705967146201,-0.9274745739175644,-0.4408822121816843
20.0,156.0,1000.9432373046876,0.8244933528940794,0.1717593457825232,-2.3768181931737407,-0.0231454769487913,0.5188578186747616,-0.571934593955575,0.1201970601601191,-0.6215705967146201,-0.9274745739175644,-0.4408822121816843
20.0,156.0,1000.9432373046876,0.8244933528941853,0.1717593457825232,-2.376818171443306,-0.0231454770955707,0.5188578186747616,-0.571934593955575,0.1201970601601191,-0.6215705967146201,-0.9274745739175644,-0.4408822116081401
20.0,156.0,1000.9432373046876,0.824493352894084,0.1717593457825232,-2.3768181931737407,-0.0231454770914799,0.5188578186747616,-0.571934593955575,0.1201970601601191,-0.6215705967146201,-0.9274745739175644,-0.4408822121816843
20.0,156.0,1000.9432373046876,0.8244933528941873,0.1717593457825232,-2.376818166038288,-0.0231454652598426,0.5188549899109364,-0.571934593955556,0.1201970601601191,-0.6215705967146201,-0.9274745739175644,-0.4408826228163027
20.0,156.0,1000.9432373046876,0.8244933528941882,0.1717593457825232,-2.376818171466023,-0.0231454770955707,0.5188578186747616,-0.571934593955575,0.1201970601601191,-0.6215705967146201,-0.9274745739175644,-0.4408822145023395
20.0,156.0,1000.9432373046876,0.8244933528940844,0.1717593457825232,-2.3768181931737407,-0.0231454773413916,0.5188578186747616,-0.571934593955575,0.1201970601601191,-0.6215705967146201,-0.9274745739175644,-0.4408822121816843
20.0,156.0,1000.9432373046876,0.824493352894084,0.1717593457825232,-2.3768181931737407,-0.0231454770914799,0.5188578186747616,-0.571934593955575,0.1201970601601191,-0.6215705967146201,-0.9274745739175644,-0.4408822121816843
20.0,156.0,1000.9432373046876,0.824493352894084,0.1717593457825232,-2.3768181931737407,-0.0231454770914799,0.5188578186747616,-0.571934593955575,0.1201970601601191,-0.6215705967146201,-0.9274745739175644,-0.4408822138326776
20.0,156.0,1000.9432373046876,0.8244933528941882,0.1717593457825232,-2.3768181714892185,-0.0231454770955707,0.5188578186747616,-0.571934593955575,0.1201970601601191,-0.6215705967146201,-0.9274745739175644,-0.4408822145023395
20.0,156.0,1000.9432373046876,0.824493352894084,0.1717593457825232,-2.3768181920100586,-0.0231454770857545,0.5188578186747616,-0.571934593955575,0.1201970601601191,-0.6215705967146201,-0.9274745739175644,-0.4408822121816843
20.0,156.0,1000.9432373046876,0.8244933528941873,0.1717593457825232,-2.376818166038288,-0.0231454652598426,0.5188549899109364,-0.571934593955556,0.1201970601601191,-0.6215705967146201,-0.9274745739175644,-0.4408826228163027
20.0,156.0,1000.9432373046876,0.8244933528941873,0.1717593457825232,-2.376818166038288,-0.0231454774621978,0.5188549899109364,-0.5719345939555734,0.1201970601601191,-0.6215705967146201,-0.9274745739175644,-0.4408826026868362
20.0,156.0,1000.9432373046876,0.824493352894084,0.1717593457825232,-2.3768181931737407,-0.0231454770914799,0.5188578186747616,-0.571934593955575,0.1201970601601191,-0.6215705967146201,-0.9274745739175644,-0.4408822121816843
20.0,156.0,1000.9432373046876,0.824493352894084,0.1717593457825232,-2.3768181931737407,-0.0231454770907681,0.5188578186747616,-0.571934593955575,0.1201970601601191,-0.6215705967146201,-0.9274745739175644,-0.4408822138326776
20.0,156.0,1000.9432373046876,0.8244933528940895,0.1717593457825232,-2.37681816374902,-0.0231454769487913,0.5188578186747616,-0.5719345939555747,0.1201970601601191,-0.6215705967146201,-0.9274745739175644,-0.4408822121816843
20.0,156.0,1000.9432373046876,0.824493352894084,0.1717593457825232,-2.3768181931737407,-0.0231454770914799,0.5188578186747616,-0.571934593955575,0.1201970601601191,-0.6215705967146201,-0.9274745739175644,-0.4408822121816843
20.0,156.0,1000.9432373046876,0.8244933528941846,0.1717593457825232,-2.3768181931737407,-0.0231454773413916,0.5188578186747616,-0.571934593955575,0.1201970601601191,-0.6215705967146201,-0.9274745739175644,-0.4408822121816843
20.0,156.0,1000.9432373046876,0.8244933528940794,0.1717593457825232,-2.3768181931737407,-0.0231454769495031,0.5188578186747616,-0.571934593955575,0.1201970601601191,-0.6215705967146201,-0.9274745739175644,-0.4408822121816843
20.0,156.0,1000.9432373046876,0.8244933528941873,0.1717593457825232,-2.376818193819988,-0.0231454767152466,0.518857746656337,-0.571934593955556,0.1201970601601191,-0.6215705967146201,-0.9274745739175644,-0.4408822444018306
20.0,156.0,1000.9432373046876,0.8244933528941846,0.1717593457825232,-2.3768181931737407,-0.0231454773413916,0.5188578127219803,-0.571934593955575,0.1201970601601191,-0.6215705967146201,-0.9274745739175644,-0.4408822121816843
20.0,156.0,1000.9432373046876,0.8244933528941739,0.1717593457825232,-2.376818195578807,-0.0231454767222202,0.5188578186747616,-0.571934593955575,0.1201970601601191,-0.6215705967146201,-0.9274745739175644,-0.4408822063575652
20.0,156.0,1000.9432373046876,0.8244933528940794,0.1717593457825232,-2.3768181931737407,-0.0231454769495031,0.5188578186747616,-0.571934593955575,0.1201970601601191,-0.6215705967146201,-0.9274745739175644,-0.4408822121816843
20.0,156.0,1000.9432373046876,0.8244933528940794,0.1717593457825232,-2.3768181931737407,-0.0231454769487913,0.5188578186747616,-0.571934593955575,0.1201970601601191,-0.6215705967146201,-0.9274745739175644,-0.4408822121816843
20.0,156.0,1000.9432373046876,0.8244933528940853,0.1717593457825232,-2.37681816374902,-0.0231454778347824,0.5188546184138192,-0.5719345939555747,0.1201970601601191,-0.6215705967146201,-0.9274745739175644,-0.440882600856085
20.0,156.0,1000.9432373046876,0.8244933528940794,0.1717593457825232,-2.376818165392041,-0.0231454654933873,0.5188550619293609,-0.571934593955575,0.1201970601601191,-0.6215705967146201,-0.9274745739175644,-0.4408825905961564
20.0,156.0,1000.9432373046876,0.824493352894084,0.1717593457825232,-2.3768181931737407,-0.0231454658180361,0.5188492847891056,-0.571934593955575,0.1201970601601191,-0.6215705967146201,-0.9274745739175644,-0.4408818569325445
20.0,156.0,1000.9432373046876,0.8244933528941873,0.1717593457825232,-2.3768181716375043,-0.0231454770914799,0.5188578186747616,-0.571934593955575,0.1201970601601191,-0.6215705967146201,-0.9274745739175644,-0.4408822312686979
20.0,156.0,1000.9432373046876,0.824493352894084,0.1717593457825232,-2.3768181931737407,-0.0231454770914799,0.5188578186747616,-0.571934593955575,0.1201970601601191,-0.6215705967146201,-0.9274745739175644,-0.4408822121816843
20.0,156.0,1000.9432373046876,0.8244933528941853,0.1717593457825232,-2.376818171443306,-0.0231454770955707,0.5188578186747616,-0.571934593955575,0.1201970601601191,-0.6215705967146201,-0.9274745739175644,-0.4408822116081401
20.0,156.0,1000.9432373046876,0.8244933528940844,0.1717593457825232,-2.3768181931737407,-0.0231454773413916,0.5188578186747616,-0.571934593955575,0.1201970601601191,-0.6215705967146201,-0.9274745739175644,-0.4408822121816843
20.0,156.0,1000.9432373046876,0.8244933528941873,0.1717593457825232,-2.376818166038288,-0.0231454774621978,0.5188549899109364,-0.5719345939555734,0.1201970601601191,-0.6215705967146201,-0.9274745739175644,-0.4408826026868362
20.0,156.0,1000.9432373046876,0.8244933528941917,0.1717593457825232,-2.376818166038288,-0.0231454643738514,0.5188581901718787,-0.571934593955556,0.1201970601601191,-0.6215705967146201,-0.9274745739175644,-0.440882234141902
20.0,156.0,1000.9432373046876,0.8244933528941846,0.1717593457825232,-2.3768181931737407,-0.0231454773413916,0.518857812890982,-0.571934593955575,0.1201970601601191,-0.6215705967146201,-0.9274745739175644,-0.4408822121816843
20.0,156.0,1000.9432373046876,0.824493352894087,0.1717593457825232,-2.3768181934489463,-0.0231454774605585,0.5188581458690521,-0.571934593955575,0.1201970601601191,-0.6215705967146201,-0.9274745739175644,-0.4408822121816843
20.0,156.0,1000.9432373046876,0.8244933528940794,0.1717593457825232,-2.376818165392041,-0.0231454774125806,0.5188550619293609,-0.571934593955575,0.1201970601601191,-0.6215705967146201,-0.9274745739175644,-0.4408822110497736
20.0,156.0,1000.9432373046876,0.8244933528941853,0.1717593457825232,-2.376818171419115,-0.0231454774548386,0.5188548181131262,-0.571934593955575,0.1201970601601191,-0.6215705967146201,-0.9274745739175644,-0.4408826062061954
20.0,156.0,1000.9432373046876,0.8244933528941873,0.1717593457825232,-2.37681817107884,-0.0231454770914799,0.5188578186747616,-0.571934593955575,0.1201970601601191,-0.6215705967146201,-0.9274745739175644,-0.4408822312686979
20.0,156.0,1000.9432373046876,0.8244933528941917,0.1717593457825232,-2.376818166371673,-0.0231454643738514,0.5188578170754249,-0.5719345939555553,0.1201970601601191,-0.6215705967146201,-0.9274745739175644,-0.440882234141902
20.0,156.0,1000.9432373046876,0.824493352894084,0.1717593457825232,-2.3768181931737407,-0.0231454770914799,0.5188578186747616,-0.571934593955575,0.1201970601601191,-0.6215705967146201,-0.9274745739175644,-0.4408822121816843
20.0,156.0,1000.9432373046876,0.8244933528941853,0.1717593457825232,-2.376818171443306,-0.0231454770955707,0.5188578424111012,-0.5719345939555752,0.1201970601601191,-0.6215705967146201,-0.9274745739175644,-0.4408822116081401
20.0,156.0,1000.9432373046876,0.8244933528941873,0.1717593457825232,-2.376818193819988,-0.0231454767152466,0.518857746656337,-0.571934593955556,0.1201970601601191,-0.6215705967146201,-0.9274745739175644,-0.4408822444018306
20.0,156.0,1000.9432373046876,0.8244933528940892,0.1717593457825232,-2.376818166157814,-0.0231454769487913,0.5188548748987581,-0.5719345939555747,0.1201970601601191,-0.6215705967146201,-0.9274745739175644,-0.440882622649795
20.0,156.0,1000.9432373046876,0.8244933528941846,0.1717593457825232,-2.3768181931737407,-0.0231454773413916,0.51885781850576,-0.571934593955575,0.1201970601601191,-0.6215705967146201,-0.9274745739175644,-0.4408822121816843
20.0,156.0,1000.9432373046876,0.8244933528941842,0.1717593457825232,-2.376818165763083,-0.0231454770931193,0.5188546627166458,-0.5719345939555734,0.1201970601601191,-0.6215705967146201,-0.9274745739175644,-0.4408826026868362
20.0,156.0,1000.9432373046876,0.8244933528940827,0.1717593457825232,-2.3768181661483,-0.0231454652598426,0.5188549899109364,-0.571934593955575,0.1201970601601191,-0.6215705967146201,-0.9274745739175644,-0.4408826341076294
20.0,156.0,1000.9432373046876,0.8244933528941739,0.1717593457825232,-2.376818195578807,-0.0231454648030269,0.5188578186747616,-0.571934593955575,0.1201970601601191,-0.6215705967146201,-0.9274745739175644,-0.440882585903948
20.0,156.0,1000.9432373046876,0.8244933528941821,0.1717593457825232,-2.3768181931737407,-0.0231454649681668,0.5188578407499954,-0.571934593955575,0.1201970601601191,-0.6215705967146201,-0.9274745739175644,-0.4408822121816843
20.0,157.0,1000.9432373046876,0.824493352894084,0.1717593457825232,-2.3768181931737407,-0.0231454770914799,0.5188578186747616,-0.571934593955575,0.1201970601601191,-0.6215705967146201,-0.9274745739175644,-0.4408822121816843
20.0,157.0,1000.9432373046876,0.824493352894084,0.1717593457825232,-2.3768181931737407,-0.0231454770914799,0.5188578186747616,-0.571934593955575,0.1201970601601191,-0.6215705967146201,-0.9274745739175644,-0.4408822121816843
20.0,157.0,1000.9432373046876,0.8244933528941846,0.1717593457825232,-2.3768181931737407,-0.0231454773413916,0.5188578186747616,-0.571934593955575,0.1201970601601191,-0.6215705967146201,-0.9274745739175644,-0.4408822121816843
20.0,157.0,1000.9432373046876,0.8244933528940794,0.1717593457825232,-2.3768181931737407,-0.0231454769487913,0.5188578186747616,-0.571934593955575,0.1201970601601191,-0.6215705967146201,-0.9274745739175644,-0.4408822121816843
20.0,157.0,1000.9432373046876,0.8244933528941853,0.1717593457825232,-2.376818171443306,-0.0231454770955707,0.5188578186747616,-0.571934593955575,0.1201970601601191,-0.6215705967146201,-0.9274745739175644,-0.4408822116081401
20.0,157.0,1000.9432373046876,0.824493352894084,0.1717593457825232,-2.3768181931737407,-0.0231454770914799,0.5188578186747616,-0.571934593955575,0.1201970601601191,-0.6215705967146201,-0.9274745739175644,-0.4408822121816843
20.0,157.0,1000.9432373046876,0.8244933528941873,0.1717593457825232,-2.376818166038288,-0.0231454652598426,0.5188549899109364,-0.571934593955556,0.1201970601601191,-0.6215705967146201,-0.9274745739175644,-0.4408826228163027
20.0,157.0,1000.9432373046876,0.8244933528941882,0.1717593457825232,-2.376818171466023,-0.0231454770955707,0.5188578186747616,-0.571934593955575,0.1201970601601191,-0.6215705967146201,-0.9274745739175644,-0.4408822145023395
20.0,157.0,1000.9432373046876,0.8244933528940844,0.1717593457825232,-2.3768181931737407,-0.0231454773413916,0.5188578186747616,-0.571934593955575,0.1201970601601191,-0.6215705967146201,-0.9274745739175644,-0.4408822121816843
20.0,157.0,1000.9432373046876,0.824493352894084,0.1717593457825232,-2.3768181931737407,-0.0231454770914799,0.5188578186747616,-0.571934593955575,0.1201970601601191,-0.6215705967146201,-0.9274745739175644,-0.4408822121816843
20.0,157.0,1000.9432373046876,0.824493352894084,0.1717593457825232,-2.3768181931737407,-0.0231454770914799,0.5188578186747616,-0.571934593955575,0.1201970601601191,-0.6215705967146201,-0.9274745739175644,-0.4408822138326776
20.0,157.0,1000.9432373046876,0.8244933528941882,0.1717593457825232,-2.3768181714892185,-0.0231454770955707,0.5188578186747616,-0.571934593955575,0.1201970601601191,-0.6215705967146201,-0.9274745739175644,-0.4408822145023395
20.0,157.0,1000.9432373046876,0.824493352894084,0.1717593457825232,-2.3768181920100586,-0.0231454770857545,0.5188578186747616,-0.571934593955575,0.1201970601601191,-0.6215705967146201,-0.9274745739175644,-0.4408822121816843
20.0,157.0,1000.9432373046876,0.8244933528941873,0.1717593457825232,-2.376818166038288,-0.0231454652598426,0.5188549899109364,-0.571934593955556,0.1201970601601191,-0.6215705967146201,-0.9274745739175644,-0.4408826228163027
20.0,157.0,1000.9432373046876,0.8244933528941873,0.1717593457825232,-2.376818166038288,-0.0231454774621978,0.5188549899109364,-0.5719345939555734,0.1201970601601191,-0.6215705967146201,-0.9274745739175644,-0.4408826026868362
20.0,157.0,1000.9432373046876,0.824493352894084,0.1717593457825232,-2.3768181931737407,-0.0231454770914799,0.5188578186747616,-0.571934593955575,0.1201970601601191,-0.6215705967146201,-0.9274745739175644,-0.4408822121816843
20.0,157.0,1000.9432373046876,0.824493352894084,0.1717593457825232,-2.3768181931737407,-0.0231454770907681,0.5188578186747616,-0.571934593955575,0.1201970601601191,-0.6215705967146201,-0.9274745739175644,-0.4408822138326776
20.0,157.0,1000.9432373046876,0.8244933528940895,0.1717593457825232,-2.37681816374902,-0.0231454769487913,0.5188578186747616,-0.5719345939555747,0.1201970601601191,-0.6215705967146201,-0.9274745739175644,-0.4408822121816843
20.0,157.0,1000.9432373046876,0.824493352894084,0.1717593457825232,-2.3768181931737407,-0.0231454770914799,0.5188578186747616,-0.571934593955575,0.1201970601601191,-0.6215705967146201,-0.9274745739175644,-0.4408822121816843
20.0,157.0,1000.9432373046876,0.8244933528941846,0.1717593457825232,-2.3768181931737407,-0.0231454773413916,0.5188578186747616,-0.571934593955575,0.1201970601601191,-0.6215705967146201,-0.9274745739175644,-0.4408822121816843
20.0,157.0,1000.9432373046876,0.8244933528940794,0.1717593457825232,-2.3768181931737407,-0.0231454769495031,0.5188578186747616,-0.571934593955575,0.1201970601601191,-0.6215705967146201,-0.9274745739175644,-0.4408822121816843
20.0,157.0,1000.9432373046876,0.8244933528941873,0.1717593457825232,-2.376818193819988,-0.0231454767152466,0.518857746656337,-0.571934593955556,0.1201970601601191,-0.6215705967146201,-0.9274745739175644,-0.4408822444018306
20.0,157.0,1000.9432373046876,0.8244933528941846,0.1717593457825232,-2.3768181931737407,-0.0231454773413916,0.5188578127219803,-0.571934593955575,0.1201970601601191,-0.6215705967146201,-0.9274745739175644,-0.4408822121816843
20.0,157.0,1000.9432373046876,0.8244933528941739,0.1717593457825232,-2.376818195578807,-0.0231454767222202,0.5188578186747616,-0.571934593955575,0.1201970601601191,-0.6215705967146201,-0.9274745739175644,-0.4408822063575652
20.0,157.0,1000.9432373046876,0.8244933528940794,0.1717593457825232,-2.3768181931737407,-0.0231454769495031,0.5188578186747616,-0.571934593955575,0.1201970601601191,-0.6215705967146201,-0.9274745739175644,-0.4408822121816843
20.0,157.0,1000.9432373046876,0.8244933528940794,0.1717593457825232,-2.3768181931737407,-0.0231454769487913,0.5188578186747616,-0.571934593955575,0.1201970601601191,-0.6215705967146201,-0.9274745739175644,-0.4408822121816843
20.0,157.0,1000.9432373046876,0.8244933528940853,0.1717593457825232,-2.37681816374902,-0.0231454778347824,0.5188546184138192,-0.5719345939555747,0.1201970601601191,-0.6215705967146201,-0.9274745739175644,-0.440882600856085
20.0,157.0,1000.9432373046876,0.8244933528940794,0.1717593457825232,-2.376818165392041,-0.0231454654933873,0.5188550619293609,-0.571934593955575,0.1201970601601191,-0.6215705967146201,-0.9274745739175644,-0.4408825905961564
20.0,157.0,1000.9432373046876,0.824493352894084,0.1717593457825232,-2.3768181931737407,-0.0231454658180361,0.5188492847891056,-0.571934593955575,0.1201970601601191,-0.6215705967146201,-0.9274745739175644,-0.4408818569325445
20.0,157.0,1000.9432373046876,0.8244933528941873,0.1717593457825232,-2.3768181716375043,-0.0231454770914799,0.5188578186747616,-0.571934593955575,0.1201970601601191,-0.6215705967146201,-0.9274745739175644,-0.4408822312686979
20.0,157.0,1000.9432373046876,0.824493352894084,0.1717593457825232,-2.3768181931737407,-0.0231454770914799,0.5188578186747616,-0.571934593955575,0.1201970601601191,-0.6215705967146201,-0.9274745739175644,-0.4408822121816843
20.0,157.0,1000.9432373046876,0.8244933528941853,0.1717593457825232,-2.376818171443306,-0.0231454770955707,0.5188578186747616,-0.571934593955575,0.1201970601601191,-0.6215705967146201,-0.9274745739175644,-0.4408822116081401
20.0,157.0,1000.9432373046876,0.8244933528940844,0.1717593457825232,-2.3768181931737407,-0.0231454773413916,0.5188578186747616,-0.571934593955575,0.1201970601601191,-0.6215705967146201,-0.9274745739175644,-0.4408822121816843
20.0,157.0,1000.9432373046876,0.8244933528941873,0.1717593457825232,-2.376818166038288,-0.0231454774621978,0.5188549899109364,-0.5719345939555734,0.1201970601601191,-0.6215705967146201,-0.9274745739175644,-0.4408826026868362
20.0,157.0,1000.9432373046876,0.8244933528941917,0.1717593457825232,-2.376818166038288,-0.0231454643738514,0.5188581901718787,-0.571934593955556,0.1201970601601191,-0.6215705967146201,-0.9274745739175644,-0.440882234141902
20.0,157.0,1000.9432373046876,0.8244933528941846,0.1717593457825232,-2.3768181931737407,-0.0231454773413916,0.518857812890982,-0.571934593955575,0.1201970601601191,-0.6215705967146201,-0.9274745739175644,-0.4408822121816843
20.0,157.0,1000.9432373046876,0.824493352894087,0.1717593457825232,-2.3768181934489463,-0.0231454774605585,0.5188581458690521,-0.571934593955575,0.1201970601601191,-0.6215705967146201,-0.9274745739175644,-0.4408822121816843
20.0,157.0,1000.9432373046876,0.8244933528940794,0.1717593457825232,-2.376818165392041,-0.0231454774125806,0.5188550619293609,-0.571934593955575,0.1201970601601191,-0.6215705967146201,-0.9274745739175644,-0.4408822110497736
20.0,157.0,1000.9432373046876,0.8244933528941853,0.1717593457825232,-2.376818171419115,-0.0231454774548386,0.5188548181131262,-0.571934593955575,0.1201970601601191,-0.6215705967146201,-0.9274745739175644,-0.4408826062061954
20.0,157.0,1000.9432373046876,0.8244933528941873,0.1717593457825232,-2.37681817107884,-0.0231454770914799,0.5188578186747616,-0.571934593955575,0.1201970601601191,-0.6215705967146201,-0.9274745739175644,-0.4408822312686979
20.0,157.0,1000.9432373046876,0.8244933528941917,0.1717593457825232,-2.376818166371673,-0.0231454643738514,0.5188578170754249,-0.5719345939555553,0.1201970601601191,-0.6215705967146201,-0.9274745739175644,-0.440882234141902
20.0,157.0,1000.9432373046876,0.824493352894084,0.1717593457825232,-2.3768181931737407,-0.0231454770914799,0.5188578186747616,-0.571934593955575,0.1201970601601191,-0.6215705967146201,-0.9274745739175644,-0.4408822121816843
20.0,157.0,1000.9432373046876,0.8244933528941853,0.1717593457825232,-2.376818171443306,-0.0231454770955707,0.5188578424111012,-0.5719345939555752,0.1201970601601191,-0.6215705967146201,-0.9274745739175644,-0.4408822116081401
20.0,157.0,1000.9432373046876,0.8244933528941873,0.1717593457825232,-2.376818193819988,-0.0231454767152466,0.518857746656337,-0.571934593955556,0.1201970601601191,-0.6215705967146201,-0.9274745739175644,-0.4408822444018306
20.0,157.0,1000.9432373046876,0.8244933528940892,0.1717593457825232,-2.376818166157814,-0.0231454769487913,0.5188548748987581,-0.5719345939555747,0.1201970601601191,-0.6215705967146201,-0.9274745739175644,-0.440882622649795
20.0,157.0,1000.9432373046876,0.8244933528941846,0.1717593457825232,-2.3768181931737407,-0.0231454773413916,0.51885781850576,-0.571934593955575,0.1201970601601191,-0.6215705967146201,-0.9274745739175644,-0.4408822121816843
20.0,157.0,1000.9432373046876,0.8244933528941842,0.1717593457825232,-2.376818165763083,-0.0231454770931193,0.5188546627166458,-0.5719345939555734,0.1201970601601191,-0.6215705967146201,-0.9274745739175644,-0.4408826026868362
20.0,157.0,1000.9432373046876,0.8244933528940827,0.1717593457825232,-2.3768181661483,-0.0231454652598426,0.5188549899109364,-0.571934593955575,0.1201970601601191,-0.6215705967146201,-0.9274745739175644,-0.4408826341076294
20.0,157.0,1000.9432373046876,0.8244933528941739,0.1717593457825232,-2.376818195578807,-0.0231454648030269,0.5188578186747616,-0.571934593955575,0.1201970601601191,-0.6215705967146201,-0.9274745739175644,-0.440882585903948
20.0,157.0,1000.9432373046876,0.8244933528941821,0.1717593457825232,-2.3768181931737407,-0.0231454649681668,0.5188578407499954,-0.571934593955575,0.1201970601601191,-0.6215705967146201,-0.9274745739175644,-0.4408822121816843
20.0,158.0,1000.9432373046876,0.824493352894084,0.1717593457825232,-2.3768181931737407,-0.0231454770914799,0.5188578186747616,-0.571934593955575,0.1201970601601191,-0.6215705967146201,-0.9274745739175644,-0.4408822121816843
20.0,158.0,1000.9432373046876,0.824493352894084,0.1717593457825232,-2.3768181931737407,-0.0231454770914799,0.5188578186747616,-0.571934593955575,0.1201970601601191,-0.6215705967146201,-0.9274745739175644,-0.4408822121816843
20.0,158.0,1000.9432373046876,0.8244933528941846,0.1717593457825232,-2.3768181931737407,-0.0231454773413916,0.5188578186747616,-0.571934593955575,0.1201970601601191,-0.6215705967146201,-0.9274745739175644,-0.4408822121816843
20.0,158.0,1000.9432373046876,0.8244933528940794,0.1717593457825232,-2.3768181931737407,-0.0231454769487913,0.5188578186747616,-0.571934593955575,0.1201970601601191,-0.6215705967146201,-0.9274745739175644,-0.4408822121816843
20.0,158.0,1000.9432373046876,0.8244933528941853,0.1717593457825232,-2.376818171443306,-0.0231454770955707,0.5188578186747616,-0.571934593955575,0.1201970601601191,-0.6215705967146201,-0.9274745739175644,-0.4408822116081401
20.0,158.0,1000.9432373046876,0.824493352894084,0.1717593457825232,-2.3768181931737407,-0.0231454770914799,0.5188578186747616,-0.571934593955575,0.1201970601601191,-0.6215705967146201,-0.9274745739175644,-0.4408822121816843
20.0,158.0,1000.9432373046876,0.8244933528941873,0.1717593457825232,-2.376818166038288,-0.0231454652598426,0.5188549899109364,-0.571934593955556,0.1201970601601191,-0.6215705967146201,-0.9274745739175644,-0.4408826228163027
20.0,158.0,1000.9432373046876,0.8244933528941882,0.1717593457825232,-2.376818171466023,-0.0231454770955707,0.5188578186747616,-0.571934593955575,0.1201970601601191,-0.6215705967146201,-0.9274745739175644,-0.4408822145023395
20.0,158.0,1000.9432373046876,0.8244933528940844,0.1717593457825232,-2.3768181931737407,-0.0231454773413916,0.5188578186747616,-0.571934593955575,0.1201970601601191,-0.6215705967146201,-0.9274745739175644,-0.4408822121816843
20.0,158.0,1000.9432373046876,0.824493352894084,0.1717593457825232,-2.3768181931737407,-0.0231454770914799,0.5188578186747616,-0.571934593955575,0.1201970601601191,-0.6215705967146201,-0.9274745739175644,-0.4408822121816843
20.0,158.0,1000.9432373046876,0.824493352894084,0.1717593457825232,-2.3768181931737407,-0.0231454770914799,0.5188578186747616,-0.571934593955575,0.1201970601601191,-0.6215705967146201,-0.9274745739175644,-0.4408822138326776
20.0,158.0,1000.9432373046876,0.8244933528941882,0.1717593457825232,-2.3768181714892185,-0.0231454770955707,0.5188578186747616,-0.571934593955575,0.1201970601601191,-0.6215705967146201,-0.9274745739175644,-0.4408822145023395
20.0,158.0,1000.9432373046876,0.824493352894084,0.1717593457825232,-2.3768181920100586,-0.0231454770857545,0.5188578186747616,-0.571934593955575,0.1201970601601191,-0.6215705967146201,-0.9274745739175644,-0.4408822121816843
20.0,158.0,1000.9432373046876,0.8244933528941873,0.1717593457825232,-2.376818166038288,-0.0231454652598426,0.5188549899109364,-0.571934593955556,0.1201970601601191,-0.6215705967146201,-0.9274745739175644,-0.4408826228163027
20.0,158.0,1000.9432373046876,0.8244933528941873,0.1717593457825232,-2.376818166038288,-0.0231454774621978,0.5188549899109364,-0.5719345939555734,0.1201970601601191,-0.6215705967146201,-0.9274745739175644,-0.4408826026868362
20.0,158.0,1000.9432373046876,0.824493352894084,0.1717593457825232,-2.3768181931737407,-0.0231454770914799,0.5188578186747616,-0.571934593955575,0.1201970601601191,-0.6215705967146201,-0.9274745739175644,-0.4408822121816843
20.0,158.0,1000.9432373046876,0.824493352894084,0.1717593457825232,-2.3768181931737407,-0.0231454770907681,0.5188578186747616,-0.571934593955575,0.1201970601601191,-0.6215705967146201,-0.9274745739175644,-0.4408822138326776
20.0,158.0,1000.9432373046876,0.8244933528940895,0.1717593457825232,-2.37681816374902,-0.0231454769487913,0.5188578186747616,-0.5719345939555747,0.1201970601601191,-0.6215705967146201,-0.9274745739175644,-0.4408822121816843
20.0,158.0,1000.9432373046876,0.824493352894084,0.1717593457825232,-2.3768181931737407,-0.0231454770914799,0.5188578186747616,-0.571934593955575,0.1201970601601191,-0.6215705967146201,-0.9274745739175644,-0.4408822121816843
20.0,158.0,1000.9432373046876,0.8244933528941846,0.1717593457825232,-2.3768181931737407,-0.0231454773413916,0.5188578186747616,-0.571934593955575,0.1201970601601191,-0.6215705967146201,-0.9274745739175644,-0.4408822121816843
20.0,158.0,1000.9432373046876,0.8244933528940794,0.1717593457825232,-2.3768181931737407,-0.0231454769495031,0.5188578186747616,-0.571934593955575,0.1201970601601191,-0.6215705967146201,-0.9274745739175644,-0.4408822121816843
20.0,158.0,1000.9432373046876,0.8244933528941873,0.1717593457825232,-2.376818193819988,-0.0231454767152466,0.518857746656337,-0.571934593955556,0.1201970601601191,-0.6215705967146201,-0.9274745739175644,-0.4408822444018306
20.0,158.0,1000.9432373046876,0.8244933528941846,0.1717593457825232,-2.3768181931737407,-0.0231454773413916,0.5188578127219803,-0.571934593955575,0.1201970601601191,-0.6215705967146201,-0.9274745739175644,-0.4408822121816843
20.0,158.0,1000.9432373046876,0.8244933528941739,0.1717593457825232,-2.376818195578807,-0.0231454767222202,0.5188578186747616,-0.571934593955575,0.1201970601601191,-0.6215705967146201,-0.9274745739175644,-0.4408822063575652
20.0,158.0,1000.9432373046876,0.8244933528940794,0.1717593457825232,-2.3768181931737407,-0.0231454769495031,0.5188578186747616,-0.571934593955575,0.1201970601601191,-0.6215705967146201,-0.9274745739175644,-0.4408822121816843
20.0,158.0,1000.9432373046876,0.8244933528940794,0.1717593457825232,-2.3768181931737407,-0.0231454769487913,0.5188578186747616,-0.571934593955575,0.1201970601601191,-0.6215705967146201,-0.9274745739175644,-0.4408822121816843
20.0,158.0,1000.9432373046876,0.8244933528940853,0.1717593457825232,-2.37681816374902,-0.0231454778347824,0.5188546184138192,-0.5719345939555747,0.1201970601601191,-0.6215705967146201,-0.9274745739175644,-0.440882600856085
20.0,158.0,1000.9432373046876,0.8244933528940794,0.1717593457825232,-2.376818165392041,-0.0231454654933873,0.5188550619293609,-0.571934593955575,0.1201970601601191,-0.6215705967146201,-0.9274745739175644,-0.4408825905961564
20.0,158.0,1000.9432373046876,0.824493352894084,0.1717593457825232,-2.3768181931737407,-0.0231454658180361,0.5188492847891056,-0.571934593955575,0.1201970601601191,-0.6215705967146201,-0.9274745739175644,-0.4408818569325445
20.0,158.0,1000.9432373046876,0.8244933528941873,0.1717593457825232,-2.3768181716375043,-0.0231454770914799,0.5188578186747616,-0.571934593955575,0.1201970601601191,-0.6215705967146201,-0.9274745739175644,-0.4408822312686979
20.0,158.0,1000.9432373046876,0.824493352894084,0.1717593457825232,-2.3768181931737407,-0.0231454770914799,0.5188578186747616,-0.571934593955575,0.1201970601601191,-0.6215705967146201,-0.9274745739175644,-0.4408822121816843
20.0,158.0,1000.9432373046876,0.8244933528941853,0.1717593457825232,-2.376818171443306,-0.0231454770955707,0.5188578186747616,-0.571934593955575,0.1201970601601191,-0.6215705967146201,-0.9274745739175644,-0.4408822116081401
20.0,158.0,1000.9432373046876,0.8244933528940844,0.1717593457825232,-2.3768181931737407,-0.0231454773413916,0.5188578186747616,-0.571934593955575,0.1201970601601191,-0.6215705967146201,-0.9274745739175644,-0.4408822121816843
20.0,158.0,1000.9432373046876,0.8244933528941873,0.1717593457825232,-2.376818166038288,-0.0231454774621978,0.5188549899109364,-0.5719345939555734,0.1201970601601191,-0.6215705967146201,-0.9274745739175644,-0.4408826026868362
20.0,158.0,1000.9432373046876,0.8244933528941917,0.1717593457825232,-2.376818166038288,-0.0231454643738514,0.5188581901718787,-0.571934593955556,0.1201970601601191,-0.6215705967146201,-0.9274745739175644,-0.440882234141902
20.0,158.0,1000.9432373046876,0.8244933528941846,0.1717593457825232,-2.3768181931737407,-0.0231454773413916,0.518857812890982,-0.571934593955575,0.1201970601601191,-0.6215705967146201,-0.9274745739175644,-0.4408822121816843
20.0,158.0,1000.9432373046876,0.824493352894087,0.1717593457825232,-2.3768181934489463,-0.0231454774605585,0.5188581458690521,-0.571934593955575,0.1201970601601191,-0.6215705967146201,-0.9274745739175644,-0.4408822121816843
20.0,158.0,1000.9432373046876,0.8244933528940794,0.1717593457825232,-2.376818165392041,-0.0231454774125806,0.5188550619293609,-0.571934593955575,0.1201970601601191,-0.6215705967146201,-0.9274745739175644,-0.4408822110497736
20.0,158.0,1000.9432373046876,0.8244933528941853,0.1717593457825232,-2.376818171419115,-0.0231454774548386,0.5188548181131262,-0.571934593955575,0.1201970601601191,-0.6215705967146201,-0.9274745739175644,-0.4408826062061954
20.0,158.0,1000.9432373046876,0.8244933528941873,0.1717593457825232,-2.37681817107884,-0.0231454770914799,0.5188578186747616,-0.571934593955575,0.1201970601601191,-0.6215705967146201,-0.9274745739175644,-0.4408822312686979
20.0,158.0,1000.9432373046876,0.8244933528941917,0.1717593457825232,-2.376818166371673,-0.0231454643738514,0.5188578170754249,-0.5719345939555553,0.1201970601601191,-0.6215705967146201,-0.9274745739175644,-0.440882234141902
20.0,158.0,1000.9432373046876,0.824493352894084,0.1717593457825232,-2.3768181931737407,-0.0231454770914799,0.5188578186747616,-0.571934593955575,0.1201970601601191,-0.6215705967146201,-0.9274745739175644,-0.4408822121816843
20.0,158.0,1000.9432373046876,0.8244933528941853,0.1717593457825232,-2.376818171443306,-0.0231454770955707,0.5188578424111012,-0.5719345939555752,0.1201970601601191,-0.6215705967146201,-0.9274745739175644,-0.4408822116081401
20.0,158.0,1000.9432373046876,0.8244933528941873,0.1717593457825232,-2.376818193819988,-0.0231454767152466,0.518857746656337,-0.571934593955556,0.1201970601601191,-0.6215705967146201,-0.9274745739175644,-0.4408822444018306
20.0,158.0,1000.9432373046876,0.8244933528940892,0.1717593457825232,-2.376818166157814,-0.0231454769487913,0.5188548748987581,-0.5719345939555747,0.1201970601601191,-0.6215705967146201,-0.9274745739175644,-0.440882622649795
20.0,158.0,1000.9432373046876,0.8244933528941846,0.1717593457825232,-2.3768181931737407,-0.0231454773413916,0.51885781850576,-0.571934593955575,0.1201970601601191,-0.6215705967146201,-0.9274745739175644,-0.4408822121816843
20.0,158.0,1000.9432373046876,0.8244933528941842,0.1717593457825232,-2.376818165763083,-0.0231454770931193,0.5188546627166458,-0.5719345939555734,0.1201970601601191,-0.6215705967146201,-0.9274745739175644,-0.4408826026868362
20.0,158.0,1000.9432373046876,0.8244933528940827,0.1717593457825232,-2.3768181661483,-0.0231454652598426,0.5188549899109364,-0.571934593955575,0.1201970601601191,-0.6215705967146201,-0.9274745739175644,-0.4408826341076294
20.0,158.0,1000.9432373046876,0.8244933528941739,0.1717593457825232,-2.376818195578807,-0.0231454648030269,0.5188578186747616,-0.571934593955575,0.1201970601601191,-0.6215705967146201,-0.9274745739175644,-0.440882585903948
20.0,158.0,1000.9432373046876,0.8244933528941821,0.1717593457825232,-2.3768181931737407,-0.0231454649681668,0.5188578407499954,-0.571934593955575,0.1201970601601191,-0.6215705967146201,-0.9274745739175644,-0.4408822121816843
20.0,159.0,1000.9432373046876,0.824493352894084,0.1717593457825232,-2.3768181931737407,-0.0231454770914799,0.5188578186747616,-0.571934593955575,0.1201970601601191,-0.6215705967146201,-0.9274745739175644,-0.4408822121816843
20.0,159.0,1000.9432373046876,0.824493352894084,0.1717593457825232,-2.3768181931737407,-0.0231454770914799,0.5188578186747616,-0.571934593955575,0.1201970601601191,-0.6215705967146201,-0.9274745739175644,-0.4408822121816843
20.0,159.0,1000.9432373046876,0.8244933528941846,0.1717593457825232,-2.3768181931737407,-0.0231454773413916,0.5188578186747616,-0.571934593955575,0.1201970601601191,-0.6215705967146201,-0.9274745739175644,-0.4408822121816843
20.0,159.0,1000.9432373046876,0.8244933528940794,0.1717593457825232,-2.3768181931737407,-0.0231454769487913,0.5188578186747616,-0.571934593955575,0.1201970601601191,-0.6215705967146201,-0.9274745739175644,-0.4408822121816843
20.0,159.0,1000.9432373046876,0.8244933528941853,0.1717593457825232,-2.376818171443306,-0.0231454770955707,0.5188578186747616,-0.571934593955575,0.1201970601601191,-0.6215705967146201,-0.9274745739175644,-0.4408822116081401
20.0,159.0,1000.9432373046876,0.824493352894084,0.1717593457825232,-2.3768181931737407,-0.0231454770914799,0.5188578186747616,-0.571934593955575,0.1201970601601191,-0.6215705967146201,-0.9274745739175644,-0.4408822121816843
20.0,159.0,1000.9432373046876,0.8244933528941873,0.1717593457825232,-2.376818166038288,-0.0231454652598426,0.5188549899109364,-0.571934593955556,0.1201970601601191,-0.6215705967146201,-0.9274745739175644,-0.4408826228163027
20.0,159.0,1000.9432373046876,0.8244933528941882,0.1717593457825232,-2.376818171466023,-0.0231454770955707,0.5188578186747616,-0.571934593955575,0.1201970601601191,-0.6215705967146201,-0.9274745739175644,-0.4408822145023395
20.0,159.0,1000.9432373046876,0.8244933528940844,0.1717593457825232,-2.3768181931737407,-0.0231454773413916,0.5188578186747616,-0.571934593955575,0.1201970601601191,-0.6215705967146201,-0.9274745739175644,-0.4408822121816843
20.0,159.0,1000.9432373046876,0.824493352894084,0.1717593457825232,-2.3768181931737407,-0.0231454770914799,0.5188578186747616,-0.571934593955575,0.1201970601601191,-0.6215705967146201,-0.9274745739175644,-0.4408822121816843
20.0,159.0,1000.9432373046876,0.824493352894084,0.1717593457825232,-2.3768181931737407,-0.0231454770914799,0.5188578186747616,-0.571934593955575,0.1201970601601191,-0.6215705967146201,-0.9274745739175644,-0.4408822138326776
20.0,159.0,1000.9432373046876,0.8244933528941882,0.1717593457825232,-2.3768181714892185,-0.0231454770955707,0.5188578186747616,-0.571934593955575,0.1201970601601191,-0.6215705967146201,-0.9274745739175644,-0.4408822145023395
20.0,159.0,1000.9432373046876,0.824493352894084,0.1717593457825232,-2.3768181920100586,-0.0231454770857545,0.5188578186747616,-0.571934593955575,0.1201970601601191,-0.6215705967146201,-0.9274745739175644,-0.4408822121816843
20.0,159.0,1000.9432373046876,0.8244933528941873,0.1717593457825232,-2.376818166038288,-0.0231454652598426,0.5188549899109364,-0.571934593955556,0.1201970601601191,-0.6215705967146201,-0.9274745739175644,-0.4408826228163027
20.0,159.0,1000.9432373046876,0.8244933528941873,0.1717593457825232,-2.376818166038288,-0.0231454774621978,0.5188549899109364,-0.5719345939555734,0.1201970601601191,-0.6215705967146201,-0.9274745739175644,-0.4408826026868362
20.0,159.0,1000.9432373046876,0.824493352894084,0.1717593457825232,-2.3768181931737407,-0.0231454770914799,0.5188578186747616,-0.571934593955575,0.1201970601601191,-0.6215705967146201,-0.9274745739175644,-0.4408822121816843
20.0,159.0,1000.9432373046876,0.824493352894084,0.1717593457825232,-2.3768181931737407,-0.0231454770907681,0.5188578186747616,-0.571934593955575,0.1201970601601191,-0.6215705967146201,-0.9274745739175644,-0.4408822138326776
20.0,159.0,1000.9432373046876,0.8244933528940895,0.1717593457825232,-2.37681816374902,-0.0231454769487913,0.5188578186747616,-0.5719345939555747,0.1201970601601191,-0.6215705967146201,-0.9274745739175644,-0.4408822121816843
20.0,159.0,1000.9432373046876,0.824493352894084,0.1717593457825232,-2.3768181931737407,-0.0231454770914799,0.5188578186747616,-0.571934593955575,0.1201970601601191,-0.6215705967146201,-0.9274745739175644,-0.4408822121816843
20.0,159.0,1000.9432373046876,0.8244933528941846,0.1717593457825232,-2.3768181931737407,-0.0231454773413916,0.5188578186747616,-0.571934593955575,0.1201970601601191,-0.6215705967146201,-0.9274745739175644,-0.4408822121816843
20.0,159.0,1000.9432373046876,0.8244933528940794,0.1717593457825232,-2.3768181931737407,-0.0231454769495031,0.5188578186747616,-0.571934593955575,0.1201970601601191,-0.6215705967146201,-0.9274745739175644,-0.4408822121816843
20.0,159.0,1000.9432373046876,0.8244933528941873,0.1717593457825232,-2.376818193819988,-0.0231454767152466,0.518857746656337,-0.571934593955556,0.1201970601601191,-0.6215705967146201,-0.9274745739175644,-0.4408822444018306
20.0,159.0,1000.9432373046876,0.8244933528941846,0.1717593457825232,-2.3768181931737407,-0.0231454773413916,0.5188578127219803,-0.571934593955575,0.1201970601601191,-0.6215705967146201,-0.9274745739175644,-0.4408822121816843
20.0,159.0,1000.9432373046876,0.8244933528941739,0.1717593457825232,-2.376818195578807,-0.0231454767222202,0.5188578186747616,-0.571934593955575,0.1201970601601191,-0.6215705967146201,-0.9274745739175644,-0.4408822063575652
20.0,159.0,1000.9432373046876,0.8244933528940794,0.1717593457825232,-2.3768181931737407,-0.0231454769495031,0.5188578186747616,-0.571934593955575,0.1201970601601191,-0.6215705967146201,-0.9274745739175644,-0.4408822121816843
20.0,159.0,1000.9432373046876,0.8244933528940794,0.1717593457825232,-2.3768181931737407,-0.0231454769487913,0.5188578186747616,-0.571934593955575,0.1201970601601191,-0.6215705967146201,-0.9274745739175644,-0.4408822121816843
20.0,159.0,1000.9432373046876,0.8244933528940853,0.1717593457825232,-2.37681816374902,-0.0231454778347824,0.5188546184138192,-0.5719345939555747,0.1201970601601191,-0.6215705967146201,-0.9274745739175644,-0.440882600856085
20.0,159.0,1000.9432373046876,0.8244933528940794,0.1717593457825232,-2.376818165392041,-0.0231454654933873,0.5188550619293609,-0.571934593955575,0.1201970601601191,-0.6215705967146201,-0.9274745739175644,-0.4408825905961564
20.0,159.0,1000.9432373046876,0.824493352894084,0.1717593457825232,-2.3768181931737407,-0.0231454658180361,0.5188492847891056,-0.571934593955575,0.1201970601601191,-0.6215705967146201,-0.9274745739175644,-0.4408818569325445
20.0,159.0,1000.9432373046876,0.8244933528941873,0.1717593457825232,-2.3768181716375043,-0.0231454770914799,0.5188578186747616,-0.571934593955575,0.1201970601601191,-0.6215705967146201,-0.9274745739175644,-0.4408822312686979
20.0,159.0,1000.9432373046876,0.824493352894084,0.1717593457825232,-2.3768181931737407,-0.0231454770914799,0.5188578186747616,-0.571934593955575,0.1201970601601191,-0.6215705967146201,-0.9274745739175644,-0.4408822121816843
20.0,159.0,1000.9432373046876,0.8244933528941853,0.1717593457825232,-2.376818171443306,-0.0231454770955707,0.5188578186747616,-0.571934593955575,0.1201970601601191,-0.6215705967146201,-0.9274745739175644,-0.4408822116081401
20.0,159.0,1000.9432373046876,0.8244933528940844,0.1717593457825232,-2.3768181931737407,-0.0231454773413916,0.5188578186747616,-0.571934593955575,0.1201970601601191,-0.6215705967146201,-0.9274745739175644,-0.4408822121816843
20.0,159.0,1000.9432373046876,0.8244933528941873,0.1717593457825232,-2.376818166038288,-0.0231454774621978,0.5188549899109364,-0.5719345939555734,0.1201970601601191,-0.6215705967146201,-0.9274745739175644,-0.4408826026868362
20.0,159.0,1000.9432373046876,0.8244933528941917,0.1717593457825232,-2.376818166038288,-0.0231454643738514,0.5188581901718787,-0.571934593955556,0.1201970601601191,-0.6215705967146201,-0.9274745739175644,-0.440882234141902
20.0,159.0,1000.9432373046876,0.8244933528941846,0.1717593457825232,-2.3768181931737407,-0.0231454773413916,0.518857812890982,-0.571934593955575,0.1201970601601191,-0.6215705967146201,-0.9274745739175644,-0.4408822121816843
20.0,159.0,1000.9432373046876,0.824493352894087,0.1717593457825232,-2.3768181934489463,-0.0231454774605585,0.5188581458690521,-0.571934593955575,0.1201970601601191,-0.6215705967146201,-0.9274745739175644,-0.4408822121816843
20.0,159.0,1000.9432373046876,0.8244933528940794,0.1717593457825232,-2.376818165392041,-0.0231454774125806,0.5188550619293609,-0.571934593955575,0.1201970601601191,-0.6215705967146201,-0.9274745739175644,-0.4408822110497736
20.0,159.0,1000.9432373046876,0.8244933528941853,0.1717593457825232,-2.376818171419115,-0.0231454774548386,0.5188548181131262,-0.571934593955575,0.1201970601601191,-0.6215705967146201,-0.9274745739175644,-0.4408826062061954
20.0,159.0,1000.9432373046876,0.8244933528941873,0.1717593457825232,-2.37681817107884,-0.0231454770914799,0.5188578186747616,-0.571934593955575,0.1201970601601191,-0.6215705967146201,-0.9274745739175644,-0.4408822312686979
20.0,159.0,1000.9432373046876,0.8244933528941917,0.1717593457825232,-2.376818166371673,-0.0231454643738514,0.5188578170754249,-0.5719345939555553,0.1201970601601191,-0.6215705967146201,-0.9274745739175644,-0.440882234141902
20.0,159.0,1000.9432373046876,0.824493352894084,0.1717593457825232,-2.3768181931737407,-0.0231454770914799,0.5188578186747616,-0.571934593955575,0.1201970601601191,-0.6215705967146201,-0.9274745739175644,-0.4408822121816843
20.0,159.0,1000.9432373046876,0.8244933528941853,0.1717593457825232,-2.376818171443306,-0.0231454770955707,0.5188578424111012,-0.5719345939555752,0.1201970601601191,-0.6215705967146201,-0.9274745739175644,-0.4408822116081401
20.0,159.0,1000.9432373046876,0.8244933528941873,0.1717593457825232,-2.376818193819988,-0.0231454767152466,0.518857746656337,-0.571934593955556,0.1201970601601191,-0.6215705967146201,-0.9274745739175644,-0.4408822444018306
20.0,159.0,1000.9432373046876,0.8244933528940892,0.1717593457825232,-2.376818166157814,-0.0231454769487913,0.5188548748987581,-0.5719345939555747,0.1201970601601191,-0.6215705967146201,-0.9274745739175644,-0.440882622649795
20.0,159.0,1000.9432373046876,0.8244933528941846,0.1717593457825232,-2.3768181931737407,-0.0231454773413916,0.51885781850576,-0.571934593955575,0.1201970601601191,-0.6215705967146201,-0.9274745739175644,-0.4408822121816843
20.0,159.0,1000.9432373046876,0.8244933528941842,0.1717593457825232,-2.376818165763083,-0.0231454770931193,0.5188546627166458,-0.5719345939555734,0.1201970601601191,-0.6215705967146201,-0.9274745739175644,-0.4408826026868362
20.0,159.0,1000.9432373046876,0.8244933528940827,0.1717593457825232,-2.3768181661483,-0.0231454652598426,0.5188549899109364,-0.571934593955575,0.1201970601601191,-0.6215705967146201,-0.9274745739175644,-0.4408826341076294
20.0,159.0,1000.9432373046876,0.8244933528941739,0.1717593457825232,-2.376818195578807,-0.0231454648030269,0.5188578186747616,-0.571934593955575,0.1201970601601191,-0.6215705967146201,-0.9274745739175644,-0.440882585903948
20.0,159.0,1000.9432373046876,0.8244933528941821,0.1717593457825232,-2.3768181931737407,-0.0231454649681668,0.5188578407499954,-0.571934593955575,0.1201970601601191,-0.6215705967146201,-0.9274745739175644,-0.4408822121816843
20.0,160.0,1000.9432373046876,0.824493352894084,0.1717593457825232,-2.3768181931737407,-0.0231454770914799,0.5188578186747616,-0.571934593955575,0.1201970601601191,-0.6215705967146201,-0.9274745739175644,-0.4408822121816843
20.0,160.0,1000.9432373046876,0.824493352894084,0.1717593457825232,-2.3768181931737407,-0.0231454770914799,0.5188578186747616,-0.571934593955575,0.1201970601601191,-0.6215705967146201,-0.9274745739175644,-0.4408822121816843
20.0,160.0,1000.9432373046876,0.8244933528941846,0.1717593457825232,-2.3768181931737407,-0.0231454773413916,0.5188578186747616,-0.571934593955575,0.1201970601601191,-0.6215705967146201,-0.9274745739175644,-0.4408822121816843
20.0,160.0,1000.9432373046876,0.8244933528940794,0.1717593457825232,-2.3768181931737407,-0.0231454769487913,0.5188578186747616,-0.571934593955575,0.1201970601601191,-0.6215705967146201,-0.9274745739175644,-0.4408822121816843
20.0,160.0,1000.9432373046876,0.8244933528941853,0.1717593457825232,-2.376818171443306,-0.0231454770955707,0.5188578186747616,-0.571934593955575,0.1201970601601191,-0.6215705967146201,-0.9274745739175644,-0.4408822116081401
20.0,160.0,1000.9432373046876,0.824493352894084,0.1717593457825232,-2.3768181931737407,-0.0231454770914799,0.5188578186747616,-0.571934593955575,0.1201970601601191,-0.6215705967146201,-0.9274745739175644,-0.4408822121816843
20.0,160.0,1000.9432373046876,0.8244933528941873,0.1717593457825232,-2.376818166038288,-0.0231454652598426,0.5188549899109364,-0.571934593955556,0.1201970601601191,-0.6215705967146201,-0.9274745739175644,-0.4408826228163027
20.0,160.0,1000.9432373046876,0.8244933528941882,0.1717593457825232,-2.376818171466023,-0.0231454770955707,0.5188578186747616,-0.571934593955575,0.1201970601601191,-0.6215705967146201,-0.9274745739175644,-0.4408822145023395
20.0,160.0,1000.9432373046876,0.8244933528940844,0.1717593457825232,-2.3768181931737407,-0.0231454773413916,0.5188578186747616,-0.571934593955575,0.1201970601601191,-0.6215705967146201,-0.9274745739175644,-0.4408822121816843
20.0,160.0,1000.9432373046876,0.824493352894084,0.1717593457825232,-2.3768181931737407,-0.0231454770914799,0.5188578186747616,-0.571934593955575,0.1201970601601191,-0.6215705967146201,-0.9274745739175644,-0.4408822121816843
20.0,160.0,1000.9432373046876,0.824493352894084,0.1717593457825232,-2.3768181931737407,-0.0231454770914799,0.5188578186747616,-0.571934593955575,0.1201970601601191,-0.6215705967146201,-0.9274745739175644,-0.4408822138326776
20.0,160.0,1000.9432373046876,0.8244933528941882,0.1717593457825232,-2.3768181714892185,-0.0231454770955707,0.5188578186747616,-0.571934593955575,0.1201970601601191,-0.6215705967146201,-0.9274745739175644,-0.4408822145023395
20.0,160.0,1000.9432373046876,0.824493352894084,0.1717593457825232,-2.3768181920100586,-0.0231454770857545,0.5188578186747616,-0.571934593955575,0.1201970601601191,-0.6215705967146201,-0.9274745739175644,-0.4408822121816843
20.0,160.0,1000.9432373046876,0.8244933528941873,0.1717593457825232,-2.376818166038288,-0.0231454652598426,0.5188549899109364,-0.571934593955556,0.1201970601601191,-0.6215705967146201,-0.9274745739175644,-0.4408826228163027
20.0,160.0,1000.9432373046876,0.8244933528941873,0.1717593457825232,-2.376818166038288,-0.0231454774621978,0.5188549899109364,-0.5719345939555734,0.1201970601601191,-0.6215705967146201,-0.9274745739175644,-0.4408826026868362
20.0,160.0,1000.9432373046876,0.824493352894084,0.1717593457825232,-2.3768181931737407,-0.0231454770914799,0.5188578186747616,-0.571934593955575,0.1201970601601191,-0.6215705967146201,-0.9274745739175644,-0.4408822121816843
20.0,160.0,1000.9432373046876,0.824493352894084,0.1717593457825232,-2.3768181931737407,-0.0231454770907681,0.5188578186747616,-0.571934593955575,0.1201970601601191,-0.6215705967146201,-0.9274745739175644,-0.4408822138326776
20.0,160.0,1000.9432373046876,0.8244933528940895,0.1717593457825232,-2.37681816374902,-0.0231454769487913,0.5188578186747616,-0.5719345939555747,0.1201970601601191,-0.6215705967146201,-0.9274745739175644,-0.4408822121816843
20.0,160.0,1000.9432373046876,0.824493352894084,0.1717593457825232,-2.3768181931737407,-0.0231454770914799,0.5188578186747616,-0.571934593955575,0.1201970601601191,-0.6215705967146201,-0.9274745739175644,-0.4408822121816843
20.0,160.0,1000.9432373046876,0.8244933528941846,0.1717593457825232,-2.3768181931737407,-0.0231454773413916,0.5188578186747616,-0.571934593955575,0.1201970601601191,-0.6215705967146201,-0.9274745739175644,-0.4408822121816843
20.0,160.0,1000.9432373046876,0.8244933528940794,0.1717593457825232,-2.3768181931737407,-0.0231454769495031,0.5188578186747616,-0.571934593955575,0.1201970601601191,-0.6215705967146201,-0.9274745739175644,-0.4408822121816843
20.0,160.0,1000.9432373046876,0.8244933528941873,0.1717593457825232,-2.376818193819988,-0.0231454767152466,0.518857746656337,-0.571934593955556,0.1201970601601191,-0.6215705967146201,-0.9274745739175644,-0.4408822444018306
20.0,160.0,1000.9432373046876,0.8244933528941846,0.1717593457825232,-2.3768181931737407,-0.0231454773413916,0.5188578127219803,-0.571934593955575,0.1201970601601191,-0.6215705967146201,-0.9274745739175644,-0.4408822121816843
20.0,160.0,1000.9432373046876,0.8244933528941739,0.1717593457825232,-2.376818195578807,-0.0231454767222202,0.5188578186747616,-0.571934593955575,0.1201970601601191,-0.6215705967146201,-0.9274745739175644,-0.4408822063575652
20.0,160.0,1000.9432373046876,0.8244933528940794,0.1717593457825232,-2.3768181931737407,-0.0231454769495031,0.5188578186747616,-0.571934593955575,0.1201970601601191,-0.6215705967146201,-0.9274745739175644,-0.4408822121816843
20.0,160.0,1000.9432373046876,0.8244933528940794,0.1717593457825232,-2.3768181931737407,-0.0231454769487913,0.5188578186747616,-0.571934593955575,0.1201970601601191,-0.6215705967146201,-0.9274745739175644,-0.4408822121816843
20.0,160.0,1000.9432373046876,0.8244933528940853,0.1717593457825232,-2.37681816374902,-0.0231454778347824,0.5188546184138192,-0.5719345939555747,0.1201970601601191,-0.6215705967146201,-0.9274745739175644,-0.440882600856085
20.0,160.0,1000.9432373046876,0.8244933528940794,0.1717593457825232,-2.376818165392041,-0.0231454654933873,0.5188550619293609,-0.571934593955575,0.1201970601601191,-0.6215705967146201,-0.9274745739175644,-0.4408825905961564
20.0,160.0,1000.9432373046876,0.824493352894084,0.1717593457825232,-2.3768181931737407,-0.0231454658180361,0.5188492847891056,-0.571934593955575,0.1201970601601191,-0.6215705967146201,-0.9274745739175644,-0.4408818569325445
20.0,160.0,1000.9432373046876,0.8244933528941873,0.1717593457825232,-2.3768181716375043,-0.0231454770914799,0.5188578186747616,-0.571934593955575,0.1201970601601191,-0.6215705967146201,-0.9274745739175644,-0.4408822312686979
20.0,160.0,1000.9432373046876,0.824493352894084,0.1717593457825232,-2.3768181931737407,-0.0231454770914799,0.5188578186747616,-0.571934593955575,0.1201970601601191,-0.6215705967146201,-0.9274745739175644,-0.4408822121816843
20.0,160.0,1000.9432373046876,0.8244933528941853,0.1717593457825232,-2.376818171443306,-0.0231454770955707,0.5188578186747616,-0.571934593955575,0.1201970601601191,-0.6215705967146201,-0.9274745739175644,-0.4408822116081401
20.0,160.0,1000.9432373046876,0.8244933528940844,0.1717593457825232,-2.3768181931737407,-0.0231454773413916,0.5188578186747616,-0.571934593955575,0.1201970601601191,-0.6215705967146201,-0.9274745739175644,-0.4408822121816843
20.0,160.0,1000.9432373046876,0.8244933528941873,0.1717593457825232,-2.376818166038288,-0.0231454774621978,0.5188549899109364,-0.5719345939555734,0.1201970601601191,-0.6215705967146201,-0.9274745739175644,-0.4408826026868362
20.0,160.0,1000.9432373046876,0.8244933528941917,0.1717593457825232,-2.376818166038288,-0.0231454643738514,0.5188581901718787,-0.571934593955556,0.1201970601601191,-0.6215705967146201,-0.9274745739175644,-0.440882234141902
20.0,160.0,1000.9432373046876,0.8244933528941846,0.1717593457825232,-2.3768181931737407,-0.0231454773413916,0.518857812890982,-0.571934593955575,0.1201970601601191,-0.6215705967146201,-0.9274745739175644,-0.4408822121816843
20.0,160.0,1000.9432373046876,0.824493352894087,0.1717593457825232,-2.3768181934489463,-0.0231454774605585,0.5188581458690521,-0.571934593955575,0.1201970601601191,-0.6215705967146201,-0.9274745739175644,-0.4408822121816843
20.0,160.0,1000.9432373046876,0.8244933528940794,0.1717593457825232,-2.376818165392041,-0.0231454774125806,0.5188550619293609,-0.571934593955575,0.1201970601601191,-0.6215705967146201,-0.9274745739175644,-0.4408822110497736
20.0,160.0,1000.9432373046876,0.8244933528941853,0.1717593457825232,-2.376818171419115,-0.0231454774548386,0.5188548181131262,-0.571934593955575,0.1201970601601191,-0.6215705967146201,-0.9274745739175644,-0.4408826062061954
20.0,160.0,1000.9432373046876,0.8244933528941873,0.1717593457825232,-2.37681817107884,-0.0231454770914799,0.5188578186747616,-0.571934593955575,0.1201970601601191,-0.6215705967146201,-0.9274745739175644,-0.4408822312686979
20.0,160.0,1000.9432373046876,0.8244933528941917,0.1717593457825232,-2.376818166371673,-0.0231454643738514,0.5188578170754249,-0.5719345939555553,0.1201970601601191,-0.6215705967146201,-0.9274745739175644,-0.440882234141902
20.0,160.0,1000.9432373046876,0.824493352894084,0.1717593457825232,-2.3768181931737407,-0.0231454770914799,0.5188578186747616,-0.571934593955575,0.1201970601601191,-0.6215705967146201,-0.9274745739175644,-0.4408822121816843
20.0,160.0,1000.9432373046876,0.8244933528941853,0.1717593457825232,-2.376818171443306,-0.0231454770955707,0.5188578424111012,-0.5719345939555752,0.1201970601601191,-0.6215705967146201,-0.9274745739175644,-0.4408822116081401
20.0,160.0,1000.9432373046876,0.8244933528941873,0.1717593457825232,-2.376818193819988,-0.0231454767152466,0.518857746656337,-0.571934593955556,0.1201970601601191,-0.6215705967146201,-0.9274745739175644,-0.4408822444018306
20.0,160.0,1000.9432373046876,0.8244933528940892,0.1717593457825232,-2.376818166157814,-0.0231454769487913,0.5188548748987581,-0.5719345939555747,0.1201970601601191,-0.6215705967146201,-0.9274745739175644,-0.440882622649795
20.0,160.0,1000.9432373046876,0.8244933528941846,0.1717593457825232,-2.3768181931737407,-0.0231454773413916,0.51885781850576,-0.571934593955575,0.1201970601601191,-0.6215705967146201,-0.9274745739175644,-0.4408822121816843
20.0,160.0,1000.9432373046876,0.8244933528941842,0.1717593457825232,-2.376818165763083,-0.0231454770931193,0.5188546627166458,-0.5719345939555734,0.1201970601601191,-0.6215705967146201,-0.9274745739175644,-0.4408826026868362
20.0,160.0,1000.9432373046876,0.8244933528940827,0.1717593457825232,-2.3768181661483,-0.0231454652598426,0.5188549899109364,-0.571934593955575,0.1201970601601191,-0.6215705967146201,-0.9274745739175644,-0.4408826341076294
20.0,160.0,1000.9432373046876,0.8244933528941739,0.1717593457825232,-2.376818195578807,-0.0231454648030269,0.5188578186747616,-0.571934593955575,0.1201970601601191,-0.6215705967146201,-0.9274745739175644,-0.440882585903948
20.0,160.0,1000.9432373046876,0.8244933528941821,0.1717593457825232,-2.3768181931737407,-0.0231454649681668,0.5188578407499954,-0.571934593955575,0.1201970601601191,-0.6215705967146201,-0.9274745739175644,-0.4408822121816843
20.0,161.0,1000.9432373046876,0.824493352894084,0.1717593457825232,-2.3768181931737407,-0.0231454770914799,0.5188578186747616,-0.571934593955575,0.1201970601601191,-0.6215705967146201,-0.9274745739175644,-0.4408822121816843
20.0,161.0,1000.9432373046876,0.824493352894084,0.1717593457825232,-2.3768181931737407,-0.0231454770914799,0.5188578186747616,-0.571934593955575,0.1201970601601191,-0.6215705967146201,-0.9274745739175644,-0.4408822121816843
20.0,161.0,1000.9432373046876,0.8244933528941846,0.1717593457825232,-2.3768181931737407,-0.0231454773413916,0.5188578186747616,-0.571934593955575,0.1201970601601191,-0.6215705967146201,-0.9274745739175644,-0.4408822121816843
20.0,161.0,1000.9432373046876,0.8244933528940794,0.1717593457825232,-2.3768181931737407,-0.0231454769487913,0.5188578186747616,-0.571934593955575,0.1201970601601191,-0.6215705967146201,-0.9274745739175644,-0.4408822121816843
20.0,161.0,1000.9432373046876,0.8244933528941853,0.1717593457825232,-2.376818171443306,-0.0231454770955707,0.5188578186747616,-0.571934593955575,0.1201970601601191,-0.6215705967146201,-0.9274745739175644,-0.4408822116081401
20.0,161.0,1000.9432373046876,0.824493352894084,0.1717593457825232,-2.3768181931737407,-0.0231454770914799,0.5188578186747616,-0.571934593955575,0.1201970601601191,-0.6215705967146201,-0.9274745739175644,-0.4408822121816843
20.0,161.0,1000.9432373046876,0.8244933528941873,0.1717593457825232,-2.376818166038288,-0.0231454652598426,0.5188549899109364,-0.571934593955556,0.1201970601601191,-0.6215705967146201,-0.9274745739175644,-0.4408826228163027
20.0,161.0,1000.9432373046876,0.8244933528941882,0.1717593457825232,-2.376818171466023,-0.0231454770955707,0.5188578186747616,-0.571934593955575,0.1201970601601191,-0.6215705967146201,-0.9274745739175644,-0.4408822145023395
20.0,161.0,1000.9432373046876,0.8244933528940844,0.1717593457825232,-2.3768181931737407,-0.0231454773413916,0.5188578186747616,-0.571934593955575,0.1201970601601191,-0.6215705967146201,-0.9274745739175644,-0.4408822121816843
20.0,161.0,1000.9432373046876,0.824493352894084,0.1717593457825232,-2.3768181931737407,-0.0231454770914799,0.5188578186747616,-0.571934593955575,0.1201970601601191,-0.6215705967146201,-0.9274745739175644,-0.4408822121816843
20.0,161.0,1000.9432373046876,0.824493352894084,0.1717593457825232,-2.3768181931737407,-0.0231454770914799,0.5188578186747616,-0.571934593955575,0.1201970601601191,-0.6215705967146201,-0.9274745739175644,-0.4408822138326776
20.0,161.0,1000.9432373046876,0.8244933528941882,0.1717593457825232,-2.3768181714892185,-0.0231454770955707,0.5188578186747616,-0.571934593955575,0.1201970601601191,-0.6215705967146201,-0.9274745739175644,-0.4408822145023395
20.0,161.0,1000.9432373046876,0.824493352894084,0.1717593457825232,-2.3768181920100586,-0.0231454770857545,0.5188578186747616,-0.571934593955575,0.1201970601601191,-0.6215705967146201,-0.9274745739175644,-0.4408822121816843
20.0,161.0,1000.9432373046876,0.8244933528941873,0.1717593457825232,-2.376818166038288,-0.0231454652598426,0.5188549899109364,-0.571934593955556,0.1201970601601191,-0.6215705967146201,-0.9274745739175644,-0.4408826228163027
20.0,161.0,1000.9432373046876,0.8244933528941873,0.1717593457825232,-2.376818166038288,-0.0231454774621978,0.5188549899109364,-0.5719345939555734,0.1201970601601191,-0.6215705967146201,-0.9274745739175644,-0.4408826026868362
20.0,161.0,1000.9432373046876,0.824493352894084,0.1717593457825232,-2.3768181931737407,-0.0231454770914799,0.5188578186747616,-0.571934593955575,0.1201970601601191,-0.6215705967146201,-0.9274745739175644,-0.4408822121816843
20.0,161.0,1000.9432373046876,0.824493352894084,0.1717593457825232,-2.3768181931737407,-0.0231454770907681,0.5188578186747616,-0.571934593955575,0.1201970601601191,-0.6215705967146201,-0.9274745739175644,-0.4408822138326776
20.0,161.0,1000.9432373046876,0.8244933528940895,0.1717593457825232,-2.37681816374902,-0.0231454769487913,0.5188578186747616,-0.5719345939555747,0.1201970601601191,-0.6215705967146201,-0.9274745739175644,-0.4408822121816843
20.0,161.0,1000.9432373046876,0.824493352894084,0.1717593457825232,-2.3768181931737407,-0.0231454770914799,0.5188578186747616,-0.571934593955575,0.1201970601601191,-0.6215705967146201,-0.9274745739175644,-0.4408822121816843
20.0,161.0,1000.9432373046876,0.8244933528941846,0.1717593457825232,-2.3768181931737407,-0.0231454773413916,0.5188578186747616,-0.571934593955575,0.1201970601601191,-0.6215705967146201,-0.9274745739175644,-0.4408822121816843
20.0,161.0,1000.9432373046876,0.8244933528940794,0.1717593457825232,-2.3768181931737407,-0.0231454769495031,0.5188578186747616,-0.571934593955575,0.1201970601601191,-0.6215705967146201,-0.9274745739175644,-0.4408822121816843
20.0,161.0,1000.9432373046876,0.8244933528941873,0.1717593457825232,-2.376818193819988,-0.0231454767152466,0.518857746656337,-0.571934593955556,0.1201970601601191,-0.6215705967146201,-0.9274745739175644,-0.4408822444018306
20.0,161.0,1000.9432373046876,0.8244933528941846,0.1717593457825232,-2.3768181931737407,-0.0231454773413916,0.5188578127219803,-0.571934593955575,0.1201970601601191,-0.6215705967146201,-0.9274745739175644,-0.4408822121816843
20.0,161.0,1000.9432373046876,0.8244933528941739,0.1717593457825232,-2.376818195578807,-0.0231454767222202,0.5188578186747616,-0.571934593955575,0.1201970601601191,-0.6215705967146201,-0.9274745739175644,-0.4408822063575652
20.0,161.0,1000.9432373046876,0.8244933528940794,0.1717593457825232,-2.3768181931737407,-0.0231454769495031,0.5188578186747616,-0.571934593955575,0.1201970601601191,-0.6215705967146201,-0.9274745739175644,-0.4408822121816843
20.0,161.0,1000.9432373046876,0.8244933528940794,0.1717593457825232,-2.3768181931737407,-0.0231454769487913,0.5188578186747616,-0.571934593955575,0.1201970601601191,-0.6215705967146201,-0.9274745739175644,-0.4408822121816843
20.0,161.0,1000.9432373046876,0.8244933528940853,0.1717593457825232,-2.37681816374902,-0.0231454778347824,0.5188546184138192,-0.5719345939555747,0.1201970601601191,-0.6215705967146201,-0.9274745739175644,-0.440882600856085
20.0,161.0,1000.9432373046876,0.8244933528940794,0.1717593457825232,-2.376818165392041,-0.0231454654933873,0.5188550619293609,-0.571934593955575,0.1201970601601191,-0.6215705967146201,-0.9274745739175644,-0.4408825905961564
20.0,161.0,1000.9432373046876,0.824493352894084,0.1717593457825232,-2.3768181931737407,-0.0231454658180361,0.5188492847891056,-0.571934593955575,0.1201970601601191,-0.6215705967146201,-0.9274745739175644,-0.4408818569325445
20.0,161.0,1000.9432373046876,0.8244933528941873,0.1717593457825232,-2.3768181716375043,-0.0231454770914799,0.5188578186747616,-0.571934593955575,0.1201970601601191,-0.6215705967146201,-0.9274745739175644,-0.4408822312686979
20.0,161.0,1000.9432373046876,0.824493352894084,0.1717593457825232,-2.3768181931737407,-0.0231454770914799,0.5188578186747616,-0.571934593955575,0.1201970601601191,-0.6215705967146201,-0.9274745739175644,-0.4408822121816843
20.0,161.0,1000.9432373046876,0.8244933528941853,0.1717593457825232,-2.376818171443306,-0.0231454770955707,0.5188578186747616,-0.571934593955575,0.1201970601601191,-0.6215705967146201,-0.9274745739175644,-0.4408822116081401
20.0,161.0,1000.9432373046876,0.8244933528940844,0.1717593457825232,-2.3768181931737407,-0.0231454773413916,0.5188578186747616,-0.571934593955575,0.1201970601601191,-0.6215705967146201,-0.9274745739175644,-0.4408822121816843
20.0,161.0,1000.9432373046876,0.8244933528941873,0.1717593457825232,-2.376818166038288,-0.0231454774621978,0.5188549899109364,-0.5719345939555734,0.1201970601601191,-0.6215705967146201,-0.9274745739175644,-0.4408826026868362
20.0,161.0,1000.9432373046876,0.8244933528941917,0.1717593457825232,-2.376818166038288,-0.0231454643738514,0.5188581901718787,-0.571934593955556,0.1201970601601191,-0.6215705967146201,-0.9274745739175644,-0.440882234141902
20.0,161.0,1000.9432373046876,0.8244933528941846,0.1717593457825232,-2.3768181931737407,-0.0231454773413916,0.518857812890982,-0.571934593955575,0.1201970601601191,-0.6215705967146201,-0.9274745739175644,-0.4408822121816843
20.0,161.0,1000.9432373046876,0.824493352894087,0.1717593457825232,-2.3768181934489463,-0.0231454774605585,0.5188581458690521,-0.571934593955575,0.1201970601601191,-0.6215705967146201,-0.9274745739175644,-0.4408822121816843
20.0,161.0,1000.9432373046876,0.8244933528940794,0.1717593457825232,-2.376818165392041,-0.0231454774125806,0.5188550619293609,-0.571934593955575,0.1201970601601191,-0.6215705967146201,-0.9274745739175644,-0.4408822110497736
20.0,161.0,1000.9432373046876,0.8244933528941853,0.1717593457825232,-2.376818171419115,-0.0231454774548386,0.5188548181131262,-0.571934593955575,0.1201970601601191,-0.6215705967146201,-0.9274745739175644,-0.4408826062061954
20.0,161.0,1000.9432373046876,0.8244933528941873,0.1717593457825232,-2.37681817107884,-0.0231454770914799,0.5188578186747616,-0.571934593955575,0.1201970601601191,-0.6215705967146201,-0.9274745739175644,-0.4408822312686979
20.0,161.0,1000.9432373046876,0.8244933528941917,0.1717593457825232,-2.376818166371673,-0.0231454643738514,0.5188578170754249,-0.5719345939555553,0.1201970601601191,-0.6215705967146201,-0.9274745739175644,-0.440882234141902
20.0,161.0,1000.9432373046876,0.824493352894084,0.1717593457825232,-2.3768181931737407,-0.0231454770914799,0.5188578186747616,-0.571934593955575,0.1201970601601191,-0.6215705967146201,-0.9274745739175644,-0.4408822121816843
20.0,161.0,1000.9432373046876,0.8244933528941853,0.1717593457825232,-2.376818171443306,-0.0231454770955707,0.5188578424111012,-0.5719345939555752,0.1201970601601191,-0.6215705967146201,-0.9274745739175644,-0.4408822116081401
20.0,161.0,1000.9432373046876,0.8244933528941873,0.1717593457825232,-2.376818193819988,-0.0231454767152466,0.518857746656337,-0.571934593955556,0.1201970601601191,-0.6215705967146201,-0.9274745739175644,-0.4408822444018306
20.0,161.0,1000.9432373046876,0.8244933528940892,0.1717593457825232,-2.376818166157814,-0.0231454769487913,0.5188548748987581,-0.5719345939555747,0.1201970601601191,-0.6215705967146201,-0.9274745739175644,-0.440882622649795
20.0,161.0,1000.9432373046876,0.8244933528941846,0.1717593457825232,-2.3768181931737407,-0.0231454773413916,0.51885781850576,-0.571934593955575,0.1201970601601191,-0.6215705967146201,-0.9274745739175644,-0.4408822121816843
20.0,161.0,1000.9432373046876,0.8244933528941842,0.1717593457825232,-2.376818165763083,-0.0231454770931193,0.5188546627166458,-0.5719345939555734,0.1201970601601191,-0.6215705967146201,-0.9274745739175644,-0.4408826026868362
20.0,161.0,1000.9432373046876,0.8244933528940827,0.1717593457825232,-2.3768181661483,-0.0231454652598426,0.5188549899109364,-0.571934593955575,0.1201970601601191,-0.6215705967146201,-0.9274745739175644,-0.4408826341076294
20.0,161.0,1000.9432373046876,0.8244933528941739,0.1717593457825232,-2.376818195578807,-0.0231454648030269,0.5188578186747616,-0.571934593955575,0.1201970601601191,-0.6215705967146201,-0.9274745739175644,-0.440882585903948
20.0,161.0,1000.9432373046876,0.8244933528941821,0.1717593457825232,-2.3768181931737407,-0.0231454649681668,0.5188578407499954,-0.571934593955575,0.1201970601601191,-0.6215705967146201,-0.9274745739175644,-0.4408822121816843
20.0,162.0,1000.9432373046876,0.824493352894084,0.1717593457825232,-2.3768181931737407,-0.0231454770914799,0.5188578186747616,-0.571934593955575,0.1201970601601191,-0.6215705967146201,-0.9274745739175644,-0.4408822121816843
20.0,162.0,1000.9432373046876,0.824493352894084,0.1717593457825232,-2.3768181931737407,-0.0231454770914799,0.5188578186747616,-0.571934593955575,0.1201970601601191,-0.6215705967146201,-0.9274745739175644,-0.4408822121816843
20.0,162.0,1000.9432373046876,0.8244933528941846,0.1717593457825232,-2.3768181931737407,-0.0231454773413916,0.5188578186747616,-0.571934593955575,0.1201970601601191,-0.6215705967146201,-0.9274745739175644,-0.4408822121816843
20.0,162.0,1000.9432373046876,0.8244933528940794,0.1717593457825232,-2.3768181931737407,-0.0231454769487913,0.5188578186747616,-0.571934593955575,0.1201970601601191,-0.6215705967146201,-0.9274745739175644,-0.4408822121816843
20.0,162.0,1000.9432373046876,0.8244933528941853,0.1717593457825232,-2.376818171443306,-0.0231454770955707,0.5188578186747616,-0.571934593955575,0.1201970601601191,-0.6215705967146201,-0.9274745739175644,-0.4408822116081401
20.0,162.0,1000.9432373046876,0.824493352894084,0.1717593457825232,-2.3768181931737407,-0.0231454770914799,0.5188578186747616,-0.571934593955575,0.1201970601601191,-0.6215705967146201,-0.9274745739175644,-0.4408822121816843
20.0,162.0,1000.9432373046876,0.8244933528941873,0.1717593457825232,-2.376818166038288,-0.0231454652598426,0.5188549899109364,-0.571934593955556,0.1201970601601191,-0.6215705967146201,-0.9274745739175644,-0.4408826228163027
20.0,162.0,1000.9432373046876,0.8244933528941882,0.1717593457825232,-2.376818171466023,-0.0231454770955707,0.5188578186747616,-0.571934593955575,0.1201970601601191,-0.6215705967146201,-0.9274745739175644,-0.4408822145023395
20.0,162.0,1000.9432373046876,0.8244933528940844,0.1717593457825232,-2.3768181931737407,-0.0231454773413916,0.5188578186747616,-0.571934593955575,0.1201970601601191,-0.6215705967146201,-0.9274745739175644,-0.4408822121816843
20.0,162.0,1000.9432373046876,0.824493352894084,0.1717593457825232,-2.3768181931737407,-0.0231454770914799,0.5188578186747616,-0.571934593955575,0.1201970601601191,-0.6215705967146201,-0.9274745739175644,-0.4408822121816843
20.0,162.0,1000.9432373046876,0.824493352894084,0.1717593457825232,-2.3768181931737407,-0.0231454770914799,0.5188578186747616,-0.571934593955575,0.1201970601601191,-0.6215705967146201,-0.9274745739175644,-0.4408822138326776
20.0,162.0,1000.9432373046876,0.8244933528941882,0.1717593457825232,-2.3768181714892185,-0.0231454770955707,0.5188578186747616,-0.571934593955575,0.1201970601601191,-0.6215705967146201,-0.9274745739175644,-0.4408822145023395
20.0,162.0,1000.9432373046876,0.824493352894084,0.1717593457825232,-2.3768181920100586,-0.0231454770857545,0.5188578186747616,-0.571934593955575,0.1201970601601191,-0.6215705967146201,-0.9274745739175644,-0.4408822121816843
20.0,162.0,1000.9432373046876,0.8244933528941873,0.1717593457825232,-2.376818166038288,-0.0231454652598426,0.5188549899109364,-0.571934593955556,0.1201970601601191,-0.6215705967146201,-0.9274745739175644,-0.4408826228163027
20.0,162.0,1000.9432373046876,0.8244933528941873,0.1717593457825232,-2.376818166038288,-0.0231454774621978,0.5188549899109364,-0.5719345939555734,0.1201970601601191,-0.6215705967146201,-0.9274745739175644,-0.4408826026868362
20.0,162.0,1000.9432373046876,0.824493352894084,0.1717593457825232,-2.3768181931737407,-0.0231454770914799,0.5188578186747616,-0.571934593955575,0.1201970601601191,-0.6215705967146201,-0.9274745739175644,-0.4408822121816843
20.0,162.0,1000.9432373046876,0.824493352894084,0.1717593457825232,-2.3768181931737407,-0.0231454770907681,0.5188578186747616,-0.571934593955575,0.1201970601601191,-0.6215705967146201,-0.9274745739175644,-0.4408822138326776
20.0,162.0,1000.9432373046876,0.8244933528940895,0.1717593457825232,-2.37681816374902,-0.0231454769487913,0.5188578186747616,-0.5719345939555747,0.1201970601601191,-0.6215705967146201,-0.9274745739175644,-0.4408822121816843
20.0,162.0,1000.9432373046876,0.824493352894084,0.1717593457825232,-2.3768181931737407,-0.0231454770914799,0.5188578186747616,-0.571934593955575,0.1201970601601191,-0.6215705967146201,-0.9274745739175644,-0.4408822121816843
20.0,162.0,1000.9432373046876,0.8244933528941846,0.1717593457825232,-2.3768181931737407,-0.0231454773413916,0.5188578186747616,-0.571934593955575,0.1201970601601191,-0.6215705967146201,-0.9274745739175644,-0.4408822121816843
20.0,162.0,1000.9432373046876,0.8244933528940794,0.1717593457825232,-2.3768181931737407,-0.0231454769495031,0.5188578186747616,-0.571934593955575,0.1201970601601191,-0.6215705967146201,-0.9274745739175644,-0.4408822121816843
20.0,162.0,1000.9432373046876,0.8244933528941873,0.1717593457825232,-2.376818193819988,-0.0231454767152466,0.518857746656337,-0.571934593955556,0.1201970601601191,-0.6215705967146201,-0.9274745739175644,-0.4408822444018306
20.0,162.0,1000.9432373046876,0.8244933528941846,0.1717593457825232,-2.3768181931737407,-0.0231454773413916,0.5188578127219803,-0.571934593955575,0.1201970601601191,-0.6215705967146201,-0.9274745739175644,-0.4408822121816843
20.0,162.0,1000.9432373046876,0.8244933528941739,0.1717593457825232,-2.376818195578807,-0.0231454767222202,0.5188578186747616,-0.571934593955575,0.1201970601601191,-0.6215705967146201,-0.9274745739175644,-0.4408822063575652
20.0,162.0,1000.9432373046876,0.8244933528940794,0.1717593457825232,-2.3768181931737407,-0.0231454769495031,0.5188578186747616,-0.571934593955575,0.1201970601601191,-0.6215705967146201,-0.9274745739175644,-0.4408822121816843
20.0,162.0,1000.9432373046876,0.8244933528940794,0.1717593457825232,-2.3768181931737407,-0.0231454769487913,0.5188578186747616,-0.571934593955575,0.1201970601601191,-0.6215705967146201,-0.9274745739175644,-0.4408822121816843
20.0,162.0,1000.9432373046876,0.8244933528940853,0.1717593457825232,-2.37681816374902,-0.0231454778347824,0.5188546184138192,-0.5719345939555747,0.1201970601601191,-0.6215705967146201,-0.9274745739175644,-0.440882600856085
20.0,162.0,1000.9432373046876,0.8244933528940794,0.1717593457825232,-2.376818165392041,-0.0231454654933873,0.5188550619293609,-0.571934593955575,0.1201970601601191,-0.6215705967146201,-0.9274745739175644,-0.4408825905961564
20.0,162.0,1000.9432373046876,0.824493352894084,0.1717593457825232,-2.3768181931737407,-0.0231454658180361,0.5188492847891056,-0.571934593955575,0.1201970601601191,-0.6215705967146201,-0.9274745739175644,-0.4408818569325445
20.0,162.0,1000.9432373046876,0.8244933528941873,0.1717593457825232,-2.3768181716375043,-0.0231454770914799,0.5188578186747616,-0.571934593955575,0.1201970601601191,-0.6215705967146201,-0.9274745739175644,-0.4408822312686979
20.0,162.0,1000.9432373046876,0.824493352894084,0.1717593457825232,-2.3768181931737407,-0.0231454770914799,0.5188578186747616,-0.571934593955575,0.1201970601601191,-0.6215705967146201,-0.9274745739175644,-0.4408822121816843
20.0,162.0,1000.9432373046876,0.8244933528941853,0.1717593457825232,-2.376818171443306,-0.0231454770955707,0.5188578186747616,-0.571934593955575,0.1201970601601191,-0.6215705967146201,-0.9274745739175644,-0.4408822116081401
20.0,162.0,1000.9432373046876,0.8244933528940844,0.1717593457825232,-2.3768181931737407,-0.0231454773413916,0.5188578186747616,-0.571934593955575,0.1201970601601191,-0.6215705967146201,-0.9274745739175644,-0.4408822121816843
20.0,162.0,1000.9432373046876,0.8244933528941873,0.1717593457825232,-2.376818166038288,-0.0231454774621978,0.5188549899109364,-0.5719345939555734,0.1201970601601191,-0.6215705967146201,-0.9274745739175644,-0.4408826026868362
20.0,162.0,1000.9432373046876,0.8244933528941917,0.1717593457825232,-2.376818166038288,-0.0231454643738514,0.5188581901718787,-0.571934593955556,0.1201970601601191,-0.6215705967146201,-0.9274745739175644,-0.440882234141902
20.0,162.0,1000.9432373046876,0.8244933528941846,0.1717593457825232,-2.3768181931737407,-0.0231454773413916,0.518857812890982,-0.571934593955575,0.1201970601601191,-0.6215705967146201,-0.9274745739175644,-0.4408822121816843
20.0,162.0,1000.9432373046876,0.824493352894087,0.1717593457825232,-2.3768181934489463,-0.0231454774605585,0.5188581458690521,-0.571934593955575,0.1201970601601191,-0.6215705967146201,-0.9274745739175644,-0.4408822121816843
20.0,162.0,1000.9432373046876,0.8244933528940794,0.1717593457825232,-2.376818165392041,-0.0231454774125806,0.5188550619293609,-0.571934593955575,0.1201970601601191,-0.6215705967146201,-0.9274745739175644,-0.4408822110497736
20.0,162.0,1000.9432373046876,0.8244933528941853,0.1717593457825232,-2.376818171419115,-0.0231454774548386,0.5188548181131262,-0.571934593955575,0.1201970601601191,-0.6215705967146201,-0.9274745739175644,-0.4408826062061954
20.0,162.0,1000.9432373046876,0.8244933528941873,0.1717593457825232,-2.37681817107884,-0.0231454770914799,0.5188578186747616,-0.571934593955575,0.1201970601601191,-0.6215705967146201,-0.9274745739175644,-0.4408822312686979
20.0,162.0,1000.9432373046876,0.8244933528941917,0.1717593457825232,-2.376818166371673,-0.0231454643738514,0.5188578170754249,-0.5719345939555553,0.1201970601601191,-0.6215705967146201,-0.9274745739175644,-0.440882234141902
20.0,162.0,1000.9432373046876,0.824493352894084,0.1717593457825232,-2.3768181931737407,-0.0231454770914799,0.5188578186747616,-0.571934593955575,0.1201970601601191,-0.6215705967146201,-0.9274745739175644,-0.4408822121816843
20.0,162.0,1000.9432373046876,0.8244933528941853,0.1717593457825232,-2.376818171443306,-0.0231454770955707,0.5188578424111012,-0.5719345939555752,0.1201970601601191,-0.6215705967146201,-0.9274745739175644,-0.4408822116081401
20.0,162.0,1000.9432373046876,0.8244933528941873,0.1717593457825232,-2.376818193819988,-0.0231454767152466,0.518857746656337,-0.571934593955556,0.1201970601601191,-0.6215705967146201,-0.9274745739175644,-0.4408822444018306
20.0,162.0,1000.9432373046876,0.8244933528940892,0.1717593457825232,-2.376818166157814,-0.0231454769487913,0.5188548748987581,-0.5719345939555747,0.1201970601601191,-0.6215705967146201,-0.9274745739175644,-0.440882622649795
20.0,162.0,1000.9432373046876,0.8244933528941846,0.1717593457825232,-2.3768181931737407,-0.0231454773413916,0.51885781850576,-0.571934593955575,0.1201970601601191,-0.6215705967146201,-0.9274745739175644,-0.4408822121816843
20.0,162.0,1000.9432373046876,0.8244933528941842,0.1717593457825232,-2.376818165763083,-0.0231454770931193,0.5188546627166458,-0.5719345939555734,0.1201970601601191,-0.6215705967146201,-0.9274745739175644,-0.4408826026868362
20.0,162.0,1000.9432373046876,0.8244933528940827,0.1717593457825232,-2.3768181661483,-0.0231454652598426,0.5188549899109364,-0.571934593955575,0.1201970601601191,-0.6215705967146201,-0.9274745739175644,-0.4408826341076294
20.0,162.0,1000.9432373046876,0.8244933528941739,0.1717593457825232,-2.376818195578807,-0.0231454648030269,0.5188578186747616,-0.571934593955575,0.1201970601601191,-0.6215705967146201,-0.9274745739175644,-0.440882585903948
20.0,162.0,1000.9432373046876,0.8244933528941821,0.1717593457825232,-2.3768181931737407,-0.0231454649681668,0.5188578407499954,-0.571934593955575,0.1201970601601191,-0.6215705967146201,-0.9274745739175644,-0.4408822121816843
20.0,163.0,1000.9432373046876,0.824493352894084,0.1717593457825232,-2.3768181931737407,-0.0231454770914799,0.5188578186747616,-0.571934593955575,0.1201970601601191,-0.6215705967146201,-0.9274745739175644,-0.4408822121816843
20.0,163.0,1000.9432373046876,0.824493352894084,0.1717593457825232,-2.3768181931737407,-0.0231454770914799,0.5188578186747616,-0.571934593955575,0.1201970601601191,-0.6215705967146201,-0.9274745739175644,-0.4408822121816843
20.0,163.0,1000.9432373046876,0.8244933528941846,0.1717593457825232,-2.3768181931737407,-0.0231454773413916,0.5188578186747616,-0.571934593955575,0.1201970601601191,-0.6215705967146201,-0.9274745739175644,-0.4408822121816843
20.0,163.0,1000.9432373046876,0.8244933528940794,0.1717593457825232,-2.3768181931737407,-0.0231454769487913,0.5188578186747616,-0.571934593955575,0.1201970601601191,-0.6215705967146201,-0.9274745739175644,-0.4408822121816843
20.0,163.0,1000.9432373046876,0.8244933528941853,0.1717593457825232,-2.376818171443306,-0.0231454770955707,0.5188578186747616,-0.571934593955575,0.1201970601601191,-0.6215705967146201,-0.9274745739175644,-0.4408822116081401
20.0,163.0,1000.9432373046876,0.824493352894084,0.1717593457825232,-2.3768181931737407,-0.0231454770914799,0.5188578186747616,-0.571934593955575,0.1201970601601191,-0.6215705967146201,-0.9274745739175644,-0.4408822121816843
20.0,163.0,1000.9432373046876,0.8244933528941873,0.1717593457825232,-2.376818166038288,-0.0231454652598426,0.5188549899109364,-0.571934593955556,0.1201970601601191,-0.6215705967146201,-0.9274745739175644,-0.4408826228163027
20.0,163.0,1000.9432373046876,0.8244933528941882,0.1717593457825232,-2.376818171466023,-0.0231454770955707,0.5188578186747616,-0.571934593955575,0.1201970601601191,-0.6215705967146201,-0.9274745739175644,-0.4408822145023395
20.0,163.0,1000.9432373046876,0.8244933528940844,0.1717593457825232,-2.3768181931737407,-0.0231454773413916,0.5188578186747616,-0.571934593955575,0.1201970601601191,-0.6215705967146201,-0.9274745739175644,-0.4408822121816843
20.0,163.0,1000.9432373046876,0.824493352894084,0.1717593457825232,-2.3768181931737407,-0.0231454770914799,0.5188578186747616,-0.571934593955575,0.1201970601601191,-0.6215705967146201,-0.9274745739175644,-0.4408822121816843
20.0,163.0,1000.9432373046876,0.824493352894084,0.1717593457825232,-2.3768181931737407,-0.0231454770914799,0.5188578186747616,-0.571934593955575,0.1201970601601191,-0.6215705967146201,-0.9274745739175644,-0.4408822138326776
20.0,163.0,1000.9432373046876,0.8244933528941882,0.1717593457825232,-2.3768181714892185,-0.0231454770955707,0.5188578186747616,-0.571934593955575,0.1201970601601191,-0.6215705967146201,-0.9274745739175644,-0.4408822145023395
20.0,163.0,1000.9432373046876,0.824493352894084,0.1717593457825232,-2.3768181920100586,-0.0231454770857545,0.5188578186747616,-0.571934593955575,0.1201970601601191,-0.6215705967146201,-0.9274745739175644,-0.4408822121816843
20.0,163.0,1000.9432373046876,0.8244933528941873,0.1717593457825232,-2.376818166038288,-0.0231454652598426,0.5188549899109364,-0.571934593955556,0.1201970601601191,-0.6215705967146201,-0.9274745739175644,-0.4408826228163027
20.0,163.0,1000.9432373046876,0.8244933528941873,0.1717593457825232,-2.376818166038288,-0.0231454774621978,0.5188549899109364,-0.5719345939555734,0.1201970601601191,-0.6215705967146201,-0.9274745739175644,-0.4408826026868362
20.0,163.0,1000.9432373046876,0.824493352894084,0.1717593457825232,-2.3768181931737407,-0.0231454770914799,0.5188578186747616,-0.571934593955575,0.1201970601601191,-0.6215705967146201,-0.9274745739175644,-0.4408822121816843
20.0,163.0,1000.9432373046876,0.824493352894084,0.1717593457825232,-2.3768181931737407,-0.0231454770907681,0.5188578186747616,-0.571934593955575,0.1201970601601191,-0.6215705967146201,-0.9274745739175644,-0.4408822138326776
20.0,163.0,1000.9432373046876,0.8244933528940895,0.1717593457825232,-2.37681816374902,-0.0231454769487913,0.5188578186747616,-0.5719345939555747,0.1201970601601191,-0.6215705967146201,-0.9274745739175644,-0.4408822121816843
20.0,163.0,1000.9432373046876,0.824493352894084,0.1717593457825232,-2.3768181931737407,-0.0231454770914799,0.5188578186747616,-0.571934593955575,0.1201970601601191,-0.6215705967146201,-0.9274745739175644,-0.4408822121816843
20.0,163.0,1000.9432373046876,0.8244933528941846,0.1717593457825232,-2.3768181931737407,-0.0231454773413916,0.5188578186747616,-0.571934593955575,0.1201970601601191,-0.6215705967146201,-0.9274745739175644,-0.4408822121816843
20.0,163.0,1000.9432373046876,0.8244933528940794,0.1717593457825232,-2.3768181931737407,-0.0231454769495031,0.5188578186747616,-0.571934593955575,0.1201970601601191,-0.6215705967146201,-0.9274745739175644,-0.4408822121816843
20.0,163.0,1000.9432373046876,0.8244933528941873,0.1717593457825232,-2.376818193819988,-0.0231454767152466,0.518857746656337,-0.571934593955556,0.1201970601601191,-0.6215705967146201,-0.9274745739175644,-0.4408822444018306
20.0,163.0,1000.9432373046876,0.8244933528941846,0.1717593457825232,-2.3768181931737407,-0.0231454773413916,0.5188578127219803,-0.571934593955575,0.1201970601601191,-0.6215705967146201,-0.9274745739175644,-0.4408822121816843
20.0,163.0,1000.9432373046876,0.8244933528941739,0.1717593457825232,-2.376818195578807,-0.0231454767222202,0.5188578186747616,-0.571934593955575,0.1201970601601191,-0.6215705967146201,-0.9274745739175644,-0.4408822063575652
20.0,163.0,1000.9432373046876,0.8244933528940794,0.1717593457825232,-2.3768181931737407,-0.0231454769495031,0.5188578186747616,-0.571934593955575,0.1201970601601191,-0.6215705967146201,-0.9274745739175644,-0.4408822121816843
20.0,163.0,1000.9432373046876,0.8244933528940794,0.1717593457825232,-2.3768181931737407,-0.0231454769487913,0.5188578186747616,-0.571934593955575,0.1201970601601191,-0.6215705967146201,-0.9274745739175644,-0.4408822121816843
20.0,163.0,1000.9432373046876,0.8244933528940853,0.1717593457825232,-2.37681816374902,-0.0231454778347824,0.5188546184138192,-0.5719345939555747,0.1201970601601191,-0.6215705967146201,-0.9274745739175644,-0.440882600856085
20.0,163.0,1000.9432373046876,0.8244933528940794,0.1717593457825232,-2.376818165392041,-0.0231454654933873,0.5188550619293609,-0.571934593955575,0.1201970601601191,-0.6215705967146201,-0.9274745739175644,-0.4408825905961564
20.0,163.0,1000.9432373046876,0.824493352894084,0.1717593457825232,-2.3768181931737407,-0.0231454658180361,0.5188492847891056,-0.571934593955575,0.1201970601601191,-0.6215705967146201,-0.9274745739175644,-0.4408818569325445
20.0,163.0,1000.9432373046876,0.8244933528941873,0.1717593457825232,-2.3768181716375043,-0.0231454770914799,0.5188578186747616,-0.571934593955575,0.1201970601601191,-0.6215705967146201,-0.9274745739175644,-0.4408822312686979
20.0,163.0,1000.9432373046876,0.824493352894084,0.1717593457825232,-2.3768181931737407,-0.0231454770914799,0.5188578186747616,-0.571934593955575,0.1201970601601191,-0.6215705967146201,-0.9274745739175644,-0.4408822121816843
20.0,163.0,1000.9432373046876,0.8244933528941853,0.1717593457825232,-2.376818171443306,-0.0231454770955707,0.5188578186747616,-0.571934593955575,0.1201970601601191,-0.6215705967146201,-0.9274745739175644,-0.4408822116081401
20.0,163.0,1000.9432373046876,0.8244933528940844,0.1717593457825232,-2.3768181931737407,-0.0231454773413916,0.5188578186747616,-0.571934593955575,0.1201970601601191,-0.6215705967146201,-0.9274745739175644,-0.4408822121816843
20.0,163.0,1000.9432373046876,0.8244933528941873,0.1717593457825232,-2.376818166038288,-0.0231454774621978,0.5188549899109364,-0.5719345939555734,0.1201970601601191,-0.6215705967146201,-0.9274745739175644,-0.4408826026868362
20.0,163.0,1000.9432373046876,0.8244933528941917,0.1717593457825232,-2.376818166038288,-0.0231454643738514,0.5188581901718787,-0.571934593955556,0.1201970601601191,-0.6215705967146201,-0.9274745739175644,-0.440882234141902
20.0,163.0,1000.9432373046876,0.8244933528941846,0.1717593457825232,-2.3768181931737407,-0.0231454773413916,0.518857812890982,-0.571934593955575,0.1201970601601191,-0.6215705967146201,-0.9274745739175644,-0.4408822121816843
20.0,163.0,1000.9432373046876,0.824493352894087,0.1717593457825232,-2.3768181934489463,-0.0231454774605585,0.5188581458690521,-0.571934593955575,0.1201970601601191,-0.6215705967146201,-0.9274745739175644,-0.4408822121816843
20.0,163.0,1000.9432373046876,0.8244933528940794,0.1717593457825232,-2.376818165392041,-0.0231454774125806,0.5188550619293609,-0.571934593955575,0.1201970601601191,-0.6215705967146201,-0.9274745739175644,-0.4408822110497736
20.0,163.0,1000.9432373046876,0.8244933528941853,0.1717593457825232,-2.376818171419115,-0.0231454774548386,0.5188548181131262,-0.571934593955575,0.1201970601601191,-0.6215705967146201,-0.9274745739175644,-0.4408826062061954
20.0,163.0,1000.9432373046876,0.8244933528941873,0.1717593457825232,-2.37681817107884,-0.0231454770914799,0.5188578186747616,-0.571934593955575,0.1201970601601191,-0.6215705967146201,-0.9274745739175644,-0.4408822312686979
20.0,163.0,1000.9432373046876,0.8244933528941917,0.1717593457825232,-2.376818166371673,-0.0231454643738514,0.5188578170754249,-0.5719345939555553,0.1201970601601191,-0.6215705967146201,-0.9274745739175644,-0.440882234141902
20.0,163.0,1000.9432373046876,0.824493352894084,0.1717593457825232,-2.3768181931737407,-0.0231454770914799,0.5188578186747616,-0.571934593955575,0.1201970601601191,-0.6215705967146201,-0.9274745739175644,-0.4408822121816843
20.0,163.0,1000.9432373046876,0.8244933528941853,0.1717593457825232,-2.376818171443306,-0.0231454770955707,0.5188578424111012,-0.5719345939555752,0.1201970601601191,-0.6215705967146201,-0.9274745739175644,-0.4408822116081401
20.0,163.0,1000.9432373046876,0.8244933528941873,0.1717593457825232,-2.376818193819988,-0.0231454767152466,0.518857746656337,-0.571934593955556,0.1201970601601191,-0.6215705967146201,-0.9274745739175644,-0.4408822444018306
20.0,163.0,1000.9432373046876,0.8244933528940892,0.1717593457825232,-2.376818166157814,-0.0231454769487913,0.5188548748987581,-0.5719345939555747,0.1201970601601191,-0.6215705967146201,-0.9274745739175644,-0.440882622649795
20.0,163.0,1000.9432373046876,0.8244933528941846,0.1717593457825232,-2.3768181931737407,-0.0231454773413916,0.51885781850576,-0.571934593955575,0.1201970601601191,-0.6215705967146201,-0.9274745739175644,-0.4408822121816843
20.0,163.0,1000.9432373046876,0.8244933528941842,0.1717593457825232,-2.376818165763083,-0.0231454770931193,0.5188546627166458,-0.5719345939555734,0.1201970601601191,-0.6215705967146201,-0.9274745739175644,-0.4408826026868362
20.0,163.0,1000.9432373046876,0.8244933528940827,0.1717593457825232,-2.3768181661483,-0.0231454652598426,0.5188549899109364,-0.571934593955575,0.1201970601601191,-0.6215705967146201,-0.9274745739175644,-0.4408826341076294
20.0,163.0,1000.9432373046876,0.8244933528941739,0.1717593457825232,-2.376818195578807,-0.0231454648030269,0.5188578186747616,-0.571934593955575,0.1201970601601191,-0.6215705967146201,-0.9274745739175644,-0.440882585903948
20.0,163.0,1000.9432373046876,0.8244933528941821,0.1717593457825232,-2.3768181931737407,-0.0231454649681668,0.5188578407499954,-0.571934593955575,0.1201970601601191,-0.6215705967146201,-0.9274745739175644,-0.4408822121816843
20.0,164.0,1000.9432373046876,0.824493352894084,0.1717593457825232,-2.3768181931737407,-0.0231454770914799,0.5188578186747616,-0.571934593955575,0.1201970601601191,-0.6215705967146201,-0.9274745739175644,-0.4408822121816843
20.0,164.0,1000.9432373046876,0.824493352894084,0.1717593457825232,-2.3768181931737407,-0.0231454770914799,0.5188578186747616,-0.571934593955575,0.1201970601601191,-0.6215705967146201,-0.9274745739175644,-0.4408822121816843
20.0,164.0,1000.9432373046876,0.8244933528941846,0.1717593457825232,-2.3768181931737407,-0.0231454773413916,0.5188578186747616,-0.571934593955575,0.1201970601601191,-0.6215705967146201,-0.9274745739175644,-0.4408822121816843
20.0,164.0,1000.9432373046876,0.8244933528940794,0.1717593457825232,-2.3768181931737407,-0.0231454769487913,0.5188578186747616,-0.571934593955575,0.1201970601601191,-0.6215705967146201,-0.9274745739175644,-0.4408822121816843
20.0,164.0,1000.9432373046876,0.8244933528941853,0.1717593457825232,-2.376818171443306,-0.0231454770955707,0.5188578186747616,-0.571934593955575,0.1201970601601191,-0.6215705967146201,-0.9274745739175644,-0.4408822116081401
20.0,164.0,1000.9432373046876,0.824493352894084,0.1717593457825232,-2.3768181931737407,-0.0231454770914799,0.5188578186747616,-0.571934593955575,0.1201970601601191,-0.6215705967146201,-0.9274745739175644,-0.4408822121816843
20.0,164.0,1000.9432373046876,0.8244933528941873,0.1717593457825232,-2.376818166038288,-0.0231454652598426,0.5188549899109364,-0.571934593955556,0.1201970601601191,-0.6215705967146201,-0.9274745739175644,-0.4408826228163027
20.0,164.0,1000.9432373046876,0.8244933528941882,0.1717593457825232,-2.376818171466023,-0.0231454770955707,0.5188578186747616,-0.571934593955575,0.1201970601601191,-0.6215705967146201,-0.9274745739175644,-0.4408822145023395
20.0,164.0,1000.9432373046876,0.8244933528940844,0.1717593457825232,-2.3768181931737407,-0.0231454773413916,0.5188578186747616,-0.571934593955575,0.1201970601601191,-0.6215705967146201,-0.9274745739175644,-0.4408822121816843
20.0,164.0,1000.9432373046876,0.824493352894084,0.1717593457825232,-2.3768181931737407,-0.0231454770914799,0.5188578186747616,-0.571934593955575,0.1201970601601191,-0.6215705967146201,-0.9274745739175644,-0.4408822121816843
20.0,164.0,1000.9432373046876,0.824493352894084,0.1717593457825232,-2.3768181931737407,-0.0231454770914799,0.5188578186747616,-0.571934593955575,0.1201970601601191,-0.6215705967146201,-0.9274745739175644,-0.4408822138326776
20.0,164.0,1000.9432373046876,0.8244933528941882,0.1717593457825232,-2.3768181714892185,-0.0231454770955707,0.5188578186747616,-0.571934593955575,0.1201970601601191,-0.6215705967146201,-0.9274745739175644,-0.4408822145023395
20.0,164.0,1000.9432373046876,0.824493352894084,0.1717593457825232,-2.3768181920100586,-0.0231454770857545,0.5188578186747616,-0.571934593955575,0.1201970601601191,-0.6215705967146201,-0.9274745739175644,-0.4408822121816843
20.0,164.0,1000.9432373046876,0.8244933528941873,0.1717593457825232,-2.376818166038288,-0.0231454652598426,0.5188549899109364,-0.571934593955556,0.1201970601601191,-0.6215705967146201,-0.9274745739175644,-0.4408826228163027
20.0,164.0,1000.9432373046876,0.8244933528941873,0.1717593457825232,-2.376818166038288,-0.0231454774621978,0.5188549899109364,-0.5719345939555734,0.1201970601601191,-0.6215705967146201,-0.9274745739175644,-0.4408826026868362
20.0,164.0,1000.9432373046876,0.824493352894084,0.1717593457825232,-2.3768181931737407,-0.0231454770914799,0.5188578186747616,-0.571934593955575,0.1201970601601191,-0.6215705967146201,-0.9274745739175644,-0.4408822121816843
20.0,164.0,1000.9432373046876,0.824493352894084,0.1717593457825232,-2.3768181931737407,-0.0231454770907681,0.5188578186747616,-0.571934593955575,0.1201970601601191,-0.6215705967146201,-0.9274745739175644,-0.4408822138326776
20.0,164.0,1000.9432373046876,0.8244933528940895,0.1717593457825232,-2.37681816374902,-0.0231454769487913,0.5188578186747616,-0.5719345939555747,0.1201970601601191,-0.6215705967146201,-0.9274745739175644,-0.4408822121816843
20.0,164.0,1000.9432373046876,0.824493352894084,0.1717593457825232,-2.3768181931737407,-0.0231454770914799,0.5188578186747616,-0.571934593955575,0.1201970601601191,-0.6215705967146201,-0.9274745739175644,-0.4408822121816843
20.0,164.0,1000.9432373046876,0.8244933528941846,0.1717593457825232,-2.3768181931737407,-0.0231454773413916,0.5188578186747616,-0.571934593955575,0.1201970601601191,-0.6215705967146201,-0.9274745739175644,-0.4408822121816843
20.0,164.0,1000.9432373046876,0.8244933528940794,0.1717593457825232,-2.3768181931737407,-0.0231454769495031,0.5188578186747616,-0.571934593955575,0.1201970601601191,-0.6215705967146201,-0.9274745739175644,-0.4408822121816843
20.0,164.0,1000.9432373046876,0.8244933528941873,0.1717593457825232,-2.376818193819988,-0.0231454767152466,0.518857746656337,-0.571934593955556,0.1201970601601191,-0.6215705967146201,-0.9274745739175644,-0.4408822444018306
20.0,164.0,1000.9432373046876,0.8244933528941846,0.1717593457825232,-2.3768181931737407,-0.0231454773413916,0.5188578127219803,-0.571934593955575,0.1201970601601191,-0.6215705967146201,-0.9274745739175644,-0.4408822121816843
20.0,164.0,1000.9432373046876,0.8244933528941739,0.1717593457825232,-2.376818195578807,-0.0231454767222202,0.5188578186747616,-0.571934593955575,0.1201970601601191,-0.6215705967146201,-0.9274745739175644,-0.4408822063575652
20.0,164.0,1000.9432373046876,0.8244933528940794,0.1717593457825232,-2.3768181931737407,-0.0231454769495031,0.5188578186747616,-0.571934593955575,0.1201970601601191,-0.6215705967146201,-0.9274745739175644,-0.4408822121816843
20.0,164.0,1000.9432373046876,0.8244933528940794,0.1717593457825232,-2.3768181931737407,-0.0231454769487913,0.5188578186747616,-0.571934593955575,0.1201970601601191,-0.6215705967146201,-0.9274745739175644,-0.4408822121816843
20.0,164.0,1000.9432373046876,0.8244933528940853,0.1717593457825232,-2.37681816374902,-0.0231454778347824,0.5188546184138192,-0.5719345939555747,0.1201970601601191,-0.6215705967146201,-0.9274745739175644,-0.440882600856085
20.0,164.0,1000.9432373046876,0.8244933528940794,0.1717593457825232,-2.376818165392041,-0.0231454654933873,0.5188550619293609,-0.571934593955575,0.1201970601601191,-0.6215705967146201,-0.9274745739175644,-0.4408825905961564
20.0,164.0,1000.9432373046876,0.824493352894084,0.1717593457825232,-2.3768181931737407,-0.0231454658180361,0.5188492847891056,-0.571934593955575,0.1201970601601191,-0.6215705967146201,-0.9274745739175644,-0.4408818569325445
20.0,164.0,1000.9432373046876,0.8244933528941873,0.1717593457825232,-2.3768181716375043,-0.0231454770914799,0.5188578186747616,-0.571934593955575,0.1201970601601191,-0.6215705967146201,-0.9274745739175644,-0.4408822312686979
20.0,164.0,1000.9432373046876,0.824493352894084,0.1717593457825232,-2.3768181931737407,-0.0231454770914799,0.5188578186747616,-0.571934593955575,0.1201970601601191,-0.6215705967146201,-0.9274745739175644,-0.4408822121816843
20.0,164.0,1000.9432373046876,0.8244933528941853,0.1717593457825232,-2.376818171443306,-0.0231454770955707,0.5188578186747616,-0.571934593955575,0.1201970601601191,-0.6215705967146201,-0.9274745739175644,-0.4408822116081401
20.0,164.0,1000.9432373046876,0.8244933528940844,0.1717593457825232,-2.3768181931737407,-0.0231454773413916,0.5188578186747616,-0.571934593955575,0.1201970601601191,-0.6215705967146201,-0.9274745739175644,-0.4408822121816843
20.0,164.0,1000.9432373046876,0.8244933528941873,0.1717593457825232,-2.376818166038288,-0.0231454774621978,0.5188549899109364,-0.5719345939555734,0.1201970601601191,-0.6215705967146201,-0.9274745739175644,-0.4408826026868362
20.0,164.0,1000.9432373046876,0.8244933528941917,0.1717593457825232,-2.376818166038288,-0.0231454643738514,0.5188581901718787,-0.571934593955556,0.1201970601601191,-0.6215705967146201,-0.9274745739175644,-0.440882234141902
20.0,164.0,1000.9432373046876,0.8244933528941846,0.1717593457825232,-2.3768181931737407,-0.0231454773413916,0.518857812890982,-0.571934593955575,0.1201970601601191,-0.6215705967146201,-0.9274745739175644,-0.4408822121816843
20.0,164.0,1000.9432373046876,0.824493352894087,0.1717593457825232,-2.3768181934489463,-0.0231454774605585,0.5188581458690521,-0.571934593955575,0.1201970601601191,-0.6215705967146201,-0.9274745739175644,-0.4408822121816843
20.0,164.0,1000.9432373046876,0.8244933528940794,0.1717593457825232,-2.376818165392041,-0.0231454774125806,0.5188550619293609,-0.571934593955575,0.1201970601601191,-0.6215705967146201,-0.9274745739175644,-0.4408822110497736
20.0,164.0,1000.9432373046876,0.8244933528941853,0.1717593457825232,-2.376818171419115,-0.0231454774548386,0.5188548181131262,-0.571934593955575,0.1201970601601191,-0.6215705967146201,-0.9274745739175644,-0.4408826062061954
20.0,164.0,1000.9432373046876,0.8244933528941873,0.1717593457825232,-2.37681817107884,-0.0231454770914799,0.5188578186747616,-0.571934593955575,0.1201970601601191,-0.6215705967146201,-0.9274745739175644,-0.4408822312686979
20.0,164.0,1000.9432373046876,0.8244933528941917,0.1717593457825232,-2.376818166371673,-0.0231454643738514,0.5188578170754249,-0.5719345939555553,0.1201970601601191,-0.6215705967146201,-0.9274745739175644,-0.440882234141902
20.0,164.0,1000.9432373046876,0.824493352894084,0.1717593457825232,-2.3768181931737407,-0.0231454770914799,0.5188578186747616,-0.571934593955575,0.1201970601601191,-0.6215705967146201,-0.9274745739175644,-0.4408822121816843
20.0,164.0,1000.9432373046876,0.8244933528941853,0.1717593457825232,-2.376818171443306,-0.0231454770955707,0.5188578424111012,-0.5719345939555752,0.1201970601601191,-0.6215705967146201,-0.9274745739175644,-0.4408822116081401
20.0,164.0,1000.9432373046876,0.8244933528941873,0.1717593457825232,-2.376818193819988,-0.0231454767152466,0.518857746656337,-0.571934593955556,0.1201970601601191,-0.6215705967146201,-0.9274745739175644,-0.4408822444018306
20.0,164.0,1000.9432373046876,0.8244933528940892,0.1717593457825232,-2.376818166157814,-0.0231454769487913,0.5188548748987581,-0.5719345939555747,0.1201970601601191,-0.6215705967146201,-0.9274745739175644,-0.440882622649795
20.0,164.0,1000.9432373046876,0.8244933528941846,0.1717593457825232,-2.3768181931737407,-0.0231454773413916,0.51885781850576,-0.571934593955575,0.1201970601601191,-0.6215705967146201,-0.9274745739175644,-0.4408822121816843
20.0,164.0,1000.9432373046876,0.8244933528941842,0.1717593457825232,-2.376818165763083,-0.0231454770931193,0.5188546627166458,-0.5719345939555734,0.1201970601601191,-0.6215705967146201,-0.9274745739175644,-0.4408826026868362
20.0,164.0,1000.9432373046876,0.8244933528940827,0.1717593457825232,-2.3768181661483,-0.0231454652598426,0.5188549899109364,-0.571934593955575,0.1201970601601191,-0.6215705967146201,-0.9274745739175644,-0.4408826341076294
20.0,164.0,1000.9432373046876,0.8244933528941739,0.1717593457825232,-2.376818195578807,-0.0231454648030269,0.5188578186747616,-0.571934593955575,0.1201970601601191,-0.6215705967146201,-0.9274745739175644,-0.440882585903948
20.0,164.0,1000.9432373046876,0.8244933528941821,0.1717593457825232,-2.3768181931737407,-0.0231454649681668,0.5188578407499954,-0.571934593955575,0.1201970601601191,-0.6215705967146201,-0.9274745739175644,-0.4408822121816843
20.0,165.0,1000.9432373046876,0.824493352894084,0.1717593457825232,-2.3768181931737407,-0.0231454770914799,0.5188578186747616,-0.571934593955575,0.1201970601601191,-0.6215705967146201,-0.9274745739175644,-0.4408822121816843
20.0,165.0,1000.9432373046876,0.824493352894084,0.1717593457825232,-2.3768181931737407,-0.0231454770914799,0.5188578186747616,-0.571934593955575,0.1201970601601191,-0.6215705967146201,-0.9274745739175644,-0.4408822121816843
20.0,165.0,1000.9432373046876,0.8244933528941846,0.1717593457825232,-2.3768181931737407,-0.0231454773413916,0.5188578186747616,-0.571934593955575,0.1201970601601191,-0.6215705967146201,-0.9274745739175644,-0.4408822121816843
20.0,165.0,1000.9432373046876,0.8244933528940794,0.1717593457825232,-2.3768181931737407,-0.0231454769487913,0.5188578186747616,-0.571934593955575,0.1201970601601191,-0.6215705967146201,-0.9274745739175644,-0.4408822121816843
20.0,165.0,1000.9432373046876,0.8244933528941853,0.1717593457825232,-2.376818171443306,-0.0231454770955707,0.5188578186747616,-0.571934593955575,0.1201970601601191,-0.6215705967146201,-0.9274745739175644,-0.4408822116081401
20.0,165.0,1000.9432373046876,0.824493352894084,0.1717593457825232,-2.3768181931737407,-0.0231454770914799,0.5188578186747616,-0.571934593955575,0.1201970601601191,-0.6215705967146201,-0.9274745739175644,-0.4408822121816843
20.0,165.0,1000.9432373046876,0.8244933528941873,0.1717593457825232,-2.376818166038288,-0.0231454652598426,0.5188549899109364,-0.571934593955556,0.1201970601601191,-0.6215705967146201,-0.9274745739175644,-0.4408826228163027
20.0,165.0,1000.9432373046876,0.8244933528941882,0.1717593457825232,-2.376818171466023,-0.0231454770955707,0.5188578186747616,-0.571934593955575,0.1201970601601191,-0.6215705967146201,-0.9274745739175644,-0.4408822145023395
20.0,165.0,1000.9432373046876,0.8244933528940844,0.1717593457825232,-2.3768181931737407,-0.0231454773413916,0.5188578186747616,-0.571934593955575,0.1201970601601191,-0.6215705967146201,-0.9274745739175644,-0.4408822121816843
20.0,165.0,1000.9432373046876,0.824493352894084,0.1717593457825232,-2.3768181931737407,-0.0231454770914799,0.5188578186747616,-0.571934593955575,0.1201970601601191,-0.6215705967146201,-0.9274745739175644,-0.4408822121816843
20.0,165.0,1000.9432373046876,0.824493352894084,0.1717593457825232,-2.3768181931737407,-0.0231454770914799,0.5188578186747616,-0.571934593955575,0.1201970601601191,-0.6215705967146201,-0.9274745739175644,-0.4408822138326776
20.0,165.0,1000.9432373046876,0.8244933528941882,0.1717593457825232,-2.3768181714892185,-0.0231454770955707,0.5188578186747616,-0.571934593955575,0.1201970601601191,-0.6215705967146201,-0.9274745739175644,-0.4408822145023395
20.0,165.0,1000.9432373046876,0.824493352894084,0.1717593457825232,-2.3768181920100586,-0.0231454770857545,0.5188578186747616,-0.571934593955575,0.1201970601601191,-0.6215705967146201,-0.9274745739175644,-0.4408822121816843
20.0,165.0,1000.9432373046876,0.8244933528941873,0.1717593457825232,-2.376818166038288,-0.0231454652598426,0.5188549899109364,-0.571934593955556,0.1201970601601191,-0.6215705967146201,-0.9274745739175644,-0.4408826228163027
20.0,165.0,1000.9432373046876,0.8244933528941873,0.1717593457825232,-2.376818166038288,-0.0231454774621978,0.5188549899109364,-0.5719345939555734,0.1201970601601191,-0.6215705967146201,-0.9274745739175644,-0.4408826026868362
20.0,165.0,1000.9432373046876,0.824493352894084,0.1717593457825232,-2.3768181931737407,-0.0231454770914799,0.5188578186747616,-0.571934593955575,0.1201970601601191,-0.6215705967146201,-0.9274745739175644,-0.4408822121816843
20.0,165.0,1000.9432373046876,0.824493352894084,0.1717593457825232,-2.3768181931737407,-0.0231454770907681,0.5188578186747616,-0.571934593955575,0.1201970601601191,-0.6215705967146201,-0.9274745739175644,-0.4408822138326776
20.0,165.0,1000.9432373046876,0.8244933528940895,0.1717593457825232,-2.37681816374902,-0.0231454769487913,0.5188578186747616,-0.5719345939555747,0.1201970601601191,-0.6215705967146201,-0.9274745739175644,-0.4408822121816843
20.0,165.0,1000.9432373046876,0.824493352894084,0.1717593457825232,-2.3768181931737407,-0.0231454770914799,0.5188578186747616,-0.571934593955575,0.1201970601601191,-0.6215705967146201,-0.9274745739175644,-0.4408822121816843
20.0,165.0,1000.9432373046876,0.8244933528941846,0.1717593457825232,-2.3768181931737407,-0.0231454773413916,0.5188578186747616,-0.571934593955575,0.1201970601601191,-0.6215705967146201,-0.9274745739175644,-0.4408822121816843
20.0,165.0,1000.9432373046876,0.8244933528940794,0.1717593457825232,-2.3768181931737407,-0.0231454769495031,0.5188578186747616,-0.571934593955575,0.1201970601601191,-0.6215705967146201,-0.9274745739175644,-0.4408822121816843
20.0,165.0,1000.9432373046876,0.8244933528941873,0.1717593457825232,-2.376818193819988,-0.0231454767152466,0.518857746656337,-0.571934593955556,0.1201970601601191,-0.6215705967146201,-0.9274745739175644,-0.4408822444018306
20.0,165.0,1000.9432373046876,0.8244933528941846,0.1717593457825232,-2.3768181931737407,-0.0231454773413916,0.5188578127219803,-0.571934593955575,0.1201970601601191,-0.6215705967146201,-0.9274745739175644,-0.4408822121816843
20.0,165.0,1000.9432373046876,0.8244933528941739,0.1717593457825232,-2.376818195578807,-0.0231454767222202,0.5188578186747616,-0.571934593955575,0.1201970601601191,-0.6215705967146201,-0.9274745739175644,-0.4408822063575652
20.0,165.0,1000.9432373046876,0.8244933528940794,0.1717593457825232,-2.3768181931737407,-0.0231454769495031,0.5188578186747616,-0.571934593955575,0.1201970601601191,-0.6215705967146201,-0.9274745739175644,-0.4408822121816843
20.0,165.0,1000.9432373046876,0.8244933528940794,0.1717593457825232,-2.3768181931737407,-0.0231454769487913,0.5188578186747616,-0.571934593955575,0.1201970601601191,-0.6215705967146201,-0.9274745739175644,-0.4408822121816843
20.0,165.0,1000.9432373046876,0.8244933528940853,0.1717593457825232,-2.37681816374902,-0.0231454778347824,0.5188546184138192,-0.5719345939555747,0.1201970601601191,-0.6215705967146201,-0.9274745739175644,-0.440882600856085
20.0,165.0,1000.9432373046876,0.8244933528940794,0.1717593457825232,-2.376818165392041,-0.0231454654933873,0.5188550619293609,-0.571934593955575,0.1201970601601191,-0.6215705967146201,-0.9274745739175644,-0.4408825905961564
20.0,165.0,1000.9432373046876,0.824493352894084,0.1717593457825232,-2.3768181931737407,-0.0231454658180361,0.5188492847891056,-0.571934593955575,0.1201970601601191,-0.6215705967146201,-0.9274745739175644,-0.4408818569325445
20.0,165.0,1000.9432373046876,0.8244933528941873,0.1717593457825232,-2.3768181716375043,-0.0231454770914799,0.5188578186747616,-0.571934593955575,0.1201970601601191,-0.6215705967146201,-0.9274745739175644,-0.4408822312686979
20.0,165.0,1000.9432373046876,0.824493352894084,0.1717593457825232,-2.3768181931737407,-0.0231454770914799,0.5188578186747616,-0.571934593955575,0.1201970601601191,-0.6215705967146201,-0.9274745739175644,-0.4408822121816843
20.0,165.0,1000.9432373046876,0.8244933528941853,0.1717593457825232,-2.376818171443306,-0.0231454770955707,0.5188578186747616,-0.571934593955575,0.1201970601601191,-0.6215705967146201,-0.9274745739175644,-0.4408822116081401
20.0,165.0,1000.9432373046876,0.8244933528940844,0.1717593457825232,-2.3768181931737407,-0.0231454773413916,0.5188578186747616,-0.571934593955575,0.1201970601601191,-0.6215705967146201,-0.9274745739175644,-0.4408822121816843
20.0,165.0,1000.9432373046876,0.8244933528941873,0.1717593457825232,-2.376818166038288,-0.0231454774621978,0.5188549899109364,-0.5719345939555734,0.1201970601601191,-0.6215705967146201,-0.9274745739175644,-0.4408826026868362
20.0,165.0,1000.9432373046876,0.8244933528941917,0.1717593457825232,-2.376818166038288,-0.0231454643738514,0.5188581901718787,-0.571934593955556,0.1201970601601191,-0.6215705967146201,-0.9274745739175644,-0.440882234141902
20.0,165.0,1000.9432373046876,0.8244933528941846,0.1717593457825232,-2.3768181931737407,-0.0231454773413916,0.518857812890982,-0.571934593955575,0.1201970601601191,-0.6215705967146201,-0.9274745739175644,-0.4408822121816843
20.0,165.0,1000.9432373046876,0.824493352894087,0.1717593457825232,-2.3768181934489463,-0.0231454774605585,0.5188581458690521,-0.571934593955575,0.1201970601601191,-0.6215705967146201,-0.9274745739175644,-0.4408822121816843
20.0,165.0,1000.9432373046876,0.8244933528940794,0.1717593457825232,-2.376818165392041,-0.0231454774125806,0.5188550619293609,-0.571934593955575,0.1201970601601191,-0.6215705967146201,-0.9274745739175644,-0.4408822110497736
20.0,165.0,1000.9432373046876,0.8244933528941853,0.1717593457825232,-2.376818171419115,-0.0231454774548386,0.5188548181131262,-0.571934593955575,0.1201970601601191,-0.6215705967146201,-0.9274745739175644,-0.4408826062061954
20.0,165.0,1000.9432373046876,0.8244933528941873,0.1717593457825232,-2.37681817107884,-0.0231454770914799,0.5188578186747616,-0.571934593955575,0.1201970601601191,-0.6215705967146201,-0.9274745739175644,-0.4408822312686979
20.0,165.0,1000.9432373046876,0.8244933528941917,0.1717593457825232,-2.376818166371673,-0.0231454643738514,0.5188578170754249,-0.5719345939555553,0.1201970601601191,-0.6215705967146201,-0.9274745739175644,-0.440882234141902
20.0,165.0,1000.9432373046876,0.824493352894084,0.1717593457825232,-2.3768181931737407,-0.0231454770914799,0.5188578186747616,-0.571934593955575,0.1201970601601191,-0.6215705967146201,-0.9274745739175644,-0.4408822121816843
20.0,165.0,1000.9432373046876,0.8244933528941853,0.1717593457825232,-2.376818171443306,-0.0231454770955707,0.5188578424111012,-0.5719345939555752,0.1201970601601191,-0.6215705967146201,-0.9274745739175644,-0.4408822116081401
20.0,165.0,1000.9432373046876,0.8244933528941873,0.1717593457825232,-2.376818193819988,-0.0231454767152466,0.518857746656337,-0.571934593955556,0.1201970601601191,-0.6215705967146201,-0.9274745739175644,-0.4408822444018306
20.0,165.0,1000.9432373046876,0.8244933528940892,0.1717593457825232,-2.376818166157814,-0.0231454769487913,0.5188548748987581,-0.5719345939555747,0.1201970601601191,-0.6215705967146201,-0.9274745739175644,-0.440882622649795
20.0,165.0,1000.9432373046876,0.8244933528941846,0.1717593457825232,-2.3768181931737407,-0.0231454773413916,0.51885781850576,-0.571934593955575,0.1201970601601191,-0.6215705967146201,-0.9274745739175644,-0.4408822121816843
20.0,165.0,1000.9432373046876,0.8244933528941842,0.1717593457825232,-2.376818165763083,-0.0231454770931193,0.5188546627166458,-0.5719345939555734,0.1201970601601191,-0.6215705967146201,-0.9274745739175644,-0.4408826026868362
20.0,165.0,1000.9432373046876,0.8244933528940827,0.1717593457825232,-2.3768181661483,-0.0231454652598426,0.5188549899109364,-0.571934593955575,0.1201970601601191,-0.6215705967146201,-0.9274745739175644,-0.4408826341076294
20.0,165.0,1000.9432373046876,0.8244933528941739,0.1717593457825232,-2.376818195578807,-0.0231454648030269,0.5188578186747616,-0.571934593955575,0.1201970601601191,-0.6215705967146201,-0.9274745739175644,-0.440882585903948
20.0,165.0,1000.9432373046876,0.8244933528941821,0.1717593457825232,-2.3768181931737407,-0.0231454649681668,0.5188578407499954,-0.571934593955575,0.1201970601601191,-0.6215705967146201,-0.9274745739175644,-0.4408822121816843
20.0,166.0,1000.9432373046876,0.824493352894084,0.1717593457825232,-2.3768181931737407,-0.0231454770914799,0.5188578186747616,-0.571934593955575,0.1201970601601191,-0.6215705967146201,-0.9274745739175644,-0.4408822121816843
20.0,166.0,1000.9432373046876,0.824493352894084,0.1717593457825232,-2.3768181931737407,-0.0231454770914799,0.5188578186747616,-0.571934593955575,0.1201970601601191,-0.6215705967146201,-0.9274745739175644,-0.4408822121816843
20.0,166.0,1000.9432373046876,0.8244933528941846,0.1717593457825232,-2.3768181931737407,-0.0231454773413916,0.5188578186747616,-0.571934593955575,0.1201970601601191,-0.6215705967146201,-0.9274745739175644,-0.4408822121816843
20.0,166.0,1000.9432373046876,0.8244933528940794,0.1717593457825232,-2.3768181931737407,-0.0231454769487913,0.5188578186747616,-0.571934593955575,0.1201970601601191,-0.6215705967146201,-0.9274745739175644,-0.4408822121816843
20.0,166.0,1000.9432373046876,0.8244933528941853,0.1717593457825232,-2.376818171443306,-0.0231454770955707,0.5188578186747616,-0.571934593955575,0.1201970601601191,-0.6215705967146201,-0.9274745739175644,-0.4408822116081401
20.0,166.0,1000.9432373046876,0.824493352894084,0.1717593457825232,-2.3768181931737407,-0.0231454770914799,0.5188578186747616,-0.571934593955575,0.1201970601601191,-0.6215705967146201,-0.9274745739175644,-0.4408822121816843
20.0,166.0,1000.9432373046876,0.8244933528941873,0.1717593457825232,-2.376818166038288,-0.0231454652598426,0.5188549899109364,-0.571934593955556,0.1201970601601191,-0.6215705967146201,-0.9274745739175644,-0.4408826228163027
20.0,166.0,1000.9432373046876,0.8244933528941882,0.1717593457825232,-2.376818171466023,-0.0231454770955707,0.5188578186747616,-0.571934593955575,0.1201970601601191,-0.6215705967146201,-0.9274745739175644,-0.4408822145023395
20.0,166.0,1000.9432373046876,0.8244933528940844,0.1717593457825232,-2.3768181931737407,-0.0231454773413916,0.5188578186747616,-0.571934593955575,0.1201970601601191,-0.6215705967146201,-0.9274745739175644,-0.4408822121816843
20.0,166.0,1000.9432373046876,0.824493352894084,0.1717593457825232,-2.3768181931737407,-0.0231454770914799,0.5188578186747616,-0.571934593955575,0.1201970601601191,-0.6215705967146201,-0.9274745739175644,-0.4408822121816843
20.0,166.0,1000.9432373046876,0.824493352894084,0.1717593457825232,-2.3768181931737407,-0.0231454770914799,0.5188578186747616,-0.571934593955575,0.1201970601601191,-0.6215705967146201,-0.9274745739175644,-0.4408822138326776
20.0,166.0,1000.9432373046876,0.8244933528941882,0.1717593457825232,-2.3768181714892185,-0.0231454770955707,0.5188578186747616,-0.571934593955575,0.1201970601601191,-0.6215705967146201,-0.9274745739175644,-0.4408822145023395
20.0,166.0,1000.9432373046876,0.824493352894084,0.1717593457825232,-2.3768181920100586,-0.0231454770857545,0.5188578186747616,-0.571934593955575,0.1201970601601191,-0.6215705967146201,-0.9274745739175644,-0.4408822121816843
20.0,166.0,1000.9432373046876,0.8244933528941873,0.1717593457825232,-2.376818166038288,-0.0231454652598426,0.5188549899109364,-0.571934593955556,0.1201970601601191,-0.6215705967146201,-0.9274745739175644,-0.4408826228163027
20.0,166.0,1000.9432373046876,0.8244933528941873,0.1717593457825232,-2.376818166038288,-0.0231454774621978,0.5188549899109364,-0.5719345939555734,0.1201970601601191,-0.6215705967146201,-0.9274745739175644,-0.4408826026868362
20.0,166.0,1000.9432373046876,0.824493352894084,0.1717593457825232,-2.3768181931737407,-0.0231454770914799,0.5188578186747616,-0.571934593955575,0.1201970601601191,-0.6215705967146201,-0.9274745739175644,-0.4408822121816843
20.0,166.0,1000.9432373046876,0.824493352894084,0.1717593457825232,-2.3768181931737407,-0.0231454770907681,0.5188578186747616,-0.571934593955575,0.1201970601601191,-0.6215705967146201,-0.9274745739175644,-0.4408822138326776
20.0,166.0,1000.9432373046876,0.8244933528940895,0.1717593457825232,-2.37681816374902,-0.0231454769487913,0.5188578186747616,-0.5719345939555747,0.1201970601601191,-0.6215705967146201,-0.9274745739175644,-0.4408822121816843
20.0,166.0,1000.9432373046876,0.824493352894084,0.1717593457825232,-2.3768181931737407,-0.0231454770914799,0.5188578186747616,-0.571934593955575,0.1201970601601191,-0.6215705967146201,-0.9274745739175644,-0.4408822121816843
20.0,166.0,1000.9432373046876,0.8244933528941846,0.1717593457825232,-2.3768181931737407,-0.0231454773413916,0.5188578186747616,-0.571934593955575,0.1201970601601191,-0.6215705967146201,-0.9274745739175644,-0.4408822121816843
20.0,166.0,1000.9432373046876,0.8244933528940794,0.1717593457825232,-2.3768181931737407,-0.0231454769495031,0.5188578186747616,-0.571934593955575,0.1201970601601191,-0.6215705967146201,-0.9274745739175644,-0.4408822121816843
20.0,166.0,1000.9432373046876,0.8244933528941873,0.1717593457825232,-2.376818193819988,-0.0231454767152466,0.518857746656337,-0.571934593955556,0.1201970601601191,-0.6215705967146201,-0.9274745739175644,-0.4408822444018306
20.0,166.0,1000.9432373046876,0.8244933528941846,0.1717593457825232,-2.3768181931737407,-0.0231454773413916,0.5188578127219803,-0.571934593955575,0.1201970601601191,-0.6215705967146201,-0.9274745739175644,-0.4408822121816843
20.0,166.0,1000.9432373046876,0.8244933528941739,0.1717593457825232,-2.376818195578807,-0.0231454767222202,0.5188578186747616,-0.571934593955575,0.1201970601601191,-0.6215705967146201,-0.9274745739175644,-0.4408822063575652
20.0,166.0,1000.9432373046876,0.8244933528940794,0.1717593457825232,-2.3768181931737407,-0.0231454769495031,0.5188578186747616,-0.571934593955575,0.1201970601601191,-0.6215705967146201,-0.9274745739175644,-0.4408822121816843
20.0,166.0,1000.9432373046876,0.8244933528940794,0.1717593457825232,-2.3768181931737407,-0.0231454769487913,0.5188578186747616,-0.571934593955575,0.1201970601601191,-0.6215705967146201,-0.9274745739175644,-0.4408822121816843
20.0,166.0,1000.9432373046876,0.8244933528940853,0.1717593457825232,-2.37681816374902,-0.0231454778347824,0.5188546184138192,-0.5719345939555747,0.1201970601601191,-0.6215705967146201,-0.9274745739175644,-0.440882600856085
20.0,166.0,1000.9432373046876,0.8244933528940794,0.1717593457825232,-2.376818165392041,-0.0231454654933873,0.5188550619293609,-0.571934593955575,0.1201970601601191,-0.6215705967146201,-0.9274745739175644,-0.4408825905961564
20.0,166.0,1000.9432373046876,0.824493352894084,0.1717593457825232,-2.3768181931737407,-0.0231454658180361,0.5188492847891056,-0.571934593955575,0.1201970601601191,-0.6215705967146201,-0.9274745739175644,-0.4408818569325445
20.0,166.0,1000.9432373046876,0.8244933528941873,0.1717593457825232,-2.3768181716375043,-0.0231454770914799,0.5188578186747616,-0.571934593955575,0.1201970601601191,-0.6215705967146201,-0.9274745739175644,-0.4408822312686979
20.0,166.0,1000.9432373046876,0.824493352894084,0.1717593457825232,-2.3768181931737407,-0.0231454770914799,0.5188578186747616,-0.571934593955575,0.1201970601601191,-0.6215705967146201,-0.9274745739175644,-0.4408822121816843
20.0,166.0,1000.9432373046876,0.8244933528941853,0.1717593457825232,-2.376818171443306,-0.0231454770955707,0.5188578186747616,-0.571934593955575,0.1201970601601191,-0.6215705967146201,-0.9274745739175644,-0.4408822116081401
20.0,166.0,1000.9432373046876,0.8244933528940844,0.1717593457825232,-2.3768181931737407,-0.0231454773413916,0.5188578186747616,-0.571934593955575,0.1201970601601191,-0.6215705967146201,-0.9274745739175644,-0.4408822121816843
20.0,166.0,1000.9432373046876,0.8244933528941873,0.1717593457825232,-2.376818166038288,-0.0231454774621978,0.5188549899109364,-0.5719345939555734,0.1201970601601191,-0.6215705967146201,-0.9274745739175644,-0.4408826026868362
20.0,166.0,1000.9432373046876,0.8244933528941917,0.1717593457825232,-2.376818166038288,-0.0231454643738514,0.5188581901718787,-0.571934593955556,0.1201970601601191,-0.6215705967146201,-0.9274745739175644,-0.440882234141902
20.0,166.0,1000.9432373046876,0.8244933528941846,0.1717593457825232,-2.3768181931737407,-0.0231454773413916,0.518857812890982,-0.571934593955575,0.1201970601601191,-0.6215705967146201,-0.9274745739175644,-0.4408822121816843
20.0,166.0,1000.9432373046876,0.824493352894087,0.1717593457825232,-2.3768181934489463,-0.0231454774605585,0.5188581458690521,-0.571934593955575,0.1201970601601191,-0.6215705967146201,-0.9274745739175644,-0.4408822121816843
20.0,166.0,1000.9432373046876,0.8244933528940794,0.1717593457825232,-2.376818165392041,-0.0231454774125806,0.5188550619293609,-0.571934593955575,0.1201970601601191,-0.6215705967146201,-0.9274745739175644,-0.4408822110497736
20.0,166.0,1000.9432373046876,0.8244933528941853,0.1717593457825232,-2.376818171419115,-0.0231454774548386,0.5188548181131262,-0.571934593955575,0.1201970601601191,-0.6215705967146201,-0.9274745739175644,-0.4408826062061954
20.0,166.0,1000.9432373046876,0.8244933528941873,0.1717593457825232,-2.37681817107884,-0.0231454770914799,0.5188578186747616,-0.571934593955575,0.1201970601601191,-0.6215705967146201,-0.9274745739175644,-0.4408822312686979
20.0,166.0,1000.9432373046876,0.8244933528941917,0.1717593457825232,-2.376818166371673,-0.0231454643738514,0.5188578170754249,-0.5719345939555553,0.1201970601601191,-0.6215705967146201,-0.9274745739175644,-0.440882234141902
20.0,166.0,1000.9432373046876,0.824493352894084,0.1717593457825232,-2.3768181931737407,-0.0231454770914799,0.5188578186747616,-0.571934593955575,0.1201970601601191,-0.6215705967146201,-0.9274745739175644,-0.4408822121816843
20.0,166.0,1000.9432373046876,0.8244933528941853,0.1717593457825232,-2.376818171443306,-0.0231454770955707,0.5188578424111012,-0.5719345939555752,0.1201970601601191,-0.6215705967146201,-0.9274745739175644,-0.4408822116081401
20.0,166.0,1000.9432373046876,0.8244933528941873,0.1717593457825232,-2.376818193819988,-0.0231454767152466,0.518857746656337,-0.571934593955556,0.1201970601601191,-0.6215705967146201,-0.9274745739175644,-0.4408822444018306
20.0,166.0,1000.9432373046876,0.8244933528940892,0.1717593457825232,-2.376818166157814,-0.0231454769487913,0.5188548748987581,-0.5719345939555747,0.1201970601601191,-0.6215705967146201,-0.9274745739175644,-0.440882622649795
20.0,166.0,1000.9432373046876,0.8244933528941846,0.1717593457825232,-2.3768181931737407,-0.0231454773413916,0.51885781850576,-0.571934593955575,0.1201970601601191,-0.6215705967146201,-0.9274745739175644,-0.4408822121816843
20.0,166.0,1000.9432373046876,0.8244933528941842,0.1717593457825232,-2.376818165763083,-0.0231454770931193,0.5188546627166458,-0.5719345939555734,0.1201970601601191,-0.6215705967146201,-0.9274745739175644,-0.4408826026868362
20.0,166.0,1000.9432373046876,0.8244933528940827,0.1717593457825232,-2.3768181661483,-0.0231454652598426,0.5188549899109364,-0.571934593955575,0.1201970601601191,-0.6215705967146201,-0.9274745739175644,-0.4408826341076294
20.0,166.0,1000.9432373046876,0.8244933528941739,0.1717593457825232,-2.376818195578807,-0.0231454648030269,0.5188578186747616,-0.571934593955575,0.1201970601601191,-0.6215705967146201,-0.9274745739175644,-0.440882585903948
20.0,166.0,1000.9432373046876,0.8244933528941821,0.1717593457825232,-2.3768181931737407,-0.0231454649681668,0.5188578407499954,-0.571934593955575,0.1201970601601191,-0.6215705967146201,-0.9274745739175644,-0.4408822121816843
20.0,167.0,1000.9432373046876,0.824493352894084,0.1717593457825232,-2.3768181931737407,-0.0231454770914799,0.5188578186747616,-0.571934593955575,0.1201970601601191,-0.6215705967146201,-0.9274745739175644,-0.4408822121816843
20.0,167.0,1000.9432373046876,0.824493352894084,0.1717593457825232,-2.3768181931737407,-0.0231454770914799,0.5188578186747616,-0.571934593955575,0.1201970601601191,-0.6215705967146201,-0.9274745739175644,-0.4408822121816843
20.0,167.0,1000.9432373046876,0.8244933528941846,0.1717593457825232,-2.3768181931737407,-0.0231454773413916,0.5188578186747616,-0.571934593955575,0.1201970601601191,-0.6215705967146201,-0.9274745739175644,-0.4408822121816843
20.0,167.0,1000.9432373046876,0.8244933528940794,0.1717593457825232,-2.3768181931737407,-0.0231454769487913,0.5188578186747616,-0.571934593955575,0.1201970601601191,-0.6215705967146201,-0.9274745739175644,-0.4408822121816843
20.0,167.0,1000.9432373046876,0.8244933528941853,0.1717593457825232,-2.376818171443306,-0.0231454770955707,0.5188578186747616,-0.571934593955575,0.1201970601601191,-0.6215705967146201,-0.9274745739175644,-0.4408822116081401
20.0,167.0,1000.9432373046876,0.824493352894084,0.1717593457825232,-2.3768181931737407,-0.0231454770914799,0.5188578186747616,-0.571934593955575,0.1201970601601191,-0.6215705967146201,-0.9274745739175644,-0.4408822121816843
20.0,167.0,1000.9432373046876,0.8244933528941873,0.1717593457825232,-2.376818166038288,-0.0231454652598426,0.5188549899109364,-0.571934593955556,0.1201970601601191,-0.6215705967146201,-0.9274745739175644,-0.4408826228163027
20.0,167.0,1000.9432373046876,0.8244933528941882,0.1717593457825232,-2.376818171466023,-0.0231454770955707,0.5188578186747616,-0.571934593955575,0.1201970601601191,-0.6215705967146201,-0.9274745739175644,-0.4408822145023395
20.0,167.0,1000.9432373046876,0.8244933528940844,0.1717593457825232,-2.3768181931737407,-0.0231454773413916,0.5188578186747616,-0.571934593955575,0.1201970601601191,-0.6215705967146201,-0.9274745739175644,-0.4408822121816843
20.0,167.0,1000.9432373046876,0.824493352894084,0.1717593457825232,-2.3768181931737407,-0.0231454770914799,0.5188578186747616,-0.571934593955575,0.1201970601601191,-0.6215705967146201,-0.9274745739175644,-0.4408822121816843
20.0,167.0,1000.9432373046876,0.824493352894084,0.1717593457825232,-2.3768181931737407,-0.0231454770914799,0.5188578186747616,-0.571934593955575,0.1201970601601191,-0.6215705967146201,-0.9274745739175644,-0.4408822138326776
20.0,167.0,1000.9432373046876,0.8244933528941882,0.1717593457825232,-2.3768181714892185,-0.0231454770955707,0.5188578186747616,-0.571934593955575,0.1201970601601191,-0.6215705967146201,-0.9274745739175644,-0.4408822145023395
20.0,167.0,1000.9432373046876,0.824493352894084,0.1717593457825232,-2.3768181920100586,-0.0231454770857545,0.5188578186747616,-0.571934593955575,0.1201970601601191,-0.6215705967146201,-0.9274745739175644,-0.4408822121816843
20.0,167.0,1000.9432373046876,0.8244933528941873,0.1717593457825232,-2.376818166038288,-0.0231454652598426,0.5188549899109364,-0.571934593955556,0.1201970601601191,-0.6215705967146201,-0.9274745739175644,-0.4408826228163027
20.0,167.0,1000.9432373046876,0.8244933528941873,0.1717593457825232,-2.376818166038288,-0.0231454774621978,0.5188549899109364,-0.5719345939555734,0.1201970601601191,-0.6215705967146201,-0.9274745739175644,-0.4408826026868362
20.0,167.0,1000.9432373046876,0.824493352894084,0.1717593457825232,-2.3768181931737407,-0.0231454770914799,0.5188578186747616,-0.571934593955575,0.1201970601601191,-0.6215705967146201,-0.9274745739175644,-0.4408822121816843
20.0,167.0,1000.9432373046876,0.824493352894084,0.1717593457825232,-2.3768181931737407,-0.0231454770907681,0.5188578186747616,-0.571934593955575,0.1201970601601191,-0.6215705967146201,-0.9274745739175644,-0.4408822138326776
20.0,167.0,1000.9432373046876,0.8244933528940895,0.1717593457825232,-2.37681816374902,-0.0231454769487913,0.5188578186747616,-0.5719345939555747,0.1201970601601191,-0.6215705967146201,-0.9274745739175644,-0.4408822121816843
20.0,167.0,1000.9432373046876,0.824493352894084,0.1717593457825232,-2.3768181931737407,-0.0231454770914799,0.5188578186747616,-0.571934593955575,0.1201970601601191,-0.6215705967146201,-0.9274745739175644,-0.4408822121816843
20.0,167.0,1000.9432373046876,0.8244933528941846,0.1717593457825232,-2.3768181931737407,-0.0231454773413916,0.5188578186747616,-0.571934593955575,0.1201970601601191,-0.6215705967146201,-0.9274745739175644,-0.4408822121816843
20.0,167.0,1000.9432373046876,0.8244933528940794,0.1717593457825232,-2.3768181931737407,-0.0231454769495031,0.5188578186747616,-0.571934593955575,0.1201970601601191,-0.6215705967146201,-0.9274745739175644,-0.4408822121816843
20.0,167.0,1000.9432373046876,0.8244933528941873,0.1717593457825232,-2.376818193819988,-0.0231454767152466,0.518857746656337,-0.571934593955556,0.1201970601601191,-0.6215705967146201,-0.9274745739175644,-0.4408822444018306
20.0,167.0,1000.9432373046876,0.8244933528941846,0.1717593457825232,-2.3768181931737407,-0.0231454773413916,0.5188578127219803,-0.571934593955575,0.1201970601601191,-0.6215705967146201,-0.9274745739175644,-0.4408822121816843
20.0,167.0,1000.9432373046876,0.8244933528941739,0.1717593457825232,-2.376818195578807,-0.0231454767222202,0.5188578186747616,-0.571934593955575,0.1201970601601191,-0.6215705967146201,-0.9274745739175644,-0.4408822063575652
20.0,167.0,1000.9432373046876,0.8244933528940794,0.1717593457825232,-2.3768181931737407,-0.0231454769495031,0.5188578186747616,-0.571934593955575,0.1201970601601191,-0.6215705967146201,-0.9274745739175644,-0.4408822121816843
20.0,167.0,1000.9432373046876,0.8244933528940794,0.1717593457825232,-2.3768181931737407,-0.0231454769487913,0.5188578186747616,-0.571934593955575,0.1201970601601191,-0.6215705967146201,-0.9274745739175644,-0.4408822121816843
20.0,167.0,1000.9432373046876,0.8244933528940853,0.1717593457825232,-2.37681816374902,-0.0231454778347824,0.5188546184138192,-0.5719345939555747,0.1201970601601191,-0.6215705967146201,-0.9274745739175644,-0.440882600856085
20.0,167.0,1000.9432373046876,0.8244933528940794,0.1717593457825232,-2.376818165392041,-0.0231454654933873,0.5188550619293609,-0.571934593955575,0.1201970601601191,-0.6215705967146201,-0.9274745739175644,-0.4408825905961564
20.0,167.0,1000.9432373046876,0.824493352894084,0.1717593457825232,-2.3768181931737407,-0.0231454658180361,0.5188492847891056,-0.571934593955575,0.1201970601601191,-0.6215705967146201,-0.9274745739175644,-0.4408818569325445
20.0,167.0,1000.9432373046876,0.8244933528941873,0.1717593457825232,-2.3768181716375043,-0.0231454770914799,0.5188578186747616,-0.571934593955575,0.1201970601601191,-0.6215705967146201,-0.9274745739175644,-0.4408822312686979
20.0,167.0,1000.9432373046876,0.824493352894084,0.1717593457825232,-2.3768181931737407,-0.0231454770914799,0.5188578186747616,-0.571934593955575,0.1201970601601191,-0.6215705967146201,-0.9274745739175644,-0.4408822121816843
20.0,167.0,1000.9432373046876,0.8244933528941853,0.1717593457825232,-2.376818171443306,-0.0231454770955707,0.5188578186747616,-0.571934593955575,0.1201970601601191,-0.6215705967146201,-0.9274745739175644,-0.4408822116081401
20.0,167.0,1000.9432373046876,0.8244933528940844,0.1717593457825232,-2.3768181931737407,-0.0231454773413916,0.5188578186747616,-0.571934593955575,0.1201970601601191,-0.6215705967146201,-0.9274745739175644,-0.4408822121816843
20.0,167.0,1000.9432373046876,0.8244933528941873,0.1717593457825232,-2.376818166038288,-0.0231454774621978,0.5188549899109364,-0.5719345939555734,0.1201970601601191,-0.6215705967146201,-0.9274745739175644,-0.4408826026868362
20.0,167.0,1000.9432373046876,0.8244933528941917,0.1717593457825232,-2.376818166038288,-0.0231454643738514,0.5188581901718787,-0.571934593955556,0.1201970601601191,-0.6215705967146201,-0.9274745739175644,-0.440882234141902
20.0,167.0,1000.9432373046876,0.8244933528941846,0.1717593457825232,-2.3768181931737407,-0.0231454773413916,0.518857812890982,-0.571934593955575,0.1201970601601191,-0.6215705967146201,-0.9274745739175644,-0.4408822121816843
20.0,167.0,1000.9432373046876,0.824493352894087,0.1717593457825232,-2.3768181934489463,-0.0231454774605585,0.5188581458690521,-0.571934593955575,0.1201970601601191,-0.6215705967146201,-0.9274745739175644,-0.4408822121816843
20.0,167.0,1000.9432373046876,0.8244933528940794,0.1717593457825232,-2.376818165392041,-0.0231454774125806,0.5188550619293609,-0.571934593955575,0.1201970601601191,-0.6215705967146201,-0.9274745739175644,-0.4408822110497736
20.0,167.0,1000.9432373046876,0.8244933528941853,0.1717593457825232,-2.376818171419115,-0.0231454774548386,0.5188548181131262,-0.571934593955575,0.1201970601601191,-0.6215705967146201,-0.9274745739175644,-0.4408826062061954
20.0,167.0,1000.9432373046876,0.8244933528941873,0.1717593457825232,-2.37681817107884,-0.0231454770914799,0.5188578186747616,-0.571934593955575,0.1201970601601191,-0.6215705967146201,-0.9274745739175644,-0.4408822312686979
20.0,167.0,1000.9432373046876,0.8244933528941917,0.1717593457825232,-2.376818166371673,-0.0231454643738514,0.5188578170754249,-0.5719345939555553,0.1201970601601191,-0.6215705967146201,-0.9274745739175644,-0.440882234141902
20.0,167.0,1000.9432373046876,0.824493352894084,0.1717593457825232,-2.3768181931737407,-0.0231454770914799,0.5188578186747616,-0.571934593955575,0.1201970601601191,-0.6215705967146201,-0.9274745739175644,-0.4408822121816843
20.0,167.0,1000.9432373046876,0.8244933528941853,0.1717593457825232,-2.376818171443306,-0.0231454770955707,0.5188578424111012,-0.5719345939555752,0.1201970601601191,-0.6215705967146201,-0.9274745739175644,-0.4408822116081401
20.0,167.0,1000.9432373046876,0.8244933528941873,0.1717593457825232,-2.376818193819988,-0.0231454767152466,0.518857746656337,-0.571934593955556,0.1201970601601191,-0.6215705967146201,-0.9274745739175644,-0.4408822444018306
20.0,167.0,1000.9432373046876,0.8244933528940892,0.1717593457825232,-2.376818166157814,-0.0231454769487913,0.5188548748987581,-0.5719345939555747,0.1201970601601191,-0.6215705967146201,-0.9274745739175644,-0.440882622649795
20.0,167.0,1000.9432373046876,0.8244933528941846,0.1717593457825232,-2.3768181931737407,-0.0231454773413916,0.51885781850576,-0.571934593955575,0.1201970601601191,-0.6215705967146201,-0.9274745739175644,-0.4408822121816843
20.0,167.0,1000.9432373046876,0.8244933528941842,0.1717593457825232,-2.376818165763083,-0.0231454770931193,0.5188546627166458,-0.5719345939555734,0.1201970601601191,-0.6215705967146201,-0.9274745739175644,-0.4408826026868362
20.0,167.0,1000.9432373046876,0.8244933528940827,0.1717593457825232,-2.3768181661483,-0.0231454652598426,0.5188549899109364,-0.571934593955575,0.1201970601601191,-0.6215705967146201,-0.9274745739175644,-0.4408826341076294
20.0,167.0,1000.9432373046876,0.8244933528941739,0.1717593457825232,-2.376818195578807,-0.0231454648030269,0.5188578186747616,-0.571934593955575,0.1201970601601191,-0.6215705967146201,-0.9274745739175644,-0.440882585903948
20.0,167.0,1000.9432373046876,0.8244933528941821,0.1717593457825232,-2.3768181931737407,-0.0231454649681668,0.5188578407499954,-0.571934593955575,0.1201970601601191,-0.6215705967146201,-0.9274745739175644,-0.4408822121816843
20.0,168.0,1000.9432373046876,0.824493352894084,0.1717593457825232,-2.3768181931737407,-0.0231454770914799,0.5188578186747616,-0.571934593955575,0.1201970601601191,-0.6215705967146201,-0.9274745739175644,-0.4408822121816843
20.0,168.0,1000.9432373046876,0.824493352894084,0.1717593457825232,-2.3768181931737407,-0.0231454770914799,0.5188578186747616,-0.571934593955575,0.1201970601601191,-0.6215705967146201,-0.9274745739175644,-0.4408822121816843
20.0,168.0,1000.9432373046876,0.8244933528941846,0.1717593457825232,-2.3768181931737407,-0.0231454773413916,0.5188578186747616,-0.571934593955575,0.1201970601601191,-0.6215705967146201,-0.9274745739175644,-0.4408822121816843
20.0,168.0,1000.9432373046876,0.8244933528940794,0.1717593457825232,-2.3768181931737407,-0.0231454769487913,0.5188578186747616,-0.571934593955575,0.1201970601601191,-0.6215705967146201,-0.9274745739175644,-0.4408822121816843
20.0,168.0,1000.9432373046876,0.8244933528941853,0.1717593457825232,-2.376818171443306,-0.0231454770955707,0.5188578186747616,-0.571934593955575,0.1201970601601191,-0.6215705967146201,-0.9274745739175644,-0.4408822116081401
20.0,168.0,1000.9432373046876,0.824493352894084,0.1717593457825232,-2.3768181931737407,-0.0231454770914799,0.5188578186747616,-0.571934593955575,0.1201970601601191,-0.6215705967146201,-0.9274745739175644,-0.4408822121816843
20.0,168.0,1000.9432373046876,0.8244933528941873,0.1717593457825232,-2.376818166038288,-0.0231454652598426,0.5188549899109364,-0.571934593955556,0.1201970601601191,-0.6215705967146201,-0.9274745739175644,-0.4408826228163027
20.0,168.0,1000.9432373046876,0.8244933528941882,0.1717593457825232,-2.376818171466023,-0.0231454770955707,0.5188578186747616,-0.571934593955575,0.1201970601601191,-0.6215705967146201,-0.9274745739175644,-0.4408822145023395
20.0,168.0,1000.9432373046876,0.8244933528940844,0.1717593457825232,-2.3768181931737407,-0.0231454773413916,0.5188578186747616,-0.571934593955575,0.1201970601601191,-0.6215705967146201,-0.9274745739175644,-0.4408822121816843
20.0,168.0,1000.9432373046876,0.824493352894084,0.1717593457825232,-2.3768181931737407,-0.0231454770914799,0.5188578186747616,-0.571934593955575,0.1201970601601191,-0.6215705967146201,-0.9274745739175644,-0.4408822121816843
20.0,168.0,1000.9432373046876,0.824493352894084,0.1717593457825232,-2.3768181931737407,-0.0231454770914799,0.5188578186747616,-0.571934593955575,0.1201970601601191,-0.6215705967146201,-0.9274745739175644,-0.4408822138326776
20.0,168.0,1000.9432373046876,0.8244933528941882,0.1717593457825232,-2.3768181714892185,-0.0231454770955707,0.5188578186747616,-0.571934593955575,0.1201970601601191,-0.6215705967146201,-0.9274745739175644,-0.4408822145023395
20.0,168.0,1000.9432373046876,0.824493352894084,0.1717593457825232,-2.3768181920100586,-0.0231454770857545,0.5188578186747616,-0.571934593955575,0.1201970601601191,-0.6215705967146201,-0.9274745739175644,-0.4408822121816843
20.0,168.0,1000.9432373046876,0.8244933528941873,0.1717593457825232,-2.376818166038288,-0.0231454652598426,0.5188549899109364,-0.571934593955556,0.1201970601601191,-0.6215705967146201,-0.9274745739175644,-0.4408826228163027
20.0,168.0,1000.9432373046876,0.8244933528941873,0.1717593457825232,-2.376818166038288,-0.0231454774621978,0.5188549899109364,-0.5719345939555734,0.1201970601601191,-0.6215705967146201,-0.9274745739175644,-0.4408826026868362
20.0,168.0,1000.9432373046876,0.824493352894084,0.1717593457825232,-2.3768181931737407,-0.0231454770914799,0.5188578186747616,-0.571934593955575,0.1201970601601191,-0.6215705967146201,-0.9274745739175644,-0.4408822121816843
20.0,168.0,1000.9432373046876,0.824493352894084,0.1717593457825232,-2.3768181931737407,-0.0231454770907681,0.5188578186747616,-0.571934593955575,0.1201970601601191,-0.6215705967146201,-0.9274745739175644,-0.4408822138326776
20.0,168.0,1000.9432373046876,0.8244933528940895,0.1717593457825232,-2.37681816374902,-0.0231454769487913,0.5188578186747616,-0.5719345939555747,0.1201970601601191,-0.6215705967146201,-0.9274745739175644,-0.4408822121816843
20.0,168.0,1000.9432373046876,0.824493352894084,0.1717593457825232,-2.3768181931737407,-0.0231454770914799,0.5188578186747616,-0.571934593955575,0.1201970601601191,-0.6215705967146201,-0.9274745739175644,-0.4408822121816843
20.0,168.0,1000.9432373046876,0.8244933528941846,0.1717593457825232,-2.3768181931737407,-0.0231454773413916,0.5188578186747616,-0.571934593955575,0.1201970601601191,-0.6215705967146201,-0.9274745739175644,-0.4408822121816843
20.0,168.0,1000.9432373046876,0.8244933528940794,0.1717593457825232,-2.3768181931737407,-0.0231454769495031,0.5188578186747616,-0.571934593955575,0.1201970601601191,-0.6215705967146201,-0.9274745739175644,-0.4408822121816843
20.0,168.0,1000.9432373046876,0.8244933528941873,0.1717593457825232,-2.376818193819988,-0.0231454767152466,0.518857746656337,-0.571934593955556,0.1201970601601191,-0.6215705967146201,-0.9274745739175644,-0.4408822444018306
20.0,168.0,1000.9432373046876,0.8244933528941846,0.1717593457825232,-2.3768181931737407,-0.0231454773413916,0.5188578127219803,-0.571934593955575,0.1201970601601191,-0.6215705967146201,-0.9274745739175644,-0.4408822121816843
20.0,168.0,1000.9432373046876,0.8244933528941739,0.1717593457825232,-2.376818195578807,-0.0231454767222202,0.5188578186747616,-0.571934593955575,0.1201970601601191,-0.6215705967146201,-0.9274745739175644,-0.4408822063575652
20.0,168.0,1000.9432373046876,0.8244933528940794,0.1717593457825232,-2.3768181931737407,-0.0231454769495031,0.5188578186747616,-0.571934593955575,0.1201970601601191,-0.6215705967146201,-0.9274745739175644,-0.4408822121816843
20.0,168.0,1000.9432373046876,0.8244933528940794,0.1717593457825232,-2.3768181931737407,-0.0231454769487913,0.5188578186747616,-0.571934593955575,0.1201970601601191,-0.6215705967146201,-0.9274745739175644,-0.4408822121816843
20.0,168.0,1000.9432373046876,0.8244933528940853,0.1717593457825232,-2.37681816374902,-0.0231454778347824,0.5188546184138192,-0.5719345939555747,0.1201970601601191,-0.6215705967146201,-0.9274745739175644,-0.440882600856085
20.0,168.0,1000.9432373046876,0.8244933528940794,0.1717593457825232,-2.376818165392041,-0.0231454654933873,0.5188550619293609,-0.571934593955575,0.1201970601601191,-0.6215705967146201,-0.9274745739175644,-0.4408825905961564
20.0,168.0,1000.9432373046876,0.824493352894084,0.1717593457825232,-2.3768181931737407,-0.0231454658180361,0.5188492847891056,-0.571934593955575,0.1201970601601191,-0.6215705967146201,-0.9274745739175644,-0.4408818569325445
20.0,168.0,1000.9432373046876,0.8244933528941873,0.1717593457825232,-2.3768181716375043,-0.0231454770914799,0.5188578186747616,-0.571934593955575,0.1201970601601191,-0.6215705967146201,-0.9274745739175644,-0.4408822312686979
20.0,168.0,1000.9432373046876,0.824493352894084,0.1717593457825232,-2.3768181931737407,-0.0231454770914799,0.5188578186747616,-0.571934593955575,0.1201970601601191,-0.6215705967146201,-0.9274745739175644,-0.4408822121816843
20.0,168.0,1000.9432373046876,0.8244933528941853,0.1717593457825232,-2.376818171443306,-0.0231454770955707,0.5188578186747616,-0.571934593955575,0.1201970601601191,-0.6215705967146201,-0.9274745739175644,-0.4408822116081401
20.0,168.0,1000.9432373046876,0.8244933528940844,0.1717593457825232,-2.3768181931737407,-0.0231454773413916,0.5188578186747616,-0.571934593955575,0.1201970601601191,-0.6215705967146201,-0.9274745739175644,-0.4408822121816843
20.0,168.0,1000.9432373046876,0.8244933528941873,0.1717593457825232,-2.376818166038288,-0.0231454774621978,0.5188549899109364,-0.5719345939555734,0.1201970601601191,-0.6215705967146201,-0.9274745739175644,-0.4408826026868362
20.0,168.0,1000.9432373046876,0.8244933528941917,0.1717593457825232,-2.376818166038288,-0.0231454643738514,0.5188581901718787,-0.571934593955556,0.1201970601601191,-0.6215705967146201,-0.9274745739175644,-0.440882234141902
20.0,168.0,1000.9432373046876,0.8244933528941846,0.1717593457825232,-2.3768181931737407,-0.0231454773413916,0.518857812890982,-0.571934593955575,0.1201970601601191,-0.6215705967146201,-0.9274745739175644,-0.4408822121816843
20.0,168.0,1000.9432373046876,0.824493352894087,0.1717593457825232,-2.3768181934489463,-0.0231454774605585,0.5188581458690521,-0.571934593955575,0.1201970601601191,-0.6215705967146201,-0.9274745739175644,-0.4408822121816843
20.0,168.0,1000.9432373046876,0.8244933528940794,0.1717593457825232,-2.376818165392041,-0.0231454774125806,0.5188550619293609,-0.571934593955575,0.1201970601601191,-0.6215705967146201,-0.9274745739175644,-0.4408822110497736
20.0,168.0,1000.9432373046876,0.8244933528941853,0.1717593457825232,-2.376818171419115,-0.0231454774548386,0.5188548181131262,-0.571934593955575,0.1201970601601191,-0.6215705967146201,-0.9274745739175644,-0.4408826062061954
20.0,168.0,1000.9432373046876,0.8244933528941873,0.1717593457825232,-2.37681817107884,-0.0231454770914799,0.5188578186747616,-0.571934593955575,0.1201970601601191,-0.6215705967146201,-0.9274745739175644,-0.4408822312686979
20.0,168.0,1000.9432373046876,0.8244933528941917,0.1717593457825232,-2.376818166371673,-0.0231454643738514,0.5188578170754249,-0.5719345939555553,0.1201970601601191,-0.6215705967146201,-0.9274745739175644,-0.440882234141902
20.0,168.0,1000.9432373046876,0.824493352894084,0.1717593457825232,-2.3768181931737407,-0.0231454770914799,0.5188578186747616,-0.571934593955575,0.1201970601601191,-0.6215705967146201,-0.9274745739175644,-0.4408822121816843
20.0,168.0,1000.9432373046876,0.8244933528941853,0.1717593457825232,-2.376818171443306,-0.0231454770955707,0.5188578424111012,-0.5719345939555752,0.1201970601601191,-0.6215705967146201,-0.9274745739175644,-0.4408822116081401
20.0,168.0,1000.9432373046876,0.8244933528941873,0.1717593457825232,-2.376818193819988,-0.0231454767152466,0.518857746656337,-0.571934593955556,0.1201970601601191,-0.6215705967146201,-0.9274745739175644,-0.4408822444018306
20.0,168.0,1000.9432373046876,0.8244933528940892,0.1717593457825232,-2.376818166157814,-0.0231454769487913,0.5188548748987581,-0.5719345939555747,0.1201970601601191,-0.6215705967146201,-0.9274745739175644,-0.440882622649795
20.0,168.0,1000.9432373046876,0.8244933528941846,0.1717593457825232,-2.3768181931737407,-0.0231454773413916,0.51885781850576,-0.571934593955575,0.1201970601601191,-0.6215705967146201,-0.9274745739175644,-0.4408822121816843
20.0,168.0,1000.9432373046876,0.8244933528941842,0.1717593457825232,-2.376818165763083,-0.0231454770931193,0.5188546627166458,-0.5719345939555734,0.1201970601601191,-0.6215705967146201,-0.9274745739175644,-0.4408826026868362
20.0,168.0,1000.9432373046876,0.8244933528940827,0.1717593457825232,-2.3768181661483,-0.0231454652598426,0.5188549899109364,-0.571934593955575,0.1201970601601191,-0.6215705967146201,-0.9274745739175644,-0.4408826341076294
20.0,168.0,1000.9432373046876,0.8244933528941739,0.1717593457825232,-2.376818195578807,-0.0231454648030269,0.5188578186747616,-0.571934593955575,0.1201970601601191,-0.6215705967146201,-0.9274745739175644,-0.440882585903948
20.0,168.0,1000.9432373046876,0.8244933528941821,0.1717593457825232,-2.3768181931737407,-0.0231454649681668,0.5188578407499954,-0.571934593955575,0.1201970601601191,-0.6215705967146201,-0.9274745739175644,-0.4408822121816843
20.0,169.0,1000.9432373046876,0.824493352894084,0.1717593457825232,-2.3768181931737407,-0.0231454770914799,0.5188578186747616,-0.571934593955575,0.1201970601601191,-0.6215705967146201,-0.9274745739175644,-0.4408822121816843
20.0,169.0,1000.9432373046876,0.824493352894084,0.1717593457825232,-2.3768181931737407,-0.0231454770914799,0.5188578186747616,-0.571934593955575,0.1201970601601191,-0.6215705967146201,-0.9274745739175644,-0.4408822121816843
20.0,169.0,1000.9432373046876,0.8244933528941846,0.1717593457825232,-2.3768181931737407,-0.0231454773413916,0.5188578186747616,-0.571934593955575,0.1201970601601191,-0.6215705967146201,-0.9274745739175644,-0.4408822121816843
20.0,169.0,1000.9432373046876,0.8244933528940794,0.1717593457825232,-2.3768181931737407,-0.0231454769487913,0.5188578186747616,-0.571934593955575,0.1201970601601191,-0.6215705967146201,-0.9274745739175644,-0.4408822121816843
20.0,169.0,1000.9432373046876,0.8244933528941853,0.1717593457825232,-2.376818171443306,-0.0231454770955707,0.5188578186747616,-0.571934593955575,0.1201970601601191,-0.6215705967146201,-0.9274745739175644,-0.4408822116081401
20.0,169.0,1000.9432373046876,0.824493352894084,0.1717593457825232,-2.3768181931737407,-0.0231454770914799,0.5188578186747616,-0.571934593955575,0.1201970601601191,-0.6215705967146201,-0.9274745739175644,-0.4408822121816843
20.0,169.0,1000.9432373046876,0.8244933528941873,0.1717593457825232,-2.376818166038288,-0.0231454652598426,0.5188549899109364,-0.571934593955556,0.1201970601601191,-0.6215705967146201,-0.9274745739175644,-0.4408826228163027
20.0,169.0,1000.9432373046876,0.8244933528941882,0.1717593457825232,-2.376818171466023,-0.0231454770955707,0.5188578186747616,-0.571934593955575,0.1201970601601191,-0.6215705967146201,-0.9274745739175644,-0.4408822145023395
20.0,169.0,1000.9432373046876,0.8244933528940844,0.1717593457825232,-2.3768181931737407,-0.0231454773413916,0.5188578186747616,-0.571934593955575,0.1201970601601191,-0.6215705967146201,-0.9274745739175644,-0.4408822121816843
20.0,169.0,1000.9432373046876,0.824493352894084,0.1717593457825232,-2.3768181931737407,-0.0231454770914799,0.5188578186747616,-0.571934593955575,0.1201970601601191,-0.6215705967146201,-0.9274745739175644,-0.4408822121816843
20.0,169.0,1000.9432373046876,0.824493352894084,0.1717593457825232,-2.3768181931737407,-0.0231454770914799,0.5188578186747616,-0.571934593955575,0.1201970601601191,-0.6215705967146201,-0.9274745739175644,-0.4408822138326776
20.0,169.0,1000.9432373046876,0.8244933528941882,0.1717593457825232,-2.3768181714892185,-0.0231454770955707,0.5188578186747616,-0.571934593955575,0.1201970601601191,-0.6215705967146201,-0.9274745739175644,-0.4408822145023395
20.0,169.0,1000.9432373046876,0.824493352894084,0.1717593457825232,-2.3768181920100586,-0.0231454770857545,0.5188578186747616,-0.571934593955575,0.1201970601601191,-0.6215705967146201,-0.9274745739175644,-0.4408822121816843
20.0,169.0,1000.9432373046876,0.8244933528941873,0.1717593457825232,-2.376818166038288,-0.0231454652598426,0.5188549899109364,-0.571934593955556,0.1201970601601191,-0.6215705967146201,-0.9274745739175644,-0.4408826228163027
20.0,169.0,1000.9432373046876,0.8244933528941873,0.1717593457825232,-2.376818166038288,-0.0231454774621978,0.5188549899109364,-0.5719345939555734,0.1201970601601191,-0.6215705967146201,-0.9274745739175644,-0.4408826026868362
20.0,169.0,1000.9432373046876,0.824493352894084,0.1717593457825232,-2.3768181931737407,-0.0231454770914799,0.5188578186747616,-0.571934593955575,0.1201970601601191,-0.6215705967146201,-0.9274745739175644,-0.4408822121816843
20.0,169.0,1000.9432373046876,0.824493352894084,0.1717593457825232,-2.3768181931737407,-0.0231454770907681,0.5188578186747616,-0.571934593955575,0.1201970601601191,-0.6215705967146201,-0.9274745739175644,-0.4408822138326776
20.0,169.0,1000.9432373046876,0.8244933528940895,0.1717593457825232,-2.37681816374902,-0.0231454769487913,0.5188578186747616,-0.5719345939555747,0.1201970601601191,-0.6215705967146201,-0.9274745739175644,-0.4408822121816843
20.0,169.0,1000.9432373046876,0.824493352894084,0.1717593457825232,-2.3768181931737407,-0.0231454770914799,0.5188578186747616,-0.571934593955575,0.1201970601601191,-0.6215705967146201,-0.9274745739175644,-0.4408822121816843
20.0,169.0,1000.9432373046876,0.8244933528941846,0.1717593457825232,-2.3768181931737407,-0.0231454773413916,0.5188578186747616,-0.571934593955575,0.1201970601601191,-0.6215705967146201,-0.9274745739175644,-0.4408822121816843
20.0,169.0,1000.9432373046876,0.8244933528940794,0.1717593457825232,-2.3768181931737407,-0.0231454769495031,0.5188578186747616,-0.571934593955575,0.1201970601601191,-0.6215705967146201,-0.9274745739175644,-0.4408822121816843
20.0,169.0,1000.9432373046876,0.8244933528941873,0.1717593457825232,-2.376818193819988,-0.0231454767152466,0.518857746656337,-0.571934593955556,0.1201970601601191,-0.6215705967146201,-0.9274745739175644,-0.4408822444018306
20.0,169.0,1000.9432373046876,0.8244933528941846,0.1717593457825232,-2.3768181931737407,-0.0231454773413916,0.5188578127219803,-0.571934593955575,0.1201970601601191,-0.6215705967146201,-0.9274745739175644,-0.4408822121816843
20.0,169.0,1000.9432373046876,0.8244933528941739,0.1717593457825232,-2.376818195578807,-0.0231454767222202,0.5188578186747616,-0.571934593955575,0.1201970601601191,-0.6215705967146201,-0.9274745739175644,-0.4408822063575652
20.0,169.0,1000.9432373046876,0.8244933528940794,0.1717593457825232,-2.3768181931737407,-0.0231454769495031,0.5188578186747616,-0.571934593955575,0.1201970601601191,-0.6215705967146201,-0.9274745739175644,-0.4408822121816843
20.0,169.0,1000.9432373046876,0.8244933528940794,0.1717593457825232,-2.3768181931737407,-0.0231454769487913,0.5188578186747616,-0.571934593955575,0.1201970601601191,-0.6215705967146201,-0.9274745739175644,-0.4408822121816843
20.0,169.0,1000.9432373046876,0.8244933528940853,0.1717593457825232,-2.37681816374902,-0.0231454778347824,0.5188546184138192,-0.5719345939555747,0.1201970601601191,-0.6215705967146201,-0.9274745739175644,-0.440882600856085
20.0,169.0,1000.9432373046876,0.8244933528940794,0.1717593457825232,-2.376818165392041,-0.0231454654933873,0.5188550619293609,-0.571934593955575,0.1201970601601191,-0.6215705967146201,-0.9274745739175644,-0.4408825905961564
20.0,169.0,1000.9432373046876,0.824493352894084,0.1717593457825232,-2.3768181931737407,-0.0231454658180361,0.5188492847891056,-0.571934593955575,0.1201970601601191,-0.6215705967146201,-0.9274745739175644,-0.4408818569325445
20.0,169.0,1000.9432373046876,0.8244933528941873,0.1717593457825232,-2.3768181716375043,-0.0231454770914799,0.5188578186747616,-0.571934593955575,0.1201970601601191,-0.6215705967146201,-0.9274745739175644,-0.4408822312686979
20.0,169.0,1000.9432373046876,0.824493352894084,0.1717593457825232,-2.3768181931737407,-0.0231454770914799,0.5188578186747616,-0.571934593955575,0.1201970601601191,-0.6215705967146201,-0.9274745739175644,-0.4408822121816843
20.0,169.0,1000.9432373046876,0.8244933528941853,0.1717593457825232,-2.376818171443306,-0.0231454770955707,0.5188578186747616,-0.571934593955575,0.1201970601601191,-0.6215705967146201,-0.9274745739175644,-0.4408822116081401
20.0,169.0,1000.9432373046876,0.8244933528940844,0.1717593457825232,-2.3768181931737407,-0.0231454773413916,0.5188578186747616,-0.571934593955575,0.1201970601601191,-0.6215705967146201,-0.9274745739175644,-0.4408822121816843
20.0,169.0,1000.9432373046876,0.8244933528941873,0.1717593457825232,-2.376818166038288,-0.0231454774621978,0.5188549899109364,-0.5719345939555734,0.1201970601601191,-0.6215705967146201,-0.9274745739175644,-0.4408826026868362
20.0,169.0,1000.9432373046876,0.8244933528941917,0.1717593457825232,-2.376818166038288,-0.0231454643738514,0.5188581901718787,-0.571934593955556,0.1201970601601191,-0.6215705967146201,-0.9274745739175644,-0.440882234141902
20.0,169.0,1000.9432373046876,0.8244933528941846,0.1717593457825232,-2.3768181931737407,-0.0231454773413916,0.518857812890982,-0.571934593955575,0.1201970601601191,-0.6215705967146201,-0.9274745739175644,-0.4408822121816843
20.0,169.0,1000.9432373046876,0.824493352894087,0.1717593457825232,-2.3768181934489463,-0.0231454774605585,0.5188581458690521,-0.571934593955575,0.1201970601601191,-0.6215705967146201,-0.9274745739175644,-0.4408822121816843
20.0,169.0,1000.9432373046876,0.8244933528940794,0.1717593457825232,-2.376818165392041,-0.0231454774125806,0.5188550619293609,-0.571934593955575,0.1201970601601191,-0.6215705967146201,-0.9274745739175644,-0.4408822110497736
20.0,169.0,1000.9432373046876,0.8244933528941853,0.1717593457825232,-2.376818171419115,-0.0231454774548386,0.5188548181131262,-0.571934593955575,0.1201970601601191,-0.6215705967146201,-0.9274745739175644,-0.4408826062061954
20.0,169.0,1000.9432373046876,0.8244933528941873,0.1717593457825232,-2.37681817107884,-0.0231454770914799,0.5188578186747616,-0.571934593955575,0.1201970601601191,-0.6215705967146201,-0.9274745739175644,-0.4408822312686979
20.0,169.0,1000.9432373046876,0.8244933528941917,0.1717593457825232,-2.376818166371673,-0.0231454643738514,0.5188578170754249,-0.5719345939555553,0.1201970601601191,-0.6215705967146201,-0.9274745739175644,-0.440882234141902
20.0,169.0,1000.9432373046876,0.824493352894084,0.1717593457825232,-2.3768181931737407,-0.0231454770914799,0.5188578186747616,-0.571934593955575,0.1201970601601191,-0.6215705967146201,-0.9274745739175644,-0.4408822121816843
20.0,169.0,1000.9432373046876,0.8244933528941853,0.1717593457825232,-2.376818171443306,-0.0231454770955707,0.5188578424111012,-0.5719345939555752,0.1201970601601191,-0.6215705967146201,-0.9274745739175644,-0.4408822116081401
20.0,169.0,1000.9432373046876,0.8244933528941873,0.1717593457825232,-2.376818193819988,-0.0231454767152466,0.518857746656337,-0.571934593955556,0.1201970601601191,-0.6215705967146201,-0.9274745739175644,-0.4408822444018306
20.0,169.0,1000.9432373046876,0.8244933528940892,0.1717593457825232,-2.376818166157814,-0.0231454769487913,0.5188548748987581,-0.5719345939555747,0.1201970601601191,-0.6215705967146201,-0.9274745739175644,-0.440882622649795
20.0,169.0,1000.9432373046876,0.8244933528941846,0.1717593457825232,-2.3768181931737407,-0.0231454773413916,0.51885781850576,-0.571934593955575,0.1201970601601191,-0.6215705967146201,-0.9274745739175644,-0.4408822121816843
20.0,169.0,1000.9432373046876,0.8244933528941842,0.1717593457825232,-2.376818165763083,-0.0231454770931193,0.5188546627166458,-0.5719345939555734,0.1201970601601191,-0.6215705967146201,-0.9274745739175644,-0.4408826026868362
20.0,169.0,1000.9432373046876,0.8244933528940827,0.1717593457825232,-2.3768181661483,-0.0231454652598426,0.5188549899109364,-0.571934593955575,0.1201970601601191,-0.6215705967146201,-0.9274745739175644,-0.4408826341076294
20.0,169.0,1000.9432373046876,0.8244933528941739,0.1717593457825232,-2.376818195578807,-0.0231454648030269,0.5188578186747616,-0.571934593955575,0.1201970601601191,-0.6215705967146201,-0.9274745739175644,-0.440882585903948
20.0,169.0,1000.9432373046876,0.8244933528941821,0.1717593457825232,-2.3768181931737407,-0.0231454649681668,0.5188578407499954,-0.571934593955575,0.1201970601601191,-0.6215705967146201,-0.9274745739175644,-0.4408822121816843
20.0,170.0,1000.9432373046876,0.824493352894084,0.1717593457825232,-2.3768181931737407,-0.0231454770914799,0.5188578186747616,-0.571934593955575,0.1201970601601191,-0.6215705967146201,-0.9274745739175644,-0.4408822121816843
20.0,170.0,1000.9432373046876,0.824493352894084,0.1717593457825232,-2.3768181931737407,-0.0231454770914799,0.5188578186747616,-0.571934593955575,0.1201970601601191,-0.6215705967146201,-0.9274745739175644,-0.4408822121816843
20.0,170.0,1000.9432373046876,0.8244933528941846,0.1717593457825232,-2.3768181931737407,-0.0231454773413916,0.5188578186747616,-0.571934593955575,0.1201970601601191,-0.6215705967146201,-0.9274745739175644,-0.4408822121816843
20.0,170.0,1000.9432373046876,0.8244933528940794,0.1717593457825232,-2.3768181931737407,-0.0231454769487913,0.5188578186747616,-0.571934593955575,0.1201970601601191,-0.6215705967146201,-0.9274745739175644,-0.4408822121816843
20.0,170.0,1000.9432373046876,0.8244933528941853,0.1717593457825232,-2.376818171443306,-0.0231454770955707,0.5188578186747616,-0.571934593955575,0.1201970601601191,-0.6215705967146201,-0.9274745739175644,-0.4408822116081401
20.0,170.0,1000.9432373046876,0.824493352894084,0.1717593457825232,-2.3768181931737407,-0.0231454770914799,0.5188578186747616,-0.571934593955575,0.1201970601601191,-0.6215705967146201,-0.9274745739175644,-0.4408822121816843
20.0,170.0,1000.9432373046876,0.8244933528941873,0.1717593457825232,-2.376818166038288,-0.0231454652598426,0.5188549899109364,-0.571934593955556,0.1201970601601191,-0.6215705967146201,-0.9274745739175644,-0.4408826228163027
20.0,170.0,1000.9432373046876,0.8244933528941882,0.1717593457825232,-2.376818171466023,-0.0231454770955707,0.5188578186747616,-0.571934593955575,0.1201970601601191,-0.6215705967146201,-0.9274745739175644,-0.4408822145023395
20.0,170.0,1000.9432373046876,0.8244933528940844,0.1717593457825232,-2.3768181931737407,-0.0231454773413916,0.5188578186747616,-0.571934593955575,0.1201970601601191,-0.6215705967146201,-0.9274745739175644,-0.4408822121816843
20.0,170.0,1000.9432373046876,0.824493352894084,0.1717593457825232,-2.3768181931737407,-0.0231454770914799,0.5188578186747616,-0.571934593955575,0.1201970601601191,-0.6215705967146201,-0.9274745739175644,-0.4408822121816843
20.0,170.0,1000.9432373046876,0.824493352894084,0.1717593457825232,-2.3768181931737407,-0.0231454770914799,0.5188578186747616,-0.571934593955575,0.1201970601601191,-0.6215705967146201,-0.9274745739175644,-0.4408822138326776
20.0,170.0,1000.9432373046876,0.8244933528941882,0.1717593457825232,-2.3768181714892185,-0.0231454770955707,0.5188578186747616,-0.571934593955575,0.1201970601601191,-0.6215705967146201,-0.9274745739175644,-0.4408822145023395
20.0,170.0,1000.9432373046876,0.824493352894084,0.1717593457825232,-2.3768181920100586,-0.0231454770857545,0.5188578186747616,-0.571934593955575,0.1201970601601191,-0.6215705967146201,-0.9274745739175644,-0.4408822121816843
20.0,170.0,1000.9432373046876,0.8244933528941873,0.1717593457825232,-2.376818166038288,-0.0231454652598426,0.5188549899109364,-0.571934593955556,0.1201970601601191,-0.6215705967146201,-0.9274745739175644,-0.4408826228163027
20.0,170.0,1000.9432373046876,0.8244933528941873,0.1717593457825232,-2.376818166038288,-0.0231454774621978,0.5188549899109364,-0.5719345939555734,0.1201970601601191,-0.6215705967146201,-0.9274745739175644,-0.4408826026868362
20.0,170.0,1000.9432373046876,0.824493352894084,0.1717593457825232,-2.3768181931737407,-0.0231454770914799,0.5188578186747616,-0.571934593955575,0.1201970601601191,-0.6215705967146201,-0.9274745739175644,-0.4408822121816843
20.0,170.0,1000.9432373046876,0.824493352894084,0.1717593457825232,-2.3768181931737407,-0.0231454770907681,0.5188578186747616,-0.571934593955575,0.1201970601601191,-0.6215705967146201,-0.9274745739175644,-0.4408822138326776
20.0,170.0,1000.9432373046876,0.8244933528940895,0.1717593457825232,-2.37681816374902,-0.0231454769487913,0.5188578186747616,-0.5719345939555747,0.1201970601601191,-0.6215705967146201,-0.9274745739175644,-0.4408822121816843
20.0,170.0,1000.9432373046876,0.824493352894084,0.1717593457825232,-2.3768181931737407,-0.0231454770914799,0.5188578186747616,-0.571934593955575,0.1201970601601191,-0.6215705967146201,-0.9274745739175644,-0.4408822121816843
20.0,170.0,1000.9432373046876,0.8244933528941846,0.1717593457825232,-2.3768181931737407,-0.0231454773413916,0.5188578186747616,-0.571934593955575,0.1201970601601191,-0.6215705967146201,-0.9274745739175644,-0.4408822121816843
20.0,170.0,1000.9432373046876,0.8244933528940794,0.1717593457825232,-2.3768181931737407,-0.0231454769495031,0.5188578186747616,-0.571934593955575,0.1201970601601191,-0.6215705967146201,-0.9274745739175644,-0.4408822121816843
20.0,170.0,1000.9432373046876,0.8244933528941873,0.1717593457825232,-2.376818193819988,-0.0231454767152466,0.518857746656337,-0.571934593955556,0.1201970601601191,-0.6215705967146201,-0.9274745739175644,-0.4408822444018306
20.0,170.0,1000.9432373046876,0.8244933528941846,0.1717593457825232,-2.3768181931737407,-0.0231454773413916,0.5188578127219803,-0.571934593955575,0.1201970601601191,-0.6215705967146201,-0.9274745739175644,-0.4408822121816843
20.0,170.0,1000.9432373046876,0.8244933528941739,0.1717593457825232,-2.376818195578807,-0.0231454767222202,0.5188578186747616,-0.571934593955575,0.1201970601601191,-0.6215705967146201,-0.9274745739175644,-0.4408822063575652
20.0,170.0,1000.9432373046876,0.8244933528940794,0.1717593457825232,-2.3768181931737407,-0.0231454769495031,0.5188578186747616,-0.571934593955575,0.1201970601601191,-0.6215705967146201,-0.9274745739175644,-0.4408822121816843
20.0,170.0,1000.9432373046876,0.8244933528940794,0.1717593457825232,-2.3768181931737407,-0.0231454769487913,0.5188578186747616,-0.571934593955575,0.1201970601601191,-0.6215705967146201,-0.9274745739175644,-0.4408822121816843
20.0,170.0,1000.9432373046876,0.8244933528940853,0.1717593457825232,-2.37681816374902,-0.0231454778347824,0.5188546184138192,-0.5719345939555747,0.1201970601601191,-0.6215705967146201,-0.9274745739175644,-0.440882600856085
20.0,170.0,1000.9432373046876,0.8244933528940794,0.1717593457825232,-2.376818165392041,-0.0231454654933873,0.5188550619293609,-0.571934593955575,0.1201970601601191,-0.6215705967146201,-0.9274745739175644,-0.4408825905961564
20.0,170.0,1000.9432373046876,0.824493352894084,0.1717593457825232,-2.3768181931737407,-0.0231454658180361,0.5188492847891056,-0.571934593955575,0.1201970601601191,-0.6215705967146201,-0.9274745739175644,-0.4408818569325445
20.0,170.0,1000.9432373046876,0.8244933528941873,0.1717593457825232,-2.3768181716375043,-0.0231454770914799,0.5188578186747616,-0.571934593955575,0.1201970601601191,-0.6215705967146201,-0.9274745739175644,-0.4408822312686979
20.0,170.0,1000.9432373046876,0.824493352894084,0.1717593457825232,-2.3768181931737407,-0.0231454770914799,0.5188578186747616,-0.571934593955575,0.1201970601601191,-0.6215705967146201,-0.9274745739175644,-0.4408822121816843
20.0,170.0,1000.9432373046876,0.8244933528941853,0.1717593457825232,-2.376818171443306,-0.0231454770955707,0.5188578186747616,-0.571934593955575,0.1201970601601191,-0.6215705967146201,-0.9274745739175644,-0.4408822116081401
20.0,170.0,1000.9432373046876,0.8244933528940844,0.1717593457825232,-2.3768181931737407,-0.0231454773413916,0.5188578186747616,-0.571934593955575,0.1201970601601191,-0.6215705967146201,-0.9274745739175644,-0.4408822121816843
20.0,170.0,1000.9432373046876,0.8244933528941873,0.1717593457825232,-2.376818166038288,-0.0231454774621978,0.5188549899109364,-0.5719345939555734,0.1201970601601191,-0.6215705967146201,-0.9274745739175644,-0.4408826026868362
20.0,170.0,1000.9432373046876,0.8244933528941917,0.1717593457825232,-2.376818166038288,-0.0231454643738514,0.5188581901718787,-0.571934593955556,0.1201970601601191,-0.6215705967146201,-0.9274745739175644,-0.440882234141902
20.0,170.0,1000.9432373046876,0.8244933528941846,0.1717593457825232,-2.3768181931737407,-0.0231454773413916,0.518857812890982,-0.571934593955575,0.1201970601601191,-0.6215705967146201,-0.9274745739175644,-0.4408822121816843
20.0,170.0,1000.9432373046876,0.824493352894087,0.1717593457825232,-2.3768181934489463,-0.0231454774605585,0.5188581458690521,-0.571934593955575,0.1201970601601191,-0.6215705967146201,-0.9274745739175644,-0.4408822121816843
20.0,170.0,1000.9432373046876,0.8244933528940794,0.1717593457825232,-2.376818165392041,-0.0231454774125806,0.5188550619293609,-0.571934593955575,0.1201970601601191,-0.6215705967146201,-0.9274745739175644,-0.4408822110497736
20.0,170.0,1000.9432373046876,0.8244933528941853,0.1717593457825232,-2.376818171419115,-0.0231454774548386,0.5188548181131262,-0.571934593955575,0.1201970601601191,-0.6215705967146201,-0.9274745739175644,-0.4408826062061954
20.0,170.0,1000.9432373046876,0.8244933528941873,0.1717593457825232,-2.37681817107884,-0.0231454770914799,0.5188578186747616,-0.571934593955575,0.1201970601601191,-0.6215705967146201,-0.9274745739175644,-0.4408822312686979
20.0,170.0,1000.9432373046876,0.8244933528941917,0.1717593457825232,-2.376818166371673,-0.0231454643738514,0.5188578170754249,-0.5719345939555553,0.1201970601601191,-0.6215705967146201,-0.9274745739175644,-0.440882234141902
20.0,170.0,1000.9432373046876,0.824493352894084,0.1717593457825232,-2.3768181931737407,-0.0231454770914799,0.5188578186747616,-0.571934593955575,0.1201970601601191,-0.6215705967146201,-0.9274745739175644,-0.4408822121816843
20.0,170.0,1000.9432373046876,0.8244933528941853,0.1717593457825232,-2.376818171443306,-0.0231454770955707,0.5188578424111012,-0.5719345939555752,0.1201970601601191,-0.6215705967146201,-0.9274745739175644,-0.4408822116081401
20.0,170.0,1000.9432373046876,0.8244933528941873,0.1717593457825232,-2.376818193819988,-0.0231454767152466,0.518857746656337,-0.571934593955556,0.1201970601601191,-0.6215705967146201,-0.9274745739175644,-0.4408822444018306
20.0,170.0,1000.9432373046876,0.8244933528940892,0.1717593457825232,-2.376818166157814,-0.0231454769487913,0.5188548748987581,-0.5719345939555747,0.1201970601601191,-0.6215705967146201,-0.9274745739175644,-0.440882622649795
20.0,170.0,1000.9432373046876,0.8244933528941846,0.1717593457825232,-2.3768181931737407,-0.0231454773413916,0.51885781850576,-0.571934593955575,0.1201970601601191,-0.6215705967146201,-0.9274745739175644,-0.4408822121816843
20.0,170.0,1000.9432373046876,0.8244933528941842,0.1717593457825232,-2.376818165763083,-0.0231454770931193,0.5188546627166458,-0.5719345939555734,0.1201970601601191,-0.6215705967146201,-0.9274745739175644,-0.4408826026868362
20.0,170.0,1000.9432373046876,0.8244933528940827,0.1717593457825232,-2.3768181661483,-0.0231454652598426,0.5188549899109364,-0.571934593955575,0.1201970601601191,-0.6215705967146201,-0.9274745739175644,-0.4408826341076294
20.0,170.0,1000.9432373046876,0.8244933528941739,0.1717593457825232,-2.376818195578807,-0.0231454648030269,0.5188578186747616,-0.571934593955575,0.1201970601601191,-0.6215705967146201,-0.9274745739175644,-0.440882585903948
20.0,170.0,1000.9432373046876,0.8244933528941821,0.1717593457825232,-2.3768181931737407,-0.0231454649681668,0.5188578407499954,-0.571934593955575,0.1201970601601191,-0.6215705967146201,-0.9274745739175644,-0.4408822121816843
20.0,171.0,1000.9432373046876,0.824493352894084,0.1717593457825232,-2.3768181931737407,-0.0231454770914799,0.5188578186747616,-0.571934593955575,0.1201970601601191,-0.6215705967146201,-0.9274745739175644,-0.4408822121816843
20.0,171.0,1000.9432373046876,0.824493352894084,0.1717593457825232,-2.3768181931737407,-0.0231454770914799,0.5188578186747616,-0.571934593955575,0.1201970601601191,-0.6215705967146201,-0.9274745739175644,-0.4408822121816843
20.0,171.0,1000.9432373046876,0.8244933528941846,0.1717593457825232,-2.3768181931737407,-0.0231454773413916,0.5188578186747616,-0.571934593955575,0.1201970601601191,-0.6215705967146201,-0.9274745739175644,-0.4408822121816843
20.0,171.0,1000.9432373046876,0.8244933528940794,0.1717593457825232,-2.3768181931737407,-0.0231454769487913,0.5188578186747616,-0.571934593955575,0.1201970601601191,-0.6215705967146201,-0.9274745739175644,-0.4408822121816843
20.0,171.0,1000.9432373046876,0.8244933528941853,0.1717593457825232,-2.376818171443306,-0.0231454770955707,0.5188578186747616,-0.571934593955575,0.1201970601601191,-0.6215705967146201,-0.9274745739175644,-0.4408822116081401
20.0,171.0,1000.9432373046876,0.824493352894084,0.1717593457825232,-2.3768181931737407,-0.0231454770914799,0.5188578186747616,-0.571934593955575,0.1201970601601191,-0.6215705967146201,-0.9274745739175644,-0.4408822121816843
20.0,171.0,1000.9432373046876,0.8244933528941873,0.1717593457825232,-2.376818166038288,-0.0231454652598426,0.5188549899109364,-0.571934593955556,0.1201970601601191,-0.6215705967146201,-0.9274745739175644,-0.4408826228163027
20.0,171.0,1000.9432373046876,0.8244933528941882,0.1717593457825232,-2.376818171466023,-0.0231454770955707,0.5188578186747616,-0.571934593955575,0.1201970601601191,-0.6215705967146201,-0.9274745739175644,-0.4408822145023395
20.0,171.0,1000.9432373046876,0.8244933528940844,0.1717593457825232,-2.3768181931737407,-0.0231454773413916,0.5188578186747616,-0.571934593955575,0.1201970601601191,-0.6215705967146201,-0.9274745739175644,-0.4408822121816843
20.0,171.0,1000.9432373046876,0.824493352894084,0.1717593457825232,-2.3768181931737407,-0.0231454770914799,0.5188578186747616,-0.571934593955575,0.1201970601601191,-0.6215705967146201,-0.9274745739175644,-0.4408822121816843
20.0,171.0,1000.9432373046876,0.824493352894084,0.1717593457825232,-2.3768181931737407,-0.0231454770914799,0.5188578186747616,-0.571934593955575,0.1201970601601191,-0.6215705967146201,-0.9274745739175644,-0.4408822138326776
20.0,171.0,1000.9432373046876,0.8244933528941882,0.1717593457825232,-2.3768181714892185,-0.0231454770955707,0.5188578186747616,-0.571934593955575,0.1201970601601191,-0.6215705967146201,-0.9274745739175644,-0.4408822145023395
20.0,171.0,1000.9432373046876,0.824493352894084,0.1717593457825232,-2.3768181920100586,-0.0231454770857545,0.5188578186747616,-0.571934593955575,0.1201970601601191,-0.6215705967146201,-0.9274745739175644,-0.4408822121816843
20.0,171.0,1000.9432373046876,0.8244933528941873,0.1717593457825232,-2.376818166038288,-0.0231454652598426,0.5188549899109364,-0.571934593955556,0.1201970601601191,-0.6215705967146201,-0.9274745739175644,-0.4408826228163027
20.0,171.0,1000.9432373046876,0.8244933528941873,0.1717593457825232,-2.376818166038288,-0.0231454774621978,0.5188549899109364,-0.5719345939555734,0.1201970601601191,-0.6215705967146201,-0.9274745739175644,-0.4408826026868362
20.0,171.0,1000.9432373046876,0.824493352894084,0.1717593457825232,-2.3768181931737407,-0.0231454770914799,0.5188578186747616,-0.571934593955575,0.1201970601601191,-0.6215705967146201,-0.9274745739175644,-0.4408822121816843
20.0,171.0,1000.9432373046876,0.824493352894084,0.1717593457825232,-2.3768181931737407,-0.0231454770907681,0.5188578186747616,-0.571934593955575,0.1201970601601191,-0.6215705967146201,-0.9274745739175644,-0.4408822138326776
20.0,171.0,1000.9432373046876,0.8244933528940895,0.1717593457825232,-2.37681816374902,-0.0231454769487913,0.5188578186747616,-0.5719345939555747,0.1201970601601191,-0.6215705967146201,-0.9274745739175644,-0.4408822121816843
20.0,171.0,1000.9432373046876,0.824493352894084,0.1717593457825232,-2.3768181931737407,-0.0231454770914799,0.5188578186747616,-0.571934593955575,0.1201970601601191,-0.6215705967146201,-0.9274745739175644,-0.4408822121816843
20.0,171.0,1000.9432373046876,0.8244933528941846,0.1717593457825232,-2.3768181931737407,-0.0231454773413916,0.5188578186747616,-0.571934593955575,0.1201970601601191,-0.6215705967146201,-0.9274745739175644,-0.4408822121816843
20.0,171.0,1000.9432373046876,0.8244933528940794,0.1717593457825232,-2.3768181931737407,-0.0231454769495031,0.5188578186747616,-0.571934593955575,0.1201970601601191,-0.6215705967146201,-0.9274745739175644,-0.4408822121816843
20.0,171.0,1000.9432373046876,0.8244933528941873,0.1717593457825232,-2.376818193819988,-0.0231454767152466,0.518857746656337,-0.571934593955556,0.1201970601601191,-0.6215705967146201,-0.9274745739175644,-0.4408822444018306
20.0,171.0,1000.9432373046876,0.8244933528941846,0.1717593457825232,-2.3768181931737407,-0.0231454773413916,0.5188578127219803,-0.571934593955575,0.1201970601601191,-0.6215705967146201,-0.9274745739175644,-0.4408822121816843
20.0,171.0,1000.9432373046876,0.8244933528941739,0.1717593457825232,-2.376818195578807,-0.0231454767222202,0.5188578186747616,-0.571934593955575,0.1201970601601191,-0.6215705967146201,-0.9274745739175644,-0.4408822063575652
20.0,171.0,1000.9432373046876,0.8244933528940794,0.1717593457825232,-2.3768181931737407,-0.0231454769495031,0.5188578186747616,-0.571934593955575,0.1201970601601191,-0.6215705967146201,-0.9274745739175644,-0.4408822121816843
20.0,171.0,1000.9432373046876,0.8244933528940794,0.1717593457825232,-2.3768181931737407,-0.0231454769487913,0.5188578186747616,-0.571934593955575,0.1201970601601191,-0.6215705967146201,-0.9274745739175644,-0.4408822121816843
20.0,171.0,1000.9432373046876,0.8244933528940853,0.1717593457825232,-2.37681816374902,-0.0231454778347824,0.5188546184138192,-0.5719345939555747,0.1201970601601191,-0.6215705967146201,-0.9274745739175644,-0.440882600856085
20.0,171.0,1000.9432373046876,0.8244933528940794,0.1717593457825232,-2.376818165392041,-0.0231454654933873,0.5188550619293609,-0.571934593955575,0.1201970601601191,-0.6215705967146201,-0.9274745739175644,-0.4408825905961564
20.0,171.0,1000.9432373046876,0.824493352894084,0.1717593457825232,-2.3768181931737407,-0.0231454658180361,0.5188492847891056,-0.571934593955575,0.1201970601601191,-0.6215705967146201,-0.9274745739175644,-0.4408818569325445
20.0,171.0,1000.9432373046876,0.8244933528941873,0.1717593457825232,-2.3768181716375043,-0.0231454770914799,0.5188578186747616,-0.571934593955575,0.1201970601601191,-0.6215705967146201,-0.9274745739175644,-0.4408822312686979
20.0,171.0,1000.9432373046876,0.824493352894084,0.1717593457825232,-2.3768181931737407,-0.0231454770914799,0.5188578186747616,-0.571934593955575,0.1201970601601191,-0.6215705967146201,-0.9274745739175644,-0.4408822121816843
20.0,171.0,1000.9432373046876,0.8244933528941853,0.1717593457825232,-2.376818171443306,-0.0231454770955707,0.5188578186747616,-0.571934593955575,0.1201970601601191,-0.6215705967146201,-0.9274745739175644,-0.4408822116081401
20.0,171.0,1000.9432373046876,0.8244933528940844,0.1717593457825232,-2.3768181931737407,-0.0231454773413916,0.5188578186747616,-0.571934593955575,0.1201970601601191,-0.6215705967146201,-0.9274745739175644,-0.4408822121816843
20.0,171.0,1000.9432373046876,0.8244933528941873,0.1717593457825232,-2.376818166038288,-0.0231454774621978,0.5188549899109364,-0.5719345939555734,0.1201970601601191,-0.6215705967146201,-0.9274745739175644,-0.4408826026868362
20.0,171.0,1000.9432373046876,0.8244933528941917,0.1717593457825232,-2.376818166038288,-0.0231454643738514,0.5188581901718787,-0.571934593955556,0.1201970601601191,-0.6215705967146201,-0.9274745739175644,-0.440882234141902
20.0,171.0,1000.9432373046876,0.8244933528941846,0.1717593457825232,-2.3768181931737407,-0.0231454773413916,0.518857812890982,-0.571934593955575,0.1201970601601191,-0.6215705967146201,-0.9274745739175644,-0.4408822121816843
20.0,171.0,1000.9432373046876,0.824493352894087,0.1717593457825232,-2.3768181934489463,-0.0231454774605585,0.5188581458690521,-0.571934593955575,0.1201970601601191,-0.6215705967146201,-0.9274745739175644,-0.4408822121816843
20.0,171.0,1000.9432373046876,0.8244933528940794,0.1717593457825232,-2.376818165392041,-0.0231454774125806,0.5188550619293609,-0.571934593955575,0.1201970601601191,-0.6215705967146201,-0.9274745739175644,-0.4408822110497736
20.0,171.0,1000.9432373046876,0.8244933528941853,0.1717593457825232,-2.376818171419115,-0.0231454774548386,0.5188548181131262,-0.571934593955575,0.1201970601601191,-0.6215705967146201,-0.9274745739175644,-0.4408826062061954
20.0,171.0,1000.9432373046876,0.8244933528941873,0.1717593457825232,-2.37681817107884,-0.0231454770914799,0.5188578186747616,-0.571934593955575,0.1201970601601191,-0.6215705967146201,-0.9274745739175644,-0.4408822312686979
20.0,171.0,1000.9432373046876,0.8244933528941917,0.1717593457825232,-2.376818166371673,-0.0231454643738514,0.5188578170754249,-0.5719345939555553,0.1201970601601191,-0.6215705967146201,-0.9274745739175644,-0.440882234141902
20.0,171.0,1000.9432373046876,0.824493352894084,0.1717593457825232,-2.3768181931737407,-0.0231454770914799,0.5188578186747616,-0.571934593955575,0.1201970601601191,-0.6215705967146201,-0.9274745739175644,-0.4408822121816843
20.0,171.0,1000.9432373046876,0.8244933528941853,0.1717593457825232,-2.376818171443306,-0.0231454770955707,0.5188578424111012,-0.5719345939555752,0.1201970601601191,-0.6215705967146201,-0.9274745739175644,-0.4408822116081401
20.0,171.0,1000.9432373046876,0.8244933528941873,0.1717593457825232,-2.376818193819988,-0.0231454767152466,0.518857746656337,-0.571934593955556,0.1201970601601191,-0.6215705967146201,-0.9274745739175644,-0.4408822444018306
20.0,171.0,1000.9432373046876,0.8244933528940892,0.1717593457825232,-2.376818166157814,-0.0231454769487913,0.5188548748987581,-0.5719345939555747,0.1201970601601191,-0.6215705967146201,-0.9274745739175644,-0.440882622649795
20.0,171.0,1000.9432373046876,0.8244933528941846,0.1717593457825232,-2.3768181931737407,-0.0231454773413916,0.51885781850576,-0.571934593955575,0.1201970601601191,-0.6215705967146201,-0.9274745739175644,-0.4408822121816843
20.0,171.0,1000.9432373046876,0.8244933528941842,0.1717593457825232,-2.376818165763083,-0.0231454770931193,0.5188546627166458,-0.5719345939555734,0.1201970601601191,-0.6215705967146201,-0.9274745739175644,-0.4408826026868362
20.0,171.0,1000.9432373046876,0.8244933528940827,0.1717593457825232,-2.3768181661483,-0.0231454652598426,0.5188549899109364,-0.571934593955575,0.1201970601601191,-0.6215705967146201,-0.9274745739175644,-0.4408826341076294
20.0,171.0,1000.9432373046876,0.8244933528941739,0.1717593457825232,-2.376818195578807,-0.0231454648030269,0.5188578186747616,-0.571934593955575,0.1201970601601191,-0.6215705967146201,-0.9274745739175644,-0.440882585903948
20.0,171.0,1000.9432373046876,0.8244933528941821,0.1717593457825232,-2.3768181931737407,-0.0231454649681668,0.5188578407499954,-0.571934593955575,0.1201970601601191,-0.6215705967146201,-0.9274745739175644,-0.4408822121816843
20.0,172.0,1000.9432373046876,0.824493352894084,0.1717593457825232,-2.3768181931737407,-0.0231454770914799,0.5188578186747616,-0.571934593955575,0.1201970601601191,-0.6215705967146201,-0.9274745739175644,-0.4408822121816843
20.0,172.0,1000.9432373046876,0.824493352894084,0.1717593457825232,-2.3768181931737407,-0.0231454770914799,0.5188578186747616,-0.571934593955575,0.1201970601601191,-0.6215705967146201,-0.9274745739175644,-0.4408822121816843
20.0,172.0,1000.9432373046876,0.8244933528941846,0.1717593457825232,-2.3768181931737407,-0.0231454773413916,0.5188578186747616,-0.571934593955575,0.1201970601601191,-0.6215705967146201,-0.9274745739175644,-0.4408822121816843
20.0,172.0,1000.9432373046876,0.8244933528940794,0.1717593457825232,-2.3768181931737407,-0.0231454769487913,0.5188578186747616,-0.571934593955575,0.1201970601601191,-0.6215705967146201,-0.9274745739175644,-0.4408822121816843
20.0,172.0,1000.9432373046876,0.8244933528941853,0.1717593457825232,-2.376818171443306,-0.0231454770955707,0.5188578186747616,-0.571934593955575,0.1201970601601191,-0.6215705967146201,-0.9274745739175644,-0.4408822116081401
20.0,172.0,1000.9432373046876,0.824493352894084,0.1717593457825232,-2.3768181931737407,-0.0231454770914799,0.5188578186747616,-0.571934593955575,0.1201970601601191,-0.6215705967146201,-0.9274745739175644,-0.4408822121816843
20.0,172.0,1000.9432373046876,0.8244933528941873,0.1717593457825232,-2.376818166038288,-0.0231454652598426,0.5188549899109364,-0.571934593955556,0.1201970601601191,-0.6215705967146201,-0.9274745739175644,-0.4408826228163027
20.0,172.0,1000.9432373046876,0.8244933528941882,0.1717593457825232,-2.376818171466023,-0.0231454770955707,0.5188578186747616,-0.571934593955575,0.1201970601601191,-0.6215705967146201,-0.9274745739175644,-0.4408822145023395
20.0,172.0,1000.9432373046876,0.8244933528940844,0.1717593457825232,-2.3768181931737407,-0.0231454773413916,0.5188578186747616,-0.571934593955575,0.1201970601601191,-0.6215705967146201,-0.9274745739175644,-0.4408822121816843
20.0,172.0,1000.9432373046876,0.824493352894084,0.1717593457825232,-2.3768181931737407,-0.0231454770914799,0.5188578186747616,-0.571934593955575,0.1201970601601191,-0.6215705967146201,-0.9274745739175644,-0.4408822121816843
20.0,172.0,1000.9432373046876,0.824493352894084,0.1717593457825232,-2.3768181931737407,-0.0231454770914799,0.5188578186747616,-0.571934593955575,0.1201970601601191,-0.6215705967146201,-0.9274745739175644,-0.4408822138326776
20.0,172.0,1000.9432373046876,0.8244933528941882,0.1717593457825232,-2.3768181714892185,-0.0231454770955707,0.5188578186747616,-0.571934593955575,0.1201970601601191,-0.6215705967146201,-0.9274745739175644,-0.4408822145023395
20.0,172.0,1000.9432373046876,0.824493352894084,0.1717593457825232,-2.3768181920100586,-0.0231454770857545,0.5188578186747616,-0.571934593955575,0.1201970601601191,-0.6215705967146201,-0.9274745739175644,-0.4408822121816843
20.0,172.0,1000.9432373046876,0.8244933528941873,0.1717593457825232,-2.376818166038288,-0.0231454652598426,0.5188549899109364,-0.571934593955556,0.1201970601601191,-0.6215705967146201,-0.9274745739175644,-0.4408826228163027
20.0,172.0,1000.9432373046876,0.8244933528941873,0.1717593457825232,-2.376818166038288,-0.0231454774621978,0.5188549899109364,-0.5719345939555734,0.1201970601601191,-0.6215705967146201,-0.9274745739175644,-0.4408826026868362
20.0,172.0,1000.9432373046876,0.824493352894084,0.1717593457825232,-2.3768181931737407,-0.0231454770914799,0.5188578186747616,-0.571934593955575,0.1201970601601191,-0.6215705967146201,-0.9274745739175644,-0.4408822121816843
20.0,172.0,1000.9432373046876,0.824493352894084,0.1717593457825232,-2.3768181931737407,-0.0231454770907681,0.5188578186747616,-0.571934593955575,0.1201970601601191,-0.6215705967146201,-0.9274745739175644,-0.4408822138326776
20.0,172.0,1000.9432373046876,0.8244933528940895,0.1717593457825232,-2.37681816374902,-0.0231454769487913,0.5188578186747616,-0.5719345939555747,0.1201970601601191,-0.6215705967146201,-0.9274745739175644,-0.4408822121816843
20.0,172.0,1000.9432373046876,0.824493352894084,0.1717593457825232,-2.3768181931737407,-0.0231454770914799,0.5188578186747616,-0.571934593955575,0.1201970601601191,-0.6215705967146201,-0.9274745739175644,-0.4408822121816843
20.0,172.0,1000.9432373046876,0.8244933528941846,0.1717593457825232,-2.3768181931737407,-0.0231454773413916,0.5188578186747616,-0.571934593955575,0.1201970601601191,-0.6215705967146201,-0.9274745739175644,-0.4408822121816843
20.0,172.0,1000.9432373046876,0.8244933528940794,0.1717593457825232,-2.3768181931737407,-0.0231454769495031,0.5188578186747616,-0.571934593955575,0.1201970601601191,-0.6215705967146201,-0.9274745739175644,-0.4408822121816843
20.0,172.0,1000.9432373046876,0.8244933528941873,0.1717593457825232,-2.376818193819988,-0.0231454767152466,0.518857746656337,-0.571934593955556,0.1201970601601191,-0.6215705967146201,-0.9274745739175644,-0.4408822444018306
20.0,172.0,1000.9432373046876,0.8244933528941846,0.1717593457825232,-2.3768181931737407,-0.0231454773413916,0.5188578127219803,-0.571934593955575,0.1201970601601191,-0.6215705967146201,-0.9274745739175644,-0.4408822121816843
20.0,172.0,1000.9432373046876,0.8244933528941739,0.1717593457825232,-2.376818195578807,-0.0231454767222202,0.5188578186747616,-0.571934593955575,0.1201970601601191,-0.6215705967146201,-0.9274745739175644,-0.4408822063575652
20.0,172.0,1000.9432373046876,0.8244933528940794,0.1717593457825232,-2.3768181931737407,-0.0231454769495031,0.5188578186747616,-0.571934593955575,0.1201970601601191,-0.6215705967146201,-0.9274745739175644,-0.4408822121816843
20.0,172.0,1000.9432373046876,0.8244933528940794,0.1717593457825232,-2.3768181931737407,-0.0231454769487913,0.5188578186747616,-0.571934593955575,0.1201970601601191,-0.6215705967146201,-0.9274745739175644,-0.4408822121816843
20.0,172.0,1000.9432373046876,0.8244933528940853,0.1717593457825232,-2.37681816374902,-0.0231454778347824,0.5188546184138192,-0.5719345939555747,0.1201970601601191,-0.6215705967146201,-0.9274745739175644,-0.440882600856085
20.0,172.0,1000.9432373046876,0.8244933528940794,0.1717593457825232,-2.376818165392041,-0.0231454654933873,0.5188550619293609,-0.571934593955575,0.1201970601601191,-0.6215705967146201,-0.9274745739175644,-0.4408825905961564
20.0,172.0,1000.9432373046876,0.824493352894084,0.1717593457825232,-2.3768181931737407,-0.0231454658180361,0.5188492847891056,-0.571934593955575,0.1201970601601191,-0.6215705967146201,-0.9274745739175644,-0.4408818569325445
20.0,172.0,1000.9432373046876,0.8244933528941873,0.1717593457825232,-2.3768181716375043,-0.0231454770914799,0.5188578186747616,-0.571934593955575,0.1201970601601191,-0.6215705967146201,-0.9274745739175644,-0.4408822312686979
20.0,172.0,1000.9432373046876,0.824493352894084,0.1717593457825232,-2.3768181931737407,-0.0231454770914799,0.5188578186747616,-0.571934593955575,0.1201970601601191,-0.6215705967146201,-0.9274745739175644,-0.4408822121816843
20.0,172.0,1000.9432373046876,0.8244933528941853,0.1717593457825232,-2.376818171443306,-0.0231454770955707,0.5188578186747616,-0.571934593955575,0.1201970601601191,-0.6215705967146201,-0.9274745739175644,-0.4408822116081401
20.0,172.0,1000.9432373046876,0.8244933528940844,0.1717593457825232,-2.3768181931737407,-0.0231454773413916,0.5188578186747616,-0.571934593955575,0.1201970601601191,-0.6215705967146201,-0.9274745739175644,-0.4408822121816843
20.0,172.0,1000.9432373046876,0.8244933528941873,0.1717593457825232,-2.376818166038288,-0.0231454774621978,0.5188549899109364,-0.5719345939555734,0.1201970601601191,-0.6215705967146201,-0.9274745739175644,-0.4408826026868362
20.0,172.0,1000.9432373046876,0.8244933528941917,0.1717593457825232,-2.376818166038288,-0.0231454643738514,0.5188581901718787,-0.571934593955556,0.1201970601601191,-0.6215705967146201,-0.9274745739175644,-0.440882234141902
20.0,172.0,1000.9432373046876,0.8244933528941846,0.1717593457825232,-2.3768181931737407,-0.0231454773413916,0.518857812890982,-0.571934593955575,0.1201970601601191,-0.6215705967146201,-0.9274745739175644,-0.4408822121816843
20.0,172.0,1000.9432373046876,0.824493352894087,0.1717593457825232,-2.3768181934489463,-0.0231454774605585,0.5188581458690521,-0.571934593955575,0.1201970601601191,-0.6215705967146201,-0.9274745739175644,-0.4408822121816843
20.0,172.0,1000.9432373046876,0.8244933528940794,0.1717593457825232,-2.376818165392041,-0.0231454774125806,0.5188550619293609,-0.571934593955575,0.1201970601601191,-0.6215705967146201,-0.9274745739175644,-0.4408822110497736
20.0,172.0,1000.9432373046876,0.8244933528941853,0.1717593457825232,-2.376818171419115,-0.0231454774548386,0.5188548181131262,-0.571934593955575,0.1201970601601191,-0.6215705967146201,-0.9274745739175644,-0.4408826062061954
20.0,172.0,1000.9432373046876,0.8244933528941873,0.1717593457825232,-2.37681817107884,-0.0231454770914799,0.5188578186747616,-0.571934593955575,0.1201970601601191,-0.6215705967146201,-0.9274745739175644,-0.4408822312686979
20.0,172.0,1000.9432373046876,0.8244933528941917,0.1717593457825232,-2.376818166371673,-0.0231454643738514,0.5188578170754249,-0.5719345939555553,0.1201970601601191,-0.6215705967146201,-0.9274745739175644,-0.440882234141902
20.0,172.0,1000.9432373046876,0.824493352894084,0.1717593457825232,-2.3768181931737407,-0.0231454770914799,0.5188578186747616,-0.571934593955575,0.1201970601601191,-0.6215705967146201,-0.9274745739175644,-0.4408822121816843
20.0,172.0,1000.9432373046876,0.8244933528941853,0.1717593457825232,-2.376818171443306,-0.0231454770955707,0.5188578424111012,-0.5719345939555752,0.1201970601601191,-0.6215705967146201,-0.9274745739175644,-0.4408822116081401
20.0,172.0,1000.9432373046876,0.8244933528941873,0.1717593457825232,-2.376818193819988,-0.0231454767152466,0.518857746656337,-0.571934593955556,0.1201970601601191,-0.6215705967146201,-0.9274745739175644,-0.4408822444018306
20.0,172.0,1000.9432373046876,0.8244933528940892,0.1717593457825232,-2.376818166157814,-0.0231454769487913,0.5188548748987581,-0.5719345939555747,0.1201970601601191,-0.6215705967146201,-0.9274745739175644,-0.440882622649795
20.0,172.0,1000.9432373046876,0.8244933528941846,0.1717593457825232,-2.3768181931737407,-0.0231454773413916,0.51885781850576,-0.571934593955575,0.1201970601601191,-0.6215705967146201,-0.9274745739175644,-0.4408822121816843
20.0,172.0,1000.9432373046876,0.8244933528941842,0.1717593457825232,-2.376818165763083,-0.0231454770931193,0.5188546627166458,-0.5719345939555734,0.1201970601601191,-0.6215705967146201,-0.9274745739175644,-0.4408826026868362
20.0,172.0,1000.9432373046876,0.8244933528940827,0.1717593457825232,-2.3768181661483,-0.0231454652598426,0.5188549899109364,-0.571934593955575,0.1201970601601191,-0.6215705967146201,-0.9274745739175644,-0.4408826341076294
20.0,172.0,1000.9432373046876,0.8244933528941739,0.1717593457825232,-2.376818195578807,-0.0231454648030269,0.5188578186747616,-0.571934593955575,0.1201970601601191,-0.6215705967146201,-0.9274745739175644,-0.440882585903948
20.0,172.0,1000.9432373046876,0.8244933528941821,0.1717593457825232,-2.3768181931737407,-0.0231454649681668,0.5188578407499954,-0.571934593955575,0.1201970601601191,-0.6215705967146201,-0.9274745739175644,-0.4408822121816843
20.0,173.0,1000.9432373046876,0.824493352894084,0.1717593457825232,-2.3768181931737407,-0.0231454770914799,0.5188578186747616,-0.571934593955575,0.1201970601601191,-0.6215705967146201,-0.9274745739175644,-0.4408822121816843
20.0,173.0,1000.9432373046876,0.824493352894084,0.1717593457825232,-2.3768181931737407,-0.0231454770914799,0.5188578186747616,-0.571934593955575,0.1201970601601191,-0.6215705967146201,-0.9274745739175644,-0.4408822121816843
20.0,173.0,1000.9432373046876,0.8244933528941846,0.1717593457825232,-2.3768181931737407,-0.0231454773413916,0.5188578186747616,-0.571934593955575,0.1201970601601191,-0.6215705967146201,-0.9274745739175644,-0.4408822121816843
20.0,173.0,1000.9432373046876,0.8244933528940794,0.1717593457825232,-2.3768181931737407,-0.0231454769487913,0.5188578186747616,-0.571934593955575,0.1201970601601191,-0.6215705967146201,-0.9274745739175644,-0.4408822121816843
20.0,173.0,1000.9432373046876,0.8244933528941853,0.1717593457825232,-2.376818171443306,-0.0231454770955707,0.5188578186747616,-0.571934593955575,0.1201970601601191,-0.6215705967146201,-0.9274745739175644,-0.4408822116081401
20.0,173.0,1000.9432373046876,0.824493352894084,0.1717593457825232,-2.3768181931737407,-0.0231454770914799,0.5188578186747616,-0.571934593955575,0.1201970601601191,-0.6215705967146201,-0.9274745739175644,-0.4408822121816843
20.0,173.0,1000.9432373046876,0.8244933528941873,0.1717593457825232,-2.376818166038288,-0.0231454652598426,0.5188549899109364,-0.571934593955556,0.1201970601601191,-0.6215705967146201,-0.9274745739175644,-0.4408826228163027
20.0,173.0,1000.9432373046876,0.8244933528941882,0.1717593457825232,-2.376818171466023,-0.0231454770955707,0.5188578186747616,-0.571934593955575,0.1201970601601191,-0.6215705967146201,-0.9274745739175644,-0.4408822145023395
20.0,173.0,1000.9432373046876,0.8244933528940844,0.1717593457825232,-2.3768181931737407,-0.0231454773413916,0.5188578186747616,-0.571934593955575,0.1201970601601191,-0.6215705967146201,-0.9274745739175644,-0.4408822121816843
20.0,173.0,1000.9432373046876,0.824493352894084,0.1717593457825232,-2.3768181931737407,-0.0231454770914799,0.5188578186747616,-0.571934593955575,0.1201970601601191,-0.6215705967146201,-0.9274745739175644,-0.4408822121816843
20.0,173.0,1000.9432373046876,0.824493352894084,0.1717593457825232,-2.3768181931737407,-0.0231454770914799,0.5188578186747616,-0.571934593955575,0.1201970601601191,-0.6215705967146201,-0.9274745739175644,-0.4408822138326776
20.0,173.0,1000.9432373046876,0.8244933528941882,0.1717593457825232,-2.3768181714892185,-0.0231454770955707,0.5188578186747616,-0.571934593955575,0.1201970601601191,-0.6215705967146201,-0.9274745739175644,-0.4408822145023395
20.0,173.0,1000.9432373046876,0.824493352894084,0.1717593457825232,-2.3768181920100586,-0.0231454770857545,0.5188578186747616,-0.571934593955575,0.1201970601601191,-0.6215705967146201,-0.9274745739175644,-0.4408822121816843
20.0,173.0,1000.9432373046876,0.8244933528941873,0.1717593457825232,-2.376818166038288,-0.0231454652598426,0.5188549899109364,-0.571934593955556,0.1201970601601191,-0.6215705967146201,-0.9274745739175644,-0.4408826228163027
20.0,173.0,1000.9432373046876,0.8244933528941873,0.1717593457825232,-2.376818166038288,-0.0231454774621978,0.5188549899109364,-0.5719345939555734,0.1201970601601191,-0.6215705967146201,-0.9274745739175644,-0.4408826026868362
20.0,173.0,1000.9432373046876,0.824493352894084,0.1717593457825232,-2.3768181931737407,-0.0231454770914799,0.5188578186747616,-0.571934593955575,0.1201970601601191,-0.6215705967146201,-0.9274745739175644,-0.4408822121816843
20.0,173.0,1000.9432373046876,0.824493352894084,0.1717593457825232,-2.3768181931737407,-0.0231454770907681,0.5188578186747616,-0.571934593955575,0.1201970601601191,-0.6215705967146201,-0.9274745739175644,-0.4408822138326776
20.0,173.0,1000.9432373046876,0.8244933528940895,0.1717593457825232,-2.37681816374902,-0.0231454769487913,0.5188578186747616,-0.5719345939555747,0.1201970601601191,-0.6215705967146201,-0.9274745739175644,-0.4408822121816843
20.0,173.0,1000.9432373046876,0.824493352894084,0.1717593457825232,-2.3768181931737407,-0.0231454770914799,0.5188578186747616,-0.571934593955575,0.1201970601601191,-0.6215705967146201,-0.9274745739175644,-0.4408822121816843
20.0,173.0,1000.9432373046876,0.8244933528941846,0.1717593457825232,-2.3768181931737407,-0.0231454773413916,0.5188578186747616,-0.571934593955575,0.1201970601601191,-0.6215705967146201,-0.9274745739175644,-0.4408822121816843
20.0,173.0,1000.9432373046876,0.8244933528940794,0.1717593457825232,-2.3768181931737407,-0.0231454769495031,0.5188578186747616,-0.571934593955575,0.1201970601601191,-0.6215705967146201,-0.9274745739175644,-0.4408822121816843
20.0,173.0,1000.9432373046876,0.8244933528941873,0.1717593457825232,-2.376818193819988,-0.0231454767152466,0.518857746656337,-0.571934593955556,0.1201970601601191,-0.6215705967146201,-0.9274745739175644,-0.4408822444018306
20.0,173.0,1000.9432373046876,0.8244933528941846,0.1717593457825232,-2.3768181931737407,-0.0231454773413916,0.5188578127219803,-0.571934593955575,0.1201970601601191,-0.6215705967146201,-0.9274745739175644,-0.4408822121816843
20.0,173.0,1000.9432373046876,0.8244933528941739,0.1717593457825232,-2.376818195578807,-0.0231454767222202,0.5188578186747616,-0.571934593955575,0.1201970601601191,-0.6215705967146201,-0.9274745739175644,-0.4408822063575652
20.0,173.0,1000.9432373046876,0.8244933528940794,0.1717593457825232,-2.3768181931737407,-0.0231454769495031,0.5188578186747616,-0.571934593955575,0.1201970601601191,-0.6215705967146201,-0.9274745739175644,-0.4408822121816843
20.0,173.0,1000.9432373046876,0.8244933528940794,0.1717593457825232,-2.3768181931737407,-0.0231454769487913,0.5188578186747616,-0.571934593955575,0.1201970601601191,-0.6215705967146201,-0.9274745739175644,-0.4408822121816843
20.0,173.0,1000.9432373046876,0.8244933528940853,0.1717593457825232,-2.37681816374902,-0.0231454778347824,0.5188546184138192,-0.5719345939555747,0.1201970601601191,-0.6215705967146201,-0.9274745739175644,-0.440882600856085
20.0,173.0,1000.9432373046876,0.8244933528940794,0.1717593457825232,-2.376818165392041,-0.0231454654933873,0.5188550619293609,-0.571934593955575,0.1201970601601191,-0.6215705967146201,-0.9274745739175644,-0.4408825905961564
20.0,173.0,1000.9432373046876,0.824493352894084,0.1717593457825232,-2.3768181931737407,-0.0231454658180361,0.5188492847891056,-0.571934593955575,0.1201970601601191,-0.6215705967146201,-0.9274745739175644,-0.4408818569325445
20.0,173.0,1000.9432373046876,0.8244933528941873,0.1717593457825232,-2.3768181716375043,-0.0231454770914799,0.5188578186747616,-0.571934593955575,0.1201970601601191,-0.6215705967146201,-0.9274745739175644,-0.4408822312686979
20.0,173.0,1000.9432373046876,0.824493352894084,0.1717593457825232,-2.3768181931737407,-0.0231454770914799,0.5188578186747616,-0.571934593955575,0.1201970601601191,-0.6215705967146201,-0.9274745739175644,-0.4408822121816843
20.0,173.0,1000.9432373046876,0.8244933528941853,0.1717593457825232,-2.376818171443306,-0.0231454770955707,0.5188578186747616,-0.571934593955575,0.1201970601601191,-0.6215705967146201,-0.9274745739175644,-0.4408822116081401
20.0,173.0,1000.9432373046876,0.8244933528940844,0.1717593457825232,-2.3768181931737407,-0.0231454773413916,0.5188578186747616,-0.571934593955575,0.1201970601601191,-0.6215705967146201,-0.9274745739175644,-0.4408822121816843
20.0,173.0,1000.9432373046876,0.8244933528941873,0.1717593457825232,-2.376818166038288,-0.0231454774621978,0.5188549899109364,-0.5719345939555734,0.1201970601601191,-0.6215705967146201,-0.9274745739175644,-0.4408826026868362
20.0,173.0,1000.9432373046876,0.8244933528941917,0.1717593457825232,-2.376818166038288,-0.0231454643738514,0.5188581901718787,-0.571934593955556,0.1201970601601191,-0.6215705967146201,-0.9274745739175644,-0.440882234141902
20.0,173.0,1000.9432373046876,0.8244933528941846,0.1717593457825232,-2.3768181931737407,-0.0231454773413916,0.518857812890982,-0.571934593955575,0.1201970601601191,-0.6215705967146201,-0.9274745739175644,-0.4408822121816843
20.0,173.0,1000.9432373046876,0.824493352894087,0.1717593457825232,-2.3768181934489463,-0.0231454774605585,0.5188581458690521,-0.571934593955575,0.1201970601601191,-0.6215705967146201,-0.9274745739175644,-0.4408822121816843
20.0,173.0,1000.9432373046876,0.8244933528940794,0.1717593457825232,-2.376818165392041,-0.0231454774125806,0.5188550619293609,-0.571934593955575,0.1201970601601191,-0.6215705967146201,-0.9274745739175644,-0.4408822110497736
20.0,173.0,1000.9432373046876,0.8244933528941853,0.1717593457825232,-2.376818171419115,-0.0231454774548386,0.5188548181131262,-0.571934593955575,0.1201970601601191,-0.6215705967146201,-0.9274745739175644,-0.4408826062061954
20.0,173.0,1000.9432373046876,0.8244933528941873,0.1717593457825232,-2.37681817107884,-0.0231454770914799,0.5188578186747616,-0.571934593955575,0.1201970601601191,-0.6215705967146201,-0.9274745739175644,-0.4408822312686979
20.0,173.0,1000.9432373046876,0.8244933528941917,0.1717593457825232,-2.376818166371673,-0.0231454643738514,0.5188578170754249,-0.5719345939555553,0.1201970601601191,-0.6215705967146201,-0.9274745739175644,-0.440882234141902
20.0,173.0,1000.9432373046876,0.824493352894084,0.1717593457825232,-2.3768181931737407,-0.0231454770914799,0.5188578186747616,-0.571934593955575,0.1201970601601191,-0.6215705967146201,-0.9274745739175644,-0.4408822121816843
20.0,173.0,1000.9432373046876,0.8244933528941853,0.1717593457825232,-2.376818171443306,-0.0231454770955707,0.5188578424111012,-0.5719345939555752,0.1201970601601191,-0.6215705967146201,-0.9274745739175644,-0.4408822116081401
20.0,173.0,1000.9432373046876,0.8244933528941873,0.1717593457825232,-2.376818193819988,-0.0231454767152466,0.518857746656337,-0.571934593955556,0.1201970601601191,-0.6215705967146201,-0.9274745739175644,-0.4408822444018306
20.0,173.0,1000.9432373046876,0.8244933528940892,0.1717593457825232,-2.376818166157814,-0.0231454769487913,0.5188548748987581,-0.5719345939555747,0.1201970601601191,-0.6215705967146201,-0.9274745739175644,-0.440882622649795
20.0,173.0,1000.9432373046876,0.8244933528941846,0.1717593457825232,-2.3768181931737407,-0.0231454773413916,0.51885781850576,-0.571934593955575,0.1201970601601191,-0.6215705967146201,-0.9274745739175644,-0.4408822121816843
20.0,173.0,1000.9432373046876,0.8244933528941842,0.1717593457825232,-2.376818165763083,-0.0231454770931193,0.5188546627166458,-0.5719345939555734,0.1201970601601191,-0.6215705967146201,-0.9274745739175644,-0.4408826026868362
20.0,173.0,1000.9432373046876,0.8244933528940827,0.1717593457825232,-2.3768181661483,-0.0231454652598426,0.5188549899109364,-0.571934593955575,0.1201970601601191,-0.6215705967146201,-0.9274745739175644,-0.4408826341076294
20.0,173.0,1000.9432373046876,0.8244933528941739,0.1717593457825232,-2.376818195578807,-0.0231454648030269,0.5188578186747616,-0.571934593955575,0.1201970601601191,-0.6215705967146201,-0.9274745739175644,-0.440882585903948
20.0,173.0,1000.9432373046876,0.8244933528941821,0.1717593457825232,-2.3768181931737407,-0.0231454649681668,0.5188578407499954,-0.571934593955575,0.1201970601601191,-0.6215705967146201,-0.9274745739175644,-0.4408822121816843
20.0,174.0,1000.9432373046876,0.824493352894084,0.1717593457825232,-2.3768181931737407,-0.0231454770914799,0.5188578186747616,-0.571934593955575,0.1201970601601191,-0.6215705967146201,-0.9274745739175644,-0.4408822121816843
20.0,174.0,1000.9432373046876,0.824493352894084,0.1717593457825232,-2.3768181931737407,-0.0231454770914799,0.5188578186747616,-0.571934593955575,0.1201970601601191,-0.6215705967146201,-0.9274745739175644,-0.4408822121816843
20.0,174.0,1000.9432373046876,0.8244933528941846,0.1717593457825232,-2.3768181931737407,-0.0231454773413916,0.5188578186747616,-0.571934593955575,0.1201970601601191,-0.6215705967146201,-0.9274745739175644,-0.4408822121816843
20.0,174.0,1000.9432373046876,0.8244933528940794,0.1717593457825232,-2.3768181931737407,-0.0231454769487913,0.5188578186747616,-0.571934593955575,0.1201970601601191,-0.6215705967146201,-0.9274745739175644,-0.4408822121816843
20.0,174.0,1000.9432373046876,0.8244933528941853,0.1717593457825232,-2.376818171443306,-0.0231454770955707,0.5188578186747616,-0.571934593955575,0.1201970601601191,-0.6215705967146201,-0.9274745739175644,-0.4408822116081401
20.0,174.0,1000.9432373046876,0.824493352894084,0.1717593457825232,-2.3768181931737407,-0.0231454770914799,0.5188578186747616,-0.571934593955575,0.1201970601601191,-0.6215705967146201,-0.9274745739175644,-0.4408822121816843
20.0,174.0,1000.9432373046876,0.8244933528941873,0.1717593457825232,-2.376818166038288,-0.0231454652598426,0.5188549899109364,-0.571934593955556,0.1201970601601191,-0.6215705967146201,-0.9274745739175644,-0.4408826228163027
20.0,174.0,1000.9432373046876,0.8244933528941882,0.1717593457825232,-2.376818171466023,-0.0231454770955707,0.5188578186747616,-0.571934593955575,0.1201970601601191,-0.6215705967146201,-0.9274745739175644,-0.4408822145023395
20.0,174.0,1000.9432373046876,0.8244933528940844,0.1717593457825232,-2.3768181931737407,-0.0231454773413916,0.5188578186747616,-0.571934593955575,0.1201970601601191,-0.6215705967146201,-0.9274745739175644,-0.4408822121816843
20.0,174.0,1000.9432373046876,0.824493352894084,0.1717593457825232,-2.3768181931737407,-0.0231454770914799,0.5188578186747616,-0.571934593955575,0.1201970601601191,-0.6215705967146201,-0.9274745739175644,-0.4408822121816843
20.0,174.0,1000.9432373046876,0.824493352894084,0.1717593457825232,-2.3768181931737407,-0.0231454770914799,0.5188578186747616,-0.571934593955575,0.1201970601601191,-0.6215705967146201,-0.9274745739175644,-0.4408822138326776
20.0,174.0,1000.9432373046876,0.8244933528941882,0.1717593457825232,-2.3768181714892185,-0.0231454770955707,0.5188578186747616,-0.571934593955575,0.1201970601601191,-0.6215705967146201,-0.9274745739175644,-0.4408822145023395
20.0,174.0,1000.9432373046876,0.824493352894084,0.1717593457825232,-2.3768181920100586,-0.0231454770857545,0.5188578186747616,-0.571934593955575,0.1201970601601191,-0.6215705967146201,-0.9274745739175644,-0.4408822121816843
20.0,174.0,1000.9432373046876,0.8244933528941873,0.1717593457825232,-2.376818166038288,-0.0231454652598426,0.5188549899109364,-0.571934593955556,0.1201970601601191,-0.6215705967146201,-0.9274745739175644,-0.4408826228163027
20.0,174.0,1000.9432373046876,0.8244933528941873,0.1717593457825232,-2.376818166038288,-0.0231454774621978,0.5188549899109364,-0.5719345939555734,0.1201970601601191,-0.6215705967146201,-0.9274745739175644,-0.4408826026868362
20.0,174.0,1000.9432373046876,0.824493352894084,0.1717593457825232,-2.3768181931737407,-0.0231454770914799,0.5188578186747616,-0.571934593955575,0.1201970601601191,-0.6215705967146201,-0.9274745739175644,-0.4408822121816843
20.0,174.0,1000.9432373046876,0.824493352894084,0.1717593457825232,-2.3768181931737407,-0.0231454770907681,0.5188578186747616,-0.571934593955575,0.1201970601601191,-0.6215705967146201,-0.9274745739175644,-0.4408822138326776
20.0,174.0,1000.9432373046876,0.8244933528940895,0.1717593457825232,-2.37681816374902,-0.0231454769487913,0.5188578186747616,-0.5719345939555747,0.1201970601601191,-0.6215705967146201,-0.9274745739175644,-0.4408822121816843
20.0,174.0,1000.9432373046876,0.824493352894084,0.1717593457825232,-2.3768181931737407,-0.0231454770914799,0.5188578186747616,-0.571934593955575,0.1201970601601191,-0.6215705967146201,-0.9274745739175644,-0.4408822121816843
20.0,174.0,1000.9432373046876,0.8244933528941846,0.1717593457825232,-2.3768181931737407,-0.0231454773413916,0.5188578186747616,-0.571934593955575,0.1201970601601191,-0.6215705967146201,-0.9274745739175644,-0.4408822121816843
20.0,174.0,1000.9432373046876,0.8244933528940794,0.1717593457825232,-2.3768181931737407,-0.0231454769495031,0.5188578186747616,-0.571934593955575,0.1201970601601191,-0.6215705967146201,-0.9274745739175644,-0.4408822121816843
20.0,174.0,1000.9432373046876,0.8244933528941873,0.1717593457825232,-2.376818193819988,-0.0231454767152466,0.518857746656337,-0.571934593955556,0.1201970601601191,-0.6215705967146201,-0.9274745739175644,-0.4408822444018306
20.0,174.0,1000.9432373046876,0.8244933528941846,0.1717593457825232,-2.3768181931737407,-0.0231454773413916,0.5188578127219803,-0.571934593955575,0.1201970601601191,-0.6215705967146201,-0.9274745739175644,-0.4408822121816843
20.0,174.0,1000.9432373046876,0.8244933528941739,0.1717593457825232,-2.376818195578807,-0.0231454767222202,0.5188578186747616,-0.571934593955575,0.1201970601601191,-0.6215705967146201,-0.9274745739175644,-0.4408822063575652
20.0,174.0,1000.9432373046876,0.8244933528940794,0.1717593457825232,-2.3768181931737407,-0.0231454769495031,0.5188578186747616,-0.571934593955575,0.1201970601601191,-0.6215705967146201,-0.9274745739175644,-0.4408822121816843
20.0,174.0,1000.9432373046876,0.8244933528940794,0.1717593457825232,-2.3768181931737407,-0.0231454769487913,0.5188578186747616,-0.571934593955575,0.1201970601601191,-0.6215705967146201,-0.9274745739175644,-0.4408822121816843
20.0,174.0,1000.9432373046876,0.8244933528940853,0.1717593457825232,-2.37681816374902,-0.0231454778347824,0.5188546184138192,-0.5719345939555747,0.1201970601601191,-0.6215705967146201,-0.9274745739175644,-0.440882600856085
20.0,174.0,1000.9432373046876,0.8244933528940794,0.1717593457825232,-2.376818165392041,-0.0231454654933873,0.5188550619293609,-0.571934593955575,0.1201970601601191,-0.6215705967146201,-0.9274745739175644,-0.4408825905961564
20.0,174.0,1000.9432373046876,0.824493352894084,0.1717593457825232,-2.3768181931737407,-0.0231454658180361,0.5188492847891056,-0.571934593955575,0.1201970601601191,-0.6215705967146201,-0.9274745739175644,-0.4408818569325445
20.0,174.0,1000.9432373046876,0.8244933528941873,0.1717593457825232,-2.3768181716375043,-0.0231454770914799,0.5188578186747616,-0.571934593955575,0.1201970601601191,-0.6215705967146201,-0.9274745739175644,-0.4408822312686979
20.0,174.0,1000.9432373046876,0.824493352894084,0.1717593457825232,-2.3768181931737407,-0.0231454770914799,0.5188578186747616,-0.571934593955575,0.1201970601601191,-0.6215705967146201,-0.9274745739175644,-0.4408822121816843
20.0,174.0,1000.9432373046876,0.8244933528941853,0.1717593457825232,-2.376818171443306,-0.0231454770955707,0.5188578186747616,-0.571934593955575,0.1201970601601191,-0.6215705967146201,-0.9274745739175644,-0.4408822116081401
20.0,174.0,1000.9432373046876,0.8244933528940844,0.1717593457825232,-2.3768181931737407,-0.0231454773413916,0.5188578186747616,-0.571934593955575,0.1201970601601191,-0.6215705967146201,-0.9274745739175644,-0.4408822121816843
20.0,174.0,1000.9432373046876,0.8244933528941873,0.1717593457825232,-2.376818166038288,-0.0231454774621978,0.5188549899109364,-0.5719345939555734,0.1201970601601191,-0.6215705967146201,-0.9274745739175644,-0.4408826026868362
20.0,174.0,1000.9432373046876,0.8244933528941917,0.1717593457825232,-2.376818166038288,-0.0231454643738514,0.5188581901718787,-0.571934593955556,0.1201970601601191,-0.6215705967146201,-0.9274745739175644,-0.440882234141902
20.0,174.0,1000.9432373046876,0.8244933528941846,0.1717593457825232,-2.3768181931737407,-0.0231454773413916,0.518857812890982,-0.571934593955575,0.1201970601601191,-0.6215705967146201,-0.9274745739175644,-0.4408822121816843
20.0,174.0,1000.9432373046876,0.824493352894087,0.1717593457825232,-2.3768181934489463,-0.0231454774605585,0.5188581458690521,-0.571934593955575,0.1201970601601191,-0.6215705967146201,-0.9274745739175644,-0.4408822121816843
20.0,174.0,1000.9432373046876,0.8244933528940794,0.1717593457825232,-2.376818165392041,-0.0231454774125806,0.5188550619293609,-0.571934593955575,0.1201970601601191,-0.6215705967146201,-0.9274745739175644,-0.4408822110497736
20.0,174.0,1000.9432373046876,0.8244933528941853,0.1717593457825232,-2.376818171419115,-0.0231454774548386,0.5188548181131262,-0.571934593955575,0.1201970601601191,-0.6215705967146201,-0.9274745739175644,-0.4408826062061954
20.0,174.0,1000.9432373046876,0.8244933528941873,0.1717593457825232,-2.37681817107884,-0.0231454770914799,0.5188578186747616,-0.571934593955575,0.1201970601601191,-0.6215705967146201,-0.9274745739175644,-0.4408822312686979
20.0,174.0,1000.9432373046876,0.8244933528941917,0.1717593457825232,-2.376818166371673,-0.0231454643738514,0.5188578170754249,-0.5719345939555553,0.1201970601601191,-0.6215705967146201,-0.9274745739175644,-0.440882234141902
20.0,174.0,1000.9432373046876,0.824493352894084,0.1717593457825232,-2.3768181931737407,-0.0231454770914799,0.5188578186747616,-0.571934593955575,0.1201970601601191,-0.6215705967146201,-0.9274745739175644,-0.4408822121816843
20.0,174.0,1000.9432373046876,0.8244933528941853,0.1717593457825232,-2.376818171443306,-0.0231454770955707,0.5188578424111012,-0.5719345939555752,0.1201970601601191,-0.6215705967146201,-0.9274745739175644,-0.4408822116081401
20.0,174.0,1000.9432373046876,0.8244933528941873,0.1717593457825232,-2.376818193819988,-0.0231454767152466,0.518857746656337,-0.571934593955556,0.1201970601601191,-0.6215705967146201,-0.9274745739175644,-0.4408822444018306
20.0,174.0,1000.9432373046876,0.8244933528940892,0.1717593457825232,-2.376818166157814,-0.0231454769487913,0.5188548748987581,-0.5719345939555747,0.1201970601601191,-0.6215705967146201,-0.9274745739175644,-0.440882622649795
20.0,174.0,1000.9432373046876,0.8244933528941846,0.1717593457825232,-2.3768181931737407,-0.0231454773413916,0.51885781850576,-0.571934593955575,0.1201970601601191,-0.6215705967146201,-0.9274745739175644,-0.4408822121816843
20.0,174.0,1000.9432373046876,0.8244933528941842,0.1717593457825232,-2.376818165763083,-0.0231454770931193,0.5188546627166458,-0.5719345939555734,0.1201970601601191,-0.6215705967146201,-0.9274745739175644,-0.4408826026868362
20.0,174.0,1000.9432373046876,0.8244933528940827,0.1717593457825232,-2.3768181661483,-0.0231454652598426,0.5188549899109364,-0.571934593955575,0.1201970601601191,-0.6215705967146201,-0.9274745739175644,-0.4408826341076294
20.0,174.0,1000.9432373046876,0.8244933528941739,0.1717593457825232,-2.376818195578807,-0.0231454648030269,0.5188578186747616,-0.571934593955575,0.1201970601601191,-0.6215705967146201,-0.9274745739175644,-0.440882585903948
20.0,174.0,1000.9432373046876,0.8244933528941821,0.1717593457825232,-2.3768181931737407,-0.0231454649681668,0.5188578407499954,-0.571934593955575,0.1201970601601191,-0.6215705967146201,-0.9274745739175644,-0.4408822121816843
20.0,175.0,1000.9432373046876,0.824493352894084,0.1717593457825232,-2.3768181931737407,-0.0231454770914799,0.5188578186747616,-0.571934593955575,0.1201970601601191,-0.6215705967146201,-0.9274745739175644,-0.4408822121816843
20.0,175.0,1000.9432373046876,0.824493352894084,0.1717593457825232,-2.3768181931737407,-0.0231454770914799,0.5188578186747616,-0.571934593955575,0.1201970601601191,-0.6215705967146201,-0.9274745739175644,-0.4408822121816843
20.0,175.0,1000.9432373046876,0.8244933528941846,0.1717593457825232,-2.3768181931737407,-0.0231454773413916,0.5188578186747616,-0.571934593955575,0.1201970601601191,-0.6215705967146201,-0.9274745739175644,-0.4408822121816843
20.0,175.0,1000.9432373046876,0.8244933528940794,0.1717593457825232,-2.3768181931737407,-0.0231454769487913,0.5188578186747616,-0.571934593955575,0.1201970601601191,-0.6215705967146201,-0.9274745739175644,-0.4408822121816843
20.0,175.0,1000.9432373046876,0.8244933528941853,0.1717593457825232,-2.376818171443306,-0.0231454770955707,0.5188578186747616,-0.571934593955575,0.1201970601601191,-0.6215705967146201,-0.9274745739175644,-0.4408822116081401
20.0,175.0,1000.9432373046876,0.824493352894084,0.1717593457825232,-2.3768181931737407,-0.0231454770914799,0.5188578186747616,-0.571934593955575,0.1201970601601191,-0.6215705967146201,-0.9274745739175644,-0.4408822121816843
20.0,175.0,1000.9432373046876,0.8244933528941873,0.1717593457825232,-2.376818166038288,-0.0231454652598426,0.5188549899109364,-0.571934593955556,0.1201970601601191,-0.6215705967146201,-0.9274745739175644,-0.4408826228163027
20.0,175.0,1000.9432373046876,0.8244933528941882,0.1717593457825232,-2.376818171466023,-0.0231454770955707,0.5188578186747616,-0.571934593955575,0.1201970601601191,-0.6215705967146201,-0.9274745739175644,-0.4408822145023395
20.0,175.0,1000.9432373046876,0.8244933528940844,0.1717593457825232,-2.3768181931737407,-0.0231454773413916,0.5188578186747616,-0.571934593955575,0.1201970601601191,-0.6215705967146201,-0.9274745739175644,-0.4408822121816843
20.0,175.0,1000.9432373046876,0.824493352894084,0.1717593457825232,-2.3768181931737407,-0.0231454770914799,0.5188578186747616,-0.571934593955575,0.1201970601601191,-0.6215705967146201,-0.9274745739175644,-0.4408822121816843
20.0,175.0,1000.9432373046876,0.824493352894084,0.1717593457825232,-2.3768181931737407,-0.0231454770914799,0.5188578186747616,-0.571934593955575,0.1201970601601191,-0.6215705967146201,-0.9274745739175644,-0.4408822138326776
20.0,175.0,1000.9432373046876,0.8244933528941882,0.1717593457825232,-2.3768181714892185,-0.0231454770955707,0.5188578186747616,-0.571934593955575,0.1201970601601191,-0.6215705967146201,-0.9274745739175644,-0.4408822145023395
20.0,175.0,1000.9432373046876,0.824493352894084,0.1717593457825232,-2.3768181920100586,-0.0231454770857545,0.5188578186747616,-0.571934593955575,0.1201970601601191,-0.6215705967146201,-0.9274745739175644,-0.4408822121816843
20.0,175.0,1000.9432373046876,0.8244933528941873,0.1717593457825232,-2.376818166038288,-0.0231454652598426,0.5188549899109364,-0.571934593955556,0.1201970601601191,-0.6215705967146201,-0.9274745739175644,-0.4408826228163027
20.0,175.0,1000.9432373046876,0.8244933528941873,0.1717593457825232,-2.376818166038288,-0.0231454774621978,0.5188549899109364,-0.5719345939555734,0.1201970601601191,-0.6215705967146201,-0.9274745739175644,-0.4408826026868362
20.0,175.0,1000.9432373046876,0.824493352894084,0.1717593457825232,-2.3768181931737407,-0.0231454770914799,0.5188578186747616,-0.571934593955575,0.1201970601601191,-0.6215705967146201,-0.9274745739175644,-0.4408822121816843
20.0,175.0,1000.9432373046876,0.824493352894084,0.1717593457825232,-2.3768181931737407,-0.0231454770907681,0.5188578186747616,-0.571934593955575,0.1201970601601191,-0.6215705967146201,-0.9274745739175644,-0.4408822138326776
20.0,175.0,1000.9432373046876,0.8244933528940895,0.1717593457825232,-2.37681816374902,-0.0231454769487913,0.5188578186747616,-0.5719345939555747,0.1201970601601191,-0.6215705967146201,-0.9274745739175644,-0.4408822121816843
20.0,175.0,1000.9432373046876,0.824493352894084,0.1717593457825232,-2.3768181931737407,-0.0231454770914799,0.5188578186747616,-0.571934593955575,0.1201970601601191,-0.6215705967146201,-0.9274745739175644,-0.4408822121816843
20.0,175.0,1000.9432373046876,0.8244933528941846,0.1717593457825232,-2.3768181931737407,-0.0231454773413916,0.5188578186747616,-0.571934593955575,0.1201970601601191,-0.6215705967146201,-0.9274745739175644,-0.4408822121816843
20.0,175.0,1000.9432373046876,0.8244933528940794,0.1717593457825232,-2.3768181931737407,-0.0231454769495031,0.5188578186747616,-0.571934593955575,0.1201970601601191,-0.6215705967146201,-0.9274745739175644,-0.4408822121816843
20.0,175.0,1000.9432373046876,0.8244933528941873,0.1717593457825232,-2.376818193819988,-0.0231454767152466,0.518857746656337,-0.571934593955556,0.1201970601601191,-0.6215705967146201,-0.9274745739175644,-0.4408822444018306
20.0,175.0,1000.9432373046876,0.8244933528941846,0.1717593457825232,-2.3768181931737407,-0.0231454773413916,0.5188578127219803,-0.571934593955575,0.1201970601601191,-0.6215705967146201,-0.9274745739175644,-0.4408822121816843
20.0,175.0,1000.9432373046876,0.8244933528941739,0.1717593457825232,-2.376818195578807,-0.0231454767222202,0.5188578186747616,-0.571934593955575,0.1201970601601191,-0.6215705967146201,-0.9274745739175644,-0.4408822063575652
20.0,175.0,1000.9432373046876,0.8244933528940794,0.1717593457825232,-2.3768181931737407,-0.0231454769495031,0.5188578186747616,-0.571934593955575,0.1201970601601191,-0.6215705967146201,-0.9274745739175644,-0.4408822121816843
20.0,175.0,1000.9432373046876,0.8244933528940794,0.1717593457825232,-2.3768181931737407,-0.0231454769487913,0.5188578186747616,-0.571934593955575,0.1201970601601191,-0.6215705967146201,-0.9274745739175644,-0.4408822121816843
20.0,175.0,1000.9432373046876,0.8244933528940853,0.1717593457825232,-2.37681816374902,-0.0231454778347824,0.5188546184138192,-0.5719345939555747,0.1201970601601191,-0.6215705967146201,-0.9274745739175644,-0.440882600856085
20.0,175.0,1000.9432373046876,0.8244933528940794,0.1717593457825232,-2.376818165392041,-0.0231454654933873,0.5188550619293609,-0.571934593955575,0.1201970601601191,-0.6215705967146201,-0.9274745739175644,-0.4408825905961564
20.0,175.0,1000.9432373046876,0.824493352894084,0.1717593457825232,-2.3768181931737407,-0.0231454658180361,0.5188492847891056,-0.571934593955575,0.1201970601601191,-0.6215705967146201,-0.9274745739175644,-0.4408818569325445
20.0,175.0,1000.9432373046876,0.8244933528941873,0.1717593457825232,-2.3768181716375043,-0.0231454770914799,0.5188578186747616,-0.571934593955575,0.1201970601601191,-0.6215705967146201,-0.9274745739175644,-0.4408822312686979
20.0,175.0,1000.9432373046876,0.824493352894084,0.1717593457825232,-2.3768181931737407,-0.0231454770914799,0.5188578186747616,-0.571934593955575,0.1201970601601191,-0.6215705967146201,-0.9274745739175644,-0.4408822121816843
20.0,175.0,1000.9432373046876,0.8244933528941853,0.1717593457825232,-2.376818171443306,-0.0231454770955707,0.5188578186747616,-0.571934593955575,0.1201970601601191,-0.6215705967146201,-0.9274745739175644,-0.4408822116081401
20.0,175.0,1000.9432373046876,0.8244933528940844,0.1717593457825232,-2.3768181931737407,-0.0231454773413916,0.5188578186747616,-0.571934593955575,0.1201970601601191,-0.6215705967146201,-0.9274745739175644,-0.4408822121816843
20.0,175.0,1000.9432373046876,0.8244933528941873,0.1717593457825232,-2.376818166038288,-0.0231454774621978,0.5188549899109364,-0.5719345939555734,0.1201970601601191,-0.6215705967146201,-0.9274745739175644,-0.4408826026868362
20.0,175.0,1000.9432373046876,0.8244933528941917,0.1717593457825232,-2.376818166038288,-0.0231454643738514,0.5188581901718787,-0.571934593955556,0.1201970601601191,-0.6215705967146201,-0.9274745739175644,-0.440882234141902
20.0,175.0,1000.9432373046876,0.8244933528941846,0.1717593457825232,-2.3768181931737407,-0.0231454773413916,0.518857812890982,-0.571934593955575,0.1201970601601191,-0.6215705967146201,-0.9274745739175644,-0.4408822121816843
20.0,175.0,1000.9432373046876,0.824493352894087,0.1717593457825232,-2.3768181934489463,-0.0231454774605585,0.5188581458690521,-0.571934593955575,0.1201970601601191,-0.6215705967146201,-0.9274745739175644,-0.4408822121816843
20.0,175.0,1000.9432373046876,0.8244933528940794,0.1717593457825232,-2.376818165392041,-0.0231454774125806,0.5188550619293609,-0.571934593955575,0.1201970601601191,-0.6215705967146201,-0.9274745739175644,-0.4408822110497736
20.0,175.0,1000.9432373046876,0.8244933528941853,0.1717593457825232,-2.376818171419115,-0.0231454774548386,0.5188548181131262,-0.571934593955575,0.1201970601601191,-0.6215705967146201,-0.9274745739175644,-0.4408826062061954
20.0,175.0,1000.9432373046876,0.8244933528941873,0.1717593457825232,-2.37681817107884,-0.0231454770914799,0.5188578186747616,-0.571934593955575,0.1201970601601191,-0.6215705967146201,-0.9274745739175644,-0.4408822312686979
20.0,175.0,1000.9432373046876,0.8244933528941917,0.1717593457825232,-2.376818166371673,-0.0231454643738514,0.5188578170754249,-0.5719345939555553,0.1201970601601191,-0.6215705967146201,-0.9274745739175644,-0.440882234141902
20.0,175.0,1000.9432373046876,0.824493352894084,0.1717593457825232,-2.3768181931737407,-0.0231454770914799,0.5188578186747616,-0.571934593955575,0.1201970601601191,-0.6215705967146201,-0.9274745739175644,-0.4408822121816843
20.0,175.0,1000.9432373046876,0.8244933528941853,0.1717593457825232,-2.376818171443306,-0.0231454770955707,0.5188578424111012,-0.5719345939555752,0.1201970601601191,-0.6215705967146201,-0.9274745739175644,-0.4408822116081401
20.0,175.0,1000.9432373046876,0.8244933528941873,0.1717593457825232,-2.376818193819988,-0.0231454767152466,0.518857746656337,-0.571934593955556,0.1201970601601191,-0.6215705967146201,-0.9274745739175644,-0.4408822444018306
20.0,175.0,1000.9432373046876,0.8244933528940892,0.1717593457825232,-2.376818166157814,-0.0231454769487913,0.5188548748987581,-0.5719345939555747,0.1201970601601191,-0.6215705967146201,-0.9274745739175644,-0.440882622649795
20.0,175.0,1000.9432373046876,0.8244933528941846,0.1717593457825232,-2.3768181931737407,-0.0231454773413916,0.51885781850576,-0.571934593955575,0.1201970601601191,-0.6215705967146201,-0.9274745739175644,-0.4408822121816843
20.0,175.0,1000.9432373046876,0.8244933528941842,0.1717593457825232,-2.376818165763083,-0.0231454770931193,0.5188546627166458,-0.5719345939555734,0.1201970601601191,-0.6215705967146201,-0.9274745739175644,-0.4408826026868362
20.0,175.0,1000.9432373046876,0.8244933528940827,0.1717593457825232,-2.3768181661483,-0.0231454652598426,0.5188549899109364,-0.571934593955575,0.1201970601601191,-0.6215705967146201,-0.9274745739175644,-0.4408826341076294
20.0,175.0,1000.9432373046876,0.8244933528941739,0.1717593457825232,-2.376818195578807,-0.0231454648030269,0.5188578186747616,-0.571934593955575,0.1201970601601191,-0.6215705967146201,-0.9274745739175644,-0.440882585903948
20.0,175.0,1000.9432373046876,0.8244933528941821,0.1717593457825232,-2.3768181931737407,-0.0231454649681668,0.5188578407499954,-0.571934593955575,0.1201970601601191,-0.6215705967146201,-0.9274745739175644,-0.4408822121816843
20.0,176.0,1000.9432373046876,0.824493352894084,0.1717593457825232,-2.3768181931737407,-0.0231454770914799,0.5188578186747616,-0.571934593955575,0.1201970601601191,-0.6215705967146201,-0.9274745739175644,-0.4408822121816843
20.0,176.0,1000.9432373046876,0.824493352894084,0.1717593457825232,-2.3768181931737407,-0.0231454770914799,0.5188578186747616,-0.571934593955575,0.1201970601601191,-0.6215705967146201,-0.9274745739175644,-0.4408822121816843
20.0,176.0,1000.9432373046876,0.8244933528941846,0.1717593457825232,-2.3768181931737407,-0.0231454773413916,0.5188578186747616,-0.571934593955575,0.1201970601601191,-0.6215705967146201,-0.9274745739175644,-0.4408822121816843
20.0,176.0,1000.9432373046876,0.8244933528940794,0.1717593457825232,-2.3768181931737407,-0.0231454769487913,0.5188578186747616,-0.571934593955575,0.1201970601601191,-0.6215705967146201,-0.9274745739175644,-0.4408822121816843
20.0,176.0,1000.9432373046876,0.8244933528941853,0.1717593457825232,-2.376818171443306,-0.0231454770955707,0.5188578186747616,-0.571934593955575,0.1201970601601191,-0.6215705967146201,-0.9274745739175644,-0.4408822116081401
20.0,176.0,1000.9432373046876,0.824493352894084,0.1717593457825232,-2.3768181931737407,-0.0231454770914799,0.5188578186747616,-0.571934593955575,0.1201970601601191,-0.6215705967146201,-0.9274745739175644,-0.4408822121816843
20.0,176.0,1000.9432373046876,0.8244933528941873,0.1717593457825232,-2.376818166038288,-0.0231454652598426,0.5188549899109364,-0.571934593955556,0.1201970601601191,-0.6215705967146201,-0.9274745739175644,-0.4408826228163027
20.0,176.0,1000.9432373046876,0.8244933528941882,0.1717593457825232,-2.376818171466023,-0.0231454770955707,0.5188578186747616,-0.571934593955575,0.1201970601601191,-0.6215705967146201,-0.9274745739175644,-0.4408822145023395
20.0,176.0,1000.9432373046876,0.8244933528940844,0.1717593457825232,-2.3768181931737407,-0.0231454773413916,0.5188578186747616,-0.571934593955575,0.1201970601601191,-0.6215705967146201,-0.9274745739175644,-0.4408822121816843
20.0,176.0,1000.9432373046876,0.824493352894084,0.1717593457825232,-2.3768181931737407,-0.0231454770914799,0.5188578186747616,-0.571934593955575,0.1201970601601191,-0.6215705967146201,-0.9274745739175644,-0.4408822121816843
20.0,176.0,1000.9432373046876,0.824493352894084,0.1717593457825232,-2.3768181931737407,-0.0231454770914799,0.5188578186747616,-0.571934593955575,0.1201970601601191,-0.6215705967146201,-0.9274745739175644,-0.4408822138326776
20.0,176.0,1000.9432373046876,0.8244933528941882,0.1717593457825232,-2.3768181714892185,-0.0231454770955707,0.5188578186747616,-0.571934593955575,0.1201970601601191,-0.6215705967146201,-0.9274745739175644,-0.4408822145023395
20.0,176.0,1000.9432373046876,0.824493352894084,0.1717593457825232,-2.3768181920100586,-0.0231454770857545,0.5188578186747616,-0.571934593955575,0.1201970601601191,-0.6215705967146201,-0.9274745739175644,-0.4408822121816843
20.0,176.0,1000.9432373046876,0.8244933528941873,0.1717593457825232,-2.376818166038288,-0.0231454652598426,0.5188549899109364,-0.571934593955556,0.1201970601601191,-0.6215705967146201,-0.9274745739175644,-0.4408826228163027
20.0,176.0,1000.9432373046876,0.8244933528941873,0.1717593457825232,-2.376818166038288,-0.0231454774621978,0.5188549899109364,-0.5719345939555734,0.1201970601601191,-0.6215705967146201,-0.9274745739175644,-0.4408826026868362
20.0,176.0,1000.9432373046876,0.824493352894084,0.1717593457825232,-2.3768181931737407,-0.0231454770914799,0.5188578186747616,-0.571934593955575,0.1201970601601191,-0.6215705967146201,-0.9274745739175644,-0.4408822121816843
20.0,176.0,1000.9432373046876,0.824493352894084,0.1717593457825232,-2.3768181931737407,-0.0231454770907681,0.5188578186747616,-0.571934593955575,0.1201970601601191,-0.6215705967146201,-0.9274745739175644,-0.4408822138326776
20.0,176.0,1000.9432373046876,0.8244933528940895,0.1717593457825232,-2.37681816374902,-0.0231454769487913,0.5188578186747616,-0.5719345939555747,0.1201970601601191,-0.6215705967146201,-0.9274745739175644,-0.4408822121816843
20.0,176.0,1000.9432373046876,0.824493352894084,0.1717593457825232,-2.3768181931737407,-0.0231454770914799,0.5188578186747616,-0.571934593955575,0.1201970601601191,-0.6215705967146201,-0.9274745739175644,-0.4408822121816843
20.0,176.0,1000.9432373046876,0.8244933528941846,0.1717593457825232,-2.3768181931737407,-0.0231454773413916,0.5188578186747616,-0.571934593955575,0.1201970601601191,-0.6215705967146201,-0.9274745739175644,-0.4408822121816843
20.0,176.0,1000.9432373046876,0.8244933528940794,0.1717593457825232,-2.3768181931737407,-0.0231454769495031,0.5188578186747616,-0.571934593955575,0.1201970601601191,-0.6215705967146201,-0.9274745739175644,-0.4408822121816843
20.0,176.0,1000.9432373046876,0.8244933528941873,0.1717593457825232,-2.376818193819988,-0.0231454767152466,0.518857746656337,-0.571934593955556,0.1201970601601191,-0.6215705967146201,-0.9274745739175644,-0.4408822444018306
20.0,176.0,1000.9432373046876,0.8244933528941846,0.1717593457825232,-2.3768181931737407,-0.0231454773413916,0.5188578127219803,-0.571934593955575,0.1201970601601191,-0.6215705967146201,-0.9274745739175644,-0.4408822121816843
20.0,176.0,1000.9432373046876,0.8244933528941739,0.1717593457825232,-2.376818195578807,-0.0231454767222202,0.5188578186747616,-0.571934593955575,0.1201970601601191,-0.6215705967146201,-0.9274745739175644,-0.4408822063575652
20.0,176.0,1000.9432373046876,0.8244933528940794,0.1717593457825232,-2.3768181931737407,-0.0231454769495031,0.5188578186747616,-0.571934593955575,0.1201970601601191,-0.6215705967146201,-0.9274745739175644,-0.4408822121816843
20.0,176.0,1000.9432373046876,0.8244933528940794,0.1717593457825232,-2.3768181931737407,-0.0231454769487913,0.5188578186747616,-0.571934593955575,0.1201970601601191,-0.6215705967146201,-0.9274745739175644,-0.4408822121816843
20.0,176.0,1000.9432373046876,0.8244933528940853,0.1717593457825232,-2.37681816374902,-0.0231454778347824,0.5188546184138192,-0.5719345939555747,0.1201970601601191,-0.6215705967146201,-0.9274745739175644,-0.440882600856085
20.0,176.0,1000.9432373046876,0.8244933528940794,0.1717593457825232,-2.376818165392041,-0.0231454654933873,0.5188550619293609,-0.571934593955575,0.1201970601601191,-0.6215705967146201,-0.9274745739175644,-0.4408825905961564
20.0,176.0,1000.9432373046876,0.824493352894084,0.1717593457825232,-2.3768181931737407,-0.0231454658180361,0.5188492847891056,-0.571934593955575,0.1201970601601191,-0.6215705967146201,-0.9274745739175644,-0.4408818569325445
20.0,176.0,1000.9432373046876,0.8244933528941873,0.1717593457825232,-2.3768181716375043,-0.0231454770914799,0.5188578186747616,-0.571934593955575,0.1201970601601191,-0.6215705967146201,-0.9274745739175644,-0.4408822312686979
20.0,176.0,1000.9432373046876,0.824493352894084,0.1717593457825232,-2.3768181931737407,-0.0231454770914799,0.5188578186747616,-0.571934593955575,0.1201970601601191,-0.6215705967146201,-0.9274745739175644,-0.4408822121816843
20.0,176.0,1000.9432373046876,0.8244933528941853,0.1717593457825232,-2.376818171443306,-0.0231454770955707,0.5188578186747616,-0.571934593955575,0.1201970601601191,-0.6215705967146201,-0.9274745739175644,-0.4408822116081401
20.0,176.0,1000.9432373046876,0.8244933528940844,0.1717593457825232,-2.3768181931737407,-0.0231454773413916,0.5188578186747616,-0.571934593955575,0.1201970601601191,-0.6215705967146201,-0.9274745739175644,-0.4408822121816843
20.0,176.0,1000.9432373046876,0.8244933528941873,0.1717593457825232,-2.376818166038288,-0.0231454774621978,0.5188549899109364,-0.5719345939555734,0.1201970601601191,-0.6215705967146201,-0.9274745739175644,-0.4408826026868362
20.0,176.0,1000.9432373046876,0.8244933528941917,0.1717593457825232,-2.376818166038288,-0.0231454643738514,0.5188581901718787,-0.571934593955556,0.1201970601601191,-0.6215705967146201,-0.9274745739175644,-0.440882234141902
20.0,176.0,1000.9432373046876,0.8244933528941846,0.1717593457825232,-2.3768181931737407,-0.0231454773413916,0.518857812890982,-0.571934593955575,0.1201970601601191,-0.6215705967146201,-0.9274745739175644,-0.4408822121816843
20.0,176.0,1000.9432373046876,0.824493352894087,0.1717593457825232,-2.3768181934489463,-0.0231454774605585,0.5188581458690521,-0.571934593955575,0.1201970601601191,-0.6215705967146201,-0.9274745739175644,-0.4408822121816843
20.0,176.0,1000.9432373046876,0.8244933528940794,0.1717593457825232,-2.376818165392041,-0.0231454774125806,0.5188550619293609,-0.571934593955575,0.1201970601601191,-0.6215705967146201,-0.9274745739175644,-0.4408822110497736
20.0,176.0,1000.9432373046876,0.8244933528941853,0.1717593457825232,-2.376818171419115,-0.0231454774548386,0.5188548181131262,-0.571934593955575,0.1201970601601191,-0.6215705967146201,-0.9274745739175644,-0.4408826062061954
20.0,176.0,1000.9432373046876,0.8244933528941873,0.1717593457825232,-2.37681817107884,-0.0231454770914799,0.5188578186747616,-0.571934593955575,0.1201970601601191,-0.6215705967146201,-0.9274745739175644,-0.4408822312686979
20.0,176.0,1000.9432373046876,0.8244933528941917,0.1717593457825232,-2.376818166371673,-0.0231454643738514,0.5188578170754249,-0.5719345939555553,0.1201970601601191,-0.6215705967146201,-0.9274745739175644,-0.440882234141902
20.0,176.0,1000.9432373046876,0.824493352894084,0.1717593457825232,-2.3768181931737407,-0.0231454770914799,0.5188578186747616,-0.571934593955575,0.1201970601601191,-0.6215705967146201,-0.9274745739175644,-0.4408822121816843
20.0,176.0,1000.9432373046876,0.8244933528941853,0.1717593457825232,-2.376818171443306,-0.0231454770955707,0.5188578424111012,-0.5719345939555752,0.1201970601601191,-0.6215705967146201,-0.9274745739175644,-0.4408822116081401
20.0,176.0,1000.9432373046876,0.8244933528941873,0.1717593457825232,-2.376818193819988,-0.0231454767152466,0.518857746656337,-0.571934593955556,0.1201970601601191,-0.6215705967146201,-0.9274745739175644,-0.4408822444018306
20.0,176.0,1000.9432373046876,0.8244933528940892,0.1717593457825232,-2.376818166157814,-0.0231454769487913,0.5188548748987581,-0.5719345939555747,0.1201970601601191,-0.6215705967146201,-0.9274745739175644,-0.440882622649795
20.0,176.0,1000.9432373046876,0.8244933528941846,0.1717593457825232,-2.3768181931737407,-0.0231454773413916,0.51885781850576,-0.571934593955575,0.1201970601601191,-0.6215705967146201,-0.9274745739175644,-0.4408822121816843
20.0,176.0,1000.9432373046876,0.8244933528941842,0.1717593457825232,-2.376818165763083,-0.0231454770931193,0.5188546627166458,-0.5719345939555734,0.1201970601601191,-0.6215705967146201,-0.9274745739175644,-0.4408826026868362
20.0,176.0,1000.9432373046876,0.8244933528940827,0.1717593457825232,-2.3768181661483,-0.0231454652598426,0.5188549899109364,-0.571934593955575,0.1201970601601191,-0.6215705967146201,-0.9274745739175644,-0.4408826341076294
20.0,176.0,1000.9432373046876,0.8244933528941739,0.1717593457825232,-2.376818195578807,-0.0231454648030269,0.5188578186747616,-0.571934593955575,0.1201970601601191,-0.6215705967146201,-0.9274745739175644,-0.440882585903948
20.0,176.0,1000.9432373046876,0.8244933528941821,0.1717593457825232,-2.3768181931737407,-0.0231454649681668,0.5188578407499954,-0.571934593955575,0.1201970601601191,-0.6215705967146201,-0.9274745739175644,-0.4408822121816843
20.0,177.0,1000.9432373046876,0.824493352894084,0.1717593457825232,-2.3768181931737407,-0.0231454770914799,0.5188578186747616,-0.571934593955575,0.1201970601601191,-0.6215705967146201,-0.9274745739175644,-0.4408822121816843
20.0,177.0,1000.9432373046876,0.824493352894084,0.1717593457825232,-2.3768181931737407,-0.0231454770914799,0.5188578186747616,-0.571934593955575,0.1201970601601191,-0.6215705967146201,-0.9274745739175644,-0.4408822121816843
20.0,177.0,1000.9432373046876,0.8244933528941846,0.1717593457825232,-2.3768181931737407,-0.0231454773413916,0.5188578186747616,-0.571934593955575,0.1201970601601191,-0.6215705967146201,-0.9274745739175644,-0.4408822121816843
20.0,177.0,1000.9432373046876,0.8244933528940794,0.1717593457825232,-2.3768181931737407,-0.0231454769487913,0.5188578186747616,-0.571934593955575,0.1201970601601191,-0.6215705967146201,-0.9274745739175644,-0.4408822121816843
20.0,177.0,1000.9432373046876,0.8244933528941853,0.1717593457825232,-2.376818171443306,-0.0231454770955707,0.5188578186747616,-0.571934593955575,0.1201970601601191,-0.6215705967146201,-0.9274745739175644,-0.4408822116081401
20.0,177.0,1000.9432373046876,0.824493352894084,0.1717593457825232,-2.3768181931737407,-0.0231454770914799,0.5188578186747616,-0.571934593955575,0.1201970601601191,-0.6215705967146201,-0.9274745739175644,-0.4408822121816843
20.0,177.0,1000.9432373046876,0.8244933528941873,0.1717593457825232,-2.376818166038288,-0.0231454652598426,0.5188549899109364,-0.571934593955556,0.1201970601601191,-0.6215705967146201,-0.9274745739175644,-0.4408826228163027
20.0,177.0,1000.9432373046876,0.8244933528941882,0.1717593457825232,-2.376818171466023,-0.0231454770955707,0.5188578186747616,-0.571934593955575,0.1201970601601191,-0.6215705967146201,-0.9274745739175644,-0.4408822145023395
20.0,177.0,1000.9432373046876,0.8244933528940844,0.1717593457825232,-2.3768181931737407,-0.0231454773413916,0.5188578186747616,-0.571934593955575,0.1201970601601191,-0.6215705967146201,-0.9274745739175644,-0.4408822121816843
20.0,177.0,1000.9432373046876,0.824493352894084,0.1717593457825232,-2.3768181931737407,-0.0231454770914799,0.5188578186747616,-0.571934593955575,0.1201970601601191,-0.6215705967146201,-0.9274745739175644,-0.4408822121816843
20.0,177.0,1000.9432373046876,0.824493352894084,0.1717593457825232,-2.3768181931737407,-0.0231454770914799,0.5188578186747616,-0.571934593955575,0.1201970601601191,-0.6215705967146201,-0.9274745739175644,-0.4408822138326776
20.0,177.0,1000.9432373046876,0.8244933528941882,0.1717593457825232,-2.3768181714892185,-0.0231454770955707,0.5188578186747616,-0.571934593955575,0.1201970601601191,-0.6215705967146201,-0.9274745739175644,-0.4408822145023395
20.0,177.0,1000.9432373046876,0.824493352894084,0.1717593457825232,-2.3768181920100586,-0.0231454770857545,0.5188578186747616,-0.571934593955575,0.1201970601601191,-0.6215705967146201,-0.9274745739175644,-0.4408822121816843
20.0,177.0,1000.9432373046876,0.8244933528941873,0.1717593457825232,-2.376818166038288,-0.0231454652598426,0.5188549899109364,-0.571934593955556,0.1201970601601191,-0.6215705967146201,-0.9274745739175644,-0.4408826228163027
20.0,177.0,1000.9432373046876,0.8244933528941873,0.1717593457825232,-2.376818166038288,-0.0231454774621978,0.5188549899109364,-0.5719345939555734,0.1201970601601191,-0.6215705967146201,-0.9274745739175644,-0.4408826026868362
20.0,177.0,1000.9432373046876,0.824493352894084,0.1717593457825232,-2.3768181931737407,-0.0231454770914799,0.5188578186747616,-0.571934593955575,0.1201970601601191,-0.6215705967146201,-0.9274745739175644,-0.4408822121816843
20.0,177.0,1000.9432373046876,0.824493352894084,0.1717593457825232,-2.3768181931737407,-0.0231454770907681,0.5188578186747616,-0.571934593955575,0.1201970601601191,-0.6215705967146201,-0.9274745739175644,-0.4408822138326776
20.0,177.0,1000.9432373046876,0.8244933528940895,0.1717593457825232,-2.37681816374902,-0.0231454769487913,0.5188578186747616,-0.5719345939555747,0.1201970601601191,-0.6215705967146201,-0.9274745739175644,-0.4408822121816843
20.0,177.0,1000.9432373046876,0.824493352894084,0.1717593457825232,-2.3768181931737407,-0.0231454770914799,0.5188578186747616,-0.571934593955575,0.1201970601601191,-0.6215705967146201,-0.9274745739175644,-0.4408822121816843
20.0,177.0,1000.9432373046876,0.8244933528941846,0.1717593457825232,-2.3768181931737407,-0.0231454773413916,0.5188578186747616,-0.571934593955575,0.1201970601601191,-0.6215705967146201,-0.9274745739175644,-0.4408822121816843
20.0,177.0,1000.9432373046876,0.8244933528940794,0.1717593457825232,-2.3768181931737407,-0.0231454769495031,0.5188578186747616,-0.571934593955575,0.1201970601601191,-0.6215705967146201,-0.9274745739175644,-0.4408822121816843
20.0,177.0,1000.9432373046876,0.8244933528941873,0.1717593457825232,-2.376818193819988,-0.0231454767152466,0.518857746656337,-0.571934593955556,0.1201970601601191,-0.6215705967146201,-0.9274745739175644,-0.4408822444018306
20.0,177.0,1000.9432373046876,0.8244933528941846,0.1717593457825232,-2.3768181931737407,-0.0231454773413916,0.5188578127219803,-0.571934593955575,0.1201970601601191,-0.6215705967146201,-0.9274745739175644,-0.4408822121816843
20.0,177.0,1000.9432373046876,0.8244933528941739,0.1717593457825232,-2.376818195578807,-0.0231454767222202,0.5188578186747616,-0.571934593955575,0.1201970601601191,-0.6215705967146201,-0.9274745739175644,-0.4408822063575652
20.0,177.0,1000.9432373046876,0.8244933528940794,0.1717593457825232,-2.3768181931737407,-0.0231454769495031,0.5188578186747616,-0.571934593955575,0.1201970601601191,-0.6215705967146201,-0.9274745739175644,-0.4408822121816843
20.0,177.0,1000.9432373046876,0.8244933528940794,0.1717593457825232,-2.3768181931737407,-0.0231454769487913,0.5188578186747616,-0.571934593955575,0.1201970601601191,-0.6215705967146201,-0.9274745739175644,-0.4408822121816843
20.0,177.0,1000.9432373046876,0.8244933528940853,0.1717593457825232,-2.37681816374902,-0.0231454778347824,0.5188546184138192,-0.5719345939555747,0.1201970601601191,-0.6215705967146201,-0.9274745739175644,-0.440882600856085
20.0,177.0,1000.9432373046876,0.8244933528940794,0.1717593457825232,-2.376818165392041,-0.0231454654933873,0.5188550619293609,-0.571934593955575,0.1201970601601191,-0.6215705967146201,-0.9274745739175644,-0.4408825905961564
20.0,177.0,1000.9432373046876,0.824493352894084,0.1717593457825232,-2.3768181931737407,-0.0231454658180361,0.5188492847891056,-0.571934593955575,0.1201970601601191,-0.6215705967146201,-0.9274745739175644,-0.4408818569325445
20.0,177.0,1000.9432373046876,0.8244933528941873,0.1717593457825232,-2.3768181716375043,-0.0231454770914799,0.5188578186747616,-0.571934593955575,0.1201970601601191,-0.6215705967146201,-0.9274745739175644,-0.4408822312686979
20.0,177.0,1000.9432373046876,0.824493352894084,0.1717593457825232,-2.3768181931737407,-0.0231454770914799,0.5188578186747616,-0.571934593955575,0.1201970601601191,-0.6215705967146201,-0.9274745739175644,-0.4408822121816843
20.0,177.0,1000.9432373046876,0.8244933528941853,0.1717593457825232,-2.376818171443306,-0.0231454770955707,0.5188578186747616,-0.571934593955575,0.1201970601601191,-0.6215705967146201,-0.9274745739175644,-0.4408822116081401
20.0,177.0,1000.9432373046876,0.8244933528940844,0.1717593457825232,-2.3768181931737407,-0.0231454773413916,0.5188578186747616,-0.571934593955575,0.1201970601601191,-0.6215705967146201,-0.9274745739175644,-0.4408822121816843
20.0,177.0,1000.9432373046876,0.8244933528941873,0.1717593457825232,-2.376818166038288,-0.0231454774621978,0.5188549899109364,-0.5719345939555734,0.1201970601601191,-0.6215705967146201,-0.9274745739175644,-0.4408826026868362
20.0,177.0,1000.9432373046876,0.8244933528941917,0.1717593457825232,-2.376818166038288,-0.0231454643738514,0.5188581901718787,-0.571934593955556,0.1201970601601191,-0.6215705967146201,-0.9274745739175644,-0.440882234141902
20.0,177.0,1000.9432373046876,0.8244933528941846,0.1717593457825232,-2.3768181931737407,-0.0231454773413916,0.518857812890982,-0.571934593955575,0.1201970601601191,-0.6215705967146201,-0.9274745739175644,-0.4408822121816843
20.0,177.0,1000.9432373046876,0.824493352894087,0.1717593457825232,-2.3768181934489463,-0.0231454774605585,0.5188581458690521,-0.571934593955575,0.1201970601601191,-0.6215705967146201,-0.9274745739175644,-0.4408822121816843
20.0,177.0,1000.9432373046876,0.8244933528940794,0.1717593457825232,-2.376818165392041,-0.0231454774125806,0.5188550619293609,-0.571934593955575,0.1201970601601191,-0.6215705967146201,-0.9274745739175644,-0.4408822110497736
20.0,177.0,1000.9432373046876,0.8244933528941853,0.1717593457825232,-2.376818171419115,-0.0231454774548386,0.5188548181131262,-0.571934593955575,0.1201970601601191,-0.6215705967146201,-0.9274745739175644,-0.4408826062061954
20.0,177.0,1000.9432373046876,0.8244933528941873,0.1717593457825232,-2.37681817107884,-0.0231454770914799,0.5188578186747616,-0.571934593955575,0.1201970601601191,-0.6215705967146201,-0.9274745739175644,-0.4408822312686979
20.0,177.0,1000.9432373046876,0.8244933528941917,0.1717593457825232,-2.376818166371673,-0.0231454643738514,0.5188578170754249,-0.5719345939555553,0.1201970601601191,-0.6215705967146201,-0.9274745739175644,-0.440882234141902
20.0,177.0,1000.9432373046876,0.824493352894084,0.1717593457825232,-2.3768181931737407,-0.0231454770914799,0.5188578186747616,-0.571934593955575,0.1201970601601191,-0.6215705967146201,-0.9274745739175644,-0.4408822121816843
20.0,177.0,1000.9432373046876,0.8244933528941853,0.1717593457825232,-2.376818171443306,-0.0231454770955707,0.5188578424111012,-0.5719345939555752,0.1201970601601191,-0.6215705967146201,-0.9274745739175644,-0.4408822116081401
20.0,177.0,1000.9432373046876,0.8244933528941873,0.1717593457825232,-2.376818193819988,-0.0231454767152466,0.518857746656337,-0.571934593955556,0.1201970601601191,-0.6215705967146201,-0.9274745739175644,-0.4408822444018306
20.0,177.0,1000.9432373046876,0.8244933528940892,0.1717593457825232,-2.376818166157814,-0.0231454769487913,0.5188548748987581,-0.5719345939555747,0.1201970601601191,-0.6215705967146201,-0.9274745739175644,-0.440882622649795
20.0,177.0,1000.9432373046876,0.8244933528941846,0.1717593457825232,-2.3768181931737407,-0.0231454773413916,0.51885781850576,-0.571934593955575,0.1201970601601191,-0.6215705967146201,-0.9274745739175644,-0.4408822121816843
20.0,177.0,1000.9432373046876,0.8244933528941842,0.1717593457825232,-2.376818165763083,-0.0231454770931193,0.5188546627166458,-0.5719345939555734,0.1201970601601191,-0.6215705967146201,-0.9274745739175644,-0.4408826026868362
20.0,177.0,1000.9432373046876,0.8244933528940827,0.1717593457825232,-2.3768181661483,-0.0231454652598426,0.5188549899109364,-0.571934593955575,0.1201970601601191,-0.6215705967146201,-0.9274745739175644,-0.4408826341076294
20.0,177.0,1000.9432373046876,0.8244933528941739,0.1717593457825232,-2.376818195578807,-0.0231454648030269,0.5188578186747616,-0.571934593955575,0.1201970601601191,-0.6215705967146201,-0.9274745739175644,-0.440882585903948
20.0,177.0,1000.9432373046876,0.8244933528941821,0.1717593457825232,-2.3768181931737407,-0.0231454649681668,0.5188578407499954,-0.571934593955575,0.1201970601601191,-0.6215705967146201,-0.9274745739175644,-0.4408822121816843
20.0,178.0,1000.9432373046876,0.824493352894084,0.1717593457825232,-2.3768181931737407,-0.0231454770914799,0.5188578186747616,-0.571934593955575,0.1201970601601191,-0.6215705967146201,-0.9274745739175644,-0.4408822121816843
20.0,178.0,1000.9432373046876,0.824493352894084,0.1717593457825232,-2.3768181931737407,-0.0231454770914799,0.5188578186747616,-0.571934593955575,0.1201970601601191,-0.6215705967146201,-0.9274745739175644,-0.4408822121816843
20.0,178.0,1000.9432373046876,0.8244933528941846,0.1717593457825232,-2.3768181931737407,-0.0231454773413916,0.5188578186747616,-0.571934593955575,0.1201970601601191,-0.6215705967146201,-0.9274745739175644,-0.4408822121816843
20.0,178.0,1000.9432373046876,0.8244933528940794,0.1717593457825232,-2.3768181931737407,-0.0231454769487913,0.5188578186747616,-0.571934593955575,0.1201970601601191,-0.6215705967146201,-0.9274745739175644,-0.4408822121816843
20.0,178.0,1000.9432373046876,0.8244933528941853,0.1717593457825232,-2.376818171443306,-0.0231454770955707,0.5188578186747616,-0.571934593955575,0.1201970601601191,-0.6215705967146201,-0.9274745739175644,-0.4408822116081401
20.0,178.0,1000.9432373046876,0.824493352894084,0.1717593457825232,-2.3768181931737407,-0.0231454770914799,0.5188578186747616,-0.571934593955575,0.1201970601601191,-0.6215705967146201,-0.9274745739175644,-0.4408822121816843
20.0,178.0,1000.9432373046876,0.8244933528941873,0.1717593457825232,-2.376818166038288,-0.0231454652598426,0.5188549899109364,-0.571934593955556,0.1201970601601191,-0.6215705967146201,-0.9274745739175644,-0.4408826228163027
20.0,178.0,1000.9432373046876,0.8244933528941882,0.1717593457825232,-2.376818171466023,-0.0231454770955707,0.5188578186747616,-0.571934593955575,0.1201970601601191,-0.6215705967146201,-0.9274745739175644,-0.4408822145023395
20.0,178.0,1000.9432373046876,0.8244933528940844,0.1717593457825232,-2.3768181931737407,-0.0231454773413916,0.5188578186747616,-0.571934593955575,0.1201970601601191,-0.6215705967146201,-0.9274745739175644,-0.4408822121816843
20.0,178.0,1000.9432373046876,0.824493352894084,0.1717593457825232,-2.3768181931737407,-0.0231454770914799,0.5188578186747616,-0.571934593955575,0.1201970601601191,-0.6215705967146201,-0.9274745739175644,-0.4408822121816843
20.0,178.0,1000.9432373046876,0.824493352894084,0.1717593457825232,-2.3768181931737407,-0.0231454770914799,0.5188578186747616,-0.571934593955575,0.1201970601601191,-0.6215705967146201,-0.9274745739175644,-0.4408822138326776
20.0,178.0,1000.9432373046876,0.8244933528941882,0.1717593457825232,-2.3768181714892185,-0.0231454770955707,0.5188578186747616,-0.571934593955575,0.1201970601601191,-0.6215705967146201,-0.9274745739175644,-0.4408822145023395
20.0,178.0,1000.9432373046876,0.824493352894084,0.1717593457825232,-2.3768181920100586,-0.0231454770857545,0.5188578186747616,-0.571934593955575,0.1201970601601191,-0.6215705967146201,-0.9274745739175644,-0.4408822121816843
20.0,178.0,1000.9432373046876,0.8244933528941873,0.1717593457825232,-2.376818166038288,-0.0231454652598426,0.5188549899109364,-0.571934593955556,0.1201970601601191,-0.6215705967146201,-0.9274745739175644,-0.4408826228163027
20.0,178.0,1000.9432373046876,0.8244933528941873,0.1717593457825232,-2.376818166038288,-0.0231454774621978,0.5188549899109364,-0.5719345939555734,0.1201970601601191,-0.6215705967146201,-0.9274745739175644,-0.4408826026868362
20.0,178.0,1000.9432373046876,0.824493352894084,0.1717593457825232,-2.3768181931737407,-0.0231454770914799,0.5188578186747616,-0.571934593955575,0.1201970601601191,-0.6215705967146201,-0.9274745739175644,-0.4408822121816843
20.0,178.0,1000.9432373046876,0.824493352894084,0.1717593457825232,-2.3768181931737407,-0.0231454770907681,0.5188578186747616,-0.571934593955575,0.1201970601601191,-0.6215705967146201,-0.9274745739175644,-0.4408822138326776
20.0,178.0,1000.9432373046876,0.8244933528940895,0.1717593457825232,-2.37681816374902,-0.0231454769487913,0.5188578186747616,-0.5719345939555747,0.1201970601601191,-0.6215705967146201,-0.9274745739175644,-0.4408822121816843
20.0,178.0,1000.9432373046876,0.824493352894084,0.1717593457825232,-2.3768181931737407,-0.0231454770914799,0.5188578186747616,-0.571934593955575,0.1201970601601191,-0.6215705967146201,-0.9274745739175644,-0.4408822121816843
20.0,178.0,1000.9432373046876,0.8244933528941846,0.1717593457825232,-2.3768181931737407,-0.0231454773413916,0.5188578186747616,-0.571934593955575,0.1201970601601191,-0.6215705967146201,-0.9274745739175644,-0.4408822121816843
20.0,178.0,1000.9432373046876,0.8244933528940794,0.1717593457825232,-2.3768181931737407,-0.0231454769495031,0.5188578186747616,-0.571934593955575,0.1201970601601191,-0.6215705967146201,-0.9274745739175644,-0.4408822121816843
20.0,178.0,1000.9432373046876,0.8244933528941873,0.1717593457825232,-2.376818193819988,-0.0231454767152466,0.518857746656337,-0.571934593955556,0.1201970601601191,-0.6215705967146201,-0.9274745739175644,-0.4408822444018306
20.0,178.0,1000.9432373046876,0.8244933528941846,0.1717593457825232,-2.3768181931737407,-0.0231454773413916,0.5188578127219803,-0.571934593955575,0.1201970601601191,-0.6215705967146201,-0.9274745739175644,-0.4408822121816843
20.0,178.0,1000.9432373046876,0.8244933528941739,0.1717593457825232,-2.376818195578807,-0.0231454767222202,0.5188578186747616,-0.571934593955575,0.1201970601601191,-0.6215705967146201,-0.9274745739175644,-0.4408822063575652
20.0,178.0,1000.9432373046876,0.8244933528940794,0.1717593457825232,-2.3768181931737407,-0.0231454769495031,0.5188578186747616,-0.571934593955575,0.1201970601601191,-0.6215705967146201,-0.9274745739175644,-0.4408822121816843
20.0,178.0,1000.9432373046876,0.8244933528940794,0.1717593457825232,-2.3768181931737407,-0.0231454769487913,0.5188578186747616,-0.571934593955575,0.1201970601601191,-0.6215705967146201,-0.9274745739175644,-0.4408822121816843
20.0,178.0,1000.9432373046876,0.8244933528940853,0.1717593457825232,-2.37681816374902,-0.0231454778347824,0.5188546184138192,-0.5719345939555747,0.1201970601601191,-0.6215705967146201,-0.9274745739175644,-0.440882600856085
20.0,178.0,1000.9432373046876,0.8244933528940794,0.1717593457825232,-2.376818165392041,-0.0231454654933873,0.5188550619293609,-0.571934593955575,0.1201970601601191,-0.6215705967146201,-0.9274745739175644,-0.4408825905961564
20.0,178.0,1000.9432373046876,0.824493352894084,0.1717593457825232,-2.3768181931737407,-0.0231454658180361,0.5188492847891056,-0.571934593955575,0.1201970601601191,-0.6215705967146201,-0.9274745739175644,-0.4408818569325445
20.0,178.0,1000.9432373046876,0.8244933528941873,0.1717593457825232,-2.3768181716375043,-0.0231454770914799,0.5188578186747616,-0.571934593955575,0.1201970601601191,-0.6215705967146201,-0.9274745739175644,-0.4408822312686979
20.0,178.0,1000.9432373046876,0.824493352894084,0.1717593457825232,-2.3768181931737407,-0.0231454770914799,0.5188578186747616,-0.571934593955575,0.1201970601601191,-0.6215705967146201,-0.9274745739175644,-0.4408822121816843
20.0,178.0,1000.9432373046876,0.8244933528941853,0.1717593457825232,-2.376818171443306,-0.0231454770955707,0.5188578186747616,-0.571934593955575,0.1201970601601191,-0.6215705967146201,-0.9274745739175644,-0.4408822116081401
20.0,178.0,1000.9432373046876,0.8244933528940844,0.1717593457825232,-2.3768181931737407,-0.0231454773413916,0.5188578186747616,-0.571934593955575,0.1201970601601191,-0.6215705967146201,-0.9274745739175644,-0.4408822121816843
20.0,178.0,1000.9432373046876,0.8244933528941873,0.1717593457825232,-2.376818166038288,-0.0231454774621978,0.5188549899109364,-0.5719345939555734,0.1201970601601191,-0.6215705967146201,-0.9274745739175644,-0.4408826026868362
20.0,178.0,1000.9432373046876,0.8244933528941917,0.1717593457825232,-2.376818166038288,-0.0231454643738514,0.5188581901718787,-0.571934593955556,0.1201970601601191,-0.6215705967146201,-0.9274745739175644,-0.440882234141902
20.0,178.0,1000.9432373046876,0.8244933528941846,0.1717593457825232,-2.3768181931737407,-0.0231454773413916,0.518857812890982,-0.571934593955575,0.1201970601601191,-0.6215705967146201,-0.9274745739175644,-0.4408822121816843
20.0,178.0,1000.9432373046876,0.824493352894087,0.1717593457825232,-2.3768181934489463,-0.0231454774605585,0.5188581458690521,-0.571934593955575,0.1201970601601191,-0.6215705967146201,-0.9274745739175644,-0.4408822121816843
20.0,178.0,1000.9432373046876,0.8244933528940794,0.1717593457825232,-2.376818165392041,-0.0231454774125806,0.5188550619293609,-0.571934593955575,0.1201970601601191,-0.6215705967146201,-0.9274745739175644,-0.4408822110497736
20.0,178.0,1000.9432373046876,0.8244933528941853,0.1717593457825232,-2.376818171419115,-0.0231454774548386,0.5188548181131262,-0.571934593955575,0.1201970601601191,-0.6215705967146201,-0.9274745739175644,-0.4408826062061954
20.0,178.0,1000.9432373046876,0.8244933528941873,0.1717593457825232,-2.37681817107884,-0.0231454770914799,0.5188578186747616,-0.571934593955575,0.1201970601601191,-0.6215705967146201,-0.9274745739175644,-0.4408822312686979
20.0,178.0,1000.9432373046876,0.8244933528941917,0.1717593457825232,-2.376818166371673,-0.0231454643738514,0.5188578170754249,-0.5719345939555553,0.1201970601601191,-0.6215705967146201,-0.9274745739175644,-0.440882234141902
20.0,178.0,1000.9432373046876,0.824493352894084,0.1717593457825232,-2.3768181931737407,-0.0231454770914799,0.5188578186747616,-0.571934593955575,0.1201970601601191,-0.6215705967146201,-0.9274745739175644,-0.4408822121816843
20.0,178.0,1000.9432373046876,0.8244933528941853,0.1717593457825232,-2.376818171443306,-0.0231454770955707,0.5188578424111012,-0.5719345939555752,0.1201970601601191,-0.6215705967146201,-0.9274745739175644,-0.4408822116081401
20.0,178.0,1000.9432373046876,0.8244933528941873,0.1717593457825232,-2.376818193819988,-0.0231454767152466,0.518857746656337,-0.571934593955556,0.1201970601601191,-0.6215705967146201,-0.9274745739175644,-0.4408822444018306
20.0,178.0,1000.9432373046876,0.8244933528940892,0.1717593457825232,-2.376818166157814,-0.0231454769487913,0.5188548748987581,-0.5719345939555747,0.1201970601601191,-0.6215705967146201,-0.9274745739175644,-0.440882622649795
20.0,178.0,1000.9432373046876,0.8244933528941846,0.1717593457825232,-2.3768181931737407,-0.0231454773413916,0.51885781850576,-0.571934593955575,0.1201970601601191,-0.6215705967146201,-0.9274745739175644,-0.4408822121816843
20.0,178.0,1000.9432373046876,0.8244933528941842,0.1717593457825232,-2.376818165763083,-0.0231454770931193,0.5188546627166458,-0.5719345939555734,0.1201970601601191,-0.6215705967146201,-0.9274745739175644,-0.4408826026868362
20.0,178.0,1000.9432373046876,0.8244933528940827,0.1717593457825232,-2.3768181661483,-0.0231454652598426,0.5188549899109364,-0.571934593955575,0.1201970601601191,-0.6215705967146201,-0.9274745739175644,-0.4408826341076294
20.0,178.0,1000.9432373046876,0.8244933528941739,0.1717593457825232,-2.376818195578807,-0.0231454648030269,0.5188578186747616,-0.571934593955575,0.1201970601601191,-0.6215705967146201,-0.9274745739175644,-0.440882585903948
20.0,178.0,1000.9432373046876,0.8244933528941821,0.1717593457825232,-2.3768181931737407,-0.0231454649681668,0.5188578407499954,-0.571934593955575,0.1201970601601191,-0.6215705967146201,-0.9274745739175644,-0.4408822121816843
20.0,179.0,1000.9432373046876,0.824493352894084,0.1717593457825232,-2.3768181931737407,-0.0231454770914799,0.5188578186747616,-0.571934593955575,0.1201970601601191,-0.6215705967146201,-0.9274745739175644,-0.4408822121816843
20.0,179.0,1000.9432373046876,0.824493352894084,0.1717593457825232,-2.3768181931737407,-0.0231454770914799,0.5188578186747616,-0.571934593955575,0.1201970601601191,-0.6215705967146201,-0.9274745739175644,-0.4408822121816843
20.0,179.0,1000.9432373046876,0.8244933528941846,0.1717593457825232,-2.3768181931737407,-0.0231454773413916,0.5188578186747616,-0.571934593955575,0.1201970601601191,-0.6215705967146201,-0.9274745739175644,-0.4408822121816843
20.0,179.0,1000.9432373046876,0.8244933528940794,0.1717593457825232,-2.3768181931737407,-0.0231454769487913,0.5188578186747616,-0.571934593955575,0.1201970601601191,-0.6215705967146201,-0.9274745739175644,-0.4408822121816843
20.0,179.0,1000.9432373046876,0.8244933528941853,0.1717593457825232,-2.376818171443306,-0.0231454770955707,0.5188578186747616,-0.571934593955575,0.1201970601601191,-0.6215705967146201,-0.9274745739175644,-0.4408822116081401
20.0,179.0,1000.9432373046876,0.824493352894084,0.1717593457825232,-2.3768181931737407,-0.0231454770914799,0.5188578186747616,-0.571934593955575,0.1201970601601191,-0.6215705967146201,-0.9274745739175644,-0.4408822121816843
20.0,179.0,1000.9432373046876,0.8244933528941873,0.1717593457825232,-2.376818166038288,-0.0231454652598426,0.5188549899109364,-0.571934593955556,0.1201970601601191,-0.6215705967146201,-0.9274745739175644,-0.4408826228163027
20.0,179.0,1000.9432373046876,0.8244933528941882,0.1717593457825232,-2.376818171466023,-0.0231454770955707,0.5188578186747616,-0.571934593955575,0.1201970601601191,-0.6215705967146201,-0.9274745739175644,-0.4408822145023395
20.0,179.0,1000.9432373046876,0.8244933528940844,0.1717593457825232,-2.3768181931737407,-0.0231454773413916,0.5188578186747616,-0.571934593955575,0.1201970601601191,-0.6215705967146201,-0.9274745739175644,-0.4408822121816843
20.0,179.0,1000.9432373046876,0.824493352894084,0.1717593457825232,-2.3768181931737407,-0.0231454770914799,0.5188578186747616,-0.571934593955575,0.1201970601601191,-0.6215705967146201,-0.9274745739175644,-0.4408822121816843
20.0,179.0,1000.9432373046876,0.824493352894084,0.1717593457825232,-2.3768181931737407,-0.0231454770914799,0.5188578186747616,-0.571934593955575,0.1201970601601191,-0.6215705967146201,-0.9274745739175644,-0.4408822138326776
20.0,179.0,1000.9432373046876,0.8244933528941882,0.1717593457825232,-2.3768181714892185,-0.0231454770955707,0.5188578186747616,-0.571934593955575,0.1201970601601191,-0.6215705967146201,-0.9274745739175644,-0.4408822145023395
20.0,179.0,1000.9432373046876,0.824493352894084,0.1717593457825232,-2.3768181920100586,-0.0231454770857545,0.5188578186747616,-0.571934593955575,0.1201970601601191,-0.6215705967146201,-0.9274745739175644,-0.4408822121816843
20.0,179.0,1000.9432373046876,0.8244933528941873,0.1717593457825232,-2.376818166038288,-0.0231454652598426,0.5188549899109364,-0.571934593955556,0.1201970601601191,-0.6215705967146201,-0.9274745739175644,-0.4408826228163027
20.0,179.0,1000.9432373046876,0.8244933528941873,0.1717593457825232,-2.376818166038288,-0.0231454774621978,0.5188549899109364,-0.5719345939555734,0.1201970601601191,-0.6215705967146201,-0.9274745739175644,-0.4408826026868362
20.0,179.0,1000.9432373046876,0.824493352894084,0.1717593457825232,-2.3768181931737407,-0.0231454770914799,0.5188578186747616,-0.571934593955575,0.1201970601601191,-0.6215705967146201,-0.9274745739175644,-0.4408822121816843
20.0,179.0,1000.9432373046876,0.824493352894084,0.1717593457825232,-2.3768181931737407,-0.0231454770907681,0.5188578186747616,-0.571934593955575,0.1201970601601191,-0.6215705967146201,-0.9274745739175644,-0.4408822138326776
20.0,179.0,1000.9432373046876,0.8244933528940895,0.1717593457825232,-2.37681816374902,-0.0231454769487913,0.5188578186747616,-0.5719345939555747,0.1201970601601191,-0.6215705967146201,-0.9274745739175644,-0.4408822121816843
20.0,179.0,1000.9432373046876,0.824493352894084,0.1717593457825232,-2.3768181931737407,-0.0231454770914799,0.5188578186747616,-0.571934593955575,0.1201970601601191,-0.6215705967146201,-0.9274745739175644,-0.4408822121816843
20.0,179.0,1000.9432373046876,0.8244933528941846,0.1717593457825232,-2.3768181931737407,-0.0231454773413916,0.5188578186747616,-0.571934593955575,0.1201970601601191,-0.6215705967146201,-0.9274745739175644,-0.4408822121816843
20.0,179.0,1000.9432373046876,0.8244933528940794,0.1717593457825232,-2.3768181931737407,-0.0231454769495031,0.5188578186747616,-0.571934593955575,0.1201970601601191,-0.6215705967146201,-0.9274745739175644,-0.4408822121816843
20.0,179.0,1000.9432373046876,0.8244933528941873,0.1717593457825232,-2.376818193819988,-0.0231454767152466,0.518857746656337,-0.571934593955556,0.1201970601601191,-0.6215705967146201,-0.9274745739175644,-0.4408822444018306
20.0,179.0,1000.9432373046876,0.8244933528941846,0.1717593457825232,-2.3768181931737407,-0.0231454773413916,0.5188578127219803,-0.571934593955575,0.1201970601601191,-0.6215705967146201,-0.9274745739175644,-0.4408822121816843
20.0,179.0,1000.9432373046876,0.8244933528941739,0.1717593457825232,-2.376818195578807,-0.0231454767222202,0.5188578186747616,-0.571934593955575,0.1201970601601191,-0.6215705967146201,-0.9274745739175644,-0.4408822063575652
20.0,179.0,1000.9432373046876,0.8244933528940794,0.1717593457825232,-2.3768181931737407,-0.0231454769495031,0.5188578186747616,-0.571934593955575,0.1201970601601191,-0.6215705967146201,-0.9274745739175644,-0.4408822121816843
20.0,179.0,1000.9432373046876,0.8244933528940794,0.1717593457825232,-2.3768181931737407,-0.0231454769487913,0.5188578186747616,-0.571934593955575,0.1201970601601191,-0.6215705967146201,-0.9274745739175644,-0.4408822121816843
20.0,179.0,1000.9432373046876,0.8244933528940853,0.1717593457825232,-2.37681816374902,-0.0231454778347824,0.5188546184138192,-0.5719345939555747,0.1201970601601191,-0.6215705967146201,-0.9274745739175644,-0.440882600856085
20.0,179.0,1000.9432373046876,0.8244933528940794,0.1717593457825232,-2.376818165392041,-0.0231454654933873,0.5188550619293609,-0.571934593955575,0.1201970601601191,-0.6215705967146201,-0.9274745739175644,-0.4408825905961564
20.0,179.0,1000.9432373046876,0.824493352894084,0.1717593457825232,-2.3768181931737407,-0.0231454658180361,0.5188492847891056,-0.571934593955575,0.1201970601601191,-0.6215705967146201,-0.9274745739175644,-0.4408818569325445
20.0,179.0,1000.9432373046876,0.8244933528941873,0.1717593457825232,-2.3768181716375043,-0.0231454770914799,0.5188578186747616,-0.571934593955575,0.1201970601601191,-0.6215705967146201,-0.9274745739175644,-0.4408822312686979
20.0,179.0,1000.9432373046876,0.824493352894084,0.1717593457825232,-2.3768181931737407,-0.0231454770914799,0.5188578186747616,-0.571934593955575,0.1201970601601191,-0.6215705967146201,-0.9274745739175644,-0.4408822121816843
20.0,179.0,1000.9432373046876,0.8244933528941853,0.1717593457825232,-2.376818171443306,-0.0231454770955707,0.5188578186747616,-0.571934593955575,0.1201970601601191,-0.6215705967146201,-0.9274745739175644,-0.4408822116081401
20.0,179.0,1000.9432373046876,0.8244933528940844,0.1717593457825232,-2.3768181931737407,-0.0231454773413916,0.5188578186747616,-0.571934593955575,0.1201970601601191,-0.6215705967146201,-0.9274745739175644,-0.4408822121816843
20.0,179.0,1000.9432373046876,0.8244933528941873,0.1717593457825232,-2.376818166038288,-0.0231454774621978,0.5188549899109364,-0.5719345939555734,0.1201970601601191,-0.6215705967146201,-0.9274745739175644,-0.4408826026868362
20.0,179.0,1000.9432373046876,0.8244933528941917,0.1717593457825232,-2.376818166038288,-0.0231454643738514,0.5188581901718787,-0.571934593955556,0.1201970601601191,-0.6215705967146201,-0.9274745739175644,-0.440882234141902
20.0,179.0,1000.9432373046876,0.8244933528941846,0.1717593457825232,-2.3768181931737407,-0.0231454773413916,0.518857812890982,-0.571934593955575,0.1201970601601191,-0.6215705967146201,-0.9274745739175644,-0.4408822121816843
20.0,179.0,1000.9432373046876,0.824493352894087,0.1717593457825232,-2.3768181934489463,-0.0231454774605585,0.5188581458690521,-0.571934593955575,0.1201970601601191,-0.6215705967146201,-0.9274745739175644,-0.4408822121816843
20.0,179.0,1000.9432373046876,0.8244933528940794,0.1717593457825232,-2.376818165392041,-0.0231454774125806,0.5188550619293609,-0.571934593955575,0.1201970601601191,-0.6215705967146201,-0.9274745739175644,-0.4408822110497736
20.0,179.0,1000.9432373046876,0.8244933528941853,0.1717593457825232,-2.376818171419115,-0.0231454774548386,0.5188548181131262,-0.571934593955575,0.1201970601601191,-0.6215705967146201,-0.9274745739175644,-0.4408826062061954
20.0,179.0,1000.9432373046876,0.8244933528941873,0.1717593457825232,-2.37681817107884,-0.0231454770914799,0.5188578186747616,-0.571934593955575,0.1201970601601191,-0.6215705967146201,-0.9274745739175644,-0.4408822312686979
20.0,179.0,1000.9432373046876,0.8244933528941917,0.1717593457825232,-2.376818166371673,-0.0231454643738514,0.5188578170754249,-0.5719345939555553,0.1201970601601191,-0.6215705967146201,-0.9274745739175644,-0.440882234141902
20.0,179.0,1000.9432373046876,0.824493352894084,0.1717593457825232,-2.3768181931737407,-0.0231454770914799,0.5188578186747616,-0.571934593955575,0.1201970601601191,-0.6215705967146201,-0.9274745739175644,-0.4408822121816843
20.0,179.0,1000.9432373046876,0.8244933528941853,0.1717593457825232,-2.376818171443306,-0.0231454770955707,0.5188578424111012,-0.5719345939555752,0.1201970601601191,-0.6215705967146201,-0.9274745739175644,-0.4408822116081401
20.0,179.0,1000.9432373046876,0.8244933528941873,0.1717593457825232,-2.376818193819988,-0.0231454767152466,0.518857746656337,-0.571934593955556,0.1201970601601191,-0.6215705967146201,-0.9274745739175644,-0.4408822444018306
20.0,179.0,1000.9432373046876,0.8244933528940892,0.1717593457825232,-2.376818166157814,-0.0231454769487913,0.5188548748987581,-0.5719345939555747,0.1201970601601191,-0.6215705967146201,-0.9274745739175644,-0.440882622649795
20.0,179.0,1000.9432373046876,0.8244933528941846,0.1717593457825232,-2.3768181931737407,-0.0231454773413916,0.51885781850576,-0.571934593955575,0.1201970601601191,-0.6215705967146201,-0.9274745739175644,-0.4408822121816843
20.0,179.0,1000.9432373046876,0.8244933528941842,0.1717593457825232,-2.376818165763083,-0.0231454770931193,0.5188546627166458,-0.5719345939555734,0.1201970601601191,-0.6215705967146201,-0.9274745739175644,-0.4408826026868362
20.0,179.0,1000.9432373046876,0.8244933528940827,0.1717593457825232,-2.3768181661483,-0.0231454652598426,0.5188549899109364,-0.571934593955575,0.1201970601601191,-0.6215705967146201,-0.9274745739175644,-0.4408826341076294
20.0,179.0,1000.9432373046876,0.8244933528941739,0.1717593457825232,-2.376818195578807,-0.0231454648030269,0.5188578186747616,-0.571934593955575,0.1201970601601191,-0.6215705967146201,-0.9274745739175644,-0.440882585903948
20.0,179.0,1000.9432373046876,0.8244933528941821,0.1717593457825232,-2.3768181931737407,-0.0231454649681668,0.5188578407499954,-0.571934593955575,0.1201970601601191,-0.6215705967146201,-0.9274745739175644,-0.4408822121816843
20.0,180.0,1000.9432373046876,0.824493352894084,0.1717593457825232,-2.3768181931737407,-0.0231454770914799,0.5188578186747616,-0.571934593955575,0.1201970601601191,-0.6215705967146201,-0.9274745739175644,-0.4408822121816843
20.0,180.0,1000.9432373046876,0.824493352894084,0.1717593457825232,-2.3768181931737407,-0.0231454770914799,0.5188578186747616,-0.571934593955575,0.1201970601601191,-0.6215705967146201,-0.9274745739175644,-0.4408822121816843
20.0,180.0,1000.9432373046876,0.8244933528941846,0.1717593457825232,-2.3768181931737407,-0.0231454773413916,0.5188578186747616,-0.571934593955575,0.1201970601601191,-0.6215705967146201,-0.9274745739175644,-0.4408822121816843
20.0,180.0,1000.9432373046876,0.8244933528940794,0.1717593457825232,-2.3768181931737407,-0.0231454769487913,0.5188578186747616,-0.571934593955575,0.1201970601601191,-0.6215705967146201,-0.9274745739175644,-0.4408822121816843
20.0,180.0,1000.9432373046876,0.8244933528941853,0.1717593457825232,-2.376818171443306,-0.0231454770955707,0.5188578186747616,-0.571934593955575,0.1201970601601191,-0.6215705967146201,-0.9274745739175644,-0.4408822116081401
20.0,180.0,1000.9432373046876,0.824493352894084,0.1717593457825232,-2.3768181931737407,-0.0231454770914799,0.5188578186747616,-0.571934593955575,0.1201970601601191,-0.6215705967146201,-0.9274745739175644,-0.4408822121816843
20.0,180.0,1000.9432373046876,0.8244933528941873,0.1717593457825232,-2.376818166038288,-0.0231454652598426,0.5188549899109364,-0.571934593955556,0.1201970601601191,-0.6215705967146201,-0.9274745739175644,-0.4408826228163027
20.0,180.0,1000.9432373046876,0.8244933528941882,0.1717593457825232,-2.376818171466023,-0.0231454770955707,0.5188578186747616,-0.571934593955575,0.1201970601601191,-0.6215705967146201,-0.9274745739175644,-0.4408822145023395
20.0,180.0,1000.9432373046876,0.8244933528940844,0.1717593457825232,-2.3768181931737407,-0.0231454773413916,0.5188578186747616,-0.571934593955575,0.1201970601601191,-0.6215705967146201,-0.9274745739175644,-0.4408822121816843
20.0,180.0,1000.9432373046876,0.824493352894084,0.1717593457825232,-2.3768181931737407,-0.0231454770914799,0.5188578186747616,-0.571934593955575,0.1201970601601191,-0.6215705967146201,-0.9274745739175644,-0.4408822121816843
20.0,180.0,1000.9432373046876,0.824493352894084,0.1717593457825232,-2.3768181931737407,-0.0231454770914799,0.5188578186747616,-0.571934593955575,0.1201970601601191,-0.6215705967146201,-0.9274745739175644,-0.4408822138326776
20.0,180.0,1000.9432373046876,0.8244933528941882,0.1717593457825232,-2.3768181714892185,-0.0231454770955707,0.5188578186747616,-0.571934593955575,0.1201970601601191,-0.6215705967146201,-0.9274745739175644,-0.4408822145023395
20.0,180.0,1000.9432373046876,0.824493352894084,0.1717593457825232,-2.3768181920100586,-0.0231454770857545,0.5188578186747616,-0.571934593955575,0.1201970601601191,-0.6215705967146201,-0.9274745739175644,-0.4408822121816843
20.0,180.0,1000.9432373046876,0.8244933528941873,0.1717593457825232,-2.376818166038288,-0.0231454652598426,0.5188549899109364,-0.571934593955556,0.1201970601601191,-0.6215705967146201,-0.9274745739175644,-0.4408826228163027
20.0,180.0,1000.9432373046876,0.8244933528941873,0.1717593457825232,-2.376818166038288,-0.0231454774621978,0.5188549899109364,-0.5719345939555734,0.1201970601601191,-0.6215705967146201,-0.9274745739175644,-0.4408826026868362
20.0,180.0,1000.9432373046876,0.824493352894084,0.1717593457825232,-2.3768181931737407,-0.0231454770914799,0.5188578186747616,-0.571934593955575,0.1201970601601191,-0.6215705967146201,-0.9274745739175644,-0.4408822121816843
20.0,180.0,1000.9432373046876,0.824493352894084,0.1717593457825232,-2.3768181931737407,-0.0231454770907681,0.5188578186747616,-0.571934593955575,0.1201970601601191,-0.6215705967146201,-0.9274745739175644,-0.4408822138326776
20.0,180.0,1000.9432373046876,0.8244933528940895,0.1717593457825232,-2.37681816374902,-0.0231454769487913,0.5188578186747616,-0.5719345939555747,0.1201970601601191,-0.6215705967146201,-0.9274745739175644,-0.4408822121816843
20.0,180.0,1000.9432373046876,0.824493352894084,0.1717593457825232,-2.3768181931737407,-0.0231454770914799,0.5188578186747616,-0.571934593955575,0.1201970601601191,-0.6215705967146201,-0.9274745739175644,-0.4408822121816843
20.0,180.0,1000.9432373046876,0.8244933528941846,0.1717593457825232,-2.3768181931737407,-0.0231454773413916,0.5188578186747616,-0.571934593955575,0.1201970601601191,-0.6215705967146201,-0.9274745739175644,-0.4408822121816843
20.0,180.0,1000.9432373046876,0.8244933528940794,0.1717593457825232,-2.3768181931737407,-0.0231454769495031,0.5188578186747616,-0.571934593955575,0.1201970601601191,-0.6215705967146201,-0.9274745739175644,-0.4408822121816843
20.0,180.0,1000.9432373046876,0.8244933528941873,0.1717593457825232,-2.376818193819988,-0.0231454767152466,0.518857746656337,-0.571934593955556,0.1201970601601191,-0.6215705967146201,-0.9274745739175644,-0.4408822444018306
20.0,180.0,1000.9432373046876,0.8244933528941846,0.1717593457825232,-2.3768181931737407,-0.0231454773413916,0.5188578127219803,-0.571934593955575,0.1201970601601191,-0.6215705967146201,-0.9274745739175644,-0.4408822121816843
20.0,180.0,1000.9432373046876,0.8244933528941739,0.1717593457825232,-2.376818195578807,-0.0231454767222202,0.5188578186747616,-0.571934593955575,0.1201970601601191,-0.6215705967146201,-0.9274745739175644,-0.4408822063575652
20.0,180.0,1000.9432373046876,0.8244933528940794,0.1717593457825232,-2.3768181931737407,-0.0231454769495031,0.5188578186747616,-0.571934593955575,0.1201970601601191,-0.6215705967146201,-0.9274745739175644,-0.4408822121816843
20.0,180.0,1000.9432373046876,0.8244933528940794,0.1717593457825232,-2.3768181931737407,-0.0231454769487913,0.5188578186747616,-0.571934593955575,0.1201970601601191,-0.6215705967146201,-0.9274745739175644,-0.4408822121816843
20.0,180.0,1000.9432373046876,0.8244933528940853,0.1717593457825232,-2.37681816374902,-0.0231454778347824,0.5188546184138192,-0.5719345939555747,0.1201970601601191,-0.6215705967146201,-0.9274745739175644,-0.440882600856085
20.0,180.0,1000.9432373046876,0.8244933528940794,0.1717593457825232,-2.376818165392041,-0.0231454654933873,0.5188550619293609,-0.571934593955575,0.1201970601601191,-0.6215705967146201,-0.9274745739175644,-0.4408825905961564
20.0,180.0,1000.9432373046876,0.824493352894084,0.1717593457825232,-2.3768181931737407,-0.0231454658180361,0.5188492847891056,-0.571934593955575,0.1201970601601191,-0.6215705967146201,-0.9274745739175644,-0.4408818569325445
20.0,180.0,1000.9432373046876,0.8244933528941873,0.1717593457825232,-2.3768181716375043,-0.0231454770914799,0.5188578186747616,-0.571934593955575,0.1201970601601191,-0.6215705967146201,-0.9274745739175644,-0.4408822312686979
20.0,180.0,1000.9432373046876,0.824493352894084,0.1717593457825232,-2.3768181931737407,-0.0231454770914799,0.5188578186747616,-0.571934593955575,0.1201970601601191,-0.6215705967146201,-0.9274745739175644,-0.4408822121816843
20.0,180.0,1000.9432373046876,0.8244933528941853,0.1717593457825232,-2.376818171443306,-0.0231454770955707,0.5188578186747616,-0.571934593955575,0.1201970601601191,-0.6215705967146201,-0.9274745739175644,-0.4408822116081401
20.0,180.0,1000.9432373046876,0.8244933528940844,0.1717593457825232,-2.3768181931737407,-0.0231454773413916,0.5188578186747616,-0.571934593955575,0.1201970601601191,-0.6215705967146201,-0.9274745739175644,-0.4408822121816843
20.0,180.0,1000.9432373046876,0.8244933528941873,0.1717593457825232,-2.376818166038288,-0.0231454774621978,0.5188549899109364,-0.5719345939555734,0.1201970601601191,-0.6215705967146201,-0.9274745739175644,-0.4408826026868362
20.0,180.0,1000.9432373046876,0.8244933528941917,0.1717593457825232,-2.376818166038288,-0.0231454643738514,0.5188581901718787,-0.571934593955556,0.1201970601601191,-0.6215705967146201,-0.9274745739175644,-0.440882234141902
20.0,180.0,1000.9432373046876,0.8244933528941846,0.1717593457825232,-2.3768181931737407,-0.0231454773413916,0.518857812890982,-0.571934593955575,0.1201970601601191,-0.6215705967146201,-0.9274745739175644,-0.4408822121816843
20.0,180.0,1000.9432373046876,0.824493352894087,0.1717593457825232,-2.3768181934489463,-0.0231454774605585,0.5188581458690521,-0.571934593955575,0.1201970601601191,-0.6215705967146201,-0.9274745739175644,-0.4408822121816843
20.0,180.0,1000.9432373046876,0.8244933528940794,0.1717593457825232,-2.376818165392041,-0.0231454774125806,0.5188550619293609,-0.571934593955575,0.1201970601601191,-0.6215705967146201,-0.9274745739175644,-0.4408822110497736
20.0,180.0,1000.9432373046876,0.8244933528941853,0.1717593457825232,-2.376818171419115,-0.0231454774548386,0.5188548181131262,-0.571934593955575,0.1201970601601191,-0.6215705967146201,-0.9274745739175644,-0.4408826062061954
20.0,180.0,1000.9432373046876,0.8244933528941873,0.1717593457825232,-2.37681817107884,-0.0231454770914799,0.5188578186747616,-0.571934593955575,0.1201970601601191,-0.6215705967146201,-0.9274745739175644,-0.4408822312686979
20.0,180.0,1000.9432373046876,0.8244933528941917,0.1717593457825232,-2.376818166371673,-0.0231454643738514,0.5188578170754249,-0.5719345939555553,0.1201970601601191,-0.6215705967146201,-0.9274745739175644,-0.440882234141902
20.0,180.0,1000.9432373046876,0.824493352894084,0.1717593457825232,-2.3768181931737407,-0.0231454770914799,0.5188578186747616,-0.571934593955575,0.1201970601601191,-0.6215705967146201,-0.9274745739175644,-0.4408822121816843
20.0,180.0,1000.9432373046876,0.8244933528941853,0.1717593457825232,-2.376818171443306,-0.0231454770955707,0.5188578424111012,-0.5719345939555752,0.1201970601601191,-0.6215705967146201,-0.9274745739175644,-0.4408822116081401
20.0,180.0,1000.9432373046876,0.8244933528941873,0.1717593457825232,-2.376818193819988,-0.0231454767152466,0.518857746656337,-0.571934593955556,0.1201970601601191,-0.6215705967146201,-0.9274745739175644,-0.4408822444018306
20.0,180.0,1000.9432373046876,0.8244933528940892,0.1717593457825232,-2.376818166157814,-0.0231454769487913,0.5188548748987581,-0.5719345939555747,0.1201970601601191,-0.6215705967146201,-0.9274745739175644,-0.440882622649795
20.0,180.0,1000.9432373046876,0.8244933528941846,0.1717593457825232,-2.3768181931737407,-0.0231454773413916,0.51885781850576,-0.571934593955575,0.1201970601601191,-0.6215705967146201,-0.9274745739175644,-0.4408822121816843
20.0,180.0,1000.9432373046876,0.8244933528941842,0.1717593457825232,-2.376818165763083,-0.0231454770931193,0.5188546627166458,-0.5719345939555734,0.1201970601601191,-0.6215705967146201,-0.9274745739175644,-0.4408826026868362
20.0,180.0,1000.9432373046876,0.8244933528940827,0.1717593457825232,-2.3768181661483,-0.0231454652598426,0.5188549899109364,-0.571934593955575,0.1201970601601191,-0.6215705967146201,-0.9274745739175644,-0.4408826341076294
20.0,180.0,1000.9432373046876,0.8244933528941739,0.1717593457825232,-2.376818195578807,-0.0231454648030269,0.5188578186747616,-0.571934593955575,0.1201970601601191,-0.6215705967146201,-0.9274745739175644,-0.440882585903948
20.0,180.0,1000.9432373046876,0.8244933528941821,0.1717593457825232,-2.3768181931737407,-0.0231454649681668,0.5188578407499954,-0.571934593955575,0.1201970601601191,-0.6215705967146201,-0.9274745739175644,-0.4408822121816843
20.0,181.0,1000.9432373046876,0.824493352894084,0.1717593457825232,-2.3768181931737407,-0.0231454770914799,0.5188578186747616,-0.571934593955575,0.1201970601601191,-0.6215705967146201,-0.9274745739175644,-0.4408822121816843
20.0,181.0,1000.9432373046876,0.824493352894084,0.1717593457825232,-2.3768181931737407,-0.0231454770914799,0.5188578186747616,-0.571934593955575,0.1201970601601191,-0.6215705967146201,-0.9274745739175644,-0.4408822121816843
20.0,181.0,1000.9432373046876,0.8244933528941846,0.1717593457825232,-2.3768181931737407,-0.0231454773413916,0.5188578186747616,-0.571934593955575,0.1201970601601191,-0.6215705967146201,-0.9274745739175644,-0.4408822121816843
20.0,181.0,1000.9432373046876,0.8244933528940794,0.1717593457825232,-2.3768181931737407,-0.0231454769487913,0.5188578186747616,-0.571934593955575,0.1201970601601191,-0.6215705967146201,-0.9274745739175644,-0.4408822121816843
20.0,181.0,1000.9432373046876,0.8244933528941853,0.1717593457825232,-2.376818171443306,-0.0231454770955707,0.5188578186747616,-0.571934593955575,0.1201970601601191,-0.6215705967146201,-0.9274745739175644,-0.4408822116081401
20.0,181.0,1000.9432373046876,0.824493352894084,0.1717593457825232,-2.3768181931737407,-0.0231454770914799,0.5188578186747616,-0.571934593955575,0.1201970601601191,-0.6215705967146201,-0.9274745739175644,-0.4408822121816843
20.0,181.0,1000.9432373046876,0.8244933528941873,0.1717593457825232,-2.376818166038288,-0.0231454652598426,0.5188549899109364,-0.571934593955556,0.1201970601601191,-0.6215705967146201,-0.9274745739175644,-0.4408826228163027
20.0,181.0,1000.9432373046876,0.8244933528941882,0.1717593457825232,-2.376818171466023,-0.0231454770955707,0.5188578186747616,-0.571934593955575,0.1201970601601191,-0.6215705967146201,-0.9274745739175644,-0.4408822145023395
20.0,181.0,1000.9432373046876,0.8244933528940844,0.1717593457825232,-2.3768181931737407,-0.0231454773413916,0.5188578186747616,-0.571934593955575,0.1201970601601191,-0.6215705967146201,-0.9274745739175644,-0.4408822121816843
20.0,181.0,1000.9432373046876,0.824493352894084,0.1717593457825232,-2.3768181931737407,-0.0231454770914799,0.5188578186747616,-0.571934593955575,0.1201970601601191,-0.6215705967146201,-0.9274745739175644,-0.4408822121816843
20.0,181.0,1000.9432373046876,0.824493352894084,0.1717593457825232,-2.3768181931737407,-0.0231454770914799,0.5188578186747616,-0.571934593955575,0.1201970601601191,-0.6215705967146201,-0.9274745739175644,-0.4408822138326776
20.0,181.0,1000.9432373046876,0.8244933528941882,0.1717593457825232,-2.3768181714892185,-0.0231454770955707,0.5188578186747616,-0.571934593955575,0.1201970601601191,-0.6215705967146201,-0.9274745739175644,-0.4408822145023395
20.0,181.0,1000.9432373046876,0.824493352894084,0.1717593457825232,-2.3768181920100586,-0.0231454770857545,0.5188578186747616,-0.571934593955575,0.1201970601601191,-0.6215705967146201,-0.9274745739175644,-0.4408822121816843
20.0,181.0,1000.9432373046876,0.8244933528941873,0.1717593457825232,-2.376818166038288,-0.0231454652598426,0.5188549899109364,-0.571934593955556,0.1201970601601191,-0.6215705967146201,-0.9274745739175644,-0.4408826228163027
20.0,181.0,1000.9432373046876,0.8244933528941873,0.1717593457825232,-2.376818166038288,-0.0231454774621978,0.5188549899109364,-0.5719345939555734,0.1201970601601191,-0.6215705967146201,-0.9274745739175644,-0.4408826026868362
20.0,181.0,1000.9432373046876,0.824493352894084,0.1717593457825232,-2.3768181931737407,-0.0231454770914799,0.5188578186747616,-0.571934593955575,0.1201970601601191,-0.6215705967146201,-0.9274745739175644,-0.4408822121816843
20.0,181.0,1000.9432373046876,0.824493352894084,0.1717593457825232,-2.3768181931737407,-0.0231454770907681,0.5188578186747616,-0.571934593955575,0.1201970601601191,-0.6215705967146201,-0.9274745739175644,-0.4408822138326776
20.0,181.0,1000.9432373046876,0.8244933528940895,0.1717593457825232,-2.37681816374902,-0.0231454769487913,0.5188578186747616,-0.5719345939555747,0.1201970601601191,-0.6215705967146201,-0.9274745739175644,-0.4408822121816843
20.0,181.0,1000.9432373046876,0.824493352894084,0.1717593457825232,-2.3768181931737407,-0.0231454770914799,0.5188578186747616,-0.571934593955575,0.1201970601601191,-0.6215705967146201,-0.9274745739175644,-0.4408822121816843
20.0,181.0,1000.9432373046876,0.8244933528941846,0.1717593457825232,-2.3768181931737407,-0.0231454773413916,0.5188578186747616,-0.571934593955575,0.1201970601601191,-0.6215705967146201,-0.9274745739175644,-0.4408822121816843
20.0,181.0,1000.9432373046876,0.8244933528940794,0.1717593457825232,-2.3768181931737407,-0.0231454769495031,0.5188578186747616,-0.571934593955575,0.1201970601601191,-0.6215705967146201,-0.9274745739175644,-0.4408822121816843
20.0,181.0,1000.9432373046876,0.8244933528941873,0.1717593457825232,-2.376818193819988,-0.0231454767152466,0.518857746656337,-0.571934593955556,0.1201970601601191,-0.6215705967146201,-0.9274745739175644,-0.4408822444018306
20.0,181.0,1000.9432373046876,0.8244933528941846,0.1717593457825232,-2.3768181931737407,-0.0231454773413916,0.5188578127219803,-0.571934593955575,0.1201970601601191,-0.6215705967146201,-0.9274745739175644,-0.4408822121816843
20.0,181.0,1000.9432373046876,0.8244933528941739,0.1717593457825232,-2.376818195578807,-0.0231454767222202,0.5188578186747616,-0.571934593955575,0.1201970601601191,-0.6215705967146201,-0.9274745739175644,-0.4408822063575652
20.0,181.0,1000.9432373046876,0.8244933528940794,0.1717593457825232,-2.3768181931737407,-0.0231454769495031,0.5188578186747616,-0.571934593955575,0.1201970601601191,-0.6215705967146201,-0.9274745739175644,-0.4408822121816843
20.0,181.0,1000.9432373046876,0.8244933528940794,0.1717593457825232,-2.3768181931737407,-0.0231454769487913,0.5188578186747616,-0.571934593955575,0.1201970601601191,-0.6215705967146201,-0.9274745739175644,-0.4408822121816843
20.0,181.0,1000.9432373046876,0.8244933528940853,0.1717593457825232,-2.37681816374902,-0.0231454778347824,0.5188546184138192,-0.5719345939555747,0.1201970601601191,-0.6215705967146201,-0.9274745739175644,-0.440882600856085
20.0,181.0,1000.9432373046876,0.8244933528940794,0.1717593457825232,-2.376818165392041,-0.0231454654933873,0.5188550619293609,-0.571934593955575,0.1201970601601191,-0.6215705967146201,-0.9274745739175644,-0.4408825905961564
20.0,181.0,1000.9432373046876,0.824493352894084,0.1717593457825232,-2.3768181931737407,-0.0231454658180361,0.5188492847891056,-0.571934593955575,0.1201970601601191,-0.6215705967146201,-0.9274745739175644,-0.4408818569325445
20.0,181.0,1000.9432373046876,0.8244933528941873,0.1717593457825232,-2.3768181716375043,-0.0231454770914799,0.5188578186747616,-0.571934593955575,0.1201970601601191,-0.6215705967146201,-0.9274745739175644,-0.4408822312686979
20.0,181.0,1000.9432373046876,0.824493352894084,0.1717593457825232,-2.3768181931737407,-0.0231454770914799,0.5188578186747616,-0.571934593955575,0.1201970601601191,-0.6215705967146201,-0.9274745739175644,-0.4408822121816843
20.0,181.0,1000.9432373046876,0.8244933528941853,0.1717593457825232,-2.376818171443306,-0.0231454770955707,0.5188578186747616,-0.571934593955575,0.1201970601601191,-0.6215705967146201,-0.9274745739175644,-0.4408822116081401
20.0,181.0,1000.9432373046876,0.8244933528940844,0.1717593457825232,-2.3768181931737407,-0.0231454773413916,0.5188578186747616,-0.571934593955575,0.1201970601601191,-0.6215705967146201,-0.9274745739175644,-0.4408822121816843
20.0,181.0,1000.9432373046876,0.8244933528941873,0.1717593457825232,-2.376818166038288,-0.0231454774621978,0.5188549899109364,-0.5719345939555734,0.1201970601601191,-0.6215705967146201,-0.9274745739175644,-0.4408826026868362
20.0,181.0,1000.9432373046876,0.8244933528941917,0.1717593457825232,-2.376818166038288,-0.0231454643738514,0.5188581901718787,-0.571934593955556,0.1201970601601191,-0.6215705967146201,-0.9274745739175644,-0.440882234141902
20.0,181.0,1000.9432373046876,0.8244933528941846,0.1717593457825232,-2.3768181931737407,-0.0231454773413916,0.518857812890982,-0.571934593955575,0.1201970601601191,-0.6215705967146201,-0.9274745739175644,-0.4408822121816843
20.0,181.0,1000.9432373046876,0.824493352894087,0.1717593457825232,-2.3768181934489463,-0.0231454774605585,0.5188581458690521,-0.571934593955575,0.1201970601601191,-0.6215705967146201,-0.9274745739175644,-0.4408822121816843
20.0,181.0,1000.9432373046876,0.8244933528940794,0.1717593457825232,-2.376818165392041,-0.0231454774125806,0.5188550619293609,-0.571934593955575,0.1201970601601191,-0.6215705967146201,-0.9274745739175644,-0.4408822110497736
20.0,181.0,1000.9432373046876,0.8244933528941853,0.1717593457825232,-2.376818171419115,-0.0231454774548386,0.5188548181131262,-0.571934593955575,0.1201970601601191,-0.6215705967146201,-0.9274745739175644,-0.4408826062061954
20.0,181.0,1000.9432373046876,0.8244933528941873,0.1717593457825232,-2.37681817107884,-0.0231454770914799,0.5188578186747616,-0.571934593955575,0.1201970601601191,-0.6215705967146201,-0.9274745739175644,-0.4408822312686979
20.0,181.0,1000.9432373046876,0.8244933528941917,0.1717593457825232,-2.376818166371673,-0.0231454643738514,0.5188578170754249,-0.5719345939555553,0.1201970601601191,-0.6215705967146201,-0.9274745739175644,-0.440882234141902
20.0,181.0,1000.9432373046876,0.824493352894084,0.1717593457825232,-2.3768181931737407,-0.0231454770914799,0.5188578186747616,-0.571934593955575,0.1201970601601191,-0.6215705967146201,-0.9274745739175644,-0.4408822121816843
20.0,181.0,1000.9432373046876,0.8244933528941853,0.1717593457825232,-2.376818171443306,-0.0231454770955707,0.5188578424111012,-0.5719345939555752,0.1201970601601191,-0.6215705967146201,-0.9274745739175644,-0.4408822116081401
20.0,181.0,1000.9432373046876,0.8244933528941873,0.1717593457825232,-2.376818193819988,-0.0231454767152466,0.518857746656337,-0.571934593955556,0.1201970601601191,-0.6215705967146201,-0.9274745739175644,-0.4408822444018306
20.0,181.0,1000.9432373046876,0.8244933528940892,0.1717593457825232,-2.376818166157814,-0.0231454769487913,0.5188548748987581,-0.5719345939555747,0.1201970601601191,-0.6215705967146201,-0.9274745739175644,-0.440882622649795
20.0,181.0,1000.9432373046876,0.8244933528941846,0.1717593457825232,-2.3768181931737407,-0.0231454773413916,0.51885781850576,-0.571934593955575,0.1201970601601191,-0.6215705967146201,-0.9274745739175644,-0.4408822121816843
20.0,181.0,1000.9432373046876,0.8244933528941842,0.1717593457825232,-2.376818165763083,-0.0231454770931193,0.5188546627166458,-0.5719345939555734,0.1201970601601191,-0.6215705967146201,-0.9274745739175644,-0.4408826026868362
20.0,181.0,1000.9432373046876,0.8244933528940827,0.1717593457825232,-2.3768181661483,-0.0231454652598426,0.5188549899109364,-0.571934593955575,0.1201970601601191,-0.6215705967146201,-0.9274745739175644,-0.4408826341076294
20.0,181.0,1000.9432373046876,0.8244933528941739,0.1717593457825232,-2.376818195578807,-0.0231454648030269,0.5188578186747616,-0.571934593955575,0.1201970601601191,-0.6215705967146201,-0.9274745739175644,-0.440882585903948
20.0,181.0,1000.9432373046876,0.8244933528941821,0.1717593457825232,-2.3768181931737407,-0.0231454649681668,0.5188578407499954,-0.571934593955575,0.1201970601601191,-0.6215705967146201,-0.9274745739175644,-0.4408822121816843
20.0,182.0,1000.9432373046876,0.824493352894084,0.1717593457825232,-2.3768181931737407,-0.0231454770914799,0.5188578186747616,-0.571934593955575,0.1201970601601191,-0.6215705967146201,-0.9274745739175644,-0.4408822121816843
20.0,182.0,1000.9432373046876,0.824493352894084,0.1717593457825232,-2.3768181931737407,-0.0231454770914799,0.5188578186747616,-0.571934593955575,0.1201970601601191,-0.6215705967146201,-0.9274745739175644,-0.4408822121816843
20.0,182.0,1000.9432373046876,0.8244933528941846,0.1717593457825232,-2.3768181931737407,-0.0231454773413916,0.5188578186747616,-0.571934593955575,0.1201970601601191,-0.6215705967146201,-0.9274745739175644,-0.4408822121816843
20.0,182.0,1000.9432373046876,0.8244933528940794,0.1717593457825232,-2.3768181931737407,-0.0231454769487913,0.5188578186747616,-0.571934593955575,0.1201970601601191,-0.6215705967146201,-0.9274745739175644,-0.4408822121816843
20.0,182.0,1000.9432373046876,0.8244933528941853,0.1717593457825232,-2.376818171443306,-0.0231454770955707,0.5188578186747616,-0.571934593955575,0.1201970601601191,-0.6215705967146201,-0.9274745739175644,-0.4408822116081401
20.0,182.0,1000.9432373046876,0.824493352894084,0.1717593457825232,-2.3768181931737407,-0.0231454770914799,0.5188578186747616,-0.571934593955575,0.1201970601601191,-0.6215705967146201,-0.9274745739175644,-0.4408822121816843
20.0,182.0,1000.9432373046876,0.8244933528941873,0.1717593457825232,-2.376818166038288,-0.0231454652598426,0.5188549899109364,-0.571934593955556,0.1201970601601191,-0.6215705967146201,-0.9274745739175644,-0.4408826228163027
20.0,182.0,1000.9432373046876,0.8244933528941882,0.1717593457825232,-2.376818171466023,-0.0231454770955707,0.5188578186747616,-0.571934593955575,0.1201970601601191,-0.6215705967146201,-0.9274745739175644,-0.4408822145023395
20.0,182.0,1000.9432373046876,0.8244933528940844,0.1717593457825232,-2.3768181931737407,-0.0231454773413916,0.5188578186747616,-0.571934593955575,0.1201970601601191,-0.6215705967146201,-0.9274745739175644,-0.4408822121816843
20.0,182.0,1000.9432373046876,0.824493352894084,0.1717593457825232,-2.3768181931737407,-0.0231454770914799,0.5188578186747616,-0.571934593955575,0.1201970601601191,-0.6215705967146201,-0.9274745739175644,-0.4408822121816843
20.0,182.0,1000.9432373046876,0.824493352894084,0.1717593457825232,-2.3768181931737407,-0.0231454770914799,0.5188578186747616,-0.571934593955575,0.1201970601601191,-0.6215705967146201,-0.9274745739175644,-0.4408822138326776
20.0,182.0,1000.9432373046876,0.8244933528941882,0.1717593457825232,-2.3768181714892185,-0.0231454770955707,0.5188578186747616,-0.571934593955575,0.1201970601601191,-0.6215705967146201,-0.9274745739175644,-0.4408822145023395
20.0,182.0,1000.9432373046876,0.824493352894084,0.1717593457825232,-2.3768181920100586,-0.0231454770857545,0.5188578186747616,-0.571934593955575,0.1201970601601191,-0.6215705967146201,-0.9274745739175644,-0.4408822121816843
20.0,182.0,1000.9432373046876,0.8244933528941873,0.1717593457825232,-2.376818166038288,-0.0231454652598426,0.5188549899109364,-0.571934593955556,0.1201970601601191,-0.6215705967146201,-0.9274745739175644,-0.4408826228163027
20.0,182.0,1000.9432373046876,0.8244933528941873,0.1717593457825232,-2.376818166038288,-0.0231454774621978,0.5188549899109364,-0.5719345939555734,0.1201970601601191,-0.6215705967146201,-0.9274745739175644,-0.4408826026868362
20.0,182.0,1000.9432373046876,0.824493352894084,0.1717593457825232,-2.3768181931737407,-0.0231454770914799,0.5188578186747616,-0.571934593955575,0.1201970601601191,-0.6215705967146201,-0.9274745739175644,-0.4408822121816843
20.0,182.0,1000.9432373046876,0.824493352894084,0.1717593457825232,-2.3768181931737407,-0.0231454770907681,0.5188578186747616,-0.571934593955575,0.1201970601601191,-0.6215705967146201,-0.9274745739175644,-0.4408822138326776
20.0,182.0,1000.9432373046876,0.8244933528940895,0.1717593457825232,-2.37681816374902,-0.0231454769487913,0.5188578186747616,-0.5719345939555747,0.1201970601601191,-0.6215705967146201,-0.9274745739175644,-0.4408822121816843
20.0,182.0,1000.9432373046876,0.824493352894084,0.1717593457825232,-2.3768181931737407,-0.0231454770914799,0.5188578186747616,-0.571934593955575,0.1201970601601191,-0.6215705967146201,-0.9274745739175644,-0.4408822121816843
20.0,182.0,1000.9432373046876,0.8244933528941846,0.1717593457825232,-2.3768181931737407,-0.0231454773413916,0.5188578186747616,-0.571934593955575,0.1201970601601191,-0.6215705967146201,-0.9274745739175644,-0.4408822121816843
20.0,182.0,1000.9432373046876,0.8244933528940794,0.1717593457825232,-2.3768181931737407,-0.0231454769495031,0.5188578186747616,-0.571934593955575,0.1201970601601191,-0.6215705967146201,-0.9274745739175644,-0.4408822121816843
20.0,182.0,1000.9432373046876,0.8244933528941873,0.1717593457825232,-2.376818193819988,-0.0231454767152466,0.518857746656337,-0.571934593955556,0.1201970601601191,-0.6215705967146201,-0.9274745739175644,-0.4408822444018306
20.0,182.0,1000.9432373046876,0.8244933528941846,0.1717593457825232,-2.3768181931737407,-0.0231454773413916,0.5188578127219803,-0.571934593955575,0.1201970601601191,-0.6215705967146201,-0.9274745739175644,-0.4408822121816843
20.0,182.0,1000.9432373046876,0.8244933528941739,0.1717593457825232,-2.376818195578807,-0.0231454767222202,0.5188578186747616,-0.571934593955575,0.1201970601601191,-0.6215705967146201,-0.9274745739175644,-0.4408822063575652
20.0,182.0,1000.9432373046876,0.8244933528940794,0.1717593457825232,-2.3768181931737407,-0.0231454769495031,0.5188578186747616,-0.571934593955575,0.1201970601601191,-0.6215705967146201,-0.9274745739175644,-0.4408822121816843
20.0,182.0,1000.9432373046876,0.8244933528940794,0.1717593457825232,-2.3768181931737407,-0.0231454769487913,0.5188578186747616,-0.571934593955575,0.1201970601601191,-0.6215705967146201,-0.9274745739175644,-0.4408822121816843
20.0,182.0,1000.9432373046876,0.8244933528940853,0.1717593457825232,-2.37681816374902,-0.0231454778347824,0.5188546184138192,-0.5719345939555747,0.1201970601601191,-0.6215705967146201,-0.9274745739175644,-0.440882600856085
20.0,182.0,1000.9432373046876,0.8244933528940794,0.1717593457825232,-2.376818165392041,-0.0231454654933873,0.5188550619293609,-0.571934593955575,0.1201970601601191,-0.6215705967146201,-0.9274745739175644,-0.4408825905961564
20.0,182.0,1000.9432373046876,0.824493352894084,0.1717593457825232,-2.3768181931737407,-0.0231454658180361,0.5188492847891056,-0.571934593955575,0.1201970601601191,-0.6215705967146201,-0.9274745739175644,-0.4408818569325445
20.0,182.0,1000.9432373046876,0.8244933528941873,0.1717593457825232,-2.3768181716375043,-0.0231454770914799,0.5188578186747616,-0.571934593955575,0.1201970601601191,-0.6215705967146201,-0.9274745739175644,-0.4408822312686979
20.0,182.0,1000.9432373046876,0.824493352894084,0.1717593457825232,-2.3768181931737407,-0.0231454770914799,0.5188578186747616,-0.571934593955575,0.1201970601601191,-0.6215705967146201,-0.9274745739175644,-0.4408822121816843
20.0,182.0,1000.9432373046876,0.8244933528941853,0.1717593457825232,-2.376818171443306,-0.0231454770955707,0.5188578186747616,-0.571934593955575,0.1201970601601191,-0.6215705967146201,-0.9274745739175644,-0.4408822116081401
20.0,182.0,1000.9432373046876,0.8244933528940844,0.1717593457825232,-2.3768181931737407,-0.0231454773413916,0.5188578186747616,-0.571934593955575,0.1201970601601191,-0.6215705967146201,-0.9274745739175644,-0.4408822121816843
20.0,182.0,1000.9432373046876,0.8244933528941873,0.1717593457825232,-2.376818166038288,-0.0231454774621978,0.5188549899109364,-0.5719345939555734,0.1201970601601191,-0.6215705967146201,-0.9274745739175644,-0.4408826026868362
20.0,182.0,1000.9432373046876,0.8244933528941917,0.1717593457825232,-2.376818166038288,-0.0231454643738514,0.5188581901718787,-0.571934593955556,0.1201970601601191,-0.6215705967146201,-0.9274745739175644,-0.440882234141902
20.0,182.0,1000.9432373046876,0.8244933528941846,0.1717593457825232,-2.3768181931737407,-0.0231454773413916,0.518857812890982,-0.571934593955575,0.1201970601601191,-0.6215705967146201,-0.9274745739175644,-0.4408822121816843
20.0,182.0,1000.9432373046876,0.824493352894087,0.1717593457825232,-2.3768181934489463,-0.0231454774605585,0.5188581458690521,-0.571934593955575,0.1201970601601191,-0.6215705967146201,-0.9274745739175644,-0.4408822121816843
20.0,182.0,1000.9432373046876,0.8244933528940794,0.1717593457825232,-2.376818165392041,-0.0231454774125806,0.5188550619293609,-0.571934593955575,0.1201970601601191,-0.6215705967146201,-0.9274745739175644,-0.4408822110497736
20.0,182.0,1000.9432373046876,0.8244933528941853,0.1717593457825232,-2.376818171419115,-0.0231454774548386,0.5188548181131262,-0.571934593955575,0.1201970601601191,-0.6215705967146201,-0.9274745739175644,-0.4408826062061954
20.0,182.0,1000.9432373046876,0.8244933528941873,0.1717593457825232,-2.37681817107884,-0.0231454770914799,0.5188578186747616,-0.571934593955575,0.1201970601601191,-0.6215705967146201,-0.9274745739175644,-0.4408822312686979
20.0,182.0,1000.9432373046876,0.8244933528941917,0.1717593457825232,-2.376818166371673,-0.0231454643738514,0.5188578170754249,-0.5719345939555553,0.1201970601601191,-0.6215705967146201,-0.9274745739175644,-0.440882234141902
20.0,182.0,1000.9432373046876,0.824493352894084,0.1717593457825232,-2.3768181931737407,-0.0231454770914799,0.5188578186747616,-0.571934593955575,0.1201970601601191,-0.6215705967146201,-0.9274745739175644,-0.4408822121816843
20.0,182.0,1000.9432373046876,0.8244933528941853,0.1717593457825232,-2.376818171443306,-0.0231454770955707,0.5188578424111012,-0.5719345939555752,0.1201970601601191,-0.6215705967146201,-0.9274745739175644,-0.4408822116081401
20.0,182.0,1000.9432373046876,0.8244933528941873,0.1717593457825232,-2.376818193819988,-0.0231454767152466,0.518857746656337,-0.571934593955556,0.1201970601601191,-0.6215705967146201,-0.9274745739175644,-0.4408822444018306
20.0,182.0,1000.9432373046876,0.8244933528940892,0.1717593457825232,-2.376818166157814,-0.0231454769487913,0.5188548748987581,-0.5719345939555747,0.1201970601601191,-0.6215705967146201,-0.9274745739175644,-0.440882622649795
20.0,182.0,1000.9432373046876,0.8244933528941846,0.1717593457825232,-2.3768181931737407,-0.0231454773413916,0.51885781850576,-0.571934593955575,0.1201970601601191,-0.6215705967146201,-0.9274745739175644,-0.4408822121816843
20.0,182.0,1000.9432373046876,0.8244933528941842,0.1717593457825232,-2.376818165763083,-0.0231454770931193,0.5188546627166458,-0.5719345939555734,0.1201970601601191,-0.6215705967146201,-0.9274745739175644,-0.4408826026868362
20.0,182.0,1000.9432373046876,0.8244933528940827,0.1717593457825232,-2.3768181661483,-0.0231454652598426,0.5188549899109364,-0.571934593955575,0.1201970601601191,-0.6215705967146201,-0.9274745739175644,-0.4408826341076294
20.0,182.0,1000.9432373046876,0.8244933528941739,0.1717593457825232,-2.376818195578807,-0.0231454648030269,0.5188578186747616,-0.571934593955575,0.1201970601601191,-0.6215705967146201,-0.9274745739175644,-0.440882585903948
20.0,182.0,1000.9432373046876,0.8244933528941821,0.1717593457825232,-2.3768181931737407,-0.0231454649681668,0.5188578407499954,-0.571934593955575,0.1201970601601191,-0.6215705967146201,-0.9274745739175644,-0.4408822121816843
20.0,183.0,1000.9432373046876,0.824493352894084,0.1717593457825232,-2.3768181931737407,-0.0231454770914799,0.5188578186747616,-0.571934593955575,0.1201970601601191,-0.6215705967146201,-0.9274745739175644,-0.4408822121816843
20.0,183.0,1000.9432373046876,0.824493352894084,0.1717593457825232,-2.3768181931737407,-0.0231454770914799,0.5188578186747616,-0.571934593955575,0.1201970601601191,-0.6215705967146201,-0.9274745739175644,-0.4408822121816843
20.0,183.0,1000.9432373046876,0.8244933528941846,0.1717593457825232,-2.3768181931737407,-0.0231454773413916,0.5188578186747616,-0.571934593955575,0.1201970601601191,-0.6215705967146201,-0.9274745739175644,-0.4408822121816843
20.0,183.0,1000.9432373046876,0.8244933528940794,0.1717593457825232,-2.3768181931737407,-0.0231454769487913,0.5188578186747616,-0.571934593955575,0.1201970601601191,-0.6215705967146201,-0.9274745739175644,-0.4408822121816843
20.0,183.0,1000.9432373046876,0.8244933528941853,0.1717593457825232,-2.376818171443306,-0.0231454770955707,0.5188578186747616,-0.571934593955575,0.1201970601601191,-0.6215705967146201,-0.9274745739175644,-0.4408822116081401
20.0,183.0,1000.9432373046876,0.824493352894084,0.1717593457825232,-2.3768181931737407,-0.0231454770914799,0.5188578186747616,-0.571934593955575,0.1201970601601191,-0.6215705967146201,-0.9274745739175644,-0.4408822121816843
20.0,183.0,1000.9432373046876,0.8244933528941873,0.1717593457825232,-2.376818166038288,-0.0231454652598426,0.5188549899109364,-0.571934593955556,0.1201970601601191,-0.6215705967146201,-0.9274745739175644,-0.4408826228163027
20.0,183.0,1000.9432373046876,0.8244933528941882,0.1717593457825232,-2.376818171466023,-0.0231454770955707,0.5188578186747616,-0.571934593955575,0.1201970601601191,-0.6215705967146201,-0.9274745739175644,-0.4408822145023395
20.0,183.0,1000.9432373046876,0.8244933528940844,0.1717593457825232,-2.3768181931737407,-0.0231454773413916,0.5188578186747616,-0.571934593955575,0.1201970601601191,-0.6215705967146201,-0.9274745739175644,-0.4408822121816843
20.0,183.0,1000.9432373046876,0.824493352894084,0.1717593457825232,-2.3768181931737407,-0.0231454770914799,0.5188578186747616,-0.571934593955575,0.1201970601601191,-0.6215705967146201,-0.9274745739175644,-0.4408822121816843
20.0,183.0,1000.9432373046876,0.824493352894084,0.1717593457825232,-2.3768181931737407,-0.0231454770914799,0.5188578186747616,-0.571934593955575,0.1201970601601191,-0.6215705967146201,-0.9274745739175644,-0.4408822138326776
20.0,183.0,1000.9432373046876,0.8244933528941882,0.1717593457825232,-2.3768181714892185,-0.0231454770955707,0.5188578186747616,-0.571934593955575,0.1201970601601191,-0.6215705967146201,-0.9274745739175644,-0.4408822145023395
20.0,183.0,1000.9432373046876,0.824493352894084,0.1717593457825232,-2.3768181920100586,-0.0231454770857545,0.5188578186747616,-0.571934593955575,0.1201970601601191,-0.6215705967146201,-0.9274745739175644,-0.4408822121816843
20.0,183.0,1000.9432373046876,0.8244933528941873,0.1717593457825232,-2.376818166038288,-0.0231454652598426,0.5188549899109364,-0.571934593955556,0.1201970601601191,-0.6215705967146201,-0.9274745739175644,-0.4408826228163027
20.0,183.0,1000.9432373046876,0.8244933528941873,0.1717593457825232,-2.376818166038288,-0.0231454774621978,0.5188549899109364,-0.5719345939555734,0.1201970601601191,-0.6215705967146201,-0.9274745739175644,-0.4408826026868362
20.0,183.0,1000.9432373046876,0.824493352894084,0.1717593457825232,-2.3768181931737407,-0.0231454770914799,0.5188578186747616,-0.571934593955575,0.1201970601601191,-0.6215705967146201,-0.9274745739175644,-0.4408822121816843
20.0,183.0,1000.9432373046876,0.824493352894084,0.1717593457825232,-2.3768181931737407,-0.0231454770907681,0.5188578186747616,-0.571934593955575,0.1201970601601191,-0.6215705967146201,-0.9274745739175644,-0.4408822138326776
20.0,183.0,1000.9432373046876,0.8244933528940895,0.1717593457825232,-2.37681816374902,-0.0231454769487913,0.5188578186747616,-0.5719345939555747,0.1201970601601191,-0.6215705967146201,-0.9274745739175644,-0.4408822121816843
20.0,183.0,1000.9432373046876,0.824493352894084,0.1717593457825232,-2.3768181931737407,-0.0231454770914799,0.5188578186747616,-0.571934593955575,0.1201970601601191,-0.6215705967146201,-0.9274745739175644,-0.4408822121816843
20.0,183.0,1000.9432373046876,0.8244933528941846,0.1717593457825232,-2.3768181931737407,-0.0231454773413916,0.5188578186747616,-0.571934593955575,0.1201970601601191,-0.6215705967146201,-0.9274745739175644,-0.4408822121816843
20.0,183.0,1000.9432373046876,0.8244933528940794,0.1717593457825232,-2.3768181931737407,-0.0231454769495031,0.5188578186747616,-0.571934593955575,0.1201970601601191,-0.6215705967146201,-0.9274745739175644,-0.4408822121816843
20.0,183.0,1000.9432373046876,0.8244933528941873,0.1717593457825232,-2.376818193819988,-0.0231454767152466,0.518857746656337,-0.571934593955556,0.1201970601601191,-0.6215705967146201,-0.9274745739175644,-0.4408822444018306
20.0,183.0,1000.9432373046876,0.8244933528941846,0.1717593457825232,-2.3768181931737407,-0.0231454773413916,0.5188578127219803,-0.571934593955575,0.1201970601601191,-0.6215705967146201,-0.9274745739175644,-0.4408822121816843
20.0,183.0,1000.9432373046876,0.8244933528941739,0.1717593457825232,-2.376818195578807,-0.0231454767222202,0.5188578186747616,-0.571934593955575,0.1201970601601191,-0.6215705967146201,-0.9274745739175644,-0.4408822063575652
20.0,183.0,1000.9432373046876,0.8244933528940794,0.1717593457825232,-2.3768181931737407,-0.0231454769495031,0.5188578186747616,-0.571934593955575,0.1201970601601191,-0.6215705967146201,-0.9274745739175644,-0.4408822121816843
20.0,183.0,1000.9432373046876,0.8244933528940794,0.1717593457825232,-2.3768181931737407,-0.0231454769487913,0.5188578186747616,-0.571934593955575,0.1201970601601191,-0.6215705967146201,-0.9274745739175644,-0.4408822121816843
20.0,183.0,1000.9432373046876,0.8244933528940853,0.1717593457825232,-2.37681816374902,-0.0231454778347824,0.5188546184138192,-0.5719345939555747,0.1201970601601191,-0.6215705967146201,-0.9274745739175644,-0.440882600856085
20.0,183.0,1000.9432373046876,0.8244933528940794,0.1717593457825232,-2.376818165392041,-0.0231454654933873,0.5188550619293609,-0.571934593955575,0.1201970601601191,-0.6215705967146201,-0.9274745739175644,-0.4408825905961564
20.0,183.0,1000.9432373046876,0.824493352894084,0.1717593457825232,-2.3768181931737407,-0.0231454658180361,0.5188492847891056,-0.571934593955575,0.1201970601601191,-0.6215705967146201,-0.9274745739175644,-0.4408818569325445
20.0,183.0,1000.9432373046876,0.8244933528941873,0.1717593457825232,-2.3768181716375043,-0.0231454770914799,0.5188578186747616,-0.571934593955575,0.1201970601601191,-0.6215705967146201,-0.9274745739175644,-0.4408822312686979
20.0,183.0,1000.9432373046876,0.824493352894084,0.1717593457825232,-2.3768181931737407,-0.0231454770914799,0.5188578186747616,-0.571934593955575,0.1201970601601191,-0.6215705967146201,-0.9274745739175644,-0.4408822121816843
20.0,183.0,1000.9432373046876,0.8244933528941853,0.1717593457825232,-2.376818171443306,-0.0231454770955707,0.5188578186747616,-0.571934593955575,0.1201970601601191,-0.6215705967146201,-0.9274745739175644,-0.4408822116081401
20.0,183.0,1000.9432373046876,0.8244933528940844,0.1717593457825232,-2.3768181931737407,-0.0231454773413916,0.5188578186747616,-0.571934593955575,0.1201970601601191,-0.6215705967146201,-0.9274745739175644,-0.4408822121816843
20.0,183.0,1000.9432373046876,0.8244933528941873,0.1717593457825232,-2.376818166038288,-0.0231454774621978,0.5188549899109364,-0.5719345939555734,0.1201970601601191,-0.6215705967146201,-0.9274745739175644,-0.4408826026868362
20.0,183.0,1000.9432373046876,0.8244933528941917,0.1717593457825232,-2.376818166038288,-0.0231454643738514,0.5188581901718787,-0.571934593955556,0.1201970601601191,-0.6215705967146201,-0.9274745739175644,-0.440882234141902
20.0,183.0,1000.9432373046876,0.8244933528941846,0.1717593457825232,-2.3768181931737407,-0.0231454773413916,0.518857812890982,-0.571934593955575,0.1201970601601191,-0.6215705967146201,-0.9274745739175644,-0.4408822121816843
20.0,183.0,1000.9432373046876,0.824493352894087,0.1717593457825232,-2.3768181934489463,-0.0231454774605585,0.5188581458690521,-0.571934593955575,0.1201970601601191,-0.6215705967146201,-0.9274745739175644,-0.4408822121816843
20.0,183.0,1000.9432373046876,0.8244933528940794,0.1717593457825232,-2.376818165392041,-0.0231454774125806,0.5188550619293609,-0.571934593955575,0.1201970601601191,-0.6215705967146201,-0.9274745739175644,-0.4408822110497736
20.0,183.0,1000.9432373046876,0.8244933528941853,0.1717593457825232,-2.376818171419115,-0.0231454774548386,0.5188548181131262,-0.571934593955575,0.1201970601601191,-0.6215705967146201,-0.9274745739175644,-0.4408826062061954
20.0,183.0,1000.9432373046876,0.8244933528941873,0.1717593457825232,-2.37681817107884,-0.0231454770914799,0.5188578186747616,-0.571934593955575,0.1201970601601191,-0.6215705967146201,-0.9274745739175644,-0.4408822312686979
20.0,183.0,1000.9432373046876,0.8244933528941917,0.1717593457825232,-2.376818166371673,-0.0231454643738514,0.5188578170754249,-0.5719345939555553,0.1201970601601191,-0.6215705967146201,-0.9274745739175644,-0.440882234141902
20.0,183.0,1000.9432373046876,0.824493352894084,0.1717593457825232,-2.3768181931737407,-0.0231454770914799,0.5188578186747616,-0.571934593955575,0.1201970601601191,-0.6215705967146201,-0.9274745739175644,-0.4408822121816843
20.0,183.0,1000.9432373046876,0.8244933528941853,0.1717593457825232,-2.376818171443306,-0.0231454770955707,0.5188578424111012,-0.5719345939555752,0.1201970601601191,-0.6215705967146201,-0.9274745739175644,-0.4408822116081401
20.0,183.0,1000.9432373046876,0.8244933528941873,0.1717593457825232,-2.376818193819988,-0.0231454767152466,0.518857746656337,-0.571934593955556,0.1201970601601191,-0.6215705967146201,-0.9274745739175644,-0.4408822444018306
20.0,183.0,1000.9432373046876,0.8244933528940892,0.1717593457825232,-2.376818166157814,-0.0231454769487913,0.5188548748987581,-0.5719345939555747,0.1201970601601191,-0.6215705967146201,-0.9274745739175644,-0.440882622649795
20.0,183.0,1000.9432373046876,0.8244933528941846,0.1717593457825232,-2.3768181931737407,-0.0231454773413916,0.51885781850576,-0.571934593955575,0.1201970601601191,-0.6215705967146201,-0.9274745739175644,-0.4408822121816843
20.0,183.0,1000.9432373046876,0.8244933528941842,0.1717593457825232,-2.376818165763083,-0.0231454770931193,0.5188546627166458,-0.5719345939555734,0.1201970601601191,-0.6215705967146201,-0.9274745739175644,-0.4408826026868362
20.0,183.0,1000.9432373046876,0.8244933528940827,0.1717593457825232,-2.3768181661483,-0.0231454652598426,0.5188549899109364,-0.571934593955575,0.1201970601601191,-0.6215705967146201,-0.9274745739175644,-0.4408826341076294
20.0,183.0,1000.9432373046876,0.8244933528941739,0.1717593457825232,-2.376818195578807,-0.0231454648030269,0.5188578186747616,-0.571934593955575,0.1201970601601191,-0.6215705967146201,-0.9274745739175644,-0.440882585903948
20.0,183.0,1000.9432373046876,0.8244933528941821,0.1717593457825232,-2.3768181931737407,-0.0231454649681668,0.5188578407499954,-0.571934593955575,0.1201970601601191,-0.6215705967146201,-0.9274745739175644,-0.4408822121816843
20.0,184.0,1000.9432373046876,0.824493352894084,0.1717593457825232,-2.3768181931737407,-0.0231454770914799,0.5188578186747616,-0.571934593955575,0.1201970601601191,-0.6215705967146201,-0.9274745739175644,-0.4408822121816843
20.0,184.0,1000.9432373046876,0.824493352894084,0.1717593457825232,-2.3768181931737407,-0.0231454770914799,0.5188578186747616,-0.571934593955575,0.1201970601601191,-0.6215705967146201,-0.9274745739175644,-0.4408822121816843
20.0,184.0,1000.9432373046876,0.8244933528941846,0.1717593457825232,-2.3768181931737407,-0.0231454773413916,0.5188578186747616,-0.571934593955575,0.1201970601601191,-0.6215705967146201,-0.9274745739175644,-0.4408822121816843
20.0,184.0,1000.9432373046876,0.8244933528940794,0.1717593457825232,-2.3768181931737407,-0.0231454769487913,0.5188578186747616,-0.571934593955575,0.1201970601601191,-0.6215705967146201,-0.9274745739175644,-0.4408822121816843
20.0,184.0,1000.9432373046876,0.8244933528941853,0.1717593457825232,-2.376818171443306,-0.0231454770955707,0.5188578186747616,-0.571934593955575,0.1201970601601191,-0.6215705967146201,-0.9274745739175644,-0.4408822116081401
20.0,184.0,1000.9432373046876,0.824493352894084,0.1717593457825232,-2.3768181931737407,-0.0231454770914799,0.5188578186747616,-0.571934593955575,0.1201970601601191,-0.6215705967146201,-0.9274745739175644,-0.4408822121816843
20.0,184.0,1000.9432373046876,0.8244933528941873,0.1717593457825232,-2.376818166038288,-0.0231454652598426,0.5188549899109364,-0.571934593955556,0.1201970601601191,-0.6215705967146201,-0.9274745739175644,-0.4408826228163027
20.0,184.0,1000.9432373046876,0.8244933528941882,0.1717593457825232,-2.376818171466023,-0.0231454770955707,0.5188578186747616,-0.571934593955575,0.1201970601601191,-0.6215705967146201,-0.9274745739175644,-0.4408822145023395
20.0,184.0,1000.9432373046876,0.8244933528940844,0.1717593457825232,-2.3768181931737407,-0.0231454773413916,0.5188578186747616,-0.571934593955575,0.1201970601601191,-0.6215705967146201,-0.9274745739175644,-0.4408822121816843
20.0,184.0,1000.9432373046876,0.824493352894084,0.1717593457825232,-2.3768181931737407,-0.0231454770914799,0.5188578186747616,-0.571934593955575,0.1201970601601191,-0.6215705967146201,-0.9274745739175644,-0.4408822121816843
20.0,184.0,1000.9432373046876,0.824493352894084,0.1717593457825232,-2.3768181931737407,-0.0231454770914799,0.5188578186747616,-0.571934593955575,0.1201970601601191,-0.6215705967146201,-0.9274745739175644,-0.4408822138326776
20.0,184.0,1000.9432373046876,0.8244933528941882,0.1717593457825232,-2.3768181714892185,-0.0231454770955707,0.5188578186747616,-0.571934593955575,0.1201970601601191,-0.6215705967146201,-0.9274745739175644,-0.4408822145023395
20.0,184.0,1000.9432373046876,0.824493352894084,0.1717593457825232,-2.3768181920100586,-0.0231454770857545,0.5188578186747616,-0.571934593955575,0.1201970601601191,-0.6215705967146201,-0.9274745739175644,-0.4408822121816843
20.0,184.0,1000.9432373046876,0.8244933528941873,0.1717593457825232,-2.376818166038288,-0.0231454652598426,0.5188549899109364,-0.571934593955556,0.1201970601601191,-0.6215705967146201,-0.9274745739175644,-0.4408826228163027
20.0,184.0,1000.9432373046876,0.8244933528941873,0.1717593457825232,-2.376818166038288,-0.0231454774621978,0.5188549899109364,-0.5719345939555734,0.1201970601601191,-0.6215705967146201,-0.9274745739175644,-0.4408826026868362
20.0,184.0,1000.9432373046876,0.824493352894084,0.1717593457825232,-2.3768181931737407,-0.0231454770914799,0.5188578186747616,-0.571934593955575,0.1201970601601191,-0.6215705967146201,-0.9274745739175644,-0.4408822121816843
20.0,184.0,1000.9432373046876,0.824493352894084,0.1717593457825232,-2.3768181931737407,-0.0231454770907681,0.5188578186747616,-0.571934593955575,0.1201970601601191,-0.6215705967146201,-0.9274745739175644,-0.4408822138326776
20.0,184.0,1000.9432373046876,0.8244933528940895,0.1717593457825232,-2.37681816374902,-0.0231454769487913,0.5188578186747616,-0.5719345939555747,0.1201970601601191,-0.6215705967146201,-0.9274745739175644,-0.4408822121816843
20.0,184.0,1000.9432373046876,0.824493352894084,0.1717593457825232,-2.3768181931737407,-0.0231454770914799,0.5188578186747616,-0.571934593955575,0.1201970601601191,-0.6215705967146201,-0.9274745739175644,-0.4408822121816843
20.0,184.0,1000.9432373046876,0.8244933528941846,0.1717593457825232,-2.3768181931737407,-0.0231454773413916,0.5188578186747616,-0.571934593955575,0.1201970601601191,-0.6215705967146201,-0.9274745739175644,-0.4408822121816843
20.0,184.0,1000.9432373046876,0.8244933528940794,0.1717593457825232,-2.3768181931737407,-0.0231454769495031,0.5188578186747616,-0.571934593955575,0.1201970601601191,-0.6215705967146201,-0.9274745739175644,-0.4408822121816843
20.0,184.0,1000.9432373046876,0.8244933528941873,0.1717593457825232,-2.376818193819988,-0.0231454767152466,0.518857746656337,-0.571934593955556,0.1201970601601191,-0.6215705967146201,-0.9274745739175644,-0.4408822444018306
20.0,184.0,1000.9432373046876,0.8244933528941846,0.1717593457825232,-2.3768181931737407,-0.0231454773413916,0.5188578127219803,-0.571934593955575,0.1201970601601191,-0.6215705967146201,-0.9274745739175644,-0.4408822121816843
20.0,184.0,1000.9432373046876,0.8244933528941739,0.1717593457825232,-2.376818195578807,-0.0231454767222202,0.5188578186747616,-0.571934593955575,0.1201970601601191,-0.6215705967146201,-0.9274745739175644,-0.4408822063575652
20.0,184.0,1000.9432373046876,0.8244933528940794,0.1717593457825232,-2.3768181931737407,-0.0231454769495031,0.5188578186747616,-0.571934593955575,0.1201970601601191,-0.6215705967146201,-0.9274745739175644,-0.4408822121816843
20.0,184.0,1000.9432373046876,0.8244933528940794,0.1717593457825232,-2.3768181931737407,-0.0231454769487913,0.5188578186747616,-0.571934593955575,0.1201970601601191,-0.6215705967146201,-0.9274745739175644,-0.4408822121816843
20.0,184.0,1000.9432373046876,0.8244933528940853,0.1717593457825232,-2.37681816374902,-0.0231454778347824,0.5188546184138192,-0.5719345939555747,0.1201970601601191,-0.6215705967146201,-0.9274745739175644,-0.440882600856085
20.0,184.0,1000.9432373046876,0.8244933528940794,0.1717593457825232,-2.376818165392041,-0.0231454654933873,0.5188550619293609,-0.571934593955575,0.1201970601601191,-0.6215705967146201,-0.9274745739175644,-0.4408825905961564
20.0,184.0,1000.9432373046876,0.824493352894084,0.1717593457825232,-2.3768181931737407,-0.0231454658180361,0.5188492847891056,-0.571934593955575,0.1201970601601191,-0.6215705967146201,-0.9274745739175644,-0.4408818569325445
20.0,184.0,1000.9432373046876,0.8244933528941873,0.1717593457825232,-2.3768181716375043,-0.0231454770914799,0.5188578186747616,-0.571934593955575,0.1201970601601191,-0.6215705967146201,-0.9274745739175644,-0.4408822312686979
20.0,184.0,1000.9432373046876,0.824493352894084,0.1717593457825232,-2.3768181931737407,-0.0231454770914799,0.5188578186747616,-0.571934593955575,0.1201970601601191,-0.6215705967146201,-0.9274745739175644,-0.4408822121816843
20.0,184.0,1000.9432373046876,0.8244933528941853,0.1717593457825232,-2.376818171443306,-0.0231454770955707,0.5188578186747616,-0.571934593955575,0.1201970601601191,-0.6215705967146201,-0.9274745739175644,-0.4408822116081401
20.0,184.0,1000.9432373046876,0.8244933528940844,0.1717593457825232,-2.3768181931737407,-0.0231454773413916,0.5188578186747616,-0.571934593955575,0.1201970601601191,-0.6215705967146201,-0.9274745739175644,-0.4408822121816843
20.0,184.0,1000.9432373046876,0.8244933528941873,0.1717593457825232,-2.376818166038288,-0.0231454774621978,0.5188549899109364,-0.5719345939555734,0.1201970601601191,-0.6215705967146201,-0.9274745739175644,-0.4408826026868362
20.0,184.0,1000.9432373046876,0.8244933528941917,0.1717593457825232,-2.376818166038288,-0.0231454643738514,0.5188581901718787,-0.571934593955556,0.1201970601601191,-0.6215705967146201,-0.9274745739175644,-0.440882234141902
20.0,184.0,1000.9432373046876,0.8244933528941846,0.1717593457825232,-2.3768181931737407,-0.0231454773413916,0.518857812890982,-0.571934593955575,0.1201970601601191,-0.6215705967146201,-0.9274745739175644,-0.4408822121816843
20.0,184.0,1000.9432373046876,0.824493352894087,0.1717593457825232,-2.3768181934489463,-0.0231454774605585,0.5188581458690521,-0.571934593955575,0.1201970601601191,-0.6215705967146201,-0.9274745739175644,-0.4408822121816843
20.0,184.0,1000.9432373046876,0.8244933528940794,0.1717593457825232,-2.376818165392041,-0.0231454774125806,0.5188550619293609,-0.571934593955575,0.1201970601601191,-0.6215705967146201,-0.9274745739175644,-0.4408822110497736
20.0,184.0,1000.9432373046876,0.8244933528941853,0.1717593457825232,-2.376818171419115,-0.0231454774548386,0.5188548181131262,-0.571934593955575,0.1201970601601191,-0.6215705967146201,-0.9274745739175644,-0.4408826062061954
20.0,184.0,1000.9432373046876,0.8244933528941873,0.1717593457825232,-2.37681817107884,-0.0231454770914799,0.5188578186747616,-0.571934593955575,0.1201970601601191,-0.6215705967146201,-0.9274745739175644,-0.4408822312686979
20.0,184.0,1000.9432373046876,0.8244933528941917,0.1717593457825232,-2.376818166371673,-0.0231454643738514,0.5188578170754249,-0.5719345939555553,0.1201970601601191,-0.6215705967146201,-0.9274745739175644,-0.440882234141902
20.0,184.0,1000.9432373046876,0.824493352894084,0.1717593457825232,-2.3768181931737407,-0.0231454770914799,0.5188578186747616,-0.571934593955575,0.1201970601601191,-0.6215705967146201,-0.9274745739175644,-0.4408822121816843
20.0,184.0,1000.9432373046876,0.8244933528941853,0.1717593457825232,-2.376818171443306,-0.0231454770955707,0.5188578424111012,-0.5719345939555752,0.1201970601601191,-0.6215705967146201,-0.9274745739175644,-0.4408822116081401
20.0,184.0,1000.9432373046876,0.8244933528941873,0.1717593457825232,-2.376818193819988,-0.0231454767152466,0.518857746656337,-0.571934593955556,0.1201970601601191,-0.6215705967146201,-0.9274745739175644,-0.4408822444018306
20.0,184.0,1000.9432373046876,0.8244933528940892,0.1717593457825232,-2.376818166157814,-0.0231454769487913,0.5188548748987581,-0.5719345939555747,0.1201970601601191,-0.6215705967146201,-0.9274745739175644,-0.440882622649795
20.0,184.0,1000.9432373046876,0.8244933528941846,0.1717593457825232,-2.3768181931737407,-0.0231454773413916,0.51885781850576,-0.571934593955575,0.1201970601601191,-0.6215705967146201,-0.9274745739175644,-0.4408822121816843
20.0,184.0,1000.9432373046876,0.8244933528941842,0.1717593457825232,-2.376818165763083,-0.0231454770931193,0.5188546627166458,-0.5719345939555734,0.1201970601601191,-0.6215705967146201,-0.9274745739175644,-0.4408826026868362
20.0,184.0,1000.9432373046876,0.8244933528940827,0.1717593457825232,-2.3768181661483,-0.0231454652598426,0.5188549899109364,-0.571934593955575,0.1201970601601191,-0.6215705967146201,-0.9274745739175644,-0.4408826341076294
20.0,184.0,1000.9432373046876,0.8244933528941739,0.1717593457825232,-2.376818195578807,-0.0231454648030269,0.5188578186747616,-0.571934593955575,0.1201970601601191,-0.6215705967146201,-0.9274745739175644,-0.440882585903948
20.0,184.0,1000.9432373046876,0.8244933528941821,0.1717593457825232,-2.3768181931737407,-0.0231454649681668,0.5188578407499954,-0.571934593955575,0.1201970601601191,-0.6215705967146201,-0.9274745739175644,-0.4408822121816843
20.0,185.0,1000.9432373046876,0.824493352894084,0.1717593457825232,-2.3768181931737407,-0.0231454770914799,0.5188578186747616,-0.571934593955575,0.1201970601601191,-0.6215705967146201,-0.9274745739175644,-0.4408822121816843
20.0,185.0,1000.9432373046876,0.824493352894084,0.1717593457825232,-2.3768181931737407,-0.0231454770914799,0.5188578186747616,-0.571934593955575,0.1201970601601191,-0.6215705967146201,-0.9274745739175644,-0.4408822121816843
20.0,185.0,1000.9432373046876,0.8244933528941846,0.1717593457825232,-2.3768181931737407,-0.0231454773413916,0.5188578186747616,-0.571934593955575,0.1201970601601191,-0.6215705967146201,-0.9274745739175644,-0.4408822121816843
20.0,185.0,1000.9432373046876,0.8244933528940794,0.1717593457825232,-2.3768181931737407,-0.0231454769487913,0.5188578186747616,-0.571934593955575,0.1201970601601191,-0.6215705967146201,-0.9274745739175644,-0.4408822121816843
20.0,185.0,1000.9432373046876,0.8244933528941853,0.1717593457825232,-2.376818171443306,-0.0231454770955707,0.5188578186747616,-0.571934593955575,0.1201970601601191,-0.6215705967146201,-0.9274745739175644,-0.4408822116081401
20.0,185.0,1000.9432373046876,0.824493352894084,0.1717593457825232,-2.3768181931737407,-0.0231454770914799,0.5188578186747616,-0.571934593955575,0.1201970601601191,-0.6215705967146201,-0.9274745739175644,-0.4408822121816843
20.0,185.0,1000.9432373046876,0.8244933528941873,0.1717593457825232,-2.376818166038288,-0.0231454652598426,0.5188549899109364,-0.571934593955556,0.1201970601601191,-0.6215705967146201,-0.9274745739175644,-0.4408826228163027
20.0,185.0,1000.9432373046876,0.8244933528941882,0.1717593457825232,-2.376818171466023,-0.0231454770955707,0.5188578186747616,-0.571934593955575,0.1201970601601191,-0.6215705967146201,-0.9274745739175644,-0.4408822145023395
20.0,185.0,1000.9432373046876,0.8244933528940844,0.1717593457825232,-2.3768181931737407,-0.0231454773413916,0.5188578186747616,-0.571934593955575,0.1201970601601191,-0.6215705967146201,-0.9274745739175644,-0.4408822121816843
20.0,185.0,1000.9432373046876,0.824493352894084,0.1717593457825232,-2.3768181931737407,-0.0231454770914799,0.5188578186747616,-0.571934593955575,0.1201970601601191,-0.6215705967146201,-0.9274745739175644,-0.4408822121816843
20.0,185.0,1000.9432373046876,0.824493352894084,0.1717593457825232,-2.3768181931737407,-0.0231454770914799,0.5188578186747616,-0.571934593955575,0.1201970601601191,-0.6215705967146201,-0.9274745739175644,-0.4408822138326776
20.0,185.0,1000.9432373046876,0.8244933528941882,0.1717593457825232,-2.3768181714892185,-0.0231454770955707,0.5188578186747616,-0.571934593955575,0.1201970601601191,-0.6215705967146201,-0.9274745739175644,-0.4408822145023395
20.0,185.0,1000.9432373046876,0.824493352894084,0.1717593457825232,-2.3768181920100586,-0.0231454770857545,0.5188578186747616,-0.571934593955575,0.1201970601601191,-0.6215705967146201,-0.9274745739175644,-0.4408822121816843
20.0,185.0,1000.9432373046876,0.8244933528941873,0.1717593457825232,-2.376818166038288,-0.0231454652598426,0.5188549899109364,-0.571934593955556,0.1201970601601191,-0.6215705967146201,-0.9274745739175644,-0.4408826228163027
20.0,185.0,1000.9432373046876,0.8244933528941873,0.1717593457825232,-2.376818166038288,-0.0231454774621978,0.5188549899109364,-0.5719345939555734,0.1201970601601191,-0.6215705967146201,-0.9274745739175644,-0.4408826026868362
20.0,185.0,1000.9432373046876,0.824493352894084,0.1717593457825232,-2.3768181931737407,-0.0231454770914799,0.5188578186747616,-0.571934593955575,0.1201970601601191,-0.6215705967146201,-0.9274745739175644,-0.4408822121816843
20.0,185.0,1000.9432373046876,0.824493352894084,0.1717593457825232,-2.3768181931737407,-0.0231454770907681,0.5188578186747616,-0.571934593955575,0.1201970601601191,-0.6215705967146201,-0.9274745739175644,-0.4408822138326776
20.0,185.0,1000.9432373046876,0.8244933528940895,0.1717593457825232,-2.37681816374902,-0.0231454769487913,0.5188578186747616,-0.5719345939555747,0.1201970601601191,-0.6215705967146201,-0.9274745739175644,-0.4408822121816843
20.0,185.0,1000.9432373046876,0.824493352894084,0.1717593457825232,-2.3768181931737407,-0.0231454770914799,0.5188578186747616,-0.571934593955575,0.1201970601601191,-0.6215705967146201,-0.9274745739175644,-0.4408822121816843
20.0,185.0,1000.9432373046876,0.8244933528941846,0.1717593457825232,-2.3768181931737407,-0.0231454773413916,0.5188578186747616,-0.571934593955575,0.1201970601601191,-0.6215705967146201,-0.9274745739175644,-0.4408822121816843
20.0,185.0,1000.9432373046876,0.8244933528940794,0.1717593457825232,-2.3768181931737407,-0.0231454769495031,0.5188578186747616,-0.571934593955575,0.1201970601601191,-0.6215705967146201,-0.9274745739175644,-0.4408822121816843
20.0,185.0,1000.9432373046876,0.8244933528941873,0.1717593457825232,-2.376818193819988,-0.0231454767152466,0.518857746656337,-0.571934593955556,0.1201970601601191,-0.6215705967146201,-0.9274745739175644,-0.4408822444018306
20.0,185.0,1000.9432373046876,0.8244933528941846,0.1717593457825232,-2.3768181931737407,-0.0231454773413916,0.5188578127219803,-0.571934593955575,0.1201970601601191,-0.6215705967146201,-0.9274745739175644,-0.4408822121816843
20.0,185.0,1000.9432373046876,0.8244933528941739,0.1717593457825232,-2.376818195578807,-0.0231454767222202,0.5188578186747616,-0.571934593955575,0.1201970601601191,-0.6215705967146201,-0.9274745739175644,-0.4408822063575652
20.0,185.0,1000.9432373046876,0.8244933528940794,0.1717593457825232,-2.3768181931737407,-0.0231454769495031,0.5188578186747616,-0.571934593955575,0.1201970601601191,-0.6215705967146201,-0.9274745739175644,-0.4408822121816843
20.0,185.0,1000.9432373046876,0.8244933528940794,0.1717593457825232,-2.3768181931737407,-0.0231454769487913,0.5188578186747616,-0.571934593955575,0.1201970601601191,-0.6215705967146201,-0.9274745739175644,-0.4408822121816843
20.0,185.0,1000.9432373046876,0.8244933528940853,0.1717593457825232,-2.37681816374902,-0.0231454778347824,0.5188546184138192,-0.5719345939555747,0.1201970601601191,-0.6215705967146201,-0.9274745739175644,-0.440882600856085
20.0,185.0,1000.9432373046876,0.8244933528940794,0.1717593457825232,-2.376818165392041,-0.0231454654933873,0.5188550619293609,-0.571934593955575,0.1201970601601191,-0.6215705967146201,-0.9274745739175644,-0.4408825905961564
20.0,185.0,1000.9432373046876,0.824493352894084,0.1717593457825232,-2.3768181931737407,-0.0231454658180361,0.5188492847891056,-0.571934593955575,0.1201970601601191,-0.6215705967146201,-0.9274745739175644,-0.4408818569325445
20.0,185.0,1000.9432373046876,0.8244933528941873,0.1717593457825232,-2.3768181716375043,-0.0231454770914799,0.5188578186747616,-0.571934593955575,0.1201970601601191,-0.6215705967146201,-0.9274745739175644,-0.4408822312686979
20.0,185.0,1000.9432373046876,0.824493352894084,0.1717593457825232,-2.3768181931737407,-0.0231454770914799,0.5188578186747616,-0.571934593955575,0.1201970601601191,-0.6215705967146201,-0.9274745739175644,-0.4408822121816843
20.0,185.0,1000.9432373046876,0.8244933528941853,0.1717593457825232,-2.376818171443306,-0.0231454770955707,0.5188578186747616,-0.571934593955575,0.1201970601601191,-0.6215705967146201,-0.9274745739175644,-0.4408822116081401
20.0,185.0,1000.9432373046876,0.8244933528940844,0.1717593457825232,-2.3768181931737407,-0.0231454773413916,0.5188578186747616,-0.571934593955575,0.1201970601601191,-0.6215705967146201,-0.9274745739175644,-0.4408822121816843
20.0,185.0,1000.9432373046876,0.8244933528941873,0.1717593457825232,-2.376818166038288,-0.0231454774621978,0.5188549899109364,-0.5719345939555734,0.1201970601601191,-0.6215705967146201,-0.9274745739175644,-0.4408826026868362
20.0,185.0,1000.9432373046876,0.8244933528941917,0.1717593457825232,-2.376818166038288,-0.0231454643738514,0.5188581901718787,-0.571934593955556,0.1201970601601191,-0.6215705967146201,-0.9274745739175644,-0.440882234141902
20.0,185.0,1000.9432373046876,0.8244933528941846,0.1717593457825232,-2.3768181931737407,-0.0231454773413916,0.518857812890982,-0.571934593955575,0.1201970601601191,-0.6215705967146201,-0.9274745739175644,-0.4408822121816843
20.0,185.0,1000.9432373046876,0.824493352894087,0.1717593457825232,-2.3768181934489463,-0.0231454774605585,0.5188581458690521,-0.571934593955575,0.1201970601601191,-0.6215705967146201,-0.9274745739175644,-0.4408822121816843
20.0,185.0,1000.9432373046876,0.8244933528940794,0.1717593457825232,-2.376818165392041,-0.0231454774125806,0.5188550619293609,-0.571934593955575,0.1201970601601191,-0.6215705967146201,-0.9274745739175644,-0.4408822110497736
20.0,185.0,1000.9432373046876,0.8244933528941853,0.1717593457825232,-2.376818171419115,-0.0231454774548386,0.5188548181131262,-0.571934593955575,0.1201970601601191,-0.6215705967146201,-0.9274745739175644,-0.4408826062061954
20.0,185.0,1000.9432373046876,0.8244933528941873,0.1717593457825232,-2.37681817107884,-0.0231454770914799,0.5188578186747616,-0.571934593955575,0.1201970601601191,-0.6215705967146201,-0.9274745739175644,-0.4408822312686979
20.0,185.0,1000.9432373046876,0.8244933528941917,0.1717593457825232,-2.376818166371673,-0.0231454643738514,0.5188578170754249,-0.5719345939555553,0.1201970601601191,-0.6215705967146201,-0.9274745739175644,-0.440882234141902
20.0,185.0,1000.9432373046876,0.824493352894084,0.1717593457825232,-2.3768181931737407,-0.0231454770914799,0.5188578186747616,-0.571934593955575,0.1201970601601191,-0.6215705967146201,-0.9274745739175644,-0.4408822121816843
20.0,185.0,1000.9432373046876,0.8244933528941853,0.1717593457825232,-2.376818171443306,-0.0231454770955707,0.5188578424111012,-0.5719345939555752,0.1201970601601191,-0.6215705967146201,-0.9274745739175644,-0.4408822116081401
20.0,185.0,1000.9432373046876,0.8244933528941873,0.1717593457825232,-2.376818193819988,-0.0231454767152466,0.518857746656337,-0.571934593955556,0.1201970601601191,-0.6215705967146201,-0.9274745739175644,-0.4408822444018306
20.0,185.0,1000.9432373046876,0.8244933528940892,0.1717593457825232,-2.376818166157814,-0.0231454769487913,0.5188548748987581,-0.5719345939555747,0.1201970601601191,-0.6215705967146201,-0.9274745739175644,-0.440882622649795
20.0,185.0,1000.9432373046876,0.8244933528941846,0.1717593457825232,-2.3768181931737407,-0.0231454773413916,0.51885781850576,-0.571934593955575,0.1201970601601191,-0.6215705967146201,-0.9274745739175644,-0.4408822121816843
20.0,185.0,1000.9432373046876,0.8244933528941842,0.1717593457825232,-2.376818165763083,-0.0231454770931193,0.5188546627166458,-0.5719345939555734,0.1201970601601191,-0.6215705967146201,-0.9274745739175644,-0.4408826026868362
20.0,185.0,1000.9432373046876,0.8244933528940827,0.1717593457825232,-2.3768181661483,-0.0231454652598426,0.5188549899109364,-0.571934593955575,0.1201970601601191,-0.6215705967146201,-0.9274745739175644,-0.4408826341076294
20.0,185.0,1000.9432373046876,0.8244933528941739,0.1717593457825232,-2.376818195578807,-0.0231454648030269,0.5188578186747616,-0.571934593955575,0.1201970601601191,-0.6215705967146201,-0.9274745739175644,-0.440882585903948
20.0,185.0,1000.9432373046876,0.8244933528941821,0.1717593457825232,-2.3768181931737407,-0.0231454649681668,0.5188578407499954,-0.571934593955575,0.1201970601601191,-0.6215705967146201,-0.9274745739175644,-0.4408822121816843
20.0,186.0,1000.9432373046876,0.824493352894084,0.1717593457825232,-2.3768181931737407,-0.0231454770914799,0.5188578186747616,-0.571934593955575,0.1201970601601191,-0.6215705967146201,-0.9274745739175644,-0.4408822121816843
20.0,186.0,1000.9432373046876,0.824493352894084,0.1717593457825232,-2.3768181931737407,-0.0231454770914799,0.5188578186747616,-0.571934593955575,0.1201970601601191,-0.6215705967146201,-0.9274745739175644,-0.4408822121816843
20.0,186.0,1000.9432373046876,0.8244933528941846,0.1717593457825232,-2.3768181931737407,-0.0231454773413916,0.5188578186747616,-0.571934593955575,0.1201970601601191,-0.6215705967146201,-0.9274745739175644,-0.4408822121816843
20.0,186.0,1000.9432373046876,0.8244933528940794,0.1717593457825232,-2.3768181931737407,-0.0231454769487913,0.5188578186747616,-0.571934593955575,0.1201970601601191,-0.6215705967146201,-0.9274745739175644,-0.4408822121816843
20.0,186.0,1000.9432373046876,0.8244933528941853,0.1717593457825232,-2.376818171443306,-0.0231454770955707,0.5188578186747616,-0.571934593955575,0.1201970601601191,-0.6215705967146201,-0.9274745739175644,-0.4408822116081401
20.0,186.0,1000.9432373046876,0.824493352894084,0.1717593457825232,-2.3768181931737407,-0.0231454770914799,0.5188578186747616,-0.571934593955575,0.1201970601601191,-0.6215705967146201,-0.9274745739175644,-0.4408822121816843
20.0,186.0,1000.9432373046876,0.8244933528941873,0.1717593457825232,-2.376818166038288,-0.0231454652598426,0.5188549899109364,-0.571934593955556,0.1201970601601191,-0.6215705967146201,-0.9274745739175644,-0.4408826228163027
20.0,186.0,1000.9432373046876,0.8244933528941882,0.1717593457825232,-2.376818171466023,-0.0231454770955707,0.5188578186747616,-0.571934593955575,0.1201970601601191,-0.6215705967146201,-0.9274745739175644,-0.4408822145023395
20.0,186.0,1000.9432373046876,0.8244933528940844,0.1717593457825232,-2.3768181931737407,-0.0231454773413916,0.5188578186747616,-0.571934593955575,0.1201970601601191,-0.6215705967146201,-0.9274745739175644,-0.4408822121816843
20.0,186.0,1000.9432373046876,0.824493352894084,0.1717593457825232,-2.3768181931737407,-0.0231454770914799,0.5188578186747616,-0.571934593955575,0.1201970601601191,-0.6215705967146201,-0.9274745739175644,-0.4408822121816843
20.0,186.0,1000.9432373046876,0.824493352894084,0.1717593457825232,-2.3768181931737407,-0.0231454770914799,0.5188578186747616,-0.571934593955575,0.1201970601601191,-0.6215705967146201,-0.9274745739175644,-0.4408822138326776
20.0,186.0,1000.9432373046876,0.8244933528941882,0.1717593457825232,-2.3768181714892185,-0.0231454770955707,0.5188578186747616,-0.571934593955575,0.1201970601601191,-0.6215705967146201,-0.9274745739175644,-0.4408822145023395
20.0,186.0,1000.9432373046876,0.824493352894084,0.1717593457825232,-2.3768181920100586,-0.0231454770857545,0.5188578186747616,-0.571934593955575,0.1201970601601191,-0.6215705967146201,-0.9274745739175644,-0.4408822121816843
20.0,186.0,1000.9432373046876,0.8244933528941873,0.1717593457825232,-2.376818166038288,-0.0231454652598426,0.5188549899109364,-0.571934593955556,0.1201970601601191,-0.6215705967146201,-0.9274745739175644,-0.4408826228163027
20.0,186.0,1000.9432373046876,0.8244933528941873,0.1717593457825232,-2.376818166038288,-0.0231454774621978,0.5188549899109364,-0.5719345939555734,0.1201970601601191,-0.6215705967146201,-0.9274745739175644,-0.4408826026868362
20.0,186.0,1000.9432373046876,0.824493352894084,0.1717593457825232,-2.3768181931737407,-0.0231454770914799,0.5188578186747616,-0.571934593955575,0.1201970601601191,-0.6215705967146201,-0.9274745739175644,-0.4408822121816843
20.0,186.0,1000.9432373046876,0.824493352894084,0.1717593457825232,-2.3768181931737407,-0.0231454770907681,0.5188578186747616,-0.571934593955575,0.1201970601601191,-0.6215705967146201,-0.9274745739175644,-0.4408822138326776
20.0,186.0,1000.9432373046876,0.8244933528940895,0.1717593457825232,-2.37681816374902,-0.0231454769487913,0.5188578186747616,-0.5719345939555747,0.1201970601601191,-0.6215705967146201,-0.9274745739175644,-0.4408822121816843
20.0,186.0,1000.9432373046876,0.824493352894084,0.1717593457825232,-2.3768181931737407,-0.0231454770914799,0.5188578186747616,-0.571934593955575,0.1201970601601191,-0.6215705967146201,-0.9274745739175644,-0.4408822121816843
20.0,186.0,1000.9432373046876,0.8244933528941846,0.1717593457825232,-2.3768181931737407,-0.0231454773413916,0.5188578186747616,-0.571934593955575,0.1201970601601191,-0.6215705967146201,-0.9274745739175644,-0.4408822121816843
20.0,186.0,1000.9432373046876,0.8244933528940794,0.1717593457825232,-2.3768181931737407,-0.0231454769495031,0.5188578186747616,-0.571934593955575,0.1201970601601191,-0.6215705967146201,-0.9274745739175644,-0.4408822121816843
20.0,186.0,1000.9432373046876,0.8244933528941873,0.1717593457825232,-2.376818193819988,-0.0231454767152466,0.518857746656337,-0.571934593955556,0.1201970601601191,-0.6215705967146201,-0.9274745739175644,-0.4408822444018306
20.0,186.0,1000.9432373046876,0.8244933528941846,0.1717593457825232,-2.3768181931737407,-0.0231454773413916,0.5188578127219803,-0.571934593955575,0.1201970601601191,-0.6215705967146201,-0.9274745739175644,-0.4408822121816843
20.0,186.0,1000.9432373046876,0.8244933528941739,0.1717593457825232,-2.376818195578807,-0.0231454767222202,0.5188578186747616,-0.571934593955575,0.1201970601601191,-0.6215705967146201,-0.9274745739175644,-0.4408822063575652
20.0,186.0,1000.9432373046876,0.8244933528940794,0.1717593457825232,-2.3768181931737407,-0.0231454769495031,0.5188578186747616,-0.571934593955575,0.1201970601601191,-0.6215705967146201,-0.9274745739175644,-0.4408822121816843
20.0,186.0,1000.9432373046876,0.8244933528940794,0.1717593457825232,-2.3768181931737407,-0.0231454769487913,0.5188578186747616,-0.571934593955575,0.1201970601601191,-0.6215705967146201,-0.9274745739175644,-0.4408822121816843
20.0,186.0,1000.9432373046876,0.8244933528940853,0.1717593457825232,-2.37681816374902,-0.0231454778347824,0.5188546184138192,-0.5719345939555747,0.1201970601601191,-0.6215705967146201,-0.9274745739175644,-0.440882600856085
20.0,186.0,1000.9432373046876,0.8244933528940794,0.1717593457825232,-2.376818165392041,-0.0231454654933873,0.5188550619293609,-0.571934593955575,0.1201970601601191,-0.6215705967146201,-0.9274745739175644,-0.4408825905961564
20.0,186.0,1000.9432373046876,0.824493352894084,0.1717593457825232,-2.3768181931737407,-0.0231454658180361,0.5188492847891056,-0.571934593955575,0.1201970601601191,-0.6215705967146201,-0.9274745739175644,-0.4408818569325445
20.0,186.0,1000.9432373046876,0.8244933528941873,0.1717593457825232,-2.3768181716375043,-0.0231454770914799,0.5188578186747616,-0.571934593955575,0.1201970601601191,-0.6215705967146201,-0.9274745739175644,-0.4408822312686979
20.0,186.0,1000.9432373046876,0.824493352894084,0.1717593457825232,-2.3768181931737407,-0.0231454770914799,0.5188578186747616,-0.571934593955575,0.1201970601601191,-0.6215705967146201,-0.9274745739175644,-0.4408822121816843
20.0,186.0,1000.9432373046876,0.8244933528941853,0.1717593457825232,-2.376818171443306,-0.0231454770955707,0.5188578186747616,-0.571934593955575,0.1201970601601191,-0.6215705967146201,-0.9274745739175644,-0.4408822116081401
20.0,186.0,1000.9432373046876,0.8244933528940844,0.1717593457825232,-2.3768181931737407,-0.0231454773413916,0.5188578186747616,-0.571934593955575,0.1201970601601191,-0.6215705967146201,-0.9274745739175644,-0.4408822121816843
20.0,186.0,1000.9432373046876,0.8244933528941873,0.1717593457825232,-2.376818166038288,-0.0231454774621978,0.5188549899109364,-0.5719345939555734,0.1201970601601191,-0.6215705967146201,-0.9274745739175644,-0.4408826026868362
20.0,186.0,1000.9432373046876,0.8244933528941917,0.1717593457825232,-2.376818166038288,-0.0231454643738514,0.5188581901718787,-0.571934593955556,0.1201970601601191,-0.6215705967146201,-0.9274745739175644,-0.440882234141902
20.0,186.0,1000.9432373046876,0.8244933528941846,0.1717593457825232,-2.3768181931737407,-0.0231454773413916,0.518857812890982,-0.571934593955575,0.1201970601601191,-0.6215705967146201,-0.9274745739175644,-0.4408822121816843
20.0,186.0,1000.9432373046876,0.824493352894087,0.1717593457825232,-2.3768181934489463,-0.0231454774605585,0.5188581458690521,-0.571934593955575,0.1201970601601191,-0.6215705967146201,-0.9274745739175644,-0.4408822121816843
20.0,186.0,1000.9432373046876,0.8244933528940794,0.1717593457825232,-2.376818165392041,-0.0231454774125806,0.5188550619293609,-0.571934593955575,0.1201970601601191,-0.6215705967146201,-0.9274745739175644,-0.4408822110497736
20.0,186.0,1000.9432373046876,0.8244933528941853,0.1717593457825232,-2.376818171419115,-0.0231454774548386,0.5188548181131262,-0.571934593955575,0.1201970601601191,-0.6215705967146201,-0.9274745739175644,-0.4408826062061954
20.0,186.0,1000.9432373046876,0.8244933528941873,0.1717593457825232,-2.37681817107884,-0.0231454770914799,0.5188578186747616,-0.571934593955575,0.1201970601601191,-0.6215705967146201,-0.9274745739175644,-0.4408822312686979
20.0,186.0,1000.9432373046876,0.8244933528941917,0.1717593457825232,-2.376818166371673,-0.0231454643738514,0.5188578170754249,-0.5719345939555553,0.1201970601601191,-0.6215705967146201,-0.9274745739175644,-0.440882234141902
20.0,186.0,1000.9432373046876,0.824493352894084,0.1717593457825232,-2.3768181931737407,-0.0231454770914799,0.5188578186747616,-0.571934593955575,0.1201970601601191,-0.6215705967146201,-0.9274745739175644,-0.4408822121816843
20.0,186.0,1000.9432373046876,0.8244933528941853,0.1717593457825232,-2.376818171443306,-0.0231454770955707,0.5188578424111012,-0.5719345939555752,0.1201970601601191,-0.6215705967146201,-0.9274745739175644,-0.4408822116081401
20.0,186.0,1000.9432373046876,0.8244933528941873,0.1717593457825232,-2.376818193819988,-0.0231454767152466,0.518857746656337,-0.571934593955556,0.1201970601601191,-0.6215705967146201,-0.9274745739175644,-0.4408822444018306
20.0,186.0,1000.9432373046876,0.8244933528940892,0.1717593457825232,-2.376818166157814,-0.0231454769487913,0.5188548748987581,-0.5719345939555747,0.1201970601601191,-0.6215705967146201,-0.9274745739175644,-0.440882622649795
20.0,186.0,1000.9432373046876,0.8244933528941846,0.1717593457825232,-2.3768181931737407,-0.0231454773413916,0.51885781850576,-0.571934593955575,0.1201970601601191,-0.6215705967146201,-0.9274745739175644,-0.4408822121816843
20.0,186.0,1000.9432373046876,0.8244933528941842,0.1717593457825232,-2.376818165763083,-0.0231454770931193,0.5188546627166458,-0.5719345939555734,0.1201970601601191,-0.6215705967146201,-0.9274745739175644,-0.4408826026868362
20.0,186.0,1000.9432373046876,0.8244933528940827,0.1717593457825232,-2.3768181661483,-0.0231454652598426,0.5188549899109364,-0.571934593955575,0.1201970601601191,-0.6215705967146201,-0.9274745739175644,-0.4408826341076294
20.0,186.0,1000.9432373046876,0.8244933528941739,0.1717593457825232,-2.376818195578807,-0.0231454648030269,0.5188578186747616,-0.571934593955575,0.1201970601601191,-0.6215705967146201,-0.9274745739175644,-0.440882585903948
20.0,186.0,1000.9432373046876,0.8244933528941821,0.1717593457825232,-2.3768181931737407,-0.0231454649681668,0.5188578407499954,-0.571934593955575,0.1201970601601191,-0.6215705967146201,-0.9274745739175644,-0.4408822121816843
20.0,187.0,1000.9229736328124,0.8244933528940794,0.1717593457825232,-2.3768181931737407,-0.0231454770857481,0.5188578186747616,-0.571934593955575,0.1201970601601191,-0.6224700956271234,-0.9274745739175644,-0.4408822121816843
20.0,187.0,1000.9432373046876,0.824493352894084,0.1717593457825232,-2.3768181931737407,-0.0231454770914799,0.5188578186747616,-0.571934593955575,0.1201970601601191,-0.6215705967146201,-0.9274745739175644,-0.4408822121816843
20.0,187.0,1000.9432373046876,0.824493352894084,0.1717593457825232,-2.3768181931737407,-0.0231454770914799,0.5188578186747616,-0.571934593955575,0.1201970601601191,-0.6215705967146201,-0.9274745739175644,-0.4408822121816843
20.0,187.0,1000.9432373046876,0.8244933528941846,0.1717593457825232,-2.3768181931737407,-0.0231454773413916,0.5188578186747616,-0.571934593955575,0.1201970601601191,-0.6215705967146201,-0.9274745739175644,-0.4408822121816843
20.0,187.0,1000.9432373046876,0.8244933528940794,0.1717593457825232,-2.3768181931737407,-0.0231454769487913,0.5188578186747616,-0.571934593955575,0.1201970601601191,-0.6215705967146201,-0.9274745739175644,-0.4408822121816843
20.0,187.0,1000.9432373046876,0.8244933528941853,0.1717593457825232,-2.376818171443306,-0.0231454770955707,0.5188578186747616,-0.571934593955575,0.1201970601601191,-0.6215705967146201,-0.9274745739175644,-0.4408822116081401
20.0,187.0,1000.9432373046876,0.824493352894084,0.1717593457825232,-2.3768181931737407,-0.0231454770914799,0.5188578186747616,-0.571934593955575,0.1201970601601191,-0.6215705967146201,-0.9274745739175644,-0.4408822121816843
20.0,187.0,1000.9432373046876,0.8244933528941873,0.1717593457825232,-2.376818166038288,-0.0231454652598426,0.5188549899109364,-0.571934593955556,0.1201970601601191,-0.6215705967146201,-0.9274745739175644,-0.4408826228163027
20.0,187.0,1000.9432373046876,0.8244933528941882,0.1717593457825232,-2.376818171466023,-0.0231454770955707,0.5188578186747616,-0.571934593955575,0.1201970601601191,-0.6215705967146201,-0.9274745739175644,-0.4408822145023395
20.0,187.0,1000.9432373046876,0.8244933528940844,0.1717593457825232,-2.3768181931737407,-0.0231454773413916,0.5188578186747616,-0.571934593955575,0.1201970601601191,-0.6215705967146201,-0.9274745739175644,-0.4408822121816843
20.0,187.0,1000.9432373046876,0.824493352894084,0.1717593457825232,-2.3768181931737407,-0.0231454770914799,0.5188578186747616,-0.571934593955575,0.1201970601601191,-0.6215705967146201,-0.9274745739175644,-0.4408822121816843
20.0,187.0,1000.9432373046876,0.824493352894084,0.1717593457825232,-2.3768181931737407,-0.0231454770914799,0.5188578186747616,-0.571934593955575,0.1201970601601191,-0.6215705967146201,-0.9274745739175644,-0.4408822138326776
20.0,187.0,1000.9432373046876,0.8244933528941882,0.1717593457825232,-2.3768181714892185,-0.0231454770955707,0.5188578186747616,-0.571934593955575,0.1201970601601191,-0.6215705967146201,-0.9274745739175644,-0.4408822145023395
20.0,187.0,1000.9432373046876,0.824493352894084,0.1717593457825232,-2.3768181920100586,-0.0231454770857545,0.5188578186747616,-0.571934593955575,0.1201970601601191,-0.6215705967146201,-0.9274745739175644,-0.4408822121816843
20.0,187.0,1000.9432373046876,0.8244933528941873,0.1717593457825232,-2.376818166038288,-0.0231454652598426,0.5188549899109364,-0.571934593955556,0.1201970601601191,-0.6215705967146201,-0.9274745739175644,-0.4408826228163027
20.0,187.0,1000.9432373046876,0.8244933528941873,0.1717593457825232,-2.376818166038288,-0.0231454774621978,0.5188549899109364,-0.5719345939555734,0.1201970601601191,-0.6215705967146201,-0.9274745739175644,-0.4408826026868362
20.0,187.0,1000.9432373046876,0.824493352894084,0.1717593457825232,-2.3768181931737407,-0.0231454770914799,0.5188578186747616,-0.571934593955575,0.1201970601601191,-0.6215705967146201,-0.9274745739175644,-0.4408822121816843
20.0,187.0,1000.9432373046876,0.824493352894084,0.1717593457825232,-2.3768181931737407,-0.0231454770907681,0.5188578186747616,-0.571934593955575,0.1201970601601191,-0.6215705967146201,-0.9274745739175644,-0.4408822138326776
20.0,187.0,1000.9432373046876,0.8244933528940895,0.1717593457825232,-2.37681816374902,-0.0231454769487913,0.5188578186747616,-0.5719345939555747,0.1201970601601191,-0.6215705967146201,-0.9274745739175644,-0.4408822121816843
20.0,187.0,1000.9432373046876,0.824493352894084,0.1717593457825232,-2.3768181931737407,-0.0231454770914799,0.5188578186747616,-0.571934593955575,0.1201970601601191,-0.6215705967146201,-0.9274745739175644,-0.4408822121816843
20.0,187.0,1000.9432373046876,0.8244933528941846,0.1717593457825232,-2.3768181931737407,-0.0231454773413916,0.5188578186747616,-0.571934593955575,0.1201970601601191,-0.6215705967146201,-0.9274745739175644,-0.4408822121816843
20.0,187.0,1000.9432373046876,0.8244933528940794,0.1717593457825232,-2.3768181931737407,-0.0231454769495031,0.5188578186747616,-0.571934593955575,0.1201970601601191,-0.6215705967146201,-0.9274745739175644,-0.4408822121816843
20.0,187.0,1000.9432373046876,0.8244933528941873,0.1717593457825232,-2.376818193819988,-0.0231454767152466,0.518857746656337,-0.571934593955556,0.1201970601601191,-0.6215705967146201,-0.9274745739175644,-0.4408822444018306
20.0,187.0,1000.9432373046876,0.8244933528941846,0.1717593457825232,-2.3768181931737407,-0.0231454773413916,0.5188578127219803,-0.571934593955575,0.1201970601601191,-0.6215705967146201,-0.9274745739175644,-0.4408822121816843
20.0,187.0,1000.9432373046876,0.8244933528941739,0.1717593457825232,-2.376818195578807,-0.0231454767222202,0.5188578186747616,-0.571934593955575,0.1201970601601191,-0.6215705967146201,-0.9274745739175644,-0.4408822063575652
20.0,187.0,1000.9432373046876,0.8244933528940794,0.1717593457825232,-2.3768181931737407,-0.0231454769495031,0.5188578186747616,-0.571934593955575,0.1201970601601191,-0.6215705967146201,-0.9274745739175644,-0.4408822121816843
20.0,187.0,1000.9432373046876,0.8244933528940794,0.1717593457825232,-2.3768181931737407,-0.0231454769487913,0.5188578186747616,-0.571934593955575,0.1201970601601191,-0.6215705967146201,-0.9274745739175644,-0.4408822121816843
20.0,187.0,1000.9432373046876,0.8244933528940853,0.1717593457825232,-2.37681816374902,-0.0231454778347824,0.5188546184138192,-0.5719345939555747,0.1201970601601191,-0.6215705967146201,-0.9274745739175644,-0.440882600856085
20.0,187.0,1000.9432373046876,0.8244933528940794,0.1717593457825232,-2.376818165392041,-0.0231454654933873,0.5188550619293609,-0.571934593955575,0.1201970601601191,-0.6215705967146201,-0.9274745739175644,-0.4408825905961564
20.0,187.0,1000.9432373046876,0.824493352894084,0.1717593457825232,-2.3768181931737407,-0.0231454658180361,0.5188492847891056,-0.571934593955575,0.1201970601601191,-0.6215705967146201,-0.9274745739175644,-0.4408818569325445
20.0,187.0,1000.9432373046876,0.8244933528941873,0.1717593457825232,-2.3768181716375043,-0.0231454770914799,0.5188578186747616,-0.571934593955575,0.1201970601601191,-0.6215705967146201,-0.9274745739175644,-0.4408822312686979
20.0,187.0,1000.9432373046876,0.824493352894084,0.1717593457825232,-2.3768181931737407,-0.0231454770914799,0.5188578186747616,-0.571934593955575,0.1201970601601191,-0.6215705967146201,-0.9274745739175644,-0.4408822121816843
20.0,187.0,1000.9432373046876,0.8244933528941853,0.1717593457825232,-2.376818171443306,-0.0231454770955707,0.5188578186747616,-0.571934593955575,0.1201970601601191,-0.6215705967146201,-0.9274745739175644,-0.4408822116081401
20.0,187.0,1000.9432373046876,0.8244933528940844,0.1717593457825232,-2.3768181931737407,-0.0231454773413916,0.5188578186747616,-0.571934593955575,0.1201970601601191,-0.6215705967146201,-0.9274745739175644,-0.4408822121816843
20.0,187.0,1000.9432373046876,0.8244933528941873,0.1717593457825232,-2.376818166038288,-0.0231454774621978,0.5188549899109364,-0.5719345939555734,0.1201970601601191,-0.6215705967146201,-0.9274745739175644,-0.4408826026868362
20.0,187.0,1000.9432373046876,0.8244933528941917,0.1717593457825232,-2.376818166038288,-0.0231454643738514,0.5188581901718787,-0.571934593955556,0.1201970601601191,-0.6215705967146201,-0.9274745739175644,-0.440882234141902
20.0,187.0,1000.9432373046876,0.8244933528941846,0.1717593457825232,-2.3768181931737407,-0.0231454773413916,0.518857812890982,-0.571934593955575,0.1201970601601191,-0.6215705967146201,-0.9274745739175644,-0.4408822121816843
20.0,187.0,1000.9432373046876,0.824493352894087,0.1717593457825232,-2.3768181934489463,-0.0231454774605585,0.5188581458690521,-0.571934593955575,0.1201970601601191,-0.6215705967146201,-0.9274745739175644,-0.4408822121816843
20.0,187.0,1000.9432373046876,0.8244933528940794,0.1717593457825232,-2.376818165392041,-0.0231454774125806,0.5188550619293609,-0.571934593955575,0.1201970601601191,-0.6215705967146201,-0.9274745739175644,-0.4408822110497736
20.0,187.0,1000.9432373046876,0.8244933528941853,0.1717593457825232,-2.376818171419115,-0.0231454774548386,0.5188548181131262,-0.571934593955575,0.1201970601601191,-0.6215705967146201,-0.9274745739175644,-0.4408826062061954
20.0,187.0,1000.9432373046876,0.8244933528941873,0.1717593457825232,-2.37681817107884,-0.0231454770914799,0.5188578186747616,-0.571934593955575,0.1201970601601191,-0.6215705967146201,-0.9274745739175644,-0.4408822312686979
20.0,187.0,1000.9432373046876,0.8244933528941917,0.1717593457825232,-2.376818166371673,-0.0231454643738514,0.5188578170754249,-0.5719345939555553,0.1201970601601191,-0.6215705967146201,-0.9274745739175644,-0.440882234141902
20.0,187.0,1000.9432373046876,0.824493352894084,0.1717593457825232,-2.3768181931737407,-0.0231454770914799,0.5188578186747616,-0.571934593955575,0.1201970601601191,-0.6215705967146201,-0.9274745739175644,-0.4408822121816843
20.0,187.0,1000.9432373046876,0.8244933528941853,0.1717593457825232,-2.376818171443306,-0.0231454770955707,0.5188578424111012,-0.5719345939555752,0.1201970601601191,-0.6215705967146201,-0.9274745739175644,-0.4408822116081401
20.0,187.0,1000.9432373046876,0.8244933528941873,0.1717593457825232,-2.376818193819988,-0.0231454767152466,0.518857746656337,-0.571934593955556,0.1201970601601191,-0.6215705967146201,-0.9274745739175644,-0.4408822444018306
20.0,187.0,1000.9432373046876,0.8244933528940892,0.1717593457825232,-2.376818166157814,-0.0231454769487913,0.5188548748987581,-0.5719345939555747,0.1201970601601191,-0.6215705967146201,-0.9274745739175644,-0.440882622649795
20.0,187.0,1000.9432373046876,0.8244933528941846,0.1717593457825232,-2.3768181931737407,-0.0231454773413916,0.51885781850576,-0.571934593955575,0.1201970601601191,-0.6215705967146201,-0.9274745739175644,-0.4408822121816843
20.0,187.0,1000.9432373046876,0.8244933528941842,0.1717593457825232,-2.376818165763083,-0.0231454770931193,0.5188546627166458,-0.5719345939555734,0.1201970601601191,-0.6215705967146201,-0.9274745739175644,-0.4408826026868362
20.0,187.0,1000.9432373046876,0.8244933528940827,0.1717593457825232,-2.3768181661483,-0.0231454652598426,0.5188549899109364,-0.571934593955575,0.1201970601601191,-0.6215705967146201,-0.9274745739175644,-0.4408826341076294
20.0,187.0,1000.9432373046876,0.8244933528941739,0.1717593457825232,-2.376818195578807,-0.0231454648030269,0.5188578186747616,-0.571934593955575,0.1201970601601191,-0.6215705967146201,-0.9274745739175644,-0.440882585903948
20.0,188.0,1000.9229736328124,0.8244933528940794,0.1717593457825232,-2.3768181931737407,-0.0231454770857481,0.5188578186747616,-0.571934593955575,0.1201970601601191,-0.6224700956271234,-0.9274745739175644,-0.4408822121816843
20.0,188.0,1000.9432373046876,0.824493352894084,0.1717593457825232,-2.3768181931737407,-0.0231454770914799,0.5188578186747616,-0.571934593955575,0.1201970601601191,-0.6215705967146201,-0.9274745739175644,-0.4408822121816843
20.0,188.0,1000.9432373046876,0.824493352894084,0.1717593457825232,-2.3768181931737407,-0.0231454770914799,0.5188578186747616,-0.571934593955575,0.1201970601601191,-0.6215705967146201,-0.9274745739175644,-0.4408822121816843
20.0,188.0,1000.9432373046876,0.8244933528941846,0.1717593457825232,-2.3768181931737407,-0.0231454773413916,0.5188578186747616,-0.571934593955575,0.1201970601601191,-0.6215705967146201,-0.9274745739175644,-0.4408822121816843
20.0,188.0,1000.9432373046876,0.8244933528940794,0.1717593457825232,-2.3768181931737407,-0.0231454769487913,0.5188578186747616,-0.571934593955575,0.1201970601601191,-0.6215705967146201,-0.9274745739175644,-0.4408822121816843
20.0,188.0,1000.9432373046876,0.8244933528941853,0.1717593457825232,-2.376818171443306,-0.0231454770955707,0.5188578186747616,-0.571934593955575,0.1201970601601191,-0.6215705967146201,-0.9274745739175644,-0.4408822116081401
20.0,188.0,1000.9432373046876,0.824493352894084,0.1717593457825232,-2.3768181931737407,-0.0231454770914799,0.5188578186747616,-0.571934593955575,0.1201970601601191,-0.6215705967146201,-0.9274745739175644,-0.4408822121816843
20.0,188.0,1000.9432373046876,0.8244933528941873,0.1717593457825232,-2.376818166038288,-0.0231454652598426,0.5188549899109364,-0.571934593955556,0.1201970601601191,-0.6215705967146201,-0.9274745739175644,-0.4408826228163027
20.0,188.0,1000.9432373046876,0.8244933528941882,0.1717593457825232,-2.376818171466023,-0.0231454770955707,0.5188578186747616,-0.571934593955575,0.1201970601601191,-0.6215705967146201,-0.9274745739175644,-0.4408822145023395
20.0,188.0,1000.9432373046876,0.8244933528940844,0.1717593457825232,-2.3768181931737407,-0.0231454773413916,0.5188578186747616,-0.571934593955575,0.1201970601601191,-0.6215705967146201,-0.9274745739175644,-0.4408822121816843
20.0,188.0,1000.9432373046876,0.824493352894084,0.1717593457825232,-2.3768181931737407,-0.0231454770914799,0.5188578186747616,-0.571934593955575,0.1201970601601191,-0.6215705967146201,-0.9274745739175644,-0.4408822121816843
20.0,188.0,1000.9432373046876,0.824493352894084,0.1717593457825232,-2.3768181931737407,-0.0231454770914799,0.5188578186747616,-0.571934593955575,0.1201970601601191,-0.6215705967146201,-0.9274745739175644,-0.4408822138326776
20.0,188.0,1000.9432373046876,0.8244933528941882,0.1717593457825232,-2.3768181714892185,-0.0231454770955707,0.5188578186747616,-0.571934593955575,0.1201970601601191,-0.6215705967146201,-0.9274745739175644,-0.4408822145023395
20.0,188.0,1000.9432373046876,0.824493352894084,0.1717593457825232,-2.3768181920100586,-0.0231454770857545,0.5188578186747616,-0.571934593955575,0.1201970601601191,-0.6215705967146201,-0.9274745739175644,-0.4408822121816843
20.0,188.0,1000.9432373046876,0.8244933528941873,0.1717593457825232,-2.376818166038288,-0.0231454652598426,0.5188549899109364,-0.571934593955556,0.1201970601601191,-0.6215705967146201,-0.9274745739175644,-0.4408826228163027
20.0,188.0,1000.9432373046876,0.8244933528941873,0.1717593457825232,-2.376818166038288,-0.0231454774621978,0.5188549899109364,-0.5719345939555734,0.1201970601601191,-0.6215705967146201,-0.9274745739175644,-0.4408826026868362
20.0,188.0,1000.9432373046876,0.824493352894084,0.1717593457825232,-2.3768181931737407,-0.0231454770914799,0.5188578186747616,-0.571934593955575,0.1201970601601191,-0.6215705967146201,-0.9274745739175644,-0.4408822121816843
20.0,188.0,1000.9432373046876,0.824493352894084,0.1717593457825232,-2.3768181931737407,-0.0231454770907681,0.5188578186747616,-0.571934593955575,0.1201970601601191,-0.6215705967146201,-0.9274745739175644,-0.4408822138326776
20.0,188.0,1000.9432373046876,0.8244933528940895,0.1717593457825232,-2.37681816374902,-0.0231454769487913,0.5188578186747616,-0.5719345939555747,0.1201970601601191,-0.6215705967146201,-0.9274745739175644,-0.4408822121816843
20.0,188.0,1000.9432373046876,0.824493352894084,0.1717593457825232,-2.3768181931737407,-0.0231454770914799,0.5188578186747616,-0.571934593955575,0.1201970601601191,-0.6215705967146201,-0.9274745739175644,-0.4408822121816843
20.0,188.0,1000.9432373046876,0.8244933528941846,0.1717593457825232,-2.3768181931737407,-0.0231454773413916,0.5188578186747616,-0.571934593955575,0.1201970601601191,-0.6215705967146201,-0.9274745739175644,-0.4408822121816843
20.0,188.0,1000.9432373046876,0.8244933528940794,0.1717593457825232,-2.3768181931737407,-0.0231454769495031,0.5188578186747616,-0.571934593955575,0.1201970601601191,-0.6215705967146201,-0.9274745739175644,-0.4408822121816843
20.0,188.0,1000.9432373046876,0.8244933528941873,0.1717593457825232,-2.376818193819988,-0.0231454767152466,0.518857746656337,-0.571934593955556,0.1201970601601191,-0.6215705967146201,-0.9274745739175644,-0.4408822444018306
20.0,188.0,1000.9432373046876,0.8244933528941846,0.1717593457825232,-2.3768181931737407,-0.0231454773413916,0.5188578127219803,-0.571934593955575,0.1201970601601191,-0.6215705967146201,-0.9274745739175644,-0.4408822121816843
20.0,188.0,1000.9432373046876,0.8244933528941739,0.1717593457825232,-2.376818195578807,-0.0231454767222202,0.5188578186747616,-0.571934593955575,0.1201970601601191,-0.6215705967146201,-0.9274745739175644,-0.4408822063575652
20.0,188.0,1000.9432373046876,0.8244933528940794,0.1717593457825232,-2.3768181931737407,-0.0231454769495031,0.5188578186747616,-0.571934593955575,0.1201970601601191,-0.6215705967146201,-0.9274745739175644,-0.4408822121816843
20.0,188.0,1000.9432373046876,0.8244933528940794,0.1717593457825232,-2.3768181931737407,-0.0231454769487913,0.5188578186747616,-0.571934593955575,0.1201970601601191,-0.6215705967146201,-0.9274745739175644,-0.4408822121816843
20.0,188.0,1000.9432373046876,0.8244933528940853,0.1717593457825232,-2.37681816374902,-0.0231454778347824,0.5188546184138192,-0.5719345939555747,0.1201970601601191,-0.6215705967146201,-0.9274745739175644,-0.440882600856085
20.0,188.0,1000.9432373046876,0.8244933528940794,0.1717593457825232,-2.376818165392041,-0.0231454654933873,0.5188550619293609,-0.571934593955575,0.1201970601601191,-0.6215705967146201,-0.9274745739175644,-0.4408825905961564
20.0,188.0,1000.9432373046876,0.824493352894084,0.1717593457825232,-2.3768181931737407,-0.0231454658180361,0.5188492847891056,-0.571934593955575,0.1201970601601191,-0.6215705967146201,-0.9274745739175644,-0.4408818569325445
20.0,188.0,1000.9432373046876,0.8244933528941873,0.1717593457825232,-2.3768181716375043,-0.0231454770914799,0.5188578186747616,-0.571934593955575,0.1201970601601191,-0.6215705967146201,-0.9274745739175644,-0.4408822312686979
20.0,188.0,1000.9432373046876,0.824493352894084,0.1717593457825232,-2.3768181931737407,-0.0231454770914799,0.5188578186747616,-0.571934593955575,0.1201970601601191,-0.6215705967146201,-0.9274745739175644,-0.4408822121816843
20.0,188.0,1000.9432373046876,0.8244933528941853,0.1717593457825232,-2.376818171443306,-0.0231454770955707,0.5188578186747616,-0.571934593955575,0.1201970601601191,-0.6215705967146201,-0.9274745739175644,-0.4408822116081401
20.0,188.0,1000.9432373046876,0.8244933528940844,0.1717593457825232,-2.3768181931737407,-0.0231454773413916,0.5188578186747616,-0.571934593955575,0.1201970601601191,-0.6215705967146201,-0.9274745739175644,-0.4408822121816843
20.0,188.0,1000.9432373046876,0.8244933528941873,0.1717593457825232,-2.376818166038288,-0.0231454774621978,0.5188549899109364,-0.5719345939555734,0.1201970601601191,-0.6215705967146201,-0.9274745739175644,-0.4408826026868362
20.0,188.0,1000.9432373046876,0.8244933528941917,0.1717593457825232,-2.376818166038288,-0.0231454643738514,0.5188581901718787,-0.571934593955556,0.1201970601601191,-0.6215705967146201,-0.9274745739175644,-0.440882234141902
20.0,188.0,1000.9432373046876,0.8244933528941846,0.1717593457825232,-2.3768181931737407,-0.0231454773413916,0.518857812890982,-0.571934593955575,0.1201970601601191,-0.6215705967146201,-0.9274745739175644,-0.4408822121816843
20.0,188.0,1000.9432373046876,0.824493352894087,0.1717593457825232,-2.3768181934489463,-0.0231454774605585,0.5188581458690521,-0.571934593955575,0.1201970601601191,-0.6215705967146201,-0.9274745739175644,-0.4408822121816843
20.0,188.0,1000.9432373046876,0.8244933528940794,0.1717593457825232,-2.376818165392041,-0.0231454774125806,0.5188550619293609,-0.571934593955575,0.1201970601601191,-0.6215705967146201,-0.9274745739175644,-0.4408822110497736
20.0,188.0,1000.9432373046876,0.8244933528941853,0.1717593457825232,-2.376818171419115,-0.0231454774548386,0.5188548181131262,-0.571934593955575,0.1201970601601191,-0.6215705967146201,-0.9274745739175644,-0.4408826062061954
20.0,188.0,1000.9432373046876,0.8244933528941873,0.1717593457825232,-2.37681817107884,-0.0231454770914799,0.5188578186747616,-0.571934593955575,0.1201970601601191,-0.6215705967146201,-0.9274745739175644,-0.4408822312686979
20.0,188.0,1000.9432373046876,0.8244933528941917,0.1717593457825232,-2.376818166371673,-0.0231454643738514,0.5188578170754249,-0.5719345939555553,0.1201970601601191,-0.6215705967146201,-0.9274745739175644,-0.440882234141902
20.0,188.0,1000.9432373046876,0.824493352894084,0.1717593457825232,-2.3768181931737407,-0.0231454770914799,0.5188578186747616,-0.571934593955575,0.1201970601601191,-0.6215705967146201,-0.9274745739175644,-0.4408822121816843
20.0,188.0,1000.9432373046876,0.8244933528941853,0.1717593457825232,-2.376818171443306,-0.0231454770955707,0.5188578424111012,-0.5719345939555752,0.1201970601601191,-0.6215705967146201,-0.9274745739175644,-0.4408822116081401
20.0,188.0,1000.9432373046876,0.8244933528941873,0.1717593457825232,-2.376818193819988,-0.0231454767152466,0.518857746656337,-0.571934593955556,0.1201970601601191,-0.6215705967146201,-0.9274745739175644,-0.4408822444018306
20.0,188.0,1000.9432373046876,0.8244933528940892,0.1717593457825232,-2.376818166157814,-0.0231454769487913,0.5188548748987581,-0.5719345939555747,0.1201970601601191,-0.6215705967146201,-0.9274745739175644,-0.440882622649795
20.0,188.0,1000.9432373046876,0.8244933528941846,0.1717593457825232,-2.3768181931737407,-0.0231454773413916,0.51885781850576,-0.571934593955575,0.1201970601601191,-0.6215705967146201,-0.9274745739175644,-0.4408822121816843
20.0,188.0,1000.9432373046876,0.8244933528941842,0.1717593457825232,-2.376818165763083,-0.0231454770931193,0.5188546627166458,-0.5719345939555734,0.1201970601601191,-0.6215705967146201,-0.9274745739175644,-0.4408826026868362
20.0,188.0,1000.9432373046876,0.8244933528940827,0.1717593457825232,-2.3768181661483,-0.0231454652598426,0.5188549899109364,-0.571934593955575,0.1201970601601191,-0.6215705967146201,-0.9274745739175644,-0.4408826341076294
20.0,188.0,1000.9432373046876,0.8244933528941739,0.1717593457825232,-2.376818195578807,-0.0231454648030269,0.5188578186747616,-0.571934593955575,0.1201970601601191,-0.6215705967146201,-0.9274745739175644,-0.440882585903948
20.0,189.0,1000.9229736328124,0.8244933528940794,0.1717593457825232,-2.3768181931737407,-0.0231454770857481,0.5188578186747616,-0.571934593955575,0.1201970601601191,-0.6224700956271234,-0.9274745739175644,-0.4408822121816843
20.0,189.0,1000.9229736328124,0.8244933528940794,0.1717593457825232,-2.3768181931737407,-0.0231454770857481,0.5188578186747616,-0.571934593955575,0.1201970601601191,-0.6224700956271234,-0.9274745739175644,-0.4408822121816843
20.0,189.0,1000.9432373046876,0.824493352894084,0.1717593457825232,-2.3768181931737407,-0.0231454770914799,0.5188578186747616,-0.571934593955575,0.1201970601601191,-0.6215705967146201,-0.9274745739175644,-0.4408822121816843
20.0,189.0,1000.9432373046876,0.824493352894084,0.1717593457825232,-2.3768181931737407,-0.0231454770914799,0.5188578186747616,-0.571934593955575,0.1201970601601191,-0.6215705967146201,-0.9274745739175644,-0.4408822121816843
20.0,189.0,1000.9432373046876,0.8244933528941846,0.1717593457825232,-2.3768181931737407,-0.0231454773413916,0.5188578186747616,-0.571934593955575,0.1201970601601191,-0.6215705967146201,-0.9274745739175644,-0.4408822121816843
20.0,189.0,1000.9432373046876,0.8244933528940794,0.1717593457825232,-2.3768181931737407,-0.0231454769487913,0.5188578186747616,-0.571934593955575,0.1201970601601191,-0.6215705967146201,-0.9274745739175644,-0.4408822121816843
20.0,189.0,1000.9432373046876,0.8244933528941853,0.1717593457825232,-2.376818171443306,-0.0231454770955707,0.5188578186747616,-0.571934593955575,0.1201970601601191,-0.6215705967146201,-0.9274745739175644,-0.4408822116081401
20.0,189.0,1000.9432373046876,0.824493352894084,0.1717593457825232,-2.3768181931737407,-0.0231454770914799,0.5188578186747616,-0.571934593955575,0.1201970601601191,-0.6215705967146201,-0.9274745739175644,-0.4408822121816843
20.0,189.0,1000.9432373046876,0.8244933528941873,0.1717593457825232,-2.376818166038288,-0.0231454652598426,0.5188549899109364,-0.571934593955556,0.1201970601601191,-0.6215705967146201,-0.9274745739175644,-0.4408826228163027
20.0,189.0,1000.9432373046876,0.8244933528941882,0.1717593457825232,-2.376818171466023,-0.0231454770955707,0.5188578186747616,-0.571934593955575,0.1201970601601191,-0.6215705967146201,-0.9274745739175644,-0.4408822145023395
20.0,189.0,1000.9432373046876,0.8244933528940844,0.1717593457825232,-2.3768181931737407,-0.0231454773413916,0.5188578186747616,-0.571934593955575,0.1201970601601191,-0.6215705967146201,-0.9274745739175644,-0.4408822121816843
20.0,189.0,1000.9432373046876,0.824493352894084,0.1717593457825232,-2.3768181931737407,-0.0231454770914799,0.5188578186747616,-0.571934593955575,0.1201970601601191,-0.6215705967146201,-0.9274745739175644,-0.4408822121816843
20.0,189.0,1000.9432373046876,0.824493352894084,0.1717593457825232,-2.3768181931737407,-0.0231454770914799,0.5188578186747616,-0.571934593955575,0.1201970601601191,-0.6215705967146201,-0.9274745739175644,-0.4408822138326776
20.0,189.0,1000.9432373046876,0.8244933528941882,0.1717593457825232,-2.3768181714892185,-0.0231454770955707,0.5188578186747616,-0.571934593955575,0.1201970601601191,-0.6215705967146201,-0.9274745739175644,-0.4408822145023395
20.0,189.0,1000.9432373046876,0.824493352894084,0.1717593457825232,-2.3768181920100586,-0.0231454770857545,0.5188578186747616,-0.571934593955575,0.1201970601601191,-0.6215705967146201,-0.9274745739175644,-0.4408822121816843
20.0,189.0,1000.9432373046876,0.8244933528941873,0.1717593457825232,-2.376818166038288,-0.0231454652598426,0.5188549899109364,-0.571934593955556,0.1201970601601191,-0.6215705967146201,-0.9274745739175644,-0.4408826228163027
20.0,189.0,1000.9432373046876,0.8244933528941873,0.1717593457825232,-2.376818166038288,-0.0231454774621978,0.5188549899109364,-0.5719345939555734,0.1201970601601191,-0.6215705967146201,-0.9274745739175644,-0.4408826026868362
20.0,189.0,1000.9432373046876,0.824493352894084,0.1717593457825232,-2.3768181931737407,-0.0231454770914799,0.5188578186747616,-0.571934593955575,0.1201970601601191,-0.6215705967146201,-0.9274745739175644,-0.4408822121816843
20.0,189.0,1000.9432373046876,0.824493352894084,0.1717593457825232,-2.3768181931737407,-0.0231454770907681,0.5188578186747616,-0.571934593955575,0.1201970601601191,-0.6215705967146201,-0.9274745739175644,-0.4408822138326776
20.0,189.0,1000.9432373046876,0.8244933528940895,0.1717593457825232,-2.37681816374902,-0.0231454769487913,0.5188578186747616,-0.5719345939555747,0.1201970601601191,-0.6215705967146201,-0.9274745739175644,-0.4408822121816843
20.0,189.0,1000.9432373046876,0.824493352894084,0.1717593457825232,-2.3768181931737407,-0.0231454770914799,0.5188578186747616,-0.571934593955575,0.1201970601601191,-0.6215705967146201,-0.9274745739175644,-0.4408822121816843
20.0,189.0,1000.9432373046876,0.8244933528941846,0.1717593457825232,-2.3768181931737407,-0.0231454773413916,0.5188578186747616,-0.571934593955575,0.1201970601601191,-0.6215705967146201,-0.9274745739175644,-0.4408822121816843
20.0,189.0,1000.9432373046876,0.8244933528940794,0.1717593457825232,-2.3768181931737407,-0.0231454769495031,0.5188578186747616,-0.571934593955575,0.1201970601601191,-0.6215705967146201,-0.9274745739175644,-0.4408822121816843
20.0,189.0,1000.9432373046876,0.8244933528941873,0.1717593457825232,-2.376818193819988,-0.0231454767152466,0.518857746656337,-0.571934593955556,0.1201970601601191,-0.6215705967146201,-0.9274745739175644,-0.4408822444018306
20.0,189.0,1000.9432373046876,0.8244933528941846,0.1717593457825232,-2.3768181931737407,-0.0231454773413916,0.5188578127219803,-0.571934593955575,0.1201970601601191,-0.6215705967146201,-0.9274745739175644,-0.4408822121816843
20.0,189.0,1000.9432373046876,0.8244933528941739,0.1717593457825232,-2.376818195578807,-0.0231454767222202,0.5188578186747616,-0.571934593955575,0.1201970601601191,-0.6215705967146201,-0.9274745739175644,-0.4408822063575652
20.0,189.0,1000.9432373046876,0.8244933528940794,0.1717593457825232,-2.3768181931737407,-0.0231454769495031,0.5188578186747616,-0.571934593955575,0.1201970601601191,-0.6215705967146201,-0.9274745739175644,-0.4408822121816843
20.0,189.0,1000.9432373046876,0.8244933528940794,0.1717593457825232,-2.3768181931737407,-0.0231454769487913,0.5188578186747616,-0.571934593955575,0.1201970601601191,-0.6215705967146201,-0.9274745739175644,-0.4408822121816843
20.0,189.0,1000.9432373046876,0.8244933528940853,0.1717593457825232,-2.37681816374902,-0.0231454778347824,0.5188546184138192,-0.5719345939555747,0.1201970601601191,-0.6215705967146201,-0.9274745739175644,-0.440882600856085
20.0,189.0,1000.9432373046876,0.8244933528940794,0.1717593457825232,-2.376818165392041,-0.0231454654933873,0.5188550619293609,-0.571934593955575,0.1201970601601191,-0.6215705967146201,-0.9274745739175644,-0.4408825905961564
20.0,189.0,1000.9432373046876,0.824493352894084,0.1717593457825232,-2.3768181931737407,-0.0231454658180361,0.5188492847891056,-0.571934593955575,0.1201970601601191,-0.6215705967146201,-0.9274745739175644,-0.4408818569325445
20.0,189.0,1000.9432373046876,0.8244933528941873,0.1717593457825232,-2.3768181716375043,-0.0231454770914799,0.5188578186747616,-0.571934593955575,0.1201970601601191,-0.6215705967146201,-0.9274745739175644,-0.4408822312686979
20.0,189.0,1000.9432373046876,0.824493352894084,0.1717593457825232,-2.3768181931737407,-0.0231454770914799,0.5188578186747616,-0.571934593955575,0.1201970601601191,-0.6215705967146201,-0.9274745739175644,-0.4408822121816843
20.0,189.0,1000.9432373046876,0.8244933528941853,0.1717593457825232,-2.376818171443306,-0.0231454770955707,0.5188578186747616,-0.571934593955575,0.1201970601601191,-0.6215705967146201,-0.9274745739175644,-0.4408822116081401
20.0,189.0,1000.9432373046876,0.8244933528940844,0.1717593457825232,-2.3768181931737407,-0.0231454773413916,0.5188578186747616,-0.571934593955575,0.1201970601601191,-0.6215705967146201,-0.9274745739175644,-0.4408822121816843
20.0,189.0,1000.9432373046876,0.8244933528941873,0.1717593457825232,-2.376818166038288,-0.0231454774621978,0.5188549899109364,-0.5719345939555734,0.1201970601601191,-0.6215705967146201,-0.9274745739175644,-0.4408826026868362
20.0,189.0,1000.9432373046876,0.8244933528941917,0.1717593457825232,-2.376818166038288,-0.0231454643738514,0.5188581901718787,-0.571934593955556,0.1201970601601191,-0.6215705967146201,-0.9274745739175644,-0.440882234141902
20.0,189.0,1000.9432373046876,0.8244933528941846,0.1717593457825232,-2.3768181931737407,-0.0231454773413916,0.518857812890982,-0.571934593955575,0.1201970601601191,-0.6215705967146201,-0.9274745739175644,-0.4408822121816843
20.0,189.0,1000.9432373046876,0.824493352894087,0.1717593457825232,-2.3768181934489463,-0.0231454774605585,0.5188581458690521,-0.571934593955575,0.1201970601601191,-0.6215705967146201,-0.9274745739175644,-0.4408822121816843
20.0,189.0,1000.9432373046876,0.8244933528940794,0.1717593457825232,-2.376818165392041,-0.0231454774125806,0.5188550619293609,-0.571934593955575,0.1201970601601191,-0.6215705967146201,-0.9274745739175644,-0.4408822110497736
20.0,189.0,1000.9432373046876,0.8244933528941853,0.1717593457825232,-2.376818171419115,-0.0231454774548386,0.5188548181131262,-0.571934593955575,0.1201970601601191,-0.6215705967146201,-0.9274745739175644,-0.4408826062061954
20.0,189.0,1000.9432373046876,0.8244933528941873,0.1717593457825232,-2.37681817107884,-0.0231454770914799,0.5188578186747616,-0.571934593955575,0.1201970601601191,-0.6215705967146201,-0.9274745739175644,-0.4408822312686979
20.0,189.0,1000.9432373046876,0.8244933528941917,0.1717593457825232,-2.376818166371673,-0.0231454643738514,0.5188578170754249,-0.5719345939555553,0.1201970601601191,-0.6215705967146201,-0.9274745739175644,-0.440882234141902
20.0,189.0,1000.9432373046876,0.824493352894084,0.1717593457825232,-2.3768181931737407,-0.0231454770914799,0.5188578186747616,-0.571934593955575,0.1201970601601191,-0.6215705967146201,-0.9274745739175644,-0.4408822121816843
20.0,189.0,1000.9432373046876,0.8244933528941853,0.1717593457825232,-2.376818171443306,-0.0231454770955707,0.5188578424111012,-0.5719345939555752,0.1201970601601191,-0.6215705967146201,-0.9274745739175644,-0.4408822116081401
20.0,189.0,1000.9432373046876,0.8244933528941873,0.1717593457825232,-2.376818193819988,-0.0231454767152466,0.518857746656337,-0.571934593955556,0.1201970601601191,-0.6215705967146201,-0.9274745739175644,-0.4408822444018306
20.0,189.0,1000.9432373046876,0.8244933528940892,0.1717593457825232,-2.376818166157814,-0.0231454769487913,0.5188548748987581,-0.5719345939555747,0.1201970601601191,-0.6215705967146201,-0.9274745739175644,-0.440882622649795
20.0,189.0,1000.9432373046876,0.8244933528941846,0.1717593457825232,-2.3768181931737407,-0.0231454773413916,0.51885781850576,-0.571934593955575,0.1201970601601191,-0.6215705967146201,-0.9274745739175644,-0.4408822121816843
20.0,189.0,1000.9432373046876,0.8244933528941842,0.1717593457825232,-2.376818165763083,-0.0231454770931193,0.5188546627166458,-0.5719345939555734,0.1201970601601191,-0.6215705967146201,-0.9274745739175644,-0.4408826026868362
20.0,189.0,1000.9432373046876,0.8244933528940827,0.1717593457825232,-2.3768181661483,-0.0231454652598426,0.5188549899109364,-0.571934593955575,0.1201970601601191,-0.6215705967146201,-0.9274745739175644,-0.4408826341076294
20.0,190.0,1000.9229736328124,0.8244933528940794,0.1717593457825232,-2.3768181931737407,-0.0231454770857481,0.5188578186747616,-0.571934593955575,0.1201970601601191,-0.6224700956271234,-0.9274745739175644,-0.4408822121816843
20.0,190.0,1000.9229736328124,0.8244933528940794,0.1717593457825232,-2.3768181931737407,-0.0231454770857481,0.5188578186747616,-0.571934593955575,0.1201970601601191,-0.6224700956271234,-0.9274745739175644,-0.4408822121816843
20.0,190.0,1000.9229736328124,0.8244933528940794,0.1717593457825232,-2.3768181931737407,-0.0231454770919642,0.5188578186747616,-0.571934593955575,0.1201970601601191,-0.6224732615296171,-0.9274745739175644,-0.4408822121816843
20.0,190.0,1000.9229736328124,0.8244933528941928,0.1717593457825232,-2.3768181931737407,-0.0231454770855083,0.5188578186747616,-0.571934593955575,0.1201970601601191,-0.6224700956271234,-0.9274745739175644,-0.4408822121816843
20.0,190.0,1000.9406127929688,0.8244933528941853,0.1717593457825232,-2.376818171443306,-0.0231454770865208,0.5188578186747616,-0.571934593955575,0.1201970601601191,-0.6216563343109007,-0.9274745739175644,-0.4408822115906632
20.0,190.0,1000.9432373046876,0.824493352894084,0.1717593457825232,-2.3768181931737407,-0.0231454770914799,0.5188578186747616,-0.571934593955575,0.1201970601601191,-0.6215705967146201,-0.9274745739175644,-0.4408822121816843
20.0,190.0,1000.9432373046876,0.824493352894084,0.1717593457825232,-2.3768181931737407,-0.0231454770914799,0.5188578186747616,-0.571934593955575,0.1201970601601191,-0.6215705967146201,-0.9274745739175644,-0.4408822121816843
20.0,190.0,1000.9432373046876,0.8244933528941846,0.1717593457825232,-2.3768181931737407,-0.0231454773413916,0.5188578186747616,-0.571934593955575,0.1201970601601191,-0.6215705967146201,-0.9274745739175644,-0.4408822121816843
20.0,190.0,1000.9432373046876,0.8244933528940794,0.1717593457825232,-2.3768181931737407,-0.0231454769487913,0.5188578186747616,-0.571934593955575,0.1201970601601191,-0.6215705967146201,-0.9274745739175644,-0.4408822121816843
20.0,190.0,1000.9432373046876,0.8244933528941853,0.1717593457825232,-2.376818171443306,-0.0231454770955707,0.5188578186747616,-0.571934593955575,0.1201970601601191,-0.6215705967146201,-0.9274745739175644,-0.4408822116081401
20.0,190.0,1000.9432373046876,0.824493352894084,0.1717593457825232,-2.3768181931737407,-0.0231454770914799,0.5188578186747616,-0.571934593955575,0.1201970601601191,-0.6215705967146201,-0.9274745739175644,-0.4408822121816843
20.0,190.0,1000.9432373046876,0.8244933528941873,0.1717593457825232,-2.376818166038288,-0.0231454652598426,0.5188549899109364,-0.571934593955556,0.1201970601601191,-0.6215705967146201,-0.9274745739175644,-0.4408826228163027
20.0,190.0,1000.9432373046876,0.8244933528941882,0.1717593457825232,-2.376818171466023,-0.0231454770955707,0.5188578186747616,-0.571934593955575,0.1201970601601191,-0.6215705967146201,-0.9274745739175644,-0.4408822145023395
20.0,190.0,1000.9432373046876,0.8244933528940844,0.1717593457825232,-2.3768181931737407,-0.0231454773413916,0.5188578186747616,-0.571934593955575,0.1201970601601191,-0.6215705967146201,-0.9274745739175644,-0.4408822121816843
20.0,190.0,1000.9432373046876,0.824493352894084,0.1717593457825232,-2.3768181931737407,-0.0231454770914799,0.5188578186747616,-0.571934593955575,0.1201970601601191,-0.6215705967146201,-0.9274745739175644,-0.4408822121816843
20.0,190.0,1000.9432373046876,0.824493352894084,0.1717593457825232,-2.3768181931737407,-0.0231454770914799,0.5188578186747616,-0.571934593955575,0.1201970601601191,-0.6215705967146201,-0.9274745739175644,-0.4408822138326776
20.0,190.0,1000.9432373046876,0.8244933528941882,0.1717593457825232,-2.3768181714892185,-0.0231454770955707,0.5188578186747616,-0.571934593955575,0.1201970601601191,-0.6215705967146201,-0.9274745739175644,-0.4408822145023395
20.0,190.0,1000.9432373046876,0.824493352894084,0.1717593457825232,-2.3768181920100586,-0.0231454770857545,0.5188578186747616,-0.571934593955575,0.1201970601601191,-0.6215705967146201,-0.9274745739175644,-0.4408822121816843
20.0,190.0,1000.9432373046876,0.8244933528941873,0.1717593457825232,-2.376818166038288,-0.0231454652598426,0.5188549899109364,-0.571934593955556,0.1201970601601191,-0.6215705967146201,-0.9274745739175644,-0.4408826228163027
20.0,190.0,1000.9432373046876,0.8244933528941873,0.1717593457825232,-2.376818166038288,-0.0231454774621978,0.5188549899109364,-0.5719345939555734,0.1201970601601191,-0.6215705967146201,-0.9274745739175644,-0.4408826026868362
20.0,190.0,1000.9432373046876,0.824493352894084,0.1717593457825232,-2.3768181931737407,-0.0231454770914799,0.5188578186747616,-0.571934593955575,0.1201970601601191,-0.6215705967146201,-0.9274745739175644,-0.4408822121816843
20.0,190.0,1000.9432373046876,0.824493352894084,0.1717593457825232,-2.3768181931737407,-0.0231454770907681,0.5188578186747616,-0.571934593955575,0.1201970601601191,-0.6215705967146201,-0.9274745739175644,-0.4408822138326776
20.0,190.0,1000.9432373046876,0.8244933528940895,0.1717593457825232,-2.37681816374902,-0.0231454769487913,0.5188578186747616,-0.5719345939555747,0.1201970601601191,-0.6215705967146201,-0.9274745739175644,-0.4408822121816843
20.0,190.0,1000.9432373046876,0.824493352894084,0.1717593457825232,-2.3768181931737407,-0.0231454770914799,0.5188578186747616,-0.571934593955575,0.1201970601601191,-0.6215705967146201,-0.9274745739175644,-0.4408822121816843
20.0,190.0,1000.9432373046876,0.8244933528941846,0.1717593457825232,-2.3768181931737407,-0.0231454773413916,0.5188578186747616,-0.571934593955575,0.1201970601601191,-0.6215705967146201,-0.9274745739175644,-0.4408822121816843
20.0,190.0,1000.9432373046876,0.8244933528940794,0.1717593457825232,-2.3768181931737407,-0.0231454769495031,0.5188578186747616,-0.571934593955575,0.1201970601601191,-0.6215705967146201,-0.9274745739175644,-0.4408822121816843
20.0,190.0,1000.9432373046876,0.8244933528941873,0.1717593457825232,-2.376818193819988,-0.0231454767152466,0.518857746656337,-0.571934593955556,0.1201970601601191,-0.6215705967146201,-0.9274745739175644,-0.4408822444018306
20.0,190.0,1000.9432373046876,0.8244933528941846,0.1717593457825232,-2.3768181931737407,-0.0231454773413916,0.5188578127219803,-0.571934593955575,0.1201970601601191,-0.6215705967146201,-0.9274745739175644,-0.4408822121816843
20.0,190.0,1000.9432373046876,0.8244933528941739,0.1717593457825232,-2.376818195578807,-0.0231454767222202,0.5188578186747616,-0.571934593955575,0.1201970601601191,-0.6215705967146201,-0.9274745739175644,-0.4408822063575652
20.0,190.0,1000.9432373046876,0.8244933528940794,0.1717593457825232,-2.3768181931737407,-0.0231454769495031,0.5188578186747616,-0.571934593955575,0.1201970601601191,-0.6215705967146201,-0.9274745739175644,-0.4408822121816843
20.0,190.0,1000.9432373046876,0.8244933528940794,0.1717593457825232,-2.3768181931737407,-0.0231454769487913,0.5188578186747616,-0.571934593955575,0.1201970601601191,-0.6215705967146201,-0.9274745739175644,-0.4408822121816843
20.0,190.0,1000.9432373046876,0.8244933528940853,0.1717593457825232,-2.37681816374902,-0.0231454778347824,0.5188546184138192,-0.5719345939555747,0.1201970601601191,-0.6215705967146201,-0.9274745739175644,-0.440882600856085
20.0,190.0,1000.9432373046876,0.8244933528940794,0.1717593457825232,-2.376818165392041,-0.0231454654933873,0.5188550619293609,-0.571934593955575,0.1201970601601191,-0.6215705967146201,-0.9274745739175644,-0.4408825905961564
20.0,190.0,1000.9432373046876,0.824493352894084,0.1717593457825232,-2.3768181931737407,-0.0231454658180361,0.5188492847891056,-0.571934593955575,0.1201970601601191,-0.6215705967146201,-0.9274745739175644,-0.4408818569325445
20.0,190.0,1000.9432373046876,0.8244933528941873,0.1717593457825232,-2.3768181716375043,-0.0231454770914799,0.5188578186747616,-0.571934593955575,0.1201970601601191,-0.6215705967146201,-0.9274745739175644,-0.4408822312686979
20.0,190.0,1000.9432373046876,0.824493352894084,0.1717593457825232,-2.3768181931737407,-0.0231454770914799,0.5188578186747616,-0.571934593955575,0.1201970601601191,-0.6215705967146201,-0.9274745739175644,-0.4408822121816843
20.0,190.0,1000.9432373046876,0.8244933528941853,0.1717593457825232,-2.376818171443306,-0.0231454770955707,0.5188578186747616,-0.571934593955575,0.1201970601601191,-0.6215705967146201,-0.9274745739175644,-0.4408822116081401
20.0,190.0,1000.9432373046876,0.8244933528940844,0.1717593457825232,-2.3768181931737407,-0.0231454773413916,0.5188578186747616,-0.571934593955575,0.1201970601601191,-0.6215705967146201,-0.9274745739175644,-0.4408822121816843
20.0,190.0,1000.9432373046876,0.8244933528941873,0.1717593457825232,-2.376818166038288,-0.0231454774621978,0.5188549899109364,-0.5719345939555734,0.1201970601601191,-0.6215705967146201,-0.9274745739175644,-0.4408826026868362
20.0,190.0,1000.9432373046876,0.8244933528941917,0.1717593457825232,-2.376818166038288,-0.0231454643738514,0.5188581901718787,-0.571934593955556,0.1201970601601191,-0.6215705967146201,-0.9274745739175644,-0.440882234141902
20.0,190.0,1000.9432373046876,0.8244933528941846,0.1717593457825232,-2.3768181931737407,-0.0231454773413916,0.518857812890982,-0.571934593955575,0.1201970601601191,-0.6215705967146201,-0.9274745739175644,-0.4408822121816843
20.0,190.0,1000.9432373046876,0.824493352894087,0.1717593457825232,-2.3768181934489463,-0.0231454774605585,0.5188581458690521,-0.571934593955575,0.1201970601601191,-0.6215705967146201,-0.9274745739175644,-0.4408822121816843
20.0,190.0,1000.9432373046876,0.8244933528940794,0.1717593457825232,-2.376818165392041,-0.0231454774125806,0.5188550619293609,-0.571934593955575,0.1201970601601191,-0.6215705967146201,-0.9274745739175644,-0.4408822110497736
20.0,190.0,1000.9432373046876,0.8244933528941853,0.1717593457825232,-2.376818171419115,-0.0231454774548386,0.5188548181131262,-0.571934593955575,0.1201970601601191,-0.6215705967146201,-0.9274745739175644,-0.4408826062061954
20.0,190.0,1000.9432373046876,0.8244933528941873,0.1717593457825232,-2.37681817107884,-0.0231454770914799,0.5188578186747616,-0.571934593955575,0.1201970601601191,-0.6215705967146201,-0.9274745739175644,-0.4408822312686979
20.0,190.0,1000.9432373046876,0.8244933528941917,0.1717593457825232,-2.376818166371673,-0.0231454643738514,0.5188578170754249,-0.5719345939555553,0.1201970601601191,-0.6215705967146201,-0.9274745739175644,-0.440882234141902
20.0,190.0,1000.9432373046876,0.824493352894084,0.1717593457825232,-2.3768181931737407,-0.0231454770914799,0.5188578186747616,-0.571934593955575,0.1201970601601191,-0.6215705967146201,-0.9274745739175644,-0.4408822121816843
20.0,190.0,1000.9432373046876,0.8244933528941853,0.1717593457825232,-2.376818171443306,-0.0231454770955707,0.5188578424111012,-0.5719345939555752,0.1201970601601191,-0.6215705967146201,-0.9274745739175644,-0.4408822116081401
20.0,190.0,1000.9432373046876,0.8244933528941873,0.1717593457825232,-2.376818193819988,-0.0231454767152466,0.518857746656337,-0.571934593955556,0.1201970601601191,-0.6215705967146201,-0.9274745739175644,-0.4408822444018306
20.0,190.0,1000.9432373046876,0.8244933528940892,0.1717593457825232,-2.376818166157814,-0.0231454769487913,0.5188548748987581,-0.5719345939555747,0.1201970601601191,-0.6215705967146201,-0.9274745739175644,-0.440882622649795
20.0,191.0,1000.9229736328124,0.8244933528940794,0.1717593457825232,-2.3768181931737407,-0.0231454770857481,0.5188578186747616,-0.571934593955575,0.1201970601601191,-0.6224700956271234,-0.9274745739175644,-0.4408822121816843
20.0,191.0,1000.9229736328124,0.8244933528940794,0.1717593457825232,-2.3768181931737407,-0.0231454770857481,0.5188578186747616,-0.571934593955575,0.1201970601601191,-0.6224700956271234,-0.9274745739175644,-0.4408822121816843
20.0,191.0,1000.9229736328124,0.8244933528940794,0.1717593457825232,-2.3768181931737407,-0.0231454770919642,0.5188578186747616,-0.571934593955575,0.1201970601601191,-0.6224732615296171,-0.9274745739175644,-0.4408822121816843
20.0,191.0,1000.9229736328124,0.8244933528941928,0.1717593457825232,-2.3768181931737407,-0.0231454770855083,0.5188578186747616,-0.571934593955575,0.1201970601601191,-0.6224700956271234,-0.9274745739175644,-0.4408822121816843
20.0,191.0,1000.9229736328124,0.8244933528941928,0.1717593457825232,-2.3768181931737407,-0.0231454770855083,0.5188578186747616,-0.571934593955575,0.1201970601601191,-0.6224700956271234,-0.9274745739175644,-0.4408822121816843
20.0,191.0,1000.9229736328124,0.8244933528940794,0.1717593457825232,-2.3768181931737407,-0.0231454770857481,0.5188578186747616,-0.571934593955575,0.1201970601601191,-0.6224700956271234,-0.9274745739175644,-0.4408822121816843
20.0,191.0,1000.9229736328124,0.8244933528940794,0.1717593457825232,-2.376818171323496,-0.0231454770919642,0.5188578186747616,-0.571934593955575,0.1201970601601191,-0.6224732615296171,-0.9274745739175644,-0.4408822122412414
20.0,191.0,1000.9229736328124,0.8244933528940794,0.1717593457825232,-2.37681816395232,-0.0231454770857481,0.5188578186747616,-0.571934593955575,0.1201970601601191,-0.6224700956271234,-0.9274745739175644,-0.4408822121816843
20.0,191.0,1000.9229736328124,0.8244933528940794,0.1717593457825232,-2.3768181931737407,-0.0231454770919642,0.5188578186747616,-0.571934593955575,0.1201970601601191,-0.6224732615296171,-0.9274745739175644,-0.4408822121816843
20.0,191.0,1000.9229736328124,0.8244933528940794,0.1717593457825232,-2.3768181931737407,-0.0231454773419844,0.5188578186747616,-0.571934593955575,0.1201970601601191,-0.6224700956271234,-0.9274745739175644,-0.4408822121816843
20.0,191.0,1000.9406127929688,0.8244933528941853,0.1717593457825232,-2.376818171443306,-0.0231454770865208,0.5188578186747616,-0.571934593955575,0.1201970601601191,-0.6216563343109007,-0.9274745739175644,-0.4408822115906632
20.0,191.0,1000.9406127929688,0.8244933528941853,0.1717593457825232,-2.376818171443306,-0.0231454770914703,0.5188578186747616,-0.571934593955575,0.1201970601601191,-0.6216563343109007,-0.9274745739175644,-0.4408822307217585
20.0,191.0,1000.9432373046876,0.824493352894084,0.1717593457825232,-2.3768181931737407,-0.0231454770914799,0.5188578186747616,-0.571934593955575,0.1201970601601191,-0.6215705967146201,-0.9274745739175644,-0.4408822121816843
20.0,191.0,1000.9432373046876,0.824493352894084,0.1717593457825232,-2.3768181931737407,-0.0231454770914799,0.5188578186747616,-0.571934593955575,0.1201970601601191,-0.6215705967146201,-0.9274745739175644,-0.4408822121816843
20.0,191.0,1000.9432373046876,0.8244933528941846,0.1717593457825232,-2.3768181931737407,-0.0231454773413916,0.5188578186747616,-0.571934593955575,0.1201970601601191,-0.6215705967146201,-0.9274745739175644,-0.4408822121816843
20.0,191.0,1000.9432373046876,0.8244933528940794,0.1717593457825232,-2.3768181931737407,-0.0231454769487913,0.5188578186747616,-0.571934593955575,0.1201970601601191,-0.6215705967146201,-0.9274745739175644,-0.4408822121816843
20.0,191.0,1000.9432373046876,0.8244933528941853,0.1717593457825232,-2.376818171443306,-0.0231454770955707,0.5188578186747616,-0.571934593955575,0.1201970601601191,-0.6215705967146201,-0.9274745739175644,-0.4408822116081401
20.0,191.0,1000.9432373046876,0.824493352894084,0.1717593457825232,-2.3768181931737407,-0.0231454770914799,0.5188578186747616,-0.571934593955575,0.1201970601601191,-0.6215705967146201,-0.9274745739175644,-0.4408822121816843
20.0,191.0,1000.9432373046876,0.8244933528941873,0.1717593457825232,-2.376818166038288,-0.0231454652598426,0.5188549899109364,-0.571934593955556,0.1201970601601191,-0.6215705967146201,-0.9274745739175644,-0.4408826228163027
20.0,191.0,1000.9432373046876,0.8244933528941882,0.1717593457825232,-2.376818171466023,-0.0231454770955707,0.5188578186747616,-0.571934593955575,0.1201970601601191,-0.6215705967146201,-0.9274745739175644,-0.4408822145023395
20.0,191.0,1000.9432373046876,0.8244933528940844,0.1717593457825232,-2.3768181931737407,-0.0231454773413916,0.5188578186747616,-0.571934593955575,0.1201970601601191,-0.6215705967146201,-0.9274745739175644,-0.4408822121816843
20.0,191.0,1000.9432373046876,0.824493352894084,0.1717593457825232,-2.3768181931737407,-0.0231454770914799,0.5188578186747616,-0.571934593955575,0.1201970601601191,-0.6215705967146201,-0.9274745739175644,-0.4408822121816843
20.0,191.0,1000.9432373046876,0.824493352894084,0.1717593457825232,-2.3768181931737407,-0.0231454770914799,0.5188578186747616,-0.571934593955575,0.1201970601601191,-0.6215705967146201,-0.9274745739175644,-0.4408822138326776
20.0,191.0,1000.9432373046876,0.8244933528941882,0.1717593457825232,-2.3768181714892185,-0.0231454770955707,0.5188578186747616,-0.571934593955575,0.1201970601601191,-0.6215705967146201,-0.9274745739175644,-0.4408822145023395
20.0,191.0,1000.9432373046876,0.824493352894084,0.1717593457825232,-2.3768181920100586,-0.0231454770857545,0.5188578186747616,-0.571934593955575,0.1201970601601191,-0.6215705967146201,-0.9274745739175644,-0.4408822121816843
20.0,191.0,1000.9432373046876,0.8244933528941873,0.1717593457825232,-2.376818166038288,-0.0231454652598426,0.5188549899109364,-0.571934593955556,0.1201970601601191,-0.6215705967146201,-0.9274745739175644,-0.4408826228163027
20.0,191.0,1000.9432373046876,0.8244933528941873,0.1717593457825232,-2.376818166038288,-0.0231454774621978,0.5188549899109364,-0.5719345939555734,0.1201970601601191,-0.6215705967146201,-0.9274745739175644,-0.4408826026868362
20.0,191.0,1000.9432373046876,0.824493352894084,0.1717593457825232,-2.3768181931737407,-0.0231454770914799,0.5188578186747616,-0.571934593955575,0.1201970601601191,-0.6215705967146201,-0.9274745739175644,-0.4408822121816843
20.0,191.0,1000.9432373046876,0.824493352894084,0.1717593457825232,-2.3768181931737407,-0.0231454770907681,0.5188578186747616,-0.571934593955575,0.1201970601601191,-0.6215705967146201,-0.9274745739175644,-0.4408822138326776
20.0,191.0,1000.9432373046876,0.8244933528940895,0.1717593457825232,-2.37681816374902,-0.0231454769487913,0.5188578186747616,-0.5719345939555747,0.1201970601601191,-0.6215705967146201,-0.9274745739175644,-0.4408822121816843
20.0,191.0,1000.9432373046876,0.824493352894084,0.1717593457825232,-2.3768181931737407,-0.0231454770914799,0.5188578186747616,-0.571934593955575,0.1201970601601191,-0.6215705967146201,-0.9274745739175644,-0.4408822121816843
20.0,191.0,1000.9432373046876,0.8244933528941846,0.1717593457825232,-2.3768181931737407,-0.0231454773413916,0.5188578186747616,-0.571934593955575,0.1201970601601191,-0.6215705967146201,-0.9274745739175644,-0.4408822121816843
20.0,191.0,1000.9432373046876,0.8244933528940794,0.1717593457825232,-2.3768181931737407,-0.0231454769495031,0.5188578186747616,-0.571934593955575,0.1201970601601191,-0.6215705967146201,-0.9274745739175644,-0.4408822121816843
20.0,191.0,1000.9432373046876,0.8244933528941873,0.1717593457825232,-2.376818193819988,-0.0231454767152466,0.518857746656337,-0.571934593955556,0.1201970601601191,-0.6215705967146201,-0.9274745739175644,-0.4408822444018306
20.0,191.0,1000.9432373046876,0.8244933528941846,0.1717593457825232,-2.3768181931737407,-0.0231454773413916,0.5188578127219803,-0.571934593955575,0.1201970601601191,-0.6215705967146201,-0.9274745739175644,-0.4408822121816843
20.0,191.0,1000.9432373046876,0.8244933528941739,0.1717593457825232,-2.376818195578807,-0.0231454767222202,0.5188578186747616,-0.571934593955575,0.1201970601601191,-0.6215705967146201,-0.9274745739175644,-0.4408822063575652
20.0,191.0,1000.9432373046876,0.8244933528940794,0.1717593457825232,-2.3768181931737407,-0.0231454769495031,0.5188578186747616,-0.571934593955575,0.1201970601601191,-0.6215705967146201,-0.9274745739175644,-0.4408822121816843
20.0,191.0,1000.9432373046876,0.8244933528940794,0.1717593457825232,-2.3768181931737407,-0.0231454769487913,0.5188578186747616,-0.571934593955575,0.1201970601601191,-0.6215705967146201,-0.9274745739175644,-0.4408822121816843
20.0,191.0,1000.9432373046876,0.8244933528940853,0.1717593457825232,-2.37681816374902,-0.0231454778347824,0.5188546184138192,-0.5719345939555747,0.1201970601601191,-0.6215705967146201,-0.9274745739175644,-0.440882600856085
20.0,191.0,1000.9432373046876,0.8244933528940794,0.1717593457825232,-2.376818165392041,-0.0231454654933873,0.5188550619293609,-0.571934593955575,0.1201970601601191,-0.6215705967146201,-0.9274745739175644,-0.4408825905961564
20.0,191.0,1000.9432373046876,0.824493352894084,0.1717593457825232,-2.3768181931737407,-0.0231454658180361,0.5188492847891056,-0.571934593955575,0.1201970601601191,-0.6215705967146201,-0.9274745739175644,-0.4408818569325445
20.0,191.0,1000.9432373046876,0.8244933528941873,0.1717593457825232,-2.3768181716375043,-0.0231454770914799,0.5188578186747616,-0.571934593955575,0.1201970601601191,-0.6215705967146201,-0.9274745739175644,-0.4408822312686979
20.0,191.0,1000.9432373046876,0.824493352894084,0.1717593457825232,-2.3768181931737407,-0.0231454770914799,0.5188578186747616,-0.571934593955575,0.1201970601601191,-0.6215705967146201,-0.9274745739175644,-0.4408822121816843
20.0,191.0,1000.9432373046876,0.8244933528941853,0.1717593457825232,-2.376818171443306,-0.0231454770955707,0.5188578186747616,-0.571934593955575,0.1201970601601191,-0.6215705967146201,-0.9274745739175644,-0.4408822116081401
20.0,191.0,1000.9432373046876,0.8244933528940844,0.1717593457825232,-2.3768181931737407,-0.0231454773413916,0.5188578186747616,-0.571934593955575,0.1201970601601191,-0.6215705967146201,-0.9274745739175644,-0.4408822121816843
20.0,191.0,1000.9432373046876,0.8244933528941873,0.1717593457825232,-2.376818166038288,-0.0231454774621978,0.5188549899109364,-0.5719345939555734,0.1201970601601191,-0.6215705967146201,-0.9274745739175644,-0.4408826026868362
20.0,191.0,1000.9432373046876,0.8244933528941917,0.1717593457825232,-2.376818166038288,-0.0231454643738514,0.5188581901718787,-0.571934593955556,0.1201970601601191,-0.6215705967146201,-0.9274745739175644,-0.440882234141902
20.0,191.0,1000.9432373046876,0.8244933528941846,0.1717593457825232,-2.3768181931737407,-0.0231454773413916,0.518857812890982,-0.571934593955575,0.1201970601601191,-0.6215705967146201,-0.9274745739175644,-0.4408822121816843
20.0,191.0,1000.9432373046876,0.824493352894087,0.1717593457825232,-2.3768181934489463,-0.0231454774605585,0.5188581458690521,-0.571934593955575,0.1201970601601191,-0.6215705967146201,-0.9274745739175644,-0.4408822121816843
20.0,191.0,1000.9432373046876,0.8244933528940794,0.1717593457825232,-2.376818165392041,-0.0231454774125806,0.5188550619293609,-0.571934593955575,0.1201970601601191,-0.6215705967146201,-0.9274745739175644,-0.4408822110497736
20.0,192.0,1000.9229736328124,0.8244933528940794,0.1717593457825232,-2.3768181931737407,-0.0231454770857481,0.5188578186747616,-0.571934593955575,0.1201970601601191,-0.6224700956271234,-0.9274745739175644,-0.4408822121816843
20.0,192.0,1000.9229736328124,0.8244933528940794,0.1717593457825232,-2.3768181931737407,-0.0231454770857481,0.5188578186747616,-0.571934593955575,0.1201970601601191,-0.6224700956271234,-0.9274745739175644,-0.4408822121816843
20.0,192.0,1000.9229736328124,0.8244933528940794,0.1717593457825232,-2.3768181931737407,-0.0231454770919642,0.5188578186747616,-0.571934593955575,0.1201970601601191,-0.6224732615296171,-0.9274745739175644,-0.4408822121816843
20.0,192.0,1000.9229736328124,0.8244933528941928,0.1717593457825232,-2.3768181931737407,-0.0231454770855083,0.5188578186747616,-0.571934593955575,0.1201970601601191,-0.6224700956271234,-0.9274745739175644,-0.4408822121816843
20.0,192.0,1000.9229736328124,0.8244933528941928,0.1717593457825232,-2.3768181931737407,-0.0231454770855083,0.5188578186747616,-0.571934593955575,0.1201970601601191,-0.6224700956271234,-0.9274745739175644,-0.4408822121816843
20.0,192.0,1000.9229736328124,0.8244933528940794,0.1717593457825232,-2.3768181931737407,-0.0231454770857481,0.5188578186747616,-0.571934593955575,0.1201970601601191,-0.6224700956271234,-0.9274745739175644,-0.4408822121816843
20.0,192.0,1000.9229736328124,0.8244933528940794,0.1717593457825232,-2.376818171323496,-0.0231454770919642,0.5188578186747616,-0.571934593955575,0.1201970601601191,-0.6224732615296171,-0.9274745739175644,-0.4408822122412414
20.0,192.0,1000.9229736328124,0.8244933528940794,0.1717593457825232,-2.37681816395232,-0.0231454770857481,0.5188578186747616,-0.571934593955575,0.1201970601601191,-0.6224700956271234,-0.9274745739175644,-0.4408822121816843
20.0,192.0,1000.9229736328124,0.8244933528940794,0.1717593457825232,-2.3768181931737407,-0.0231454770919642,0.5188578186747616,-0.571934593955575,0.1201970601601191,-0.6224732615296171,-0.9274745739175644,-0.4408822121816843
20.0,192.0,1000.9229736328124,0.8244933528940794,0.1717593457825232,-2.3768181931737407,-0.0231454773419844,0.5188578186747616,-0.571934593955575,0.1201970601601191,-0.6224700956271234,-0.9274745739175644,-0.4408822121816843
20.0,192.0,1000.9229736328124,0.8244933528940794,0.1717593457825232,-2.3768181931737407,-0.0231454770857481,0.5188578186747616,-0.571934593955575,0.1201970601601191,-0.6224700956271234,-0.9274745739175644,-0.4408822121816843
20.0,192.0,1000.9229736328124,0.8244933528940794,0.1717593457825232,-2.3768181931737407,-0.0231454770845391,0.5188578186747616,-0.571934593955575,0.1201970601601191,-0.6224700956271234,-0.9274745739175644,-0.4408822121816843
20.0,192.0,1000.9229736328124,0.8244933528940794,0.1717593457825232,-2.3768181931737407,-0.0231454770857493,0.5188578186747616,-0.571934593955575,0.1201970601601191,-0.6224700956271234,-0.9274745739175644,-0.4408822121816843
20.0,192.0,1000.9229736328124,0.8244933528941928,0.1717593457825232,-2.3768181931737407,-0.0231454770855083,0.5188578186747616,-0.571934593955575,0.1201970601601191,-0.6224700956271234,-0.9274745739175644,-0.4408822121816843
20.0,192.0,1000.9229736328124,0.8244933528940794,0.1717593457825232,-2.376818171323496,-0.0231454770854694,0.5188578186747616,-0.571934593955575,0.1201970601601191,-0.6224732615296171,-0.9274745739175644,-0.4408822121809606
20.0,192.0,1000.9229736328124,0.8244933528940794,0.1717593457825232,-2.376818171323496,-0.0231454770919642,0.5188578186747616,-0.571934593955575,0.1201970601601191,-0.6224732615296171,-0.9274745739175644,-0.4408822122412414
20.0,192.0,1000.9229736328124,0.8244933528940794,0.1717593457825232,-2.3768181640869543,-0.0231454770857481,0.5188578186747616,-0.571934593955575,0.1201970601601191,-0.6224700956271234,-0.9274745739175644,-0.4408822121816843
20.0,192.0,1000.9229736328124,0.8244933528941928,0.1717593457825232,-2.3768181931737407,-0.0231454770855071,0.5188578186747616,-0.571934593955575,0.1201970601601191,-0.6224700956271234,-0.9274745739175644,-0.4408822121816843
20.0,192.0,1000.923095703125,0.8244933528940794,0.1717593457825232,-2.376818191419986,-0.0231454770919748,0.5188578186747616,-0.571934593955575,0.1201970601601191,-0.6224637115363594,-0.9274745739175644,-0.4408822121816843
20.0,192.0,1000.9406127929688,0.8244933528941853,0.1717593457825232,-2.376818171443306,-0.0231454770865208,0.5188578186747616,-0.571934593955575,0.1201970601601191,-0.6216563343109007,-0.9274745739175644,-0.4408822115906632
20.0,192.0,1000.9406127929688,0.8244933528941853,0.1717593457825232,-2.376818171443306,-0.0231454770914703,0.5188578186747616,-0.571934593955575,0.1201970601601191,-0.6216563343109007,-0.9274745739175644,-0.4408822307217585
20.0,192.0,1000.9406127929688,0.824493352894087,0.1717593457825232,-2.3768181934489463,-0.0231454774605585,0.5188581398287828,-0.571934593955575,0.1201970601601191,-0.6216568629957341,-0.9274745739175644,-0.4408822121800806
20.0,192.0,1000.9432373046876,0.824493352894084,0.1717593457825232,-2.3768181931737407,-0.0231454770914799,0.5188578186747616,-0.571934593955575,0.1201970601601191,-0.6215705967146201,-0.9274745739175644,-0.4408822121816843
20.0,192.0,1000.9432373046876,0.824493352894084,0.1717593457825232,-2.3768181931737407,-0.0231454770914799,0.5188578186747616,-0.571934593955575,0.1201970601601191,-0.6215705967146201,-0.9274745739175644,-0.4408822121816843
20.0,192.0,1000.9432373046876,0.8244933528941846,0.1717593457825232,-2.3768181931737407,-0.0231454773413916,0.5188578186747616,-0.571934593955575,0.1201970601601191,-0.6215705967146201,-0.9274745739175644,-0.4408822121816843
20.0,192.0,1000.9432373046876,0.8244933528940794,0.1717593457825232,-2.3768181931737407,-0.0231454769487913,0.5188578186747616,-0.571934593955575,0.1201970601601191,-0.6215705967146201,-0.9274745739175644,-0.4408822121816843
20.0,192.0,1000.9432373046876,0.8244933528941853,0.1717593457825232,-2.376818171443306,-0.0231454770955707,0.5188578186747616,-0.571934593955575,0.1201970601601191,-0.6215705967146201,-0.9274745739175644,-0.4408822116081401
20.0,192.0,1000.9432373046876,0.824493352894084,0.1717593457825232,-2.3768181931737407,-0.0231454770914799,0.5188578186747616,-0.571934593955575,0.1201970601601191,-0.6215705967146201,-0.9274745739175644,-0.4408822121816843
20.0,192.0,1000.9432373046876,0.8244933528941873,0.1717593457825232,-2.376818166038288,-0.0231454652598426,0.5188549899109364,-0.571934593955556,0.1201970601601191,-0.6215705967146201,-0.9274745739175644,-0.4408826228163027
20.0,192.0,1000.9432373046876,0.8244933528941882,0.1717593457825232,-2.376818171466023,-0.0231454770955707,0.5188578186747616,-0.571934593955575,0.1201970601601191,-0.6215705967146201,-0.9274745739175644,-0.4408822145023395
20.0,192.0,1000.9432373046876,0.8244933528940844,0.1717593457825232,-2.3768181931737407,-0.0231454773413916,0.5188578186747616,-0.571934593955575,0.1201970601601191,-0.6215705967146201,-0.9274745739175644,-0.4408822121816843
20.0,192.0,1000.9432373046876,0.824493352894084,0.1717593457825232,-2.3768181931737407,-0.0231454770914799,0.5188578186747616,-0.571934593955575,0.1201970601601191,-0.6215705967146201,-0.9274745739175644,-0.4408822121816843
20.0,192.0,1000.9432373046876,0.824493352894084,0.1717593457825232,-2.3768181931737407,-0.0231454770914799,0.5188578186747616,-0.571934593955575,0.1201970601601191,-0.6215705967146201,-0.9274745739175644,-0.4408822138326776
20.0,192.0,1000.9432373046876,0.8244933528941882,0.1717593457825232,-2.3768181714892185,-0.0231454770955707,0.5188578186747616,-0.571934593955575,0.1201970601601191,-0.6215705967146201,-0.9274745739175644,-0.4408822145023395
20.0,192.0,1000.9432373046876,0.824493352894084,0.1717593457825232,-2.3768181920100586,-0.0231454770857545,0.5188578186747616,-0.571934593955575,0.1201970601601191,-0.6215705967146201,-0.9274745739175644,-0.4408822121816843
20.0,192.0,1000.9432373046876,0.8244933528941873,0.1717593457825232,-2.376818166038288,-0.0231454652598426,0.5188549899109364,-0.571934593955556,0.1201970601601191,-0.6215705967146201,-0.9274745739175644,-0.4408826228163027
20.0,192.0,1000.9432373046876,0.8244933528941873,0.1717593457825232,-2.376818166038288,-0.0231454774621978,0.5188549899109364,-0.5719345939555734,0.1201970601601191,-0.6215705967146201,-0.9274745739175644,-0.4408826026868362
20.0,192.0,1000.9432373046876,0.824493352894084,0.1717593457825232,-2.3768181931737407,-0.0231454770914799,0.5188578186747616,-0.571934593955575,0.1201970601601191,-0.6215705967146201,-0.9274745739175644,-0.4408822121816843
20.0,192.0,1000.9432373046876,0.824493352894084,0.1717593457825232,-2.3768181931737407,-0.0231454770907681,0.5188578186747616,-0.571934593955575,0.1201970601601191,-0.6215705967146201,-0.9274745739175644,-0.4408822138326776
20.0,192.0,1000.9432373046876,0.8244933528940895,0.1717593457825232,-2.37681816374902,-0.0231454769487913,0.5188578186747616,-0.5719345939555747,0.1201970601601191,-0.6215705967146201,-0.9274745739175644,-0.4408822121816843
20.0,192.0,1000.9432373046876,0.824493352894084,0.1717593457825232,-2.3768181931737407,-0.0231454770914799,0.5188578186747616,-0.571934593955575,0.1201970601601191,-0.6215705967146201,-0.9274745739175644,-0.4408822121816843
20.0,192.0,1000.9432373046876,0.8244933528941846,0.1717593457825232,-2.3768181931737407,-0.0231454773413916,0.5188578186747616,-0.571934593955575,0.1201970601601191,-0.6215705967146201,-0.9274745739175644,-0.4408822121816843
20.0,192.0,1000.9432373046876,0.8244933528940794,0.1717593457825232,-2.3768181931737407,-0.0231454769495031,0.5188578186747616,-0.571934593955575,0.1201970601601191,-0.6215705967146201,-0.9274745739175644,-0.4408822121816843
20.0,192.0,1000.9432373046876,0.8244933528941873,0.1717593457825232,-2.376818193819988,-0.0231454767152466,0.518857746656337,-0.571934593955556,0.1201970601601191,-0.6215705967146201,-0.9274745739175644,-0.4408822444018306
20.0,192.0,1000.9432373046876,0.8244933528941846,0.1717593457825232,-2.3768181931737407,-0.0231454773413916,0.5188578127219803,-0.571934593955575,0.1201970601601191,-0.6215705967146201,-0.9274745739175644,-0.4408822121816843
20.0,192.0,1000.9432373046876,0.8244933528941739,0.1717593457825232,-2.376818195578807,-0.0231454767222202,0.5188578186747616,-0.571934593955575,0.1201970601601191,-0.6215705967146201,-0.9274745739175644,-0.4408822063575652
20.0,192.0,1000.9432373046876,0.8244933528940794,0.1717593457825232,-2.3768181931737407,-0.0231454769495031,0.5188578186747616,-0.571934593955575,0.1201970601601191,-0.6215705967146201,-0.9274745739175644,-0.4408822121816843
20.0,192.0,1000.9432373046876,0.8244933528940794,0.1717593457825232,-2.3768181931737407,-0.0231454769487913,0.5188578186747616,-0.571934593955575,0.1201970601601191,-0.6215705967146201,-0.9274745739175644,-0.4408822121816843
20.0,192.0,1000.9432373046876,0.8244933528940853,0.1717593457825232,-2.37681816374902,-0.0231454778347824,0.5188546184138192,-0.5719345939555747,0.1201970601601191,-0.6215705967146201,-0.9274745739175644,-0.440882600856085
20.0,192.0,1000.9432373046876,0.8244933528940794,0.1717593457825232,-2.376818165392041,-0.0231454654933873,0.5188550619293609,-0.571934593955575,0.1201970601601191,-0.6215705967146201,-0.9274745739175644,-0.4408825905961564
20.0,193.0,1000.9228515625,0.8244933528940794,0.1717593457825232,-2.3768181931737407,-0.0231454770857481,0.518855071084819,-0.571934593955575,0.1201970601601191,-0.6224752305254626,-0.9274745739175644,-0.4408825936849929
20.0,193.0,1000.9229125976562,0.8244933528940775,0.1717593457825232,-2.3768181931737407,-0.0231454773611321,0.5188578186747616,-0.571934593955575,0.1201970601601191,-0.6224754040763966,-0.9274745739175644,-0.4408822121816843
20.0,193.0,1000.9229736328124,0.8244933528940794,0.1717593457825232,-2.3768181931737407,-0.0231454770857481,0.5188578186747616,-0.571934593955575,0.1201970601601191,-0.6224700956271234,-0.9274745739175644,-0.4408822121816843
20.0,193.0,1000.9229736328124,0.8244933528940794,0.1717593457825232,-2.3768181931737407,-0.0231454770857481,0.5188578186747616,-0.571934593955575,0.1201970601601191,-0.6224700956271234,-0.9274745739175644,-0.4408822121816843
20.0,193.0,1000.9229736328124,0.8244933528940794,0.1717593457825232,-2.3768181931737407,-0.0231454770919642,0.5188578186747616,-0.571934593955575,0.1201970601601191,-0.6224732615296171,-0.9274745739175644,-0.4408822121816843
20.0,193.0,1000.9229736328124,0.8244933528941928,0.1717593457825232,-2.3768181931737407,-0.0231454770855083,0.5188578186747616,-0.571934593955575,0.1201970601601191,-0.6224700956271234,-0.9274745739175644,-0.4408822121816843
20.0,193.0,1000.9229736328124,0.8244933528941928,0.1717593457825232,-2.3768181931737407,-0.0231454770855083,0.5188578186747616,-0.571934593955575,0.1201970601601191,-0.6224700956271234,-0.9274745739175644,-0.4408822121816843
20.0,193.0,1000.9229736328124,0.8244933528940794,0.1717593457825232,-2.3768181931737407,-0.0231454770857481,0.5188578186747616,-0.571934593955575,0.1201970601601191,-0.6224700956271234,-0.9274745739175644,-0.4408822121816843
20.0,193.0,1000.9229736328124,0.8244933528940794,0.1717593457825232,-2.376818171323496,-0.0231454770919642,0.5188578186747616,-0.571934593955575,0.1201970601601191,-0.6224732615296171,-0.9274745739175644,-0.4408822122412414
20.0,193.0,1000.9229736328124,0.8244933528940794,0.1717593457825232,-2.37681816395232,-0.0231454770857481,0.5188578186747616,-0.571934593955575,0.1201970601601191,-0.6224700956271234,-0.9274745739175644,-0.4408822121816843
20.0,193.0,1000.9229736328124,0.8244933528940794,0.1717593457825232,-2.3768181931737407,-0.0231454770919642,0.5188578186747616,-0.571934593955575,0.1201970601601191,-0.6224732615296171,-0.9274745739175644,-0.4408822121816843
20.0,193.0,1000.9229736328124,0.8244933528940794,0.1717593457825232,-2.3768181931737407,-0.0231454773419844,0.5188578186747616,-0.571934593955575,0.1201970601601191,-0.6224700956271234,-0.9274745739175644,-0.4408822121816843
20.0,193.0,1000.9229736328124,0.8244933528940794,0.1717593457825232,-2.3768181931737407,-0.0231454770857481,0.5188578186747616,-0.571934593955575,0.1201970601601191,-0.6224700956271234,-0.9274745739175644,-0.4408822121816843
20.0,193.0,1000.9229736328124,0.8244933528940794,0.1717593457825232,-2.3768181931737407,-0.0231454770845391,0.5188578186747616,-0.571934593955575,0.1201970601601191,-0.6224700956271234,-0.9274745739175644,-0.4408822121816843
20.0,193.0,1000.9229736328124,0.8244933528940794,0.1717593457825232,-2.3768181931737407,-0.0231454770857493,0.5188578186747616,-0.571934593955575,0.1201970601601191,-0.6224700956271234,-0.9274745739175644,-0.4408822121816843
20.0,193.0,1000.9229736328124,0.8244933528941928,0.1717593457825232,-2.3768181931737407,-0.0231454770855083,0.5188578186747616,-0.571934593955575,0.1201970601601191,-0.6224700956271234,-0.9274745739175644,-0.4408822121816843
20.0,193.0,1000.9229736328124,0.8244933528940794,0.1717593457825232,-2.376818171323496,-0.0231454770854694,0.5188578186747616,-0.571934593955575,0.1201970601601191,-0.6224732615296171,-0.9274745739175644,-0.4408822121809606
20.0,193.0,1000.9229736328124,0.8244933528940794,0.1717593457825232,-2.376818171323496,-0.0231454770919642,0.5188578186747616,-0.571934593955575,0.1201970601601191,-0.6224732615296171,-0.9274745739175644,-0.4408822122412414
20.0,193.0,1000.9229736328124,0.8244933528940794,0.1717593457825232,-2.3768181640869543,-0.0231454770857481,0.5188578186747616,-0.571934593955575,0.1201970601601191,-0.6224700956271234,-0.9274745739175644,-0.4408822121816843
20.0,193.0,1000.9229736328124,0.8244933528941928,0.1717593457825232,-2.3768181931737407,-0.0231454770855071,0.5188578186747616,-0.571934593955575,0.1201970601601191,-0.6224700956271234,-0.9274745739175644,-0.4408822121816843
20.0,193.0,1000.9229736328124,0.8244933528940794,0.1717593457825232,-2.3768181931737407,-0.023145477340475,0.5188578186747616,-0.571934593955575,0.1201970601601191,-0.6224732615296171,-0.9274745739175644,-0.4408822121816843
20.0,193.0,1000.9229736328124,0.8244933528940794,0.1717593457825232,-2.3768181931737407,-0.0231454770857645,0.5188578186747616,-0.571934593955575,0.1201970601601191,-0.6224700956271234,-0.9274745739175644,-0.4408822121816843
20.0,193.0,1000.9229736328124,0.8244933528940794,0.1717593457825232,-2.376818193756924,-0.0231454770857577,0.5188578186747616,-0.571934593955575,0.1201970601601191,-0.6224700956271234,-0.9274745739175644,-0.4408822121816843
20.0,193.0,1000.9229736328124,0.824493352894079,0.1717593457825232,-2.3768181931689174,-0.0231454770918017,0.5188578186747616,-0.571934593955575,0.1201970601601191,-0.6224733529758717,-0.9274745739175644,-0.4408822122412414
20.0,193.0,1000.9229736328124,0.8244933528940794,0.1717593457825232,-2.3768181944864137,-0.0231454770915887,0.5188578186747616,-0.571934593955575,0.1201970601601191,-0.6224700956271234,-0.9274745739175644,-0.4408822121816843
20.0,193.0,1000.9229736328124,0.8244933528941739,0.1717593457825232,-2.376818193261557,-0.0231454767222202,0.5188578186747616,-0.571934593955575,0.1201970601601191,-0.6224727255125441,-0.9274745739175644,-0.4408822063575652
20.0,193.0,1000.9229736328124,0.8244933528940794,0.1717593457825232,-2.3768181931737407,-0.0231454770934736,0.5188578186747616,-0.571934593955575,0.1201970601601191,-0.6224700956271234,-0.9274745739175644,-0.4408822121816843
20.0,193.0,1000.9229736328124,0.8244933528941931,0.1717593457825232,-2.3768181713283187,-0.0231454770856696,0.5188578186747616,-0.571934593955575,0.1201970601601191,-0.6224700041808688,-0.9274745739175644,-0.4408822121816843
20.0,193.0,1000.9229736328124,0.8244933528941867,0.1717593457825232,-2.3768181931737407,-0.0231454770845391,0.5188578186747616,-0.571934593955575,0.1201970601601191,-0.6224700956271234,-0.9274745739175644,-0.4408822121816843
20.0,193.0,1000.9229736328124,0.8244933528940794,0.1717593457825232,-2.3768181931737407,-0.0231454770857481,0.5188578186747616,-0.571934593955575,0.1201970601601191,-0.6224700956271234,-0.9274745739175644,-0.4408822121816843
20.0,193.0,1000.9229736328124,0.8244933528940794,0.1717593457825232,-2.3768181931737407,-0.0231454770919642,0.5188578186747616,-0.571934593955575,0.1201970601601191,-0.6224732615296171,-0.9274745739175644,-0.4408822121816843
20.0,193.0,1000.923095703125,0.8244933528940794,0.1717593457825232,-2.376818191419986,-0.0231454770919748,0.5188578186747616,-0.571934593955575,0.1201970601601191,-0.6224637115363594,-0.9274745739175644,-0.4408822121816843
20.0,193.0,1000.9406127929688,0.8244933528941853,0.1717593457825232,-2.376818171443306,-0.0231454770865208,0.5188578186747616,-0.571934593955575,0.1201970601601191,-0.6216563343109007,-0.9274745739175644,-0.4408822115906632
20.0,193.0,1000.9406127929688,0.8244933528941853,0.1717593457825232,-2.376818171443306,-0.0231454770914703,0.5188578186747616,-0.571934593955575,0.1201970601601191,-0.6216563343109007,-0.9274745739175644,-0.4408822307217585
20.0,193.0,1000.9406127929688,0.824493352894087,0.1717593457825232,-2.3768181934489463,-0.0231454774605585,0.5188581398287828,-0.571934593955575,0.1201970601601191,-0.6216568629957341,-0.9274745739175644,-0.4408822121800806
20.0,193.0,1000.9432373046876,0.824493352894084,0.1717593457825232,-2.3768181931737407,-0.0231454770914799,0.5188578186747616,-0.571934593955575,0.1201970601601191,-0.6215705967146201,-0.9274745739175644,-0.4408822121816843
20.0,193.0,1000.9432373046876,0.824493352894084,0.1717593457825232,-2.3768181931737407,-0.0231454770914799,0.5188578186747616,-0.571934593955575,0.1201970601601191,-0.6215705967146201,-0.9274745739175644,-0.4408822121816843
20.0,193.0,1000.9432373046876,0.8244933528941846,0.1717593457825232,-2.3768181931737407,-0.0231454773413916,0.5188578186747616,-0.571934593955575,0.1201970601601191,-0.6215705967146201,-0.9274745739175644,-0.4408822121816843
20.0,193.0,1000.9432373046876,0.8244933528940794,0.1717593457825232,-2.3768181931737407,-0.0231454769487913,0.5188578186747616,-0.571934593955575,0.1201970601601191,-0.6215705967146201,-0.9274745739175644,-0.4408822121816843
20.0,193.0,1000.9432373046876,0.8244933528941853,0.1717593457825232,-2.376818171443306,-0.0231454770955707,0.5188578186747616,-0.571934593955575,0.1201970601601191,-0.6215705967146201,-0.9274745739175644,-0.4408822116081401
20.0,193.0,1000.9432373046876,0.824493352894084,0.1717593457825232,-2.3768181931737407,-0.0231454770914799,0.5188578186747616,-0.571934593955575,0.1201970601601191,-0.6215705967146201,-0.9274745739175644,-0.4408822121816843
20.0,193.0,1000.9432373046876,0.8244933528941873,0.1717593457825232,-2.376818166038288,-0.0231454652598426,0.5188549899109364,-0.571934593955556,0.1201970601601191,-0.6215705967146201,-0.9274745739175644,-0.4408826228163027
20.0,193.0,1000.9432373046876,0.8244933528941882,0.1717593457825232,-2.376818171466023,-0.0231454770955707,0.5188578186747616,-0.571934593955575,0.1201970601601191,-0.6215705967146201,-0.9274745739175644,-0.4408822145023395
20.0,193.0,1000.9432373046876,0.8244933528940844,0.1717593457825232,-2.3768181931737407,-0.0231454773413916,0.5188578186747616,-0.571934593955575,0.1201970601601191,-0.6215705967146201,-0.9274745739175644,-0.4408822121816843
20.0,193.0,1000.9432373046876,0.824493352894084,0.1717593457825232,-2.3768181931737407,-0.0231454770914799,0.5188578186747616,-0.571934593955575,0.1201970601601191,-0.6215705967146201,-0.9274745739175644,-0.4408822121816843
20.0,193.0,1000.9432373046876,0.824493352894084,0.1717593457825232,-2.3768181931737407,-0.0231454770914799,0.5188578186747616,-0.571934593955575,0.1201970601601191,-0.6215705967146201,-0.9274745739175644,-0.4408822138326776
20.0,193.0,1000.9432373046876,0.8244933528941882,0.1717593457825232,-2.3768181714892185,-0.0231454770955707,0.5188578186747616,-0.571934593955575,0.1201970601601191,-0.6215705967146201,-0.9274745739175644,-0.4408822145023395
20.0,193.0,1000.9432373046876,0.824493352894084,0.1717593457825232,-2.3768181920100586,-0.0231454770857545,0.5188578186747616,-0.571934593955575,0.1201970601601191,-0.6215705967146201,-0.9274745739175644,-0.4408822121816843
20.0,193.0,1000.9432373046876,0.8244933528941873,0.1717593457825232,-2.376818166038288,-0.0231454652598426,0.5188549899109364,-0.571934593955556,0.1201970601601191,-0.6215705967146201,-0.9274745739175644,-0.4408826228163027
20.0,193.0,1000.9432373046876,0.8244933528941873,0.1717593457825232,-2.376818166038288,-0.0231454774621978,0.5188549899109364,-0.5719345939555734,0.1201970601601191,-0.6215705967146201,-0.9274745739175644,-0.4408826026868362
20.0,194.0,1000.9228515625,0.8244933528940794,0.1717593457825232,-2.3768181931737407,-0.0231454770857481,0.518855071084819,-0.571934593955575,0.1201970601601191,-0.6224752305254626,-0.9274745739175644,-0.4408825936849929
20.0,194.0,1000.9228515625,0.8244933528940794,0.1717593457825232,-2.3768181941580337,-0.0231454774603887,0.518855071084819,-0.571934593955575,0.1201970601601191,-0.6224752305254626,-0.9274745739175644,-0.4408825936849929
20.0,194.0,1000.9229125976562,0.8244933528940775,0.1717593457825232,-2.3768181931737407,-0.0231454773611321,0.5188578186747616,-0.571934593955575,0.1201970601601191,-0.6224754040763966,-0.9274745739175644,-0.4408822121816843
20.0,194.0,1000.9229736328124,0.8244933528940794,0.1717593457825232,-2.3768181931737407,-0.0231454770857481,0.5188578186747616,-0.571934593955575,0.1201970601601191,-0.6224700956271234,-0.9274745739175644,-0.4408822121816843
20.0,194.0,1000.9229736328124,0.8244933528940794,0.1717593457825232,-2.3768181931737407,-0.0231454770857481,0.5188578186747616,-0.571934593955575,0.1201970601601191,-0.6224700956271234,-0.9274745739175644,-0.4408822121816843
20.0,194.0,1000.9229736328124,0.8244933528940794,0.1717593457825232,-2.3768181931737407,-0.0231454770919642,0.5188578186747616,-0.571934593955575,0.1201970601601191,-0.6224732615296171,-0.9274745739175644,-0.4408822121816843
20.0,194.0,1000.9229736328124,0.8244933528941928,0.1717593457825232,-2.3768181931737407,-0.0231454770855083,0.5188578186747616,-0.571934593955575,0.1201970601601191,-0.6224700956271234,-0.9274745739175644,-0.4408822121816843
20.0,194.0,1000.9229736328124,0.8244933528941928,0.1717593457825232,-2.3768181931737407,-0.0231454770855083,0.5188578186747616,-0.571934593955575,0.1201970601601191,-0.6224700956271234,-0.9274745739175644,-0.4408822121816843
20.0,194.0,1000.9229736328124,0.8244933528940794,0.1717593457825232,-2.3768181931737407,-0.0231454770857481,0.5188578186747616,-0.571934593955575,0.1201970601601191,-0.6224700956271234,-0.9274745739175644,-0.4408822121816843
20.0,194.0,1000.9229736328124,0.8244933528940794,0.1717593457825232,-2.376818171323496,-0.0231454770919642,0.5188578186747616,-0.571934593955575,0.1201970601601191,-0.6224732615296171,-0.9274745739175644,-0.4408822122412414
20.0,194.0,1000.9229736328124,0.8244933528940794,0.1717593457825232,-2.37681816395232,-0.0231454770857481,0.5188578186747616,-0.571934593955575,0.1201970601601191,-0.6224700956271234,-0.9274745739175644,-0.4408822121816843
20.0,194.0,1000.9229736328124,0.8244933528940794,0.1717593457825232,-2.3768181931737407,-0.0231454770919642,0.5188578186747616,-0.571934593955575,0.1201970601601191,-0.6224732615296171,-0.9274745739175644,-0.4408822121816843
20.0,194.0,1000.9229736328124,0.8244933528940794,0.1717593457825232,-2.3768181931737407,-0.0231454773419844,0.5188578186747616,-0.571934593955575,0.1201970601601191,-0.6224700956271234,-0.9274745739175644,-0.4408822121816843
20.0,194.0,1000.9229736328124,0.8244933528940794,0.1717593457825232,-2.3768181931737407,-0.0231454770857481,0.5188578186747616,-0.571934593955575,0.1201970601601191,-0.6224700956271234,-0.9274745739175644,-0.4408822121816843
20.0,194.0,1000.9229736328124,0.8244933528940794,0.1717593457825232,-2.3768181931737407,-0.0231454770845391,0.5188578186747616,-0.571934593955575,0.1201970601601191,-0.6224700956271234,-0.9274745739175644,-0.4408822121816843
20.0,194.0,1000.9229736328124,0.8244933528940794,0.1717593457825232,-2.3768181931737407,-0.0231454770857493,0.5188578186747616,-0.571934593955575,0.1201970601601191,-0.6224700956271234,-0.9274745739175644,-0.4408822121816843
20.0,194.0,1000.9229736328124,0.8244933528941928,0.1717593457825232,-2.3768181931737407,-0.0231454770855083,0.5188578186747616,-0.571934593955575,0.1201970601601191,-0.6224700956271234,-0.9274745739175644,-0.4408822121816843
20.0,194.0,1000.9229736328124,0.8244933528940794,0.1717593457825232,-2.376818171323496,-0.0231454770854694,0.5188578186747616,-0.571934593955575,0.1201970601601191,-0.6224732615296171,-0.9274745739175644,-0.4408822121809606
20.0,194.0,1000.9229736328124,0.8244933528940794,0.1717593457825232,-2.376818171323496,-0.0231454770919642,0.5188578186747616,-0.571934593955575,0.1201970601601191,-0.6224732615296171,-0.9274745739175644,-0.4408822122412414
20.0,194.0,1000.9229736328124,0.8244933528940794,0.1717593457825232,-2.3768181640869543,-0.0231454770857481,0.5188578186747616,-0.571934593955575,0.1201970601601191,-0.6224700956271234,-0.9274745739175644,-0.4408822121816843
20.0,194.0,1000.9229736328124,0.8244933528941928,0.1717593457825232,-2.3768181931737407,-0.0231454770855071,0.5188578186747616,-0.571934593955575,0.1201970601601191,-0.6224700956271234,-0.9274745739175644,-0.4408822121816843
20.0,194.0,1000.9229736328124,0.8244933528940794,0.1717593457825232,-2.3768181931737407,-0.023145477340475,0.5188578186747616,-0.571934593955575,0.1201970601601191,-0.6224732615296171,-0.9274745739175644,-0.4408822121816843
20.0,194.0,1000.9229736328124,0.8244933528940794,0.1717593457825232,-2.3768181931737407,-0.0231454770857645,0.5188578186747616,-0.571934593955575,0.1201970601601191,-0.6224700956271234,-0.9274745739175644,-0.4408822121816843
20.0,194.0,1000.9229736328124,0.8244933528940794,0.1717593457825232,-2.376818193756924,-0.0231454770857577,0.5188578186747616,-0.571934593955575,0.1201970601601191,-0.6224700956271234,-0.9274745739175644,-0.4408822121816843
20.0,194.0,1000.9229736328124,0.824493352894079,0.1717593457825232,-2.3768181931689174,-0.0231454770918017,0.5188578186747616,-0.571934593955575,0.1201970601601191,-0.6224733529758717,-0.9274745739175644,-0.4408822122412414
20.0,194.0,1000.9229736328124,0.8244933528940794,0.1717593457825232,-2.3768181944864137,-0.0231454770915887,0.5188578186747616,-0.571934593955575,0.1201970601601191,-0.6224700956271234,-0.9274745739175644,-0.4408822121816843
20.0,194.0,1000.9229736328124,0.8244933528941739,0.1717593457825232,-2.376818193261557,-0.0231454767222202,0.5188578186747616,-0.571934593955575,0.1201970601601191,-0.6224727255125441,-0.9274745739175644,-0.4408822063575652
20.0,194.0,1000.9229736328124,0.8244933528940794,0.1717593457825232,-2.3768181931737407,-0.0231454770934736,0.5188578186747616,-0.571934593955575,0.1201970601601191,-0.6224700956271234,-0.9274745739175644,-0.4408822121816843
20.0,194.0,1000.9229736328124,0.8244933528941931,0.1717593457825232,-2.3768181713283187,-0.0231454770856696,0.5188578186747616,-0.571934593955575,0.1201970601601191,-0.6224700041808688,-0.9274745739175644,-0.4408822121816843
20.0,194.0,1000.9229736328124,0.8244933528941867,0.1717593457825232,-2.3768181931737407,-0.0231454770845391,0.5188578186747616,-0.571934593955575,0.1201970601601191,-0.6224700956271234,-0.9274745739175644,-0.4408822121816843
20.0,194.0,1000.9229736328124,0.8244933528940794,0.1717593457825232,-2.3768181931737407,-0.0231454770857481,0.5188578186747616,-0.571934593955575,0.1201970601601191,-0.6224700956271234,-0.9274745739175644,-0.4408822121816843
20.0,194.0,1000.9229736328124,0.8244933528940794,0.1717593457825232,-2.3768181931737407,-0.0231454770919642,0.5188578186747616,-0.571934593955575,0.1201970601601191,-0.6224732615296171,-0.9274745739175644,-0.4408822121816843
20.0,194.0,1000.9229736328124,0.8244933528940794,0.1717593457825232,-2.37681819460251,-0.0231454770859647,0.5188578186747616,-0.571934593955575,0.1201970601601191,-0.6224698261872311,-0.9274745739175644,-0.4408822121816843
20.0,194.0,1000.9229736328124,0.8244933528940794,0.1717593457825232,-2.3768181931737407,-0.0231454770857645,0.5188578186747616,-0.571934593955575,0.1201970601601191,-0.6224700956271234,-0.9274745739175644,-0.4408822121816843
20.0,194.0,1000.9229736328124,0.8244933528941931,0.1717593457825232,-2.376818192804607,-0.0231454770856696,0.5188578186747616,-0.571934593955575,0.1201970601601191,-0.6224700041808688,-0.9274745739175644,-0.4408822121816843
20.0,194.0,1000.9229736328124,0.8244933528940794,0.1717593457825232,-2.3768181931737407,-0.0231454770916392,0.5188578186747616,-0.571934593955575,0.1201970601601191,-0.6224700956271234,-0.9274745739175644,-0.4408822121816843
20.0,194.0,1000.9229736328124,0.8244933528940794,0.1717593457825232,-2.3768181931737407,-0.0231454770919642,0.5188578186747616,-0.571934593955575,0.1201970601601191,-0.6224732615296171,-0.9274745739175644,-0.4408822121816843
20.0,194.0,1000.9229736328124,0.8244933528941931,0.1717593457825232,-2.3768181713283187,-0.0231454770856696,0.5188578186747616,-0.571934593955575,0.1201970601601191,-0.6224702477722016,-0.9274745739175644,-0.4408822121816843
20.0,194.0,1000.9229736328124,0.8244933528940794,0.1717593457825232,-2.3768181931737407,-0.0231454773681493,0.5188578186747616,-0.571934593955575,0.1201970601601191,-0.6224731328521728,-0.9274745739175644,-0.4408822121816843
20.0,194.0,1000.9229736328124,0.8244933528940794,0.1717593457825232,-2.3768181931737407,-0.0231454770857481,0.5188578186747616,-0.571934593955575,0.1201970601601191,-0.6224700956271234,-0.9274745739175644,-0.4408822121816843
20.0,194.0,1000.9229736328124,0.8244933528940794,0.1717593457825232,-2.3768181931737407,-0.0231454773559279,0.5188578186747616,-0.571934593955575,0.1201970601601191,-0.6224734842149348,-0.9274745739175644,-0.4408822121816843
20.0,194.0,1000.9229736328124,0.8244933528941928,0.1717593457825232,-2.3768181931737407,-0.0231454770855083,0.5188578186747616,-0.571934593955575,0.1201970601601191,-0.6224700956271234,-0.9274745739175644,-0.4408822121816843
20.0,194.0,1000.9229736328124,0.8244933528940794,0.1717593457825232,-2.3768181944864137,-0.0231454770915887,0.5188578186747616,-0.571934593955575,0.1201970601601191,-0.6224700956271234,-0.9274745739175644,-0.4408822121816843
20.0,194.0,1000.9229736328124,0.8244933528940794,0.1717593457825232,-2.3768181931737407,-0.0231454773666905,0.5188578186747616,-0.571934593955575,0.1201970601601191,-0.6224700956271234,-0.9274745739175644,-0.4408822121816843
20.0,194.0,1000.9229736328124,0.8244933528940827,0.1717593457825232,-2.3768181931737407,-0.0231454770855083,0.5188578186747616,-0.571934593955575,0.1201970601601191,-0.6224701418049576,-0.9274745739175644,-0.4408822121816843
20.0,194.0,1000.9229736328124,0.8244933528940794,0.1717593457825232,-2.37681816395232,-0.0231454770857481,0.5188578186747616,-0.571934593955575,0.1201970601601191,-0.6224700956271234,-0.9274745739175644,-0.4408822121816843
20.0,194.0,1000.9229736328124,0.8244933528940794,0.1717593457825232,-2.376818171697452,-0.0231454770857481,0.5188578186747616,-0.571934593955575,0.1201970601601191,-0.6224700956271234,-0.9274745739175644,-0.4408822121816843
20.0,194.0,1000.9229736328124,0.8244933528940739,0.1717593457825232,-2.3768181931737407,-0.0231454770857599,0.5188578186747616,-0.571934593955575,0.1201970601601191,-0.6224700956271234,-0.9274745739175644,-0.4408822121816843
20.0,194.0,1000.9230346679688,0.8244933528941928,0.1717593457825232,-2.3768181931737407,-0.0231454770855071,0.5188579801836991,-0.571934593955575,0.1201970601601191,-0.622469795669603,-0.9274745739175644,-0.4408822121816843
20.0,194.0,1000.923095703125,0.8244933528940794,0.1717593457825232,-2.376818191419986,-0.0231454770919748,0.5188578186747616,-0.571934593955575,0.1201970601601191,-0.6224637115363594,-0.9274745739175644,-0.4408822121816843
20.0,195.0,1000.9228515625,0.8244933528940794,0.1717593457825232,-2.3768181931737407,-0.0231454770857481,0.518855071084819,-0.571934593955575,0.1201970601601191,-0.6224752305254626,-0.9274745739175644,-0.4408825936849929
20.0,195.0,1000.9228515625,0.8244933528940794,0.1717593457825232,-2.3768181941580337,-0.0231454774603887,0.518855071084819,-0.571934593955575,0.1201970601601191,-0.6224752305254626,-0.9274745739175644,-0.4408825936849929
20.0,195.0,1000.9228515625,0.8244933528940794,0.1717593457825232,-2.3768181930330443,-0.0231454770857481,0.518855071084819,-0.571934593955575,0.1201970601601191,-0.6224752733749308,-0.9274745739175644,-0.4408825936849929
20.0,195.0,1000.9229125976562,0.8244933528940775,0.1717593457825232,-2.3768181931737407,-0.0231454773611321,0.5188578186747616,-0.571934593955575,0.1201970601601191,-0.6224754040763966,-0.9274745739175644,-0.4408822121816843
20.0,195.0,1000.9229736328124,0.8244933528940794,0.1717593457825232,-2.3768181931737407,-0.0231454770857481,0.5188578186747616,-0.571934593955575,0.1201970601601191,-0.6224700956271234,-0.9274745739175644,-0.4408822121816843
20.0,195.0,1000.9229736328124,0.8244933528940794,0.1717593457825232,-2.3768181931737407,-0.0231454770857481,0.5188578186747616,-0.571934593955575,0.1201970601601191,-0.6224700956271234,-0.9274745739175644,-0.4408822121816843
20.0,195.0,1000.9229736328124,0.8244933528940794,0.1717593457825232,-2.3768181931737407,-0.0231454770919642,0.5188578186747616,-0.571934593955575,0.1201970601601191,-0.6224732615296171,-0.9274745739175644,-0.4408822121816843
20.0,195.0,1000.9229736328124,0.8244933528941928,0.1717593457825232,-2.3768181931737407,-0.0231454770855083,0.5188578186747616,-0.571934593955575,0.1201970601601191,-0.6224700956271234,-0.9274745739175644,-0.4408822121816843
20.0,195.0,1000.9229736328124,0.8244933528941928,0.1717593457825232,-2.3768181931737407,-0.0231454770855083,0.5188578186747616,-0.571934593955575,0.1201970601601191,-0.6224700956271234,-0.9274745739175644,-0.4408822121816843
20.0,195.0,1000.9229736328124,0.8244933528940794,0.1717593457825232,-2.3768181931737407,-0.0231454770857481,0.5188578186747616,-0.571934593955575,0.1201970601601191,-0.6224700956271234,-0.9274745739175644,-0.4408822121816843
20.0,195.0,1000.9229736328124,0.8244933528940794,0.1717593457825232,-2.376818171323496,-0.0231454770919642,0.5188578186747616,-0.571934593955575,0.1201970601601191,-0.6224732615296171,-0.9274745739175644,-0.4408822122412414
20.0,195.0,1000.9229736328124,0.8244933528940794,0.1717593457825232,-2.37681816395232,-0.0231454770857481,0.5188578186747616,-0.571934593955575,0.1201970601601191,-0.6224700956271234,-0.9274745739175644,-0.4408822121816843
20.0,195.0,1000.9229736328124,0.8244933528940794,0.1717593457825232,-2.3768181931737407,-0.0231454770919642,0.5188578186747616,-0.571934593955575,0.1201970601601191,-0.6224732615296171,-0.9274745739175644,-0.4408822121816843
20.0,195.0,1000.9229736328124,0.8244933528940794,0.1717593457825232,-2.3768181931737407,-0.0231454773419844,0.5188578186747616,-0.571934593955575,0.1201970601601191,-0.6224700956271234,-0.9274745739175644,-0.4408822121816843
20.0,195.0,1000.9229736328124,0.8244933528940794,0.1717593457825232,-2.3768181931737407,-0.0231454770857481,0.5188578186747616,-0.571934593955575,0.1201970601601191,-0.6224700956271234,-0.9274745739175644,-0.4408822121816843
20.0,195.0,1000.9229736328124,0.8244933528940794,0.1717593457825232,-2.3768181931737407,-0.0231454770845391,0.5188578186747616,-0.571934593955575,0.1201970601601191,-0.6224700956271234,-0.9274745739175644,-0.4408822121816843
20.0,195.0,1000.9229736328124,0.8244933528940794,0.1717593457825232,-2.3768181931737407,-0.0231454770857493,0.5188578186747616,-0.571934593955575,0.1201970601601191,-0.6224700956271234,-0.9274745739175644,-0.4408822121816843
20.0,195.0,1000.9229736328124,0.8244933528941928,0.1717593457825232,-2.3768181931737407,-0.0231454770855083,0.5188578186747616,-0.571934593955575,0.1201970601601191,-0.6224700956271234,-0.9274745739175644,-0.4408822121816843
20.0,195.0,1000.9229736328124,0.8244933528940794,0.1717593457825232,-2.376818171323496,-0.0231454770854694,0.5188578186747616,-0.571934593955575,0.1201970601601191,-0.6224732615296171,-0.9274745739175644,-0.4408822121809606
20.0,195.0,1000.9229736328124,0.8244933528940794,0.1717593457825232,-2.376818171323496,-0.0231454770919642,0.5188578186747616,-0.571934593955575,0.1201970601601191,-0.6224732615296171,-0.9274745739175644,-0.4408822122412414
20.0,195.0,1000.9229736328124,0.8244933528940794,0.1717593457825232,-2.3768181640869543,-0.0231454770857481,0.5188578186747616,-0.571934593955575,0.1201970601601191,-0.6224700956271234,-0.9274745739175644,-0.4408822121816843
20.0,195.0,1000.9229736328124,0.8244933528941928,0.1717593457825232,-2.3768181931737407,-0.0231454770855071,0.5188578186747616,-0.571934593955575,0.1201970601601191,-0.6224700956271234,-0.9274745739175644,-0.4408822121816843
20.0,195.0,1000.9229736328124,0.8244933528940794,0.1717593457825232,-2.3768181931737407,-0.023145477340475,0.5188578186747616,-0.571934593955575,0.1201970601601191,-0.6224732615296171,-0.9274745739175644,-0.4408822121816843
20.0,195.0,1000.9229736328124,0.8244933528940794,0.1717593457825232,-2.3768181931737407,-0.0231454770857645,0.5188578186747616,-0.571934593955575,0.1201970601601191,-0.6224700956271234,-0.9274745739175644,-0.4408822121816843
20.0,195.0,1000.9229736328124,0.8244933528940794,0.1717593457825232,-2.376818193756924,-0.0231454770857577,0.5188578186747616,-0.571934593955575,0.1201970601601191,-0.6224700956271234,-0.9274745739175644,-0.4408822121816843
20.0,195.0,1000.9229736328124,0.824493352894079,0.1717593457825232,-2.3768181931689174,-0.0231454770918017,0.5188578186747616,-0.571934593955575,0.1201970601601191,-0.6224733529758717,-0.9274745739175644,-0.4408822122412414
20.0,195.0,1000.9229736328124,0.8244933528940794,0.1717593457825232,-2.3768181944864137,-0.0231454770915887,0.5188578186747616,-0.571934593955575,0.1201970601601191,-0.6224700956271234,-0.9274745739175644,-0.4408822121816843
20.0,195.0,1000.9229736328124,0.8244933528941739,0.1717593457825232,-2.376818193261557,-0.0231454767222202,0.5188578186747616,-0.571934593955575,0.1201970601601191,-0.6224727255125441,-0.9274745739175644,-0.4408822063575652
20.0,195.0,1000.9229736328124,0.8244933528940794,0.1717593457825232,-2.3768181931737407,-0.0231454770934736,0.5188578186747616,-0.571934593955575,0.1201970601601191,-0.6224700956271234,-0.9274745739175644,-0.4408822121816843
20.0,195.0,1000.9229736328124,0.8244933528941931,0.1717593457825232,-2.3768181713283187,-0.0231454770856696,0.5188578186747616,-0.571934593955575,0.1201970601601191,-0.6224700041808688,-0.9274745739175644,-0.4408822121816843
20.0,195.0,1000.9229736328124,0.8244933528941867,0.1717593457825232,-2.3768181931737407,-0.0231454770845391,0.5188578186747616,-0.571934593955575,0.1201970601601191,-0.6224700956271234,-0.9274745739175644,-0.4408822121816843
20.0,195.0,1000.9229736328124,0.8244933528940794,0.1717593457825232,-2.3768181931737407,-0.0231454770857481,0.5188578186747616,-0.571934593955575,0.1201970601601191,-0.6224700956271234,-0.9274745739175644,-0.4408822121816843
20.0,195.0,1000.9229736328124,0.8244933528940794,0.1717593457825232,-2.3768181931737407,-0.0231454770919642,0.5188578186747616,-0.571934593955575,0.1201970601601191,-0.6224732615296171,-0.9274745739175644,-0.4408822121816843
20.0,195.0,1000.9229736328124,0.8244933528940794,0.1717593457825232,-2.37681819460251,-0.0231454770859647,0.5188578186747616,-0.571934593955575,0.1201970601601191,-0.6224698261872311,-0.9274745739175644,-0.4408822121816843
20.0,195.0,1000.9229736328124,0.8244933528940794,0.1717593457825232,-2.3768181931737407,-0.0231454770857645,0.5188578186747616,-0.571934593955575,0.1201970601601191,-0.6224700956271234,-0.9274745739175644,-0.4408822121816843
20.0,195.0,1000.9229736328124,0.8244933528941931,0.1717593457825232,-2.376818192804607,-0.0231454770856696,0.5188578186747616,-0.571934593955575,0.1201970601601191,-0.6224700041808688,-0.9274745739175644,-0.4408822121816843
20.0,195.0,1000.9229736328124,0.8244933528940794,0.1717593457825232,-2.3768181931737407,-0.0231454770916392,0.5188578186747616,-0.571934593955575,0.1201970601601191,-0.6224700956271234,-0.9274745739175644,-0.4408822121816843
20.0,195.0,1000.9229736328124,0.8244933528940794,0.1717593457825232,-2.3768181931737407,-0.0231454770919642,0.5188578186747616,-0.571934593955575,0.1201970601601191,-0.6224732615296171,-0.9274745739175644,-0.4408822121816843
20.0,195.0,1000.9229736328124,0.8244933528941931,0.1717593457825232,-2.3768181713283187,-0.0231454770856696,0.5188578186747616,-0.571934593955575,0.1201970601601191,-0.6224702477722016,-0.9274745739175644,-0.4408822121816843
20.0,195.0,1000.9229736328124,0.8244933528940794,0.1717593457825232,-2.3768181931737407,-0.0231454773681493,0.5188578186747616,-0.571934593955575,0.1201970601601191,-0.6224731328521728,-0.9274745739175644,-0.4408822121816843
20.0,195.0,1000.9229736328124,0.8244933528940794,0.1717593457825232,-2.3768181931737407,-0.0231454770857481,0.5188578186747616,-0.571934593955575,0.1201970601601191,-0.6224700956271234,-0.9274745739175644,-0.4408822121816843
20.0,195.0,1000.9229736328124,0.8244933528940794,0.1717593457825232,-2.3768181931737407,-0.0231454773559279,0.5188578186747616,-0.571934593955575,0.1201970601601191,-0.6224734842149348,-0.9274745739175644,-0.4408822121816843
20.0,195.0,1000.9229736328124,0.8244933528941928,0.1717593457825232,-2.3768181931737407,-0.0231454770855083,0.5188578186747616,-0.571934593955575,0.1201970601601191,-0.6224700956271234,-0.9274745739175644,-0.4408822121816843
20.0,195.0,1000.9229736328124,0.8244933528940794,0.1717593457825232,-2.3768181944864137,-0.0231454770915887,0.5188578186747616,-0.571934593955575,0.1201970601601191,-0.6224700956271234,-0.9274745739175644,-0.4408822121816843
20.0,195.0,1000.9229736328124,0.8244933528940794,0.1717593457825232,-2.3768181931737407,-0.0231454773666905,0.5188578186747616,-0.571934593955575,0.1201970601601191,-0.6224700956271234,-0.9274745739175644,-0.4408822121816843
20.0,195.0,1000.9229736328124,0.8244933528940827,0.1717593457825232,-2.3768181931737407,-0.0231454770855083,0.5188578186747616,-0.571934593955575,0.1201970601601191,-0.6224701418049576,-0.9274745739175644,-0.4408822121816843
20.0,195.0,1000.9229736328124,0.8244933528940794,0.1717593457825232,-2.37681816395232,-0.0231454770857481,0.5188578186747616,-0.571934593955575,0.1201970601601191,-0.6224700956271234,-0.9274745739175644,-0.4408822121816843
20.0,195.0,1000.9229736328124,0.8244933528940794,0.1717593457825232,-2.376818171697452,-0.0231454770857481,0.5188578186747616,-0.571934593955575,0.1201970601601191,-0.6224700956271234,-0.9274745739175644,-0.4408822121816843
20.0,195.0,1000.9229736328124,0.8244933528940739,0.1717593457825232,-2.3768181931737407,-0.0231454770857599,0.5188578186747616,-0.571934593955575,0.1201970601601191,-0.6224700956271234,-0.9274745739175644,-0.4408822121816843
20.0,195.0,1000.9229736328124,0.8244933528941831,0.1717593457825232,-2.376818193261557,-0.023145476694499,0.5188578186747616,-0.571934593955575,0.1201970601601191,-0.6224727255125441,-0.9274745739175644,-0.4408822063575652
20.0,196.0,1000.9228515625,0.8244933528940794,0.1717593457825232,-2.3768181931737407,-0.0231454770857481,0.518855071084819,-0.571934593955575,0.1201970601601191,-0.6224752305254626,-0.9274745739175644,-0.4408825936849929
20.0,196.0,1000.9228515625,0.8244933528940794,0.1717593457825232,-2.3768181941580337,-0.0231454774603887,0.518855071084819,-0.571934593955575,0.1201970601601191,-0.6224752305254626,-0.9274745739175644,-0.4408825936849929
20.0,196.0,1000.9228515625,0.8244933528940794,0.1717593457825232,-2.3768181930330443,-0.0231454770857481,0.518855071084819,-0.571934593955575,0.1201970601601191,-0.6224752733749308,-0.9274745739175644,-0.4408825936849929
20.0,196.0,1000.9228515625,0.8244933528940739,0.1717593457825232,-2.3768181931737407,-0.0231454770857601,0.5188549783730564,-0.571934593955575,0.1201970601601191,-0.6224752053231137,-0.9274745739175644,-0.440882595271642
20.0,196.0,1000.9228515625,0.8244933528940794,0.1717593457825232,-2.376818191353992,-0.0231454774599909,0.5188550210242336,-0.571934593955575,0.1201970601601191,-0.6224750096081734,-0.9274745739175644,-0.4408825939440672
20.0,196.0,1000.9229125976562,0.8244933528940775,0.1717593457825232,-2.3768181931737407,-0.0231454773611321,0.5188578186747616,-0.571934593955575,0.1201970601601191,-0.6224754040763966,-0.9274745739175644,-0.4408822121816843
20.0,196.0,1000.9229125976562,0.8244933528940794,0.1717593457825232,-2.3768181931737407,-0.0231454770857481,0.5188578186747616,-0.571934593955575,0.1201970601601191,-0.622475272875598,-0.9274745739175644,-0.4408822121816843
20.0,196.0,1000.9229125976562,0.8244933528940775,0.1717593457825232,-2.3768181931737407,-0.0231454773611321,0.5188578186747616,-0.571934593955575,0.1201970601601191,-0.6224754040763966,-0.9274745739175644,-0.4408822121816843
20.0,196.0,1000.9229736328124,0.8244933528940794,0.1717593457825232,-2.3768181931737407,-0.0231454770857481,0.5188578186747616,-0.571934593955575,0.1201970601601191,-0.6224700956271234,-0.9274745739175644,-0.4408822121816843
20.0,196.0,1000.9229736328124,0.8244933528940794,0.1717593457825232,-2.3768181931737407,-0.0231454770857481,0.5188578186747616,-0.571934593955575,0.1201970601601191,-0.6224700956271234,-0.9274745739175644,-0.4408822121816843
20.0,196.0,1000.9229736328124,0.8244933528940794,0.1717593457825232,-2.3768181931737407,-0.0231454770919642,0.5188578186747616,-0.571934593955575,0.1201970601601191,-0.6224732615296171,-0.9274745739175644,-0.4408822121816843
20.0,196.0,1000.9229736328124,0.8244933528941928,0.1717593457825232,-2.3768181931737407,-0.0231454770855083,0.5188578186747616,-0.571934593955575,0.1201970601601191,-0.6224700956271234,-0.9274745739175644,-0.4408822121816843
20.0,196.0,1000.9229736328124,0.8244933528941928,0.1717593457825232,-2.3768181931737407,-0.0231454770855083,0.5188578186747616,-0.571934593955575,0.1201970601601191,-0.6224700956271234,-0.9274745739175644,-0.4408822121816843
20.0,196.0,1000.9229736328124,0.8244933528940794,0.1717593457825232,-2.3768181931737407,-0.0231454770857481,0.5188578186747616,-0.571934593955575,0.1201970601601191,-0.6224700956271234,-0.9274745739175644,-0.4408822121816843
20.0,196.0,1000.9229736328124,0.8244933528940794,0.1717593457825232,-2.376818171323496,-0.0231454770919642,0.5188578186747616,-0.571934593955575,0.1201970601601191,-0.6224732615296171,-0.9274745739175644,-0.4408822122412414
20.0,196.0,1000.9229736328124,0.8244933528940794,0.1717593457825232,-2.37681816395232,-0.0231454770857481,0.5188578186747616,-0.571934593955575,0.1201970601601191,-0.6224700956271234,-0.9274745739175644,-0.4408822121816843
20.0,196.0,1000.9229736328124,0.8244933528940794,0.1717593457825232,-2.3768181931737407,-0.0231454770919642,0.5188578186747616,-0.571934593955575,0.1201970601601191,-0.6224732615296171,-0.9274745739175644,-0.4408822121816843
20.0,196.0,1000.9229736328124,0.8244933528940794,0.1717593457825232,-2.3768181931737407,-0.0231454773419844,0.5188578186747616,-0.571934593955575,0.1201970601601191,-0.6224700956271234,-0.9274745739175644,-0.4408822121816843
20.0,196.0,1000.9229736328124,0.8244933528940794,0.1717593457825232,-2.3768181931737407,-0.0231454770857481,0.5188578186747616,-0.571934593955575,0.1201970601601191,-0.6224700956271234,-0.9274745739175644,-0.4408822121816843
20.0,196.0,1000.9229736328124,0.8244933528940794,0.1717593457825232,-2.3768181931737407,-0.0231454770845391,0.5188578186747616,-0.571934593955575,0.1201970601601191,-0.6224700956271234,-0.9274745739175644,-0.4408822121816843
20.0,196.0,1000.9229736328124,0.8244933528940794,0.1717593457825232,-2.3768181931737407,-0.0231454770857493,0.5188578186747616,-0.571934593955575,0.1201970601601191,-0.6224700956271234,-0.9274745739175644,-0.4408822121816843
20.0,196.0,1000.9229736328124,0.8244933528941928,0.1717593457825232,-2.3768181931737407,-0.0231454770855083,0.5188578186747616,-0.571934593955575,0.1201970601601191,-0.6224700956271234,-0.9274745739175644,-0.4408822121816843
20.0,196.0,1000.9229736328124,0.8244933528940794,0.1717593457825232,-2.376818171323496,-0.0231454770854694,0.5188578186747616,-0.571934593955575,0.1201970601601191,-0.6224732615296171,-0.9274745739175644,-0.4408822121809606
20.0,196.0,1000.9229736328124,0.8244933528940794,0.1717593457825232,-2.376818171323496,-0.0231454770919642,0.5188578186747616,-0.571934593955575,0.1201970601601191,-0.6224732615296171,-0.9274745739175644,-0.4408822122412414
20.0,196.0,1000.9229736328124,0.8244933528940794,0.1717593457825232,-2.3768181640869543,-0.0231454770857481,0.5188578186747616,-0.571934593955575,0.1201970601601191,-0.6224700956271234,-0.9274745739175644,-0.4408822121816843
20.0,196.0,1000.9229736328124,0.8244933528941928,0.1717593457825232,-2.3768181931737407,-0.0231454770855071,0.5188578186747616,-0.571934593955575,0.1201970601601191,-0.6224700956271234,-0.9274745739175644,-0.4408822121816843
20.0,196.0,1000.9229736328124,0.8244933528940794,0.1717593457825232,-2.3768181931737407,-0.023145477340475,0.5188578186747616,-0.571934593955575,0.1201970601601191,-0.6224732615296171,-0.9274745739175644,-0.4408822121816843
20.0,196.0,1000.9229736328124,0.8244933528940794,0.1717593457825232,-2.3768181931737407,-0.0231454770857645,0.5188578186747616,-0.571934593955575,0.1201970601601191,-0.6224700956271234,-0.9274745739175644,-0.4408822121816843
20.0,196.0,1000.9229736328124,0.8244933528940794,0.1717593457825232,-2.376818193756924,-0.0231454770857577,0.5188578186747616,-0.571934593955575,0.1201970601601191,-0.6224700956271234,-0.9274745739175644,-0.4408822121816843
20.0,196.0,1000.9229736328124,0.824493352894079,0.1717593457825232,-2.3768181931689174,-0.0231454770918017,0.5188578186747616,-0.571934593955575,0.1201970601601191,-0.6224733529758717,-0.9274745739175644,-0.4408822122412414
20.0,196.0,1000.9229736328124,0.8244933528940794,0.1717593457825232,-2.3768181944864137,-0.0231454770915887,0.5188578186747616,-0.571934593955575,0.1201970601601191,-0.6224700956271234,-0.9274745739175644,-0.4408822121816843
20.0,196.0,1000.9229736328124,0.8244933528941739,0.1717593457825232,-2.376818193261557,-0.0231454767222202,0.5188578186747616,-0.571934593955575,0.1201970601601191,-0.6224727255125441,-0.9274745739175644,-0.4408822063575652
20.0,196.0,1000.9229736328124,0.8244933528940794,0.1717593457825232,-2.3768181931737407,-0.0231454770934736,0.5188578186747616,-0.571934593955575,0.1201970601601191,-0.6224700956271234,-0.9274745739175644,-0.4408822121816843
20.0,196.0,1000.9229736328124,0.8244933528941931,0.1717593457825232,-2.3768181713283187,-0.0231454770856696,0.5188578186747616,-0.571934593955575,0.1201970601601191,-0.6224700041808688,-0.9274745739175644,-0.4408822121816843
20.0,196.0,1000.9229736328124,0.8244933528941867,0.1717593457825232,-2.3768181931737407,-0.0231454770845391,0.5188578186747616,-0.571934593955575,0.1201970601601191,-0.6224700956271234,-0.9274745739175644,-0.4408822121816843
20.0,196.0,1000.9229736328124,0.8244933528940794,0.1717593457825232,-2.3768181931737407,-0.0231454770857481,0.5188578186747616,-0.571934593955575,0.1201970601601191,-0.6224700956271234,-0.9274745739175644,-0.4408822121816843
20.0,196.0,1000.9229736328124,0.8244933528940794,0.1717593457825232,-2.3768181931737407,-0.0231454770919642,0.5188578186747616,-0.571934593955575,0.1201970601601191,-0.6224732615296171,-0.9274745739175644,-0.4408822121816843
20.0,196.0,1000.9229736328124,0.8244933528940794,0.1717593457825232,-2.37681819460251,-0.0231454770859647,0.5188578186747616,-0.571934593955575,0.1201970601601191,-0.6224698261872311,-0.9274745739175644,-0.4408822121816843
20.0,196.0,1000.9229736328124,0.8244933528940794,0.1717593457825232,-2.3768181931737407,-0.0231454770857645,0.5188578186747616,-0.571934593955575,0.1201970601601191,-0.6224700956271234,-0.9274745739175644,-0.4408822121816843
20.0,196.0,1000.9229736328124,0.8244933528941931,0.1717593457825232,-2.376818192804607,-0.0231454770856696,0.5188578186747616,-0.571934593955575,0.1201970601601191,-0.6224700041808688,-0.9274745739175644,-0.4408822121816843
20.0,196.0,1000.9229736328124,0.8244933528940794,0.1717593457825232,-2.3768181931737407,-0.0231454770916392,0.5188578186747616,-0.571934593955575,0.1201970601601191,-0.6224700956271234,-0.9274745739175644,-0.4408822121816843
20.0,196.0,1000.9229736328124,0.8244933528940794,0.1717593457825232,-2.3768181931737407,-0.0231454770919642,0.5188578186747616,-0.571934593955575,0.1201970601601191,-0.6224732615296171,-0.9274745739175644,-0.4408822121816843
20.0,196.0,1000.9229736328124,0.8244933528941931,0.1717593457825232,-2.3768181713283187,-0.0231454770856696,0.5188578186747616,-0.571934593955575,0.1201970601601191,-0.6224702477722016,-0.9274745739175644,-0.4408822121816843
20.0,196.0,1000.9229736328124,0.8244933528940794,0.1717593457825232,-2.3768181931737407,-0.0231454773681493,0.5188578186747616,-0.571934593955575,0.1201970601601191,-0.6224731328521728,-0.9274745739175644,-0.4408822121816843
20.0,196.0,1000.9229736328124,0.8244933528940794,0.1717593457825232,-2.3768181931737407,-0.0231454770857481,0.5188578186747616,-0.571934593955575,0.1201970601601191,-0.6224700956271234,-0.9274745739175644,-0.4408822121816843
20.0,196.0,1000.9229736328124,0.8244933528940794,0.1717593457825232,-2.3768181931737407,-0.0231454773559279,0.5188578186747616,-0.571934593955575,0.1201970601601191,-0.6224734842149348,-0.9274745739175644,-0.4408822121816843
20.0,196.0,1000.9229736328124,0.8244933528941928,0.1717593457825232,-2.3768181931737407,-0.0231454770855083,0.5188578186747616,-0.571934593955575,0.1201970601601191,-0.6224700956271234,-0.9274745739175644,-0.4408822121816843
20.0,196.0,1000.9229736328124,0.8244933528940794,0.1717593457825232,-2.3768181944864137,-0.0231454770915887,0.5188578186747616,-0.571934593955575,0.1201970601601191,-0.6224700956271234,-0.9274745739175644,-0.4408822121816843
20.0,196.0,1000.9229736328124,0.8244933528940794,0.1717593457825232,-2.3768181931737407,-0.0231454773666905,0.5188578186747616,-0.571934593955575,0.1201970601601191,-0.6224700956271234,-0.9274745739175644,-0.4408822121816843
20.0,196.0,1000.9229736328124,0.8244933528940827,0.1717593457825232,-2.3768181931737407,-0.0231454770855083,0.5188578186747616,-0.571934593955575,0.1201970601601191,-0.6224701418049576,-0.9274745739175644,-0.4408822121816843
20.0,197.0,1000.9228515625,0.8244933528940794,0.1717593457825232,-2.3768181931737407,-0.0231454770857481,0.518855071084819,-0.571934593955575,0.1201970601601191,-0.6224752305254626,-0.9274745739175644,-0.4408825936849929
20.0,197.0,1000.9228515625,0.8244933528940794,0.1717593457825232,-2.3768181941580337,-0.0231454774603887,0.518855071084819,-0.571934593955575,0.1201970601601191,-0.6224752305254626,-0.9274745739175644,-0.4408825936849929
20.0,197.0,1000.9228515625,0.8244933528940794,0.1717593457825232,-2.3768181930330443,-0.0231454770857481,0.518855071084819,-0.571934593955575,0.1201970601601191,-0.6224752733749308,-0.9274745739175644,-0.4408825936849929
20.0,197.0,1000.9228515625,0.8244933528940739,0.1717593457825232,-2.3768181931737407,-0.0231454770857601,0.5188549783730564,-0.571934593955575,0.1201970601601191,-0.6224752053231137,-0.9274745739175644,-0.440882595271642
20.0,197.0,1000.9228515625,0.8244933528940794,0.1717593457825232,-2.376818191353992,-0.0231454774599909,0.5188550210242336,-0.571934593955575,0.1201970601601191,-0.6224750096081734,-0.9274745739175644,-0.4408825939440672
20.0,197.0,1000.9229125976562,0.8244933528940775,0.1717593457825232,-2.3768181931737407,-0.0231454773611321,0.5188578186747616,-0.571934593955575,0.1201970601601191,-0.6224754040763966,-0.9274745739175644,-0.4408822121816843
20.0,197.0,1000.9229125976562,0.8244933528940794,0.1717593457825232,-2.3768181931737407,-0.0231454770857481,0.5188578186747616,-0.571934593955575,0.1201970601601191,-0.622475272875598,-0.9274745739175644,-0.4408822121816843
20.0,197.0,1000.9229125976562,0.8244933528940775,0.1717593457825232,-2.3768181931737407,-0.0231454773611321,0.5188578186747616,-0.571934593955575,0.1201970601601191,-0.6224754040763966,-0.9274745739175644,-0.4408822121816843
20.0,197.0,1000.9229125976562,0.8244933528940775,0.1717593457825232,-2.3768181931737407,-0.0231454773611321,0.5188578186747616,-0.571934593955575,0.1201970601601191,-0.6224754040763966,-0.9274745739175644,-0.4408822121816843
20.0,197.0,1000.9229125976562,0.8244933528941739,0.1717593457825232,-2.3768181932612933,-0.0231454767424675,0.5188549283106668,-0.571934593955575,0.1201970601601191,-0.6224726431139358,-0.9274745739175644,-0.4408822063575652
20.0,197.0,1000.9229736328124,0.8244933528940794,0.1717593457825232,-2.3768181931737407,-0.0231454770857481,0.5188578186747616,-0.571934593955575,0.1201970601601191,-0.6224700956271234,-0.9274745739175644,-0.4408822121816843
20.0,197.0,1000.9229736328124,0.8244933528940794,0.1717593457825232,-2.3768181931737407,-0.0231454770857481,0.5188578186747616,-0.571934593955575,0.1201970601601191,-0.6224700956271234,-0.9274745739175644,-0.4408822121816843
20.0,197.0,1000.9229736328124,0.8244933528940794,0.1717593457825232,-2.3768181931737407,-0.0231454770919642,0.5188578186747616,-0.571934593955575,0.1201970601601191,-0.6224732615296171,-0.9274745739175644,-0.4408822121816843
20.0,197.0,1000.9229736328124,0.8244933528941928,0.1717593457825232,-2.3768181931737407,-0.0231454770855083,0.5188578186747616,-0.571934593955575,0.1201970601601191,-0.6224700956271234,-0.9274745739175644,-0.4408822121816843
20.0,197.0,1000.9229736328124,0.8244933528941928,0.1717593457825232,-2.3768181931737407,-0.0231454770855083,0.5188578186747616,-0.571934593955575,0.1201970601601191,-0.6224700956271234,-0.9274745739175644,-0.4408822121816843
20.0,197.0,1000.9229736328124,0.8244933528940794,0.1717593457825232,-2.3768181931737407,-0.0231454770857481,0.5188578186747616,-0.571934593955575,0.1201970601601191,-0.6224700956271234,-0.9274745739175644,-0.4408822121816843
20.0,197.0,1000.9229736328124,0.8244933528940794,0.1717593457825232,-2.376818171323496,-0.0231454770919642,0.5188578186747616,-0.571934593955575,0.1201970601601191,-0.6224732615296171,-0.9274745739175644,-0.4408822122412414
20.0,197.0,1000.9229736328124,0.8244933528940794,0.1717593457825232,-2.37681816395232,-0.0231454770857481,0.5188578186747616,-0.571934593955575,0.1201970601601191,-0.6224700956271234,-0.9274745739175644,-0.4408822121816843
20.0,197.0,1000.9229736328124,0.8244933528940794,0.1717593457825232,-2.3768181931737407,-0.0231454770919642,0.5188578186747616,-0.571934593955575,0.1201970601601191,-0.6224732615296171,-0.9274745739175644,-0.4408822121816843
20.0,197.0,1000.9229736328124,0.8244933528940794,0.1717593457825232,-2.3768181931737407,-0.0231454773419844,0.5188578186747616,-0.571934593955575,0.1201970601601191,-0.6224700956271234,-0.9274745739175644,-0.4408822121816843
20.0,197.0,1000.9229736328124,0.8244933528940794,0.1717593457825232,-2.3768181931737407,-0.0231454770857481,0.5188578186747616,-0.571934593955575,0.1201970601601191,-0.6224700956271234,-0.9274745739175644,-0.4408822121816843
20.0,197.0,1000.9229736328124,0.8244933528940794,0.1717593457825232,-2.3768181931737407,-0.0231454770845391,0.5188578186747616,-0.571934593955575,0.1201970601601191,-0.6224700956271234,-0.9274745739175644,-0.4408822121816843
20.0,197.0,1000.9229736328124,0.8244933528940794,0.1717593457825232,-2.3768181931737407,-0.0231454770857493,0.5188578186747616,-0.571934593955575,0.1201970601601191,-0.6224700956271234,-0.9274745739175644,-0.4408822121816843
20.0,197.0,1000.9229736328124,0.8244933528941928,0.1717593457825232,-2.3768181931737407,-0.0231454770855083,0.5188578186747616,-0.571934593955575,0.1201970601601191,-0.6224700956271234,-0.9274745739175644,-0.4408822121816843
20.0,197.0,1000.9229736328124,0.8244933528940794,0.1717593457825232,-2.376818171323496,-0.0231454770854694,0.5188578186747616,-0.571934593955575,0.1201970601601191,-0.6224732615296171,-0.9274745739175644,-0.4408822121809606
20.0,197.0,1000.9229736328124,0.8244933528940794,0.1717593457825232,-2.376818171323496,-0.0231454770919642,0.5188578186747616,-0.571934593955575,0.1201970601601191,-0.6224732615296171,-0.9274745739175644,-0.4408822122412414
20.0,197.0,1000.9229736328124,0.8244933528940794,0.1717593457825232,-2.3768181640869543,-0.0231454770857481,0.5188578186747616,-0.571934593955575,0.1201970601601191,-0.6224700956271234,-0.9274745739175644,-0.4408822121816843
20.0,197.0,1000.9229736328124,0.8244933528941928,0.1717593457825232,-2.3768181931737407,-0.0231454770855071,0.5188578186747616,-0.571934593955575,0.1201970601601191,-0.6224700956271234,-0.9274745739175644,-0.4408822121816843
20.0,197.0,1000.9229736328124,0.8244933528940794,0.1717593457825232,-2.3768181931737407,-0.023145477340475,0.5188578186747616,-0.571934593955575,0.1201970601601191,-0.6224732615296171,-0.9274745739175644,-0.4408822121816843
20.0,197.0,1000.9229736328124,0.8244933528940794,0.1717593457825232,-2.3768181931737407,-0.0231454770857645,0.5188578186747616,-0.571934593955575,0.1201970601601191,-0.6224700956271234,-0.9274745739175644,-0.4408822121816843
20.0,197.0,1000.9229736328124,0.8244933528940794,0.1717593457825232,-2.376818193756924,-0.0231454770857577,0.5188578186747616,-0.571934593955575,0.1201970601601191,-0.6224700956271234,-0.9274745739175644,-0.4408822121816843
20.0,197.0,1000.9229736328124,0.824493352894079,0.1717593457825232,-2.3768181931689174,-0.0231454770918017,0.5188578186747616,-0.571934593955575,0.1201970601601191,-0.6224733529758717,-0.9274745739175644,-0.4408822122412414
20.0,197.0,1000.9229736328124,0.8244933528940794,0.1717593457825232,-2.3768181944864137,-0.0231454770915887,0.5188578186747616,-0.571934593955575,0.1201970601601191,-0.6224700956271234,-0.9274745739175644,-0.4408822121816843
20.0,197.0,1000.9229736328124,0.8244933528941739,0.1717593457825232,-2.376818193261557,-0.0231454767222202,0.5188578186747616,-0.571934593955575,0.1201970601601191,-0.6224727255125441,-0.9274745739175644,-0.4408822063575652
20.0,197.0,1000.9229736328124,0.8244933528940794,0.1717593457825232,-2.3768181931737407,-0.0231454770934736,0.5188578186747616,-0.571934593955575,0.1201970601601191,-0.6224700956271234,-0.9274745739175644,-0.4408822121816843
20.0,197.0,1000.9229736328124,0.8244933528941931,0.1717593457825232,-2.3768181713283187,-0.0231454770856696,0.5188578186747616,-0.571934593955575,0.1201970601601191,-0.6224700041808688,-0.9274745739175644,-0.4408822121816843
20.0,197.0,1000.9229736328124,0.8244933528941867,0.1717593457825232,-2.3768181931737407,-0.0231454770845391,0.5188578186747616,-0.571934593955575,0.1201970601601191,-0.6224700956271234,-0.9274745739175644,-0.4408822121816843
20.0,197.0,1000.9229736328124,0.8244933528940794,0.1717593457825232,-2.3768181931737407,-0.0231454770857481,0.5188578186747616,-0.571934593955575,0.1201970601601191,-0.6224700956271234,-0.9274745739175644,-0.4408822121816843
20.0,197.0,1000.9229736328124,0.8244933528940794,0.1717593457825232,-2.3768181931737407,-0.0231454770919642,0.5188578186747616,-0.571934593955575,0.1201970601601191,-0.6224732615296171,-0.9274745739175644,-0.4408822121816843
20.0,197.0,1000.9229736328124,0.8244933528940794,0.1717593457825232,-2.37681819460251,-0.0231454770859647,0.5188578186747616,-0.571934593955575,0.1201970601601191,-0.6224698261872311,-0.9274745739175644,-0.4408822121816843
20.0,197.0,1000.9229736328124,0.8244933528940794,0.1717593457825232,-2.3768181931737407,-0.0231454770857645,0.5188578186747616,-0.571934593955575,0.1201970601601191,-0.6224700956271234,-0.9274745739175644,-0.4408822121816843
20.0,197.0,1000.9229736328124,0.8244933528941931,0.1717593457825232,-2.376818192804607,-0.0231454770856696,0.5188578186747616,-0.571934593955575,0.1201970601601191,-0.6224700041808688,-0.9274745739175644,-0.4408822121816843
20.0,197.0,1000.9229736328124,0.8244933528940794,0.1717593457825232,-2.3768181931737407,-0.0231454770916392,0.5188578186747616,-0.571934593955575,0.1201970601601191,-0.6224700956271234,-0.9274745739175644,-0.4408822121816843
20.0,197.0,1000.9229736328124,0.8244933528940794,0.1717593457825232,-2.3768181931737407,-0.0231454770919642,0.5188578186747616,-0.571934593955575,0.1201970601601191,-0.6224732615296171,-0.9274745739175644,-0.4408822121816843
20.0,197.0,1000.9229736328124,0.8244933528941931,0.1717593457825232,-2.3768181713283187,-0.0231454770856696,0.5188578186747616,-0.571934593955575,0.1201970601601191,-0.6224702477722016,-0.9274745739175644,-0.4408822121816843
20.0,197.0,1000.9229736328124,0.8244933528940794,0.1717593457825232,-2.3768181931737407,-0.0231454773681493,0.5188578186747616,-0.571934593955575,0.1201970601601191,-0.6224731328521728,-0.9274745739175644,-0.4408822121816843
20.0,197.0,1000.9229736328124,0.8244933528940794,0.1717593457825232,-2.3768181931737407,-0.0231454770857481,0.5188578186747616,-0.571934593955575,0.1201970601601191,-0.6224700956271234,-0.9274745739175644,-0.4408822121816843
20.0,197.0,1000.9229736328124,0.8244933528940794,0.1717593457825232,-2.3768181931737407,-0.0231454773559279,0.5188578186747616,-0.571934593955575,0.1201970601601191,-0.6224734842149348,-0.9274745739175644,-0.4408822121816843
20.0,197.0,1000.9229736328124,0.8244933528941928,0.1717593457825232,-2.3768181931737407,-0.0231454770855083,0.5188578186747616,-0.571934593955575,0.1201970601601191,-0.6224700956271234,-0.9274745739175644,-0.4408822121816843
20.0,197.0,1000.9229736328124,0.8244933528940794,0.1717593457825232,-2.3768181944864137,-0.0231454770915887,0.5188578186747616,-0.571934593955575,0.1201970601601191,-0.6224700956271234,-0.9274745739175644,-0.4408822121816843
20.0,198.0,1000.9228515625,0.8244933528940794,0.1717593457825232,-2.3768181931737407,-0.0231454770857481,0.518855071084819,-0.571934593955575,0.1201970601601191,-0.6224752305254626,-0.9274745739175644,-0.4408825936849929
20.0,198.0,1000.9228515625,0.8244933528940794,0.1717593457825232,-2.3768181941580337,-0.0231454774603887,0.518855071084819,-0.571934593955575,0.1201970601601191,-0.6224752305254626,-0.9274745739175644,-0.4408825936849929
20.0,198.0,1000.9228515625,0.8244933528940794,0.1717593457825232,-2.3768181930330443,-0.0231454770857481,0.518855071084819,-0.571934593955575,0.1201970601601191,-0.6224752733749308,-0.9274745739175644,-0.4408825936849929
20.0,198.0,1000.9228515625,0.8244933528940739,0.1717593457825232,-2.3768181931737407,-0.0231454770857601,0.5188549783730564,-0.571934593955575,0.1201970601601191,-0.6224752053231137,-0.9274745739175644,-0.440882595271642
20.0,198.0,1000.9228515625,0.8244933528940794,0.1717593457825232,-2.376818191353992,-0.0231454774599909,0.5188550210242336,-0.571934593955575,0.1201970601601191,-0.6224750096081734,-0.9274745739175644,-0.4408825939440672
20.0,198.0,1000.9228515625,0.8244933528940794,0.1717593457825232,-2.3768181931737407,-0.0231454770857481,0.518855071084819,-0.571934593955575,0.1201970601601191,-0.6224752305254626,-0.9274745739175644,-0.4408825936849929
20.0,198.0,1000.9228515625,0.8244933528940794,0.1717593457825232,-2.3768181931737407,-0.0231454770857481,0.518855071084819,-0.571934593955575,0.1201970601601191,-0.6224752305254626,-0.9274745739175644,-0.4408825936849929
20.0,198.0,1000.9229125976562,0.8244933528940775,0.1717593457825232,-2.3768181931737407,-0.0231454773611321,0.5188578186747616,-0.571934593955575,0.1201970601601191,-0.6224754040763966,-0.9274745739175644,-0.4408822121816843
20.0,198.0,1000.9229125976562,0.8244933528940794,0.1717593457825232,-2.3768181931737407,-0.0231454770857481,0.5188578186747616,-0.571934593955575,0.1201970601601191,-0.622475272875598,-0.9274745739175644,-0.4408822121816843
20.0,198.0,1000.9229125976562,0.8244933528940775,0.1717593457825232,-2.3768181931737407,-0.0231454773611321,0.5188578186747616,-0.571934593955575,0.1201970601601191,-0.6224754040763966,-0.9274745739175644,-0.4408822121816843
20.0,198.0,1000.9229125976562,0.8244933528940775,0.1717593457825232,-2.3768181931737407,-0.0231454773611321,0.5188578186747616,-0.571934593955575,0.1201970601601191,-0.6224754040763966,-0.9274745739175644,-0.4408822121816843
20.0,198.0,1000.9229125976562,0.8244933528941739,0.1717593457825232,-2.3768181932612933,-0.0231454767424675,0.5188549283106668,-0.571934593955575,0.1201970601601191,-0.6224726431139358,-0.9274745739175644,-0.4408822063575652
20.0,198.0,1000.9229125976562,0.8244933528940794,0.1717593457825232,-2.3768181932585835,-0.0231454770966384,0.5188547158695263,-0.571934593955575,0.1201970601601191,-0.6224700956271234,-0.9274745739175644,-0.4408822121816843
20.0,198.0,1000.9229125976562,0.8244933528940794,0.1717593457825232,-2.376818193192792,-0.0231454770857462,0.5188578186747616,-0.571934593955575,0.1201970601601191,-0.622475272875598,-0.9274745739175644,-0.4408822121816843
20.0,198.0,1000.9229125976562,0.8244933528940775,0.1717593457825232,-2.3768181931737407,-0.0231454773611321,0.5188578186747616,-0.571934593955575,0.1201970601601191,-0.6224754040763966,-0.9274745739175644,-0.4408822121816843
20.0,198.0,1000.9229736328124,0.8244933528940794,0.1717593457825232,-2.3768181931737407,-0.0231454770857481,0.5188578186747616,-0.571934593955575,0.1201970601601191,-0.6224700956271234,-0.9274745739175644,-0.4408822121816843
20.0,198.0,1000.9229736328124,0.8244933528940794,0.1717593457825232,-2.3768181931737407,-0.0231454770857481,0.5188578186747616,-0.571934593955575,0.1201970601601191,-0.6224700956271234,-0.9274745739175644,-0.4408822121816843
20.0,198.0,1000.9229736328124,0.8244933528940794,0.1717593457825232,-2.3768181931737407,-0.0231454770919642,0.5188578186747616,-0.571934593955575,0.1201970601601191,-0.6224732615296171,-0.9274745739175644,-0.4408822121816843
20.0,198.0,1000.9229736328124,0.8244933528941928,0.1717593457825232,-2.3768181931737407,-0.0231454770855083,0.5188578186747616,-0.571934593955575,0.1201970601601191,-0.6224700956271234,-0.9274745739175644,-0.4408822121816843
20.0,198.0,1000.9229736328124,0.8244933528941928,0.1717593457825232,-2.3768181931737407,-0.0231454770855083,0.5188578186747616,-0.571934593955575,0.1201970601601191,-0.6224700956271234,-0.9274745739175644,-0.4408822121816843
20.0,198.0,1000.9229736328124,0.8244933528940794,0.1717593457825232,-2.3768181931737407,-0.0231454770857481,0.5188578186747616,-0.571934593955575,0.1201970601601191,-0.6224700956271234,-0.9274745739175644,-0.4408822121816843
20.0,198.0,1000.9229736328124,0.8244933528940794,0.1717593457825232,-2.376818171323496,-0.0231454770919642,0.5188578186747616,-0.571934593955575,0.1201970601601191,-0.6224732615296171,-0.9274745739175644,-0.4408822122412414
20.0,198.0,1000.9229736328124,0.8244933528940794,0.1717593457825232,-2.37681816395232,-0.0231454770857481,0.5188578186747616,-0.571934593955575,0.1201970601601191,-0.6224700956271234,-0.9274745739175644,-0.4408822121816843
20.0,198.0,1000.9229736328124,0.8244933528940794,0.1717593457825232,-2.3768181931737407,-0.0231454770919642,0.5188578186747616,-0.571934593955575,0.1201970601601191,-0.6224732615296171,-0.9274745739175644,-0.4408822121816843
20.0,198.0,1000.9229736328124,0.8244933528940794,0.1717593457825232,-2.3768181931737407,-0.0231454773419844,0.5188578186747616,-0.571934593955575,0.1201970601601191,-0.6224700956271234,-0.9274745739175644,-0.4408822121816843
20.0,198.0,1000.9229736328124,0.8244933528940794,0.1717593457825232,-2.3768181931737407,-0.0231454770857481,0.5188578186747616,-0.571934593955575,0.1201970601601191,-0.6224700956271234,-0.9274745739175644,-0.4408822121816843
20.0,198.0,1000.9229736328124,0.8244933528940794,0.1717593457825232,-2.3768181931737407,-0.0231454770845391,0.5188578186747616,-0.571934593955575,0.1201970601601191,-0.6224700956271234,-0.9274745739175644,-0.4408822121816843
20.0,198.0,1000.9229736328124,0.8244933528940794,0.1717593457825232,-2.3768181931737407,-0.0231454770857493,0.5188578186747616,-0.571934593955575,0.1201970601601191,-0.6224700956271234,-0.9274745739175644,-0.4408822121816843
20.0,198.0,1000.9229736328124,0.8244933528941928,0.1717593457825232,-2.3768181931737407,-0.0231454770855083,0.5188578186747616,-0.571934593955575,0.1201970601601191,-0.6224700956271234,-0.9274745739175644,-0.4408822121816843
20.0,198.0,1000.9229736328124,0.8244933528940794,0.1717593457825232,-2.376818171323496,-0.0231454770854694,0.5188578186747616,-0.571934593955575,0.1201970601601191,-0.6224732615296171,-0.9274745739175644,-0.4408822121809606
20.0,198.0,1000.9229736328124,0.8244933528940794,0.1717593457825232,-2.376818171323496,-0.0231454770919642,0.5188578186747616,-0.571934593955575,0.1201970601601191,-0.6224732615296171,-0.9274745739175644,-0.4408822122412414
20.0,198.0,1000.9229736328124,0.8244933528940794,0.1717593457825232,-2.3768181640869543,-0.0231454770857481,0.5188578186747616,-0.571934593955575,0.1201970601601191,-0.6224700956271234,-0.9274745739175644,-0.4408822121816843
20.0,198.0,1000.9229736328124,0.8244933528941928,0.1717593457825232,-2.3768181931737407,-0.0231454770855071,0.5188578186747616,-0.571934593955575,0.1201970601601191,-0.6224700956271234,-0.9274745739175644,-0.4408822121816843
20.0,198.0,1000.9229736328124,0.8244933528940794,0.1717593457825232,-2.3768181931737407,-0.023145477340475,0.5188578186747616,-0.571934593955575,0.1201970601601191,-0.6224732615296171,-0.9274745739175644,-0.4408822121816843
20.0,198.0,1000.9229736328124,0.8244933528940794,0.1717593457825232,-2.3768181931737407,-0.0231454770857645,0.5188578186747616,-0.571934593955575,0.1201970601601191,-0.6224700956271234,-0.9274745739175644,-0.4408822121816843
20.0,198.0,1000.9229736328124,0.8244933528940794,0.1717593457825232,-2.376818193756924,-0.0231454770857577,0.5188578186747616,-0.571934593955575,0.1201970601601191,-0.6224700956271234,-0.9274745739175644,-0.4408822121816843
20.0,198.0,1000.9229736328124,0.824493352894079,0.1717593457825232,-2.3768181931689174,-0.0231454770918017,0.5188578186747616,-0.571934593955575,0.1201970601601191,-0.6224733529758717,-0.9274745739175644,-0.4408822122412414
20.0,198.0,1000.9229736328124,0.8244933528940794,0.1717593457825232,-2.3768181944864137,-0.0231454770915887,0.5188578186747616,-0.571934593955575,0.1201970601601191,-0.6224700956271234,-0.9274745739175644,-0.4408822121816843
20.0,198.0,1000.9229736328124,0.8244933528941739,0.1717593457825232,-2.376818193261557,-0.0231454767222202,0.5188578186747616,-0.571934593955575,0.1201970601601191,-0.6224727255125441,-0.9274745739175644,-0.4408822063575652
20.0,198.0,1000.9229736328124,0.8244933528940794,0.1717593457825232,-2.3768181931737407,-0.0231454770934736,0.5188578186747616,-0.571934593955575,0.1201970601601191,-0.6224700956271234,-0.9274745739175644,-0.4408822121816843
20.0,198.0,1000.9229736328124,0.8244933528941931,0.1717593457825232,-2.3768181713283187,-0.0231454770856696,0.5188578186747616,-0.571934593955575,0.1201970601601191,-0.6224700041808688,-0.9274745739175644,-0.4408822121816843
20.0,198.0,1000.9229736328124,0.8244933528941867,0.1717593457825232,-2.3768181931737407,-0.0231454770845391,0.5188578186747616,-0.571934593955575,0.1201970601601191,-0.6224700956271234,-0.9274745739175644,-0.4408822121816843
20.0,198.0,1000.9229736328124,0.8244933528940794,0.1717593457825232,-2.3768181931737407,-0.0231454770857481,0.5188578186747616,-0.571934593955575,0.1201970601601191,-0.6224700956271234,-0.9274745739175644,-0.4408822121816843
20.0,198.0,1000.9229736328124,0.8244933528940794,0.1717593457825232,-2.3768181931737407,-0.0231454770919642,0.5188578186747616,-0.571934593955575,0.1201970601601191,-0.6224732615296171,-0.9274745739175644,-0.4408822121816843
20.0,198.0,1000.9229736328124,0.8244933528940794,0.1717593457825232,-2.37681819460251,-0.0231454770859647,0.5188578186747616,-0.571934593955575,0.1201970601601191,-0.6224698261872311,-0.9274745739175644,-0.4408822121816843
20.0,198.0,1000.9229736328124,0.8244933528940794,0.1717593457825232,-2.3768181931737407,-0.0231454770857645,0.5188578186747616,-0.571934593955575,0.1201970601601191,-0.6224700956271234,-0.9274745739175644,-0.4408822121816843
20.0,198.0,1000.9229736328124,0.8244933528941931,0.1717593457825232,-2.376818192804607,-0.0231454770856696,0.5188578186747616,-0.571934593955575,0.1201970601601191,-0.6224700041808688,-0.9274745739175644,-0.4408822121816843
20.0,198.0,1000.9229736328124,0.8244933528940794,0.1717593457825232,-2.3768181931737407,-0.0231454770916392,0.5188578186747616,-0.571934593955575,0.1201970601601191,-0.6224700956271234,-0.9274745739175644,-0.4408822121816843
20.0,198.0,1000.9229736328124,0.8244933528940794,0.1717593457825232,-2.3768181931737407,-0.0231454770919642,0.5188578186747616,-0.571934593955575,0.1201970601601191,-0.6224732615296171,-0.9274745739175644,-0.4408822121816843
20.0,198.0,1000.9229736328124,0.8244933528941931,0.1717593457825232,-2.3768181713283187,-0.0231454770856696,0.5188578186747616,-0.571934593955575,0.1201970601601191,-0.6224702477722016,-0.9274745739175644,-0.4408822121816843
20.0,199.0,1000.9228515625,0.8244933528940794,0.1717593457825232,-2.3768181931737407,-0.0231454770857481,0.518855071084819,-0.571934593955575,0.1201970601601191,-0.6224752305254626,-0.9274745739175644,-0.4408825936849929
20.0,199.0,1000.9228515625,0.8244933528940794,0.1717593457825232,-2.3768181941580337,-0.0231454774603887,0.518855071084819,-0.571934593955575,0.1201970601601191,-0.6224752305254626,-0.9274745739175644,-0.4408825936849929
20.0,199.0,1000.9228515625,0.8244933528940794,0.1717593457825232,-2.3768181930330443,-0.0231454770857481,0.518855071084819,-0.571934593955575,0.1201970601601191,-0.6224752733749308,-0.9274745739175644,-0.4408825936849929
20.0,199.0,1000.9228515625,0.8244933528940739,0.1717593457825232,-2.3768181931737407,-0.0231454770857601,0.5188549783730564,-0.571934593955575,0.1201970601601191,-0.6224752053231137,-0.9274745739175644,-0.440882595271642
20.0,199.0,1000.9228515625,0.8244933528940794,0.1717593457825232,-2.376818191353992,-0.0231454774599909,0.5188550210242336,-0.571934593955575,0.1201970601601191,-0.6224750096081734,-0.9274745739175644,-0.4408825939440672
20.0,199.0,1000.9228515625,0.8244933528940794,0.1717593457825232,-2.3768181931737407,-0.0231454770857481,0.518855071084819,-0.571934593955575,0.1201970601601191,-0.6224752305254626,-0.9274745739175644,-0.4408825936849929
20.0,199.0,1000.9228515625,0.8244933528940794,0.1717593457825232,-2.3768181931737407,-0.0231454770857481,0.518855071084819,-0.571934593955575,0.1201970601601191,-0.6224752305254626,-0.9274745739175644,-0.4408825936849929
20.0,199.0,1000.9228515625,0.8244933528940794,0.1717593457825232,-2.3768181931737407,-0.0231454770857481,0.518855071084819,-0.571934593955575,0.1201970601601191,-0.6224752305254626,-0.9274745739175644,-0.4408825936849929
20.0,199.0,1000.9228515625,0.8244933528940794,0.1717593457825232,-2.3768181931737407,-0.0231454770967385,0.5188550651022683,-0.571934593955575,0.1201970601601191,-0.6224745911503293,-0.9274745739175644,-0.4408825936849929
20.0,199.0,1000.9228515625,0.8244933528940794,0.1717593457825232,-2.376818191353992,-0.0231454774645114,0.518855179095853,-0.571934593955575,0.1201970601601191,-0.6224750096081734,-0.9274745739175644,-0.4408825977298948
20.0,199.0,1000.9229125976562,0.8244933528940775,0.1717593457825232,-2.3768181931737407,-0.0231454773611321,0.5188578186747616,-0.571934593955575,0.1201970601601191,-0.6224754040763966,-0.9274745739175644,-0.4408822121816843
20.0,199.0,1000.9229125976562,0.8244933528940794,0.1717593457825232,-2.3768181931737407,-0.0231454770857481,0.5188578186747616,-0.571934593955575,0.1201970601601191,-0.622475272875598,-0.9274745739175644,-0.4408822121816843
20.0,199.0,1000.9229125976562,0.8244933528940775,0.1717593457825232,-2.3768181931737407,-0.0231454773611321,0.5188578186747616,-0.571934593955575,0.1201970601601191,-0.6224754040763966,-0.9274745739175644,-0.4408822121816843
20.0,199.0,1000.9229125976562,0.8244933528940775,0.1717593457825232,-2.3768181931737407,-0.0231454773611321,0.5188578186747616,-0.571934593955575,0.1201970601601191,-0.6224754040763966,-0.9274745739175644,-0.4408822121816843
20.0,199.0,1000.9229125976562,0.8244933528941739,0.1717593457825232,-2.3768181932612933,-0.0231454767424675,0.5188549283106668,-0.571934593955575,0.1201970601601191,-0.6224726431139358,-0.9274745739175644,-0.4408822063575652
20.0,199.0,1000.9229125976562,0.8244933528940794,0.1717593457825232,-2.3768181932585835,-0.0231454770966384,0.5188547158695263,-0.571934593955575,0.1201970601601191,-0.6224700956271234,-0.9274745739175644,-0.4408822121816843
20.0,199.0,1000.9229125976562,0.8244933528940794,0.1717593457825232,-2.376818193192792,-0.0231454770857462,0.5188578186747616,-0.571934593955575,0.1201970601601191,-0.622475272875598,-0.9274745739175644,-0.4408822121816843
20.0,199.0,1000.9229125976562,0.8244933528940775,0.1717593457825232,-2.3768181931737407,-0.0231454773611321,0.5188578186747616,-0.571934593955575,0.1201970601601191,-0.6224754040763966,-0.9274745739175644,-0.4408822121816843
20.0,199.0,1000.9229125976562,0.8244933528941867,0.1717593457825232,-2.3768181931737407,-0.0231454770845504,0.5188578186747616,-0.571934593955575,0.1201970601601191,-0.6224752093897404,-0.9274745739175644,-0.4408825905188354
20.0,199.0,1000.9229125976562,0.8244933528940794,0.1717593457825232,-2.3768181941580337,-0.0231454773342132,0.5188577682161024,-0.571934593955575,0.1201970601601191,-0.6224752305254626,-0.9274745739175644,-0.4408822088295683
20.0,199.0,1000.9229125976562,0.8244933528940794,0.1717593457825232,-2.3768181931737407,-0.0231454770857481,0.5188578186747616,-0.571934593955575,0.1201970601601191,-0.6224755802827764,-0.9274745739175644,-0.4408822121816843
20.0,199.0,1000.9229125976562,0.8244933528940794,0.1717593457825232,-2.376818193170956,-0.0231454770858262,0.518855071084819,-0.571934593955575,0.1201970601601191,-0.6224752305254626,-0.9274745739175644,-0.4408822380240244
20.0,199.0,1000.9229125976562,0.8244933528940794,0.1717593457825232,-2.3768181931737407,-0.0231454773695604,0.5188578186747616,-0.571934593955575,0.1201970601601191,-0.6224753808335054,-0.9274745739175644,-0.4408822121816843
20.0,199.0,1000.9229125976562,0.8244933528940794,0.1717593457825232,-2.3768181931737407,-0.0231454770857644,0.5188578186747616,-0.571934593955575,0.1201970601601191,-0.622475272875598,-0.9274745739175644,-0.4408822121816843
20.0,199.0,1000.9229125976562,0.8244933528940794,0.1717593457825232,-2.3768181932585835,-0.023145477085648,0.5188547218520769,-0.571934593955575,0.1201970601601191,-0.6224707350022567,-0.9274745739175644,-0.4408822121816843
20.0,199.0,1000.9229736328124,0.8244933528940794,0.1717593457825232,-2.3768181931737407,-0.0231454770857481,0.5188578186747616,-0.571934593955575,0.1201970601601191,-0.6224700956271234,-0.9274745739175644,-0.4408822121816843
20.0,199.0,1000.9229736328124,0.8244933528940794,0.1717593457825232,-2.3768181931737407,-0.0231454770857481,0.5188578186747616,-0.571934593955575,0.1201970601601191,-0.6224700956271234,-0.9274745739175644,-0.4408822121816843
20.0,199.0,1000.9229736328124,0.8244933528940794,0.1717593457825232,-2.3768181931737407,-0.0231454770919642,0.5188578186747616,-0.571934593955575,0.1201970601601191,-0.6224732615296171,-0.9274745739175644,-0.4408822121816843
20.0,199.0,1000.9229736328124,0.8244933528941928,0.1717593457825232,-2.3768181931737407,-0.0231454770855083,0.5188578186747616,-0.571934593955575,0.1201970601601191,-0.6224700956271234,-0.9274745739175644,-0.4408822121816843
20.0,199.0,1000.9229736328124,0.8244933528941928,0.1717593457825232,-2.3768181931737407,-0.0231454770855083,0.5188578186747616,-0.571934593955575,0.1201970601601191,-0.6224700956271234,-0.9274745739175644,-0.4408822121816843
20.0,199.0,1000.9229736328124,0.8244933528940794,0.1717593457825232,-2.3768181931737407,-0.0231454770857481,0.5188578186747616,-0.571934593955575,0.1201970601601191,-0.6224700956271234,-0.9274745739175644,-0.4408822121816843
20.0,199.0,1000.9229736328124,0.8244933528940794,0.1717593457825232,-2.376818171323496,-0.0231454770919642,0.5188578186747616,-0.571934593955575,0.1201970601601191,-0.6224732615296171,-0.9274745739175644,-0.4408822122412414
20.0,199.0,1000.9229736328124,0.8244933528940794,0.1717593457825232,-2.37681816395232,-0.0231454770857481,0.5188578186747616,-0.571934593955575,0.1201970601601191,-0.6224700956271234,-0.9274745739175644,-0.4408822121816843
20.0,199.0,1000.9229736328124,0.8244933528940794,0.1717593457825232,-2.3768181931737407,-0.0231454770919642,0.5188578186747616,-0.571934593955575,0.1201970601601191,-0.6224732615296171,-0.9274745739175644,-0.4408822121816843
20.0,199.0,1000.9229736328124,0.8244933528940794,0.1717593457825232,-2.3768181931737407,-0.0231454773419844,0.5188578186747616,-0.571934593955575,0.1201970601601191,-0.6224700956271234,-0.9274745739175644,-0.4408822121816843
20.0,199.0,1000.9229736328124,0.8244933528940794,0.1717593457825232,-2.3768181931737407,-0.0231454770857481,0.5188578186747616,-0.571934593955575,0.1201970601601191,-0.6224700956271234,-0.9274745739175644,-0.4408822121816843
20.0,199.0,1000.9229736328124,0.8244933528940794,0.1717593457825232,-2.3768181931737407,-0.0231454770845391,0.5188578186747616,-0.571934593955575,0.1201970601601191,-0.6224700956271234,-0.9274745739175644,-0.4408822121816843
20.0,199.0,1000.9229736328124,0.8244933528940794,0.1717593457825232,-2.3768181931737407,-0.0231454770857493,0.5188578186747616,-0.571934593955575,0.1201970601601191,-0.6224700956271234,-0.9274745739175644,-0.4408822121816843
20.0,199.0,1000.9229736328124,0.8244933528941928,0.1717593457825232,-2.3768181931737407,-0.0231454770855083,0.5188578186747616,-0.571934593955575,0.1201970601601191,-0.6224700956271234,-0.9274745739175644,-0.4408822121816843
20.0,199.0,1000.9229736328124,0.8244933528940794,0.1717593457825232,-2.376818171323496,-0.0231454770854694,0.5188578186747616,-0.571934593955575,0.1201970601601191,-0.6224732615296171,-0.9274745739175644,-0.4408822121809606
20.0,199.0,1000.9229736328124,0.8244933528940794,0.1717593457825232,-2.376818171323496,-0.0231454770919642,0.5188578186747616,-0.571934593955575,0.1201970601601191,-0.6224732615296171,-0.9274745739175644,-0.4408822122412414
20.0,199.0,1000.9229736328124,0.8244933528940794,0.1717593457825232,-2.3768181640869543,-0.0231454770857481,0.5188578186747616,-0.571934593955575,0.1201970601601191,-0.6224700956271234,-0.9274745739175644,-0.4408822121816843
20.0,199.0,1000.9229736328124,0.8244933528941928,0.1717593457825232,-2.3768181931737407,-0.0231454770855071,0.5188578186747616,-0.571934593955575,0.1201970601601191,-0.6224700956271234,-0.9274745739175644,-0.4408822121816843
20.0,199.0,1000.9229736328124,0.8244933528940794,0.1717593457825232,-2.3768181931737407,-0.023145477340475,0.5188578186747616,-0.571934593955575,0.1201970601601191,-0.6224732615296171,-0.9274745739175644,-0.4408822121816843
20.0,199.0,1000.9229736328124,0.8244933528940794,0.1717593457825232,-2.3768181931737407,-0.0231454770857645,0.5188578186747616,-0.571934593955575,0.1201970601601191,-0.6224700956271234,-0.9274745739175644,-0.4408822121816843
20.0,199.0,1000.9229736328124,0.8244933528940794,0.1717593457825232,-2.376818193756924,-0.0231454770857577,0.5188578186747616,-0.571934593955575,0.1201970601601191,-0.6224700956271234,-0.9274745739175644,-0.4408822121816843
20.0,199.0,1000.9229736328124,0.824493352894079,0.1717593457825232,-2.3768181931689174,-0.0231454770918017,0.5188578186747616,-0.571934593955575,0.1201970601601191,-0.6224733529758717,-0.9274745739175644,-0.4408822122412414
20.0,199.0,1000.9229736328124,0.8244933528940794,0.1717593457825232,-2.3768181944864137,-0.0231454770915887,0.5188578186747616,-0.571934593955575,0.1201970601601191,-0.6224700956271234,-0.9274745739175644,-0.4408822121816843
20.0,199.0,1000.9229736328124,0.8244933528941739,0.1717593457825232,-2.376818193261557,-0.0231454767222202,0.5188578186747616,-0.571934593955575,0.1201970601601191,-0.6224727255125441,-0.9274745739175644,-0.4408822063575652
20.0,199.0,1000.9229736328124,0.8244933528940794,0.1717593457825232,-2.3768181931737407,-0.0231454770934736,0.5188578186747616,-0.571934593955575,0.1201970601601191,-0.6224700956271234,-0.9274745739175644,-0.4408822121816843
20.0,200.0,1000.9228515625,0.8244933528940794,0.1717593457825232,-2.3768181931737407,-0.0231454770857481,0.518855071084819,-0.571934593955575,0.1201970601601191,-0.6224752305254626,-0.9274745739175644,-0.4408825936849929
20.0,200.0,1000.9228515625,0.8244933528940794,0.1717593457825232,-2.3768181941580337,-0.0231454774603887,0.518855071084819,-0.571934593955575,0.1201970601601191,-0.6224752305254626,-0.9274745739175644,-0.4408825936849929
20.0,200.0,1000.9228515625,0.8244933528940794,0.1717593457825232,-2.3768181930330443,-0.0231454770857481,0.518855071084819,-0.571934593955575,0.1201970601601191,-0.6224752733749308,-0.9274745739175644,-0.4408825936849929
20.0,200.0,1000.9228515625,0.8244933528940739,0.1717593457825232,-2.3768181931737407,-0.0231454770857601,0.5188549783730564,-0.571934593955575,0.1201970601601191,-0.6224752053231137,-0.9274745739175644,-0.440882595271642
20.0,200.0,1000.9228515625,0.8244933528940794,0.1717593457825232,-2.376818191353992,-0.0231454774599909,0.5188550210242336,-0.571934593955575,0.1201970601601191,-0.6224750096081734,-0.9274745739175644,-0.4408825939440672
20.0,200.0,1000.9228515625,0.8244933528940794,0.1717593457825232,-2.3768181931737407,-0.0231454770857481,0.518855071084819,-0.571934593955575,0.1201970601601191,-0.6224752305254626,-0.9274745739175644,-0.4408825936849929
20.0,200.0,1000.9228515625,0.8244933528940794,0.1717593457825232,-2.3768181931737407,-0.0231454770857481,0.518855071084819,-0.571934593955575,0.1201970601601191,-0.6224752305254626,-0.9274745739175644,-0.4408825936849929
20.0,200.0,1000.9228515625,0.8244933528940794,0.1717593457825232,-2.3768181931737407,-0.0231454770857481,0.518855071084819,-0.571934593955575,0.1201970601601191,-0.6224752305254626,-0.9274745739175644,-0.4408825936849929
20.0,200.0,1000.9228515625,0.8244933528940794,0.1717593457825232,-2.3768181931737407,-0.0231454770967385,0.5188550651022683,-0.571934593955575,0.1201970601601191,-0.6224745911503293,-0.9274745739175644,-0.4408825936849929
20.0,200.0,1000.9228515625,0.8244933528940794,0.1717593457825232,-2.376818191353992,-0.0231454774645114,0.518855179095853,-0.571934593955575,0.1201970601601191,-0.6224750096081734,-0.9274745739175644,-0.4408825977298948
20.0,200.0,1000.9228515625,0.8244933528940794,0.1717593457825232,-2.3768181931737407,-0.0231454770949002,0.518855071084819,-0.571934593955575,0.1201970601601191,-0.6224752305254626,-0.9274745739175644,-0.4408825936849929
20.0,200.0,1000.9228515625,0.8244933528940769,0.1717593457825232,-2.3768181931737407,-0.0231454770855083,0.5188548722225405,-0.571934593955575,0.1201970601601191,-0.6224752948063276,-0.9274745739175644,-0.4408825952815947
20.0,200.0,1000.9228515625,0.8244933528940794,0.1717593457825232,-2.3768181931737407,-0.02314547708576,0.5188549956056944,-0.571934593955575,0.1201970601601191,-0.6224752737358081,-0.9274745739175644,-0.4408825970749195
20.0,200.0,1000.9228515625,0.8244933528940794,0.1717593457825232,-2.3768181913912985,-0.0231454770857481,0.518855071084819,-0.571934593955575,0.1201970601601191,-0.6224752305254626,-0.9274745739175644,-0.4408825976836819
20.0,200.0,1000.9228515625,0.8244933528940739,0.1717593457825232,-2.3768181931737407,-0.0231454770857601,0.5188549390173107,-0.571934593955575,0.1201970601601191,-0.6224745491760093,-0.9274745739175644,-0.440882595271642
20.0,200.0,1000.9228515625,0.8244933528940794,0.1717593457825232,-2.3768181931737407,-0.0231454770857481,0.5188550631229458,-0.571934593955575,0.1201970601601191,-0.6224752305254626,-0.9274745739175644,-0.4408825936849929
20.0,200.0,1000.9228515625,0.8244933528940794,0.1717593457825232,-2.376818192963925,-0.0231454770811601,0.518855071084819,-0.571934593955575,0.1201970601601191,-0.6224752733749308,-0.9274745739175644,-0.4408825936849929
20.0,200.0,1000.9228515625,0.8244933528940794,0.1717593457825232,-2.3768181931737407,-0.0231454770857481,0.518855071084819,-0.571934593955575,0.1201970601601191,-0.6224753292271257,-0.9274745739175644,-0.4408825936849929
20.0,200.0,1000.9229125976562,0.8244933528940775,0.1717593457825232,-2.3768181931737407,-0.0231454773611321,0.5188578186747616,-0.571934593955575,0.1201970601601191,-0.6224754040763966,-0.9274745739175644,-0.4408822121816843
20.0,200.0,1000.9229125976562,0.8244933528940794,0.1717593457825232,-2.3768181931737407,-0.0231454770857481,0.5188578186747616,-0.571934593955575,0.1201970601601191,-0.622475272875598,-0.9274745739175644,-0.4408822121816843
20.0,200.0,1000.9229125976562,0.8244933528940775,0.1717593457825232,-2.3768181931737407,-0.0231454773611321,0.5188578186747616,-0.571934593955575,0.1201970601601191,-0.6224754040763966,-0.9274745739175644,-0.4408822121816843
20.0,200.0,1000.9229125976562,0.8244933528940775,0.1717593457825232,-2.3768181931737407,-0.0231454773611321,0.5188578186747616,-0.571934593955575,0.1201970601601191,-0.6224754040763966,-0.9274745739175644,-0.4408822121816843
20.0,200.0,1000.9229125976562,0.8244933528941739,0.1717593457825232,-2.3768181932612933,-0.0231454767424675,0.5188549283106668,-0.571934593955575,0.1201970601601191,-0.6224726431139358,-0.9274745739175644,-0.4408822063575652
20.0,200.0,1000.9229125976562,0.8244933528940794,0.1717593457825232,-2.3768181932585835,-0.0231454770966384,0.5188547158695263,-0.571934593955575,0.1201970601601191,-0.6224700956271234,-0.9274745739175644,-0.4408822121816843
20.0,200.0,1000.9229125976562,0.8244933528940794,0.1717593457825232,-2.376818193192792,-0.0231454770857462,0.5188578186747616,-0.571934593955575,0.1201970601601191,-0.622475272875598,-0.9274745739175644,-0.4408822121816843
20.0,200.0,1000.9229125976562,0.8244933528940775,0.1717593457825232,-2.3768181931737407,-0.0231454773611321,0.5188578186747616,-0.571934593955575,0.1201970601601191,-0.6224754040763966,-0.9274745739175644,-0.4408822121816843
20.0,200.0,1000.9229125976562,0.8244933528941867,0.1717593457825232,-2.3768181931737407,-0.0231454770845504,0.5188578186747616,-0.571934593955575,0.1201970601601191,-0.6224752093897404,-0.9274745739175644,-0.4408825905188354
20.0,200.0,1000.9229125976562,0.8244933528940794,0.1717593457825232,-2.3768181941580337,-0.0231454773342132,0.5188577682161024,-0.571934593955575,0.1201970601601191,-0.6224752305254626,-0.9274745739175644,-0.4408822088295683
20.0,200.0,1000.9229125976562,0.8244933528940794,0.1717593457825232,-2.3768181931737407,-0.0231454770857481,0.5188578186747616,-0.571934593955575,0.1201970601601191,-0.6224755802827764,-0.9274745739175644,-0.4408822121816843
20.0,200.0,1000.9229125976562,0.8244933528940794,0.1717593457825232,-2.376818193170956,-0.0231454770858262,0.518855071084819,-0.571934593955575,0.1201970601601191,-0.6224752305254626,-0.9274745739175644,-0.4408822380240244
20.0,200.0,1000.9229125976562,0.8244933528940794,0.1717593457825232,-2.3768181931737407,-0.0231454773695604,0.5188578186747616,-0.571934593955575,0.1201970601601191,-0.6224753808335054,-0.9274745739175644,-0.4408822121816843
20.0,200.0,1000.9229125976562,0.8244933528940794,0.1717593457825232,-2.3768181931737407,-0.0231454770857644,0.5188578186747616,-0.571934593955575,0.1201970601601191,-0.622475272875598,-0.9274745739175644,-0.4408822121816843
20.0,200.0,1000.9229125976562,0.8244933528940794,0.1717593457825232,-2.3768181932585835,-0.023145477085648,0.5188547218520769,-0.571934593955575,0.1201970601601191,-0.6224707350022567,-0.9274745739175644,-0.4408822121816843
20.0,200.0,1000.9229125976562,0.8244933528940775,0.1717593457825232,-2.3768181931737407,-0.0231454773611321,0.5188578186747616,-0.571934593955575,0.1201970601601191,-0.6224754040763966,-0.9274745739175644,-0.4408822121816843
20.0,200.0,1000.9229125976562,0.8244933528940794,0.1717593457825232,-2.3768181931737407,-0.0231454770857644,0.5188578186747616,-0.571934593955575,0.1201970601601191,-0.6224752683081383,-0.9274745739175644,-0.4408825781389662
20.0,200.0,1000.9229125976562,0.8244933528940794,0.1717593457825232,-2.3768181941580337,-0.02314547733811,0.5188577682161024,-0.571934593955575,0.1201970601601191,-0.6224752305254626,-0.9274745739175644,-0.4408822123179858
20.0,200.0,1000.9229125976562,0.8244933528940775,0.1717593457825232,-2.3768181931737407,-0.0231454773611321,0.5188578186747616,-0.571934593955575,0.1201970601601191,-0.6224754040763966,-0.9274745739175644,-0.4408822121816843
20.0,200.0,1000.9229125976562,0.8244933528940794,0.1717593457825232,-2.3768181932585835,-0.0231454770856481,0.5188547218520769,-0.571934593955575,0.1201970601601191,-0.6224704451071866,-0.9274745739175644,-0.4408822470843184
20.0,200.0,1000.9229736328124,0.8244933528940794,0.1717593457825232,-2.3768181931737407,-0.0231454770857481,0.5188578186747616,-0.571934593955575,0.1201970601601191,-0.6224700956271234,-0.9274745739175644,-0.4408822121816843
20.0,200.0,1000.9229736328124,0.8244933528940794,0.1717593457825232,-2.3768181931737407,-0.0231454770857481,0.5188578186747616,-0.571934593955575,0.1201970601601191,-0.6224700956271234,-0.9274745739175644,-0.4408822121816843
20.0,200.0,1000.9229736328124,0.8244933528940794,0.1717593457825232,-2.3768181931737407,-0.0231454770919642,0.5188578186747616,-0.571934593955575,0.1201970601601191,-0.6224732615296171,-0.9274745739175644,-0.4408822121816843
20.0,200.0,1000.9229736328124,0.8244933528941928,0.1717593457825232,-2.3768181931737407,-0.0231454770855083,0.5188578186747616,-0.571934593955575,0.1201970601601191,-0.6224700956271234,-0.9274745739175644,-0.4408822121816843
20.0,200.0,1000.9229736328124,0.8244933528941928,0.1717593457825232,-2.3768181931737407,-0.0231454770855083,0.5188578186747616,-0.571934593955575,0.1201970601601191,-0.6224700956271234,-0.9274745739175644,-0.4408822121816843
20.0,200.0,1000.9229736328124,0.8244933528940794,0.1717593457825232,-2.3768181931737407,-0.0231454770857481,0.5188578186747616,-0.571934593955575,0.1201970601601191,-0.6224700956271234,-0.9274745739175644,-0.4408822121816843
20.0,200.0,1000.9229736328124,0.8244933528940794,0.1717593457825232,-2.376818171323496,-0.0231454770919642,0.5188578186747616,-0.571934593955575,0.1201970601601191,-0.6224732615296171,-0.9274745739175644,-0.4408822122412414
20.0,200.0,1000.9229736328124,0.8244933528940794,0.1717593457825232,-2.37681816395232,-0.0231454770857481,0.5188578186747616,-0.571934593955575,0.1201970601601191,-0.6224700956271234,-0.9274745739175644,-0.4408822121816843
20.0,200.0,1000.9229736328124,0.8244933528940794,0.1717593457825232,-2.3768181931737407,-0.0231454770919642,0.5188578186747616,-0.571934593955575,0.1201970601601191,-0.6224732615296171,-0.9274745739175644,-0.4408822121816843
20.0,200.0,1000.9229736328124,0.8244933528940794,0.1717593457825232,-2.3768181931737407,-0.0231454773419844,0.5188578186747616,-0.571934593955575,0.1201970601601191,-0.6224700956271234,-0.9274745739175644,-0.4408822121816843
20.0,200.0,1000.9229736328124,0.8244933528940794,0.1717593457825232,-2.3768181931737407,-0.0231454770857481,0.5188578186747616,-0.571934593955575,0.1201970601601191,-0.6224700956271234,-0.9274745739175644,-0.4408822121816843
20.0,200.0,1000.9229736328124,0.8244933528940794,0.1717593457825232,-2.3768181931737407,-0.0231454770845391,0.5188578186747616,-0.571934593955575,0.1201970601601191,-0.6224700956271234,-0.9274745739175644,-0.4408822121816843
20.0,201.0,1000.9228515625,0.8244933528940794,0.1717593457825232,-2.3768181931737407,-0.0231454770857481,0.518855071084819,-0.571934593955575,0.1201970601601191,-0.6224752305254626,-0.9274745739175644,-0.4408825936849929
20.0,201.0,1000.9228515625,0.8244933528940794,0.1717593457825232,-2.3768181941580337,-0.0231454774603887,0.518855071084819,-0.571934593955575,0.1201970601601191,-0.6224752305254626,-0.9274745739175644,-0.4408825936849929
20.0,201.0,1000.9228515625,0.8244933528940794,0.1717593457825232,-2.3768181930330443,-0.0231454770857481,0.518855071084819,-0.571934593955575,0.1201970601601191,-0.6224752733749308,-0.9274745739175644,-0.4408825936849929
20.0,201.0,1000.9228515625,0.8244933528940739,0.1717593457825232,-2.3768181931737407,-0.0231454770857601,0.5188549783730564,-0.571934593955575,0.1201970601601191,-0.6224752053231137,-0.9274745739175644,-0.440882595271642
20.0,201.0,1000.9228515625,0.8244933528940794,0.1717593457825232,-2.376818191353992,-0.0231454774599909,0.5188550210242336,-0.571934593955575,0.1201970601601191,-0.6224750096081734,-0.9274745739175644,-0.4408825939440672
20.0,201.0,1000.9228515625,0.8244933528940794,0.1717593457825232,-2.3768181931737407,-0.0231454770857481,0.518855071084819,-0.571934593955575,0.1201970601601191,-0.6224752305254626,-0.9274745739175644,-0.4408825936849929
20.0,201.0,1000.9228515625,0.8244933528940794,0.1717593457825232,-2.3768181931737407,-0.0231454770857481,0.518855071084819,-0.571934593955575,0.1201970601601191,-0.6224752305254626,-0.9274745739175644,-0.4408825936849929
20.0,201.0,1000.9228515625,0.8244933528940794,0.1717593457825232,-2.3768181931737407,-0.0231454770857481,0.518855071084819,-0.571934593955575,0.1201970601601191,-0.6224752305254626,-0.9274745739175644,-0.4408825936849929
20.0,201.0,1000.9228515625,0.8244933528940794,0.1717593457825232,-2.3768181931737407,-0.0231454770967385,0.5188550651022683,-0.571934593955575,0.1201970601601191,-0.6224745911503293,-0.9274745739175644,-0.4408825936849929
20.0,201.0,1000.9228515625,0.8244933528940794,0.1717593457825232,-2.376818191353992,-0.0231454774645114,0.518855179095853,-0.571934593955575,0.1201970601601191,-0.6224750096081734,-0.9274745739175644,-0.4408825977298948
20.0,201.0,1000.9228515625,0.8244933528940794,0.1717593457825232,-2.3768181931737407,-0.0231454770949002,0.518855071084819,-0.571934593955575,0.1201970601601191,-0.6224752305254626,-0.9274745739175644,-0.4408825936849929
20.0,201.0,1000.9228515625,0.8244933528940769,0.1717593457825232,-2.3768181931737407,-0.0231454770855083,0.5188548722225405,-0.571934593955575,0.1201970601601191,-0.6224752948063276,-0.9274745739175644,-0.4408825952815947
20.0,201.0,1000.9228515625,0.8244933528940794,0.1717593457825232,-2.3768181931737407,-0.02314547708576,0.5188549956056944,-0.571934593955575,0.1201970601601191,-0.6224752737358081,-0.9274745739175644,-0.4408825970749195
20.0,201.0,1000.9228515625,0.8244933528940794,0.1717593457825232,-2.3768181913912985,-0.0231454770857481,0.518855071084819,-0.571934593955575,0.1201970601601191,-0.6224752305254626,-0.9274745739175644,-0.4408825976836819
20.0,201.0,1000.9228515625,0.8244933528940739,0.1717593457825232,-2.3768181931737407,-0.0231454770857601,0.5188549390173107,-0.571934593955575,0.1201970601601191,-0.6224745491760093,-0.9274745739175644,-0.440882595271642
20.0,201.0,1000.9228515625,0.8244933528940794,0.1717593457825232,-2.3768181931737407,-0.0231454770857481,0.5188550631229458,-0.571934593955575,0.1201970601601191,-0.6224752305254626,-0.9274745739175644,-0.4408825936849929
20.0,201.0,1000.9228515625,0.8244933528940794,0.1717593457825232,-2.376818192963925,-0.0231454770811601,0.518855071084819,-0.571934593955575,0.1201970601601191,-0.6224752733749308,-0.9274745739175644,-0.4408825936849929
20.0,201.0,1000.9228515625,0.8244933528940794,0.1717593457825232,-2.3768181931737407,-0.0231454770857481,0.518855071084819,-0.571934593955575,0.1201970601601191,-0.6224753292271257,-0.9274745739175644,-0.4408825936849929
20.0,201.0,1000.9228515625,0.8244933528940794,0.1717593457825232,-2.3768181931737407,-0.023145477085272,0.5188550686486088,-0.571934593955575,0.1201970601601191,-0.6224752311841399,-0.9274745739175644,-0.4408825970749195
20.0,201.0,1000.9228515625,0.8244933528940794,0.1717593457825232,-2.3768181931737407,-0.023145477085622,0.5188550651022683,-0.571934593955575,0.1201970601601191,-0.6224745911503293,-0.9274745739175644,-0.4408825936849929
20.0,201.0,1000.9228515625,0.8244933528940769,0.1717593457825232,-2.3768181931737407,-0.0231454770857547,0.5188548722225405,-0.571934593955575,0.1201970601601191,-0.6224752898194671,-0.9274745739175644,-0.4408825952819633
20.0,201.0,1000.9228515625,0.8244933528941869,0.1717593457825232,-2.3768181931737407,-0.0231454770845309,0.5188549390173107,-0.571934593955575,0.1201970601601191,-0.6224745491760093,-0.9274745739175644,-0.440882595271642
20.0,201.0,1000.9228515625,0.8244933528940794,0.1717593457825232,-2.3768181931737407,-0.0231454770857391,0.518855071084819,-0.571934593955575,0.1201970601601191,-0.6224753292271257,-0.9274745739175644,-0.440882595319649
20.0,201.0,1000.9228515625,0.8244933528940794,0.1717593457825232,-2.3768181930330443,-0.0231454770857481,0.518855071084819,-0.571934593955575,0.1201970601601191,-0.6224752733749308,-0.9274745739175644,-0.4408825936849929
20.0,201.0,1000.9228515625,0.8244933528940794,0.1717593457825232,-2.376818193061033,-0.0231454770857481,0.518855071084819,-0.571934593955575,0.1201970601601191,-0.6224754177054583,-0.9274745739175644,-0.4408825976836819
20.0,201.0,1000.9228515625,0.8244933528940739,0.1717593457825232,-2.3768181931737407,-0.0231454770857601,0.5188549390173107,-0.571934593955575,0.1201970601601191,-0.6224755737725376,-0.9274745739175644,-0.440882595271642
20.0,201.0,1000.9228515625,0.8244933528940794,0.1717593457825232,-2.3768181913912985,-0.0231454770968646,0.518855071084819,-0.571934593955575,0.1201970601601191,-0.6224752305254626,-0.9274745739175644,-0.4408825976836819
20.0,201.0,1000.9228515625,0.8244933528940739,0.1717593457825232,-2.3768181931737407,-0.0231454770855136,0.5188549783730564,-0.571934593955575,0.1201970601601191,-0.6224752103099741,-0.9274745739175644,-0.4408825952712734
20.0,201.0,1000.9228515625,0.8244933528940794,0.1717593457825232,-2.3768181931737407,-0.0231454770857481,0.518855071084819,-0.571934593955575,0.1201970601601191,-0.6224752305254626,-0.9274745739175644,-0.4408825936849929
20.0,201.0,1000.9228515625,0.8244933528940739,0.1717593457825232,-2.3768181931737407,-0.023145477085748,0.5188549783730564,-0.571934593955575,0.1201970601601191,-0.6224752063261246,-0.9274745739175644,-0.4408822358767253
20.0,201.0,1000.9229125976562,0.8244933528940775,0.1717593457825232,-2.3768181931737407,-0.0231454773611321,0.5188578186747616,-0.571934593955575,0.1201970601601191,-0.6224754040763966,-0.9274745739175644,-0.4408822121816843
20.0,201.0,1000.9229125976562,0.8244933528940794,0.1717593457825232,-2.3768181931737407,-0.0231454770857481,0.5188578186747616,-0.571934593955575,0.1201970601601191,-0.622475272875598,-0.9274745739175644,-0.4408822121816843
20.0,201.0,1000.9229125976562,0.8244933528940775,0.1717593457825232,-2.3768181931737407,-0.0231454773611321,0.5188578186747616,-0.571934593955575,0.1201970601601191,-0.6224754040763966,-0.9274745739175644,-0.4408822121816843
20.0,201.0,1000.9229125976562,0.8244933528940775,0.1717593457825232,-2.3768181931737407,-0.0231454773611321,0.5188578186747616,-0.571934593955575,0.1201970601601191,-0.6224754040763966,-0.9274745739175644,-0.4408822121816843
20.0,201.0,1000.9229125976562,0.8244933528941739,0.1717593457825232,-2.3768181932612933,-0.0231454767424675,0.5188549283106668,-0.571934593955575,0.1201970601601191,-0.6224726431139358,-0.9274745739175644,-0.4408822063575652
20.0,201.0,1000.9229125976562,0.8244933528940794,0.1717593457825232,-2.3768181932585835,-0.0231454770966384,0.5188547158695263,-0.571934593955575,0.1201970601601191,-0.6224700956271234,-0.9274745739175644,-0.4408822121816843
20.0,201.0,1000.9229125976562,0.8244933528940794,0.1717593457825232,-2.376818193192792,-0.0231454770857462,0.5188578186747616,-0.571934593955575,0.1201970601601191,-0.622475272875598,-0.9274745739175644,-0.4408822121816843
20.0,201.0,1000.9229125976562,0.8244933528940775,0.1717593457825232,-2.3768181931737407,-0.0231454773611321,0.5188578186747616,-0.571934593955575,0.1201970601601191,-0.6224754040763966,-0.9274745739175644,-0.4408822121816843
20.0,201.0,1000.9229125976562,0.8244933528941867,0.1717593457825232,-2.3768181931737407,-0.0231454770845504,0.5188578186747616,-0.571934593955575,0.1201970601601191,-0.6224752093897404,-0.9274745739175644,-0.4408825905188354
20.0,201.0,1000.9229125976562,0.8244933528940794,0.1717593457825232,-2.3768181941580337,-0.0231454773342132,0.5188577682161024,-0.571934593955575,0.1201970601601191,-0.6224752305254626,-0.9274745739175644,-0.4408822088295683
20.0,201.0,1000.9229125976562,0.8244933528940794,0.1717593457825232,-2.3768181931737407,-0.0231454770857481,0.5188578186747616,-0.571934593955575,0.1201970601601191,-0.6224755802827764,-0.9274745739175644,-0.4408822121816843
20.0,201.0,1000.9229125976562,0.8244933528940794,0.1717593457825232,-2.376818193170956,-0.0231454770858262,0.518855071084819,-0.571934593955575,0.1201970601601191,-0.6224752305254626,-0.9274745739175644,-0.4408822380240244
20.0,201.0,1000.9229125976562,0.8244933528940794,0.1717593457825232,-2.3768181931737407,-0.0231454773695604,0.5188578186747616,-0.571934593955575,0.1201970601601191,-0.6224753808335054,-0.9274745739175644,-0.4408822121816843
20.0,201.0,1000.9229125976562,0.8244933528940794,0.1717593457825232,-2.3768181931737407,-0.0231454770857644,0.5188578186747616,-0.571934593955575,0.1201970601601191,-0.622475272875598,-0.9274745739175644,-0.4408822121816843
20.0,201.0,1000.9229125976562,0.8244933528940794,0.1717593457825232,-2.3768181932585835,-0.023145477085648,0.5188547218520769,-0.571934593955575,0.1201970601601191,-0.6224707350022567,-0.9274745739175644,-0.4408822121816843
20.0,201.0,1000.9229125976562,0.8244933528940775,0.1717593457825232,-2.3768181931737407,-0.0231454773611321,0.5188578186747616,-0.571934593955575,0.1201970601601191,-0.6224754040763966,-0.9274745739175644,-0.4408822121816843
20.0,201.0,1000.9229125976562,0.8244933528940794,0.1717593457825232,-2.3768181931737407,-0.0231454770857644,0.5188578186747616,-0.571934593955575,0.1201970601601191,-0.6224752683081383,-0.9274745739175644,-0.4408825781389662
20.0,201.0,1000.9229125976562,0.8244933528940794,0.1717593457825232,-2.3768181941580337,-0.02314547733811,0.5188577682161024,-0.571934593955575,0.1201970601601191,-0.6224752305254626,-0.9274745739175644,-0.4408822123179858
20.0,201.0,1000.9229125976562,0.8244933528940775,0.1717593457825232,-2.3768181931737407,-0.0231454773611321,0.5188578186747616,-0.571934593955575,0.1201970601601191,-0.6224754040763966,-0.9274745739175644,-0.4408822121816843
20.0,201.0,1000.9229125976562,0.8244933528940794,0.1717593457825232,-2.3768181932585835,-0.0231454770856481,0.5188547218520769,-0.571934593955575,0.1201970601601191,-0.6224704451071866,-0.9274745739175644,-0.4408822470843184
20.0,202.0,1000.9228515625,0.8244933528940794,0.1717593457825232,-2.3768181931737407,-0.0231454770857481,0.518855071084819,-0.571934593955575,0.1201970601601191,-0.6224752305254626,-0.9274745739175644,-0.4408825936849929
20.0,202.0,1000.9228515625,0.8244933528940794,0.1717593457825232,-2.3768181941580337,-0.0231454774603887,0.518855071084819,-0.571934593955575,0.1201970601601191,-0.6224752305254626,-0.9274745739175644,-0.4408825936849929
20.0,202.0,1000.9228515625,0.8244933528940794,0.1717593457825232,-2.3768181930330443,-0.0231454770857481,0.518855071084819,-0.571934593955575,0.1201970601601191,-0.6224752733749308,-0.9274745739175644,-0.4408825936849929
20.0,202.0,1000.9228515625,0.8244933528940739,0.1717593457825232,-2.3768181931737407,-0.0231454770857601,0.5188549783730564,-0.571934593955575,0.1201970601601191,-0.6224752053231137,-0.9274745739175644,-0.440882595271642
20.0,202.0,1000.9228515625,0.8244933528940794,0.1717593457825232,-2.376818191353992,-0.0231454774599909,0.5188550210242336,-0.571934593955575,0.1201970601601191,-0.6224750096081734,-0.9274745739175644,-0.4408825939440672
20.0,202.0,1000.9228515625,0.8244933528940794,0.1717593457825232,-2.3768181931737407,-0.0231454770857481,0.518855071084819,-0.571934593955575,0.1201970601601191,-0.6224752305254626,-0.9274745739175644,-0.4408825936849929
20.0,202.0,1000.9228515625,0.8244933528940794,0.1717593457825232,-2.3768181931737407,-0.0231454770857481,0.518855071084819,-0.571934593955575,0.1201970601601191,-0.6224752305254626,-0.9274745739175644,-0.4408825936849929
20.0,202.0,1000.9228515625,0.8244933528940794,0.1717593457825232,-2.3768181931737407,-0.0231454770857481,0.518855071084819,-0.571934593955575,0.1201970601601191,-0.6224752305254626,-0.9274745739175644,-0.4408825936849929
20.0,202.0,1000.9228515625,0.8244933528940794,0.1717593457825232,-2.3768181931737407,-0.0231454770967385,0.5188550651022683,-0.571934593955575,0.1201970601601191,-0.6224745911503293,-0.9274745739175644,-0.4408825936849929
20.0,202.0,1000.9228515625,0.8244933528940794,0.1717593457825232,-2.376818191353992,-0.0231454774645114,0.518855179095853,-0.571934593955575,0.1201970601601191,-0.6224750096081734,-0.9274745739175644,-0.4408825977298948
20.0,202.0,1000.9228515625,0.8244933528940794,0.1717593457825232,-2.3768181931737407,-0.0231454770949002,0.518855071084819,-0.571934593955575,0.1201970601601191,-0.6224752305254626,-0.9274745739175644,-0.4408825936849929
20.0,202.0,1000.9228515625,0.8244933528940769,0.1717593457825232,-2.3768181931737407,-0.0231454770855083,0.5188548722225405,-0.571934593955575,0.1201970601601191,-0.6224752948063276,-0.9274745739175644,-0.4408825952815947
20.0,202.0,1000.9228515625,0.8244933528940794,0.1717593457825232,-2.3768181931737407,-0.02314547708576,0.5188549956056944,-0.571934593955575,0.1201970601601191,-0.6224752737358081,-0.9274745739175644,-0.4408825970749195
20.0,202.0,1000.9228515625,0.8244933528940794,0.1717593457825232,-2.3768181913912985,-0.0231454770857481,0.518855071084819,-0.571934593955575,0.1201970601601191,-0.6224752305254626,-0.9274745739175644,-0.4408825976836819
20.0,202.0,1000.9228515625,0.8244933528940739,0.1717593457825232,-2.3768181931737407,-0.0231454770857601,0.5188549390173107,-0.571934593955575,0.1201970601601191,-0.6224745491760093,-0.9274745739175644,-0.440882595271642
20.0,202.0,1000.9228515625,0.8244933528940794,0.1717593457825232,-2.3768181931737407,-0.0231454770857481,0.5188550631229458,-0.571934593955575,0.1201970601601191,-0.6224752305254626,-0.9274745739175644,-0.4408825936849929
20.0,202.0,1000.9228515625,0.8244933528940794,0.1717593457825232,-2.376818192963925,-0.0231454770811601,0.518855071084819,-0.571934593955575,0.1201970601601191,-0.6224752733749308,-0.9274745739175644,-0.4408825936849929
20.0,202.0,1000.9228515625,0.8244933528940794,0.1717593457825232,-2.3768181931737407,-0.0231454770857481,0.518855071084819,-0.571934593955575,0.1201970601601191,-0.6224753292271257,-0.9274745739175644,-0.4408825936849929
20.0,202.0,1000.9228515625,0.8244933528940794,0.1717593457825232,-2.3768181931737407,-0.023145477085272,0.5188550686486088,-0.571934593955575,0.1201970601601191,-0.6224752311841399,-0.9274745739175644,-0.4408825970749195
20.0,202.0,1000.9228515625,0.8244933528940794,0.1717593457825232,-2.3768181931737407,-0.023145477085622,0.5188550651022683,-0.571934593955575,0.1201970601601191,-0.6224745911503293,-0.9274745739175644,-0.4408825936849929
20.0,202.0,1000.9228515625,0.8244933528940769,0.1717593457825232,-2.3768181931737407,-0.0231454770857547,0.5188548722225405,-0.571934593955575,0.1201970601601191,-0.6224752898194671,-0.9274745739175644,-0.4408825952819633
20.0,202.0,1000.9228515625,0.8244933528941869,0.1717593457825232,-2.3768181931737407,-0.0231454770845309,0.5188549390173107,-0.571934593955575,0.1201970601601191,-0.6224745491760093,-0.9274745739175644,-0.440882595271642
20.0,202.0,1000.9228515625,0.8244933528940794,0.1717593457825232,-2.3768181931737407,-0.0231454770857391,0.518855071084819,-0.571934593955575,0.1201970601601191,-0.6224753292271257,-0.9274745739175644,-0.440882595319649
20.0,202.0,1000.9228515625,0.8244933528940794,0.1717593457825232,-2.3768181930330443,-0.0231454770857481,0.518855071084819,-0.571934593955575,0.1201970601601191,-0.6224752733749308,-0.9274745739175644,-0.4408825936849929
20.0,202.0,1000.9228515625,0.8244933528940794,0.1717593457825232,-2.376818193061033,-0.0231454770857481,0.518855071084819,-0.571934593955575,0.1201970601601191,-0.6224754177054583,-0.9274745739175644,-0.4408825976836819
20.0,202.0,1000.9228515625,0.8244933528940739,0.1717593457825232,-2.3768181931737407,-0.0231454770857601,0.5188549390173107,-0.571934593955575,0.1201970601601191,-0.6224755737725376,-0.9274745739175644,-0.440882595271642
20.0,202.0,1000.9228515625,0.8244933528940794,0.1717593457825232,-2.3768181913912985,-0.0231454770968646,0.518855071084819,-0.571934593955575,0.1201970601601191,-0.6224752305254626,-0.9274745739175644,-0.4408825976836819
20.0,202.0,1000.9228515625,0.8244933528940739,0.1717593457825232,-2.3768181931737407,-0.0231454770855136,0.5188549783730564,-0.571934593955575,0.1201970601601191,-0.6224752103099741,-0.9274745739175644,-0.4408825952712734
20.0,202.0,1000.9228515625,0.8244933528940794,0.1717593457825232,-2.3768181931737407,-0.0231454770857481,0.518855071084819,-0.571934593955575,0.1201970601601191,-0.6224752305254626,-0.9274745739175644,-0.4408825936849929
20.0,202.0,1000.9228515625,0.8244933528940739,0.1717593457825232,-2.3768181931737407,-0.023145477085748,0.5188549783730564,-0.571934593955575,0.1201970601601191,-0.6224752063261246,-0.9274745739175644,-0.4408822358767253
20.0,202.0,1000.9228515625,0.8244933528940794,0.1717593457825232,-2.3768181931737407,-0.0231454773767155,0.5188550651022683,-0.571934593955575,0.1201970601601191,-0.6224745267222752,-0.9274745739175644,-0.4408825936849929
20.0,202.0,1000.9228515625,0.8244933528940794,0.1717593457825232,-2.3768181931737407,-0.02314547708576,0.5188549956056944,-0.571934593955575,0.1201970601601191,-0.6224752737358081,-0.9274745739175644,-0.4408825970749195
20.0,202.0,1000.9228515625,0.8244933528940739,0.1717593457825232,-2.3768181931737407,-0.0231454770857475,0.5188549390173107,-0.571934593955575,0.1201970601601191,-0.6224755795723167,-0.9274745739175644,-0.440882595271642
20.0,202.0,1000.9228515625,0.8244933528940794,0.1717593457825232,-2.3768181931737407,-0.0231454770857481,0.518855071084819,-0.571934593955575,0.1201970601601191,-0.6224752305254626,-0.9274745739175644,-0.4408825936849929
20.0,202.0,1000.9228515625,0.8244933528940794,0.1717593457825232,-2.3768181931737407,-0.0231454770857481,0.518855071084819,-0.571934593955575,0.1201970601601191,-0.6224752270133052,-0.9274745739175644,-0.4408825936849929
20.0,202.0,1000.9228515625,0.8244933528940794,0.1717593457825232,-2.3768181931737407,-0.0231454770857481,0.518855071084819,-0.571934593955575,0.1201970601601191,-0.6224752200468672,-0.9274745739175644,-0.4408825936849929
20.0,202.0,1000.9228515625,0.8244933528940794,0.1717593457825232,-2.3768181931737407,-0.0231454770857481,0.518855071084819,-0.571934593955575,0.1201970601601191,-0.6224752305254626,-0.9274745739175644,-0.4408825936849929
20.0,202.0,1000.9228515625,0.8244933528940794,0.1717593457825232,-2.3768181930330443,-0.0231454770857481,0.518855071084819,-0.571934593955575,0.1201970601601191,-0.6224752733749308,-0.9274745739175644,-0.4408825936849929
20.0,202.0,1000.9228515625,0.8244933528940794,0.1717593457825232,-2.37681819136488,-0.0231454774645114,0.5188550719914452,-0.571934593955575,0.1201970601601191,-0.6224750096081734,-0.9274745739175644,-0.4408825970711926
20.0,202.0,1000.9228515625,0.8244933528940794,0.1717593457825232,-2.3768181931737407,-0.0231454770857481,0.518855071084819,-0.571934593955575,0.1201970601601191,-0.6224752305254626,-0.9274745739175644,-0.4408825936849929
20.0,202.0,1000.9228515625,0.8244933528940794,0.1717593457825232,-2.3768181914227986,-0.0231454770857484,0.518855071084819,-0.571934593955575,0.1201970601601191,-0.6224755558012645,-0.9274745739175644,-0.4408825976836819
20.0,202.0,1000.9228515625,0.8244933528940794,0.1717593457825232,-2.3768181931737407,-0.0231454770857481,0.518855071084819,-0.571934593955575,0.1201970601601191,-0.6224752305254626,-0.9274745739175644,-0.4408825936849929
20.0,202.0,1000.9228515625,0.8244933528940739,0.1717593457825232,-2.3768181931737407,-0.0231454770855136,0.5188549783730564,-0.571934593955575,0.1201970601601191,-0.6224752103099741,-0.9274745739175644,-0.4408825952712734
20.0,202.0,1000.9228515625,0.8244933528940794,0.1717593457825232,-2.3768181930330443,-0.0231454770857481,0.518855071084819,-0.571934593955575,0.1201970601601191,-0.6224752733749308,-0.9274745739175644,-0.4408825936849929
20.0,202.0,1000.9228515625,0.8244933528940794,0.1717593457825232,-2.3768181931737407,-0.023145477085622,0.5188550651022683,-0.571934593955575,0.1201970601601191,-0.6224746016289248,-0.9274745739175644,-0.4408825936849929
20.0,202.0,1000.9228515625,0.8244933528940794,0.1717593457825232,-2.3768181931737407,-0.0231454770857481,0.518855071084819,-0.571934593955575,0.1201970601601191,-0.6224752305254626,-0.9274745739175644,-0.4408825936849929
20.0,202.0,1000.9228515625,0.8244933528941865,0.1717593457825232,-2.3768181931737407,-0.0231454770845309,0.5188549390173107,-0.571934593955575,0.1201970601601191,-0.6224745491760093,-0.9274745739175644,-0.440882595271642
20.0,202.0,1000.9228515625,0.8244933528940794,0.1717593457825232,-2.3768181941580337,-0.0231454774603887,0.518855071084819,-0.571934593955575,0.1201970601601191,-0.6224752305254626,-0.9274745739175644,-0.4408825936849929
20.0,202.0,1000.9228515625,0.8244933528940794,0.1717593457825232,-2.376818193162853,-0.023145477085272,0.5188551757530165,-0.571934593955575,0.1201970601601191,-0.6224752311841399,-0.9274745739175644,-0.4408825977336218
20.0,202.0,1000.9228515625,0.8244933528940739,0.1717593457825232,-2.376818193142241,-0.0231454770857598,0.5188549390173107,-0.571934593955575,0.1201970601601191,-0.6224752484967357,-0.9274745739175644,-0.440882595271642
20.0,203.0,1000.9228515625,0.8244933528940794,0.1717593457825232,-2.3768181931737407,-0.0231454770857481,0.518855071084819,-0.571934593955575,0.1201970601601191,-0.6224752305254626,-0.9274745739175644,-0.4408825936849929
20.0,203.0,1000.9228515625,0.8244933528940794,0.1717593457825232,-2.3768181941580337,-0.0231454774603887,0.518855071084819,-0.571934593955575,0.1201970601601191,-0.6224752305254626,-0.9274745739175644,-0.4408825936849929
20.0,203.0,1000.9228515625,0.8244933528940794,0.1717593457825232,-2.3768181930330443,-0.0231454770857481,0.518855071084819,-0.571934593955575,0.1201970601601191,-0.6224752733749308,-0.9274745739175644,-0.4408825936849929
20.0,203.0,1000.9228515625,0.8244933528940739,0.1717593457825232,-2.3768181931737407,-0.0231454770857601,0.5188549783730564,-0.571934593955575,0.1201970601601191,-0.6224752053231137,-0.9274745739175644,-0.440882595271642
20.0,203.0,1000.9228515625,0.8244933528940794,0.1717593457825232,-2.376818191353992,-0.0231454774599909,0.5188550210242336,-0.571934593955575,0.1201970601601191,-0.6224750096081734,-0.9274745739175644,-0.4408825939440672
20.0,203.0,1000.9228515625,0.8244933528940794,0.1717593457825232,-2.3768181931737407,-0.0231454770857481,0.518855071084819,-0.571934593955575,0.1201970601601191,-0.6224752305254626,-0.9274745739175644,-0.4408825936849929
20.0,203.0,1000.9228515625,0.8244933528940794,0.1717593457825232,-2.3768181931737407,-0.0231454770857481,0.518855071084819,-0.571934593955575,0.1201970601601191,-0.6224752305254626,-0.9274745739175644,-0.4408825936849929
20.0,203.0,1000.9228515625,0.8244933528940794,0.1717593457825232,-2.3768181931737407,-0.0231454770857481,0.518855071084819,-0.571934593955575,0.1201970601601191,-0.6224752305254626,-0.9274745739175644,-0.4408825936849929
20.0,203.0,1000.9228515625,0.8244933528940794,0.1717593457825232,-2.3768181931737407,-0.0231454770967385,0.5188550651022683,-0.571934593955575,0.1201970601601191,-0.6224745911503293,-0.9274745739175644,-0.4408825936849929
20.0,203.0,1000.9228515625,0.8244933528940794,0.1717593457825232,-2.376818191353992,-0.0231454774645114,0.518855179095853,-0.571934593955575,0.1201970601601191,-0.6224750096081734,-0.9274745739175644,-0.4408825977298948
20.0,203.0,1000.9228515625,0.8244933528940794,0.1717593457825232,-2.3768181931737407,-0.0231454770949002,0.518855071084819,-0.571934593955575,0.1201970601601191,-0.6224752305254626,-0.9274745739175644,-0.4408825936849929
20.0,203.0,1000.9228515625,0.8244933528940769,0.1717593457825232,-2.3768181931737407,-0.0231454770855083,0.5188548722225405,-0.571934593955575,0.1201970601601191,-0.6224752948063276,-0.9274745739175644,-0.4408825952815947
20.0,203.0,1000.9228515625,0.8244933528940794,0.1717593457825232,-2.3768181931737407,-0.02314547708576,0.5188549956056944,-0.571934593955575,0.1201970601601191,-0.6224752737358081,-0.9274745739175644,-0.4408825970749195
20.0,203.0,1000.9228515625,0.8244933528940794,0.1717593457825232,-2.3768181913912985,-0.0231454770857481,0.518855071084819,-0.571934593955575,0.1201970601601191,-0.6224752305254626,-0.9274745739175644,-0.4408825976836819
20.0,203.0,1000.9228515625,0.8244933528940739,0.1717593457825232,-2.3768181931737407,-0.0231454770857601,0.5188549390173107,-0.571934593955575,0.1201970601601191,-0.6224745491760093,-0.9274745739175644,-0.440882595271642
20.0,203.0,1000.9228515625,0.8244933528940794,0.1717593457825232,-2.3768181931737407,-0.0231454770857481,0.5188550631229458,-0.571934593955575,0.1201970601601191,-0.6224752305254626,-0.9274745739175644,-0.4408825936849929
20.0,203.0,1000.9228515625,0.8244933528940794,0.1717593457825232,-2.376818192963925,-0.0231454770811601,0.518855071084819,-0.571934593955575,0.1201970601601191,-0.6224752733749308,-0.9274745739175644,-0.4408825936849929
20.0,203.0,1000.9228515625,0.8244933528940794,0.1717593457825232,-2.3768181931737407,-0.0231454770857481,0.518855071084819,-0.571934593955575,0.1201970601601191,-0.6224753292271257,-0.9274745739175644,-0.4408825936849929
20.0,203.0,1000.9228515625,0.8244933528940794,0.1717593457825232,-2.3768181931737407,-0.023145477085272,0.5188550686486088,-0.571934593955575,0.1201970601601191,-0.6224752311841399,-0.9274745739175644,-0.4408825970749195
20.0,203.0,1000.9228515625,0.8244933528940794,0.1717593457825232,-2.3768181931737407,-0.023145477085622,0.5188550651022683,-0.571934593955575,0.1201970601601191,-0.6224745911503293,-0.9274745739175644,-0.4408825936849929
20.0,203.0,1000.9228515625,0.8244933528940769,0.1717593457825232,-2.3768181931737407,-0.0231454770857547,0.5188548722225405,-0.571934593955575,0.1201970601601191,-0.6224752898194671,-0.9274745739175644,-0.4408825952819633
20.0,203.0,1000.9228515625,0.8244933528941869,0.1717593457825232,-2.3768181931737407,-0.0231454770845309,0.5188549390173107,-0.571934593955575,0.1201970601601191,-0.6224745491760093,-0.9274745739175644,-0.440882595271642
20.0,203.0,1000.9228515625,0.8244933528940794,0.1717593457825232,-2.3768181931737407,-0.0231454770857391,0.518855071084819,-0.571934593955575,0.1201970601601191,-0.6224753292271257,-0.9274745739175644,-0.440882595319649
20.0,203.0,1000.9228515625,0.8244933528940794,0.1717593457825232,-2.3768181930330443,-0.0231454770857481,0.518855071084819,-0.571934593955575,0.1201970601601191,-0.6224752733749308,-0.9274745739175644,-0.4408825936849929
20.0,203.0,1000.9228515625,0.8244933528940794,0.1717593457825232,-2.376818193061033,-0.0231454770857481,0.518855071084819,-0.571934593955575,0.1201970601601191,-0.6224754177054583,-0.9274745739175644,-0.4408825976836819
20.0,203.0,1000.9228515625,0.8244933528940739,0.1717593457825232,-2.3768181931737407,-0.0231454770857601,0.5188549390173107,-0.571934593955575,0.1201970601601191,-0.6224755737725376,-0.9274745739175644,-0.440882595271642
20.0,203.0,1000.9228515625,0.8244933528940794,0.1717593457825232,-2.3768181913912985,-0.0231454770968646,0.518855071084819,-0.571934593955575,0.1201970601601191,-0.6224752305254626,-0.9274745739175644,-0.4408825976836819
20.0,203.0,1000.9228515625,0.8244933528940739,0.1717593457825232,-2.3768181931737407,-0.0231454770855136,0.5188549783730564,-0.571934593955575,0.1201970601601191,-0.6224752103099741,-0.9274745739175644,-0.4408825952712734
20.0,203.0,1000.9228515625,0.8244933528940794,0.1717593457825232,-2.3768181931737407,-0.0231454770857481,0.518855071084819,-0.571934593955575,0.1201970601601191,-0.6224752305254626,-0.9274745739175644,-0.4408825936849929
20.0,203.0,1000.9228515625,0.8244933528940739,0.1717593457825232,-2.3768181931737407,-0.023145477085748,0.5188549783730564,-0.571934593955575,0.1201970601601191,-0.6224752063261246,-0.9274745739175644,-0.4408822358767253
20.0,203.0,1000.9228515625,0.8244933528940794,0.1717593457825232,-2.3768181931737407,-0.0231454773767155,0.5188550651022683,-0.571934593955575,0.1201970601601191,-0.6224745267222752,-0.9274745739175644,-0.4408825936849929
20.0,203.0,1000.9228515625,0.8244933528940794,0.1717593457825232,-2.3768181931737407,-0.02314547708576,0.5188549956056944,-0.571934593955575,0.1201970601601191,-0.6224752737358081,-0.9274745739175644,-0.4408825970749195
20.0,203.0,1000.9228515625,0.8244933528940739,0.1717593457825232,-2.3768181931737407,-0.0231454770857475,0.5188549390173107,-0.571934593955575,0.1201970601601191,-0.6224755795723167,-0.9274745739175644,-0.440882595271642
20.0,203.0,1000.9228515625,0.8244933528940794,0.1717593457825232,-2.3768181931737407,-0.0231454770857481,0.518855071084819,-0.571934593955575,0.1201970601601191,-0.6224752305254626,-0.9274745739175644,-0.4408825936849929
20.0,203.0,1000.9228515625,0.8244933528940794,0.1717593457825232,-2.3768181931737407,-0.0231454770857481,0.518855071084819,-0.571934593955575,0.1201970601601191,-0.6224752270133052,-0.9274745739175644,-0.4408825936849929
20.0,203.0,1000.9228515625,0.8244933528940794,0.1717593457825232,-2.3768181931737407,-0.0231454770857481,0.518855071084819,-0.571934593955575,0.1201970601601191,-0.6224752200468672,-0.9274745739175644,-0.4408825936849929
20.0,203.0,1000.9228515625,0.8244933528940794,0.1717593457825232,-2.3768181931737407,-0.0231454770857481,0.518855071084819,-0.571934593955575,0.1201970601601191,-0.6224752305254626,-0.9274745739175644,-0.4408825936849929
20.0,203.0,1000.9228515625,0.8244933528940794,0.1717593457825232,-2.3768181930330443,-0.0231454770857481,0.518855071084819,-0.571934593955575,0.1201970601601191,-0.6224752733749308,-0.9274745739175644,-0.4408825936849929
20.0,203.0,1000.9228515625,0.8244933528940794,0.1717593457825232,-2.37681819136488,-0.0231454774645114,0.5188550719914452,-0.571934593955575,0.1201970601601191,-0.6224750096081734,-0.9274745739175644,-0.4408825970711926
20.0,203.0,1000.9228515625,0.8244933528940794,0.1717593457825232,-2.3768181931737407,-0.0231454770857481,0.518855071084819,-0.571934593955575,0.1201970601601191,-0.6224752305254626,-0.9274745739175644,-0.4408825936849929
20.0,203.0,1000.9228515625,0.8244933528940794,0.1717593457825232,-2.3768181914227986,-0.0231454770857484,0.518855071084819,-0.571934593955575,0.1201970601601191,-0.6224755558012645,-0.9274745739175644,-0.4408825976836819
20.0,203.0,1000.9228515625,0.8244933528940794,0.1717593457825232,-2.3768181931737407,-0.0231454770857481,0.518855071084819,-0.571934593955575,0.1201970601601191,-0.6224752305254626,-0.9274745739175644,-0.4408825936849929
20.0,203.0,1000.9228515625,0.8244933528940739,0.1717593457825232,-2.3768181931737407,-0.0231454770855136,0.5188549783730564,-0.571934593955575,0.1201970601601191,-0.6224752103099741,-0.9274745739175644,-0.4408825952712734
20.0,203.0,1000.9228515625,0.8244933528940794,0.1717593457825232,-2.3768181930330443,-0.0231454770857481,0.518855071084819,-0.571934593955575,0.1201970601601191,-0.6224752733749308,-0.9274745739175644,-0.4408825936849929
20.0,203.0,1000.9228515625,0.8244933528940794,0.1717593457825232,-2.3768181931737407,-0.023145477085622,0.5188550651022683,-0.571934593955575,0.1201970601601191,-0.6224746016289248,-0.9274745739175644,-0.4408825936849929
20.0,203.0,1000.9228515625,0.8244933528940794,0.1717593457825232,-2.3768181931737407,-0.0231454770857481,0.518855071084819,-0.571934593955575,0.1201970601601191,-0.6224752305254626,-0.9274745739175644,-0.4408825936849929
20.0,203.0,1000.9228515625,0.8244933528941865,0.1717593457825232,-2.3768181931737407,-0.0231454770845309,0.5188549390173107,-0.571934593955575,0.1201970601601191,-0.6224745491760093,-0.9274745739175644,-0.440882595271642
20.0,203.0,1000.9228515625,0.8244933528940794,0.1717593457825232,-2.3768181941580337,-0.0231454774603887,0.518855071084819,-0.571934593955575,0.1201970601601191,-0.6224752305254626,-0.9274745739175644,-0.4408825936849929
20.0,203.0,1000.9228515625,0.8244933528940794,0.1717593457825232,-2.376818193162853,-0.023145477085272,0.5188551757530165,-0.571934593955575,0.1201970601601191,-0.6224752311841399,-0.9274745739175644,-0.4408825977336218
20.0,203.0,1000.9228515625,0.8244933528940739,0.1717593457825232,-2.376818193142241,-0.0231454770857598,0.5188549390173107,-0.571934593955575,0.1201970601601191,-0.6224752484967357,-0.9274745739175644,-0.440882595271642
20.0,204.0,1000.9228515625,0.8244933528940794,0.1717593457825232,-2.3768181931737407,-0.0231454770857481,0.518855071084819,-0.571934593955575,0.1201970601601191,-0.6224752305254626,-0.9274745739175644,-0.4408825936849929
20.0,204.0,1000.9228515625,0.8244933528940794,0.1717593457825232,-2.3768181941580337,-0.0231454774603887,0.518855071084819,-0.571934593955575,0.1201970601601191,-0.6224752305254626,-0.9274745739175644,-0.4408825936849929
20.0,204.0,1000.9228515625,0.8244933528940794,0.1717593457825232,-2.3768181930330443,-0.0231454770857481,0.518855071084819,-0.571934593955575,0.1201970601601191,-0.6224752733749308,-0.9274745739175644,-0.4408825936849929
20.0,204.0,1000.9228515625,0.8244933528940739,0.1717593457825232,-2.3768181931737407,-0.0231454770857601,0.5188549783730564,-0.571934593955575,0.1201970601601191,-0.6224752053231137,-0.9274745739175644,-0.440882595271642
20.0,204.0,1000.9228515625,0.8244933528940794,0.1717593457825232,-2.376818191353992,-0.0231454774599909,0.5188550210242336,-0.571934593955575,0.1201970601601191,-0.6224750096081734,-0.9274745739175644,-0.4408825939440672
20.0,204.0,1000.9228515625,0.8244933528940794,0.1717593457825232,-2.3768181931737407,-0.0231454770857481,0.518855071084819,-0.571934593955575,0.1201970601601191,-0.6224752305254626,-0.9274745739175644,-0.4408825936849929
20.0,204.0,1000.9228515625,0.8244933528940794,0.1717593457825232,-2.3768181931737407,-0.0231454770857481,0.518855071084819,-0.571934593955575,0.1201970601601191,-0.6224752305254626,-0.9274745739175644,-0.4408825936849929
20.0,204.0,1000.9228515625,0.8244933528940794,0.1717593457825232,-2.3768181931737407,-0.0231454770857481,0.518855071084819,-0.571934593955575,0.1201970601601191,-0.6224752305254626,-0.9274745739175644,-0.4408825936849929
20.0,204.0,1000.9228515625,0.8244933528940794,0.1717593457825232,-2.3768181931737407,-0.0231454770967385,0.5188550651022683,-0.571934593955575,0.1201970601601191,-0.6224745911503293,-0.9274745739175644,-0.4408825936849929
20.0,204.0,1000.9228515625,0.8244933528940794,0.1717593457825232,-2.376818191353992,-0.0231454774645114,0.518855179095853,-0.571934593955575,0.1201970601601191,-0.6224750096081734,-0.9274745739175644,-0.4408825977298948
20.0,204.0,1000.9228515625,0.8244933528940794,0.1717593457825232,-2.3768181931737407,-0.0231454770949002,0.518855071084819,-0.571934593955575,0.1201970601601191,-0.6224752305254626,-0.9274745739175644,-0.4408825936849929
20.0,204.0,1000.9228515625,0.8244933528940769,0.1717593457825232,-2.3768181931737407,-0.0231454770855083,0.5188548722225405,-0.571934593955575,0.1201970601601191,-0.6224752948063276,-0.9274745739175644,-0.4408825952815947
20.0,204.0,1000.9228515625,0.8244933528940794,0.1717593457825232,-2.3768181931737407,-0.02314547708576,0.5188549956056944,-0.571934593955575,0.1201970601601191,-0.6224752737358081,-0.9274745739175644,-0.4408825970749195
20.0,204.0,1000.9228515625,0.8244933528940794,0.1717593457825232,-2.3768181913912985,-0.0231454770857481,0.518855071084819,-0.571934593955575,0.1201970601601191,-0.6224752305254626,-0.9274745739175644,-0.4408825976836819
20.0,204.0,1000.9228515625,0.8244933528940739,0.1717593457825232,-2.3768181931737407,-0.0231454770857601,0.5188549390173107,-0.571934593955575,0.1201970601601191,-0.6224745491760093,-0.9274745739175644,-0.440882595271642
20.0,204.0,1000.9228515625,0.8244933528940794,0.1717593457825232,-2.3768181931737407,-0.0231454770857481,0.5188550631229458,-0.571934593955575,0.1201970601601191,-0.6224752305254626,-0.9274745739175644,-0.4408825936849929
20.0,204.0,1000.9228515625,0.8244933528940794,0.1717593457825232,-2.376818192963925,-0.0231454770811601,0.518855071084819,-0.571934593955575,0.1201970601601191,-0.6224752733749308,-0.9274745739175644,-0.4408825936849929
20.0,204.0,1000.9228515625,0.8244933528940794,0.1717593457825232,-2.3768181931737407,-0.0231454770857481,0.518855071084819,-0.571934593955575,0.1201970601601191,-0.6224753292271257,-0.9274745739175644,-0.4408825936849929
20.0,204.0,1000.9228515625,0.8244933528940794,0.1717593457825232,-2.3768181931737407,-0.023145477085272,0.5188550686486088,-0.571934593955575,0.1201970601601191,-0.6224752311841399,-0.9274745739175644,-0.4408825970749195
20.0,204.0,1000.9228515625,0.8244933528940794,0.1717593457825232,-2.3768181931737407,-0.023145477085622,0.5188550651022683,-0.571934593955575,0.1201970601601191,-0.6224745911503293,-0.9274745739175644,-0.4408825936849929
20.0,204.0,1000.9228515625,0.8244933528940769,0.1717593457825232,-2.3768181931737407,-0.0231454770857547,0.5188548722225405,-0.571934593955575,0.1201970601601191,-0.6224752898194671,-0.9274745739175644,-0.4408825952819633
20.0,204.0,1000.9228515625,0.8244933528941869,0.1717593457825232,-2.3768181931737407,-0.0231454770845309,0.5188549390173107,-0.571934593955575,0.1201970601601191,-0.6224745491760093,-0.9274745739175644,-0.440882595271642
20.0,204.0,1000.9228515625,0.8244933528940794,0.1717593457825232,-2.3768181931737407,-0.0231454770857391,0.518855071084819,-0.571934593955575,0.1201970601601191,-0.6224753292271257,-0.9274745739175644,-0.440882595319649
20.0,204.0,1000.9228515625,0.8244933528940794,0.1717593457825232,-2.3768181930330443,-0.0231454770857481,0.518855071084819,-0.571934593955575,0.1201970601601191,-0.6224752733749308,-0.9274745739175644,-0.4408825936849929
20.0,204.0,1000.9228515625,0.8244933528940794,0.1717593457825232,-2.376818193061033,-0.0231454770857481,0.518855071084819,-0.571934593955575,0.1201970601601191,-0.6224754177054583,-0.9274745739175644,-0.4408825976836819
20.0,204.0,1000.9228515625,0.8244933528940739,0.1717593457825232,-2.3768181931737407,-0.0231454770857601,0.5188549390173107,-0.571934593955575,0.1201970601601191,-0.6224755737725376,-0.9274745739175644,-0.440882595271642
20.0,204.0,1000.9228515625,0.8244933528940794,0.1717593457825232,-2.3768181913912985,-0.0231454770968646,0.518855071084819,-0.571934593955575,0.1201970601601191,-0.6224752305254626,-0.9274745739175644,-0.4408825976836819
20.0,204.0,1000.9228515625,0.8244933528940739,0.1717593457825232,-2.3768181931737407,-0.0231454770855136,0.5188549783730564,-0.571934593955575,0.1201970601601191,-0.6224752103099741,-0.9274745739175644,-0.4408825952712734
20.0,204.0,1000.9228515625,0.8244933528940794,0.1717593457825232,-2.3768181931737407,-0.0231454770857481,0.518855071084819,-0.571934593955575,0.1201970601601191,-0.6224752305254626,-0.9274745739175644,-0.4408825936849929
20.0,204.0,1000.9228515625,0.8244933528940739,0.1717593457825232,-2.3768181931737407,-0.023145477085748,0.5188549783730564,-0.571934593955575,0.1201970601601191,-0.6224752063261246,-0.9274745739175644,-0.4408822358767253
20.0,204.0,1000.9228515625,0.8244933528940794,0.1717593457825232,-2.3768181931737407,-0.0231454773767155,0.5188550651022683,-0.571934593955575,0.1201970601601191,-0.6224745267222752,-0.9274745739175644,-0.4408825936849929
20.0,204.0,1000.9228515625,0.8244933528940794,0.1717593457825232,-2.3768181931737407,-0.02314547708576,0.5188549956056944,-0.571934593955575,0.1201970601601191,-0.6224752737358081,-0.9274745739175644,-0.4408825970749195
20.0,204.0,1000.9228515625,0.8244933528940739,0.1717593457825232,-2.3768181931737407,-0.0231454770857475,0.5188549390173107,-0.571934593955575,0.1201970601601191,-0.6224755795723167,-0.9274745739175644,-0.440882595271642
20.0,204.0,1000.9228515625,0.8244933528940794,0.1717593457825232,-2.3768181931737407,-0.0231454770857481,0.518855071084819,-0.571934593955575,0.1201970601601191,-0.6224752305254626,-0.9274745739175644,-0.4408825936849929
20.0,204.0,1000.9228515625,0.8244933528940794,0.1717593457825232,-2.3768181931737407,-0.0231454770857481,0.518855071084819,-0.571934593955575,0.1201970601601191,-0.6224752270133052,-0.9274745739175644,-0.4408825936849929
20.0,204.0,1000.9228515625,0.8244933528940794,0.1717593457825232,-2.3768181931737407,-0.0231454770857481,0.518855071084819,-0.571934593955575,0.1201970601601191,-0.6224752200468672,-0.9274745739175644,-0.4408825936849929
20.0,204.0,1000.9228515625,0.8244933528940794,0.1717593457825232,-2.3768181931737407,-0.0231454770857481,0.518855071084819,-0.571934593955575,0.1201970601601191,-0.6224752305254626,-0.9274745739175644,-0.4408825936849929
20.0,204.0,1000.9228515625,0.8244933528940794,0.1717593457825232,-2.3768181930330443,-0.0231454770857481,0.518855071084819,-0.571934593955575,0.1201970601601191,-0.6224752733749308,-0.9274745739175644,-0.4408825936849929
20.0,204.0,1000.9228515625,0.8244933528940794,0.1717593457825232,-2.37681819136488,-0.0231454774645114,0.5188550719914452,-0.571934593955575,0.1201970601601191,-0.6224750096081734,-0.9274745739175644,-0.4408825970711926
20.0,204.0,1000.9228515625,0.8244933528940794,0.1717593457825232,-2.3768181931737407,-0.0231454770857481,0.518855071084819,-0.571934593955575,0.1201970601601191,-0.6224752305254626,-0.9274745739175644,-0.4408825936849929
20.0,204.0,1000.9228515625,0.8244933528940794,0.1717593457825232,-2.3768181914227986,-0.0231454770857484,0.518855071084819,-0.571934593955575,0.1201970601601191,-0.6224755558012645,-0.9274745739175644,-0.4408825976836819
20.0,204.0,1000.9228515625,0.8244933528940794,0.1717593457825232,-2.3768181931737407,-0.0231454770857481,0.518855071084819,-0.571934593955575,0.1201970601601191,-0.6224752305254626,-0.9274745739175644,-0.4408825936849929
20.0,204.0,1000.9228515625,0.8244933528940739,0.1717593457825232,-2.3768181931737407,-0.0231454770855136,0.5188549783730564,-0.571934593955575,0.1201970601601191,-0.6224752103099741,-0.9274745739175644,-0.4408825952712734
20.0,204.0,1000.9228515625,0.8244933528940794,0.1717593457825232,-2.3768181930330443,-0.0231454770857481,0.518855071084819,-0.571934593955575,0.1201970601601191,-0.6224752733749308,-0.9274745739175644,-0.4408825936849929
20.0,204.0,1000.9228515625,0.8244933528940794,0.1717593457825232,-2.3768181931737407,-0.023145477085622,0.5188550651022683,-0.571934593955575,0.1201970601601191,-0.6224746016289248,-0.9274745739175644,-0.4408825936849929
20.0,204.0,1000.9228515625,0.8244933528940794,0.1717593457825232,-2.3768181931737407,-0.0231454770857481,0.518855071084819,-0.571934593955575,0.1201970601601191,-0.6224752305254626,-0.9274745739175644,-0.4408825936849929
20.0,204.0,1000.9228515625,0.8244933528941865,0.1717593457825232,-2.3768181931737407,-0.0231454770845309,0.5188549390173107,-0.571934593955575,0.1201970601601191,-0.6224745491760093,-0.9274745739175644,-0.440882595271642
20.0,204.0,1000.9228515625,0.8244933528940794,0.1717593457825232,-2.3768181941580337,-0.0231454774603887,0.518855071084819,-0.571934593955575,0.1201970601601191,-0.6224752305254626,-0.9274745739175644,-0.4408825936849929
20.0,204.0,1000.9228515625,0.8244933528940794,0.1717593457825232,-2.376818193162853,-0.023145477085272,0.5188551757530165,-0.571934593955575,0.1201970601601191,-0.6224752311841399,-0.9274745739175644,-0.4408825977336218
20.0,204.0,1000.9228515625,0.8244933528940739,0.1717593457825232,-2.376818193142241,-0.0231454770857598,0.5188549390173107,-0.571934593955575,0.1201970601601191,-0.6224752484967357,-0.9274745739175644,-0.440882595271642
20.0,205.0,1000.9228515625,0.8244933528940794,0.1717593457825232,-2.3768181931737407,-0.0231454770857481,0.518855071084819,-0.571934593955575,0.1201970601601191,-0.6224752305254626,-0.9274745739175644,-0.4408825936849929
20.0,205.0,1000.9228515625,0.8244933528940794,0.1717593457825232,-2.3768181941580337,-0.0231454774603887,0.518855071084819,-0.571934593955575,0.1201970601601191,-0.6224752305254626,-0.9274745739175644,-0.4408825936849929
20.0,205.0,1000.9228515625,0.8244933528940794,0.1717593457825232,-2.3768181930330443,-0.0231454770857481,0.518855071084819,-0.571934593955575,0.1201970601601191,-0.6224752733749308,-0.9274745739175644,-0.4408825936849929
20.0,205.0,1000.9228515625,0.8244933528940739,0.1717593457825232,-2.3768181931737407,-0.0231454770857601,0.5188549783730564,-0.571934593955575,0.1201970601601191,-0.6224752053231137,-0.9274745739175644,-0.440882595271642
20.0,205.0,1000.9228515625,0.8244933528940794,0.1717593457825232,-2.376818191353992,-0.0231454774599909,0.5188550210242336,-0.571934593955575,0.1201970601601191,-0.6224750096081734,-0.9274745739175644,-0.4408825939440672
20.0,205.0,1000.9228515625,0.8244933528940794,0.1717593457825232,-2.3768181931737407,-0.0231454770857481,0.518855071084819,-0.571934593955575,0.1201970601601191,-0.6224752305254626,-0.9274745739175644,-0.4408825936849929
20.0,205.0,1000.9228515625,0.8244933528940794,0.1717593457825232,-2.3768181931737407,-0.0231454770857481,0.518855071084819,-0.571934593955575,0.1201970601601191,-0.6224752305254626,-0.9274745739175644,-0.4408825936849929
20.0,205.0,1000.9228515625,0.8244933528940794,0.1717593457825232,-2.3768181931737407,-0.0231454770857481,0.518855071084819,-0.571934593955575,0.1201970601601191,-0.6224752305254626,-0.9274745739175644,-0.4408825936849929
20.0,205.0,1000.9228515625,0.8244933528940794,0.1717593457825232,-2.3768181931737407,-0.0231454770967385,0.5188550651022683,-0.571934593955575,0.1201970601601191,-0.6224745911503293,-0.9274745739175644,-0.4408825936849929
20.0,205.0,1000.9228515625,0.8244933528940794,0.1717593457825232,-2.376818191353992,-0.0231454774645114,0.518855179095853,-0.571934593955575,0.1201970601601191,-0.6224750096081734,-0.9274745739175644,-0.4408825977298948
20.0,205.0,1000.9228515625,0.8244933528940794,0.1717593457825232,-2.3768181931737407,-0.0231454770949002,0.518855071084819,-0.571934593955575,0.1201970601601191,-0.6224752305254626,-0.9274745739175644,-0.4408825936849929
20.0,205.0,1000.9228515625,0.8244933528940769,0.1717593457825232,-2.3768181931737407,-0.0231454770855083,0.5188548722225405,-0.571934593955575,0.1201970601601191,-0.6224752948063276,-0.9274745739175644,-0.4408825952815947
20.0,205.0,1000.9228515625,0.8244933528940794,0.1717593457825232,-2.3768181931737407,-0.02314547708576,0.5188549956056944,-0.571934593955575,0.1201970601601191,-0.6224752737358081,-0.9274745739175644,-0.4408825970749195
20.0,205.0,1000.9228515625,0.8244933528940794,0.1717593457825232,-2.3768181913912985,-0.0231454770857481,0.518855071084819,-0.571934593955575,0.1201970601601191,-0.6224752305254626,-0.9274745739175644,-0.4408825976836819
20.0,205.0,1000.9228515625,0.8244933528940739,0.1717593457825232,-2.3768181931737407,-0.0231454770857601,0.5188549390173107,-0.571934593955575,0.1201970601601191,-0.6224745491760093,-0.9274745739175644,-0.440882595271642
20.0,205.0,1000.9228515625,0.8244933528940794,0.1717593457825232,-2.3768181931737407,-0.0231454770857481,0.5188550631229458,-0.571934593955575,0.1201970601601191,-0.6224752305254626,-0.9274745739175644,-0.4408825936849929
20.0,205.0,1000.9228515625,0.8244933528940794,0.1717593457825232,-2.376818192963925,-0.0231454770811601,0.518855071084819,-0.571934593955575,0.1201970601601191,-0.6224752733749308,-0.9274745739175644,-0.4408825936849929
20.0,205.0,1000.9228515625,0.8244933528940794,0.1717593457825232,-2.3768181931737407,-0.0231454770857481,0.518855071084819,-0.571934593955575,0.1201970601601191,-0.6224753292271257,-0.9274745739175644,-0.4408825936849929
20.0,205.0,1000.9228515625,0.8244933528940794,0.1717593457825232,-2.3768181931737407,-0.023145477085272,0.5188550686486088,-0.571934593955575,0.1201970601601191,-0.6224752311841399,-0.9274745739175644,-0.4408825970749195
20.0,205.0,1000.9228515625,0.8244933528940794,0.1717593457825232,-2.3768181931737407,-0.023145477085622,0.5188550651022683,-0.571934593955575,0.1201970601601191,-0.6224745911503293,-0.9274745739175644,-0.4408825936849929
20.0,205.0,1000.9228515625,0.8244933528940769,0.1717593457825232,-2.3768181931737407,-0.0231454770857547,0.5188548722225405,-0.571934593955575,0.1201970601601191,-0.6224752898194671,-0.9274745739175644,-0.4408825952819633
20.0,205.0,1000.9228515625,0.8244933528941869,0.1717593457825232,-2.3768181931737407,-0.0231454770845309,0.5188549390173107,-0.571934593955575,0.1201970601601191,-0.6224745491760093,-0.9274745739175644,-0.440882595271642
20.0,205.0,1000.9228515625,0.8244933528940794,0.1717593457825232,-2.3768181931737407,-0.0231454770857391,0.518855071084819,-0.571934593955575,0.1201970601601191,-0.6224753292271257,-0.9274745739175644,-0.440882595319649
20.0,205.0,1000.9228515625,0.8244933528940794,0.1717593457825232,-2.3768181930330443,-0.0231454770857481,0.518855071084819,-0.571934593955575,0.1201970601601191,-0.6224752733749308,-0.9274745739175644,-0.4408825936849929
20.0,205.0,1000.9228515625,0.8244933528940794,0.1717593457825232,-2.376818193061033,-0.0231454770857481,0.518855071084819,-0.571934593955575,0.1201970601601191,-0.6224754177054583,-0.9274745739175644,-0.4408825976836819
20.0,205.0,1000.9228515625,0.8244933528940739,0.1717593457825232,-2.3768181931737407,-0.0231454770857601,0.5188549390173107,-0.571934593955575,0.1201970601601191,-0.6224755737725376,-0.9274745739175644,-0.440882595271642
20.0,205.0,1000.9228515625,0.8244933528940794,0.1717593457825232,-2.3768181913912985,-0.0231454770968646,0.518855071084819,-0.571934593955575,0.1201970601601191,-0.6224752305254626,-0.9274745739175644,-0.4408825976836819
20.0,205.0,1000.9228515625,0.8244933528940739,0.1717593457825232,-2.3768181931737407,-0.0231454770855136,0.5188549783730564,-0.571934593955575,0.1201970601601191,-0.6224752103099741,-0.9274745739175644,-0.4408825952712734
20.0,205.0,1000.9228515625,0.8244933528940794,0.1717593457825232,-2.3768181931737407,-0.0231454770857481,0.518855071084819,-0.571934593955575,0.1201970601601191,-0.6224752305254626,-0.9274745739175644,-0.4408825936849929
20.0,205.0,1000.9228515625,0.8244933528940739,0.1717593457825232,-2.3768181931737407,-0.023145477085748,0.5188549783730564,-0.571934593955575,0.1201970601601191,-0.6224752063261246,-0.9274745739175644,-0.4408822358767253
20.0,205.0,1000.9228515625,0.8244933528940794,0.1717593457825232,-2.3768181931737407,-0.0231454773767155,0.5188550651022683,-0.571934593955575,0.1201970601601191,-0.6224745267222752,-0.9274745739175644,-0.4408825936849929
20.0,205.0,1000.9228515625,0.8244933528940794,0.1717593457825232,-2.3768181931737407,-0.02314547708576,0.5188549956056944,-0.571934593955575,0.1201970601601191,-0.6224752737358081,-0.9274745739175644,-0.4408825970749195
20.0,205.0,1000.9228515625,0.8244933528940739,0.1717593457825232,-2.3768181931737407,-0.0231454770857475,0.5188549390173107,-0.571934593955575,0.1201970601601191,-0.6224755795723167,-0.9274745739175644,-0.440882595271642
20.0,205.0,1000.9228515625,0.8244933528940794,0.1717593457825232,-2.3768181931737407,-0.0231454770857481,0.518855071084819,-0.571934593955575,0.1201970601601191,-0.6224752305254626,-0.9274745739175644,-0.4408825936849929
20.0,205.0,1000.9228515625,0.8244933528940794,0.1717593457825232,-2.3768181931737407,-0.0231454770857481,0.518855071084819,-0.571934593955575,0.1201970601601191,-0.6224752270133052,-0.9274745739175644,-0.4408825936849929
20.0,205.0,1000.9228515625,0.8244933528940794,0.1717593457825232,-2.3768181931737407,-0.0231454770857481,0.518855071084819,-0.571934593955575,0.1201970601601191,-0.6224752200468672,-0.9274745739175644,-0.4408825936849929
20.0,205.0,1000.9228515625,0.8244933528940794,0.1717593457825232,-2.3768181931737407,-0.0231454770857481,0.518855071084819,-0.571934593955575,0.1201970601601191,-0.6224752305254626,-0.9274745739175644,-0.4408825936849929
20.0,205.0,1000.9228515625,0.8244933528940794,0.1717593457825232,-2.3768181930330443,-0.0231454770857481,0.518855071084819,-0.571934593955575,0.1201970601601191,-0.6224752733749308,-0.9274745739175644,-0.4408825936849929
20.0,205.0,1000.9228515625,0.8244933528940794,0.1717593457825232,-2.37681819136488,-0.0231454774645114,0.5188550719914452,-0.571934593955575,0.1201970601601191,-0.6224750096081734,-0.9274745739175644,-0.4408825970711926
20.0,205.0,1000.9228515625,0.8244933528940794,0.1717593457825232,-2.3768181931737407,-0.0231454770857481,0.518855071084819,-0.571934593955575,0.1201970601601191,-0.6224752305254626,-0.9274745739175644,-0.4408825936849929
20.0,205.0,1000.9228515625,0.8244933528940794,0.1717593457825232,-2.3768181914227986,-0.0231454770857484,0.518855071084819,-0.571934593955575,0.1201970601601191,-0.6224755558012645,-0.9274745739175644,-0.4408825976836819
20.0,205.0,1000.9228515625,0.8244933528940794,0.1717593457825232,-2.3768181931737407,-0.0231454770857481,0.518855071084819,-0.571934593955575,0.1201970601601191,-0.6224752305254626,-0.9274745739175644,-0.4408825936849929
20.0,205.0,1000.9228515625,0.8244933528940739,0.1717593457825232,-2.3768181931737407,-0.0231454770855136,0.5188549783730564,-0.571934593955575,0.1201970601601191,-0.6224752103099741,-0.9274745739175644,-0.4408825952712734
20.0,205.0,1000.9228515625,0.8244933528940794,0.1717593457825232,-2.3768181930330443,-0.0231454770857481,0.518855071084819,-0.571934593955575,0.1201970601601191,-0.6224752733749308,-0.9274745739175644,-0.4408825936849929
20.0,205.0,1000.9228515625,0.8244933528940794,0.1717593457825232,-2.3768181931737407,-0.023145477085622,0.5188550651022683,-0.571934593955575,0.1201970601601191,-0.6224746016289248,-0.9274745739175644,-0.4408825936849929
20.0,205.0,1000.9228515625,0.8244933528940794,0.1717593457825232,-2.3768181931737407,-0.0231454770857481,0.518855071084819,-0.571934593955575,0.1201970601601191,-0.6224752305254626,-0.9274745739175644,-0.4408825936849929
20.0,205.0,1000.9228515625,0.8244933528941865,0.1717593457825232,-2.3768181931737407,-0.0231454770845309,0.5188549390173107,-0.571934593955575,0.1201970601601191,-0.6224745491760093,-0.9274745739175644,-0.440882595271642
20.0,205.0,1000.9228515625,0.8244933528940794,0.1717593457825232,-2.3768181941580337,-0.0231454774603887,0.518855071084819,-0.571934593955575,0.1201970601601191,-0.6224752305254626,-0.9274745739175644,-0.4408825936849929
20.0,205.0,1000.9228515625,0.8244933528940794,0.1717593457825232,-2.376818193162853,-0.023145477085272,0.5188551757530165,-0.571934593955575,0.1201970601601191,-0.6224752311841399,-0.9274745739175644,-0.4408825977336218
20.0,205.0,1000.9228515625,0.8244933528940739,0.1717593457825232,-2.376818193142241,-0.0231454770857598,0.5188549390173107,-0.571934593955575,0.1201970601601191,-0.6224752484967357,-0.9274745739175644,-0.440882595271642
20.0,206.0,1000.9228515625,0.8244933528940794,0.1717593457825232,-2.3768181931737407,-0.0231454770857481,0.518855071084819,-0.571934593955575,0.1201970601601191,-0.6224752305254626,-0.9274745739175644,-0.4408825936849929
20.0,206.0,1000.9228515625,0.8244933528940794,0.1717593457825232,-2.3768181941580337,-0.0231454774603887,0.518855071084819,-0.571934593955575,0.1201970601601191,-0.6224752305254626,-0.9274745739175644,-0.4408825936849929
20.0,206.0,1000.9228515625,0.8244933528940794,0.1717593457825232,-2.3768181930330443,-0.0231454770857481,0.518855071084819,-0.571934593955575,0.1201970601601191,-0.6224752733749308,-0.9274745739175644,-0.4408825936849929
20.0,206.0,1000.9228515625,0.8244933528940739,0.1717593457825232,-2.3768181931737407,-0.0231454770857601,0.5188549783730564,-0.571934593955575,0.1201970601601191,-0.6224752053231137,-0.9274745739175644,-0.440882595271642
20.0,206.0,1000.9228515625,0.8244933528940794,0.1717593457825232,-2.376818191353992,-0.0231454774599909,0.5188550210242336,-0.571934593955575,0.1201970601601191,-0.6224750096081734,-0.9274745739175644,-0.4408825939440672
20.0,206.0,1000.9228515625,0.8244933528940794,0.1717593457825232,-2.3768181931737407,-0.0231454770857481,0.518855071084819,-0.571934593955575,0.1201970601601191,-0.6224752305254626,-0.9274745739175644,-0.4408825936849929
20.0,206.0,1000.9228515625,0.8244933528940794,0.1717593457825232,-2.3768181931737407,-0.0231454770857481,0.518855071084819,-0.571934593955575,0.1201970601601191,-0.6224752305254626,-0.9274745739175644,-0.4408825936849929
20.0,206.0,1000.9228515625,0.8244933528940794,0.1717593457825232,-2.3768181931737407,-0.0231454770857481,0.518855071084819,-0.571934593955575,0.1201970601601191,-0.6224752305254626,-0.9274745739175644,-0.4408825936849929
20.0,206.0,1000.9228515625,0.8244933528940794,0.1717593457825232,-2.3768181931737407,-0.0231454770967385,0.5188550651022683,-0.571934593955575,0.1201970601601191,-0.6224745911503293,-0.9274745739175644,-0.4408825936849929
20.0,206.0,1000.9228515625,0.8244933528940794,0.1717593457825232,-2.376818191353992,-0.0231454774645114,0.518855179095853,-0.571934593955575,0.1201970601601191,-0.6224750096081734,-0.9274745739175644,-0.4408825977298948
20.0,206.0,1000.9228515625,0.8244933528940794,0.1717593457825232,-2.3768181931737407,-0.0231454770949002,0.518855071084819,-0.571934593955575,0.1201970601601191,-0.6224752305254626,-0.9274745739175644,-0.4408825936849929
20.0,206.0,1000.9228515625,0.8244933528940769,0.1717593457825232,-2.3768181931737407,-0.0231454770855083,0.5188548722225405,-0.571934593955575,0.1201970601601191,-0.6224752948063276,-0.9274745739175644,-0.4408825952815947
20.0,206.0,1000.9228515625,0.8244933528940794,0.1717593457825232,-2.3768181931737407,-0.02314547708576,0.5188549956056944,-0.571934593955575,0.1201970601601191,-0.6224752737358081,-0.9274745739175644,-0.4408825970749195
20.0,206.0,1000.9228515625,0.8244933528940794,0.1717593457825232,-2.3768181913912985,-0.0231454770857481,0.518855071084819,-0.571934593955575,0.1201970601601191,-0.6224752305254626,-0.9274745739175644,-0.4408825976836819
20.0,206.0,1000.9228515625,0.8244933528940739,0.1717593457825232,-2.3768181931737407,-0.0231454770857601,0.5188549390173107,-0.571934593955575,0.1201970601601191,-0.6224745491760093,-0.9274745739175644,-0.440882595271642
20.0,206.0,1000.9228515625,0.8244933528940794,0.1717593457825232,-2.3768181931737407,-0.0231454770857481,0.5188550631229458,-0.571934593955575,0.1201970601601191,-0.6224752305254626,-0.9274745739175644,-0.4408825936849929
20.0,206.0,1000.9228515625,0.8244933528940794,0.1717593457825232,-2.376818192963925,-0.0231454770811601,0.518855071084819,-0.571934593955575,0.1201970601601191,-0.6224752733749308,-0.9274745739175644,-0.4408825936849929
20.0,206.0,1000.9228515625,0.8244933528940794,0.1717593457825232,-2.3768181931737407,-0.0231454770857481,0.518855071084819,-0.571934593955575,0.1201970601601191,-0.6224753292271257,-0.9274745739175644,-0.4408825936849929
20.0,206.0,1000.9228515625,0.8244933528940794,0.1717593457825232,-2.3768181931737407,-0.023145477085272,0.5188550686486088,-0.571934593955575,0.1201970601601191,-0.6224752311841399,-0.9274745739175644,-0.4408825970749195
20.0,206.0,1000.9228515625,0.8244933528940794,0.1717593457825232,-2.3768181931737407,-0.023145477085622,0.5188550651022683,-0.571934593955575,0.1201970601601191,-0.6224745911503293,-0.9274745739175644,-0.4408825936849929
20.0,206.0,1000.9228515625,0.8244933528940769,0.1717593457825232,-2.3768181931737407,-0.0231454770857547,0.5188548722225405,-0.571934593955575,0.1201970601601191,-0.6224752898194671,-0.9274745739175644,-0.4408825952819633
20.0,206.0,1000.9228515625,0.8244933528941869,0.1717593457825232,-2.3768181931737407,-0.0231454770845309,0.5188549390173107,-0.571934593955575,0.1201970601601191,-0.6224745491760093,-0.9274745739175644,-0.440882595271642
20.0,206.0,1000.9228515625,0.8244933528940794,0.1717593457825232,-2.3768181931737407,-0.0231454770857391,0.518855071084819,-0.571934593955575,0.1201970601601191,-0.6224753292271257,-0.9274745739175644,-0.440882595319649
20.0,206.0,1000.9228515625,0.8244933528940794,0.1717593457825232,-2.3768181930330443,-0.0231454770857481,0.518855071084819,-0.571934593955575,0.1201970601601191,-0.6224752733749308,-0.9274745739175644,-0.4408825936849929
20.0,206.0,1000.9228515625,0.8244933528940794,0.1717593457825232,-2.376818193061033,-0.0231454770857481,0.518855071084819,-0.571934593955575,0.1201970601601191,-0.6224754177054583,-0.9274745739175644,-0.4408825976836819
20.0,206.0,1000.9228515625,0.8244933528940739,0.1717593457825232,-2.3768181931737407,-0.0231454770857601,0.5188549390173107,-0.571934593955575,0.1201970601601191,-0.6224755737725376,-0.9274745739175644,-0.440882595271642
20.0,206.0,1000.9228515625,0.8244933528940794,0.1717593457825232,-2.3768181913912985,-0.0231454770968646,0.518855071084819,-0.571934593955575,0.1201970601601191,-0.6224752305254626,-0.9274745739175644,-0.4408825976836819
20.0,206.0,1000.9228515625,0.8244933528940739,0.1717593457825232,-2.3768181931737407,-0.0231454770855136,0.5188549783730564,-0.571934593955575,0.1201970601601191,-0.6224752103099741,-0.9274745739175644,-0.4408825952712734
20.0,206.0,1000.9228515625,0.8244933528940794,0.1717593457825232,-2.3768181931737407,-0.0231454770857481,0.518855071084819,-0.571934593955575,0.1201970601601191,-0.6224752305254626,-0.9274745739175644,-0.4408825936849929
20.0,206.0,1000.9228515625,0.8244933528940739,0.1717593457825232,-2.3768181931737407,-0.023145477085748,0.5188549783730564,-0.571934593955575,0.1201970601601191,-0.6224752063261246,-0.9274745739175644,-0.4408822358767253
20.0,206.0,1000.9228515625,0.8244933528940794,0.1717593457825232,-2.3768181931737407,-0.0231454773767155,0.5188550651022683,-0.571934593955575,0.1201970601601191,-0.6224745267222752,-0.9274745739175644,-0.4408825936849929
20.0,206.0,1000.9228515625,0.8244933528940794,0.1717593457825232,-2.3768181931737407,-0.02314547708576,0.5188549956056944,-0.571934593955575,0.1201970601601191,-0.6224752737358081,-0.9274745739175644,-0.4408825970749195
20.0,206.0,1000.9228515625,0.8244933528940739,0.1717593457825232,-2.3768181931737407,-0.0231454770857475,0.5188549390173107,-0.571934593955575,0.1201970601601191,-0.6224755795723167,-0.9274745739175644,-0.440882595271642
20.0,206.0,1000.9228515625,0.8244933528940794,0.1717593457825232,-2.3768181931737407,-0.0231454770857481,0.518855071084819,-0.571934593955575,0.1201970601601191,-0.6224752305254626,-0.9274745739175644,-0.4408825936849929
20.0,206.0,1000.9228515625,0.8244933528940794,0.1717593457825232,-2.3768181931737407,-0.0231454770857481,0.518855071084819,-0.571934593955575,0.1201970601601191,-0.6224752270133052,-0.9274745739175644,-0.4408825936849929
20.0,206.0,1000.9228515625,0.8244933528940794,0.1717593457825232,-2.3768181931737407,-0.0231454770857481,0.518855071084819,-0.571934593955575,0.1201970601601191,-0.6224752200468672,-0.9274745739175644,-0.4408825936849929
20.0,206.0,1000.9228515625,0.8244933528940794,0.1717593457825232,-2.3768181931737407,-0.0231454770857481,0.518855071084819,-0.571934593955575,0.1201970601601191,-0.6224752305254626,-0.9274745739175644,-0.4408825936849929
20.0,206.0,1000.9228515625,0.8244933528940794,0.1717593457825232,-2.3768181930330443,-0.0231454770857481,0.518855071084819,-0.571934593955575,0.1201970601601191,-0.6224752733749308,-0.9274745739175644,-0.4408825936849929
20.0,206.0,1000.9228515625,0.8244933528940794,0.1717593457825232,-2.37681819136488,-0.0231454774645114,0.5188550719914452,-0.571934593955575,0.1201970601601191,-0.6224750096081734,-0.9274745739175644,-0.4408825970711926
20.0,206.0,1000.9228515625,0.8244933528940794,0.1717593457825232,-2.3768181931737407,-0.0231454770857481,0.518855071084819,-0.571934593955575,0.1201970601601191,-0.6224752305254626,-0.9274745739175644,-0.4408825936849929
20.0,206.0,1000.9228515625,0.8244933528940794,0.1717593457825232,-2.3768181914227986,-0.0231454770857484,0.518855071084819,-0.571934593955575,0.1201970601601191,-0.6224755558012645,-0.9274745739175644,-0.4408825976836819
20.0,206.0,1000.9228515625,0.8244933528940794,0.1717593457825232,-2.3768181931737407,-0.0231454770857481,0.518855071084819,-0.571934593955575,0.1201970601601191,-0.6224752305254626,-0.9274745739175644,-0.4408825936849929
20.0,206.0,1000.9228515625,0.8244933528940739,0.1717593457825232,-2.3768181931737407,-0.0231454770855136,0.5188549783730564,-0.571934593955575,0.1201970601601191,-0.6224752103099741,-0.9274745739175644,-0.4408825952712734
20.0,206.0,1000.9228515625,0.8244933528940794,0.1717593457825232,-2.3768181930330443,-0.0231454770857481,0.518855071084819,-0.571934593955575,0.1201970601601191,-0.6224752733749308,-0.9274745739175644,-0.4408825936849929
20.0,206.0,1000.9228515625,0.8244933528940794,0.1717593457825232,-2.3768181931737407,-0.023145477085622,0.5188550651022683,-0.571934593955575,0.1201970601601191,-0.6224746016289248,-0.9274745739175644,-0.4408825936849929
20.0,206.0,1000.9228515625,0.8244933528940794,0.1717593457825232,-2.3768181931737407,-0.0231454770857481,0.518855071084819,-0.571934593955575,0.1201970601601191,-0.6224752305254626,-0.9274745739175644,-0.4408825936849929
20.0,206.0,1000.9228515625,0.8244933528941865,0.1717593457825232,-2.3768181931737407,-0.0231454770845309,0.5188549390173107,-0.571934593955575,0.1201970601601191,-0.6224745491760093,-0.9274745739175644,-0.440882595271642
20.0,206.0,1000.9228515625,0.8244933528940794,0.1717593457825232,-2.3768181941580337,-0.0231454774603887,0.518855071084819,-0.571934593955575,0.1201970601601191,-0.6224752305254626,-0.9274745739175644,-0.4408825936849929
20.0,206.0,1000.9228515625,0.8244933528940794,0.1717593457825232,-2.376818193162853,-0.023145477085272,0.5188551757530165,-0.571934593955575,0.1201970601601191,-0.6224752311841399,-0.9274745739175644,-0.4408825977336218
20.0,206.0,1000.9228515625,0.8244933528940739,0.1717593457825232,-2.376818193142241,-0.0231454770857598,0.5188549390173107,-0.571934593955575,0.1201970601601191,-0.6224752484967357,-0.9274745739175644,-0.440882595271642
20.0,207.0,1000.9228515625,0.8244933528940794,0.1717593457825232,-2.3768181931737407,-0.0231454770857481,0.518855071084819,-0.571934593955575,0.1201970601601191,-0.6224752305254626,-0.9274745739175644,-0.4408825936849929
20.0,207.0,1000.9228515625,0.8244933528940794,0.1717593457825232,-2.3768181941580337,-0.0231454774603887,0.518855071084819,-0.571934593955575,0.1201970601601191,-0.6224752305254626,-0.9274745739175644,-0.4408825936849929
20.0,207.0,1000.9228515625,0.8244933528940794,0.1717593457825232,-2.3768181930330443,-0.0231454770857481,0.518855071084819,-0.571934593955575,0.1201970601601191,-0.6224752733749308,-0.9274745739175644,-0.4408825936849929
20.0,207.0,1000.9228515625,0.8244933528940739,0.1717593457825232,-2.3768181931737407,-0.0231454770857601,0.5188549783730564,-0.571934593955575,0.1201970601601191,-0.6224752053231137,-0.9274745739175644,-0.440882595271642
20.0,207.0,1000.9228515625,0.8244933528940794,0.1717593457825232,-2.376818191353992,-0.0231454774599909,0.5188550210242336,-0.571934593955575,0.1201970601601191,-0.6224750096081734,-0.9274745739175644,-0.4408825939440672
20.0,207.0,1000.9228515625,0.8244933528940794,0.1717593457825232,-2.3768181931737407,-0.0231454770857481,0.518855071084819,-0.571934593955575,0.1201970601601191,-0.6224752305254626,-0.9274745739175644,-0.4408825936849929
20.0,207.0,1000.9228515625,0.8244933528940794,0.1717593457825232,-2.3768181931737407,-0.0231454770857481,0.518855071084819,-0.571934593955575,0.1201970601601191,-0.6224752305254626,-0.9274745739175644,-0.4408825936849929
20.0,207.0,1000.9228515625,0.8244933528940794,0.1717593457825232,-2.3768181931737407,-0.0231454770857481,0.518855071084819,-0.571934593955575,0.1201970601601191,-0.6224752305254626,-0.9274745739175644,-0.4408825936849929
20.0,207.0,1000.9228515625,0.8244933528940794,0.1717593457825232,-2.3768181931737407,-0.0231454770967385,0.5188550651022683,-0.571934593955575,0.1201970601601191,-0.6224745911503293,-0.9274745739175644,-0.4408825936849929
20.0,207.0,1000.9228515625,0.8244933528940794,0.1717593457825232,-2.376818191353992,-0.0231454774645114,0.518855179095853,-0.571934593955575,0.1201970601601191,-0.6224750096081734,-0.9274745739175644,-0.4408825977298948
20.0,207.0,1000.9228515625,0.8244933528940794,0.1717593457825232,-2.3768181931737407,-0.0231454770949002,0.518855071084819,-0.571934593955575,0.1201970601601191,-0.6224752305254626,-0.9274745739175644,-0.4408825936849929
20.0,207.0,1000.9228515625,0.8244933528940769,0.1717593457825232,-2.3768181931737407,-0.0231454770855083,0.5188548722225405,-0.571934593955575,0.1201970601601191,-0.6224752948063276,-0.9274745739175644,-0.4408825952815947
20.0,207.0,1000.9228515625,0.8244933528940794,0.1717593457825232,-2.3768181931737407,-0.02314547708576,0.5188549956056944,-0.571934593955575,0.1201970601601191,-0.6224752737358081,-0.9274745739175644,-0.4408825970749195
20.0,207.0,1000.9228515625,0.8244933528940794,0.1717593457825232,-2.3768181913912985,-0.0231454770857481,0.518855071084819,-0.571934593955575,0.1201970601601191,-0.6224752305254626,-0.9274745739175644,-0.4408825976836819
20.0,207.0,1000.9228515625,0.8244933528940739,0.1717593457825232,-2.3768181931737407,-0.0231454770857601,0.5188549390173107,-0.571934593955575,0.1201970601601191,-0.6224745491760093,-0.9274745739175644,-0.440882595271642
20.0,207.0,1000.9228515625,0.8244933528940794,0.1717593457825232,-2.3768181931737407,-0.0231454770857481,0.5188550631229458,-0.571934593955575,0.1201970601601191,-0.6224752305254626,-0.9274745739175644,-0.4408825936849929
20.0,207.0,1000.9228515625,0.8244933528940794,0.1717593457825232,-2.376818192963925,-0.0231454770811601,0.518855071084819,-0.571934593955575,0.1201970601601191,-0.6224752733749308,-0.9274745739175644,-0.4408825936849929
20.0,207.0,1000.9228515625,0.8244933528940794,0.1717593457825232,-2.3768181931737407,-0.0231454770857481,0.518855071084819,-0.571934593955575,0.1201970601601191,-0.6224753292271257,-0.9274745739175644,-0.4408825936849929
20.0,207.0,1000.9228515625,0.8244933528940794,0.1717593457825232,-2.3768181931737407,-0.023145477085272,0.5188550686486088,-0.571934593955575,0.1201970601601191,-0.6224752311841399,-0.9274745739175644,-0.4408825970749195
20.0,207.0,1000.9228515625,0.8244933528940794,0.1717593457825232,-2.3768181931737407,-0.023145477085622,0.5188550651022683,-0.571934593955575,0.1201970601601191,-0.6224745911503293,-0.9274745739175644,-0.4408825936849929
20.0,207.0,1000.9228515625,0.8244933528940769,0.1717593457825232,-2.3768181931737407,-0.0231454770857547,0.5188548722225405,-0.571934593955575,0.1201970601601191,-0.6224752898194671,-0.9274745739175644,-0.4408825952819633
20.0,207.0,1000.9228515625,0.8244933528941869,0.1717593457825232,-2.3768181931737407,-0.0231454770845309,0.5188549390173107,-0.571934593955575,0.1201970601601191,-0.6224745491760093,-0.9274745739175644,-0.440882595271642
20.0,207.0,1000.9228515625,0.8244933528940794,0.1717593457825232,-2.3768181931737407,-0.0231454770857391,0.518855071084819,-0.571934593955575,0.1201970601601191,-0.6224753292271257,-0.9274745739175644,-0.440882595319649
20.0,207.0,1000.9228515625,0.8244933528940794,0.1717593457825232,-2.3768181930330443,-0.0231454770857481,0.518855071084819,-0.571934593955575,0.1201970601601191,-0.6224752733749308,-0.9274745739175644,-0.4408825936849929
20.0,207.0,1000.9228515625,0.8244933528940794,0.1717593457825232,-2.376818193061033,-0.0231454770857481,0.518855071084819,-0.571934593955575,0.1201970601601191,-0.6224754177054583,-0.9274745739175644,-0.4408825976836819
20.0,207.0,1000.9228515625,0.8244933528940739,0.1717593457825232,-2.3768181931737407,-0.0231454770857601,0.5188549390173107,-0.571934593955575,0.1201970601601191,-0.6224755737725376,-0.9274745739175644,-0.440882595271642
20.0,207.0,1000.9228515625,0.8244933528940794,0.1717593457825232,-2.3768181913912985,-0.0231454770968646,0.518855071084819,-0.571934593955575,0.1201970601601191,-0.6224752305254626,-0.9274745739175644,-0.4408825976836819
20.0,207.0,1000.9228515625,0.8244933528940739,0.1717593457825232,-2.3768181931737407,-0.0231454770855136,0.5188549783730564,-0.571934593955575,0.1201970601601191,-0.6224752103099741,-0.9274745739175644,-0.4408825952712734
20.0,207.0,1000.9228515625,0.8244933528940794,0.1717593457825232,-2.3768181931737407,-0.0231454770857481,0.518855071084819,-0.571934593955575,0.1201970601601191,-0.6224752305254626,-0.9274745739175644,-0.4408825936849929
20.0,207.0,1000.9228515625,0.8244933528940739,0.1717593457825232,-2.3768181931737407,-0.023145477085748,0.5188549783730564,-0.571934593955575,0.1201970601601191,-0.6224752063261246,-0.9274745739175644,-0.4408822358767253
20.0,207.0,1000.9228515625,0.8244933528940794,0.1717593457825232,-2.3768181931737407,-0.0231454773767155,0.5188550651022683,-0.571934593955575,0.1201970601601191,-0.6224745267222752,-0.9274745739175644,-0.4408825936849929
20.0,207.0,1000.9228515625,0.8244933528940794,0.1717593457825232,-2.3768181931737407,-0.02314547708576,0.5188549956056944,-0.571934593955575,0.1201970601601191,-0.6224752737358081,-0.9274745739175644,-0.4408825970749195
20.0,207.0,1000.9228515625,0.8244933528940739,0.1717593457825232,-2.3768181931737407,-0.0231454770857475,0.5188549390173107,-0.571934593955575,0.1201970601601191,-0.6224755795723167,-0.9274745739175644,-0.440882595271642
20.0,207.0,1000.9228515625,0.8244933528940794,0.1717593457825232,-2.3768181931737407,-0.0231454770857481,0.518855071084819,-0.571934593955575,0.1201970601601191,-0.6224752305254626,-0.9274745739175644,-0.4408825936849929
20.0,207.0,1000.9228515625,0.8244933528940794,0.1717593457825232,-2.3768181931737407,-0.0231454770857481,0.518855071084819,-0.571934593955575,0.1201970601601191,-0.6224752270133052,-0.9274745739175644,-0.4408825936849929
20.0,207.0,1000.9228515625,0.8244933528940794,0.1717593457825232,-2.3768181931737407,-0.0231454770857481,0.518855071084819,-0.571934593955575,0.1201970601601191,-0.6224752200468672,-0.9274745739175644,-0.4408825936849929
20.0,207.0,1000.9228515625,0.8244933528940794,0.1717593457825232,-2.3768181931737407,-0.0231454770857481,0.518855071084819,-0.571934593955575,0.1201970601601191,-0.6224752305254626,-0.9274745739175644,-0.4408825936849929
20.0,207.0,1000.9228515625,0.8244933528940794,0.1717593457825232,-2.3768181930330443,-0.0231454770857481,0.518855071084819,-0.571934593955575,0.1201970601601191,-0.6224752733749308,-0.9274745739175644,-0.4408825936849929
20.0,207.0,1000.9228515625,0.8244933528940794,0.1717593457825232,-2.37681819136488,-0.0231454774645114,0.5188550719914452,-0.571934593955575,0.1201970601601191,-0.6224750096081734,-0.9274745739175644,-0.4408825970711926
20.0,207.0,1000.9228515625,0.8244933528940794,0.1717593457825232,-2.3768181931737407,-0.0231454770857481,0.518855071084819,-0.571934593955575,0.1201970601601191,-0.6224752305254626,-0.9274745739175644,-0.4408825936849929
20.0,207.0,1000.9228515625,0.8244933528940794,0.1717593457825232,-2.3768181914227986,-0.0231454770857484,0.518855071084819,-0.571934593955575,0.1201970601601191,-0.6224755558012645,-0.9274745739175644,-0.4408825976836819
20.0,207.0,1000.9228515625,0.8244933528940794,0.1717593457825232,-2.3768181931737407,-0.0231454770857481,0.518855071084819,-0.571934593955575,0.1201970601601191,-0.6224752305254626,-0.9274745739175644,-0.4408825936849929
20.0,207.0,1000.9228515625,0.8244933528940739,0.1717593457825232,-2.3768181931737407,-0.0231454770855136,0.5188549783730564,-0.571934593955575,0.1201970601601191,-0.6224752103099741,-0.9274745739175644,-0.4408825952712734
20.0,207.0,1000.9228515625,0.8244933528940794,0.1717593457825232,-2.3768181930330443,-0.0231454770857481,0.518855071084819,-0.571934593955575,0.1201970601601191,-0.6224752733749308,-0.9274745739175644,-0.4408825936849929
20.0,207.0,1000.9228515625,0.8244933528940794,0.1717593457825232,-2.3768181931737407,-0.023145477085622,0.5188550651022683,-0.571934593955575,0.1201970601601191,-0.6224746016289248,-0.9274745739175644,-0.4408825936849929
20.0,207.0,1000.9228515625,0.8244933528940794,0.1717593457825232,-2.3768181931737407,-0.0231454770857481,0.518855071084819,-0.571934593955575,0.1201970601601191,-0.6224752305254626,-0.9274745739175644,-0.4408825936849929
20.0,207.0,1000.9228515625,0.8244933528941865,0.1717593457825232,-2.3768181931737407,-0.0231454770845309,0.5188549390173107,-0.571934593955575,0.1201970601601191,-0.6224745491760093,-0.9274745739175644,-0.440882595271642
20.0,207.0,1000.9228515625,0.8244933528940794,0.1717593457825232,-2.3768181941580337,-0.0231454774603887,0.518855071084819,-0.571934593955575,0.1201970601601191,-0.6224752305254626,-0.9274745739175644,-0.4408825936849929
20.0,207.0,1000.9228515625,0.8244933528940794,0.1717593457825232,-2.376818193162853,-0.023145477085272,0.5188551757530165,-0.571934593955575,0.1201970601601191,-0.6224752311841399,-0.9274745739175644,-0.4408825977336218
20.0,207.0,1000.9228515625,0.8244933528940739,0.1717593457825232,-2.376818193142241,-0.0231454770857598,0.5188549390173107,-0.571934593955575,0.1201970601601191,-0.6224752484967357,-0.9274745739175644,-0.440882595271642
20.0,208.0,1000.9228515625,0.8244933528940794,0.1717593457825232,-2.3768181931737407,-0.0231454770857481,0.518855071084819,-0.571934593955575,0.1201970601601191,-0.6224752305254626,-0.9274745739175644,-0.4408825936849929
20.0,208.0,1000.9228515625,0.8244933528940794,0.1717593457825232,-2.3768181941580337,-0.0231454774603887,0.518855071084819,-0.571934593955575,0.1201970601601191,-0.6224752305254626,-0.9274745739175644,-0.4408825936849929
20.0,208.0,1000.9228515625,0.8244933528940794,0.1717593457825232,-2.3768181930330443,-0.0231454770857481,0.518855071084819,-0.571934593955575,0.1201970601601191,-0.6224752733749308,-0.9274745739175644,-0.4408825936849929
20.0,208.0,1000.9228515625,0.8244933528940739,0.1717593457825232,-2.3768181931737407,-0.0231454770857601,0.5188549783730564,-0.571934593955575,0.1201970601601191,-0.6224752053231137,-0.9274745739175644,-0.440882595271642
20.0,208.0,1000.9228515625,0.8244933528940794,0.1717593457825232,-2.376818191353992,-0.0231454774599909,0.5188550210242336,-0.571934593955575,0.1201970601601191,-0.6224750096081734,-0.9274745739175644,-0.4408825939440672
20.0,208.0,1000.9228515625,0.8244933528940794,0.1717593457825232,-2.3768181931737407,-0.0231454770857481,0.518855071084819,-0.571934593955575,0.1201970601601191,-0.6224752305254626,-0.9274745739175644,-0.4408825936849929
20.0,208.0,1000.9228515625,0.8244933528940794,0.1717593457825232,-2.3768181931737407,-0.0231454770857481,0.518855071084819,-0.571934593955575,0.1201970601601191,-0.6224752305254626,-0.9274745739175644,-0.4408825936849929
20.0,208.0,1000.9228515625,0.8244933528940794,0.1717593457825232,-2.3768181931737407,-0.0231454770857481,0.518855071084819,-0.571934593955575,0.1201970601601191,-0.6224752305254626,-0.9274745739175644,-0.4408825936849929
20.0,208.0,1000.9228515625,0.8244933528940794,0.1717593457825232,-2.3768181931737407,-0.0231454770967385,0.5188550651022683,-0.571934593955575,0.1201970601601191,-0.6224745911503293,-0.9274745739175644,-0.4408825936849929
20.0,208.0,1000.9228515625,0.8244933528940794,0.1717593457825232,-2.376818191353992,-0.0231454774645114,0.518855179095853,-0.571934593955575,0.1201970601601191,-0.6224750096081734,-0.9274745739175644,-0.4408825977298948
20.0,208.0,1000.9228515625,0.8244933528940794,0.1717593457825232,-2.3768181931737407,-0.0231454770949002,0.518855071084819,-0.571934593955575,0.1201970601601191,-0.6224752305254626,-0.9274745739175644,-0.4408825936849929
20.0,208.0,1000.9228515625,0.8244933528940769,0.1717593457825232,-2.3768181931737407,-0.0231454770855083,0.5188548722225405,-0.571934593955575,0.1201970601601191,-0.6224752948063276,-0.9274745739175644,-0.4408825952815947
20.0,208.0,1000.9228515625,0.8244933528940794,0.1717593457825232,-2.3768181931737407,-0.02314547708576,0.5188549956056944,-0.571934593955575,0.1201970601601191,-0.6224752737358081,-0.9274745739175644,-0.4408825970749195
20.0,208.0,1000.9228515625,0.8244933528940794,0.1717593457825232,-2.3768181913912985,-0.0231454770857481,0.518855071084819,-0.571934593955575,0.1201970601601191,-0.6224752305254626,-0.9274745739175644,-0.4408825976836819
20.0,208.0,1000.9228515625,0.8244933528940739,0.1717593457825232,-2.3768181931737407,-0.0231454770857601,0.5188549390173107,-0.571934593955575,0.1201970601601191,-0.6224745491760093,-0.9274745739175644,-0.440882595271642
20.0,208.0,1000.9228515625,0.8244933528940794,0.1717593457825232,-2.3768181931737407,-0.0231454770857481,0.5188550631229458,-0.571934593955575,0.1201970601601191,-0.6224752305254626,-0.9274745739175644,-0.4408825936849929
20.0,208.0,1000.9228515625,0.8244933528940794,0.1717593457825232,-2.376818192963925,-0.0231454770811601,0.518855071084819,-0.571934593955575,0.1201970601601191,-0.6224752733749308,-0.9274745739175644,-0.4408825936849929
20.0,208.0,1000.9228515625,0.8244933528940794,0.1717593457825232,-2.3768181931737407,-0.0231454770857481,0.518855071084819,-0.571934593955575,0.1201970601601191,-0.6224753292271257,-0.9274745739175644,-0.4408825936849929
20.0,208.0,1000.9228515625,0.8244933528940794,0.1717593457825232,-2.3768181931737407,-0.023145477085272,0.5188550686486088,-0.571934593955575,0.1201970601601191,-0.6224752311841399,-0.9274745739175644,-0.4408825970749195
20.0,208.0,1000.9228515625,0.8244933528940794,0.1717593457825232,-2.3768181931737407,-0.023145477085622,0.5188550651022683,-0.571934593955575,0.1201970601601191,-0.6224745911503293,-0.9274745739175644,-0.4408825936849929
20.0,208.0,1000.9228515625,0.8244933528940769,0.1717593457825232,-2.3768181931737407,-0.0231454770857547,0.5188548722225405,-0.571934593955575,0.1201970601601191,-0.6224752898194671,-0.9274745739175644,-0.4408825952819633
20.0,208.0,1000.9228515625,0.8244933528941869,0.1717593457825232,-2.3768181931737407,-0.0231454770845309,0.5188549390173107,-0.571934593955575,0.1201970601601191,-0.6224745491760093,-0.9274745739175644,-0.440882595271642
20.0,208.0,1000.9228515625,0.8244933528940794,0.1717593457825232,-2.3768181931737407,-0.0231454770857391,0.518855071084819,-0.571934593955575,0.1201970601601191,-0.6224753292271257,-0.9274745739175644,-0.440882595319649
20.0,208.0,1000.9228515625,0.8244933528940794,0.1717593457825232,-2.3768181930330443,-0.0231454770857481,0.518855071084819,-0.571934593955575,0.1201970601601191,-0.6224752733749308,-0.9274745739175644,-0.4408825936849929
20.0,208.0,1000.9228515625,0.8244933528940794,0.1717593457825232,-2.376818193061033,-0.0231454770857481,0.518855071084819,-0.571934593955575,0.1201970601601191,-0.6224754177054583,-0.9274745739175644,-0.4408825976836819
20.0,208.0,1000.9228515625,0.8244933528940739,0.1717593457825232,-2.3768181931737407,-0.0231454770857601,0.5188549390173107,-0.571934593955575,0.1201970601601191,-0.6224755737725376,-0.9274745739175644,-0.440882595271642
20.0,208.0,1000.9228515625,0.8244933528940794,0.1717593457825232,-2.3768181913912985,-0.0231454770968646,0.518855071084819,-0.571934593955575,0.1201970601601191,-0.6224752305254626,-0.9274745739175644,-0.4408825976836819
20.0,208.0,1000.9228515625,0.8244933528940739,0.1717593457825232,-2.3768181931737407,-0.0231454770855136,0.5188549783730564,-0.571934593955575,0.1201970601601191,-0.6224752103099741,-0.9274745739175644,-0.4408825952712734
20.0,208.0,1000.9228515625,0.8244933528940794,0.1717593457825232,-2.3768181931737407,-0.0231454770857481,0.518855071084819,-0.571934593955575,0.1201970601601191,-0.6224752305254626,-0.9274745739175644,-0.4408825936849929
20.0,208.0,1000.9228515625,0.8244933528940739,0.1717593457825232,-2.3768181931737407,-0.023145477085748,0.5188549783730564,-0.571934593955575,0.1201970601601191,-0.6224752063261246,-0.9274745739175644,-0.4408822358767253
20.0,208.0,1000.9228515625,0.8244933528940794,0.1717593457825232,-2.3768181931737407,-0.0231454773767155,0.5188550651022683,-0.571934593955575,0.1201970601601191,-0.6224745267222752,-0.9274745739175644,-0.4408825936849929
20.0,208.0,1000.9228515625,0.8244933528940794,0.1717593457825232,-2.3768181931737407,-0.02314547708576,0.5188549956056944,-0.571934593955575,0.1201970601601191,-0.6224752737358081,-0.9274745739175644,-0.4408825970749195
20.0,208.0,1000.9228515625,0.8244933528940739,0.1717593457825232,-2.3768181931737407,-0.0231454770857475,0.5188549390173107,-0.571934593955575,0.1201970601601191,-0.6224755795723167,-0.9274745739175644,-0.440882595271642
20.0,208.0,1000.9228515625,0.8244933528940794,0.1717593457825232,-2.3768181931737407,-0.0231454770857481,0.518855071084819,-0.571934593955575,0.1201970601601191,-0.6224752305254626,-0.9274745739175644,-0.4408825936849929
20.0,208.0,1000.9228515625,0.8244933528940794,0.1717593457825232,-2.3768181931737407,-0.0231454770857481,0.518855071084819,-0.571934593955575,0.1201970601601191,-0.6224752270133052,-0.9274745739175644,-0.4408825936849929
20.0,208.0,1000.9228515625,0.8244933528940794,0.1717593457825232,-2.3768181931737407,-0.0231454770857481,0.518855071084819,-0.571934593955575,0.1201970601601191,-0.6224752200468672,-0.9274745739175644,-0.4408825936849929
20.0,208.0,1000.9228515625,0.8244933528940794,0.1717593457825232,-2.3768181931737407,-0.0231454770857481,0.518855071084819,-0.571934593955575,0.1201970601601191,-0.6224752305254626,-0.9274745739175644,-0.4408825936849929
20.0,208.0,1000.9228515625,0.8244933528940794,0.1717593457825232,-2.3768181930330443,-0.0231454770857481,0.518855071084819,-0.571934593955575,0.1201970601601191,-0.6224752733749308,-0.9274745739175644,-0.4408825936849929
20.0,208.0,1000.9228515625,0.8244933528940794,0.1717593457825232,-2.37681819136488,-0.0231454774645114,0.5188550719914452,-0.571934593955575,0.1201970601601191,-0.6224750096081734,-0.9274745739175644,-0.4408825970711926
20.0,208.0,1000.9228515625,0.8244933528940794,0.1717593457825232,-2.3768181931737407,-0.0231454770857481,0.518855071084819,-0.571934593955575,0.1201970601601191,-0.6224752305254626,-0.9274745739175644,-0.4408825936849929
20.0,208.0,1000.9228515625,0.8244933528940794,0.1717593457825232,-2.3768181914227986,-0.0231454770857484,0.518855071084819,-0.571934593955575,0.1201970601601191,-0.6224755558012645,-0.9274745739175644,-0.4408825976836819
20.0,208.0,1000.9228515625,0.8244933528940794,0.1717593457825232,-2.3768181931737407,-0.0231454770857481,0.518855071084819,-0.571934593955575,0.1201970601601191,-0.6224752305254626,-0.9274745739175644,-0.4408825936849929
20.0,208.0,1000.9228515625,0.8244933528940739,0.1717593457825232,-2.3768181931737407,-0.0231454770855136,0.5188549783730564,-0.571934593955575,0.1201970601601191,-0.6224752103099741,-0.9274745739175644,-0.4408825952712734
20.0,208.0,1000.9228515625,0.8244933528940794,0.1717593457825232,-2.3768181930330443,-0.0231454770857481,0.518855071084819,-0.571934593955575,0.1201970601601191,-0.6224752733749308,-0.9274745739175644,-0.4408825936849929
20.0,208.0,1000.9228515625,0.8244933528940794,0.1717593457825232,-2.3768181931737407,-0.023145477085622,0.5188550651022683,-0.571934593955575,0.1201970601601191,-0.6224746016289248,-0.9274745739175644,-0.4408825936849929
20.0,208.0,1000.9228515625,0.8244933528940794,0.1717593457825232,-2.3768181931737407,-0.0231454770857481,0.518855071084819,-0.571934593955575,0.1201970601601191,-0.6224752305254626,-0.9274745739175644,-0.4408825936849929
20.0,208.0,1000.9228515625,0.8244933528941865,0.1717593457825232,-2.3768181931737407,-0.0231454770845309,0.5188549390173107,-0.571934593955575,0.1201970601601191,-0.6224745491760093,-0.9274745739175644,-0.440882595271642
20.0,208.0,1000.9228515625,0.8244933528940794,0.1717593457825232,-2.3768181941580337,-0.0231454774603887,0.518855071084819,-0.571934593955575,0.1201970601601191,-0.6224752305254626,-0.9274745739175644,-0.4408825936849929
20.0,208.0,1000.9228515625,0.8244933528940794,0.1717593457825232,-2.376818193162853,-0.023145477085272,0.5188551757530165,-0.571934593955575,0.1201970601601191,-0.6224752311841399,-0.9274745739175644,-0.4408825977336218
20.0,208.0,1000.9228515625,0.8244933528940739,0.1717593457825232,-2.376818193142241,-0.0231454770857598,0.5188549390173107,-0.571934593955575,0.1201970601601191,-0.6224752484967357,-0.9274745739175644,-0.440882595271642
20.0,209.0,1000.9228515625,0.8244933528940794,0.1717593457825232,-2.3768181931737407,-0.0231454770857481,0.518855071084819,-0.571934593955575,0.1201970601601191,-0.6224752305254626,-0.9274745739175644,-0.4408825936849929
20.0,209.0,1000.9228515625,0.8244933528940794,0.1717593457825232,-2.3768181941580337,-0.0231454774603887,0.518855071084819,-0.571934593955575,0.1201970601601191,-0.6224752305254626,-0.9274745739175644,-0.4408825936849929
20.0,209.0,1000.9228515625,0.8244933528940794,0.1717593457825232,-2.3768181930330443,-0.0231454770857481,0.518855071084819,-0.571934593955575,0.1201970601601191,-0.6224752733749308,-0.9274745739175644,-0.4408825936849929
20.0,209.0,1000.9228515625,0.8244933528940739,0.1717593457825232,-2.3768181931737407,-0.0231454770857601,0.5188549783730564,-0.571934593955575,0.1201970601601191,-0.6224752053231137,-0.9274745739175644,-0.440882595271642
20.0,209.0,1000.9228515625,0.8244933528940794,0.1717593457825232,-2.376818191353992,-0.0231454774599909,0.5188550210242336,-0.571934593955575,0.1201970601601191,-0.6224750096081734,-0.9274745739175644,-0.4408825939440672
20.0,209.0,1000.9228515625,0.8244933528940794,0.1717593457825232,-2.3768181931737407,-0.0231454770857481,0.518855071084819,-0.571934593955575,0.1201970601601191,-0.6224752305254626,-0.9274745739175644,-0.4408825936849929
20.0,209.0,1000.9228515625,0.8244933528940794,0.1717593457825232,-2.3768181931737407,-0.0231454770857481,0.518855071084819,-0.571934593955575,0.1201970601601191,-0.6224752305254626,-0.9274745739175644,-0.4408825936849929
20.0,209.0,1000.9228515625,0.8244933528940794,0.1717593457825232,-2.3768181931737407,-0.0231454770857481,0.518855071084819,-0.571934593955575,0.1201970601601191,-0.6224752305254626,-0.9274745739175644,-0.4408825936849929
20.0,209.0,1000.9228515625,0.8244933528940794,0.1717593457825232,-2.3768181931737407,-0.0231454770967385,0.5188550651022683,-0.571934593955575,0.1201970601601191,-0.6224745911503293,-0.9274745739175644,-0.4408825936849929
20.0,209.0,1000.9228515625,0.8244933528940794,0.1717593457825232,-2.376818191353992,-0.0231454774645114,0.518855179095853,-0.571934593955575,0.1201970601601191,-0.6224750096081734,-0.9274745739175644,-0.4408825977298948
20.0,209.0,1000.9228515625,0.8244933528940794,0.1717593457825232,-2.3768181931737407,-0.0231454770949002,0.518855071084819,-0.571934593955575,0.1201970601601191,-0.6224752305254626,-0.9274745739175644,-0.4408825936849929
20.0,209.0,1000.9228515625,0.8244933528940769,0.1717593457825232,-2.3768181931737407,-0.0231454770855083,0.5188548722225405,-0.571934593955575,0.1201970601601191,-0.6224752948063276,-0.9274745739175644,-0.4408825952815947
20.0,209.0,1000.9228515625,0.8244933528940794,0.1717593457825232,-2.3768181931737407,-0.02314547708576,0.5188549956056944,-0.571934593955575,0.1201970601601191,-0.6224752737358081,-0.9274745739175644,-0.4408825970749195
20.0,209.0,1000.9228515625,0.8244933528940794,0.1717593457825232,-2.3768181913912985,-0.0231454770857481,0.518855071084819,-0.571934593955575,0.1201970601601191,-0.6224752305254626,-0.9274745739175644,-0.4408825976836819
20.0,209.0,1000.9228515625,0.8244933528940739,0.1717593457825232,-2.3768181931737407,-0.0231454770857601,0.5188549390173107,-0.571934593955575,0.1201970601601191,-0.6224745491760093,-0.9274745739175644,-0.440882595271642
20.0,209.0,1000.9228515625,0.8244933528940794,0.1717593457825232,-2.3768181931737407,-0.0231454770857481,0.5188550631229458,-0.571934593955575,0.1201970601601191,-0.6224752305254626,-0.9274745739175644,-0.4408825936849929
20.0,209.0,1000.9228515625,0.8244933528940794,0.1717593457825232,-2.376818192963925,-0.0231454770811601,0.518855071084819,-0.571934593955575,0.1201970601601191,-0.6224752733749308,-0.9274745739175644,-0.4408825936849929
20.0,209.0,1000.9228515625,0.8244933528940794,0.1717593457825232,-2.3768181931737407,-0.0231454770857481,0.518855071084819,-0.571934593955575,0.1201970601601191,-0.6224753292271257,-0.9274745739175644,-0.4408825936849929
20.0,209.0,1000.9228515625,0.8244933528940794,0.1717593457825232,-2.3768181931737407,-0.023145477085272,0.5188550686486088,-0.571934593955575,0.1201970601601191,-0.6224752311841399,-0.9274745739175644,-0.4408825970749195
20.0,209.0,1000.9228515625,0.8244933528940794,0.1717593457825232,-2.3768181931737407,-0.023145477085622,0.5188550651022683,-0.571934593955575,0.1201970601601191,-0.6224745911503293,-0.9274745739175644,-0.4408825936849929
20.0,209.0,1000.9228515625,0.8244933528940769,0.1717593457825232,-2.3768181931737407,-0.0231454770857547,0.5188548722225405,-0.571934593955575,0.1201970601601191,-0.6224752898194671,-0.9274745739175644,-0.4408825952819633
20.0,209.0,1000.9228515625,0.8244933528941869,0.1717593457825232,-2.3768181931737407,-0.0231454770845309,0.5188549390173107,-0.571934593955575,0.1201970601601191,-0.6224745491760093,-0.9274745739175644,-0.440882595271642
20.0,209.0,1000.9228515625,0.8244933528940794,0.1717593457825232,-2.3768181931737407,-0.0231454770857391,0.518855071084819,-0.571934593955575,0.1201970601601191,-0.6224753292271257,-0.9274745739175644,-0.440882595319649
20.0,209.0,1000.9228515625,0.8244933528940794,0.1717593457825232,-2.3768181930330443,-0.0231454770857481,0.518855071084819,-0.571934593955575,0.1201970601601191,-0.6224752733749308,-0.9274745739175644,-0.4408825936849929
20.0,209.0,1000.9228515625,0.8244933528940794,0.1717593457825232,-2.376818193061033,-0.0231454770857481,0.518855071084819,-0.571934593955575,0.1201970601601191,-0.6224754177054583,-0.9274745739175644,-0.4408825976836819
20.0,209.0,1000.9228515625,0.8244933528940739,0.1717593457825232,-2.3768181931737407,-0.0231454770857601,0.5188549390173107,-0.571934593955575,0.1201970601601191,-0.6224755737725376,-0.9274745739175644,-0.440882595271642
20.0,209.0,1000.9228515625,0.8244933528940794,0.1717593457825232,-2.3768181913912985,-0.0231454770968646,0.518855071084819,-0.571934593955575,0.1201970601601191,-0.6224752305254626,-0.9274745739175644,-0.4408825976836819
20.0,209.0,1000.9228515625,0.8244933528940739,0.1717593457825232,-2.3768181931737407,-0.0231454770855136,0.5188549783730564,-0.571934593955575,0.1201970601601191,-0.6224752103099741,-0.9274745739175644,-0.4408825952712734
20.0,209.0,1000.9228515625,0.8244933528940794,0.1717593457825232,-2.3768181931737407,-0.0231454770857481,0.518855071084819,-0.571934593955575,0.1201970601601191,-0.6224752305254626,-0.9274745739175644,-0.4408825936849929
20.0,209.0,1000.9228515625,0.8244933528940739,0.1717593457825232,-2.3768181931737407,-0.023145477085748,0.5188549783730564,-0.571934593955575,0.1201970601601191,-0.6224752063261246,-0.9274745739175644,-0.4408822358767253
20.0,209.0,1000.9228515625,0.8244933528940794,0.1717593457825232,-2.3768181931737407,-0.0231454773767155,0.5188550651022683,-0.571934593955575,0.1201970601601191,-0.6224745267222752,-0.9274745739175644,-0.4408825936849929
20.0,209.0,1000.9228515625,0.8244933528940794,0.1717593457825232,-2.3768181931737407,-0.02314547708576,0.5188549956056944,-0.571934593955575,0.1201970601601191,-0.6224752737358081,-0.9274745739175644,-0.4408825970749195
20.0,209.0,1000.9228515625,0.8244933528940739,0.1717593457825232,-2.3768181931737407,-0.0231454770857475,0.5188549390173107,-0.571934593955575,0.1201970601601191,-0.6224755795723167,-0.9274745739175644,-0.440882595271642
20.0,209.0,1000.9228515625,0.8244933528940794,0.1717593457825232,-2.3768181931737407,-0.0231454770857481,0.518855071084819,-0.571934593955575,0.1201970601601191,-0.6224752305254626,-0.9274745739175644,-0.4408825936849929
20.0,209.0,1000.9228515625,0.8244933528940794,0.1717593457825232,-2.3768181931737407,-0.0231454770857481,0.518855071084819,-0.571934593955575,0.1201970601601191,-0.6224752270133052,-0.9274745739175644,-0.4408825936849929
20.0,209.0,1000.9228515625,0.8244933528940794,0.1717593457825232,-2.3768181931737407,-0.0231454770857481,0.518855071084819,-0.571934593955575,0.1201970601601191,-0.6224752200468672,-0.9274745739175644,-0.4408825936849929
20.0,209.0,1000.9228515625,0.8244933528940794,0.1717593457825232,-2.3768181931737407,-0.0231454770857481,0.518855071084819,-0.571934593955575,0.1201970601601191,-0.6224752305254626,-0.9274745739175644,-0.4408825936849929
20.0,209.0,1000.9228515625,0.8244933528940794,0.1717593457825232,-2.3768181930330443,-0.0231454770857481,0.518855071084819,-0.571934593955575,0.1201970601601191,-0.6224752733749308,-0.9274745739175644,-0.4408825936849929
20.0,209.0,1000.9228515625,0.8244933528940794,0.1717593457825232,-2.37681819136488,-0.0231454774645114,0.5188550719914452,-0.571934593955575,0.1201970601601191,-0.6224750096081734,-0.9274745739175644,-0.4408825970711926
20.0,209.0,1000.9228515625,0.8244933528940794,0.1717593457825232,-2.3768181931737407,-0.0231454770857481,0.518855071084819,-0.571934593955575,0.1201970601601191,-0.6224752305254626,-0.9274745739175644,-0.4408825936849929
20.0,209.0,1000.9228515625,0.8244933528940794,0.1717593457825232,-2.3768181914227986,-0.0231454770857484,0.518855071084819,-0.571934593955575,0.1201970601601191,-0.6224755558012645,-0.9274745739175644,-0.4408825976836819
20.0,209.0,1000.9228515625,0.8244933528940794,0.1717593457825232,-2.3768181931737407,-0.0231454770857481,0.518855071084819,-0.571934593955575,0.1201970601601191,-0.6224752305254626,-0.9274745739175644,-0.4408825936849929
20.0,209.0,1000.9228515625,0.8244933528940739,0.1717593457825232,-2.3768181931737407,-0.0231454770855136,0.5188549783730564,-0.571934593955575,0.1201970601601191,-0.6224752103099741,-0.9274745739175644,-0.4408825952712734
20.0,209.0,1000.9228515625,0.8244933528940794,0.1717593457825232,-2.3768181930330443,-0.0231454770857481,0.518855071084819,-0.571934593955575,0.1201970601601191,-0.6224752733749308,-0.9274745739175644,-0.4408825936849929
20.0,209.0,1000.9228515625,0.8244933528940794,0.1717593457825232,-2.3768181931737407,-0.023145477085622,0.5188550651022683,-0.571934593955575,0.1201970601601191,-0.6224746016289248,-0.9274745739175644,-0.4408825936849929
20.0,209.0,1000.9228515625,0.8244933528940794,0.1717593457825232,-2.3768181931737407,-0.0231454770857481,0.518855071084819,-0.571934593955575,0.1201970601601191,-0.6224752305254626,-0.9274745739175644,-0.4408825936849929
20.0,209.0,1000.9228515625,0.8244933528941865,0.1717593457825232,-2.3768181931737407,-0.0231454770845309,0.5188549390173107,-0.571934593955575,0.1201970601601191,-0.6224745491760093,-0.9274745739175644,-0.440882595271642
20.0,209.0,1000.9228515625,0.8244933528940794,0.1717593457825232,-2.3768181941580337,-0.0231454774603887,0.518855071084819,-0.571934593955575,0.1201970601601191,-0.6224752305254626,-0.9274745739175644,-0.4408825936849929
20.0,209.0,1000.9228515625,0.8244933528940794,0.1717593457825232,-2.376818193162853,-0.023145477085272,0.5188551757530165,-0.571934593955575,0.1201970601601191,-0.6224752311841399,-0.9274745739175644,-0.4408825977336218
20.0,209.0,1000.9228515625,0.8244933528940739,0.1717593457825232,-2.376818193142241,-0.0231454770857598,0.5188549390173107,-0.571934593955575,0.1201970601601191,-0.6224752484967357,-0.9274745739175644,-0.440882595271642
20.0,210.0,1000.9228515625,0.8244933528940794,0.1717593457825232,-2.3768181931737407,-0.0231454770857481,0.518855071084819,-0.571934593955575,0.1201970601601191,-0.6224752305254626,-0.9274745739175644,-0.4408825936849929
20.0,210.0,1000.9228515625,0.8244933528940794,0.1717593457825232,-2.3768181941580337,-0.0231454774603887,0.518855071084819,-0.571934593955575,0.1201970601601191,-0.6224752305254626,-0.9274745739175644,-0.4408825936849929
20.0,210.0,1000.9228515625,0.8244933528940794,0.1717593457825232,-2.3768181930330443,-0.0231454770857481,0.518855071084819,-0.571934593955575,0.1201970601601191,-0.6224752733749308,-0.9274745739175644,-0.4408825936849929
20.0,210.0,1000.9228515625,0.8244933528940739,0.1717593457825232,-2.3768181931737407,-0.0231454770857601,0.5188549783730564,-0.571934593955575,0.1201970601601191,-0.6224752053231137,-0.9274745739175644,-0.440882595271642
20.0,210.0,1000.9228515625,0.8244933528940794,0.1717593457825232,-2.376818191353992,-0.0231454774599909,0.5188550210242336,-0.571934593955575,0.1201970601601191,-0.6224750096081734,-0.9274745739175644,-0.4408825939440672
20.0,210.0,1000.9228515625,0.8244933528940794,0.1717593457825232,-2.3768181931737407,-0.0231454770857481,0.518855071084819,-0.571934593955575,0.1201970601601191,-0.6224752305254626,-0.9274745739175644,-0.4408825936849929
20.0,210.0,1000.9228515625,0.8244933528940794,0.1717593457825232,-2.3768181931737407,-0.0231454770857481,0.518855071084819,-0.571934593955575,0.1201970601601191,-0.6224752305254626,-0.9274745739175644,-0.4408825936849929
20.0,210.0,1000.9228515625,0.8244933528940794,0.1717593457825232,-2.3768181931737407,-0.0231454770857481,0.518855071084819,-0.571934593955575,0.1201970601601191,-0.6224752305254626,-0.9274745739175644,-0.4408825936849929
20.0,210.0,1000.9228515625,0.8244933528940794,0.1717593457825232,-2.3768181931737407,-0.0231454770967385,0.5188550651022683,-0.571934593955575,0.1201970601601191,-0.6224745911503293,-0.9274745739175644,-0.4408825936849929
20.0,210.0,1000.9228515625,0.8244933528940794,0.1717593457825232,-2.376818191353992,-0.0231454774645114,0.518855179095853,-0.571934593955575,0.1201970601601191,-0.6224750096081734,-0.9274745739175644,-0.4408825977298948
20.0,210.0,1000.9228515625,0.8244933528940794,0.1717593457825232,-2.3768181931737407,-0.0231454770949002,0.518855071084819,-0.571934593955575,0.1201970601601191,-0.6224752305254626,-0.9274745739175644,-0.4408825936849929
20.0,210.0,1000.9228515625,0.8244933528940769,0.1717593457825232,-2.3768181931737407,-0.0231454770855083,0.5188548722225405,-0.571934593955575,0.1201970601601191,-0.6224752948063276,-0.9274745739175644,-0.4408825952815947
20.0,210.0,1000.9228515625,0.8244933528940794,0.1717593457825232,-2.3768181931737407,-0.02314547708576,0.5188549956056944,-0.571934593955575,0.1201970601601191,-0.6224752737358081,-0.9274745739175644,-0.4408825970749195
20.0,210.0,1000.9228515625,0.8244933528940794,0.1717593457825232,-2.3768181913912985,-0.0231454770857481,0.518855071084819,-0.571934593955575,0.1201970601601191,-0.6224752305254626,-0.9274745739175644,-0.4408825976836819
20.0,210.0,1000.9228515625,0.8244933528940739,0.1717593457825232,-2.3768181931737407,-0.0231454770857601,0.5188549390173107,-0.571934593955575,0.1201970601601191,-0.6224745491760093,-0.9274745739175644,-0.440882595271642
20.0,210.0,1000.9228515625,0.8244933528940794,0.1717593457825232,-2.3768181931737407,-0.0231454770857481,0.5188550631229458,-0.571934593955575,0.1201970601601191,-0.6224752305254626,-0.9274745739175644,-0.4408825936849929
20.0,210.0,1000.9228515625,0.8244933528940794,0.1717593457825232,-2.376818192963925,-0.0231454770811601,0.518855071084819,-0.571934593955575,0.1201970601601191,-0.6224752733749308,-0.9274745739175644,-0.4408825936849929
20.0,210.0,1000.9228515625,0.8244933528940794,0.1717593457825232,-2.3768181931737407,-0.0231454770857481,0.518855071084819,-0.571934593955575,0.1201970601601191,-0.6224753292271257,-0.9274745739175644,-0.4408825936849929
20.0,210.0,1000.9228515625,0.8244933528940794,0.1717593457825232,-2.3768181931737407,-0.023145477085272,0.5188550686486088,-0.571934593955575,0.1201970601601191,-0.6224752311841399,-0.9274745739175644,-0.4408825970749195
20.0,210.0,1000.9228515625,0.8244933528940794,0.1717593457825232,-2.3768181931737407,-0.023145477085622,0.5188550651022683,-0.571934593955575,0.1201970601601191,-0.6224745911503293,-0.9274745739175644,-0.4408825936849929
20.0,210.0,1000.9228515625,0.8244933528940769,0.1717593457825232,-2.3768181931737407,-0.0231454770857547,0.5188548722225405,-0.571934593955575,0.1201970601601191,-0.6224752898194671,-0.9274745739175644,-0.4408825952819633
20.0,210.0,1000.9228515625,0.8244933528941869,0.1717593457825232,-2.3768181931737407,-0.0231454770845309,0.5188549390173107,-0.571934593955575,0.1201970601601191,-0.6224745491760093,-0.9274745739175644,-0.440882595271642
20.0,210.0,1000.9228515625,0.8244933528940794,0.1717593457825232,-2.3768181931737407,-0.0231454770857391,0.518855071084819,-0.571934593955575,0.1201970601601191,-0.6224753292271257,-0.9274745739175644,-0.440882595319649
20.0,210.0,1000.9228515625,0.8244933528940794,0.1717593457825232,-2.3768181930330443,-0.0231454770857481,0.518855071084819,-0.571934593955575,0.1201970601601191,-0.6224752733749308,-0.9274745739175644,-0.4408825936849929
20.0,210.0,1000.9228515625,0.8244933528940794,0.1717593457825232,-2.376818193061033,-0.0231454770857481,0.518855071084819,-0.571934593955575,0.1201970601601191,-0.6224754177054583,-0.9274745739175644,-0.4408825976836819
20.0,210.0,1000.9228515625,0.8244933528940739,0.1717593457825232,-2.3768181931737407,-0.0231454770857601,0.5188549390173107,-0.571934593955575,0.1201970601601191,-0.6224755737725376,-0.9274745739175644,-0.440882595271642
20.0,210.0,1000.9228515625,0.8244933528940794,0.1717593457825232,-2.3768181913912985,-0.0231454770968646,0.518855071084819,-0.571934593955575,0.1201970601601191,-0.6224752305254626,-0.9274745739175644,-0.4408825976836819
20.0,210.0,1000.9228515625,0.8244933528940739,0.1717593457825232,-2.3768181931737407,-0.0231454770855136,0.5188549783730564,-0.571934593955575,0.1201970601601191,-0.6224752103099741,-0.9274745739175644,-0.4408825952712734
20.0,210.0,1000.9228515625,0.8244933528940794,0.1717593457825232,-2.3768181931737407,-0.0231454770857481,0.518855071084819,-0.571934593955575,0.1201970601601191,-0.6224752305254626,-0.9274745739175644,-0.4408825936849929
20.0,210.0,1000.9228515625,0.8244933528940739,0.1717593457825232,-2.3768181931737407,-0.023145477085748,0.5188549783730564,-0.571934593955575,0.1201970601601191,-0.6224752063261246,-0.9274745739175644,-0.4408822358767253
20.0,210.0,1000.9228515625,0.8244933528940794,0.1717593457825232,-2.3768181931737407,-0.0231454773767155,0.5188550651022683,-0.571934593955575,0.1201970601601191,-0.6224745267222752,-0.9274745739175644,-0.4408825936849929
20.0,210.0,1000.9228515625,0.8244933528940794,0.1717593457825232,-2.3768181931737407,-0.02314547708576,0.5188549956056944,-0.571934593955575,0.1201970601601191,-0.6224752737358081,-0.9274745739175644,-0.4408825970749195
20.0,210.0,1000.9228515625,0.8244933528940739,0.1717593457825232,-2.3768181931737407,-0.0231454770857475,0.5188549390173107,-0.571934593955575,0.1201970601601191,-0.6224755795723167,-0.9274745739175644,-0.440882595271642
20.0,210.0,1000.9228515625,0.8244933528940794,0.1717593457825232,-2.3768181931737407,-0.0231454770857481,0.518855071084819,-0.571934593955575,0.1201970601601191,-0.6224752305254626,-0.9274745739175644,-0.4408825936849929
20.0,210.0,1000.9228515625,0.8244933528940794,0.1717593457825232,-2.3768181931737407,-0.0231454770857481,0.518855071084819,-0.571934593955575,0.1201970601601191,-0.6224752270133052,-0.9274745739175644,-0.4408825936849929
20.0,210.0,1000.9228515625,0.8244933528940794,0.1717593457825232,-2.3768181931737407,-0.0231454770857481,0.518855071084819,-0.571934593955575,0.1201970601601191,-0.6224752200468672,-0.9274745739175644,-0.4408825936849929
20.0,210.0,1000.9228515625,0.8244933528940794,0.1717593457825232,-2.3768181931737407,-0.0231454770857481,0.518855071084819,-0.571934593955575,0.1201970601601191,-0.6224752305254626,-0.9274745739175644,-0.4408825936849929
20.0,210.0,1000.9228515625,0.8244933528940794,0.1717593457825232,-2.3768181930330443,-0.0231454770857481,0.518855071084819,-0.571934593955575,0.1201970601601191,-0.6224752733749308,-0.9274745739175644,-0.4408825936849929
20.0,210.0,1000.9228515625,0.8244933528940794,0.1717593457825232,-2.37681819136488,-0.0231454774645114,0.5188550719914452,-0.571934593955575,0.1201970601601191,-0.6224750096081734,-0.9274745739175644,-0.4408825970711926
20.0,210.0,1000.9228515625,0.8244933528940794,0.1717593457825232,-2.3768181931737407,-0.0231454770857481,0.518855071084819,-0.571934593955575,0.1201970601601191,-0.6224752305254626,-0.9274745739175644,-0.4408825936849929
20.0,210.0,1000.9228515625,0.8244933528940794,0.1717593457825232,-2.3768181914227986,-0.0231454770857484,0.518855071084819,-0.571934593955575,0.1201970601601191,-0.6224755558012645,-0.9274745739175644,-0.4408825976836819
20.0,210.0,1000.9228515625,0.8244933528940794,0.1717593457825232,-2.3768181931737407,-0.0231454770857481,0.518855071084819,-0.571934593955575,0.1201970601601191,-0.6224752305254626,-0.9274745739175644,-0.4408825936849929
20.0,210.0,1000.9228515625,0.8244933528940739,0.1717593457825232,-2.3768181931737407,-0.0231454770855136,0.5188549783730564,-0.571934593955575,0.1201970601601191,-0.6224752103099741,-0.9274745739175644,-0.4408825952712734
20.0,210.0,1000.9228515625,0.8244933528940794,0.1717593457825232,-2.3768181930330443,-0.0231454770857481,0.518855071084819,-0.571934593955575,0.1201970601601191,-0.6224752733749308,-0.9274745739175644,-0.4408825936849929
20.0,210.0,1000.9228515625,0.8244933528940794,0.1717593457825232,-2.3768181931737407,-0.023145477085622,0.5188550651022683,-0.571934593955575,0.1201970601601191,-0.6224746016289248,-0.9274745739175644,-0.4408825936849929
20.0,210.0,1000.9228515625,0.8244933528940794,0.1717593457825232,-2.3768181931737407,-0.0231454770857481,0.518855071084819,-0.571934593955575,0.1201970601601191,-0.6224752305254626,-0.9274745739175644,-0.4408825936849929
20.0,210.0,1000.9228515625,0.8244933528941865,0.1717593457825232,-2.3768181931737407,-0.0231454770845309,0.5188549390173107,-0.571934593955575,0.1201970601601191,-0.6224745491760093,-0.9274745739175644,-0.440882595271642
20.0,210.0,1000.9228515625,0.8244933528940794,0.1717593457825232,-2.3768181941580337,-0.0231454774603887,0.518855071084819,-0.571934593955575,0.1201970601601191,-0.6224752305254626,-0.9274745739175644,-0.4408825936849929
20.0,210.0,1000.9228515625,0.8244933528940794,0.1717593457825232,-2.376818193162853,-0.023145477085272,0.5188551757530165,-0.571934593955575,0.1201970601601191,-0.6224752311841399,-0.9274745739175644,-0.4408825977336218
20.0,210.0,1000.9228515625,0.8244933528940739,0.1717593457825232,-2.376818193142241,-0.0231454770857598,0.5188549390173107,-0.571934593955575,0.1201970601601191,-0.6224752484967357,-0.9274745739175644,-0.440882595271642
20.0,211.0,1000.9228515625,0.8244933528940794,0.1717593457825232,-2.3768181931737407,-0.0231454770857481,0.518855071084819,-0.571934593955575,0.1201970601601191,-0.6224752305254626,-0.9274745739175644,-0.4408825936849929
20.0,211.0,1000.9228515625,0.8244933528940794,0.1717593457825232,-2.3768181941580337,-0.0231454774603887,0.518855071084819,-0.571934593955575,0.1201970601601191,-0.6224752305254626,-0.9274745739175644,-0.4408825936849929
20.0,211.0,1000.9228515625,0.8244933528940794,0.1717593457825232,-2.3768181930330443,-0.0231454770857481,0.518855071084819,-0.571934593955575,0.1201970601601191,-0.6224752733749308,-0.9274745739175644,-0.4408825936849929
20.0,211.0,1000.9228515625,0.8244933528940739,0.1717593457825232,-2.3768181931737407,-0.0231454770857601,0.5188549783730564,-0.571934593955575,0.1201970601601191,-0.6224752053231137,-0.9274745739175644,-0.440882595271642
20.0,211.0,1000.9228515625,0.8244933528940794,0.1717593457825232,-2.376818191353992,-0.0231454774599909,0.5188550210242336,-0.571934593955575,0.1201970601601191,-0.6224750096081734,-0.9274745739175644,-0.4408825939440672
20.0,211.0,1000.9228515625,0.8244933528940794,0.1717593457825232,-2.3768181931737407,-0.0231454770857481,0.518855071084819,-0.571934593955575,0.1201970601601191,-0.6224752305254626,-0.9274745739175644,-0.4408825936849929
20.0,211.0,1000.9228515625,0.8244933528940794,0.1717593457825232,-2.3768181931737407,-0.0231454770857481,0.518855071084819,-0.571934593955575,0.1201970601601191,-0.6224752305254626,-0.9274745739175644,-0.4408825936849929
20.0,211.0,1000.9228515625,0.8244933528940794,0.1717593457825232,-2.3768181931737407,-0.0231454770857481,0.518855071084819,-0.571934593955575,0.1201970601601191,-0.6224752305254626,-0.9274745739175644,-0.4408825936849929
20.0,211.0,1000.9228515625,0.8244933528940794,0.1717593457825232,-2.3768181931737407,-0.0231454770967385,0.5188550651022683,-0.571934593955575,0.1201970601601191,-0.6224745911503293,-0.9274745739175644,-0.4408825936849929
20.0,211.0,1000.9228515625,0.8244933528940794,0.1717593457825232,-2.376818191353992,-0.0231454774645114,0.518855179095853,-0.571934593955575,0.1201970601601191,-0.6224750096081734,-0.9274745739175644,-0.4408825977298948
20.0,211.0,1000.9228515625,0.8244933528940794,0.1717593457825232,-2.3768181931737407,-0.0231454770949002,0.518855071084819,-0.571934593955575,0.1201970601601191,-0.6224752305254626,-0.9274745739175644,-0.4408825936849929
20.0,211.0,1000.9228515625,0.8244933528940769,0.1717593457825232,-2.3768181931737407,-0.0231454770855083,0.5188548722225405,-0.571934593955575,0.1201970601601191,-0.6224752948063276,-0.9274745739175644,-0.4408825952815947
20.0,211.0,1000.9228515625,0.8244933528940794,0.1717593457825232,-2.3768181931737407,-0.02314547708576,0.5188549956056944,-0.571934593955575,0.1201970601601191,-0.6224752737358081,-0.9274745739175644,-0.4408825970749195
20.0,211.0,1000.9228515625,0.8244933528940794,0.1717593457825232,-2.3768181913912985,-0.0231454770857481,0.518855071084819,-0.571934593955575,0.1201970601601191,-0.6224752305254626,-0.9274745739175644,-0.4408825976836819
20.0,211.0,1000.9228515625,0.8244933528940739,0.1717593457825232,-2.3768181931737407,-0.0231454770857601,0.5188549390173107,-0.571934593955575,0.1201970601601191,-0.6224745491760093,-0.9274745739175644,-0.440882595271642
20.0,211.0,1000.9228515625,0.8244933528940794,0.1717593457825232,-2.3768181931737407,-0.0231454770857481,0.5188550631229458,-0.571934593955575,0.1201970601601191,-0.6224752305254626,-0.9274745739175644,-0.4408825936849929
20.0,211.0,1000.9228515625,0.8244933528940794,0.1717593457825232,-2.376818192963925,-0.0231454770811601,0.518855071084819,-0.571934593955575,0.1201970601601191,-0.6224752733749308,-0.9274745739175644,-0.4408825936849929
20.0,211.0,1000.9228515625,0.8244933528940794,0.1717593457825232,-2.3768181931737407,-0.0231454770857481,0.518855071084819,-0.571934593955575,0.1201970601601191,-0.6224753292271257,-0.9274745739175644,-0.4408825936849929
20.0,211.0,1000.9228515625,0.8244933528940794,0.1717593457825232,-2.3768181931737407,-0.023145477085272,0.5188550686486088,-0.571934593955575,0.1201970601601191,-0.6224752311841399,-0.9274745739175644,-0.4408825970749195
20.0,211.0,1000.9228515625,0.8244933528940794,0.1717593457825232,-2.3768181931737407,-0.023145477085622,0.5188550651022683,-0.571934593955575,0.1201970601601191,-0.6224745911503293,-0.9274745739175644,-0.4408825936849929
20.0,211.0,1000.9228515625,0.8244933528940769,0.1717593457825232,-2.3768181931737407,-0.0231454770857547,0.5188548722225405,-0.571934593955575,0.1201970601601191,-0.6224752898194671,-0.9274745739175644,-0.4408825952819633
20.0,211.0,1000.9228515625,0.8244933528941869,0.1717593457825232,-2.3768181931737407,-0.0231454770845309,0.5188549390173107,-0.571934593955575,0.1201970601601191,-0.6224745491760093,-0.9274745739175644,-0.440882595271642
20.0,211.0,1000.9228515625,0.8244933528940794,0.1717593457825232,-2.3768181931737407,-0.0231454770857391,0.518855071084819,-0.571934593955575,0.1201970601601191,-0.6224753292271257,-0.9274745739175644,-0.440882595319649
20.0,211.0,1000.9228515625,0.8244933528940794,0.1717593457825232,-2.3768181930330443,-0.0231454770857481,0.518855071084819,-0.571934593955575,0.1201970601601191,-0.6224752733749308,-0.9274745739175644,-0.4408825936849929
20.0,211.0,1000.9228515625,0.8244933528940794,0.1717593457825232,-2.376818193061033,-0.0231454770857481,0.518855071084819,-0.571934593955575,0.1201970601601191,-0.6224754177054583,-0.9274745739175644,-0.4408825976836819
20.0,211.0,1000.9228515625,0.8244933528940739,0.1717593457825232,-2.3768181931737407,-0.0231454770857601,0.5188549390173107,-0.571934593955575,0.1201970601601191,-0.6224755737725376,-0.9274745739175644,-0.440882595271642
20.0,211.0,1000.9228515625,0.8244933528940794,0.1717593457825232,-2.3768181913912985,-0.0231454770968646,0.518855071084819,-0.571934593955575,0.1201970601601191,-0.6224752305254626,-0.9274745739175644,-0.4408825976836819
20.0,211.0,1000.9228515625,0.8244933528940739,0.1717593457825232,-2.3768181931737407,-0.0231454770855136,0.5188549783730564,-0.571934593955575,0.1201970601601191,-0.6224752103099741,-0.9274745739175644,-0.4408825952712734
20.0,211.0,1000.9228515625,0.8244933528940794,0.1717593457825232,-2.3768181931737407,-0.0231454770857481,0.518855071084819,-0.571934593955575,0.1201970601601191,-0.6224752305254626,-0.9274745739175644,-0.4408825936849929
20.0,211.0,1000.9228515625,0.8244933528940739,0.1717593457825232,-2.3768181931737407,-0.023145477085748,0.5188549783730564,-0.571934593955575,0.1201970601601191,-0.6224752063261246,-0.9274745739175644,-0.4408822358767253
20.0,211.0,1000.9228515625,0.8244933528940794,0.1717593457825232,-2.3768181931737407,-0.0231454773767155,0.5188550651022683,-0.571934593955575,0.1201970601601191,-0.6224745267222752,-0.9274745739175644,-0.4408825936849929
20.0,211.0,1000.9228515625,0.8244933528940794,0.1717593457825232,-2.3768181931737407,-0.02314547708576,0.5188549956056944,-0.571934593955575,0.1201970601601191,-0.6224752737358081,-0.9274745739175644,-0.4408825970749195
20.0,211.0,1000.9228515625,0.8244933528940739,0.1717593457825232,-2.3768181931737407,-0.0231454770857475,0.5188549390173107,-0.571934593955575,0.1201970601601191,-0.6224755795723167,-0.9274745739175644,-0.440882595271642
20.0,211.0,1000.9228515625,0.8244933528940794,0.1717593457825232,-2.3768181931737407,-0.0231454770857481,0.518855071084819,-0.571934593955575,0.1201970601601191,-0.6224752305254626,-0.9274745739175644,-0.4408825936849929
20.0,211.0,1000.9228515625,0.8244933528940794,0.1717593457825232,-2.3768181931737407,-0.0231454770857481,0.518855071084819,-0.571934593955575,0.1201970601601191,-0.6224752270133052,-0.9274745739175644,-0.4408825936849929
20.0,211.0,1000.9228515625,0.8244933528940794,0.1717593457825232,-2.3768181931737407,-0.0231454770857481,0.518855071084819,-0.571934593955575,0.1201970601601191,-0.6224752200468672,-0.9274745739175644,-0.4408825936849929
20.0,211.0,1000.9228515625,0.8244933528940794,0.1717593457825232,-2.3768181931737407,-0.0231454770857481,0.518855071084819,-0.571934593955575,0.1201970601601191,-0.6224752305254626,-0.9274745739175644,-0.4408825936849929
20.0,211.0,1000.9228515625,0.8244933528940794,0.1717593457825232,-2.3768181930330443,-0.0231454770857481,0.518855071084819,-0.571934593955575,0.1201970601601191,-0.6224752733749308,-0.9274745739175644,-0.4408825936849929
20.0,211.0,1000.9228515625,0.8244933528940794,0.1717593457825232,-2.37681819136488,-0.0231454774645114,0.5188550719914452,-0.571934593955575,0.1201970601601191,-0.6224750096081734,-0.9274745739175644,-0.4408825970711926
20.0,211.0,1000.9228515625,0.8244933528940794,0.1717593457825232,-2.3768181931737407,-0.0231454770857481,0.518855071084819,-0.571934593955575,0.1201970601601191,-0.6224752305254626,-0.9274745739175644,-0.4408825936849929
20.0,211.0,1000.9228515625,0.8244933528940794,0.1717593457825232,-2.3768181914227986,-0.0231454770857484,0.518855071084819,-0.571934593955575,0.1201970601601191,-0.6224755558012645,-0.9274745739175644,-0.4408825976836819
20.0,211.0,1000.9228515625,0.8244933528940794,0.1717593457825232,-2.3768181931737407,-0.0231454770857481,0.518855071084819,-0.571934593955575,0.1201970601601191,-0.6224752305254626,-0.9274745739175644,-0.4408825936849929
20.0,211.0,1000.9228515625,0.8244933528940739,0.1717593457825232,-2.3768181931737407,-0.0231454770855136,0.5188549783730564,-0.571934593955575,0.1201970601601191,-0.6224752103099741,-0.9274745739175644,-0.4408825952712734
20.0,211.0,1000.9228515625,0.8244933528940794,0.1717593457825232,-2.3768181930330443,-0.0231454770857481,0.518855071084819,-0.571934593955575,0.1201970601601191,-0.6224752733749308,-0.9274745739175644,-0.4408825936849929
20.0,211.0,1000.9228515625,0.8244933528940794,0.1717593457825232,-2.3768181931737407,-0.023145477085622,0.5188550651022683,-0.571934593955575,0.1201970601601191,-0.6224746016289248,-0.9274745739175644,-0.4408825936849929
20.0,211.0,1000.9228515625,0.8244933528940794,0.1717593457825232,-2.3768181931737407,-0.0231454770857481,0.518855071084819,-0.571934593955575,0.1201970601601191,-0.6224752305254626,-0.9274745739175644,-0.4408825936849929
20.0,211.0,1000.9228515625,0.8244933528941865,0.1717593457825232,-2.3768181931737407,-0.0231454770845309,0.5188549390173107,-0.571934593955575,0.1201970601601191,-0.6224745491760093,-0.9274745739175644,-0.440882595271642
20.0,211.0,1000.9228515625,0.8244933528940794,0.1717593457825232,-2.3768181941580337,-0.0231454774603887,0.518855071084819,-0.571934593955575,0.1201970601601191,-0.6224752305254626,-0.9274745739175644,-0.4408825936849929
20.0,211.0,1000.9228515625,0.8244933528940794,0.1717593457825232,-2.376818193162853,-0.023145477085272,0.5188551757530165,-0.571934593955575,0.1201970601601191,-0.6224752311841399,-0.9274745739175644,-0.4408825977336218
20.0,211.0,1000.9228515625,0.8244933528940739,0.1717593457825232,-2.376818193142241,-0.0231454770857598,0.5188549390173107,-0.571934593955575,0.1201970601601191,-0.6224752484967357,-0.9274745739175644,-0.440882595271642
20.0,212.0,1000.9228515625,0.8244933528940794,0.1717593457825232,-2.3768181931737407,-0.0231454770857481,0.518855071084819,-0.571934593955575,0.1201970601601191,-0.6224752305254626,-0.9274745739175644,-0.4408825936849929
20.0,212.0,1000.9228515625,0.8244933528940794,0.1717593457825232,-2.3768181941580337,-0.0231454774603887,0.518855071084819,-0.571934593955575,0.1201970601601191,-0.6224752305254626,-0.9274745739175644,-0.4408825936849929
20.0,212.0,1000.9228515625,0.8244933528940794,0.1717593457825232,-2.3768181930330443,-0.0231454770857481,0.518855071084819,-0.571934593955575,0.1201970601601191,-0.6224752733749308,-0.9274745739175644,-0.4408825936849929
20.0,212.0,1000.9228515625,0.8244933528940739,0.1717593457825232,-2.3768181931737407,-0.0231454770857601,0.5188549783730564,-0.571934593955575,0.1201970601601191,-0.6224752053231137,-0.9274745739175644,-0.440882595271642
20.0,212.0,1000.9228515625,0.8244933528940794,0.1717593457825232,-2.376818191353992,-0.0231454774599909,0.5188550210242336,-0.571934593955575,0.1201970601601191,-0.6224750096081734,-0.9274745739175644,-0.4408825939440672
20.0,212.0,1000.9228515625,0.8244933528940794,0.1717593457825232,-2.3768181931737407,-0.0231454770857481,0.518855071084819,-0.571934593955575,0.1201970601601191,-0.6224752305254626,-0.9274745739175644,-0.4408825936849929
20.0,212.0,1000.9228515625,0.8244933528940794,0.1717593457825232,-2.3768181931737407,-0.0231454770857481,0.518855071084819,-0.571934593955575,0.1201970601601191,-0.6224752305254626,-0.9274745739175644,-0.4408825936849929
20.0,212.0,1000.9228515625,0.8244933528940794,0.1717593457825232,-2.3768181931737407,-0.0231454770857481,0.518855071084819,-0.571934593955575,0.1201970601601191,-0.6224752305254626,-0.9274745739175644,-0.4408825936849929
20.0,212.0,1000.9228515625,0.8244933528940794,0.1717593457825232,-2.3768181931737407,-0.0231454770967385,0.5188550651022683,-0.571934593955575,0.1201970601601191,-0.6224745911503293,-0.9274745739175644,-0.4408825936849929
20.0,212.0,1000.9228515625,0.8244933528940794,0.1717593457825232,-2.376818191353992,-0.0231454774645114,0.518855179095853,-0.571934593955575,0.1201970601601191,-0.6224750096081734,-0.9274745739175644,-0.4408825977298948
20.0,212.0,1000.9228515625,0.8244933528940794,0.1717593457825232,-2.3768181931737407,-0.0231454770949002,0.518855071084819,-0.571934593955575,0.1201970601601191,-0.6224752305254626,-0.9274745739175644,-0.4408825936849929
20.0,212.0,1000.9228515625,0.8244933528940769,0.1717593457825232,-2.3768181931737407,-0.0231454770855083,0.5188548722225405,-0.571934593955575,0.1201970601601191,-0.6224752948063276,-0.9274745739175644,-0.4408825952815947
20.0,212.0,1000.9228515625,0.8244933528940794,0.1717593457825232,-2.3768181931737407,-0.02314547708576,0.5188549956056944,-0.571934593955575,0.1201970601601191,-0.6224752737358081,-0.9274745739175644,-0.4408825970749195
20.0,212.0,1000.9228515625,0.8244933528940794,0.1717593457825232,-2.3768181913912985,-0.0231454770857481,0.518855071084819,-0.571934593955575,0.1201970601601191,-0.6224752305254626,-0.9274745739175644,-0.4408825976836819
20.0,212.0,1000.9228515625,0.8244933528940739,0.1717593457825232,-2.3768181931737407,-0.0231454770857601,0.5188549390173107,-0.571934593955575,0.1201970601601191,-0.6224745491760093,-0.9274745739175644,-0.440882595271642
20.0,212.0,1000.9228515625,0.8244933528940794,0.1717593457825232,-2.3768181931737407,-0.0231454770857481,0.5188550631229458,-0.571934593955575,0.1201970601601191,-0.6224752305254626,-0.9274745739175644,-0.4408825936849929
20.0,212.0,1000.9228515625,0.8244933528940794,0.1717593457825232,-2.376818192963925,-0.0231454770811601,0.518855071084819,-0.571934593955575,0.1201970601601191,-0.6224752733749308,-0.9274745739175644,-0.4408825936849929
20.0,212.0,1000.9228515625,0.8244933528940794,0.1717593457825232,-2.3768181931737407,-0.0231454770857481,0.518855071084819,-0.571934593955575,0.1201970601601191,-0.6224753292271257,-0.9274745739175644,-0.4408825936849929
20.0,212.0,1000.9228515625,0.8244933528940794,0.1717593457825232,-2.3768181931737407,-0.023145477085272,0.5188550686486088,-0.571934593955575,0.1201970601601191,-0.6224752311841399,-0.9274745739175644,-0.4408825970749195
20.0,212.0,1000.9228515625,0.8244933528940794,0.1717593457825232,-2.3768181931737407,-0.023145477085622,0.5188550651022683,-0.571934593955575,0.1201970601601191,-0.6224745911503293,-0.9274745739175644,-0.4408825936849929
20.0,212.0,1000.9228515625,0.8244933528940769,0.1717593457825232,-2.3768181931737407,-0.0231454770857547,0.5188548722225405,-0.571934593955575,0.1201970601601191,-0.6224752898194671,-0.9274745739175644,-0.4408825952819633
20.0,212.0,1000.9228515625,0.8244933528941869,0.1717593457825232,-2.3768181931737407,-0.0231454770845309,0.5188549390173107,-0.571934593955575,0.1201970601601191,-0.6224745491760093,-0.9274745739175644,-0.440882595271642
20.0,212.0,1000.9228515625,0.8244933528940794,0.1717593457825232,-2.3768181931737407,-0.0231454770857391,0.518855071084819,-0.571934593955575,0.1201970601601191,-0.6224753292271257,-0.9274745739175644,-0.440882595319649
20.0,212.0,1000.9228515625,0.8244933528940794,0.1717593457825232,-2.3768181930330443,-0.0231454770857481,0.518855071084819,-0.571934593955575,0.1201970601601191,-0.6224752733749308,-0.9274745739175644,-0.4408825936849929
20.0,212.0,1000.9228515625,0.8244933528940794,0.1717593457825232,-2.376818193061033,-0.0231454770857481,0.518855071084819,-0.571934593955575,0.1201970601601191,-0.6224754177054583,-0.9274745739175644,-0.4408825976836819
20.0,212.0,1000.9228515625,0.8244933528940739,0.1717593457825232,-2.3768181931737407,-0.0231454770857601,0.5188549390173107,-0.571934593955575,0.1201970601601191,-0.6224755737725376,-0.9274745739175644,-0.440882595271642
20.0,212.0,1000.9228515625,0.8244933528940794,0.1717593457825232,-2.3768181913912985,-0.0231454770968646,0.518855071084819,-0.571934593955575,0.1201970601601191,-0.6224752305254626,-0.9274745739175644,-0.4408825976836819
20.0,212.0,1000.9228515625,0.8244933528940739,0.1717593457825232,-2.3768181931737407,-0.0231454770855136,0.5188549783730564,-0.571934593955575,0.1201970601601191,-0.6224752103099741,-0.9274745739175644,-0.4408825952712734
20.0,212.0,1000.9228515625,0.8244933528940794,0.1717593457825232,-2.3768181931737407,-0.0231454770857481,0.518855071084819,-0.571934593955575,0.1201970601601191,-0.6224752305254626,-0.9274745739175644,-0.4408825936849929
20.0,212.0,1000.9228515625,0.8244933528940739,0.1717593457825232,-2.3768181931737407,-0.023145477085748,0.5188549783730564,-0.571934593955575,0.1201970601601191,-0.6224752063261246,-0.9274745739175644,-0.4408822358767253
20.0,212.0,1000.9228515625,0.8244933528940794,0.1717593457825232,-2.3768181931737407,-0.0231454773767155,0.5188550651022683,-0.571934593955575,0.1201970601601191,-0.6224745267222752,-0.9274745739175644,-0.4408825936849929
20.0,212.0,1000.9228515625,0.8244933528940794,0.1717593457825232,-2.3768181931737407,-0.02314547708576,0.5188549956056944,-0.571934593955575,0.1201970601601191,-0.6224752737358081,-0.9274745739175644,-0.4408825970749195
20.0,212.0,1000.9228515625,0.8244933528940739,0.1717593457825232,-2.3768181931737407,-0.0231454770857475,0.5188549390173107,-0.571934593955575,0.1201970601601191,-0.6224755795723167,-0.9274745739175644,-0.440882595271642
20.0,212.0,1000.9228515625,0.8244933528940794,0.1717593457825232,-2.3768181931737407,-0.0231454770857481,0.518855071084819,-0.571934593955575,0.1201970601601191,-0.6224752305254626,-0.9274745739175644,-0.4408825936849929
20.0,212.0,1000.9228515625,0.8244933528940794,0.1717593457825232,-2.3768181931737407,-0.0231454770857481,0.518855071084819,-0.571934593955575,0.1201970601601191,-0.6224752270133052,-0.9274745739175644,-0.4408825936849929
20.0,212.0,1000.9228515625,0.8244933528940794,0.1717593457825232,-2.3768181931737407,-0.0231454770857481,0.518855071084819,-0.571934593955575,0.1201970601601191,-0.6224752200468672,-0.9274745739175644,-0.4408825936849929
20.0,212.0,1000.9228515625,0.8244933528940794,0.1717593457825232,-2.3768181931737407,-0.0231454770857481,0.518855071084819,-0.571934593955575,0.1201970601601191,-0.6224752305254626,-0.9274745739175644,-0.4408825936849929
20.0,212.0,1000.9228515625,0.8244933528940794,0.1717593457825232,-2.3768181930330443,-0.0231454770857481,0.518855071084819,-0.571934593955575,0.1201970601601191,-0.6224752733749308,-0.9274745739175644,-0.4408825936849929
20.0,212.0,1000.9228515625,0.8244933528940794,0.1717593457825232,-2.37681819136488,-0.0231454774645114,0.5188550719914452,-0.571934593955575,0.1201970601601191,-0.6224750096081734,-0.9274745739175644,-0.4408825970711926
20.0,212.0,1000.9228515625,0.8244933528940794,0.1717593457825232,-2.3768181931737407,-0.0231454770857481,0.518855071084819,-0.571934593955575,0.1201970601601191,-0.6224752305254626,-0.9274745739175644,-0.4408825936849929
20.0,212.0,1000.9228515625,0.8244933528940794,0.1717593457825232,-2.3768181914227986,-0.0231454770857484,0.518855071084819,-0.571934593955575,0.1201970601601191,-0.6224755558012645,-0.9274745739175644,-0.4408825976836819
20.0,212.0,1000.9228515625,0.8244933528940794,0.1717593457825232,-2.3768181931737407,-0.0231454770857481,0.518855071084819,-0.571934593955575,0.1201970601601191,-0.6224752305254626,-0.9274745739175644,-0.4408825936849929
20.0,212.0,1000.9228515625,0.8244933528940739,0.1717593457825232,-2.3768181931737407,-0.0231454770855136,0.5188549783730564,-0.571934593955575,0.1201970601601191,-0.6224752103099741,-0.9274745739175644,-0.4408825952712734
20.0,212.0,1000.9228515625,0.8244933528940794,0.1717593457825232,-2.3768181930330443,-0.0231454770857481,0.518855071084819,-0.571934593955575,0.1201970601601191,-0.6224752733749308,-0.9274745739175644,-0.4408825936849929
20.0,212.0,1000.9228515625,0.8244933528940794,0.1717593457825232,-2.3768181931737407,-0.023145477085622,0.5188550651022683,-0.571934593955575,0.1201970601601191,-0.6224746016289248,-0.9274745739175644,-0.4408825936849929
20.0,212.0,1000.9228515625,0.8244933528940794,0.1717593457825232,-2.3768181931737407,-0.0231454770857481,0.518855071084819,-0.571934593955575,0.1201970601601191,-0.6224752305254626,-0.9274745739175644,-0.4408825936849929
20.0,212.0,1000.9228515625,0.8244933528941865,0.1717593457825232,-2.3768181931737407,-0.0231454770845309,0.5188549390173107,-0.571934593955575,0.1201970601601191,-0.6224745491760093,-0.9274745739175644,-0.440882595271642
20.0,212.0,1000.9228515625,0.8244933528940794,0.1717593457825232,-2.3768181941580337,-0.0231454774603887,0.518855071084819,-0.571934593955575,0.1201970601601191,-0.6224752305254626,-0.9274745739175644,-0.4408825936849929
20.0,212.0,1000.9228515625,0.8244933528940794,0.1717593457825232,-2.376818193162853,-0.023145477085272,0.5188551757530165,-0.571934593955575,0.1201970601601191,-0.6224752311841399,-0.9274745739175644,-0.4408825977336218
20.0,212.0,1000.9228515625,0.8244933528940739,0.1717593457825232,-2.376818193142241,-0.0231454770857598,0.5188549390173107,-0.571934593955575,0.1201970601601191,-0.6224752484967357,-0.9274745739175644,-0.440882595271642
20.0,213.0,1000.9228515625,0.8244933528940794,0.1717593457825232,-2.3768181931737407,-0.0231454770857481,0.518855071084819,-0.571934593955575,0.1201970601601191,-0.6224752305254626,-0.9274745739175644,-0.4408825936849929
20.0,213.0,1000.9228515625,0.8244933528940794,0.1717593457825232,-2.3768181941580337,-0.0231454774603887,0.518855071084819,-0.571934593955575,0.1201970601601191,-0.6224752305254626,-0.9274745739175644,-0.4408825936849929
20.0,213.0,1000.9228515625,0.8244933528940794,0.1717593457825232,-2.3768181930330443,-0.0231454770857481,0.518855071084819,-0.571934593955575,0.1201970601601191,-0.6224752733749308,-0.9274745739175644,-0.4408825936849929
20.0,213.0,1000.9228515625,0.8244933528940739,0.1717593457825232,-2.3768181931737407,-0.0231454770857601,0.5188549783730564,-0.571934593955575,0.1201970601601191,-0.6224752053231137,-0.9274745739175644,-0.440882595271642
20.0,213.0,1000.9228515625,0.8244933528940794,0.1717593457825232,-2.376818191353992,-0.0231454774599909,0.5188550210242336,-0.571934593955575,0.1201970601601191,-0.6224750096081734,-0.9274745739175644,-0.4408825939440672
20.0,213.0,1000.9228515625,0.8244933528940794,0.1717593457825232,-2.3768181931737407,-0.0231454770857481,0.518855071084819,-0.571934593955575,0.1201970601601191,-0.6224752305254626,-0.9274745739175644,-0.4408825936849929
20.0,213.0,1000.9228515625,0.8244933528940794,0.1717593457825232,-2.3768181931737407,-0.0231454770857481,0.518855071084819,-0.571934593955575,0.1201970601601191,-0.6224752305254626,-0.9274745739175644,-0.4408825936849929
20.0,213.0,1000.9228515625,0.8244933528940794,0.1717593457825232,-2.3768181931737407,-0.0231454770857481,0.518855071084819,-0.571934593955575,0.1201970601601191,-0.6224752305254626,-0.9274745739175644,-0.4408825936849929
20.0,213.0,1000.9228515625,0.8244933528940794,0.1717593457825232,-2.3768181931737407,-0.0231454770967385,0.5188550651022683,-0.571934593955575,0.1201970601601191,-0.6224745911503293,-0.9274745739175644,-0.4408825936849929
20.0,213.0,1000.9228515625,0.8244933528940794,0.1717593457825232,-2.376818191353992,-0.0231454774645114,0.518855179095853,-0.571934593955575,0.1201970601601191,-0.6224750096081734,-0.9274745739175644,-0.4408825977298948
20.0,213.0,1000.9228515625,0.8244933528940794,0.1717593457825232,-2.3768181931737407,-0.0231454770949002,0.518855071084819,-0.571934593955575,0.1201970601601191,-0.6224752305254626,-0.9274745739175644,-0.4408825936849929
20.0,213.0,1000.9228515625,0.8244933528940769,0.1717593457825232,-2.3768181931737407,-0.0231454770855083,0.5188548722225405,-0.571934593955575,0.1201970601601191,-0.6224752948063276,-0.9274745739175644,-0.4408825952815947
20.0,213.0,1000.9228515625,0.8244933528940794,0.1717593457825232,-2.3768181931737407,-0.02314547708576,0.5188549956056944,-0.571934593955575,0.1201970601601191,-0.6224752737358081,-0.9274745739175644,-0.4408825970749195
20.0,213.0,1000.9228515625,0.8244933528940794,0.1717593457825232,-2.3768181913912985,-0.0231454770857481,0.518855071084819,-0.571934593955575,0.1201970601601191,-0.6224752305254626,-0.9274745739175644,-0.4408825976836819
20.0,213.0,1000.9228515625,0.8244933528940739,0.1717593457825232,-2.3768181931737407,-0.0231454770857601,0.5188549390173107,-0.571934593955575,0.1201970601601191,-0.6224745491760093,-0.9274745739175644,-0.440882595271642
20.0,213.0,1000.9228515625,0.8244933528940794,0.1717593457825232,-2.3768181931737407,-0.0231454770857481,0.5188550631229458,-0.571934593955575,0.1201970601601191,-0.6224752305254626,-0.9274745739175644,-0.4408825936849929
20.0,213.0,1000.9228515625,0.8244933528940794,0.1717593457825232,-2.376818192963925,-0.0231454770811601,0.518855071084819,-0.571934593955575,0.1201970601601191,-0.6224752733749308,-0.9274745739175644,-0.4408825936849929
20.0,213.0,1000.9228515625,0.8244933528940794,0.1717593457825232,-2.3768181931737407,-0.0231454770857481,0.518855071084819,-0.571934593955575,0.1201970601601191,-0.6224753292271257,-0.9274745739175644,-0.4408825936849929
20.0,213.0,1000.9228515625,0.8244933528940794,0.1717593457825232,-2.3768181931737407,-0.023145477085272,0.5188550686486088,-0.571934593955575,0.1201970601601191,-0.6224752311841399,-0.9274745739175644,-0.4408825970749195
20.0,213.0,1000.9228515625,0.8244933528940794,0.1717593457825232,-2.3768181931737407,-0.023145477085622,0.5188550651022683,-0.571934593955575,0.1201970601601191,-0.6224745911503293,-0.9274745739175644,-0.4408825936849929
20.0,213.0,1000.9228515625,0.8244933528940769,0.1717593457825232,-2.3768181931737407,-0.0231454770857547,0.5188548722225405,-0.571934593955575,0.1201970601601191,-0.6224752898194671,-0.9274745739175644,-0.4408825952819633
20.0,213.0,1000.9228515625,0.8244933528941869,0.1717593457825232,-2.3768181931737407,-0.0231454770845309,0.5188549390173107,-0.571934593955575,0.1201970601601191,-0.6224745491760093,-0.9274745739175644,-0.440882595271642
20.0,213.0,1000.9228515625,0.8244933528940794,0.1717593457825232,-2.3768181931737407,-0.0231454770857391,0.518855071084819,-0.571934593955575,0.1201970601601191,-0.6224753292271257,-0.9274745739175644,-0.440882595319649
20.0,213.0,1000.9228515625,0.8244933528940794,0.1717593457825232,-2.3768181930330443,-0.0231454770857481,0.518855071084819,-0.571934593955575,0.1201970601601191,-0.6224752733749308,-0.9274745739175644,-0.4408825936849929
20.0,213.0,1000.9228515625,0.8244933528940794,0.1717593457825232,-2.376818193061033,-0.0231454770857481,0.518855071084819,-0.571934593955575,0.1201970601601191,-0.6224754177054583,-0.9274745739175644,-0.4408825976836819
20.0,213.0,1000.9228515625,0.8244933528940739,0.1717593457825232,-2.3768181931737407,-0.0231454770857601,0.5188549390173107,-0.571934593955575,0.1201970601601191,-0.6224755737725376,-0.9274745739175644,-0.440882595271642
20.0,213.0,1000.9228515625,0.8244933528940794,0.1717593457825232,-2.3768181913912985,-0.0231454770968646,0.518855071084819,-0.571934593955575,0.1201970601601191,-0.6224752305254626,-0.9274745739175644,-0.4408825976836819
20.0,213.0,1000.9228515625,0.8244933528940739,0.1717593457825232,-2.3768181931737407,-0.0231454770855136,0.5188549783730564,-0.571934593955575,0.1201970601601191,-0.6224752103099741,-0.9274745739175644,-0.4408825952712734
20.0,213.0,1000.9228515625,0.8244933528940794,0.1717593457825232,-2.3768181931737407,-0.0231454770857481,0.518855071084819,-0.571934593955575,0.1201970601601191,-0.6224752305254626,-0.9274745739175644,-0.4408825936849929
20.0,213.0,1000.9228515625,0.8244933528940739,0.1717593457825232,-2.3768181931737407,-0.023145477085748,0.5188549783730564,-0.571934593955575,0.1201970601601191,-0.6224752063261246,-0.9274745739175644,-0.4408822358767253
20.0,213.0,1000.9228515625,0.8244933528940794,0.1717593457825232,-2.3768181931737407,-0.0231454773767155,0.5188550651022683,-0.571934593955575,0.1201970601601191,-0.6224745267222752,-0.9274745739175644,-0.4408825936849929
20.0,213.0,1000.9228515625,0.8244933528940794,0.1717593457825232,-2.3768181931737407,-0.02314547708576,0.5188549956056944,-0.571934593955575,0.1201970601601191,-0.6224752737358081,-0.9274745739175644,-0.4408825970749195
20.0,213.0,1000.9228515625,0.8244933528940739,0.1717593457825232,-2.3768181931737407,-0.0231454770857475,0.5188549390173107,-0.571934593955575,0.1201970601601191,-0.6224755795723167,-0.9274745739175644,-0.440882595271642
20.0,213.0,1000.9228515625,0.8244933528940794,0.1717593457825232,-2.3768181931737407,-0.0231454770857481,0.518855071084819,-0.571934593955575,0.1201970601601191,-0.6224752305254626,-0.9274745739175644,-0.4408825936849929
20.0,213.0,1000.9228515625,0.8244933528940794,0.1717593457825232,-2.3768181931737407,-0.0231454770857481,0.518855071084819,-0.571934593955575,0.1201970601601191,-0.6224752270133052,-0.9274745739175644,-0.4408825936849929
20.0,213.0,1000.9228515625,0.8244933528940794,0.1717593457825232,-2.3768181931737407,-0.0231454770857481,0.518855071084819,-0.571934593955575,0.1201970601601191,-0.6224752200468672,-0.9274745739175644,-0.4408825936849929
20.0,213.0,1000.9228515625,0.8244933528940794,0.1717593457825232,-2.3768181931737407,-0.0231454770857481,0.518855071084819,-0.571934593955575,0.1201970601601191,-0.6224752305254626,-0.9274745739175644,-0.4408825936849929
20.0,213.0,1000.9228515625,0.8244933528940794,0.1717593457825232,-2.3768181930330443,-0.0231454770857481,0.518855071084819,-0.571934593955575,0.1201970601601191,-0.6224752733749308,-0.9274745739175644,-0.4408825936849929
20.0,213.0,1000.9228515625,0.8244933528940794,0.1717593457825232,-2.37681819136488,-0.0231454774645114,0.5188550719914452,-0.571934593955575,0.1201970601601191,-0.6224750096081734,-0.9274745739175644,-0.4408825970711926
20.0,213.0,1000.9228515625,0.8244933528940794,0.1717593457825232,-2.3768181931737407,-0.0231454770857481,0.518855071084819,-0.571934593955575,0.1201970601601191,-0.6224752305254626,-0.9274745739175644,-0.4408825936849929
20.0,213.0,1000.9228515625,0.8244933528940794,0.1717593457825232,-2.3768181914227986,-0.0231454770857484,0.518855071084819,-0.571934593955575,0.1201970601601191,-0.6224755558012645,-0.9274745739175644,-0.4408825976836819
20.0,213.0,1000.9228515625,0.8244933528940794,0.1717593457825232,-2.3768181931737407,-0.0231454770857481,0.518855071084819,-0.571934593955575,0.1201970601601191,-0.6224752305254626,-0.9274745739175644,-0.4408825936849929
20.0,213.0,1000.9228515625,0.8244933528940739,0.1717593457825232,-2.3768181931737407,-0.0231454770855136,0.5188549783730564,-0.571934593955575,0.1201970601601191,-0.6224752103099741,-0.9274745739175644,-0.4408825952712734
20.0,213.0,1000.9228515625,0.8244933528940794,0.1717593457825232,-2.3768181930330443,-0.0231454770857481,0.518855071084819,-0.571934593955575,0.1201970601601191,-0.6224752733749308,-0.9274745739175644,-0.4408825936849929
20.0,213.0,1000.9228515625,0.8244933528940794,0.1717593457825232,-2.3768181931737407,-0.023145477085622,0.5188550651022683,-0.571934593955575,0.1201970601601191,-0.6224746016289248,-0.9274745739175644,-0.4408825936849929
20.0,213.0,1000.9228515625,0.8244933528940794,0.1717593457825232,-2.3768181931737407,-0.0231454770857481,0.518855071084819,-0.571934593955575,0.1201970601601191,-0.6224752305254626,-0.9274745739175644,-0.4408825936849929
20.0,213.0,1000.9228515625,0.8244933528941865,0.1717593457825232,-2.3768181931737407,-0.0231454770845309,0.5188549390173107,-0.571934593955575,0.1201970601601191,-0.6224745491760093,-0.9274745739175644,-0.440882595271642
20.0,213.0,1000.9228515625,0.8244933528940794,0.1717593457825232,-2.3768181941580337,-0.0231454774603887,0.518855071084819,-0.571934593955575,0.1201970601601191,-0.6224752305254626,-0.9274745739175644,-0.4408825936849929
20.0,213.0,1000.9228515625,0.8244933528940794,0.1717593457825232,-2.376818193162853,-0.023145477085272,0.5188551757530165,-0.571934593955575,0.1201970601601191,-0.6224752311841399,-0.9274745739175644,-0.4408825977336218
20.0,213.0,1000.9228515625,0.8244933528940739,0.1717593457825232,-2.376818193142241,-0.0231454770857598,0.5188549390173107,-0.571934593955575,0.1201970601601191,-0.6224752484967357,-0.9274745739175644,-0.440882595271642
20.0,214.0,1000.9228515625,0.8244933528940794,0.1717593457825232,-2.3768181931737407,-0.0231454770857481,0.518855071084819,-0.571934593955575,0.1201970601601191,-0.6224752305254626,-0.9274745739175644,-0.4408825936849929
20.0,214.0,1000.9228515625,0.8244933528940794,0.1717593457825232,-2.3768181941580337,-0.0231454774603887,0.518855071084819,-0.571934593955575,0.1201970601601191,-0.6224752305254626,-0.9274745739175644,-0.4408825936849929
20.0,214.0,1000.9228515625,0.8244933528940794,0.1717593457825232,-2.3768181930330443,-0.0231454770857481,0.518855071084819,-0.571934593955575,0.1201970601601191,-0.6224752733749308,-0.9274745739175644,-0.4408825936849929
20.0,214.0,1000.9228515625,0.8244933528940739,0.1717593457825232,-2.3768181931737407,-0.0231454770857601,0.5188549783730564,-0.571934593955575,0.1201970601601191,-0.6224752053231137,-0.9274745739175644,-0.440882595271642
20.0,214.0,1000.9228515625,0.8244933528940794,0.1717593457825232,-2.376818191353992,-0.0231454774599909,0.5188550210242336,-0.571934593955575,0.1201970601601191,-0.6224750096081734,-0.9274745739175644,-0.4408825939440672
20.0,214.0,1000.9228515625,0.8244933528940794,0.1717593457825232,-2.3768181931737407,-0.0231454770857481,0.518855071084819,-0.571934593955575,0.1201970601601191,-0.6224752305254626,-0.9274745739175644,-0.4408825936849929
20.0,214.0,1000.9228515625,0.8244933528940794,0.1717593457825232,-2.3768181931737407,-0.0231454770857481,0.518855071084819,-0.571934593955575,0.1201970601601191,-0.6224752305254626,-0.9274745739175644,-0.4408825936849929
20.0,214.0,1000.9228515625,0.8244933528940794,0.1717593457825232,-2.3768181931737407,-0.0231454770857481,0.518855071084819,-0.571934593955575,0.1201970601601191,-0.6224752305254626,-0.9274745739175644,-0.4408825936849929
20.0,214.0,1000.9228515625,0.8244933528940794,0.1717593457825232,-2.3768181931737407,-0.0231454770967385,0.5188550651022683,-0.571934593955575,0.1201970601601191,-0.6224745911503293,-0.9274745739175644,-0.4408825936849929
20.0,214.0,1000.9228515625,0.8244933528940794,0.1717593457825232,-2.376818191353992,-0.0231454774645114,0.518855179095853,-0.571934593955575,0.1201970601601191,-0.6224750096081734,-0.9274745739175644,-0.4408825977298948
20.0,214.0,1000.9228515625,0.8244933528940794,0.1717593457825232,-2.3768181931737407,-0.0231454770949002,0.518855071084819,-0.571934593955575,0.1201970601601191,-0.6224752305254626,-0.9274745739175644,-0.4408825936849929
20.0,214.0,1000.9228515625,0.8244933528940769,0.1717593457825232,-2.3768181931737407,-0.0231454770855083,0.5188548722225405,-0.571934593955575,0.1201970601601191,-0.6224752948063276,-0.9274745739175644,-0.4408825952815947
20.0,214.0,1000.9228515625,0.8244933528940794,0.1717593457825232,-2.3768181931737407,-0.02314547708576,0.5188549956056944,-0.571934593955575,0.1201970601601191,-0.6224752737358081,-0.9274745739175644,-0.4408825970749195
20.0,214.0,1000.9228515625,0.8244933528940794,0.1717593457825232,-2.3768181913912985,-0.0231454770857481,0.518855071084819,-0.571934593955575,0.1201970601601191,-0.6224752305254626,-0.9274745739175644,-0.4408825976836819
20.0,214.0,1000.9228515625,0.8244933528940739,0.1717593457825232,-2.3768181931737407,-0.0231454770857601,0.5188549390173107,-0.571934593955575,0.1201970601601191,-0.6224745491760093,-0.9274745739175644,-0.440882595271642
20.0,214.0,1000.9228515625,0.8244933528940794,0.1717593457825232,-2.3768181931737407,-0.0231454770857481,0.5188550631229458,-0.571934593955575,0.1201970601601191,-0.6224752305254626,-0.9274745739175644,-0.4408825936849929
20.0,214.0,1000.9228515625,0.8244933528940794,0.1717593457825232,-2.376818192963925,-0.0231454770811601,0.518855071084819,-0.571934593955575,0.1201970601601191,-0.6224752733749308,-0.9274745739175644,-0.4408825936849929
20.0,214.0,1000.9228515625,0.8244933528940794,0.1717593457825232,-2.3768181931737407,-0.0231454770857481,0.518855071084819,-0.571934593955575,0.1201970601601191,-0.6224753292271257,-0.9274745739175644,-0.4408825936849929
20.0,214.0,1000.9228515625,0.8244933528940794,0.1717593457825232,-2.3768181931737407,-0.023145477085272,0.5188550686486088,-0.571934593955575,0.1201970601601191,-0.6224752311841399,-0.9274745739175644,-0.4408825970749195
20.0,214.0,1000.9228515625,0.8244933528940794,0.1717593457825232,-2.3768181931737407,-0.023145477085622,0.5188550651022683,-0.571934593955575,0.1201970601601191,-0.6224745911503293,-0.9274745739175644,-0.4408825936849929
20.0,214.0,1000.9228515625,0.8244933528940769,0.1717593457825232,-2.3768181931737407,-0.0231454770857547,0.5188548722225405,-0.571934593955575,0.1201970601601191,-0.6224752898194671,-0.9274745739175644,-0.4408825952819633
20.0,214.0,1000.9228515625,0.8244933528941869,0.1717593457825232,-2.3768181931737407,-0.0231454770845309,0.5188549390173107,-0.571934593955575,0.1201970601601191,-0.6224745491760093,-0.9274745739175644,-0.440882595271642
20.0,214.0,1000.9228515625,0.8244933528940794,0.1717593457825232,-2.3768181931737407,-0.0231454770857391,0.518855071084819,-0.571934593955575,0.1201970601601191,-0.6224753292271257,-0.9274745739175644,-0.440882595319649
20.0,214.0,1000.9228515625,0.8244933528940794,0.1717593457825232,-2.3768181930330443,-0.0231454770857481,0.518855071084819,-0.571934593955575,0.1201970601601191,-0.6224752733749308,-0.9274745739175644,-0.4408825936849929
20.0,214.0,1000.9228515625,0.8244933528940794,0.1717593457825232,-2.376818193061033,-0.0231454770857481,0.518855071084819,-0.571934593955575,0.1201970601601191,-0.6224754177054583,-0.9274745739175644,-0.4408825976836819
20.0,214.0,1000.9228515625,0.8244933528940739,0.1717593457825232,-2.3768181931737407,-0.0231454770857601,0.5188549390173107,-0.571934593955575,0.1201970601601191,-0.6224755737725376,-0.9274745739175644,-0.440882595271642
20.0,214.0,1000.9228515625,0.8244933528940794,0.1717593457825232,-2.3768181913912985,-0.0231454770968646,0.518855071084819,-0.571934593955575,0.1201970601601191,-0.6224752305254626,-0.9274745739175644,-0.4408825976836819
20.0,214.0,1000.9228515625,0.8244933528940739,0.1717593457825232,-2.3768181931737407,-0.0231454770855136,0.5188549783730564,-0.571934593955575,0.1201970601601191,-0.6224752103099741,-0.9274745739175644,-0.4408825952712734
20.0,214.0,1000.9228515625,0.8244933528940794,0.1717593457825232,-2.3768181931737407,-0.0231454770857481,0.518855071084819,-0.571934593955575,0.1201970601601191,-0.6224752305254626,-0.9274745739175644,-0.4408825936849929
20.0,214.0,1000.9228515625,0.8244933528940739,0.1717593457825232,-2.3768181931737407,-0.023145477085748,0.5188549783730564,-0.571934593955575,0.1201970601601191,-0.6224752063261246,-0.9274745739175644,-0.4408822358767253
20.0,214.0,1000.9228515625,0.8244933528940794,0.1717593457825232,-2.3768181931737407,-0.0231454773767155,0.5188550651022683,-0.571934593955575,0.1201970601601191,-0.6224745267222752,-0.9274745739175644,-0.4408825936849929
20.0,214.0,1000.9228515625,0.8244933528940794,0.1717593457825232,-2.3768181931737407,-0.02314547708576,0.5188549956056944,-0.571934593955575,0.1201970601601191,-0.6224752737358081,-0.9274745739175644,-0.4408825970749195
20.0,214.0,1000.9228515625,0.8244933528940739,0.1717593457825232,-2.3768181931737407,-0.0231454770857475,0.5188549390173107,-0.571934593955575,0.1201970601601191,-0.6224755795723167,-0.9274745739175644,-0.440882595271642
20.0,214.0,1000.9228515625,0.8244933528940794,0.1717593457825232,-2.3768181931737407,-0.0231454770857481,0.518855071084819,-0.571934593955575,0.1201970601601191,-0.6224752305254626,-0.9274745739175644,-0.4408825936849929
20.0,214.0,1000.9228515625,0.8244933528940794,0.1717593457825232,-2.3768181931737407,-0.0231454770857481,0.518855071084819,-0.571934593955575,0.1201970601601191,-0.6224752270133052,-0.9274745739175644,-0.4408825936849929
20.0,214.0,1000.9228515625,0.8244933528940794,0.1717593457825232,-2.3768181931737407,-0.0231454770857481,0.518855071084819,-0.571934593955575,0.1201970601601191,-0.6224752200468672,-0.9274745739175644,-0.4408825936849929
20.0,214.0,1000.9228515625,0.8244933528940794,0.1717593457825232,-2.3768181931737407,-0.0231454770857481,0.518855071084819,-0.571934593955575,0.1201970601601191,-0.6224752305254626,-0.9274745739175644,-0.4408825936849929
20.0,214.0,1000.9228515625,0.8244933528940794,0.1717593457825232,-2.3768181930330443,-0.0231454770857481,0.518855071084819,-0.571934593955575,0.1201970601601191,-0.6224752733749308,-0.9274745739175644,-0.4408825936849929
20.0,214.0,1000.9228515625,0.8244933528940794,0.1717593457825232,-2.37681819136488,-0.0231454774645114,0.5188550719914452,-0.571934593955575,0.1201970601601191,-0.6224750096081734,-0.9274745739175644,-0.4408825970711926
20.0,214.0,1000.9228515625,0.8244933528940794,0.1717593457825232,-2.3768181931737407,-0.0231454770857481,0.518855071084819,-0.571934593955575,0.1201970601601191,-0.6224752305254626,-0.9274745739175644,-0.4408825936849929
20.0,214.0,1000.9228515625,0.8244933528940794,0.1717593457825232,-2.3768181914227986,-0.0231454770857484,0.518855071084819,-0.571934593955575,0.1201970601601191,-0.6224755558012645,-0.9274745739175644,-0.4408825976836819
20.0,214.0,1000.9228515625,0.8244933528940794,0.1717593457825232,-2.3768181931737407,-0.0231454770857481,0.518855071084819,-0.571934593955575,0.1201970601601191,-0.6224752305254626,-0.9274745739175644,-0.4408825936849929
20.0,214.0,1000.9228515625,0.8244933528940739,0.1717593457825232,-2.3768181931737407,-0.0231454770855136,0.5188549783730564,-0.571934593955575,0.1201970601601191,-0.6224752103099741,-0.9274745739175644,-0.4408825952712734
20.0,214.0,1000.9228515625,0.8244933528940794,0.1717593457825232,-2.3768181930330443,-0.0231454770857481,0.518855071084819,-0.571934593955575,0.1201970601601191,-0.6224752733749308,-0.9274745739175644,-0.4408825936849929
20.0,214.0,1000.9228515625,0.8244933528940794,0.1717593457825232,-2.3768181931737407,-0.023145477085622,0.5188550651022683,-0.571934593955575,0.1201970601601191,-0.6224746016289248,-0.9274745739175644,-0.4408825936849929
20.0,214.0,1000.9228515625,0.8244933528940794,0.1717593457825232,-2.3768181931737407,-0.0231454770857481,0.518855071084819,-0.571934593955575,0.1201970601601191,-0.6224752305254626,-0.9274745739175644,-0.4408825936849929
20.0,214.0,1000.9228515625,0.8244933528941865,0.1717593457825232,-2.3768181931737407,-0.0231454770845309,0.5188549390173107,-0.571934593955575,0.1201970601601191,-0.6224745491760093,-0.9274745739175644,-0.440882595271642
20.0,214.0,1000.9228515625,0.8244933528940794,0.1717593457825232,-2.3768181941580337,-0.0231454774603887,0.518855071084819,-0.571934593955575,0.1201970601601191,-0.6224752305254626,-0.9274745739175644,-0.4408825936849929
20.0,214.0,1000.9228515625,0.8244933528940794,0.1717593457825232,-2.376818193162853,-0.023145477085272,0.5188551757530165,-0.571934593955575,0.1201970601601191,-0.6224752311841399,-0.9274745739175644,-0.4408825977336218
20.0,214.0,1000.9228515625,0.8244933528940739,0.1717593457825232,-2.376818193142241,-0.0231454770857598,0.5188549390173107,-0.571934593955575,0.1201970601601191,-0.6224752484967357,-0.9274745739175644,-0.440882595271642
20.0,215.0,1000.9228515625,0.8244933528940794,0.1717593457825232,-2.3768181931737407,-0.0231454770857481,0.518855071084819,-0.571934593955575,0.1201970601601191,-0.6224752305254626,-0.9274745739175644,-0.4408825936849929
20.0,215.0,1000.9228515625,0.8244933528940794,0.1717593457825232,-2.3768181941580337,-0.0231454774603887,0.518855071084819,-0.571934593955575,0.1201970601601191,-0.6224752305254626,-0.9274745739175644,-0.4408825936849929
20.0,215.0,1000.9228515625,0.8244933528940794,0.1717593457825232,-2.3768181930330443,-0.0231454770857481,0.518855071084819,-0.571934593955575,0.1201970601601191,-0.6224752733749308,-0.9274745739175644,-0.4408825936849929
20.0,215.0,1000.9228515625,0.8244933528940739,0.1717593457825232,-2.3768181931737407,-0.0231454770857601,0.5188549783730564,-0.571934593955575,0.1201970601601191,-0.6224752053231137,-0.9274745739175644,-0.440882595271642
20.0,215.0,1000.9228515625,0.8244933528940794,0.1717593457825232,-2.376818191353992,-0.0231454774599909,0.5188550210242336,-0.571934593955575,0.1201970601601191,-0.6224750096081734,-0.9274745739175644,-0.4408825939440672
20.0,215.0,1000.9228515625,0.8244933528940794,0.1717593457825232,-2.3768181931737407,-0.0231454770857481,0.518855071084819,-0.571934593955575,0.1201970601601191,-0.6224752305254626,-0.9274745739175644,-0.4408825936849929
20.0,215.0,1000.9228515625,0.8244933528940794,0.1717593457825232,-2.3768181931737407,-0.0231454770857481,0.518855071084819,-0.571934593955575,0.1201970601601191,-0.6224752305254626,-0.9274745739175644,-0.4408825936849929
20.0,215.0,1000.9228515625,0.8244933528940794,0.1717593457825232,-2.3768181931737407,-0.0231454770857481,0.518855071084819,-0.571934593955575,0.1201970601601191,-0.6224752305254626,-0.9274745739175644,-0.4408825936849929
20.0,215.0,1000.9228515625,0.8244933528940794,0.1717593457825232,-2.3768181931737407,-0.0231454770967385,0.5188550651022683,-0.571934593955575,0.1201970601601191,-0.6224745911503293,-0.9274745739175644,-0.4408825936849929
20.0,215.0,1000.9228515625,0.8244933528940794,0.1717593457825232,-2.376818191353992,-0.0231454774645114,0.518855179095853,-0.571934593955575,0.1201970601601191,-0.6224750096081734,-0.9274745739175644,-0.4408825977298948
20.0,215.0,1000.9228515625,0.8244933528940794,0.1717593457825232,-2.3768181931737407,-0.0231454770949002,0.518855071084819,-0.571934593955575,0.1201970601601191,-0.6224752305254626,-0.9274745739175644,-0.4408825936849929
20.0,215.0,1000.9228515625,0.8244933528940769,0.1717593457825232,-2.3768181931737407,-0.0231454770855083,0.5188548722225405,-0.571934593955575,0.1201970601601191,-0.6224752948063276,-0.9274745739175644,-0.4408825952815947
20.0,215.0,1000.9228515625,0.8244933528940794,0.1717593457825232,-2.3768181931737407,-0.02314547708576,0.5188549956056944,-0.571934593955575,0.1201970601601191,-0.6224752737358081,-0.9274745739175644,-0.4408825970749195
20.0,215.0,1000.9228515625,0.8244933528940794,0.1717593457825232,-2.3768181913912985,-0.0231454770857481,0.518855071084819,-0.571934593955575,0.1201970601601191,-0.6224752305254626,-0.9274745739175644,-0.4408825976836819
20.0,215.0,1000.9228515625,0.8244933528940739,0.1717593457825232,-2.3768181931737407,-0.0231454770857601,0.5188549390173107,-0.571934593955575,0.1201970601601191,-0.6224745491760093,-0.9274745739175644,-0.440882595271642
20.0,215.0,1000.9228515625,0.8244933528940794,0.1717593457825232,-2.3768181931737407,-0.0231454770857481,0.5188550631229458,-0.571934593955575,0.1201970601601191,-0.6224752305254626,-0.9274745739175644,-0.4408825936849929
20.0,215.0,1000.9228515625,0.8244933528940794,0.1717593457825232,-2.376818192963925,-0.0231454770811601,0.518855071084819,-0.571934593955575,0.1201970601601191,-0.6224752733749308,-0.9274745739175644,-0.4408825936849929
20.0,215.0,1000.9228515625,0.8244933528940794,0.1717593457825232,-2.3768181931737407,-0.0231454770857481,0.518855071084819,-0.571934593955575,0.1201970601601191,-0.6224753292271257,-0.9274745739175644,-0.4408825936849929
20.0,215.0,1000.9228515625,0.8244933528940794,0.1717593457825232,-2.3768181931737407,-0.023145477085272,0.5188550686486088,-0.571934593955575,0.1201970601601191,-0.6224752311841399,-0.9274745739175644,-0.4408825970749195
20.0,215.0,1000.9228515625,0.8244933528940794,0.1717593457825232,-2.3768181931737407,-0.023145477085622,0.5188550651022683,-0.571934593955575,0.1201970601601191,-0.6224745911503293,-0.9274745739175644,-0.4408825936849929
20.0,215.0,1000.9228515625,0.8244933528940769,0.1717593457825232,-2.3768181931737407,-0.0231454770857547,0.5188548722225405,-0.571934593955575,0.1201970601601191,-0.6224752898194671,-0.9274745739175644,-0.4408825952819633
20.0,215.0,1000.9228515625,0.8244933528941869,0.1717593457825232,-2.3768181931737407,-0.0231454770845309,0.5188549390173107,-0.571934593955575,0.1201970601601191,-0.6224745491760093,-0.9274745739175644,-0.440882595271642
20.0,215.0,1000.9228515625,0.8244933528940794,0.1717593457825232,-2.3768181931737407,-0.0231454770857391,0.518855071084819,-0.571934593955575,0.1201970601601191,-0.6224753292271257,-0.9274745739175644,-0.440882595319649
20.0,215.0,1000.9228515625,0.8244933528940794,0.1717593457825232,-2.3768181930330443,-0.0231454770857481,0.518855071084819,-0.571934593955575,0.1201970601601191,-0.6224752733749308,-0.9274745739175644,-0.4408825936849929
20.0,215.0,1000.9228515625,0.8244933528940794,0.1717593457825232,-2.376818193061033,-0.0231454770857481,0.518855071084819,-0.571934593955575,0.1201970601601191,-0.6224754177054583,-0.9274745739175644,-0.4408825976836819
20.0,215.0,1000.9228515625,0.8244933528940739,0.1717593457825232,-2.3768181931737407,-0.0231454770857601,0.5188549390173107,-0.571934593955575,0.1201970601601191,-0.6224755737725376,-0.9274745739175644,-0.440882595271642
20.0,215.0,1000.9228515625,0.8244933528940794,0.1717593457825232,-2.3768181913912985,-0.0231454770968646,0.518855071084819,-0.571934593955575,0.1201970601601191,-0.6224752305254626,-0.9274745739175644,-0.4408825976836819
20.0,215.0,1000.9228515625,0.8244933528940739,0.1717593457825232,-2.3768181931737407,-0.0231454770855136,0.5188549783730564,-0.571934593955575,0.1201970601601191,-0.6224752103099741,-0.9274745739175644,-0.4408825952712734
20.0,215.0,1000.9228515625,0.8244933528940794,0.1717593457825232,-2.3768181931737407,-0.0231454770857481,0.518855071084819,-0.571934593955575,0.1201970601601191,-0.6224752305254626,-0.9274745739175644,-0.4408825936849929
20.0,215.0,1000.9228515625,0.8244933528940739,0.1717593457825232,-2.3768181931737407,-0.023145477085748,0.5188549783730564,-0.571934593955575,0.1201970601601191,-0.6224752063261246,-0.9274745739175644,-0.4408822358767253
20.0,215.0,1000.9228515625,0.8244933528940794,0.1717593457825232,-2.3768181931737407,-0.0231454773767155,0.5188550651022683,-0.571934593955575,0.1201970601601191,-0.6224745267222752,-0.9274745739175644,-0.4408825936849929
20.0,215.0,1000.9228515625,0.8244933528940794,0.1717593457825232,-2.3768181931737407,-0.02314547708576,0.5188549956056944,-0.571934593955575,0.1201970601601191,-0.6224752737358081,-0.9274745739175644,-0.4408825970749195
20.0,215.0,1000.9228515625,0.8244933528940739,0.1717593457825232,-2.3768181931737407,-0.0231454770857475,0.5188549390173107,-0.571934593955575,0.1201970601601191,-0.6224755795723167,-0.9274745739175644,-0.440882595271642
20.0,215.0,1000.9228515625,0.8244933528940794,0.1717593457825232,-2.3768181931737407,-0.0231454770857481,0.518855071084819,-0.571934593955575,0.1201970601601191,-0.6224752305254626,-0.9274745739175644,-0.4408825936849929
20.0,215.0,1000.9228515625,0.8244933528940794,0.1717593457825232,-2.3768181931737407,-0.0231454770857481,0.518855071084819,-0.571934593955575,0.1201970601601191,-0.6224752270133052,-0.9274745739175644,-0.4408825936849929
20.0,215.0,1000.9228515625,0.8244933528940794,0.1717593457825232,-2.3768181931737407,-0.0231454770857481,0.518855071084819,-0.571934593955575,0.1201970601601191,-0.6224752200468672,-0.9274745739175644,-0.4408825936849929
20.0,215.0,1000.9228515625,0.8244933528940794,0.1717593457825232,-2.3768181931737407,-0.0231454770857481,0.518855071084819,-0.571934593955575,0.1201970601601191,-0.6224752305254626,-0.9274745739175644,-0.4408825936849929
20.0,215.0,1000.9228515625,0.8244933528940794,0.1717593457825232,-2.3768181930330443,-0.0231454770857481,0.518855071084819,-0.571934593955575,0.1201970601601191,-0.6224752733749308,-0.9274745739175644,-0.4408825936849929
20.0,215.0,1000.9228515625,0.8244933528940794,0.1717593457825232,-2.37681819136488,-0.0231454774645114,0.5188550719914452,-0.571934593955575,0.1201970601601191,-0.6224750096081734,-0.9274745739175644,-0.4408825970711926
20.0,215.0,1000.9228515625,0.8244933528940794,0.1717593457825232,-2.3768181931737407,-0.0231454770857481,0.518855071084819,-0.571934593955575,0.1201970601601191,-0.6224752305254626,-0.9274745739175644,-0.4408825936849929
20.0,215.0,1000.9228515625,0.8244933528940794,0.1717593457825232,-2.3768181914227986,-0.0231454770857484,0.518855071084819,-0.571934593955575,0.1201970601601191,-0.6224755558012645,-0.9274745739175644,-0.4408825976836819
20.0,215.0,1000.9228515625,0.8244933528940794,0.1717593457825232,-2.3768181931737407,-0.0231454770857481,0.518855071084819,-0.571934593955575,0.1201970601601191,-0.6224752305254626,-0.9274745739175644,-0.4408825936849929
20.0,215.0,1000.9228515625,0.8244933528940739,0.1717593457825232,-2.3768181931737407,-0.0231454770855136,0.5188549783730564,-0.571934593955575,0.1201970601601191,-0.6224752103099741,-0.9274745739175644,-0.4408825952712734
20.0,215.0,1000.9228515625,0.8244933528940794,0.1717593457825232,-2.3768181930330443,-0.0231454770857481,0.518855071084819,-0.571934593955575,0.1201970601601191,-0.6224752733749308,-0.9274745739175644,-0.4408825936849929
20.0,215.0,1000.9228515625,0.8244933528940794,0.1717593457825232,-2.3768181931737407,-0.023145477085622,0.5188550651022683,-0.571934593955575,0.1201970601601191,-0.6224746016289248,-0.9274745739175644,-0.4408825936849929
20.0,215.0,1000.9228515625,0.8244933528940794,0.1717593457825232,-2.3768181931737407,-0.0231454770857481,0.518855071084819,-0.571934593955575,0.1201970601601191,-0.6224752305254626,-0.9274745739175644,-0.4408825936849929
20.0,215.0,1000.9228515625,0.8244933528941865,0.1717593457825232,-2.3768181931737407,-0.0231454770845309,0.5188549390173107,-0.571934593955575,0.1201970601601191,-0.6224745491760093,-0.9274745739175644,-0.440882595271642
20.0,215.0,1000.9228515625,0.8244933528940794,0.1717593457825232,-2.3768181941580337,-0.0231454774603887,0.518855071084819,-0.571934593955575,0.1201970601601191,-0.6224752305254626,-0.9274745739175644,-0.4408825936849929
20.0,215.0,1000.9228515625,0.8244933528940794,0.1717593457825232,-2.376818193162853,-0.023145477085272,0.5188551757530165,-0.571934593955575,0.1201970601601191,-0.6224752311841399,-0.9274745739175644,-0.4408825977336218
20.0,215.0,1000.9228515625,0.8244933528940739,0.1717593457825232,-2.376818193142241,-0.0231454770857598,0.5188549390173107,-0.571934593955575,0.1201970601601191,-0.6224752484967357,-0.9274745739175644,-0.440882595271642
20.0,216.0,1000.9228515625,0.8244933528940794,0.1717593457825232,-2.3768181931737407,-0.0231454770857481,0.518855071084819,-0.571934593955575,0.1201970601601191,-0.6224752305254626,-0.9274745739175644,-0.4408825936849929
20.0,216.0,1000.9228515625,0.8244933528940794,0.1717593457825232,-2.3768181941580337,-0.0231454774603887,0.518855071084819,-0.571934593955575,0.1201970601601191,-0.6224752305254626,-0.9274745739175644,-0.4408825936849929
20.0,216.0,1000.9228515625,0.8244933528940794,0.1717593457825232,-2.3768181930330443,-0.0231454770857481,0.518855071084819,-0.571934593955575,0.1201970601601191,-0.6224752733749308,-0.9274745739175644,-0.4408825936849929
20.0,216.0,1000.9228515625,0.8244933528940739,0.1717593457825232,-2.3768181931737407,-0.0231454770857601,0.5188549783730564,-0.571934593955575,0.1201970601601191,-0.6224752053231137,-0.9274745739175644,-0.440882595271642
20.0,216.0,1000.9228515625,0.8244933528940794,0.1717593457825232,-2.376818191353992,-0.0231454774599909,0.5188550210242336,-0.571934593955575,0.1201970601601191,-0.6224750096081734,-0.9274745739175644,-0.4408825939440672
20.0,216.0,1000.9228515625,0.8244933528940794,0.1717593457825232,-2.3768181931737407,-0.0231454770857481,0.518855071084819,-0.571934593955575,0.1201970601601191,-0.6224752305254626,-0.9274745739175644,-0.4408825936849929
20.0,216.0,1000.9228515625,0.8244933528940794,0.1717593457825232,-2.3768181931737407,-0.0231454770857481,0.518855071084819,-0.571934593955575,0.1201970601601191,-0.6224752305254626,-0.9274745739175644,-0.4408825936849929
20.0,216.0,1000.9228515625,0.8244933528940794,0.1717593457825232,-2.3768181931737407,-0.0231454770857481,0.518855071084819,-0.571934593955575,0.1201970601601191,-0.6224752305254626,-0.9274745739175644,-0.4408825936849929
20.0,216.0,1000.9228515625,0.8244933528940794,0.1717593457825232,-2.3768181931737407,-0.0231454770967385,0.5188550651022683,-0.571934593955575,0.1201970601601191,-0.6224745911503293,-0.9274745739175644,-0.4408825936849929
20.0,216.0,1000.9228515625,0.8244933528940794,0.1717593457825232,-2.376818191353992,-0.0231454774645114,0.518855179095853,-0.571934593955575,0.1201970601601191,-0.6224750096081734,-0.9274745739175644,-0.4408825977298948
20.0,216.0,1000.9228515625,0.8244933528940794,0.1717593457825232,-2.3768181931737407,-0.0231454770949002,0.518855071084819,-0.571934593955575,0.1201970601601191,-0.6224752305254626,-0.9274745739175644,-0.4408825936849929
20.0,216.0,1000.9228515625,0.8244933528940769,0.1717593457825232,-2.3768181931737407,-0.0231454770855083,0.5188548722225405,-0.571934593955575,0.1201970601601191,-0.6224752948063276,-0.9274745739175644,-0.4408825952815947
20.0,216.0,1000.9228515625,0.8244933528940794,0.1717593457825232,-2.3768181931737407,-0.02314547708576,0.5188549956056944,-0.571934593955575,0.1201970601601191,-0.6224752737358081,-0.9274745739175644,-0.4408825970749195
20.0,216.0,1000.9228515625,0.8244933528940794,0.1717593457825232,-2.3768181913912985,-0.0231454770857481,0.518855071084819,-0.571934593955575,0.1201970601601191,-0.6224752305254626,-0.9274745739175644,-0.4408825976836819
20.0,216.0,1000.9228515625,0.8244933528940739,0.1717593457825232,-2.3768181931737407,-0.0231454770857601,0.5188549390173107,-0.571934593955575,0.1201970601601191,-0.6224745491760093,-0.9274745739175644,-0.440882595271642
20.0,216.0,1000.9228515625,0.8244933528940794,0.1717593457825232,-2.3768181931737407,-0.0231454770857481,0.5188550631229458,-0.571934593955575,0.1201970601601191,-0.6224752305254626,-0.9274745739175644,-0.4408825936849929
20.0,216.0,1000.9228515625,0.8244933528940794,0.1717593457825232,-2.376818192963925,-0.0231454770811601,0.518855071084819,-0.571934593955575,0.1201970601601191,-0.6224752733749308,-0.9274745739175644,-0.4408825936849929
20.0,216.0,1000.9228515625,0.8244933528940794,0.1717593457825232,-2.3768181931737407,-0.0231454770857481,0.518855071084819,-0.571934593955575,0.1201970601601191,-0.6224753292271257,-0.9274745739175644,-0.4408825936849929
20.0,216.0,1000.9228515625,0.8244933528940794,0.1717593457825232,-2.3768181931737407,-0.023145477085272,0.5188550686486088,-0.571934593955575,0.1201970601601191,-0.6224752311841399,-0.9274745739175644,-0.4408825970749195
20.0,216.0,1000.9228515625,0.8244933528940794,0.1717593457825232,-2.3768181931737407,-0.023145477085622,0.5188550651022683,-0.571934593955575,0.1201970601601191,-0.6224745911503293,-0.9274745739175644,-0.4408825936849929
20.0,216.0,1000.9228515625,0.8244933528940769,0.1717593457825232,-2.3768181931737407,-0.0231454770857547,0.5188548722225405,-0.571934593955575,0.1201970601601191,-0.6224752898194671,-0.9274745739175644,-0.4408825952819633
20.0,216.0,1000.9228515625,0.8244933528941869,0.1717593457825232,-2.3768181931737407,-0.0231454770845309,0.5188549390173107,-0.571934593955575,0.1201970601601191,-0.6224745491760093,-0.9274745739175644,-0.440882595271642
20.0,216.0,1000.9228515625,0.8244933528940794,0.1717593457825232,-2.3768181931737407,-0.0231454770857391,0.518855071084819,-0.571934593955575,0.1201970601601191,-0.6224753292271257,-0.9274745739175644,-0.440882595319649
20.0,216.0,1000.9228515625,0.8244933528940794,0.1717593457825232,-2.3768181930330443,-0.0231454770857481,0.518855071084819,-0.571934593955575,0.1201970601601191,-0.6224752733749308,-0.9274745739175644,-0.4408825936849929
20.0,216.0,1000.9228515625,0.8244933528940794,0.1717593457825232,-2.376818193061033,-0.0231454770857481,0.518855071084819,-0.571934593955575,0.1201970601601191,-0.6224754177054583,-0.9274745739175644,-0.4408825976836819
20.0,216.0,1000.9228515625,0.8244933528940739,0.1717593457825232,-2.3768181931737407,-0.0231454770857601,0.5188549390173107,-0.571934593955575,0.1201970601601191,-0.6224755737725376,-0.9274745739175644,-0.440882595271642
20.0,216.0,1000.9228515625,0.8244933528940794,0.1717593457825232,-2.3768181913912985,-0.0231454770968646,0.518855071084819,-0.571934593955575,0.1201970601601191,-0.6224752305254626,-0.9274745739175644,-0.4408825976836819
20.0,216.0,1000.9228515625,0.8244933528940739,0.1717593457825232,-2.3768181931737407,-0.0231454770855136,0.5188549783730564,-0.571934593955575,0.1201970601601191,-0.6224752103099741,-0.9274745739175644,-0.4408825952712734
20.0,216.0,1000.9228515625,0.8244933528940794,0.1717593457825232,-2.3768181931737407,-0.0231454770857481,0.518855071084819,-0.571934593955575,0.1201970601601191,-0.6224752305254626,-0.9274745739175644,-0.4408825936849929
20.0,216.0,1000.9228515625,0.8244933528940739,0.1717593457825232,-2.3768181931737407,-0.023145477085748,0.5188549783730564,-0.571934593955575,0.1201970601601191,-0.6224752063261246,-0.9274745739175644,-0.4408822358767253
20.0,216.0,1000.9228515625,0.8244933528940794,0.1717593457825232,-2.3768181931737407,-0.0231454773767155,0.5188550651022683,-0.571934593955575,0.1201970601601191,-0.6224745267222752,-0.9274745739175644,-0.4408825936849929
20.0,216.0,1000.9228515625,0.8244933528940794,0.1717593457825232,-2.3768181931737407,-0.02314547708576,0.5188549956056944,-0.571934593955575,0.1201970601601191,-0.6224752737358081,-0.9274745739175644,-0.4408825970749195
20.0,216.0,1000.9228515625,0.8244933528940739,0.1717593457825232,-2.3768181931737407,-0.0231454770857475,0.5188549390173107,-0.571934593955575,0.1201970601601191,-0.6224755795723167,-0.9274745739175644,-0.440882595271642
20.0,216.0,1000.9228515625,0.8244933528940794,0.1717593457825232,-2.3768181931737407,-0.0231454770857481,0.518855071084819,-0.571934593955575,0.1201970601601191,-0.6224752305254626,-0.9274745739175644,-0.4408825936849929
20.0,216.0,1000.9228515625,0.8244933528940794,0.1717593457825232,-2.3768181931737407,-0.0231454770857481,0.518855071084819,-0.571934593955575,0.1201970601601191,-0.6224752270133052,-0.9274745739175644,-0.4408825936849929
20.0,216.0,1000.9228515625,0.8244933528940794,0.1717593457825232,-2.3768181931737407,-0.0231454770857481,0.518855071084819,-0.571934593955575,0.1201970601601191,-0.6224752200468672,-0.9274745739175644,-0.4408825936849929
20.0,216.0,1000.9228515625,0.8244933528940794,0.1717593457825232,-2.3768181931737407,-0.0231454770857481,0.518855071084819,-0.571934593955575,0.1201970601601191,-0.6224752305254626,-0.9274745739175644,-0.4408825936849929
20.0,216.0,1000.9228515625,0.8244933528940794,0.1717593457825232,-2.3768181930330443,-0.0231454770857481,0.518855071084819,-0.571934593955575,0.1201970601601191,-0.6224752733749308,-0.9274745739175644,-0.4408825936849929
20.0,216.0,1000.9228515625,0.8244933528940794,0.1717593457825232,-2.37681819136488,-0.0231454774645114,0.5188550719914452,-0.571934593955575,0.1201970601601191,-0.6224750096081734,-0.9274745739175644,-0.4408825970711926
20.0,216.0,1000.9228515625,0.8244933528940794,0.1717593457825232,-2.3768181931737407,-0.0231454770857481,0.518855071084819,-0.571934593955575,0.1201970601601191,-0.6224752305254626,-0.9274745739175644,-0.4408825936849929
20.0,216.0,1000.9228515625,0.8244933528940794,0.1717593457825232,-2.3768181914227986,-0.0231454770857484,0.518855071084819,-0.571934593955575,0.1201970601601191,-0.6224755558012645,-0.9274745739175644,-0.4408825976836819
20.0,216.0,1000.9228515625,0.8244933528940794,0.1717593457825232,-2.3768181931737407,-0.0231454770857481,0.518855071084819,-0.571934593955575,0.1201970601601191,-0.6224752305254626,-0.9274745739175644,-0.4408825936849929
20.0,216.0,1000.9228515625,0.8244933528940739,0.1717593457825232,-2.3768181931737407,-0.0231454770855136,0.5188549783730564,-0.571934593955575,0.1201970601601191,-0.6224752103099741,-0.9274745739175644,-0.4408825952712734
20.0,216.0,1000.9228515625,0.8244933528940794,0.1717593457825232,-2.3768181930330443,-0.0231454770857481,0.518855071084819,-0.571934593955575,0.1201970601601191,-0.6224752733749308,-0.9274745739175644,-0.4408825936849929
20.0,216.0,1000.9228515625,0.8244933528940794,0.1717593457825232,-2.3768181931737407,-0.023145477085622,0.5188550651022683,-0.571934593955575,0.1201970601601191,-0.6224746016289248,-0.9274745739175644,-0.4408825936849929
20.0,216.0,1000.9228515625,0.8244933528940794,0.1717593457825232,-2.3768181931737407,-0.0231454770857481,0.518855071084819,-0.571934593955575,0.1201970601601191,-0.6224752305254626,-0.9274745739175644,-0.4408825936849929
20.0,216.0,1000.9228515625,0.8244933528941865,0.1717593457825232,-2.3768181931737407,-0.0231454770845309,0.5188549390173107,-0.571934593955575,0.1201970601601191,-0.6224745491760093,-0.9274745739175644,-0.440882595271642
20.0,216.0,1000.9228515625,0.8244933528940794,0.1717593457825232,-2.3768181941580337,-0.0231454774603887,0.518855071084819,-0.571934593955575,0.1201970601601191,-0.6224752305254626,-0.9274745739175644,-0.4408825936849929
20.0,216.0,1000.9228515625,0.8244933528940794,0.1717593457825232,-2.376818193162853,-0.023145477085272,0.5188551757530165,-0.571934593955575,0.1201970601601191,-0.6224752311841399,-0.9274745739175644,-0.4408825977336218
20.0,216.0,1000.9228515625,0.8244933528940739,0.1717593457825232,-2.376818193142241,-0.0231454770857598,0.5188549390173107,-0.571934593955575,0.1201970601601191,-0.6224752484967357,-0.9274745739175644,-0.440882595271642
20.0,217.0,1000.9228515625,0.8244933528940794,0.1717593457825232,-2.3768181931737407,-0.0231454770857481,0.518855071084819,-0.571934593955575,0.1201970601601191,-0.6224752305254626,-0.9274745739175644,-0.4408825936849929
20.0,217.0,1000.9228515625,0.8244933528940794,0.1717593457825232,-2.3768181941580337,-0.0231454774603887,0.518855071084819,-0.571934593955575,0.1201970601601191,-0.6224752305254626,-0.9274745739175644,-0.4408825936849929
20.0,217.0,1000.9228515625,0.8244933528940794,0.1717593457825232,-2.3768181930330443,-0.0231454770857481,0.518855071084819,-0.571934593955575,0.1201970601601191,-0.6224752733749308,-0.9274745739175644,-0.4408825936849929
20.0,217.0,1000.9228515625,0.8244933528940739,0.1717593457825232,-2.3768181931737407,-0.0231454770857601,0.5188549783730564,-0.571934593955575,0.1201970601601191,-0.6224752053231137,-0.9274745739175644,-0.440882595271642
20.0,217.0,1000.9228515625,0.8244933528940794,0.1717593457825232,-2.376818191353992,-0.0231454774599909,0.5188550210242336,-0.571934593955575,0.1201970601601191,-0.6224750096081734,-0.9274745739175644,-0.4408825939440672
20.0,217.0,1000.9228515625,0.8244933528940794,0.1717593457825232,-2.3768181931737407,-0.0231454770857481,0.518855071084819,-0.571934593955575,0.1201970601601191,-0.6224752305254626,-0.9274745739175644,-0.4408825936849929
20.0,217.0,1000.9228515625,0.8244933528940794,0.1717593457825232,-2.3768181931737407,-0.0231454770857481,0.518855071084819,-0.571934593955575,0.1201970601601191,-0.6224752305254626,-0.9274745739175644,-0.4408825936849929
20.0,217.0,1000.9228515625,0.8244933528940794,0.1717593457825232,-2.3768181931737407,-0.0231454770857481,0.518855071084819,-0.571934593955575,0.1201970601601191,-0.6224752305254626,-0.9274745739175644,-0.4408825936849929
20.0,217.0,1000.9228515625,0.8244933528940794,0.1717593457825232,-2.3768181931737407,-0.0231454770967385,0.5188550651022683,-0.571934593955575,0.1201970601601191,-0.6224745911503293,-0.9274745739175644,-0.4408825936849929
20.0,217.0,1000.9228515625,0.8244933528940794,0.1717593457825232,-2.376818191353992,-0.0231454774645114,0.518855179095853,-0.571934593955575,0.1201970601601191,-0.6224750096081734,-0.9274745739175644,-0.4408825977298948
20.0,217.0,1000.9228515625,0.8244933528940794,0.1717593457825232,-2.3768181931737407,-0.0231454770949002,0.518855071084819,-0.571934593955575,0.1201970601601191,-0.6224752305254626,-0.9274745739175644,-0.4408825936849929
20.0,217.0,1000.9228515625,0.8244933528940769,0.1717593457825232,-2.3768181931737407,-0.0231454770855083,0.5188548722225405,-0.571934593955575,0.1201970601601191,-0.6224752948063276,-0.9274745739175644,-0.4408825952815947
20.0,217.0,1000.9228515625,0.8244933528940794,0.1717593457825232,-2.3768181931737407,-0.02314547708576,0.5188549956056944,-0.571934593955575,0.1201970601601191,-0.6224752737358081,-0.9274745739175644,-0.4408825970749195
20.0,217.0,1000.9228515625,0.8244933528940794,0.1717593457825232,-2.3768181913912985,-0.0231454770857481,0.518855071084819,-0.571934593955575,0.1201970601601191,-0.6224752305254626,-0.9274745739175644,-0.4408825976836819
20.0,217.0,1000.9228515625,0.8244933528940739,0.1717593457825232,-2.3768181931737407,-0.0231454770857601,0.5188549390173107,-0.571934593955575,0.1201970601601191,-0.6224745491760093,-0.9274745739175644,-0.440882595271642
20.0,217.0,1000.9228515625,0.8244933528940794,0.1717593457825232,-2.3768181931737407,-0.0231454770857481,0.5188550631229458,-0.571934593955575,0.1201970601601191,-0.6224752305254626,-0.9274745739175644,-0.4408825936849929
20.0,217.0,1000.9228515625,0.8244933528940794,0.1717593457825232,-2.376818192963925,-0.0231454770811601,0.518855071084819,-0.571934593955575,0.1201970601601191,-0.6224752733749308,-0.9274745739175644,-0.4408825936849929
20.0,217.0,1000.9228515625,0.8244933528940794,0.1717593457825232,-2.3768181931737407,-0.0231454770857481,0.518855071084819,-0.571934593955575,0.1201970601601191,-0.6224753292271257,-0.9274745739175644,-0.4408825936849929
20.0,217.0,1000.9228515625,0.8244933528940794,0.1717593457825232,-2.3768181931737407,-0.023145477085272,0.5188550686486088,-0.571934593955575,0.1201970601601191,-0.6224752311841399,-0.9274745739175644,-0.4408825970749195
20.0,217.0,1000.9228515625,0.8244933528940794,0.1717593457825232,-2.3768181931737407,-0.023145477085622,0.5188550651022683,-0.571934593955575,0.1201970601601191,-0.6224745911503293,-0.9274745739175644,-0.4408825936849929
20.0,217.0,1000.9228515625,0.8244933528940769,0.1717593457825232,-2.3768181931737407,-0.0231454770857547,0.5188548722225405,-0.571934593955575,0.1201970601601191,-0.6224752898194671,-0.9274745739175644,-0.4408825952819633
20.0,217.0,1000.9228515625,0.8244933528941869,0.1717593457825232,-2.3768181931737407,-0.0231454770845309,0.5188549390173107,-0.571934593955575,0.1201970601601191,-0.6224745491760093,-0.9274745739175644,-0.440882595271642
20.0,217.0,1000.9228515625,0.8244933528940794,0.1717593457825232,-2.3768181931737407,-0.0231454770857391,0.518855071084819,-0.571934593955575,0.1201970601601191,-0.6224753292271257,-0.9274745739175644,-0.440882595319649
20.0,217.0,1000.9228515625,0.8244933528940794,0.1717593457825232,-2.3768181930330443,-0.0231454770857481,0.518855071084819,-0.571934593955575,0.1201970601601191,-0.6224752733749308,-0.9274745739175644,-0.4408825936849929
20.0,217.0,1000.9228515625,0.8244933528940794,0.1717593457825232,-2.376818193061033,-0.0231454770857481,0.518855071084819,-0.571934593955575,0.1201970601601191,-0.6224754177054583,-0.9274745739175644,-0.4408825976836819
20.0,217.0,1000.9228515625,0.8244933528940739,0.1717593457825232,-2.3768181931737407,-0.0231454770857601,0.5188549390173107,-0.571934593955575,0.1201970601601191,-0.6224755737725376,-0.9274745739175644,-0.440882595271642
20.0,217.0,1000.9228515625,0.8244933528940794,0.1717593457825232,-2.3768181913912985,-0.0231454770968646,0.518855071084819,-0.571934593955575,0.1201970601601191,-0.6224752305254626,-0.9274745739175644,-0.4408825976836819
20.0,217.0,1000.9228515625,0.8244933528940739,0.1717593457825232,-2.3768181931737407,-0.0231454770855136,0.5188549783730564,-0.571934593955575,0.1201970601601191,-0.6224752103099741,-0.9274745739175644,-0.4408825952712734
20.0,217.0,1000.9228515625,0.8244933528940794,0.1717593457825232,-2.3768181931737407,-0.0231454770857481,0.518855071084819,-0.571934593955575,0.1201970601601191,-0.6224752305254626,-0.9274745739175644,-0.4408825936849929
20.0,217.0,1000.9228515625,0.8244933528940739,0.1717593457825232,-2.3768181931737407,-0.023145477085748,0.5188549783730564,-0.571934593955575,0.1201970601601191,-0.6224752063261246,-0.9274745739175644,-0.4408822358767253
20.0,217.0,1000.9228515625,0.8244933528940794,0.1717593457825232,-2.3768181931737407,-0.0231454773767155,0.5188550651022683,-0.571934593955575,0.1201970601601191,-0.6224745267222752,-0.9274745739175644,-0.4408825936849929
20.0,217.0,1000.9228515625,0.8244933528940794,0.1717593457825232,-2.3768181931737407,-0.02314547708576,0.5188549956056944,-0.571934593955575,0.1201970601601191,-0.6224752737358081,-0.9274745739175644,-0.4408825970749195
20.0,217.0,1000.9228515625,0.8244933528940739,0.1717593457825232,-2.3768181931737407,-0.0231454770857475,0.5188549390173107,-0.571934593955575,0.1201970601601191,-0.6224755795723167,-0.9274745739175644,-0.440882595271642
20.0,217.0,1000.9228515625,0.8244933528940794,0.1717593457825232,-2.3768181931737407,-0.0231454770857481,0.518855071084819,-0.571934593955575,0.1201970601601191,-0.6224752305254626,-0.9274745739175644,-0.4408825936849929
20.0,217.0,1000.9228515625,0.8244933528940794,0.1717593457825232,-2.3768181931737407,-0.0231454770857481,0.518855071084819,-0.571934593955575,0.1201970601601191,-0.6224752270133052,-0.9274745739175644,-0.4408825936849929
20.0,217.0,1000.9228515625,0.8244933528940794,0.1717593457825232,-2.3768181931737407,-0.0231454770857481,0.518855071084819,-0.571934593955575,0.1201970601601191,-0.6224752200468672,-0.9274745739175644,-0.4408825936849929
20.0,217.0,1000.9228515625,0.8244933528940794,0.1717593457825232,-2.3768181931737407,-0.0231454770857481,0.518855071084819,-0.571934593955575,0.1201970601601191,-0.6224752305254626,-0.9274745739175644,-0.4408825936849929
20.0,217.0,1000.9228515625,0.8244933528940794,0.1717593457825232,-2.3768181930330443,-0.0231454770857481,0.518855071084819,-0.571934593955575,0.1201970601601191,-0.6224752733749308,-0.9274745739175644,-0.4408825936849929
20.0,217.0,1000.9228515625,0.8244933528940794,0.1717593457825232,-2.37681819136488,-0.0231454774645114,0.5188550719914452,-0.571934593955575,0.1201970601601191,-0.6224750096081734,-0.9274745739175644,-0.4408825970711926
20.0,217.0,1000.9228515625,0.8244933528940794,0.1717593457825232,-2.3768181931737407,-0.0231454770857481,0.518855071084819,-0.571934593955575,0.1201970601601191,-0.6224752305254626,-0.9274745739175644,-0.4408825936849929
20.0,217.0,1000.9228515625,0.8244933528940794,0.1717593457825232,-2.3768181914227986,-0.0231454770857484,0.518855071084819,-0.571934593955575,0.1201970601601191,-0.6224755558012645,-0.9274745739175644,-0.4408825976836819
20.0,217.0,1000.9228515625,0.8244933528940794,0.1717593457825232,-2.3768181931737407,-0.0231454770857481,0.518855071084819,-0.571934593955575,0.1201970601601191,-0.6224752305254626,-0.9274745739175644,-0.4408825936849929
20.0,217.0,1000.9228515625,0.8244933528940739,0.1717593457825232,-2.3768181931737407,-0.0231454770855136,0.5188549783730564,-0.571934593955575,0.1201970601601191,-0.6224752103099741,-0.9274745739175644,-0.4408825952712734
20.0,217.0,1000.9228515625,0.8244933528940794,0.1717593457825232,-2.3768181930330443,-0.0231454770857481,0.518855071084819,-0.571934593955575,0.1201970601601191,-0.6224752733749308,-0.9274745739175644,-0.4408825936849929
20.0,217.0,1000.9228515625,0.8244933528940794,0.1717593457825232,-2.3768181931737407,-0.023145477085622,0.5188550651022683,-0.571934593955575,0.1201970601601191,-0.6224746016289248,-0.9274745739175644,-0.4408825936849929
20.0,217.0,1000.9228515625,0.8244933528940794,0.1717593457825232,-2.3768181931737407,-0.0231454770857481,0.518855071084819,-0.571934593955575,0.1201970601601191,-0.6224752305254626,-0.9274745739175644,-0.4408825936849929
20.0,217.0,1000.9228515625,0.8244933528941865,0.1717593457825232,-2.3768181931737407,-0.0231454770845309,0.5188549390173107,-0.571934593955575,0.1201970601601191,-0.6224745491760093,-0.9274745739175644,-0.440882595271642
20.0,217.0,1000.9228515625,0.8244933528940794,0.1717593457825232,-2.3768181941580337,-0.0231454774603887,0.518855071084819,-0.571934593955575,0.1201970601601191,-0.6224752305254626,-0.9274745739175644,-0.4408825936849929
20.0,217.0,1000.9228515625,0.8244933528940794,0.1717593457825232,-2.376818193162853,-0.023145477085272,0.5188551757530165,-0.571934593955575,0.1201970601601191,-0.6224752311841399,-0.9274745739175644,-0.4408825977336218
20.0,217.0,1000.9228515625,0.8244933528940739,0.1717593457825232,-2.376818193142241,-0.0231454770857598,0.5188549390173107,-0.571934593955575,0.1201970601601191,-0.6224752484967357,-0.9274745739175644,-0.440882595271642
20.0,218.0,1000.9228515625,0.8244933528940794,0.1717593457825232,-2.3768181931737407,-0.0231454770857481,0.518855071084819,-0.571934593955575,0.1201970601601191,-0.6224752305254626,-0.9274745739175644,-0.4408825936849929
20.0,218.0,1000.9228515625,0.8244933528940794,0.1717593457825232,-2.3768181941580337,-0.0231454774603887,0.518855071084819,-0.571934593955575,0.1201970601601191,-0.6224752305254626,-0.9274745739175644,-0.4408825936849929
20.0,218.0,1000.9228515625,0.8244933528940794,0.1717593457825232,-2.3768181930330443,-0.0231454770857481,0.518855071084819,-0.571934593955575,0.1201970601601191,-0.6224752733749308,-0.9274745739175644,-0.4408825936849929
20.0,218.0,1000.9228515625,0.8244933528940739,0.1717593457825232,-2.3768181931737407,-0.0231454770857601,0.5188549783730564,-0.571934593955575,0.1201970601601191,-0.6224752053231137,-0.9274745739175644,-0.440882595271642
20.0,218.0,1000.9228515625,0.8244933528940794,0.1717593457825232,-2.376818191353992,-0.0231454774599909,0.5188550210242336,-0.571934593955575,0.1201970601601191,-0.6224750096081734,-0.9274745739175644,-0.4408825939440672
20.0,218.0,1000.9228515625,0.8244933528940794,0.1717593457825232,-2.3768181931737407,-0.0231454770857481,0.518855071084819,-0.571934593955575,0.1201970601601191,-0.6224752305254626,-0.9274745739175644,-0.4408825936849929
20.0,218.0,1000.9228515625,0.8244933528940794,0.1717593457825232,-2.3768181931737407,-0.0231454770857481,0.518855071084819,-0.571934593955575,0.1201970601601191,-0.6224752305254626,-0.9274745739175644,-0.4408825936849929
20.0,218.0,1000.9228515625,0.8244933528940794,0.1717593457825232,-2.3768181931737407,-0.0231454770857481,0.518855071084819,-0.571934593955575,0.1201970601601191,-0.6224752305254626,-0.9274745739175644,-0.4408825936849929
20.0,218.0,1000.9228515625,0.8244933528940794,0.1717593457825232,-2.3768181931737407,-0.0231454770967385,0.5188550651022683,-0.571934593955575,0.1201970601601191,-0.6224745911503293,-0.9274745739175644,-0.4408825936849929
20.0,218.0,1000.9228515625,0.8244933528940794,0.1717593457825232,-2.376818191353992,-0.0231454774645114,0.518855179095853,-0.571934593955575,0.1201970601601191,-0.6224750096081734,-0.9274745739175644,-0.4408825977298948
20.0,218.0,1000.9228515625,0.8244933528940794,0.1717593457825232,-2.3768181931737407,-0.0231454770949002,0.518855071084819,-0.571934593955575,0.1201970601601191,-0.6224752305254626,-0.9274745739175644,-0.4408825936849929
20.0,218.0,1000.9228515625,0.8244933528940769,0.1717593457825232,-2.3768181931737407,-0.0231454770855083,0.5188548722225405,-0.571934593955575,0.1201970601601191,-0.6224752948063276,-0.9274745739175644,-0.4408825952815947
20.0,218.0,1000.9228515625,0.8244933528940794,0.1717593457825232,-2.3768181931737407,-0.02314547708576,0.5188549956056944,-0.571934593955575,0.1201970601601191,-0.6224752737358081,-0.9274745739175644,-0.4408825970749195
20.0,218.0,1000.9228515625,0.8244933528940794,0.1717593457825232,-2.3768181913912985,-0.0231454770857481,0.518855071084819,-0.571934593955575,0.1201970601601191,-0.6224752305254626,-0.9274745739175644,-0.4408825976836819
20.0,218.0,1000.9228515625,0.8244933528940739,0.1717593457825232,-2.3768181931737407,-0.0231454770857601,0.5188549390173107,-0.571934593955575,0.1201970601601191,-0.6224745491760093,-0.9274745739175644,-0.440882595271642
20.0,218.0,1000.9228515625,0.8244933528940794,0.1717593457825232,-2.3768181931737407,-0.0231454770857481,0.5188550631229458,-0.571934593955575,0.1201970601601191,-0.6224752305254626,-0.9274745739175644,-0.4408825936849929
20.0,218.0,1000.9228515625,0.8244933528940794,0.1717593457825232,-2.376818192963925,-0.0231454770811601,0.518855071084819,-0.571934593955575,0.1201970601601191,-0.6224752733749308,-0.9274745739175644,-0.4408825936849929
20.0,218.0,1000.9228515625,0.8244933528940794,0.1717593457825232,-2.3768181931737407,-0.0231454770857481,0.518855071084819,-0.571934593955575,0.1201970601601191,-0.6224753292271257,-0.9274745739175644,-0.4408825936849929
20.0,218.0,1000.9228515625,0.8244933528940794,0.1717593457825232,-2.3768181931737407,-0.023145477085272,0.5188550686486088,-0.571934593955575,0.1201970601601191,-0.6224752311841399,-0.9274745739175644,-0.4408825970749195
20.0,218.0,1000.9228515625,0.8244933528940794,0.1717593457825232,-2.3768181931737407,-0.023145477085622,0.5188550651022683,-0.571934593955575,0.1201970601601191,-0.6224745911503293,-0.9274745739175644,-0.4408825936849929
20.0,218.0,1000.9228515625,0.8244933528940769,0.1717593457825232,-2.3768181931737407,-0.0231454770857547,0.5188548722225405,-0.571934593955575,0.1201970601601191,-0.6224752898194671,-0.9274745739175644,-0.4408825952819633
20.0,218.0,1000.9228515625,0.8244933528941869,0.1717593457825232,-2.3768181931737407,-0.0231454770845309,0.5188549390173107,-0.571934593955575,0.1201970601601191,-0.6224745491760093,-0.9274745739175644,-0.440882595271642
20.0,218.0,1000.9228515625,0.8244933528940794,0.1717593457825232,-2.3768181931737407,-0.0231454770857391,0.518855071084819,-0.571934593955575,0.1201970601601191,-0.6224753292271257,-0.9274745739175644,-0.440882595319649
20.0,218.0,1000.9228515625,0.8244933528940794,0.1717593457825232,-2.3768181930330443,-0.0231454770857481,0.518855071084819,-0.571934593955575,0.1201970601601191,-0.6224752733749308,-0.9274745739175644,-0.4408825936849929
20.0,218.0,1000.9228515625,0.8244933528940794,0.1717593457825232,-2.376818193061033,-0.0231454770857481,0.518855071084819,-0.571934593955575,0.1201970601601191,-0.6224754177054583,-0.9274745739175644,-0.4408825976836819
20.0,218.0,1000.9228515625,0.8244933528940739,0.1717593457825232,-2.3768181931737407,-0.0231454770857601,0.5188549390173107,-0.571934593955575,0.1201970601601191,-0.6224755737725376,-0.9274745739175644,-0.440882595271642
20.0,218.0,1000.9228515625,0.8244933528940794,0.1717593457825232,-2.3768181913912985,-0.0231454770968646,0.518855071084819,-0.571934593955575,0.1201970601601191,-0.6224752305254626,-0.9274745739175644,-0.4408825976836819
20.0,218.0,1000.9228515625,0.8244933528940739,0.1717593457825232,-2.3768181931737407,-0.0231454770855136,0.5188549783730564,-0.571934593955575,0.1201970601601191,-0.6224752103099741,-0.9274745739175644,-0.4408825952712734
20.0,218.0,1000.9228515625,0.8244933528940794,0.1717593457825232,-2.3768181931737407,-0.0231454770857481,0.518855071084819,-0.571934593955575,0.1201970601601191,-0.6224752305254626,-0.9274745739175644,-0.4408825936849929
20.0,218.0,1000.9228515625,0.8244933528940739,0.1717593457825232,-2.3768181931737407,-0.023145477085748,0.5188549783730564,-0.571934593955575,0.1201970601601191,-0.6224752063261246,-0.9274745739175644,-0.4408822358767253
20.0,218.0,1000.9228515625,0.8244933528940794,0.1717593457825232,-2.3768181931737407,-0.0231454773767155,0.5188550651022683,-0.571934593955575,0.1201970601601191,-0.6224745267222752,-0.9274745739175644,-0.4408825936849929
20.0,218.0,1000.9228515625,0.8244933528940794,0.1717593457825232,-2.3768181931737407,-0.02314547708576,0.5188549956056944,-0.571934593955575,0.1201970601601191,-0.6224752737358081,-0.9274745739175644,-0.4408825970749195
20.0,218.0,1000.9228515625,0.8244933528940739,0.1717593457825232,-2.3768181931737407,-0.0231454770857475,0.5188549390173107,-0.571934593955575,0.1201970601601191,-0.6224755795723167,-0.9274745739175644,-0.440882595271642
20.0,218.0,1000.9228515625,0.8244933528940794,0.1717593457825232,-2.3768181931737407,-0.0231454770857481,0.518855071084819,-0.571934593955575,0.1201970601601191,-0.6224752305254626,-0.9274745739175644,-0.4408825936849929
20.0,218.0,1000.9228515625,0.8244933528940794,0.1717593457825232,-2.3768181931737407,-0.0231454770857481,0.518855071084819,-0.571934593955575,0.1201970601601191,-0.6224752270133052,-0.9274745739175644,-0.4408825936849929
20.0,218.0,1000.9228515625,0.8244933528940794,0.1717593457825232,-2.3768181931737407,-0.0231454770857481,0.518855071084819,-0.571934593955575,0.1201970601601191,-0.6224752200468672,-0.9274745739175644,-0.4408825936849929
20.0,218.0,1000.9228515625,0.8244933528940794,0.1717593457825232,-2.3768181931737407,-0.0231454770857481,0.518855071084819,-0.571934593955575,0.1201970601601191,-0.6224752305254626,-0.9274745739175644,-0.4408825936849929
20.0,218.0,1000.9228515625,0.8244933528940794,0.1717593457825232,-2.3768181930330443,-0.0231454770857481,0.518855071084819,-0.571934593955575,0.1201970601601191,-0.6224752733749308,-0.9274745739175644,-0.4408825936849929
20.0,218.0,1000.9228515625,0.8244933528940794,0.1717593457825232,-2.37681819136488,-0.0231454774645114,0.5188550719914452,-0.571934593955575,0.1201970601601191,-0.6224750096081734,-0.9274745739175644,-0.4408825970711926
20.0,218.0,1000.9228515625,0.8244933528940794,0.1717593457825232,-2.3768181931737407,-0.0231454770857481,0.518855071084819,-0.571934593955575,0.1201970601601191,-0.6224752305254626,-0.9274745739175644,-0.4408825936849929
20.0,218.0,1000.9228515625,0.8244933528940794,0.1717593457825232,-2.3768181914227986,-0.0231454770857484,0.518855071084819,-0.571934593955575,0.1201970601601191,-0.6224755558012645,-0.9274745739175644,-0.4408825976836819
20.0,218.0,1000.9228515625,0.8244933528940794,0.1717593457825232,-2.3768181931737407,-0.0231454770857481,0.518855071084819,-0.571934593955575,0.1201970601601191,-0.6224752305254626,-0.9274745739175644,-0.4408825936849929
20.0,218.0,1000.9228515625,0.8244933528940739,0.1717593457825232,-2.3768181931737407,-0.0231454770855136,0.5188549783730564,-0.571934593955575,0.1201970601601191,-0.6224752103099741,-0.9274745739175644,-0.4408825952712734
20.0,218.0,1000.9228515625,0.8244933528940794,0.1717593457825232,-2.3768181930330443,-0.0231454770857481,0.518855071084819,-0.571934593955575,0.1201970601601191,-0.6224752733749308,-0.9274745739175644,-0.4408825936849929
20.0,218.0,1000.9228515625,0.8244933528940794,0.1717593457825232,-2.3768181931737407,-0.023145477085622,0.5188550651022683,-0.571934593955575,0.1201970601601191,-0.6224746016289248,-0.9274745739175644,-0.4408825936849929
20.0,218.0,1000.9228515625,0.8244933528940794,0.1717593457825232,-2.3768181931737407,-0.0231454770857481,0.518855071084819,-0.571934593955575,0.1201970601601191,-0.6224752305254626,-0.9274745739175644,-0.4408825936849929
20.0,218.0,1000.9228515625,0.8244933528941865,0.1717593457825232,-2.3768181931737407,-0.0231454770845309,0.5188549390173107,-0.571934593955575,0.1201970601601191,-0.6224745491760093,-0.9274745739175644,-0.440882595271642
20.0,218.0,1000.9228515625,0.8244933528940794,0.1717593457825232,-2.3768181941580337,-0.0231454774603887,0.518855071084819,-0.571934593955575,0.1201970601601191,-0.6224752305254626,-0.9274745739175644,-0.4408825936849929
20.0,218.0,1000.9228515625,0.8244933528940794,0.1717593457825232,-2.376818193162853,-0.023145477085272,0.5188551757530165,-0.571934593955575,0.1201970601601191,-0.6224752311841399,-0.9274745739175644,-0.4408825977336218
20.0,218.0,1000.9228515625,0.8244933528940739,0.1717593457825232,-2.376818193142241,-0.0231454770857598,0.5188549390173107,-0.571934593955575,0.1201970601601191,-0.6224752484967357,-0.9274745739175644,-0.440882595271642
20.0,219.0,1000.9228515625,0.8244933528940794,0.1717593457825232,-2.3768181931737407,-0.0231454770857481,0.518855071084819,-0.571934593955575,0.1201970601601191,-0.6224752305254626,-0.9274745739175644,-0.4408825936849929
20.0,219.0,1000.9228515625,0.8244933528940794,0.1717593457825232,-2.3768181941580337,-0.0231454774603887,0.518855071084819,-0.571934593955575,0.1201970601601191,-0.6224752305254626,-0.9274745739175644,-0.4408825936849929
20.0,219.0,1000.9228515625,0.8244933528940794,0.1717593457825232,-2.3768181930330443,-0.0231454770857481,0.518855071084819,-0.571934593955575,0.1201970601601191,-0.6224752733749308,-0.9274745739175644,-0.4408825936849929
20.0,219.0,1000.9228515625,0.8244933528940739,0.1717593457825232,-2.3768181931737407,-0.0231454770857601,0.5188549783730564,-0.571934593955575,0.1201970601601191,-0.6224752053231137,-0.9274745739175644,-0.440882595271642
20.0,219.0,1000.9228515625,0.8244933528940794,0.1717593457825232,-2.376818191353992,-0.0231454774599909,0.5188550210242336,-0.571934593955575,0.1201970601601191,-0.6224750096081734,-0.9274745739175644,-0.4408825939440672
20.0,219.0,1000.9228515625,0.8244933528940794,0.1717593457825232,-2.3768181931737407,-0.0231454770857481,0.518855071084819,-0.571934593955575,0.1201970601601191,-0.6224752305254626,-0.9274745739175644,-0.4408825936849929
20.0,219.0,1000.9228515625,0.8244933528940794,0.1717593457825232,-2.3768181931737407,-0.0231454770857481,0.518855071084819,-0.571934593955575,0.1201970601601191,-0.6224752305254626,-0.9274745739175644,-0.4408825936849929
20.0,219.0,1000.9228515625,0.8244933528940794,0.1717593457825232,-2.3768181931737407,-0.0231454770857481,0.518855071084819,-0.571934593955575,0.1201970601601191,-0.6224752305254626,-0.9274745739175644,-0.4408825936849929
20.0,219.0,1000.9228515625,0.8244933528940794,0.1717593457825232,-2.3768181931737407,-0.0231454770967385,0.5188550651022683,-0.571934593955575,0.1201970601601191,-0.6224745911503293,-0.9274745739175644,-0.4408825936849929
20.0,219.0,1000.9228515625,0.8244933528940794,0.1717593457825232,-2.376818191353992,-0.0231454774645114,0.518855179095853,-0.571934593955575,0.1201970601601191,-0.6224750096081734,-0.9274745739175644,-0.4408825977298948
20.0,219.0,1000.9228515625,0.8244933528940794,0.1717593457825232,-2.3768181931737407,-0.0231454770949002,0.518855071084819,-0.571934593955575,0.1201970601601191,-0.6224752305254626,-0.9274745739175644,-0.4408825936849929
20.0,219.0,1000.9228515625,0.8244933528940769,0.1717593457825232,-2.3768181931737407,-0.0231454770855083,0.5188548722225405,-0.571934593955575,0.1201970601601191,-0.6224752948063276,-0.9274745739175644,-0.4408825952815947
20.0,219.0,1000.9228515625,0.8244933528940794,0.1717593457825232,-2.3768181931737407,-0.02314547708576,0.5188549956056944,-0.571934593955575,0.1201970601601191,-0.6224752737358081,-0.9274745739175644,-0.4408825970749195
20.0,219.0,1000.9228515625,0.8244933528940794,0.1717593457825232,-2.3768181913912985,-0.0231454770857481,0.518855071084819,-0.571934593955575,0.1201970601601191,-0.6224752305254626,-0.9274745739175644,-0.4408825976836819
20.0,219.0,1000.9228515625,0.8244933528940739,0.1717593457825232,-2.3768181931737407,-0.0231454770857601,0.5188549390173107,-0.571934593955575,0.1201970601601191,-0.6224745491760093,-0.9274745739175644,-0.440882595271642
20.0,219.0,1000.9228515625,0.8244933528940794,0.1717593457825232,-2.3768181931737407,-0.0231454770857481,0.5188550631229458,-0.571934593955575,0.1201970601601191,-0.6224752305254626,-0.9274745739175644,-0.4408825936849929
20.0,219.0,1000.9228515625,0.8244933528940794,0.1717593457825232,-2.376818192963925,-0.0231454770811601,0.518855071084819,-0.571934593955575,0.1201970601601191,-0.6224752733749308,-0.9274745739175644,-0.4408825936849929
20.0,219.0,1000.9228515625,0.8244933528940794,0.1717593457825232,-2.3768181931737407,-0.0231454770857481,0.518855071084819,-0.571934593955575,0.1201970601601191,-0.6224753292271257,-0.9274745739175644,-0.4408825936849929
20.0,219.0,1000.9228515625,0.8244933528940794,0.1717593457825232,-2.3768181931737407,-0.023145477085272,0.5188550686486088,-0.571934593955575,0.1201970601601191,-0.6224752311841399,-0.9274745739175644,-0.4408825970749195
20.0,219.0,1000.9228515625,0.8244933528940794,0.1717593457825232,-2.3768181931737407,-0.023145477085622,0.5188550651022683,-0.571934593955575,0.1201970601601191,-0.6224745911503293,-0.9274745739175644,-0.4408825936849929
20.0,219.0,1000.9228515625,0.8244933528940769,0.1717593457825232,-2.3768181931737407,-0.0231454770857547,0.5188548722225405,-0.571934593955575,0.1201970601601191,-0.6224752898194671,-0.9274745739175644,-0.4408825952819633
20.0,219.0,1000.9228515625,0.8244933528941869,0.1717593457825232,-2.3768181931737407,-0.0231454770845309,0.5188549390173107,-0.571934593955575,0.1201970601601191,-0.6224745491760093,-0.9274745739175644,-0.440882595271642
20.0,219.0,1000.9228515625,0.8244933528940794,0.1717593457825232,-2.3768181931737407,-0.0231454770857391,0.518855071084819,-0.571934593955575,0.1201970601601191,-0.6224753292271257,-0.9274745739175644,-0.440882595319649
20.0,219.0,1000.9228515625,0.8244933528940794,0.1717593457825232,-2.3768181930330443,-0.0231454770857481,0.518855071084819,-0.571934593955575,0.1201970601601191,-0.6224752733749308,-0.9274745739175644,-0.4408825936849929
20.0,219.0,1000.9228515625,0.8244933528940794,0.1717593457825232,-2.376818193061033,-0.0231454770857481,0.518855071084819,-0.571934593955575,0.1201970601601191,-0.6224754177054583,-0.9274745739175644,-0.4408825976836819
20.0,219.0,1000.9228515625,0.8244933528940739,0.1717593457825232,-2.3768181931737407,-0.0231454770857601,0.5188549390173107,-0.571934593955575,0.1201970601601191,-0.6224755737725376,-0.9274745739175644,-0.440882595271642
20.0,219.0,1000.9228515625,0.8244933528940794,0.1717593457825232,-2.3768181913912985,-0.0231454770968646,0.518855071084819,-0.571934593955575,0.1201970601601191,-0.6224752305254626,-0.9274745739175644,-0.4408825976836819
20.0,219.0,1000.9228515625,0.8244933528940739,0.1717593457825232,-2.3768181931737407,-0.0231454770855136,0.5188549783730564,-0.571934593955575,0.1201970601601191,-0.6224752103099741,-0.9274745739175644,-0.4408825952712734
20.0,219.0,1000.9228515625,0.8244933528940794,0.1717593457825232,-2.3768181931737407,-0.0231454770857481,0.518855071084819,-0.571934593955575,0.1201970601601191,-0.6224752305254626,-0.9274745739175644,-0.4408825936849929
20.0,219.0,1000.9228515625,0.8244933528940739,0.1717593457825232,-2.3768181931737407,-0.023145477085748,0.5188549783730564,-0.571934593955575,0.1201970601601191,-0.6224752063261246,-0.9274745739175644,-0.4408822358767253
20.0,219.0,1000.9228515625,0.8244933528940794,0.1717593457825232,-2.3768181931737407,-0.0231454773767155,0.5188550651022683,-0.571934593955575,0.1201970601601191,-0.6224745267222752,-0.9274745739175644,-0.4408825936849929
20.0,219.0,1000.9228515625,0.8244933528940794,0.1717593457825232,-2.3768181931737407,-0.02314547708576,0.5188549956056944,-0.571934593955575,0.1201970601601191,-0.6224752737358081,-0.9274745739175644,-0.4408825970749195
20.0,219.0,1000.9228515625,0.8244933528940739,0.1717593457825232,-2.3768181931737407,-0.0231454770857475,0.5188549390173107,-0.571934593955575,0.1201970601601191,-0.6224755795723167,-0.9274745739175644,-0.440882595271642
20.0,219.0,1000.9228515625,0.8244933528940794,0.1717593457825232,-2.3768181931737407,-0.0231454770857481,0.518855071084819,-0.571934593955575,0.1201970601601191,-0.6224752305254626,-0.9274745739175644,-0.4408825936849929
20.0,219.0,1000.9228515625,0.8244933528940794,0.1717593457825232,-2.3768181931737407,-0.0231454770857481,0.518855071084819,-0.571934593955575,0.1201970601601191,-0.6224752270133052,-0.9274745739175644,-0.4408825936849929
20.0,219.0,1000.9228515625,0.8244933528940794,0.1717593457825232,-2.3768181931737407,-0.0231454770857481,0.518855071084819,-0.571934593955575,0.1201970601601191,-0.6224752200468672,-0.9274745739175644,-0.4408825936849929
20.0,219.0,1000.9228515625,0.8244933528940794,0.1717593457825232,-2.3768181931737407,-0.0231454770857481,0.518855071084819,-0.571934593955575,0.1201970601601191,-0.6224752305254626,-0.9274745739175644,-0.4408825936849929
20.0,219.0,1000.9228515625,0.8244933528940794,0.1717593457825232,-2.3768181930330443,-0.0231454770857481,0.518855071084819,-0.571934593955575,0.1201970601601191,-0.6224752733749308,-0.9274745739175644,-0.4408825936849929
20.0,219.0,1000.9228515625,0.8244933528940794,0.1717593457825232,-2.37681819136488,-0.0231454774645114,0.5188550719914452,-0.571934593955575,0.1201970601601191,-0.6224750096081734,-0.9274745739175644,-0.4408825970711926
20.0,219.0,1000.9228515625,0.8244933528940794,0.1717593457825232,-2.3768181931737407,-0.0231454770857481,0.518855071084819,-0.571934593955575,0.1201970601601191,-0.6224752305254626,-0.9274745739175644,-0.4408825936849929
20.0,219.0,1000.9228515625,0.8244933528940794,0.1717593457825232,-2.3768181914227986,-0.0231454770857484,0.518855071084819,-0.571934593955575,0.1201970601601191,-0.6224755558012645,-0.9274745739175644,-0.4408825976836819
20.0,219.0,1000.9228515625,0.8244933528940794,0.1717593457825232,-2.3768181931737407,-0.0231454770857481,0.518855071084819,-0.571934593955575,0.1201970601601191,-0.6224752305254626,-0.9274745739175644,-0.4408825936849929
20.0,219.0,1000.9228515625,0.8244933528940739,0.1717593457825232,-2.3768181931737407,-0.0231454770855136,0.5188549783730564,-0.571934593955575,0.1201970601601191,-0.6224752103099741,-0.9274745739175644,-0.4408825952712734
20.0,219.0,1000.9228515625,0.8244933528940794,0.1717593457825232,-2.3768181930330443,-0.0231454770857481,0.518855071084819,-0.571934593955575,0.1201970601601191,-0.6224752733749308,-0.9274745739175644,-0.4408825936849929
20.0,219.0,1000.9228515625,0.8244933528940794,0.1717593457825232,-2.3768181931737407,-0.023145477085622,0.5188550651022683,-0.571934593955575,0.1201970601601191,-0.6224746016289248,-0.9274745739175644,-0.4408825936849929
20.0,219.0,1000.9228515625,0.8244933528940794,0.1717593457825232,-2.3768181931737407,-0.0231454770857481,0.518855071084819,-0.571934593955575,0.1201970601601191,-0.6224752305254626,-0.9274745739175644,-0.4408825936849929
20.0,219.0,1000.9228515625,0.8244933528941865,0.1717593457825232,-2.3768181931737407,-0.0231454770845309,0.5188549390173107,-0.571934593955575,0.1201970601601191,-0.6224745491760093,-0.9274745739175644,-0.440882595271642
20.0,219.0,1000.9228515625,0.8244933528940794,0.1717593457825232,-2.3768181941580337,-0.0231454774603887,0.518855071084819,-0.571934593955575,0.1201970601601191,-0.6224752305254626,-0.9274745739175644,-0.4408825936849929
20.0,219.0,1000.9228515625,0.8244933528940794,0.1717593457825232,-2.376818193162853,-0.023145477085272,0.5188551757530165,-0.571934593955575,0.1201970601601191,-0.6224752311841399,-0.9274745739175644,-0.4408825977336218
20.0,219.0,1000.9228515625,0.8244933528940739,0.1717593457825232,-2.376818193142241,-0.0231454770857598,0.5188549390173107,-0.571934593955575,0.1201970601601191,-0.6224752484967357,-0.9274745739175644,-0.440882595271642
20.0,220.0,1000.9228515625,0.8244933528940794,0.1717593457825232,-2.3768181931737407,-0.0231454770857481,0.518855071084819,-0.571934593955575,0.1201970601601191,-0.6224752305254626,-0.9274745739175644,-0.4408825936849929
20.0,220.0,1000.9228515625,0.8244933528940794,0.1717593457825232,-2.3768181941580337,-0.0231454774603887,0.518855071084819,-0.571934593955575,0.1201970601601191,-0.6224752305254626,-0.9274745739175644,-0.4408825936849929
20.0,220.0,1000.9228515625,0.8244933528940794,0.1717593457825232,-2.3768181930330443,-0.0231454770857481,0.518855071084819,-0.571934593955575,0.1201970601601191,-0.6224752733749308,-0.9274745739175644,-0.4408825936849929
20.0,220.0,1000.9228515625,0.8244933528940739,0.1717593457825232,-2.3768181931737407,-0.0231454770857601,0.5188549783730564,-0.571934593955575,0.1201970601601191,-0.6224752053231137,-0.9274745739175644,-0.440882595271642
20.0,220.0,1000.9228515625,0.8244933528940794,0.1717593457825232,-2.376818191353992,-0.0231454774599909,0.5188550210242336,-0.571934593955575,0.1201970601601191,-0.6224750096081734,-0.9274745739175644,-0.4408825939440672
20.0,220.0,1000.9228515625,0.8244933528940794,0.1717593457825232,-2.3768181931737407,-0.0231454770857481,0.518855071084819,-0.571934593955575,0.1201970601601191,-0.6224752305254626,-0.9274745739175644,-0.4408825936849929
20.0,220.0,1000.9228515625,0.8244933528940794,0.1717593457825232,-2.3768181931737407,-0.0231454770857481,0.518855071084819,-0.571934593955575,0.1201970601601191,-0.6224752305254626,-0.9274745739175644,-0.4408825936849929
20.0,220.0,1000.9228515625,0.8244933528940794,0.1717593457825232,-2.3768181931737407,-0.0231454770857481,0.518855071084819,-0.571934593955575,0.1201970601601191,-0.6224752305254626,-0.9274745739175644,-0.4408825936849929
20.0,220.0,1000.9228515625,0.8244933528940794,0.1717593457825232,-2.3768181931737407,-0.0231454770967385,0.5188550651022683,-0.571934593955575,0.1201970601601191,-0.6224745911503293,-0.9274745739175644,-0.4408825936849929
20.0,220.0,1000.9228515625,0.8244933528940794,0.1717593457825232,-2.376818191353992,-0.0231454774645114,0.518855179095853,-0.571934593955575,0.1201970601601191,-0.6224750096081734,-0.9274745739175644,-0.4408825977298948
20.0,220.0,1000.9228515625,0.8244933528940794,0.1717593457825232,-2.3768181931737407,-0.0231454770949002,0.518855071084819,-0.571934593955575,0.1201970601601191,-0.6224752305254626,-0.9274745739175644,-0.4408825936849929
20.0,220.0,1000.9228515625,0.8244933528940769,0.1717593457825232,-2.3768181931737407,-0.0231454770855083,0.5188548722225405,-0.571934593955575,0.1201970601601191,-0.6224752948063276,-0.9274745739175644,-0.4408825952815947
20.0,220.0,1000.9228515625,0.8244933528940794,0.1717593457825232,-2.3768181931737407,-0.02314547708576,0.5188549956056944,-0.571934593955575,0.1201970601601191,-0.6224752737358081,-0.9274745739175644,-0.4408825970749195
20.0,220.0,1000.9228515625,0.8244933528940794,0.1717593457825232,-2.3768181913912985,-0.0231454770857481,0.518855071084819,-0.571934593955575,0.1201970601601191,-0.6224752305254626,-0.9274745739175644,-0.4408825976836819
20.0,220.0,1000.9228515625,0.8244933528940739,0.1717593457825232,-2.3768181931737407,-0.0231454770857601,0.5188549390173107,-0.571934593955575,0.1201970601601191,-0.6224745491760093,-0.9274745739175644,-0.440882595271642
20.0,220.0,1000.9228515625,0.8244933528940794,0.1717593457825232,-2.3768181931737407,-0.0231454770857481,0.5188550631229458,-0.571934593955575,0.1201970601601191,-0.6224752305254626,-0.9274745739175644,-0.4408825936849929
20.0,220.0,1000.9228515625,0.8244933528940794,0.1717593457825232,-2.376818192963925,-0.0231454770811601,0.518855071084819,-0.571934593955575,0.1201970601601191,-0.6224752733749308,-0.9274745739175644,-0.4408825936849929
20.0,220.0,1000.9228515625,0.8244933528940794,0.1717593457825232,-2.3768181931737407,-0.0231454770857481,0.518855071084819,-0.571934593955575,0.1201970601601191,-0.6224753292271257,-0.9274745739175644,-0.4408825936849929
20.0,220.0,1000.9228515625,0.8244933528940794,0.1717593457825232,-2.3768181931737407,-0.023145477085272,0.5188550686486088,-0.571934593955575,0.1201970601601191,-0.6224752311841399,-0.9274745739175644,-0.4408825970749195
20.0,220.0,1000.9228515625,0.8244933528940794,0.1717593457825232,-2.3768181931737407,-0.023145477085622,0.5188550651022683,-0.571934593955575,0.1201970601601191,-0.6224745911503293,-0.9274745739175644,-0.4408825936849929
20.0,220.0,1000.9228515625,0.8244933528940769,0.1717593457825232,-2.3768181931737407,-0.0231454770857547,0.5188548722225405,-0.571934593955575,0.1201970601601191,-0.6224752898194671,-0.9274745739175644,-0.4408825952819633
20.0,220.0,1000.9228515625,0.8244933528941869,0.1717593457825232,-2.3768181931737407,-0.0231454770845309,0.5188549390173107,-0.571934593955575,0.1201970601601191,-0.6224745491760093,-0.9274745739175644,-0.440882595271642
20.0,220.0,1000.9228515625,0.8244933528940794,0.1717593457825232,-2.3768181931737407,-0.0231454770857391,0.518855071084819,-0.571934593955575,0.1201970601601191,-0.6224753292271257,-0.9274745739175644,-0.440882595319649
20.0,220.0,1000.9228515625,0.8244933528940794,0.1717593457825232,-2.3768181930330443,-0.0231454770857481,0.518855071084819,-0.571934593955575,0.1201970601601191,-0.6224752733749308,-0.9274745739175644,-0.4408825936849929
20.0,220.0,1000.9228515625,0.8244933528940794,0.1717593457825232,-2.376818193061033,-0.0231454770857481,0.518855071084819,-0.571934593955575,0.1201970601601191,-0.6224754177054583,-0.9274745739175644,-0.4408825976836819
20.0,220.0,1000.9228515625,0.8244933528940739,0.1717593457825232,-2.3768181931737407,-0.0231454770857601,0.5188549390173107,-0.571934593955575,0.1201970601601191,-0.6224755737725376,-0.9274745739175644,-0.440882595271642
20.0,220.0,1000.9228515625,0.8244933528940794,0.1717593457825232,-2.3768181913912985,-0.0231454770968646,0.518855071084819,-0.571934593955575,0.1201970601601191,-0.6224752305254626,-0.9274745739175644,-0.4408825976836819
20.0,220.0,1000.9228515625,0.8244933528940739,0.1717593457825232,-2.3768181931737407,-0.0231454770855136,0.5188549783730564,-0.571934593955575,0.1201970601601191,-0.6224752103099741,-0.9274745739175644,-0.4408825952712734
20.0,220.0,1000.9228515625,0.8244933528940794,0.1717593457825232,-2.3768181931737407,-0.0231454770857481,0.518855071084819,-0.571934593955575,0.1201970601601191,-0.6224752305254626,-0.9274745739175644,-0.4408825936849929
20.0,220.0,1000.9228515625,0.8244933528940739,0.1717593457825232,-2.3768181931737407,-0.023145477085748,0.5188549783730564,-0.571934593955575,0.1201970601601191,-0.6224752063261246,-0.9274745739175644,-0.4408822358767253
20.0,220.0,1000.9228515625,0.8244933528940794,0.1717593457825232,-2.3768181931737407,-0.0231454773767155,0.5188550651022683,-0.571934593955575,0.1201970601601191,-0.6224745267222752,-0.9274745739175644,-0.4408825936849929
20.0,220.0,1000.9228515625,0.8244933528940794,0.1717593457825232,-2.3768181931737407,-0.02314547708576,0.5188549956056944,-0.571934593955575,0.1201970601601191,-0.6224752737358081,-0.9274745739175644,-0.4408825970749195
20.0,220.0,1000.9228515625,0.8244933528940739,0.1717593457825232,-2.3768181931737407,-0.0231454770857475,0.5188549390173107,-0.571934593955575,0.1201970601601191,-0.6224755795723167,-0.9274745739175644,-0.440882595271642
20.0,220.0,1000.9228515625,0.8244933528940794,0.1717593457825232,-2.3768181931737407,-0.0231454770857481,0.518855071084819,-0.571934593955575,0.1201970601601191,-0.6224752305254626,-0.9274745739175644,-0.4408825936849929
20.0,220.0,1000.9228515625,0.8244933528940794,0.1717593457825232,-2.3768181931737407,-0.0231454770857481,0.518855071084819,-0.571934593955575,0.1201970601601191,-0.6224752270133052,-0.9274745739175644,-0.4408825936849929
20.0,220.0,1000.9228515625,0.8244933528940794,0.1717593457825232,-2.3768181931737407,-0.0231454770857481,0.518855071084819,-0.571934593955575,0.1201970601601191,-0.6224752200468672,-0.9274745739175644,-0.4408825936849929
20.0,220.0,1000.9228515625,0.8244933528940794,0.1717593457825232,-2.3768181931737407,-0.0231454770857481,0.518855071084819,-0.571934593955575,0.1201970601601191,-0.6224752305254626,-0.9274745739175644,-0.4408825936849929
20.0,220.0,1000.9228515625,0.8244933528940794,0.1717593457825232,-2.3768181930330443,-0.0231454770857481,0.518855071084819,-0.571934593955575,0.1201970601601191,-0.6224752733749308,-0.9274745739175644,-0.4408825936849929
20.0,220.0,1000.9228515625,0.8244933528940794,0.1717593457825232,-2.37681819136488,-0.0231454774645114,0.5188550719914452,-0.571934593955575,0.1201970601601191,-0.6224750096081734,-0.9274745739175644,-0.4408825970711926
20.0,220.0,1000.9228515625,0.8244933528940794,0.1717593457825232,-2.3768181931737407,-0.0231454770857481,0.518855071084819,-0.571934593955575,0.1201970601601191,-0.6224752305254626,-0.9274745739175644,-0.4408825936849929
20.0,220.0,1000.9228515625,0.8244933528940794,0.1717593457825232,-2.3768181914227986,-0.0231454770857484,0.518855071084819,-0.571934593955575,0.1201970601601191,-0.6224755558012645,-0.9274745739175644,-0.4408825976836819
20.0,220.0,1000.9228515625,0.8244933528940794,0.1717593457825232,-2.3768181931737407,-0.0231454770857481,0.518855071084819,-0.571934593955575,0.1201970601601191,-0.6224752305254626,-0.9274745739175644,-0.4408825936849929
20.0,220.0,1000.9228515625,0.8244933528940739,0.1717593457825232,-2.3768181931737407,-0.0231454770855136,0.5188549783730564,-0.571934593955575,0.1201970601601191,-0.6224752103099741,-0.9274745739175644,-0.4408825952712734
20.0,220.0,1000.9228515625,0.8244933528940794,0.1717593457825232,-2.3768181930330443,-0.0231454770857481,0.518855071084819,-0.571934593955575,0.1201970601601191,-0.6224752733749308,-0.9274745739175644,-0.4408825936849929
20.0,220.0,1000.9228515625,0.8244933528940794,0.1717593457825232,-2.3768181931737407,-0.023145477085622,0.5188550651022683,-0.571934593955575,0.1201970601601191,-0.6224746016289248,-0.9274745739175644,-0.4408825936849929
20.0,220.0,1000.9228515625,0.8244933528940794,0.1717593457825232,-2.3768181931737407,-0.0231454770857481,0.518855071084819,-0.571934593955575,0.1201970601601191,-0.6224752305254626,-0.9274745739175644,-0.4408825936849929
20.0,220.0,1000.9228515625,0.8244933528941865,0.1717593457825232,-2.3768181931737407,-0.0231454770845309,0.5188549390173107,-0.571934593955575,0.1201970601601191,-0.6224745491760093,-0.9274745739175644,-0.440882595271642
20.0,220.0,1000.9228515625,0.8244933528940794,0.1717593457825232,-2.3768181941580337,-0.0231454774603887,0.518855071084819,-0.571934593955575,0.1201970601601191,-0.6224752305254626,-0.9274745739175644,-0.4408825936849929
20.0,220.0,1000.9228515625,0.8244933528940794,0.1717593457825232,-2.376818193162853,-0.023145477085272,0.5188551757530165,-0.571934593955575,0.1201970601601191,-0.6224752311841399,-0.9274745739175644,-0.4408825977336218
20.0,220.0,1000.9228515625,0.8244933528940739,0.1717593457825232,-2.376818193142241,-0.0231454770857598,0.5188549390173107,-0.571934593955575,0.1201970601601191,-0.6224752484967357,-0.9274745739175644,-0.440882595271642
20.0,221.0,1000.9228515625,0.8244933528940794,0.1717593457825232,-2.3768181931737407,-0.0231454770857481,0.518855071084819,-0.571934593955575,0.1201970601601191,-0.6224752305254626,-0.9274745739175644,-0.4408825936849929
20.0,221.0,1000.9228515625,0.8244933528940794,0.1717593457825232,-2.3768181941580337,-0.0231454774603887,0.518855071084819,-0.571934593955575,0.1201970601601191,-0.6224752305254626,-0.9274745739175644,-0.4408825936849929
20.0,221.0,1000.9228515625,0.8244933528940794,0.1717593457825232,-2.3768181930330443,-0.0231454770857481,0.518855071084819,-0.571934593955575,0.1201970601601191,-0.6224752733749308,-0.9274745739175644,-0.4408825936849929
20.0,221.0,1000.9228515625,0.8244933528940739,0.1717593457825232,-2.3768181931737407,-0.0231454770857601,0.5188549783730564,-0.571934593955575,0.1201970601601191,-0.6224752053231137,-0.9274745739175644,-0.440882595271642
20.0,221.0,1000.9228515625,0.8244933528940794,0.1717593457825232,-2.376818191353992,-0.0231454774599909,0.5188550210242336,-0.571934593955575,0.1201970601601191,-0.6224750096081734,-0.9274745739175644,-0.4408825939440672
20.0,221.0,1000.9228515625,0.8244933528940794,0.1717593457825232,-2.3768181931737407,-0.0231454770857481,0.518855071084819,-0.571934593955575,0.1201970601601191,-0.6224752305254626,-0.9274745739175644,-0.4408825936849929
20.0,221.0,1000.9228515625,0.8244933528940794,0.1717593457825232,-2.3768181931737407,-0.0231454770857481,0.518855071084819,-0.571934593955575,0.1201970601601191,-0.6224752305254626,-0.9274745739175644,-0.4408825936849929
20.0,221.0,1000.9228515625,0.8244933528940794,0.1717593457825232,-2.3768181931737407,-0.0231454770857481,0.518855071084819,-0.571934593955575,0.1201970601601191,-0.6224752305254626,-0.9274745739175644,-0.4408825936849929
20.0,221.0,1000.9228515625,0.8244933528940794,0.1717593457825232,-2.3768181931737407,-0.0231454770967385,0.5188550651022683,-0.571934593955575,0.1201970601601191,-0.6224745911503293,-0.9274745739175644,-0.4408825936849929
20.0,221.0,1000.9228515625,0.8244933528940794,0.1717593457825232,-2.376818191353992,-0.0231454774645114,0.518855179095853,-0.571934593955575,0.1201970601601191,-0.6224750096081734,-0.9274745739175644,-0.4408825977298948
20.0,221.0,1000.9228515625,0.8244933528940794,0.1717593457825232,-2.3768181931737407,-0.0231454770949002,0.518855071084819,-0.571934593955575,0.1201970601601191,-0.6224752305254626,-0.9274745739175644,-0.4408825936849929
20.0,221.0,1000.9228515625,0.8244933528940769,0.1717593457825232,-2.3768181931737407,-0.0231454770855083,0.5188548722225405,-0.571934593955575,0.1201970601601191,-0.6224752948063276,-0.9274745739175644,-0.4408825952815947
20.0,221.0,1000.9228515625,0.8244933528940794,0.1717593457825232,-2.3768181931737407,-0.02314547708576,0.5188549956056944,-0.571934593955575,0.1201970601601191,-0.6224752737358081,-0.9274745739175644,-0.4408825970749195
20.0,221.0,1000.9228515625,0.8244933528940794,0.1717593457825232,-2.3768181913912985,-0.0231454770857481,0.518855071084819,-0.571934593955575,0.1201970601601191,-0.6224752305254626,-0.9274745739175644,-0.4408825976836819
20.0,221.0,1000.9228515625,0.8244933528940739,0.1717593457825232,-2.3768181931737407,-0.0231454770857601,0.5188549390173107,-0.571934593955575,0.1201970601601191,-0.6224745491760093,-0.9274745739175644,-0.440882595271642
20.0,221.0,1000.9228515625,0.8244933528940794,0.1717593457825232,-2.3768181931737407,-0.0231454770857481,0.5188550631229458,-0.571934593955575,0.1201970601601191,-0.6224752305254626,-0.9274745739175644,-0.4408825936849929
20.0,221.0,1000.9228515625,0.8244933528940794,0.1717593457825232,-2.376818192963925,-0.0231454770811601,0.518855071084819,-0.571934593955575,0.1201970601601191,-0.6224752733749308,-0.9274745739175644,-0.4408825936849929
20.0,221.0,1000.9228515625,0.8244933528940794,0.1717593457825232,-2.3768181931737407,-0.0231454770857481,0.518855071084819,-0.571934593955575,0.1201970601601191,-0.6224753292271257,-0.9274745739175644,-0.4408825936849929
20.0,221.0,1000.9228515625,0.8244933528940794,0.1717593457825232,-2.3768181931737407,-0.023145477085272,0.5188550686486088,-0.571934593955575,0.1201970601601191,-0.6224752311841399,-0.9274745739175644,-0.4408825970749195
20.0,221.0,1000.9228515625,0.8244933528940794,0.1717593457825232,-2.3768181931737407,-0.023145477085622,0.5188550651022683,-0.571934593955575,0.1201970601601191,-0.6224745911503293,-0.9274745739175644,-0.4408825936849929
20.0,221.0,1000.9228515625,0.8244933528940769,0.1717593457825232,-2.3768181931737407,-0.0231454770857547,0.5188548722225405,-0.571934593955575,0.1201970601601191,-0.6224752898194671,-0.9274745739175644,-0.4408825952819633
20.0,221.0,1000.9228515625,0.8244933528941869,0.1717593457825232,-2.3768181931737407,-0.0231454770845309,0.5188549390173107,-0.571934593955575,0.1201970601601191,-0.6224745491760093,-0.9274745739175644,-0.440882595271642
20.0,221.0,1000.9228515625,0.8244933528940794,0.1717593457825232,-2.3768181931737407,-0.0231454770857391,0.518855071084819,-0.571934593955575,0.1201970601601191,-0.6224753292271257,-0.9274745739175644,-0.440882595319649
20.0,221.0,1000.9228515625,0.8244933528940794,0.1717593457825232,-2.3768181930330443,-0.0231454770857481,0.518855071084819,-0.571934593955575,0.1201970601601191,-0.6224752733749308,-0.9274745739175644,-0.4408825936849929
20.0,221.0,1000.9228515625,0.8244933528940794,0.1717593457825232,-2.376818193061033,-0.0231454770857481,0.518855071084819,-0.571934593955575,0.1201970601601191,-0.6224754177054583,-0.9274745739175644,-0.4408825976836819
20.0,221.0,1000.9228515625,0.8244933528940739,0.1717593457825232,-2.3768181931737407,-0.0231454770857601,0.5188549390173107,-0.571934593955575,0.1201970601601191,-0.6224755737725376,-0.9274745739175644,-0.440882595271642
20.0,221.0,1000.9228515625,0.8244933528940794,0.1717593457825232,-2.3768181913912985,-0.0231454770968646,0.518855071084819,-0.571934593955575,0.1201970601601191,-0.6224752305254626,-0.9274745739175644,-0.4408825976836819
20.0,221.0,1000.9228515625,0.8244933528940739,0.1717593457825232,-2.3768181931737407,-0.0231454770855136,0.5188549783730564,-0.571934593955575,0.1201970601601191,-0.6224752103099741,-0.9274745739175644,-0.4408825952712734
20.0,221.0,1000.9228515625,0.8244933528940794,0.1717593457825232,-2.3768181931737407,-0.0231454770857481,0.518855071084819,-0.571934593955575,0.1201970601601191,-0.6224752305254626,-0.9274745739175644,-0.4408825936849929
20.0,221.0,1000.9228515625,0.8244933528940739,0.1717593457825232,-2.3768181931737407,-0.023145477085748,0.5188549783730564,-0.571934593955575,0.1201970601601191,-0.6224752063261246,-0.9274745739175644,-0.4408822358767253
20.0,221.0,1000.9228515625,0.8244933528940794,0.1717593457825232,-2.3768181931737407,-0.0231454773767155,0.5188550651022683,-0.571934593955575,0.1201970601601191,-0.6224745267222752,-0.9274745739175644,-0.4408825936849929
20.0,221.0,1000.9228515625,0.8244933528940794,0.1717593457825232,-2.3768181931737407,-0.02314547708576,0.5188549956056944,-0.571934593955575,0.1201970601601191,-0.6224752737358081,-0.9274745739175644,-0.4408825970749195
20.0,221.0,1000.9228515625,0.8244933528940739,0.1717593457825232,-2.3768181931737407,-0.0231454770857475,0.5188549390173107,-0.571934593955575,0.1201970601601191,-0.6224755795723167,-0.9274745739175644,-0.440882595271642
20.0,221.0,1000.9228515625,0.8244933528940794,0.1717593457825232,-2.3768181931737407,-0.0231454770857481,0.518855071084819,-0.571934593955575,0.1201970601601191,-0.6224752305254626,-0.9274745739175644,-0.4408825936849929
20.0,221.0,1000.9228515625,0.8244933528940794,0.1717593457825232,-2.3768181931737407,-0.0231454770857481,0.518855071084819,-0.571934593955575,0.1201970601601191,-0.6224752270133052,-0.9274745739175644,-0.4408825936849929
20.0,221.0,1000.9228515625,0.8244933528940794,0.1717593457825232,-2.3768181931737407,-0.0231454770857481,0.518855071084819,-0.571934593955575,0.1201970601601191,-0.6224752200468672,-0.9274745739175644,-0.4408825936849929
20.0,221.0,1000.9228515625,0.8244933528940794,0.1717593457825232,-2.3768181931737407,-0.0231454770857481,0.518855071084819,-0.571934593955575,0.1201970601601191,-0.6224752305254626,-0.9274745739175644,-0.4408825936849929
20.0,221.0,1000.9228515625,0.8244933528940794,0.1717593457825232,-2.3768181930330443,-0.0231454770857481,0.518855071084819,-0.571934593955575,0.1201970601601191,-0.6224752733749308,-0.9274745739175644,-0.4408825936849929
20.0,221.0,1000.9228515625,0.8244933528940794,0.1717593457825232,-2.37681819136488,-0.0231454774645114,0.5188550719914452,-0.571934593955575,0.1201970601601191,-0.6224750096081734,-0.9274745739175644,-0.4408825970711926
20.0,221.0,1000.9228515625,0.8244933528940794,0.1717593457825232,-2.3768181931737407,-0.0231454770857481,0.518855071084819,-0.571934593955575,0.1201970601601191,-0.6224752305254626,-0.9274745739175644,-0.4408825936849929
20.0,221.0,1000.9228515625,0.8244933528940794,0.1717593457825232,-2.3768181914227986,-0.0231454770857484,0.518855071084819,-0.571934593955575,0.1201970601601191,-0.6224755558012645,-0.9274745739175644,-0.4408825976836819
20.0,221.0,1000.9228515625,0.8244933528940794,0.1717593457825232,-2.3768181931737407,-0.0231454770857481,0.518855071084819,-0.571934593955575,0.1201970601601191,-0.6224752305254626,-0.9274745739175644,-0.4408825936849929
20.0,221.0,1000.9228515625,0.8244933528940739,0.1717593457825232,-2.3768181931737407,-0.0231454770855136,0.5188549783730564,-0.571934593955575,0.1201970601601191,-0.6224752103099741,-0.9274745739175644,-0.4408825952712734
20.0,221.0,1000.9228515625,0.8244933528940794,0.1717593457825232,-2.3768181930330443,-0.0231454770857481,0.518855071084819,-0.571934593955575,0.1201970601601191,-0.6224752733749308,-0.9274745739175644,-0.4408825936849929
20.0,221.0,1000.9228515625,0.8244933528940794,0.1717593457825232,-2.3768181931737407,-0.023145477085622,0.5188550651022683,-0.571934593955575,0.1201970601601191,-0.6224746016289248,-0.9274745739175644,-0.4408825936849929
20.0,221.0,1000.9228515625,0.8244933528940794,0.1717593457825232,-2.3768181931737407,-0.0231454770857481,0.518855071084819,-0.571934593955575,0.1201970601601191,-0.6224752305254626,-0.9274745739175644,-0.4408825936849929
20.0,221.0,1000.9228515625,0.8244933528941865,0.1717593457825232,-2.3768181931737407,-0.0231454770845309,0.5188549390173107,-0.571934593955575,0.1201970601601191,-0.6224745491760093,-0.9274745739175644,-0.440882595271642
20.0,221.0,1000.9228515625,0.8244933528940794,0.1717593457825232,-2.3768181941580337,-0.0231454774603887,0.518855071084819,-0.571934593955575,0.1201970601601191,-0.6224752305254626,-0.9274745739175644,-0.4408825936849929
20.0,221.0,1000.9228515625,0.8244933528940794,0.1717593457825232,-2.376818193162853,-0.023145477085272,0.5188551757530165,-0.571934593955575,0.1201970601601191,-0.6224752311841399,-0.9274745739175644,-0.4408825977336218
20.0,221.0,1000.9228515625,0.8244933528940739,0.1717593457825232,-2.376818193142241,-0.0231454770857598,0.5188549390173107,-0.571934593955575,0.1201970601601191,-0.6224752484967357,-0.9274745739175644,-0.440882595271642
20.0,222.0,1000.9228515625,0.8244933528940794,0.1717593457825232,-2.3768181931737407,-0.0231454770857481,0.518855071084819,-0.571934593955575,0.1201970601601191,-0.6224752305254626,-0.9274745739175644,-0.4408825936849929
20.0,222.0,1000.9228515625,0.8244933528940794,0.1717593457825232,-2.3768181941580337,-0.0231454774603887,0.518855071084819,-0.571934593955575,0.1201970601601191,-0.6224752305254626,-0.9274745739175644,-0.4408825936849929
20.0,222.0,1000.9228515625,0.8244933528940794,0.1717593457825232,-2.3768181930330443,-0.0231454770857481,0.518855071084819,-0.571934593955575,0.1201970601601191,-0.6224752733749308,-0.9274745739175644,-0.4408825936849929
20.0,222.0,1000.9228515625,0.8244933528940739,0.1717593457825232,-2.3768181931737407,-0.0231454770857601,0.5188549783730564,-0.571934593955575,0.1201970601601191,-0.6224752053231137,-0.9274745739175644,-0.440882595271642
20.0,222.0,1000.9228515625,0.8244933528940794,0.1717593457825232,-2.376818191353992,-0.0231454774599909,0.5188550210242336,-0.571934593955575,0.1201970601601191,-0.6224750096081734,-0.9274745739175644,-0.4408825939440672
20.0,222.0,1000.9228515625,0.8244933528940794,0.1717593457825232,-2.3768181931737407,-0.0231454770857481,0.518855071084819,-0.571934593955575,0.1201970601601191,-0.6224752305254626,-0.9274745739175644,-0.4408825936849929
20.0,222.0,1000.9228515625,0.8244933528940794,0.1717593457825232,-2.3768181931737407,-0.0231454770857481,0.518855071084819,-0.571934593955575,0.1201970601601191,-0.6224752305254626,-0.9274745739175644,-0.4408825936849929
20.0,222.0,1000.9228515625,0.8244933528940794,0.1717593457825232,-2.3768181931737407,-0.0231454770857481,0.518855071084819,-0.571934593955575,0.1201970601601191,-0.6224752305254626,-0.9274745739175644,-0.4408825936849929
20.0,222.0,1000.9228515625,0.8244933528940794,0.1717593457825232,-2.3768181931737407,-0.0231454770967385,0.5188550651022683,-0.571934593955575,0.1201970601601191,-0.6224745911503293,-0.9274745739175644,-0.4408825936849929
20.0,222.0,1000.9228515625,0.8244933528940794,0.1717593457825232,-2.376818191353992,-0.0231454774645114,0.518855179095853,-0.571934593955575,0.1201970601601191,-0.6224750096081734,-0.9274745739175644,-0.4408825977298948
20.0,222.0,1000.9228515625,0.8244933528940794,0.1717593457825232,-2.3768181931737407,-0.0231454770949002,0.518855071084819,-0.571934593955575,0.1201970601601191,-0.6224752305254626,-0.9274745739175644,-0.4408825936849929
20.0,222.0,1000.9228515625,0.8244933528940769,0.1717593457825232,-2.3768181931737407,-0.0231454770855083,0.5188548722225405,-0.571934593955575,0.1201970601601191,-0.6224752948063276,-0.9274745739175644,-0.4408825952815947
20.0,222.0,1000.9228515625,0.8244933528940794,0.1717593457825232,-2.3768181931737407,-0.02314547708576,0.5188549956056944,-0.571934593955575,0.1201970601601191,-0.6224752737358081,-0.9274745739175644,-0.4408825970749195
20.0,222.0,1000.9228515625,0.8244933528940794,0.1717593457825232,-2.3768181913912985,-0.0231454770857481,0.518855071084819,-0.571934593955575,0.1201970601601191,-0.6224752305254626,-0.9274745739175644,-0.4408825976836819
20.0,222.0,1000.9228515625,0.8244933528940739,0.1717593457825232,-2.3768181931737407,-0.0231454770857601,0.5188549390173107,-0.571934593955575,0.1201970601601191,-0.6224745491760093,-0.9274745739175644,-0.440882595271642
20.0,222.0,1000.9228515625,0.8244933528940794,0.1717593457825232,-2.3768181931737407,-0.0231454770857481,0.5188550631229458,-0.571934593955575,0.1201970601601191,-0.6224752305254626,-0.9274745739175644,-0.4408825936849929
20.0,222.0,1000.9228515625,0.8244933528940794,0.1717593457825232,-2.376818192963925,-0.0231454770811601,0.518855071084819,-0.571934593955575,0.1201970601601191,-0.6224752733749308,-0.9274745739175644,-0.4408825936849929
20.0,222.0,1000.9228515625,0.8244933528940794,0.1717593457825232,-2.3768181931737407,-0.0231454770857481,0.518855071084819,-0.571934593955575,0.1201970601601191,-0.6224753292271257,-0.9274745739175644,-0.4408825936849929
20.0,222.0,1000.9228515625,0.8244933528940794,0.1717593457825232,-2.3768181931737407,-0.023145477085272,0.5188550686486088,-0.571934593955575,0.1201970601601191,-0.6224752311841399,-0.9274745739175644,-0.4408825970749195
20.0,222.0,1000.9228515625,0.8244933528940794,0.1717593457825232,-2.3768181931737407,-0.023145477085622,0.5188550651022683,-0.571934593955575,0.1201970601601191,-0.6224745911503293,-0.9274745739175644,-0.4408825936849929
20.0,222.0,1000.9228515625,0.8244933528940769,0.1717593457825232,-2.3768181931737407,-0.0231454770857547,0.5188548722225405,-0.571934593955575,0.1201970601601191,-0.6224752898194671,-0.9274745739175644,-0.4408825952819633
20.0,222.0,1000.9228515625,0.8244933528941869,0.1717593457825232,-2.3768181931737407,-0.0231454770845309,0.5188549390173107,-0.571934593955575,0.1201970601601191,-0.6224745491760093,-0.9274745739175644,-0.440882595271642
20.0,222.0,1000.9228515625,0.8244933528940794,0.1717593457825232,-2.3768181931737407,-0.0231454770857391,0.518855071084819,-0.571934593955575,0.1201970601601191,-0.6224753292271257,-0.9274745739175644,-0.440882595319649
20.0,222.0,1000.9228515625,0.8244933528940794,0.1717593457825232,-2.3768181930330443,-0.0231454770857481,0.518855071084819,-0.571934593955575,0.1201970601601191,-0.6224752733749308,-0.9274745739175644,-0.4408825936849929
20.0,222.0,1000.9228515625,0.8244933528940794,0.1717593457825232,-2.376818193061033,-0.0231454770857481,0.518855071084819,-0.571934593955575,0.1201970601601191,-0.6224754177054583,-0.9274745739175644,-0.4408825976836819
20.0,222.0,1000.9228515625,0.8244933528940739,0.1717593457825232,-2.3768181931737407,-0.0231454770857601,0.5188549390173107,-0.571934593955575,0.1201970601601191,-0.6224755737725376,-0.9274745739175644,-0.440882595271642
20.0,222.0,1000.9228515625,0.8244933528940794,0.1717593457825232,-2.3768181913912985,-0.0231454770968646,0.518855071084819,-0.571934593955575,0.1201970601601191,-0.6224752305254626,-0.9274745739175644,-0.4408825976836819
20.0,222.0,1000.9228515625,0.8244933528940739,0.1717593457825232,-2.3768181931737407,-0.0231454770855136,0.5188549783730564,-0.571934593955575,0.1201970601601191,-0.6224752103099741,-0.9274745739175644,-0.4408825952712734
20.0,222.0,1000.9228515625,0.8244933528940794,0.1717593457825232,-2.3768181931737407,-0.0231454770857481,0.518855071084819,-0.571934593955575,0.1201970601601191,-0.6224752305254626,-0.9274745739175644,-0.4408825936849929
20.0,222.0,1000.9228515625,0.8244933528940739,0.1717593457825232,-2.3768181931737407,-0.023145477085748,0.5188549783730564,-0.571934593955575,0.1201970601601191,-0.6224752063261246,-0.9274745739175644,-0.4408822358767253
20.0,222.0,1000.9228515625,0.8244933528940794,0.1717593457825232,-2.3768181931737407,-0.0231454773767155,0.5188550651022683,-0.571934593955575,0.1201970601601191,-0.6224745267222752,-0.9274745739175644,-0.4408825936849929
20.0,222.0,1000.9228515625,0.8244933528940794,0.1717593457825232,-2.3768181931737407,-0.02314547708576,0.5188549956056944,-0.571934593955575,0.1201970601601191,-0.6224752737358081,-0.9274745739175644,-0.4408825970749195
20.0,222.0,1000.9228515625,0.8244933528940739,0.1717593457825232,-2.3768181931737407,-0.0231454770857475,0.5188549390173107,-0.571934593955575,0.1201970601601191,-0.6224755795723167,-0.9274745739175644,-0.440882595271642
20.0,222.0,1000.9228515625,0.8244933528940794,0.1717593457825232,-2.3768181931737407,-0.0231454770857481,0.518855071084819,-0.571934593955575,0.1201970601601191,-0.6224752305254626,-0.9274745739175644,-0.4408825936849929
20.0,222.0,1000.9228515625,0.8244933528940794,0.1717593457825232,-2.3768181931737407,-0.0231454770857481,0.518855071084819,-0.571934593955575,0.1201970601601191,-0.6224752270133052,-0.9274745739175644,-0.4408825936849929
20.0,222.0,1000.9228515625,0.8244933528940794,0.1717593457825232,-2.3768181931737407,-0.0231454770857481,0.518855071084819,-0.571934593955575,0.1201970601601191,-0.6224752200468672,-0.9274745739175644,-0.4408825936849929
20.0,222.0,1000.9228515625,0.8244933528940794,0.1717593457825232,-2.3768181931737407,-0.0231454770857481,0.518855071084819,-0.571934593955575,0.1201970601601191,-0.6224752305254626,-0.9274745739175644,-0.4408825936849929
20.0,222.0,1000.9228515625,0.8244933528940794,0.1717593457825232,-2.3768181930330443,-0.0231454770857481,0.518855071084819,-0.571934593955575,0.1201970601601191,-0.6224752733749308,-0.9274745739175644,-0.4408825936849929
20.0,222.0,1000.9228515625,0.8244933528940794,0.1717593457825232,-2.37681819136488,-0.0231454774645114,0.5188550719914452,-0.571934593955575,0.1201970601601191,-0.6224750096081734,-0.9274745739175644,-0.4408825970711926
20.0,222.0,1000.9228515625,0.8244933528940794,0.1717593457825232,-2.3768181931737407,-0.0231454770857481,0.518855071084819,-0.571934593955575,0.1201970601601191,-0.6224752305254626,-0.9274745739175644,-0.4408825936849929
20.0,222.0,1000.9228515625,0.8244933528940794,0.1717593457825232,-2.3768181914227986,-0.0231454770857484,0.518855071084819,-0.571934593955575,0.1201970601601191,-0.6224755558012645,-0.9274745739175644,-0.4408825976836819
20.0,222.0,1000.9228515625,0.8244933528940794,0.1717593457825232,-2.3768181931737407,-0.0231454770857481,0.518855071084819,-0.571934593955575,0.1201970601601191,-0.6224752305254626,-0.9274745739175644,-0.4408825936849929
20.0,222.0,1000.9228515625,0.8244933528940739,0.1717593457825232,-2.3768181931737407,-0.0231454770855136,0.5188549783730564,-0.571934593955575,0.1201970601601191,-0.6224752103099741,-0.9274745739175644,-0.4408825952712734
20.0,222.0,1000.9228515625,0.8244933528940794,0.1717593457825232,-2.3768181930330443,-0.0231454770857481,0.518855071084819,-0.571934593955575,0.1201970601601191,-0.6224752733749308,-0.9274745739175644,-0.4408825936849929
20.0,222.0,1000.9228515625,0.8244933528940794,0.1717593457825232,-2.3768181931737407,-0.023145477085622,0.5188550651022683,-0.571934593955575,0.1201970601601191,-0.6224746016289248,-0.9274745739175644,-0.4408825936849929
20.0,222.0,1000.9228515625,0.8244933528940794,0.1717593457825232,-2.3768181931737407,-0.0231454770857481,0.518855071084819,-0.571934593955575,0.1201970601601191,-0.6224752305254626,-0.9274745739175644,-0.4408825936849929
20.0,222.0,1000.9228515625,0.8244933528941865,0.1717593457825232,-2.3768181931737407,-0.0231454770845309,0.5188549390173107,-0.571934593955575,0.1201970601601191,-0.6224745491760093,-0.9274745739175644,-0.440882595271642
20.0,222.0,1000.9228515625,0.8244933528940794,0.1717593457825232,-2.3768181941580337,-0.0231454774603887,0.518855071084819,-0.571934593955575,0.1201970601601191,-0.6224752305254626,-0.9274745739175644,-0.4408825936849929
20.0,222.0,1000.9228515625,0.8244933528940794,0.1717593457825232,-2.376818193162853,-0.023145477085272,0.5188551757530165,-0.571934593955575,0.1201970601601191,-0.6224752311841399,-0.9274745739175644,-0.4408825977336218
20.0,222.0,1000.9228515625,0.8244933528940739,0.1717593457825232,-2.376818193142241,-0.0231454770857598,0.5188549390173107,-0.571934593955575,0.1201970601601191,-0.6224752484967357,-0.9274745739175644,-0.440882595271642
20.0,223.0,1000.9228515625,0.8244933528940794,0.1717593457825232,-2.3768181931737407,-0.0231454770857481,0.518855071084819,-0.571934593955575,0.1201970601601191,-0.6224752305254626,-0.9274745739175644,-0.4408825936849929
20.0,223.0,1000.9228515625,0.8244933528940794,0.1717593457825232,-2.3768181941580337,-0.0231454774603887,0.518855071084819,-0.571934593955575,0.1201970601601191,-0.6224752305254626,-0.9274745739175644,-0.4408825936849929
20.0,223.0,1000.9228515625,0.8244933528940794,0.1717593457825232,-2.3768181930330443,-0.0231454770857481,0.518855071084819,-0.571934593955575,0.1201970601601191,-0.6224752733749308,-0.9274745739175644,-0.4408825936849929
20.0,223.0,1000.9228515625,0.8244933528940739,0.1717593457825232,-2.3768181931737407,-0.0231454770857601,0.5188549783730564,-0.571934593955575,0.1201970601601191,-0.6224752053231137,-0.9274745739175644,-0.440882595271642
20.0,223.0,1000.9228515625,0.8244933528940794,0.1717593457825232,-2.376818191353992,-0.0231454774599909,0.5188550210242336,-0.571934593955575,0.1201970601601191,-0.6224750096081734,-0.9274745739175644,-0.4408825939440672
20.0,223.0,1000.9228515625,0.8244933528940794,0.1717593457825232,-2.3768181931737407,-0.0231454770857481,0.518855071084819,-0.571934593955575,0.1201970601601191,-0.6224752305254626,-0.9274745739175644,-0.4408825936849929
20.0,223.0,1000.9228515625,0.8244933528940794,0.1717593457825232,-2.3768181931737407,-0.0231454770857481,0.518855071084819,-0.571934593955575,0.1201970601601191,-0.6224752305254626,-0.9274745739175644,-0.4408825936849929
20.0,223.0,1000.9228515625,0.8244933528940794,0.1717593457825232,-2.3768181931737407,-0.0231454770857481,0.518855071084819,-0.571934593955575,0.1201970601601191,-0.6224752305254626,-0.9274745739175644,-0.4408825936849929
20.0,223.0,1000.9228515625,0.8244933528940794,0.1717593457825232,-2.3768181931737407,-0.0231454770967385,0.5188550651022683,-0.571934593955575,0.1201970601601191,-0.6224745911503293,-0.9274745739175644,-0.4408825936849929
20.0,223.0,1000.9228515625,0.8244933528940794,0.1717593457825232,-2.376818191353992,-0.0231454774645114,0.518855179095853,-0.571934593955575,0.1201970601601191,-0.6224750096081734,-0.9274745739175644,-0.4408825977298948
20.0,223.0,1000.9228515625,0.8244933528940794,0.1717593457825232,-2.3768181931737407,-0.0231454770949002,0.518855071084819,-0.571934593955575,0.1201970601601191,-0.6224752305254626,-0.9274745739175644,-0.4408825936849929
20.0,223.0,1000.9228515625,0.8244933528940769,0.1717593457825232,-2.3768181931737407,-0.0231454770855083,0.5188548722225405,-0.571934593955575,0.1201970601601191,-0.6224752948063276,-0.9274745739175644,-0.4408825952815947
20.0,223.0,1000.9228515625,0.8244933528940794,0.1717593457825232,-2.3768181931737407,-0.02314547708576,0.5188549956056944,-0.571934593955575,0.1201970601601191,-0.6224752737358081,-0.9274745739175644,-0.4408825970749195
20.0,223.0,1000.9228515625,0.8244933528940794,0.1717593457825232,-2.3768181913912985,-0.0231454770857481,0.518855071084819,-0.571934593955575,0.1201970601601191,-0.6224752305254626,-0.9274745739175644,-0.4408825976836819
20.0,223.0,1000.9228515625,0.8244933528940739,0.1717593457825232,-2.3768181931737407,-0.0231454770857601,0.5188549390173107,-0.571934593955575,0.1201970601601191,-0.6224745491760093,-0.9274745739175644,-0.440882595271642
20.0,223.0,1000.9228515625,0.8244933528940794,0.1717593457825232,-2.3768181931737407,-0.0231454770857481,0.5188550631229458,-0.571934593955575,0.1201970601601191,-0.6224752305254626,-0.9274745739175644,-0.4408825936849929
20.0,223.0,1000.9228515625,0.8244933528940794,0.1717593457825232,-2.376818192963925,-0.0231454770811601,0.518855071084819,-0.571934593955575,0.1201970601601191,-0.6224752733749308,-0.9274745739175644,-0.4408825936849929
20.0,223.0,1000.9228515625,0.8244933528940794,0.1717593457825232,-2.3768181931737407,-0.0231454770857481,0.518855071084819,-0.571934593955575,0.1201970601601191,-0.6224753292271257,-0.9274745739175644,-0.4408825936849929
20.0,223.0,1000.9228515625,0.8244933528940794,0.1717593457825232,-2.3768181931737407,-0.023145477085272,0.5188550686486088,-0.571934593955575,0.1201970601601191,-0.6224752311841399,-0.9274745739175644,-0.4408825970749195
20.0,223.0,1000.9228515625,0.8244933528940794,0.1717593457825232,-2.3768181931737407,-0.023145477085622,0.5188550651022683,-0.571934593955575,0.1201970601601191,-0.6224745911503293,-0.9274745739175644,-0.4408825936849929
20.0,223.0,1000.9228515625,0.8244933528940769,0.1717593457825232,-2.3768181931737407,-0.0231454770857547,0.5188548722225405,-0.571934593955575,0.1201970601601191,-0.6224752898194671,-0.9274745739175644,-0.4408825952819633
20.0,223.0,1000.9228515625,0.8244933528941869,0.1717593457825232,-2.3768181931737407,-0.0231454770845309,0.5188549390173107,-0.571934593955575,0.1201970601601191,-0.6224745491760093,-0.9274745739175644,-0.440882595271642
20.0,223.0,1000.9228515625,0.8244933528940794,0.1717593457825232,-2.3768181931737407,-0.0231454770857391,0.518855071084819,-0.571934593955575,0.1201970601601191,-0.6224753292271257,-0.9274745739175644,-0.440882595319649
20.0,223.0,1000.9228515625,0.8244933528940794,0.1717593457825232,-2.3768181930330443,-0.0231454770857481,0.518855071084819,-0.571934593955575,0.1201970601601191,-0.6224752733749308,-0.9274745739175644,-0.4408825936849929
20.0,223.0,1000.9228515625,0.8244933528940794,0.1717593457825232,-2.376818193061033,-0.0231454770857481,0.518855071084819,-0.571934593955575,0.1201970601601191,-0.6224754177054583,-0.9274745739175644,-0.4408825976836819
20.0,223.0,1000.9228515625,0.8244933528940739,0.1717593457825232,-2.3768181931737407,-0.0231454770857601,0.5188549390173107,-0.571934593955575,0.1201970601601191,-0.6224755737725376,-0.9274745739175644,-0.440882595271642
20.0,223.0,1000.9228515625,0.8244933528940794,0.1717593457825232,-2.3768181913912985,-0.0231454770968646,0.518855071084819,-0.571934593955575,0.1201970601601191,-0.6224752305254626,-0.9274745739175644,-0.4408825976836819
20.0,223.0,1000.9228515625,0.8244933528940739,0.1717593457825232,-2.3768181931737407,-0.0231454770855136,0.5188549783730564,-0.571934593955575,0.1201970601601191,-0.6224752103099741,-0.9274745739175644,-0.4408825952712734
20.0,223.0,1000.9228515625,0.8244933528940794,0.1717593457825232,-2.3768181931737407,-0.0231454770857481,0.518855071084819,-0.571934593955575,0.1201970601601191,-0.6224752305254626,-0.9274745739175644,-0.4408825936849929
20.0,223.0,1000.9228515625,0.8244933528940739,0.1717593457825232,-2.3768181931737407,-0.023145477085748,0.5188549783730564,-0.571934593955575,0.1201970601601191,-0.6224752063261246,-0.9274745739175644,-0.4408822358767253
20.0,223.0,1000.9228515625,0.8244933528940794,0.1717593457825232,-2.3768181931737407,-0.0231454773767155,0.5188550651022683,-0.571934593955575,0.1201970601601191,-0.6224745267222752,-0.9274745739175644,-0.4408825936849929
20.0,223.0,1000.9228515625,0.8244933528940794,0.1717593457825232,-2.3768181931737407,-0.02314547708576,0.5188549956056944,-0.571934593955575,0.1201970601601191,-0.6224752737358081,-0.9274745739175644,-0.4408825970749195
20.0,223.0,1000.9228515625,0.8244933528940739,0.1717593457825232,-2.3768181931737407,-0.0231454770857475,0.5188549390173107,-0.571934593955575,0.1201970601601191,-0.6224755795723167,-0.9274745739175644,-0.440882595271642
20.0,223.0,1000.9228515625,0.8244933528940794,0.1717593457825232,-2.3768181931737407,-0.0231454770857481,0.518855071084819,-0.571934593955575,0.1201970601601191,-0.6224752305254626,-0.9274745739175644,-0.4408825936849929
20.0,223.0,1000.9228515625,0.8244933528940794,0.1717593457825232,-2.3768181931737407,-0.0231454770857481,0.518855071084819,-0.571934593955575,0.1201970601601191,-0.6224752270133052,-0.9274745739175644,-0.4408825936849929
20.0,223.0,1000.9228515625,0.8244933528940794,0.1717593457825232,-2.3768181931737407,-0.0231454770857481,0.518855071084819,-0.571934593955575,0.1201970601601191,-0.6224752200468672,-0.9274745739175644,-0.4408825936849929
20.0,223.0,1000.9228515625,0.8244933528940794,0.1717593457825232,-2.3768181931737407,-0.0231454770857481,0.518855071084819,-0.571934593955575,0.1201970601601191,-0.6224752305254626,-0.9274745739175644,-0.4408825936849929
20.0,223.0,1000.9228515625,0.8244933528940794,0.1717593457825232,-2.3768181930330443,-0.0231454770857481,0.518855071084819,-0.571934593955575,0.1201970601601191,-0.6224752733749308,-0.9274745739175644,-0.4408825936849929
20.0,223.0,1000.9228515625,0.8244933528940794,0.1717593457825232,-2.37681819136488,-0.0231454774645114,0.5188550719914452,-0.571934593955575,0.1201970601601191,-0.6224750096081734,-0.9274745739175644,-0.4408825970711926
20.0,223.0,1000.9228515625,0.8244933528940794,0.1717593457825232,-2.3768181931737407,-0.0231454770857481,0.518855071084819,-0.571934593955575,0.1201970601601191,-0.6224752305254626,-0.9274745739175644,-0.4408825936849929
20.0,223.0,1000.9228515625,0.8244933528940794,0.1717593457825232,-2.3768181914227986,-0.0231454770857484,0.518855071084819,-0.571934593955575,0.1201970601601191,-0.6224755558012645,-0.9274745739175644,-0.4408825976836819
20.0,223.0,1000.9228515625,0.8244933528940794,0.1717593457825232,-2.3768181931737407,-0.0231454770857481,0.518855071084819,-0.571934593955575,0.1201970601601191,-0.6224752305254626,-0.9274745739175644,-0.4408825936849929
20.0,223.0,1000.9228515625,0.8244933528940739,0.1717593457825232,-2.3768181931737407,-0.0231454770855136,0.5188549783730564,-0.571934593955575,0.1201970601601191,-0.6224752103099741,-0.9274745739175644,-0.4408825952712734
20.0,223.0,1000.9228515625,0.8244933528940794,0.1717593457825232,-2.3768181930330443,-0.0231454770857481,0.518855071084819,-0.571934593955575,0.1201970601601191,-0.6224752733749308,-0.9274745739175644,-0.4408825936849929
20.0,223.0,1000.9228515625,0.8244933528940794,0.1717593457825232,-2.3768181931737407,-0.023145477085622,0.5188550651022683,-0.571934593955575,0.1201970601601191,-0.6224746016289248,-0.9274745739175644,-0.4408825936849929
20.0,223.0,1000.9228515625,0.8244933528940794,0.1717593457825232,-2.3768181931737407,-0.0231454770857481,0.518855071084819,-0.571934593955575,0.1201970601601191,-0.6224752305254626,-0.9274745739175644,-0.4408825936849929
20.0,223.0,1000.9228515625,0.8244933528941865,0.1717593457825232,-2.3768181931737407,-0.0231454770845309,0.5188549390173107,-0.571934593955575,0.1201970601601191,-0.6224745491760093,-0.9274745739175644,-0.440882595271642
20.0,223.0,1000.9228515625,0.8244933528940794,0.1717593457825232,-2.3768181941580337,-0.0231454774603887,0.518855071084819,-0.571934593955575,0.1201970601601191,-0.6224752305254626,-0.9274745739175644,-0.4408825936849929
20.0,223.0,1000.9228515625,0.8244933528940794,0.1717593457825232,-2.376818193162853,-0.023145477085272,0.5188551757530165,-0.571934593955575,0.1201970601601191,-0.6224752311841399,-0.9274745739175644,-0.4408825977336218
20.0,223.0,1000.9228515625,0.8244933528940739,0.1717593457825232,-2.376818193142241,-0.0231454770857598,0.5188549390173107,-0.571934593955575,0.1201970601601191,-0.6224752484967357,-0.9274745739175644,-0.440882595271642
20.0,224.0,1000.9228515625,0.8244933528940794,0.1717593457825232,-2.3768181931737407,-0.0231454770857481,0.518855071084819,-0.571934593955575,0.1201970601601191,-0.6224752305254626,-0.9274745739175644,-0.4408825936849929
20.0,224.0,1000.9228515625,0.8244933528940794,0.1717593457825232,-2.3768181941580337,-0.0231454774603887,0.518855071084819,-0.571934593955575,0.1201970601601191,-0.6224752305254626,-0.9274745739175644,-0.4408825936849929
20.0,224.0,1000.9228515625,0.8244933528940794,0.1717593457825232,-2.3768181930330443,-0.0231454770857481,0.518855071084819,-0.571934593955575,0.1201970601601191,-0.6224752733749308,-0.9274745739175644,-0.4408825936849929
20.0,224.0,1000.9228515625,0.8244933528940739,0.1717593457825232,-2.3768181931737407,-0.0231454770857601,0.5188549783730564,-0.571934593955575,0.1201970601601191,-0.6224752053231137,-0.9274745739175644,-0.440882595271642
20.0,224.0,1000.9228515625,0.8244933528940794,0.1717593457825232,-2.376818191353992,-0.0231454774599909,0.5188550210242336,-0.571934593955575,0.1201970601601191,-0.6224750096081734,-0.9274745739175644,-0.4408825939440672
20.0,224.0,1000.9228515625,0.8244933528940794,0.1717593457825232,-2.3768181931737407,-0.0231454770857481,0.518855071084819,-0.571934593955575,0.1201970601601191,-0.6224752305254626,-0.9274745739175644,-0.4408825936849929
20.0,224.0,1000.9228515625,0.8244933528940794,0.1717593457825232,-2.3768181931737407,-0.0231454770857481,0.518855071084819,-0.571934593955575,0.1201970601601191,-0.6224752305254626,-0.9274745739175644,-0.4408825936849929
20.0,224.0,1000.9228515625,0.8244933528940794,0.1717593457825232,-2.3768181931737407,-0.0231454770857481,0.518855071084819,-0.571934593955575,0.1201970601601191,-0.6224752305254626,-0.9274745739175644,-0.4408825936849929
20.0,224.0,1000.9228515625,0.8244933528940794,0.1717593457825232,-2.3768181931737407,-0.0231454770967385,0.5188550651022683,-0.571934593955575,0.1201970601601191,-0.6224745911503293,-0.9274745739175644,-0.4408825936849929
20.0,224.0,1000.9228515625,0.8244933528940794,0.1717593457825232,-2.376818191353992,-0.0231454774645114,0.518855179095853,-0.571934593955575,0.1201970601601191,-0.6224750096081734,-0.9274745739175644,-0.4408825977298948
20.0,224.0,1000.9228515625,0.8244933528940794,0.1717593457825232,-2.3768181931737407,-0.0231454770949002,0.518855071084819,-0.571934593955575,0.1201970601601191,-0.6224752305254626,-0.9274745739175644,-0.4408825936849929
20.0,224.0,1000.9228515625,0.8244933528940769,0.1717593457825232,-2.3768181931737407,-0.0231454770855083,0.5188548722225405,-0.571934593955575,0.1201970601601191,-0.6224752948063276,-0.9274745739175644,-0.4408825952815947
20.0,224.0,1000.9228515625,0.8244933528940794,0.1717593457825232,-2.3768181931737407,-0.02314547708576,0.5188549956056944,-0.571934593955575,0.1201970601601191,-0.6224752737358081,-0.9274745739175644,-0.4408825970749195
20.0,224.0,1000.9228515625,0.8244933528940794,0.1717593457825232,-2.3768181913912985,-0.0231454770857481,0.518855071084819,-0.571934593955575,0.1201970601601191,-0.6224752305254626,-0.9274745739175644,-0.4408825976836819
20.0,224.0,1000.9228515625,0.8244933528940739,0.1717593457825232,-2.3768181931737407,-0.0231454770857601,0.5188549390173107,-0.571934593955575,0.1201970601601191,-0.6224745491760093,-0.9274745739175644,-0.440882595271642
20.0,224.0,1000.9228515625,0.8244933528940794,0.1717593457825232,-2.3768181931737407,-0.0231454770857481,0.5188550631229458,-0.571934593955575,0.1201970601601191,-0.6224752305254626,-0.9274745739175644,-0.4408825936849929
20.0,224.0,1000.9228515625,0.8244933528940794,0.1717593457825232,-2.376818192963925,-0.0231454770811601,0.518855071084819,-0.571934593955575,0.1201970601601191,-0.6224752733749308,-0.9274745739175644,-0.4408825936849929
20.0,224.0,1000.9228515625,0.8244933528940794,0.1717593457825232,-2.3768181931737407,-0.0231454770857481,0.518855071084819,-0.571934593955575,0.1201970601601191,-0.6224753292271257,-0.9274745739175644,-0.4408825936849929
20.0,224.0,1000.9228515625,0.8244933528940794,0.1717593457825232,-2.3768181931737407,-0.023145477085272,0.5188550686486088,-0.571934593955575,0.1201970601601191,-0.6224752311841399,-0.9274745739175644,-0.4408825970749195
20.0,224.0,1000.9228515625,0.8244933528940794,0.1717593457825232,-2.3768181931737407,-0.023145477085622,0.5188550651022683,-0.571934593955575,0.1201970601601191,-0.6224745911503293,-0.9274745739175644,-0.4408825936849929
20.0,224.0,1000.9228515625,0.8244933528940769,0.1717593457825232,-2.3768181931737407,-0.0231454770857547,0.5188548722225405,-0.571934593955575,0.1201970601601191,-0.6224752898194671,-0.9274745739175644,-0.4408825952819633
20.0,224.0,1000.9228515625,0.8244933528941869,0.1717593457825232,-2.3768181931737407,-0.0231454770845309,0.5188549390173107,-0.571934593955575,0.1201970601601191,-0.6224745491760093,-0.9274745739175644,-0.440882595271642
20.0,224.0,1000.9228515625,0.8244933528940794,0.1717593457825232,-2.3768181931737407,-0.0231454770857391,0.518855071084819,-0.571934593955575,0.1201970601601191,-0.6224753292271257,-0.9274745739175644,-0.440882595319649
20.0,224.0,1000.9228515625,0.8244933528940794,0.1717593457825232,-2.3768181930330443,-0.0231454770857481,0.518855071084819,-0.571934593955575,0.1201970601601191,-0.6224752733749308,-0.9274745739175644,-0.4408825936849929
20.0,224.0,1000.9228515625,0.8244933528940794,0.1717593457825232,-2.376818193061033,-0.0231454770857481,0.518855071084819,-0.571934593955575,0.1201970601601191,-0.6224754177054583,-0.9274745739175644,-0.4408825976836819
20.0,224.0,1000.9228515625,0.8244933528940739,0.1717593457825232,-2.3768181931737407,-0.0231454770857601,0.5188549390173107,-0.571934593955575,0.1201970601601191,-0.6224755737725376,-0.9274745739175644,-0.440882595271642
20.0,224.0,1000.9228515625,0.8244933528940794,0.1717593457825232,-2.3768181913912985,-0.0231454770968646,0.518855071084819,-0.571934593955575,0.1201970601601191,-0.6224752305254626,-0.9274745739175644,-0.4408825976836819
20.0,224.0,1000.9228515625,0.8244933528940739,0.1717593457825232,-2.3768181931737407,-0.0231454770855136,0.5188549783730564,-0.571934593955575,0.1201970601601191,-0.6224752103099741,-0.9274745739175644,-0.4408825952712734
20.0,224.0,1000.9228515625,0.8244933528940794,0.1717593457825232,-2.3768181931737407,-0.0231454770857481,0.518855071084819,-0.571934593955575,0.1201970601601191,-0.6224752305254626,-0.9274745739175644,-0.4408825936849929
20.0,224.0,1000.9228515625,0.8244933528940739,0.1717593457825232,-2.3768181931737407,-0.023145477085748,0.5188549783730564,-0.571934593955575,0.1201970601601191,-0.6224752063261246,-0.9274745739175644,-0.4408822358767253
20.0,224.0,1000.9228515625,0.8244933528940794,0.1717593457825232,-2.3768181931737407,-0.0231454773767155,0.5188550651022683,-0.571934593955575,0.1201970601601191,-0.6224745267222752,-0.9274745739175644,-0.4408825936849929
20.0,224.0,1000.9228515625,0.8244933528940794,0.1717593457825232,-2.3768181931737407,-0.02314547708576,0.5188549956056944,-0.571934593955575,0.1201970601601191,-0.6224752737358081,-0.9274745739175644,-0.4408825970749195
20.0,224.0,1000.9228515625,0.8244933528940739,0.1717593457825232,-2.3768181931737407,-0.0231454770857475,0.5188549390173107,-0.571934593955575,0.1201970601601191,-0.6224755795723167,-0.9274745739175644,-0.440882595271642
20.0,224.0,1000.9228515625,0.8244933528940794,0.1717593457825232,-2.3768181931737407,-0.0231454770857481,0.518855071084819,-0.571934593955575,0.1201970601601191,-0.6224752305254626,-0.9274745739175644,-0.4408825936849929
20.0,224.0,1000.9228515625,0.8244933528940794,0.1717593457825232,-2.3768181931737407,-0.0231454770857481,0.518855071084819,-0.571934593955575,0.1201970601601191,-0.6224752270133052,-0.9274745739175644,-0.4408825936849929
20.0,224.0,1000.9228515625,0.8244933528940794,0.1717593457825232,-2.3768181931737407,-0.0231454770857481,0.518855071084819,-0.571934593955575,0.1201970601601191,-0.6224752200468672,-0.9274745739175644,-0.4408825936849929
20.0,224.0,1000.9228515625,0.8244933528940794,0.1717593457825232,-2.3768181931737407,-0.0231454770857481,0.518855071084819,-0.571934593955575,0.1201970601601191,-0.6224752305254626,-0.9274745739175644,-0.4408825936849929
20.0,224.0,1000.9228515625,0.8244933528940794,0.1717593457825232,-2.3768181930330443,-0.0231454770857481,0.518855071084819,-0.571934593955575,0.1201970601601191,-0.6224752733749308,-0.9274745739175644,-0.4408825936849929
20.0,224.0,1000.9228515625,0.8244933528940794,0.1717593457825232,-2.37681819136488,-0.0231454774645114,0.5188550719914452,-0.571934593955575,0.1201970601601191,-0.6224750096081734,-0.9274745739175644,-0.4408825970711926
20.0,224.0,1000.9228515625,0.8244933528940794,0.1717593457825232,-2.3768181931737407,-0.0231454770857481,0.518855071084819,-0.571934593955575,0.1201970601601191,-0.6224752305254626,-0.9274745739175644,-0.4408825936849929
20.0,224.0,1000.9228515625,0.8244933528940794,0.1717593457825232,-2.3768181914227986,-0.0231454770857484,0.518855071084819,-0.571934593955575,0.1201970601601191,-0.6224755558012645,-0.9274745739175644,-0.4408825976836819
20.0,224.0,1000.9228515625,0.8244933528940794,0.1717593457825232,-2.3768181931737407,-0.0231454770857481,0.518855071084819,-0.571934593955575,0.1201970601601191,-0.6224752305254626,-0.9274745739175644,-0.4408825936849929
20.0,224.0,1000.9228515625,0.8244933528940739,0.1717593457825232,-2.3768181931737407,-0.0231454770855136,0.5188549783730564,-0.571934593955575,0.1201970601601191,-0.6224752103099741,-0.9274745739175644,-0.4408825952712734
20.0,224.0,1000.9228515625,0.8244933528940794,0.1717593457825232,-2.3768181930330443,-0.0231454770857481,0.518855071084819,-0.571934593955575,0.1201970601601191,-0.6224752733749308,-0.9274745739175644,-0.4408825936849929
20.0,224.0,1000.9228515625,0.8244933528940794,0.1717593457825232,-2.3768181931737407,-0.023145477085622,0.5188550651022683,-0.571934593955575,0.1201970601601191,-0.6224746016289248,-0.9274745739175644,-0.4408825936849929
20.0,224.0,1000.9228515625,0.8244933528940794,0.1717593457825232,-2.3768181931737407,-0.0231454770857481,0.518855071084819,-0.571934593955575,0.1201970601601191,-0.6224752305254626,-0.9274745739175644,-0.4408825936849929
20.0,224.0,1000.9228515625,0.8244933528941865,0.1717593457825232,-2.3768181931737407,-0.0231454770845309,0.5188549390173107,-0.571934593955575,0.1201970601601191,-0.6224745491760093,-0.9274745739175644,-0.440882595271642
20.0,224.0,1000.9228515625,0.8244933528940794,0.1717593457825232,-2.3768181941580337,-0.0231454774603887,0.518855071084819,-0.571934593955575,0.1201970601601191,-0.6224752305254626,-0.9274745739175644,-0.4408825936849929
20.0,224.0,1000.9228515625,0.8244933528940794,0.1717593457825232,-2.376818193162853,-0.023145477085272,0.5188551757530165,-0.571934593955575,0.1201970601601191,-0.6224752311841399,-0.9274745739175644,-0.4408825977336218
20.0,224.0,1000.9228515625,0.8244933528940739,0.1717593457825232,-2.376818193142241,-0.0231454770857598,0.5188549390173107,-0.571934593955575,0.1201970601601191,-0.6224752484967357,-0.9274745739175644,-0.440882595271642
20.0,225.0,1000.9228515625,0.8244933528940794,0.1717593457825232,-2.3768181931737407,-0.0231454770857481,0.518855071084819,-0.571934593955575,0.1201970601601191,-0.6224752305254626,-0.9274745739175644,-0.4408825936849929
20.0,225.0,1000.9228515625,0.8244933528940794,0.1717593457825232,-2.3768181941580337,-0.0231454774603887,0.518855071084819,-0.571934593955575,0.1201970601601191,-0.6224752305254626,-0.9274745739175644,-0.4408825936849929
20.0,225.0,1000.9228515625,0.8244933528940794,0.1717593457825232,-2.3768181930330443,-0.0231454770857481,0.518855071084819,-0.571934593955575,0.1201970601601191,-0.6224752733749308,-0.9274745739175644,-0.4408825936849929
20.0,225.0,1000.9228515625,0.8244933528940739,0.1717593457825232,-2.3768181931737407,-0.0231454770857601,0.5188549783730564,-0.571934593955575,0.1201970601601191,-0.6224752053231137,-0.9274745739175644,-0.440882595271642
20.0,225.0,1000.9228515625,0.8244933528940794,0.1717593457825232,-2.376818191353992,-0.0231454774599909,0.5188550210242336,-0.571934593955575,0.1201970601601191,-0.6224750096081734,-0.9274745739175644,-0.4408825939440672
20.0,225.0,1000.9228515625,0.8244933528940794,0.1717593457825232,-2.3768181931737407,-0.0231454770857481,0.518855071084819,-0.571934593955575,0.1201970601601191,-0.6224752305254626,-0.9274745739175644,-0.4408825936849929
20.0,225.0,1000.9228515625,0.8244933528940794,0.1717593457825232,-2.3768181931737407,-0.0231454770857481,0.518855071084819,-0.571934593955575,0.1201970601601191,-0.6224752305254626,-0.9274745739175644,-0.4408825936849929
20.0,225.0,1000.9228515625,0.8244933528940794,0.1717593457825232,-2.3768181931737407,-0.0231454770857481,0.518855071084819,-0.571934593955575,0.1201970601601191,-0.6224752305254626,-0.9274745739175644,-0.4408825936849929
20.0,225.0,1000.9228515625,0.8244933528940794,0.1717593457825232,-2.3768181931737407,-0.0231454770967385,0.5188550651022683,-0.571934593955575,0.1201970601601191,-0.6224745911503293,-0.9274745739175644,-0.4408825936849929
20.0,225.0,1000.9228515625,0.8244933528940794,0.1717593457825232,-2.376818191353992,-0.0231454774645114,0.518855179095853,-0.571934593955575,0.1201970601601191,-0.6224750096081734,-0.9274745739175644,-0.4408825977298948
20.0,225.0,1000.9228515625,0.8244933528940794,0.1717593457825232,-2.3768181931737407,-0.0231454770949002,0.518855071084819,-0.571934593955575,0.1201970601601191,-0.6224752305254626,-0.9274745739175644,-0.4408825936849929
20.0,225.0,1000.9228515625,0.8244933528940769,0.1717593457825232,-2.3768181931737407,-0.0231454770855083,0.5188548722225405,-0.571934593955575,0.1201970601601191,-0.6224752948063276,-0.9274745739175644,-0.4408825952815947
20.0,225.0,1000.9228515625,0.8244933528940794,0.1717593457825232,-2.3768181931737407,-0.02314547708576,0.5188549956056944,-0.571934593955575,0.1201970601601191,-0.6224752737358081,-0.9274745739175644,-0.4408825970749195
20.0,225.0,1000.9228515625,0.8244933528940794,0.1717593457825232,-2.3768181913912985,-0.0231454770857481,0.518855071084819,-0.571934593955575,0.1201970601601191,-0.6224752305254626,-0.9274745739175644,-0.4408825976836819
20.0,225.0,1000.9228515625,0.8244933528940739,0.1717593457825232,-2.3768181931737407,-0.0231454770857601,0.5188549390173107,-0.571934593955575,0.1201970601601191,-0.6224745491760093,-0.9274745739175644,-0.440882595271642
20.0,225.0,1000.9228515625,0.8244933528940794,0.1717593457825232,-2.3768181931737407,-0.0231454770857481,0.5188550631229458,-0.571934593955575,0.1201970601601191,-0.6224752305254626,-0.9274745739175644,-0.4408825936849929
20.0,225.0,1000.9228515625,0.8244933528940794,0.1717593457825232,-2.376818192963925,-0.0231454770811601,0.518855071084819,-0.571934593955575,0.1201970601601191,-0.6224752733749308,-0.9274745739175644,-0.4408825936849929
20.0,225.0,1000.9228515625,0.8244933528940794,0.1717593457825232,-2.3768181931737407,-0.0231454770857481,0.518855071084819,-0.571934593955575,0.1201970601601191,-0.6224753292271257,-0.9274745739175644,-0.4408825936849929
20.0,225.0,1000.9228515625,0.8244933528940794,0.1717593457825232,-2.3768181931737407,-0.023145477085272,0.5188550686486088,-0.571934593955575,0.1201970601601191,-0.6224752311841399,-0.9274745739175644,-0.4408825970749195
20.0,225.0,1000.9228515625,0.8244933528940794,0.1717593457825232,-2.3768181931737407,-0.023145477085622,0.5188550651022683,-0.571934593955575,0.1201970601601191,-0.6224745911503293,-0.9274745739175644,-0.4408825936849929
20.0,225.0,1000.9228515625,0.8244933528940769,0.1717593457825232,-2.3768181931737407,-0.0231454770857547,0.5188548722225405,-0.571934593955575,0.1201970601601191,-0.6224752898194671,-0.9274745739175644,-0.4408825952819633
20.0,225.0,1000.9228515625,0.8244933528941869,0.1717593457825232,-2.3768181931737407,-0.0231454770845309,0.5188549390173107,-0.571934593955575,0.1201970601601191,-0.6224745491760093,-0.9274745739175644,-0.440882595271642
20.0,225.0,1000.9228515625,0.8244933528940794,0.1717593457825232,-2.3768181931737407,-0.0231454770857391,0.518855071084819,-0.571934593955575,0.1201970601601191,-0.6224753292271257,-0.9274745739175644,-0.440882595319649
20.0,225.0,1000.9228515625,0.8244933528940794,0.1717593457825232,-2.3768181930330443,-0.0231454770857481,0.518855071084819,-0.571934593955575,0.1201970601601191,-0.6224752733749308,-0.9274745739175644,-0.4408825936849929
20.0,225.0,1000.9228515625,0.8244933528940794,0.1717593457825232,-2.376818193061033,-0.0231454770857481,0.518855071084819,-0.571934593955575,0.1201970601601191,-0.6224754177054583,-0.9274745739175644,-0.4408825976836819
20.0,225.0,1000.9228515625,0.8244933528940739,0.1717593457825232,-2.3768181931737407,-0.0231454770857601,0.5188549390173107,-0.571934593955575,0.1201970601601191,-0.6224755737725376,-0.9274745739175644,-0.440882595271642
20.0,225.0,1000.9228515625,0.8244933528940794,0.1717593457825232,-2.3768181913912985,-0.0231454770968646,0.518855071084819,-0.571934593955575,0.1201970601601191,-0.6224752305254626,-0.9274745739175644,-0.4408825976836819
20.0,225.0,1000.9228515625,0.8244933528940739,0.1717593457825232,-2.3768181931737407,-0.0231454770855136,0.5188549783730564,-0.571934593955575,0.1201970601601191,-0.6224752103099741,-0.9274745739175644,-0.4408825952712734
20.0,225.0,1000.9228515625,0.8244933528940794,0.1717593457825232,-2.3768181931737407,-0.0231454770857481,0.518855071084819,-0.571934593955575,0.1201970601601191,-0.6224752305254626,-0.9274745739175644,-0.4408825936849929
20.0,225.0,1000.9228515625,0.8244933528940739,0.1717593457825232,-2.3768181931737407,-0.023145477085748,0.5188549783730564,-0.571934593955575,0.1201970601601191,-0.6224752063261246,-0.9274745739175644,-0.4408822358767253
20.0,225.0,1000.9228515625,0.8244933528940794,0.1717593457825232,-2.3768181931737407,-0.0231454773767155,0.5188550651022683,-0.571934593955575,0.1201970601601191,-0.6224745267222752,-0.9274745739175644,-0.4408825936849929
20.0,225.0,1000.9228515625,0.8244933528940794,0.1717593457825232,-2.3768181931737407,-0.02314547708576,0.5188549956056944,-0.571934593955575,0.1201970601601191,-0.6224752737358081,-0.9274745739175644,-0.4408825970749195
20.0,225.0,1000.9228515625,0.8244933528940739,0.1717593457825232,-2.3768181931737407,-0.0231454770857475,0.5188549390173107,-0.571934593955575,0.1201970601601191,-0.6224755795723167,-0.9274745739175644,-0.440882595271642
20.0,225.0,1000.9228515625,0.8244933528940794,0.1717593457825232,-2.3768181931737407,-0.0231454770857481,0.518855071084819,-0.571934593955575,0.1201970601601191,-0.6224752305254626,-0.9274745739175644,-0.4408825936849929
20.0,225.0,1000.9228515625,0.8244933528940794,0.1717593457825232,-2.3768181931737407,-0.0231454770857481,0.518855071084819,-0.571934593955575,0.1201970601601191,-0.6224752270133052,-0.9274745739175644,-0.4408825936849929
20.0,225.0,1000.9228515625,0.8244933528940794,0.1717593457825232,-2.3768181931737407,-0.0231454770857481,0.518855071084819,-0.571934593955575,0.1201970601601191,-0.6224752200468672,-0.9274745739175644,-0.4408825936849929
20.0,225.0,1000.9228515625,0.8244933528940794,0.1717593457825232,-2.3768181931737407,-0.0231454770857481,0.518855071084819,-0.571934593955575,0.1201970601601191,-0.6224752305254626,-0.9274745739175644,-0.4408825936849929
20.0,225.0,1000.9228515625,0.8244933528940794,0.1717593457825232,-2.3768181930330443,-0.0231454770857481,0.518855071084819,-0.571934593955575,0.1201970601601191,-0.6224752733749308,-0.9274745739175644,-0.4408825936849929
20.0,225.0,1000.9228515625,0.8244933528940794,0.1717593457825232,-2.37681819136488,-0.0231454774645114,0.5188550719914452,-0.571934593955575,0.1201970601601191,-0.6224750096081734,-0.9274745739175644,-0.4408825970711926
20.0,225.0,1000.9228515625,0.8244933528940794,0.1717593457825232,-2.3768181931737407,-0.0231454770857481,0.518855071084819,-0.571934593955575,0.1201970601601191,-0.6224752305254626,-0.9274745739175644,-0.4408825936849929
20.0,225.0,1000.9228515625,0.8244933528940794,0.1717593457825232,-2.3768181914227986,-0.0231454770857484,0.518855071084819,-0.571934593955575,0.1201970601601191,-0.6224755558012645,-0.9274745739175644,-0.4408825976836819
20.0,225.0,1000.9228515625,0.8244933528940794,0.1717593457825232,-2.3768181931737407,-0.0231454770857481,0.518855071084819,-0.571934593955575,0.1201970601601191,-0.6224752305254626,-0.9274745739175644,-0.4408825936849929
20.0,225.0,1000.9228515625,0.8244933528940739,0.1717593457825232,-2.3768181931737407,-0.0231454770855136,0.5188549783730564,-0.571934593955575,0.1201970601601191,-0.6224752103099741,-0.9274745739175644,-0.4408825952712734
20.0,225.0,1000.9228515625,0.8244933528940794,0.1717593457825232,-2.3768181930330443,-0.0231454770857481,0.518855071084819,-0.571934593955575,0.1201970601601191,-0.6224752733749308,-0.9274745739175644,-0.4408825936849929
20.0,225.0,1000.9228515625,0.8244933528940794,0.1717593457825232,-2.3768181931737407,-0.023145477085622,0.5188550651022683,-0.571934593955575,0.1201970601601191,-0.6224746016289248,-0.9274745739175644,-0.4408825936849929
20.0,225.0,1000.9228515625,0.8244933528940794,0.1717593457825232,-2.3768181931737407,-0.0231454770857481,0.518855071084819,-0.571934593955575,0.1201970601601191,-0.6224752305254626,-0.9274745739175644,-0.4408825936849929
20.0,225.0,1000.9228515625,0.8244933528941865,0.1717593457825232,-2.3768181931737407,-0.0231454770845309,0.5188549390173107,-0.571934593955575,0.1201970601601191,-0.6224745491760093,-0.9274745739175644,-0.440882595271642
20.0,225.0,1000.9228515625,0.8244933528940794,0.1717593457825232,-2.3768181941580337,-0.0231454774603887,0.518855071084819,-0.571934593955575,0.1201970601601191,-0.6224752305254626,-0.9274745739175644,-0.4408825936849929
20.0,225.0,1000.9228515625,0.8244933528940794,0.1717593457825232,-2.376818193162853,-0.023145477085272,0.5188551757530165,-0.571934593955575,0.1201970601601191,-0.6224752311841399,-0.9274745739175644,-0.4408825977336218
20.0,225.0,1000.9228515625,0.8244933528940739,0.1717593457825232,-2.376818193142241,-0.0231454770857598,0.5188549390173107,-0.571934593955575,0.1201970601601191,-0.6224752484967357,-0.9274745739175644,-0.440882595271642
20.0,226.0,1000.9228515625,0.8244933528940794,0.1717593457825232,-2.3768181931737407,-0.0231454770857481,0.518855071084819,-0.571934593955575,0.1201970601601191,-0.6224752305254626,-0.9274745739175644,-0.4408825936849929
20.0,226.0,1000.9228515625,0.8244933528940794,0.1717593457825232,-2.3768181941580337,-0.0231454774603887,0.518855071084819,-0.571934593955575,0.1201970601601191,-0.6224752305254626,-0.9274745739175644,-0.4408825936849929
20.0,226.0,1000.9228515625,0.8244933528940794,0.1717593457825232,-2.3768181930330443,-0.0231454770857481,0.518855071084819,-0.571934593955575,0.1201970601601191,-0.6224752733749308,-0.9274745739175644,-0.4408825936849929
20.0,226.0,1000.9228515625,0.8244933528940739,0.1717593457825232,-2.3768181931737407,-0.0231454770857601,0.5188549783730564,-0.571934593955575,0.1201970601601191,-0.6224752053231137,-0.9274745739175644,-0.440882595271642
20.0,226.0,1000.9228515625,0.8244933528940794,0.1717593457825232,-2.376818191353992,-0.0231454774599909,0.5188550210242336,-0.571934593955575,0.1201970601601191,-0.6224750096081734,-0.9274745739175644,-0.4408825939440672
20.0,226.0,1000.9228515625,0.8244933528940794,0.1717593457825232,-2.3768181931737407,-0.0231454770857481,0.518855071084819,-0.571934593955575,0.1201970601601191,-0.6224752305254626,-0.9274745739175644,-0.4408825936849929
20.0,226.0,1000.9228515625,0.8244933528940794,0.1717593457825232,-2.3768181931737407,-0.0231454770857481,0.518855071084819,-0.571934593955575,0.1201970601601191,-0.6224752305254626,-0.9274745739175644,-0.4408825936849929
20.0,226.0,1000.9228515625,0.8244933528940794,0.1717593457825232,-2.3768181931737407,-0.0231454770857481,0.518855071084819,-0.571934593955575,0.1201970601601191,-0.6224752305254626,-0.9274745739175644,-0.4408825936849929
20.0,226.0,1000.9228515625,0.8244933528940794,0.1717593457825232,-2.3768181931737407,-0.0231454770967385,0.5188550651022683,-0.571934593955575,0.1201970601601191,-0.6224745911503293,-0.9274745739175644,-0.4408825936849929
20.0,226.0,1000.9228515625,0.8244933528940794,0.1717593457825232,-2.376818191353992,-0.0231454774645114,0.518855179095853,-0.571934593955575,0.1201970601601191,-0.6224750096081734,-0.9274745739175644,-0.4408825977298948
20.0,226.0,1000.9228515625,0.8244933528940794,0.1717593457825232,-2.3768181931737407,-0.0231454770949002,0.518855071084819,-0.571934593955575,0.1201970601601191,-0.6224752305254626,-0.9274745739175644,-0.4408825936849929
20.0,226.0,1000.9228515625,0.8244933528940769,0.1717593457825232,-2.3768181931737407,-0.0231454770855083,0.5188548722225405,-0.571934593955575,0.1201970601601191,-0.6224752948063276,-0.9274745739175644,-0.4408825952815947
20.0,226.0,1000.9228515625,0.8244933528940794,0.1717593457825232,-2.3768181931737407,-0.02314547708576,0.5188549956056944,-0.571934593955575,0.1201970601601191,-0.6224752737358081,-0.9274745739175644,-0.4408825970749195
20.0,226.0,1000.9228515625,0.8244933528940794,0.1717593457825232,-2.3768181913912985,-0.0231454770857481,0.518855071084819,-0.571934593955575,0.1201970601601191,-0.6224752305254626,-0.9274745739175644,-0.4408825976836819
20.0,226.0,1000.9228515625,0.8244933528940739,0.1717593457825232,-2.3768181931737407,-0.0231454770857601,0.5188549390173107,-0.571934593955575,0.1201970601601191,-0.6224745491760093,-0.9274745739175644,-0.440882595271642
20.0,226.0,1000.9228515625,0.8244933528940794,0.1717593457825232,-2.3768181931737407,-0.0231454770857481,0.5188550631229458,-0.571934593955575,0.1201970601601191,-0.6224752305254626,-0.9274745739175644,-0.4408825936849929
20.0,226.0,1000.9228515625,0.8244933528940794,0.1717593457825232,-2.376818192963925,-0.0231454770811601,0.518855071084819,-0.571934593955575,0.1201970601601191,-0.6224752733749308,-0.9274745739175644,-0.4408825936849929
20.0,226.0,1000.9228515625,0.8244933528940794,0.1717593457825232,-2.3768181931737407,-0.0231454770857481,0.518855071084819,-0.571934593955575,0.1201970601601191,-0.6224753292271257,-0.9274745739175644,-0.4408825936849929
20.0,226.0,1000.9228515625,0.8244933528940794,0.1717593457825232,-2.3768181931737407,-0.023145477085272,0.5188550686486088,-0.571934593955575,0.1201970601601191,-0.6224752311841399,-0.9274745739175644,-0.4408825970749195
20.0,226.0,1000.9228515625,0.8244933528940794,0.1717593457825232,-2.3768181931737407,-0.023145477085622,0.5188550651022683,-0.571934593955575,0.1201970601601191,-0.6224745911503293,-0.9274745739175644,-0.4408825936849929
20.0,226.0,1000.9228515625,0.8244933528940769,0.1717593457825232,-2.3768181931737407,-0.0231454770857547,0.5188548722225405,-0.571934593955575,0.1201970601601191,-0.6224752898194671,-0.9274745739175644,-0.4408825952819633
20.0,226.0,1000.9228515625,0.8244933528941869,0.1717593457825232,-2.3768181931737407,-0.0231454770845309,0.5188549390173107,-0.571934593955575,0.1201970601601191,-0.6224745491760093,-0.9274745739175644,-0.440882595271642
20.0,226.0,1000.9228515625,0.8244933528940794,0.1717593457825232,-2.3768181931737407,-0.0231454770857391,0.518855071084819,-0.571934593955575,0.1201970601601191,-0.6224753292271257,-0.9274745739175644,-0.440882595319649
20.0,226.0,1000.9228515625,0.8244933528940794,0.1717593457825232,-2.3768181930330443,-0.0231454770857481,0.518855071084819,-0.571934593955575,0.1201970601601191,-0.6224752733749308,-0.9274745739175644,-0.4408825936849929
20.0,226.0,1000.9228515625,0.8244933528940794,0.1717593457825232,-2.376818193061033,-0.0231454770857481,0.518855071084819,-0.571934593955575,0.1201970601601191,-0.6224754177054583,-0.9274745739175644,-0.4408825976836819
20.0,226.0,1000.9228515625,0.8244933528940739,0.1717593457825232,-2.3768181931737407,-0.0231454770857601,0.5188549390173107,-0.571934593955575,0.1201970601601191,-0.6224755737725376,-0.9274745739175644,-0.440882595271642
20.0,226.0,1000.9228515625,0.8244933528940794,0.1717593457825232,-2.3768181913912985,-0.0231454770968646,0.518855071084819,-0.571934593955575,0.1201970601601191,-0.6224752305254626,-0.9274745739175644,-0.4408825976836819
20.0,226.0,1000.9228515625,0.8244933528940739,0.1717593457825232,-2.3768181931737407,-0.0231454770855136,0.5188549783730564,-0.571934593955575,0.1201970601601191,-0.6224752103099741,-0.9274745739175644,-0.4408825952712734
20.0,226.0,1000.9228515625,0.8244933528940794,0.1717593457825232,-2.3768181931737407,-0.0231454770857481,0.518855071084819,-0.571934593955575,0.1201970601601191,-0.6224752305254626,-0.9274745739175644,-0.4408825936849929
20.0,226.0,1000.9228515625,0.8244933528940739,0.1717593457825232,-2.3768181931737407,-0.023145477085748,0.5188549783730564,-0.571934593955575,0.1201970601601191,-0.6224752063261246,-0.9274745739175644,-0.4408822358767253
20.0,226.0,1000.9228515625,0.8244933528940794,0.1717593457825232,-2.3768181931737407,-0.0231454773767155,0.5188550651022683,-0.571934593955575,0.1201970601601191,-0.6224745267222752,-0.9274745739175644,-0.4408825936849929
20.0,226.0,1000.9228515625,0.8244933528940794,0.1717593457825232,-2.3768181931737407,-0.02314547708576,0.5188549956056944,-0.571934593955575,0.1201970601601191,-0.6224752737358081,-0.9274745739175644,-0.4408825970749195
20.0,226.0,1000.9228515625,0.8244933528940739,0.1717593457825232,-2.3768181931737407,-0.0231454770857475,0.5188549390173107,-0.571934593955575,0.1201970601601191,-0.6224755795723167,-0.9274745739175644,-0.440882595271642
20.0,226.0,1000.9228515625,0.8244933528940794,0.1717593457825232,-2.3768181931737407,-0.0231454770857481,0.518855071084819,-0.571934593955575,0.1201970601601191,-0.6224752305254626,-0.9274745739175644,-0.4408825936849929
20.0,226.0,1000.9228515625,0.8244933528940794,0.1717593457825232,-2.3768181931737407,-0.0231454770857481,0.518855071084819,-0.571934593955575,0.1201970601601191,-0.6224752270133052,-0.9274745739175644,-0.4408825936849929
20.0,226.0,1000.9228515625,0.8244933528940794,0.1717593457825232,-2.3768181931737407,-0.0231454770857481,0.518855071084819,-0.571934593955575,0.1201970601601191,-0.6224752200468672,-0.9274745739175644,-0.4408825936849929
20.0,226.0,1000.9228515625,0.8244933528940794,0.1717593457825232,-2.3768181931737407,-0.0231454770857481,0.518855071084819,-0.571934593955575,0.1201970601601191,-0.6224752305254626,-0.9274745739175644,-0.4408825936849929
20.0,226.0,1000.9228515625,0.8244933528940794,0.1717593457825232,-2.3768181930330443,-0.0231454770857481,0.518855071084819,-0.571934593955575,0.1201970601601191,-0.6224752733749308,-0.9274745739175644,-0.4408825936849929
20.0,226.0,1000.9228515625,0.8244933528940794,0.1717593457825232,-2.37681819136488,-0.0231454774645114,0.5188550719914452,-0.571934593955575,0.1201970601601191,-0.6224750096081734,-0.9274745739175644,-0.4408825970711926
20.0,226.0,1000.9228515625,0.8244933528940794,0.1717593457825232,-2.3768181931737407,-0.0231454770857481,0.518855071084819,-0.571934593955575,0.1201970601601191,-0.6224752305254626,-0.9274745739175644,-0.4408825936849929
20.0,226.0,1000.9228515625,0.8244933528940794,0.1717593457825232,-2.3768181914227986,-0.0231454770857484,0.518855071084819,-0.571934593955575,0.1201970601601191,-0.6224755558012645,-0.9274745739175644,-0.4408825976836819
20.0,226.0,1000.9228515625,0.8244933528940794,0.1717593457825232,-2.3768181931737407,-0.0231454770857481,0.518855071084819,-0.571934593955575,0.1201970601601191,-0.6224752305254626,-0.9274745739175644,-0.4408825936849929
20.0,226.0,1000.9228515625,0.8244933528940739,0.1717593457825232,-2.3768181931737407,-0.0231454770855136,0.5188549783730564,-0.571934593955575,0.1201970601601191,-0.6224752103099741,-0.9274745739175644,-0.4408825952712734
20.0,226.0,1000.9228515625,0.8244933528940794,0.1717593457825232,-2.3768181930330443,-0.0231454770857481,0.518855071084819,-0.571934593955575,0.1201970601601191,-0.6224752733749308,-0.9274745739175644,-0.4408825936849929
20.0,226.0,1000.9228515625,0.8244933528940794,0.1717593457825232,-2.3768181931737407,-0.023145477085622,0.5188550651022683,-0.571934593955575,0.1201970601601191,-0.6224746016289248,-0.9274745739175644,-0.4408825936849929
20.0,226.0,1000.9228515625,0.8244933528940794,0.1717593457825232,-2.3768181931737407,-0.0231454770857481,0.518855071084819,-0.571934593955575,0.1201970601601191,-0.6224752305254626,-0.9274745739175644,-0.4408825936849929
20.0,226.0,1000.9228515625,0.8244933528941865,0.1717593457825232,-2.3768181931737407,-0.0231454770845309,0.5188549390173107,-0.571934593955575,0.1201970601601191,-0.6224745491760093,-0.9274745739175644,-0.440882595271642
20.0,226.0,1000.9228515625,0.8244933528940794,0.1717593457825232,-2.3768181941580337,-0.0231454774603887,0.518855071084819,-0.571934593955575,0.1201970601601191,-0.6224752305254626,-0.9274745739175644,-0.4408825936849929
20.0,226.0,1000.9228515625,0.8244933528940794,0.1717593457825232,-2.376818193162853,-0.023145477085272,0.5188551757530165,-0.571934593955575,0.1201970601601191,-0.6224752311841399,-0.9274745739175644,-0.4408825977336218
20.0,226.0,1000.9228515625,0.8244933528940739,0.1717593457825232,-2.376818193142241,-0.0231454770857598,0.5188549390173107,-0.571934593955575,0.1201970601601191,-0.6224752484967357,-0.9274745739175644,-0.440882595271642
20.0,227.0,1000.9228515625,0.8244933528940794,0.1717593457825232,-2.3768181931737407,-0.0231454770857481,0.518855071084819,-0.571934593955575,0.1201970601601191,-0.6224752305254626,-0.9274745739175644,-0.4408825936849929
20.0,227.0,1000.9228515625,0.8244933528940794,0.1717593457825232,-2.3768181941580337,-0.0231454774603887,0.518855071084819,-0.571934593955575,0.1201970601601191,-0.6224752305254626,-0.9274745739175644,-0.4408825936849929
20.0,227.0,1000.9228515625,0.8244933528940794,0.1717593457825232,-2.3768181930330443,-0.0231454770857481,0.518855071084819,-0.571934593955575,0.1201970601601191,-0.6224752733749308,-0.9274745739175644,-0.4408825936849929
20.0,227.0,1000.9228515625,0.8244933528940739,0.1717593457825232,-2.3768181931737407,-0.0231454770857601,0.5188549783730564,-0.571934593955575,0.1201970601601191,-0.6224752053231137,-0.9274745739175644,-0.440882595271642
20.0,227.0,1000.9228515625,0.8244933528940794,0.1717593457825232,-2.376818191353992,-0.0231454774599909,0.5188550210242336,-0.571934593955575,0.1201970601601191,-0.6224750096081734,-0.9274745739175644,-0.4408825939440672
20.0,227.0,1000.9228515625,0.8244933528940794,0.1717593457825232,-2.3768181931737407,-0.0231454770857481,0.518855071084819,-0.571934593955575,0.1201970601601191,-0.6224752305254626,-0.9274745739175644,-0.4408825936849929
20.0,227.0,1000.9228515625,0.8244933528940794,0.1717593457825232,-2.3768181931737407,-0.0231454770857481,0.518855071084819,-0.571934593955575,0.1201970601601191,-0.6224752305254626,-0.9274745739175644,-0.4408825936849929
20.0,227.0,1000.9228515625,0.8244933528940794,0.1717593457825232,-2.3768181931737407,-0.0231454770857481,0.518855071084819,-0.571934593955575,0.1201970601601191,-0.6224752305254626,-0.9274745739175644,-0.4408825936849929
20.0,227.0,1000.9228515625,0.8244933528940794,0.1717593457825232,-2.3768181931737407,-0.0231454770967385,0.5188550651022683,-0.571934593955575,0.1201970601601191,-0.6224745911503293,-0.9274745739175644,-0.4408825936849929
20.0,227.0,1000.9228515625,0.8244933528940794,0.1717593457825232,-2.376818191353992,-0.0231454774645114,0.518855179095853,-0.571934593955575,0.1201970601601191,-0.6224750096081734,-0.9274745739175644,-0.4408825977298948
20.0,227.0,1000.9228515625,0.8244933528940794,0.1717593457825232,-2.3768181931737407,-0.0231454770949002,0.518855071084819,-0.571934593955575,0.1201970601601191,-0.6224752305254626,-0.9274745739175644,-0.4408825936849929
20.0,227.0,1000.9228515625,0.8244933528940769,0.1717593457825232,-2.3768181931737407,-0.0231454770855083,0.5188548722225405,-0.571934593955575,0.1201970601601191,-0.6224752948063276,-0.9274745739175644,-0.4408825952815947
20.0,227.0,1000.9228515625,0.8244933528940794,0.1717593457825232,-2.3768181931737407,-0.02314547708576,0.5188549956056944,-0.571934593955575,0.1201970601601191,-0.6224752737358081,-0.9274745739175644,-0.4408825970749195
20.0,227.0,1000.9228515625,0.8244933528940794,0.1717593457825232,-2.3768181913912985,-0.0231454770857481,0.518855071084819,-0.571934593955575,0.1201970601601191,-0.6224752305254626,-0.9274745739175644,-0.4408825976836819
20.0,227.0,1000.9228515625,0.8244933528940739,0.1717593457825232,-2.3768181931737407,-0.0231454770857601,0.5188549390173107,-0.571934593955575,0.1201970601601191,-0.6224745491760093,-0.9274745739175644,-0.440882595271642
20.0,227.0,1000.9228515625,0.8244933528940794,0.1717593457825232,-2.3768181931737407,-0.0231454770857481,0.5188550631229458,-0.571934593955575,0.1201970601601191,-0.6224752305254626,-0.9274745739175644,-0.4408825936849929
20.0,227.0,1000.9228515625,0.8244933528940794,0.1717593457825232,-2.376818192963925,-0.0231454770811601,0.518855071084819,-0.571934593955575,0.1201970601601191,-0.6224752733749308,-0.9274745739175644,-0.4408825936849929
20.0,227.0,1000.9228515625,0.8244933528940794,0.1717593457825232,-2.3768181931737407,-0.0231454770857481,0.518855071084819,-0.571934593955575,0.1201970601601191,-0.6224753292271257,-0.9274745739175644,-0.4408825936849929
20.0,227.0,1000.9228515625,0.8244933528940794,0.1717593457825232,-2.3768181931737407,-0.023145477085272,0.5188550686486088,-0.571934593955575,0.1201970601601191,-0.6224752311841399,-0.9274745739175644,-0.4408825970749195
20.0,227.0,1000.9228515625,0.8244933528940794,0.1717593457825232,-2.3768181931737407,-0.023145477085622,0.5188550651022683,-0.571934593955575,0.1201970601601191,-0.6224745911503293,-0.9274745739175644,-0.4408825936849929
20.0,227.0,1000.9228515625,0.8244933528940769,0.1717593457825232,-2.3768181931737407,-0.0231454770857547,0.5188548722225405,-0.571934593955575,0.1201970601601191,-0.6224752898194671,-0.9274745739175644,-0.4408825952819633
20.0,227.0,1000.9228515625,0.8244933528941869,0.1717593457825232,-2.3768181931737407,-0.0231454770845309,0.5188549390173107,-0.571934593955575,0.1201970601601191,-0.6224745491760093,-0.9274745739175644,-0.440882595271642
20.0,227.0,1000.9228515625,0.8244933528940794,0.1717593457825232,-2.3768181931737407,-0.0231454770857391,0.518855071084819,-0.571934593955575,0.1201970601601191,-0.6224753292271257,-0.9274745739175644,-0.440882595319649
20.0,227.0,1000.9228515625,0.8244933528940794,0.1717593457825232,-2.3768181930330443,-0.0231454770857481,0.518855071084819,-0.571934593955575,0.1201970601601191,-0.6224752733749308,-0.9274745739175644,-0.4408825936849929
20.0,227.0,1000.9228515625,0.8244933528940794,0.1717593457825232,-2.376818193061033,-0.0231454770857481,0.518855071084819,-0.571934593955575,0.1201970601601191,-0.6224754177054583,-0.9274745739175644,-0.4408825976836819
20.0,227.0,1000.9228515625,0.8244933528940739,0.1717593457825232,-2.3768181931737407,-0.0231454770857601,0.5188549390173107,-0.571934593955575,0.1201970601601191,-0.6224755737725376,-0.9274745739175644,-0.440882595271642
20.0,227.0,1000.9228515625,0.8244933528940794,0.1717593457825232,-2.3768181913912985,-0.0231454770968646,0.518855071084819,-0.571934593955575,0.1201970601601191,-0.6224752305254626,-0.9274745739175644,-0.4408825976836819
20.0,227.0,1000.9228515625,0.8244933528940739,0.1717593457825232,-2.3768181931737407,-0.0231454770855136,0.5188549783730564,-0.571934593955575,0.1201970601601191,-0.6224752103099741,-0.9274745739175644,-0.4408825952712734
20.0,227.0,1000.9228515625,0.8244933528940794,0.1717593457825232,-2.3768181931737407,-0.0231454770857481,0.518855071084819,-0.571934593955575,0.1201970601601191,-0.6224752305254626,-0.9274745739175644,-0.4408825936849929
20.0,227.0,1000.9228515625,0.8244933528940739,0.1717593457825232,-2.3768181931737407,-0.023145477085748,0.5188549783730564,-0.571934593955575,0.1201970601601191,-0.6224752063261246,-0.9274745739175644,-0.4408822358767253
20.0,227.0,1000.9228515625,0.8244933528940794,0.1717593457825232,-2.3768181931737407,-0.0231454773767155,0.5188550651022683,-0.571934593955575,0.1201970601601191,-0.6224745267222752,-0.9274745739175644,-0.4408825936849929
20.0,227.0,1000.9228515625,0.8244933528940794,0.1717593457825232,-2.3768181931737407,-0.02314547708576,0.5188549956056944,-0.571934593955575,0.1201970601601191,-0.6224752737358081,-0.9274745739175644,-0.4408825970749195
20.0,227.0,1000.9228515625,0.8244933528940739,0.1717593457825232,-2.3768181931737407,-0.0231454770857475,0.5188549390173107,-0.571934593955575,0.1201970601601191,-0.6224755795723167,-0.9274745739175644,-0.440882595271642
20.0,227.0,1000.9228515625,0.8244933528940794,0.1717593457825232,-2.3768181931737407,-0.0231454770857481,0.518855071084819,-0.571934593955575,0.1201970601601191,-0.6224752305254626,-0.9274745739175644,-0.4408825936849929
20.0,227.0,1000.9228515625,0.8244933528940794,0.1717593457825232,-2.3768181931737407,-0.0231454770857481,0.518855071084819,-0.571934593955575,0.1201970601601191,-0.6224752270133052,-0.9274745739175644,-0.4408825936849929
20.0,227.0,1000.9228515625,0.8244933528940794,0.1717593457825232,-2.3768181931737407,-0.0231454770857481,0.518855071084819,-0.571934593955575,0.1201970601601191,-0.6224752200468672,-0.9274745739175644,-0.4408825936849929
20.0,227.0,1000.9228515625,0.8244933528940794,0.1717593457825232,-2.3768181931737407,-0.0231454770857481,0.518855071084819,-0.571934593955575,0.1201970601601191,-0.6224752305254626,-0.9274745739175644,-0.4408825936849929
20.0,227.0,1000.9228515625,0.8244933528940794,0.1717593457825232,-2.3768181930330443,-0.0231454770857481,0.518855071084819,-0.571934593955575,0.1201970601601191,-0.6224752733749308,-0.9274745739175644,-0.4408825936849929
20.0,227.0,1000.9228515625,0.8244933528940794,0.1717593457825232,-2.37681819136488,-0.0231454774645114,0.5188550719914452,-0.571934593955575,0.1201970601601191,-0.6224750096081734,-0.9274745739175644,-0.4408825970711926
20.0,227.0,1000.9228515625,0.8244933528940794,0.1717593457825232,-2.3768181931737407,-0.0231454770857481,0.518855071084819,-0.571934593955575,0.1201970601601191,-0.6224752305254626,-0.9274745739175644,-0.4408825936849929
20.0,227.0,1000.9228515625,0.8244933528940794,0.1717593457825232,-2.3768181914227986,-0.0231454770857484,0.518855071084819,-0.571934593955575,0.1201970601601191,-0.6224755558012645,-0.9274745739175644,-0.4408825976836819
20.0,227.0,1000.9228515625,0.8244933528940794,0.1717593457825232,-2.3768181931737407,-0.0231454770857481,0.518855071084819,-0.571934593955575,0.1201970601601191,-0.6224752305254626,-0.9274745739175644,-0.4408825936849929
20.0,227.0,1000.9228515625,0.8244933528940739,0.1717593457825232,-2.3768181931737407,-0.0231454770855136,0.5188549783730564,-0.571934593955575,0.1201970601601191,-0.6224752103099741,-0.9274745739175644,-0.4408825952712734
20.0,227.0,1000.9228515625,0.8244933528940794,0.1717593457825232,-2.3768181930330443,-0.0231454770857481,0.518855071084819,-0.571934593955575,0.1201970601601191,-0.6224752733749308,-0.9274745739175644,-0.4408825936849929
20.0,227.0,1000.9228515625,0.8244933528940794,0.1717593457825232,-2.3768181931737407,-0.023145477085622,0.5188550651022683,-0.571934593955575,0.1201970601601191,-0.6224746016289248,-0.9274745739175644,-0.4408825936849929
20.0,227.0,1000.9228515625,0.8244933528940794,0.1717593457825232,-2.3768181931737407,-0.0231454770857481,0.518855071084819,-0.571934593955575,0.1201970601601191,-0.6224752305254626,-0.9274745739175644,-0.4408825936849929
20.0,227.0,1000.9228515625,0.8244933528941865,0.1717593457825232,-2.3768181931737407,-0.0231454770845309,0.5188549390173107,-0.571934593955575,0.1201970601601191,-0.6224745491760093,-0.9274745739175644,-0.440882595271642
20.0,227.0,1000.9228515625,0.8244933528940794,0.1717593457825232,-2.3768181941580337,-0.0231454774603887,0.518855071084819,-0.571934593955575,0.1201970601601191,-0.6224752305254626,-0.9274745739175644,-0.4408825936849929
20.0,227.0,1000.9228515625,0.8244933528940794,0.1717593457825232,-2.376818193162853,-0.023145477085272,0.5188551757530165,-0.571934593955575,0.1201970601601191,-0.6224752311841399,-0.9274745739175644,-0.4408825977336218
20.0,227.0,1000.9228515625,0.8244933528940739,0.1717593457825232,-2.376818193142241,-0.0231454770857598,0.5188549390173107,-0.571934593955575,0.1201970601601191,-0.6224752484967357,-0.9274745739175644,-0.440882595271642
20.0,228.0,1000.9228515625,0.8244933528940794,0.1717593457825232,-2.3768181931737407,-0.0231454770857481,0.518855071084819,-0.571934593955575,0.1201970601601191,-0.6224752305254626,-0.9274745739175644,-0.4408825936849929
20.0,228.0,1000.9228515625,0.8244933528940794,0.1717593457825232,-2.3768181941580337,-0.0231454774603887,0.518855071084819,-0.571934593955575,0.1201970601601191,-0.6224752305254626,-0.9274745739175644,-0.4408825936849929
20.0,228.0,1000.9228515625,0.8244933528940794,0.1717593457825232,-2.3768181930330443,-0.0231454770857481,0.518855071084819,-0.571934593955575,0.1201970601601191,-0.6224752733749308,-0.9274745739175644,-0.4408825936849929
20.0,228.0,1000.9228515625,0.8244933528940739,0.1717593457825232,-2.3768181931737407,-0.0231454770857601,0.5188549783730564,-0.571934593955575,0.1201970601601191,-0.6224752053231137,-0.9274745739175644,-0.440882595271642
20.0,228.0,1000.9228515625,0.8244933528940794,0.1717593457825232,-2.376818191353992,-0.0231454774599909,0.5188550210242336,-0.571934593955575,0.1201970601601191,-0.6224750096081734,-0.9274745739175644,-0.4408825939440672
20.0,228.0,1000.9228515625,0.8244933528940794,0.1717593457825232,-2.3768181931737407,-0.0231454770857481,0.518855071084819,-0.571934593955575,0.1201970601601191,-0.6224752305254626,-0.9274745739175644,-0.4408825936849929
20.0,228.0,1000.9228515625,0.8244933528940794,0.1717593457825232,-2.3768181931737407,-0.0231454770857481,0.518855071084819,-0.571934593955575,0.1201970601601191,-0.6224752305254626,-0.9274745739175644,-0.4408825936849929
20.0,228.0,1000.9228515625,0.8244933528940794,0.1717593457825232,-2.3768181931737407,-0.0231454770857481,0.518855071084819,-0.571934593955575,0.1201970601601191,-0.6224752305254626,-0.9274745739175644,-0.4408825936849929
20.0,228.0,1000.9228515625,0.8244933528940794,0.1717593457825232,-2.3768181931737407,-0.0231454770967385,0.5188550651022683,-0.571934593955575,0.1201970601601191,-0.6224745911503293,-0.9274745739175644,-0.4408825936849929
20.0,228.0,1000.9228515625,0.8244933528940794,0.1717593457825232,-2.376818191353992,-0.0231454774645114,0.518855179095853,-0.571934593955575,0.1201970601601191,-0.6224750096081734,-0.9274745739175644,-0.4408825977298948
20.0,228.0,1000.9228515625,0.8244933528940794,0.1717593457825232,-2.3768181931737407,-0.0231454770949002,0.518855071084819,-0.571934593955575,0.1201970601601191,-0.6224752305254626,-0.9274745739175644,-0.4408825936849929
20.0,228.0,1000.9228515625,0.8244933528940769,0.1717593457825232,-2.3768181931737407,-0.0231454770855083,0.5188548722225405,-0.571934593955575,0.1201970601601191,-0.6224752948063276,-0.9274745739175644,-0.4408825952815947
20.0,228.0,1000.9228515625,0.8244933528940794,0.1717593457825232,-2.3768181931737407,-0.02314547708576,0.5188549956056944,-0.571934593955575,0.1201970601601191,-0.6224752737358081,-0.9274745739175644,-0.4408825970749195
20.0,228.0,1000.9228515625,0.8244933528940794,0.1717593457825232,-2.3768181913912985,-0.0231454770857481,0.518855071084819,-0.571934593955575,0.1201970601601191,-0.6224752305254626,-0.9274745739175644,-0.4408825976836819
20.0,228.0,1000.9228515625,0.8244933528940739,0.1717593457825232,-2.3768181931737407,-0.0231454770857601,0.5188549390173107,-0.571934593955575,0.1201970601601191,-0.6224745491760093,-0.9274745739175644,-0.440882595271642
20.0,228.0,1000.9228515625,0.8244933528940794,0.1717593457825232,-2.3768181931737407,-0.0231454770857481,0.5188550631229458,-0.571934593955575,0.1201970601601191,-0.6224752305254626,-0.9274745739175644,-0.4408825936849929
20.0,228.0,1000.9228515625,0.8244933528940794,0.1717593457825232,-2.376818192963925,-0.0231454770811601,0.518855071084819,-0.571934593955575,0.1201970601601191,-0.6224752733749308,-0.9274745739175644,-0.4408825936849929
20.0,228.0,1000.9228515625,0.8244933528940794,0.1717593457825232,-2.3768181931737407,-0.0231454770857481,0.518855071084819,-0.571934593955575,0.1201970601601191,-0.6224753292271257,-0.9274745739175644,-0.4408825936849929
20.0,228.0,1000.9228515625,0.8244933528940794,0.1717593457825232,-2.3768181931737407,-0.023145477085272,0.5188550686486088,-0.571934593955575,0.1201970601601191,-0.6224752311841399,-0.9274745739175644,-0.4408825970749195
20.0,228.0,1000.9228515625,0.8244933528940794,0.1717593457825232,-2.3768181931737407,-0.023145477085622,0.5188550651022683,-0.571934593955575,0.1201970601601191,-0.6224745911503293,-0.9274745739175644,-0.4408825936849929
20.0,228.0,1000.9228515625,0.8244933528940769,0.1717593457825232,-2.3768181931737407,-0.0231454770857547,0.5188548722225405,-0.571934593955575,0.1201970601601191,-0.6224752898194671,-0.9274745739175644,-0.4408825952819633
20.0,228.0,1000.9228515625,0.8244933528941869,0.1717593457825232,-2.3768181931737407,-0.0231454770845309,0.5188549390173107,-0.571934593955575,0.1201970601601191,-0.6224745491760093,-0.9274745739175644,-0.440882595271642
20.0,228.0,1000.9228515625,0.8244933528940794,0.1717593457825232,-2.3768181931737407,-0.0231454770857391,0.518855071084819,-0.571934593955575,0.1201970601601191,-0.6224753292271257,-0.9274745739175644,-0.440882595319649
20.0,228.0,1000.9228515625,0.8244933528940794,0.1717593457825232,-2.3768181930330443,-0.0231454770857481,0.518855071084819,-0.571934593955575,0.1201970601601191,-0.6224752733749308,-0.9274745739175644,-0.4408825936849929
20.0,228.0,1000.9228515625,0.8244933528940794,0.1717593457825232,-2.376818193061033,-0.0231454770857481,0.518855071084819,-0.571934593955575,0.1201970601601191,-0.6224754177054583,-0.9274745739175644,-0.4408825976836819
20.0,228.0,1000.9228515625,0.8244933528940739,0.1717593457825232,-2.3768181931737407,-0.0231454770857601,0.5188549390173107,-0.571934593955575,0.1201970601601191,-0.6224755737725376,-0.9274745739175644,-0.440882595271642
20.0,228.0,1000.9228515625,0.8244933528940794,0.1717593457825232,-2.3768181913912985,-0.0231454770968646,0.518855071084819,-0.571934593955575,0.1201970601601191,-0.6224752305254626,-0.9274745739175644,-0.4408825976836819
20.0,228.0,1000.9228515625,0.8244933528940739,0.1717593457825232,-2.3768181931737407,-0.0231454770855136,0.5188549783730564,-0.571934593955575,0.1201970601601191,-0.6224752103099741,-0.9274745739175644,-0.4408825952712734
20.0,228.0,1000.9228515625,0.8244933528940794,0.1717593457825232,-2.3768181931737407,-0.0231454770857481,0.518855071084819,-0.571934593955575,0.1201970601601191,-0.6224752305254626,-0.9274745739175644,-0.4408825936849929
20.0,228.0,1000.9228515625,0.8244933528940739,0.1717593457825232,-2.3768181931737407,-0.023145477085748,0.5188549783730564,-0.571934593955575,0.1201970601601191,-0.6224752063261246,-0.9274745739175644,-0.4408822358767253
20.0,228.0,1000.9228515625,0.8244933528940794,0.1717593457825232,-2.3768181931737407,-0.0231454773767155,0.5188550651022683,-0.571934593955575,0.1201970601601191,-0.6224745267222752,-0.9274745739175644,-0.4408825936849929
20.0,228.0,1000.9228515625,0.8244933528940794,0.1717593457825232,-2.3768181931737407,-0.02314547708576,0.5188549956056944,-0.571934593955575,0.1201970601601191,-0.6224752737358081,-0.9274745739175644,-0.4408825970749195
20.0,228.0,1000.9228515625,0.8244933528940739,0.1717593457825232,-2.3768181931737407,-0.0231454770857475,0.5188549390173107,-0.571934593955575,0.1201970601601191,-0.6224755795723167,-0.9274745739175644,-0.440882595271642
20.0,228.0,1000.9228515625,0.8244933528940794,0.1717593457825232,-2.3768181931737407,-0.0231454770857481,0.518855071084819,-0.571934593955575,0.1201970601601191,-0.6224752305254626,-0.9274745739175644,-0.4408825936849929
20.0,228.0,1000.9228515625,0.8244933528940794,0.1717593457825232,-2.3768181931737407,-0.0231454770857481,0.518855071084819,-0.571934593955575,0.1201970601601191,-0.6224752270133052,-0.9274745739175644,-0.4408825936849929
20.0,228.0,1000.9228515625,0.8244933528940794,0.1717593457825232,-2.3768181931737407,-0.0231454770857481,0.518855071084819,-0.571934593955575,0.1201970601601191,-0.6224752200468672,-0.9274745739175644,-0.4408825936849929
20.0,228.0,1000.9228515625,0.8244933528940794,0.1717593457825232,-2.3768181931737407,-0.0231454770857481,0.518855071084819,-0.571934593955575,0.1201970601601191,-0.6224752305254626,-0.9274745739175644,-0.4408825936849929
20.0,228.0,1000.9228515625,0.8244933528940794,0.1717593457825232,-2.3768181930330443,-0.0231454770857481,0.518855071084819,-0.571934593955575,0.1201970601601191,-0.6224752733749308,-0.9274745739175644,-0.4408825936849929
20.0,228.0,1000.9228515625,0.8244933528940794,0.1717593457825232,-2.37681819136488,-0.0231454774645114,0.5188550719914452,-0.571934593955575,0.1201970601601191,-0.6224750096081734,-0.9274745739175644,-0.4408825970711926
20.0,228.0,1000.9228515625,0.8244933528940794,0.1717593457825232,-2.3768181931737407,-0.0231454770857481,0.518855071084819,-0.571934593955575,0.1201970601601191,-0.6224752305254626,-0.9274745739175644,-0.4408825936849929
20.0,228.0,1000.9228515625,0.8244933528940794,0.1717593457825232,-2.3768181914227986,-0.0231454770857484,0.518855071084819,-0.571934593955575,0.1201970601601191,-0.6224755558012645,-0.9274745739175644,-0.4408825976836819
20.0,228.0,1000.9228515625,0.8244933528940794,0.1717593457825232,-2.3768181931737407,-0.0231454770857481,0.518855071084819,-0.571934593955575,0.1201970601601191,-0.6224752305254626,-0.9274745739175644,-0.4408825936849929
20.0,228.0,1000.9228515625,0.8244933528940739,0.1717593457825232,-2.3768181931737407,-0.0231454770855136,0.5188549783730564,-0.571934593955575,0.1201970601601191,-0.6224752103099741,-0.9274745739175644,-0.4408825952712734
20.0,228.0,1000.9228515625,0.8244933528940794,0.1717593457825232,-2.3768181930330443,-0.0231454770857481,0.518855071084819,-0.571934593955575,0.1201970601601191,-0.6224752733749308,-0.9274745739175644,-0.4408825936849929
20.0,228.0,1000.9228515625,0.8244933528940794,0.1717593457825232,-2.3768181931737407,-0.023145477085622,0.5188550651022683,-0.571934593955575,0.1201970601601191,-0.6224746016289248,-0.9274745739175644,-0.4408825936849929
20.0,228.0,1000.9228515625,0.8244933528940794,0.1717593457825232,-2.3768181931737407,-0.0231454770857481,0.518855071084819,-0.571934593955575,0.1201970601601191,-0.6224752305254626,-0.9274745739175644,-0.4408825936849929
20.0,228.0,1000.9228515625,0.8244933528941865,0.1717593457825232,-2.3768181931737407,-0.0231454770845309,0.5188549390173107,-0.571934593955575,0.1201970601601191,-0.6224745491760093,-0.9274745739175644,-0.440882595271642
20.0,228.0,1000.9228515625,0.8244933528940794,0.1717593457825232,-2.3768181941580337,-0.0231454774603887,0.518855071084819,-0.571934593955575,0.1201970601601191,-0.6224752305254626,-0.9274745739175644,-0.4408825936849929
20.0,228.0,1000.9228515625,0.8244933528940794,0.1717593457825232,-2.376818193162853,-0.023145477085272,0.5188551757530165,-0.571934593955575,0.1201970601601191,-0.6224752311841399,-0.9274745739175644,-0.4408825977336218
20.0,228.0,1000.9228515625,0.8244933528940739,0.1717593457825232,-2.376818193142241,-0.0231454770857598,0.5188549390173107,-0.571934593955575,0.1201970601601191,-0.6224752484967357,-0.9274745739175644,-0.440882595271642
20.0,229.0,1000.9228515625,0.8244933528940794,0.1717593457825232,-2.3768181931737407,-0.0231454770857481,0.518855071084819,-0.571934593955575,0.1201970601601191,-0.6224752305254626,-0.9274745739175644,-0.4408825936849929
20.0,229.0,1000.9228515625,0.8244933528940794,0.1717593457825232,-2.3768181941580337,-0.0231454774603887,0.518855071084819,-0.571934593955575,0.1201970601601191,-0.6224752305254626,-0.9274745739175644,-0.4408825936849929
20.0,229.0,1000.9228515625,0.8244933528940794,0.1717593457825232,-2.3768181930330443,-0.0231454770857481,0.518855071084819,-0.571934593955575,0.1201970601601191,-0.6224752733749308,-0.9274745739175644,-0.4408825936849929
20.0,229.0,1000.9228515625,0.8244933528940739,0.1717593457825232,-2.3768181931737407,-0.0231454770857601,0.5188549783730564,-0.571934593955575,0.1201970601601191,-0.6224752053231137,-0.9274745739175644,-0.440882595271642
20.0,229.0,1000.9228515625,0.8244933528940794,0.1717593457825232,-2.376818191353992,-0.0231454774599909,0.5188550210242336,-0.571934593955575,0.1201970601601191,-0.6224750096081734,-0.9274745739175644,-0.4408825939440672
20.0,229.0,1000.9228515625,0.8244933528940794,0.1717593457825232,-2.3768181931737407,-0.0231454770857481,0.518855071084819,-0.571934593955575,0.1201970601601191,-0.6224752305254626,-0.9274745739175644,-0.4408825936849929
20.0,229.0,1000.9228515625,0.8244933528940794,0.1717593457825232,-2.3768181931737407,-0.0231454770857481,0.518855071084819,-0.571934593955575,0.1201970601601191,-0.6224752305254626,-0.9274745739175644,-0.4408825936849929
20.0,229.0,1000.9228515625,0.8244933528940794,0.1717593457825232,-2.3768181931737407,-0.0231454770857481,0.518855071084819,-0.571934593955575,0.1201970601601191,-0.6224752305254626,-0.9274745739175644,-0.4408825936849929
20.0,229.0,1000.9228515625,0.8244933528940794,0.1717593457825232,-2.3768181931737407,-0.0231454770967385,0.5188550651022683,-0.571934593955575,0.1201970601601191,-0.6224745911503293,-0.9274745739175644,-0.4408825936849929
20.0,229.0,1000.9228515625,0.8244933528940794,0.1717593457825232,-2.376818191353992,-0.0231454774645114,0.518855179095853,-0.571934593955575,0.1201970601601191,-0.6224750096081734,-0.9274745739175644,-0.4408825977298948
20.0,229.0,1000.9228515625,0.8244933528940794,0.1717593457825232,-2.3768181931737407,-0.0231454770949002,0.518855071084819,-0.571934593955575,0.1201970601601191,-0.6224752305254626,-0.9274745739175644,-0.4408825936849929
20.0,229.0,1000.9228515625,0.8244933528940769,0.1717593457825232,-2.3768181931737407,-0.0231454770855083,0.5188548722225405,-0.571934593955575,0.1201970601601191,-0.6224752948063276,-0.9274745739175644,-0.4408825952815947
20.0,229.0,1000.9228515625,0.8244933528940794,0.1717593457825232,-2.3768181931737407,-0.02314547708576,0.5188549956056944,-0.571934593955575,0.1201970601601191,-0.6224752737358081,-0.9274745739175644,-0.4408825970749195
20.0,229.0,1000.9228515625,0.8244933528940794,0.1717593457825232,-2.3768181913912985,-0.0231454770857481,0.518855071084819,-0.571934593955575,0.1201970601601191,-0.6224752305254626,-0.9274745739175644,-0.4408825976836819
20.0,229.0,1000.9228515625,0.8244933528940739,0.1717593457825232,-2.3768181931737407,-0.0231454770857601,0.5188549390173107,-0.571934593955575,0.1201970601601191,-0.6224745491760093,-0.9274745739175644,-0.440882595271642
20.0,229.0,1000.9228515625,0.8244933528940794,0.1717593457825232,-2.3768181931737407,-0.0231454770857481,0.5188550631229458,-0.571934593955575,0.1201970601601191,-0.6224752305254626,-0.9274745739175644,-0.4408825936849929
20.0,229.0,1000.9228515625,0.8244933528940794,0.1717593457825232,-2.376818192963925,-0.0231454770811601,0.518855071084819,-0.571934593955575,0.1201970601601191,-0.6224752733749308,-0.9274745739175644,-0.4408825936849929
20.0,229.0,1000.9228515625,0.8244933528940794,0.1717593457825232,-2.3768181931737407,-0.0231454770857481,0.518855071084819,-0.571934593955575,0.1201970601601191,-0.6224753292271257,-0.9274745739175644,-0.4408825936849929
20.0,229.0,1000.9228515625,0.8244933528940794,0.1717593457825232,-2.3768181931737407,-0.023145477085272,0.5188550686486088,-0.571934593955575,0.1201970601601191,-0.6224752311841399,-0.9274745739175644,-0.4408825970749195
20.0,229.0,1000.9228515625,0.8244933528940794,0.1717593457825232,-2.3768181931737407,-0.023145477085622,0.5188550651022683,-0.571934593955575,0.1201970601601191,-0.6224745911503293,-0.9274745739175644,-0.4408825936849929
20.0,229.0,1000.9228515625,0.8244933528940769,0.1717593457825232,-2.3768181931737407,-0.0231454770857547,0.5188548722225405,-0.571934593955575,0.1201970601601191,-0.6224752898194671,-0.9274745739175644,-0.4408825952819633
20.0,229.0,1000.9228515625,0.8244933528941869,0.1717593457825232,-2.3768181931737407,-0.0231454770845309,0.5188549390173107,-0.571934593955575,0.1201970601601191,-0.6224745491760093,-0.9274745739175644,-0.440882595271642
20.0,229.0,1000.9228515625,0.8244933528940794,0.1717593457825232,-2.3768181931737407,-0.0231454770857391,0.518855071084819,-0.571934593955575,0.1201970601601191,-0.6224753292271257,-0.9274745739175644,-0.440882595319649
20.0,229.0,1000.9228515625,0.8244933528940794,0.1717593457825232,-2.3768181930330443,-0.0231454770857481,0.518855071084819,-0.571934593955575,0.1201970601601191,-0.6224752733749308,-0.9274745739175644,-0.4408825936849929
20.0,229.0,1000.9228515625,0.8244933528940794,0.1717593457825232,-2.376818193061033,-0.0231454770857481,0.518855071084819,-0.571934593955575,0.1201970601601191,-0.6224754177054583,-0.9274745739175644,-0.4408825976836819
20.0,229.0,1000.9228515625,0.8244933528940739,0.1717593457825232,-2.3768181931737407,-0.0231454770857601,0.5188549390173107,-0.571934593955575,0.1201970601601191,-0.6224755737725376,-0.9274745739175644,-0.440882595271642
20.0,229.0,1000.9228515625,0.8244933528940794,0.1717593457825232,-2.3768181913912985,-0.0231454770968646,0.518855071084819,-0.571934593955575,0.1201970601601191,-0.6224752305254626,-0.9274745739175644,-0.4408825976836819
20.0,229.0,1000.9228515625,0.8244933528940739,0.1717593457825232,-2.3768181931737407,-0.0231454770855136,0.5188549783730564,-0.571934593955575,0.1201970601601191,-0.6224752103099741,-0.9274745739175644,-0.4408825952712734
20.0,229.0,1000.9228515625,0.8244933528940794,0.1717593457825232,-2.3768181931737407,-0.0231454770857481,0.518855071084819,-0.571934593955575,0.1201970601601191,-0.6224752305254626,-0.9274745739175644,-0.4408825936849929
20.0,229.0,1000.9228515625,0.8244933528940739,0.1717593457825232,-2.3768181931737407,-0.023145477085748,0.5188549783730564,-0.571934593955575,0.1201970601601191,-0.6224752063261246,-0.9274745739175644,-0.4408822358767253
20.0,229.0,1000.9228515625,0.8244933528940794,0.1717593457825232,-2.3768181931737407,-0.0231454773767155,0.5188550651022683,-0.571934593955575,0.1201970601601191,-0.6224745267222752,-0.9274745739175644,-0.4408825936849929
20.0,229.0,1000.9228515625,0.8244933528940794,0.1717593457825232,-2.3768181931737407,-0.02314547708576,0.5188549956056944,-0.571934593955575,0.1201970601601191,-0.6224752737358081,-0.9274745739175644,-0.4408825970749195
20.0,229.0,1000.9228515625,0.8244933528940739,0.1717593457825232,-2.3768181931737407,-0.0231454770857475,0.5188549390173107,-0.571934593955575,0.1201970601601191,-0.6224755795723167,-0.9274745739175644,-0.440882595271642
20.0,229.0,1000.9228515625,0.8244933528940794,0.1717593457825232,-2.3768181931737407,-0.0231454770857481,0.518855071084819,-0.571934593955575,0.1201970601601191,-0.6224752305254626,-0.9274745739175644,-0.4408825936849929
20.0,229.0,1000.9228515625,0.8244933528940794,0.1717593457825232,-2.3768181931737407,-0.0231454770857481,0.518855071084819,-0.571934593955575,0.1201970601601191,-0.6224752270133052,-0.9274745739175644,-0.4408825936849929
20.0,229.0,1000.9228515625,0.8244933528940794,0.1717593457825232,-2.3768181931737407,-0.0231454770857481,0.518855071084819,-0.571934593955575,0.1201970601601191,-0.6224752200468672,-0.9274745739175644,-0.4408825936849929
20.0,229.0,1000.9228515625,0.8244933528940794,0.1717593457825232,-2.3768181931737407,-0.0231454770857481,0.518855071084819,-0.571934593955575,0.1201970601601191,-0.6224752305254626,-0.9274745739175644,-0.4408825936849929
20.0,229.0,1000.9228515625,0.8244933528940794,0.1717593457825232,-2.3768181930330443,-0.0231454770857481,0.518855071084819,-0.571934593955575,0.1201970601601191,-0.6224752733749308,-0.9274745739175644,-0.4408825936849929
20.0,229.0,1000.9228515625,0.8244933528940794,0.1717593457825232,-2.37681819136488,-0.0231454774645114,0.5188550719914452,-0.571934593955575,0.1201970601601191,-0.6224750096081734,-0.9274745739175644,-0.4408825970711926
20.0,229.0,1000.9228515625,0.8244933528940794,0.1717593457825232,-2.3768181931737407,-0.0231454770857481,0.518855071084819,-0.571934593955575,0.1201970601601191,-0.6224752305254626,-0.9274745739175644,-0.4408825936849929
20.0,229.0,1000.9228515625,0.8244933528940794,0.1717593457825232,-2.3768181914227986,-0.0231454770857484,0.518855071084819,-0.571934593955575,0.1201970601601191,-0.6224755558012645,-0.9274745739175644,-0.4408825976836819
20.0,229.0,1000.9228515625,0.8244933528940794,0.1717593457825232,-2.3768181931737407,-0.0231454770857481,0.518855071084819,-0.571934593955575,0.1201970601601191,-0.6224752305254626,-0.9274745739175644,-0.4408825936849929
20.0,229.0,1000.9228515625,0.8244933528940739,0.1717593457825232,-2.3768181931737407,-0.0231454770855136,0.5188549783730564,-0.571934593955575,0.1201970601601191,-0.6224752103099741,-0.9274745739175644,-0.4408825952712734
20.0,229.0,1000.9228515625,0.8244933528940794,0.1717593457825232,-2.3768181930330443,-0.0231454770857481,0.518855071084819,-0.571934593955575,0.1201970601601191,-0.6224752733749308,-0.9274745739175644,-0.4408825936849929
20.0,229.0,1000.9228515625,0.8244933528940794,0.1717593457825232,-2.3768181931737407,-0.023145477085622,0.5188550651022683,-0.571934593955575,0.1201970601601191,-0.6224746016289248,-0.9274745739175644,-0.4408825936849929
20.0,229.0,1000.9228515625,0.8244933528940794,0.1717593457825232,-2.3768181931737407,-0.0231454770857481,0.518855071084819,-0.571934593955575,0.1201970601601191,-0.6224752305254626,-0.9274745739175644,-0.4408825936849929
20.0,229.0,1000.9228515625,0.8244933528941865,0.1717593457825232,-2.3768181931737407,-0.0231454770845309,0.5188549390173107,-0.571934593955575,0.1201970601601191,-0.6224745491760093,-0.9274745739175644,-0.440882595271642
20.0,229.0,1000.9228515625,0.8244933528940794,0.1717593457825232,-2.3768181941580337,-0.0231454774603887,0.518855071084819,-0.571934593955575,0.1201970601601191,-0.6224752305254626,-0.9274745739175644,-0.4408825936849929
20.0,229.0,1000.9228515625,0.8244933528940794,0.1717593457825232,-2.376818193162853,-0.023145477085272,0.5188551757530165,-0.571934593955575,0.1201970601601191,-0.6224752311841399,-0.9274745739175644,-0.4408825977336218
20.0,229.0,1000.9228515625,0.8244933528940739,0.1717593457825232,-2.376818193142241,-0.0231454770857598,0.5188549390173107,-0.571934593955575,0.1201970601601191,-0.6224752484967357,-0.9274745739175644,-0.440882595271642
20.0,230.0,1000.9228515625,0.8244933528940794,0.1717593457825232,-2.3768181931737407,-0.0231454770857481,0.518855071084819,-0.571934593955575,0.1201970601601191,-0.6224752305254626,-0.9274745739175644,-0.4408825936849929
20.0,230.0,1000.9228515625,0.8244933528940794,0.1717593457825232,-2.3768181941580337,-0.0231454774603887,0.518855071084819,-0.571934593955575,0.1201970601601191,-0.6224752305254626,-0.9274745739175644,-0.4408825936849929
20.0,230.0,1000.9228515625,0.8244933528940794,0.1717593457825232,-2.3768181930330443,-0.0231454770857481,0.518855071084819,-0.571934593955575,0.1201970601601191,-0.6224752733749308,-0.9274745739175644,-0.4408825936849929
20.0,230.0,1000.9228515625,0.8244933528940739,0.1717593457825232,-2.3768181931737407,-0.0231454770857601,0.5188549783730564,-0.571934593955575,0.1201970601601191,-0.6224752053231137,-0.9274745739175644,-0.440882595271642
20.0,230.0,1000.9228515625,0.8244933528940794,0.1717593457825232,-2.376818191353992,-0.0231454774599909,0.5188550210242336,-0.571934593955575,0.1201970601601191,-0.6224750096081734,-0.9274745739175644,-0.4408825939440672
20.0,230.0,1000.9228515625,0.8244933528940794,0.1717593457825232,-2.3768181931737407,-0.0231454770857481,0.518855071084819,-0.571934593955575,0.1201970601601191,-0.6224752305254626,-0.9274745739175644,-0.4408825936849929
20.0,230.0,1000.9228515625,0.8244933528940794,0.1717593457825232,-2.3768181931737407,-0.0231454770857481,0.518855071084819,-0.571934593955575,0.1201970601601191,-0.6224752305254626,-0.9274745739175644,-0.4408825936849929
20.0,230.0,1000.9228515625,0.8244933528940794,0.1717593457825232,-2.3768181931737407,-0.0231454770857481,0.518855071084819,-0.571934593955575,0.1201970601601191,-0.6224752305254626,-0.9274745739175644,-0.4408825936849929
20.0,230.0,1000.9228515625,0.8244933528940794,0.1717593457825232,-2.3768181931737407,-0.0231454770967385,0.5188550651022683,-0.571934593955575,0.1201970601601191,-0.6224745911503293,-0.9274745739175644,-0.4408825936849929
20.0,230.0,1000.9228515625,0.8244933528940794,0.1717593457825232,-2.376818191353992,-0.0231454774645114,0.518855179095853,-0.571934593955575,0.1201970601601191,-0.6224750096081734,-0.9274745739175644,-0.4408825977298948
20.0,230.0,1000.9228515625,0.8244933528940794,0.1717593457825232,-2.3768181931737407,-0.0231454770949002,0.518855071084819,-0.571934593955575,0.1201970601601191,-0.6224752305254626,-0.9274745739175644,-0.4408825936849929
20.0,230.0,1000.9228515625,0.8244933528940769,0.1717593457825232,-2.3768181931737407,-0.0231454770855083,0.5188548722225405,-0.571934593955575,0.1201970601601191,-0.6224752948063276,-0.9274745739175644,-0.4408825952815947
20.0,230.0,1000.9228515625,0.8244933528940794,0.1717593457825232,-2.3768181931737407,-0.02314547708576,0.5188549956056944,-0.571934593955575,0.1201970601601191,-0.6224752737358081,-0.9274745739175644,-0.4408825970749195
20.0,230.0,1000.9228515625,0.8244933528940794,0.1717593457825232,-2.3768181913912985,-0.0231454770857481,0.518855071084819,-0.571934593955575,0.1201970601601191,-0.6224752305254626,-0.9274745739175644,-0.4408825976836819
20.0,230.0,1000.9228515625,0.8244933528940739,0.1717593457825232,-2.3768181931737407,-0.0231454770857601,0.5188549390173107,-0.571934593955575,0.1201970601601191,-0.6224745491760093,-0.9274745739175644,-0.440882595271642
20.0,230.0,1000.9228515625,0.8244933528940794,0.1717593457825232,-2.3768181931737407,-0.0231454770857481,0.5188550631229458,-0.571934593955575,0.1201970601601191,-0.6224752305254626,-0.9274745739175644,-0.4408825936849929
20.0,230.0,1000.9228515625,0.8244933528940794,0.1717593457825232,-2.376818192963925,-0.0231454770811601,0.518855071084819,-0.571934593955575,0.1201970601601191,-0.6224752733749308,-0.9274745739175644,-0.4408825936849929
20.0,230.0,1000.9228515625,0.8244933528940794,0.1717593457825232,-2.3768181931737407,-0.0231454770857481,0.518855071084819,-0.571934593955575,0.1201970601601191,-0.6224753292271257,-0.9274745739175644,-0.4408825936849929
20.0,230.0,1000.9228515625,0.8244933528940794,0.1717593457825232,-2.3768181931737407,-0.023145477085272,0.5188550686486088,-0.571934593955575,0.1201970601601191,-0.6224752311841399,-0.9274745739175644,-0.4408825970749195
20.0,230.0,1000.9228515625,0.8244933528940794,0.1717593457825232,-2.3768181931737407,-0.023145477085622,0.5188550651022683,-0.571934593955575,0.1201970601601191,-0.6224745911503293,-0.9274745739175644,-0.4408825936849929
20.0,230.0,1000.9228515625,0.8244933528940769,0.1717593457825232,-2.3768181931737407,-0.0231454770857547,0.5188548722225405,-0.571934593955575,0.1201970601601191,-0.6224752898194671,-0.9274745739175644,-0.4408825952819633
20.0,230.0,1000.9228515625,0.8244933528941869,0.1717593457825232,-2.3768181931737407,-0.0231454770845309,0.5188549390173107,-0.571934593955575,0.1201970601601191,-0.6224745491760093,-0.9274745739175644,-0.440882595271642
20.0,230.0,1000.9228515625,0.8244933528940794,0.1717593457825232,-2.3768181931737407,-0.0231454770857391,0.518855071084819,-0.571934593955575,0.1201970601601191,-0.6224753292271257,-0.9274745739175644,-0.440882595319649
20.0,230.0,1000.9228515625,0.8244933528940794,0.1717593457825232,-2.3768181930330443,-0.0231454770857481,0.518855071084819,-0.571934593955575,0.1201970601601191,-0.6224752733749308,-0.9274745739175644,-0.4408825936849929
20.0,230.0,1000.9228515625,0.8244933528940794,0.1717593457825232,-2.376818193061033,-0.0231454770857481,0.518855071084819,-0.571934593955575,0.1201970601601191,-0.6224754177054583,-0.9274745739175644,-0.4408825976836819
20.0,230.0,1000.9228515625,0.8244933528940739,0.1717593457825232,-2.3768181931737407,-0.0231454770857601,0.5188549390173107,-0.571934593955575,0.1201970601601191,-0.6224755737725376,-0.9274745739175644,-0.440882595271642
20.0,230.0,1000.9228515625,0.8244933528940794,0.1717593457825232,-2.3768181913912985,-0.0231454770968646,0.518855071084819,-0.571934593955575,0.1201970601601191,-0.6224752305254626,-0.9274745739175644,-0.4408825976836819
20.0,230.0,1000.9228515625,0.8244933528940739,0.1717593457825232,-2.3768181931737407,-0.0231454770855136,0.5188549783730564,-0.571934593955575,0.1201970601601191,-0.6224752103099741,-0.9274745739175644,-0.4408825952712734
20.0,230.0,1000.9228515625,0.8244933528940794,0.1717593457825232,-2.3768181931737407,-0.0231454770857481,0.518855071084819,-0.571934593955575,0.1201970601601191,-0.6224752305254626,-0.9274745739175644,-0.4408825936849929
20.0,230.0,1000.9228515625,0.8244933528940739,0.1717593457825232,-2.3768181931737407,-0.023145477085748,0.5188549783730564,-0.571934593955575,0.1201970601601191,-0.6224752063261246,-0.9274745739175644,-0.4408822358767253
20.0,230.0,1000.9228515625,0.8244933528940794,0.1717593457825232,-2.3768181931737407,-0.0231454773767155,0.5188550651022683,-0.571934593955575,0.1201970601601191,-0.6224745267222752,-0.9274745739175644,-0.4408825936849929
20.0,230.0,1000.9228515625,0.8244933528940794,0.1717593457825232,-2.3768181931737407,-0.02314547708576,0.5188549956056944,-0.571934593955575,0.1201970601601191,-0.6224752737358081,-0.9274745739175644,-0.4408825970749195
20.0,230.0,1000.9228515625,0.8244933528940739,0.1717593457825232,-2.3768181931737407,-0.0231454770857475,0.5188549390173107,-0.571934593955575,0.1201970601601191,-0.6224755795723167,-0.9274745739175644,-0.440882595271642
20.0,230.0,1000.9228515625,0.8244933528940794,0.1717593457825232,-2.3768181931737407,-0.0231454770857481,0.518855071084819,-0.571934593955575,0.1201970601601191,-0.6224752305254626,-0.9274745739175644,-0.4408825936849929
20.0,230.0,1000.9228515625,0.8244933528940794,0.1717593457825232,-2.3768181931737407,-0.0231454770857481,0.518855071084819,-0.571934593955575,0.1201970601601191,-0.6224752270133052,-0.9274745739175644,-0.4408825936849929
20.0,230.0,1000.9228515625,0.8244933528940794,0.1717593457825232,-2.3768181931737407,-0.0231454770857481,0.518855071084819,-0.571934593955575,0.1201970601601191,-0.6224752200468672,-0.9274745739175644,-0.4408825936849929
20.0,230.0,1000.9228515625,0.8244933528940794,0.1717593457825232,-2.3768181931737407,-0.0231454770857481,0.518855071084819,-0.571934593955575,0.1201970601601191,-0.6224752305254626,-0.9274745739175644,-0.4408825936849929
20.0,230.0,1000.9228515625,0.8244933528940794,0.1717593457825232,-2.3768181930330443,-0.0231454770857481,0.518855071084819,-0.571934593955575,0.1201970601601191,-0.6224752733749308,-0.9274745739175644,-0.4408825936849929
20.0,230.0,1000.9228515625,0.8244933528940794,0.1717593457825232,-2.37681819136488,-0.0231454774645114,0.5188550719914452,-0.571934593955575,0.1201970601601191,-0.6224750096081734,-0.9274745739175644,-0.4408825970711926
20.0,230.0,1000.9228515625,0.8244933528940794,0.1717593457825232,-2.3768181931737407,-0.0231454770857481,0.518855071084819,-0.571934593955575,0.1201970601601191,-0.6224752305254626,-0.9274745739175644,-0.4408825936849929
20.0,230.0,1000.9228515625,0.8244933528940794,0.1717593457825232,-2.3768181914227986,-0.0231454770857484,0.518855071084819,-0.571934593955575,0.1201970601601191,-0.6224755558012645,-0.9274745739175644,-0.4408825976836819
20.0,230.0,1000.9228515625,0.8244933528940794,0.1717593457825232,-2.3768181931737407,-0.0231454770857481,0.518855071084819,-0.571934593955575,0.1201970601601191,-0.6224752305254626,-0.9274745739175644,-0.4408825936849929
20.0,230.0,1000.9228515625,0.8244933528940739,0.1717593457825232,-2.3768181931737407,-0.0231454770855136,0.5188549783730564,-0.571934593955575,0.1201970601601191,-0.6224752103099741,-0.9274745739175644,-0.4408825952712734
20.0,230.0,1000.9228515625,0.8244933528940794,0.1717593457825232,-2.3768181930330443,-0.0231454770857481,0.518855071084819,-0.571934593955575,0.1201970601601191,-0.6224752733749308,-0.9274745739175644,-0.4408825936849929
20.0,230.0,1000.9228515625,0.8244933528940794,0.1717593457825232,-2.3768181931737407,-0.023145477085622,0.5188550651022683,-0.571934593955575,0.1201970601601191,-0.6224746016289248,-0.9274745739175644,-0.4408825936849929
20.0,230.0,1000.9228515625,0.8244933528940794,0.1717593457825232,-2.3768181931737407,-0.0231454770857481,0.518855071084819,-0.571934593955575,0.1201970601601191,-0.6224752305254626,-0.9274745739175644,-0.4408825936849929
20.0,230.0,1000.9228515625,0.8244933528941865,0.1717593457825232,-2.3768181931737407,-0.0231454770845309,0.5188549390173107,-0.571934593955575,0.1201970601601191,-0.6224745491760093,-0.9274745739175644,-0.440882595271642
20.0,230.0,1000.9228515625,0.8244933528940794,0.1717593457825232,-2.3768181941580337,-0.0231454774603887,0.518855071084819,-0.571934593955575,0.1201970601601191,-0.6224752305254626,-0.9274745739175644,-0.4408825936849929
20.0,230.0,1000.9228515625,0.8244933528940794,0.1717593457825232,-2.376818193162853,-0.023145477085272,0.5188551757530165,-0.571934593955575,0.1201970601601191,-0.6224752311841399,-0.9274745739175644,-0.4408825977336218
20.0,230.0,1000.9228515625,0.8244933528940739,0.1717593457825232,-2.376818193142241,-0.0231454770857598,0.5188549390173107,-0.571934593955575,0.1201970601601191,-0.6224752484967357,-0.9274745739175644,-0.440882595271642
20.0,231.0,1000.9228515625,0.8244933528940794,0.1717593457825232,-2.3768181931737407,-0.0231454770857481,0.518855071084819,-0.571934593955575,0.1201970601601191,-0.6224752305254626,-0.9274745739175644,-0.4408825936849929
20.0,231.0,1000.9228515625,0.8244933528940794,0.1717593457825232,-2.3768181941580337,-0.0231454774603887,0.518855071084819,-0.571934593955575,0.1201970601601191,-0.6224752305254626,-0.9274745739175644,-0.4408825936849929
20.0,231.0,1000.9228515625,0.8244933528940794,0.1717593457825232,-2.3768181930330443,-0.0231454770857481,0.518855071084819,-0.571934593955575,0.1201970601601191,-0.6224752733749308,-0.9274745739175644,-0.4408825936849929
20.0,231.0,1000.9228515625,0.8244933528940739,0.1717593457825232,-2.3768181931737407,-0.0231454770857601,0.5188549783730564,-0.571934593955575,0.1201970601601191,-0.6224752053231137,-0.9274745739175644,-0.440882595271642
20.0,231.0,1000.9228515625,0.8244933528940794,0.1717593457825232,-2.376818191353992,-0.0231454774599909,0.5188550210242336,-0.571934593955575,0.1201970601601191,-0.6224750096081734,-0.9274745739175644,-0.4408825939440672
20.0,231.0,1000.9228515625,0.8244933528940794,0.1717593457825232,-2.3768181931737407,-0.0231454770857481,0.518855071084819,-0.571934593955575,0.1201970601601191,-0.6224752305254626,-0.9274745739175644,-0.4408825936849929
20.0,231.0,1000.9228515625,0.8244933528940794,0.1717593457825232,-2.3768181931737407,-0.0231454770857481,0.518855071084819,-0.571934593955575,0.1201970601601191,-0.6224752305254626,-0.9274745739175644,-0.4408825936849929
20.0,231.0,1000.9228515625,0.8244933528940794,0.1717593457825232,-2.3768181931737407,-0.0231454770857481,0.518855071084819,-0.571934593955575,0.1201970601601191,-0.6224752305254626,-0.9274745739175644,-0.4408825936849929
20.0,231.0,1000.9228515625,0.8244933528940794,0.1717593457825232,-2.3768181931737407,-0.0231454770967385,0.5188550651022683,-0.571934593955575,0.1201970601601191,-0.6224745911503293,-0.9274745739175644,-0.4408825936849929
20.0,231.0,1000.9228515625,0.8244933528940794,0.1717593457825232,-2.376818191353992,-0.0231454774645114,0.518855179095853,-0.571934593955575,0.1201970601601191,-0.6224750096081734,-0.9274745739175644,-0.4408825977298948
20.0,231.0,1000.9228515625,0.8244933528940794,0.1717593457825232,-2.3768181931737407,-0.0231454770949002,0.518855071084819,-0.571934593955575,0.1201970601601191,-0.6224752305254626,-0.9274745739175644,-0.4408825936849929
20.0,231.0,1000.9228515625,0.8244933528940769,0.1717593457825232,-2.3768181931737407,-0.0231454770855083,0.5188548722225405,-0.571934593955575,0.1201970601601191,-0.6224752948063276,-0.9274745739175644,-0.4408825952815947
20.0,231.0,1000.9228515625,0.8244933528940794,0.1717593457825232,-2.3768181931737407,-0.02314547708576,0.5188549956056944,-0.571934593955575,0.1201970601601191,-0.6224752737358081,-0.9274745739175644,-0.4408825970749195
20.0,231.0,1000.9228515625,0.8244933528940794,0.1717593457825232,-2.3768181913912985,-0.0231454770857481,0.518855071084819,-0.571934593955575,0.1201970601601191,-0.6224752305254626,-0.9274745739175644,-0.4408825976836819
20.0,231.0,1000.9228515625,0.8244933528940739,0.1717593457825232,-2.3768181931737407,-0.0231454770857601,0.5188549390173107,-0.571934593955575,0.1201970601601191,-0.6224745491760093,-0.9274745739175644,-0.440882595271642
20.0,231.0,1000.9228515625,0.8244933528940794,0.1717593457825232,-2.3768181931737407,-0.0231454770857481,0.5188550631229458,-0.571934593955575,0.1201970601601191,-0.6224752305254626,-0.9274745739175644,-0.4408825936849929
20.0,231.0,1000.9228515625,0.8244933528940794,0.1717593457825232,-2.376818192963925,-0.0231454770811601,0.518855071084819,-0.571934593955575,0.1201970601601191,-0.6224752733749308,-0.9274745739175644,-0.4408825936849929
20.0,231.0,1000.9228515625,0.8244933528940794,0.1717593457825232,-2.3768181931737407,-0.0231454770857481,0.518855071084819,-0.571934593955575,0.1201970601601191,-0.6224753292271257,-0.9274745739175644,-0.4408825936849929
20.0,231.0,1000.9228515625,0.8244933528940794,0.1717593457825232,-2.3768181931737407,-0.023145477085272,0.5188550686486088,-0.571934593955575,0.1201970601601191,-0.6224752311841399,-0.9274745739175644,-0.4408825970749195
20.0,231.0,1000.9228515625,0.8244933528940794,0.1717593457825232,-2.3768181931737407,-0.023145477085622,0.5188550651022683,-0.571934593955575,0.1201970601601191,-0.6224745911503293,-0.9274745739175644,-0.4408825936849929
20.0,231.0,1000.9228515625,0.8244933528940769,0.1717593457825232,-2.3768181931737407,-0.0231454770857547,0.5188548722225405,-0.571934593955575,0.1201970601601191,-0.6224752898194671,-0.9274745739175644,-0.4408825952819633
20.0,231.0,1000.9228515625,0.8244933528941869,0.1717593457825232,-2.3768181931737407,-0.0231454770845309,0.5188549390173107,-0.571934593955575,0.1201970601601191,-0.6224745491760093,-0.9274745739175644,-0.440882595271642
20.0,231.0,1000.9228515625,0.8244933528940794,0.1717593457825232,-2.3768181931737407,-0.0231454770857391,0.518855071084819,-0.571934593955575,0.1201970601601191,-0.6224753292271257,-0.9274745739175644,-0.440882595319649
20.0,231.0,1000.9228515625,0.8244933528940794,0.1717593457825232,-2.3768181930330443,-0.0231454770857481,0.518855071084819,-0.571934593955575,0.1201970601601191,-0.6224752733749308,-0.9274745739175644,-0.4408825936849929
20.0,231.0,1000.9228515625,0.8244933528940794,0.1717593457825232,-2.376818193061033,-0.0231454770857481,0.518855071084819,-0.571934593955575,0.1201970601601191,-0.6224754177054583,-0.9274745739175644,-0.4408825976836819
20.0,231.0,1000.9228515625,0.8244933528940739,0.1717593457825232,-2.3768181931737407,-0.0231454770857601,0.5188549390173107,-0.571934593955575,0.1201970601601191,-0.6224755737725376,-0.9274745739175644,-0.440882595271642
20.0,231.0,1000.9228515625,0.8244933528940794,0.1717593457825232,-2.3768181913912985,-0.0231454770968646,0.518855071084819,-0.571934593955575,0.1201970601601191,-0.6224752305254626,-0.9274745739175644,-0.4408825976836819
20.0,231.0,1000.9228515625,0.8244933528940739,0.1717593457825232,-2.3768181931737407,-0.0231454770855136,0.5188549783730564,-0.571934593955575,0.1201970601601191,-0.6224752103099741,-0.9274745739175644,-0.4408825952712734
20.0,231.0,1000.9228515625,0.8244933528940794,0.1717593457825232,-2.3768181931737407,-0.0231454770857481,0.518855071084819,-0.571934593955575,0.1201970601601191,-0.6224752305254626,-0.9274745739175644,-0.4408825936849929
20.0,231.0,1000.9228515625,0.8244933528940739,0.1717593457825232,-2.3768181931737407,-0.023145477085748,0.5188549783730564,-0.571934593955575,0.1201970601601191,-0.6224752063261246,-0.9274745739175644,-0.4408822358767253
20.0,231.0,1000.9228515625,0.8244933528940794,0.1717593457825232,-2.3768181931737407,-0.0231454773767155,0.5188550651022683,-0.571934593955575,0.1201970601601191,-0.6224745267222752,-0.9274745739175644,-0.4408825936849929
20.0,231.0,1000.9228515625,0.8244933528940794,0.1717593457825232,-2.3768181931737407,-0.02314547708576,0.5188549956056944,-0.571934593955575,0.1201970601601191,-0.6224752737358081,-0.9274745739175644,-0.4408825970749195
20.0,231.0,1000.9228515625,0.8244933528940739,0.1717593457825232,-2.3768181931737407,-0.0231454770857475,0.5188549390173107,-0.571934593955575,0.1201970601601191,-0.6224755795723167,-0.9274745739175644,-0.440882595271642
20.0,231.0,1000.9228515625,0.8244933528940794,0.1717593457825232,-2.3768181931737407,-0.0231454770857481,0.518855071084819,-0.571934593955575,0.1201970601601191,-0.6224752305254626,-0.9274745739175644,-0.4408825936849929
20.0,231.0,1000.9228515625,0.8244933528940794,0.1717593457825232,-2.3768181931737407,-0.0231454770857481,0.518855071084819,-0.571934593955575,0.1201970601601191,-0.6224752270133052,-0.9274745739175644,-0.4408825936849929
20.0,231.0,1000.9228515625,0.8244933528940794,0.1717593457825232,-2.3768181931737407,-0.0231454770857481,0.518855071084819,-0.571934593955575,0.1201970601601191,-0.6224752200468672,-0.9274745739175644,-0.4408825936849929
20.0,231.0,1000.9228515625,0.8244933528940794,0.1717593457825232,-2.3768181931737407,-0.0231454770857481,0.518855071084819,-0.571934593955575,0.1201970601601191,-0.6224752305254626,-0.9274745739175644,-0.4408825936849929
20.0,231.0,1000.9228515625,0.8244933528940794,0.1717593457825232,-2.3768181930330443,-0.0231454770857481,0.518855071084819,-0.571934593955575,0.1201970601601191,-0.6224752733749308,-0.9274745739175644,-0.4408825936849929
20.0,231.0,1000.9228515625,0.8244933528940794,0.1717593457825232,-2.37681819136488,-0.0231454774645114,0.5188550719914452,-0.571934593955575,0.1201970601601191,-0.6224750096081734,-0.9274745739175644,-0.4408825970711926
20.0,231.0,1000.9228515625,0.8244933528940794,0.1717593457825232,-2.3768181931737407,-0.0231454770857481,0.518855071084819,-0.571934593955575,0.1201970601601191,-0.6224752305254626,-0.9274745739175644,-0.4408825936849929
20.0,231.0,1000.9228515625,0.8244933528940794,0.1717593457825232,-2.3768181914227986,-0.0231454770857484,0.518855071084819,-0.571934593955575,0.1201970601601191,-0.6224755558012645,-0.9274745739175644,-0.4408825976836819
20.0,231.0,1000.9228515625,0.8244933528940794,0.1717593457825232,-2.3768181931737407,-0.0231454770857481,0.518855071084819,-0.571934593955575,0.1201970601601191,-0.6224752305254626,-0.9274745739175644,-0.4408825936849929
20.0,231.0,1000.9228515625,0.8244933528940739,0.1717593457825232,-2.3768181931737407,-0.0231454770855136,0.5188549783730564,-0.571934593955575,0.1201970601601191,-0.6224752103099741,-0.9274745739175644,-0.4408825952712734
20.0,231.0,1000.9228515625,0.8244933528940794,0.1717593457825232,-2.3768181930330443,-0.0231454770857481,0.518855071084819,-0.571934593955575,0.1201970601601191,-0.6224752733749308,-0.9274745739175644,-0.4408825936849929
20.0,231.0,1000.9228515625,0.8244933528940794,0.1717593457825232,-2.3768181931737407,-0.023145477085622,0.5188550651022683,-0.571934593955575,0.1201970601601191,-0.6224746016289248,-0.9274745739175644,-0.4408825936849929
20.0,231.0,1000.9228515625,0.8244933528940794,0.1717593457825232,-2.3768181931737407,-0.0231454770857481,0.518855071084819,-0.571934593955575,0.1201970601601191,-0.6224752305254626,-0.9274745739175644,-0.4408825936849929
20.0,231.0,1000.9228515625,0.8244933528941865,0.1717593457825232,-2.3768181931737407,-0.0231454770845309,0.5188549390173107,-0.571934593955575,0.1201970601601191,-0.6224745491760093,-0.9274745739175644,-0.440882595271642
20.0,231.0,1000.9228515625,0.8244933528940794,0.1717593457825232,-2.3768181941580337,-0.0231454774603887,0.518855071084819,-0.571934593955575,0.1201970601601191,-0.6224752305254626,-0.9274745739175644,-0.4408825936849929
20.0,231.0,1000.9228515625,0.8244933528940794,0.1717593457825232,-2.376818193162853,-0.023145477085272,0.5188551757530165,-0.571934593955575,0.1201970601601191,-0.6224752311841399,-0.9274745739175644,-0.4408825977336218
20.0,231.0,1000.9228515625,0.8244933528940739,0.1717593457825232,-2.376818193142241,-0.0231454770857598,0.5188549390173107,-0.571934593955575,0.1201970601601191,-0.6224752484967357,-0.9274745739175644,-0.440882595271642
20.0,232.0,1000.9228515625,0.8244933528940794,0.1717593457825232,-2.3768181931737407,-0.0231454770857481,0.518855071084819,-0.571934593955575,0.1201970601601191,-0.6224752305254626,-0.9274745739175644,-0.4408825936849929
20.0,232.0,1000.9228515625,0.8244933528940794,0.1717593457825232,-2.3768181941580337,-0.0231454774603887,0.518855071084819,-0.571934593955575,0.1201970601601191,-0.6224752305254626,-0.9274745739175644,-0.4408825936849929
20.0,232.0,1000.9228515625,0.8244933528940794,0.1717593457825232,-2.3768181930330443,-0.0231454770857481,0.518855071084819,-0.571934593955575,0.1201970601601191,-0.6224752733749308,-0.9274745739175644,-0.4408825936849929
20.0,232.0,1000.9228515625,0.8244933528940739,0.1717593457825232,-2.3768181931737407,-0.0231454770857601,0.5188549783730564,-0.571934593955575,0.1201970601601191,-0.6224752053231137,-0.9274745739175644,-0.440882595271642
20.0,232.0,1000.9228515625,0.8244933528940794,0.1717593457825232,-2.376818191353992,-0.0231454774599909,0.5188550210242336,-0.571934593955575,0.1201970601601191,-0.6224750096081734,-0.9274745739175644,-0.4408825939440672
20.0,232.0,1000.9228515625,0.8244933528940794,0.1717593457825232,-2.3768181931737407,-0.0231454770857481,0.518855071084819,-0.571934593955575,0.1201970601601191,-0.6224752305254626,-0.9274745739175644,-0.4408825936849929
20.0,232.0,1000.9228515625,0.8244933528940794,0.1717593457825232,-2.3768181931737407,-0.0231454770857481,0.518855071084819,-0.571934593955575,0.1201970601601191,-0.6224752305254626,-0.9274745739175644,-0.4408825936849929
20.0,232.0,1000.9228515625,0.8244933528940794,0.1717593457825232,-2.3768181931737407,-0.0231454770857481,0.518855071084819,-0.571934593955575,0.1201970601601191,-0.6224752305254626,-0.9274745739175644,-0.4408825936849929
20.0,232.0,1000.9228515625,0.8244933528940794,0.1717593457825232,-2.3768181931737407,-0.0231454770967385,0.5188550651022683,-0.571934593955575,0.1201970601601191,-0.6224745911503293,-0.9274745739175644,-0.4408825936849929
20.0,232.0,1000.9228515625,0.8244933528940794,0.1717593457825232,-2.376818191353992,-0.0231454774645114,0.518855179095853,-0.571934593955575,0.1201970601601191,-0.6224750096081734,-0.9274745739175644,-0.4408825977298948
20.0,232.0,1000.9228515625,0.8244933528940794,0.1717593457825232,-2.3768181931737407,-0.0231454770949002,0.518855071084819,-0.571934593955575,0.1201970601601191,-0.6224752305254626,-0.9274745739175644,-0.4408825936849929
20.0,232.0,1000.9228515625,0.8244933528940769,0.1717593457825232,-2.3768181931737407,-0.0231454770855083,0.5188548722225405,-0.571934593955575,0.1201970601601191,-0.6224752948063276,-0.9274745739175644,-0.4408825952815947
20.0,232.0,1000.9228515625,0.8244933528940794,0.1717593457825232,-2.3768181931737407,-0.02314547708576,0.5188549956056944,-0.571934593955575,0.1201970601601191,-0.6224752737358081,-0.9274745739175644,-0.4408825970749195
20.0,232.0,1000.9228515625,0.8244933528940794,0.1717593457825232,-2.3768181913912985,-0.0231454770857481,0.518855071084819,-0.571934593955575,0.1201970601601191,-0.6224752305254626,-0.9274745739175644,-0.4408825976836819
20.0,232.0,1000.9228515625,0.8244933528940739,0.1717593457825232,-2.3768181931737407,-0.0231454770857601,0.5188549390173107,-0.571934593955575,0.1201970601601191,-0.6224745491760093,-0.9274745739175644,-0.440882595271642
20.0,232.0,1000.9228515625,0.8244933528940794,0.1717593457825232,-2.3768181931737407,-0.0231454770857481,0.5188550631229458,-0.571934593955575,0.1201970601601191,-0.6224752305254626,-0.9274745739175644,-0.4408825936849929
20.0,232.0,1000.9228515625,0.8244933528940794,0.1717593457825232,-2.376818192963925,-0.0231454770811601,0.518855071084819,-0.571934593955575,0.1201970601601191,-0.6224752733749308,-0.9274745739175644,-0.4408825936849929
20.0,232.0,1000.9228515625,0.8244933528940794,0.1717593457825232,-2.3768181931737407,-0.0231454770857481,0.518855071084819,-0.571934593955575,0.1201970601601191,-0.6224753292271257,-0.9274745739175644,-0.4408825936849929
20.0,232.0,1000.9228515625,0.8244933528940794,0.1717593457825232,-2.3768181931737407,-0.023145477085272,0.5188550686486088,-0.571934593955575,0.1201970601601191,-0.6224752311841399,-0.9274745739175644,-0.4408825970749195
20.0,232.0,1000.9228515625,0.8244933528940794,0.1717593457825232,-2.3768181931737407,-0.023145477085622,0.5188550651022683,-0.571934593955575,0.1201970601601191,-0.6224745911503293,-0.9274745739175644,-0.4408825936849929
20.0,232.0,1000.9228515625,0.8244933528940769,0.1717593457825232,-2.3768181931737407,-0.0231454770857547,0.5188548722225405,-0.571934593955575,0.1201970601601191,-0.6224752898194671,-0.9274745739175644,-0.4408825952819633
20.0,232.0,1000.9228515625,0.8244933528941869,0.1717593457825232,-2.3768181931737407,-0.0231454770845309,0.5188549390173107,-0.571934593955575,0.1201970601601191,-0.6224745491760093,-0.9274745739175644,-0.440882595271642
20.0,232.0,1000.9228515625,0.8244933528940794,0.1717593457825232,-2.3768181931737407,-0.0231454770857391,0.518855071084819,-0.571934593955575,0.1201970601601191,-0.6224753292271257,-0.9274745739175644,-0.440882595319649
20.0,232.0,1000.9228515625,0.8244933528940794,0.1717593457825232,-2.3768181930330443,-0.0231454770857481,0.518855071084819,-0.571934593955575,0.1201970601601191,-0.6224752733749308,-0.9274745739175644,-0.4408825936849929
20.0,232.0,1000.9228515625,0.8244933528940794,0.1717593457825232,-2.376818193061033,-0.0231454770857481,0.518855071084819,-0.571934593955575,0.1201970601601191,-0.6224754177054583,-0.9274745739175644,-0.4408825976836819
20.0,232.0,1000.9228515625,0.8244933528940739,0.1717593457825232,-2.3768181931737407,-0.0231454770857601,0.5188549390173107,-0.571934593955575,0.1201970601601191,-0.6224755737725376,-0.9274745739175644,-0.440882595271642
20.0,232.0,1000.9228515625,0.8244933528940794,0.1717593457825232,-2.3768181913912985,-0.0231454770968646,0.518855071084819,-0.571934593955575,0.1201970601601191,-0.6224752305254626,-0.9274745739175644,-0.4408825976836819
20.0,232.0,1000.9228515625,0.8244933528940739,0.1717593457825232,-2.3768181931737407,-0.0231454770855136,0.5188549783730564,-0.571934593955575,0.1201970601601191,-0.6224752103099741,-0.9274745739175644,-0.4408825952712734
20.0,232.0,1000.9228515625,0.8244933528940794,0.1717593457825232,-2.3768181931737407,-0.0231454770857481,0.518855071084819,-0.571934593955575,0.1201970601601191,-0.6224752305254626,-0.9274745739175644,-0.4408825936849929
20.0,232.0,1000.9228515625,0.8244933528940739,0.1717593457825232,-2.3768181931737407,-0.023145477085748,0.5188549783730564,-0.571934593955575,0.1201970601601191,-0.6224752063261246,-0.9274745739175644,-0.4408822358767253
20.0,232.0,1000.9228515625,0.8244933528940794,0.1717593457825232,-2.3768181931737407,-0.0231454773767155,0.5188550651022683,-0.571934593955575,0.1201970601601191,-0.6224745267222752,-0.9274745739175644,-0.4408825936849929
20.0,232.0,1000.9228515625,0.8244933528940794,0.1717593457825232,-2.3768181931737407,-0.02314547708576,0.5188549956056944,-0.571934593955575,0.1201970601601191,-0.6224752737358081,-0.9274745739175644,-0.4408825970749195
20.0,232.0,1000.9228515625,0.8244933528940739,0.1717593457825232,-2.3768181931737407,-0.0231454770857475,0.5188549390173107,-0.571934593955575,0.1201970601601191,-0.6224755795723167,-0.9274745739175644,-0.440882595271642
20.0,232.0,1000.9228515625,0.8244933528940794,0.1717593457825232,-2.3768181931737407,-0.0231454770857481,0.518855071084819,-0.571934593955575,0.1201970601601191,-0.6224752305254626,-0.9274745739175644,-0.4408825936849929
20.0,232.0,1000.9228515625,0.8244933528940794,0.1717593457825232,-2.3768181931737407,-0.0231454770857481,0.518855071084819,-0.571934593955575,0.1201970601601191,-0.6224752270133052,-0.9274745739175644,-0.4408825936849929
20.0,232.0,1000.9228515625,0.8244933528940794,0.1717593457825232,-2.3768181931737407,-0.0231454770857481,0.518855071084819,-0.571934593955575,0.1201970601601191,-0.6224752200468672,-0.9274745739175644,-0.4408825936849929
20.0,232.0,1000.9228515625,0.8244933528940794,0.1717593457825232,-2.3768181931737407,-0.0231454770857481,0.518855071084819,-0.571934593955575,0.1201970601601191,-0.6224752305254626,-0.9274745739175644,-0.4408825936849929
20.0,232.0,1000.9228515625,0.8244933528940794,0.1717593457825232,-2.3768181930330443,-0.0231454770857481,0.518855071084819,-0.571934593955575,0.1201970601601191,-0.6224752733749308,-0.9274745739175644,-0.4408825936849929
20.0,232.0,1000.9228515625,0.8244933528940794,0.1717593457825232,-2.37681819136488,-0.0231454774645114,0.5188550719914452,-0.571934593955575,0.1201970601601191,-0.6224750096081734,-0.9274745739175644,-0.4408825970711926
20.0,232.0,1000.9228515625,0.8244933528940794,0.1717593457825232,-2.3768181931737407,-0.0231454770857481,0.518855071084819,-0.571934593955575,0.1201970601601191,-0.6224752305254626,-0.9274745739175644,-0.4408825936849929
20.0,232.0,1000.9228515625,0.8244933528940794,0.1717593457825232,-2.3768181914227986,-0.0231454770857484,0.518855071084819,-0.571934593955575,0.1201970601601191,-0.6224755558012645,-0.9274745739175644,-0.4408825976836819
20.0,232.0,1000.9228515625,0.8244933528940794,0.1717593457825232,-2.3768181931737407,-0.0231454770857481,0.518855071084819,-0.571934593955575,0.1201970601601191,-0.6224752305254626,-0.9274745739175644,-0.4408825936849929
20.0,232.0,1000.9228515625,0.8244933528940739,0.1717593457825232,-2.3768181931737407,-0.0231454770855136,0.5188549783730564,-0.571934593955575,0.1201970601601191,-0.6224752103099741,-0.9274745739175644,-0.4408825952712734
20.0,232.0,1000.9228515625,0.8244933528940794,0.1717593457825232,-2.3768181930330443,-0.0231454770857481,0.518855071084819,-0.571934593955575,0.1201970601601191,-0.6224752733749308,-0.9274745739175644,-0.4408825936849929
20.0,232.0,1000.9228515625,0.8244933528940794,0.1717593457825232,-2.3768181931737407,-0.023145477085622,0.5188550651022683,-0.571934593955575,0.1201970601601191,-0.6224746016289248,-0.9274745739175644,-0.4408825936849929
20.0,232.0,1000.9228515625,0.8244933528940794,0.1717593457825232,-2.3768181931737407,-0.0231454770857481,0.518855071084819,-0.571934593955575,0.1201970601601191,-0.6224752305254626,-0.9274745739175644,-0.4408825936849929
20.0,232.0,1000.9228515625,0.8244933528941865,0.1717593457825232,-2.3768181931737407,-0.0231454770845309,0.5188549390173107,-0.571934593955575,0.1201970601601191,-0.6224745491760093,-0.9274745739175644,-0.440882595271642
20.0,232.0,1000.9228515625,0.8244933528940794,0.1717593457825232,-2.3768181941580337,-0.0231454774603887,0.518855071084819,-0.571934593955575,0.1201970601601191,-0.6224752305254626,-0.9274745739175644,-0.4408825936849929
20.0,232.0,1000.9228515625,0.8244933528940794,0.1717593457825232,-2.376818193162853,-0.023145477085272,0.5188551757530165,-0.571934593955575,0.1201970601601191,-0.6224752311841399,-0.9274745739175644,-0.4408825977336218
20.0,232.0,1000.9228515625,0.8244933528940739,0.1717593457825232,-2.376818193142241,-0.0231454770857598,0.5188549390173107,-0.571934593955575,0.1201970601601191,-0.6224752484967357,-0.9274745739175644,-0.440882595271642
20.0,233.0,1000.9228515625,0.8244933528940794,0.1717593457825232,-2.3768181931737407,-0.0231454770857481,0.518855071084819,-0.571934593955575,0.1201970601601191,-0.6224752305254626,-0.9274745739175644,-0.4408825936849929
20.0,233.0,1000.9228515625,0.8244933528940794,0.1717593457825232,-2.3768181941580337,-0.0231454774603887,0.518855071084819,-0.571934593955575,0.1201970601601191,-0.6224752305254626,-0.9274745739175644,-0.4408825936849929
20.0,233.0,1000.9228515625,0.8244933528940794,0.1717593457825232,-2.3768181930330443,-0.0231454770857481,0.518855071084819,-0.571934593955575,0.1201970601601191,-0.6224752733749308,-0.9274745739175644,-0.4408825936849929
20.0,233.0,1000.9228515625,0.8244933528940739,0.1717593457825232,-2.3768181931737407,-0.0231454770857601,0.5188549783730564,-0.571934593955575,0.1201970601601191,-0.6224752053231137,-0.9274745739175644,-0.440882595271642
20.0,233.0,1000.9228515625,0.8244933528940794,0.1717593457825232,-2.376818191353992,-0.0231454774599909,0.5188550210242336,-0.571934593955575,0.1201970601601191,-0.6224750096081734,-0.9274745739175644,-0.4408825939440672
20.0,233.0,1000.9228515625,0.8244933528940794,0.1717593457825232,-2.3768181931737407,-0.0231454770857481,0.518855071084819,-0.571934593955575,0.1201970601601191,-0.6224752305254626,-0.9274745739175644,-0.4408825936849929
20.0,233.0,1000.9228515625,0.8244933528940794,0.1717593457825232,-2.3768181931737407,-0.0231454770857481,0.518855071084819,-0.571934593955575,0.1201970601601191,-0.6224752305254626,-0.9274745739175644,-0.4408825936849929
20.0,233.0,1000.9228515625,0.8244933528940794,0.1717593457825232,-2.3768181931737407,-0.0231454770857481,0.518855071084819,-0.571934593955575,0.1201970601601191,-0.6224752305254626,-0.9274745739175644,-0.4408825936849929
20.0,233.0,1000.9228515625,0.8244933528940794,0.1717593457825232,-2.3768181931737407,-0.0231454770967385,0.5188550651022683,-0.571934593955575,0.1201970601601191,-0.6224745911503293,-0.9274745739175644,-0.4408825936849929
20.0,233.0,1000.9228515625,0.8244933528940794,0.1717593457825232,-2.376818191353992,-0.0231454774645114,0.518855179095853,-0.571934593955575,0.1201970601601191,-0.6224750096081734,-0.9274745739175644,-0.4408825977298948
20.0,233.0,1000.9228515625,0.8244933528940794,0.1717593457825232,-2.3768181931737407,-0.0231454770949002,0.518855071084819,-0.571934593955575,0.1201970601601191,-0.6224752305254626,-0.9274745739175644,-0.4408825936849929
20.0,233.0,1000.9228515625,0.8244933528940769,0.1717593457825232,-2.3768181931737407,-0.0231454770855083,0.5188548722225405,-0.571934593955575,0.1201970601601191,-0.6224752948063276,-0.9274745739175644,-0.4408825952815947
20.0,233.0,1000.9228515625,0.8244933528940794,0.1717593457825232,-2.3768181931737407,-0.02314547708576,0.5188549956056944,-0.571934593955575,0.1201970601601191,-0.6224752737358081,-0.9274745739175644,-0.4408825970749195
20.0,233.0,1000.9228515625,0.8244933528940794,0.1717593457825232,-2.3768181913912985,-0.0231454770857481,0.518855071084819,-0.571934593955575,0.1201970601601191,-0.6224752305254626,-0.9274745739175644,-0.4408825976836819
20.0,233.0,1000.9228515625,0.8244933528940739,0.1717593457825232,-2.3768181931737407,-0.0231454770857601,0.5188549390173107,-0.571934593955575,0.1201970601601191,-0.6224745491760093,-0.9274745739175644,-0.440882595271642
20.0,233.0,1000.9228515625,0.8244933528940794,0.1717593457825232,-2.3768181931737407,-0.0231454770857481,0.5188550631229458,-0.571934593955575,0.1201970601601191,-0.6224752305254626,-0.9274745739175644,-0.4408825936849929
20.0,233.0,1000.9228515625,0.8244933528940794,0.1717593457825232,-2.376818192963925,-0.0231454770811601,0.518855071084819,-0.571934593955575,0.1201970601601191,-0.6224752733749308,-0.9274745739175644,-0.4408825936849929
20.0,233.0,1000.9228515625,0.8244933528940794,0.1717593457825232,-2.3768181931737407,-0.0231454770857481,0.518855071084819,-0.571934593955575,0.1201970601601191,-0.6224753292271257,-0.9274745739175644,-0.4408825936849929
20.0,233.0,1000.9228515625,0.8244933528940794,0.1717593457825232,-2.3768181931737407,-0.023145477085272,0.5188550686486088,-0.571934593955575,0.1201970601601191,-0.6224752311841399,-0.9274745739175644,-0.4408825970749195
20.0,233.0,1000.9228515625,0.8244933528940794,0.1717593457825232,-2.3768181931737407,-0.023145477085622,0.5188550651022683,-0.571934593955575,0.1201970601601191,-0.6224745911503293,-0.9274745739175644,-0.4408825936849929
20.0,233.0,1000.9228515625,0.8244933528940769,0.1717593457825232,-2.3768181931737407,-0.0231454770857547,0.5188548722225405,-0.571934593955575,0.1201970601601191,-0.6224752898194671,-0.9274745739175644,-0.4408825952819633
20.0,233.0,1000.9228515625,0.8244933528941869,0.1717593457825232,-2.3768181931737407,-0.0231454770845309,0.5188549390173107,-0.571934593955575,0.1201970601601191,-0.6224745491760093,-0.9274745739175644,-0.440882595271642
20.0,233.0,1000.9228515625,0.8244933528940794,0.1717593457825232,-2.3768181931737407,-0.0231454770857391,0.518855071084819,-0.571934593955575,0.1201970601601191,-0.6224753292271257,-0.9274745739175644,-0.440882595319649
20.0,233.0,1000.9228515625,0.8244933528940794,0.1717593457825232,-2.3768181930330443,-0.0231454770857481,0.518855071084819,-0.571934593955575,0.1201970601601191,-0.6224752733749308,-0.9274745739175644,-0.4408825936849929
20.0,233.0,1000.9228515625,0.8244933528940794,0.1717593457825232,-2.376818193061033,-0.0231454770857481,0.518855071084819,-0.571934593955575,0.1201970601601191,-0.6224754177054583,-0.9274745739175644,-0.4408825976836819
20.0,233.0,1000.9228515625,0.8244933528940739,0.1717593457825232,-2.3768181931737407,-0.0231454770857601,0.5188549390173107,-0.571934593955575,0.1201970601601191,-0.6224755737725376,-0.9274745739175644,-0.440882595271642
20.0,233.0,1000.9228515625,0.8244933528940794,0.1717593457825232,-2.3768181913912985,-0.0231454770968646,0.518855071084819,-0.571934593955575,0.1201970601601191,-0.6224752305254626,-0.9274745739175644,-0.4408825976836819
20.0,233.0,1000.9228515625,0.8244933528940739,0.1717593457825232,-2.3768181931737407,-0.0231454770855136,0.5188549783730564,-0.571934593955575,0.1201970601601191,-0.6224752103099741,-0.9274745739175644,-0.4408825952712734
20.0,233.0,1000.9228515625,0.8244933528940794,0.1717593457825232,-2.3768181931737407,-0.0231454770857481,0.518855071084819,-0.571934593955575,0.1201970601601191,-0.6224752305254626,-0.9274745739175644,-0.4408825936849929
20.0,233.0,1000.9228515625,0.8244933528940739,0.1717593457825232,-2.3768181931737407,-0.023145477085748,0.5188549783730564,-0.571934593955575,0.1201970601601191,-0.6224752063261246,-0.9274745739175644,-0.4408822358767253
20.0,233.0,1000.9228515625,0.8244933528940794,0.1717593457825232,-2.3768181931737407,-0.0231454773767155,0.5188550651022683,-0.571934593955575,0.1201970601601191,-0.6224745267222752,-0.9274745739175644,-0.4408825936849929
20.0,233.0,1000.9228515625,0.8244933528940794,0.1717593457825232,-2.3768181931737407,-0.02314547708576,0.5188549956056944,-0.571934593955575,0.1201970601601191,-0.6224752737358081,-0.9274745739175644,-0.4408825970749195
20.0,233.0,1000.9228515625,0.8244933528940739,0.1717593457825232,-2.3768181931737407,-0.0231454770857475,0.5188549390173107,-0.571934593955575,0.1201970601601191,-0.6224755795723167,-0.9274745739175644,-0.440882595271642
20.0,233.0,1000.9228515625,0.8244933528940794,0.1717593457825232,-2.3768181931737407,-0.0231454770857481,0.518855071084819,-0.571934593955575,0.1201970601601191,-0.6224752305254626,-0.9274745739175644,-0.4408825936849929
20.0,233.0,1000.9228515625,0.8244933528940794,0.1717593457825232,-2.3768181931737407,-0.0231454770857481,0.518855071084819,-0.571934593955575,0.1201970601601191,-0.6224752270133052,-0.9274745739175644,-0.4408825936849929
20.0,233.0,1000.9228515625,0.8244933528940794,0.1717593457825232,-2.3768181931737407,-0.0231454770857481,0.518855071084819,-0.571934593955575,0.1201970601601191,-0.6224752200468672,-0.9274745739175644,-0.4408825936849929
20.0,233.0,1000.9228515625,0.8244933528940794,0.1717593457825232,-2.3768181931737407,-0.0231454770857481,0.518855071084819,-0.571934593955575,0.1201970601601191,-0.6224752305254626,-0.9274745739175644,-0.4408825936849929
20.0,233.0,1000.9228515625,0.8244933528940794,0.1717593457825232,-2.3768181930330443,-0.0231454770857481,0.518855071084819,-0.571934593955575,0.1201970601601191,-0.6224752733749308,-0.9274745739175644,-0.4408825936849929
20.0,233.0,1000.9228515625,0.8244933528940794,0.1717593457825232,-2.37681819136488,-0.0231454774645114,0.5188550719914452,-0.571934593955575,0.1201970601601191,-0.6224750096081734,-0.9274745739175644,-0.4408825970711926
20.0,233.0,1000.9228515625,0.8244933528940794,0.1717593457825232,-2.3768181931737407,-0.0231454770857481,0.518855071084819,-0.571934593955575,0.1201970601601191,-0.6224752305254626,-0.9274745739175644,-0.4408825936849929
20.0,233.0,1000.9228515625,0.8244933528940794,0.1717593457825232,-2.3768181914227986,-0.0231454770857484,0.518855071084819,-0.571934593955575,0.1201970601601191,-0.6224755558012645,-0.9274745739175644,-0.4408825976836819
20.0,233.0,1000.9228515625,0.8244933528940794,0.1717593457825232,-2.3768181931737407,-0.0231454770857481,0.518855071084819,-0.571934593955575,0.1201970601601191,-0.6224752305254626,-0.9274745739175644,-0.4408825936849929
20.0,233.0,1000.9228515625,0.8244933528940739,0.1717593457825232,-2.3768181931737407,-0.0231454770855136,0.5188549783730564,-0.571934593955575,0.1201970601601191,-0.6224752103099741,-0.9274745739175644,-0.4408825952712734
20.0,233.0,1000.9228515625,0.8244933528940794,0.1717593457825232,-2.3768181930330443,-0.0231454770857481,0.518855071084819,-0.571934593955575,0.1201970601601191,-0.6224752733749308,-0.9274745739175644,-0.4408825936849929
20.0,233.0,1000.9228515625,0.8244933528940794,0.1717593457825232,-2.3768181931737407,-0.023145477085622,0.5188550651022683,-0.571934593955575,0.1201970601601191,-0.6224746016289248,-0.9274745739175644,-0.4408825936849929
20.0,233.0,1000.9228515625,0.8244933528940794,0.1717593457825232,-2.3768181931737407,-0.0231454770857481,0.518855071084819,-0.571934593955575,0.1201970601601191,-0.6224752305254626,-0.9274745739175644,-0.4408825936849929
20.0,233.0,1000.9228515625,0.8244933528941865,0.1717593457825232,-2.3768181931737407,-0.0231454770845309,0.5188549390173107,-0.571934593955575,0.1201970601601191,-0.6224745491760093,-0.9274745739175644,-0.440882595271642
20.0,233.0,1000.9228515625,0.8244933528940794,0.1717593457825232,-2.3768181941580337,-0.0231454774603887,0.518855071084819,-0.571934593955575,0.1201970601601191,-0.6224752305254626,-0.9274745739175644,-0.4408825936849929
20.0,233.0,1000.9228515625,0.8244933528940794,0.1717593457825232,-2.376818193162853,-0.023145477085272,0.5188551757530165,-0.571934593955575,0.1201970601601191,-0.6224752311841399,-0.9274745739175644,-0.4408825977336218
20.0,233.0,1000.9228515625,0.8244933528940739,0.1717593457825232,-2.376818193142241,-0.0231454770857598,0.5188549390173107,-0.571934593955575,0.1201970601601191,-0.6224752484967357,-0.9274745739175644,-0.440882595271642
20.0,234.0,1000.9228515625,0.8244933528940794,0.1717593457825232,-2.3768181931737407,-0.0231454770857481,0.518855071084819,-0.571934593955575,0.1201970601601191,-0.6224752305254626,-0.9274745739175644,-0.4408825936849929
20.0,234.0,1000.9228515625,0.8244933528940794,0.1717593457825232,-2.3768181941580337,-0.0231454774603887,0.518855071084819,-0.571934593955575,0.1201970601601191,-0.6224752305254626,-0.9274745739175644,-0.4408825936849929
20.0,234.0,1000.9228515625,0.8244933528940794,0.1717593457825232,-2.3768181930330443,-0.0231454770857481,0.518855071084819,-0.571934593955575,0.1201970601601191,-0.6224752733749308,-0.9274745739175644,-0.4408825936849929
20.0,234.0,1000.9228515625,0.8244933528940739,0.1717593457825232,-2.3768181931737407,-0.0231454770857601,0.5188549783730564,-0.571934593955575,0.1201970601601191,-0.6224752053231137,-0.9274745739175644,-0.440882595271642
20.0,234.0,1000.9228515625,0.8244933528940794,0.1717593457825232,-2.376818191353992,-0.0231454774599909,0.5188550210242336,-0.571934593955575,0.1201970601601191,-0.6224750096081734,-0.9274745739175644,-0.4408825939440672
20.0,234.0,1000.9228515625,0.8244933528940794,0.1717593457825232,-2.3768181931737407,-0.0231454770857481,0.518855071084819,-0.571934593955575,0.1201970601601191,-0.6224752305254626,-0.9274745739175644,-0.4408825936849929
20.0,234.0,1000.9228515625,0.8244933528940794,0.1717593457825232,-2.3768181931737407,-0.0231454770857481,0.518855071084819,-0.571934593955575,0.1201970601601191,-0.6224752305254626,-0.9274745739175644,-0.4408825936849929
20.0,234.0,1000.9228515625,0.8244933528940794,0.1717593457825232,-2.3768181931737407,-0.0231454770857481,0.518855071084819,-0.571934593955575,0.1201970601601191,-0.6224752305254626,-0.9274745739175644,-0.4408825936849929
20.0,234.0,1000.9228515625,0.8244933528940794,0.1717593457825232,-2.3768181931737407,-0.0231454770967385,0.5188550651022683,-0.571934593955575,0.1201970601601191,-0.6224745911503293,-0.9274745739175644,-0.4408825936849929
20.0,234.0,1000.9228515625,0.8244933528940794,0.1717593457825232,-2.376818191353992,-0.0231454774645114,0.518855179095853,-0.571934593955575,0.1201970601601191,-0.6224750096081734,-0.9274745739175644,-0.4408825977298948
20.0,234.0,1000.9228515625,0.8244933528940794,0.1717593457825232,-2.3768181931737407,-0.0231454770949002,0.518855071084819,-0.571934593955575,0.1201970601601191,-0.6224752305254626,-0.9274745739175644,-0.4408825936849929
20.0,234.0,1000.9228515625,0.8244933528940769,0.1717593457825232,-2.3768181931737407,-0.0231454770855083,0.5188548722225405,-0.571934593955575,0.1201970601601191,-0.6224752948063276,-0.9274745739175644,-0.4408825952815947
20.0,234.0,1000.9228515625,0.8244933528940794,0.1717593457825232,-2.3768181931737407,-0.02314547708576,0.5188549956056944,-0.571934593955575,0.1201970601601191,-0.6224752737358081,-0.9274745739175644,-0.4408825970749195
20.0,234.0,1000.9228515625,0.8244933528940794,0.1717593457825232,-2.3768181913912985,-0.0231454770857481,0.518855071084819,-0.571934593955575,0.1201970601601191,-0.6224752305254626,-0.9274745739175644,-0.4408825976836819
20.0,234.0,1000.9228515625,0.8244933528940739,0.1717593457825232,-2.3768181931737407,-0.0231454770857601,0.5188549390173107,-0.571934593955575,0.1201970601601191,-0.6224745491760093,-0.9274745739175644,-0.440882595271642
20.0,234.0,1000.9228515625,0.8244933528940794,0.1717593457825232,-2.3768181931737407,-0.0231454770857481,0.5188550631229458,-0.571934593955575,0.1201970601601191,-0.6224752305254626,-0.9274745739175644,-0.4408825936849929
20.0,234.0,1000.9228515625,0.8244933528940794,0.1717593457825232,-2.376818192963925,-0.0231454770811601,0.518855071084819,-0.571934593955575,0.1201970601601191,-0.6224752733749308,-0.9274745739175644,-0.4408825936849929
20.0,234.0,1000.9228515625,0.8244933528940794,0.1717593457825232,-2.3768181931737407,-0.0231454770857481,0.518855071084819,-0.571934593955575,0.1201970601601191,-0.6224753292271257,-0.9274745739175644,-0.4408825936849929
20.0,234.0,1000.9228515625,0.8244933528940794,0.1717593457825232,-2.3768181931737407,-0.023145477085272,0.5188550686486088,-0.571934593955575,0.1201970601601191,-0.6224752311841399,-0.9274745739175644,-0.4408825970749195
20.0,234.0,1000.9228515625,0.8244933528940794,0.1717593457825232,-2.3768181931737407,-0.023145477085622,0.5188550651022683,-0.571934593955575,0.1201970601601191,-0.6224745911503293,-0.9274745739175644,-0.4408825936849929
20.0,234.0,1000.9228515625,0.8244933528940769,0.1717593457825232,-2.3768181931737407,-0.0231454770857547,0.5188548722225405,-0.571934593955575,0.1201970601601191,-0.6224752898194671,-0.9274745739175644,-0.4408825952819633
20.0,234.0,1000.9228515625,0.8244933528941869,0.1717593457825232,-2.3768181931737407,-0.0231454770845309,0.5188549390173107,-0.571934593955575,0.1201970601601191,-0.6224745491760093,-0.9274745739175644,-0.440882595271642
20.0,234.0,1000.9228515625,0.8244933528940794,0.1717593457825232,-2.3768181931737407,-0.0231454770857391,0.518855071084819,-0.571934593955575,0.1201970601601191,-0.6224753292271257,-0.9274745739175644,-0.440882595319649
20.0,234.0,1000.9228515625,0.8244933528940794,0.1717593457825232,-2.3768181930330443,-0.0231454770857481,0.518855071084819,-0.571934593955575,0.1201970601601191,-0.6224752733749308,-0.9274745739175644,-0.4408825936849929
20.0,234.0,1000.9228515625,0.8244933528940794,0.1717593457825232,-2.376818193061033,-0.0231454770857481,0.518855071084819,-0.571934593955575,0.1201970601601191,-0.6224754177054583,-0.9274745739175644,-0.4408825976836819
20.0,234.0,1000.9228515625,0.8244933528940739,0.1717593457825232,-2.3768181931737407,-0.0231454770857601,0.5188549390173107,-0.571934593955575,0.1201970601601191,-0.6224755737725376,-0.9274745739175644,-0.440882595271642
20.0,234.0,1000.9228515625,0.8244933528940794,0.1717593457825232,-2.3768181913912985,-0.0231454770968646,0.518855071084819,-0.571934593955575,0.1201970601601191,-0.6224752305254626,-0.9274745739175644,-0.4408825976836819
20.0,234.0,1000.9228515625,0.8244933528940739,0.1717593457825232,-2.3768181931737407,-0.0231454770855136,0.5188549783730564,-0.571934593955575,0.1201970601601191,-0.6224752103099741,-0.9274745739175644,-0.4408825952712734
20.0,234.0,1000.9228515625,0.8244933528940794,0.1717593457825232,-2.3768181931737407,-0.0231454770857481,0.518855071084819,-0.571934593955575,0.1201970601601191,-0.6224752305254626,-0.9274745739175644,-0.4408825936849929
20.0,234.0,1000.9228515625,0.8244933528940739,0.1717593457825232,-2.3768181931737407,-0.023145477085748,0.5188549783730564,-0.571934593955575,0.1201970601601191,-0.6224752063261246,-0.9274745739175644,-0.4408822358767253
20.0,234.0,1000.9228515625,0.8244933528940794,0.1717593457825232,-2.3768181931737407,-0.0231454773767155,0.5188550651022683,-0.571934593955575,0.1201970601601191,-0.6224745267222752,-0.9274745739175644,-0.4408825936849929
20.0,234.0,1000.9228515625,0.8244933528940794,0.1717593457825232,-2.3768181931737407,-0.02314547708576,0.5188549956056944,-0.571934593955575,0.1201970601601191,-0.6224752737358081,-0.9274745739175644,-0.4408825970749195
20.0,234.0,1000.9228515625,0.8244933528940739,0.1717593457825232,-2.3768181931737407,-0.0231454770857475,0.5188549390173107,-0.571934593955575,0.1201970601601191,-0.6224755795723167,-0.9274745739175644,-0.440882595271642
20.0,234.0,1000.9228515625,0.8244933528940794,0.1717593457825232,-2.3768181931737407,-0.0231454770857481,0.518855071084819,-0.571934593955575,0.1201970601601191,-0.6224752305254626,-0.9274745739175644,-0.4408825936849929
20.0,234.0,1000.9228515625,0.8244933528940794,0.1717593457825232,-2.3768181931737407,-0.0231454770857481,0.518855071084819,-0.571934593955575,0.1201970601601191,-0.6224752270133052,-0.9274745739175644,-0.4408825936849929
20.0,234.0,1000.9228515625,0.8244933528940794,0.1717593457825232,-2.3768181931737407,-0.0231454770857481,0.518855071084819,-0.571934593955575,0.1201970601601191,-0.6224752200468672,-0.9274745739175644,-0.4408825936849929
20.0,234.0,1000.9228515625,0.8244933528940794,0.1717593457825232,-2.3768181931737407,-0.0231454770857481,0.518855071084819,-0.571934593955575,0.1201970601601191,-0.6224752305254626,-0.9274745739175644,-0.4408825936849929
20.0,234.0,1000.9228515625,0.8244933528940794,0.1717593457825232,-2.3768181930330443,-0.0231454770857481,0.518855071084819,-0.571934593955575,0.1201970601601191,-0.6224752733749308,-0.9274745739175644,-0.4408825936849929
20.0,234.0,1000.9228515625,0.8244933528940794,0.1717593457825232,-2.37681819136488,-0.0231454774645114,0.5188550719914452,-0.571934593955575,0.1201970601601191,-0.6224750096081734,-0.9274745739175644,-0.4408825970711926
20.0,234.0,1000.9228515625,0.8244933528940794,0.1717593457825232,-2.3768181931737407,-0.0231454770857481,0.518855071084819,-0.571934593955575,0.1201970601601191,-0.6224752305254626,-0.9274745739175644,-0.4408825936849929
20.0,234.0,1000.9228515625,0.8244933528940794,0.1717593457825232,-2.3768181914227986,-0.0231454770857484,0.518855071084819,-0.571934593955575,0.1201970601601191,-0.6224755558012645,-0.9274745739175644,-0.4408825976836819
20.0,234.0,1000.9228515625,0.8244933528940794,0.1717593457825232,-2.3768181931737407,-0.0231454770857481,0.518855071084819,-0.571934593955575,0.1201970601601191,-0.6224752305254626,-0.9274745739175644,-0.4408825936849929
20.0,234.0,1000.9228515625,0.8244933528940739,0.1717593457825232,-2.3768181931737407,-0.0231454770855136,0.5188549783730564,-0.571934593955575,0.1201970601601191,-0.6224752103099741,-0.9274745739175644,-0.4408825952712734
20.0,234.0,1000.9228515625,0.8244933528940794,0.1717593457825232,-2.3768181930330443,-0.0231454770857481,0.518855071084819,-0.571934593955575,0.1201970601601191,-0.6224752733749308,-0.9274745739175644,-0.4408825936849929
20.0,234.0,1000.9228515625,0.8244933528940794,0.1717593457825232,-2.3768181931737407,-0.023145477085622,0.5188550651022683,-0.571934593955575,0.1201970601601191,-0.6224746016289248,-0.9274745739175644,-0.4408825936849929
20.0,234.0,1000.9228515625,0.8244933528940794,0.1717593457825232,-2.3768181931737407,-0.0231454770857481,0.518855071084819,-0.571934593955575,0.1201970601601191,-0.6224752305254626,-0.9274745739175644,-0.4408825936849929
20.0,234.0,1000.9228515625,0.8244933528941865,0.1717593457825232,-2.3768181931737407,-0.0231454770845309,0.5188549390173107,-0.571934593955575,0.1201970601601191,-0.6224745491760093,-0.9274745739175644,-0.440882595271642
20.0,234.0,1000.9228515625,0.8244933528940794,0.1717593457825232,-2.3768181941580337,-0.0231454774603887,0.518855071084819,-0.571934593955575,0.1201970601601191,-0.6224752305254626,-0.9274745739175644,-0.4408825936849929
20.0,234.0,1000.9228515625,0.8244933528940794,0.1717593457825232,-2.376818193162853,-0.023145477085272,0.5188551757530165,-0.571934593955575,0.1201970601601191,-0.6224752311841399,-0.9274745739175644,-0.4408825977336218
20.0,234.0,1000.9228515625,0.8244933528940739,0.1717593457825232,-2.376818193142241,-0.0231454770857598,0.5188549390173107,-0.571934593955575,0.1201970601601191,-0.6224752484967357,-0.9274745739175644,-0.440882595271642
20.0,235.0,1000.9228515625,0.8244933528940794,0.1717593457825232,-2.3768181931737407,-0.0231454770857481,0.518855071084819,-0.571934593955575,0.1201970601601191,-0.6224752305254626,-0.9274745739175644,-0.4408825936849929
20.0,235.0,1000.9228515625,0.8244933528940794,0.1717593457825232,-2.3768181941580337,-0.0231454774603887,0.518855071084819,-0.571934593955575,0.1201970601601191,-0.6224752305254626,-0.9274745739175644,-0.4408825936849929
20.0,235.0,1000.9228515625,0.8244933528940794,0.1717593457825232,-2.3768181930330443,-0.0231454770857481,0.518855071084819,-0.571934593955575,0.1201970601601191,-0.6224752733749308,-0.9274745739175644,-0.4408825936849929
20.0,235.0,1000.9228515625,0.8244933528940739,0.1717593457825232,-2.3768181931737407,-0.0231454770857601,0.5188549783730564,-0.571934593955575,0.1201970601601191,-0.6224752053231137,-0.9274745739175644,-0.440882595271642
20.0,235.0,1000.9228515625,0.8244933528940794,0.1717593457825232,-2.376818191353992,-0.0231454774599909,0.5188550210242336,-0.571934593955575,0.1201970601601191,-0.6224750096081734,-0.9274745739175644,-0.4408825939440672
20.0,235.0,1000.9228515625,0.8244933528940794,0.1717593457825232,-2.3768181931737407,-0.0231454770857481,0.518855071084819,-0.571934593955575,0.1201970601601191,-0.6224752305254626,-0.9274745739175644,-0.4408825936849929
20.0,235.0,1000.9228515625,0.8244933528940794,0.1717593457825232,-2.3768181931737407,-0.0231454770857481,0.518855071084819,-0.571934593955575,0.1201970601601191,-0.6224752305254626,-0.9274745739175644,-0.4408825936849929
20.0,235.0,1000.9228515625,0.8244933528940794,0.1717593457825232,-2.3768181931737407,-0.0231454770857481,0.518855071084819,-0.571934593955575,0.1201970601601191,-0.6224752305254626,-0.9274745739175644,-0.4408825936849929
20.0,235.0,1000.9228515625,0.8244933528940794,0.1717593457825232,-2.3768181931737407,-0.0231454770967385,0.5188550651022683,-0.571934593955575,0.1201970601601191,-0.6224745911503293,-0.9274745739175644,-0.4408825936849929
20.0,235.0,1000.9228515625,0.8244933528940794,0.1717593457825232,-2.376818191353992,-0.0231454774645114,0.518855179095853,-0.571934593955575,0.1201970601601191,-0.6224750096081734,-0.9274745739175644,-0.4408825977298948
20.0,235.0,1000.9228515625,0.8244933528940794,0.1717593457825232,-2.3768181931737407,-0.0231454770949002,0.518855071084819,-0.571934593955575,0.1201970601601191,-0.6224752305254626,-0.9274745739175644,-0.4408825936849929
20.0,235.0,1000.9228515625,0.8244933528940769,0.1717593457825232,-2.3768181931737407,-0.0231454770855083,0.5188548722225405,-0.571934593955575,0.1201970601601191,-0.6224752948063276,-0.9274745739175644,-0.4408825952815947
20.0,235.0,1000.9228515625,0.8244933528940794,0.1717593457825232,-2.3768181931737407,-0.02314547708576,0.5188549956056944,-0.571934593955575,0.1201970601601191,-0.6224752737358081,-0.9274745739175644,-0.4408825970749195
20.0,235.0,1000.9228515625,0.8244933528940794,0.1717593457825232,-2.3768181913912985,-0.0231454770857481,0.518855071084819,-0.571934593955575,0.1201970601601191,-0.6224752305254626,-0.9274745739175644,-0.4408825976836819
20.0,235.0,1000.9228515625,0.8244933528940739,0.1717593457825232,-2.3768181931737407,-0.0231454770857601,0.5188549390173107,-0.571934593955575,0.1201970601601191,-0.6224745491760093,-0.9274745739175644,-0.440882595271642
20.0,235.0,1000.9228515625,0.8244933528940794,0.1717593457825232,-2.3768181931737407,-0.0231454770857481,0.5188550631229458,-0.571934593955575,0.1201970601601191,-0.6224752305254626,-0.9274745739175644,-0.4408825936849929
20.0,235.0,1000.9228515625,0.8244933528940794,0.1717593457825232,-2.376818192963925,-0.0231454770811601,0.518855071084819,-0.571934593955575,0.1201970601601191,-0.6224752733749308,-0.9274745739175644,-0.4408825936849929
20.0,235.0,1000.9228515625,0.8244933528940794,0.1717593457825232,-2.3768181931737407,-0.0231454770857481,0.518855071084819,-0.571934593955575,0.1201970601601191,-0.6224753292271257,-0.9274745739175644,-0.4408825936849929
20.0,235.0,1000.9228515625,0.8244933528940794,0.1717593457825232,-2.3768181931737407,-0.023145477085272,0.5188550686486088,-0.571934593955575,0.1201970601601191,-0.6224752311841399,-0.9274745739175644,-0.4408825970749195
20.0,235.0,1000.9228515625,0.8244933528940794,0.1717593457825232,-2.3768181931737407,-0.023145477085622,0.5188550651022683,-0.571934593955575,0.1201970601601191,-0.6224745911503293,-0.9274745739175644,-0.4408825936849929
20.0,235.0,1000.9228515625,0.8244933528940769,0.1717593457825232,-2.3768181931737407,-0.0231454770857547,0.5188548722225405,-0.571934593955575,0.1201970601601191,-0.6224752898194671,-0.9274745739175644,-0.4408825952819633
20.0,235.0,1000.9228515625,0.8244933528941869,0.1717593457825232,-2.3768181931737407,-0.0231454770845309,0.5188549390173107,-0.571934593955575,0.1201970601601191,-0.6224745491760093,-0.9274745739175644,-0.440882595271642
20.0,235.0,1000.9228515625,0.8244933528940794,0.1717593457825232,-2.3768181931737407,-0.0231454770857391,0.518855071084819,-0.571934593955575,0.1201970601601191,-0.6224753292271257,-0.9274745739175644,-0.440882595319649
20.0,235.0,1000.9228515625,0.8244933528940794,0.1717593457825232,-2.3768181930330443,-0.0231454770857481,0.518855071084819,-0.571934593955575,0.1201970601601191,-0.6224752733749308,-0.9274745739175644,-0.4408825936849929
20.0,235.0,1000.9228515625,0.8244933528940794,0.1717593457825232,-2.376818193061033,-0.0231454770857481,0.518855071084819,-0.571934593955575,0.1201970601601191,-0.6224754177054583,-0.9274745739175644,-0.4408825976836819
20.0,235.0,1000.9228515625,0.8244933528940739,0.1717593457825232,-2.3768181931737407,-0.0231454770857601,0.5188549390173107,-0.571934593955575,0.1201970601601191,-0.6224755737725376,-0.9274745739175644,-0.440882595271642
20.0,235.0,1000.9228515625,0.8244933528940794,0.1717593457825232,-2.3768181913912985,-0.0231454770968646,0.518855071084819,-0.571934593955575,0.1201970601601191,-0.6224752305254626,-0.9274745739175644,-0.4408825976836819
20.0,235.0,1000.9228515625,0.8244933528940739,0.1717593457825232,-2.3768181931737407,-0.0231454770855136,0.5188549783730564,-0.571934593955575,0.1201970601601191,-0.6224752103099741,-0.9274745739175644,-0.4408825952712734
20.0,235.0,1000.9228515625,0.8244933528940794,0.1717593457825232,-2.3768181931737407,-0.0231454770857481,0.518855071084819,-0.571934593955575,0.1201970601601191,-0.6224752305254626,-0.9274745739175644,-0.4408825936849929
20.0,235.0,1000.9228515625,0.8244933528940739,0.1717593457825232,-2.3768181931737407,-0.023145477085748,0.5188549783730564,-0.571934593955575,0.1201970601601191,-0.6224752063261246,-0.9274745739175644,-0.4408822358767253
20.0,235.0,1000.9228515625,0.8244933528940794,0.1717593457825232,-2.3768181931737407,-0.0231454773767155,0.5188550651022683,-0.571934593955575,0.1201970601601191,-0.6224745267222752,-0.9274745739175644,-0.4408825936849929
20.0,235.0,1000.9228515625,0.8244933528940794,0.1717593457825232,-2.3768181931737407,-0.02314547708576,0.5188549956056944,-0.571934593955575,0.1201970601601191,-0.6224752737358081,-0.9274745739175644,-0.4408825970749195
20.0,235.0,1000.9228515625,0.8244933528940739,0.1717593457825232,-2.3768181931737407,-0.0231454770857475,0.5188549390173107,-0.571934593955575,0.1201970601601191,-0.6224755795723167,-0.9274745739175644,-0.440882595271642
20.0,235.0,1000.9228515625,0.8244933528940794,0.1717593457825232,-2.3768181931737407,-0.0231454770857481,0.518855071084819,-0.571934593955575,0.1201970601601191,-0.6224752305254626,-0.9274745739175644,-0.4408825936849929
20.0,235.0,1000.9228515625,0.8244933528940794,0.1717593457825232,-2.3768181931737407,-0.0231454770857481,0.518855071084819,-0.571934593955575,0.1201970601601191,-0.6224752270133052,-0.9274745739175644,-0.4408825936849929
20.0,235.0,1000.9228515625,0.8244933528940794,0.1717593457825232,-2.3768181931737407,-0.0231454770857481,0.518855071084819,-0.571934593955575,0.1201970601601191,-0.6224752200468672,-0.9274745739175644,-0.4408825936849929
20.0,235.0,1000.9228515625,0.8244933528940794,0.1717593457825232,-2.3768181931737407,-0.0231454770857481,0.518855071084819,-0.571934593955575,0.1201970601601191,-0.6224752305254626,-0.9274745739175644,-0.4408825936849929
20.0,235.0,1000.9228515625,0.8244933528940794,0.1717593457825232,-2.3768181930330443,-0.0231454770857481,0.518855071084819,-0.571934593955575,0.1201970601601191,-0.6224752733749308,-0.9274745739175644,-0.4408825936849929
20.0,235.0,1000.9228515625,0.8244933528940794,0.1717593457825232,-2.37681819136488,-0.0231454774645114,0.5188550719914452,-0.571934593955575,0.1201970601601191,-0.6224750096081734,-0.9274745739175644,-0.4408825970711926
20.0,235.0,1000.9228515625,0.8244933528940794,0.1717593457825232,-2.3768181931737407,-0.0231454770857481,0.518855071084819,-0.571934593955575,0.1201970601601191,-0.6224752305254626,-0.9274745739175644,-0.4408825936849929
20.0,235.0,1000.9228515625,0.8244933528940794,0.1717593457825232,-2.3768181914227986,-0.0231454770857484,0.518855071084819,-0.571934593955575,0.1201970601601191,-0.6224755558012645,-0.9274745739175644,-0.4408825976836819
20.0,235.0,1000.9228515625,0.8244933528940794,0.1717593457825232,-2.3768181931737407,-0.0231454770857481,0.518855071084819,-0.571934593955575,0.1201970601601191,-0.6224752305254626,-0.9274745739175644,-0.4408825936849929
20.0,235.0,1000.9228515625,0.8244933528940739,0.1717593457825232,-2.3768181931737407,-0.0231454770855136,0.5188549783730564,-0.571934593955575,0.1201970601601191,-0.6224752103099741,-0.9274745739175644,-0.4408825952712734
20.0,235.0,1000.9228515625,0.8244933528940794,0.1717593457825232,-2.3768181930330443,-0.0231454770857481,0.518855071084819,-0.571934593955575,0.1201970601601191,-0.6224752733749308,-0.9274745739175644,-0.4408825936849929
20.0,235.0,1000.9228515625,0.8244933528940794,0.1717593457825232,-2.3768181931737407,-0.023145477085622,0.5188550651022683,-0.571934593955575,0.1201970601601191,-0.6224746016289248,-0.9274745739175644,-0.4408825936849929
20.0,235.0,1000.9228515625,0.8244933528940794,0.1717593457825232,-2.3768181931737407,-0.0231454770857481,0.518855071084819,-0.571934593955575,0.1201970601601191,-0.6224752305254626,-0.9274745739175644,-0.4408825936849929
20.0,235.0,1000.9228515625,0.8244933528941865,0.1717593457825232,-2.3768181931737407,-0.0231454770845309,0.5188549390173107,-0.571934593955575,0.1201970601601191,-0.6224745491760093,-0.9274745739175644,-0.440882595271642
20.0,235.0,1000.9228515625,0.8244933528940794,0.1717593457825232,-2.3768181941580337,-0.0231454774603887,0.518855071084819,-0.571934593955575,0.1201970601601191,-0.6224752305254626,-0.9274745739175644,-0.4408825936849929
20.0,235.0,1000.9228515625,0.8244933528940794,0.1717593457825232,-2.376818193162853,-0.023145477085272,0.5188551757530165,-0.571934593955575,0.1201970601601191,-0.6224752311841399,-0.9274745739175644,-0.4408825977336218
20.0,235.0,1000.9228515625,0.8244933528940739,0.1717593457825232,-2.376818193142241,-0.0231454770857598,0.5188549390173107,-0.571934593955575,0.1201970601601191,-0.6224752484967357,-0.9274745739175644,-0.440882595271642
20.0,236.0,1000.9228515625,0.8244933528940794,0.1717593457825232,-2.3768181931737407,-0.0231454770857481,0.518855071084819,-0.571934593955575,0.1201970601601191,-0.6224752305254626,-0.9274745739175644,-0.4408825936849929
20.0,236.0,1000.9228515625,0.8244933528940794,0.1717593457825232,-2.3768181941580337,-0.0231454774603887,0.518855071084819,-0.571934593955575,0.1201970601601191,-0.6224752305254626,-0.9274745739175644,-0.4408825936849929
20.0,236.0,1000.9228515625,0.8244933528940794,0.1717593457825232,-2.3768181930330443,-0.0231454770857481,0.518855071084819,-0.571934593955575,0.1201970601601191,-0.6224752733749308,-0.9274745739175644,-0.4408825936849929
20.0,236.0,1000.9228515625,0.8244933528940739,0.1717593457825232,-2.3768181931737407,-0.0231454770857601,0.5188549783730564,-0.571934593955575,0.1201970601601191,-0.6224752053231137,-0.9274745739175644,-0.440882595271642
20.0,236.0,1000.9228515625,0.8244933528940794,0.1717593457825232,-2.376818191353992,-0.0231454774599909,0.5188550210242336,-0.571934593955575,0.1201970601601191,-0.6224750096081734,-0.9274745739175644,-0.4408825939440672
20.0,236.0,1000.9228515625,0.8244933528940794,0.1717593457825232,-2.3768181931737407,-0.0231454770857481,0.518855071084819,-0.571934593955575,0.1201970601601191,-0.6224752305254626,-0.9274745739175644,-0.4408825936849929
20.0,236.0,1000.9228515625,0.8244933528940794,0.1717593457825232,-2.3768181931737407,-0.0231454770857481,0.518855071084819,-0.571934593955575,0.1201970601601191,-0.6224752305254626,-0.9274745739175644,-0.4408825936849929
20.0,236.0,1000.9228515625,0.8244933528940794,0.1717593457825232,-2.3768181931737407,-0.0231454770857481,0.518855071084819,-0.571934593955575,0.1201970601601191,-0.6224752305254626,-0.9274745739175644,-0.4408825936849929
20.0,236.0,1000.9228515625,0.8244933528940794,0.1717593457825232,-2.3768181931737407,-0.0231454770967385,0.5188550651022683,-0.571934593955575,0.1201970601601191,-0.6224745911503293,-0.9274745739175644,-0.4408825936849929
20.0,236.0,1000.9228515625,0.8244933528940794,0.1717593457825232,-2.376818191353992,-0.0231454774645114,0.518855179095853,-0.571934593955575,0.1201970601601191,-0.6224750096081734,-0.9274745739175644,-0.4408825977298948
20.0,236.0,1000.9228515625,0.8244933528940794,0.1717593457825232,-2.3768181931737407,-0.0231454770949002,0.518855071084819,-0.571934593955575,0.1201970601601191,-0.6224752305254626,-0.9274745739175644,-0.4408825936849929
20.0,236.0,1000.9228515625,0.8244933528940769,0.1717593457825232,-2.3768181931737407,-0.0231454770855083,0.5188548722225405,-0.571934593955575,0.1201970601601191,-0.6224752948063276,-0.9274745739175644,-0.4408825952815947
20.0,236.0,1000.9228515625,0.8244933528940794,0.1717593457825232,-2.3768181931737407,-0.02314547708576,0.5188549956056944,-0.571934593955575,0.1201970601601191,-0.6224752737358081,-0.9274745739175644,-0.4408825970749195
20.0,236.0,1000.9228515625,0.8244933528940794,0.1717593457825232,-2.3768181913912985,-0.0231454770857481,0.518855071084819,-0.571934593955575,0.1201970601601191,-0.6224752305254626,-0.9274745739175644,-0.4408825976836819
20.0,236.0,1000.9228515625,0.8244933528940739,0.1717593457825232,-2.3768181931737407,-0.0231454770857601,0.5188549390173107,-0.571934593955575,0.1201970601601191,-0.6224745491760093,-0.9274745739175644,-0.440882595271642
20.0,236.0,1000.9228515625,0.8244933528940794,0.1717593457825232,-2.3768181931737407,-0.0231454770857481,0.5188550631229458,-0.571934593955575,0.1201970601601191,-0.6224752305254626,-0.9274745739175644,-0.4408825936849929
20.0,236.0,1000.9228515625,0.8244933528940794,0.1717593457825232,-2.376818192963925,-0.0231454770811601,0.518855071084819,-0.571934593955575,0.1201970601601191,-0.6224752733749308,-0.9274745739175644,-0.4408825936849929
20.0,236.0,1000.9228515625,0.8244933528940794,0.1717593457825232,-2.3768181931737407,-0.0231454770857481,0.518855071084819,-0.571934593955575,0.1201970601601191,-0.6224753292271257,-0.9274745739175644,-0.4408825936849929
20.0,236.0,1000.9228515625,0.8244933528940794,0.1717593457825232,-2.3768181931737407,-0.023145477085272,0.5188550686486088,-0.571934593955575,0.1201970601601191,-0.6224752311841399,-0.9274745739175644,-0.4408825970749195
20.0,236.0,1000.9228515625,0.8244933528940794,0.1717593457825232,-2.3768181931737407,-0.023145477085622,0.5188550651022683,-0.571934593955575,0.1201970601601191,-0.6224745911503293,-0.9274745739175644,-0.4408825936849929
20.0,236.0,1000.9228515625,0.8244933528940769,0.1717593457825232,-2.3768181931737407,-0.0231454770857547,0.5188548722225405,-0.571934593955575,0.1201970601601191,-0.6224752898194671,-0.9274745739175644,-0.4408825952819633
20.0,236.0,1000.9228515625,0.8244933528941869,0.1717593457825232,-2.3768181931737407,-0.0231454770845309,0.5188549390173107,-0.571934593955575,0.1201970601601191,-0.6224745491760093,-0.9274745739175644,-0.440882595271642
20.0,236.0,1000.9228515625,0.8244933528940794,0.1717593457825232,-2.3768181931737407,-0.0231454770857391,0.518855071084819,-0.571934593955575,0.1201970601601191,-0.6224753292271257,-0.9274745739175644,-0.440882595319649
20.0,236.0,1000.9228515625,0.8244933528940794,0.1717593457825232,-2.3768181930330443,-0.0231454770857481,0.518855071084819,-0.571934593955575,0.1201970601601191,-0.6224752733749308,-0.9274745739175644,-0.4408825936849929
20.0,236.0,1000.9228515625,0.8244933528940794,0.1717593457825232,-2.376818193061033,-0.0231454770857481,0.518855071084819,-0.571934593955575,0.1201970601601191,-0.6224754177054583,-0.9274745739175644,-0.4408825976836819
20.0,236.0,1000.9228515625,0.8244933528940739,0.1717593457825232,-2.3768181931737407,-0.0231454770857601,0.5188549390173107,-0.571934593955575,0.1201970601601191,-0.6224755737725376,-0.9274745739175644,-0.440882595271642
20.0,236.0,1000.9228515625,0.8244933528940794,0.1717593457825232,-2.3768181913912985,-0.0231454770968646,0.518855071084819,-0.571934593955575,0.1201970601601191,-0.6224752305254626,-0.9274745739175644,-0.4408825976836819
20.0,236.0,1000.9228515625,0.8244933528940739,0.1717593457825232,-2.3768181931737407,-0.0231454770855136,0.5188549783730564,-0.571934593955575,0.1201970601601191,-0.6224752103099741,-0.9274745739175644,-0.4408825952712734
20.0,236.0,1000.9228515625,0.8244933528940794,0.1717593457825232,-2.3768181931737407,-0.0231454770857481,0.518855071084819,-0.571934593955575,0.1201970601601191,-0.6224752305254626,-0.9274745739175644,-0.4408825936849929
20.0,236.0,1000.9228515625,0.8244933528940739,0.1717593457825232,-2.3768181931737407,-0.023145477085748,0.5188549783730564,-0.571934593955575,0.1201970601601191,-0.6224752063261246,-0.9274745739175644,-0.4408822358767253
20.0,236.0,1000.9228515625,0.8244933528940794,0.1717593457825232,-2.3768181931737407,-0.0231454773767155,0.5188550651022683,-0.571934593955575,0.1201970601601191,-0.6224745267222752,-0.9274745739175644,-0.4408825936849929
20.0,236.0,1000.9228515625,0.8244933528940794,0.1717593457825232,-2.3768181931737407,-0.02314547708576,0.5188549956056944,-0.571934593955575,0.1201970601601191,-0.6224752737358081,-0.9274745739175644,-0.4408825970749195
20.0,236.0,1000.9228515625,0.8244933528940739,0.1717593457825232,-2.3768181931737407,-0.0231454770857475,0.5188549390173107,-0.571934593955575,0.1201970601601191,-0.6224755795723167,-0.9274745739175644,-0.440882595271642
20.0,236.0,1000.9228515625,0.8244933528940794,0.1717593457825232,-2.3768181931737407,-0.0231454770857481,0.518855071084819,-0.571934593955575,0.1201970601601191,-0.6224752305254626,-0.9274745739175644,-0.4408825936849929
20.0,236.0,1000.9228515625,0.8244933528940794,0.1717593457825232,-2.3768181931737407,-0.0231454770857481,0.518855071084819,-0.571934593955575,0.1201970601601191,-0.6224752270133052,-0.9274745739175644,-0.4408825936849929
20.0,236.0,1000.9228515625,0.8244933528940794,0.1717593457825232,-2.3768181931737407,-0.0231454770857481,0.518855071084819,-0.571934593955575,0.1201970601601191,-0.6224752200468672,-0.9274745739175644,-0.4408825936849929
20.0,236.0,1000.9228515625,0.8244933528940794,0.1717593457825232,-2.3768181931737407,-0.0231454770857481,0.518855071084819,-0.571934593955575,0.1201970601601191,-0.6224752305254626,-0.9274745739175644,-0.4408825936849929
20.0,236.0,1000.9228515625,0.8244933528940794,0.1717593457825232,-2.3768181930330443,-0.0231454770857481,0.518855071084819,-0.571934593955575,0.1201970601601191,-0.6224752733749308,-0.9274745739175644,-0.4408825936849929
20.0,236.0,1000.9228515625,0.8244933528940794,0.1717593457825232,-2.37681819136488,-0.0231454774645114,0.5188550719914452,-0.571934593955575,0.1201970601601191,-0.6224750096081734,-0.9274745739175644,-0.4408825970711926
20.0,236.0,1000.9228515625,0.8244933528940794,0.1717593457825232,-2.3768181931737407,-0.0231454770857481,0.518855071084819,-0.571934593955575,0.1201970601601191,-0.6224752305254626,-0.9274745739175644,-0.4408825936849929
20.0,236.0,1000.9228515625,0.8244933528940794,0.1717593457825232,-2.3768181914227986,-0.0231454770857484,0.518855071084819,-0.571934593955575,0.1201970601601191,-0.6224755558012645,-0.9274745739175644,-0.4408825976836819
20.0,236.0,1000.9228515625,0.8244933528940794,0.1717593457825232,-2.3768181931737407,-0.0231454770857481,0.518855071084819,-0.571934593955575,0.1201970601601191,-0.6224752305254626,-0.9274745739175644,-0.4408825936849929
20.0,236.0,1000.9228515625,0.8244933528940739,0.1717593457825232,-2.3768181931737407,-0.0231454770855136,0.5188549783730564,-0.571934593955575,0.1201970601601191,-0.6224752103099741,-0.9274745739175644,-0.4408825952712734
20.0,236.0,1000.9228515625,0.8244933528940794,0.1717593457825232,-2.3768181930330443,-0.0231454770857481,0.518855071084819,-0.571934593955575,0.1201970601601191,-0.6224752733749308,-0.9274745739175644,-0.4408825936849929
20.0,236.0,1000.9228515625,0.8244933528940794,0.1717593457825232,-2.3768181931737407,-0.023145477085622,0.5188550651022683,-0.571934593955575,0.1201970601601191,-0.6224746016289248,-0.9274745739175644,-0.4408825936849929
20.0,236.0,1000.9228515625,0.8244933528940794,0.1717593457825232,-2.3768181931737407,-0.0231454770857481,0.518855071084819,-0.571934593955575,0.1201970601601191,-0.6224752305254626,-0.9274745739175644,-0.4408825936849929
20.0,236.0,1000.9228515625,0.8244933528941865,0.1717593457825232,-2.3768181931737407,-0.0231454770845309,0.5188549390173107,-0.571934593955575,0.1201970601601191,-0.6224745491760093,-0.9274745739175644,-0.440882595271642
20.0,236.0,1000.9228515625,0.8244933528940794,0.1717593457825232,-2.3768181941580337,-0.0231454774603887,0.518855071084819,-0.571934593955575,0.1201970601601191,-0.6224752305254626,-0.9274745739175644,-0.4408825936849929
20.0,236.0,1000.9228515625,0.8244933528940794,0.1717593457825232,-2.376818193162853,-0.023145477085272,0.5188551757530165,-0.571934593955575,0.1201970601601191,-0.6224752311841399,-0.9274745739175644,-0.4408825977336218
20.0,236.0,1000.9228515625,0.8244933528940739,0.1717593457825232,-2.376818193142241,-0.0231454770857598,0.5188549390173107,-0.571934593955575,0.1201970601601191,-0.6224752484967357,-0.9274745739175644,-0.440882595271642
20.0,237.0,1000.9228515625,0.8244933528940794,0.1717593457825232,-2.3768181931737407,-0.0231454770857481,0.518855071084819,-0.571934593955575,0.1201970601601191,-0.6224752305254626,-0.9274745739175644,-0.4408825936849929
20.0,237.0,1000.9228515625,0.8244933528940794,0.1717593457825232,-2.3768181941580337,-0.0231454774603887,0.518855071084819,-0.571934593955575,0.1201970601601191,-0.6224752305254626,-0.9274745739175644,-0.4408825936849929
20.0,237.0,1000.9228515625,0.8244933528940794,0.1717593457825232,-2.3768181930330443,-0.0231454770857481,0.518855071084819,-0.571934593955575,0.1201970601601191,-0.6224752733749308,-0.9274745739175644,-0.4408825936849929
20.0,237.0,1000.9228515625,0.8244933528940739,0.1717593457825232,-2.3768181931737407,-0.0231454770857601,0.5188549783730564,-0.571934593955575,0.1201970601601191,-0.6224752053231137,-0.9274745739175644,-0.440882595271642
20.0,237.0,1000.9228515625,0.8244933528940794,0.1717593457825232,-2.376818191353992,-0.0231454774599909,0.5188550210242336,-0.571934593955575,0.1201970601601191,-0.6224750096081734,-0.9274745739175644,-0.4408825939440672
20.0,237.0,1000.9228515625,0.8244933528940794,0.1717593457825232,-2.3768181931737407,-0.0231454770857481,0.518855071084819,-0.571934593955575,0.1201970601601191,-0.6224752305254626,-0.9274745739175644,-0.4408825936849929
20.0,237.0,1000.9228515625,0.8244933528940794,0.1717593457825232,-2.3768181931737407,-0.0231454770857481,0.518855071084819,-0.571934593955575,0.1201970601601191,-0.6224752305254626,-0.9274745739175644,-0.4408825936849929
20.0,237.0,1000.9228515625,0.8244933528940794,0.1717593457825232,-2.3768181931737407,-0.0231454770857481,0.518855071084819,-0.571934593955575,0.1201970601601191,-0.6224752305254626,-0.9274745739175644,-0.4408825936849929
20.0,237.0,1000.9228515625,0.8244933528940794,0.1717593457825232,-2.3768181931737407,-0.0231454770967385,0.5188550651022683,-0.571934593955575,0.1201970601601191,-0.6224745911503293,-0.9274745739175644,-0.4408825936849929
20.0,237.0,1000.9228515625,0.8244933528940794,0.1717593457825232,-2.376818191353992,-0.0231454774645114,0.518855179095853,-0.571934593955575,0.1201970601601191,-0.6224750096081734,-0.9274745739175644,-0.4408825977298948
20.0,237.0,1000.9228515625,0.8244933528940794,0.1717593457825232,-2.3768181931737407,-0.0231454770949002,0.518855071084819,-0.571934593955575,0.1201970601601191,-0.6224752305254626,-0.9274745739175644,-0.4408825936849929
20.0,237.0,1000.9228515625,0.8244933528940769,0.1717593457825232,-2.3768181931737407,-0.0231454770855083,0.5188548722225405,-0.571934593955575,0.1201970601601191,-0.6224752948063276,-0.9274745739175644,-0.4408825952815947
20.0,237.0,1000.9228515625,0.8244933528940794,0.1717593457825232,-2.3768181931737407,-0.02314547708576,0.5188549956056944,-0.571934593955575,0.1201970601601191,-0.6224752737358081,-0.9274745739175644,-0.4408825970749195
20.0,237.0,1000.9228515625,0.8244933528940794,0.1717593457825232,-2.3768181913912985,-0.0231454770857481,0.518855071084819,-0.571934593955575,0.1201970601601191,-0.6224752305254626,-0.9274745739175644,-0.4408825976836819
20.0,237.0,1000.9228515625,0.8244933528940739,0.1717593457825232,-2.3768181931737407,-0.0231454770857601,0.5188549390173107,-0.571934593955575,0.1201970601601191,-0.6224745491760093,-0.9274745739175644,-0.440882595271642
20.0,237.0,1000.9228515625,0.8244933528940794,0.1717593457825232,-2.3768181931737407,-0.0231454770857481,0.5188550631229458,-0.571934593955575,0.1201970601601191,-0.6224752305254626,-0.9274745739175644,-0.4408825936849929
20.0,237.0,1000.9228515625,0.8244933528940794,0.1717593457825232,-2.376818192963925,-0.0231454770811601,0.518855071084819,-0.571934593955575,0.1201970601601191,-0.6224752733749308,-0.9274745739175644,-0.4408825936849929
20.0,237.0,1000.9228515625,0.8244933528940794,0.1717593457825232,-2.3768181931737407,-0.0231454770857481,0.518855071084819,-0.571934593955575,0.1201970601601191,-0.6224753292271257,-0.9274745739175644,-0.4408825936849929
20.0,237.0,1000.9228515625,0.8244933528940794,0.1717593457825232,-2.3768181931737407,-0.023145477085272,0.5188550686486088,-0.571934593955575,0.1201970601601191,-0.6224752311841399,-0.9274745739175644,-0.4408825970749195
20.0,237.0,1000.9228515625,0.8244933528940794,0.1717593457825232,-2.3768181931737407,-0.023145477085622,0.5188550651022683,-0.571934593955575,0.1201970601601191,-0.6224745911503293,-0.9274745739175644,-0.4408825936849929
20.0,237.0,1000.9228515625,0.8244933528940769,0.1717593457825232,-2.3768181931737407,-0.0231454770857547,0.5188548722225405,-0.571934593955575,0.1201970601601191,-0.6224752898194671,-0.9274745739175644,-0.4408825952819633
20.0,237.0,1000.9228515625,0.8244933528941869,0.1717593457825232,-2.3768181931737407,-0.0231454770845309,0.5188549390173107,-0.571934593955575,0.1201970601601191,-0.6224745491760093,-0.9274745739175644,-0.440882595271642
20.0,237.0,1000.9228515625,0.8244933528940794,0.1717593457825232,-2.3768181931737407,-0.0231454770857391,0.518855071084819,-0.571934593955575,0.1201970601601191,-0.6224753292271257,-0.9274745739175644,-0.440882595319649
20.0,237.0,1000.9228515625,0.8244933528940794,0.1717593457825232,-2.3768181930330443,-0.0231454770857481,0.518855071084819,-0.571934593955575,0.1201970601601191,-0.6224752733749308,-0.9274745739175644,-0.4408825936849929
20.0,237.0,1000.9228515625,0.8244933528940794,0.1717593457825232,-2.376818193061033,-0.0231454770857481,0.518855071084819,-0.571934593955575,0.1201970601601191,-0.6224754177054583,-0.9274745739175644,-0.4408825976836819
20.0,237.0,1000.9228515625,0.8244933528940739,0.1717593457825232,-2.3768181931737407,-0.0231454770857601,0.5188549390173107,-0.571934593955575,0.1201970601601191,-0.6224755737725376,-0.9274745739175644,-0.440882595271642
20.0,237.0,1000.9228515625,0.8244933528940794,0.1717593457825232,-2.3768181913912985,-0.0231454770968646,0.518855071084819,-0.571934593955575,0.1201970601601191,-0.6224752305254626,-0.9274745739175644,-0.4408825976836819
20.0,237.0,1000.9228515625,0.8244933528940739,0.1717593457825232,-2.3768181931737407,-0.0231454770855136,0.5188549783730564,-0.571934593955575,0.1201970601601191,-0.6224752103099741,-0.9274745739175644,-0.4408825952712734
20.0,237.0,1000.9228515625,0.8244933528940794,0.1717593457825232,-2.3768181931737407,-0.0231454770857481,0.518855071084819,-0.571934593955575,0.1201970601601191,-0.6224752305254626,-0.9274745739175644,-0.4408825936849929
20.0,237.0,1000.9228515625,0.8244933528940739,0.1717593457825232,-2.3768181931737407,-0.023145477085748,0.5188549783730564,-0.571934593955575,0.1201970601601191,-0.6224752063261246,-0.9274745739175644,-0.4408822358767253
20.0,237.0,1000.9228515625,0.8244933528940794,0.1717593457825232,-2.3768181931737407,-0.0231454773767155,0.5188550651022683,-0.571934593955575,0.1201970601601191,-0.6224745267222752,-0.9274745739175644,-0.4408825936849929
20.0,237.0,1000.9228515625,0.8244933528940794,0.1717593457825232,-2.3768181931737407,-0.02314547708576,0.5188549956056944,-0.571934593955575,0.1201970601601191,-0.6224752737358081,-0.9274745739175644,-0.4408825970749195
20.0,237.0,1000.9228515625,0.8244933528940739,0.1717593457825232,-2.3768181931737407,-0.0231454770857475,0.5188549390173107,-0.571934593955575,0.1201970601601191,-0.6224755795723167,-0.9274745739175644,-0.440882595271642
20.0,237.0,1000.9228515625,0.8244933528940794,0.1717593457825232,-2.3768181931737407,-0.0231454770857481,0.518855071084819,-0.571934593955575,0.1201970601601191,-0.6224752305254626,-0.9274745739175644,-0.4408825936849929
20.0,237.0,1000.9228515625,0.8244933528940794,0.1717593457825232,-2.3768181931737407,-0.0231454770857481,0.518855071084819,-0.571934593955575,0.1201970601601191,-0.6224752270133052,-0.9274745739175644,-0.4408825936849929
20.0,237.0,1000.9228515625,0.8244933528940794,0.1717593457825232,-2.3768181931737407,-0.0231454770857481,0.518855071084819,-0.571934593955575,0.1201970601601191,-0.6224752200468672,-0.9274745739175644,-0.4408825936849929
20.0,237.0,1000.9228515625,0.8244933528940794,0.1717593457825232,-2.3768181931737407,-0.0231454770857481,0.518855071084819,-0.571934593955575,0.1201970601601191,-0.6224752305254626,-0.9274745739175644,-0.4408825936849929
20.0,237.0,1000.9228515625,0.8244933528940794,0.1717593457825232,-2.3768181930330443,-0.0231454770857481,0.518855071084819,-0.571934593955575,0.1201970601601191,-0.6224752733749308,-0.9274745739175644,-0.4408825936849929
20.0,237.0,1000.9228515625,0.8244933528940794,0.1717593457825232,-2.37681819136488,-0.0231454774645114,0.5188550719914452,-0.571934593955575,0.1201970601601191,-0.6224750096081734,-0.9274745739175644,-0.4408825970711926
20.0,237.0,1000.9228515625,0.8244933528940794,0.1717593457825232,-2.3768181931737407,-0.0231454770857481,0.518855071084819,-0.571934593955575,0.1201970601601191,-0.6224752305254626,-0.9274745739175644,-0.4408825936849929
20.0,237.0,1000.9228515625,0.8244933528940794,0.1717593457825232,-2.3768181914227986,-0.0231454770857484,0.518855071084819,-0.571934593955575,0.1201970601601191,-0.6224755558012645,-0.9274745739175644,-0.4408825976836819
20.0,237.0,1000.9228515625,0.8244933528940794,0.1717593457825232,-2.3768181931737407,-0.0231454770857481,0.518855071084819,-0.571934593955575,0.1201970601601191,-0.6224752305254626,-0.9274745739175644,-0.4408825936849929
20.0,237.0,1000.9228515625,0.8244933528940739,0.1717593457825232,-2.3768181931737407,-0.0231454770855136,0.5188549783730564,-0.571934593955575,0.1201970601601191,-0.6224752103099741,-0.9274745739175644,-0.4408825952712734
20.0,237.0,1000.9228515625,0.8244933528940794,0.1717593457825232,-2.3768181930330443,-0.0231454770857481,0.518855071084819,-0.571934593955575,0.1201970601601191,-0.6224752733749308,-0.9274745739175644,-0.4408825936849929
20.0,237.0,1000.9228515625,0.8244933528940794,0.1717593457825232,-2.3768181931737407,-0.023145477085622,0.5188550651022683,-0.571934593955575,0.1201970601601191,-0.6224746016289248,-0.9274745739175644,-0.4408825936849929
20.0,237.0,1000.9228515625,0.8244933528940794,0.1717593457825232,-2.3768181931737407,-0.0231454770857481,0.518855071084819,-0.571934593955575,0.1201970601601191,-0.6224752305254626,-0.9274745739175644,-0.4408825936849929
20.0,237.0,1000.9228515625,0.8244933528941865,0.1717593457825232,-2.3768181931737407,-0.0231454770845309,0.5188549390173107,-0.571934593955575,0.1201970601601191,-0.6224745491760093,-0.9274745739175644,-0.440882595271642
20.0,237.0,1000.9228515625,0.8244933528940794,0.1717593457825232,-2.3768181941580337,-0.0231454774603887,0.518855071084819,-0.571934593955575,0.1201970601601191,-0.6224752305254626,-0.9274745739175644,-0.4408825936849929
20.0,237.0,1000.9228515625,0.8244933528940794,0.1717593457825232,-2.376818193162853,-0.023145477085272,0.5188551757530165,-0.571934593955575,0.1201970601601191,-0.6224752311841399,-0.9274745739175644,-0.4408825977336218
20.0,237.0,1000.9228515625,0.8244933528940739,0.1717593457825232,-2.376818193142241,-0.0231454770857598,0.5188549390173107,-0.571934593955575,0.1201970601601191,-0.6224752484967357,-0.9274745739175644,-0.440882595271642
20.0,238.0,1000.9228515625,0.8244933528940794,0.1717593457825232,-2.3768181931737407,-0.0231454770857481,0.518855071084819,-0.571934593955575,0.1201970601601191,-0.6224752305254626,-0.9274745739175644,-0.4408825936849929
20.0,238.0,1000.9228515625,0.8244933528940794,0.1717593457825232,-2.3768181941580337,-0.0231454774603887,0.518855071084819,-0.571934593955575,0.1201970601601191,-0.6224752305254626,-0.9274745739175644,-0.4408825936849929
20.0,238.0,1000.9228515625,0.8244933528940794,0.1717593457825232,-2.3768181930330443,-0.0231454770857481,0.518855071084819,-0.571934593955575,0.1201970601601191,-0.6224752733749308,-0.9274745739175644,-0.4408825936849929
20.0,238.0,1000.9228515625,0.8244933528940739,0.1717593457825232,-2.3768181931737407,-0.0231454770857601,0.5188549783730564,-0.571934593955575,0.1201970601601191,-0.6224752053231137,-0.9274745739175644,-0.440882595271642
20.0,238.0,1000.9228515625,0.8244933528940794,0.1717593457825232,-2.376818191353992,-0.0231454774599909,0.5188550210242336,-0.571934593955575,0.1201970601601191,-0.6224750096081734,-0.9274745739175644,-0.4408825939440672
20.0,238.0,1000.9228515625,0.8244933528940794,0.1717593457825232,-2.3768181931737407,-0.0231454770857481,0.518855071084819,-0.571934593955575,0.1201970601601191,-0.6224752305254626,-0.9274745739175644,-0.4408825936849929
20.0,238.0,1000.9228515625,0.8244933528940794,0.1717593457825232,-2.3768181931737407,-0.0231454770857481,0.518855071084819,-0.571934593955575,0.1201970601601191,-0.6224752305254626,-0.9274745739175644,-0.4408825936849929
20.0,238.0,1000.9228515625,0.8244933528940794,0.1717593457825232,-2.3768181931737407,-0.0231454770857481,0.518855071084819,-0.571934593955575,0.1201970601601191,-0.6224752305254626,-0.9274745739175644,-0.4408825936849929
20.0,238.0,1000.9228515625,0.8244933528940794,0.1717593457825232,-2.3768181931737407,-0.0231454770967385,0.5188550651022683,-0.571934593955575,0.1201970601601191,-0.6224745911503293,-0.9274745739175644,-0.4408825936849929
20.0,238.0,1000.9228515625,0.8244933528940794,0.1717593457825232,-2.376818191353992,-0.0231454774645114,0.518855179095853,-0.571934593955575,0.1201970601601191,-0.6224750096081734,-0.9274745739175644,-0.4408825977298948
20.0,238.0,1000.9228515625,0.8244933528940794,0.1717593457825232,-2.3768181931737407,-0.0231454770949002,0.518855071084819,-0.571934593955575,0.1201970601601191,-0.6224752305254626,-0.9274745739175644,-0.4408825936849929
20.0,238.0,1000.9228515625,0.8244933528940769,0.1717593457825232,-2.3768181931737407,-0.0231454770855083,0.5188548722225405,-0.571934593955575,0.1201970601601191,-0.6224752948063276,-0.9274745739175644,-0.4408825952815947
20.0,238.0,1000.9228515625,0.8244933528940794,0.1717593457825232,-2.3768181931737407,-0.02314547708576,0.5188549956056944,-0.571934593955575,0.1201970601601191,-0.6224752737358081,-0.9274745739175644,-0.4408825970749195
20.0,238.0,1000.9228515625,0.8244933528940794,0.1717593457825232,-2.3768181913912985,-0.0231454770857481,0.518855071084819,-0.571934593955575,0.1201970601601191,-0.6224752305254626,-0.9274745739175644,-0.4408825976836819
20.0,238.0,1000.9228515625,0.8244933528940739,0.1717593457825232,-2.3768181931737407,-0.0231454770857601,0.5188549390173107,-0.571934593955575,0.1201970601601191,-0.6224745491760093,-0.9274745739175644,-0.440882595271642
20.0,238.0,1000.9228515625,0.8244933528940794,0.1717593457825232,-2.3768181931737407,-0.0231454770857481,0.5188550631229458,-0.571934593955575,0.1201970601601191,-0.6224752305254626,-0.9274745739175644,-0.4408825936849929
20.0,238.0,1000.9228515625,0.8244933528940794,0.1717593457825232,-2.376818192963925,-0.0231454770811601,0.518855071084819,-0.571934593955575,0.1201970601601191,-0.6224752733749308,-0.9274745739175644,-0.4408825936849929
20.0,238.0,1000.9228515625,0.8244933528940794,0.1717593457825232,-2.3768181931737407,-0.0231454770857481,0.518855071084819,-0.571934593955575,0.1201970601601191,-0.6224753292271257,-0.9274745739175644,-0.4408825936849929
20.0,238.0,1000.9228515625,0.8244933528940794,0.1717593457825232,-2.3768181931737407,-0.023145477085272,0.5188550686486088,-0.571934593955575,0.1201970601601191,-0.6224752311841399,-0.9274745739175644,-0.4408825970749195
20.0,238.0,1000.9228515625,0.8244933528940794,0.1717593457825232,-2.3768181931737407,-0.023145477085622,0.5188550651022683,-0.571934593955575,0.1201970601601191,-0.6224745911503293,-0.9274745739175644,-0.4408825936849929
20.0,238.0,1000.9228515625,0.8244933528940769,0.1717593457825232,-2.3768181931737407,-0.0231454770857547,0.5188548722225405,-0.571934593955575,0.1201970601601191,-0.6224752898194671,-0.9274745739175644,-0.4408825952819633
20.0,238.0,1000.9228515625,0.8244933528941869,0.1717593457825232,-2.3768181931737407,-0.0231454770845309,0.5188549390173107,-0.571934593955575,0.1201970601601191,-0.6224745491760093,-0.9274745739175644,-0.440882595271642
20.0,238.0,1000.9228515625,0.8244933528940794,0.1717593457825232,-2.3768181931737407,-0.0231454770857391,0.518855071084819,-0.571934593955575,0.1201970601601191,-0.6224753292271257,-0.9274745739175644,-0.440882595319649
20.0,238.0,1000.9228515625,0.8244933528940794,0.1717593457825232,-2.3768181930330443,-0.0231454770857481,0.518855071084819,-0.571934593955575,0.1201970601601191,-0.6224752733749308,-0.9274745739175644,-0.4408825936849929
20.0,238.0,1000.9228515625,0.8244933528940794,0.1717593457825232,-2.376818193061033,-0.0231454770857481,0.518855071084819,-0.571934593955575,0.1201970601601191,-0.6224754177054583,-0.9274745739175644,-0.4408825976836819
20.0,238.0,1000.9228515625,0.8244933528940739,0.1717593457825232,-2.3768181931737407,-0.0231454770857601,0.5188549390173107,-0.571934593955575,0.1201970601601191,-0.6224755737725376,-0.9274745739175644,-0.440882595271642
20.0,238.0,1000.9228515625,0.8244933528940794,0.1717593457825232,-2.3768181913912985,-0.0231454770968646,0.518855071084819,-0.571934593955575,0.1201970601601191,-0.6224752305254626,-0.9274745739175644,-0.4408825976836819
20.0,238.0,1000.9228515625,0.8244933528940739,0.1717593457825232,-2.3768181931737407,-0.0231454770855136,0.5188549783730564,-0.571934593955575,0.1201970601601191,-0.6224752103099741,-0.9274745739175644,-0.4408825952712734
20.0,238.0,1000.9228515625,0.8244933528940794,0.1717593457825232,-2.3768181931737407,-0.0231454770857481,0.518855071084819,-0.571934593955575,0.1201970601601191,-0.6224752305254626,-0.9274745739175644,-0.4408825936849929
20.0,238.0,1000.9228515625,0.8244933528940739,0.1717593457825232,-2.3768181931737407,-0.023145477085748,0.5188549783730564,-0.571934593955575,0.1201970601601191,-0.6224752063261246,-0.9274745739175644,-0.4408822358767253
20.0,238.0,1000.9228515625,0.8244933528940794,0.1717593457825232,-2.3768181931737407,-0.0231454773767155,0.5188550651022683,-0.571934593955575,0.1201970601601191,-0.6224745267222752,-0.9274745739175644,-0.4408825936849929
20.0,238.0,1000.9228515625,0.8244933528940794,0.1717593457825232,-2.3768181931737407,-0.02314547708576,0.5188549956056944,-0.571934593955575,0.1201970601601191,-0.6224752737358081,-0.9274745739175644,-0.4408825970749195
20.0,238.0,1000.9228515625,0.8244933528940739,0.1717593457825232,-2.3768181931737407,-0.0231454770857475,0.5188549390173107,-0.571934593955575,0.1201970601601191,-0.6224755795723167,-0.9274745739175644,-0.440882595271642
20.0,238.0,1000.9228515625,0.8244933528940794,0.1717593457825232,-2.3768181931737407,-0.0231454770857481,0.518855071084819,-0.571934593955575,0.1201970601601191,-0.6224752305254626,-0.9274745739175644,-0.4408825936849929
20.0,238.0,1000.9228515625,0.8244933528940794,0.1717593457825232,-2.3768181931737407,-0.0231454770857481,0.518855071084819,-0.571934593955575,0.1201970601601191,-0.6224752270133052,-0.9274745739175644,-0.4408825936849929
20.0,238.0,1000.9228515625,0.8244933528940794,0.1717593457825232,-2.3768181931737407,-0.0231454770857481,0.518855071084819,-0.571934593955575,0.1201970601601191,-0.6224752200468672,-0.9274745739175644,-0.4408825936849929
20.0,238.0,1000.9228515625,0.8244933528940794,0.1717593457825232,-2.3768181931737407,-0.0231454770857481,0.518855071084819,-0.571934593955575,0.1201970601601191,-0.6224752305254626,-0.9274745739175644,-0.4408825936849929
20.0,238.0,1000.9228515625,0.8244933528940794,0.1717593457825232,-2.3768181930330443,-0.0231454770857481,0.518855071084819,-0.571934593955575,0.1201970601601191,-0.6224752733749308,-0.9274745739175644,-0.4408825936849929
20.0,238.0,1000.9228515625,0.8244933528940794,0.1717593457825232,-2.37681819136488,-0.0231454774645114,0.5188550719914452,-0.571934593955575,0.1201970601601191,-0.6224750096081734,-0.9274745739175644,-0.4408825970711926
20.0,238.0,1000.9228515625,0.8244933528940794,0.1717593457825232,-2.3768181931737407,-0.0231454770857481,0.518855071084819,-0.571934593955575,0.1201970601601191,-0.6224752305254626,-0.9274745739175644,-0.4408825936849929
20.0,238.0,1000.9228515625,0.8244933528940794,0.1717593457825232,-2.3768181914227986,-0.0231454770857484,0.518855071084819,-0.571934593955575,0.1201970601601191,-0.6224755558012645,-0.9274745739175644,-0.4408825976836819
20.0,238.0,1000.9228515625,0.8244933528940794,0.1717593457825232,-2.3768181931737407,-0.0231454770857481,0.518855071084819,-0.571934593955575,0.1201970601601191,-0.6224752305254626,-0.9274745739175644,-0.4408825936849929
20.0,238.0,1000.9228515625,0.8244933528940739,0.1717593457825232,-2.3768181931737407,-0.0231454770855136,0.5188549783730564,-0.571934593955575,0.1201970601601191,-0.6224752103099741,-0.9274745739175644,-0.4408825952712734
20.0,238.0,1000.9228515625,0.8244933528940794,0.1717593457825232,-2.3768181930330443,-0.0231454770857481,0.518855071084819,-0.571934593955575,0.1201970601601191,-0.6224752733749308,-0.9274745739175644,-0.4408825936849929
20.0,238.0,1000.9228515625,0.8244933528940794,0.1717593457825232,-2.3768181931737407,-0.023145477085622,0.5188550651022683,-0.571934593955575,0.1201970601601191,-0.6224746016289248,-0.9274745739175644,-0.4408825936849929
20.0,238.0,1000.9228515625,0.8244933528940794,0.1717593457825232,-2.3768181931737407,-0.0231454770857481,0.518855071084819,-0.571934593955575,0.1201970601601191,-0.6224752305254626,-0.9274745739175644,-0.4408825936849929
20.0,238.0,1000.9228515625,0.8244933528941865,0.1717593457825232,-2.3768181931737407,-0.0231454770845309,0.5188549390173107,-0.571934593955575,0.1201970601601191,-0.6224745491760093,-0.9274745739175644,-0.440882595271642
20.0,238.0,1000.9228515625,0.8244933528940794,0.1717593457825232,-2.3768181941580337,-0.0231454774603887,0.518855071084819,-0.571934593955575,0.1201970601601191,-0.6224752305254626,-0.9274745739175644,-0.4408825936849929
20.0,238.0,1000.9228515625,0.8244933528940794,0.1717593457825232,-2.376818193162853,-0.023145477085272,0.5188551757530165,-0.571934593955575,0.1201970601601191,-0.6224752311841399,-0.9274745739175644,-0.4408825977336218
20.0,238.0,1000.9228515625,0.8244933528940739,0.1717593457825232,-2.376818193142241,-0.0231454770857598,0.5188549390173107,-0.571934593955575,0.1201970601601191,-0.6224752484967357,-0.9274745739175644,-0.440882595271642
20.0,239.0,1000.9228515625,0.8244933528940794,0.1717593457825232,-2.3768181931737407,-0.0231454770857481,0.518855071084819,-0.571934593955575,0.1201970601601191,-0.6224752305254626,-0.9274745739175644,-0.4408825936849929
20.0,239.0,1000.9228515625,0.8244933528940794,0.1717593457825232,-2.3768181941580337,-0.0231454774603887,0.518855071084819,-0.571934593955575,0.1201970601601191,-0.6224752305254626,-0.9274745739175644,-0.4408825936849929
20.0,239.0,1000.9228515625,0.8244933528940794,0.1717593457825232,-2.3768181930330443,-0.0231454770857481,0.518855071084819,-0.571934593955575,0.1201970601601191,-0.6224752733749308,-0.9274745739175644,-0.4408825936849929
20.0,239.0,1000.9228515625,0.8244933528940739,0.1717593457825232,-2.3768181931737407,-0.0231454770857601,0.5188549783730564,-0.571934593955575,0.1201970601601191,-0.6224752053231137,-0.9274745739175644,-0.440882595271642
20.0,239.0,1000.9228515625,0.8244933528940794,0.1717593457825232,-2.376818191353992,-0.0231454774599909,0.5188550210242336,-0.571934593955575,0.1201970601601191,-0.6224750096081734,-0.9274745739175644,-0.4408825939440672
20.0,239.0,1000.9228515625,0.8244933528940794,0.1717593457825232,-2.3768181931737407,-0.0231454770857481,0.518855071084819,-0.571934593955575,0.1201970601601191,-0.6224752305254626,-0.9274745739175644,-0.4408825936849929
20.0,239.0,1000.9228515625,0.8244933528940794,0.1717593457825232,-2.3768181931737407,-0.0231454770857481,0.518855071084819,-0.571934593955575,0.1201970601601191,-0.6224752305254626,-0.9274745739175644,-0.4408825936849929
20.0,239.0,1000.9228515625,0.8244933528940794,0.1717593457825232,-2.3768181931737407,-0.0231454770857481,0.518855071084819,-0.571934593955575,0.1201970601601191,-0.6224752305254626,-0.9274745739175644,-0.4408825936849929
20.0,239.0,1000.9228515625,0.8244933528940794,0.1717593457825232,-2.3768181931737407,-0.0231454770967385,0.5188550651022683,-0.571934593955575,0.1201970601601191,-0.6224745911503293,-0.9274745739175644,-0.4408825936849929
20.0,239.0,1000.9228515625,0.8244933528940794,0.1717593457825232,-2.376818191353992,-0.0231454774645114,0.518855179095853,-0.571934593955575,0.1201970601601191,-0.6224750096081734,-0.9274745739175644,-0.4408825977298948
20.0,239.0,1000.9228515625,0.8244933528940794,0.1717593457825232,-2.3768181931737407,-0.0231454770949002,0.518855071084819,-0.571934593955575,0.1201970601601191,-0.6224752305254626,-0.9274745739175644,-0.4408825936849929
20.0,239.0,1000.9228515625,0.8244933528940769,0.1717593457825232,-2.3768181931737407,-0.0231454770855083,0.5188548722225405,-0.571934593955575,0.1201970601601191,-0.6224752948063276,-0.9274745739175644,-0.4408825952815947
20.0,239.0,1000.9228515625,0.8244933528940794,0.1717593457825232,-2.3768181931737407,-0.02314547708576,0.5188549956056944,-0.571934593955575,0.1201970601601191,-0.6224752737358081,-0.9274745739175644,-0.4408825970749195
20.0,239.0,1000.9228515625,0.8244933528940794,0.1717593457825232,-2.3768181913912985,-0.0231454770857481,0.518855071084819,-0.571934593955575,0.1201970601601191,-0.6224752305254626,-0.9274745739175644,-0.4408825976836819
20.0,239.0,1000.9228515625,0.8244933528940739,0.1717593457825232,-2.3768181931737407,-0.0231454770857601,0.5188549390173107,-0.571934593955575,0.1201970601601191,-0.6224745491760093,-0.9274745739175644,-0.440882595271642
20.0,239.0,1000.9228515625,0.8244933528940794,0.1717593457825232,-2.3768181931737407,-0.0231454770857481,0.5188550631229458,-0.571934593955575,0.1201970601601191,-0.6224752305254626,-0.9274745739175644,-0.4408825936849929
20.0,239.0,1000.9228515625,0.8244933528940794,0.1717593457825232,-2.376818192963925,-0.0231454770811601,0.518855071084819,-0.571934593955575,0.1201970601601191,-0.6224752733749308,-0.9274745739175644,-0.4408825936849929
20.0,239.0,1000.9228515625,0.8244933528940794,0.1717593457825232,-2.3768181931737407,-0.0231454770857481,0.518855071084819,-0.571934593955575,0.1201970601601191,-0.6224753292271257,-0.9274745739175644,-0.4408825936849929
20.0,239.0,1000.9228515625,0.8244933528940794,0.1717593457825232,-2.3768181931737407,-0.023145477085272,0.5188550686486088,-0.571934593955575,0.1201970601601191,-0.6224752311841399,-0.9274745739175644,-0.4408825970749195
20.0,239.0,1000.9228515625,0.8244933528940794,0.1717593457825232,-2.3768181931737407,-0.023145477085622,0.5188550651022683,-0.571934593955575,0.1201970601601191,-0.6224745911503293,-0.9274745739175644,-0.4408825936849929
20.0,239.0,1000.9228515625,0.8244933528940769,0.1717593457825232,-2.3768181931737407,-0.0231454770857547,0.5188548722225405,-0.571934593955575,0.1201970601601191,-0.6224752898194671,-0.9274745739175644,-0.4408825952819633
20.0,239.0,1000.9228515625,0.8244933528941869,0.1717593457825232,-2.3768181931737407,-0.0231454770845309,0.5188549390173107,-0.571934593955575,0.1201970601601191,-0.6224745491760093,-0.9274745739175644,-0.440882595271642
20.0,239.0,1000.9228515625,0.8244933528940794,0.1717593457825232,-2.3768181931737407,-0.0231454770857391,0.518855071084819,-0.571934593955575,0.1201970601601191,-0.6224753292271257,-0.9274745739175644,-0.440882595319649
20.0,239.0,1000.9228515625,0.8244933528940794,0.1717593457825232,-2.3768181930330443,-0.0231454770857481,0.518855071084819,-0.571934593955575,0.1201970601601191,-0.6224752733749308,-0.9274745739175644,-0.4408825936849929
20.0,239.0,1000.9228515625,0.8244933528940794,0.1717593457825232,-2.376818193061033,-0.0231454770857481,0.518855071084819,-0.571934593955575,0.1201970601601191,-0.6224754177054583,-0.9274745739175644,-0.4408825976836819
20.0,239.0,1000.9228515625,0.8244933528940739,0.1717593457825232,-2.3768181931737407,-0.0231454770857601,0.5188549390173107,-0.571934593955575,0.1201970601601191,-0.6224755737725376,-0.9274745739175644,-0.440882595271642
20.0,239.0,1000.9228515625,0.8244933528940794,0.1717593457825232,-2.3768181913912985,-0.0231454770968646,0.518855071084819,-0.571934593955575,0.1201970601601191,-0.6224752305254626,-0.9274745739175644,-0.4408825976836819
20.0,239.0,1000.9228515625,0.8244933528940739,0.1717593457825232,-2.3768181931737407,-0.0231454770855136,0.5188549783730564,-0.571934593955575,0.1201970601601191,-0.6224752103099741,-0.9274745739175644,-0.4408825952712734
20.0,239.0,1000.9228515625,0.8244933528940794,0.1717593457825232,-2.3768181931737407,-0.0231454770857481,0.518855071084819,-0.571934593955575,0.1201970601601191,-0.6224752305254626,-0.9274745739175644,-0.4408825936849929
20.0,239.0,1000.9228515625,0.8244933528940739,0.1717593457825232,-2.3768181931737407,-0.023145477085748,0.5188549783730564,-0.571934593955575,0.1201970601601191,-0.6224752063261246,-0.9274745739175644,-0.4408822358767253
20.0,239.0,1000.9228515625,0.8244933528940794,0.1717593457825232,-2.3768181931737407,-0.0231454773767155,0.5188550651022683,-0.571934593955575,0.1201970601601191,-0.6224745267222752,-0.9274745739175644,-0.4408825936849929
20.0,239.0,1000.9228515625,0.8244933528940794,0.1717593457825232,-2.3768181931737407,-0.02314547708576,0.5188549956056944,-0.571934593955575,0.1201970601601191,-0.6224752737358081,-0.9274745739175644,-0.4408825970749195
20.0,239.0,1000.9228515625,0.8244933528940739,0.1717593457825232,-2.3768181931737407,-0.0231454770857475,0.5188549390173107,-0.571934593955575,0.1201970601601191,-0.6224755795723167,-0.9274745739175644,-0.440882595271642
20.0,239.0,1000.9228515625,0.8244933528940794,0.1717593457825232,-2.3768181931737407,-0.0231454770857481,0.518855071084819,-0.571934593955575,0.1201970601601191,-0.6224752305254626,-0.9274745739175644,-0.4408825936849929
20.0,239.0,1000.9228515625,0.8244933528940794,0.1717593457825232,-2.3768181931737407,-0.0231454770857481,0.518855071084819,-0.571934593955575,0.1201970601601191,-0.6224752270133052,-0.9274745739175644,-0.4408825936849929
20.0,239.0,1000.9228515625,0.8244933528940794,0.1717593457825232,-2.3768181931737407,-0.0231454770857481,0.518855071084819,-0.571934593955575,0.1201970601601191,-0.6224752200468672,-0.9274745739175644,-0.4408825936849929
20.0,239.0,1000.9228515625,0.8244933528940794,0.1717593457825232,-2.3768181931737407,-0.0231454770857481,0.518855071084819,-0.571934593955575,0.1201970601601191,-0.6224752305254626,-0.9274745739175644,-0.4408825936849929
20.0,239.0,1000.9228515625,0.8244933528940794,0.1717593457825232,-2.3768181930330443,-0.0231454770857481,0.518855071084819,-0.571934593955575,0.1201970601601191,-0.6224752733749308,-0.9274745739175644,-0.4408825936849929
20.0,239.0,1000.9228515625,0.8244933528940794,0.1717593457825232,-2.37681819136488,-0.0231454774645114,0.5188550719914452,-0.571934593955575,0.1201970601601191,-0.6224750096081734,-0.9274745739175644,-0.4408825970711926
20.0,239.0,1000.9228515625,0.8244933528940794,0.1717593457825232,-2.3768181931737407,-0.0231454770857481,0.518855071084819,-0.571934593955575,0.1201970601601191,-0.6224752305254626,-0.9274745739175644,-0.4408825936849929
20.0,239.0,1000.9228515625,0.8244933528940794,0.1717593457825232,-2.3768181914227986,-0.0231454770857484,0.518855071084819,-0.571934593955575,0.1201970601601191,-0.6224755558012645,-0.9274745739175644,-0.4408825976836819
20.0,239.0,1000.9228515625,0.8244933528940794,0.1717593457825232,-2.3768181931737407,-0.0231454770857481,0.518855071084819,-0.571934593955575,0.1201970601601191,-0.6224752305254626,-0.9274745739175644,-0.4408825936849929
20.0,239.0,1000.9228515625,0.8244933528940739,0.1717593457825232,-2.3768181931737407,-0.0231454770855136,0.5188549783730564,-0.571934593955575,0.1201970601601191,-0.6224752103099741,-0.9274745739175644,-0.4408825952712734
20.0,239.0,1000.9228515625,0.8244933528940794,0.1717593457825232,-2.3768181930330443,-0.0231454770857481,0.518855071084819,-0.571934593955575,0.1201970601601191,-0.6224752733749308,-0.9274745739175644,-0.4408825936849929
20.0,239.0,1000.9228515625,0.8244933528940794,0.1717593457825232,-2.3768181931737407,-0.023145477085622,0.5188550651022683,-0.571934593955575,0.1201970601601191,-0.6224746016289248,-0.9274745739175644,-0.4408825936849929
20.0,239.0,1000.9228515625,0.8244933528940794,0.1717593457825232,-2.3768181931737407,-0.0231454770857481,0.518855071084819,-0.571934593955575,0.1201970601601191,-0.6224752305254626,-0.9274745739175644,-0.4408825936849929
20.0,239.0,1000.9228515625,0.8244933528941865,0.1717593457825232,-2.3768181931737407,-0.0231454770845309,0.5188549390173107,-0.571934593955575,0.1201970601601191,-0.6224745491760093,-0.9274745739175644,-0.440882595271642
20.0,239.0,1000.9228515625,0.8244933528940794,0.1717593457825232,-2.3768181941580337,-0.0231454774603887,0.518855071084819,-0.571934593955575,0.1201970601601191,-0.6224752305254626,-0.9274745739175644,-0.4408825936849929
20.0,239.0,1000.9228515625,0.8244933528940794,0.1717593457825232,-2.376818193162853,-0.023145477085272,0.5188551757530165,-0.571934593955575,0.1201970601601191,-0.6224752311841399,-0.9274745739175644,-0.4408825977336218
20.0,239.0,1000.9228515625,0.8244933528940739,0.1717593457825232,-2.376818193142241,-0.0231454770857598,0.5188549390173107,-0.571934593955575,0.1201970601601191,-0.6224752484967357,-0.9274745739175644,-0.440882595271642
20.0,240.0,1000.9228515625,0.8244933528940794,0.1717593457825232,-2.3768181931737407,-0.0231454770857481,0.518855071084819,-0.571934593955575,0.1201970601601191,-0.6224752305254626,-0.9274745739175644,-0.4408825936849929
20.0,240.0,1000.9228515625,0.8244933528940794,0.1717593457825232,-2.3768181941580337,-0.0231454774603887,0.518855071084819,-0.571934593955575,0.1201970601601191,-0.6224752305254626,-0.9274745739175644,-0.4408825936849929
20.0,240.0,1000.9228515625,0.8244933528940794,0.1717593457825232,-2.3768181930330443,-0.0231454770857481,0.518855071084819,-0.571934593955575,0.1201970601601191,-0.6224752733749308,-0.9274745739175644,-0.4408825936849929
20.0,240.0,1000.9228515625,0.8244933528940739,0.1717593457825232,-2.3768181931737407,-0.0231454770857601,0.5188549783730564,-0.571934593955575,0.1201970601601191,-0.6224752053231137,-0.9274745739175644,-0.440882595271642
20.0,240.0,1000.9228515625,0.8244933528940794,0.1717593457825232,-2.376818191353992,-0.0231454774599909,0.5188550210242336,-0.571934593955575,0.1201970601601191,-0.6224750096081734,-0.9274745739175644,-0.4408825939440672
20.0,240.0,1000.9228515625,0.8244933528940794,0.1717593457825232,-2.3768181931737407,-0.0231454770857481,0.518855071084819,-0.571934593955575,0.1201970601601191,-0.6224752305254626,-0.9274745739175644,-0.4408825936849929
20.0,240.0,1000.9228515625,0.8244933528940794,0.1717593457825232,-2.3768181931737407,-0.0231454770857481,0.518855071084819,-0.571934593955575,0.1201970601601191,-0.6224752305254626,-0.9274745739175644,-0.4408825936849929
20.0,240.0,1000.9228515625,0.8244933528940794,0.1717593457825232,-2.3768181931737407,-0.0231454770857481,0.518855071084819,-0.571934593955575,0.1201970601601191,-0.6224752305254626,-0.9274745739175644,-0.4408825936849929
20.0,240.0,1000.9228515625,0.8244933528940794,0.1717593457825232,-2.3768181931737407,-0.0231454770967385,0.5188550651022683,-0.571934593955575,0.1201970601601191,-0.6224745911503293,-0.9274745739175644,-0.4408825936849929
20.0,240.0,1000.9228515625,0.8244933528940794,0.1717593457825232,-2.376818191353992,-0.0231454774645114,0.518855179095853,-0.571934593955575,0.1201970601601191,-0.6224750096081734,-0.9274745739175644,-0.4408825977298948
20.0,240.0,1000.9228515625,0.8244933528940794,0.1717593457825232,-2.3768181931737407,-0.0231454770949002,0.518855071084819,-0.571934593955575,0.1201970601601191,-0.6224752305254626,-0.9274745739175644,-0.4408825936849929
20.0,240.0,1000.9228515625,0.8244933528940769,0.1717593457825232,-2.3768181931737407,-0.0231454770855083,0.5188548722225405,-0.571934593955575,0.1201970601601191,-0.6224752948063276,-0.9274745739175644,-0.4408825952815947
20.0,240.0,1000.9228515625,0.8244933528940794,0.1717593457825232,-2.3768181931737407,-0.02314547708576,0.5188549956056944,-0.571934593955575,0.1201970601601191,-0.6224752737358081,-0.9274745739175644,-0.4408825970749195
20.0,240.0,1000.9228515625,0.8244933528940794,0.1717593457825232,-2.3768181913912985,-0.0231454770857481,0.518855071084819,-0.571934593955575,0.1201970601601191,-0.6224752305254626,-0.9274745739175644,-0.4408825976836819
20.0,240.0,1000.9228515625,0.8244933528940739,0.1717593457825232,-2.3768181931737407,-0.0231454770857601,0.5188549390173107,-0.571934593955575,0.1201970601601191,-0.6224745491760093,-0.9274745739175644,-0.440882595271642
20.0,240.0,1000.9228515625,0.8244933528940794,0.1717593457825232,-2.3768181931737407,-0.0231454770857481,0.5188550631229458,-0.571934593955575,0.1201970601601191,-0.6224752305254626,-0.9274745739175644,-0.4408825936849929
20.0,240.0,1000.9228515625,0.8244933528940794,0.1717593457825232,-2.376818192963925,-0.0231454770811601,0.518855071084819,-0.571934593955575,0.1201970601601191,-0.6224752733749308,-0.9274745739175644,-0.4408825936849929
20.0,240.0,1000.9228515625,0.8244933528940794,0.1717593457825232,-2.3768181931737407,-0.0231454770857481,0.518855071084819,-0.571934593955575,0.1201970601601191,-0.6224753292271257,-0.9274745739175644,-0.4408825936849929
20.0,240.0,1000.9228515625,0.8244933528940794,0.1717593457825232,-2.3768181931737407,-0.023145477085272,0.5188550686486088,-0.571934593955575,0.1201970601601191,-0.6224752311841399,-0.9274745739175644,-0.4408825970749195
20.0,240.0,1000.9228515625,0.8244933528940794,0.1717593457825232,-2.3768181931737407,-0.023145477085622,0.5188550651022683,-0.571934593955575,0.1201970601601191,-0.6224745911503293,-0.9274745739175644,-0.4408825936849929
20.0,240.0,1000.9228515625,0.8244933528940769,0.1717593457825232,-2.3768181931737407,-0.0231454770857547,0.5188548722225405,-0.571934593955575,0.1201970601601191,-0.6224752898194671,-0.9274745739175644,-0.4408825952819633
20.0,240.0,1000.9228515625,0.8244933528941869,0.1717593457825232,-2.3768181931737407,-0.0231454770845309,0.5188549390173107,-0.571934593955575,0.1201970601601191,-0.6224745491760093,-0.9274745739175644,-0.440882595271642
20.0,240.0,1000.9228515625,0.8244933528940794,0.1717593457825232,-2.3768181931737407,-0.0231454770857391,0.518855071084819,-0.571934593955575,0.1201970601601191,-0.6224753292271257,-0.9274745739175644,-0.440882595319649
20.0,240.0,1000.9228515625,0.8244933528940794,0.1717593457825232,-2.3768181930330443,-0.0231454770857481,0.518855071084819,-0.571934593955575,0.1201970601601191,-0.6224752733749308,-0.9274745739175644,-0.4408825936849929
20.0,240.0,1000.9228515625,0.8244933528940794,0.1717593457825232,-2.376818193061033,-0.0231454770857481,0.518855071084819,-0.571934593955575,0.1201970601601191,-0.6224754177054583,-0.9274745739175644,-0.4408825976836819
20.0,240.0,1000.9228515625,0.8244933528940739,0.1717593457825232,-2.3768181931737407,-0.0231454770857601,0.5188549390173107,-0.571934593955575,0.1201970601601191,-0.6224755737725376,-0.9274745739175644,-0.440882595271642
20.0,240.0,1000.9228515625,0.8244933528940794,0.1717593457825232,-2.3768181913912985,-0.0231454770968646,0.518855071084819,-0.571934593955575,0.1201970601601191,-0.6224752305254626,-0.9274745739175644,-0.4408825976836819
20.0,240.0,1000.9228515625,0.8244933528940739,0.1717593457825232,-2.3768181931737407,-0.0231454770855136,0.5188549783730564,-0.571934593955575,0.1201970601601191,-0.6224752103099741,-0.9274745739175644,-0.4408825952712734
20.0,240.0,1000.9228515625,0.8244933528940794,0.1717593457825232,-2.3768181931737407,-0.0231454770857481,0.518855071084819,-0.571934593955575,0.1201970601601191,-0.6224752305254626,-0.9274745739175644,-0.4408825936849929
20.0,240.0,1000.9228515625,0.8244933528940739,0.1717593457825232,-2.3768181931737407,-0.023145477085748,0.5188549783730564,-0.571934593955575,0.1201970601601191,-0.6224752063261246,-0.9274745739175644,-0.4408822358767253
20.0,240.0,1000.9228515625,0.8244933528940794,0.1717593457825232,-2.3768181931737407,-0.0231454773767155,0.5188550651022683,-0.571934593955575,0.1201970601601191,-0.6224745267222752,-0.9274745739175644,-0.4408825936849929
20.0,240.0,1000.9228515625,0.8244933528940794,0.1717593457825232,-2.3768181931737407,-0.02314547708576,0.5188549956056944,-0.571934593955575,0.1201970601601191,-0.6224752737358081,-0.9274745739175644,-0.4408825970749195
20.0,240.0,1000.9228515625,0.8244933528940739,0.1717593457825232,-2.3768181931737407,-0.0231454770857475,0.5188549390173107,-0.571934593955575,0.1201970601601191,-0.6224755795723167,-0.9274745739175644,-0.440882595271642
20.0,240.0,1000.9228515625,0.8244933528940794,0.1717593457825232,-2.3768181931737407,-0.0231454770857481,0.518855071084819,-0.571934593955575,0.1201970601601191,-0.6224752305254626,-0.9274745739175644,-0.4408825936849929
20.0,240.0,1000.9228515625,0.8244933528940794,0.1717593457825232,-2.3768181931737407,-0.0231454770857481,0.518855071084819,-0.571934593955575,0.1201970601601191,-0.6224752270133052,-0.9274745739175644,-0.4408825936849929
20.0,240.0,1000.9228515625,0.8244933528940794,0.1717593457825232,-2.3768181931737407,-0.0231454770857481,0.518855071084819,-0.571934593955575,0.1201970601601191,-0.6224752200468672,-0.9274745739175644,-0.4408825936849929
20.0,240.0,1000.9228515625,0.8244933528940794,0.1717593457825232,-2.3768181931737407,-0.0231454770857481,0.518855071084819,-0.571934593955575,0.1201970601601191,-0.6224752305254626,-0.9274745739175644,-0.4408825936849929
20.0,240.0,1000.9228515625,0.8244933528940794,0.1717593457825232,-2.3768181930330443,-0.0231454770857481,0.518855071084819,-0.571934593955575,0.1201970601601191,-0.6224752733749308,-0.9274745739175644,-0.4408825936849929
20.0,240.0,1000.9228515625,0.8244933528940794,0.1717593457825232,-2.37681819136488,-0.0231454774645114,0.5188550719914452,-0.571934593955575,0.1201970601601191,-0.6224750096081734,-0.9274745739175644,-0.4408825970711926
20.0,240.0,1000.9228515625,0.8244933528940794,0.1717593457825232,-2.3768181931737407,-0.0231454770857481,0.518855071084819,-0.571934593955575,0.1201970601601191,-0.6224752305254626,-0.9274745739175644,-0.4408825936849929
20.0,240.0,1000.9228515625,0.8244933528940794,0.1717593457825232,-2.3768181914227986,-0.0231454770857484,0.518855071084819,-0.571934593955575,0.1201970601601191,-0.6224755558012645,-0.9274745739175644,-0.4408825976836819
20.0,240.0,1000.9228515625,0.8244933528940794,0.1717593457825232,-2.3768181931737407,-0.0231454770857481,0.518855071084819,-0.571934593955575,0.1201970601601191,-0.6224752305254626,-0.9274745739175644,-0.4408825936849929
20.0,240.0,1000.9228515625,0.8244933528940739,0.1717593457825232,-2.3768181931737407,-0.0231454770855136,0.5188549783730564,-0.571934593955575,0.1201970601601191,-0.6224752103099741,-0.9274745739175644,-0.4408825952712734
20.0,240.0,1000.9228515625,0.8244933528940794,0.1717593457825232,-2.3768181930330443,-0.0231454770857481,0.518855071084819,-0.571934593955575,0.1201970601601191,-0.6224752733749308,-0.9274745739175644,-0.4408825936849929
20.0,240.0,1000.9228515625,0.8244933528940794,0.1717593457825232,-2.3768181931737407,-0.023145477085622,0.5188550651022683,-0.571934593955575,0.1201970601601191,-0.6224746016289248,-0.9274745739175644,-0.4408825936849929
20.0,240.0,1000.9228515625,0.8244933528940794,0.1717593457825232,-2.3768181931737407,-0.0231454770857481,0.518855071084819,-0.571934593955575,0.1201970601601191,-0.6224752305254626,-0.9274745739175644,-0.4408825936849929
20.0,240.0,1000.9228515625,0.8244933528941865,0.1717593457825232,-2.3768181931737407,-0.0231454770845309,0.5188549390173107,-0.571934593955575,0.1201970601601191,-0.6224745491760093,-0.9274745739175644,-0.440882595271642
20.0,240.0,1000.9228515625,0.8244933528940794,0.1717593457825232,-2.3768181941580337,-0.0231454774603887,0.518855071084819,-0.571934593955575,0.1201970601601191,-0.6224752305254626,-0.9274745739175644,-0.4408825936849929
20.0,240.0,1000.9228515625,0.8244933528940794,0.1717593457825232,-2.376818193162853,-0.023145477085272,0.5188551757530165,-0.571934593955575,0.1201970601601191,-0.6224752311841399,-0.9274745739175644,-0.4408825977336218
20.0,240.0,1000.9228515625,0.8244933528940739,0.1717593457825232,-2.376818193142241,-0.0231454770857598,0.5188549390173107,-0.571934593955575,0.1201970601601191,-0.6224752484967357,-0.9274745739175644,-0.440882595271642
20.0,241.0,1000.9228515625,0.8244933528940794,0.1717593457825232,-2.3768181931737407,-0.0231454770857481,0.518855071084819,-0.571934593955575,0.1201970601601191,-0.6224752305254626,-0.9274745739175644,-0.4408825936849929
20.0,241.0,1000.9228515625,0.8244933528940794,0.1717593457825232,-2.3768181941580337,-0.0231454774603887,0.518855071084819,-0.571934593955575,0.1201970601601191,-0.6224752305254626,-0.9274745739175644,-0.4408825936849929
20.0,241.0,1000.9228515625,0.8244933528940794,0.1717593457825232,-2.3768181930330443,-0.0231454770857481,0.518855071084819,-0.571934593955575,0.1201970601601191,-0.6224752733749308,-0.9274745739175644,-0.4408825936849929
20.0,241.0,1000.9228515625,0.8244933528940739,0.1717593457825232,-2.3768181931737407,-0.0231454770857601,0.5188549783730564,-0.571934593955575,0.1201970601601191,-0.6224752053231137,-0.9274745739175644,-0.440882595271642
20.0,241.0,1000.9228515625,0.8244933528940794,0.1717593457825232,-2.376818191353992,-0.0231454774599909,0.5188550210242336,-0.571934593955575,0.1201970601601191,-0.6224750096081734,-0.9274745739175644,-0.4408825939440672
20.0,241.0,1000.9228515625,0.8244933528940794,0.1717593457825232,-2.3768181931737407,-0.0231454770857481,0.518855071084819,-0.571934593955575,0.1201970601601191,-0.6224752305254626,-0.9274745739175644,-0.4408825936849929
20.0,241.0,1000.9228515625,0.8244933528940794,0.1717593457825232,-2.3768181931737407,-0.0231454770857481,0.518855071084819,-0.571934593955575,0.1201970601601191,-0.6224752305254626,-0.9274745739175644,-0.4408825936849929
20.0,241.0,1000.9228515625,0.8244933528940794,0.1717593457825232,-2.3768181931737407,-0.0231454770857481,0.518855071084819,-0.571934593955575,0.1201970601601191,-0.6224752305254626,-0.9274745739175644,-0.4408825936849929
20.0,241.0,1000.9228515625,0.8244933528940794,0.1717593457825232,-2.3768181931737407,-0.0231454770967385,0.5188550651022683,-0.571934593955575,0.1201970601601191,-0.6224745911503293,-0.9274745739175644,-0.4408825936849929
20.0,241.0,1000.9228515625,0.8244933528940794,0.1717593457825232,-2.376818191353992,-0.0231454774645114,0.518855179095853,-0.571934593955575,0.1201970601601191,-0.6224750096081734,-0.9274745739175644,-0.4408825977298948
20.0,241.0,1000.9228515625,0.8244933528940794,0.1717593457825232,-2.3768181931737407,-0.0231454770949002,0.518855071084819,-0.571934593955575,0.1201970601601191,-0.6224752305254626,-0.9274745739175644,-0.4408825936849929
20.0,241.0,1000.9228515625,0.8244933528940769,0.1717593457825232,-2.3768181931737407,-0.0231454770855083,0.5188548722225405,-0.571934593955575,0.1201970601601191,-0.6224752948063276,-0.9274745739175644,-0.4408825952815947
20.0,241.0,1000.9228515625,0.8244933528940794,0.1717593457825232,-2.3768181931737407,-0.02314547708576,0.5188549956056944,-0.571934593955575,0.1201970601601191,-0.6224752737358081,-0.9274745739175644,-0.4408825970749195
20.0,241.0,1000.9228515625,0.8244933528940794,0.1717593457825232,-2.3768181913912985,-0.0231454770857481,0.518855071084819,-0.571934593955575,0.1201970601601191,-0.6224752305254626,-0.9274745739175644,-0.4408825976836819
20.0,241.0,1000.9228515625,0.8244933528940739,0.1717593457825232,-2.3768181931737407,-0.0231454770857601,0.5188549390173107,-0.571934593955575,0.1201970601601191,-0.6224745491760093,-0.9274745739175644,-0.440882595271642
20.0,241.0,1000.9228515625,0.8244933528940794,0.1717593457825232,-2.3768181931737407,-0.0231454770857481,0.5188550631229458,-0.571934593955575,0.1201970601601191,-0.6224752305254626,-0.9274745739175644,-0.4408825936849929
20.0,241.0,1000.9228515625,0.8244933528940794,0.1717593457825232,-2.376818192963925,-0.0231454770811601,0.518855071084819,-0.571934593955575,0.1201970601601191,-0.6224752733749308,-0.9274745739175644,-0.4408825936849929
20.0,241.0,1000.9228515625,0.8244933528940794,0.1717593457825232,-2.3768181931737407,-0.0231454770857481,0.518855071084819,-0.571934593955575,0.1201970601601191,-0.6224753292271257,-0.9274745739175644,-0.4408825936849929
20.0,241.0,1000.9228515625,0.8244933528940794,0.1717593457825232,-2.3768181931737407,-0.023145477085272,0.5188550686486088,-0.571934593955575,0.1201970601601191,-0.6224752311841399,-0.9274745739175644,-0.4408825970749195
20.0,241.0,1000.9228515625,0.8244933528940794,0.1717593457825232,-2.3768181931737407,-0.023145477085622,0.5188550651022683,-0.571934593955575,0.1201970601601191,-0.6224745911503293,-0.9274745739175644,-0.4408825936849929
20.0,241.0,1000.9228515625,0.8244933528940769,0.1717593457825232,-2.3768181931737407,-0.0231454770857547,0.5188548722225405,-0.571934593955575,0.1201970601601191,-0.6224752898194671,-0.9274745739175644,-0.4408825952819633
20.0,241.0,1000.9228515625,0.8244933528941869,0.1717593457825232,-2.3768181931737407,-0.0231454770845309,0.5188549390173107,-0.571934593955575,0.1201970601601191,-0.6224745491760093,-0.9274745739175644,-0.440882595271642
20.0,241.0,1000.9228515625,0.8244933528940794,0.1717593457825232,-2.3768181931737407,-0.0231454770857391,0.518855071084819,-0.571934593955575,0.1201970601601191,-0.6224753292271257,-0.9274745739175644,-0.440882595319649
20.0,241.0,1000.9228515625,0.8244933528940794,0.1717593457825232,-2.3768181930330443,-0.0231454770857481,0.518855071084819,-0.571934593955575,0.1201970601601191,-0.6224752733749308,-0.9274745739175644,-0.4408825936849929
20.0,241.0,1000.9228515625,0.8244933528940794,0.1717593457825232,-2.376818193061033,-0.0231454770857481,0.518855071084819,-0.571934593955575,0.1201970601601191,-0.6224754177054583,-0.9274745739175644,-0.4408825976836819
20.0,241.0,1000.9228515625,0.8244933528940739,0.1717593457825232,-2.3768181931737407,-0.0231454770857601,0.5188549390173107,-0.571934593955575,0.1201970601601191,-0.6224755737725376,-0.9274745739175644,-0.440882595271642
20.0,241.0,1000.9228515625,0.8244933528940794,0.1717593457825232,-2.3768181913912985,-0.0231454770968646,0.518855071084819,-0.571934593955575,0.1201970601601191,-0.6224752305254626,-0.9274745739175644,-0.4408825976836819
20.0,241.0,1000.9228515625,0.8244933528940739,0.1717593457825232,-2.3768181931737407,-0.0231454770855136,0.5188549783730564,-0.571934593955575,0.1201970601601191,-0.6224752103099741,-0.9274745739175644,-0.4408825952712734
20.0,241.0,1000.9228515625,0.8244933528940794,0.1717593457825232,-2.3768181931737407,-0.0231454770857481,0.518855071084819,-0.571934593955575,0.1201970601601191,-0.6224752305254626,-0.9274745739175644,-0.4408825936849929
20.0,241.0,1000.9228515625,0.8244933528940739,0.1717593457825232,-2.3768181931737407,-0.023145477085748,0.5188549783730564,-0.571934593955575,0.1201970601601191,-0.6224752063261246,-0.9274745739175644,-0.4408822358767253
20.0,241.0,1000.9228515625,0.8244933528940794,0.1717593457825232,-2.3768181931737407,-0.0231454773767155,0.5188550651022683,-0.571934593955575,0.1201970601601191,-0.6224745267222752,-0.9274745739175644,-0.4408825936849929
20.0,241.0,1000.9228515625,0.8244933528940794,0.1717593457825232,-2.3768181931737407,-0.02314547708576,0.5188549956056944,-0.571934593955575,0.1201970601601191,-0.6224752737358081,-0.9274745739175644,-0.4408825970749195
20.0,241.0,1000.9228515625,0.8244933528940739,0.1717593457825232,-2.3768181931737407,-0.0231454770857475,0.5188549390173107,-0.571934593955575,0.1201970601601191,-0.6224755795723167,-0.9274745739175644,-0.440882595271642
20.0,241.0,1000.9228515625,0.8244933528940794,0.1717593457825232,-2.3768181931737407,-0.0231454770857481,0.518855071084819,-0.571934593955575,0.1201970601601191,-0.6224752305254626,-0.9274745739175644,-0.4408825936849929
20.0,241.0,1000.9228515625,0.8244933528940794,0.1717593457825232,-2.3768181931737407,-0.0231454770857481,0.518855071084819,-0.571934593955575,0.1201970601601191,-0.6224752270133052,-0.9274745739175644,-0.4408825936849929
20.0,241.0,1000.9228515625,0.8244933528940794,0.1717593457825232,-2.3768181931737407,-0.0231454770857481,0.518855071084819,-0.571934593955575,0.1201970601601191,-0.6224752200468672,-0.9274745739175644,-0.4408825936849929
20.0,241.0,1000.9228515625,0.8244933528940794,0.1717593457825232,-2.3768181931737407,-0.0231454770857481,0.518855071084819,-0.571934593955575,0.1201970601601191,-0.6224752305254626,-0.9274745739175644,-0.4408825936849929
20.0,241.0,1000.9228515625,0.8244933528940794,0.1717593457825232,-2.3768181930330443,-0.0231454770857481,0.518855071084819,-0.571934593955575,0.1201970601601191,-0.6224752733749308,-0.9274745739175644,-0.4408825936849929
20.0,241.0,1000.9228515625,0.8244933528940794,0.1717593457825232,-2.37681819136488,-0.0231454774645114,0.5188550719914452,-0.571934593955575,0.1201970601601191,-0.6224750096081734,-0.9274745739175644,-0.4408825970711926
20.0,241.0,1000.9228515625,0.8244933528940794,0.1717593457825232,-2.3768181931737407,-0.0231454770857481,0.518855071084819,-0.571934593955575,0.1201970601601191,-0.6224752305254626,-0.9274745739175644,-0.4408825936849929
20.0,241.0,1000.9228515625,0.8244933528940794,0.1717593457825232,-2.3768181914227986,-0.0231454770857484,0.518855071084819,-0.571934593955575,0.1201970601601191,-0.6224755558012645,-0.9274745739175644,-0.4408825976836819
20.0,241.0,1000.9228515625,0.8244933528940794,0.1717593457825232,-2.3768181931737407,-0.0231454770857481,0.518855071084819,-0.571934593955575,0.1201970601601191,-0.6224752305254626,-0.9274745739175644,-0.4408825936849929
20.0,241.0,1000.9228515625,0.8244933528940739,0.1717593457825232,-2.3768181931737407,-0.0231454770855136,0.5188549783730564,-0.571934593955575,0.1201970601601191,-0.6224752103099741,-0.9274745739175644,-0.4408825952712734
20.0,241.0,1000.9228515625,0.8244933528940794,0.1717593457825232,-2.3768181930330443,-0.0231454770857481,0.518855071084819,-0.571934593955575,0.1201970601601191,-0.6224752733749308,-0.9274745739175644,-0.4408825936849929
20.0,241.0,1000.9228515625,0.8244933528940794,0.1717593457825232,-2.3768181931737407,-0.023145477085622,0.5188550651022683,-0.571934593955575,0.1201970601601191,-0.6224746016289248,-0.9274745739175644,-0.4408825936849929
20.0,241.0,1000.9228515625,0.8244933528940794,0.1717593457825232,-2.3768181931737407,-0.0231454770857481,0.518855071084819,-0.571934593955575,0.1201970601601191,-0.6224752305254626,-0.9274745739175644,-0.4408825936849929
20.0,241.0,1000.9228515625,0.8244933528941865,0.1717593457825232,-2.3768181931737407,-0.0231454770845309,0.5188549390173107,-0.571934593955575,0.1201970601601191,-0.6224745491760093,-0.9274745739175644,-0.440882595271642
20.0,241.0,1000.9228515625,0.8244933528940794,0.1717593457825232,-2.3768181941580337,-0.0231454774603887,0.518855071084819,-0.571934593955575,0.1201970601601191,-0.6224752305254626,-0.9274745739175644,-0.4408825936849929
20.0,241.0,1000.9228515625,0.8244933528940794,0.1717593457825232,-2.376818193162853,-0.023145477085272,0.5188551757530165,-0.571934593955575,0.1201970601601191,-0.6224752311841399,-0.9274745739175644,-0.4408825977336218
20.0,241.0,1000.9228515625,0.8244933528940739,0.1717593457825232,-2.376818193142241,-0.0231454770857598,0.5188549390173107,-0.571934593955575,0.1201970601601191,-0.6224752484967357,-0.9274745739175644,-0.440882595271642
20.0,242.0,1000.9228515625,0.8244933528940794,0.1717593457825232,-2.3768181931737407,-0.0231454770857481,0.518855071084819,-0.571934593955575,0.1201970601601191,-0.6224752305254626,-0.9274745739175644,-0.4408825936849929
20.0,242.0,1000.9228515625,0.8244933528940794,0.1717593457825232,-2.3768181941580337,-0.0231454774603887,0.518855071084819,-0.571934593955575,0.1201970601601191,-0.6224752305254626,-0.9274745739175644,-0.4408825936849929
20.0,242.0,1000.9228515625,0.8244933528940794,0.1717593457825232,-2.3768181930330443,-0.0231454770857481,0.518855071084819,-0.571934593955575,0.1201970601601191,-0.6224752733749308,-0.9274745739175644,-0.4408825936849929
20.0,242.0,1000.9228515625,0.8244933528940739,0.1717593457825232,-2.3768181931737407,-0.0231454770857601,0.5188549783730564,-0.571934593955575,0.1201970601601191,-0.6224752053231137,-0.9274745739175644,-0.440882595271642
20.0,242.0,1000.9228515625,0.8244933528940794,0.1717593457825232,-2.376818191353992,-0.0231454774599909,0.5188550210242336,-0.571934593955575,0.1201970601601191,-0.6224750096081734,-0.9274745739175644,-0.4408825939440672
20.0,242.0,1000.9228515625,0.8244933528940794,0.1717593457825232,-2.3768181931737407,-0.0231454770857481,0.518855071084819,-0.571934593955575,0.1201970601601191,-0.6224752305254626,-0.9274745739175644,-0.4408825936849929
20.0,242.0,1000.9228515625,0.8244933528940794,0.1717593457825232,-2.3768181931737407,-0.0231454770857481,0.518855071084819,-0.571934593955575,0.1201970601601191,-0.6224752305254626,-0.9274745739175644,-0.4408825936849929
20.0,242.0,1000.9228515625,0.8244933528940794,0.1717593457825232,-2.3768181931737407,-0.0231454770857481,0.518855071084819,-0.571934593955575,0.1201970601601191,-0.6224752305254626,-0.9274745739175644,-0.4408825936849929
20.0,242.0,1000.9228515625,0.8244933528940794,0.1717593457825232,-2.3768181931737407,-0.0231454770967385,0.5188550651022683,-0.571934593955575,0.1201970601601191,-0.6224745911503293,-0.9274745739175644,-0.4408825936849929
20.0,242.0,1000.9228515625,0.8244933528940794,0.1717593457825232,-2.376818191353992,-0.0231454774645114,0.518855179095853,-0.571934593955575,0.1201970601601191,-0.6224750096081734,-0.9274745739175644,-0.4408825977298948
20.0,242.0,1000.9228515625,0.8244933528940794,0.1717593457825232,-2.3768181931737407,-0.0231454770949002,0.518855071084819,-0.571934593955575,0.1201970601601191,-0.6224752305254626,-0.9274745739175644,-0.4408825936849929
20.0,242.0,1000.9228515625,0.8244933528940769,0.1717593457825232,-2.3768181931737407,-0.0231454770855083,0.5188548722225405,-0.571934593955575,0.1201970601601191,-0.6224752948063276,-0.9274745739175644,-0.4408825952815947
20.0,242.0,1000.9228515625,0.8244933528940794,0.1717593457825232,-2.3768181931737407,-0.02314547708576,0.5188549956056944,-0.571934593955575,0.1201970601601191,-0.6224752737358081,-0.9274745739175644,-0.4408825970749195
20.0,242.0,1000.9228515625,0.8244933528940794,0.1717593457825232,-2.3768181913912985,-0.0231454770857481,0.518855071084819,-0.571934593955575,0.1201970601601191,-0.6224752305254626,-0.9274745739175644,-0.4408825976836819
20.0,242.0,1000.9228515625,0.8244933528940739,0.1717593457825232,-2.3768181931737407,-0.0231454770857601,0.5188549390173107,-0.571934593955575,0.1201970601601191,-0.6224745491760093,-0.9274745739175644,-0.440882595271642
20.0,242.0,1000.9228515625,0.8244933528940794,0.1717593457825232,-2.3768181931737407,-0.0231454770857481,0.5188550631229458,-0.571934593955575,0.1201970601601191,-0.6224752305254626,-0.9274745739175644,-0.4408825936849929
20.0,242.0,1000.9228515625,0.8244933528940794,0.1717593457825232,-2.376818192963925,-0.0231454770811601,0.518855071084819,-0.571934593955575,0.1201970601601191,-0.6224752733749308,-0.9274745739175644,-0.4408825936849929
20.0,242.0,1000.9228515625,0.8244933528940794,0.1717593457825232,-2.3768181931737407,-0.0231454770857481,0.518855071084819,-0.571934593955575,0.1201970601601191,-0.6224753292271257,-0.9274745739175644,-0.4408825936849929
20.0,242.0,1000.9228515625,0.8244933528940794,0.1717593457825232,-2.3768181931737407,-0.023145477085272,0.5188550686486088,-0.571934593955575,0.1201970601601191,-0.6224752311841399,-0.9274745739175644,-0.4408825970749195
20.0,242.0,1000.9228515625,0.8244933528940794,0.1717593457825232,-2.3768181931737407,-0.023145477085622,0.5188550651022683,-0.571934593955575,0.1201970601601191,-0.6224745911503293,-0.9274745739175644,-0.4408825936849929
20.0,242.0,1000.9228515625,0.8244933528940769,0.1717593457825232,-2.3768181931737407,-0.0231454770857547,0.5188548722225405,-0.571934593955575,0.1201970601601191,-0.6224752898194671,-0.9274745739175644,-0.4408825952819633
20.0,242.0,1000.9228515625,0.8244933528941869,0.1717593457825232,-2.3768181931737407,-0.0231454770845309,0.5188549390173107,-0.571934593955575,0.1201970601601191,-0.6224745491760093,-0.9274745739175644,-0.440882595271642
20.0,242.0,1000.9228515625,0.8244933528940794,0.1717593457825232,-2.3768181931737407,-0.0231454770857391,0.518855071084819,-0.571934593955575,0.1201970601601191,-0.6224753292271257,-0.9274745739175644,-0.440882595319649
20.0,242.0,1000.9228515625,0.8244933528940794,0.1717593457825232,-2.3768181930330443,-0.0231454770857481,0.518855071084819,-0.571934593955575,0.1201970601601191,-0.6224752733749308,-0.9274745739175644,-0.4408825936849929
20.0,242.0,1000.9228515625,0.8244933528940794,0.1717593457825232,-2.376818193061033,-0.0231454770857481,0.518855071084819,-0.571934593955575,0.1201970601601191,-0.6224754177054583,-0.9274745739175644,-0.4408825976836819
20.0,242.0,1000.9228515625,0.8244933528940739,0.1717593457825232,-2.3768181931737407,-0.0231454770857601,0.5188549390173107,-0.571934593955575,0.1201970601601191,-0.6224755737725376,-0.9274745739175644,-0.440882595271642
20.0,242.0,1000.9228515625,0.8244933528940794,0.1717593457825232,-2.3768181913912985,-0.0231454770968646,0.518855071084819,-0.571934593955575,0.1201970601601191,-0.6224752305254626,-0.9274745739175644,-0.4408825976836819
20.0,242.0,1000.9228515625,0.8244933528940739,0.1717593457825232,-2.3768181931737407,-0.0231454770855136,0.5188549783730564,-0.571934593955575,0.1201970601601191,-0.6224752103099741,-0.9274745739175644,-0.4408825952712734
20.0,242.0,1000.9228515625,0.8244933528940794,0.1717593457825232,-2.3768181931737407,-0.0231454770857481,0.518855071084819,-0.571934593955575,0.1201970601601191,-0.6224752305254626,-0.9274745739175644,-0.4408825936849929
20.0,242.0,1000.9228515625,0.8244933528940739,0.1717593457825232,-2.3768181931737407,-0.023145477085748,0.5188549783730564,-0.571934593955575,0.1201970601601191,-0.6224752063261246,-0.9274745739175644,-0.4408822358767253
20.0,242.0,1000.9228515625,0.8244933528940794,0.1717593457825232,-2.3768181931737407,-0.0231454773767155,0.5188550651022683,-0.571934593955575,0.1201970601601191,-0.6224745267222752,-0.9274745739175644,-0.4408825936849929
20.0,242.0,1000.9228515625,0.8244933528940794,0.1717593457825232,-2.3768181931737407,-0.02314547708576,0.5188549956056944,-0.571934593955575,0.1201970601601191,-0.6224752737358081,-0.9274745739175644,-0.4408825970749195
20.0,242.0,1000.9228515625,0.8244933528940739,0.1717593457825232,-2.3768181931737407,-0.0231454770857475,0.5188549390173107,-0.571934593955575,0.1201970601601191,-0.6224755795723167,-0.9274745739175644,-0.440882595271642
20.0,242.0,1000.9228515625,0.8244933528940794,0.1717593457825232,-2.3768181931737407,-0.0231454770857481,0.518855071084819,-0.571934593955575,0.1201970601601191,-0.6224752305254626,-0.9274745739175644,-0.4408825936849929
20.0,242.0,1000.9228515625,0.8244933528940794,0.1717593457825232,-2.3768181931737407,-0.0231454770857481,0.518855071084819,-0.571934593955575,0.1201970601601191,-0.6224752270133052,-0.9274745739175644,-0.4408825936849929
20.0,242.0,1000.9228515625,0.8244933528940794,0.1717593457825232,-2.3768181931737407,-0.0231454770857481,0.518855071084819,-0.571934593955575,0.1201970601601191,-0.6224752200468672,-0.9274745739175644,-0.4408825936849929
20.0,242.0,1000.9228515625,0.8244933528940794,0.1717593457825232,-2.3768181931737407,-0.0231454770857481,0.518855071084819,-0.571934593955575,0.1201970601601191,-0.6224752305254626,-0.9274745739175644,-0.4408825936849929
20.0,242.0,1000.9228515625,0.8244933528940794,0.1717593457825232,-2.3768181930330443,-0.0231454770857481,0.518855071084819,-0.571934593955575,0.1201970601601191,-0.6224752733749308,-0.9274745739175644,-0.4408825936849929
20.0,242.0,1000.9228515625,0.8244933528940794,0.1717593457825232,-2.37681819136488,-0.0231454774645114,0.5188550719914452,-0.571934593955575,0.1201970601601191,-0.6224750096081734,-0.9274745739175644,-0.4408825970711926
20.0,242.0,1000.9228515625,0.8244933528940794,0.1717593457825232,-2.3768181931737407,-0.0231454770857481,0.518855071084819,-0.571934593955575,0.1201970601601191,-0.6224752305254626,-0.9274745739175644,-0.4408825936849929
20.0,242.0,1000.9228515625,0.8244933528940794,0.1717593457825232,-2.3768181914227986,-0.0231454770857484,0.518855071084819,-0.571934593955575,0.1201970601601191,-0.6224755558012645,-0.9274745739175644,-0.4408825976836819
20.0,242.0,1000.9228515625,0.8244933528940794,0.1717593457825232,-2.3768181931737407,-0.0231454770857481,0.518855071084819,-0.571934593955575,0.1201970601601191,-0.6224752305254626,-0.9274745739175644,-0.4408825936849929
20.0,242.0,1000.9228515625,0.8244933528940739,0.1717593457825232,-2.3768181931737407,-0.0231454770855136,0.5188549783730564,-0.571934593955575,0.1201970601601191,-0.6224752103099741,-0.9274745739175644,-0.4408825952712734
20.0,242.0,1000.9228515625,0.8244933528940794,0.1717593457825232,-2.3768181930330443,-0.0231454770857481,0.518855071084819,-0.571934593955575,0.1201970601601191,-0.6224752733749308,-0.9274745739175644,-0.4408825936849929
20.0,242.0,1000.9228515625,0.8244933528940794,0.1717593457825232,-2.3768181931737407,-0.023145477085622,0.5188550651022683,-0.571934593955575,0.1201970601601191,-0.6224746016289248,-0.9274745739175644,-0.4408825936849929
20.0,242.0,1000.9228515625,0.8244933528940794,0.1717593457825232,-2.3768181931737407,-0.0231454770857481,0.518855071084819,-0.571934593955575,0.1201970601601191,-0.6224752305254626,-0.9274745739175644,-0.4408825936849929
20.0,242.0,1000.9228515625,0.8244933528941865,0.1717593457825232,-2.3768181931737407,-0.0231454770845309,0.5188549390173107,-0.571934593955575,0.1201970601601191,-0.6224745491760093,-0.9274745739175644,-0.440882595271642
20.0,242.0,1000.9228515625,0.8244933528940794,0.1717593457825232,-2.3768181941580337,-0.0231454774603887,0.518855071084819,-0.571934593955575,0.1201970601601191,-0.6224752305254626,-0.9274745739175644,-0.4408825936849929
20.0,242.0,1000.9228515625,0.8244933528940794,0.1717593457825232,-2.376818193162853,-0.023145477085272,0.5188551757530165,-0.571934593955575,0.1201970601601191,-0.6224752311841399,-0.9274745739175644,-0.4408825977336218
20.0,242.0,1000.9228515625,0.8244933528940739,0.1717593457825232,-2.376818193142241,-0.0231454770857598,0.5188549390173107,-0.571934593955575,0.1201970601601191,-0.6224752484967357,-0.9274745739175644,-0.440882595271642
20.0,243.0,1000.9228515625,0.8244933528940794,0.1717593457825232,-2.3768181931737407,-0.0231454770857481,0.518855071084819,-0.571934593955575,0.1201970601601191,-0.6224752305254626,-0.9274745739175644,-0.4408825936849929
20.0,243.0,1000.9228515625,0.8244933528940794,0.1717593457825232,-2.3768181941580337,-0.0231454774603887,0.518855071084819,-0.571934593955575,0.1201970601601191,-0.6224752305254626,-0.9274745739175644,-0.4408825936849929
20.0,243.0,1000.9228515625,0.8244933528940794,0.1717593457825232,-2.3768181930330443,-0.0231454770857481,0.518855071084819,-0.571934593955575,0.1201970601601191,-0.6224752733749308,-0.9274745739175644,-0.4408825936849929
20.0,243.0,1000.9228515625,0.8244933528940739,0.1717593457825232,-2.3768181931737407,-0.0231454770857601,0.5188549783730564,-0.571934593955575,0.1201970601601191,-0.6224752053231137,-0.9274745739175644,-0.440882595271642
20.0,243.0,1000.9228515625,0.8244933528940794,0.1717593457825232,-2.376818191353992,-0.0231454774599909,0.5188550210242336,-0.571934593955575,0.1201970601601191,-0.6224750096081734,-0.9274745739175644,-0.4408825939440672
20.0,243.0,1000.9228515625,0.8244933528940794,0.1717593457825232,-2.3768181931737407,-0.0231454770857481,0.518855071084819,-0.571934593955575,0.1201970601601191,-0.6224752305254626,-0.9274745739175644,-0.4408825936849929
20.0,243.0,1000.9228515625,0.8244933528940794,0.1717593457825232,-2.3768181931737407,-0.0231454770857481,0.518855071084819,-0.571934593955575,0.1201970601601191,-0.6224752305254626,-0.9274745739175644,-0.4408825936849929
20.0,243.0,1000.9228515625,0.8244933528940794,0.1717593457825232,-2.3768181931737407,-0.0231454770857481,0.518855071084819,-0.571934593955575,0.1201970601601191,-0.6224752305254626,-0.9274745739175644,-0.4408825936849929
20.0,243.0,1000.9228515625,0.8244933528940794,0.1717593457825232,-2.3768181931737407,-0.0231454770967385,0.5188550651022683,-0.571934593955575,0.1201970601601191,-0.6224745911503293,-0.9274745739175644,-0.4408825936849929
20.0,243.0,1000.9228515625,0.8244933528940794,0.1717593457825232,-2.376818191353992,-0.0231454774645114,0.518855179095853,-0.571934593955575,0.1201970601601191,-0.6224750096081734,-0.9274745739175644,-0.4408825977298948
20.0,243.0,1000.9228515625,0.8244933528940794,0.1717593457825232,-2.3768181931737407,-0.0231454770949002,0.518855071084819,-0.571934593955575,0.1201970601601191,-0.6224752305254626,-0.9274745739175644,-0.4408825936849929
20.0,243.0,1000.9228515625,0.8244933528940769,0.1717593457825232,-2.3768181931737407,-0.0231454770855083,0.5188548722225405,-0.571934593955575,0.1201970601601191,-0.6224752948063276,-0.9274745739175644,-0.4408825952815947
20.0,243.0,1000.9228515625,0.8244933528940794,0.1717593457825232,-2.3768181931737407,-0.02314547708576,0.5188549956056944,-0.571934593955575,0.1201970601601191,-0.6224752737358081,-0.9274745739175644,-0.4408825970749195
20.0,243.0,1000.9228515625,0.8244933528940794,0.1717593457825232,-2.3768181913912985,-0.0231454770857481,0.518855071084819,-0.571934593955575,0.1201970601601191,-0.6224752305254626,-0.9274745739175644,-0.4408825976836819
20.0,243.0,1000.9228515625,0.8244933528940739,0.1717593457825232,-2.3768181931737407,-0.0231454770857601,0.5188549390173107,-0.571934593955575,0.1201970601601191,-0.6224745491760093,-0.9274745739175644,-0.440882595271642
20.0,243.0,1000.9228515625,0.8244933528940794,0.1717593457825232,-2.3768181931737407,-0.0231454770857481,0.5188550631229458,-0.571934593955575,0.1201970601601191,-0.6224752305254626,-0.9274745739175644,-0.4408825936849929
20.0,243.0,1000.9228515625,0.8244933528940794,0.1717593457825232,-2.376818192963925,-0.0231454770811601,0.518855071084819,-0.571934593955575,0.1201970601601191,-0.6224752733749308,-0.9274745739175644,-0.4408825936849929
20.0,243.0,1000.9228515625,0.8244933528940794,0.1717593457825232,-2.3768181931737407,-0.0231454770857481,0.518855071084819,-0.571934593955575,0.1201970601601191,-0.6224753292271257,-0.9274745739175644,-0.4408825936849929
20.0,243.0,1000.9228515625,0.8244933528940794,0.1717593457825232,-2.3768181931737407,-0.023145477085272,0.5188550686486088,-0.571934593955575,0.1201970601601191,-0.6224752311841399,-0.9274745739175644,-0.4408825970749195
20.0,243.0,1000.9228515625,0.8244933528940794,0.1717593457825232,-2.3768181931737407,-0.023145477085622,0.5188550651022683,-0.571934593955575,0.1201970601601191,-0.6224745911503293,-0.9274745739175644,-0.4408825936849929
20.0,243.0,1000.9228515625,0.8244933528940769,0.1717593457825232,-2.3768181931737407,-0.0231454770857547,0.5188548722225405,-0.571934593955575,0.1201970601601191,-0.6224752898194671,-0.9274745739175644,-0.4408825952819633
20.0,243.0,1000.9228515625,0.8244933528941869,0.1717593457825232,-2.3768181931737407,-0.0231454770845309,0.5188549390173107,-0.571934593955575,0.1201970601601191,-0.6224745491760093,-0.9274745739175644,-0.440882595271642
20.0,243.0,1000.9228515625,0.8244933528940794,0.1717593457825232,-2.3768181931737407,-0.0231454770857391,0.518855071084819,-0.571934593955575,0.1201970601601191,-0.6224753292271257,-0.9274745739175644,-0.440882595319649
20.0,243.0,1000.9228515625,0.8244933528940794,0.1717593457825232,-2.3768181930330443,-0.0231454770857481,0.518855071084819,-0.571934593955575,0.1201970601601191,-0.6224752733749308,-0.9274745739175644,-0.4408825936849929
20.0,243.0,1000.9228515625,0.8244933528940794,0.1717593457825232,-2.376818193061033,-0.0231454770857481,0.518855071084819,-0.571934593955575,0.1201970601601191,-0.6224754177054583,-0.9274745739175644,-0.4408825976836819
20.0,243.0,1000.9228515625,0.8244933528940739,0.1717593457825232,-2.3768181931737407,-0.0231454770857601,0.5188549390173107,-0.571934593955575,0.1201970601601191,-0.6224755737725376,-0.9274745739175644,-0.440882595271642
20.0,243.0,1000.9228515625,0.8244933528940794,0.1717593457825232,-2.3768181913912985,-0.0231454770968646,0.518855071084819,-0.571934593955575,0.1201970601601191,-0.6224752305254626,-0.9274745739175644,-0.4408825976836819
20.0,243.0,1000.9228515625,0.8244933528940739,0.1717593457825232,-2.3768181931737407,-0.0231454770855136,0.5188549783730564,-0.571934593955575,0.1201970601601191,-0.6224752103099741,-0.9274745739175644,-0.4408825952712734
20.0,243.0,1000.9228515625,0.8244933528940794,0.1717593457825232,-2.3768181931737407,-0.0231454770857481,0.518855071084819,-0.571934593955575,0.1201970601601191,-0.6224752305254626,-0.9274745739175644,-0.4408825936849929
20.0,243.0,1000.9228515625,0.8244933528940739,0.1717593457825232,-2.3768181931737407,-0.023145477085748,0.5188549783730564,-0.571934593955575,0.1201970601601191,-0.6224752063261246,-0.9274745739175644,-0.4408822358767253
20.0,243.0,1000.9228515625,0.8244933528940794,0.1717593457825232,-2.3768181931737407,-0.0231454773767155,0.5188550651022683,-0.571934593955575,0.1201970601601191,-0.6224745267222752,-0.9274745739175644,-0.4408825936849929
20.0,243.0,1000.9228515625,0.8244933528940794,0.1717593457825232,-2.3768181931737407,-0.02314547708576,0.5188549956056944,-0.571934593955575,0.1201970601601191,-0.6224752737358081,-0.9274745739175644,-0.4408825970749195
20.0,243.0,1000.9228515625,0.8244933528940739,0.1717593457825232,-2.3768181931737407,-0.0231454770857475,0.5188549390173107,-0.571934593955575,0.1201970601601191,-0.6224755795723167,-0.9274745739175644,-0.440882595271642
20.0,243.0,1000.9228515625,0.8244933528940794,0.1717593457825232,-2.3768181931737407,-0.0231454770857481,0.518855071084819,-0.571934593955575,0.1201970601601191,-0.6224752305254626,-0.9274745739175644,-0.4408825936849929
20.0,243.0,1000.9228515625,0.8244933528940794,0.1717593457825232,-2.3768181931737407,-0.0231454770857481,0.518855071084819,-0.571934593955575,0.1201970601601191,-0.6224752270133052,-0.9274745739175644,-0.4408825936849929
20.0,243.0,1000.9228515625,0.8244933528940794,0.1717593457825232,-2.3768181931737407,-0.0231454770857481,0.518855071084819,-0.571934593955575,0.1201970601601191,-0.6224752200468672,-0.9274745739175644,-0.4408825936849929
20.0,243.0,1000.9228515625,0.8244933528940794,0.1717593457825232,-2.3768181931737407,-0.0231454770857481,0.518855071084819,-0.571934593955575,0.1201970601601191,-0.6224752305254626,-0.9274745739175644,-0.4408825936849929
20.0,243.0,1000.9228515625,0.8244933528940794,0.1717593457825232,-2.3768181930330443,-0.0231454770857481,0.518855071084819,-0.571934593955575,0.1201970601601191,-0.6224752733749308,-0.9274745739175644,-0.4408825936849929
20.0,243.0,1000.9228515625,0.8244933528940794,0.1717593457825232,-2.37681819136488,-0.0231454774645114,0.5188550719914452,-0.571934593955575,0.1201970601601191,-0.6224750096081734,-0.9274745739175644,-0.4408825970711926
20.0,243.0,1000.9228515625,0.8244933528940794,0.1717593457825232,-2.3768181931737407,-0.0231454770857481,0.518855071084819,-0.571934593955575,0.1201970601601191,-0.6224752305254626,-0.9274745739175644,-0.4408825936849929
20.0,243.0,1000.9228515625,0.8244933528940794,0.1717593457825232,-2.3768181914227986,-0.0231454770857484,0.518855071084819,-0.571934593955575,0.1201970601601191,-0.6224755558012645,-0.9274745739175644,-0.4408825976836819
20.0,243.0,1000.9228515625,0.8244933528940794,0.1717593457825232,-2.3768181931737407,-0.0231454770857481,0.518855071084819,-0.571934593955575,0.1201970601601191,-0.6224752305254626,-0.9274745739175644,-0.4408825936849929
20.0,243.0,1000.9228515625,0.8244933528940739,0.1717593457825232,-2.3768181931737407,-0.0231454770855136,0.5188549783730564,-0.571934593955575,0.1201970601601191,-0.6224752103099741,-0.9274745739175644,-0.4408825952712734
20.0,243.0,1000.9228515625,0.8244933528940794,0.1717593457825232,-2.3768181930330443,-0.0231454770857481,0.518855071084819,-0.571934593955575,0.1201970601601191,-0.6224752733749308,-0.9274745739175644,-0.4408825936849929
20.0,243.0,1000.9228515625,0.8244933528940794,0.1717593457825232,-2.3768181931737407,-0.023145477085622,0.5188550651022683,-0.571934593955575,0.1201970601601191,-0.6224746016289248,-0.9274745739175644,-0.4408825936849929
20.0,243.0,1000.9228515625,0.8244933528940794,0.1717593457825232,-2.3768181931737407,-0.0231454770857481,0.518855071084819,-0.571934593955575,0.1201970601601191,-0.6224752305254626,-0.9274745739175644,-0.4408825936849929
20.0,243.0,1000.9228515625,0.8244933528941865,0.1717593457825232,-2.3768181931737407,-0.0231454770845309,0.5188549390173107,-0.571934593955575,0.1201970601601191,-0.6224745491760093,-0.9274745739175644,-0.440882595271642
20.0,243.0,1000.9228515625,0.8244933528940794,0.1717593457825232,-2.3768181941580337,-0.0231454774603887,0.518855071084819,-0.571934593955575,0.1201970601601191,-0.6224752305254626,-0.9274745739175644,-0.4408825936849929
20.0,243.0,1000.9228515625,0.8244933528940794,0.1717593457825232,-2.376818193162853,-0.023145477085272,0.5188551757530165,-0.571934593955575,0.1201970601601191,-0.6224752311841399,-0.9274745739175644,-0.4408825977336218
20.0,243.0,1000.9228515625,0.8244933528940739,0.1717593457825232,-2.376818193142241,-0.0231454770857598,0.5188549390173107,-0.571934593955575,0.1201970601601191,-0.6224752484967357,-0.9274745739175644,-0.440882595271642
20.0,244.0,1000.9228515625,0.8244933528940794,0.1717593457825232,-2.3768181931737407,-0.0231454770857481,0.518855071084819,-0.571934593955575,0.1201970601601191,-0.6224752305254626,-0.9274745739175644,-0.4408825936849929
20.0,244.0,1000.9228515625,0.8244933528940794,0.1717593457825232,-2.3768181941580337,-0.0231454774603887,0.518855071084819,-0.571934593955575,0.1201970601601191,-0.6224752305254626,-0.9274745739175644,-0.4408825936849929
20.0,244.0,1000.9228515625,0.8244933528940794,0.1717593457825232,-2.3768181930330443,-0.0231454770857481,0.518855071084819,-0.571934593955575,0.1201970601601191,-0.6224752733749308,-0.9274745739175644,-0.4408825936849929
20.0,244.0,1000.9228515625,0.8244933528940739,0.1717593457825232,-2.3768181931737407,-0.0231454770857601,0.5188549783730564,-0.571934593955575,0.1201970601601191,-0.6224752053231137,-0.9274745739175644,-0.440882595271642
20.0,244.0,1000.9228515625,0.8244933528940794,0.1717593457825232,-2.376818191353992,-0.0231454774599909,0.5188550210242336,-0.571934593955575,0.1201970601601191,-0.6224750096081734,-0.9274745739175644,-0.4408825939440672
20.0,244.0,1000.9228515625,0.8244933528940794,0.1717593457825232,-2.3768181931737407,-0.0231454770857481,0.518855071084819,-0.571934593955575,0.1201970601601191,-0.6224752305254626,-0.9274745739175644,-0.4408825936849929
20.0,244.0,1000.9228515625,0.8244933528940794,0.1717593457825232,-2.3768181931737407,-0.0231454770857481,0.518855071084819,-0.571934593955575,0.1201970601601191,-0.6224752305254626,-0.9274745739175644,-0.4408825936849929
20.0,244.0,1000.9228515625,0.8244933528940794,0.1717593457825232,-2.3768181931737407,-0.0231454770857481,0.518855071084819,-0.571934593955575,0.1201970601601191,-0.6224752305254626,-0.9274745739175644,-0.4408825936849929
20.0,244.0,1000.9228515625,0.8244933528940794,0.1717593457825232,-2.3768181931737407,-0.0231454770967385,0.5188550651022683,-0.571934593955575,0.1201970601601191,-0.6224745911503293,-0.9274745739175644,-0.4408825936849929
20.0,244.0,1000.9228515625,0.8244933528940794,0.1717593457825232,-2.376818191353992,-0.0231454774645114,0.518855179095853,-0.571934593955575,0.1201970601601191,-0.6224750096081734,-0.9274745739175644,-0.4408825977298948
20.0,244.0,1000.9228515625,0.8244933528940794,0.1717593457825232,-2.3768181931737407,-0.0231454770949002,0.518855071084819,-0.571934593955575,0.1201970601601191,-0.6224752305254626,-0.9274745739175644,-0.4408825936849929
20.0,244.0,1000.9228515625,0.8244933528940769,0.1717593457825232,-2.3768181931737407,-0.0231454770855083,0.5188548722225405,-0.571934593955575,0.1201970601601191,-0.6224752948063276,-0.9274745739175644,-0.4408825952815947
20.0,244.0,1000.9228515625,0.8244933528940794,0.1717593457825232,-2.3768181931737407,-0.02314547708576,0.5188549956056944,-0.571934593955575,0.1201970601601191,-0.6224752737358081,-0.9274745739175644,-0.4408825970749195
20.0,244.0,1000.9228515625,0.8244933528940794,0.1717593457825232,-2.3768181913912985,-0.0231454770857481,0.518855071084819,-0.571934593955575,0.1201970601601191,-0.6224752305254626,-0.9274745739175644,-0.4408825976836819
20.0,244.0,1000.9228515625,0.8244933528940739,0.1717593457825232,-2.3768181931737407,-0.0231454770857601,0.5188549390173107,-0.571934593955575,0.1201970601601191,-0.6224745491760093,-0.9274745739175644,-0.440882595271642
20.0,244.0,1000.9228515625,0.8244933528940794,0.1717593457825232,-2.3768181931737407,-0.0231454770857481,0.5188550631229458,-0.571934593955575,0.1201970601601191,-0.6224752305254626,-0.9274745739175644,-0.4408825936849929
20.0,244.0,1000.9228515625,0.8244933528940794,0.1717593457825232,-2.376818192963925,-0.0231454770811601,0.518855071084819,-0.571934593955575,0.1201970601601191,-0.6224752733749308,-0.9274745739175644,-0.4408825936849929
20.0,244.0,1000.9228515625,0.8244933528940794,0.1717593457825232,-2.3768181931737407,-0.0231454770857481,0.518855071084819,-0.571934593955575,0.1201970601601191,-0.6224753292271257,-0.9274745739175644,-0.4408825936849929
20.0,244.0,1000.9228515625,0.8244933528940794,0.1717593457825232,-2.3768181931737407,-0.023145477085272,0.5188550686486088,-0.571934593955575,0.1201970601601191,-0.6224752311841399,-0.9274745739175644,-0.4408825970749195
20.0,244.0,1000.9228515625,0.8244933528940794,0.1717593457825232,-2.3768181931737407,-0.023145477085622,0.5188550651022683,-0.571934593955575,0.1201970601601191,-0.6224745911503293,-0.9274745739175644,-0.4408825936849929
20.0,244.0,1000.9228515625,0.8244933528940769,0.1717593457825232,-2.3768181931737407,-0.0231454770857547,0.5188548722225405,-0.571934593955575,0.1201970601601191,-0.6224752898194671,-0.9274745739175644,-0.4408825952819633
20.0,244.0,1000.9228515625,0.8244933528941869,0.1717593457825232,-2.3768181931737407,-0.0231454770845309,0.5188549390173107,-0.571934593955575,0.1201970601601191,-0.6224745491760093,-0.9274745739175644,-0.440882595271642
20.0,244.0,1000.9228515625,0.8244933528940794,0.1717593457825232,-2.3768181931737407,-0.0231454770857391,0.518855071084819,-0.571934593955575,0.1201970601601191,-0.6224753292271257,-0.9274745739175644,-0.440882595319649
20.0,244.0,1000.9228515625,0.8244933528940794,0.1717593457825232,-2.3768181930330443,-0.0231454770857481,0.518855071084819,-0.571934593955575,0.1201970601601191,-0.6224752733749308,-0.9274745739175644,-0.4408825936849929
20.0,244.0,1000.9228515625,0.8244933528940794,0.1717593457825232,-2.376818193061033,-0.0231454770857481,0.518855071084819,-0.571934593955575,0.1201970601601191,-0.6224754177054583,-0.9274745739175644,-0.4408825976836819
20.0,244.0,1000.9228515625,0.8244933528940739,0.1717593457825232,-2.3768181931737407,-0.0231454770857601,0.5188549390173107,-0.571934593955575,0.1201970601601191,-0.6224755737725376,-0.9274745739175644,-0.440882595271642
20.0,244.0,1000.9228515625,0.8244933528940794,0.1717593457825232,-2.3768181913912985,-0.0231454770968646,0.518855071084819,-0.571934593955575,0.1201970601601191,-0.6224752305254626,-0.9274745739175644,-0.4408825976836819
20.0,244.0,1000.9228515625,0.8244933528940739,0.1717593457825232,-2.3768181931737407,-0.0231454770855136,0.5188549783730564,-0.571934593955575,0.1201970601601191,-0.6224752103099741,-0.9274745739175644,-0.4408825952712734
20.0,244.0,1000.9228515625,0.8244933528940794,0.1717593457825232,-2.3768181931737407,-0.0231454770857481,0.518855071084819,-0.571934593955575,0.1201970601601191,-0.6224752305254626,-0.9274745739175644,-0.4408825936849929
20.0,244.0,1000.9228515625,0.8244933528940739,0.1717593457825232,-2.3768181931737407,-0.023145477085748,0.5188549783730564,-0.571934593955575,0.1201970601601191,-0.6224752063261246,-0.9274745739175644,-0.4408822358767253
20.0,244.0,1000.9228515625,0.8244933528940794,0.1717593457825232,-2.3768181931737407,-0.0231454773767155,0.5188550651022683,-0.571934593955575,0.1201970601601191,-0.6224745267222752,-0.9274745739175644,-0.4408825936849929
20.0,244.0,1000.9228515625,0.8244933528940794,0.1717593457825232,-2.3768181931737407,-0.02314547708576,0.5188549956056944,-0.571934593955575,0.1201970601601191,-0.6224752737358081,-0.9274745739175644,-0.4408825970749195
20.0,244.0,1000.9228515625,0.8244933528940739,0.1717593457825232,-2.3768181931737407,-0.0231454770857475,0.5188549390173107,-0.571934593955575,0.1201970601601191,-0.6224755795723167,-0.9274745739175644,-0.440882595271642
20.0,244.0,1000.9228515625,0.8244933528940794,0.1717593457825232,-2.3768181931737407,-0.0231454770857481,0.518855071084819,-0.571934593955575,0.1201970601601191,-0.6224752305254626,-0.9274745739175644,-0.4408825936849929
20.0,244.0,1000.9228515625,0.8244933528940794,0.1717593457825232,-2.3768181931737407,-0.0231454770857481,0.518855071084819,-0.571934593955575,0.1201970601601191,-0.6224752270133052,-0.9274745739175644,-0.4408825936849929
20.0,244.0,1000.9228515625,0.8244933528940794,0.1717593457825232,-2.3768181931737407,-0.0231454770857481,0.518855071084819,-0.571934593955575,0.1201970601601191,-0.6224752200468672,-0.9274745739175644,-0.4408825936849929
20.0,244.0,1000.9228515625,0.8244933528940794,0.1717593457825232,-2.3768181931737407,-0.0231454770857481,0.518855071084819,-0.571934593955575,0.1201970601601191,-0.6224752305254626,-0.9274745739175644,-0.4408825936849929
20.0,244.0,1000.9228515625,0.8244933528940794,0.1717593457825232,-2.3768181930330443,-0.0231454770857481,0.518855071084819,-0.571934593955575,0.1201970601601191,-0.6224752733749308,-0.9274745739175644,-0.4408825936849929
20.0,244.0,1000.9228515625,0.8244933528940794,0.1717593457825232,-2.37681819136488,-0.0231454774645114,0.5188550719914452,-0.571934593955575,0.1201970601601191,-0.6224750096081734,-0.9274745739175644,-0.4408825970711926
20.0,244.0,1000.9228515625,0.8244933528940794,0.1717593457825232,-2.3768181931737407,-0.0231454770857481,0.518855071084819,-0.571934593955575,0.1201970601601191,-0.6224752305254626,-0.9274745739175644,-0.4408825936849929
20.0,244.0,1000.9228515625,0.8244933528940794,0.1717593457825232,-2.3768181914227986,-0.0231454770857484,0.518855071084819,-0.571934593955575,0.1201970601601191,-0.6224755558012645,-0.9274745739175644,-0.4408825976836819
20.0,244.0,1000.9228515625,0.8244933528940794,0.1717593457825232,-2.3768181931737407,-0.0231454770857481,0.518855071084819,-0.571934593955575,0.1201970601601191,-0.6224752305254626,-0.9274745739175644,-0.4408825936849929
20.0,244.0,1000.9228515625,0.8244933528940739,0.1717593457825232,-2.3768181931737407,-0.0231454770855136,0.5188549783730564,-0.571934593955575,0.1201970601601191,-0.6224752103099741,-0.9274745739175644,-0.4408825952712734
20.0,244.0,1000.9228515625,0.8244933528940794,0.1717593457825232,-2.3768181930330443,-0.0231454770857481,0.518855071084819,-0.571934593955575,0.1201970601601191,-0.6224752733749308,-0.9274745739175644,-0.4408825936849929
20.0,244.0,1000.9228515625,0.8244933528940794,0.1717593457825232,-2.3768181931737407,-0.023145477085622,0.5188550651022683,-0.571934593955575,0.1201970601601191,-0.6224746016289248,-0.9274745739175644,-0.4408825936849929
20.0,244.0,1000.9228515625,0.8244933528940794,0.1717593457825232,-2.3768181931737407,-0.0231454770857481,0.518855071084819,-0.571934593955575,0.1201970601601191,-0.6224752305254626,-0.9274745739175644,-0.4408825936849929
20.0,244.0,1000.9228515625,0.8244933528941865,0.1717593457825232,-2.3768181931737407,-0.0231454770845309,0.5188549390173107,-0.571934593955575,0.1201970601601191,-0.6224745491760093,-0.9274745739175644,-0.440882595271642
20.0,244.0,1000.9228515625,0.8244933528940794,0.1717593457825232,-2.3768181941580337,-0.0231454774603887,0.518855071084819,-0.571934593955575,0.1201970601601191,-0.6224752305254626,-0.9274745739175644,-0.4408825936849929
20.0,244.0,1000.9228515625,0.8244933528940794,0.1717593457825232,-2.376818193162853,-0.023145477085272,0.5188551757530165,-0.571934593955575,0.1201970601601191,-0.6224752311841399,-0.9274745739175644,-0.4408825977336218
20.0,244.0,1000.9228515625,0.8244933528940739,0.1717593457825232,-2.376818193142241,-0.0231454770857598,0.5188549390173107,-0.571934593955575,0.1201970601601191,-0.6224752484967357,-0.9274745739175644,-0.440882595271642
20.0,245.0,1000.9228515625,0.8244933528940794,0.1717593457825232,-2.3768181931737407,-0.0231454770857481,0.518855071084819,-0.571934593955575,0.1201970601601191,-0.6224752305254626,-0.9274745739175644,-0.4408825936849929
20.0,245.0,1000.9228515625,0.8244933528940794,0.1717593457825232,-2.3768181941580337,-0.0231454774603887,0.518855071084819,-0.571934593955575,0.1201970601601191,-0.6224752305254626,-0.9274745739175644,-0.4408825936849929
20.0,245.0,1000.9228515625,0.8244933528940794,0.1717593457825232,-2.3768181930330443,-0.0231454770857481,0.518855071084819,-0.571934593955575,0.1201970601601191,-0.6224752733749308,-0.9274745739175644,-0.4408825936849929
20.0,245.0,1000.9228515625,0.8244933528940739,0.1717593457825232,-2.3768181931737407,-0.0231454770857601,0.5188549783730564,-0.571934593955575,0.1201970601601191,-0.6224752053231137,-0.9274745739175644,-0.440882595271642
20.0,245.0,1000.9228515625,0.8244933528940794,0.1717593457825232,-2.376818191353992,-0.0231454774599909,0.5188550210242336,-0.571934593955575,0.1201970601601191,-0.6224750096081734,-0.9274745739175644,-0.4408825939440672
20.0,245.0,1000.9228515625,0.8244933528940794,0.1717593457825232,-2.3768181931737407,-0.0231454770857481,0.518855071084819,-0.571934593955575,0.1201970601601191,-0.6224752305254626,-0.9274745739175644,-0.4408825936849929
20.0,245.0,1000.9228515625,0.8244933528940794,0.1717593457825232,-2.3768181931737407,-0.0231454770857481,0.518855071084819,-0.571934593955575,0.1201970601601191,-0.6224752305254626,-0.9274745739175644,-0.4408825936849929
20.0,245.0,1000.9228515625,0.8244933528940794,0.1717593457825232,-2.3768181931737407,-0.0231454770857481,0.518855071084819,-0.571934593955575,0.1201970601601191,-0.6224752305254626,-0.9274745739175644,-0.4408825936849929
20.0,245.0,1000.9228515625,0.8244933528940794,0.1717593457825232,-2.3768181931737407,-0.0231454770967385,0.5188550651022683,-0.571934593955575,0.1201970601601191,-0.6224745911503293,-0.9274745739175644,-0.4408825936849929
20.0,245.0,1000.9228515625,0.8244933528940794,0.1717593457825232,-2.376818191353992,-0.0231454774645114,0.518855179095853,-0.571934593955575,0.1201970601601191,-0.6224750096081734,-0.9274745739175644,-0.4408825977298948
20.0,245.0,1000.9228515625,0.8244933528940794,0.1717593457825232,-2.3768181931737407,-0.0231454770949002,0.518855071084819,-0.571934593955575,0.1201970601601191,-0.6224752305254626,-0.9274745739175644,-0.4408825936849929
20.0,245.0,1000.9228515625,0.8244933528940769,0.1717593457825232,-2.3768181931737407,-0.0231454770855083,0.5188548722225405,-0.571934593955575,0.1201970601601191,-0.6224752948063276,-0.9274745739175644,-0.4408825952815947
20.0,245.0,1000.9228515625,0.8244933528940794,0.1717593457825232,-2.3768181931737407,-0.02314547708576,0.5188549956056944,-0.571934593955575,0.1201970601601191,-0.6224752737358081,-0.9274745739175644,-0.4408825970749195
20.0,245.0,1000.9228515625,0.8244933528940794,0.1717593457825232,-2.3768181913912985,-0.0231454770857481,0.518855071084819,-0.571934593955575,0.1201970601601191,-0.6224752305254626,-0.9274745739175644,-0.4408825976836819
20.0,245.0,1000.9228515625,0.8244933528940739,0.1717593457825232,-2.3768181931737407,-0.0231454770857601,0.5188549390173107,-0.571934593955575,0.1201970601601191,-0.6224745491760093,-0.9274745739175644,-0.440882595271642
20.0,245.0,1000.9228515625,0.8244933528940794,0.1717593457825232,-2.3768181931737407,-0.0231454770857481,0.5188550631229458,-0.571934593955575,0.1201970601601191,-0.6224752305254626,-0.9274745739175644,-0.4408825936849929
20.0,245.0,1000.9228515625,0.8244933528940794,0.1717593457825232,-2.376818192963925,-0.0231454770811601,0.518855071084819,-0.571934593955575,0.1201970601601191,-0.6224752733749308,-0.9274745739175644,-0.4408825936849929
20.0,245.0,1000.9228515625,0.8244933528940794,0.1717593457825232,-2.3768181931737407,-0.0231454770857481,0.518855071084819,-0.571934593955575,0.1201970601601191,-0.6224753292271257,-0.9274745739175644,-0.4408825936849929
20.0,245.0,1000.9228515625,0.8244933528940794,0.1717593457825232,-2.3768181931737407,-0.023145477085272,0.5188550686486088,-0.571934593955575,0.1201970601601191,-0.6224752311841399,-0.9274745739175644,-0.4408825970749195
20.0,245.0,1000.9228515625,0.8244933528940794,0.1717593457825232,-2.3768181931737407,-0.023145477085622,0.5188550651022683,-0.571934593955575,0.1201970601601191,-0.6224745911503293,-0.9274745739175644,-0.4408825936849929
20.0,245.0,1000.9228515625,0.8244933528940769,0.1717593457825232,-2.3768181931737407,-0.0231454770857547,0.5188548722225405,-0.571934593955575,0.1201970601601191,-0.6224752898194671,-0.9274745739175644,-0.4408825952819633
20.0,245.0,1000.9228515625,0.8244933528941869,0.1717593457825232,-2.3768181931737407,-0.0231454770845309,0.5188549390173107,-0.571934593955575,0.1201970601601191,-0.6224745491760093,-0.9274745739175644,-0.440882595271642
20.0,245.0,1000.9228515625,0.8244933528940794,0.1717593457825232,-2.3768181931737407,-0.0231454770857391,0.518855071084819,-0.571934593955575,0.1201970601601191,-0.6224753292271257,-0.9274745739175644,-0.440882595319649
20.0,245.0,1000.9228515625,0.8244933528940794,0.1717593457825232,-2.3768181930330443,-0.0231454770857481,0.518855071084819,-0.571934593955575,0.1201970601601191,-0.6224752733749308,-0.9274745739175644,-0.4408825936849929
20.0,245.0,1000.9228515625,0.8244933528940794,0.1717593457825232,-2.376818193061033,-0.0231454770857481,0.518855071084819,-0.571934593955575,0.1201970601601191,-0.6224754177054583,-0.9274745739175644,-0.4408825976836819
20.0,245.0,1000.9228515625,0.8244933528940739,0.1717593457825232,-2.3768181931737407,-0.0231454770857601,0.5188549390173107,-0.571934593955575,0.1201970601601191,-0.6224755737725376,-0.9274745739175644,-0.440882595271642
20.0,245.0,1000.9228515625,0.8244933528940794,0.1717593457825232,-2.3768181913912985,-0.0231454770968646,0.518855071084819,-0.571934593955575,0.1201970601601191,-0.6224752305254626,-0.9274745739175644,-0.4408825976836819
20.0,245.0,1000.9228515625,0.8244933528940739,0.1717593457825232,-2.3768181931737407,-0.0231454770855136,0.5188549783730564,-0.571934593955575,0.1201970601601191,-0.6224752103099741,-0.9274745739175644,-0.4408825952712734
20.0,245.0,1000.9228515625,0.8244933528940794,0.1717593457825232,-2.3768181931737407,-0.0231454770857481,0.518855071084819,-0.571934593955575,0.1201970601601191,-0.6224752305254626,-0.9274745739175644,-0.4408825936849929
20.0,245.0,1000.9228515625,0.8244933528940739,0.1717593457825232,-2.3768181931737407,-0.023145477085748,0.5188549783730564,-0.571934593955575,0.1201970601601191,-0.6224752063261246,-0.9274745739175644,-0.4408822358767253
20.0,245.0,1000.9228515625,0.8244933528940794,0.1717593457825232,-2.3768181931737407,-0.0231454773767155,0.5188550651022683,-0.571934593955575,0.1201970601601191,-0.6224745267222752,-0.9274745739175644,-0.4408825936849929
20.0,245.0,1000.9228515625,0.8244933528940794,0.1717593457825232,-2.3768181931737407,-0.02314547708576,0.5188549956056944,-0.571934593955575,0.1201970601601191,-0.6224752737358081,-0.9274745739175644,-0.4408825970749195
20.0,245.0,1000.9228515625,0.8244933528940739,0.1717593457825232,-2.3768181931737407,-0.0231454770857475,0.5188549390173107,-0.571934593955575,0.1201970601601191,-0.6224755795723167,-0.9274745739175644,-0.440882595271642
20.0,245.0,1000.9228515625,0.8244933528940794,0.1717593457825232,-2.3768181931737407,-0.0231454770857481,0.518855071084819,-0.571934593955575,0.1201970601601191,-0.6224752305254626,-0.9274745739175644,-0.4408825936849929
20.0,245.0,1000.9228515625,0.8244933528940794,0.1717593457825232,-2.3768181931737407,-0.0231454770857481,0.518855071084819,-0.571934593955575,0.1201970601601191,-0.6224752270133052,-0.9274745739175644,-0.4408825936849929
20.0,245.0,1000.9228515625,0.8244933528940794,0.1717593457825232,-2.3768181931737407,-0.0231454770857481,0.518855071084819,-0.571934593955575,0.1201970601601191,-0.6224752200468672,-0.9274745739175644,-0.4408825936849929
20.0,245.0,1000.9228515625,0.8244933528940794,0.1717593457825232,-2.3768181931737407,-0.0231454770857481,0.518855071084819,-0.571934593955575,0.1201970601601191,-0.6224752305254626,-0.9274745739175644,-0.4408825936849929
20.0,245.0,1000.9228515625,0.8244933528940794,0.1717593457825232,-2.3768181930330443,-0.0231454770857481,0.518855071084819,-0.571934593955575,0.1201970601601191,-0.6224752733749308,-0.9274745739175644,-0.4408825936849929
20.0,245.0,1000.9228515625,0.8244933528940794,0.1717593457825232,-2.37681819136488,-0.0231454774645114,0.5188550719914452,-0.571934593955575,0.1201970601601191,-0.6224750096081734,-0.9274745739175644,-0.4408825970711926
20.0,245.0,1000.9228515625,0.8244933528940794,0.1717593457825232,-2.3768181931737407,-0.0231454770857481,0.518855071084819,-0.571934593955575,0.1201970601601191,-0.6224752305254626,-0.9274745739175644,-0.4408825936849929
20.0,245.0,1000.9228515625,0.8244933528940794,0.1717593457825232,-2.3768181914227986,-0.0231454770857484,0.518855071084819,-0.571934593955575,0.1201970601601191,-0.6224755558012645,-0.9274745739175644,-0.4408825976836819
20.0,245.0,1000.9228515625,0.8244933528940794,0.1717593457825232,-2.3768181931737407,-0.0231454770857481,0.518855071084819,-0.571934593955575,0.1201970601601191,-0.6224752305254626,-0.9274745739175644,-0.4408825936849929
20.0,245.0,1000.9228515625,0.8244933528940739,0.1717593457825232,-2.3768181931737407,-0.0231454770855136,0.5188549783730564,-0.571934593955575,0.1201970601601191,-0.6224752103099741,-0.9274745739175644,-0.4408825952712734
20.0,245.0,1000.9228515625,0.8244933528940794,0.1717593457825232,-2.3768181930330443,-0.0231454770857481,0.518855071084819,-0.571934593955575,0.1201970601601191,-0.6224752733749308,-0.9274745739175644,-0.4408825936849929
20.0,245.0,1000.9228515625,0.8244933528940794,0.1717593457825232,-2.3768181931737407,-0.023145477085622,0.5188550651022683,-0.571934593955575,0.1201970601601191,-0.6224746016289248,-0.9274745739175644,-0.4408825936849929
20.0,245.0,1000.9228515625,0.8244933528940794,0.1717593457825232,-2.3768181931737407,-0.0231454770857481,0.518855071084819,-0.571934593955575,0.1201970601601191,-0.6224752305254626,-0.9274745739175644,-0.4408825936849929
20.0,245.0,1000.9228515625,0.8244933528941865,0.1717593457825232,-2.3768181931737407,-0.0231454770845309,0.5188549390173107,-0.571934593955575,0.1201970601601191,-0.6224745491760093,-0.9274745739175644,-0.440882595271642
20.0,245.0,1000.9228515625,0.8244933528940794,0.1717593457825232,-2.3768181941580337,-0.0231454774603887,0.518855071084819,-0.571934593955575,0.1201970601601191,-0.6224752305254626,-0.9274745739175644,-0.4408825936849929
20.0,245.0,1000.9228515625,0.8244933528940794,0.1717593457825232,-2.376818193162853,-0.023145477085272,0.5188551757530165,-0.571934593955575,0.1201970601601191,-0.6224752311841399,-0.9274745739175644,-0.4408825977336218
20.0,245.0,1000.9228515625,0.8244933528940739,0.1717593457825232,-2.376818193142241,-0.0231454770857598,0.5188549390173107,-0.571934593955575,0.1201970601601191,-0.6224752484967357,-0.9274745739175644,-0.440882595271642
20.0,246.0,1000.9228515625,0.8244933528940794,0.1717593457825232,-2.3768181931737407,-0.0231454770857481,0.518855071084819,-0.571934593955575,0.1201970601601191,-0.6224752305254626,-0.9274745739175644,-0.4408825936849929
20.0,246.0,1000.9228515625,0.8244933528940794,0.1717593457825232,-2.3768181941580337,-0.0231454774603887,0.518855071084819,-0.571934593955575,0.1201970601601191,-0.6224752305254626,-0.9274745739175644,-0.4408825936849929
20.0,246.0,1000.9228515625,0.8244933528940794,0.1717593457825232,-2.3768181930330443,-0.0231454770857481,0.518855071084819,-0.571934593955575,0.1201970601601191,-0.6224752733749308,-0.9274745739175644,-0.4408825936849929
20.0,246.0,1000.9228515625,0.8244933528940739,0.1717593457825232,-2.3768181931737407,-0.0231454770857601,0.5188549783730564,-0.571934593955575,0.1201970601601191,-0.6224752053231137,-0.9274745739175644,-0.440882595271642
20.0,246.0,1000.9228515625,0.8244933528940794,0.1717593457825232,-2.376818191353992,-0.0231454774599909,0.5188550210242336,-0.571934593955575,0.1201970601601191,-0.6224750096081734,-0.9274745739175644,-0.4408825939440672
20.0,246.0,1000.9228515625,0.8244933528940794,0.1717593457825232,-2.3768181931737407,-0.0231454770857481,0.518855071084819,-0.571934593955575,0.1201970601601191,-0.6224752305254626,-0.9274745739175644,-0.4408825936849929
20.0,246.0,1000.9228515625,0.8244933528940794,0.1717593457825232,-2.3768181931737407,-0.0231454770857481,0.518855071084819,-0.571934593955575,0.1201970601601191,-0.6224752305254626,-0.9274745739175644,-0.4408825936849929
20.0,246.0,1000.9228515625,0.8244933528940794,0.1717593457825232,-2.3768181931737407,-0.0231454770857481,0.518855071084819,-0.571934593955575,0.1201970601601191,-0.6224752305254626,-0.9274745739175644,-0.4408825936849929
20.0,246.0,1000.9228515625,0.8244933528940794,0.1717593457825232,-2.3768181931737407,-0.0231454770967385,0.5188550651022683,-0.571934593955575,0.1201970601601191,-0.6224745911503293,-0.9274745739175644,-0.4408825936849929
20.0,246.0,1000.9228515625,0.8244933528940794,0.1717593457825232,-2.376818191353992,-0.0231454774645114,0.518855179095853,-0.571934593955575,0.1201970601601191,-0.6224750096081734,-0.9274745739175644,-0.4408825977298948
20.0,246.0,1000.9228515625,0.8244933528940794,0.1717593457825232,-2.3768181931737407,-0.0231454770949002,0.518855071084819,-0.571934593955575,0.1201970601601191,-0.6224752305254626,-0.9274745739175644,-0.4408825936849929
20.0,246.0,1000.9228515625,0.8244933528940769,0.1717593457825232,-2.3768181931737407,-0.0231454770855083,0.5188548722225405,-0.571934593955575,0.1201970601601191,-0.6224752948063276,-0.9274745739175644,-0.4408825952815947
20.0,246.0,1000.9228515625,0.8244933528940794,0.1717593457825232,-2.3768181931737407,-0.02314547708576,0.5188549956056944,-0.571934593955575,0.1201970601601191,-0.6224752737358081,-0.9274745739175644,-0.4408825970749195
20.0,246.0,1000.9228515625,0.8244933528940794,0.1717593457825232,-2.3768181913912985,-0.0231454770857481,0.518855071084819,-0.571934593955575,0.1201970601601191,-0.6224752305254626,-0.9274745739175644,-0.4408825976836819
20.0,246.0,1000.9228515625,0.8244933528940739,0.1717593457825232,-2.3768181931737407,-0.0231454770857601,0.5188549390173107,-0.571934593955575,0.1201970601601191,-0.6224745491760093,-0.9274745739175644,-0.440882595271642
20.0,246.0,1000.9228515625,0.8244933528940794,0.1717593457825232,-2.3768181931737407,-0.0231454770857481,0.5188550631229458,-0.571934593955575,0.1201970601601191,-0.6224752305254626,-0.9274745739175644,-0.4408825936849929
20.0,246.0,1000.9228515625,0.8244933528940794,0.1717593457825232,-2.376818192963925,-0.0231454770811601,0.518855071084819,-0.571934593955575,0.1201970601601191,-0.6224752733749308,-0.9274745739175644,-0.4408825936849929
20.0,246.0,1000.9228515625,0.8244933528940794,0.1717593457825232,-2.3768181931737407,-0.0231454770857481,0.518855071084819,-0.571934593955575,0.1201970601601191,-0.6224753292271257,-0.9274745739175644,-0.4408825936849929
20.0,246.0,1000.9228515625,0.8244933528940794,0.1717593457825232,-2.3768181931737407,-0.023145477085272,0.5188550686486088,-0.571934593955575,0.1201970601601191,-0.6224752311841399,-0.9274745739175644,-0.4408825970749195
20.0,246.0,1000.9228515625,0.8244933528940794,0.1717593457825232,-2.3768181931737407,-0.023145477085622,0.5188550651022683,-0.571934593955575,0.1201970601601191,-0.6224745911503293,-0.9274745739175644,-0.4408825936849929
20.0,246.0,1000.9228515625,0.8244933528940769,0.1717593457825232,-2.3768181931737407,-0.0231454770857547,0.5188548722225405,-0.571934593955575,0.1201970601601191,-0.6224752898194671,-0.9274745739175644,-0.4408825952819633
20.0,246.0,1000.9228515625,0.8244933528941869,0.1717593457825232,-2.3768181931737407,-0.0231454770845309,0.5188549390173107,-0.571934593955575,0.1201970601601191,-0.6224745491760093,-0.9274745739175644,-0.440882595271642
20.0,246.0,1000.9228515625,0.8244933528940794,0.1717593457825232,-2.3768181931737407,-0.0231454770857391,0.518855071084819,-0.571934593955575,0.1201970601601191,-0.6224753292271257,-0.9274745739175644,-0.440882595319649
20.0,246.0,1000.9228515625,0.8244933528940794,0.1717593457825232,-2.3768181930330443,-0.0231454770857481,0.518855071084819,-0.571934593955575,0.1201970601601191,-0.6224752733749308,-0.9274745739175644,-0.4408825936849929
20.0,246.0,1000.9228515625,0.8244933528940794,0.1717593457825232,-2.376818193061033,-0.0231454770857481,0.518855071084819,-0.571934593955575,0.1201970601601191,-0.6224754177054583,-0.9274745739175644,-0.4408825976836819
20.0,246.0,1000.9228515625,0.8244933528940739,0.1717593457825232,-2.3768181931737407,-0.0231454770857601,0.5188549390173107,-0.571934593955575,0.1201970601601191,-0.6224755737725376,-0.9274745739175644,-0.440882595271642
20.0,246.0,1000.9228515625,0.8244933528940794,0.1717593457825232,-2.3768181913912985,-0.0231454770968646,0.518855071084819,-0.571934593955575,0.1201970601601191,-0.6224752305254626,-0.9274745739175644,-0.4408825976836819
20.0,246.0,1000.9228515625,0.8244933528940739,0.1717593457825232,-2.3768181931737407,-0.0231454770855136,0.5188549783730564,-0.571934593955575,0.1201970601601191,-0.6224752103099741,-0.9274745739175644,-0.4408825952712734
20.0,246.0,1000.9228515625,0.8244933528940794,0.1717593457825232,-2.3768181931737407,-0.0231454770857481,0.518855071084819,-0.571934593955575,0.1201970601601191,-0.6224752305254626,-0.9274745739175644,-0.4408825936849929
20.0,246.0,1000.9228515625,0.8244933528940739,0.1717593457825232,-2.3768181931737407,-0.023145477085748,0.5188549783730564,-0.571934593955575,0.1201970601601191,-0.6224752063261246,-0.9274745739175644,-0.4408822358767253
20.0,246.0,1000.9228515625,0.8244933528940794,0.1717593457825232,-2.3768181931737407,-0.0231454773767155,0.5188550651022683,-0.571934593955575,0.1201970601601191,-0.6224745267222752,-0.9274745739175644,-0.4408825936849929
20.0,246.0,1000.9228515625,0.8244933528940794,0.1717593457825232,-2.3768181931737407,-0.02314547708576,0.5188549956056944,-0.571934593955575,0.1201970601601191,-0.6224752737358081,-0.9274745739175644,-0.4408825970749195
20.0,246.0,1000.9228515625,0.8244933528940739,0.1717593457825232,-2.3768181931737407,-0.0231454770857475,0.5188549390173107,-0.571934593955575,0.1201970601601191,-0.6224755795723167,-0.9274745739175644,-0.440882595271642
20.0,246.0,1000.9228515625,0.8244933528940794,0.1717593457825232,-2.3768181931737407,-0.0231454770857481,0.518855071084819,-0.571934593955575,0.1201970601601191,-0.6224752305254626,-0.9274745739175644,-0.4408825936849929
20.0,246.0,1000.9228515625,0.8244933528940794,0.1717593457825232,-2.3768181931737407,-0.0231454770857481,0.518855071084819,-0.571934593955575,0.1201970601601191,-0.6224752270133052,-0.9274745739175644,-0.4408825936849929
20.0,246.0,1000.9228515625,0.8244933528940794,0.1717593457825232,-2.3768181931737407,-0.0231454770857481,0.518855071084819,-0.571934593955575,0.1201970601601191,-0.6224752200468672,-0.9274745739175644,-0.4408825936849929
20.0,246.0,1000.9228515625,0.8244933528940794,0.1717593457825232,-2.3768181931737407,-0.0231454770857481,0.518855071084819,-0.571934593955575,0.1201970601601191,-0.6224752305254626,-0.9274745739175644,-0.4408825936849929
20.0,246.0,1000.9228515625,0.8244933528940794,0.1717593457825232,-2.3768181930330443,-0.0231454770857481,0.518855071084819,-0.571934593955575,0.1201970601601191,-0.6224752733749308,-0.9274745739175644,-0.4408825936849929
20.0,246.0,1000.9228515625,0.8244933528940794,0.1717593457825232,-2.37681819136488,-0.0231454774645114,0.5188550719914452,-0.571934593955575,0.1201970601601191,-0.6224750096081734,-0.9274745739175644,-0.4408825970711926
20.0,246.0,1000.9228515625,0.8244933528940794,0.1717593457825232,-2.3768181931737407,-0.0231454770857481,0.518855071084819,-0.571934593955575,0.1201970601601191,-0.6224752305254626,-0.9274745739175644,-0.4408825936849929
20.0,246.0,1000.9228515625,0.8244933528940794,0.1717593457825232,-2.3768181914227986,-0.0231454770857484,0.518855071084819,-0.571934593955575,0.1201970601601191,-0.6224755558012645,-0.9274745739175644,-0.4408825976836819
20.0,246.0,1000.9228515625,0.8244933528940794,0.1717593457825232,-2.3768181931737407,-0.0231454770857481,0.518855071084819,-0.571934593955575,0.1201970601601191,-0.6224752305254626,-0.9274745739175644,-0.4408825936849929
20.0,246.0,1000.9228515625,0.8244933528940739,0.1717593457825232,-2.3768181931737407,-0.0231454770855136,0.5188549783730564,-0.571934593955575,0.1201970601601191,-0.6224752103099741,-0.9274745739175644,-0.4408825952712734
20.0,246.0,1000.9228515625,0.8244933528940794,0.1717593457825232,-2.3768181930330443,-0.0231454770857481,0.518855071084819,-0.571934593955575,0.1201970601601191,-0.6224752733749308,-0.9274745739175644,-0.4408825936849929
20.0,246.0,1000.9228515625,0.8244933528940794,0.1717593457825232,-2.3768181931737407,-0.023145477085622,0.5188550651022683,-0.571934593955575,0.1201970601601191,-0.6224746016289248,-0.9274745739175644,-0.4408825936849929
20.0,246.0,1000.9228515625,0.8244933528940794,0.1717593457825232,-2.3768181931737407,-0.0231454770857481,0.518855071084819,-0.571934593955575,0.1201970601601191,-0.6224752305254626,-0.9274745739175644,-0.4408825936849929
20.0,246.0,1000.9228515625,0.8244933528941865,0.1717593457825232,-2.3768181931737407,-0.0231454770845309,0.5188549390173107,-0.571934593955575,0.1201970601601191,-0.6224745491760093,-0.9274745739175644,-0.440882595271642
20.0,246.0,1000.9228515625,0.8244933528940794,0.1717593457825232,-2.3768181941580337,-0.0231454774603887,0.518855071084819,-0.571934593955575,0.1201970601601191,-0.6224752305254626,-0.9274745739175644,-0.4408825936849929
20.0,246.0,1000.9228515625,0.8244933528940794,0.1717593457825232,-2.376818193162853,-0.023145477085272,0.5188551757530165,-0.571934593955575,0.1201970601601191,-0.6224752311841399,-0.9274745739175644,-0.4408825977336218
20.0,246.0,1000.9228515625,0.8244933528940739,0.1717593457825232,-2.376818193142241,-0.0231454770857598,0.5188549390173107,-0.571934593955575,0.1201970601601191,-0.6224752484967357,-0.9274745739175644,-0.440882595271642
20.0,247.0,1000.9228515625,0.8244933528940794,0.1717593457825232,-2.3768181931737407,-0.0231454770857481,0.518855071084819,-0.571934593955575,0.1201970601601191,-0.6224752305254626,-0.9274745739175644,-0.4408825936849929
20.0,247.0,1000.9228515625,0.8244933528940794,0.1717593457825232,-2.3768181941580337,-0.0231454774603887,0.518855071084819,-0.571934593955575,0.1201970601601191,-0.6224752305254626,-0.9274745739175644,-0.4408825936849929
20.0,247.0,1000.9228515625,0.8244933528940794,0.1717593457825232,-2.3768181930330443,-0.0231454770857481,0.518855071084819,-0.571934593955575,0.1201970601601191,-0.6224752733749308,-0.9274745739175644,-0.4408825936849929
20.0,247.0,1000.9228515625,0.8244933528940739,0.1717593457825232,-2.3768181931737407,-0.0231454770857601,0.5188549783730564,-0.571934593955575,0.1201970601601191,-0.6224752053231137,-0.9274745739175644,-0.440882595271642
20.0,247.0,1000.9228515625,0.8244933528940794,0.1717593457825232,-2.376818191353992,-0.0231454774599909,0.5188550210242336,-0.571934593955575,0.1201970601601191,-0.6224750096081734,-0.9274745739175644,-0.4408825939440672
20.0,247.0,1000.9228515625,0.8244933528940794,0.1717593457825232,-2.3768181931737407,-0.0231454770857481,0.518855071084819,-0.571934593955575,0.1201970601601191,-0.6224752305254626,-0.9274745739175644,-0.4408825936849929
20.0,247.0,1000.9228515625,0.8244933528940794,0.1717593457825232,-2.3768181931737407,-0.0231454770857481,0.518855071084819,-0.571934593955575,0.1201970601601191,-0.6224752305254626,-0.9274745739175644,-0.4408825936849929
20.0,247.0,1000.9228515625,0.8244933528940794,0.1717593457825232,-2.3768181931737407,-0.0231454770857481,0.518855071084819,-0.571934593955575,0.1201970601601191,-0.6224752305254626,-0.9274745739175644,-0.4408825936849929
20.0,247.0,1000.9228515625,0.8244933528940794,0.1717593457825232,-2.3768181931737407,-0.0231454770967385,0.5188550651022683,-0.571934593955575,0.1201970601601191,-0.6224745911503293,-0.9274745739175644,-0.4408825936849929
20.0,247.0,1000.9228515625,0.8244933528940794,0.1717593457825232,-2.376818191353992,-0.0231454774645114,0.518855179095853,-0.571934593955575,0.1201970601601191,-0.6224750096081734,-0.9274745739175644,-0.4408825977298948
20.0,247.0,1000.9228515625,0.8244933528940794,0.1717593457825232,-2.3768181931737407,-0.0231454770949002,0.518855071084819,-0.571934593955575,0.1201970601601191,-0.6224752305254626,-0.9274745739175644,-0.4408825936849929
20.0,247.0,1000.9228515625,0.8244933528940769,0.1717593457825232,-2.3768181931737407,-0.0231454770855083,0.5188548722225405,-0.571934593955575,0.1201970601601191,-0.6224752948063276,-0.9274745739175644,-0.4408825952815947
20.0,247.0,1000.9228515625,0.8244933528940794,0.1717593457825232,-2.3768181931737407,-0.02314547708576,0.5188549956056944,-0.571934593955575,0.1201970601601191,-0.6224752737358081,-0.9274745739175644,-0.4408825970749195
20.0,247.0,1000.9228515625,0.8244933528940794,0.1717593457825232,-2.3768181913912985,-0.0231454770857481,0.518855071084819,-0.571934593955575,0.1201970601601191,-0.6224752305254626,-0.9274745739175644,-0.4408825976836819
20.0,247.0,1000.9228515625,0.8244933528940739,0.1717593457825232,-2.3768181931737407,-0.0231454770857601,0.5188549390173107,-0.571934593955575,0.1201970601601191,-0.6224745491760093,-0.9274745739175644,-0.440882595271642
20.0,247.0,1000.9228515625,0.8244933528940794,0.1717593457825232,-2.3768181931737407,-0.0231454770857481,0.5188550631229458,-0.571934593955575,0.1201970601601191,-0.6224752305254626,-0.9274745739175644,-0.4408825936849929
20.0,247.0,1000.9228515625,0.8244933528940794,0.1717593457825232,-2.376818192963925,-0.0231454770811601,0.518855071084819,-0.571934593955575,0.1201970601601191,-0.6224752733749308,-0.9274745739175644,-0.4408825936849929
20.0,247.0,1000.9228515625,0.8244933528940794,0.1717593457825232,-2.3768181931737407,-0.0231454770857481,0.518855071084819,-0.571934593955575,0.1201970601601191,-0.6224753292271257,-0.9274745739175644,-0.4408825936849929
20.0,247.0,1000.9228515625,0.8244933528940794,0.1717593457825232,-2.3768181931737407,-0.023145477085272,0.5188550686486088,-0.571934593955575,0.1201970601601191,-0.6224752311841399,-0.9274745739175644,-0.4408825970749195
20.0,247.0,1000.9228515625,0.8244933528940794,0.1717593457825232,-2.3768181931737407,-0.023145477085622,0.5188550651022683,-0.571934593955575,0.1201970601601191,-0.6224745911503293,-0.9274745739175644,-0.4408825936849929
20.0,247.0,1000.9228515625,0.8244933528940769,0.1717593457825232,-2.3768181931737407,-0.0231454770857547,0.5188548722225405,-0.571934593955575,0.1201970601601191,-0.6224752898194671,-0.9274745739175644,-0.4408825952819633
20.0,247.0,1000.9228515625,0.8244933528941869,0.1717593457825232,-2.3768181931737407,-0.0231454770845309,0.5188549390173107,-0.571934593955575,0.1201970601601191,-0.6224745491760093,-0.9274745739175644,-0.440882595271642
20.0,247.0,1000.9228515625,0.8244933528940794,0.1717593457825232,-2.3768181931737407,-0.0231454770857391,0.518855071084819,-0.571934593955575,0.1201970601601191,-0.6224753292271257,-0.9274745739175644,-0.440882595319649
20.0,247.0,1000.9228515625,0.8244933528940794,0.1717593457825232,-2.3768181930330443,-0.0231454770857481,0.518855071084819,-0.571934593955575,0.1201970601601191,-0.6224752733749308,-0.9274745739175644,-0.4408825936849929
20.0,247.0,1000.9228515625,0.8244933528940794,0.1717593457825232,-2.376818193061033,-0.0231454770857481,0.518855071084819,-0.571934593955575,0.1201970601601191,-0.6224754177054583,-0.9274745739175644,-0.4408825976836819
20.0,247.0,1000.9228515625,0.8244933528940739,0.1717593457825232,-2.3768181931737407,-0.0231454770857601,0.5188549390173107,-0.571934593955575,0.1201970601601191,-0.6224755737725376,-0.9274745739175644,-0.440882595271642
20.0,247.0,1000.9228515625,0.8244933528940794,0.1717593457825232,-2.3768181913912985,-0.0231454770968646,0.518855071084819,-0.571934593955575,0.1201970601601191,-0.6224752305254626,-0.9274745739175644,-0.4408825976836819
20.0,247.0,1000.9228515625,0.8244933528940739,0.1717593457825232,-2.3768181931737407,-0.0231454770855136,0.5188549783730564,-0.571934593955575,0.1201970601601191,-0.6224752103099741,-0.9274745739175644,-0.4408825952712734
20.0,247.0,1000.9228515625,0.8244933528940794,0.1717593457825232,-2.3768181931737407,-0.0231454770857481,0.518855071084819,-0.571934593955575,0.1201970601601191,-0.6224752305254626,-0.9274745739175644,-0.4408825936849929
20.0,247.0,1000.9228515625,0.8244933528940739,0.1717593457825232,-2.3768181931737407,-0.023145477085748,0.5188549783730564,-0.571934593955575,0.1201970601601191,-0.6224752063261246,-0.9274745739175644,-0.4408822358767253
20.0,247.0,1000.9228515625,0.8244933528940794,0.1717593457825232,-2.3768181931737407,-0.0231454773767155,0.5188550651022683,-0.571934593955575,0.1201970601601191,-0.6224745267222752,-0.9274745739175644,-0.4408825936849929
20.0,247.0,1000.9228515625,0.8244933528940794,0.1717593457825232,-2.3768181931737407,-0.02314547708576,0.5188549956056944,-0.571934593955575,0.1201970601601191,-0.6224752737358081,-0.9274745739175644,-0.4408825970749195
20.0,247.0,1000.9228515625,0.8244933528940739,0.1717593457825232,-2.3768181931737407,-0.0231454770857475,0.5188549390173107,-0.571934593955575,0.1201970601601191,-0.6224755795723167,-0.9274745739175644,-0.440882595271642
20.0,247.0,1000.9228515625,0.8244933528940794,0.1717593457825232,-2.3768181931737407,-0.0231454770857481,0.518855071084819,-0.571934593955575,0.1201970601601191,-0.6224752305254626,-0.9274745739175644,-0.4408825936849929
20.0,247.0,1000.9228515625,0.8244933528940794,0.1717593457825232,-2.3768181931737407,-0.0231454770857481,0.518855071084819,-0.571934593955575,0.1201970601601191,-0.6224752270133052,-0.9274745739175644,-0.4408825936849929
20.0,247.0,1000.9228515625,0.8244933528940794,0.1717593457825232,-2.3768181931737407,-0.0231454770857481,0.518855071084819,-0.571934593955575,0.1201970601601191,-0.6224752200468672,-0.9274745739175644,-0.4408825936849929
20.0,247.0,1000.9228515625,0.8244933528940794,0.1717593457825232,-2.3768181931737407,-0.0231454770857481,0.518855071084819,-0.571934593955575,0.1201970601601191,-0.6224752305254626,-0.9274745739175644,-0.4408825936849929
20.0,247.0,1000.9228515625,0.8244933528940794,0.1717593457825232,-2.3768181930330443,-0.0231454770857481,0.518855071084819,-0.571934593955575,0.1201970601601191,-0.6224752733749308,-0.9274745739175644,-0.4408825936849929
20.0,247.0,1000.9228515625,0.8244933528940794,0.1717593457825232,-2.37681819136488,-0.0231454774645114,0.5188550719914452,-0.571934593955575,0.1201970601601191,-0.6224750096081734,-0.9274745739175644,-0.4408825970711926
20.0,247.0,1000.9228515625,0.8244933528940794,0.1717593457825232,-2.3768181931737407,-0.0231454770857481,0.518855071084819,-0.571934593955575,0.1201970601601191,-0.6224752305254626,-0.9274745739175644,-0.4408825936849929
20.0,247.0,1000.9228515625,0.8244933528940794,0.1717593457825232,-2.3768181914227986,-0.0231454770857484,0.518855071084819,-0.571934593955575,0.1201970601601191,-0.6224755558012645,-0.9274745739175644,-0.4408825976836819
20.0,247.0,1000.9228515625,0.8244933528940794,0.1717593457825232,-2.3768181931737407,-0.0231454770857481,0.518855071084819,-0.571934593955575,0.1201970601601191,-0.6224752305254626,-0.9274745739175644,-0.4408825936849929
20.0,247.0,1000.9228515625,0.8244933528940739,0.1717593457825232,-2.3768181931737407,-0.0231454770855136,0.5188549783730564,-0.571934593955575,0.1201970601601191,-0.6224752103099741,-0.9274745739175644,-0.4408825952712734
20.0,247.0,1000.9228515625,0.8244933528940794,0.1717593457825232,-2.3768181930330443,-0.0231454770857481,0.518855071084819,-0.571934593955575,0.1201970601601191,-0.6224752733749308,-0.9274745739175644,-0.4408825936849929
20.0,247.0,1000.9228515625,0.8244933528940794,0.1717593457825232,-2.3768181931737407,-0.023145477085622,0.5188550651022683,-0.571934593955575,0.1201970601601191,-0.6224746016289248,-0.9274745739175644,-0.4408825936849929
20.0,247.0,1000.9228515625,0.8244933528940794,0.1717593457825232,-2.3768181931737407,-0.0231454770857481,0.518855071084819,-0.571934593955575,0.1201970601601191,-0.6224752305254626,-0.9274745739175644,-0.4408825936849929
20.0,247.0,1000.9228515625,0.8244933528941865,0.1717593457825232,-2.3768181931737407,-0.0231454770845309,0.5188549390173107,-0.571934593955575,0.1201970601601191,-0.6224745491760093,-0.9274745739175644,-0.440882595271642
20.0,247.0,1000.9228515625,0.8244933528940794,0.1717593457825232,-2.3768181941580337,-0.0231454774603887,0.518855071084819,-0.571934593955575,0.1201970601601191,-0.6224752305254626,-0.9274745739175644,-0.4408825936849929
20.0,247.0,1000.9228515625,0.8244933528940794,0.1717593457825232,-2.376818193162853,-0.023145477085272,0.5188551757530165,-0.571934593955575,0.1201970601601191,-0.6224752311841399,-0.9274745739175644,-0.4408825977336218
20.0,247.0,1000.9228515625,0.8244933528940739,0.1717593457825232,-2.376818193142241,-0.0231454770857598,0.5188549390173107,-0.571934593955575,0.1201970601601191,-0.6224752484967357,-0.9274745739175644,-0.440882595271642
20.0,248.0,1000.9228515625,0.8244933528940794,0.1717593457825232,-2.3768181931737407,-0.0231454770857481,0.518855071084819,-0.571934593955575,0.1201970601601191,-0.6224752305254626,-0.9274745739175644,-0.4408825936849929
20.0,248.0,1000.9228515625,0.8244933528940794,0.1717593457825232,-2.3768181941580337,-0.0231454774603887,0.518855071084819,-0.571934593955575,0.1201970601601191,-0.6224752305254626,-0.9274745739175644,-0.4408825936849929
20.0,248.0,1000.9228515625,0.8244933528940794,0.1717593457825232,-2.3768181930330443,-0.0231454770857481,0.518855071084819,-0.571934593955575,0.1201970601601191,-0.6224752733749308,-0.9274745739175644,-0.4408825936849929
20.0,248.0,1000.9228515625,0.8244933528940739,0.1717593457825232,-2.3768181931737407,-0.0231454770857601,0.5188549783730564,-0.571934593955575,0.1201970601601191,-0.6224752053231137,-0.9274745739175644,-0.440882595271642
20.0,248.0,1000.9228515625,0.8244933528940794,0.1717593457825232,-2.376818191353992,-0.0231454774599909,0.5188550210242336,-0.571934593955575,0.1201970601601191,-0.6224750096081734,-0.9274745739175644,-0.4408825939440672
20.0,248.0,1000.9228515625,0.8244933528940794,0.1717593457825232,-2.3768181931737407,-0.0231454770857481,0.518855071084819,-0.571934593955575,0.1201970601601191,-0.6224752305254626,-0.9274745739175644,-0.4408825936849929
20.0,248.0,1000.9228515625,0.8244933528940794,0.1717593457825232,-2.3768181931737407,-0.0231454770857481,0.518855071084819,-0.571934593955575,0.1201970601601191,-0.6224752305254626,-0.9274745739175644,-0.4408825936849929
20.0,248.0,1000.9228515625,0.8244933528940794,0.1717593457825232,-2.3768181931737407,-0.0231454770857481,0.518855071084819,-0.571934593955575,0.1201970601601191,-0.6224752305254626,-0.9274745739175644,-0.4408825936849929
20.0,248.0,1000.9228515625,0.8244933528940794,0.1717593457825232,-2.3768181931737407,-0.0231454770967385,0.5188550651022683,-0.571934593955575,0.1201970601601191,-0.6224745911503293,-0.9274745739175644,-0.4408825936849929
20.0,248.0,1000.9228515625,0.8244933528940794,0.1717593457825232,-2.376818191353992,-0.0231454774645114,0.518855179095853,-0.571934593955575,0.1201970601601191,-0.6224750096081734,-0.9274745739175644,-0.4408825977298948
20.0,248.0,1000.9228515625,0.8244933528940794,0.1717593457825232,-2.3768181931737407,-0.0231454770949002,0.518855071084819,-0.571934593955575,0.1201970601601191,-0.6224752305254626,-0.9274745739175644,-0.4408825936849929
20.0,248.0,1000.9228515625,0.8244933528940769,0.1717593457825232,-2.3768181931737407,-0.0231454770855083,0.5188548722225405,-0.571934593955575,0.1201970601601191,-0.6224752948063276,-0.9274745739175644,-0.4408825952815947
20.0,248.0,1000.9228515625,0.8244933528940794,0.1717593457825232,-2.3768181931737407,-0.02314547708576,0.5188549956056944,-0.571934593955575,0.1201970601601191,-0.6224752737358081,-0.9274745739175644,-0.4408825970749195
20.0,248.0,1000.9228515625,0.8244933528940794,0.1717593457825232,-2.3768181913912985,-0.0231454770857481,0.518855071084819,-0.571934593955575,0.1201970601601191,-0.6224752305254626,-0.9274745739175644,-0.4408825976836819
20.0,248.0,1000.9228515625,0.8244933528940739,0.1717593457825232,-2.3768181931737407,-0.0231454770857601,0.5188549390173107,-0.571934593955575,0.1201970601601191,-0.6224745491760093,-0.9274745739175644,-0.440882595271642
20.0,248.0,1000.9228515625,0.8244933528940794,0.1717593457825232,-2.3768181931737407,-0.0231454770857481,0.5188550631229458,-0.571934593955575,0.1201970601601191,-0.6224752305254626,-0.9274745739175644,-0.4408825936849929
20.0,248.0,1000.9228515625,0.8244933528940794,0.1717593457825232,-2.376818192963925,-0.0231454770811601,0.518855071084819,-0.571934593955575,0.1201970601601191,-0.6224752733749308,-0.9274745739175644,-0.4408825936849929
20.0,248.0,1000.9228515625,0.8244933528940794,0.1717593457825232,-2.3768181931737407,-0.0231454770857481,0.518855071084819,-0.571934593955575,0.1201970601601191,-0.6224753292271257,-0.9274745739175644,-0.4408825936849929
20.0,248.0,1000.9228515625,0.8244933528940794,0.1717593457825232,-2.3768181931737407,-0.023145477085272,0.5188550686486088,-0.571934593955575,0.1201970601601191,-0.6224752311841399,-0.9274745739175644,-0.4408825970749195
20.0,248.0,1000.9228515625,0.8244933528940794,0.1717593457825232,-2.3768181931737407,-0.023145477085622,0.5188550651022683,-0.571934593955575,0.1201970601601191,-0.6224745911503293,-0.9274745739175644,-0.4408825936849929
20.0,248.0,1000.9228515625,0.8244933528940769,0.1717593457825232,-2.3768181931737407,-0.0231454770857547,0.5188548722225405,-0.571934593955575,0.1201970601601191,-0.6224752898194671,-0.9274745739175644,-0.4408825952819633
20.0,248.0,1000.9228515625,0.8244933528941869,0.1717593457825232,-2.3768181931737407,-0.0231454770845309,0.5188549390173107,-0.571934593955575,0.1201970601601191,-0.6224745491760093,-0.9274745739175644,-0.440882595271642
20.0,248.0,1000.9228515625,0.8244933528940794,0.1717593457825232,-2.3768181931737407,-0.0231454770857391,0.518855071084819,-0.571934593955575,0.1201970601601191,-0.6224753292271257,-0.9274745739175644,-0.440882595319649
20.0,248.0,1000.9228515625,0.8244933528940794,0.1717593457825232,-2.3768181930330443,-0.0231454770857481,0.518855071084819,-0.571934593955575,0.1201970601601191,-0.6224752733749308,-0.9274745739175644,-0.4408825936849929
20.0,248.0,1000.9228515625,0.8244933528940794,0.1717593457825232,-2.376818193061033,-0.0231454770857481,0.518855071084819,-0.571934593955575,0.1201970601601191,-0.6224754177054583,-0.9274745739175644,-0.4408825976836819
20.0,248.0,1000.9228515625,0.8244933528940739,0.1717593457825232,-2.3768181931737407,-0.0231454770857601,0.5188549390173107,-0.571934593955575,0.1201970601601191,-0.6224755737725376,-0.9274745739175644,-0.440882595271642
20.0,248.0,1000.9228515625,0.8244933528940794,0.1717593457825232,-2.3768181913912985,-0.0231454770968646,0.518855071084819,-0.571934593955575,0.1201970601601191,-0.6224752305254626,-0.9274745739175644,-0.4408825976836819
20.0,248.0,1000.9228515625,0.8244933528940739,0.1717593457825232,-2.3768181931737407,-0.0231454770855136,0.5188549783730564,-0.571934593955575,0.1201970601601191,-0.6224752103099741,-0.9274745739175644,-0.4408825952712734
20.0,248.0,1000.9228515625,0.8244933528940794,0.1717593457825232,-2.3768181931737407,-0.0231454770857481,0.518855071084819,-0.571934593955575,0.1201970601601191,-0.6224752305254626,-0.9274745739175644,-0.4408825936849929
20.0,248.0,1000.9228515625,0.8244933528940739,0.1717593457825232,-2.3768181931737407,-0.023145477085748,0.5188549783730564,-0.571934593955575,0.1201970601601191,-0.6224752063261246,-0.9274745739175644,-0.4408822358767253
20.0,248.0,1000.9228515625,0.8244933528940794,0.1717593457825232,-2.3768181931737407,-0.0231454773767155,0.5188550651022683,-0.571934593955575,0.1201970601601191,-0.6224745267222752,-0.9274745739175644,-0.4408825936849929
20.0,248.0,1000.9228515625,0.8244933528940794,0.1717593457825232,-2.3768181931737407,-0.02314547708576,0.5188549956056944,-0.571934593955575,0.1201970601601191,-0.6224752737358081,-0.9274745739175644,-0.4408825970749195
20.0,248.0,1000.9228515625,0.8244933528940739,0.1717593457825232,-2.3768181931737407,-0.0231454770857475,0.5188549390173107,-0.571934593955575,0.1201970601601191,-0.6224755795723167,-0.9274745739175644,-0.440882595271642
20.0,248.0,1000.9228515625,0.8244933528940794,0.1717593457825232,-2.3768181931737407,-0.0231454770857481,0.518855071084819,-0.571934593955575,0.1201970601601191,-0.6224752305254626,-0.9274745739175644,-0.4408825936849929
20.0,248.0,1000.9228515625,0.8244933528940794,0.1717593457825232,-2.3768181931737407,-0.0231454770857481,0.518855071084819,-0.571934593955575,0.1201970601601191,-0.6224752270133052,-0.9274745739175644,-0.4408825936849929
20.0,248.0,1000.9228515625,0.8244933528940794,0.1717593457825232,-2.3768181931737407,-0.0231454770857481,0.518855071084819,-0.571934593955575,0.1201970601601191,-0.6224752200468672,-0.9274745739175644,-0.4408825936849929
20.0,248.0,1000.9228515625,0.8244933528940794,0.1717593457825232,-2.3768181931737407,-0.0231454770857481,0.518855071084819,-0.571934593955575,0.1201970601601191,-0.6224752305254626,-0.9274745739175644,-0.4408825936849929
20.0,248.0,1000.9228515625,0.8244933528940794,0.1717593457825232,-2.3768181930330443,-0.0231454770857481,0.518855071084819,-0.571934593955575,0.1201970601601191,-0.6224752733749308,-0.9274745739175644,-0.4408825936849929
20.0,248.0,1000.9228515625,0.8244933528940794,0.1717593457825232,-2.37681819136488,-0.0231454774645114,0.5188550719914452,-0.571934593955575,0.1201970601601191,-0.6224750096081734,-0.9274745739175644,-0.4408825970711926
20.0,248.0,1000.9228515625,0.8244933528940794,0.1717593457825232,-2.3768181931737407,-0.0231454770857481,0.518855071084819,-0.571934593955575,0.1201970601601191,-0.6224752305254626,-0.9274745739175644,-0.4408825936849929
20.0,248.0,1000.9228515625,0.8244933528940794,0.1717593457825232,-2.3768181914227986,-0.0231454770857484,0.518855071084819,-0.571934593955575,0.1201970601601191,-0.6224755558012645,-0.9274745739175644,-0.4408825976836819
20.0,248.0,1000.9228515625,0.8244933528940794,0.1717593457825232,-2.3768181931737407,-0.0231454770857481,0.518855071084819,-0.571934593955575,0.1201970601601191,-0.6224752305254626,-0.9274745739175644,-0.4408825936849929
20.0,248.0,1000.9228515625,0.8244933528940739,0.1717593457825232,-2.3768181931737407,-0.0231454770855136,0.5188549783730564,-0.571934593955575,0.1201970601601191,-0.6224752103099741,-0.9274745739175644,-0.4408825952712734
20.0,248.0,1000.9228515625,0.8244933528940794,0.1717593457825232,-2.3768181930330443,-0.0231454770857481,0.518855071084819,-0.571934593955575,0.1201970601601191,-0.6224752733749308,-0.9274745739175644,-0.4408825936849929
20.0,248.0,1000.9228515625,0.8244933528940794,0.1717593457825232,-2.3768181931737407,-0.023145477085622,0.5188550651022683,-0.571934593955575,0.1201970601601191,-0.6224746016289248,-0.9274745739175644,-0.4408825936849929
20.0,248.0,1000.9228515625,0.8244933528940794,0.1717593457825232,-2.3768181931737407,-0.0231454770857481,0.518855071084819,-0.571934593955575,0.1201970601601191,-0.6224752305254626,-0.9274745739175644,-0.4408825936849929
20.0,248.0,1000.9228515625,0.8244933528941865,0.1717593457825232,-2.3768181931737407,-0.0231454770845309,0.5188549390173107,-0.571934593955575,0.1201970601601191,-0.6224745491760093,-0.9274745739175644,-0.440882595271642
20.0,248.0,1000.9228515625,0.8244933528940794,0.1717593457825232,-2.3768181941580337,-0.0231454774603887,0.518855071084819,-0.571934593955575,0.1201970601601191,-0.6224752305254626,-0.9274745739175644,-0.4408825936849929
20.0,248.0,1000.9228515625,0.8244933528940794,0.1717593457825232,-2.376818193162853,-0.023145477085272,0.5188551757530165,-0.571934593955575,0.1201970601601191,-0.6224752311841399,-0.9274745739175644,-0.4408825977336218
20.0,248.0,1000.9228515625,0.8244933528940739,0.1717593457825232,-2.376818193142241,-0.0231454770857598,0.5188549390173107,-0.571934593955575,0.1201970601601191,-0.6224752484967357,-0.9274745739175644,-0.440882595271642
20.0,249.0,1000.9228515625,0.8244933528940794,0.1717593457825232,-2.3768181931737407,-0.0231454770857481,0.518855071084819,-0.571934593955575,0.1201970601601191,-0.6224752305254626,-0.9274745739175644,-0.4408825936849929
20.0,249.0,1000.9228515625,0.8244933528940794,0.1717593457825232,-2.3768181941580337,-0.0231454774603887,0.518855071084819,-0.571934593955575,0.1201970601601191,-0.6224752305254626,-0.9274745739175644,-0.4408825936849929
20.0,249.0,1000.9228515625,0.8244933528940794,0.1717593457825232,-2.3768181930330443,-0.0231454770857481,0.518855071084819,-0.571934593955575,0.1201970601601191,-0.6224752733749308,-0.9274745739175644,-0.4408825936849929
20.0,249.0,1000.9228515625,0.8244933528940739,0.1717593457825232,-2.3768181931737407,-0.0231454770857601,0.5188549783730564,-0.571934593955575,0.1201970601601191,-0.6224752053231137,-0.9274745739175644,-0.440882595271642
20.0,249.0,1000.9228515625,0.8244933528940794,0.1717593457825232,-2.376818191353992,-0.0231454774599909,0.5188550210242336,-0.571934593955575,0.1201970601601191,-0.6224750096081734,-0.9274745739175644,-0.4408825939440672
20.0,249.0,1000.9228515625,0.8244933528940794,0.1717593457825232,-2.3768181931737407,-0.0231454770857481,0.518855071084819,-0.571934593955575,0.1201970601601191,-0.6224752305254626,-0.9274745739175644,-0.4408825936849929
20.0,249.0,1000.9228515625,0.8244933528940794,0.1717593457825232,-2.3768181931737407,-0.0231454770857481,0.518855071084819,-0.571934593955575,0.1201970601601191,-0.6224752305254626,-0.9274745739175644,-0.4408825936849929
20.0,249.0,1000.9228515625,0.8244933528940794,0.1717593457825232,-2.3768181931737407,-0.0231454770857481,0.518855071084819,-0.571934593955575,0.1201970601601191,-0.6224752305254626,-0.9274745739175644,-0.4408825936849929
20.0,249.0,1000.9228515625,0.8244933528940794,0.1717593457825232,-2.3768181931737407,-0.0231454770967385,0.5188550651022683,-0.571934593955575,0.1201970601601191,-0.6224745911503293,-0.9274745739175644,-0.4408825936849929
20.0,249.0,1000.9228515625,0.8244933528940794,0.1717593457825232,-2.376818191353992,-0.0231454774645114,0.518855179095853,-0.571934593955575,0.1201970601601191,-0.6224750096081734,-0.9274745739175644,-0.4408825977298948
20.0,249.0,1000.9228515625,0.8244933528940794,0.1717593457825232,-2.3768181931737407,-0.0231454770949002,0.518855071084819,-0.571934593955575,0.1201970601601191,-0.6224752305254626,-0.9274745739175644,-0.4408825936849929
20.0,249.0,1000.9228515625,0.8244933528940769,0.1717593457825232,-2.3768181931737407,-0.0231454770855083,0.5188548722225405,-0.571934593955575,0.1201970601601191,-0.6224752948063276,-0.9274745739175644,-0.4408825952815947
20.0,249.0,1000.9228515625,0.8244933528940794,0.1717593457825232,-2.3768181931737407,-0.02314547708576,0.5188549956056944,-0.571934593955575,0.1201970601601191,-0.6224752737358081,-0.9274745739175644,-0.4408825970749195
20.0,249.0,1000.9228515625,0.8244933528940794,0.1717593457825232,-2.3768181913912985,-0.0231454770857481,0.518855071084819,-0.571934593955575,0.1201970601601191,-0.6224752305254626,-0.9274745739175644,-0.4408825976836819
20.0,249.0,1000.9228515625,0.8244933528940739,0.1717593457825232,-2.3768181931737407,-0.0231454770857601,0.5188549390173107,-0.571934593955575,0.1201970601601191,-0.6224745491760093,-0.9274745739175644,-0.440882595271642
20.0,249.0,1000.9228515625,0.8244933528940794,0.1717593457825232,-2.3768181931737407,-0.0231454770857481,0.5188550631229458,-0.571934593955575,0.1201970601601191,-0.6224752305254626,-0.9274745739175644,-0.4408825936849929
20.0,249.0,1000.9228515625,0.8244933528940794,0.1717593457825232,-2.376818192963925,-0.0231454770811601,0.518855071084819,-0.571934593955575,0.1201970601601191,-0.6224752733749308,-0.9274745739175644,-0.4408825936849929
20.0,249.0,1000.9228515625,0.8244933528940794,0.1717593457825232,-2.3768181931737407,-0.0231454770857481,0.518855071084819,-0.571934593955575,0.1201970601601191,-0.6224753292271257,-0.9274745739175644,-0.4408825936849929
20.0,249.0,1000.9228515625,0.8244933528940794,0.1717593457825232,-2.3768181931737407,-0.023145477085272,0.5188550686486088,-0.571934593955575,0.1201970601601191,-0.6224752311841399,-0.9274745739175644,-0.4408825970749195
20.0,249.0,1000.9228515625,0.8244933528940794,0.1717593457825232,-2.3768181931737407,-0.023145477085622,0.5188550651022683,-0.571934593955575,0.1201970601601191,-0.6224745911503293,-0.9274745739175644,-0.4408825936849929
20.0,249.0,1000.9228515625,0.8244933528940769,0.1717593457825232,-2.3768181931737407,-0.0231454770857547,0.5188548722225405,-0.571934593955575,0.1201970601601191,-0.6224752898194671,-0.9274745739175644,-0.4408825952819633
20.0,249.0,1000.9228515625,0.8244933528941869,0.1717593457825232,-2.3768181931737407,-0.0231454770845309,0.5188549390173107,-0.571934593955575,0.1201970601601191,-0.6224745491760093,-0.9274745739175644,-0.440882595271642
20.0,249.0,1000.9228515625,0.8244933528940794,0.1717593457825232,-2.3768181931737407,-0.0231454770857391,0.518855071084819,-0.571934593955575,0.1201970601601191,-0.6224753292271257,-0.9274745739175644,-0.440882595319649
20.0,249.0,1000.9228515625,0.8244933528940794,0.1717593457825232,-2.3768181930330443,-0.0231454770857481,0.518855071084819,-0.571934593955575,0.1201970601601191,-0.6224752733749308,-0.9274745739175644,-0.4408825936849929
20.0,249.0,1000.9228515625,0.8244933528940794,0.1717593457825232,-2.376818193061033,-0.0231454770857481,0.518855071084819,-0.571934593955575,0.1201970601601191,-0.6224754177054583,-0.9274745739175644,-0.4408825976836819
20.0,249.0,1000.9228515625,0.8244933528940739,0.1717593457825232,-2.3768181931737407,-0.0231454770857601,0.5188549390173107,-0.571934593955575,0.1201970601601191,-0.6224755737725376,-0.9274745739175644,-0.440882595271642
20.0,249.0,1000.9228515625,0.8244933528940794,0.1717593457825232,-2.3768181913912985,-0.0231454770968646,0.518855071084819,-0.571934593955575,0.1201970601601191,-0.6224752305254626,-0.9274745739175644,-0.4408825976836819
20.0,249.0,1000.9228515625,0.8244933528940739,0.1717593457825232,-2.3768181931737407,-0.0231454770855136,0.5188549783730564,-0.571934593955575,0.1201970601601191,-0.6224752103099741,-0.9274745739175644,-0.4408825952712734
20.0,249.0,1000.9228515625,0.8244933528940794,0.1717593457825232,-2.3768181931737407,-0.0231454770857481,0.518855071084819,-0.571934593955575,0.1201970601601191,-0.6224752305254626,-0.9274745739175644,-0.4408825936849929
20.0,249.0,1000.9228515625,0.8244933528940739,0.1717593457825232,-2.3768181931737407,-0.023145477085748,0.5188549783730564,-0.571934593955575,0.1201970601601191,-0.6224752063261246,-0.9274745739175644,-0.4408822358767253
20.0,249.0,1000.9228515625,0.8244933528940794,0.1717593457825232,-2.3768181931737407,-0.0231454773767155,0.5188550651022683,-0.571934593955575,0.1201970601601191,-0.6224745267222752,-0.9274745739175644,-0.4408825936849929
20.0,249.0,1000.9228515625,0.8244933528940794,0.1717593457825232,-2.3768181931737407,-0.02314547708576,0.5188549956056944,-0.571934593955575,0.1201970601601191,-0.6224752737358081,-0.9274745739175644,-0.4408825970749195
20.0,249.0,1000.9228515625,0.8244933528940739,0.1717593457825232,-2.3768181931737407,-0.0231454770857475,0.5188549390173107,-0.571934593955575,0.1201970601601191,-0.6224755795723167,-0.9274745739175644,-0.440882595271642
20.0,249.0,1000.9228515625,0.8244933528940794,0.1717593457825232,-2.3768181931737407,-0.0231454770857481,0.518855071084819,-0.571934593955575,0.1201970601601191,-0.6224752305254626,-0.9274745739175644,-0.4408825936849929
20.0,249.0,1000.9228515625,0.8244933528940794,0.1717593457825232,-2.3768181931737407,-0.0231454770857481,0.518855071084819,-0.571934593955575,0.1201970601601191,-0.6224752270133052,-0.9274745739175644,-0.4408825936849929
20.0,249.0,1000.9228515625,0.8244933528940794,0.1717593457825232,-2.3768181931737407,-0.0231454770857481,0.518855071084819,-0.571934593955575,0.1201970601601191,-0.6224752200468672,-0.9274745739175644,-0.4408825936849929
20.0,249.0,1000.9228515625,0.8244933528940794,0.1717593457825232,-2.3768181931737407,-0.0231454770857481,0.518855071084819,-0.571934593955575,0.1201970601601191,-0.6224752305254626,-0.9274745739175644,-0.4408825936849929
20.0,249.0,1000.9228515625,0.8244933528940794,0.1717593457825232,-2.3768181930330443,-0.0231454770857481,0.518855071084819,-0.571934593955575,0.1201970601601191,-0.6224752733749308,-0.9274745739175644,-0.4408825936849929
20.0,249.0,1000.9228515625,0.8244933528940794,0.1717593457825232,-2.37681819136488,-0.0231454774645114,0.5188550719914452,-0.571934593955575,0.1201970601601191,-0.6224750096081734,-0.9274745739175644,-0.4408825970711926
20.0,249.0,1000.9228515625,0.8244933528940794,0.1717593457825232,-2.3768181931737407,-0.0231454770857481,0.518855071084819,-0.571934593955575,0.1201970601601191,-0.6224752305254626,-0.9274745739175644,-0.4408825936849929
20.0,249.0,1000.9228515625,0.8244933528940794,0.1717593457825232,-2.3768181914227986,-0.0231454770857484,0.518855071084819,-0.571934593955575,0.1201970601601191,-0.6224755558012645,-0.9274745739175644,-0.4408825976836819
20.0,249.0,1000.9228515625,0.8244933528940794,0.1717593457825232,-2.3768181931737407,-0.0231454770857481,0.518855071084819,-0.571934593955575,0.1201970601601191,-0.6224752305254626,-0.9274745739175644,-0.4408825936849929
20.0,249.0,1000.9228515625,0.8244933528940739,0.1717593457825232,-2.3768181931737407,-0.0231454770855136,0.5188549783730564,-0.571934593955575,0.1201970601601191,-0.6224752103099741,-0.9274745739175644,-0.4408825952712734
20.0,249.0,1000.9228515625,0.8244933528940794,0.1717593457825232,-2.3768181930330443,-0.0231454770857481,0.518855071084819,-0.571934593955575,0.1201970601601191,-0.6224752733749308,-0.9274745739175644,-0.4408825936849929
20.0,249.0,1000.9228515625,0.8244933528940794,0.1717593457825232,-2.3768181931737407,-0.023145477085622,0.5188550651022683,-0.571934593955575,0.1201970601601191,-0.6224746016289248,-0.9274745739175644,-0.4408825936849929
20.0,249.0,1000.9228515625,0.8244933528940794,0.1717593457825232,-2.3768181931737407,-0.0231454770857481,0.518855071084819,-0.571934593955575,0.1201970601601191,-0.6224752305254626,-0.9274745739175644,-0.4408825936849929
20.0,249.0,1000.9228515625,0.8244933528941865,0.1717593457825232,-2.3768181931737407,-0.0231454770845309,0.5188549390173107,-0.571934593955575,0.1201970601601191,-0.6224745491760093,-0.9274745739175644,-0.440882595271642
20.0,249.0,1000.9228515625,0.8244933528940794,0.1717593457825232,-2.3768181941580337,-0.0231454774603887,0.518855071084819,-0.571934593955575,0.1201970601601191,-0.6224752305254626,-0.9274745739175644,-0.4408825936849929
20.0,249.0,1000.9228515625,0.8244933528940794,0.1717593457825232,-2.376818193162853,-0.023145477085272,0.5188551757530165,-0.571934593955575,0.1201970601601191,-0.6224752311841399,-0.9274745739175644,-0.4408825977336218
20.0,249.0,1000.9228515625,0.8244933528940739,0.1717593457825232,-2.376818193142241,-0.0231454770857598,0.5188549390173107,-0.571934593955575,0.1201970601601191,-0.6224752484967357,-0.9274745739175644,-0.440882595271642
20.0,250.0,1000.9228515625,0.8244933528940794,0.1717593457825232,-2.3768181931737407,-0.0231454770857481,0.518855071084819,-0.571934593955575,0.1201970601601191,-0.6224752305254626,-0.9274745739175644,-0.4408825936849929
20.0,250.0,1000.9228515625,0.8244933528940794,0.1717593457825232,-2.3768181941580337,-0.0231454774603887,0.518855071084819,-0.571934593955575,0.1201970601601191,-0.6224752305254626,-0.9274745739175644,-0.4408825936849929
20.0,250.0,1000.9228515625,0.8244933528940794,0.1717593457825232,-2.3768181930330443,-0.0231454770857481,0.518855071084819,-0.571934593955575,0.1201970601601191,-0.6224752733749308,-0.9274745739175644,-0.4408825936849929
20.0,250.0,1000.9228515625,0.8244933528940739,0.1717593457825232,-2.3768181931737407,-0.0231454770857601,0.5188549783730564,-0.571934593955575,0.1201970601601191,-0.6224752053231137,-0.9274745739175644,-0.440882595271642
20.0,250.0,1000.9228515625,0.8244933528940794,0.1717593457825232,-2.376818191353992,-0.0231454774599909,0.5188550210242336,-0.571934593955575,0.1201970601601191,-0.6224750096081734,-0.9274745739175644,-0.4408825939440672
20.0,250.0,1000.9228515625,0.8244933528940794,0.1717593457825232,-2.3768181931737407,-0.0231454770857481,0.518855071084819,-0.571934593955575,0.1201970601601191,-0.6224752305254626,-0.9274745739175644,-0.4408825936849929
20.0,250.0,1000.9228515625,0.8244933528940794,0.1717593457825232,-2.3768181931737407,-0.0231454770857481,0.518855071084819,-0.571934593955575,0.1201970601601191,-0.6224752305254626,-0.9274745739175644,-0.4408825936849929
20.0,250.0,1000.9228515625,0.8244933528940794,0.1717593457825232,-2.3768181931737407,-0.0231454770857481,0.518855071084819,-0.571934593955575,0.1201970601601191,-0.6224752305254626,-0.9274745739175644,-0.4408825936849929
20.0,250.0,1000.9228515625,0.8244933528940794,0.1717593457825232,-2.3768181931737407,-0.0231454770967385,0.5188550651022683,-0.571934593955575,0.1201970601601191,-0.6224745911503293,-0.9274745739175644,-0.4408825936849929
20.0,250.0,1000.9228515625,0.8244933528940794,0.1717593457825232,-2.376818191353992,-0.0231454774645114,0.518855179095853,-0.571934593955575,0.1201970601601191,-0.6224750096081734,-0.9274745739175644,-0.4408825977298948
20.0,250.0,1000.9228515625,0.8244933528940794,0.1717593457825232,-2.3768181931737407,-0.0231454770949002,0.518855071084819,-0.571934593955575,0.1201970601601191,-0.6224752305254626,-0.9274745739175644,-0.4408825936849929
20.0,250.0,1000.9228515625,0.8244933528940769,0.1717593457825232,-2.3768181931737407,-0.0231454770855083,0.5188548722225405,-0.571934593955575,0.1201970601601191,-0.6224752948063276,-0.9274745739175644,-0.4408825952815947
20.0,250.0,1000.9228515625,0.8244933528940794,0.1717593457825232,-2.3768181931737407,-0.02314547708576,0.5188549956056944,-0.571934593955575,0.1201970601601191,-0.6224752737358081,-0.9274745739175644,-0.4408825970749195
20.0,250.0,1000.9228515625,0.8244933528940794,0.1717593457825232,-2.3768181913912985,-0.0231454770857481,0.518855071084819,-0.571934593955575,0.1201970601601191,-0.6224752305254626,-0.9274745739175644,-0.4408825976836819
20.0,250.0,1000.9228515625,0.8244933528940739,0.1717593457825232,-2.3768181931737407,-0.0231454770857601,0.5188549390173107,-0.571934593955575,0.1201970601601191,-0.6224745491760093,-0.9274745739175644,-0.440882595271642
20.0,250.0,1000.9228515625,0.8244933528940794,0.1717593457825232,-2.3768181931737407,-0.0231454770857481,0.5188550631229458,-0.571934593955575,0.1201970601601191,-0.6224752305254626,-0.9274745739175644,-0.4408825936849929
20.0,250.0,1000.9228515625,0.8244933528940794,0.1717593457825232,-2.376818192963925,-0.0231454770811601,0.518855071084819,-0.571934593955575,0.1201970601601191,-0.6224752733749308,-0.9274745739175644,-0.4408825936849929
20.0,250.0,1000.9228515625,0.8244933528940794,0.1717593457825232,-2.3768181931737407,-0.0231454770857481,0.518855071084819,-0.571934593955575,0.1201970601601191,-0.6224753292271257,-0.9274745739175644,-0.4408825936849929
20.0,250.0,1000.9228515625,0.8244933528940794,0.1717593457825232,-2.3768181931737407,-0.023145477085272,0.5188550686486088,-0.571934593955575,0.1201970601601191,-0.6224752311841399,-0.9274745739175644,-0.4408825970749195
20.0,250.0,1000.9228515625,0.8244933528940794,0.1717593457825232,-2.3768181931737407,-0.023145477085622,0.5188550651022683,-0.571934593955575,0.1201970601601191,-0.6224745911503293,-0.9274745739175644,-0.4408825936849929
20.0,250.0,1000.9228515625,0.8244933528940769,0.1717593457825232,-2.3768181931737407,-0.0231454770857547,0.5188548722225405,-0.571934593955575,0.1201970601601191,-0.6224752898194671,-0.9274745739175644,-0.4408825952819633
20.0,250.0,1000.9228515625,0.8244933528941869,0.1717593457825232,-2.3768181931737407,-0.0231454770845309,0.5188549390173107,-0.571934593955575,0.1201970601601191,-0.6224745491760093,-0.9274745739175644,-0.440882595271642
20.0,250.0,1000.9228515625,0.8244933528940794,0.1717593457825232,-2.3768181931737407,-0.0231454770857391,0.518855071084819,-0.571934593955575,0.1201970601601191,-0.6224753292271257,-0.9274745739175644,-0.440882595319649
20.0,250.0,1000.9228515625,0.8244933528940794,0.1717593457825232,-2.3768181930330443,-0.0231454770857481,0.518855071084819,-0.571934593955575,0.1201970601601191,-0.6224752733749308,-0.9274745739175644,-0.4408825936849929
20.0,250.0,1000.9228515625,0.8244933528940794,0.1717593457825232,-2.376818193061033,-0.0231454770857481,0.518855071084819,-0.571934593955575,0.1201970601601191,-0.6224754177054583,-0.9274745739175644,-0.4408825976836819
20.0,250.0,1000.9228515625,0.8244933528940739,0.1717593457825232,-2.3768181931737407,-0.0231454770857601,0.5188549390173107,-0.571934593955575,0.1201970601601191,-0.6224755737725376,-0.9274745739175644,-0.440882595271642
20.0,250.0,1000.9228515625,0.8244933528940794,0.1717593457825232,-2.3768181913912985,-0.0231454770968646,0.518855071084819,-0.571934593955575,0.1201970601601191,-0.6224752305254626,-0.9274745739175644,-0.4408825976836819
20.0,250.0,1000.9228515625,0.8244933528940739,0.1717593457825232,-2.3768181931737407,-0.0231454770855136,0.5188549783730564,-0.571934593955575,0.1201970601601191,-0.6224752103099741,-0.9274745739175644,-0.4408825952712734
20.0,250.0,1000.9228515625,0.8244933528940794,0.1717593457825232,-2.3768181931737407,-0.0231454770857481,0.518855071084819,-0.571934593955575,0.1201970601601191,-0.6224752305254626,-0.9274745739175644,-0.4408825936849929
20.0,250.0,1000.9228515625,0.8244933528940739,0.1717593457825232,-2.3768181931737407,-0.023145477085748,0.5188549783730564,-0.571934593955575,0.1201970601601191,-0.6224752063261246,-0.9274745739175644,-0.4408822358767253
20.0,250.0,1000.9228515625,0.8244933528940794,0.1717593457825232,-2.3768181931737407,-0.0231454773767155,0.5188550651022683,-0.571934593955575,0.1201970601601191,-0.6224745267222752,-0.9274745739175644,-0.4408825936849929
20.0,250.0,1000.9228515625,0.8244933528940794,0.1717593457825232,-2.3768181931737407,-0.02314547708576,0.5188549956056944,-0.571934593955575,0.1201970601601191,-0.6224752737358081,-0.9274745739175644,-0.4408825970749195
20.0,250.0,1000.9228515625,0.8244933528940739,0.1717593457825232,-2.3768181931737407,-0.0231454770857475,0.5188549390173107,-0.571934593955575,0.1201970601601191,-0.6224755795723167,-0.9274745739175644,-0.440882595271642
20.0,250.0,1000.9228515625,0.8244933528940794,0.1717593457825232,-2.3768181931737407,-0.0231454770857481,0.518855071084819,-0.571934593955575,0.1201970601601191,-0.6224752305254626,-0.9274745739175644,-0.4408825936849929
20.0,250.0,1000.9228515625,0.8244933528940794,0.1717593457825232,-2.3768181931737407,-0.0231454770857481,0.518855071084819,-0.571934593955575,0.1201970601601191,-0.6224752270133052,-0.9274745739175644,-0.4408825936849929
20.0,250.0,1000.9228515625,0.8244933528940794,0.1717593457825232,-2.3768181931737407,-0.0231454770857481,0.518855071084819,-0.571934593955575,0.1201970601601191,-0.6224752200468672,-0.9274745739175644,-0.4408825936849929
20.0,250.0,1000.9228515625,0.8244933528940794,0.1717593457825232,-2.3768181931737407,-0.0231454770857481,0.518855071084819,-0.571934593955575,0.1201970601601191,-0.6224752305254626,-0.9274745739175644,-0.4408825936849929
20.0,250.0,1000.9228515625,0.8244933528940794,0.1717593457825232,-2.3768181930330443,-0.0231454770857481,0.518855071084819,-0.571934593955575,0.1201970601601191,-0.6224752733749308,-0.9274745739175644,-0.4408825936849929
20.0,250.0,1000.9228515625,0.8244933528940794,0.1717593457825232,-2.37681819136488,-0.0231454774645114,0.5188550719914452,-0.571934593955575,0.1201970601601191,-0.6224750096081734,-0.9274745739175644,-0.4408825970711926
20.0,250.0,1000.9228515625,0.8244933528940794,0.1717593457825232,-2.3768181931737407,-0.0231454770857481,0.518855071084819,-0.571934593955575,0.1201970601601191,-0.6224752305254626,-0.9274745739175644,-0.4408825936849929
20.0,250.0,1000.9228515625,0.8244933528940794,0.1717593457825232,-2.3768181914227986,-0.0231454770857484,0.518855071084819,-0.571934593955575,0.1201970601601191,-0.6224755558012645,-0.9274745739175644,-0.4408825976836819
20.0,250.0,1000.9228515625,0.8244933528940794,0.1717593457825232,-2.3768181931737407,-0.0231454770857481,0.518855071084819,-0.571934593955575,0.1201970601601191,-0.6224752305254626,-0.9274745739175644,-0.4408825936849929
20.0,250.0,1000.9228515625,0.8244933528940739,0.1717593457825232,-2.3768181931737407,-0.0231454770855136,0.5188549783730564,-0.571934593955575,0.1201970601601191,-0.6224752103099741,-0.9274745739175644,-0.4408825952712734
20.0,250.0,1000.9228515625,0.8244933528940794,0.1717593457825232,-2.3768181930330443,-0.0231454770857481,0.518855071084819,-0.571934593955575,0.1201970601601191,-0.6224752733749308,-0.9274745739175644,-0.4408825936849929
20.0,250.0,1000.9228515625,0.8244933528940794,0.1717593457825232,-2.3768181931737407,-0.023145477085622,0.5188550651022683,-0.571934593955575,0.1201970601601191,-0.6224746016289248,-0.9274745739175644,-0.4408825936849929
20.0,250.0,1000.9228515625,0.8244933528940794,0.1717593457825232,-2.3768181931737407,-0.0231454770857481,0.518855071084819,-0.571934593955575,0.1201970601601191,-0.6224752305254626,-0.9274745739175644,-0.4408825936849929
20.0,250.0,1000.9228515625,0.8244933528941865,0.1717593457825232,-2.3768181931737407,-0.0231454770845309,0.5188549390173107,-0.571934593955575,0.1201970601601191,-0.6224745491760093,-0.9274745739175644,-0.440882595271642
20.0,250.0,1000.9228515625,0.8244933528940794,0.1717593457825232,-2.3768181941580337,-0.0231454774603887,0.518855071084819,-0.571934593955575,0.1201970601601191,-0.6224752305254626,-0.9274745739175644,-0.4408825936849929
20.0,250.0,1000.9228515625,0.8244933528940794,0.1717593457825232,-2.376818193162853,-0.023145477085272,0.5188551757530165,-0.571934593955575,0.1201970601601191,-0.6224752311841399,-0.9274745739175644,-0.4408825977336218
20.0,250.0,1000.9228515625,0.8244933528940739,0.1717593457825232,-2.376818193142241,-0.0231454770857598,0.5188549390173107,-0.571934593955575,0.1201970601601191,-0.6224752484967357,-0.9274745739175644,-0.440882595271642
20.0,251.0,1000.9228515625,0.8244933528940794,0.1717593457825232,-2.3768181931737407,-0.0231454770857481,0.518855071084819,-0.571934593955575,0.1201970601601191,-0.6224752305254626,-0.9274745739175644,-0.4408825936849929
20.0,251.0,1000.9228515625,0.8244933528940794,0.1717593457825232,-2.3768181941580337,-0.0231454774603887,0.518855071084819,-0.571934593955575,0.1201970601601191,-0.6224752305254626,-0.9274745739175644,-0.4408825936849929
20.0,251.0,1000.9228515625,0.8244933528940794,0.1717593457825232,-2.3768181930330443,-0.0231454770857481,0.518855071084819,-0.571934593955575,0.1201970601601191,-0.6224752733749308,-0.9274745739175644,-0.4408825936849929
20.0,251.0,1000.9228515625,0.8244933528940739,0.1717593457825232,-2.3768181931737407,-0.0231454770857601,0.5188549783730564,-0.571934593955575,0.1201970601601191,-0.6224752053231137,-0.9274745739175644,-0.440882595271642
20.0,251.0,1000.9228515625,0.8244933528940794,0.1717593457825232,-2.376818191353992,-0.0231454774599909,0.5188550210242336,-0.571934593955575,0.1201970601601191,-0.6224750096081734,-0.9274745739175644,-0.4408825939440672
20.0,251.0,1000.9228515625,0.8244933528940794,0.1717593457825232,-2.3768181931737407,-0.0231454770857481,0.518855071084819,-0.571934593955575,0.1201970601601191,-0.6224752305254626,-0.9274745739175644,-0.4408825936849929
20.0,251.0,1000.9228515625,0.8244933528940794,0.1717593457825232,-2.3768181931737407,-0.0231454770857481,0.518855071084819,-0.571934593955575,0.1201970601601191,-0.6224752305254626,-0.9274745739175644,-0.4408825936849929
20.0,251.0,1000.9228515625,0.8244933528940794,0.1717593457825232,-2.3768181931737407,-0.0231454770857481,0.518855071084819,-0.571934593955575,0.1201970601601191,-0.6224752305254626,-0.9274745739175644,-0.4408825936849929
20.0,251.0,1000.9228515625,0.8244933528940794,0.1717593457825232,-2.3768181931737407,-0.0231454770967385,0.5188550651022683,-0.571934593955575,0.1201970601601191,-0.6224745911503293,-0.9274745739175644,-0.4408825936849929
20.0,251.0,1000.9228515625,0.8244933528940794,0.1717593457825232,-2.376818191353992,-0.0231454774645114,0.518855179095853,-0.571934593955575,0.1201970601601191,-0.6224750096081734,-0.9274745739175644,-0.4408825977298948
20.0,251.0,1000.9228515625,0.8244933528940794,0.1717593457825232,-2.3768181931737407,-0.0231454770949002,0.518855071084819,-0.571934593955575,0.1201970601601191,-0.6224752305254626,-0.9274745739175644,-0.4408825936849929
20.0,251.0,1000.9228515625,0.8244933528940769,0.1717593457825232,-2.3768181931737407,-0.0231454770855083,0.5188548722225405,-0.571934593955575,0.1201970601601191,-0.6224752948063276,-0.9274745739175644,-0.4408825952815947
20.0,251.0,1000.9228515625,0.8244933528940794,0.1717593457825232,-2.3768181931737407,-0.02314547708576,0.5188549956056944,-0.571934593955575,0.1201970601601191,-0.6224752737358081,-0.9274745739175644,-0.4408825970749195
20.0,251.0,1000.9228515625,0.8244933528940794,0.1717593457825232,-2.3768181913912985,-0.0231454770857481,0.518855071084819,-0.571934593955575,0.1201970601601191,-0.6224752305254626,-0.9274745739175644,-0.4408825976836819
20.0,251.0,1000.9228515625,0.8244933528940739,0.1717593457825232,-2.3768181931737407,-0.0231454770857601,0.5188549390173107,-0.571934593955575,0.1201970601601191,-0.6224745491760093,-0.9274745739175644,-0.440882595271642
20.0,251.0,1000.9228515625,0.8244933528940794,0.1717593457825232,-2.3768181931737407,-0.0231454770857481,0.5188550631229458,-0.571934593955575,0.1201970601601191,-0.6224752305254626,-0.9274745739175644,-0.4408825936849929
20.0,251.0,1000.9228515625,0.8244933528940794,0.1717593457825232,-2.376818192963925,-0.0231454770811601,0.518855071084819,-0.571934593955575,0.1201970601601191,-0.6224752733749308,-0.9274745739175644,-0.4408825936849929
20.0,251.0,1000.9228515625,0.8244933528940794,0.1717593457825232,-2.3768181931737407,-0.0231454770857481,0.518855071084819,-0.571934593955575,0.1201970601601191,-0.6224753292271257,-0.9274745739175644,-0.4408825936849929
20.0,251.0,1000.9228515625,0.8244933528940794,0.1717593457825232,-2.3768181931737407,-0.023145477085272,0.5188550686486088,-0.571934593955575,0.1201970601601191,-0.6224752311841399,-0.9274745739175644,-0.4408825970749195
20.0,251.0,1000.9228515625,0.8244933528940794,0.1717593457825232,-2.3768181931737407,-0.023145477085622,0.5188550651022683,-0.571934593955575,0.1201970601601191,-0.6224745911503293,-0.9274745739175644,-0.4408825936849929
20.0,251.0,1000.9228515625,0.8244933528940769,0.1717593457825232,-2.3768181931737407,-0.0231454770857547,0.5188548722225405,-0.571934593955575,0.1201970601601191,-0.6224752898194671,-0.9274745739175644,-0.4408825952819633
20.0,251.0,1000.9228515625,0.8244933528941869,0.1717593457825232,-2.3768181931737407,-0.0231454770845309,0.5188549390173107,-0.571934593955575,0.1201970601601191,-0.6224745491760093,-0.9274745739175644,-0.440882595271642
20.0,251.0,1000.9228515625,0.8244933528940794,0.1717593457825232,-2.3768181931737407,-0.0231454770857391,0.518855071084819,-0.571934593955575,0.1201970601601191,-0.6224753292271257,-0.9274745739175644,-0.440882595319649
20.0,251.0,1000.9228515625,0.8244933528940794,0.1717593457825232,-2.3768181930330443,-0.0231454770857481,0.518855071084819,-0.571934593955575,0.1201970601601191,-0.6224752733749308,-0.9274745739175644,-0.4408825936849929
20.0,251.0,1000.9228515625,0.8244933528940794,0.1717593457825232,-2.376818193061033,-0.0231454770857481,0.518855071084819,-0.571934593955575,0.1201970601601191,-0.6224754177054583,-0.9274745739175644,-0.4408825976836819
20.0,251.0,1000.9228515625,0.8244933528940739,0.1717593457825232,-2.3768181931737407,-0.0231454770857601,0.5188549390173107,-0.571934593955575,0.1201970601601191,-0.6224755737725376,-0.9274745739175644,-0.440882595271642
20.0,251.0,1000.9228515625,0.8244933528940794,0.1717593457825232,-2.3768181913912985,-0.0231454770968646,0.518855071084819,-0.571934593955575,0.1201970601601191,-0.6224752305254626,-0.9274745739175644,-0.4408825976836819
20.0,251.0,1000.9228515625,0.8244933528940739,0.1717593457825232,-2.3768181931737407,-0.0231454770855136,0.5188549783730564,-0.571934593955575,0.1201970601601191,-0.6224752103099741,-0.9274745739175644,-0.4408825952712734
20.0,251.0,1000.9228515625,0.8244933528940794,0.1717593457825232,-2.3768181931737407,-0.0231454770857481,0.518855071084819,-0.571934593955575,0.1201970601601191,-0.6224752305254626,-0.9274745739175644,-0.4408825936849929
20.0,251.0,1000.9228515625,0.8244933528940739,0.1717593457825232,-2.3768181931737407,-0.023145477085748,0.5188549783730564,-0.571934593955575,0.1201970601601191,-0.6224752063261246,-0.9274745739175644,-0.4408822358767253
20.0,251.0,1000.9228515625,0.8244933528940794,0.1717593457825232,-2.3768181931737407,-0.0231454773767155,0.5188550651022683,-0.571934593955575,0.1201970601601191,-0.6224745267222752,-0.9274745739175644,-0.4408825936849929
20.0,251.0,1000.9228515625,0.8244933528940794,0.1717593457825232,-2.3768181931737407,-0.02314547708576,0.5188549956056944,-0.571934593955575,0.1201970601601191,-0.6224752737358081,-0.9274745739175644,-0.4408825970749195
20.0,251.0,1000.9228515625,0.8244933528940739,0.1717593457825232,-2.3768181931737407,-0.0231454770857475,0.5188549390173107,-0.571934593955575,0.1201970601601191,-0.6224755795723167,-0.9274745739175644,-0.440882595271642
20.0,251.0,1000.9228515625,0.8244933528940794,0.1717593457825232,-2.3768181931737407,-0.0231454770857481,0.518855071084819,-0.571934593955575,0.1201970601601191,-0.6224752305254626,-0.9274745739175644,-0.4408825936849929
20.0,251.0,1000.9228515625,0.8244933528940794,0.1717593457825232,-2.3768181931737407,-0.0231454770857481,0.518855071084819,-0.571934593955575,0.1201970601601191,-0.6224752270133052,-0.9274745739175644,-0.4408825936849929
20.0,251.0,1000.9228515625,0.8244933528940794,0.1717593457825232,-2.3768181931737407,-0.0231454770857481,0.518855071084819,-0.571934593955575,0.1201970601601191,-0.6224752200468672,-0.9274745739175644,-0.4408825936849929
20.0,251.0,1000.9228515625,0.8244933528940794,0.1717593457825232,-2.3768181931737407,-0.0231454770857481,0.518855071084819,-0.571934593955575,0.1201970601601191,-0.6224752305254626,-0.9274745739175644,-0.4408825936849929
20.0,251.0,1000.9228515625,0.8244933528940794,0.1717593457825232,-2.3768181930330443,-0.0231454770857481,0.518855071084819,-0.571934593955575,0.1201970601601191,-0.6224752733749308,-0.9274745739175644,-0.4408825936849929
20.0,251.0,1000.9228515625,0.8244933528940794,0.1717593457825232,-2.37681819136488,-0.0231454774645114,0.5188550719914452,-0.571934593955575,0.1201970601601191,-0.6224750096081734,-0.9274745739175644,-0.4408825970711926
20.0,251.0,1000.9228515625,0.8244933528940794,0.1717593457825232,-2.3768181931737407,-0.0231454770857481,0.518855071084819,-0.571934593955575,0.1201970601601191,-0.6224752305254626,-0.9274745739175644,-0.4408825936849929
20.0,251.0,1000.9228515625,0.8244933528940794,0.1717593457825232,-2.3768181914227986,-0.0231454770857484,0.518855071084819,-0.571934593955575,0.1201970601601191,-0.6224755558012645,-0.9274745739175644,-0.4408825976836819
20.0,251.0,1000.9228515625,0.8244933528940794,0.1717593457825232,-2.3768181931737407,-0.0231454770857481,0.518855071084819,-0.571934593955575,0.1201970601601191,-0.6224752305254626,-0.9274745739175644,-0.4408825936849929
20.0,251.0,1000.9228515625,0.8244933528940739,0.1717593457825232,-2.3768181931737407,-0.0231454770855136,0.5188549783730564,-0.571934593955575,0.1201970601601191,-0.6224752103099741,-0.9274745739175644,-0.4408825952712734
20.0,251.0,1000.9228515625,0.8244933528940794,0.1717593457825232,-2.3768181930330443,-0.0231454770857481,0.518855071084819,-0.571934593955575,0.1201970601601191,-0.6224752733749308,-0.9274745739175644,-0.4408825936849929
20.0,251.0,1000.9228515625,0.8244933528940794,0.1717593457825232,-2.3768181931737407,-0.023145477085622,0.5188550651022683,-0.571934593955575,0.1201970601601191,-0.6224746016289248,-0.9274745739175644,-0.4408825936849929
20.0,251.0,1000.9228515625,0.8244933528940794,0.1717593457825232,-2.3768181931737407,-0.0231454770857481,0.518855071084819,-0.571934593955575,0.1201970601601191,-0.6224752305254626,-0.9274745739175644,-0.4408825936849929
20.0,251.0,1000.9228515625,0.8244933528941865,0.1717593457825232,-2.3768181931737407,-0.0231454770845309,0.5188549390173107,-0.571934593955575,0.1201970601601191,-0.6224745491760093,-0.9274745739175644,-0.440882595271642
20.0,251.0,1000.9228515625,0.8244933528940794,0.1717593457825232,-2.3768181941580337,-0.0231454774603887,0.518855071084819,-0.571934593955575,0.1201970601601191,-0.6224752305254626,-0.9274745739175644,-0.4408825936849929
20.0,251.0,1000.9228515625,0.8244933528940794,0.1717593457825232,-2.376818193162853,-0.023145477085272,0.5188551757530165,-0.571934593955575,0.1201970601601191,-0.6224752311841399,-0.9274745739175644,-0.4408825977336218
20.0,251.0,1000.9228515625,0.8244933528940739,0.1717593457825232,-2.376818193142241,-0.0231454770857598,0.5188549390173107,-0.571934593955575,0.1201970601601191,-0.6224752484967357,-0.9274745739175644,-0.440882595271642
20.0,252.0,1000.9228515625,0.8244933528940794,0.1717593457825232,-2.3768181931737407,-0.0231454770857481,0.518855071084819,-0.571934593955575,0.1201970601601191,-0.6224752305254626,-0.9274745739175644,-0.4408825936849929
20.0,252.0,1000.9228515625,0.8244933528940794,0.1717593457825232,-2.3768181941580337,-0.0231454774603887,0.518855071084819,-0.571934593955575,0.1201970601601191,-0.6224752305254626,-0.9274745739175644,-0.4408825936849929
20.0,252.0,1000.9228515625,0.8244933528940794,0.1717593457825232,-2.3768181930330443,-0.0231454770857481,0.518855071084819,-0.571934593955575,0.1201970601601191,-0.6224752733749308,-0.9274745739175644,-0.4408825936849929
20.0,252.0,1000.9228515625,0.8244933528940739,0.1717593457825232,-2.3768181931737407,-0.0231454770857601,0.5188549783730564,-0.571934593955575,0.1201970601601191,-0.6224752053231137,-0.9274745739175644,-0.440882595271642
20.0,252.0,1000.9228515625,0.8244933528940794,0.1717593457825232,-2.376818191353992,-0.0231454774599909,0.5188550210242336,-0.571934593955575,0.1201970601601191,-0.6224750096081734,-0.9274745739175644,-0.4408825939440672
20.0,252.0,1000.9228515625,0.8244933528940794,0.1717593457825232,-2.3768181931737407,-0.0231454770857481,0.518855071084819,-0.571934593955575,0.1201970601601191,-0.6224752305254626,-0.9274745739175644,-0.4408825936849929
20.0,252.0,1000.9228515625,0.8244933528940794,0.1717593457825232,-2.3768181931737407,-0.0231454770857481,0.518855071084819,-0.571934593955575,0.1201970601601191,-0.6224752305254626,-0.9274745739175644,-0.4408825936849929
20.0,252.0,1000.9228515625,0.8244933528940794,0.1717593457825232,-2.3768181931737407,-0.0231454770857481,0.518855071084819,-0.571934593955575,0.1201970601601191,-0.6224752305254626,-0.9274745739175644,-0.4408825936849929
20.0,252.0,1000.9228515625,0.8244933528940794,0.1717593457825232,-2.3768181931737407,-0.0231454770967385,0.5188550651022683,-0.571934593955575,0.1201970601601191,-0.6224745911503293,-0.9274745739175644,-0.4408825936849929
20.0,252.0,1000.9228515625,0.8244933528940794,0.1717593457825232,-2.376818191353992,-0.0231454774645114,0.518855179095853,-0.571934593955575,0.1201970601601191,-0.6224750096081734,-0.9274745739175644,-0.4408825977298948
20.0,252.0,1000.9228515625,0.8244933528940794,0.1717593457825232,-2.3768181931737407,-0.0231454770949002,0.518855071084819,-0.571934593955575,0.1201970601601191,-0.6224752305254626,-0.9274745739175644,-0.4408825936849929
20.0,252.0,1000.9228515625,0.8244933528940769,0.1717593457825232,-2.3768181931737407,-0.0231454770855083,0.5188548722225405,-0.571934593955575,0.1201970601601191,-0.6224752948063276,-0.9274745739175644,-0.4408825952815947
20.0,252.0,1000.9228515625,0.8244933528940794,0.1717593457825232,-2.3768181931737407,-0.02314547708576,0.5188549956056944,-0.571934593955575,0.1201970601601191,-0.6224752737358081,-0.9274745739175644,-0.4408825970749195
20.0,252.0,1000.9228515625,0.8244933528940794,0.1717593457825232,-2.3768181913912985,-0.0231454770857481,0.518855071084819,-0.571934593955575,0.1201970601601191,-0.6224752305254626,-0.9274745739175644,-0.4408825976836819
20.0,252.0,1000.9228515625,0.8244933528940739,0.1717593457825232,-2.3768181931737407,-0.0231454770857601,0.5188549390173107,-0.571934593955575,0.1201970601601191,-0.6224745491760093,-0.9274745739175644,-0.440882595271642
20.0,252.0,1000.9228515625,0.8244933528940794,0.1717593457825232,-2.3768181931737407,-0.0231454770857481,0.5188550631229458,-0.571934593955575,0.1201970601601191,-0.6224752305254626,-0.9274745739175644,-0.4408825936849929
20.0,252.0,1000.9228515625,0.8244933528940794,0.1717593457825232,-2.376818192963925,-0.0231454770811601,0.518855071084819,-0.571934593955575,0.1201970601601191,-0.6224752733749308,-0.9274745739175644,-0.4408825936849929
20.0,252.0,1000.9228515625,0.8244933528940794,0.1717593457825232,-2.3768181931737407,-0.0231454770857481,0.518855071084819,-0.571934593955575,0.1201970601601191,-0.6224753292271257,-0.9274745739175644,-0.4408825936849929
20.0,252.0,1000.9228515625,0.8244933528940794,0.1717593457825232,-2.3768181931737407,-0.023145477085272,0.5188550686486088,-0.571934593955575,0.1201970601601191,-0.6224752311841399,-0.9274745739175644,-0.4408825970749195
20.0,252.0,1000.9228515625,0.8244933528940794,0.1717593457825232,-2.3768181931737407,-0.023145477085622,0.5188550651022683,-0.571934593955575,0.1201970601601191,-0.6224745911503293,-0.9274745739175644,-0.4408825936849929
20.0,252.0,1000.9228515625,0.8244933528940769,0.1717593457825232,-2.3768181931737407,-0.0231454770857547,0.5188548722225405,-0.571934593955575,0.1201970601601191,-0.6224752898194671,-0.9274745739175644,-0.4408825952819633
20.0,252.0,1000.9228515625,0.8244933528941869,0.1717593457825232,-2.3768181931737407,-0.0231454770845309,0.5188549390173107,-0.571934593955575,0.1201970601601191,-0.6224745491760093,-0.9274745739175644,-0.440882595271642
20.0,252.0,1000.9228515625,0.8244933528940794,0.1717593457825232,-2.3768181931737407,-0.0231454770857391,0.518855071084819,-0.571934593955575,0.1201970601601191,-0.6224753292271257,-0.9274745739175644,-0.440882595319649
20.0,252.0,1000.9228515625,0.8244933528940794,0.1717593457825232,-2.3768181930330443,-0.0231454770857481,0.518855071084819,-0.571934593955575,0.1201970601601191,-0.6224752733749308,-0.9274745739175644,-0.4408825936849929
20.0,252.0,1000.9228515625,0.8244933528940794,0.1717593457825232,-2.376818193061033,-0.0231454770857481,0.518855071084819,-0.571934593955575,0.1201970601601191,-0.6224754177054583,-0.9274745739175644,-0.4408825976836819
20.0,252.0,1000.9228515625,0.8244933528940739,0.1717593457825232,-2.3768181931737407,-0.0231454770857601,0.5188549390173107,-0.571934593955575,0.1201970601601191,-0.6224755737725376,-0.9274745739175644,-0.440882595271642
20.0,252.0,1000.9228515625,0.8244933528940794,0.1717593457825232,-2.3768181913912985,-0.0231454770968646,0.518855071084819,-0.571934593955575,0.1201970601601191,-0.6224752305254626,-0.9274745739175644,-0.4408825976836819
20.0,252.0,1000.9228515625,0.8244933528940739,0.1717593457825232,-2.3768181931737407,-0.0231454770855136,0.5188549783730564,-0.571934593955575,0.1201970601601191,-0.6224752103099741,-0.9274745739175644,-0.4408825952712734
20.0,252.0,1000.9228515625,0.8244933528940794,0.1717593457825232,-2.3768181931737407,-0.0231454770857481,0.518855071084819,-0.571934593955575,0.1201970601601191,-0.6224752305254626,-0.9274745739175644,-0.4408825936849929
20.0,252.0,1000.9228515625,0.8244933528940739,0.1717593457825232,-2.3768181931737407,-0.023145477085748,0.5188549783730564,-0.571934593955575,0.1201970601601191,-0.6224752063261246,-0.9274745739175644,-0.4408822358767253
20.0,252.0,1000.9228515625,0.8244933528940794,0.1717593457825232,-2.3768181931737407,-0.0231454773767155,0.5188550651022683,-0.571934593955575,0.1201970601601191,-0.6224745267222752,-0.9274745739175644,-0.4408825936849929
20.0,252.0,1000.9228515625,0.8244933528940794,0.1717593457825232,-2.3768181931737407,-0.02314547708576,0.5188549956056944,-0.571934593955575,0.1201970601601191,-0.6224752737358081,-0.9274745739175644,-0.4408825970749195
20.0,252.0,1000.9228515625,0.8244933528940739,0.1717593457825232,-2.3768181931737407,-0.0231454770857475,0.5188549390173107,-0.571934593955575,0.1201970601601191,-0.6224755795723167,-0.9274745739175644,-0.440882595271642
20.0,252.0,1000.9228515625,0.8244933528940794,0.1717593457825232,-2.3768181931737407,-0.0231454770857481,0.518855071084819,-0.571934593955575,0.1201970601601191,-0.6224752305254626,-0.9274745739175644,-0.4408825936849929
20.0,252.0,1000.9228515625,0.8244933528940794,0.1717593457825232,-2.3768181931737407,-0.0231454770857481,0.518855071084819,-0.571934593955575,0.1201970601601191,-0.6224752270133052,-0.9274745739175644,-0.4408825936849929
20.0,252.0,1000.9228515625,0.8244933528940794,0.1717593457825232,-2.3768181931737407,-0.0231454770857481,0.518855071084819,-0.571934593955575,0.1201970601601191,-0.6224752200468672,-0.9274745739175644,-0.4408825936849929
20.0,252.0,1000.9228515625,0.8244933528940794,0.1717593457825232,-2.3768181931737407,-0.0231454770857481,0.518855071084819,-0.571934593955575,0.1201970601601191,-0.6224752305254626,-0.9274745739175644,-0.4408825936849929
20.0,252.0,1000.9228515625,0.8244933528940794,0.1717593457825232,-2.3768181930330443,-0.0231454770857481,0.518855071084819,-0.571934593955575,0.1201970601601191,-0.6224752733749308,-0.9274745739175644,-0.4408825936849929
20.0,252.0,1000.9228515625,0.8244933528940794,0.1717593457825232,-2.37681819136488,-0.0231454774645114,0.5188550719914452,-0.571934593955575,0.1201970601601191,-0.6224750096081734,-0.9274745739175644,-0.4408825970711926
20.0,252.0,1000.9228515625,0.8244933528940794,0.1717593457825232,-2.3768181931737407,-0.0231454770857481,0.518855071084819,-0.571934593955575,0.1201970601601191,-0.6224752305254626,-0.9274745739175644,-0.4408825936849929
20.0,252.0,1000.9228515625,0.8244933528940794,0.1717593457825232,-2.3768181914227986,-0.0231454770857484,0.518855071084819,-0.571934593955575,0.1201970601601191,-0.6224755558012645,-0.9274745739175644,-0.4408825976836819
20.0,252.0,1000.9228515625,0.8244933528940794,0.1717593457825232,-2.3768181931737407,-0.0231454770857481,0.518855071084819,-0.571934593955575,0.1201970601601191,-0.6224752305254626,-0.9274745739175644,-0.4408825936849929
20.0,252.0,1000.9228515625,0.8244933528940739,0.1717593457825232,-2.3768181931737407,-0.0231454770855136,0.5188549783730564,-0.571934593955575,0.1201970601601191,-0.6224752103099741,-0.9274745739175644,-0.4408825952712734
20.0,252.0,1000.9228515625,0.8244933528940794,0.1717593457825232,-2.3768181930330443,-0.0231454770857481,0.518855071084819,-0.571934593955575,0.1201970601601191,-0.6224752733749308,-0.9274745739175644,-0.4408825936849929
20.0,252.0,1000.9228515625,0.8244933528940794,0.1717593457825232,-2.3768181931737407,-0.023145477085622,0.5188550651022683,-0.571934593955575,0.1201970601601191,-0.6224746016289248,-0.9274745739175644,-0.4408825936849929
20.0,252.0,1000.9228515625,0.8244933528940794,0.1717593457825232,-2.3768181931737407,-0.0231454770857481,0.518855071084819,-0.571934593955575,0.1201970601601191,-0.6224752305254626,-0.9274745739175644,-0.4408825936849929
20.0,252.0,1000.9228515625,0.8244933528941865,0.1717593457825232,-2.3768181931737407,-0.0231454770845309,0.5188549390173107,-0.571934593955575,0.1201970601601191,-0.6224745491760093,-0.9274745739175644,-0.440882595271642
20.0,252.0,1000.9228515625,0.8244933528940794,0.1717593457825232,-2.3768181941580337,-0.0231454774603887,0.518855071084819,-0.571934593955575,0.1201970601601191,-0.6224752305254626,-0.9274745739175644,-0.4408825936849929
20.0,252.0,1000.9228515625,0.8244933528940794,0.1717593457825232,-2.376818193162853,-0.023145477085272,0.5188551757530165,-0.571934593955575,0.1201970601601191,-0.6224752311841399,-0.9274745739175644,-0.4408825977336218
20.0,252.0,1000.9228515625,0.8244933528940739,0.1717593457825232,-2.376818193142241,-0.0231454770857598,0.5188549390173107,-0.571934593955575,0.1201970601601191,-0.6224752484967357,-0.9274745739175644,-0.440882595271642
20.0,253.0,1000.9228515625,0.8244933528940794,0.1717593457825232,-2.3768181931737407,-0.0231454770857481,0.518855071084819,-0.571934593955575,0.1201970601601191,-0.6224752305254626,-0.9274745739175644,-0.4408825936849929
20.0,253.0,1000.9228515625,0.8244933528940794,0.1717593457825232,-2.3768181941580337,-0.0231454774603887,0.518855071084819,-0.571934593955575,0.1201970601601191,-0.6224752305254626,-0.9274745739175644,-0.4408825936849929
20.0,253.0,1000.9228515625,0.8244933528940794,0.1717593457825232,-2.3768181930330443,-0.0231454770857481,0.518855071084819,-0.571934593955575,0.1201970601601191,-0.6224752733749308,-0.9274745739175644,-0.4408825936849929
20.0,253.0,1000.9228515625,0.8244933528940739,0.1717593457825232,-2.3768181931737407,-0.0231454770857601,0.5188549783730564,-0.571934593955575,0.1201970601601191,-0.6224752053231137,-0.9274745739175644,-0.440882595271642
20.0,253.0,1000.9228515625,0.8244933528940794,0.1717593457825232,-2.376818191353992,-0.0231454774599909,0.5188550210242336,-0.571934593955575,0.1201970601601191,-0.6224750096081734,-0.9274745739175644,-0.4408825939440672
20.0,253.0,1000.9228515625,0.8244933528940794,0.1717593457825232,-2.3768181931737407,-0.0231454770857481,0.518855071084819,-0.571934593955575,0.1201970601601191,-0.6224752305254626,-0.9274745739175644,-0.4408825936849929
20.0,253.0,1000.9228515625,0.8244933528940794,0.1717593457825232,-2.3768181931737407,-0.0231454770857481,0.518855071084819,-0.571934593955575,0.1201970601601191,-0.6224752305254626,-0.9274745739175644,-0.4408825936849929
20.0,253.0,1000.9228515625,0.8244933528940794,0.1717593457825232,-2.3768181931737407,-0.0231454770857481,0.518855071084819,-0.571934593955575,0.1201970601601191,-0.6224752305254626,-0.9274745739175644,-0.4408825936849929
20.0,253.0,1000.9228515625,0.8244933528940794,0.1717593457825232,-2.3768181931737407,-0.0231454770967385,0.5188550651022683,-0.571934593955575,0.1201970601601191,-0.6224745911503293,-0.9274745739175644,-0.4408825936849929
20.0,253.0,1000.9228515625,0.8244933528940794,0.1717593457825232,-2.376818191353992,-0.0231454774645114,0.518855179095853,-0.571934593955575,0.1201970601601191,-0.6224750096081734,-0.9274745739175644,-0.4408825977298948
20.0,253.0,1000.9228515625,0.8244933528940794,0.1717593457825232,-2.3768181931737407,-0.0231454770949002,0.518855071084819,-0.571934593955575,0.1201970601601191,-0.6224752305254626,-0.9274745739175644,-0.4408825936849929
20.0,253.0,1000.9228515625,0.8244933528940769,0.1717593457825232,-2.3768181931737407,-0.0231454770855083,0.5188548722225405,-0.571934593955575,0.1201970601601191,-0.6224752948063276,-0.9274745739175644,-0.4408825952815947
20.0,253.0,1000.9228515625,0.8244933528940794,0.1717593457825232,-2.3768181931737407,-0.02314547708576,0.5188549956056944,-0.571934593955575,0.1201970601601191,-0.6224752737358081,-0.9274745739175644,-0.4408825970749195
20.0,253.0,1000.9228515625,0.8244933528940794,0.1717593457825232,-2.3768181913912985,-0.0231454770857481,0.518855071084819,-0.571934593955575,0.1201970601601191,-0.6224752305254626,-0.9274745739175644,-0.4408825976836819
20.0,253.0,1000.9228515625,0.8244933528940739,0.1717593457825232,-2.3768181931737407,-0.0231454770857601,0.5188549390173107,-0.571934593955575,0.1201970601601191,-0.6224745491760093,-0.9274745739175644,-0.440882595271642
20.0,253.0,1000.9228515625,0.8244933528940794,0.1717593457825232,-2.3768181931737407,-0.0231454770857481,0.5188550631229458,-0.571934593955575,0.1201970601601191,-0.6224752305254626,-0.9274745739175644,-0.4408825936849929
20.0,253.0,1000.9228515625,0.8244933528940794,0.1717593457825232,-2.376818192963925,-0.0231454770811601,0.518855071084819,-0.571934593955575,0.1201970601601191,-0.6224752733749308,-0.9274745739175644,-0.4408825936849929
20.0,253.0,1000.9228515625,0.8244933528940794,0.1717593457825232,-2.3768181931737407,-0.0231454770857481,0.518855071084819,-0.571934593955575,0.1201970601601191,-0.6224753292271257,-0.9274745739175644,-0.4408825936849929
20.0,253.0,1000.9228515625,0.8244933528940794,0.1717593457825232,-2.3768181931737407,-0.023145477085272,0.5188550686486088,-0.571934593955575,0.1201970601601191,-0.6224752311841399,-0.9274745739175644,-0.4408825970749195
20.0,253.0,1000.9228515625,0.8244933528940794,0.1717593457825232,-2.3768181931737407,-0.023145477085622,0.5188550651022683,-0.571934593955575,0.1201970601601191,-0.6224745911503293,-0.9274745739175644,-0.4408825936849929
20.0,253.0,1000.9228515625,0.8244933528940769,0.1717593457825232,-2.3768181931737407,-0.0231454770857547,0.5188548722225405,-0.571934593955575,0.1201970601601191,-0.6224752898194671,-0.9274745739175644,-0.4408825952819633
20.0,253.0,1000.9228515625,0.8244933528941869,0.1717593457825232,-2.3768181931737407,-0.0231454770845309,0.5188549390173107,-0.571934593955575,0.1201970601601191,-0.6224745491760093,-0.9274745739175644,-0.440882595271642
20.0,253.0,1000.9228515625,0.8244933528940794,0.1717593457825232,-2.3768181931737407,-0.0231454770857391,0.518855071084819,-0.571934593955575,0.1201970601601191,-0.6224753292271257,-0.9274745739175644,-0.440882595319649
20.0,253.0,1000.9228515625,0.8244933528940794,0.1717593457825232,-2.3768181930330443,-0.0231454770857481,0.518855071084819,-0.571934593955575,0.1201970601601191,-0.6224752733749308,-0.9274745739175644,-0.4408825936849929
20.0,253.0,1000.9228515625,0.8244933528940794,0.1717593457825232,-2.376818193061033,-0.0231454770857481,0.518855071084819,-0.571934593955575,0.1201970601601191,-0.6224754177054583,-0.9274745739175644,-0.4408825976836819
20.0,253.0,1000.9228515625,0.8244933528940739,0.1717593457825232,-2.3768181931737407,-0.0231454770857601,0.5188549390173107,-0.571934593955575,0.1201970601601191,-0.6224755737725376,-0.9274745739175644,-0.440882595271642
20.0,253.0,1000.9228515625,0.8244933528940794,0.1717593457825232,-2.3768181913912985,-0.0231454770968646,0.518855071084819,-0.571934593955575,0.1201970601601191,-0.6224752305254626,-0.9274745739175644,-0.4408825976836819
20.0,253.0,1000.9228515625,0.8244933528940739,0.1717593457825232,-2.3768181931737407,-0.0231454770855136,0.5188549783730564,-0.571934593955575,0.1201970601601191,-0.6224752103099741,-0.9274745739175644,-0.4408825952712734
20.0,253.0,1000.9228515625,0.8244933528940794,0.1717593457825232,-2.3768181931737407,-0.0231454770857481,0.518855071084819,-0.571934593955575,0.1201970601601191,-0.6224752305254626,-0.9274745739175644,-0.4408825936849929
20.0,253.0,1000.9228515625,0.8244933528940739,0.1717593457825232,-2.3768181931737407,-0.023145477085748,0.5188549783730564,-0.571934593955575,0.1201970601601191,-0.6224752063261246,-0.9274745739175644,-0.4408822358767253
20.0,253.0,1000.9228515625,0.8244933528940794,0.1717593457825232,-2.3768181931737407,-0.0231454773767155,0.5188550651022683,-0.571934593955575,0.1201970601601191,-0.6224745267222752,-0.9274745739175644,-0.4408825936849929
20.0,253.0,1000.9228515625,0.8244933528940794,0.1717593457825232,-2.3768181931737407,-0.02314547708576,0.5188549956056944,-0.571934593955575,0.1201970601601191,-0.6224752737358081,-0.9274745739175644,-0.4408825970749195
20.0,253.0,1000.9228515625,0.8244933528940739,0.1717593457825232,-2.3768181931737407,-0.0231454770857475,0.5188549390173107,-0.571934593955575,0.1201970601601191,-0.6224755795723167,-0.9274745739175644,-0.440882595271642
20.0,253.0,1000.9228515625,0.8244933528940794,0.1717593457825232,-2.3768181931737407,-0.0231454770857481,0.518855071084819,-0.571934593955575,0.1201970601601191,-0.6224752305254626,-0.9274745739175644,-0.4408825936849929
20.0,253.0,1000.9228515625,0.8244933528940794,0.1717593457825232,-2.3768181931737407,-0.0231454770857481,0.518855071084819,-0.571934593955575,0.1201970601601191,-0.6224752270133052,-0.9274745739175644,-0.4408825936849929
20.0,253.0,1000.9228515625,0.8244933528940794,0.1717593457825232,-2.3768181931737407,-0.0231454770857481,0.518855071084819,-0.571934593955575,0.1201970601601191,-0.6224752200468672,-0.9274745739175644,-0.4408825936849929
20.0,253.0,1000.9228515625,0.8244933528940794,0.1717593457825232,-2.3768181931737407,-0.0231454770857481,0.518855071084819,-0.571934593955575,0.1201970601601191,-0.6224752305254626,-0.9274745739175644,-0.4408825936849929
20.0,253.0,1000.9228515625,0.8244933528940794,0.1717593457825232,-2.3768181930330443,-0.0231454770857481,0.518855071084819,-0.571934593955575,0.1201970601601191,-0.6224752733749308,-0.9274745739175644,-0.4408825936849929
20.0,253.0,1000.9228515625,0.8244933528940794,0.1717593457825232,-2.37681819136488,-0.0231454774645114,0.5188550719914452,-0.571934593955575,0.1201970601601191,-0.6224750096081734,-0.9274745739175644,-0.4408825970711926
20.0,253.0,1000.9228515625,0.8244933528940794,0.1717593457825232,-2.3768181931737407,-0.0231454770857481,0.518855071084819,-0.571934593955575,0.1201970601601191,-0.6224752305254626,-0.9274745739175644,-0.4408825936849929
20.0,253.0,1000.9228515625,0.8244933528940794,0.1717593457825232,-2.3768181914227986,-0.0231454770857484,0.518855071084819,-0.571934593955575,0.1201970601601191,-0.6224755558012645,-0.9274745739175644,-0.4408825976836819
20.0,253.0,1000.9228515625,0.8244933528940794,0.1717593457825232,-2.3768181931737407,-0.0231454770857481,0.518855071084819,-0.571934593955575,0.1201970601601191,-0.6224752305254626,-0.9274745739175644,-0.4408825936849929
20.0,253.0,1000.9228515625,0.8244933528940739,0.1717593457825232,-2.3768181931737407,-0.0231454770855136,0.5188549783730564,-0.571934593955575,0.1201970601601191,-0.6224752103099741,-0.9274745739175644,-0.4408825952712734
20.0,253.0,1000.9228515625,0.8244933528940794,0.1717593457825232,-2.3768181930330443,-0.0231454770857481,0.518855071084819,-0.571934593955575,0.1201970601601191,-0.6224752733749308,-0.9274745739175644,-0.4408825936849929
20.0,253.0,1000.9228515625,0.8244933528940794,0.1717593457825232,-2.3768181931737407,-0.023145477085622,0.5188550651022683,-0.571934593955575,0.1201970601601191,-0.6224746016289248,-0.9274745739175644,-0.4408825936849929
20.0,253.0,1000.9228515625,0.8244933528940794,0.1717593457825232,-2.3768181931737407,-0.0231454770857481,0.518855071084819,-0.571934593955575,0.1201970601601191,-0.6224752305254626,-0.9274745739175644,-0.4408825936849929
20.0,253.0,1000.9228515625,0.8244933528941865,0.1717593457825232,-2.3768181931737407,-0.0231454770845309,0.5188549390173107,-0.571934593955575,0.1201970601601191,-0.6224745491760093,-0.9274745739175644,-0.440882595271642
20.0,253.0,1000.9228515625,0.8244933528940794,0.1717593457825232,-2.3768181941580337,-0.0231454774603887,0.518855071084819,-0.571934593955575,0.1201970601601191,-0.6224752305254626,-0.9274745739175644,-0.4408825936849929
20.0,253.0,1000.9228515625,0.8244933528940794,0.1717593457825232,-2.376818193162853,-0.023145477085272,0.5188551757530165,-0.571934593955575,0.1201970601601191,-0.6224752311841399,-0.9274745739175644,-0.4408825977336218
20.0,253.0,1000.9228515625,0.8244933528940739,0.1717593457825232,-2.376818193142241,-0.0231454770857598,0.5188549390173107,-0.571934593955575,0.1201970601601191,-0.6224752484967357,-0.9274745739175644,-0.440882595271642
20.0,254.0,1000.9228515625,0.8244933528940794,0.1717593457825232,-2.3768181931737407,-0.0231454770857481,0.518855071084819,-0.571934593955575,0.1201970601601191,-0.6224752305254626,-0.9274745739175644,-0.4408825936849929
20.0,254.0,1000.9228515625,0.8244933528940794,0.1717593457825232,-2.3768181941580337,-0.0231454774603887,0.518855071084819,-0.571934593955575,0.1201970601601191,-0.6224752305254626,-0.9274745739175644,-0.4408825936849929
20.0,254.0,1000.9228515625,0.8244933528940794,0.1717593457825232,-2.3768181930330443,-0.0231454770857481,0.518855071084819,-0.571934593955575,0.1201970601601191,-0.6224752733749308,-0.9274745739175644,-0.4408825936849929
20.0,254.0,1000.9228515625,0.8244933528940739,0.1717593457825232,-2.3768181931737407,-0.0231454770857601,0.5188549783730564,-0.571934593955575,0.1201970601601191,-0.6224752053231137,-0.9274745739175644,-0.440882595271642
20.0,254.0,1000.9228515625,0.8244933528940794,0.1717593457825232,-2.376818191353992,-0.0231454774599909,0.5188550210242336,-0.571934593955575,0.1201970601601191,-0.6224750096081734,-0.9274745739175644,-0.4408825939440672
20.0,254.0,1000.9228515625,0.8244933528940794,0.1717593457825232,-2.3768181931737407,-0.0231454770857481,0.518855071084819,-0.571934593955575,0.1201970601601191,-0.6224752305254626,-0.9274745739175644,-0.4408825936849929
20.0,254.0,1000.9228515625,0.8244933528940794,0.1717593457825232,-2.3768181931737407,-0.0231454770857481,0.518855071084819,-0.571934593955575,0.1201970601601191,-0.6224752305254626,-0.9274745739175644,-0.4408825936849929
20.0,254.0,1000.9228515625,0.8244933528940794,0.1717593457825232,-2.3768181931737407,-0.0231454770857481,0.518855071084819,-0.571934593955575,0.1201970601601191,-0.6224752305254626,-0.9274745739175644,-0.4408825936849929
20.0,254.0,1000.9228515625,0.8244933528940794,0.1717593457825232,-2.3768181931737407,-0.0231454770967385,0.5188550651022683,-0.571934593955575,0.1201970601601191,-0.6224745911503293,-0.9274745739175644,-0.4408825936849929
20.0,254.0,1000.9228515625,0.8244933528940794,0.1717593457825232,-2.376818191353992,-0.0231454774645114,0.518855179095853,-0.571934593955575,0.1201970601601191,-0.6224750096081734,-0.9274745739175644,-0.4408825977298948
20.0,254.0,1000.9228515625,0.8244933528940794,0.1717593457825232,-2.3768181931737407,-0.0231454770949002,0.518855071084819,-0.571934593955575,0.1201970601601191,-0.6224752305254626,-0.9274745739175644,-0.4408825936849929
20.0,254.0,1000.9228515625,0.8244933528940769,0.1717593457825232,-2.3768181931737407,-0.0231454770855083,0.5188548722225405,-0.571934593955575,0.1201970601601191,-0.6224752948063276,-0.9274745739175644,-0.4408825952815947
20.0,254.0,1000.9228515625,0.8244933528940794,0.1717593457825232,-2.3768181931737407,-0.02314547708576,0.5188549956056944,-0.571934593955575,0.1201970601601191,-0.6224752737358081,-0.9274745739175644,-0.4408825970749195
20.0,254.0,1000.9228515625,0.8244933528940794,0.1717593457825232,-2.3768181913912985,-0.0231454770857481,0.518855071084819,-0.571934593955575,0.1201970601601191,-0.6224752305254626,-0.9274745739175644,-0.4408825976836819
20.0,254.0,1000.9228515625,0.8244933528940739,0.1717593457825232,-2.3768181931737407,-0.0231454770857601,0.5188549390173107,-0.571934593955575,0.1201970601601191,-0.6224745491760093,-0.9274745739175644,-0.440882595271642
20.0,254.0,1000.9228515625,0.8244933528940794,0.1717593457825232,-2.3768181931737407,-0.0231454770857481,0.5188550631229458,-0.571934593955575,0.1201970601601191,-0.6224752305254626,-0.9274745739175644,-0.4408825936849929
20.0,254.0,1000.9228515625,0.8244933528940794,0.1717593457825232,-2.376818192963925,-0.0231454770811601,0.518855071084819,-0.571934593955575,0.1201970601601191,-0.6224752733749308,-0.9274745739175644,-0.4408825936849929
20.0,254.0,1000.9228515625,0.8244933528940794,0.1717593457825232,-2.3768181931737407,-0.0231454770857481,0.518855071084819,-0.571934593955575,0.1201970601601191,-0.6224753292271257,-0.9274745739175644,-0.4408825936849929
20.0,254.0,1000.9228515625,0.8244933528940794,0.1717593457825232,-2.3768181931737407,-0.023145477085272,0.5188550686486088,-0.571934593955575,0.1201970601601191,-0.6224752311841399,-0.9274745739175644,-0.4408825970749195
20.0,254.0,1000.9228515625,0.8244933528940794,0.1717593457825232,-2.3768181931737407,-0.023145477085622,0.5188550651022683,-0.571934593955575,0.1201970601601191,-0.6224745911503293,-0.9274745739175644,-0.4408825936849929
20.0,254.0,1000.9228515625,0.8244933528940769,0.1717593457825232,-2.3768181931737407,-0.0231454770857547,0.5188548722225405,-0.571934593955575,0.1201970601601191,-0.6224752898194671,-0.9274745739175644,-0.4408825952819633
20.0,254.0,1000.9228515625,0.8244933528941869,0.1717593457825232,-2.3768181931737407,-0.0231454770845309,0.5188549390173107,-0.571934593955575,0.1201970601601191,-0.6224745491760093,-0.9274745739175644,-0.440882595271642
20.0,254.0,1000.9228515625,0.8244933528940794,0.1717593457825232,-2.3768181931737407,-0.0231454770857391,0.518855071084819,-0.571934593955575,0.1201970601601191,-0.6224753292271257,-0.9274745739175644,-0.440882595319649
20.0,254.0,1000.9228515625,0.8244933528940794,0.1717593457825232,-2.3768181930330443,-0.0231454770857481,0.518855071084819,-0.571934593955575,0.1201970601601191,-0.6224752733749308,-0.9274745739175644,-0.4408825936849929
20.0,254.0,1000.9228515625,0.8244933528940794,0.1717593457825232,-2.376818193061033,-0.0231454770857481,0.518855071084819,-0.571934593955575,0.1201970601601191,-0.6224754177054583,-0.9274745739175644,-0.4408825976836819
20.0,254.0,1000.9228515625,0.8244933528940739,0.1717593457825232,-2.3768181931737407,-0.0231454770857601,0.5188549390173107,-0.571934593955575,0.1201970601601191,-0.6224755737725376,-0.9274745739175644,-0.440882595271642
20.0,254.0,1000.9228515625,0.8244933528940794,0.1717593457825232,-2.3768181913912985,-0.0231454770968646,0.518855071084819,-0.571934593955575,0.1201970601601191,-0.6224752305254626,-0.9274745739175644,-0.4408825976836819
20.0,254.0,1000.9228515625,0.8244933528940739,0.1717593457825232,-2.3768181931737407,-0.0231454770855136,0.5188549783730564,-0.571934593955575,0.1201970601601191,-0.6224752103099741,-0.9274745739175644,-0.4408825952712734
20.0,254.0,1000.9228515625,0.8244933528940794,0.1717593457825232,-2.3768181931737407,-0.0231454770857481,0.518855071084819,-0.571934593955575,0.1201970601601191,-0.6224752305254626,-0.9274745739175644,-0.4408825936849929
20.0,254.0,1000.9228515625,0.8244933528940739,0.1717593457825232,-2.3768181931737407,-0.023145477085748,0.5188549783730564,-0.571934593955575,0.1201970601601191,-0.6224752063261246,-0.9274745739175644,-0.4408822358767253
20.0,254.0,1000.9228515625,0.8244933528940794,0.1717593457825232,-2.3768181931737407,-0.0231454773767155,0.5188550651022683,-0.571934593955575,0.1201970601601191,-0.6224745267222752,-0.9274745739175644,-0.4408825936849929
20.0,254.0,1000.9228515625,0.8244933528940794,0.1717593457825232,-2.3768181931737407,-0.02314547708576,0.5188549956056944,-0.571934593955575,0.1201970601601191,-0.6224752737358081,-0.9274745739175644,-0.4408825970749195
20.0,254.0,1000.9228515625,0.8244933528940739,0.1717593457825232,-2.3768181931737407,-0.0231454770857475,0.5188549390173107,-0.571934593955575,0.1201970601601191,-0.6224755795723167,-0.9274745739175644,-0.440882595271642
20.0,254.0,1000.9228515625,0.8244933528940794,0.1717593457825232,-2.3768181931737407,-0.0231454770857481,0.518855071084819,-0.571934593955575,0.1201970601601191,-0.6224752305254626,-0.9274745739175644,-0.4408825936849929
20.0,254.0,1000.9228515625,0.8244933528940794,0.1717593457825232,-2.3768181931737407,-0.0231454770857481,0.518855071084819,-0.571934593955575,0.1201970601601191,-0.6224752270133052,-0.9274745739175644,-0.4408825936849929
20.0,254.0,1000.9228515625,0.8244933528940794,0.1717593457825232,-2.3768181931737407,-0.0231454770857481,0.518855071084819,-0.571934593955575,0.1201970601601191,-0.6224752200468672,-0.9274745739175644,-0.4408825936849929
20.0,254.0,1000.9228515625,0.8244933528940794,0.1717593457825232,-2.3768181931737407,-0.0231454770857481,0.518855071084819,-0.571934593955575,0.1201970601601191,-0.6224752305254626,-0.9274745739175644,-0.4408825936849929
20.0,254.0,1000.9228515625,0.8244933528940794,0.1717593457825232,-2.3768181930330443,-0.0231454770857481,0.518855071084819,-0.571934593955575,0.1201970601601191,-0.6224752733749308,-0.9274745739175644,-0.4408825936849929
20.0,254.0,1000.9228515625,0.8244933528940794,0.1717593457825232,-2.37681819136488,-0.0231454774645114,0.5188550719914452,-0.571934593955575,0.1201970601601191,-0.6224750096081734,-0.9274745739175644,-0.4408825970711926
20.0,254.0,1000.9228515625,0.8244933528940794,0.1717593457825232,-2.3768181931737407,-0.0231454770857481,0.518855071084819,-0.571934593955575,0.1201970601601191,-0.6224752305254626,-0.9274745739175644,-0.4408825936849929
20.0,254.0,1000.9228515625,0.8244933528940794,0.1717593457825232,-2.3768181914227986,-0.0231454770857484,0.518855071084819,-0.571934593955575,0.1201970601601191,-0.6224755558012645,-0.9274745739175644,-0.4408825976836819
20.0,254.0,1000.9228515625,0.8244933528940794,0.1717593457825232,-2.3768181931737407,-0.0231454770857481,0.518855071084819,-0.571934593955575,0.1201970601601191,-0.6224752305254626,-0.9274745739175644,-0.4408825936849929
20.0,254.0,1000.9228515625,0.8244933528940739,0.1717593457825232,-2.3768181931737407,-0.0231454770855136,0.5188549783730564,-0.571934593955575,0.1201970601601191,-0.6224752103099741,-0.9274745739175644,-0.4408825952712734
20.0,254.0,1000.9228515625,0.8244933528940794,0.1717593457825232,-2.3768181930330443,-0.0231454770857481,0.518855071084819,-0.571934593955575,0.1201970601601191,-0.6224752733749308,-0.9274745739175644,-0.4408825936849929
20.0,254.0,1000.9228515625,0.8244933528940794,0.1717593457825232,-2.3768181931737407,-0.023145477085622,0.5188550651022683,-0.571934593955575,0.1201970601601191,-0.6224746016289248,-0.9274745739175644,-0.4408825936849929
20.0,254.0,1000.9228515625,0.8244933528940794,0.1717593457825232,-2.3768181931737407,-0.0231454770857481,0.518855071084819,-0.571934593955575,0.1201970601601191,-0.6224752305254626,-0.9274745739175644,-0.4408825936849929
20.0,254.0,1000.9228515625,0.8244933528941865,0.1717593457825232,-2.3768181931737407,-0.0231454770845309,0.5188549390173107,-0.571934593955575,0.1201970601601191,-0.6224745491760093,-0.9274745739175644,-0.440882595271642
20.0,254.0,1000.9228515625,0.8244933528940794,0.1717593457825232,-2.3768181941580337,-0.0231454774603887,0.518855071084819,-0.571934593955575,0.1201970601601191,-0.6224752305254626,-0.9274745739175644,-0.4408825936849929
20.0,254.0,1000.9228515625,0.8244933528940794,0.1717593457825232,-2.376818193162853,-0.023145477085272,0.5188551757530165,-0.571934593955575,0.1201970601601191,-0.6224752311841399,-0.9274745739175644,-0.4408825977336218
20.0,254.0,1000.9228515625,0.8244933528940739,0.1717593457825232,-2.376818193142241,-0.0231454770857598,0.5188549390173107,-0.571934593955575,0.1201970601601191,-0.6224752484967357,-0.9274745739175644,-0.440882595271642
20.0,255.0,1000.9228515625,0.8244933528940794,0.1717593457825232,-2.3768181931737407,-0.0231454770857481,0.518855071084819,-0.571934593955575,0.1201970601601191,-0.6224752305254626,-0.9274745739175644,-0.4408825936849929
20.0,255.0,1000.9228515625,0.8244933528940794,0.1717593457825232,-2.3768181941580337,-0.0231454774603887,0.518855071084819,-0.571934593955575,0.1201970601601191,-0.6224752305254626,-0.9274745739175644,-0.4408825936849929
20.0,255.0,1000.9228515625,0.8244933528940794,0.1717593457825232,-2.3768181930330443,-0.0231454770857481,0.518855071084819,-0.571934593955575,0.1201970601601191,-0.6224752733749308,-0.9274745739175644,-0.4408825936849929
20.0,255.0,1000.9228515625,0.8244933528940739,0.1717593457825232,-2.3768181931737407,-0.0231454770857601,0.5188549783730564,-0.571934593955575,0.1201970601601191,-0.6224752053231137,-0.9274745739175644,-0.440882595271642
20.0,255.0,1000.9228515625,0.8244933528940794,0.1717593457825232,-2.376818191353992,-0.0231454774599909,0.5188550210242336,-0.571934593955575,0.1201970601601191,-0.6224750096081734,-0.9274745739175644,-0.4408825939440672
20.0,255.0,1000.9228515625,0.8244933528940794,0.1717593457825232,-2.3768181931737407,-0.0231454770857481,0.518855071084819,-0.571934593955575,0.1201970601601191,-0.6224752305254626,-0.9274745739175644,-0.4408825936849929
20.0,255.0,1000.9228515625,0.8244933528940794,0.1717593457825232,-2.3768181931737407,-0.0231454770857481,0.518855071084819,-0.571934593955575,0.1201970601601191,-0.6224752305254626,-0.9274745739175644,-0.4408825936849929
20.0,255.0,1000.9228515625,0.8244933528940794,0.1717593457825232,-2.3768181931737407,-0.0231454770857481,0.518855071084819,-0.571934593955575,0.1201970601601191,-0.6224752305254626,-0.9274745739175644,-0.4408825936849929
20.0,255.0,1000.9228515625,0.8244933528940794,0.1717593457825232,-2.3768181931737407,-0.0231454770967385,0.5188550651022683,-0.571934593955575,0.1201970601601191,-0.6224745911503293,-0.9274745739175644,-0.4408825936849929
20.0,255.0,1000.9228515625,0.8244933528940794,0.1717593457825232,-2.376818191353992,-0.0231454774645114,0.518855179095853,-0.571934593955575,0.1201970601601191,-0.6224750096081734,-0.9274745739175644,-0.4408825977298948
20.0,255.0,1000.9228515625,0.8244933528940794,0.1717593457825232,-2.3768181931737407,-0.0231454770949002,0.518855071084819,-0.571934593955575,0.1201970601601191,-0.6224752305254626,-0.9274745739175644,-0.4408825936849929
20.0,255.0,1000.9228515625,0.8244933528940769,0.1717593457825232,-2.3768181931737407,-0.0231454770855083,0.5188548722225405,-0.571934593955575,0.1201970601601191,-0.6224752948063276,-0.9274745739175644,-0.4408825952815947
20.0,255.0,1000.9228515625,0.8244933528940794,0.1717593457825232,-2.3768181931737407,-0.02314547708576,0.5188549956056944,-0.571934593955575,0.1201970601601191,-0.6224752737358081,-0.9274745739175644,-0.4408825970749195
20.0,255.0,1000.9228515625,0.8244933528940794,0.1717593457825232,-2.3768181913912985,-0.0231454770857481,0.518855071084819,-0.571934593955575,0.1201970601601191,-0.6224752305254626,-0.9274745739175644,-0.4408825976836819
20.0,255.0,1000.9228515625,0.8244933528940739,0.1717593457825232,-2.3768181931737407,-0.0231454770857601,0.5188549390173107,-0.571934593955575,0.1201970601601191,-0.6224745491760093,-0.9274745739175644,-0.440882595271642
20.0,255.0,1000.9228515625,0.8244933528940794,0.1717593457825232,-2.3768181931737407,-0.0231454770857481,0.5188550631229458,-0.571934593955575,0.1201970601601191,-0.6224752305254626,-0.9274745739175644,-0.4408825936849929
20.0,255.0,1000.9228515625,0.8244933528940794,0.1717593457825232,-2.376818192963925,-0.0231454770811601,0.518855071084819,-0.571934593955575,0.1201970601601191,-0.6224752733749308,-0.9274745739175644,-0.4408825936849929
20.0,255.0,1000.9228515625,0.8244933528940794,0.1717593457825232,-2.3768181931737407,-0.0231454770857481,0.518855071084819,-0.571934593955575,0.1201970601601191,-0.6224753292271257,-0.9274745739175644,-0.4408825936849929
20.0,255.0,1000.9228515625,0.8244933528940794,0.1717593457825232,-2.3768181931737407,-0.023145477085272,0.5188550686486088,-0.571934593955575,0.1201970601601191,-0.6224752311841399,-0.9274745739175644,-0.4408825970749195
20.0,255.0,1000.9228515625,0.8244933528940794,0.1717593457825232,-2.3768181931737407,-0.023145477085622,0.5188550651022683,-0.571934593955575,0.1201970601601191,-0.6224745911503293,-0.9274745739175644,-0.4408825936849929
20.0,255.0,1000.9228515625,0.8244933528940769,0.1717593457825232,-2.3768181931737407,-0.0231454770857547,0.5188548722225405,-0.571934593955575,0.1201970601601191,-0.6224752898194671,-0.9274745739175644,-0.4408825952819633
20.0,255.0,1000.9228515625,0.8244933528941869,0.1717593457825232,-2.3768181931737407,-0.0231454770845309,0.5188549390173107,-0.571934593955575,0.1201970601601191,-0.6224745491760093,-0.9274745739175644,-0.440882595271642
20.0,255.0,1000.9228515625,0.8244933528940794,0.1717593457825232,-2.3768181931737407,-0.0231454770857391,0.518855071084819,-0.571934593955575,0.1201970601601191,-0.6224753292271257,-0.9274745739175644,-0.440882595319649
20.0,255.0,1000.9228515625,0.8244933528940794,0.1717593457825232,-2.3768181930330443,-0.0231454770857481,0.518855071084819,-0.571934593955575,0.1201970601601191,-0.6224752733749308,-0.9274745739175644,-0.4408825936849929
20.0,255.0,1000.9228515625,0.8244933528940794,0.1717593457825232,-2.376818193061033,-0.0231454770857481,0.518855071084819,-0.571934593955575,0.1201970601601191,-0.6224754177054583,-0.9274745739175644,-0.4408825976836819
20.0,255.0,1000.9228515625,0.8244933528940739,0.1717593457825232,-2.3768181931737407,-0.0231454770857601,0.5188549390173107,-0.571934593955575,0.1201970601601191,-0.6224755737725376,-0.9274745739175644,-0.440882595271642
20.0,255.0,1000.9228515625,0.8244933528940794,0.1717593457825232,-2.3768181913912985,-0.0231454770968646,0.518855071084819,-0.571934593955575,0.1201970601601191,-0.6224752305254626,-0.9274745739175644,-0.4408825976836819
20.0,255.0,1000.9228515625,0.8244933528940739,0.1717593457825232,-2.3768181931737407,-0.0231454770855136,0.5188549783730564,-0.571934593955575,0.1201970601601191,-0.6224752103099741,-0.9274745739175644,-0.4408825952712734
20.0,255.0,1000.9228515625,0.8244933528940794,0.1717593457825232,-2.3768181931737407,-0.0231454770857481,0.518855071084819,-0.571934593955575,0.1201970601601191,-0.6224752305254626,-0.9274745739175644,-0.4408825936849929
20.0,255.0,1000.9228515625,0.8244933528940739,0.1717593457825232,-2.3768181931737407,-0.023145477085748,0.5188549783730564,-0.571934593955575,0.1201970601601191,-0.6224752063261246,-0.9274745739175644,-0.4408822358767253
20.0,255.0,1000.9228515625,0.8244933528940794,0.1717593457825232,-2.3768181931737407,-0.0231454773767155,0.5188550651022683,-0.571934593955575,0.1201970601601191,-0.6224745267222752,-0.9274745739175644,-0.4408825936849929
20.0,255.0,1000.9228515625,0.8244933528940794,0.1717593457825232,-2.3768181931737407,-0.02314547708576,0.5188549956056944,-0.571934593955575,0.1201970601601191,-0.6224752737358081,-0.9274745739175644,-0.4408825970749195
20.0,255.0,1000.9228515625,0.8244933528940739,0.1717593457825232,-2.3768181931737407,-0.0231454770857475,0.5188549390173107,-0.571934593955575,0.1201970601601191,-0.6224755795723167,-0.9274745739175644,-0.440882595271642
20.0,255.0,1000.9228515625,0.8244933528940794,0.1717593457825232,-2.3768181931737407,-0.0231454770857481,0.518855071084819,-0.571934593955575,0.1201970601601191,-0.6224752305254626,-0.9274745739175644,-0.4408825936849929
20.0,255.0,1000.9228515625,0.8244933528940794,0.1717593457825232,-2.3768181931737407,-0.0231454770857481,0.518855071084819,-0.571934593955575,0.1201970601601191,-0.6224752270133052,-0.9274745739175644,-0.4408825936849929
20.0,255.0,1000.9228515625,0.8244933528940794,0.1717593457825232,-2.3768181931737407,-0.0231454770857481,0.518855071084819,-0.571934593955575,0.1201970601601191,-0.6224752200468672,-0.9274745739175644,-0.4408825936849929
20.0,255.0,1000.9228515625,0.8244933528940794,0.1717593457825232,-2.3768181931737407,-0.0231454770857481,0.518855071084819,-0.571934593955575,0.1201970601601191,-0.6224752305254626,-0.9274745739175644,-0.4408825936849929
20.0,255.0,1000.9228515625,0.8244933528940794,0.1717593457825232,-2.3768181930330443,-0.0231454770857481,0.518855071084819,-0.571934593955575,0.1201970601601191,-0.6224752733749308,-0.9274745739175644,-0.4408825936849929
20.0,255.0,1000.9228515625,0.8244933528940794,0.1717593457825232,-2.37681819136488,-0.0231454774645114,0.5188550719914452,-0.571934593955575,0.1201970601601191,-0.6224750096081734,-0.9274745739175644,-0.4408825970711926
20.0,255.0,1000.9228515625,0.8244933528940794,0.1717593457825232,-2.3768181931737407,-0.0231454770857481,0.518855071084819,-0.571934593955575,0.1201970601601191,-0.6224752305254626,-0.9274745739175644,-0.4408825936849929
20.0,255.0,1000.9228515625,0.8244933528940794,0.1717593457825232,-2.3768181914227986,-0.0231454770857484,0.518855071084819,-0.571934593955575,0.1201970601601191,-0.6224755558012645,-0.9274745739175644,-0.4408825976836819
20.0,255.0,1000.9228515625,0.8244933528940794,0.1717593457825232,-2.3768181931737407,-0.0231454770857481,0.518855071084819,-0.571934593955575,0.1201970601601191,-0.6224752305254626,-0.9274745739175644,-0.4408825936849929
20.0,255.0,1000.9228515625,0.8244933528940739,0.1717593457825232,-2.3768181931737407,-0.0231454770855136,0.5188549783730564,-0.571934593955575,0.1201970601601191,-0.6224752103099741,-0.9274745739175644,-0.4408825952712734
20.0,255.0,1000.9228515625,0.8244933528940794,0.1717593457825232,-2.3768181930330443,-0.0231454770857481,0.518855071084819,-0.571934593955575,0.1201970601601191,-0.6224752733749308,-0.9274745739175644,-0.4408825936849929
20.0,255.0,1000.9228515625,0.8244933528940794,0.1717593457825232,-2.3768181931737407,-0.023145477085622,0.5188550651022683,-0.571934593955575,0.1201970601601191,-0.6224746016289248,-0.9274745739175644,-0.4408825936849929
20.0,255.0,1000.9228515625,0.8244933528940794,0.1717593457825232,-2.3768181931737407,-0.0231454770857481,0.518855071084819,-0.571934593955575,0.1201970601601191,-0.6224752305254626,-0.9274745739175644,-0.4408825936849929
20.0,255.0,1000.9228515625,0.8244933528941865,0.1717593457825232,-2.3768181931737407,-0.0231454770845309,0.5188549390173107,-0.571934593955575,0.1201970601601191,-0.6224745491760093,-0.9274745739175644,-0.440882595271642
20.0,255.0,1000.9228515625,0.8244933528940794,0.1717593457825232,-2.3768181941580337,-0.0231454774603887,0.518855071084819,-0.571934593955575,0.1201970601601191,-0.6224752305254626,-0.9274745739175644,-0.4408825936849929
20.0,255.0,1000.9228515625,0.8244933528940794,0.1717593457825232,-2.376818193162853,-0.023145477085272,0.5188551757530165,-0.571934593955575,0.1201970601601191,-0.6224752311841399,-0.9274745739175644,-0.4408825977336218
20.0,255.0,1000.9228515625,0.8244933528940739,0.1717593457825232,-2.376818193142241,-0.0231454770857598,0.5188549390173107,-0.571934593955575,0.1201970601601191,-0.6224752484967357,-0.9274745739175644,-0.440882595271642
20.0,256.0,1000.9228515625,0.8244933528940794,0.1717593457825232,-2.3768181931737407,-0.0231454770857481,0.518855071084819,-0.571934593955575,0.1201970601601191,-0.6224752305254626,-0.9274745739175644,-0.4408825936849929
20.0,256.0,1000.9228515625,0.8244933528940794,0.1717593457825232,-2.3768181941580337,-0.0231454774603887,0.518855071084819,-0.571934593955575,0.1201970601601191,-0.6224752305254626,-0.9274745739175644,-0.4408825936849929
20.0,256.0,1000.9228515625,0.8244933528940794,0.1717593457825232,-2.3768181930330443,-0.0231454770857481,0.518855071084819,-0.571934593955575,0.1201970601601191,-0.6224752733749308,-0.9274745739175644,-0.4408825936849929
20.0,256.0,1000.9228515625,0.8244933528940739,0.1717593457825232,-2.3768181931737407,-0.0231454770857601,0.5188549783730564,-0.571934593955575,0.1201970601601191,-0.6224752053231137,-0.9274745739175644,-0.440882595271642
20.0,256.0,1000.9228515625,0.8244933528940794,0.1717593457825232,-2.376818191353992,-0.0231454774599909,0.5188550210242336,-0.571934593955575,0.1201970601601191,-0.6224750096081734,-0.9274745739175644,-0.4408825939440672
20.0,256.0,1000.9228515625,0.8244933528940794,0.1717593457825232,-2.3768181931737407,-0.0231454770857481,0.518855071084819,-0.571934593955575,0.1201970601601191,-0.6224752305254626,-0.9274745739175644,-0.4408825936849929
20.0,256.0,1000.9228515625,0.8244933528940794,0.1717593457825232,-2.3768181931737407,-0.0231454770857481,0.518855071084819,-0.571934593955575,0.1201970601601191,-0.6224752305254626,-0.9274745739175644,-0.4408825936849929
20.0,256.0,1000.9228515625,0.8244933528940794,0.1717593457825232,-2.3768181931737407,-0.0231454770857481,0.518855071084819,-0.571934593955575,0.1201970601601191,-0.6224752305254626,-0.9274745739175644,-0.4408825936849929
20.0,256.0,1000.9228515625,0.8244933528940794,0.1717593457825232,-2.3768181931737407,-0.0231454770967385,0.5188550651022683,-0.571934593955575,0.1201970601601191,-0.6224745911503293,-0.9274745739175644,-0.4408825936849929
20.0,256.0,1000.9228515625,0.8244933528940794,0.1717593457825232,-2.376818191353992,-0.0231454774645114,0.518855179095853,-0.571934593955575,0.1201970601601191,-0.6224750096081734,-0.9274745739175644,-0.4408825977298948
20.0,256.0,1000.9228515625,0.8244933528940794,0.1717593457825232,-2.3768181931737407,-0.0231454770949002,0.518855071084819,-0.571934593955575,0.1201970601601191,-0.6224752305254626,-0.9274745739175644,-0.4408825936849929
20.0,256.0,1000.9228515625,0.8244933528940769,0.1717593457825232,-2.3768181931737407,-0.0231454770855083,0.5188548722225405,-0.571934593955575,0.1201970601601191,-0.6224752948063276,-0.9274745739175644,-0.4408825952815947
20.0,256.0,1000.9228515625,0.8244933528940794,0.1717593457825232,-2.3768181931737407,-0.02314547708576,0.5188549956056944,-0.571934593955575,0.1201970601601191,-0.6224752737358081,-0.9274745739175644,-0.4408825970749195
20.0,256.0,1000.9228515625,0.8244933528940794,0.1717593457825232,-2.3768181913912985,-0.0231454770857481,0.518855071084819,-0.571934593955575,0.1201970601601191,-0.6224752305254626,-0.9274745739175644,-0.4408825976836819
20.0,256.0,1000.9228515625,0.8244933528940739,0.1717593457825232,-2.3768181931737407,-0.0231454770857601,0.5188549390173107,-0.571934593955575,0.1201970601601191,-0.6224745491760093,-0.9274745739175644,-0.440882595271642
20.0,256.0,1000.9228515625,0.8244933528940794,0.1717593457825232,-2.3768181931737407,-0.0231454770857481,0.5188550631229458,-0.571934593955575,0.1201970601601191,-0.6224752305254626,-0.9274745739175644,-0.4408825936849929
20.0,256.0,1000.9228515625,0.8244933528940794,0.1717593457825232,-2.376818192963925,-0.0231454770811601,0.518855071084819,-0.571934593955575,0.1201970601601191,-0.6224752733749308,-0.9274745739175644,-0.4408825936849929
20.0,256.0,1000.9228515625,0.8244933528940794,0.1717593457825232,-2.3768181931737407,-0.0231454770857481,0.518855071084819,-0.571934593955575,0.1201970601601191,-0.6224753292271257,-0.9274745739175644,-0.4408825936849929
20.0,256.0,1000.9228515625,0.8244933528940794,0.1717593457825232,-2.3768181931737407,-0.023145477085272,0.5188550686486088,-0.571934593955575,0.1201970601601191,-0.6224752311841399,-0.9274745739175644,-0.4408825970749195
20.0,256.0,1000.9228515625,0.8244933528940794,0.1717593457825232,-2.3768181931737407,-0.023145477085622,0.5188550651022683,-0.571934593955575,0.1201970601601191,-0.6224745911503293,-0.9274745739175644,-0.4408825936849929
20.0,256.0,1000.9228515625,0.8244933528940769,0.1717593457825232,-2.3768181931737407,-0.0231454770857547,0.5188548722225405,-0.571934593955575,0.1201970601601191,-0.6224752898194671,-0.9274745739175644,-0.4408825952819633
20.0,256.0,1000.9228515625,0.8244933528941869,0.1717593457825232,-2.3768181931737407,-0.0231454770845309,0.5188549390173107,-0.571934593955575,0.1201970601601191,-0.6224745491760093,-0.9274745739175644,-0.440882595271642
20.0,256.0,1000.9228515625,0.8244933528940794,0.1717593457825232,-2.3768181931737407,-0.0231454770857391,0.518855071084819,-0.571934593955575,0.1201970601601191,-0.6224753292271257,-0.9274745739175644,-0.440882595319649
20.0,256.0,1000.9228515625,0.8244933528940794,0.1717593457825232,-2.3768181930330443,-0.0231454770857481,0.518855071084819,-0.571934593955575,0.1201970601601191,-0.6224752733749308,-0.9274745739175644,-0.4408825936849929
20.0,256.0,1000.9228515625,0.8244933528940794,0.1717593457825232,-2.376818193061033,-0.0231454770857481,0.518855071084819,-0.571934593955575,0.1201970601601191,-0.6224754177054583,-0.9274745739175644,-0.4408825976836819
20.0,256.0,1000.9228515625,0.8244933528940739,0.1717593457825232,-2.3768181931737407,-0.0231454770857601,0.5188549390173107,-0.571934593955575,0.1201970601601191,-0.6224755737725376,-0.9274745739175644,-0.440882595271642
20.0,256.0,1000.9228515625,0.8244933528940794,0.1717593457825232,-2.3768181913912985,-0.0231454770968646,0.518855071084819,-0.571934593955575,0.1201970601601191,-0.6224752305254626,-0.9274745739175644,-0.4408825976836819
20.0,256.0,1000.9228515625,0.8244933528940739,0.1717593457825232,-2.3768181931737407,-0.0231454770855136,0.5188549783730564,-0.571934593955575,0.1201970601601191,-0.6224752103099741,-0.9274745739175644,-0.4408825952712734
20.0,256.0,1000.9228515625,0.8244933528940794,0.1717593457825232,-2.3768181931737407,-0.0231454770857481,0.518855071084819,-0.571934593955575,0.1201970601601191,-0.6224752305254626,-0.9274745739175644,-0.4408825936849929
20.0,256.0,1000.9228515625,0.8244933528940739,0.1717593457825232,-2.3768181931737407,-0.023145477085748,0.5188549783730564,-0.571934593955575,0.1201970601601191,-0.6224752063261246,-0.9274745739175644,-0.4408822358767253
20.0,256.0,1000.9228515625,0.8244933528940794,0.1717593457825232,-2.3768181931737407,-0.0231454773767155,0.5188550651022683,-0.571934593955575,0.1201970601601191,-0.6224745267222752,-0.9274745739175644,-0.4408825936849929
20.0,256.0,1000.9228515625,0.8244933528940794,0.1717593457825232,-2.3768181931737407,-0.02314547708576,0.5188549956056944,-0.571934593955575,0.1201970601601191,-0.6224752737358081,-0.9274745739175644,-0.4408825970749195
20.0,256.0,1000.9228515625,0.8244933528940739,0.1717593457825232,-2.3768181931737407,-0.0231454770857475,0.5188549390173107,-0.571934593955575,0.1201970601601191,-0.6224755795723167,-0.9274745739175644,-0.440882595271642
20.0,256.0,1000.9228515625,0.8244933528940794,0.1717593457825232,-2.3768181931737407,-0.0231454770857481,0.518855071084819,-0.571934593955575,0.1201970601601191,-0.6224752305254626,-0.9274745739175644,-0.4408825936849929
20.0,256.0,1000.9228515625,0.8244933528940794,0.1717593457825232,-2.3768181931737407,-0.0231454770857481,0.518855071084819,-0.571934593955575,0.1201970601601191,-0.6224752270133052,-0.9274745739175644,-0.4408825936849929
20.0,256.0,1000.9228515625,0.8244933528940794,0.1717593457825232,-2.3768181931737407,-0.0231454770857481,0.518855071084819,-0.571934593955575,0.1201970601601191,-0.6224752200468672,-0.9274745739175644,-0.4408825936849929
20.0,256.0,1000.9228515625,0.8244933528940794,0.1717593457825232,-2.3768181931737407,-0.0231454770857481,0.518855071084819,-0.571934593955575,0.1201970601601191,-0.6224752305254626,-0.9274745739175644,-0.4408825936849929
20.0,256.0,1000.9228515625,0.8244933528940794,0.1717593457825232,-2.3768181930330443,-0.0231454770857481,0.518855071084819,-0.571934593955575,0.1201970601601191,-0.6224752733749308,-0.9274745739175644,-0.4408825936849929
20.0,256.0,1000.9228515625,0.8244933528940794,0.1717593457825232,-2.37681819136488,-0.0231454774645114,0.5188550719914452,-0.571934593955575,0.1201970601601191,-0.6224750096081734,-0.9274745739175644,-0.4408825970711926
20.0,256.0,1000.9228515625,0.8244933528940794,0.1717593457825232,-2.3768181931737407,-0.0231454770857481,0.518855071084819,-0.571934593955575,0.1201970601601191,-0.6224752305254626,-0.9274745739175644,-0.4408825936849929
20.0,256.0,1000.9228515625,0.8244933528940794,0.1717593457825232,-2.3768181914227986,-0.0231454770857484,0.518855071084819,-0.571934593955575,0.1201970601601191,-0.6224755558012645,-0.9274745739175644,-0.4408825976836819
20.0,256.0,1000.9228515625,0.8244933528940794,0.1717593457825232,-2.3768181931737407,-0.0231454770857481,0.518855071084819,-0.571934593955575,0.1201970601601191,-0.6224752305254626,-0.9274745739175644,-0.4408825936849929
20.0,256.0,1000.9228515625,0.8244933528940739,0.1717593457825232,-2.3768181931737407,-0.0231454770855136,0.5188549783730564,-0.571934593955575,0.1201970601601191,-0.6224752103099741,-0.9274745739175644,-0.4408825952712734
20.0,256.0,1000.9228515625,0.8244933528940794,0.1717593457825232,-2.3768181930330443,-0.0231454770857481,0.518855071084819,-0.571934593955575,0.1201970601601191,-0.6224752733749308,-0.9274745739175644,-0.4408825936849929
20.0,256.0,1000.9228515625,0.8244933528940794,0.1717593457825232,-2.3768181931737407,-0.023145477085622,0.5188550651022683,-0.571934593955575,0.1201970601601191,-0.6224746016289248,-0.9274745739175644,-0.4408825936849929
20.0,256.0,1000.9228515625,0.8244933528940794,0.1717593457825232,-2.3768181931737407,-0.0231454770857481,0.518855071084819,-0.571934593955575,0.1201970601601191,-0.6224752305254626,-0.9274745739175644,-0.4408825936849929
20.0,256.0,1000.9228515625,0.8244933528941865,0.1717593457825232,-2.3768181931737407,-0.0231454770845309,0.5188549390173107,-0.571934593955575,0.1201970601601191,-0.6224745491760093,-0.9274745739175644,-0.440882595271642
20.0,256.0,1000.9228515625,0.8244933528940794,0.1717593457825232,-2.3768181941580337,-0.0231454774603887,0.518855071084819,-0.571934593955575,0.1201970601601191,-0.6224752305254626,-0.9274745739175644,-0.4408825936849929
20.0,256.0,1000.9228515625,0.8244933528940794,0.1717593457825232,-2.376818193162853,-0.023145477085272,0.5188551757530165,-0.571934593955575,0.1201970601601191,-0.6224752311841399,-0.9274745739175644,-0.4408825977336218
20.0,256.0,1000.9228515625,0.8244933528940739,0.1717593457825232,-2.376818193142241,-0.0231454770857598,0.5188549390173107,-0.571934593955575,0.1201970601601191,-0.6224752484967357,-0.9274745739175644,-0.440882595271642
20.0,257.0,1000.9228515625,0.8244933528940794,0.1717593457825232,-2.3768181931737407,-0.0231454770857481,0.518855071084819,-0.571934593955575,0.1201970601601191,-0.6224752305254626,-0.9274745739175644,-0.4408825936849929
20.0,257.0,1000.9228515625,0.8244933528940794,0.1717593457825232,-2.3768181941580337,-0.0231454774603887,0.518855071084819,-0.571934593955575,0.1201970601601191,-0.6224752305254626,-0.9274745739175644,-0.4408825936849929
20.0,257.0,1000.9228515625,0.8244933528940794,0.1717593457825232,-2.3768181930330443,-0.0231454770857481,0.518855071084819,-0.571934593955575,0.1201970601601191,-0.6224752733749308,-0.9274745739175644,-0.4408825936849929
20.0,257.0,1000.9228515625,0.8244933528940739,0.1717593457825232,-2.3768181931737407,-0.0231454770857601,0.5188549783730564,-0.571934593955575,0.1201970601601191,-0.6224752053231137,-0.9274745739175644,-0.440882595271642
20.0,257.0,1000.9228515625,0.8244933528940794,0.1717593457825232,-2.376818191353992,-0.0231454774599909,0.5188550210242336,-0.571934593955575,0.1201970601601191,-0.6224750096081734,-0.9274745739175644,-0.4408825939440672
20.0,257.0,1000.9228515625,0.8244933528940794,0.1717593457825232,-2.3768181931737407,-0.0231454770857481,0.518855071084819,-0.571934593955575,0.1201970601601191,-0.6224752305254626,-0.9274745739175644,-0.4408825936849929
20.0,257.0,1000.9228515625,0.8244933528940794,0.1717593457825232,-2.3768181931737407,-0.0231454770857481,0.518855071084819,-0.571934593955575,0.1201970601601191,-0.6224752305254626,-0.9274745739175644,-0.4408825936849929
20.0,257.0,1000.9228515625,0.8244933528940794,0.1717593457825232,-2.3768181931737407,-0.0231454770857481,0.518855071084819,-0.571934593955575,0.1201970601601191,-0.6224752305254626,-0.9274745739175644,-0.4408825936849929
20.0,257.0,1000.9228515625,0.8244933528940794,0.1717593457825232,-2.3768181931737407,-0.0231454770967385,0.5188550651022683,-0.571934593955575,0.1201970601601191,-0.6224745911503293,-0.9274745739175644,-0.4408825936849929
20.0,257.0,1000.9228515625,0.8244933528940794,0.1717593457825232,-2.376818191353992,-0.0231454774645114,0.518855179095853,-0.571934593955575,0.1201970601601191,-0.6224750096081734,-0.9274745739175644,-0.4408825977298948
20.0,257.0,1000.9228515625,0.8244933528940794,0.1717593457825232,-2.3768181931737407,-0.0231454770949002,0.518855071084819,-0.571934593955575,0.1201970601601191,-0.6224752305254626,-0.9274745739175644,-0.4408825936849929
20.0,257.0,1000.9228515625,0.8244933528940769,0.1717593457825232,-2.3768181931737407,-0.0231454770855083,0.5188548722225405,-0.571934593955575,0.1201970601601191,-0.6224752948063276,-0.9274745739175644,-0.4408825952815947
20.0,257.0,1000.9228515625,0.8244933528940794,0.1717593457825232,-2.3768181931737407,-0.02314547708576,0.5188549956056944,-0.571934593955575,0.1201970601601191,-0.6224752737358081,-0.9274745739175644,-0.4408825970749195
20.0,257.0,1000.9228515625,0.8244933528940794,0.1717593457825232,-2.3768181913912985,-0.0231454770857481,0.518855071084819,-0.571934593955575,0.1201970601601191,-0.6224752305254626,-0.9274745739175644,-0.4408825976836819
20.0,257.0,1000.9228515625,0.8244933528940739,0.1717593457825232,-2.3768181931737407,-0.0231454770857601,0.5188549390173107,-0.571934593955575,0.1201970601601191,-0.6224745491760093,-0.9274745739175644,-0.440882595271642
20.0,257.0,1000.9228515625,0.8244933528940794,0.1717593457825232,-2.3768181931737407,-0.0231454770857481,0.5188550631229458,-0.571934593955575,0.1201970601601191,-0.6224752305254626,-0.9274745739175644,-0.4408825936849929
20.0,257.0,1000.9228515625,0.8244933528940794,0.1717593457825232,-2.376818192963925,-0.0231454770811601,0.518855071084819,-0.571934593955575,0.1201970601601191,-0.6224752733749308,-0.9274745739175644,-0.4408825936849929
20.0,257.0,1000.9228515625,0.8244933528940794,0.1717593457825232,-2.3768181931737407,-0.0231454770857481,0.518855071084819,-0.571934593955575,0.1201970601601191,-0.6224753292271257,-0.9274745739175644,-0.4408825936849929
20.0,257.0,1000.9228515625,0.8244933528940794,0.1717593457825232,-2.3768181931737407,-0.023145477085272,0.5188550686486088,-0.571934593955575,0.1201970601601191,-0.6224752311841399,-0.9274745739175644,-0.4408825970749195
20.0,257.0,1000.9228515625,0.8244933528940794,0.1717593457825232,-2.3768181931737407,-0.023145477085622,0.5188550651022683,-0.571934593955575,0.1201970601601191,-0.6224745911503293,-0.9274745739175644,-0.4408825936849929
20.0,257.0,1000.9228515625,0.8244933528940769,0.1717593457825232,-2.3768181931737407,-0.0231454770857547,0.5188548722225405,-0.571934593955575,0.1201970601601191,-0.6224752898194671,-0.9274745739175644,-0.4408825952819633
20.0,257.0,1000.9228515625,0.8244933528941869,0.1717593457825232,-2.3768181931737407,-0.0231454770845309,0.5188549390173107,-0.571934593955575,0.1201970601601191,-0.6224745491760093,-0.9274745739175644,-0.440882595271642
20.0,257.0,1000.9228515625,0.8244933528940794,0.1717593457825232,-2.3768181931737407,-0.0231454770857391,0.518855071084819,-0.571934593955575,0.1201970601601191,-0.6224753292271257,-0.9274745739175644,-0.440882595319649
20.0,257.0,1000.9228515625,0.8244933528940794,0.1717593457825232,-2.3768181930330443,-0.0231454770857481,0.518855071084819,-0.571934593955575,0.1201970601601191,-0.6224752733749308,-0.9274745739175644,-0.4408825936849929
20.0,257.0,1000.9228515625,0.8244933528940794,0.1717593457825232,-2.376818193061033,-0.0231454770857481,0.518855071084819,-0.571934593955575,0.1201970601601191,-0.6224754177054583,-0.9274745739175644,-0.4408825976836819
20.0,257.0,1000.9228515625,0.8244933528940739,0.1717593457825232,-2.3768181931737407,-0.0231454770857601,0.5188549390173107,-0.571934593955575,0.1201970601601191,-0.6224755737725376,-0.9274745739175644,-0.440882595271642
20.0,257.0,1000.9228515625,0.8244933528940794,0.1717593457825232,-2.3768181913912985,-0.0231454770968646,0.518855071084819,-0.571934593955575,0.1201970601601191,-0.6224752305254626,-0.9274745739175644,-0.4408825976836819
20.0,257.0,1000.9228515625,0.8244933528940739,0.1717593457825232,-2.3768181931737407,-0.0231454770855136,0.5188549783730564,-0.571934593955575,0.1201970601601191,-0.6224752103099741,-0.9274745739175644,-0.4408825952712734
20.0,257.0,1000.9228515625,0.8244933528940794,0.1717593457825232,-2.3768181931737407,-0.0231454770857481,0.518855071084819,-0.571934593955575,0.1201970601601191,-0.6224752305254626,-0.9274745739175644,-0.4408825936849929
20.0,257.0,1000.9228515625,0.8244933528940739,0.1717593457825232,-2.3768181931737407,-0.023145477085748,0.5188549783730564,-0.571934593955575,0.1201970601601191,-0.6224752063261246,-0.9274745739175644,-0.4408822358767253
20.0,257.0,1000.9228515625,0.8244933528940794,0.1717593457825232,-2.3768181931737407,-0.0231454773767155,0.5188550651022683,-0.571934593955575,0.1201970601601191,-0.6224745267222752,-0.9274745739175644,-0.4408825936849929
20.0,257.0,1000.9228515625,0.8244933528940794,0.1717593457825232,-2.3768181931737407,-0.02314547708576,0.5188549956056944,-0.571934593955575,0.1201970601601191,-0.6224752737358081,-0.9274745739175644,-0.4408825970749195
20.0,257.0,1000.9228515625,0.8244933528940739,0.1717593457825232,-2.3768181931737407,-0.0231454770857475,0.5188549390173107,-0.571934593955575,0.1201970601601191,-0.6224755795723167,-0.9274745739175644,-0.440882595271642
20.0,257.0,1000.9228515625,0.8244933528940794,0.1717593457825232,-2.3768181931737407,-0.0231454770857481,0.518855071084819,-0.571934593955575,0.1201970601601191,-0.6224752305254626,-0.9274745739175644,-0.4408825936849929
20.0,257.0,1000.9228515625,0.8244933528940794,0.1717593457825232,-2.3768181931737407,-0.0231454770857481,0.518855071084819,-0.571934593955575,0.1201970601601191,-0.6224752270133052,-0.9274745739175644,-0.4408825936849929
20.0,257.0,1000.9228515625,0.8244933528940794,0.1717593457825232,-2.3768181931737407,-0.0231454770857481,0.518855071084819,-0.571934593955575,0.1201970601601191,-0.6224752200468672,-0.9274745739175644,-0.4408825936849929
20.0,257.0,1000.9228515625,0.8244933528940794,0.1717593457825232,-2.3768181931737407,-0.0231454770857481,0.518855071084819,-0.571934593955575,0.1201970601601191,-0.6224752305254626,-0.9274745739175644,-0.4408825936849929
20.0,257.0,1000.9228515625,0.8244933528940794,0.1717593457825232,-2.3768181930330443,-0.0231454770857481,0.518855071084819,-0.571934593955575,0.1201970601601191,-0.6224752733749308,-0.9274745739175644,-0.4408825936849929
20.0,257.0,1000.9228515625,0.8244933528940794,0.1717593457825232,-2.37681819136488,-0.0231454774645114,0.5188550719914452,-0.571934593955575,0.1201970601601191,-0.6224750096081734,-0.9274745739175644,-0.4408825970711926
20.0,257.0,1000.9228515625,0.8244933528940794,0.1717593457825232,-2.3768181931737407,-0.0231454770857481,0.518855071084819,-0.571934593955575,0.1201970601601191,-0.6224752305254626,-0.9274745739175644,-0.4408825936849929
20.0,257.0,1000.9228515625,0.8244933528940794,0.1717593457825232,-2.3768181914227986,-0.0231454770857484,0.518855071084819,-0.571934593955575,0.1201970601601191,-0.6224755558012645,-0.9274745739175644,-0.4408825976836819
20.0,257.0,1000.9228515625,0.8244933528940794,0.1717593457825232,-2.3768181931737407,-0.0231454770857481,0.518855071084819,-0.571934593955575,0.1201970601601191,-0.6224752305254626,-0.9274745739175644,-0.4408825936849929
20.0,257.0,1000.9228515625,0.8244933528940739,0.1717593457825232,-2.3768181931737407,-0.0231454770855136,0.5188549783730564,-0.571934593955575,0.1201970601601191,-0.6224752103099741,-0.9274745739175644,-0.4408825952712734
20.0,257.0,1000.9228515625,0.8244933528940794,0.1717593457825232,-2.3768181930330443,-0.0231454770857481,0.518855071084819,-0.571934593955575,0.1201970601601191,-0.6224752733749308,-0.9274745739175644,-0.4408825936849929
20.0,257.0,1000.9228515625,0.8244933528940794,0.1717593457825232,-2.3768181931737407,-0.023145477085622,0.5188550651022683,-0.571934593955575,0.1201970601601191,-0.6224746016289248,-0.9274745739175644,-0.4408825936849929
20.0,257.0,1000.9228515625,0.8244933528940794,0.1717593457825232,-2.3768181931737407,-0.0231454770857481,0.518855071084819,-0.571934593955575,0.1201970601601191,-0.6224752305254626,-0.9274745739175644,-0.4408825936849929
20.0,257.0,1000.9228515625,0.8244933528941865,0.1717593457825232,-2.3768181931737407,-0.0231454770845309,0.5188549390173107,-0.571934593955575,0.1201970601601191,-0.6224745491760093,-0.9274745739175644,-0.440882595271642
20.0,257.0,1000.9228515625,0.8244933528940794,0.1717593457825232,-2.3768181941580337,-0.0231454774603887,0.518855071084819,-0.571934593955575,0.1201970601601191,-0.6224752305254626,-0.9274745739175644,-0.4408825936849929
20.0,257.0,1000.9228515625,0.8244933528940794,0.1717593457825232,-2.376818193162853,-0.023145477085272,0.5188551757530165,-0.571934593955575,0.1201970601601191,-0.6224752311841399,-0.9274745739175644,-0.4408825977336218
20.0,257.0,1000.9228515625,0.8244933528940739,0.1717593457825232,-2.376818193142241,-0.0231454770857598,0.5188549390173107,-0.571934593955575,0.1201970601601191,-0.6224752484967357,-0.9274745739175644,-0.440882595271642
20.0,258.0,1000.9228515625,0.8244933528940794,0.1717593457825232,-2.3768181931737407,-0.0231454770857481,0.518855071084819,-0.571934593955575,0.1201970601601191,-0.6224752305254626,-0.9274745739175644,-0.4408825936849929
20.0,258.0,1000.9228515625,0.8244933528940794,0.1717593457825232,-2.3768181941580337,-0.0231454774603887,0.518855071084819,-0.571934593955575,0.1201970601601191,-0.6224752305254626,-0.9274745739175644,-0.4408825936849929
20.0,258.0,1000.9228515625,0.8244933528940794,0.1717593457825232,-2.3768181930330443,-0.0231454770857481,0.518855071084819,-0.571934593955575,0.1201970601601191,-0.6224752733749308,-0.9274745739175644,-0.4408825936849929
20.0,258.0,1000.9228515625,0.8244933528940739,0.1717593457825232,-2.3768181931737407,-0.0231454770857601,0.5188549783730564,-0.571934593955575,0.1201970601601191,-0.6224752053231137,-0.9274745739175644,-0.440882595271642
20.0,258.0,1000.9228515625,0.8244933528940794,0.1717593457825232,-2.376818191353992,-0.0231454774599909,0.5188550210242336,-0.571934593955575,0.1201970601601191,-0.6224750096081734,-0.9274745739175644,-0.4408825939440672
20.0,258.0,1000.9228515625,0.8244933528940794,0.1717593457825232,-2.3768181931737407,-0.0231454770857481,0.518855071084819,-0.571934593955575,0.1201970601601191,-0.6224752305254626,-0.9274745739175644,-0.4408825936849929
20.0,258.0,1000.9228515625,0.8244933528940794,0.1717593457825232,-2.3768181931737407,-0.0231454770857481,0.518855071084819,-0.571934593955575,0.1201970601601191,-0.6224752305254626,-0.9274745739175644,-0.4408825936849929
20.0,258.0,1000.9228515625,0.8244933528940794,0.1717593457825232,-2.3768181931737407,-0.0231454770857481,0.518855071084819,-0.571934593955575,0.1201970601601191,-0.6224752305254626,-0.9274745739175644,-0.4408825936849929
20.0,258.0,1000.9228515625,0.8244933528940794,0.1717593457825232,-2.3768181931737407,-0.0231454770967385,0.5188550651022683,-0.571934593955575,0.1201970601601191,-0.6224745911503293,-0.9274745739175644,-0.4408825936849929
20.0,258.0,1000.9228515625,0.8244933528940794,0.1717593457825232,-2.376818191353992,-0.0231454774645114,0.518855179095853,-0.571934593955575,0.1201970601601191,-0.6224750096081734,-0.9274745739175644,-0.4408825977298948
20.0,258.0,1000.9228515625,0.8244933528940794,0.1717593457825232,-2.3768181931737407,-0.0231454770949002,0.518855071084819,-0.571934593955575,0.1201970601601191,-0.6224752305254626,-0.9274745739175644,-0.4408825936849929
20.0,258.0,1000.9228515625,0.8244933528940769,0.1717593457825232,-2.3768181931737407,-0.0231454770855083,0.5188548722225405,-0.571934593955575,0.1201970601601191,-0.6224752948063276,-0.9274745739175644,-0.4408825952815947
20.0,258.0,1000.9228515625,0.8244933528940794,0.1717593457825232,-2.3768181931737407,-0.02314547708576,0.5188549956056944,-0.571934593955575,0.1201970601601191,-0.6224752737358081,-0.9274745739175644,-0.4408825970749195
20.0,258.0,1000.9228515625,0.8244933528940794,0.1717593457825232,-2.3768181913912985,-0.0231454770857481,0.518855071084819,-0.571934593955575,0.1201970601601191,-0.6224752305254626,-0.9274745739175644,-0.4408825976836819
20.0,258.0,1000.9228515625,0.8244933528940739,0.1717593457825232,-2.3768181931737407,-0.0231454770857601,0.5188549390173107,-0.571934593955575,0.1201970601601191,-0.6224745491760093,-0.9274745739175644,-0.440882595271642
20.0,258.0,1000.9228515625,0.8244933528940794,0.1717593457825232,-2.3768181931737407,-0.0231454770857481,0.5188550631229458,-0.571934593955575,0.1201970601601191,-0.6224752305254626,-0.9274745739175644,-0.4408825936849929
20.0,258.0,1000.9228515625,0.8244933528940794,0.1717593457825232,-2.376818192963925,-0.0231454770811601,0.518855071084819,-0.571934593955575,0.1201970601601191,-0.6224752733749308,-0.9274745739175644,-0.4408825936849929
20.0,258.0,1000.9228515625,0.8244933528940794,0.1717593457825232,-2.3768181931737407,-0.0231454770857481,0.518855071084819,-0.571934593955575,0.1201970601601191,-0.6224753292271257,-0.9274745739175644,-0.4408825936849929
20.0,258.0,1000.9228515625,0.8244933528940794,0.1717593457825232,-2.3768181931737407,-0.023145477085272,0.5188550686486088,-0.571934593955575,0.1201970601601191,-0.6224752311841399,-0.9274745739175644,-0.4408825970749195
20.0,258.0,1000.9228515625,0.8244933528940794,0.1717593457825232,-2.3768181931737407,-0.023145477085622,0.5188550651022683,-0.571934593955575,0.1201970601601191,-0.6224745911503293,-0.9274745739175644,-0.4408825936849929
20.0,258.0,1000.9228515625,0.8244933528940769,0.1717593457825232,-2.3768181931737407,-0.0231454770857547,0.5188548722225405,-0.571934593955575,0.1201970601601191,-0.6224752898194671,-0.9274745739175644,-0.4408825952819633
20.0,258.0,1000.9228515625,0.8244933528941869,0.1717593457825232,-2.3768181931737407,-0.0231454770845309,0.5188549390173107,-0.571934593955575,0.1201970601601191,-0.6224745491760093,-0.9274745739175644,-0.440882595271642
20.0,258.0,1000.9228515625,0.8244933528940794,0.1717593457825232,-2.3768181931737407,-0.0231454770857391,0.518855071084819,-0.571934593955575,0.1201970601601191,-0.6224753292271257,-0.9274745739175644,-0.440882595319649
20.0,258.0,1000.9228515625,0.8244933528940794,0.1717593457825232,-2.3768181930330443,-0.0231454770857481,0.518855071084819,-0.571934593955575,0.1201970601601191,-0.6224752733749308,-0.9274745739175644,-0.4408825936849929
20.0,258.0,1000.9228515625,0.8244933528940794,0.1717593457825232,-2.376818193061033,-0.0231454770857481,0.518855071084819,-0.571934593955575,0.1201970601601191,-0.6224754177054583,-0.9274745739175644,-0.4408825976836819
20.0,258.0,1000.9228515625,0.8244933528940739,0.1717593457825232,-2.3768181931737407,-0.0231454770857601,0.5188549390173107,-0.571934593955575,0.1201970601601191,-0.6224755737725376,-0.9274745739175644,-0.440882595271642
20.0,258.0,1000.9228515625,0.8244933528940794,0.1717593457825232,-2.3768181913912985,-0.0231454770968646,0.518855071084819,-0.571934593955575,0.1201970601601191,-0.6224752305254626,-0.9274745739175644,-0.4408825976836819
20.0,258.0,1000.9228515625,0.8244933528940739,0.1717593457825232,-2.3768181931737407,-0.0231454770855136,0.5188549783730564,-0.571934593955575,0.1201970601601191,-0.6224752103099741,-0.9274745739175644,-0.4408825952712734
20.0,258.0,1000.9228515625,0.8244933528940794,0.1717593457825232,-2.3768181931737407,-0.0231454770857481,0.518855071084819,-0.571934593955575,0.1201970601601191,-0.6224752305254626,-0.9274745739175644,-0.4408825936849929
20.0,258.0,1000.9228515625,0.8244933528940739,0.1717593457825232,-2.3768181931737407,-0.023145477085748,0.5188549783730564,-0.571934593955575,0.1201970601601191,-0.6224752063261246,-0.9274745739175644,-0.4408822358767253
20.0,258.0,1000.9228515625,0.8244933528940794,0.1717593457825232,-2.3768181931737407,-0.0231454773767155,0.5188550651022683,-0.571934593955575,0.1201970601601191,-0.6224745267222752,-0.9274745739175644,-0.4408825936849929
20.0,258.0,1000.9228515625,0.8244933528940794,0.1717593457825232,-2.3768181931737407,-0.02314547708576,0.5188549956056944,-0.571934593955575,0.1201970601601191,-0.6224752737358081,-0.9274745739175644,-0.4408825970749195
20.0,258.0,1000.9228515625,0.8244933528940739,0.1717593457825232,-2.3768181931737407,-0.0231454770857475,0.5188549390173107,-0.571934593955575,0.1201970601601191,-0.6224755795723167,-0.9274745739175644,-0.440882595271642
20.0,258.0,1000.9228515625,0.8244933528940794,0.1717593457825232,-2.3768181931737407,-0.0231454770857481,0.518855071084819,-0.571934593955575,0.1201970601601191,-0.6224752305254626,-0.9274745739175644,-0.4408825936849929
20.0,258.0,1000.9228515625,0.8244933528940794,0.1717593457825232,-2.3768181931737407,-0.0231454770857481,0.518855071084819,-0.571934593955575,0.1201970601601191,-0.6224752270133052,-0.9274745739175644,-0.4408825936849929
20.0,258.0,1000.9228515625,0.8244933528940794,0.1717593457825232,-2.3768181931737407,-0.0231454770857481,0.518855071084819,-0.571934593955575,0.1201970601601191,-0.6224752200468672,-0.9274745739175644,-0.4408825936849929
20.0,258.0,1000.9228515625,0.8244933528940794,0.1717593457825232,-2.3768181931737407,-0.0231454770857481,0.518855071084819,-0.571934593955575,0.1201970601601191,-0.6224752305254626,-0.9274745739175644,-0.4408825936849929
20.0,258.0,1000.9228515625,0.8244933528940794,0.1717593457825232,-2.3768181930330443,-0.0231454770857481,0.518855071084819,-0.571934593955575,0.1201970601601191,-0.6224752733749308,-0.9274745739175644,-0.4408825936849929
20.0,258.0,1000.9228515625,0.8244933528940794,0.1717593457825232,-2.37681819136488,-0.0231454774645114,0.5188550719914452,-0.571934593955575,0.1201970601601191,-0.6224750096081734,-0.9274745739175644,-0.4408825970711926
20.0,258.0,1000.9228515625,0.8244933528940794,0.1717593457825232,-2.3768181931737407,-0.0231454770857481,0.518855071084819,-0.571934593955575,0.1201970601601191,-0.6224752305254626,-0.9274745739175644,-0.4408825936849929
20.0,258.0,1000.9228515625,0.8244933528940794,0.1717593457825232,-2.3768181914227986,-0.0231454770857484,0.518855071084819,-0.571934593955575,0.1201970601601191,-0.6224755558012645,-0.9274745739175644,-0.4408825976836819
20.0,258.0,1000.9228515625,0.8244933528940794,0.1717593457825232,-2.3768181931737407,-0.0231454770857481,0.518855071084819,-0.571934593955575,0.1201970601601191,-0.6224752305254626,-0.9274745739175644,-0.4408825936849929
20.0,258.0,1000.9228515625,0.8244933528940739,0.1717593457825232,-2.3768181931737407,-0.0231454770855136,0.5188549783730564,-0.571934593955575,0.1201970601601191,-0.6224752103099741,-0.9274745739175644,-0.4408825952712734
20.0,258.0,1000.9228515625,0.8244933528940794,0.1717593457825232,-2.3768181930330443,-0.0231454770857481,0.518855071084819,-0.571934593955575,0.1201970601601191,-0.6224752733749308,-0.9274745739175644,-0.4408825936849929
20.0,258.0,1000.9228515625,0.8244933528940794,0.1717593457825232,-2.3768181931737407,-0.023145477085622,0.5188550651022683,-0.571934593955575,0.1201970601601191,-0.6224746016289248,-0.9274745739175644,-0.4408825936849929
20.0,258.0,1000.9228515625,0.8244933528940794,0.1717593457825232,-2.3768181931737407,-0.0231454770857481,0.518855071084819,-0.571934593955575,0.1201970601601191,-0.6224752305254626,-0.9274745739175644,-0.4408825936849929
20.0,258.0,1000.9228515625,0.8244933528941865,0.1717593457825232,-2.3768181931737407,-0.0231454770845309,0.5188549390173107,-0.571934593955575,0.1201970601601191,-0.6224745491760093,-0.9274745739175644,-0.440882595271642
20.0,258.0,1000.9228515625,0.8244933528940794,0.1717593457825232,-2.3768181941580337,-0.0231454774603887,0.518855071084819,-0.571934593955575,0.1201970601601191,-0.6224752305254626,-0.9274745739175644,-0.4408825936849929
20.0,258.0,1000.9228515625,0.8244933528940794,0.1717593457825232,-2.376818193162853,-0.023145477085272,0.5188551757530165,-0.571934593955575,0.1201970601601191,-0.6224752311841399,-0.9274745739175644,-0.4408825977336218
20.0,258.0,1000.9228515625,0.8244933528940739,0.1717593457825232,-2.376818193142241,-0.0231454770857598,0.5188549390173107,-0.571934593955575,0.1201970601601191,-0.6224752484967357,-0.9274745739175644,-0.440882595271642
20.0,259.0,1000.9228515625,0.8244933528940794,0.1717593457825232,-2.3768181931737407,-0.0231454770857481,0.518855071084819,-0.571934593955575,0.1201970601601191,-0.6224752305254626,-0.9274745739175644,-0.4408825936849929
20.0,259.0,1000.9228515625,0.8244933528940794,0.1717593457825232,-2.3768181941580337,-0.0231454774603887,0.518855071084819,-0.571934593955575,0.1201970601601191,-0.6224752305254626,-0.9274745739175644,-0.4408825936849929
20.0,259.0,1000.9228515625,0.8244933528940794,0.1717593457825232,-2.3768181930330443,-0.0231454770857481,0.518855071084819,-0.571934593955575,0.1201970601601191,-0.6224752733749308,-0.9274745739175644,-0.4408825936849929
20.0,259.0,1000.9228515625,0.8244933528940739,0.1717593457825232,-2.3768181931737407,-0.0231454770857601,0.5188549783730564,-0.571934593955575,0.1201970601601191,-0.6224752053231137,-0.9274745739175644,-0.440882595271642
20.0,259.0,1000.9228515625,0.8244933528940794,0.1717593457825232,-2.376818191353992,-0.0231454774599909,0.5188550210242336,-0.571934593955575,0.1201970601601191,-0.6224750096081734,-0.9274745739175644,-0.4408825939440672
20.0,259.0,1000.9228515625,0.8244933528940794,0.1717593457825232,-2.3768181931737407,-0.0231454770857481,0.518855071084819,-0.571934593955575,0.1201970601601191,-0.6224752305254626,-0.9274745739175644,-0.4408825936849929
20.0,259.0,1000.9228515625,0.8244933528940794,0.1717593457825232,-2.3768181931737407,-0.0231454770857481,0.518855071084819,-0.571934593955575,0.1201970601601191,-0.6224752305254626,-0.9274745739175644,-0.4408825936849929
20.0,259.0,1000.9228515625,0.8244933528940794,0.1717593457825232,-2.3768181931737407,-0.0231454770857481,0.518855071084819,-0.571934593955575,0.1201970601601191,-0.6224752305254626,-0.9274745739175644,-0.4408825936849929
20.0,259.0,1000.9228515625,0.8244933528940794,0.1717593457825232,-2.3768181931737407,-0.0231454770967385,0.5188550651022683,-0.571934593955575,0.1201970601601191,-0.6224745911503293,-0.9274745739175644,-0.4408825936849929
20.0,259.0,1000.9228515625,0.8244933528940794,0.1717593457825232,-2.376818191353992,-0.0231454774645114,0.518855179095853,-0.571934593955575,0.1201970601601191,-0.6224750096081734,-0.9274745739175644,-0.4408825977298948
20.0,259.0,1000.9228515625,0.8244933528940794,0.1717593457825232,-2.3768181931737407,-0.0231454770949002,0.518855071084819,-0.571934593955575,0.1201970601601191,-0.6224752305254626,-0.9274745739175644,-0.4408825936849929
20.0,259.0,1000.9228515625,0.8244933528940769,0.1717593457825232,-2.3768181931737407,-0.0231454770855083,0.5188548722225405,-0.571934593955575,0.1201970601601191,-0.6224752948063276,-0.9274745739175644,-0.4408825952815947
20.0,259.0,1000.9228515625,0.8244933528940794,0.1717593457825232,-2.3768181931737407,-0.02314547708576,0.5188549956056944,-0.571934593955575,0.1201970601601191,-0.6224752737358081,-0.9274745739175644,-0.4408825970749195
20.0,259.0,1000.9228515625,0.8244933528940794,0.1717593457825232,-2.3768181913912985,-0.0231454770857481,0.518855071084819,-0.571934593955575,0.1201970601601191,-0.6224752305254626,-0.9274745739175644,-0.4408825976836819
20.0,259.0,1000.9228515625,0.8244933528940739,0.1717593457825232,-2.3768181931737407,-0.0231454770857601,0.5188549390173107,-0.571934593955575,0.1201970601601191,-0.6224745491760093,-0.9274745739175644,-0.440882595271642
20.0,259.0,1000.9228515625,0.8244933528940794,0.1717593457825232,-2.3768181931737407,-0.0231454770857481,0.5188550631229458,-0.571934593955575,0.1201970601601191,-0.6224752305254626,-0.9274745739175644,-0.4408825936849929
20.0,259.0,1000.9228515625,0.8244933528940794,0.1717593457825232,-2.376818192963925,-0.0231454770811601,0.518855071084819,-0.571934593955575,0.1201970601601191,-0.6224752733749308,-0.9274745739175644,-0.4408825936849929
20.0,259.0,1000.9228515625,0.8244933528940794,0.1717593457825232,-2.3768181931737407,-0.0231454770857481,0.518855071084819,-0.571934593955575,0.1201970601601191,-0.6224753292271257,-0.9274745739175644,-0.4408825936849929
20.0,259.0,1000.9228515625,0.8244933528940794,0.1717593457825232,-2.3768181931737407,-0.023145477085272,0.5188550686486088,-0.571934593955575,0.1201970601601191,-0.6224752311841399,-0.9274745739175644,-0.4408825970749195
20.0,259.0,1000.9228515625,0.8244933528940794,0.1717593457825232,-2.3768181931737407,-0.023145477085622,0.5188550651022683,-0.571934593955575,0.1201970601601191,-0.6224745911503293,-0.9274745739175644,-0.4408825936849929
20.0,259.0,1000.9228515625,0.8244933528940769,0.1717593457825232,-2.3768181931737407,-0.0231454770857547,0.5188548722225405,-0.571934593955575,0.1201970601601191,-0.6224752898194671,-0.9274745739175644,-0.4408825952819633
20.0,259.0,1000.9228515625,0.8244933528941869,0.1717593457825232,-2.3768181931737407,-0.0231454770845309,0.5188549390173107,-0.571934593955575,0.1201970601601191,-0.6224745491760093,-0.9274745739175644,-0.440882595271642
20.0,259.0,1000.9228515625,0.8244933528940794,0.1717593457825232,-2.3768181931737407,-0.0231454770857391,0.518855071084819,-0.571934593955575,0.1201970601601191,-0.6224753292271257,-0.9274745739175644,-0.440882595319649
20.0,259.0,1000.9228515625,0.8244933528940794,0.1717593457825232,-2.3768181930330443,-0.0231454770857481,0.518855071084819,-0.571934593955575,0.1201970601601191,-0.6224752733749308,-0.9274745739175644,-0.4408825936849929
20.0,259.0,1000.9228515625,0.8244933528940794,0.1717593457825232,-2.376818193061033,-0.0231454770857481,0.518855071084819,-0.571934593955575,0.1201970601601191,-0.6224754177054583,-0.9274745739175644,-0.4408825976836819
20.0,259.0,1000.9228515625,0.8244933528940739,0.1717593457825232,-2.3768181931737407,-0.0231454770857601,0.5188549390173107,-0.571934593955575,0.1201970601601191,-0.6224755737725376,-0.9274745739175644,-0.440882595271642
20.0,259.0,1000.9228515625,0.8244933528940794,0.1717593457825232,-2.3768181913912985,-0.0231454770968646,0.518855071084819,-0.571934593955575,0.1201970601601191,-0.6224752305254626,-0.9274745739175644,-0.4408825976836819
20.0,259.0,1000.9228515625,0.8244933528940739,0.1717593457825232,-2.3768181931737407,-0.0231454770855136,0.5188549783730564,-0.571934593955575,0.1201970601601191,-0.6224752103099741,-0.9274745739175644,-0.4408825952712734
20.0,259.0,1000.9228515625,0.8244933528940794,0.1717593457825232,-2.3768181931737407,-0.0231454770857481,0.518855071084819,-0.571934593955575,0.1201970601601191,-0.6224752305254626,-0.9274745739175644,-0.4408825936849929
20.0,259.0,1000.9228515625,0.8244933528940739,0.1717593457825232,-2.3768181931737407,-0.023145477085748,0.5188549783730564,-0.571934593955575,0.1201970601601191,-0.6224752063261246,-0.9274745739175644,-0.4408822358767253
20.0,259.0,1000.9228515625,0.8244933528940794,0.1717593457825232,-2.3768181931737407,-0.0231454773767155,0.5188550651022683,-0.571934593955575,0.1201970601601191,-0.6224745267222752,-0.9274745739175644,-0.4408825936849929
20.0,259.0,1000.9228515625,0.8244933528940794,0.1717593457825232,-2.3768181931737407,-0.02314547708576,0.5188549956056944,-0.571934593955575,0.1201970601601191,-0.6224752737358081,-0.9274745739175644,-0.4408825970749195
20.0,259.0,1000.9228515625,0.8244933528940739,0.1717593457825232,-2.3768181931737407,-0.0231454770857475,0.5188549390173107,-0.571934593955575,0.1201970601601191,-0.6224755795723167,-0.9274745739175644,-0.440882595271642
20.0,259.0,1000.9228515625,0.8244933528940794,0.1717593457825232,-2.3768181931737407,-0.0231454770857481,0.518855071084819,-0.571934593955575,0.1201970601601191,-0.6224752305254626,-0.9274745739175644,-0.4408825936849929
20.0,259.0,1000.9228515625,0.8244933528940794,0.1717593457825232,-2.3768181931737407,-0.0231454770857481,0.518855071084819,-0.571934593955575,0.1201970601601191,-0.6224752270133052,-0.9274745739175644,-0.4408825936849929
20.0,259.0,1000.9228515625,0.8244933528940794,0.1717593457825232,-2.3768181931737407,-0.0231454770857481,0.518855071084819,-0.571934593955575,0.1201970601601191,-0.6224752200468672,-0.9274745739175644,-0.4408825936849929
20.0,259.0,1000.9228515625,0.8244933528940794,0.1717593457825232,-2.3768181931737407,-0.0231454770857481,0.518855071084819,-0.571934593955575,0.1201970601601191,-0.6224752305254626,-0.9274745739175644,-0.4408825936849929
20.0,259.0,1000.9228515625,0.8244933528940794,0.1717593457825232,-2.3768181930330443,-0.0231454770857481,0.518855071084819,-0.571934593955575,0.1201970601601191,-0.6224752733749308,-0.9274745739175644,-0.4408825936849929
20.0,259.0,1000.9228515625,0.8244933528940794,0.1717593457825232,-2.37681819136488,-0.0231454774645114,0.5188550719914452,-0.571934593955575,0.1201970601601191,-0.6224750096081734,-0.9274745739175644,-0.4408825970711926
20.0,259.0,1000.9228515625,0.8244933528940794,0.1717593457825232,-2.3768181931737407,-0.0231454770857481,0.518855071084819,-0.571934593955575,0.1201970601601191,-0.6224752305254626,-0.9274745739175644,-0.4408825936849929
20.0,259.0,1000.9228515625,0.8244933528940794,0.1717593457825232,-2.3768181914227986,-0.0231454770857484,0.518855071084819,-0.571934593955575,0.1201970601601191,-0.6224755558012645,-0.9274745739175644,-0.4408825976836819
20.0,259.0,1000.9228515625,0.8244933528940794,0.1717593457825232,-2.3768181931737407,-0.0231454770857481,0.518855071084819,-0.571934593955575,0.1201970601601191,-0.6224752305254626,-0.9274745739175644,-0.4408825936849929
20.0,259.0,1000.9228515625,0.8244933528940739,0.1717593457825232,-2.3768181931737407,-0.0231454770855136,0.5188549783730564,-0.571934593955575,0.1201970601601191,-0.6224752103099741,-0.9274745739175644,-0.4408825952712734
20.0,259.0,1000.9228515625,0.8244933528940794,0.1717593457825232,-2.3768181930330443,-0.0231454770857481,0.518855071084819,-0.571934593955575,0.1201970601601191,-0.6224752733749308,-0.9274745739175644,-0.4408825936849929
20.0,259.0,1000.9228515625,0.8244933528940794,0.1717593457825232,-2.3768181931737407,-0.023145477085622,0.5188550651022683,-0.571934593955575,0.1201970601601191,-0.6224746016289248,-0.9274745739175644,-0.4408825936849929
20.0,259.0,1000.9228515625,0.8244933528940794,0.1717593457825232,-2.3768181931737407,-0.0231454770857481,0.518855071084819,-0.571934593955575,0.1201970601601191,-0.6224752305254626,-0.9274745739175644,-0.4408825936849929
20.0,259.0,1000.9228515625,0.8244933528941865,0.1717593457825232,-2.3768181931737407,-0.0231454770845309,0.5188549390173107,-0.571934593955575,0.1201970601601191,-0.6224745491760093,-0.9274745739175644,-0.440882595271642
20.0,259.0,1000.9228515625,0.8244933528940794,0.1717593457825232,-2.3768181941580337,-0.0231454774603887,0.518855071084819,-0.571934593955575,0.1201970601601191,-0.6224752305254626,-0.9274745739175644,-0.4408825936849929
20.0,259.0,1000.9228515625,0.8244933528940794,0.1717593457825232,-2.376818193162853,-0.023145477085272,0.5188551757530165,-0.571934593955575,0.1201970601601191,-0.6224752311841399,-0.9274745739175644,-0.4408825977336218
20.0,259.0,1000.9228515625,0.8244933528940739,0.1717593457825232,-2.376818193142241,-0.0231454770857598,0.5188549390173107,-0.571934593955575,0.1201970601601191,-0.6224752484967357,-0.9274745739175644,-0.440882595271642
20.0,260.0,1000.9228515625,0.8244933528940794,0.1717593457825232,-2.3768181931737407,-0.0231454770857481,0.518855071084819,-0.571934593955575,0.1201970601601191,-0.6224752305254626,-0.9274745739175644,-0.4408825936849929
20.0,260.0,1000.9228515625,0.8244933528940794,0.1717593457825232,-2.3768181941580337,-0.0231454774603887,0.518855071084819,-0.571934593955575,0.1201970601601191,-0.6224752305254626,-0.9274745739175644,-0.4408825936849929
20.0,260.0,1000.9228515625,0.8244933528940794,0.1717593457825232,-2.3768181930330443,-0.0231454770857481,0.518855071084819,-0.571934593955575,0.1201970601601191,-0.6224752733749308,-0.9274745739175644,-0.4408825936849929
20.0,260.0,1000.9228515625,0.8244933528940739,0.1717593457825232,-2.3768181931737407,-0.0231454770857601,0.5188549783730564,-0.571934593955575,0.1201970601601191,-0.6224752053231137,-0.9274745739175644,-0.440882595271642
20.0,260.0,1000.9228515625,0.8244933528940794,0.1717593457825232,-2.376818191353992,-0.0231454774599909,0.5188550210242336,-0.571934593955575,0.1201970601601191,-0.6224750096081734,-0.9274745739175644,-0.4408825939440672
20.0,260.0,1000.9228515625,0.8244933528940794,0.1717593457825232,-2.3768181931737407,-0.0231454770857481,0.518855071084819,-0.571934593955575,0.1201970601601191,-0.6224752305254626,-0.9274745739175644,-0.4408825936849929
20.0,260.0,1000.9228515625,0.8244933528940794,0.1717593457825232,-2.3768181931737407,-0.0231454770857481,0.518855071084819,-0.571934593955575,0.1201970601601191,-0.6224752305254626,-0.9274745739175644,-0.4408825936849929
20.0,260.0,1000.9228515625,0.8244933528940794,0.1717593457825232,-2.3768181931737407,-0.0231454770857481,0.518855071084819,-0.571934593955575,0.1201970601601191,-0.6224752305254626,-0.9274745739175644,-0.4408825936849929
20.0,260.0,1000.9228515625,0.8244933528940794,0.1717593457825232,-2.3768181931737407,-0.0231454770967385,0.5188550651022683,-0.571934593955575,0.1201970601601191,-0.6224745911503293,-0.9274745739175644,-0.4408825936849929
20.0,260.0,1000.9228515625,0.8244933528940794,0.1717593457825232,-2.376818191353992,-0.0231454774645114,0.518855179095853,-0.571934593955575,0.1201970601601191,-0.6224750096081734,-0.9274745739175644,-0.4408825977298948
20.0,260.0,1000.9228515625,0.8244933528940794,0.1717593457825232,-2.3768181931737407,-0.0231454770949002,0.518855071084819,-0.571934593955575,0.1201970601601191,-0.6224752305254626,-0.9274745739175644,-0.4408825936849929
20.0,260.0,1000.9228515625,0.8244933528940769,0.1717593457825232,-2.3768181931737407,-0.0231454770855083,0.5188548722225405,-0.571934593955575,0.1201970601601191,-0.6224752948063276,-0.9274745739175644,-0.4408825952815947
20.0,260.0,1000.9228515625,0.8244933528940794,0.1717593457825232,-2.3768181931737407,-0.02314547708576,0.5188549956056944,-0.571934593955575,0.1201970601601191,-0.6224752737358081,-0.9274745739175644,-0.4408825970749195
20.0,260.0,1000.9228515625,0.8244933528940794,0.1717593457825232,-2.3768181913912985,-0.0231454770857481,0.518855071084819,-0.571934593955575,0.1201970601601191,-0.6224752305254626,-0.9274745739175644,-0.4408825976836819
20.0,260.0,1000.9228515625,0.8244933528940739,0.1717593457825232,-2.3768181931737407,-0.0231454770857601,0.5188549390173107,-0.571934593955575,0.1201970601601191,-0.6224745491760093,-0.9274745739175644,-0.440882595271642
20.0,260.0,1000.9228515625,0.8244933528940794,0.1717593457825232,-2.3768181931737407,-0.0231454770857481,0.5188550631229458,-0.571934593955575,0.1201970601601191,-0.6224752305254626,-0.9274745739175644,-0.4408825936849929
20.0,260.0,1000.9228515625,0.8244933528940794,0.1717593457825232,-2.376818192963925,-0.0231454770811601,0.518855071084819,-0.571934593955575,0.1201970601601191,-0.6224752733749308,-0.9274745739175644,-0.4408825936849929
20.0,260.0,1000.9228515625,0.8244933528940794,0.1717593457825232,-2.3768181931737407,-0.0231454770857481,0.518855071084819,-0.571934593955575,0.1201970601601191,-0.6224753292271257,-0.9274745739175644,-0.4408825936849929
20.0,260.0,1000.9228515625,0.8244933528940794,0.1717593457825232,-2.3768181931737407,-0.023145477085272,0.5188550686486088,-0.571934593955575,0.1201970601601191,-0.6224752311841399,-0.9274745739175644,-0.4408825970749195
20.0,260.0,1000.9228515625,0.8244933528940794,0.1717593457825232,-2.3768181931737407,-0.023145477085622,0.5188550651022683,-0.571934593955575,0.1201970601601191,-0.6224745911503293,-0.9274745739175644,-0.4408825936849929
20.0,260.0,1000.9228515625,0.8244933528940769,0.1717593457825232,-2.3768181931737407,-0.0231454770857547,0.5188548722225405,-0.571934593955575,0.1201970601601191,-0.6224752898194671,-0.9274745739175644,-0.4408825952819633
20.0,260.0,1000.9228515625,0.8244933528941869,0.1717593457825232,-2.3768181931737407,-0.0231454770845309,0.5188549390173107,-0.571934593955575,0.1201970601601191,-0.6224745491760093,-0.9274745739175644,-0.440882595271642
20.0,260.0,1000.9228515625,0.8244933528940794,0.1717593457825232,-2.3768181931737407,-0.0231454770857391,0.518855071084819,-0.571934593955575,0.1201970601601191,-0.6224753292271257,-0.9274745739175644,-0.440882595319649
20.0,260.0,1000.9228515625,0.8244933528940794,0.1717593457825232,-2.3768181930330443,-0.0231454770857481,0.518855071084819,-0.571934593955575,0.1201970601601191,-0.6224752733749308,-0.9274745739175644,-0.4408825936849929
20.0,260.0,1000.9228515625,0.8244933528940794,0.1717593457825232,-2.376818193061033,-0.0231454770857481,0.518855071084819,-0.571934593955575,0.1201970601601191,-0.6224754177054583,-0.9274745739175644,-0.4408825976836819
20.0,260.0,1000.9228515625,0.8244933528940739,0.1717593457825232,-2.3768181931737407,-0.0231454770857601,0.5188549390173107,-0.571934593955575,0.1201970601601191,-0.6224755737725376,-0.9274745739175644,-0.440882595271642
20.0,260.0,1000.9228515625,0.8244933528940794,0.1717593457825232,-2.3768181913912985,-0.0231454770968646,0.518855071084819,-0.571934593955575,0.1201970601601191,-0.6224752305254626,-0.9274745739175644,-0.4408825976836819
20.0,260.0,1000.9228515625,0.8244933528940739,0.1717593457825232,-2.3768181931737407,-0.0231454770855136,0.5188549783730564,-0.571934593955575,0.1201970601601191,-0.6224752103099741,-0.9274745739175644,-0.4408825952712734
20.0,260.0,1000.9228515625,0.8244933528940794,0.1717593457825232,-2.3768181931737407,-0.0231454770857481,0.518855071084819,-0.571934593955575,0.1201970601601191,-0.6224752305254626,-0.9274745739175644,-0.4408825936849929
20.0,260.0,1000.9228515625,0.8244933528940739,0.1717593457825232,-2.3768181931737407,-0.023145477085748,0.5188549783730564,-0.571934593955575,0.1201970601601191,-0.6224752063261246,-0.9274745739175644,-0.4408822358767253
20.0,260.0,1000.9228515625,0.8244933528940794,0.1717593457825232,-2.3768181931737407,-0.0231454773767155,0.5188550651022683,-0.571934593955575,0.1201970601601191,-0.6224745267222752,-0.9274745739175644,-0.4408825936849929
20.0,260.0,1000.9228515625,0.8244933528940794,0.1717593457825232,-2.3768181931737407,-0.02314547708576,0.5188549956056944,-0.571934593955575,0.1201970601601191,-0.6224752737358081,-0.9274745739175644,-0.4408825970749195
20.0,260.0,1000.9228515625,0.8244933528940739,0.1717593457825232,-2.3768181931737407,-0.0231454770857475,0.5188549390173107,-0.571934593955575,0.1201970601601191,-0.6224755795723167,-0.9274745739175644,-0.440882595271642
20.0,260.0,1000.9228515625,0.8244933528940794,0.1717593457825232,-2.3768181931737407,-0.0231454770857481,0.518855071084819,-0.571934593955575,0.1201970601601191,-0.6224752305254626,-0.9274745739175644,-0.4408825936849929
20.0,260.0,1000.9228515625,0.8244933528940794,0.1717593457825232,-2.3768181931737407,-0.0231454770857481,0.518855071084819,-0.571934593955575,0.1201970601601191,-0.6224752270133052,-0.9274745739175644,-0.4408825936849929
20.0,260.0,1000.9228515625,0.8244933528940794,0.1717593457825232,-2.3768181931737407,-0.0231454770857481,0.518855071084819,-0.571934593955575,0.1201970601601191,-0.6224752200468672,-0.9274745739175644,-0.4408825936849929
20.0,260.0,1000.9228515625,0.8244933528940794,0.1717593457825232,-2.3768181931737407,-0.0231454770857481,0.518855071084819,-0.571934593955575,0.1201970601601191,-0.6224752305254626,-0.9274745739175644,-0.4408825936849929
20.0,260.0,1000.9228515625,0.8244933528940794,0.1717593457825232,-2.3768181930330443,-0.0231454770857481,0.518855071084819,-0.571934593955575,0.1201970601601191,-0.6224752733749308,-0.9274745739175644,-0.4408825936849929
20.0,260.0,1000.9228515625,0.8244933528940794,0.1717593457825232,-2.37681819136488,-0.0231454774645114,0.5188550719914452,-0.571934593955575,0.1201970601601191,-0.6224750096081734,-0.9274745739175644,-0.4408825970711926
20.0,260.0,1000.9228515625,0.8244933528940794,0.1717593457825232,-2.3768181931737407,-0.0231454770857481,0.518855071084819,-0.571934593955575,0.1201970601601191,-0.6224752305254626,-0.9274745739175644,-0.4408825936849929
20.0,260.0,1000.9228515625,0.8244933528940794,0.1717593457825232,-2.3768181914227986,-0.0231454770857484,0.518855071084819,-0.571934593955575,0.1201970601601191,-0.6224755558012645,-0.9274745739175644,-0.4408825976836819
20.0,260.0,1000.9228515625,0.8244933528940794,0.1717593457825232,-2.3768181931737407,-0.0231454770857481,0.518855071084819,-0.571934593955575,0.1201970601601191,-0.6224752305254626,-0.9274745739175644,-0.4408825936849929
20.0,260.0,1000.9228515625,0.8244933528940739,0.1717593457825232,-2.3768181931737407,-0.0231454770855136,0.5188549783730564,-0.571934593955575,0.1201970601601191,-0.6224752103099741,-0.9274745739175644,-0.4408825952712734
20.0,260.0,1000.9228515625,0.8244933528940794,0.1717593457825232,-2.3768181930330443,-0.0231454770857481,0.518855071084819,-0.571934593955575,0.1201970601601191,-0.6224752733749308,-0.9274745739175644,-0.4408825936849929
20.0,260.0,1000.9228515625,0.8244933528940794,0.1717593457825232,-2.3768181931737407,-0.023145477085622,0.5188550651022683,-0.571934593955575,0.1201970601601191,-0.6224746016289248,-0.9274745739175644,-0.4408825936849929
20.0,260.0,1000.9228515625,0.8244933528940794,0.1717593457825232,-2.3768181931737407,-0.0231454770857481,0.518855071084819,-0.571934593955575,0.1201970601601191,-0.6224752305254626,-0.9274745739175644,-0.4408825936849929
20.0,260.0,1000.9228515625,0.8244933528941865,0.1717593457825232,-2.3768181931737407,-0.0231454770845309,0.5188549390173107,-0.571934593955575,0.1201970601601191,-0.6224745491760093,-0.9274745739175644,-0.440882595271642
20.0,260.0,1000.9228515625,0.8244933528940794,0.1717593457825232,-2.3768181941580337,-0.0231454774603887,0.518855071084819,-0.571934593955575,0.1201970601601191,-0.6224752305254626,-0.9274745739175644,-0.4408825936849929
20.0,260.0,1000.9228515625,0.8244933528940794,0.1717593457825232,-2.376818193162853,-0.023145477085272,0.5188551757530165,-0.571934593955575,0.1201970601601191,-0.6224752311841399,-0.9274745739175644,-0.4408825977336218
20.0,260.0,1000.9228515625,0.8244933528940739,0.1717593457825232,-2.376818193142241,-0.0231454770857598,0.5188549390173107,-0.571934593955575,0.1201970601601191,-0.6224752484967357,-0.9274745739175644,-0.440882595271642
20.0,261.0,1000.9228515625,0.8244933528940794,0.1717593457825232,-2.3768181931737407,-0.0231454770857481,0.518855071084819,-0.571934593955575,0.1201970601601191,-0.6224752305254626,-0.9274745739175644,-0.4408825936849929
20.0,261.0,1000.9228515625,0.8244933528940794,0.1717593457825232,-2.3768181941580337,-0.0231454774603887,0.518855071084819,-0.571934593955575,0.1201970601601191,-0.6224752305254626,-0.9274745739175644,-0.4408825936849929
20.0,261.0,1000.9228515625,0.8244933528940794,0.1717593457825232,-2.3768181930330443,-0.0231454770857481,0.518855071084819,-0.571934593955575,0.1201970601601191,-0.6224752733749308,-0.9274745739175644,-0.4408825936849929
20.0,261.0,1000.9228515625,0.8244933528940739,0.1717593457825232,-2.3768181931737407,-0.0231454770857601,0.5188549783730564,-0.571934593955575,0.1201970601601191,-0.6224752053231137,-0.9274745739175644,-0.440882595271642
20.0,261.0,1000.9228515625,0.8244933528940794,0.1717593457825232,-2.376818191353992,-0.0231454774599909,0.5188550210242336,-0.571934593955575,0.1201970601601191,-0.6224750096081734,-0.9274745739175644,-0.4408825939440672
20.0,261.0,1000.9228515625,0.8244933528940794,0.1717593457825232,-2.3768181931737407,-0.0231454770857481,0.518855071084819,-0.571934593955575,0.1201970601601191,-0.6224752305254626,-0.9274745739175644,-0.4408825936849929
20.0,261.0,1000.9228515625,0.8244933528940794,0.1717593457825232,-2.3768181931737407,-0.0231454770857481,0.518855071084819,-0.571934593955575,0.1201970601601191,-0.6224752305254626,-0.9274745739175644,-0.4408825936849929
20.0,261.0,1000.9228515625,0.8244933528940794,0.1717593457825232,-2.3768181931737407,-0.0231454770857481,0.518855071084819,-0.571934593955575,0.1201970601601191,-0.6224752305254626,-0.9274745739175644,-0.4408825936849929
20.0,261.0,1000.9228515625,0.8244933528940794,0.1717593457825232,-2.3768181931737407,-0.0231454770967385,0.5188550651022683,-0.571934593955575,0.1201970601601191,-0.6224745911503293,-0.9274745739175644,-0.4408825936849929
20.0,261.0,1000.9228515625,0.8244933528940794,0.1717593457825232,-2.376818191353992,-0.0231454774645114,0.518855179095853,-0.571934593955575,0.1201970601601191,-0.6224750096081734,-0.9274745739175644,-0.4408825977298948
20.0,261.0,1000.9228515625,0.8244933528940794,0.1717593457825232,-2.3768181931737407,-0.0231454770949002,0.518855071084819,-0.571934593955575,0.1201970601601191,-0.6224752305254626,-0.9274745739175644,-0.4408825936849929
20.0,261.0,1000.9228515625,0.8244933528940769,0.1717593457825232,-2.3768181931737407,-0.0231454770855083,0.5188548722225405,-0.571934593955575,0.1201970601601191,-0.6224752948063276,-0.9274745739175644,-0.4408825952815947
20.0,261.0,1000.9228515625,0.8244933528940794,0.1717593457825232,-2.3768181931737407,-0.02314547708576,0.5188549956056944,-0.571934593955575,0.1201970601601191,-0.6224752737358081,-0.9274745739175644,-0.4408825970749195
20.0,261.0,1000.9228515625,0.8244933528940794,0.1717593457825232,-2.3768181913912985,-0.0231454770857481,0.518855071084819,-0.571934593955575,0.1201970601601191,-0.6224752305254626,-0.9274745739175644,-0.4408825976836819
20.0,261.0,1000.9228515625,0.8244933528940739,0.1717593457825232,-2.3768181931737407,-0.0231454770857601,0.5188549390173107,-0.571934593955575,0.1201970601601191,-0.6224745491760093,-0.9274745739175644,-0.440882595271642
20.0,261.0,1000.9228515625,0.8244933528940794,0.1717593457825232,-2.3768181931737407,-0.0231454770857481,0.5188550631229458,-0.571934593955575,0.1201970601601191,-0.6224752305254626,-0.9274745739175644,-0.4408825936849929
20.0,261.0,1000.9228515625,0.8244933528940794,0.1717593457825232,-2.376818192963925,-0.0231454770811601,0.518855071084819,-0.571934593955575,0.1201970601601191,-0.6224752733749308,-0.9274745739175644,-0.4408825936849929
20.0,261.0,1000.9228515625,0.8244933528940794,0.1717593457825232,-2.3768181931737407,-0.0231454770857481,0.518855071084819,-0.571934593955575,0.1201970601601191,-0.6224753292271257,-0.9274745739175644,-0.4408825936849929
20.0,261.0,1000.9228515625,0.8244933528940794,0.1717593457825232,-2.3768181931737407,-0.023145477085272,0.5188550686486088,-0.571934593955575,0.1201970601601191,-0.6224752311841399,-0.9274745739175644,-0.4408825970749195
20.0,261.0,1000.9228515625,0.8244933528940794,0.1717593457825232,-2.3768181931737407,-0.023145477085622,0.5188550651022683,-0.571934593955575,0.1201970601601191,-0.6224745911503293,-0.9274745739175644,-0.4408825936849929
20.0,261.0,1000.9228515625,0.8244933528940769,0.1717593457825232,-2.3768181931737407,-0.0231454770857547,0.5188548722225405,-0.571934593955575,0.1201970601601191,-0.6224752898194671,-0.9274745739175644,-0.4408825952819633
20.0,261.0,1000.9228515625,0.8244933528941869,0.1717593457825232,-2.3768181931737407,-0.0231454770845309,0.5188549390173107,-0.571934593955575,0.1201970601601191,-0.6224745491760093,-0.9274745739175644,-0.440882595271642
20.0,261.0,1000.9228515625,0.8244933528940794,0.1717593457825232,-2.3768181931737407,-0.0231454770857391,0.518855071084819,-0.571934593955575,0.1201970601601191,-0.6224753292271257,-0.9274745739175644,-0.440882595319649
20.0,261.0,1000.9228515625,0.8244933528940794,0.1717593457825232,-2.3768181930330443,-0.0231454770857481,0.518855071084819,-0.571934593955575,0.1201970601601191,-0.6224752733749308,-0.9274745739175644,-0.4408825936849929
20.0,261.0,1000.9228515625,0.8244933528940794,0.1717593457825232,-2.376818193061033,-0.0231454770857481,0.518855071084819,-0.571934593955575,0.1201970601601191,-0.6224754177054583,-0.9274745739175644,-0.4408825976836819
20.0,261.0,1000.9228515625,0.8244933528940739,0.1717593457825232,-2.3768181931737407,-0.0231454770857601,0.5188549390173107,-0.571934593955575,0.1201970601601191,-0.6224755737725376,-0.9274745739175644,-0.440882595271642
20.0,261.0,1000.9228515625,0.8244933528940794,0.1717593457825232,-2.3768181913912985,-0.0231454770968646,0.518855071084819,-0.571934593955575,0.1201970601601191,-0.6224752305254626,-0.9274745739175644,-0.4408825976836819
20.0,261.0,1000.9228515625,0.8244933528940739,0.1717593457825232,-2.3768181931737407,-0.0231454770855136,0.5188549783730564,-0.571934593955575,0.1201970601601191,-0.6224752103099741,-0.9274745739175644,-0.4408825952712734
20.0,261.0,1000.9228515625,0.8244933528940794,0.1717593457825232,-2.3768181931737407,-0.0231454770857481,0.518855071084819,-0.571934593955575,0.1201970601601191,-0.6224752305254626,-0.9274745739175644,-0.4408825936849929
20.0,261.0,1000.9228515625,0.8244933528940739,0.1717593457825232,-2.3768181931737407,-0.023145477085748,0.5188549783730564,-0.571934593955575,0.1201970601601191,-0.6224752063261246,-0.9274745739175644,-0.4408822358767253
20.0,261.0,1000.9228515625,0.8244933528940794,0.1717593457825232,-2.3768181931737407,-0.0231454773767155,0.5188550651022683,-0.571934593955575,0.1201970601601191,-0.6224745267222752,-0.9274745739175644,-0.4408825936849929
20.0,261.0,1000.9228515625,0.8244933528940794,0.1717593457825232,-2.3768181931737407,-0.02314547708576,0.5188549956056944,-0.571934593955575,0.1201970601601191,-0.6224752737358081,-0.9274745739175644,-0.4408825970749195
20.0,261.0,1000.9228515625,0.8244933528940739,0.1717593457825232,-2.3768181931737407,-0.0231454770857475,0.5188549390173107,-0.571934593955575,0.1201970601601191,-0.6224755795723167,-0.9274745739175644,-0.440882595271642
20.0,261.0,1000.9228515625,0.8244933528940794,0.1717593457825232,-2.3768181931737407,-0.0231454770857481,0.518855071084819,-0.571934593955575,0.1201970601601191,-0.6224752305254626,-0.9274745739175644,-0.4408825936849929
20.0,261.0,1000.9228515625,0.8244933528940794,0.1717593457825232,-2.3768181931737407,-0.0231454770857481,0.518855071084819,-0.571934593955575,0.1201970601601191,-0.6224752270133052,-0.9274745739175644,-0.4408825936849929
20.0,261.0,1000.9228515625,0.8244933528940794,0.1717593457825232,-2.3768181931737407,-0.0231454770857481,0.518855071084819,-0.571934593955575,0.1201970601601191,-0.6224752200468672,-0.9274745739175644,-0.4408825936849929
20.0,261.0,1000.9228515625,0.8244933528940794,0.1717593457825232,-2.3768181931737407,-0.0231454770857481,0.518855071084819,-0.571934593955575,0.1201970601601191,-0.6224752305254626,-0.9274745739175644,-0.4408825936849929
20.0,261.0,1000.9228515625,0.8244933528940794,0.1717593457825232,-2.3768181930330443,-0.0231454770857481,0.518855071084819,-0.571934593955575,0.1201970601601191,-0.6224752733749308,-0.9274745739175644,-0.4408825936849929
20.0,261.0,1000.9228515625,0.8244933528940794,0.1717593457825232,-2.37681819136488,-0.0231454774645114,0.5188550719914452,-0.571934593955575,0.1201970601601191,-0.6224750096081734,-0.9274745739175644,-0.4408825970711926
20.0,261.0,1000.9228515625,0.8244933528940794,0.1717593457825232,-2.3768181931737407,-0.0231454770857481,0.518855071084819,-0.571934593955575,0.1201970601601191,-0.6224752305254626,-0.9274745739175644,-0.4408825936849929
20.0,261.0,1000.9228515625,0.8244933528940794,0.1717593457825232,-2.3768181914227986,-0.0231454770857484,0.518855071084819,-0.571934593955575,0.1201970601601191,-0.6224755558012645,-0.9274745739175644,-0.4408825976836819
20.0,261.0,1000.9228515625,0.8244933528940794,0.1717593457825232,-2.3768181931737407,-0.0231454770857481,0.518855071084819,-0.571934593955575,0.1201970601601191,-0.6224752305254626,-0.9274745739175644,-0.4408825936849929
20.0,261.0,1000.9228515625,0.8244933528940739,0.1717593457825232,-2.3768181931737407,-0.0231454770855136,0.5188549783730564,-0.571934593955575,0.1201970601601191,-0.6224752103099741,-0.9274745739175644,-0.4408825952712734
20.0,261.0,1000.9228515625,0.8244933528940794,0.1717593457825232,-2.3768181930330443,-0.0231454770857481,0.518855071084819,-0.571934593955575,0.1201970601601191,-0.6224752733749308,-0.9274745739175644,-0.4408825936849929
20.0,261.0,1000.9228515625,0.8244933528940794,0.1717593457825232,-2.3768181931737407,-0.023145477085622,0.5188550651022683,-0.571934593955575,0.1201970601601191,-0.6224746016289248,-0.9274745739175644,-0.4408825936849929
20.0,261.0,1000.9228515625,0.8244933528940794,0.1717593457825232,-2.3768181931737407,-0.0231454770857481,0.518855071084819,-0.571934593955575,0.1201970601601191,-0.6224752305254626,-0.9274745739175644,-0.4408825936849929
20.0,261.0,1000.9228515625,0.8244933528941865,0.1717593457825232,-2.3768181931737407,-0.0231454770845309,0.5188549390173107,-0.571934593955575,0.1201970601601191,-0.6224745491760093,-0.9274745739175644,-0.440882595271642
20.0,261.0,1000.9228515625,0.8244933528940794,0.1717593457825232,-2.3768181941580337,-0.0231454774603887,0.518855071084819,-0.571934593955575,0.1201970601601191,-0.6224752305254626,-0.9274745739175644,-0.4408825936849929
20.0,261.0,1000.9228515625,0.8244933528940794,0.1717593457825232,-2.376818193162853,-0.023145477085272,0.5188551757530165,-0.571934593955575,0.1201970601601191,-0.6224752311841399,-0.9274745739175644,-0.4408825977336218
20.0,261.0,1000.9228515625,0.8244933528940739,0.1717593457825232,-2.376818193142241,-0.0231454770857598,0.5188549390173107,-0.571934593955575,0.1201970601601191,-0.6224752484967357,-0.9274745739175644,-0.440882595271642
20.0,262.0,1000.9228515625,0.8244933528940794,0.1717593457825232,-2.3768181931737407,-0.0231454770857481,0.518855071084819,-0.571934593955575,0.1201970601601191,-0.6224752305254626,-0.9274745739175644,-0.4408825936849929
20.0,262.0,1000.9228515625,0.8244933528940794,0.1717593457825232,-2.3768181941580337,-0.0231454774603887,0.518855071084819,-0.571934593955575,0.1201970601601191,-0.6224752305254626,-0.9274745739175644,-0.4408825936849929
20.0,262.0,1000.9228515625,0.8244933528940794,0.1717593457825232,-2.3768181930330443,-0.0231454770857481,0.518855071084819,-0.571934593955575,0.1201970601601191,-0.6224752733749308,-0.9274745739175644,-0.4408825936849929
20.0,262.0,1000.9228515625,0.8244933528940739,0.1717593457825232,-2.3768181931737407,-0.0231454770857601,0.5188549783730564,-0.571934593955575,0.1201970601601191,-0.6224752053231137,-0.9274745739175644,-0.440882595271642
20.0,262.0,1000.9228515625,0.8244933528940794,0.1717593457825232,-2.376818191353992,-0.0231454774599909,0.5188550210242336,-0.571934593955575,0.1201970601601191,-0.6224750096081734,-0.9274745739175644,-0.4408825939440672
20.0,262.0,1000.9228515625,0.8244933528940794,0.1717593457825232,-2.3768181931737407,-0.0231454770857481,0.518855071084819,-0.571934593955575,0.1201970601601191,-0.6224752305254626,-0.9274745739175644,-0.4408825936849929
20.0,262.0,1000.9228515625,0.8244933528940794,0.1717593457825232,-2.3768181931737407,-0.0231454770857481,0.518855071084819,-0.571934593955575,0.1201970601601191,-0.6224752305254626,-0.9274745739175644,-0.4408825936849929
20.0,262.0,1000.9228515625,0.8244933528940794,0.1717593457825232,-2.3768181931737407,-0.0231454770857481,0.518855071084819,-0.571934593955575,0.1201970601601191,-0.6224752305254626,-0.9274745739175644,-0.4408825936849929
20.0,262.0,1000.9228515625,0.8244933528940794,0.1717593457825232,-2.3768181931737407,-0.0231454770967385,0.5188550651022683,-0.571934593955575,0.1201970601601191,-0.6224745911503293,-0.9274745739175644,-0.4408825936849929
20.0,262.0,1000.9228515625,0.8244933528940794,0.1717593457825232,-2.376818191353992,-0.0231454774645114,0.518855179095853,-0.571934593955575,0.1201970601601191,-0.6224750096081734,-0.9274745739175644,-0.4408825977298948
20.0,262.0,1000.9228515625,0.8244933528940794,0.1717593457825232,-2.3768181931737407,-0.0231454770949002,0.518855071084819,-0.571934593955575,0.1201970601601191,-0.6224752305254626,-0.9274745739175644,-0.4408825936849929
20.0,262.0,1000.9228515625,0.8244933528940769,0.1717593457825232,-2.3768181931737407,-0.0231454770855083,0.5188548722225405,-0.571934593955575,0.1201970601601191,-0.6224752948063276,-0.9274745739175644,-0.4408825952815947
20.0,262.0,1000.9228515625,0.8244933528940794,0.1717593457825232,-2.3768181931737407,-0.02314547708576,0.5188549956056944,-0.571934593955575,0.1201970601601191,-0.6224752737358081,-0.9274745739175644,-0.4408825970749195
20.0,262.0,1000.9228515625,0.8244933528940794,0.1717593457825232,-2.3768181913912985,-0.0231454770857481,0.518855071084819,-0.571934593955575,0.1201970601601191,-0.6224752305254626,-0.9274745739175644,-0.4408825976836819
20.0,262.0,1000.9228515625,0.8244933528940739,0.1717593457825232,-2.3768181931737407,-0.0231454770857601,0.5188549390173107,-0.571934593955575,0.1201970601601191,-0.6224745491760093,-0.9274745739175644,-0.440882595271642
20.0,262.0,1000.9228515625,0.8244933528940794,0.1717593457825232,-2.3768181931737407,-0.0231454770857481,0.5188550631229458,-0.571934593955575,0.1201970601601191,-0.6224752305254626,-0.9274745739175644,-0.4408825936849929
20.0,262.0,1000.9228515625,0.8244933528940794,0.1717593457825232,-2.376818192963925,-0.0231454770811601,0.518855071084819,-0.571934593955575,0.1201970601601191,-0.6224752733749308,-0.9274745739175644,-0.4408825936849929
20.0,262.0,1000.9228515625,0.8244933528940794,0.1717593457825232,-2.3768181931737407,-0.0231454770857481,0.518855071084819,-0.571934593955575,0.1201970601601191,-0.6224753292271257,-0.9274745739175644,-0.4408825936849929
20.0,262.0,1000.9228515625,0.8244933528940794,0.1717593457825232,-2.3768181931737407,-0.023145477085272,0.5188550686486088,-0.571934593955575,0.1201970601601191,-0.6224752311841399,-0.9274745739175644,-0.4408825970749195
20.0,262.0,1000.9228515625,0.8244933528940794,0.1717593457825232,-2.3768181931737407,-0.023145477085622,0.5188550651022683,-0.571934593955575,0.1201970601601191,-0.6224745911503293,-0.9274745739175644,-0.4408825936849929
20.0,262.0,1000.9228515625,0.8244933528940769,0.1717593457825232,-2.3768181931737407,-0.0231454770857547,0.5188548722225405,-0.571934593955575,0.1201970601601191,-0.6224752898194671,-0.9274745739175644,-0.4408825952819633
20.0,262.0,1000.9228515625,0.8244933528941869,0.1717593457825232,-2.3768181931737407,-0.0231454770845309,0.5188549390173107,-0.571934593955575,0.1201970601601191,-0.6224745491760093,-0.9274745739175644,-0.440882595271642
20.0,262.0,1000.9228515625,0.8244933528940794,0.1717593457825232,-2.3768181931737407,-0.0231454770857391,0.518855071084819,-0.571934593955575,0.1201970601601191,-0.6224753292271257,-0.9274745739175644,-0.440882595319649
20.0,262.0,1000.9228515625,0.8244933528940794,0.1717593457825232,-2.3768181930330443,-0.0231454770857481,0.518855071084819,-0.571934593955575,0.1201970601601191,-0.6224752733749308,-0.9274745739175644,-0.4408825936849929
20.0,262.0,1000.9228515625,0.8244933528940794,0.1717593457825232,-2.376818193061033,-0.0231454770857481,0.518855071084819,-0.571934593955575,0.1201970601601191,-0.6224754177054583,-0.9274745739175644,-0.4408825976836819
20.0,262.0,1000.9228515625,0.8244933528940739,0.1717593457825232,-2.3768181931737407,-0.0231454770857601,0.5188549390173107,-0.571934593955575,0.1201970601601191,-0.6224755737725376,-0.9274745739175644,-0.440882595271642
20.0,262.0,1000.9228515625,0.8244933528940794,0.1717593457825232,-2.3768181913912985,-0.0231454770968646,0.518855071084819,-0.571934593955575,0.1201970601601191,-0.6224752305254626,-0.9274745739175644,-0.4408825976836819
20.0,262.0,1000.9228515625,0.8244933528940739,0.1717593457825232,-2.3768181931737407,-0.0231454770855136,0.5188549783730564,-0.571934593955575,0.1201970601601191,-0.6224752103099741,-0.9274745739175644,-0.4408825952712734
20.0,262.0,1000.9228515625,0.8244933528940794,0.1717593457825232,-2.3768181931737407,-0.0231454770857481,0.518855071084819,-0.571934593955575,0.1201970601601191,-0.6224752305254626,-0.9274745739175644,-0.4408825936849929
20.0,262.0,1000.9228515625,0.8244933528940739,0.1717593457825232,-2.3768181931737407,-0.023145477085748,0.5188549783730564,-0.571934593955575,0.1201970601601191,-0.6224752063261246,-0.9274745739175644,-0.4408822358767253
20.0,262.0,1000.9228515625,0.8244933528940794,0.1717593457825232,-2.3768181931737407,-0.0231454773767155,0.5188550651022683,-0.571934593955575,0.1201970601601191,-0.6224745267222752,-0.9274745739175644,-0.4408825936849929
20.0,262.0,1000.9228515625,0.8244933528940794,0.1717593457825232,-2.3768181931737407,-0.02314547708576,0.5188549956056944,-0.571934593955575,0.1201970601601191,-0.6224752737358081,-0.9274745739175644,-0.4408825970749195
20.0,262.0,1000.9228515625,0.8244933528940739,0.1717593457825232,-2.3768181931737407,-0.0231454770857475,0.5188549390173107,-0.571934593955575,0.1201970601601191,-0.6224755795723167,-0.9274745739175644,-0.440882595271642
20.0,262.0,1000.9228515625,0.8244933528940794,0.1717593457825232,-2.3768181931737407,-0.0231454770857481,0.518855071084819,-0.571934593955575,0.1201970601601191,-0.6224752305254626,-0.9274745739175644,-0.4408825936849929
20.0,262.0,1000.9228515625,0.8244933528940794,0.1717593457825232,-2.3768181931737407,-0.0231454770857481,0.518855071084819,-0.571934593955575,0.1201970601601191,-0.6224752270133052,-0.9274745739175644,-0.4408825936849929
20.0,262.0,1000.9228515625,0.8244933528940794,0.1717593457825232,-2.3768181931737407,-0.0231454770857481,0.518855071084819,-0.571934593955575,0.1201970601601191,-0.6224752200468672,-0.9274745739175644,-0.4408825936849929
20.0,262.0,1000.9228515625,0.8244933528940794,0.1717593457825232,-2.3768181931737407,-0.0231454770857481,0.518855071084819,-0.571934593955575,0.1201970601601191,-0.6224752305254626,-0.9274745739175644,-0.4408825936849929
20.0,262.0,1000.9228515625,0.8244933528940794,0.1717593457825232,-2.3768181930330443,-0.0231454770857481,0.518855071084819,-0.571934593955575,0.1201970601601191,-0.6224752733749308,-0.9274745739175644,-0.4408825936849929
20.0,262.0,1000.9228515625,0.8244933528940794,0.1717593457825232,-2.37681819136488,-0.0231454774645114,0.5188550719914452,-0.571934593955575,0.1201970601601191,-0.6224750096081734,-0.9274745739175644,-0.4408825970711926
20.0,262.0,1000.9228515625,0.8244933528940794,0.1717593457825232,-2.3768181931737407,-0.0231454770857481,0.518855071084819,-0.571934593955575,0.1201970601601191,-0.6224752305254626,-0.9274745739175644,-0.4408825936849929
20.0,262.0,1000.9228515625,0.8244933528940794,0.1717593457825232,-2.3768181914227986,-0.0231454770857484,0.518855071084819,-0.571934593955575,0.1201970601601191,-0.6224755558012645,-0.9274745739175644,-0.4408825976836819
20.0,262.0,1000.9228515625,0.8244933528940794,0.1717593457825232,-2.3768181931737407,-0.0231454770857481,0.518855071084819,-0.571934593955575,0.1201970601601191,-0.6224752305254626,-0.9274745739175644,-0.4408825936849929
20.0,262.0,1000.9228515625,0.8244933528940739,0.1717593457825232,-2.3768181931737407,-0.0231454770855136,0.5188549783730564,-0.571934593955575,0.1201970601601191,-0.6224752103099741,-0.9274745739175644,-0.4408825952712734
20.0,262.0,1000.9228515625,0.8244933528940794,0.1717593457825232,-2.3768181930330443,-0.0231454770857481,0.518855071084819,-0.571934593955575,0.1201970601601191,-0.6224752733749308,-0.9274745739175644,-0.4408825936849929
20.0,262.0,1000.9228515625,0.8244933528940794,0.1717593457825232,-2.3768181931737407,-0.023145477085622,0.5188550651022683,-0.571934593955575,0.1201970601601191,-0.6224746016289248,-0.9274745739175644,-0.4408825936849929
20.0,262.0,1000.9228515625,0.8244933528940794,0.1717593457825232,-2.3768181931737407,-0.0231454770857481,0.518855071084819,-0.571934593955575,0.1201970601601191,-0.6224752305254626,-0.9274745739175644,-0.4408825936849929
20.0,262.0,1000.9228515625,0.8244933528941865,0.1717593457825232,-2.3768181931737407,-0.0231454770845309,0.5188549390173107,-0.571934593955575,0.1201970601601191,-0.6224745491760093,-0.9274745739175644,-0.440882595271642
20.0,262.0,1000.9228515625,0.8244933528940794,0.1717593457825232,-2.3768181941580337,-0.0231454774603887,0.518855071084819,-0.571934593955575,0.1201970601601191,-0.6224752305254626,-0.9274745739175644,-0.4408825936849929
20.0,262.0,1000.9228515625,0.8244933528940794,0.1717593457825232,-2.376818193162853,-0.023145477085272,0.5188551757530165,-0.571934593955575,0.1201970601601191,-0.6224752311841399,-0.9274745739175644,-0.4408825977336218
20.0,262.0,1000.9228515625,0.8244933528940739,0.1717593457825232,-2.376818193142241,-0.0231454770857598,0.5188549390173107,-0.571934593955575,0.1201970601601191,-0.6224752484967357,-0.9274745739175644,-0.440882595271642
20.0,263.0,1000.9228515625,0.8244933528940794,0.1717593457825232,-2.3768181931737407,-0.0231454770857481,0.518855071084819,-0.571934593955575,0.1201970601601191,-0.6224752305254626,-0.9274745739175644,-0.4408825936849929
20.0,263.0,1000.9228515625,0.8244933528940794,0.1717593457825232,-2.3768181941580337,-0.0231454774603887,0.518855071084819,-0.571934593955575,0.1201970601601191,-0.6224752305254626,-0.9274745739175644,-0.4408825936849929
20.0,263.0,1000.9228515625,0.8244933528940794,0.1717593457825232,-2.3768181930330443,-0.0231454770857481,0.518855071084819,-0.571934593955575,0.1201970601601191,-0.6224752733749308,-0.9274745739175644,-0.4408825936849929
20.0,263.0,1000.9228515625,0.8244933528940739,0.1717593457825232,-2.3768181931737407,-0.0231454770857601,0.5188549783730564,-0.571934593955575,0.1201970601601191,-0.6224752053231137,-0.9274745739175644,-0.440882595271642
20.0,263.0,1000.9228515625,0.8244933528940794,0.1717593457825232,-2.376818191353992,-0.0231454774599909,0.5188550210242336,-0.571934593955575,0.1201970601601191,-0.6224750096081734,-0.9274745739175644,-0.4408825939440672
20.0,263.0,1000.9228515625,0.8244933528940794,0.1717593457825232,-2.3768181931737407,-0.0231454770857481,0.518855071084819,-0.571934593955575,0.1201970601601191,-0.6224752305254626,-0.9274745739175644,-0.4408825936849929
20.0,263.0,1000.9228515625,0.8244933528940794,0.1717593457825232,-2.3768181931737407,-0.0231454770857481,0.518855071084819,-0.571934593955575,0.1201970601601191,-0.6224752305254626,-0.9274745739175644,-0.4408825936849929
20.0,263.0,1000.9228515625,0.8244933528940794,0.1717593457825232,-2.3768181931737407,-0.0231454770857481,0.518855071084819,-0.571934593955575,0.1201970601601191,-0.6224752305254626,-0.9274745739175644,-0.4408825936849929
20.0,263.0,1000.9228515625,0.8244933528940794,0.1717593457825232,-2.3768181931737407,-0.0231454770967385,0.5188550651022683,-0.571934593955575,0.1201970601601191,-0.6224745911503293,-0.9274745739175644,-0.4408825936849929
20.0,263.0,1000.9228515625,0.8244933528940794,0.1717593457825232,-2.376818191353992,-0.0231454774645114,0.518855179095853,-0.571934593955575,0.1201970601601191,-0.6224750096081734,-0.9274745739175644,-0.4408825977298948
20.0,263.0,1000.9228515625,0.8244933528940794,0.1717593457825232,-2.3768181931737407,-0.0231454770949002,0.518855071084819,-0.571934593955575,0.1201970601601191,-0.6224752305254626,-0.9274745739175644,-0.4408825936849929
20.0,263.0,1000.9228515625,0.8244933528940769,0.1717593457825232,-2.3768181931737407,-0.0231454770855083,0.5188548722225405,-0.571934593955575,0.1201970601601191,-0.6224752948063276,-0.9274745739175644,-0.4408825952815947
20.0,263.0,1000.9228515625,0.8244933528940794,0.1717593457825232,-2.3768181931737407,-0.02314547708576,0.5188549956056944,-0.571934593955575,0.1201970601601191,-0.6224752737358081,-0.9274745739175644,-0.4408825970749195
20.0,263.0,1000.9228515625,0.8244933528940794,0.1717593457825232,-2.3768181913912985,-0.0231454770857481,0.518855071084819,-0.571934593955575,0.1201970601601191,-0.6224752305254626,-0.9274745739175644,-0.4408825976836819
20.0,263.0,1000.9228515625,0.8244933528940739,0.1717593457825232,-2.3768181931737407,-0.0231454770857601,0.5188549390173107,-0.571934593955575,0.1201970601601191,-0.6224745491760093,-0.9274745739175644,-0.440882595271642
20.0,263.0,1000.9228515625,0.8244933528940794,0.1717593457825232,-2.3768181931737407,-0.0231454770857481,0.5188550631229458,-0.571934593955575,0.1201970601601191,-0.6224752305254626,-0.9274745739175644,-0.4408825936849929
20.0,263.0,1000.9228515625,0.8244933528940794,0.1717593457825232,-2.376818192963925,-0.0231454770811601,0.518855071084819,-0.571934593955575,0.1201970601601191,-0.6224752733749308,-0.9274745739175644,-0.4408825936849929
20.0,263.0,1000.9228515625,0.8244933528940794,0.1717593457825232,-2.3768181931737407,-0.0231454770857481,0.518855071084819,-0.571934593955575,0.1201970601601191,-0.6224753292271257,-0.9274745739175644,-0.4408825936849929
20.0,263.0,1000.9228515625,0.8244933528940794,0.1717593457825232,-2.3768181931737407,-0.023145477085272,0.5188550686486088,-0.571934593955575,0.1201970601601191,-0.6224752311841399,-0.9274745739175644,-0.4408825970749195
20.0,263.0,1000.9228515625,0.8244933528940794,0.1717593457825232,-2.3768181931737407,-0.023145477085622,0.5188550651022683,-0.571934593955575,0.1201970601601191,-0.6224745911503293,-0.9274745739175644,-0.4408825936849929
20.0,263.0,1000.9228515625,0.8244933528940769,0.1717593457825232,-2.3768181931737407,-0.0231454770857547,0.5188548722225405,-0.571934593955575,0.1201970601601191,-0.6224752898194671,-0.9274745739175644,-0.4408825952819633
20.0,263.0,1000.9228515625,0.8244933528941869,0.1717593457825232,-2.3768181931737407,-0.0231454770845309,0.5188549390173107,-0.571934593955575,0.1201970601601191,-0.6224745491760093,-0.9274745739175644,-0.440882595271642
20.0,263.0,1000.9228515625,0.8244933528940794,0.1717593457825232,-2.3768181931737407,-0.0231454770857391,0.518855071084819,-0.571934593955575,0.1201970601601191,-0.6224753292271257,-0.9274745739175644,-0.440882595319649
20.0,263.0,1000.9228515625,0.8244933528940794,0.1717593457825232,-2.3768181930330443,-0.0231454770857481,0.518855071084819,-0.571934593955575,0.1201970601601191,-0.6224752733749308,-0.9274745739175644,-0.4408825936849929
20.0,263.0,1000.9228515625,0.8244933528940794,0.1717593457825232,-2.376818193061033,-0.0231454770857481,0.518855071084819,-0.571934593955575,0.1201970601601191,-0.6224754177054583,-0.9274745739175644,-0.4408825976836819
20.0,263.0,1000.9228515625,0.8244933528940739,0.1717593457825232,-2.3768181931737407,-0.0231454770857601,0.5188549390173107,-0.571934593955575,0.1201970601601191,-0.6224755737725376,-0.9274745739175644,-0.440882595271642
20.0,263.0,1000.9228515625,0.8244933528940794,0.1717593457825232,-2.3768181913912985,-0.0231454770968646,0.518855071084819,-0.571934593955575,0.1201970601601191,-0.6224752305254626,-0.9274745739175644,-0.4408825976836819
20.0,263.0,1000.9228515625,0.8244933528940739,0.1717593457825232,-2.3768181931737407,-0.0231454770855136,0.5188549783730564,-0.571934593955575,0.1201970601601191,-0.6224752103099741,-0.9274745739175644,-0.4408825952712734
20.0,263.0,1000.9228515625,0.8244933528940794,0.1717593457825232,-2.3768181931737407,-0.0231454770857481,0.518855071084819,-0.571934593955575,0.1201970601601191,-0.6224752305254626,-0.9274745739175644,-0.4408825936849929
20.0,263.0,1000.9228515625,0.8244933528940739,0.1717593457825232,-2.3768181931737407,-0.023145477085748,0.5188549783730564,-0.571934593955575,0.1201970601601191,-0.6224752063261246,-0.9274745739175644,-0.4408822358767253
20.0,263.0,1000.9228515625,0.8244933528940794,0.1717593457825232,-2.3768181931737407,-0.0231454773767155,0.5188550651022683,-0.571934593955575,0.1201970601601191,-0.6224745267222752,-0.9274745739175644,-0.4408825936849929
20.0,263.0,1000.9228515625,0.8244933528940794,0.1717593457825232,-2.3768181931737407,-0.02314547708576,0.5188549956056944,-0.571934593955575,0.1201970601601191,-0.6224752737358081,-0.9274745739175644,-0.4408825970749195
20.0,263.0,1000.9228515625,0.8244933528940739,0.1717593457825232,-2.3768181931737407,-0.0231454770857475,0.5188549390173107,-0.571934593955575,0.1201970601601191,-0.6224755795723167,-0.9274745739175644,-0.440882595271642
20.0,263.0,1000.9228515625,0.8244933528940794,0.1717593457825232,-2.3768181931737407,-0.0231454770857481,0.518855071084819,-0.571934593955575,0.1201970601601191,-0.6224752305254626,-0.9274745739175644,-0.4408825936849929
20.0,263.0,1000.9228515625,0.8244933528940794,0.1717593457825232,-2.3768181931737407,-0.0231454770857481,0.518855071084819,-0.571934593955575,0.1201970601601191,-0.6224752270133052,-0.9274745739175644,-0.4408825936849929
20.0,263.0,1000.9228515625,0.8244933528940794,0.1717593457825232,-2.3768181931737407,-0.0231454770857481,0.518855071084819,-0.571934593955575,0.1201970601601191,-0.6224752200468672,-0.9274745739175644,-0.4408825936849929
20.0,263.0,1000.9228515625,0.8244933528940794,0.1717593457825232,-2.3768181931737407,-0.0231454770857481,0.518855071084819,-0.571934593955575,0.1201970601601191,-0.6224752305254626,-0.9274745739175644,-0.4408825936849929
20.0,263.0,1000.9228515625,0.8244933528940794,0.1717593457825232,-2.3768181930330443,-0.0231454770857481,0.518855071084819,-0.571934593955575,0.1201970601601191,-0.6224752733749308,-0.9274745739175644,-0.4408825936849929
20.0,263.0,1000.9228515625,0.8244933528940794,0.1717593457825232,-2.37681819136488,-0.0231454774645114,0.5188550719914452,-0.571934593955575,0.1201970601601191,-0.6224750096081734,-0.9274745739175644,-0.4408825970711926
20.0,263.0,1000.9228515625,0.8244933528940794,0.1717593457825232,-2.3768181931737407,-0.0231454770857481,0.518855071084819,-0.571934593955575,0.1201970601601191,-0.6224752305254626,-0.9274745739175644,-0.4408825936849929
20.0,263.0,1000.9228515625,0.8244933528940794,0.1717593457825232,-2.3768181914227986,-0.0231454770857484,0.518855071084819,-0.571934593955575,0.1201970601601191,-0.6224755558012645,-0.9274745739175644,-0.4408825976836819
20.0,263.0,1000.9228515625,0.8244933528940794,0.1717593457825232,-2.3768181931737407,-0.0231454770857481,0.518855071084819,-0.571934593955575,0.1201970601601191,-0.6224752305254626,-0.9274745739175644,-0.4408825936849929
20.0,263.0,1000.9228515625,0.8244933528940739,0.1717593457825232,-2.3768181931737407,-0.0231454770855136,0.5188549783730564,-0.571934593955575,0.1201970601601191,-0.6224752103099741,-0.9274745739175644,-0.4408825952712734
20.0,263.0,1000.9228515625,0.8244933528940794,0.1717593457825232,-2.3768181930330443,-0.0231454770857481,0.518855071084819,-0.571934593955575,0.1201970601601191,-0.6224752733749308,-0.9274745739175644,-0.4408825936849929
20.0,263.0,1000.9228515625,0.8244933528940794,0.1717593457825232,-2.3768181931737407,-0.023145477085622,0.5188550651022683,-0.571934593955575,0.1201970601601191,-0.6224746016289248,-0.9274745739175644,-0.4408825936849929
20.0,263.0,1000.9228515625,0.8244933528940794,0.1717593457825232,-2.3768181931737407,-0.0231454770857481,0.518855071084819,-0.571934593955575,0.1201970601601191,-0.6224752305254626,-0.9274745739175644,-0.4408825936849929
20.0,263.0,1000.9228515625,0.8244933528941865,0.1717593457825232,-2.3768181931737407,-0.0231454770845309,0.5188549390173107,-0.571934593955575,0.1201970601601191,-0.6224745491760093,-0.9274745739175644,-0.440882595271642
20.0,263.0,1000.9228515625,0.8244933528940794,0.1717593457825232,-2.3768181941580337,-0.0231454774603887,0.518855071084819,-0.571934593955575,0.1201970601601191,-0.6224752305254626,-0.9274745739175644,-0.4408825936849929
20.0,263.0,1000.9228515625,0.8244933528940794,0.1717593457825232,-2.376818193162853,-0.023145477085272,0.5188551757530165,-0.571934593955575,0.1201970601601191,-0.6224752311841399,-0.9274745739175644,-0.4408825977336218
20.0,263.0,1000.9228515625,0.8244933528940739,0.1717593457825232,-2.376818193142241,-0.0231454770857598,0.5188549390173107,-0.571934593955575,0.1201970601601191,-0.6224752484967357,-0.9274745739175644,-0.440882595271642
20.0,264.0,1000.9228515625,0.8244933528940794,0.1717593457825232,-2.3768181931737407,-0.0231454770857481,0.518855071084819,-0.571934593955575,0.1201970601601191,-0.6224752305254626,-0.9274745739175644,-0.4408825936849929
20.0,264.0,1000.9228515625,0.8244933528940794,0.1717593457825232,-2.3768181941580337,-0.0231454774603887,0.518855071084819,-0.571934593955575,0.1201970601601191,-0.6224752305254626,-0.9274745739175644,-0.4408825936849929
20.0,264.0,1000.9228515625,0.8244933528940794,0.1717593457825232,-2.3768181930330443,-0.0231454770857481,0.518855071084819,-0.571934593955575,0.1201970601601191,-0.6224752733749308,-0.9274745739175644,-0.4408825936849929
20.0,264.0,1000.9228515625,0.8244933528940739,0.1717593457825232,-2.3768181931737407,-0.0231454770857601,0.5188549783730564,-0.571934593955575,0.1201970601601191,-0.6224752053231137,-0.9274745739175644,-0.440882595271642
20.0,264.0,1000.9228515625,0.8244933528940794,0.1717593457825232,-2.376818191353992,-0.0231454774599909,0.5188550210242336,-0.571934593955575,0.1201970601601191,-0.6224750096081734,-0.9274745739175644,-0.4408825939440672
20.0,264.0,1000.9228515625,0.8244933528940794,0.1717593457825232,-2.3768181931737407,-0.0231454770857481,0.518855071084819,-0.571934593955575,0.1201970601601191,-0.6224752305254626,-0.9274745739175644,-0.4408825936849929
20.0,264.0,1000.9228515625,0.8244933528940794,0.1717593457825232,-2.3768181931737407,-0.0231454770857481,0.518855071084819,-0.571934593955575,0.1201970601601191,-0.6224752305254626,-0.9274745739175644,-0.4408825936849929
20.0,264.0,1000.9228515625,0.8244933528940794,0.1717593457825232,-2.3768181931737407,-0.0231454770857481,0.518855071084819,-0.571934593955575,0.1201970601601191,-0.6224752305254626,-0.9274745739175644,-0.4408825936849929
20.0,264.0,1000.9228515625,0.8244933528940794,0.1717593457825232,-2.3768181931737407,-0.0231454770967385,0.5188550651022683,-0.571934593955575,0.1201970601601191,-0.6224745911503293,-0.9274745739175644,-0.4408825936849929
20.0,264.0,1000.9228515625,0.8244933528940794,0.1717593457825232,-2.376818191353992,-0.0231454774645114,0.518855179095853,-0.571934593955575,0.1201970601601191,-0.6224750096081734,-0.9274745739175644,-0.4408825977298948
20.0,264.0,1000.9228515625,0.8244933528940794,0.1717593457825232,-2.3768181931737407,-0.0231454770949002,0.518855071084819,-0.571934593955575,0.1201970601601191,-0.6224752305254626,-0.9274745739175644,-0.4408825936849929
20.0,264.0,1000.9228515625,0.8244933528940769,0.1717593457825232,-2.3768181931737407,-0.0231454770855083,0.5188548722225405,-0.571934593955575,0.1201970601601191,-0.6224752948063276,-0.9274745739175644,-0.4408825952815947
20.0,264.0,1000.9228515625,0.8244933528940794,0.1717593457825232,-2.3768181931737407,-0.02314547708576,0.5188549956056944,-0.571934593955575,0.1201970601601191,-0.6224752737358081,-0.9274745739175644,-0.4408825970749195
20.0,264.0,1000.9228515625,0.8244933528940794,0.1717593457825232,-2.3768181913912985,-0.0231454770857481,0.518855071084819,-0.571934593955575,0.1201970601601191,-0.6224752305254626,-0.9274745739175644,-0.4408825976836819
20.0,264.0,1000.9228515625,0.8244933528940739,0.1717593457825232,-2.3768181931737407,-0.0231454770857601,0.5188549390173107,-0.571934593955575,0.1201970601601191,-0.6224745491760093,-0.9274745739175644,-0.440882595271642
20.0,264.0,1000.9228515625,0.8244933528940794,0.1717593457825232,-2.3768181931737407,-0.0231454770857481,0.5188550631229458,-0.571934593955575,0.1201970601601191,-0.6224752305254626,-0.9274745739175644,-0.4408825936849929
20.0,264.0,1000.9228515625,0.8244933528940794,0.1717593457825232,-2.376818192963925,-0.0231454770811601,0.518855071084819,-0.571934593955575,0.1201970601601191,-0.6224752733749308,-0.9274745739175644,-0.4408825936849929
20.0,264.0,1000.9228515625,0.8244933528940794,0.1717593457825232,-2.3768181931737407,-0.0231454770857481,0.518855071084819,-0.571934593955575,0.1201970601601191,-0.6224753292271257,-0.9274745739175644,-0.4408825936849929
20.0,264.0,1000.9228515625,0.8244933528940794,0.1717593457825232,-2.3768181931737407,-0.023145477085272,0.5188550686486088,-0.571934593955575,0.1201970601601191,-0.6224752311841399,-0.9274745739175644,-0.4408825970749195
20.0,264.0,1000.9228515625,0.8244933528940794,0.1717593457825232,-2.3768181931737407,-0.023145477085622,0.5188550651022683,-0.571934593955575,0.1201970601601191,-0.6224745911503293,-0.9274745739175644,-0.4408825936849929
20.0,264.0,1000.9228515625,0.8244933528940769,0.1717593457825232,-2.3768181931737407,-0.0231454770857547,0.5188548722225405,-0.571934593955575,0.1201970601601191,-0.6224752898194671,-0.9274745739175644,-0.4408825952819633
20.0,264.0,1000.9228515625,0.8244933528941869,0.1717593457825232,-2.3768181931737407,-0.0231454770845309,0.5188549390173107,-0.571934593955575,0.1201970601601191,-0.6224745491760093,-0.9274745739175644,-0.440882595271642
20.0,264.0,1000.9228515625,0.8244933528940794,0.1717593457825232,-2.3768181931737407,-0.0231454770857391,0.518855071084819,-0.571934593955575,0.1201970601601191,-0.6224753292271257,-0.9274745739175644,-0.440882595319649
20.0,264.0,1000.9228515625,0.8244933528940794,0.1717593457825232,-2.3768181930330443,-0.0231454770857481,0.518855071084819,-0.571934593955575,0.1201970601601191,-0.6224752733749308,-0.9274745739175644,-0.4408825936849929
20.0,264.0,1000.9228515625,0.8244933528940794,0.1717593457825232,-2.376818193061033,-0.0231454770857481,0.518855071084819,-0.571934593955575,0.1201970601601191,-0.6224754177054583,-0.9274745739175644,-0.4408825976836819
20.0,264.0,1000.9228515625,0.8244933528940739,0.1717593457825232,-2.3768181931737407,-0.0231454770857601,0.5188549390173107,-0.571934593955575,0.1201970601601191,-0.6224755737725376,-0.9274745739175644,-0.440882595271642
20.0,264.0,1000.9228515625,0.8244933528940794,0.1717593457825232,-2.3768181913912985,-0.0231454770968646,0.518855071084819,-0.571934593955575,0.1201970601601191,-0.6224752305254626,-0.9274745739175644,-0.4408825976836819
20.0,264.0,1000.9228515625,0.8244933528940739,0.1717593457825232,-2.3768181931737407,-0.0231454770855136,0.5188549783730564,-0.571934593955575,0.1201970601601191,-0.6224752103099741,-0.9274745739175644,-0.4408825952712734
20.0,264.0,1000.9228515625,0.8244933528940794,0.1717593457825232,-2.3768181931737407,-0.0231454770857481,0.518855071084819,-0.571934593955575,0.1201970601601191,-0.6224752305254626,-0.9274745739175644,-0.4408825936849929
20.0,264.0,1000.9228515625,0.8244933528940739,0.1717593457825232,-2.3768181931737407,-0.023145477085748,0.5188549783730564,-0.571934593955575,0.1201970601601191,-0.6224752063261246,-0.9274745739175644,-0.4408822358767253
20.0,264.0,1000.9228515625,0.8244933528940794,0.1717593457825232,-2.3768181931737407,-0.0231454773767155,0.5188550651022683,-0.571934593955575,0.1201970601601191,-0.6224745267222752,-0.9274745739175644,-0.4408825936849929
20.0,264.0,1000.9228515625,0.8244933528940794,0.1717593457825232,-2.3768181931737407,-0.02314547708576,0.5188549956056944,-0.571934593955575,0.1201970601601191,-0.6224752737358081,-0.9274745739175644,-0.4408825970749195
20.0,264.0,1000.9228515625,0.8244933528940739,0.1717593457825232,-2.3768181931737407,-0.0231454770857475,0.5188549390173107,-0.571934593955575,0.1201970601601191,-0.6224755795723167,-0.9274745739175644,-0.440882595271642
20.0,264.0,1000.9228515625,0.8244933528940794,0.1717593457825232,-2.3768181931737407,-0.0231454770857481,0.518855071084819,-0.571934593955575,0.1201970601601191,-0.6224752305254626,-0.9274745739175644,-0.4408825936849929
20.0,264.0,1000.9228515625,0.8244933528940794,0.1717593457825232,-2.3768181931737407,-0.0231454770857481,0.518855071084819,-0.571934593955575,0.1201970601601191,-0.6224752270133052,-0.9274745739175644,-0.4408825936849929
20.0,264.0,1000.9228515625,0.8244933528940794,0.1717593457825232,-2.3768181931737407,-0.0231454770857481,0.518855071084819,-0.571934593955575,0.1201970601601191,-0.6224752200468672,-0.9274745739175644,-0.4408825936849929
20.0,264.0,1000.9228515625,0.8244933528940794,0.1717593457825232,-2.3768181931737407,-0.0231454770857481,0.518855071084819,-0.571934593955575,0.1201970601601191,-0.6224752305254626,-0.9274745739175644,-0.4408825936849929
20.0,264.0,1000.9228515625,0.8244933528940794,0.1717593457825232,-2.3768181930330443,-0.0231454770857481,0.518855071084819,-0.571934593955575,0.1201970601601191,-0.6224752733749308,-0.9274745739175644,-0.4408825936849929
20.0,264.0,1000.9228515625,0.8244933528940794,0.1717593457825232,-2.37681819136488,-0.0231454774645114,0.5188550719914452,-0.571934593955575,0.1201970601601191,-0.6224750096081734,-0.9274745739175644,-0.4408825970711926
20.0,264.0,1000.9228515625,0.8244933528940794,0.1717593457825232,-2.3768181931737407,-0.0231454770857481,0.518855071084819,-0.571934593955575,0.1201970601601191,-0.6224752305254626,-0.9274745739175644,-0.4408825936849929
20.0,264.0,1000.9228515625,0.8244933528940794,0.1717593457825232,-2.3768181914227986,-0.0231454770857484,0.518855071084819,-0.571934593955575,0.1201970601601191,-0.6224755558012645,-0.9274745739175644,-0.4408825976836819
20.0,264.0,1000.9228515625,0.8244933528940794,0.1717593457825232,-2.3768181931737407,-0.0231454770857481,0.518855071084819,-0.571934593955575,0.1201970601601191,-0.6224752305254626,-0.9274745739175644,-0.4408825936849929
20.0,264.0,1000.9228515625,0.8244933528940739,0.1717593457825232,-2.3768181931737407,-0.0231454770855136,0.5188549783730564,-0.571934593955575,0.1201970601601191,-0.6224752103099741,-0.9274745739175644,-0.4408825952712734
20.0,264.0,1000.9228515625,0.8244933528940794,0.1717593457825232,-2.3768181930330443,-0.0231454770857481,0.518855071084819,-0.571934593955575,0.1201970601601191,-0.6224752733749308,-0.9274745739175644,-0.4408825936849929
20.0,264.0,1000.9228515625,0.8244933528940794,0.1717593457825232,-2.3768181931737407,-0.023145477085622,0.5188550651022683,-0.571934593955575,0.1201970601601191,-0.6224746016289248,-0.9274745739175644,-0.4408825936849929
20.0,264.0,1000.9228515625,0.8244933528940794,0.1717593457825232,-2.3768181931737407,-0.0231454770857481,0.518855071084819,-0.571934593955575,0.1201970601601191,-0.6224752305254626,-0.9274745739175644,-0.4408825936849929
20.0,264.0,1000.9228515625,0.8244933528941865,0.1717593457825232,-2.3768181931737407,-0.0231454770845309,0.5188549390173107,-0.571934593955575,0.1201970601601191,-0.6224745491760093,-0.9274745739175644,-0.440882595271642
20.0,264.0,1000.9228515625,0.8244933528940794,0.1717593457825232,-2.3768181941580337,-0.0231454774603887,0.518855071084819,-0.571934593955575,0.1201970601601191,-0.6224752305254626,-0.9274745739175644,-0.4408825936849929
20.0,264.0,1000.9228515625,0.8244933528940794,0.1717593457825232,-2.376818193162853,-0.023145477085272,0.5188551757530165,-0.571934593955575,0.1201970601601191,-0.6224752311841399,-0.9274745739175644,-0.4408825977336218
20.0,264.0,1000.9228515625,0.8244933528940739,0.1717593457825232,-2.376818193142241,-0.0231454770857598,0.5188549390173107,-0.571934593955575,0.1201970601601191,-0.6224752484967357,-0.9274745739175644,-0.440882595271642
20.0,265.0,1000.9228515625,0.8244933528940794,0.1717593457825232,-2.3768181931737407,-0.0231454770857481,0.518855071084819,-0.571934593955575,0.1201970601601191,-0.6224752305254626,-0.9274745739175644,-0.4408825936849929
20.0,265.0,1000.9228515625,0.8244933528940794,0.1717593457825232,-2.3768181941580337,-0.0231454774603887,0.518855071084819,-0.571934593955575,0.1201970601601191,-0.6224752305254626,-0.9274745739175644,-0.4408825936849929
20.0,265.0,1000.9228515625,0.8244933528940794,0.1717593457825232,-2.3768181930330443,-0.0231454770857481,0.518855071084819,-0.571934593955575,0.1201970601601191,-0.6224752733749308,-0.9274745739175644,-0.4408825936849929
20.0,265.0,1000.9228515625,0.8244933528940739,0.1717593457825232,-2.3768181931737407,-0.0231454770857601,0.5188549783730564,-0.571934593955575,0.1201970601601191,-0.6224752053231137,-0.9274745739175644,-0.440882595271642
20.0,265.0,1000.9228515625,0.8244933528940794,0.1717593457825232,-2.376818191353992,-0.0231454774599909,0.5188550210242336,-0.571934593955575,0.1201970601601191,-0.6224750096081734,-0.9274745739175644,-0.4408825939440672
20.0,265.0,1000.9228515625,0.8244933528940794,0.1717593457825232,-2.3768181931737407,-0.0231454770857481,0.518855071084819,-0.571934593955575,0.1201970601601191,-0.6224752305254626,-0.9274745739175644,-0.4408825936849929
20.0,265.0,1000.9228515625,0.8244933528940794,0.1717593457825232,-2.3768181931737407,-0.0231454770857481,0.518855071084819,-0.571934593955575,0.1201970601601191,-0.6224752305254626,-0.9274745739175644,-0.4408825936849929
20.0,265.0,1000.9228515625,0.8244933528940794,0.1717593457825232,-2.3768181931737407,-0.0231454770857481,0.518855071084819,-0.571934593955575,0.1201970601601191,-0.6224752305254626,-0.9274745739175644,-0.4408825936849929
20.0,265.0,1000.9228515625,0.8244933528940794,0.1717593457825232,-2.3768181931737407,-0.0231454770967385,0.5188550651022683,-0.571934593955575,0.1201970601601191,-0.6224745911503293,-0.9274745739175644,-0.4408825936849929
20.0,265.0,1000.9228515625,0.8244933528940794,0.1717593457825232,-2.376818191353992,-0.0231454774645114,0.518855179095853,-0.571934593955575,0.1201970601601191,-0.6224750096081734,-0.9274745739175644,-0.4408825977298948
20.0,265.0,1000.9228515625,0.8244933528940794,0.1717593457825232,-2.3768181931737407,-0.0231454770949002,0.518855071084819,-0.571934593955575,0.1201970601601191,-0.6224752305254626,-0.9274745739175644,-0.4408825936849929
20.0,265.0,1000.9228515625,0.8244933528940769,0.1717593457825232,-2.3768181931737407,-0.0231454770855083,0.5188548722225405,-0.571934593955575,0.1201970601601191,-0.6224752948063276,-0.9274745739175644,-0.4408825952815947
20.0,265.0,1000.9228515625,0.8244933528940794,0.1717593457825232,-2.3768181931737407,-0.02314547708576,0.5188549956056944,-0.571934593955575,0.1201970601601191,-0.6224752737358081,-0.9274745739175644,-0.4408825970749195
20.0,265.0,1000.9228515625,0.8244933528940794,0.1717593457825232,-2.3768181913912985,-0.0231454770857481,0.518855071084819,-0.571934593955575,0.1201970601601191,-0.6224752305254626,-0.9274745739175644,-0.4408825976836819
20.0,265.0,1000.9228515625,0.8244933528940739,0.1717593457825232,-2.3768181931737407,-0.0231454770857601,0.5188549390173107,-0.571934593955575,0.1201970601601191,-0.6224745491760093,-0.9274745739175644,-0.440882595271642
20.0,265.0,1000.9228515625,0.8244933528940794,0.1717593457825232,-2.3768181931737407,-0.0231454770857481,0.5188550631229458,-0.571934593955575,0.1201970601601191,-0.6224752305254626,-0.9274745739175644,-0.4408825936849929
20.0,265.0,1000.9228515625,0.8244933528940794,0.1717593457825232,-2.376818192963925,-0.0231454770811601,0.518855071084819,-0.571934593955575,0.1201970601601191,-0.6224752733749308,-0.9274745739175644,-0.4408825936849929
20.0,265.0,1000.9228515625,0.8244933528940794,0.1717593457825232,-2.3768181931737407,-0.0231454770857481,0.518855071084819,-0.571934593955575,0.1201970601601191,-0.6224753292271257,-0.9274745739175644,-0.4408825936849929
20.0,265.0,1000.9228515625,0.8244933528940794,0.1717593457825232,-2.3768181931737407,-0.023145477085272,0.5188550686486088,-0.571934593955575,0.1201970601601191,-0.6224752311841399,-0.9274745739175644,-0.4408825970749195
20.0,265.0,1000.9228515625,0.8244933528940794,0.1717593457825232,-2.3768181931737407,-0.023145477085622,0.5188550651022683,-0.571934593955575,0.1201970601601191,-0.6224745911503293,-0.9274745739175644,-0.4408825936849929
20.0,265.0,1000.9228515625,0.8244933528940769,0.1717593457825232,-2.3768181931737407,-0.0231454770857547,0.5188548722225405,-0.571934593955575,0.1201970601601191,-0.6224752898194671,-0.9274745739175644,-0.4408825952819633
20.0,265.0,1000.9228515625,0.8244933528941869,0.1717593457825232,-2.3768181931737407,-0.0231454770845309,0.5188549390173107,-0.571934593955575,0.1201970601601191,-0.6224745491760093,-0.9274745739175644,-0.440882595271642
20.0,265.0,1000.9228515625,0.8244933528940794,0.1717593457825232,-2.3768181931737407,-0.0231454770857391,0.518855071084819,-0.571934593955575,0.1201970601601191,-0.6224753292271257,-0.9274745739175644,-0.440882595319649
20.0,265.0,1000.9228515625,0.8244933528940794,0.1717593457825232,-2.3768181930330443,-0.0231454770857481,0.518855071084819,-0.571934593955575,0.1201970601601191,-0.6224752733749308,-0.9274745739175644,-0.4408825936849929
20.0,265.0,1000.9228515625,0.8244933528940794,0.1717593457825232,-2.376818193061033,-0.0231454770857481,0.518855071084819,-0.571934593955575,0.1201970601601191,-0.6224754177054583,-0.9274745739175644,-0.4408825976836819
20.0,265.0,1000.9228515625,0.8244933528940739,0.1717593457825232,-2.3768181931737407,-0.0231454770857601,0.5188549390173107,-0.571934593955575,0.1201970601601191,-0.6224755737725376,-0.9274745739175644,-0.440882595271642
20.0,265.0,1000.9228515625,0.8244933528940794,0.1717593457825232,-2.3768181913912985,-0.0231454770968646,0.518855071084819,-0.571934593955575,0.1201970601601191,-0.6224752305254626,-0.9274745739175644,-0.4408825976836819
20.0,265.0,1000.9228515625,0.8244933528940739,0.1717593457825232,-2.3768181931737407,-0.0231454770855136,0.5188549783730564,-0.571934593955575,0.1201970601601191,-0.6224752103099741,-0.9274745739175644,-0.4408825952712734
20.0,265.0,1000.9228515625,0.8244933528940794,0.1717593457825232,-2.3768181931737407,-0.0231454770857481,0.518855071084819,-0.571934593955575,0.1201970601601191,-0.6224752305254626,-0.9274745739175644,-0.4408825936849929
20.0,265.0,1000.9228515625,0.8244933528940739,0.1717593457825232,-2.3768181931737407,-0.023145477085748,0.5188549783730564,-0.571934593955575,0.1201970601601191,-0.6224752063261246,-0.9274745739175644,-0.4408822358767253
20.0,265.0,1000.9228515625,0.8244933528940794,0.1717593457825232,-2.3768181931737407,-0.0231454773767155,0.5188550651022683,-0.571934593955575,0.1201970601601191,-0.6224745267222752,-0.9274745739175644,-0.4408825936849929
20.0,265.0,1000.9228515625,0.8244933528940794,0.1717593457825232,-2.3768181931737407,-0.02314547708576,0.5188549956056944,-0.571934593955575,0.1201970601601191,-0.6224752737358081,-0.9274745739175644,-0.4408825970749195
20.0,265.0,1000.9228515625,0.8244933528940739,0.1717593457825232,-2.3768181931737407,-0.0231454770857475,0.5188549390173107,-0.571934593955575,0.1201970601601191,-0.6224755795723167,-0.9274745739175644,-0.440882595271642
20.0,265.0,1000.9228515625,0.8244933528940794,0.1717593457825232,-2.3768181931737407,-0.0231454770857481,0.518855071084819,-0.571934593955575,0.1201970601601191,-0.6224752305254626,-0.9274745739175644,-0.4408825936849929
20.0,265.0,1000.9228515625,0.8244933528940794,0.1717593457825232,-2.3768181931737407,-0.0231454770857481,0.518855071084819,-0.571934593955575,0.1201970601601191,-0.6224752270133052,-0.9274745739175644,-0.4408825936849929
20.0,265.0,1000.9228515625,0.8244933528940794,0.1717593457825232,-2.3768181931737407,-0.0231454770857481,0.518855071084819,-0.571934593955575,0.1201970601601191,-0.6224752200468672,-0.9274745739175644,-0.4408825936849929
20.0,265.0,1000.9228515625,0.8244933528940794,0.1717593457825232,-2.3768181931737407,-0.0231454770857481,0.518855071084819,-0.571934593955575,0.1201970601601191,-0.6224752305254626,-0.9274745739175644,-0.4408825936849929
20.0,265.0,1000.9228515625,0.8244933528940794,0.1717593457825232,-2.3768181930330443,-0.0231454770857481,0.518855071084819,-0.571934593955575,0.1201970601601191,-0.6224752733749308,-0.9274745739175644,-0.4408825936849929
20.0,265.0,1000.9228515625,0.8244933528940794,0.1717593457825232,-2.37681819136488,-0.0231454774645114,0.5188550719914452,-0.571934593955575,0.1201970601601191,-0.6224750096081734,-0.9274745739175644,-0.4408825970711926
20.0,265.0,1000.9228515625,0.8244933528940794,0.1717593457825232,-2.3768181931737407,-0.0231454770857481,0.518855071084819,-0.571934593955575,0.1201970601601191,-0.6224752305254626,-0.9274745739175644,-0.4408825936849929
20.0,265.0,1000.9228515625,0.8244933528940794,0.1717593457825232,-2.3768181914227986,-0.0231454770857484,0.518855071084819,-0.571934593955575,0.1201970601601191,-0.6224755558012645,-0.9274745739175644,-0.4408825976836819
20.0,265.0,1000.9228515625,0.8244933528940794,0.1717593457825232,-2.3768181931737407,-0.0231454770857481,0.518855071084819,-0.571934593955575,0.1201970601601191,-0.6224752305254626,-0.9274745739175644,-0.4408825936849929
20.0,265.0,1000.9228515625,0.8244933528940739,0.1717593457825232,-2.3768181931737407,-0.0231454770855136,0.5188549783730564,-0.571934593955575,0.1201970601601191,-0.6224752103099741,-0.9274745739175644,-0.4408825952712734
20.0,265.0,1000.9228515625,0.8244933528940794,0.1717593457825232,-2.3768181930330443,-0.0231454770857481,0.518855071084819,-0.571934593955575,0.1201970601601191,-0.6224752733749308,-0.9274745739175644,-0.4408825936849929
20.0,265.0,1000.9228515625,0.8244933528940794,0.1717593457825232,-2.3768181931737407,-0.023145477085622,0.5188550651022683,-0.571934593955575,0.1201970601601191,-0.6224746016289248,-0.9274745739175644,-0.4408825936849929
20.0,265.0,1000.9228515625,0.8244933528940794,0.1717593457825232,-2.3768181931737407,-0.0231454770857481,0.518855071084819,-0.571934593955575,0.1201970601601191,-0.6224752305254626,-0.9274745739175644,-0.4408825936849929
20.0,265.0,1000.9228515625,0.8244933528941865,0.1717593457825232,-2.3768181931737407,-0.0231454770845309,0.5188549390173107,-0.571934593955575,0.1201970601601191,-0.6224745491760093,-0.9274745739175644,-0.440882595271642
20.0,265.0,1000.9228515625,0.8244933528940794,0.1717593457825232,-2.3768181941580337,-0.0231454774603887,0.518855071084819,-0.571934593955575,0.1201970601601191,-0.6224752305254626,-0.9274745739175644,-0.4408825936849929
20.0,265.0,1000.9228515625,0.8244933528940794,0.1717593457825232,-2.376818193162853,-0.023145477085272,0.5188551757530165,-0.571934593955575,0.1201970601601191,-0.6224752311841399,-0.9274745739175644,-0.4408825977336218
20.0,265.0,1000.9228515625,0.8244933528940739,0.1717593457825232,-2.376818193142241,-0.0231454770857598,0.5188549390173107,-0.571934593955575,0.1201970601601191,-0.6224752484967357,-0.9274745739175644,-0.440882595271642
20.0,266.0,1000.9228515625,0.8244933528940794,0.1717593457825232,-2.3768181931737407,-0.0231454770857481,0.518855071084819,-0.571934593955575,0.1201970601601191,-0.6224752305254626,-0.9274745739175644,-0.4408825936849929
20.0,266.0,1000.9228515625,0.8244933528940794,0.1717593457825232,-2.3768181941580337,-0.0231454774603887,0.518855071084819,-0.571934593955575,0.1201970601601191,-0.6224752305254626,-0.9274745739175644,-0.4408825936849929
20.0,266.0,1000.9228515625,0.8244933528940794,0.1717593457825232,-2.3768181930330443,-0.0231454770857481,0.518855071084819,-0.571934593955575,0.1201970601601191,-0.6224752733749308,-0.9274745739175644,-0.4408825936849929
20.0,266.0,1000.9228515625,0.8244933528940739,0.1717593457825232,-2.3768181931737407,-0.0231454770857601,0.5188549783730564,-0.571934593955575,0.1201970601601191,-0.6224752053231137,-0.9274745739175644,-0.440882595271642
20.0,266.0,1000.9228515625,0.8244933528940794,0.1717593457825232,-2.376818191353992,-0.0231454774599909,0.5188550210242336,-0.571934593955575,0.1201970601601191,-0.6224750096081734,-0.9274745739175644,-0.4408825939440672
20.0,266.0,1000.9228515625,0.8244933528940794,0.1717593457825232,-2.3768181931737407,-0.0231454770857481,0.518855071084819,-0.571934593955575,0.1201970601601191,-0.6224752305254626,-0.9274745739175644,-0.4408825936849929
20.0,266.0,1000.9228515625,0.8244933528940794,0.1717593457825232,-2.3768181931737407,-0.0231454770857481,0.518855071084819,-0.571934593955575,0.1201970601601191,-0.6224752305254626,-0.9274745739175644,-0.4408825936849929
20.0,266.0,1000.9228515625,0.8244933528940794,0.1717593457825232,-2.3768181931737407,-0.0231454770857481,0.518855071084819,-0.571934593955575,0.1201970601601191,-0.6224752305254626,-0.9274745739175644,-0.4408825936849929
20.0,266.0,1000.9228515625,0.8244933528940794,0.1717593457825232,-2.3768181931737407,-0.0231454770967385,0.5188550651022683,-0.571934593955575,0.1201970601601191,-0.6224745911503293,-0.9274745739175644,-0.4408825936849929
20.0,266.0,1000.9228515625,0.8244933528940794,0.1717593457825232,-2.376818191353992,-0.0231454774645114,0.518855179095853,-0.571934593955575,0.1201970601601191,-0.6224750096081734,-0.9274745739175644,-0.4408825977298948
20.0,266.0,1000.9228515625,0.8244933528940794,0.1717593457825232,-2.3768181931737407,-0.0231454770949002,0.518855071084819,-0.571934593955575,0.1201970601601191,-0.6224752305254626,-0.9274745739175644,-0.4408825936849929
20.0,266.0,1000.9228515625,0.8244933528940769,0.1717593457825232,-2.3768181931737407,-0.0231454770855083,0.5188548722225405,-0.571934593955575,0.1201970601601191,-0.6224752948063276,-0.9274745739175644,-0.4408825952815947
20.0,266.0,1000.9228515625,0.8244933528940794,0.1717593457825232,-2.3768181931737407,-0.02314547708576,0.5188549956056944,-0.571934593955575,0.1201970601601191,-0.6224752737358081,-0.9274745739175644,-0.4408825970749195
20.0,266.0,1000.9228515625,0.8244933528940794,0.1717593457825232,-2.3768181913912985,-0.0231454770857481,0.518855071084819,-0.571934593955575,0.1201970601601191,-0.6224752305254626,-0.9274745739175644,-0.4408825976836819
20.0,266.0,1000.9228515625,0.8244933528940739,0.1717593457825232,-2.3768181931737407,-0.0231454770857601,0.5188549390173107,-0.571934593955575,0.1201970601601191,-0.6224745491760093,-0.9274745739175644,-0.440882595271642
20.0,266.0,1000.9228515625,0.8244933528940794,0.1717593457825232,-2.3768181931737407,-0.0231454770857481,0.5188550631229458,-0.571934593955575,0.1201970601601191,-0.6224752305254626,-0.9274745739175644,-0.4408825936849929
20.0,266.0,1000.9228515625,0.8244933528940794,0.1717593457825232,-2.376818192963925,-0.0231454770811601,0.518855071084819,-0.571934593955575,0.1201970601601191,-0.6224752733749308,-0.9274745739175644,-0.4408825936849929
20.0,266.0,1000.9228515625,0.8244933528940794,0.1717593457825232,-2.3768181931737407,-0.0231454770857481,0.518855071084819,-0.571934593955575,0.1201970601601191,-0.6224753292271257,-0.9274745739175644,-0.4408825936849929
20.0,266.0,1000.9228515625,0.8244933528940794,0.1717593457825232,-2.3768181931737407,-0.023145477085272,0.5188550686486088,-0.571934593955575,0.1201970601601191,-0.6224752311841399,-0.9274745739175644,-0.4408825970749195
20.0,266.0,1000.9228515625,0.8244933528940794,0.1717593457825232,-2.3768181931737407,-0.023145477085622,0.5188550651022683,-0.571934593955575,0.1201970601601191,-0.6224745911503293,-0.9274745739175644,-0.4408825936849929
20.0,266.0,1000.9228515625,0.8244933528940769,0.1717593457825232,-2.3768181931737407,-0.0231454770857547,0.5188548722225405,-0.571934593955575,0.1201970601601191,-0.6224752898194671,-0.9274745739175644,-0.4408825952819633
20.0,266.0,1000.9228515625,0.8244933528941869,0.1717593457825232,-2.3768181931737407,-0.0231454770845309,0.5188549390173107,-0.571934593955575,0.1201970601601191,-0.6224745491760093,-0.9274745739175644,-0.440882595271642
20.0,266.0,1000.9228515625,0.8244933528940794,0.1717593457825232,-2.3768181931737407,-0.0231454770857391,0.518855071084819,-0.571934593955575,0.1201970601601191,-0.6224753292271257,-0.9274745739175644,-0.440882595319649
20.0,266.0,1000.9228515625,0.8244933528940794,0.1717593457825232,-2.3768181930330443,-0.0231454770857481,0.518855071084819,-0.571934593955575,0.1201970601601191,-0.6224752733749308,-0.9274745739175644,-0.4408825936849929
20.0,266.0,1000.9228515625,0.8244933528940794,0.1717593457825232,-2.376818193061033,-0.0231454770857481,0.518855071084819,-0.571934593955575,0.1201970601601191,-0.6224754177054583,-0.9274745739175644,-0.4408825976836819
20.0,266.0,1000.9228515625,0.8244933528940739,0.1717593457825232,-2.3768181931737407,-0.0231454770857601,0.5188549390173107,-0.571934593955575,0.1201970601601191,-0.6224755737725376,-0.9274745739175644,-0.440882595271642
20.0,266.0,1000.9228515625,0.8244933528940794,0.1717593457825232,-2.3768181913912985,-0.0231454770968646,0.518855071084819,-0.571934593955575,0.1201970601601191,-0.6224752305254626,-0.9274745739175644,-0.4408825976836819
20.0,266.0,1000.9228515625,0.8244933528940739,0.1717593457825232,-2.3768181931737407,-0.0231454770855136,0.5188549783730564,-0.571934593955575,0.1201970601601191,-0.6224752103099741,-0.9274745739175644,-0.4408825952712734
20.0,266.0,1000.9228515625,0.8244933528940794,0.1717593457825232,-2.3768181931737407,-0.0231454770857481,0.518855071084819,-0.571934593955575,0.1201970601601191,-0.6224752305254626,-0.9274745739175644,-0.4408825936849929
20.0,266.0,1000.9228515625,0.8244933528940739,0.1717593457825232,-2.3768181931737407,-0.023145477085748,0.5188549783730564,-0.571934593955575,0.1201970601601191,-0.6224752063261246,-0.9274745739175644,-0.4408822358767253
20.0,266.0,1000.9228515625,0.8244933528940794,0.1717593457825232,-2.3768181931737407,-0.0231454773767155,0.5188550651022683,-0.571934593955575,0.1201970601601191,-0.6224745267222752,-0.9274745739175644,-0.4408825936849929
20.0,266.0,1000.9228515625,0.8244933528940794,0.1717593457825232,-2.3768181931737407,-0.02314547708576,0.5188549956056944,-0.571934593955575,0.1201970601601191,-0.6224752737358081,-0.9274745739175644,-0.4408825970749195
20.0,266.0,1000.9228515625,0.8244933528940739,0.1717593457825232,-2.3768181931737407,-0.0231454770857475,0.5188549390173107,-0.571934593955575,0.1201970601601191,-0.6224755795723167,-0.9274745739175644,-0.440882595271642
20.0,266.0,1000.9228515625,0.8244933528940794,0.1717593457825232,-2.3768181931737407,-0.0231454770857481,0.518855071084819,-0.571934593955575,0.1201970601601191,-0.6224752305254626,-0.9274745739175644,-0.4408825936849929
20.0,266.0,1000.9228515625,0.8244933528940794,0.1717593457825232,-2.3768181931737407,-0.0231454770857481,0.518855071084819,-0.571934593955575,0.1201970601601191,-0.6224752270133052,-0.9274745739175644,-0.4408825936849929
20.0,266.0,1000.9228515625,0.8244933528940794,0.1717593457825232,-2.3768181931737407,-0.0231454770857481,0.518855071084819,-0.571934593955575,0.1201970601601191,-0.6224752200468672,-0.9274745739175644,-0.4408825936849929
20.0,266.0,1000.9228515625,0.8244933528940794,0.1717593457825232,-2.3768181931737407,-0.0231454770857481,0.518855071084819,-0.571934593955575,0.1201970601601191,-0.6224752305254626,-0.9274745739175644,-0.4408825936849929
20.0,266.0,1000.9228515625,0.8244933528940794,0.1717593457825232,-2.3768181930330443,-0.0231454770857481,0.518855071084819,-0.571934593955575,0.1201970601601191,-0.6224752733749308,-0.9274745739175644,-0.4408825936849929
20.0,266.0,1000.9228515625,0.8244933528940794,0.1717593457825232,-2.37681819136488,-0.0231454774645114,0.5188550719914452,-0.571934593955575,0.1201970601601191,-0.6224750096081734,-0.9274745739175644,-0.4408825970711926
20.0,266.0,1000.9228515625,0.8244933528940794,0.1717593457825232,-2.3768181931737407,-0.0231454770857481,0.518855071084819,-0.571934593955575,0.1201970601601191,-0.6224752305254626,-0.9274745739175644,-0.4408825936849929
20.0,266.0,1000.9228515625,0.8244933528940794,0.1717593457825232,-2.3768181914227986,-0.0231454770857484,0.518855071084819,-0.571934593955575,0.1201970601601191,-0.6224755558012645,-0.9274745739175644,-0.4408825976836819
20.0,266.0,1000.9228515625,0.8244933528940794,0.1717593457825232,-2.3768181931737407,-0.0231454770857481,0.518855071084819,-0.571934593955575,0.1201970601601191,-0.6224752305254626,-0.9274745739175644,-0.4408825936849929
20.0,266.0,1000.9228515625,0.8244933528940739,0.1717593457825232,-2.3768181931737407,-0.0231454770855136,0.5188549783730564,-0.571934593955575,0.1201970601601191,-0.6224752103099741,-0.9274745739175644,-0.4408825952712734
20.0,266.0,1000.9228515625,0.8244933528940794,0.1717593457825232,-2.3768181930330443,-0.0231454770857481,0.518855071084819,-0.571934593955575,0.1201970601601191,-0.6224752733749308,-0.9274745739175644,-0.4408825936849929
20.0,266.0,1000.9228515625,0.8244933528940794,0.1717593457825232,-2.3768181931737407,-0.023145477085622,0.5188550651022683,-0.571934593955575,0.1201970601601191,-0.6224746016289248,-0.9274745739175644,-0.4408825936849929
20.0,266.0,1000.9228515625,0.8244933528940794,0.1717593457825232,-2.3768181931737407,-0.0231454770857481,0.518855071084819,-0.571934593955575,0.1201970601601191,-0.6224752305254626,-0.9274745739175644,-0.4408825936849929
20.0,266.0,1000.9228515625,0.8244933528941865,0.1717593457825232,-2.3768181931737407,-0.0231454770845309,0.5188549390173107,-0.571934593955575,0.1201970601601191,-0.6224745491760093,-0.9274745739175644,-0.440882595271642
20.0,266.0,1000.9228515625,0.8244933528940794,0.1717593457825232,-2.3768181941580337,-0.0231454774603887,0.518855071084819,-0.571934593955575,0.1201970601601191,-0.6224752305254626,-0.9274745739175644,-0.4408825936849929
20.0,266.0,1000.9228515625,0.8244933528940794,0.1717593457825232,-2.376818193162853,-0.023145477085272,0.5188551757530165,-0.571934593955575,0.1201970601601191,-0.6224752311841399,-0.9274745739175644,-0.4408825977336218
20.0,266.0,1000.9228515625,0.8244933528940739,0.1717593457825232,-2.376818193142241,-0.0231454770857598,0.5188549390173107,-0.571934593955575,0.1201970601601191,-0.6224752484967357,-0.9274745739175644,-0.440882595271642
20.0,267.0,1000.9228515625,0.8244933528940794,0.1717593457825232,-2.3768181931737407,-0.0231454770857481,0.518855071084819,-0.571934593955575,0.1201970601601191,-0.6224752305254626,-0.9274745739175644,-0.4408825936849929
20.0,267.0,1000.9228515625,0.8244933528940794,0.1717593457825232,-2.3768181941580337,-0.0231454774603887,0.518855071084819,-0.571934593955575,0.1201970601601191,-0.6224752305254626,-0.9274745739175644,-0.4408825936849929
20.0,267.0,1000.9228515625,0.8244933528940794,0.1717593457825232,-2.3768181930330443,-0.0231454770857481,0.518855071084819,-0.571934593955575,0.1201970601601191,-0.6224752733749308,-0.9274745739175644,-0.4408825936849929
20.0,267.0,1000.9228515625,0.8244933528940739,0.1717593457825232,-2.3768181931737407,-0.0231454770857601,0.5188549783730564,-0.571934593955575,0.1201970601601191,-0.6224752053231137,-0.9274745739175644,-0.440882595271642
20.0,267.0,1000.9228515625,0.8244933528940794,0.1717593457825232,-2.376818191353992,-0.0231454774599909,0.5188550210242336,-0.571934593955575,0.1201970601601191,-0.6224750096081734,-0.9274745739175644,-0.4408825939440672
20.0,267.0,1000.9228515625,0.8244933528940794,0.1717593457825232,-2.3768181931737407,-0.0231454770857481,0.518855071084819,-0.571934593955575,0.1201970601601191,-0.6224752305254626,-0.9274745739175644,-0.4408825936849929
20.0,267.0,1000.9228515625,0.8244933528940794,0.1717593457825232,-2.3768181931737407,-0.0231454770857481,0.518855071084819,-0.571934593955575,0.1201970601601191,-0.6224752305254626,-0.9274745739175644,-0.4408825936849929
20.0,267.0,1000.9228515625,0.8244933528940794,0.1717593457825232,-2.3768181931737407,-0.0231454770857481,0.518855071084819,-0.571934593955575,0.1201970601601191,-0.6224752305254626,-0.9274745739175644,-0.4408825936849929
20.0,267.0,1000.9228515625,0.8244933528940794,0.1717593457825232,-2.3768181931737407,-0.0231454770967385,0.5188550651022683,-0.571934593955575,0.1201970601601191,-0.6224745911503293,-0.9274745739175644,-0.4408825936849929
20.0,267.0,1000.9228515625,0.8244933528940794,0.1717593457825232,-2.376818191353992,-0.0231454774645114,0.518855179095853,-0.571934593955575,0.1201970601601191,-0.6224750096081734,-0.9274745739175644,-0.4408825977298948
20.0,267.0,1000.9228515625,0.8244933528940794,0.1717593457825232,-2.3768181931737407,-0.0231454770949002,0.518855071084819,-0.571934593955575,0.1201970601601191,-0.6224752305254626,-0.9274745739175644,-0.4408825936849929
20.0,267.0,1000.9228515625,0.8244933528940769,0.1717593457825232,-2.3768181931737407,-0.0231454770855083,0.5188548722225405,-0.571934593955575,0.1201970601601191,-0.6224752948063276,-0.9274745739175644,-0.4408825952815947
20.0,267.0,1000.9228515625,0.8244933528940794,0.1717593457825232,-2.3768181931737407,-0.02314547708576,0.5188549956056944,-0.571934593955575,0.1201970601601191,-0.6224752737358081,-0.9274745739175644,-0.4408825970749195
20.0,267.0,1000.9228515625,0.8244933528940794,0.1717593457825232,-2.3768181913912985,-0.0231454770857481,0.518855071084819,-0.571934593955575,0.1201970601601191,-0.6224752305254626,-0.9274745739175644,-0.4408825976836819
20.0,267.0,1000.9228515625,0.8244933528940739,0.1717593457825232,-2.3768181931737407,-0.0231454770857601,0.5188549390173107,-0.571934593955575,0.1201970601601191,-0.6224745491760093,-0.9274745739175644,-0.440882595271642
20.0,267.0,1000.9228515625,0.8244933528940794,0.1717593457825232,-2.3768181931737407,-0.0231454770857481,0.5188550631229458,-0.571934593955575,0.1201970601601191,-0.6224752305254626,-0.9274745739175644,-0.4408825936849929
20.0,267.0,1000.9228515625,0.8244933528940794,0.1717593457825232,-2.376818192963925,-0.0231454770811601,0.518855071084819,-0.571934593955575,0.1201970601601191,-0.6224752733749308,-0.9274745739175644,-0.4408825936849929
20.0,267.0,1000.9228515625,0.8244933528940794,0.1717593457825232,-2.3768181931737407,-0.0231454770857481,0.518855071084819,-0.571934593955575,0.1201970601601191,-0.6224753292271257,-0.9274745739175644,-0.4408825936849929
20.0,267.0,1000.9228515625,0.8244933528940794,0.1717593457825232,-2.3768181931737407,-0.023145477085272,0.5188550686486088,-0.571934593955575,0.1201970601601191,-0.6224752311841399,-0.9274745739175644,-0.4408825970749195
20.0,267.0,1000.9228515625,0.8244933528940794,0.1717593457825232,-2.3768181931737407,-0.023145477085622,0.5188550651022683,-0.571934593955575,0.1201970601601191,-0.6224745911503293,-0.9274745739175644,-0.4408825936849929
20.0,267.0,1000.9228515625,0.8244933528940769,0.1717593457825232,-2.3768181931737407,-0.0231454770857547,0.5188548722225405,-0.571934593955575,0.1201970601601191,-0.6224752898194671,-0.9274745739175644,-0.4408825952819633
20.0,267.0,1000.9228515625,0.8244933528941869,0.1717593457825232,-2.3768181931737407,-0.0231454770845309,0.5188549390173107,-0.571934593955575,0.1201970601601191,-0.6224745491760093,-0.9274745739175644,-0.440882595271642
20.0,267.0,1000.9228515625,0.8244933528940794,0.1717593457825232,-2.3768181931737407,-0.0231454770857391,0.518855071084819,-0.571934593955575,0.1201970601601191,-0.6224753292271257,-0.9274745739175644,-0.440882595319649
20.0,267.0,1000.9228515625,0.8244933528940794,0.1717593457825232,-2.3768181930330443,-0.0231454770857481,0.518855071084819,-0.571934593955575,0.1201970601601191,-0.6224752733749308,-0.9274745739175644,-0.4408825936849929
20.0,267.0,1000.9228515625,0.8244933528940794,0.1717593457825232,-2.376818193061033,-0.0231454770857481,0.518855071084819,-0.571934593955575,0.1201970601601191,-0.6224754177054583,-0.9274745739175644,-0.4408825976836819
20.0,267.0,1000.9228515625,0.8244933528940739,0.1717593457825232,-2.3768181931737407,-0.0231454770857601,0.5188549390173107,-0.571934593955575,0.1201970601601191,-0.6224755737725376,-0.9274745739175644,-0.440882595271642
20.0,267.0,1000.9228515625,0.8244933528940794,0.1717593457825232,-2.3768181913912985,-0.0231454770968646,0.518855071084819,-0.571934593955575,0.1201970601601191,-0.6224752305254626,-0.9274745739175644,-0.4408825976836819
20.0,267.0,1000.9228515625,0.8244933528940739,0.1717593457825232,-2.3768181931737407,-0.0231454770855136,0.5188549783730564,-0.571934593955575,0.1201970601601191,-0.6224752103099741,-0.9274745739175644,-0.4408825952712734
20.0,267.0,1000.9228515625,0.8244933528940794,0.1717593457825232,-2.3768181931737407,-0.0231454770857481,0.518855071084819,-0.571934593955575,0.1201970601601191,-0.6224752305254626,-0.9274745739175644,-0.4408825936849929
20.0,267.0,1000.9228515625,0.8244933528940739,0.1717593457825232,-2.3768181931737407,-0.023145477085748,0.5188549783730564,-0.571934593955575,0.1201970601601191,-0.6224752063261246,-0.9274745739175644,-0.4408822358767253
20.0,267.0,1000.9228515625,0.8244933528940794,0.1717593457825232,-2.3768181931737407,-0.0231454773767155,0.5188550651022683,-0.571934593955575,0.1201970601601191,-0.6224745267222752,-0.9274745739175644,-0.4408825936849929
20.0,267.0,1000.9228515625,0.8244933528940794,0.1717593457825232,-2.3768181931737407,-0.02314547708576,0.5188549956056944,-0.571934593955575,0.1201970601601191,-0.6224752737358081,-0.9274745739175644,-0.4408825970749195
20.0,267.0,1000.9228515625,0.8244933528940739,0.1717593457825232,-2.3768181931737407,-0.0231454770857475,0.5188549390173107,-0.571934593955575,0.1201970601601191,-0.6224755795723167,-0.9274745739175644,-0.440882595271642
20.0,267.0,1000.9228515625,0.8244933528940794,0.1717593457825232,-2.3768181931737407,-0.0231454770857481,0.518855071084819,-0.571934593955575,0.1201970601601191,-0.6224752305254626,-0.9274745739175644,-0.4408825936849929
20.0,267.0,1000.9228515625,0.8244933528940794,0.1717593457825232,-2.3768181931737407,-0.0231454770857481,0.518855071084819,-0.571934593955575,0.1201970601601191,-0.6224752270133052,-0.9274745739175644,-0.4408825936849929
20.0,267.0,1000.9228515625,0.8244933528940794,0.1717593457825232,-2.3768181931737407,-0.0231454770857481,0.518855071084819,-0.571934593955575,0.1201970601601191,-0.6224752200468672,-0.9274745739175644,-0.4408825936849929
20.0,267.0,1000.9228515625,0.8244933528940794,0.1717593457825232,-2.3768181931737407,-0.0231454770857481,0.518855071084819,-0.571934593955575,0.1201970601601191,-0.6224752305254626,-0.9274745739175644,-0.4408825936849929
20.0,267.0,1000.9228515625,0.8244933528940794,0.1717593457825232,-2.3768181930330443,-0.0231454770857481,0.518855071084819,-0.571934593955575,0.1201970601601191,-0.6224752733749308,-0.9274745739175644,-0.4408825936849929
20.0,267.0,1000.9228515625,0.8244933528940794,0.1717593457825232,-2.37681819136488,-0.0231454774645114,0.5188550719914452,-0.571934593955575,0.1201970601601191,-0.6224750096081734,-0.9274745739175644,-0.4408825970711926
20.0,267.0,1000.9228515625,0.8244933528940794,0.1717593457825232,-2.3768181931737407,-0.0231454770857481,0.518855071084819,-0.571934593955575,0.1201970601601191,-0.6224752305254626,-0.9274745739175644,-0.4408825936849929
20.0,267.0,1000.9228515625,0.8244933528940794,0.1717593457825232,-2.3768181914227986,-0.0231454770857484,0.518855071084819,-0.571934593955575,0.1201970601601191,-0.6224755558012645,-0.9274745739175644,-0.4408825976836819
20.0,267.0,1000.9228515625,0.8244933528940794,0.1717593457825232,-2.3768181931737407,-0.0231454770857481,0.518855071084819,-0.571934593955575,0.1201970601601191,-0.6224752305254626,-0.9274745739175644,-0.4408825936849929
20.0,267.0,1000.9228515625,0.8244933528940739,0.1717593457825232,-2.3768181931737407,-0.0231454770855136,0.5188549783730564,-0.571934593955575,0.1201970601601191,-0.6224752103099741,-0.9274745739175644,-0.4408825952712734
20.0,267.0,1000.9228515625,0.8244933528940794,0.1717593457825232,-2.3768181930330443,-0.0231454770857481,0.518855071084819,-0.571934593955575,0.1201970601601191,-0.6224752733749308,-0.9274745739175644,-0.4408825936849929
20.0,267.0,1000.9228515625,0.8244933528940794,0.1717593457825232,-2.3768181931737407,-0.023145477085622,0.5188550651022683,-0.571934593955575,0.1201970601601191,-0.6224746016289248,-0.9274745739175644,-0.4408825936849929
20.0,267.0,1000.9228515625,0.8244933528940794,0.1717593457825232,-2.3768181931737407,-0.0231454770857481,0.518855071084819,-0.571934593955575,0.1201970601601191,-0.6224752305254626,-0.9274745739175644,-0.4408825936849929
20.0,267.0,1000.9228515625,0.8244933528941865,0.1717593457825232,-2.3768181931737407,-0.0231454770845309,0.5188549390173107,-0.571934593955575,0.1201970601601191,-0.6224745491760093,-0.9274745739175644,-0.440882595271642
20.0,267.0,1000.9228515625,0.8244933528940794,0.1717593457825232,-2.3768181941580337,-0.0231454774603887,0.518855071084819,-0.571934593955575,0.1201970601601191,-0.6224752305254626,-0.9274745739175644,-0.4408825936849929
20.0,267.0,1000.9228515625,0.8244933528940794,0.1717593457825232,-2.376818193162853,-0.023145477085272,0.5188551757530165,-0.571934593955575,0.1201970601601191,-0.6224752311841399,-0.9274745739175644,-0.4408825977336218
20.0,267.0,1000.9228515625,0.8244933528940739,0.1717593457825232,-2.376818193142241,-0.0231454770857598,0.5188549390173107,-0.571934593955575,0.1201970601601191,-0.6224752484967357,-0.9274745739175644,-0.440882595271642
20.0,268.0,1000.9228515625,0.8244933528940794,0.1717593457825232,-2.3768181931737407,-0.0231454770857481,0.518855071084819,-0.571934593955575,0.1201970601601191,-0.6224752305254626,-0.9274745739175644,-0.4408825936849929
20.0,268.0,1000.9228515625,0.8244933528940794,0.1717593457825232,-2.3768181941580337,-0.0231454774603887,0.518855071084819,-0.571934593955575,0.1201970601601191,-0.6224752305254626,-0.9274745739175644,-0.4408825936849929
20.0,268.0,1000.9228515625,0.8244933528940794,0.1717593457825232,-2.3768181930330443,-0.0231454770857481,0.518855071084819,-0.571934593955575,0.1201970601601191,-0.6224752733749308,-0.9274745739175644,-0.4408825936849929
20.0,268.0,1000.9228515625,0.8244933528940739,0.1717593457825232,-2.3768181931737407,-0.0231454770857601,0.5188549783730564,-0.571934593955575,0.1201970601601191,-0.6224752053231137,-0.9274745739175644,-0.440882595271642
20.0,268.0,1000.9228515625,0.8244933528940794,0.1717593457825232,-2.376818191353992,-0.0231454774599909,0.5188550210242336,-0.571934593955575,0.1201970601601191,-0.6224750096081734,-0.9274745739175644,-0.4408825939440672
20.0,268.0,1000.9228515625,0.8244933528940794,0.1717593457825232,-2.3768181931737407,-0.0231454770857481,0.518855071084819,-0.571934593955575,0.1201970601601191,-0.6224752305254626,-0.9274745739175644,-0.4408825936849929
20.0,268.0,1000.9228515625,0.8244933528940794,0.1717593457825232,-2.3768181931737407,-0.0231454770857481,0.518855071084819,-0.571934593955575,0.1201970601601191,-0.6224752305254626,-0.9274745739175644,-0.4408825936849929
20.0,268.0,1000.9228515625,0.8244933528940794,0.1717593457825232,-2.3768181931737407,-0.0231454770857481,0.518855071084819,-0.571934593955575,0.1201970601601191,-0.6224752305254626,-0.9274745739175644,-0.4408825936849929
20.0,268.0,1000.9228515625,0.8244933528940794,0.1717593457825232,-2.3768181931737407,-0.0231454770967385,0.5188550651022683,-0.571934593955575,0.1201970601601191,-0.6224745911503293,-0.9274745739175644,-0.4408825936849929
20.0,268.0,1000.9228515625,0.8244933528940794,0.1717593457825232,-2.376818191353992,-0.0231454774645114,0.518855179095853,-0.571934593955575,0.1201970601601191,-0.6224750096081734,-0.9274745739175644,-0.4408825977298948
20.0,268.0,1000.9228515625,0.8244933528940794,0.1717593457825232,-2.3768181931737407,-0.0231454770949002,0.518855071084819,-0.571934593955575,0.1201970601601191,-0.6224752305254626,-0.9274745739175644,-0.4408825936849929
20.0,268.0,1000.9228515625,0.8244933528940769,0.1717593457825232,-2.3768181931737407,-0.0231454770855083,0.5188548722225405,-0.571934593955575,0.1201970601601191,-0.6224752948063276,-0.9274745739175644,-0.4408825952815947
20.0,268.0,1000.9228515625,0.8244933528940794,0.1717593457825232,-2.3768181931737407,-0.02314547708576,0.5188549956056944,-0.571934593955575,0.1201970601601191,-0.6224752737358081,-0.9274745739175644,-0.4408825970749195
20.0,268.0,1000.9228515625,0.8244933528940794,0.1717593457825232,-2.3768181913912985,-0.0231454770857481,0.518855071084819,-0.571934593955575,0.1201970601601191,-0.6224752305254626,-0.9274745739175644,-0.4408825976836819
20.0,268.0,1000.9228515625,0.8244933528940739,0.1717593457825232,-2.3768181931737407,-0.0231454770857601,0.5188549390173107,-0.571934593955575,0.1201970601601191,-0.6224745491760093,-0.9274745739175644,-0.440882595271642
20.0,268.0,1000.9228515625,0.8244933528940794,0.1717593457825232,-2.3768181931737407,-0.0231454770857481,0.5188550631229458,-0.571934593955575,0.1201970601601191,-0.6224752305254626,-0.9274745739175644,-0.4408825936849929
20.0,268.0,1000.9228515625,0.8244933528940794,0.1717593457825232,-2.376818192963925,-0.0231454770811601,0.518855071084819,-0.571934593955575,0.1201970601601191,-0.6224752733749308,-0.9274745739175644,-0.4408825936849929
20.0,268.0,1000.9228515625,0.8244933528940794,0.1717593457825232,-2.3768181931737407,-0.0231454770857481,0.518855071084819,-0.571934593955575,0.1201970601601191,-0.6224753292271257,-0.9274745739175644,-0.4408825936849929
20.0,268.0,1000.9228515625,0.8244933528940794,0.1717593457825232,-2.3768181931737407,-0.023145477085272,0.5188550686486088,-0.571934593955575,0.1201970601601191,-0.6224752311841399,-0.9274745739175644,-0.4408825970749195
20.0,268.0,1000.9228515625,0.8244933528940794,0.1717593457825232,-2.3768181931737407,-0.023145477085622,0.5188550651022683,-0.571934593955575,0.1201970601601191,-0.6224745911503293,-0.9274745739175644,-0.4408825936849929
20.0,268.0,1000.9228515625,0.8244933528940769,0.1717593457825232,-2.3768181931737407,-0.0231454770857547,0.5188548722225405,-0.571934593955575,0.1201970601601191,-0.6224752898194671,-0.9274745739175644,-0.4408825952819633
20.0,268.0,1000.9228515625,0.8244933528941869,0.1717593457825232,-2.3768181931737407,-0.0231454770845309,0.5188549390173107,-0.571934593955575,0.1201970601601191,-0.6224745491760093,-0.9274745739175644,-0.440882595271642
20.0,268.0,1000.9228515625,0.8244933528940794,0.1717593457825232,-2.3768181931737407,-0.0231454770857391,0.518855071084819,-0.571934593955575,0.1201970601601191,-0.6224753292271257,-0.9274745739175644,-0.440882595319649
20.0,268.0,1000.9228515625,0.8244933528940794,0.1717593457825232,-2.3768181930330443,-0.0231454770857481,0.518855071084819,-0.571934593955575,0.1201970601601191,-0.6224752733749308,-0.9274745739175644,-0.4408825936849929
20.0,268.0,1000.9228515625,0.8244933528940794,0.1717593457825232,-2.376818193061033,-0.0231454770857481,0.518855071084819,-0.571934593955575,0.1201970601601191,-0.6224754177054583,-0.9274745739175644,-0.4408825976836819
20.0,268.0,1000.9228515625,0.8244933528940739,0.1717593457825232,-2.3768181931737407,-0.0231454770857601,0.5188549390173107,-0.571934593955575,0.1201970601601191,-0.6224755737725376,-0.9274745739175644,-0.440882595271642
20.0,268.0,1000.9228515625,0.8244933528940794,0.1717593457825232,-2.3768181913912985,-0.0231454770968646,0.518855071084819,-0.571934593955575,0.1201970601601191,-0.6224752305254626,-0.9274745739175644,-0.4408825976836819
20.0,268.0,1000.9228515625,0.8244933528940739,0.1717593457825232,-2.3768181931737407,-0.0231454770855136,0.5188549783730564,-0.571934593955575,0.1201970601601191,-0.6224752103099741,-0.9274745739175644,-0.4408825952712734
20.0,268.0,1000.9228515625,0.8244933528940794,0.1717593457825232,-2.3768181931737407,-0.0231454770857481,0.518855071084819,-0.571934593955575,0.1201970601601191,-0.6224752305254626,-0.9274745739175644,-0.4408825936849929
20.0,268.0,1000.9228515625,0.8244933528940739,0.1717593457825232,-2.3768181931737407,-0.023145477085748,0.5188549783730564,-0.571934593955575,0.1201970601601191,-0.6224752063261246,-0.9274745739175644,-0.4408822358767253
20.0,268.0,1000.9228515625,0.8244933528940794,0.1717593457825232,-2.3768181931737407,-0.0231454773767155,0.5188550651022683,-0.571934593955575,0.1201970601601191,-0.6224745267222752,-0.9274745739175644,-0.4408825936849929
20.0,268.0,1000.9228515625,0.8244933528940794,0.1717593457825232,-2.3768181931737407,-0.02314547708576,0.5188549956056944,-0.571934593955575,0.1201970601601191,-0.6224752737358081,-0.9274745739175644,-0.4408825970749195
20.0,268.0,1000.9228515625,0.8244933528940739,0.1717593457825232,-2.3768181931737407,-0.0231454770857475,0.5188549390173107,-0.571934593955575,0.1201970601601191,-0.6224755795723167,-0.9274745739175644,-0.440882595271642
20.0,268.0,1000.9228515625,0.8244933528940794,0.1717593457825232,-2.3768181931737407,-0.0231454770857481,0.518855071084819,-0.571934593955575,0.1201970601601191,-0.6224752305254626,-0.9274745739175644,-0.4408825936849929
20.0,268.0,1000.9228515625,0.8244933528940794,0.1717593457825232,-2.3768181931737407,-0.0231454770857481,0.518855071084819,-0.571934593955575,0.1201970601601191,-0.6224752270133052,-0.9274745739175644,-0.4408825936849929
20.0,268.0,1000.9228515625,0.8244933528940794,0.1717593457825232,-2.3768181931737407,-0.0231454770857481,0.518855071084819,-0.571934593955575,0.1201970601601191,-0.6224752200468672,-0.9274745739175644,-0.4408825936849929
20.0,268.0,1000.9228515625,0.8244933528940794,0.1717593457825232,-2.3768181931737407,-0.0231454770857481,0.518855071084819,-0.571934593955575,0.1201970601601191,-0.6224752305254626,-0.9274745739175644,-0.4408825936849929
20.0,268.0,1000.9228515625,0.8244933528940794,0.1717593457825232,-2.3768181930330443,-0.0231454770857481,0.518855071084819,-0.571934593955575,0.1201970601601191,-0.6224752733749308,-0.9274745739175644,-0.4408825936849929
20.0,268.0,1000.9228515625,0.8244933528940794,0.1717593457825232,-2.37681819136488,-0.0231454774645114,0.5188550719914452,-0.571934593955575,0.1201970601601191,-0.6224750096081734,-0.9274745739175644,-0.4408825970711926
20.0,268.0,1000.9228515625,0.8244933528940794,0.1717593457825232,-2.3768181931737407,-0.0231454770857481,0.518855071084819,-0.571934593955575,0.1201970601601191,-0.6224752305254626,-0.9274745739175644,-0.4408825936849929
20.0,268.0,1000.9228515625,0.8244933528940794,0.1717593457825232,-2.3768181914227986,-0.0231454770857484,0.518855071084819,-0.571934593955575,0.1201970601601191,-0.6224755558012645,-0.9274745739175644,-0.4408825976836819
20.0,268.0,1000.9228515625,0.8244933528940794,0.1717593457825232,-2.3768181931737407,-0.0231454770857481,0.518855071084819,-0.571934593955575,0.1201970601601191,-0.6224752305254626,-0.9274745739175644,-0.4408825936849929
20.0,268.0,1000.9228515625,0.8244933528940739,0.1717593457825232,-2.3768181931737407,-0.0231454770855136,0.5188549783730564,-0.571934593955575,0.1201970601601191,-0.6224752103099741,-0.9274745739175644,-0.4408825952712734
20.0,268.0,1000.9228515625,0.8244933528940794,0.1717593457825232,-2.3768181930330443,-0.0231454770857481,0.518855071084819,-0.571934593955575,0.1201970601601191,-0.6224752733749308,-0.9274745739175644,-0.4408825936849929
20.0,268.0,1000.9228515625,0.8244933528940794,0.1717593457825232,-2.3768181931737407,-0.023145477085622,0.5188550651022683,-0.571934593955575,0.1201970601601191,-0.6224746016289248,-0.9274745739175644,-0.4408825936849929
20.0,268.0,1000.9228515625,0.8244933528940794,0.1717593457825232,-2.3768181931737407,-0.0231454770857481,0.518855071084819,-0.571934593955575,0.1201970601601191,-0.6224752305254626,-0.9274745739175644,-0.4408825936849929
20.0,268.0,1000.9228515625,0.8244933528941865,0.1717593457825232,-2.3768181931737407,-0.0231454770845309,0.5188549390173107,-0.571934593955575,0.1201970601601191,-0.6224745491760093,-0.9274745739175644,-0.440882595271642
20.0,268.0,1000.9228515625,0.8244933528940794,0.1717593457825232,-2.3768181941580337,-0.0231454774603887,0.518855071084819,-0.571934593955575,0.1201970601601191,-0.6224752305254626,-0.9274745739175644,-0.4408825936849929
20.0,268.0,1000.9228515625,0.8244933528940794,0.1717593457825232,-2.376818193162853,-0.023145477085272,0.5188551757530165,-0.571934593955575,0.1201970601601191,-0.6224752311841399,-0.9274745739175644,-0.4408825977336218
20.0,268.0,1000.9228515625,0.8244933528940739,0.1717593457825232,-2.376818193142241,-0.0231454770857598,0.5188549390173107,-0.571934593955575,0.1201970601601191,-0.6224752484967357,-0.9274745739175644,-0.440882595271642
20.0,269.0,1000.9228515625,0.8244933528940794,0.1717593457825232,-2.3768181931737407,-0.0231454770857481,0.518855071084819,-0.571934593955575,0.1201970601601191,-0.6224752305254626,-0.9274745739175644,-0.4408825936849929
20.0,269.0,1000.9228515625,0.8244933528940794,0.1717593457825232,-2.3768181941580337,-0.0231454774603887,0.518855071084819,-0.571934593955575,0.1201970601601191,-0.6224752305254626,-0.9274745739175644,-0.4408825936849929
20.0,269.0,1000.9228515625,0.8244933528940794,0.1717593457825232,-2.3768181930330443,-0.0231454770857481,0.518855071084819,-0.571934593955575,0.1201970601601191,-0.6224752733749308,-0.9274745739175644,-0.4408825936849929
20.0,269.0,1000.9228515625,0.8244933528940739,0.1717593457825232,-2.3768181931737407,-0.0231454770857601,0.5188549783730564,-0.571934593955575,0.1201970601601191,-0.6224752053231137,-0.9274745739175644,-0.440882595271642
20.0,269.0,1000.9228515625,0.8244933528940794,0.1717593457825232,-2.376818191353992,-0.0231454774599909,0.5188550210242336,-0.571934593955575,0.1201970601601191,-0.6224750096081734,-0.9274745739175644,-0.4408825939440672
20.0,269.0,1000.9228515625,0.8244933528940794,0.1717593457825232,-2.3768181931737407,-0.0231454770857481,0.518855071084819,-0.571934593955575,0.1201970601601191,-0.6224752305254626,-0.9274745739175644,-0.4408825936849929
20.0,269.0,1000.9228515625,0.8244933528940794,0.1717593457825232,-2.3768181931737407,-0.0231454770857481,0.518855071084819,-0.571934593955575,0.1201970601601191,-0.6224752305254626,-0.9274745739175644,-0.4408825936849929
20.0,269.0,1000.9228515625,0.8244933528940794,0.1717593457825232,-2.3768181931737407,-0.0231454770857481,0.518855071084819,-0.571934593955575,0.1201970601601191,-0.6224752305254626,-0.9274745739175644,-0.4408825936849929
20.0,269.0,1000.9228515625,0.8244933528940794,0.1717593457825232,-2.3768181931737407,-0.0231454770967385,0.5188550651022683,-0.571934593955575,0.1201970601601191,-0.6224745911503293,-0.9274745739175644,-0.4408825936849929
20.0,269.0,1000.9228515625,0.8244933528940794,0.1717593457825232,-2.376818191353992,-0.0231454774645114,0.518855179095853,-0.571934593955575,0.1201970601601191,-0.6224750096081734,-0.9274745739175644,-0.4408825977298948
20.0,269.0,1000.9228515625,0.8244933528940794,0.1717593457825232,-2.3768181931737407,-0.0231454770949002,0.518855071084819,-0.571934593955575,0.1201970601601191,-0.6224752305254626,-0.9274745739175644,-0.4408825936849929
20.0,269.0,1000.9228515625,0.8244933528940769,0.1717593457825232,-2.3768181931737407,-0.0231454770855083,0.5188548722225405,-0.571934593955575,0.1201970601601191,-0.6224752948063276,-0.9274745739175644,-0.4408825952815947
20.0,269.0,1000.9228515625,0.8244933528940794,0.1717593457825232,-2.3768181931737407,-0.02314547708576,0.5188549956056944,-0.571934593955575,0.1201970601601191,-0.6224752737358081,-0.9274745739175644,-0.4408825970749195
20.0,269.0,1000.9228515625,0.8244933528940794,0.1717593457825232,-2.3768181913912985,-0.0231454770857481,0.518855071084819,-0.571934593955575,0.1201970601601191,-0.6224752305254626,-0.9274745739175644,-0.4408825976836819
20.0,269.0,1000.9228515625,0.8244933528940739,0.1717593457825232,-2.3768181931737407,-0.0231454770857601,0.5188549390173107,-0.571934593955575,0.1201970601601191,-0.6224745491760093,-0.9274745739175644,-0.440882595271642
20.0,269.0,1000.9228515625,0.8244933528940794,0.1717593457825232,-2.3768181931737407,-0.0231454770857481,0.5188550631229458,-0.571934593955575,0.1201970601601191,-0.6224752305254626,-0.9274745739175644,-0.4408825936849929
20.0,269.0,1000.9228515625,0.8244933528940794,0.1717593457825232,-2.376818192963925,-0.0231454770811601,0.518855071084819,-0.571934593955575,0.1201970601601191,-0.6224752733749308,-0.9274745739175644,-0.4408825936849929
20.0,269.0,1000.9228515625,0.8244933528940794,0.1717593457825232,-2.3768181931737407,-0.0231454770857481,0.518855071084819,-0.571934593955575,0.1201970601601191,-0.6224753292271257,-0.9274745739175644,-0.4408825936849929
20.0,269.0,1000.9228515625,0.8244933528940794,0.1717593457825232,-2.3768181931737407,-0.023145477085272,0.5188550686486088,-0.571934593955575,0.1201970601601191,-0.6224752311841399,-0.9274745739175644,-0.4408825970749195
20.0,269.0,1000.9228515625,0.8244933528940794,0.1717593457825232,-2.3768181931737407,-0.023145477085622,0.5188550651022683,-0.571934593955575,0.1201970601601191,-0.6224745911503293,-0.9274745739175644,-0.4408825936849929
20.0,269.0,1000.9228515625,0.8244933528940769,0.1717593457825232,-2.3768181931737407,-0.0231454770857547,0.5188548722225405,-0.571934593955575,0.1201970601601191,-0.6224752898194671,-0.9274745739175644,-0.4408825952819633
20.0,269.0,1000.9228515625,0.8244933528941869,0.1717593457825232,-2.3768181931737407,-0.0231454770845309,0.5188549390173107,-0.571934593955575,0.1201970601601191,-0.6224745491760093,-0.9274745739175644,-0.440882595271642
20.0,269.0,1000.9228515625,0.8244933528940794,0.1717593457825232,-2.3768181931737407,-0.0231454770857391,0.518855071084819,-0.571934593955575,0.1201970601601191,-0.6224753292271257,-0.9274745739175644,-0.440882595319649
20.0,269.0,1000.9228515625,0.8244933528940794,0.1717593457825232,-2.3768181930330443,-0.0231454770857481,0.518855071084819,-0.571934593955575,0.1201970601601191,-0.6224752733749308,-0.9274745739175644,-0.4408825936849929
20.0,269.0,1000.9228515625,0.8244933528940794,0.1717593457825232,-2.376818193061033,-0.0231454770857481,0.518855071084819,-0.571934593955575,0.1201970601601191,-0.6224754177054583,-0.9274745739175644,-0.4408825976836819
20.0,269.0,1000.9228515625,0.8244933528940739,0.1717593457825232,-2.3768181931737407,-0.0231454770857601,0.5188549390173107,-0.571934593955575,0.1201970601601191,-0.6224755737725376,-0.9274745739175644,-0.440882595271642
20.0,269.0,1000.9228515625,0.8244933528940794,0.1717593457825232,-2.3768181913912985,-0.0231454770968646,0.518855071084819,-0.571934593955575,0.1201970601601191,-0.6224752305254626,-0.9274745739175644,-0.4408825976836819
20.0,269.0,1000.9228515625,0.8244933528940739,0.1717593457825232,-2.3768181931737407,-0.0231454770855136,0.5188549783730564,-0.571934593955575,0.1201970601601191,-0.6224752103099741,-0.9274745739175644,-0.4408825952712734
20.0,269.0,1000.9228515625,0.8244933528940794,0.1717593457825232,-2.3768181931737407,-0.0231454770857481,0.518855071084819,-0.571934593955575,0.1201970601601191,-0.6224752305254626,-0.9274745739175644,-0.4408825936849929
20.0,269.0,1000.9228515625,0.8244933528940739,0.1717593457825232,-2.3768181931737407,-0.023145477085748,0.5188549783730564,-0.571934593955575,0.1201970601601191,-0.6224752063261246,-0.9274745739175644,-0.4408822358767253
20.0,269.0,1000.9228515625,0.8244933528940794,0.1717593457825232,-2.3768181931737407,-0.0231454773767155,0.5188550651022683,-0.571934593955575,0.1201970601601191,-0.6224745267222752,-0.9274745739175644,-0.4408825936849929
20.0,269.0,1000.9228515625,0.8244933528940794,0.1717593457825232,-2.3768181931737407,-0.02314547708576,0.5188549956056944,-0.571934593955575,0.1201970601601191,-0.6224752737358081,-0.9274745739175644,-0.4408825970749195
20.0,269.0,1000.9228515625,0.8244933528940739,0.1717593457825232,-2.3768181931737407,-0.0231454770857475,0.5188549390173107,-0.571934593955575,0.1201970601601191,-0.6224755795723167,-0.9274745739175644,-0.440882595271642
20.0,269.0,1000.9228515625,0.8244933528940794,0.1717593457825232,-2.3768181931737407,-0.0231454770857481,0.518855071084819,-0.571934593955575,0.1201970601601191,-0.6224752305254626,-0.9274745739175644,-0.4408825936849929
20.0,269.0,1000.9228515625,0.8244933528940794,0.1717593457825232,-2.3768181931737407,-0.0231454770857481,0.518855071084819,-0.571934593955575,0.1201970601601191,-0.6224752270133052,-0.9274745739175644,-0.4408825936849929
20.0,269.0,1000.9228515625,0.8244933528940794,0.1717593457825232,-2.3768181931737407,-0.0231454770857481,0.518855071084819,-0.571934593955575,0.1201970601601191,-0.6224752200468672,-0.9274745739175644,-0.4408825936849929
20.0,269.0,1000.9228515625,0.8244933528940794,0.1717593457825232,-2.3768181931737407,-0.0231454770857481,0.518855071084819,-0.571934593955575,0.1201970601601191,-0.6224752305254626,-0.9274745739175644,-0.4408825936849929
20.0,269.0,1000.9228515625,0.8244933528940794,0.1717593457825232,-2.3768181930330443,-0.0231454770857481,0.518855071084819,-0.571934593955575,0.1201970601601191,-0.6224752733749308,-0.9274745739175644,-0.4408825936849929
20.0,269.0,1000.9228515625,0.8244933528940794,0.1717593457825232,-2.37681819136488,-0.0231454774645114,0.5188550719914452,-0.571934593955575,0.1201970601601191,-0.6224750096081734,-0.9274745739175644,-0.4408825970711926
20.0,269.0,1000.9228515625,0.8244933528940794,0.1717593457825232,-2.3768181931737407,-0.0231454770857481,0.518855071084819,-0.571934593955575,0.1201970601601191,-0.6224752305254626,-0.9274745739175644,-0.4408825936849929
20.0,269.0,1000.9228515625,0.8244933528940794,0.1717593457825232,-2.3768181914227986,-0.0231454770857484,0.518855071084819,-0.571934593955575,0.1201970601601191,-0.6224755558012645,-0.9274745739175644,-0.4408825976836819
20.0,269.0,1000.9228515625,0.8244933528940794,0.1717593457825232,-2.3768181931737407,-0.0231454770857481,0.518855071084819,-0.571934593955575,0.1201970601601191,-0.6224752305254626,-0.9274745739175644,-0.4408825936849929
20.0,269.0,1000.9228515625,0.8244933528940739,0.1717593457825232,-2.3768181931737407,-0.0231454770855136,0.5188549783730564,-0.571934593955575,0.1201970601601191,-0.6224752103099741,-0.9274745739175644,-0.4408825952712734
20.0,269.0,1000.9228515625,0.8244933528940794,0.1717593457825232,-2.3768181930330443,-0.0231454770857481,0.518855071084819,-0.571934593955575,0.1201970601601191,-0.6224752733749308,-0.9274745739175644,-0.4408825936849929
20.0,269.0,1000.9228515625,0.8244933528940794,0.1717593457825232,-2.3768181931737407,-0.023145477085622,0.5188550651022683,-0.571934593955575,0.1201970601601191,-0.6224746016289248,-0.9274745739175644,-0.4408825936849929
20.0,269.0,1000.9228515625,0.8244933528940794,0.1717593457825232,-2.3768181931737407,-0.0231454770857481,0.518855071084819,-0.571934593955575,0.1201970601601191,-0.6224752305254626,-0.9274745739175644,-0.4408825936849929
20.0,269.0,1000.9228515625,0.8244933528941865,0.1717593457825232,-2.3768181931737407,-0.0231454770845309,0.5188549390173107,-0.571934593955575,0.1201970601601191,-0.6224745491760093,-0.9274745739175644,-0.440882595271642
20.0,269.0,1000.9228515625,0.8244933528940794,0.1717593457825232,-2.3768181941580337,-0.0231454774603887,0.518855071084819,-0.571934593955575,0.1201970601601191,-0.6224752305254626,-0.9274745739175644,-0.4408825936849929
20.0,269.0,1000.9228515625,0.8244933528940794,0.1717593457825232,-2.376818193162853,-0.023145477085272,0.5188551757530165,-0.571934593955575,0.1201970601601191,-0.6224752311841399,-0.9274745739175644,-0.4408825977336218
20.0,269.0,1000.9228515625,0.8244933528940739,0.1717593457825232,-2.376818193142241,-0.0231454770857598,0.5188549390173107,-0.571934593955575,0.1201970601601191,-0.6224752484967357,-0.9274745739175644,-0.440882595271642
20.0,270.0,1000.9228515625,0.8244933528940794,0.1717593457825232,-2.3768181931737407,-0.0231454770857481,0.518855071084819,-0.571934593955575,0.1201970601601191,-0.6224752305254626,-0.9274745739175644,-0.4408825936849929
20.0,270.0,1000.9228515625,0.8244933528940794,0.1717593457825232,-2.3768181941580337,-0.0231454774603887,0.518855071084819,-0.571934593955575,0.1201970601601191,-0.6224752305254626,-0.9274745739175644,-0.4408825936849929
20.0,270.0,1000.9228515625,0.8244933528940794,0.1717593457825232,-2.3768181930330443,-0.0231454770857481,0.518855071084819,-0.571934593955575,0.1201970601601191,-0.6224752733749308,-0.9274745739175644,-0.4408825936849929
20.0,270.0,1000.9228515625,0.8244933528940739,0.1717593457825232,-2.3768181931737407,-0.0231454770857601,0.5188549783730564,-0.571934593955575,0.1201970601601191,-0.6224752053231137,-0.9274745739175644,-0.440882595271642
20.0,270.0,1000.9228515625,0.8244933528940794,0.1717593457825232,-2.376818191353992,-0.0231454774599909,0.5188550210242336,-0.571934593955575,0.1201970601601191,-0.6224750096081734,-0.9274745739175644,-0.4408825939440672
20.0,270.0,1000.9228515625,0.8244933528940794,0.1717593457825232,-2.3768181931737407,-0.0231454770857481,0.518855071084819,-0.571934593955575,0.1201970601601191,-0.6224752305254626,-0.9274745739175644,-0.4408825936849929
20.0,270.0,1000.9228515625,0.8244933528940794,0.1717593457825232,-2.3768181931737407,-0.0231454770857481,0.518855071084819,-0.571934593955575,0.1201970601601191,-0.6224752305254626,-0.9274745739175644,-0.4408825936849929
20.0,270.0,1000.9228515625,0.8244933528940794,0.1717593457825232,-2.3768181931737407,-0.0231454770857481,0.518855071084819,-0.571934593955575,0.1201970601601191,-0.6224752305254626,-0.9274745739175644,-0.4408825936849929
20.0,270.0,1000.9228515625,0.8244933528940794,0.1717593457825232,-2.3768181931737407,-0.0231454770967385,0.5188550651022683,-0.571934593955575,0.1201970601601191,-0.6224745911503293,-0.9274745739175644,-0.4408825936849929
20.0,270.0,1000.9228515625,0.8244933528940794,0.1717593457825232,-2.376818191353992,-0.0231454774645114,0.518855179095853,-0.571934593955575,0.1201970601601191,-0.6224750096081734,-0.9274745739175644,-0.4408825977298948
20.0,270.0,1000.9228515625,0.8244933528940794,0.1717593457825232,-2.3768181931737407,-0.0231454770949002,0.518855071084819,-0.571934593955575,0.1201970601601191,-0.6224752305254626,-0.9274745739175644,-0.4408825936849929
20.0,270.0,1000.9228515625,0.8244933528940769,0.1717593457825232,-2.3768181931737407,-0.0231454770855083,0.5188548722225405,-0.571934593955575,0.1201970601601191,-0.6224752948063276,-0.9274745739175644,-0.4408825952815947
20.0,270.0,1000.9228515625,0.8244933528940794,0.1717593457825232,-2.3768181931737407,-0.02314547708576,0.5188549956056944,-0.571934593955575,0.1201970601601191,-0.6224752737358081,-0.9274745739175644,-0.4408825970749195
20.0,270.0,1000.9228515625,0.8244933528940794,0.1717593457825232,-2.3768181913912985,-0.0231454770857481,0.518855071084819,-0.571934593955575,0.1201970601601191,-0.6224752305254626,-0.9274745739175644,-0.4408825976836819
20.0,270.0,1000.9228515625,0.8244933528940739,0.1717593457825232,-2.3768181931737407,-0.0231454770857601,0.5188549390173107,-0.571934593955575,0.1201970601601191,-0.6224745491760093,-0.9274745739175644,-0.440882595271642
20.0,270.0,1000.9228515625,0.8244933528940794,0.1717593457825232,-2.3768181931737407,-0.0231454770857481,0.5188550631229458,-0.571934593955575,0.1201970601601191,-0.6224752305254626,-0.9274745739175644,-0.4408825936849929
20.0,270.0,1000.9228515625,0.8244933528940794,0.1717593457825232,-2.376818192963925,-0.0231454770811601,0.518855071084819,-0.571934593955575,0.1201970601601191,-0.6224752733749308,-0.9274745739175644,-0.4408825936849929
20.0,270.0,1000.9228515625,0.8244933528940794,0.1717593457825232,-2.3768181931737407,-0.0231454770857481,0.518855071084819,-0.571934593955575,0.1201970601601191,-0.6224753292271257,-0.9274745739175644,-0.4408825936849929
20.0,270.0,1000.9228515625,0.8244933528940794,0.1717593457825232,-2.3768181931737407,-0.023145477085272,0.5188550686486088,-0.571934593955575,0.1201970601601191,-0.6224752311841399,-0.9274745739175644,-0.4408825970749195
20.0,270.0,1000.9228515625,0.8244933528940794,0.1717593457825232,-2.3768181931737407,-0.023145477085622,0.5188550651022683,-0.571934593955575,0.1201970601601191,-0.6224745911503293,-0.9274745739175644,-0.4408825936849929
20.0,270.0,1000.9228515625,0.8244933528940769,0.1717593457825232,-2.3768181931737407,-0.0231454770857547,0.5188548722225405,-0.571934593955575,0.1201970601601191,-0.6224752898194671,-0.9274745739175644,-0.4408825952819633
20.0,270.0,1000.9228515625,0.8244933528941869,0.1717593457825232,-2.3768181931737407,-0.0231454770845309,0.5188549390173107,-0.571934593955575,0.1201970601601191,-0.6224745491760093,-0.9274745739175644,-0.440882595271642
20.0,270.0,1000.9228515625,0.8244933528940794,0.1717593457825232,-2.3768181931737407,-0.0231454770857391,0.518855071084819,-0.571934593955575,0.1201970601601191,-0.6224753292271257,-0.9274745739175644,-0.440882595319649
20.0,270.0,1000.9228515625,0.8244933528940794,0.1717593457825232,-2.3768181930330443,-0.0231454770857481,0.518855071084819,-0.571934593955575,0.1201970601601191,-0.6224752733749308,-0.9274745739175644,-0.4408825936849929
20.0,270.0,1000.9228515625,0.8244933528940794,0.1717593457825232,-2.376818193061033,-0.0231454770857481,0.518855071084819,-0.571934593955575,0.1201970601601191,-0.6224754177054583,-0.9274745739175644,-0.4408825976836819
20.0,270.0,1000.9228515625,0.8244933528940739,0.1717593457825232,-2.3768181931737407,-0.0231454770857601,0.5188549390173107,-0.571934593955575,0.1201970601601191,-0.6224755737725376,-0.9274745739175644,-0.440882595271642
20.0,270.0,1000.9228515625,0.8244933528940794,0.1717593457825232,-2.3768181913912985,-0.0231454770968646,0.518855071084819,-0.571934593955575,0.1201970601601191,-0.6224752305254626,-0.9274745739175644,-0.4408825976836819
20.0,270.0,1000.9228515625,0.8244933528940739,0.1717593457825232,-2.3768181931737407,-0.0231454770855136,0.5188549783730564,-0.571934593955575,0.1201970601601191,-0.6224752103099741,-0.9274745739175644,-0.4408825952712734
20.0,270.0,1000.9228515625,0.8244933528940794,0.1717593457825232,-2.3768181931737407,-0.0231454770857481,0.518855071084819,-0.571934593955575,0.1201970601601191,-0.6224752305254626,-0.9274745739175644,-0.4408825936849929
20.0,270.0,1000.9228515625,0.8244933528940739,0.1717593457825232,-2.3768181931737407,-0.023145477085748,0.5188549783730564,-0.571934593955575,0.1201970601601191,-0.6224752063261246,-0.9274745739175644,-0.4408822358767253
20.0,270.0,1000.9228515625,0.8244933528940794,0.1717593457825232,-2.3768181931737407,-0.0231454773767155,0.5188550651022683,-0.571934593955575,0.1201970601601191,-0.6224745267222752,-0.9274745739175644,-0.4408825936849929
20.0,270.0,1000.9228515625,0.8244933528940794,0.1717593457825232,-2.3768181931737407,-0.02314547708576,0.5188549956056944,-0.571934593955575,0.1201970601601191,-0.6224752737358081,-0.9274745739175644,-0.4408825970749195
20.0,270.0,1000.9228515625,0.8244933528940739,0.1717593457825232,-2.3768181931737407,-0.0231454770857475,0.5188549390173107,-0.571934593955575,0.1201970601601191,-0.6224755795723167,-0.9274745739175644,-0.440882595271642
20.0,270.0,1000.9228515625,0.8244933528940794,0.1717593457825232,-2.3768181931737407,-0.0231454770857481,0.518855071084819,-0.571934593955575,0.1201970601601191,-0.6224752305254626,-0.9274745739175644,-0.4408825936849929
20.0,270.0,1000.9228515625,0.8244933528940794,0.1717593457825232,-2.3768181931737407,-0.0231454770857481,0.518855071084819,-0.571934593955575,0.1201970601601191,-0.6224752270133052,-0.9274745739175644,-0.4408825936849929
20.0,270.0,1000.9228515625,0.8244933528940794,0.1717593457825232,-2.3768181931737407,-0.0231454770857481,0.518855071084819,-0.571934593955575,0.1201970601601191,-0.6224752200468672,-0.9274745739175644,-0.4408825936849929
20.0,270.0,1000.9228515625,0.8244933528940794,0.1717593457825232,-2.3768181931737407,-0.0231454770857481,0.518855071084819,-0.571934593955575,0.1201970601601191,-0.6224752305254626,-0.9274745739175644,-0.4408825936849929
20.0,270.0,1000.9228515625,0.8244933528940794,0.1717593457825232,-2.3768181930330443,-0.0231454770857481,0.518855071084819,-0.571934593955575,0.1201970601601191,-0.6224752733749308,-0.9274745739175644,-0.4408825936849929
20.0,270.0,1000.9228515625,0.8244933528940794,0.1717593457825232,-2.37681819136488,-0.0231454774645114,0.5188550719914452,-0.571934593955575,0.1201970601601191,-0.6224750096081734,-0.9274745739175644,-0.4408825970711926
20.0,270.0,1000.9228515625,0.8244933528940794,0.1717593457825232,-2.3768181931737407,-0.0231454770857481,0.518855071084819,-0.571934593955575,0.1201970601601191,-0.6224752305254626,-0.9274745739175644,-0.4408825936849929
20.0,270.0,1000.9228515625,0.8244933528940794,0.1717593457825232,-2.3768181914227986,-0.0231454770857484,0.518855071084819,-0.571934593955575,0.1201970601601191,-0.6224755558012645,-0.9274745739175644,-0.4408825976836819
20.0,270.0,1000.9228515625,0.8244933528940794,0.1717593457825232,-2.3768181931737407,-0.0231454770857481,0.518855071084819,-0.571934593955575,0.1201970601601191,-0.6224752305254626,-0.9274745739175644,-0.4408825936849929
20.0,270.0,1000.9228515625,0.8244933528940739,0.1717593457825232,-2.3768181931737407,-0.0231454770855136,0.5188549783730564,-0.571934593955575,0.1201970601601191,-0.6224752103099741,-0.9274745739175644,-0.4408825952712734
20.0,270.0,1000.9228515625,0.8244933528940794,0.1717593457825232,-2.3768181930330443,-0.0231454770857481,0.518855071084819,-0.571934593955575,0.1201970601601191,-0.6224752733749308,-0.9274745739175644,-0.4408825936849929
20.0,270.0,1000.9228515625,0.8244933528940794,0.1717593457825232,-2.3768181931737407,-0.023145477085622,0.5188550651022683,-0.571934593955575,0.1201970601601191,-0.6224746016289248,-0.9274745739175644,-0.4408825936849929
20.0,270.0,1000.9228515625,0.8244933528940794,0.1717593457825232,-2.3768181931737407,-0.0231454770857481,0.518855071084819,-0.571934593955575,0.1201970601601191,-0.6224752305254626,-0.9274745739175644,-0.4408825936849929
20.0,270.0,1000.9228515625,0.8244933528941865,0.1717593457825232,-2.3768181931737407,-0.0231454770845309,0.5188549390173107,-0.571934593955575,0.1201970601601191,-0.6224745491760093,-0.9274745739175644,-0.440882595271642
20.0,270.0,1000.9228515625,0.8244933528940794,0.1717593457825232,-2.3768181941580337,-0.0231454774603887,0.518855071084819,-0.571934593955575,0.1201970601601191,-0.6224752305254626,-0.9274745739175644,-0.4408825936849929
20.0,270.0,1000.9228515625,0.8244933528940794,0.1717593457825232,-2.376818193162853,-0.023145477085272,0.5188551757530165,-0.571934593955575,0.1201970601601191,-0.6224752311841399,-0.9274745739175644,-0.4408825977336218
20.0,270.0,1000.9228515625,0.8244933528940739,0.1717593457825232,-2.376818193142241,-0.0231454770857598,0.5188549390173107,-0.571934593955575,0.1201970601601191,-0.6224752484967357,-0.9274745739175644,-0.440882595271642
20.0,271.0,1000.9228515625,0.8244933528940794,0.1717593457825232,-2.3768181931737407,-0.0231454770857481,0.518855071084819,-0.571934593955575,0.1201970601601191,-0.6224752305254626,-0.9274745739175644,-0.4408825936849929
20.0,271.0,1000.9228515625,0.8244933528940794,0.1717593457825232,-2.3768181941580337,-0.0231454774603887,0.518855071084819,-0.571934593955575,0.1201970601601191,-0.6224752305254626,-0.9274745739175644,-0.4408825936849929
20.0,271.0,1000.9228515625,0.8244933528940794,0.1717593457825232,-2.3768181930330443,-0.0231454770857481,0.518855071084819,-0.571934593955575,0.1201970601601191,-0.6224752733749308,-0.9274745739175644,-0.4408825936849929
20.0,271.0,1000.9228515625,0.8244933528940739,0.1717593457825232,-2.3768181931737407,-0.0231454770857601,0.5188549783730564,-0.571934593955575,0.1201970601601191,-0.6224752053231137,-0.9274745739175644,-0.440882595271642
20.0,271.0,1000.9228515625,0.8244933528940794,0.1717593457825232,-2.376818191353992,-0.0231454774599909,0.5188550210242336,-0.571934593955575,0.1201970601601191,-0.6224750096081734,-0.9274745739175644,-0.4408825939440672
20.0,271.0,1000.9228515625,0.8244933528940794,0.1717593457825232,-2.3768181931737407,-0.0231454770857481,0.518855071084819,-0.571934593955575,0.1201970601601191,-0.6224752305254626,-0.9274745739175644,-0.4408825936849929
20.0,271.0,1000.9228515625,0.8244933528940794,0.1717593457825232,-2.3768181931737407,-0.0231454770857481,0.518855071084819,-0.571934593955575,0.1201970601601191,-0.6224752305254626,-0.9274745739175644,-0.4408825936849929
20.0,271.0,1000.9228515625,0.8244933528940794,0.1717593457825232,-2.3768181931737407,-0.0231454770857481,0.518855071084819,-0.571934593955575,0.1201970601601191,-0.6224752305254626,-0.9274745739175644,-0.4408825936849929
20.0,271.0,1000.9228515625,0.8244933528940794,0.1717593457825232,-2.3768181931737407,-0.0231454770967385,0.5188550651022683,-0.571934593955575,0.1201970601601191,-0.6224745911503293,-0.9274745739175644,-0.4408825936849929
20.0,271.0,1000.9228515625,0.8244933528940794,0.1717593457825232,-2.376818191353992,-0.0231454774645114,0.518855179095853,-0.571934593955575,0.1201970601601191,-0.6224750096081734,-0.9274745739175644,-0.4408825977298948
20.0,271.0,1000.9228515625,0.8244933528940794,0.1717593457825232,-2.3768181931737407,-0.0231454770949002,0.518855071084819,-0.571934593955575,0.1201970601601191,-0.6224752305254626,-0.9274745739175644,-0.4408825936849929
20.0,271.0,1000.9228515625,0.8244933528940769,0.1717593457825232,-2.3768181931737407,-0.0231454770855083,0.5188548722225405,-0.571934593955575,0.1201970601601191,-0.6224752948063276,-0.9274745739175644,-0.4408825952815947
20.0,271.0,1000.9228515625,0.8244933528940794,0.1717593457825232,-2.3768181931737407,-0.02314547708576,0.5188549956056944,-0.571934593955575,0.1201970601601191,-0.6224752737358081,-0.9274745739175644,-0.4408825970749195
20.0,271.0,1000.9228515625,0.8244933528940794,0.1717593457825232,-2.3768181913912985,-0.0231454770857481,0.518855071084819,-0.571934593955575,0.1201970601601191,-0.6224752305254626,-0.9274745739175644,-0.4408825976836819
20.0,271.0,1000.9228515625,0.8244933528940739,0.1717593457825232,-2.3768181931737407,-0.0231454770857601,0.5188549390173107,-0.571934593955575,0.1201970601601191,-0.6224745491760093,-0.9274745739175644,-0.440882595271642
20.0,271.0,1000.9228515625,0.8244933528940794,0.1717593457825232,-2.3768181931737407,-0.0231454770857481,0.5188550631229458,-0.571934593955575,0.1201970601601191,-0.6224752305254626,-0.9274745739175644,-0.4408825936849929
20.0,271.0,1000.9228515625,0.8244933528940794,0.1717593457825232,-2.376818192963925,-0.0231454770811601,0.518855071084819,-0.571934593955575,0.1201970601601191,-0.6224752733749308,-0.9274745739175644,-0.4408825936849929
20.0,271.0,1000.9228515625,0.8244933528940794,0.1717593457825232,-2.3768181931737407,-0.0231454770857481,0.518855071084819,-0.571934593955575,0.1201970601601191,-0.6224753292271257,-0.9274745739175644,-0.4408825936849929
20.0,271.0,1000.9228515625,0.8244933528940794,0.1717593457825232,-2.3768181931737407,-0.023145477085272,0.5188550686486088,-0.571934593955575,0.1201970601601191,-0.6224752311841399,-0.9274745739175644,-0.4408825970749195
20.0,271.0,1000.9228515625,0.8244933528940794,0.1717593457825232,-2.3768181931737407,-0.023145477085622,0.5188550651022683,-0.571934593955575,0.1201970601601191,-0.6224745911503293,-0.9274745739175644,-0.4408825936849929
20.0,271.0,1000.9228515625,0.8244933528940769,0.1717593457825232,-2.3768181931737407,-0.0231454770857547,0.5188548722225405,-0.571934593955575,0.1201970601601191,-0.6224752898194671,-0.9274745739175644,-0.4408825952819633
20.0,271.0,1000.9228515625,0.8244933528941869,0.1717593457825232,-2.3768181931737407,-0.0231454770845309,0.5188549390173107,-0.571934593955575,0.1201970601601191,-0.6224745491760093,-0.9274745739175644,-0.440882595271642
20.0,271.0,1000.9228515625,0.8244933528940794,0.1717593457825232,-2.3768181931737407,-0.0231454770857391,0.518855071084819,-0.571934593955575,0.1201970601601191,-0.6224753292271257,-0.9274745739175644,-0.440882595319649
20.0,271.0,1000.9228515625,0.8244933528940794,0.1717593457825232,-2.3768181930330443,-0.0231454770857481,0.518855071084819,-0.571934593955575,0.1201970601601191,-0.6224752733749308,-0.9274745739175644,-0.4408825936849929
20.0,271.0,1000.9228515625,0.8244933528940794,0.1717593457825232,-2.376818193061033,-0.0231454770857481,0.518855071084819,-0.571934593955575,0.1201970601601191,-0.6224754177054583,-0.9274745739175644,-0.4408825976836819
20.0,271.0,1000.9228515625,0.8244933528940739,0.1717593457825232,-2.3768181931737407,-0.0231454770857601,0.5188549390173107,-0.571934593955575,0.1201970601601191,-0.6224755737725376,-0.9274745739175644,-0.440882595271642
20.0,271.0,1000.9228515625,0.8244933528940794,0.1717593457825232,-2.3768181913912985,-0.0231454770968646,0.518855071084819,-0.571934593955575,0.1201970601601191,-0.6224752305254626,-0.9274745739175644,-0.4408825976836819
20.0,271.0,1000.9228515625,0.8244933528940739,0.1717593457825232,-2.3768181931737407,-0.0231454770855136,0.5188549783730564,-0.571934593955575,0.1201970601601191,-0.6224752103099741,-0.9274745739175644,-0.4408825952712734
20.0,271.0,1000.9228515625,0.8244933528940794,0.1717593457825232,-2.3768181931737407,-0.0231454770857481,0.518855071084819,-0.571934593955575,0.1201970601601191,-0.6224752305254626,-0.9274745739175644,-0.4408825936849929
20.0,271.0,1000.9228515625,0.8244933528940739,0.1717593457825232,-2.3768181931737407,-0.023145477085748,0.5188549783730564,-0.571934593955575,0.1201970601601191,-0.6224752063261246,-0.9274745739175644,-0.4408822358767253
20.0,271.0,1000.9228515625,0.8244933528940794,0.1717593457825232,-2.3768181931737407,-0.0231454773767155,0.5188550651022683,-0.571934593955575,0.1201970601601191,-0.6224745267222752,-0.9274745739175644,-0.4408825936849929
20.0,271.0,1000.9228515625,0.8244933528940794,0.1717593457825232,-2.3768181931737407,-0.02314547708576,0.5188549956056944,-0.571934593955575,0.1201970601601191,-0.6224752737358081,-0.9274745739175644,-0.4408825970749195
20.0,271.0,1000.9228515625,0.8244933528940739,0.1717593457825232,-2.3768181931737407,-0.0231454770857475,0.5188549390173107,-0.571934593955575,0.1201970601601191,-0.6224755795723167,-0.9274745739175644,-0.440882595271642
20.0,271.0,1000.9228515625,0.8244933528940794,0.1717593457825232,-2.3768181931737407,-0.0231454770857481,0.518855071084819,-0.571934593955575,0.1201970601601191,-0.6224752305254626,-0.9274745739175644,-0.4408825936849929
20.0,271.0,1000.9228515625,0.8244933528940794,0.1717593457825232,-2.3768181931737407,-0.0231454770857481,0.518855071084819,-0.571934593955575,0.1201970601601191,-0.6224752270133052,-0.9274745739175644,-0.4408825936849929
20.0,271.0,1000.9228515625,0.8244933528940794,0.1717593457825232,-2.3768181931737407,-0.0231454770857481,0.518855071084819,-0.571934593955575,0.1201970601601191,-0.6224752200468672,-0.9274745739175644,-0.4408825936849929
20.0,271.0,1000.9228515625,0.8244933528940794,0.1717593457825232,-2.3768181931737407,-0.0231454770857481,0.518855071084819,-0.571934593955575,0.1201970601601191,-0.6224752305254626,-0.9274745739175644,-0.4408825936849929
20.0,271.0,1000.9228515625,0.8244933528940794,0.1717593457825232,-2.3768181930330443,-0.0231454770857481,0.518855071084819,-0.571934593955575,0.1201970601601191,-0.6224752733749308,-0.9274745739175644,-0.4408825936849929
20.0,271.0,1000.9228515625,0.8244933528940794,0.1717593457825232,-2.37681819136488,-0.0231454774645114,0.5188550719914452,-0.571934593955575,0.1201970601601191,-0.6224750096081734,-0.9274745739175644,-0.4408825970711926
20.0,271.0,1000.9228515625,0.8244933528940794,0.1717593457825232,-2.3768181931737407,-0.0231454770857481,0.518855071084819,-0.571934593955575,0.1201970601601191,-0.6224752305254626,-0.9274745739175644,-0.4408825936849929
20.0,271.0,1000.9228515625,0.8244933528940794,0.1717593457825232,-2.3768181914227986,-0.0231454770857484,0.518855071084819,-0.571934593955575,0.1201970601601191,-0.6224755558012645,-0.9274745739175644,-0.4408825976836819
20.0,271.0,1000.9228515625,0.8244933528940794,0.1717593457825232,-2.3768181931737407,-0.0231454770857481,0.518855071084819,-0.571934593955575,0.1201970601601191,-0.6224752305254626,-0.9274745739175644,-0.4408825936849929
20.0,271.0,1000.9228515625,0.8244933528940739,0.1717593457825232,-2.3768181931737407,-0.0231454770855136,0.5188549783730564,-0.571934593955575,0.1201970601601191,-0.6224752103099741,-0.9274745739175644,-0.4408825952712734
20.0,271.0,1000.9228515625,0.8244933528940794,0.1717593457825232,-2.3768181930330443,-0.0231454770857481,0.518855071084819,-0.571934593955575,0.1201970601601191,-0.6224752733749308,-0.9274745739175644,-0.4408825936849929
20.0,271.0,1000.9228515625,0.8244933528940794,0.1717593457825232,-2.3768181931737407,-0.023145477085622,0.5188550651022683,-0.571934593955575,0.1201970601601191,-0.6224746016289248,-0.9274745739175644,-0.4408825936849929
20.0,271.0,1000.9228515625,0.8244933528940794,0.1717593457825232,-2.3768181931737407,-0.0231454770857481,0.518855071084819,-0.571934593955575,0.1201970601601191,-0.6224752305254626,-0.9274745739175644,-0.4408825936849929
20.0,271.0,1000.9228515625,0.8244933528941865,0.1717593457825232,-2.3768181931737407,-0.0231454770845309,0.5188549390173107,-0.571934593955575,0.1201970601601191,-0.6224745491760093,-0.9274745739175644,-0.440882595271642
20.0,271.0,1000.9228515625,0.8244933528940794,0.1717593457825232,-2.3768181941580337,-0.0231454774603887,0.518855071084819,-0.571934593955575,0.1201970601601191,-0.6224752305254626,-0.9274745739175644,-0.4408825936849929
20.0,271.0,1000.9228515625,0.8244933528940794,0.1717593457825232,-2.376818193162853,-0.023145477085272,0.5188551757530165,-0.571934593955575,0.1201970601601191,-0.6224752311841399,-0.9274745739175644,-0.4408825977336218
20.0,271.0,1000.9228515625,0.8244933528940739,0.1717593457825232,-2.376818193142241,-0.0231454770857598,0.5188549390173107,-0.571934593955575,0.1201970601601191,-0.6224752484967357,-0.9274745739175644,-0.440882595271642
20.0,272.0,1000.9228515625,0.8244933528940794,0.1717593457825232,-2.3768181931737407,-0.0231454770857481,0.518855071084819,-0.571934593955575,0.1201970601601191,-0.6224752305254626,-0.9274745739175644,-0.4408825936849929
20.0,272.0,1000.9228515625,0.8244933528940794,0.1717593457825232,-2.3768181941580337,-0.0231454774603887,0.518855071084819,-0.571934593955575,0.1201970601601191,-0.6224752305254626,-0.9274745739175644,-0.4408825936849929
20.0,272.0,1000.9228515625,0.8244933528940794,0.1717593457825232,-2.3768181930330443,-0.0231454770857481,0.518855071084819,-0.571934593955575,0.1201970601601191,-0.6224752733749308,-0.9274745739175644,-0.4408825936849929
20.0,272.0,1000.9228515625,0.8244933528940739,0.1717593457825232,-2.3768181931737407,-0.0231454770857601,0.5188549783730564,-0.571934593955575,0.1201970601601191,-0.6224752053231137,-0.9274745739175644,-0.440882595271642
20.0,272.0,1000.9228515625,0.8244933528940794,0.1717593457825232,-2.376818191353992,-0.0231454774599909,0.5188550210242336,-0.571934593955575,0.1201970601601191,-0.6224750096081734,-0.9274745739175644,-0.4408825939440672
20.0,272.0,1000.9228515625,0.8244933528940794,0.1717593457825232,-2.3768181931737407,-0.0231454770857481,0.518855071084819,-0.571934593955575,0.1201970601601191,-0.6224752305254626,-0.9274745739175644,-0.4408825936849929
20.0,272.0,1000.9228515625,0.8244933528940794,0.1717593457825232,-2.3768181931737407,-0.0231454770857481,0.518855071084819,-0.571934593955575,0.1201970601601191,-0.6224752305254626,-0.9274745739175644,-0.4408825936849929
20.0,272.0,1000.9228515625,0.8244933528940794,0.1717593457825232,-2.3768181931737407,-0.0231454770857481,0.518855071084819,-0.571934593955575,0.1201970601601191,-0.6224752305254626,-0.9274745739175644,-0.4408825936849929
20.0,272.0,1000.9228515625,0.8244933528940794,0.1717593457825232,-2.3768181931737407,-0.0231454770967385,0.5188550651022683,-0.571934593955575,0.1201970601601191,-0.6224745911503293,-0.9274745739175644,-0.4408825936849929
20.0,272.0,1000.9228515625,0.8244933528940794,0.1717593457825232,-2.376818191353992,-0.0231454774645114,0.518855179095853,-0.571934593955575,0.1201970601601191,-0.6224750096081734,-0.9274745739175644,-0.4408825977298948
20.0,272.0,1000.9228515625,0.8244933528940794,0.1717593457825232,-2.3768181931737407,-0.0231454770949002,0.518855071084819,-0.571934593955575,0.1201970601601191,-0.6224752305254626,-0.9274745739175644,-0.4408825936849929
20.0,272.0,1000.9228515625,0.8244933528940769,0.1717593457825232,-2.3768181931737407,-0.0231454770855083,0.5188548722225405,-0.571934593955575,0.1201970601601191,-0.6224752948063276,-0.9274745739175644,-0.4408825952815947
20.0,272.0,1000.9228515625,0.8244933528940794,0.1717593457825232,-2.3768181931737407,-0.02314547708576,0.5188549956056944,-0.571934593955575,0.1201970601601191,-0.6224752737358081,-0.9274745739175644,-0.4408825970749195
20.0,272.0,1000.9228515625,0.8244933528940794,0.1717593457825232,-2.3768181913912985,-0.0231454770857481,0.518855071084819,-0.571934593955575,0.1201970601601191,-0.6224752305254626,-0.9274745739175644,-0.4408825976836819
20.0,272.0,1000.9228515625,0.8244933528940739,0.1717593457825232,-2.3768181931737407,-0.0231454770857601,0.5188549390173107,-0.571934593955575,0.1201970601601191,-0.6224745491760093,-0.9274745739175644,-0.440882595271642
20.0,272.0,1000.9228515625,0.8244933528940794,0.1717593457825232,-2.3768181931737407,-0.0231454770857481,0.5188550631229458,-0.571934593955575,0.1201970601601191,-0.6224752305254626,-0.9274745739175644,-0.4408825936849929
20.0,272.0,1000.9228515625,0.8244933528940794,0.1717593457825232,-2.376818192963925,-0.0231454770811601,0.518855071084819,-0.571934593955575,0.1201970601601191,-0.6224752733749308,-0.9274745739175644,-0.4408825936849929
20.0,272.0,1000.9228515625,0.8244933528940794,0.1717593457825232,-2.3768181931737407,-0.0231454770857481,0.518855071084819,-0.571934593955575,0.1201970601601191,-0.6224753292271257,-0.9274745739175644,-0.4408825936849929
20.0,272.0,1000.9228515625,0.8244933528940794,0.1717593457825232,-2.3768181931737407,-0.023145477085272,0.5188550686486088,-0.571934593955575,0.1201970601601191,-0.6224752311841399,-0.9274745739175644,-0.4408825970749195
20.0,272.0,1000.9228515625,0.8244933528940794,0.1717593457825232,-2.3768181931737407,-0.023145477085622,0.5188550651022683,-0.571934593955575,0.1201970601601191,-0.6224745911503293,-0.9274745739175644,-0.4408825936849929
20.0,272.0,1000.9228515625,0.8244933528940769,0.1717593457825232,-2.3768181931737407,-0.0231454770857547,0.5188548722225405,-0.571934593955575,0.1201970601601191,-0.6224752898194671,-0.9274745739175644,-0.4408825952819633
20.0,272.0,1000.9228515625,0.8244933528941869,0.1717593457825232,-2.3768181931737407,-0.0231454770845309,0.5188549390173107,-0.571934593955575,0.1201970601601191,-0.6224745491760093,-0.9274745739175644,-0.440882595271642
20.0,272.0,1000.9228515625,0.8244933528940794,0.1717593457825232,-2.3768181931737407,-0.0231454770857391,0.518855071084819,-0.571934593955575,0.1201970601601191,-0.6224753292271257,-0.9274745739175644,-0.440882595319649
20.0,272.0,1000.9228515625,0.8244933528940794,0.1717593457825232,-2.3768181930330443,-0.0231454770857481,0.518855071084819,-0.571934593955575,0.1201970601601191,-0.6224752733749308,-0.9274745739175644,-0.4408825936849929
20.0,272.0,1000.9228515625,0.8244933528940794,0.1717593457825232,-2.376818193061033,-0.0231454770857481,0.518855071084819,-0.571934593955575,0.1201970601601191,-0.6224754177054583,-0.9274745739175644,-0.4408825976836819
20.0,272.0,1000.9228515625,0.8244933528940739,0.1717593457825232,-2.3768181931737407,-0.0231454770857601,0.5188549390173107,-0.571934593955575,0.1201970601601191,-0.6224755737725376,-0.9274745739175644,-0.440882595271642
20.0,272.0,1000.9228515625,0.8244933528940794,0.1717593457825232,-2.3768181913912985,-0.0231454770968646,0.518855071084819,-0.571934593955575,0.1201970601601191,-0.6224752305254626,-0.9274745739175644,-0.4408825976836819
20.0,272.0,1000.9228515625,0.8244933528940739,0.1717593457825232,-2.3768181931737407,-0.0231454770855136,0.5188549783730564,-0.571934593955575,0.1201970601601191,-0.6224752103099741,-0.9274745739175644,-0.4408825952712734
20.0,272.0,1000.9228515625,0.8244933528940794,0.1717593457825232,-2.3768181931737407,-0.0231454770857481,0.518855071084819,-0.571934593955575,0.1201970601601191,-0.6224752305254626,-0.9274745739175644,-0.4408825936849929
20.0,272.0,1000.9228515625,0.8244933528940739,0.1717593457825232,-2.3768181931737407,-0.023145477085748,0.5188549783730564,-0.571934593955575,0.1201970601601191,-0.6224752063261246,-0.9274745739175644,-0.4408822358767253
20.0,272.0,1000.9228515625,0.8244933528940794,0.1717593457825232,-2.3768181931737407,-0.0231454773767155,0.5188550651022683,-0.571934593955575,0.1201970601601191,-0.6224745267222752,-0.9274745739175644,-0.4408825936849929
20.0,272.0,1000.9228515625,0.8244933528940794,0.1717593457825232,-2.3768181931737407,-0.02314547708576,0.5188549956056944,-0.571934593955575,0.1201970601601191,-0.6224752737358081,-0.9274745739175644,-0.4408825970749195
20.0,272.0,1000.9228515625,0.8244933528940739,0.1717593457825232,-2.3768181931737407,-0.0231454770857475,0.5188549390173107,-0.571934593955575,0.1201970601601191,-0.6224755795723167,-0.9274745739175644,-0.440882595271642
20.0,272.0,1000.9228515625,0.8244933528940794,0.1717593457825232,-2.3768181931737407,-0.0231454770857481,0.518855071084819,-0.571934593955575,0.1201970601601191,-0.6224752305254626,-0.9274745739175644,-0.4408825936849929
20.0,272.0,1000.9228515625,0.8244933528940794,0.1717593457825232,-2.3768181931737407,-0.0231454770857481,0.518855071084819,-0.571934593955575,0.1201970601601191,-0.6224752270133052,-0.9274745739175644,-0.4408825936849929
20.0,272.0,1000.9228515625,0.8244933528940794,0.1717593457825232,-2.3768181931737407,-0.0231454770857481,0.518855071084819,-0.571934593955575,0.1201970601601191,-0.6224752200468672,-0.9274745739175644,-0.4408825936849929
20.0,272.0,1000.9228515625,0.8244933528940794,0.1717593457825232,-2.3768181931737407,-0.0231454770857481,0.518855071084819,-0.571934593955575,0.1201970601601191,-0.6224752305254626,-0.9274745739175644,-0.4408825936849929
20.0,272.0,1000.9228515625,0.8244933528940794,0.1717593457825232,-2.3768181930330443,-0.0231454770857481,0.518855071084819,-0.571934593955575,0.1201970601601191,-0.6224752733749308,-0.9274745739175644,-0.4408825936849929
20.0,272.0,1000.9228515625,0.8244933528940794,0.1717593457825232,-2.37681819136488,-0.0231454774645114,0.5188550719914452,-0.571934593955575,0.1201970601601191,-0.6224750096081734,-0.9274745739175644,-0.4408825970711926
20.0,272.0,1000.9228515625,0.8244933528940794,0.1717593457825232,-2.3768181931737407,-0.0231454770857481,0.518855071084819,-0.571934593955575,0.1201970601601191,-0.6224752305254626,-0.9274745739175644,-0.4408825936849929
20.0,272.0,1000.9228515625,0.8244933528940794,0.1717593457825232,-2.3768181914227986,-0.0231454770857484,0.518855071084819,-0.571934593955575,0.1201970601601191,-0.6224755558012645,-0.9274745739175644,-0.4408825976836819
20.0,272.0,1000.9228515625,0.8244933528940794,0.1717593457825232,-2.3768181931737407,-0.0231454770857481,0.518855071084819,-0.571934593955575,0.1201970601601191,-0.6224752305254626,-0.9274745739175644,-0.4408825936849929
20.0,272.0,1000.9228515625,0.8244933528940739,0.1717593457825232,-2.3768181931737407,-0.0231454770855136,0.5188549783730564,-0.571934593955575,0.1201970601601191,-0.6224752103099741,-0.9274745739175644,-0.4408825952712734
20.0,272.0,1000.9228515625,0.8244933528940794,0.1717593457825232,-2.3768181930330443,-0.0231454770857481,0.518855071084819,-0.571934593955575,0.1201970601601191,-0.6224752733749308,-0.9274745739175644,-0.4408825936849929
20.0,272.0,1000.9228515625,0.8244933528940794,0.1717593457825232,-2.3768181931737407,-0.023145477085622,0.5188550651022683,-0.571934593955575,0.1201970601601191,-0.6224746016289248,-0.9274745739175644,-0.4408825936849929
20.0,272.0,1000.9228515625,0.8244933528940794,0.1717593457825232,-2.3768181931737407,-0.0231454770857481,0.518855071084819,-0.571934593955575,0.1201970601601191,-0.6224752305254626,-0.9274745739175644,-0.4408825936849929
20.0,272.0,1000.9228515625,0.8244933528941865,0.1717593457825232,-2.3768181931737407,-0.0231454770845309,0.5188549390173107,-0.571934593955575,0.1201970601601191,-0.6224745491760093,-0.9274745739175644,-0.440882595271642
20.0,272.0,1000.9228515625,0.8244933528940794,0.1717593457825232,-2.3768181941580337,-0.0231454774603887,0.518855071084819,-0.571934593955575,0.1201970601601191,-0.6224752305254626,-0.9274745739175644,-0.4408825936849929
20.0,272.0,1000.9228515625,0.8244933528940794,0.1717593457825232,-2.376818193162853,-0.023145477085272,0.5188551757530165,-0.571934593955575,0.1201970601601191,-0.6224752311841399,-0.9274745739175644,-0.4408825977336218
20.0,272.0,1000.9228515625,0.8244933528940739,0.1717593457825232,-2.376818193142241,-0.0231454770857598,0.5188549390173107,-0.571934593955575,0.1201970601601191,-0.6224752484967357,-0.9274745739175644,-0.440882595271642
20.0,273.0,1000.9228515625,0.8244933528940794,0.1717593457825232,-2.3768181931737407,-0.0231454770857481,0.518855071084819,-0.571934593955575,0.1201970601601191,-0.6224752305254626,-0.9274745739175644,-0.4408825936849929
20.0,273.0,1000.9228515625,0.8244933528940794,0.1717593457825232,-2.3768181941580337,-0.0231454774603887,0.518855071084819,-0.571934593955575,0.1201970601601191,-0.6224752305254626,-0.9274745739175644,-0.4408825936849929
20.0,273.0,1000.9228515625,0.8244933528940794,0.1717593457825232,-2.3768181930330443,-0.0231454770857481,0.518855071084819,-0.571934593955575,0.1201970601601191,-0.6224752733749308,-0.9274745739175644,-0.4408825936849929
20.0,273.0,1000.9228515625,0.8244933528940739,0.1717593457825232,-2.3768181931737407,-0.0231454770857601,0.5188549783730564,-0.571934593955575,0.1201970601601191,-0.6224752053231137,-0.9274745739175644,-0.440882595271642
20.0,273.0,1000.9228515625,0.8244933528940794,0.1717593457825232,-2.376818191353992,-0.0231454774599909,0.5188550210242336,-0.571934593955575,0.1201970601601191,-0.6224750096081734,-0.9274745739175644,-0.4408825939440672
20.0,273.0,1000.9228515625,0.8244933528940794,0.1717593457825232,-2.3768181931737407,-0.0231454770857481,0.518855071084819,-0.571934593955575,0.1201970601601191,-0.6224752305254626,-0.9274745739175644,-0.4408825936849929
20.0,273.0,1000.9228515625,0.8244933528940794,0.1717593457825232,-2.3768181931737407,-0.0231454770857481,0.518855071084819,-0.571934593955575,0.1201970601601191,-0.6224752305254626,-0.9274745739175644,-0.4408825936849929
20.0,273.0,1000.9228515625,0.8244933528940794,0.1717593457825232,-2.3768181931737407,-0.0231454770857481,0.518855071084819,-0.571934593955575,0.1201970601601191,-0.6224752305254626,-0.9274745739175644,-0.4408825936849929
20.0,273.0,1000.9228515625,0.8244933528940794,0.1717593457825232,-2.3768181931737407,-0.0231454770967385,0.5188550651022683,-0.571934593955575,0.1201970601601191,-0.6224745911503293,-0.9274745739175644,-0.4408825936849929
20.0,273.0,1000.9228515625,0.8244933528940794,0.1717593457825232,-2.376818191353992,-0.0231454774645114,0.518855179095853,-0.571934593955575,0.1201970601601191,-0.6224750096081734,-0.9274745739175644,-0.4408825977298948
20.0,273.0,1000.9228515625,0.8244933528940794,0.1717593457825232,-2.3768181931737407,-0.0231454770949002,0.518855071084819,-0.571934593955575,0.1201970601601191,-0.6224752305254626,-0.9274745739175644,-0.4408825936849929
20.0,273.0,1000.9228515625,0.8244933528940769,0.1717593457825232,-2.3768181931737407,-0.0231454770855083,0.5188548722225405,-0.571934593955575,0.1201970601601191,-0.6224752948063276,-0.9274745739175644,-0.4408825952815947
20.0,273.0,1000.9228515625,0.8244933528940794,0.1717593457825232,-2.3768181931737407,-0.02314547708576,0.5188549956056944,-0.571934593955575,0.1201970601601191,-0.6224752737358081,-0.9274745739175644,-0.4408825970749195
20.0,273.0,1000.9228515625,0.8244933528940794,0.1717593457825232,-2.3768181913912985,-0.0231454770857481,0.518855071084819,-0.571934593955575,0.1201970601601191,-0.6224752305254626,-0.9274745739175644,-0.4408825976836819
20.0,273.0,1000.9228515625,0.8244933528940739,0.1717593457825232,-2.3768181931737407,-0.0231454770857601,0.5188549390173107,-0.571934593955575,0.1201970601601191,-0.6224745491760093,-0.9274745739175644,-0.440882595271642
20.0,273.0,1000.9228515625,0.8244933528940794,0.1717593457825232,-2.3768181931737407,-0.0231454770857481,0.5188550631229458,-0.571934593955575,0.1201970601601191,-0.6224752305254626,-0.9274745739175644,-0.4408825936849929
20.0,273.0,1000.9228515625,0.8244933528940794,0.1717593457825232,-2.376818192963925,-0.0231454770811601,0.518855071084819,-0.571934593955575,0.1201970601601191,-0.6224752733749308,-0.9274745739175644,-0.4408825936849929
20.0,273.0,1000.9228515625,0.8244933528940794,0.1717593457825232,-2.3768181931737407,-0.0231454770857481,0.518855071084819,-0.571934593955575,0.1201970601601191,-0.6224753292271257,-0.9274745739175644,-0.4408825936849929
20.0,273.0,1000.9228515625,0.8244933528940794,0.1717593457825232,-2.3768181931737407,-0.023145477085272,0.5188550686486088,-0.571934593955575,0.1201970601601191,-0.6224752311841399,-0.9274745739175644,-0.4408825970749195
20.0,273.0,1000.9228515625,0.8244933528940794,0.1717593457825232,-2.3768181931737407,-0.023145477085622,0.5188550651022683,-0.571934593955575,0.1201970601601191,-0.6224745911503293,-0.9274745739175644,-0.4408825936849929
20.0,273.0,1000.9228515625,0.8244933528940769,0.1717593457825232,-2.3768181931737407,-0.0231454770857547,0.5188548722225405,-0.571934593955575,0.1201970601601191,-0.6224752898194671,-0.9274745739175644,-0.4408825952819633
20.0,273.0,1000.9228515625,0.8244933528941869,0.1717593457825232,-2.3768181931737407,-0.0231454770845309,0.5188549390173107,-0.571934593955575,0.1201970601601191,-0.6224745491760093,-0.9274745739175644,-0.440882595271642
20.0,273.0,1000.9228515625,0.8244933528940794,0.1717593457825232,-2.3768181931737407,-0.0231454770857391,0.518855071084819,-0.571934593955575,0.1201970601601191,-0.6224753292271257,-0.9274745739175644,-0.440882595319649
20.0,273.0,1000.9228515625,0.8244933528940794,0.1717593457825232,-2.3768181930330443,-0.0231454770857481,0.518855071084819,-0.571934593955575,0.1201970601601191,-0.6224752733749308,-0.9274745739175644,-0.4408825936849929
20.0,273.0,1000.9228515625,0.8244933528940794,0.1717593457825232,-2.376818193061033,-0.0231454770857481,0.518855071084819,-0.571934593955575,0.1201970601601191,-0.6224754177054583,-0.9274745739175644,-0.4408825976836819
20.0,273.0,1000.9228515625,0.8244933528940739,0.1717593457825232,-2.3768181931737407,-0.0231454770857601,0.5188549390173107,-0.571934593955575,0.1201970601601191,-0.6224755737725376,-0.9274745739175644,-0.440882595271642
20.0,273.0,1000.9228515625,0.8244933528940794,0.1717593457825232,-2.3768181913912985,-0.0231454770968646,0.518855071084819,-0.571934593955575,0.1201970601601191,-0.6224752305254626,-0.9274745739175644,-0.4408825976836819
20.0,273.0,1000.9228515625,0.8244933528940739,0.1717593457825232,-2.3768181931737407,-0.0231454770855136,0.5188549783730564,-0.571934593955575,0.1201970601601191,-0.6224752103099741,-0.9274745739175644,-0.4408825952712734
20.0,273.0,1000.9228515625,0.8244933528940794,0.1717593457825232,-2.3768181931737407,-0.0231454770857481,0.518855071084819,-0.571934593955575,0.1201970601601191,-0.6224752305254626,-0.9274745739175644,-0.4408825936849929
20.0,273.0,1000.9228515625,0.8244933528940739,0.1717593457825232,-2.3768181931737407,-0.023145477085748,0.5188549783730564,-0.571934593955575,0.1201970601601191,-0.6224752063261246,-0.9274745739175644,-0.4408822358767253
20.0,273.0,1000.9228515625,0.8244933528940794,0.1717593457825232,-2.3768181931737407,-0.0231454773767155,0.5188550651022683,-0.571934593955575,0.1201970601601191,-0.6224745267222752,-0.9274745739175644,-0.4408825936849929
20.0,273.0,1000.9228515625,0.8244933528940794,0.1717593457825232,-2.3768181931737407,-0.02314547708576,0.5188549956056944,-0.571934593955575,0.1201970601601191,-0.6224752737358081,-0.9274745739175644,-0.4408825970749195
20.0,273.0,1000.9228515625,0.8244933528940739,0.1717593457825232,-2.3768181931737407,-0.0231454770857475,0.5188549390173107,-0.571934593955575,0.1201970601601191,-0.6224755795723167,-0.9274745739175644,-0.440882595271642
20.0,273.0,1000.9228515625,0.8244933528940794,0.1717593457825232,-2.3768181931737407,-0.0231454770857481,0.518855071084819,-0.571934593955575,0.1201970601601191,-0.6224752305254626,-0.9274745739175644,-0.4408825936849929
20.0,273.0,1000.9228515625,0.8244933528940794,0.1717593457825232,-2.3768181931737407,-0.0231454770857481,0.518855071084819,-0.571934593955575,0.1201970601601191,-0.6224752270133052,-0.9274745739175644,-0.4408825936849929
20.0,273.0,1000.9228515625,0.8244933528940794,0.1717593457825232,-2.3768181931737407,-0.0231454770857481,0.518855071084819,-0.571934593955575,0.1201970601601191,-0.6224752200468672,-0.9274745739175644,-0.4408825936849929
20.0,273.0,1000.9228515625,0.8244933528940794,0.1717593457825232,-2.3768181931737407,-0.0231454770857481,0.518855071084819,-0.571934593955575,0.1201970601601191,-0.6224752305254626,-0.9274745739175644,-0.4408825936849929
20.0,273.0,1000.9228515625,0.8244933528940794,0.1717593457825232,-2.3768181930330443,-0.0231454770857481,0.518855071084819,-0.571934593955575,0.1201970601601191,-0.6224752733749308,-0.9274745739175644,-0.4408825936849929
20.0,273.0,1000.9228515625,0.8244933528940794,0.1717593457825232,-2.37681819136488,-0.0231454774645114,0.5188550719914452,-0.571934593955575,0.1201970601601191,-0.6224750096081734,-0.9274745739175644,-0.4408825970711926
20.0,273.0,1000.9228515625,0.8244933528940794,0.1717593457825232,-2.3768181931737407,-0.0231454770857481,0.518855071084819,-0.571934593955575,0.1201970601601191,-0.6224752305254626,-0.9274745739175644,-0.4408825936849929
20.0,273.0,1000.9228515625,0.8244933528940794,0.1717593457825232,-2.3768181914227986,-0.0231454770857484,0.518855071084819,-0.571934593955575,0.1201970601601191,-0.6224755558012645,-0.9274745739175644,-0.4408825976836819
20.0,273.0,1000.9228515625,0.8244933528940794,0.1717593457825232,-2.3768181931737407,-0.0231454770857481,0.518855071084819,-0.571934593955575,0.1201970601601191,-0.6224752305254626,-0.9274745739175644,-0.4408825936849929
20.0,273.0,1000.9228515625,0.8244933528940739,0.1717593457825232,-2.3768181931737407,-0.0231454770855136,0.5188549783730564,-0.571934593955575,0.1201970601601191,-0.6224752103099741,-0.9274745739175644,-0.4408825952712734
20.0,273.0,1000.9228515625,0.8244933528940794,0.1717593457825232,-2.3768181930330443,-0.0231454770857481,0.518855071084819,-0.571934593955575,0.1201970601601191,-0.6224752733749308,-0.9274745739175644,-0.4408825936849929
20.0,273.0,1000.9228515625,0.8244933528940794,0.1717593457825232,-2.3768181931737407,-0.023145477085622,0.5188550651022683,-0.571934593955575,0.1201970601601191,-0.6224746016289248,-0.9274745739175644,-0.4408825936849929
20.0,273.0,1000.9228515625,0.8244933528940794,0.1717593457825232,-2.3768181931737407,-0.0231454770857481,0.518855071084819,-0.571934593955575,0.1201970601601191,-0.6224752305254626,-0.9274745739175644,-0.4408825936849929
20.0,273.0,1000.9228515625,0.8244933528941865,0.1717593457825232,-2.3768181931737407,-0.0231454770845309,0.5188549390173107,-0.571934593955575,0.1201970601601191,-0.6224745491760093,-0.9274745739175644,-0.440882595271642
20.0,273.0,1000.9228515625,0.8244933528940794,0.1717593457825232,-2.3768181941580337,-0.0231454774603887,0.518855071084819,-0.571934593955575,0.1201970601601191,-0.6224752305254626,-0.9274745739175644,-0.4408825936849929
20.0,273.0,1000.9228515625,0.8244933528940794,0.1717593457825232,-2.376818193162853,-0.023145477085272,0.5188551757530165,-0.571934593955575,0.1201970601601191,-0.6224752311841399,-0.9274745739175644,-0.4408825977336218
20.0,273.0,1000.9228515625,0.8244933528940739,0.1717593457825232,-2.376818193142241,-0.0231454770857598,0.5188549390173107,-0.571934593955575,0.1201970601601191,-0.6224752484967357,-0.9274745739175644,-0.440882595271642
20.0,274.0,1000.9228515625,0.8244933528940794,0.1717593457825232,-2.3768181931737407,-0.0231454770857481,0.518855071084819,-0.571934593955575,0.1201970601601191,-0.6224752305254626,-0.9274745739175644,-0.4408825936849929
20.0,274.0,1000.9228515625,0.8244933528940794,0.1717593457825232,-2.3768181941580337,-0.0231454774603887,0.518855071084819,-0.571934593955575,0.1201970601601191,-0.6224752305254626,-0.9274745739175644,-0.4408825936849929
20.0,274.0,1000.9228515625,0.8244933528940794,0.1717593457825232,-2.3768181930330443,-0.0231454770857481,0.518855071084819,-0.571934593955575,0.1201970601601191,-0.6224752733749308,-0.9274745739175644,-0.4408825936849929
20.0,274.0,1000.9228515625,0.8244933528940739,0.1717593457825232,-2.3768181931737407,-0.0231454770857601,0.5188549783730564,-0.571934593955575,0.1201970601601191,-0.6224752053231137,-0.9274745739175644,-0.440882595271642
20.0,274.0,1000.9228515625,0.8244933528940794,0.1717593457825232,-2.376818191353992,-0.0231454774599909,0.5188550210242336,-0.571934593955575,0.1201970601601191,-0.6224750096081734,-0.9274745739175644,-0.4408825939440672
20.0,274.0,1000.9228515625,0.8244933528940794,0.1717593457825232,-2.3768181931737407,-0.0231454770857481,0.518855071084819,-0.571934593955575,0.1201970601601191,-0.6224752305254626,-0.9274745739175644,-0.4408825936849929
20.0,274.0,1000.9228515625,0.8244933528940794,0.1717593457825232,-2.3768181931737407,-0.0231454770857481,0.518855071084819,-0.571934593955575,0.1201970601601191,-0.6224752305254626,-0.9274745739175644,-0.4408825936849929
20.0,274.0,1000.9228515625,0.8244933528940794,0.1717593457825232,-2.3768181931737407,-0.0231454770857481,0.518855071084819,-0.571934593955575,0.1201970601601191,-0.6224752305254626,-0.9274745739175644,-0.4408825936849929
20.0,274.0,1000.9228515625,0.8244933528940794,0.1717593457825232,-2.3768181931737407,-0.0231454770967385,0.5188550651022683,-0.571934593955575,0.1201970601601191,-0.6224745911503293,-0.9274745739175644,-0.4408825936849929
20.0,274.0,1000.9228515625,0.8244933528940794,0.1717593457825232,-2.376818191353992,-0.0231454774645114,0.518855179095853,-0.571934593955575,0.1201970601601191,-0.6224750096081734,-0.9274745739175644,-0.4408825977298948
20.0,274.0,1000.9228515625,0.8244933528940794,0.1717593457825232,-2.3768181931737407,-0.0231454770949002,0.518855071084819,-0.571934593955575,0.1201970601601191,-0.6224752305254626,-0.9274745739175644,-0.4408825936849929
20.0,274.0,1000.9228515625,0.8244933528940769,0.1717593457825232,-2.3768181931737407,-0.0231454770855083,0.5188548722225405,-0.571934593955575,0.1201970601601191,-0.6224752948063276,-0.9274745739175644,-0.4408825952815947
20.0,274.0,1000.9228515625,0.8244933528940794,0.1717593457825232,-2.3768181931737407,-0.02314547708576,0.5188549956056944,-0.571934593955575,0.1201970601601191,-0.6224752737358081,-0.9274745739175644,-0.4408825970749195
20.0,274.0,1000.9228515625,0.8244933528940794,0.1717593457825232,-2.3768181913912985,-0.0231454770857481,0.518855071084819,-0.571934593955575,0.1201970601601191,-0.6224752305254626,-0.9274745739175644,-0.4408825976836819
20.0,274.0,1000.9228515625,0.8244933528940739,0.1717593457825232,-2.3768181931737407,-0.0231454770857601,0.5188549390173107,-0.571934593955575,0.1201970601601191,-0.6224745491760093,-0.9274745739175644,-0.440882595271642
20.0,274.0,1000.9228515625,0.8244933528940794,0.1717593457825232,-2.3768181931737407,-0.0231454770857481,0.5188550631229458,-0.571934593955575,0.1201970601601191,-0.6224752305254626,-0.9274745739175644,-0.4408825936849929
20.0,274.0,1000.9228515625,0.8244933528940794,0.1717593457825232,-2.376818192963925,-0.0231454770811601,0.518855071084819,-0.571934593955575,0.1201970601601191,-0.6224752733749308,-0.9274745739175644,-0.4408825936849929
20.0,274.0,1000.9228515625,0.8244933528940794,0.1717593457825232,-2.3768181931737407,-0.0231454770857481,0.518855071084819,-0.571934593955575,0.1201970601601191,-0.6224753292271257,-0.9274745739175644,-0.4408825936849929
20.0,274.0,1000.9228515625,0.8244933528940794,0.1717593457825232,-2.3768181931737407,-0.023145477085272,0.5188550686486088,-0.571934593955575,0.1201970601601191,-0.6224752311841399,-0.9274745739175644,-0.4408825970749195
20.0,274.0,1000.9228515625,0.8244933528940794,0.1717593457825232,-2.3768181931737407,-0.023145477085622,0.5188550651022683,-0.571934593955575,0.1201970601601191,-0.6224745911503293,-0.9274745739175644,-0.4408825936849929
20.0,274.0,1000.9228515625,0.8244933528940769,0.1717593457825232,-2.3768181931737407,-0.0231454770857547,0.5188548722225405,-0.571934593955575,0.1201970601601191,-0.6224752898194671,-0.9274745739175644,-0.4408825952819633
20.0,274.0,1000.9228515625,0.8244933528941869,0.1717593457825232,-2.3768181931737407,-0.0231454770845309,0.5188549390173107,-0.571934593955575,0.1201970601601191,-0.6224745491760093,-0.9274745739175644,-0.440882595271642
20.0,274.0,1000.9228515625,0.8244933528940794,0.1717593457825232,-2.3768181931737407,-0.0231454770857391,0.518855071084819,-0.571934593955575,0.1201970601601191,-0.6224753292271257,-0.9274745739175644,-0.440882595319649
20.0,274.0,1000.9228515625,0.8244933528940794,0.1717593457825232,-2.3768181930330443,-0.0231454770857481,0.518855071084819,-0.571934593955575,0.1201970601601191,-0.6224752733749308,-0.9274745739175644,-0.4408825936849929
20.0,274.0,1000.9228515625,0.8244933528940794,0.1717593457825232,-2.376818193061033,-0.0231454770857481,0.518855071084819,-0.571934593955575,0.1201970601601191,-0.6224754177054583,-0.9274745739175644,-0.4408825976836819
20.0,274.0,1000.9228515625,0.8244933528940739,0.1717593457825232,-2.3768181931737407,-0.0231454770857601,0.5188549390173107,-0.571934593955575,0.1201970601601191,-0.6224755737725376,-0.9274745739175644,-0.440882595271642
20.0,274.0,1000.9228515625,0.8244933528940794,0.1717593457825232,-2.3768181913912985,-0.0231454770968646,0.518855071084819,-0.571934593955575,0.1201970601601191,-0.6224752305254626,-0.9274745739175644,-0.4408825976836819
20.0,274.0,1000.9228515625,0.8244933528940739,0.1717593457825232,-2.3768181931737407,-0.0231454770855136,0.5188549783730564,-0.571934593955575,0.1201970601601191,-0.6224752103099741,-0.9274745739175644,-0.4408825952712734
20.0,274.0,1000.9228515625,0.8244933528940794,0.1717593457825232,-2.3768181931737407,-0.0231454770857481,0.518855071084819,-0.571934593955575,0.1201970601601191,-0.6224752305254626,-0.9274745739175644,-0.4408825936849929
20.0,274.0,1000.9228515625,0.8244933528940739,0.1717593457825232,-2.3768181931737407,-0.023145477085748,0.5188549783730564,-0.571934593955575,0.1201970601601191,-0.6224752063261246,-0.9274745739175644,-0.4408822358767253
20.0,274.0,1000.9228515625,0.8244933528940794,0.1717593457825232,-2.3768181931737407,-0.0231454773767155,0.5188550651022683,-0.571934593955575,0.1201970601601191,-0.6224745267222752,-0.9274745739175644,-0.4408825936849929
20.0,274.0,1000.9228515625,0.8244933528940794,0.1717593457825232,-2.3768181931737407,-0.02314547708576,0.5188549956056944,-0.571934593955575,0.1201970601601191,-0.6224752737358081,-0.9274745739175644,-0.4408825970749195
20.0,274.0,1000.9228515625,0.8244933528940739,0.1717593457825232,-2.3768181931737407,-0.0231454770857475,0.5188549390173107,-0.571934593955575,0.1201970601601191,-0.6224755795723167,-0.9274745739175644,-0.440882595271642
20.0,274.0,1000.9228515625,0.8244933528940794,0.1717593457825232,-2.3768181931737407,-0.0231454770857481,0.518855071084819,-0.571934593955575,0.1201970601601191,-0.6224752305254626,-0.9274745739175644,-0.4408825936849929
20.0,274.0,1000.9228515625,0.8244933528940794,0.1717593457825232,-2.3768181931737407,-0.0231454770857481,0.518855071084819,-0.571934593955575,0.1201970601601191,-0.6224752270133052,-0.9274745739175644,-0.4408825936849929
20.0,274.0,1000.9228515625,0.8244933528940794,0.1717593457825232,-2.3768181931737407,-0.0231454770857481,0.518855071084819,-0.571934593955575,0.1201970601601191,-0.6224752200468672,-0.9274745739175644,-0.4408825936849929
20.0,274.0,1000.9228515625,0.8244933528940794,0.1717593457825232,-2.3768181931737407,-0.0231454770857481,0.518855071084819,-0.571934593955575,0.1201970601601191,-0.6224752305254626,-0.9274745739175644,-0.4408825936849929
20.0,274.0,1000.9228515625,0.8244933528940794,0.1717593457825232,-2.3768181930330443,-0.0231454770857481,0.518855071084819,-0.571934593955575,0.1201970601601191,-0.6224752733749308,-0.9274745739175644,-0.4408825936849929
20.0,274.0,1000.9228515625,0.8244933528940794,0.1717593457825232,-2.37681819136488,-0.0231454774645114,0.5188550719914452,-0.571934593955575,0.1201970601601191,-0.6224750096081734,-0.9274745739175644,-0.4408825970711926
20.0,274.0,1000.9228515625,0.8244933528940794,0.1717593457825232,-2.3768181931737407,-0.0231454770857481,0.518855071084819,-0.571934593955575,0.1201970601601191,-0.6224752305254626,-0.9274745739175644,-0.4408825936849929
20.0,274.0,1000.9228515625,0.8244933528940794,0.1717593457825232,-2.3768181914227986,-0.0231454770857484,0.518855071084819,-0.571934593955575,0.1201970601601191,-0.6224755558012645,-0.9274745739175644,-0.4408825976836819
20.0,274.0,1000.9228515625,0.8244933528940794,0.1717593457825232,-2.3768181931737407,-0.0231454770857481,0.518855071084819,-0.571934593955575,0.1201970601601191,-0.6224752305254626,-0.9274745739175644,-0.4408825936849929
20.0,274.0,1000.9228515625,0.8244933528940739,0.1717593457825232,-2.3768181931737407,-0.0231454770855136,0.5188549783730564,-0.571934593955575,0.1201970601601191,-0.6224752103099741,-0.9274745739175644,-0.4408825952712734
20.0,274.0,1000.9228515625,0.8244933528940794,0.1717593457825232,-2.3768181930330443,-0.0231454770857481,0.518855071084819,-0.571934593955575,0.1201970601601191,-0.6224752733749308,-0.9274745739175644,-0.4408825936849929
20.0,274.0,1000.9228515625,0.8244933528940794,0.1717593457825232,-2.3768181931737407,-0.023145477085622,0.5188550651022683,-0.571934593955575,0.1201970601601191,-0.6224746016289248,-0.9274745739175644,-0.4408825936849929
20.0,274.0,1000.9228515625,0.8244933528940794,0.1717593457825232,-2.3768181931737407,-0.0231454770857481,0.518855071084819,-0.571934593955575,0.1201970601601191,-0.6224752305254626,-0.9274745739175644,-0.4408825936849929
20.0,274.0,1000.9228515625,0.8244933528941865,0.1717593457825232,-2.3768181931737407,-0.0231454770845309,0.5188549390173107,-0.571934593955575,0.1201970601601191,-0.6224745491760093,-0.9274745739175644,-0.440882595271642
20.0,274.0,1000.9228515625,0.8244933528940794,0.1717593457825232,-2.3768181941580337,-0.0231454774603887,0.518855071084819,-0.571934593955575,0.1201970601601191,-0.6224752305254626,-0.9274745739175644,-0.4408825936849929
20.0,274.0,1000.9228515625,0.8244933528940794,0.1717593457825232,-2.376818193162853,-0.023145477085272,0.5188551757530165,-0.571934593955575,0.1201970601601191,-0.6224752311841399,-0.9274745739175644,-0.4408825977336218
20.0,274.0,1000.9228515625,0.8244933528940739,0.1717593457825232,-2.376818193142241,-0.0231454770857598,0.5188549390173107,-0.571934593955575,0.1201970601601191,-0.6224752484967357,-0.9274745739175644,-0.440882595271642
20.0,275.0,1000.9124145507812,0.8244933528940794,0.1717593457825232,-2.3768181931737407,-0.0231454773775206,0.518855071084819,-0.5720578247161442,0.1201970601601191,-0.6224753180917887,-0.9274745739175644,-0.440882595319649
20.0,275.0,1000.9228515625,0.8244933528940794,0.1717593457825232,-2.3768181931737407,-0.0231454770857481,0.518855071084819,-0.571934593955575,0.1201970601601191,-0.6224752305254626,-0.9274745739175644,-0.4408825936849929
20.0,275.0,1000.9228515625,0.8244933528940794,0.1717593457825232,-2.3768181941580337,-0.0231454774603887,0.518855071084819,-0.571934593955575,0.1201970601601191,-0.6224752305254626,-0.9274745739175644,-0.4408825936849929
20.0,275.0,1000.9228515625,0.8244933528940794,0.1717593457825232,-2.3768181930330443,-0.0231454770857481,0.518855071084819,-0.571934593955575,0.1201970601601191,-0.6224752733749308,-0.9274745739175644,-0.4408825936849929
20.0,275.0,1000.9228515625,0.8244933528940739,0.1717593457825232,-2.3768181931737407,-0.0231454770857601,0.5188549783730564,-0.571934593955575,0.1201970601601191,-0.6224752053231137,-0.9274745739175644,-0.440882595271642
20.0,275.0,1000.9228515625,0.8244933528940794,0.1717593457825232,-2.376818191353992,-0.0231454774599909,0.5188550210242336,-0.571934593955575,0.1201970601601191,-0.6224750096081734,-0.9274745739175644,-0.4408825939440672
20.0,275.0,1000.9228515625,0.8244933528940794,0.1717593457825232,-2.3768181931737407,-0.0231454770857481,0.518855071084819,-0.571934593955575,0.1201970601601191,-0.6224752305254626,-0.9274745739175644,-0.4408825936849929
20.0,275.0,1000.9228515625,0.8244933528940794,0.1717593457825232,-2.3768181931737407,-0.0231454770857481,0.518855071084819,-0.571934593955575,0.1201970601601191,-0.6224752305254626,-0.9274745739175644,-0.4408825936849929
20.0,275.0,1000.9228515625,0.8244933528940794,0.1717593457825232,-2.3768181931737407,-0.0231454770857481,0.518855071084819,-0.571934593955575,0.1201970601601191,-0.6224752305254626,-0.9274745739175644,-0.4408825936849929
20.0,275.0,1000.9228515625,0.8244933528940794,0.1717593457825232,-2.3768181931737407,-0.0231454770967385,0.5188550651022683,-0.571934593955575,0.1201970601601191,-0.6224745911503293,-0.9274745739175644,-0.4408825936849929
20.0,275.0,1000.9228515625,0.8244933528940794,0.1717593457825232,-2.376818191353992,-0.0231454774645114,0.518855179095853,-0.571934593955575,0.1201970601601191,-0.6224750096081734,-0.9274745739175644,-0.4408825977298948
20.0,275.0,1000.9228515625,0.8244933528940794,0.1717593457825232,-2.3768181931737407,-0.0231454770949002,0.518855071084819,-0.571934593955575,0.1201970601601191,-0.6224752305254626,-0.9274745739175644,-0.4408825936849929
20.0,275.0,1000.9228515625,0.8244933528940769,0.1717593457825232,-2.3768181931737407,-0.0231454770855083,0.5188548722225405,-0.571934593955575,0.1201970601601191,-0.6224752948063276,-0.9274745739175644,-0.4408825952815947
20.0,275.0,1000.9228515625,0.8244933528940794,0.1717593457825232,-2.3768181931737407,-0.02314547708576,0.5188549956056944,-0.571934593955575,0.1201970601601191,-0.6224752737358081,-0.9274745739175644,-0.4408825970749195
20.0,275.0,1000.9228515625,0.8244933528940794,0.1717593457825232,-2.3768181913912985,-0.0231454770857481,0.518855071084819,-0.571934593955575,0.1201970601601191,-0.6224752305254626,-0.9274745739175644,-0.4408825976836819
20.0,275.0,1000.9228515625,0.8244933528940739,0.1717593457825232,-2.3768181931737407,-0.0231454770857601,0.5188549390173107,-0.571934593955575,0.1201970601601191,-0.6224745491760093,-0.9274745739175644,-0.440882595271642
20.0,275.0,1000.9228515625,0.8244933528940794,0.1717593457825232,-2.3768181931737407,-0.0231454770857481,0.5188550631229458,-0.571934593955575,0.1201970601601191,-0.6224752305254626,-0.9274745739175644,-0.4408825936849929
20.0,275.0,1000.9228515625,0.8244933528940794,0.1717593457825232,-2.376818192963925,-0.0231454770811601,0.518855071084819,-0.571934593955575,0.1201970601601191,-0.6224752733749308,-0.9274745739175644,-0.4408825936849929
20.0,275.0,1000.9228515625,0.8244933528940794,0.1717593457825232,-2.3768181931737407,-0.0231454770857481,0.518855071084819,-0.571934593955575,0.1201970601601191,-0.6224753292271257,-0.9274745739175644,-0.4408825936849929
20.0,275.0,1000.9228515625,0.8244933528940794,0.1717593457825232,-2.3768181931737407,-0.023145477085272,0.5188550686486088,-0.571934593955575,0.1201970601601191,-0.6224752311841399,-0.9274745739175644,-0.4408825970749195
20.0,275.0,1000.9228515625,0.8244933528940794,0.1717593457825232,-2.3768181931737407,-0.023145477085622,0.5188550651022683,-0.571934593955575,0.1201970601601191,-0.6224745911503293,-0.9274745739175644,-0.4408825936849929
20.0,275.0,1000.9228515625,0.8244933528940769,0.1717593457825232,-2.3768181931737407,-0.0231454770857547,0.5188548722225405,-0.571934593955575,0.1201970601601191,-0.6224752898194671,-0.9274745739175644,-0.4408825952819633
20.0,275.0,1000.9228515625,0.8244933528941869,0.1717593457825232,-2.3768181931737407,-0.0231454770845309,0.5188549390173107,-0.571934593955575,0.1201970601601191,-0.6224745491760093,-0.9274745739175644,-0.440882595271642
20.0,275.0,1000.9228515625,0.8244933528940794,0.1717593457825232,-2.3768181931737407,-0.0231454770857391,0.518855071084819,-0.571934593955575,0.1201970601601191,-0.6224753292271257,-0.9274745739175644,-0.440882595319649
20.0,275.0,1000.9228515625,0.8244933528940794,0.1717593457825232,-2.3768181930330443,-0.0231454770857481,0.518855071084819,-0.571934593955575,0.1201970601601191,-0.6224752733749308,-0.9274745739175644,-0.4408825936849929
20.0,275.0,1000.9228515625,0.8244933528940794,0.1717593457825232,-2.376818193061033,-0.0231454770857481,0.518855071084819,-0.571934593955575,0.1201970601601191,-0.6224754177054583,-0.9274745739175644,-0.4408825976836819
20.0,275.0,1000.9228515625,0.8244933528940739,0.1717593457825232,-2.3768181931737407,-0.0231454770857601,0.5188549390173107,-0.571934593955575,0.1201970601601191,-0.6224755737725376,-0.9274745739175644,-0.440882595271642
20.0,275.0,1000.9228515625,0.8244933528940794,0.1717593457825232,-2.3768181913912985,-0.0231454770968646,0.518855071084819,-0.571934593955575,0.1201970601601191,-0.6224752305254626,-0.9274745739175644,-0.4408825976836819
20.0,275.0,1000.9228515625,0.8244933528940739,0.1717593457825232,-2.3768181931737407,-0.0231454770855136,0.5188549783730564,-0.571934593955575,0.1201970601601191,-0.6224752103099741,-0.9274745739175644,-0.4408825952712734
20.0,275.0,1000.9228515625,0.8244933528940794,0.1717593457825232,-2.3768181931737407,-0.0231454770857481,0.518855071084819,-0.571934593955575,0.1201970601601191,-0.6224752305254626,-0.9274745739175644,-0.4408825936849929
20.0,275.0,1000.9228515625,0.8244933528940739,0.1717593457825232,-2.3768181931737407,-0.023145477085748,0.5188549783730564,-0.571934593955575,0.1201970601601191,-0.6224752063261246,-0.9274745739175644,-0.4408822358767253
20.0,275.0,1000.9228515625,0.8244933528940794,0.1717593457825232,-2.3768181931737407,-0.0231454773767155,0.5188550651022683,-0.571934593955575,0.1201970601601191,-0.6224745267222752,-0.9274745739175644,-0.4408825936849929
20.0,275.0,1000.9228515625,0.8244933528940794,0.1717593457825232,-2.3768181931737407,-0.02314547708576,0.5188549956056944,-0.571934593955575,0.1201970601601191,-0.6224752737358081,-0.9274745739175644,-0.4408825970749195
20.0,275.0,1000.9228515625,0.8244933528940739,0.1717593457825232,-2.3768181931737407,-0.0231454770857475,0.5188549390173107,-0.571934593955575,0.1201970601601191,-0.6224755795723167,-0.9274745739175644,-0.440882595271642
20.0,275.0,1000.9228515625,0.8244933528940794,0.1717593457825232,-2.3768181931737407,-0.0231454770857481,0.518855071084819,-0.571934593955575,0.1201970601601191,-0.6224752305254626,-0.9274745739175644,-0.4408825936849929
20.0,275.0,1000.9228515625,0.8244933528940794,0.1717593457825232,-2.3768181931737407,-0.0231454770857481,0.518855071084819,-0.571934593955575,0.1201970601601191,-0.6224752270133052,-0.9274745739175644,-0.4408825936849929
20.0,275.0,1000.9228515625,0.8244933528940794,0.1717593457825232,-2.3768181931737407,-0.0231454770857481,0.518855071084819,-0.571934593955575,0.1201970601601191,-0.6224752200468672,-0.9274745739175644,-0.4408825936849929
20.0,275.0,1000.9228515625,0.8244933528940794,0.1717593457825232,-2.3768181931737407,-0.0231454770857481,0.518855071084819,-0.571934593955575,0.1201970601601191,-0.6224752305254626,-0.9274745739175644,-0.4408825936849929
20.0,275.0,1000.9228515625,0.8244933528940794,0.1717593457825232,-2.3768181930330443,-0.0231454770857481,0.518855071084819,-0.571934593955575,0.1201970601601191,-0.6224752733749308,-0.9274745739175644,-0.4408825936849929
20.0,275.0,1000.9228515625,0.8244933528940794,0.1717593457825232,-2.37681819136488,-0.0231454774645114,0.5188550719914452,-0.571934593955575,0.1201970601601191,-0.6224750096081734,-0.9274745739175644,-0.4408825970711926
20.0,275.0,1000.9228515625,0.8244933528940794,0.1717593457825232,-2.3768181931737407,-0.0231454770857481,0.518855071084819,-0.571934593955575,0.1201970601601191,-0.6224752305254626,-0.9274745739175644,-0.4408825936849929
20.0,275.0,1000.9228515625,0.8244933528940794,0.1717593457825232,-2.3768181914227986,-0.0231454770857484,0.518855071084819,-0.571934593955575,0.1201970601601191,-0.6224755558012645,-0.9274745739175644,-0.4408825976836819
20.0,275.0,1000.9228515625,0.8244933528940794,0.1717593457825232,-2.3768181931737407,-0.0231454770857481,0.518855071084819,-0.571934593955575,0.1201970601601191,-0.6224752305254626,-0.9274745739175644,-0.4408825936849929
20.0,275.0,1000.9228515625,0.8244933528940739,0.1717593457825232,-2.3768181931737407,-0.0231454770855136,0.5188549783730564,-0.571934593955575,0.1201970601601191,-0.6224752103099741,-0.9274745739175644,-0.4408825952712734
20.0,275.0,1000.9228515625,0.8244933528940794,0.1717593457825232,-2.3768181930330443,-0.0231454770857481,0.518855071084819,-0.571934593955575,0.1201970601601191,-0.6224752733749308,-0.9274745739175644,-0.4408825936849929
20.0,275.0,1000.9228515625,0.8244933528940794,0.1717593457825232,-2.3768181931737407,-0.023145477085622,0.5188550651022683,-0.571934593955575,0.1201970601601191,-0.6224746016289248,-0.9274745739175644,-0.4408825936849929
20.0,275.0,1000.9228515625,0.8244933528940794,0.1717593457825232,-2.3768181931737407,-0.0231454770857481,0.518855071084819,-0.571934593955575,0.1201970601601191,-0.6224752305254626,-0.9274745739175644,-0.4408825936849929
20.0,275.0,1000.9228515625,0.8244933528941865,0.1717593457825232,-2.3768181931737407,-0.0231454770845309,0.5188549390173107,-0.571934593955575,0.1201970601601191,-0.6224745491760093,-0.9274745739175644,-0.440882595271642
20.0,275.0,1000.9228515625,0.8244933528940794,0.1717593457825232,-2.3768181941580337,-0.0231454774603887,0.518855071084819,-0.571934593955575,0.1201970601601191,-0.6224752305254626,-0.9274745739175644,-0.4408825936849929
20.0,275.0,1000.9228515625,0.8244933528940794,0.1717593457825232,-2.376818193162853,-0.023145477085272,0.5188551757530165,-0.571934593955575,0.1201970601601191,-0.6224752311841399,-0.9274745739175644,-0.4408825977336218
20.0,276.0,1000.9124145507812,0.8244933528940794,0.1717593457825232,-2.3768181931737407,-0.0231454773775206,0.518855071084819,-0.5720578247161442,0.1201970601601191,-0.6224753180917887,-0.9274745739175644,-0.440882595319649
20.0,276.0,1000.9227294921876,0.8244933528940794,0.1717593457825232,-2.3768181931737407,-0.0231454771029381,0.518855071084819,-0.5719355441841407,0.1201970601601191,-0.6224753180917887,-0.9274745739175644,-0.4408825937215864
20.0,276.0,1000.9228515625,0.8244933528940794,0.1717593457825232,-2.3768181931737407,-0.0231454770857481,0.518855071084819,-0.571934593955575,0.1201970601601191,-0.6224752305254626,-0.9274745739175644,-0.4408825936849929
20.0,276.0,1000.9228515625,0.8244933528940794,0.1717593457825232,-2.3768181941580337,-0.0231454774603887,0.518855071084819,-0.571934593955575,0.1201970601601191,-0.6224752305254626,-0.9274745739175644,-0.4408825936849929
20.0,276.0,1000.9228515625,0.8244933528940794,0.1717593457825232,-2.3768181930330443,-0.0231454770857481,0.518855071084819,-0.571934593955575,0.1201970601601191,-0.6224752733749308,-0.9274745739175644,-0.4408825936849929
20.0,276.0,1000.9228515625,0.8244933528940739,0.1717593457825232,-2.3768181931737407,-0.0231454770857601,0.5188549783730564,-0.571934593955575,0.1201970601601191,-0.6224752053231137,-0.9274745739175644,-0.440882595271642
20.0,276.0,1000.9228515625,0.8244933528940794,0.1717593457825232,-2.376818191353992,-0.0231454774599909,0.5188550210242336,-0.571934593955575,0.1201970601601191,-0.6224750096081734,-0.9274745739175644,-0.4408825939440672
20.0,276.0,1000.9228515625,0.8244933528940794,0.1717593457825232,-2.3768181931737407,-0.0231454770857481,0.518855071084819,-0.571934593955575,0.1201970601601191,-0.6224752305254626,-0.9274745739175644,-0.4408825936849929
20.0,276.0,1000.9228515625,0.8244933528940794,0.1717593457825232,-2.3768181931737407,-0.0231454770857481,0.518855071084819,-0.571934593955575,0.1201970601601191,-0.6224752305254626,-0.9274745739175644,-0.4408825936849929
20.0,276.0,1000.9228515625,0.8244933528940794,0.1717593457825232,-2.3768181931737407,-0.0231454770857481,0.518855071084819,-0.571934593955575,0.1201970601601191,-0.6224752305254626,-0.9274745739175644,-0.4408825936849929
20.0,276.0,1000.9228515625,0.8244933528940794,0.1717593457825232,-2.3768181931737407,-0.0231454770967385,0.5188550651022683,-0.571934593955575,0.1201970601601191,-0.6224745911503293,-0.9274745739175644,-0.4408825936849929
20.0,276.0,1000.9228515625,0.8244933528940794,0.1717593457825232,-2.376818191353992,-0.0231454774645114,0.518855179095853,-0.571934593955575,0.1201970601601191,-0.6224750096081734,-0.9274745739175644,-0.4408825977298948
20.0,276.0,1000.9228515625,0.8244933528940794,0.1717593457825232,-2.3768181931737407,-0.0231454770949002,0.518855071084819,-0.571934593955575,0.1201970601601191,-0.6224752305254626,-0.9274745739175644,-0.4408825936849929
20.0,276.0,1000.9228515625,0.8244933528940769,0.1717593457825232,-2.3768181931737407,-0.0231454770855083,0.5188548722225405,-0.571934593955575,0.1201970601601191,-0.6224752948063276,-0.9274745739175644,-0.4408825952815947
20.0,276.0,1000.9228515625,0.8244933528940794,0.1717593457825232,-2.3768181931737407,-0.02314547708576,0.5188549956056944,-0.571934593955575,0.1201970601601191,-0.6224752737358081,-0.9274745739175644,-0.4408825970749195
20.0,276.0,1000.9228515625,0.8244933528940794,0.1717593457825232,-2.3768181913912985,-0.0231454770857481,0.518855071084819,-0.571934593955575,0.1201970601601191,-0.6224752305254626,-0.9274745739175644,-0.4408825976836819
20.0,276.0,1000.9228515625,0.8244933528940739,0.1717593457825232,-2.3768181931737407,-0.0231454770857601,0.5188549390173107,-0.571934593955575,0.1201970601601191,-0.6224745491760093,-0.9274745739175644,-0.440882595271642
20.0,276.0,1000.9228515625,0.8244933528940794,0.1717593457825232,-2.3768181931737407,-0.0231454770857481,0.5188550631229458,-0.571934593955575,0.1201970601601191,-0.6224752305254626,-0.9274745739175644,-0.4408825936849929
20.0,276.0,1000.9228515625,0.8244933528940794,0.1717593457825232,-2.376818192963925,-0.0231454770811601,0.518855071084819,-0.571934593955575,0.1201970601601191,-0.6224752733749308,-0.9274745739175644,-0.4408825936849929
20.0,276.0,1000.9228515625,0.8244933528940794,0.1717593457825232,-2.3768181931737407,-0.0231454770857481,0.518855071084819,-0.571934593955575,0.1201970601601191,-0.6224753292271257,-0.9274745739175644,-0.4408825936849929
20.0,276.0,1000.9228515625,0.8244933528940794,0.1717593457825232,-2.3768181931737407,-0.023145477085272,0.5188550686486088,-0.571934593955575,0.1201970601601191,-0.6224752311841399,-0.9274745739175644,-0.4408825970749195
20.0,276.0,1000.9228515625,0.8244933528940794,0.1717593457825232,-2.3768181931737407,-0.023145477085622,0.5188550651022683,-0.571934593955575,0.1201970601601191,-0.6224745911503293,-0.9274745739175644,-0.4408825936849929
20.0,276.0,1000.9228515625,0.8244933528940769,0.1717593457825232,-2.3768181931737407,-0.0231454770857547,0.5188548722225405,-0.571934593955575,0.1201970601601191,-0.6224752898194671,-0.9274745739175644,-0.4408825952819633
20.0,276.0,1000.9228515625,0.8244933528941869,0.1717593457825232,-2.3768181931737407,-0.0231454770845309,0.5188549390173107,-0.571934593955575,0.1201970601601191,-0.6224745491760093,-0.9274745739175644,-0.440882595271642
20.0,276.0,1000.9228515625,0.8244933528940794,0.1717593457825232,-2.3768181931737407,-0.0231454770857391,0.518855071084819,-0.571934593955575,0.1201970601601191,-0.6224753292271257,-0.9274745739175644,-0.440882595319649
20.0,276.0,1000.9228515625,0.8244933528940794,0.1717593457825232,-2.3768181930330443,-0.0231454770857481,0.518855071084819,-0.571934593955575,0.1201970601601191,-0.6224752733749308,-0.9274745739175644,-0.4408825936849929
20.0,276.0,1000.9228515625,0.8244933528940794,0.1717593457825232,-2.376818193061033,-0.0231454770857481,0.518855071084819,-0.571934593955575,0.1201970601601191,-0.6224754177054583,-0.9274745739175644,-0.4408825976836819
20.0,276.0,1000.9228515625,0.8244933528940739,0.1717593457825232,-2.3768181931737407,-0.0231454770857601,0.5188549390173107,-0.571934593955575,0.1201970601601191,-0.6224755737725376,-0.9274745739175644,-0.440882595271642
20.0,276.0,1000.9228515625,0.8244933528940794,0.1717593457825232,-2.3768181913912985,-0.0231454770968646,0.518855071084819,-0.571934593955575,0.1201970601601191,-0.6224752305254626,-0.9274745739175644,-0.4408825976836819
20.0,276.0,1000.9228515625,0.8244933528940739,0.1717593457825232,-2.3768181931737407,-0.0231454770855136,0.5188549783730564,-0.571934593955575,0.1201970601601191,-0.6224752103099741,-0.9274745739175644,-0.4408825952712734
20.0,276.0,1000.9228515625,0.8244933528940794,0.1717593457825232,-2.3768181931737407,-0.0231454770857481,0.518855071084819,-0.571934593955575,0.1201970601601191,-0.6224752305254626,-0.9274745739175644,-0.4408825936849929
20.0,276.0,1000.9228515625,0.8244933528940739,0.1717593457825232,-2.3768181931737407,-0.023145477085748,0.5188549783730564,-0.571934593955575,0.1201970601601191,-0.6224752063261246,-0.9274745739175644,-0.4408822358767253
20.0,276.0,1000.9228515625,0.8244933528940794,0.1717593457825232,-2.3768181931737407,-0.0231454773767155,0.5188550651022683,-0.571934593955575,0.1201970601601191,-0.6224745267222752,-0.9274745739175644,-0.4408825936849929
20.0,276.0,1000.9228515625,0.8244933528940794,0.1717593457825232,-2.3768181931737407,-0.02314547708576,0.5188549956056944,-0.571934593955575,0.1201970601601191,-0.6224752737358081,-0.9274745739175644,-0.4408825970749195
20.0,276.0,1000.9228515625,0.8244933528940739,0.1717593457825232,-2.3768181931737407,-0.0231454770857475,0.5188549390173107,-0.571934593955575,0.1201970601601191,-0.6224755795723167,-0.9274745739175644,-0.440882595271642
20.0,276.0,1000.9228515625,0.8244933528940794,0.1717593457825232,-2.3768181931737407,-0.0231454770857481,0.518855071084819,-0.571934593955575,0.1201970601601191,-0.6224752305254626,-0.9274745739175644,-0.4408825936849929
20.0,276.0,1000.9228515625,0.8244933528940794,0.1717593457825232,-2.3768181931737407,-0.0231454770857481,0.518855071084819,-0.571934593955575,0.1201970601601191,-0.6224752270133052,-0.9274745739175644,-0.4408825936849929
20.0,276.0,1000.9228515625,0.8244933528940794,0.1717593457825232,-2.3768181931737407,-0.0231454770857481,0.518855071084819,-0.571934593955575,0.1201970601601191,-0.6224752200468672,-0.9274745739175644,-0.4408825936849929
20.0,276.0,1000.9228515625,0.8244933528940794,0.1717593457825232,-2.3768181931737407,-0.0231454770857481,0.518855071084819,-0.571934593955575,0.1201970601601191,-0.6224752305254626,-0.9274745739175644,-0.4408825936849929
20.0,276.0,1000.9228515625,0.8244933528940794,0.1717593457825232,-2.3768181930330443,-0.0231454770857481,0.518855071084819,-0.571934593955575,0.1201970601601191,-0.6224752733749308,-0.9274745739175644,-0.4408825936849929
20.0,276.0,1000.9228515625,0.8244933528940794,0.1717593457825232,-2.37681819136488,-0.0231454774645114,0.5188550719914452,-0.571934593955575,0.1201970601601191,-0.6224750096081734,-0.9274745739175644,-0.4408825970711926
20.0,276.0,1000.9228515625,0.8244933528940794,0.1717593457825232,-2.3768181931737407,-0.0231454770857481,0.518855071084819,-0.571934593955575,0.1201970601601191,-0.6224752305254626,-0.9274745739175644,-0.4408825936849929
20.0,276.0,1000.9228515625,0.8244933528940794,0.1717593457825232,-2.3768181914227986,-0.0231454770857484,0.518855071084819,-0.571934593955575,0.1201970601601191,-0.6224755558012645,-0.9274745739175644,-0.4408825976836819
20.0,276.0,1000.9228515625,0.8244933528940794,0.1717593457825232,-2.3768181931737407,-0.0231454770857481,0.518855071084819,-0.571934593955575,0.1201970601601191,-0.6224752305254626,-0.9274745739175644,-0.4408825936849929
20.0,276.0,1000.9228515625,0.8244933528940739,0.1717593457825232,-2.3768181931737407,-0.0231454770855136,0.5188549783730564,-0.571934593955575,0.1201970601601191,-0.6224752103099741,-0.9274745739175644,-0.4408825952712734
20.0,276.0,1000.9228515625,0.8244933528940794,0.1717593457825232,-2.3768181930330443,-0.0231454770857481,0.518855071084819,-0.571934593955575,0.1201970601601191,-0.6224752733749308,-0.9274745739175644,-0.4408825936849929
20.0,276.0,1000.9228515625,0.8244933528940794,0.1717593457825232,-2.3768181931737407,-0.023145477085622,0.5188550651022683,-0.571934593955575,0.1201970601601191,-0.6224746016289248,-0.9274745739175644,-0.4408825936849929
20.0,276.0,1000.9228515625,0.8244933528940794,0.1717593457825232,-2.3768181931737407,-0.0231454770857481,0.518855071084819,-0.571934593955575,0.1201970601601191,-0.6224752305254626,-0.9274745739175644,-0.4408825936849929
20.0,276.0,1000.9228515625,0.8244933528941865,0.1717593457825232,-2.3768181931737407,-0.0231454770845309,0.5188549390173107,-0.571934593955575,0.1201970601601191,-0.6224745491760093,-0.9274745739175644,-0.440882595271642
20.0,276.0,1000.9228515625,0.8244933528940794,0.1717593457825232,-2.3768181941580337,-0.0231454774603887,0.518855071084819,-0.571934593955575,0.1201970601601191,-0.6224752305254626,-0.9274745739175644,-0.4408825936849929
20.0,277.0,1000.9124145507812,0.8244933528940794,0.1717593457825232,-2.3768181931737407,-0.0231454773775206,0.518855071084819,-0.5720578247161442,0.1201970601601191,-0.6224753180917887,-0.9274745739175644,-0.440882595319649
20.0,277.0,1000.9124145507812,0.8244933528940794,0.1717593457825232,-2.3768181931737407,-0.0231454770751016,0.518855071084819,-0.5720578247161442,0.1201970601601191,-0.6224752320662268,-0.9274745739175644,-0.4408825937333712
20.0,277.0,1000.9124145507812,0.8244933528940794,0.1717593457825232,-2.3768181931737407,-0.0231454773775206,0.518855071084819,-0.5720578247161442,0.1201970601601191,-0.6224753180917887,-0.9274745739175644,-0.440882595319649
20.0,277.0,1000.9227294921876,0.8244933528940794,0.1717593457825232,-2.3768181931737407,-0.0231454771029381,0.518855071084819,-0.5719355441841407,0.1201970601601191,-0.6224753180917887,-0.9274745739175644,-0.4408825937215864
20.0,277.0,1000.9228515625,0.8244933528940794,0.1717593457825232,-2.3768181931737407,-0.0231454770857481,0.518855071084819,-0.571934593955575,0.1201970601601191,-0.6224752305254626,-0.9274745739175644,-0.4408825936849929
20.0,277.0,1000.9228515625,0.8244933528940794,0.1717593457825232,-2.3768181941580337,-0.0231454774603887,0.518855071084819,-0.571934593955575,0.1201970601601191,-0.6224752305254626,-0.9274745739175644,-0.4408825936849929
20.0,277.0,1000.9228515625,0.8244933528940794,0.1717593457825232,-2.3768181930330443,-0.0231454770857481,0.518855071084819,-0.571934593955575,0.1201970601601191,-0.6224752733749308,-0.9274745739175644,-0.4408825936849929
20.0,277.0,1000.9228515625,0.8244933528940739,0.1717593457825232,-2.3768181931737407,-0.0231454770857601,0.5188549783730564,-0.571934593955575,0.1201970601601191,-0.6224752053231137,-0.9274745739175644,-0.440882595271642
20.0,277.0,1000.9228515625,0.8244933528940794,0.1717593457825232,-2.376818191353992,-0.0231454774599909,0.5188550210242336,-0.571934593955575,0.1201970601601191,-0.6224750096081734,-0.9274745739175644,-0.4408825939440672
20.0,277.0,1000.9228515625,0.8244933528940794,0.1717593457825232,-2.3768181931737407,-0.0231454770857481,0.518855071084819,-0.571934593955575,0.1201970601601191,-0.6224752305254626,-0.9274745739175644,-0.4408825936849929
20.0,277.0,1000.9228515625,0.8244933528940794,0.1717593457825232,-2.3768181931737407,-0.0231454770857481,0.518855071084819,-0.571934593955575,0.1201970601601191,-0.6224752305254626,-0.9274745739175644,-0.4408825936849929
20.0,277.0,1000.9228515625,0.8244933528940794,0.1717593457825232,-2.3768181931737407,-0.0231454770857481,0.518855071084819,-0.571934593955575,0.1201970601601191,-0.6224752305254626,-0.9274745739175644,-0.4408825936849929
20.0,277.0,1000.9228515625,0.8244933528940794,0.1717593457825232,-2.3768181931737407,-0.0231454770967385,0.5188550651022683,-0.571934593955575,0.1201970601601191,-0.6224745911503293,-0.9274745739175644,-0.4408825936849929
20.0,277.0,1000.9228515625,0.8244933528940794,0.1717593457825232,-2.376818191353992,-0.0231454774645114,0.518855179095853,-0.571934593955575,0.1201970601601191,-0.6224750096081734,-0.9274745739175644,-0.4408825977298948
20.0,277.0,1000.9228515625,0.8244933528940794,0.1717593457825232,-2.3768181931737407,-0.0231454770949002,0.518855071084819,-0.571934593955575,0.1201970601601191,-0.6224752305254626,-0.9274745739175644,-0.4408825936849929
20.0,277.0,1000.9228515625,0.8244933528940769,0.1717593457825232,-2.3768181931737407,-0.0231454770855083,0.5188548722225405,-0.571934593955575,0.1201970601601191,-0.6224752948063276,-0.9274745739175644,-0.4408825952815947
20.0,277.0,1000.9228515625,0.8244933528940794,0.1717593457825232,-2.3768181931737407,-0.02314547708576,0.5188549956056944,-0.571934593955575,0.1201970601601191,-0.6224752737358081,-0.9274745739175644,-0.4408825970749195
20.0,277.0,1000.9228515625,0.8244933528940794,0.1717593457825232,-2.3768181913912985,-0.0231454770857481,0.518855071084819,-0.571934593955575,0.1201970601601191,-0.6224752305254626,-0.9274745739175644,-0.4408825976836819
20.0,277.0,1000.9228515625,0.8244933528940739,0.1717593457825232,-2.3768181931737407,-0.0231454770857601,0.5188549390173107,-0.571934593955575,0.1201970601601191,-0.6224745491760093,-0.9274745739175644,-0.440882595271642
20.0,277.0,1000.9228515625,0.8244933528940794,0.1717593457825232,-2.3768181931737407,-0.0231454770857481,0.5188550631229458,-0.571934593955575,0.1201970601601191,-0.6224752305254626,-0.9274745739175644,-0.4408825936849929
20.0,277.0,1000.9228515625,0.8244933528940794,0.1717593457825232,-2.376818192963925,-0.0231454770811601,0.518855071084819,-0.571934593955575,0.1201970601601191,-0.6224752733749308,-0.9274745739175644,-0.4408825936849929
20.0,277.0,1000.9228515625,0.8244933528940794,0.1717593457825232,-2.3768181931737407,-0.0231454770857481,0.518855071084819,-0.571934593955575,0.1201970601601191,-0.6224753292271257,-0.9274745739175644,-0.4408825936849929
20.0,277.0,1000.9228515625,0.8244933528940794,0.1717593457825232,-2.3768181931737407,-0.023145477085272,0.5188550686486088,-0.571934593955575,0.1201970601601191,-0.6224752311841399,-0.9274745739175644,-0.4408825970749195
20.0,277.0,1000.9228515625,0.8244933528940794,0.1717593457825232,-2.3768181931737407,-0.023145477085622,0.5188550651022683,-0.571934593955575,0.1201970601601191,-0.6224745911503293,-0.9274745739175644,-0.4408825936849929
20.0,277.0,1000.9228515625,0.8244933528940769,0.1717593457825232,-2.3768181931737407,-0.0231454770857547,0.5188548722225405,-0.571934593955575,0.1201970601601191,-0.6224752898194671,-0.9274745739175644,-0.4408825952819633
20.0,277.0,1000.9228515625,0.8244933528941869,0.1717593457825232,-2.3768181931737407,-0.0231454770845309,0.5188549390173107,-0.571934593955575,0.1201970601601191,-0.6224745491760093,-0.9274745739175644,-0.440882595271642
20.0,277.0,1000.9228515625,0.8244933528940794,0.1717593457825232,-2.3768181931737407,-0.0231454770857391,0.518855071084819,-0.571934593955575,0.1201970601601191,-0.6224753292271257,-0.9274745739175644,-0.440882595319649
20.0,277.0,1000.9228515625,0.8244933528940794,0.1717593457825232,-2.3768181930330443,-0.0231454770857481,0.518855071084819,-0.571934593955575,0.1201970601601191,-0.6224752733749308,-0.9274745739175644,-0.4408825936849929
20.0,277.0,1000.9228515625,0.8244933528940794,0.1717593457825232,-2.376818193061033,-0.0231454770857481,0.518855071084819,-0.571934593955575,0.1201970601601191,-0.6224754177054583,-0.9274745739175644,-0.4408825976836819
20.0,277.0,1000.9228515625,0.8244933528940739,0.1717593457825232,-2.3768181931737407,-0.0231454770857601,0.5188549390173107,-0.571934593955575,0.1201970601601191,-0.6224755737725376,-0.9274745739175644,-0.440882595271642
20.0,277.0,1000.9228515625,0.8244933528940794,0.1717593457825232,-2.3768181913912985,-0.0231454770968646,0.518855071084819,-0.571934593955575,0.1201970601601191,-0.6224752305254626,-0.9274745739175644,-0.4408825976836819
20.0,277.0,1000.9228515625,0.8244933528940739,0.1717593457825232,-2.3768181931737407,-0.0231454770855136,0.5188549783730564,-0.571934593955575,0.1201970601601191,-0.6224752103099741,-0.9274745739175644,-0.4408825952712734
20.0,277.0,1000.9228515625,0.8244933528940794,0.1717593457825232,-2.3768181931737407,-0.0231454770857481,0.518855071084819,-0.571934593955575,0.1201970601601191,-0.6224752305254626,-0.9274745739175644,-0.4408825936849929
20.0,277.0,1000.9228515625,0.8244933528940739,0.1717593457825232,-2.3768181931737407,-0.023145477085748,0.5188549783730564,-0.571934593955575,0.1201970601601191,-0.6224752063261246,-0.9274745739175644,-0.4408822358767253
20.0,277.0,1000.9228515625,0.8244933528940794,0.1717593457825232,-2.3768181931737407,-0.0231454773767155,0.5188550651022683,-0.571934593955575,0.1201970601601191,-0.6224745267222752,-0.9274745739175644,-0.4408825936849929
20.0,277.0,1000.9228515625,0.8244933528940794,0.1717593457825232,-2.3768181931737407,-0.02314547708576,0.5188549956056944,-0.571934593955575,0.1201970601601191,-0.6224752737358081,-0.9274745739175644,-0.4408825970749195
20.0,277.0,1000.9228515625,0.8244933528940739,0.1717593457825232,-2.3768181931737407,-0.0231454770857475,0.5188549390173107,-0.571934593955575,0.1201970601601191,-0.6224755795723167,-0.9274745739175644,-0.440882595271642
20.0,277.0,1000.9228515625,0.8244933528940794,0.1717593457825232,-2.3768181931737407,-0.0231454770857481,0.518855071084819,-0.571934593955575,0.1201970601601191,-0.6224752305254626,-0.9274745739175644,-0.4408825936849929
20.0,277.0,1000.9228515625,0.8244933528940794,0.1717593457825232,-2.3768181931737407,-0.0231454770857481,0.518855071084819,-0.571934593955575,0.1201970601601191,-0.6224752270133052,-0.9274745739175644,-0.4408825936849929
20.0,277.0,1000.9228515625,0.8244933528940794,0.1717593457825232,-2.3768181931737407,-0.0231454770857481,0.518855071084819,-0.571934593955575,0.1201970601601191,-0.6224752200468672,-0.9274745739175644,-0.4408825936849929
20.0,277.0,1000.9228515625,0.8244933528940794,0.1717593457825232,-2.3768181931737407,-0.0231454770857481,0.518855071084819,-0.571934593955575,0.1201970601601191,-0.6224752305254626,-0.9274745739175644,-0.4408825936849929
20.0,277.0,1000.9228515625,0.8244933528940794,0.1717593457825232,-2.3768181930330443,-0.0231454770857481,0.518855071084819,-0.571934593955575,0.1201970601601191,-0.6224752733749308,-0.9274745739175644,-0.4408825936849929
20.0,277.0,1000.9228515625,0.8244933528940794,0.1717593457825232,-2.37681819136488,-0.0231454774645114,0.5188550719914452,-0.571934593955575,0.1201970601601191,-0.6224750096081734,-0.9274745739175644,-0.4408825970711926
20.0,277.0,1000.9228515625,0.8244933528940794,0.1717593457825232,-2.3768181931737407,-0.0231454770857481,0.518855071084819,-0.571934593955575,0.1201970601601191,-0.6224752305254626,-0.9274745739175644,-0.4408825936849929
20.0,277.0,1000.9228515625,0.8244933528940794,0.1717593457825232,-2.3768181914227986,-0.0231454770857484,0.518855071084819,-0.571934593955575,0.1201970601601191,-0.6224755558012645,-0.9274745739175644,-0.4408825976836819
20.0,277.0,1000.9228515625,0.8244933528940794,0.1717593457825232,-2.3768181931737407,-0.0231454770857481,0.518855071084819,-0.571934593955575,0.1201970601601191,-0.6224752305254626,-0.9274745739175644,-0.4408825936849929
20.0,277.0,1000.9228515625,0.8244933528940739,0.1717593457825232,-2.3768181931737407,-0.0231454770855136,0.5188549783730564,-0.571934593955575,0.1201970601601191,-0.6224752103099741,-0.9274745739175644,-0.4408825952712734
20.0,277.0,1000.9228515625,0.8244933528940794,0.1717593457825232,-2.3768181930330443,-0.0231454770857481,0.518855071084819,-0.571934593955575,0.1201970601601191,-0.6224752733749308,-0.9274745739175644,-0.4408825936849929
20.0,277.0,1000.9228515625,0.8244933528940794,0.1717593457825232,-2.3768181931737407,-0.023145477085622,0.5188550651022683,-0.571934593955575,0.1201970601601191,-0.6224746016289248,-0.9274745739175644,-0.4408825936849929
20.0,277.0,1000.9228515625,0.8244933528940794,0.1717593457825232,-2.3768181931737407,-0.0231454770857481,0.518855071084819,-0.571934593955575,0.1201970601601191,-0.6224752305254626,-0.9274745739175644,-0.4408825936849929
20.0,278.0,1000.912109375,0.8244933528940794,0.1717593457825232,-2.3768181931737407,-0.0231454773775206,0.518855071084819,-0.5720622527412523,0.1201970601601191,-0.6224753180917887,-0.9274745739175644,-0.440882595319649
20.0,278.0,1000.9124145507812,0.8244933528940794,0.1717593457825232,-2.3768181931737407,-0.0231454773775206,0.518855071084819,-0.5720578247161442,0.1201970601601191,-0.6224753180917887,-0.9274745739175644,-0.440882595319649
20.0,278.0,1000.9124145507812,0.8244933528940794,0.1717593457825232,-2.3768181931737407,-0.0231454770751016,0.518855071084819,-0.5720578247161442,0.1201970601601191,-0.6224752320662268,-0.9274745739175644,-0.4408825937333712
20.0,278.0,1000.9124145507812,0.8244933528940794,0.1717593457825232,-2.3768181931737407,-0.0231454773775206,0.518855071084819,-0.5720578247161442,0.1201970601601191,-0.6224753180917887,-0.9274745739175644,-0.440882595319649
20.0,278.0,1000.9227294921876,0.8244933528940794,0.1717593457825232,-2.3768181931737407,-0.0231454771029381,0.518855071084819,-0.5719355441841407,0.1201970601601191,-0.6224753180917887,-0.9274745739175644,-0.4408825937215864
20.0,278.0,1000.9228515625,0.8244933528940794,0.1717593457825232,-2.3768181931737407,-0.0231454770857481,0.518855071084819,-0.571934593955575,0.1201970601601191,-0.6224752305254626,-0.9274745739175644,-0.4408825936849929
20.0,278.0,1000.9228515625,0.8244933528940794,0.1717593457825232,-2.3768181941580337,-0.0231454774603887,0.518855071084819,-0.571934593955575,0.1201970601601191,-0.6224752305254626,-0.9274745739175644,-0.4408825936849929
20.0,278.0,1000.9228515625,0.8244933528940794,0.1717593457825232,-2.3768181930330443,-0.0231454770857481,0.518855071084819,-0.571934593955575,0.1201970601601191,-0.6224752733749308,-0.9274745739175644,-0.4408825936849929
20.0,278.0,1000.9228515625,0.8244933528940739,0.1717593457825232,-2.3768181931737407,-0.0231454770857601,0.5188549783730564,-0.571934593955575,0.1201970601601191,-0.6224752053231137,-0.9274745739175644,-0.440882595271642
20.0,278.0,1000.9228515625,0.8244933528940794,0.1717593457825232,-2.376818191353992,-0.0231454774599909,0.5188550210242336,-0.571934593955575,0.1201970601601191,-0.6224750096081734,-0.9274745739175644,-0.4408825939440672
20.0,278.0,1000.9228515625,0.8244933528940794,0.1717593457825232,-2.3768181931737407,-0.0231454770857481,0.518855071084819,-0.571934593955575,0.1201970601601191,-0.6224752305254626,-0.9274745739175644,-0.4408825936849929
20.0,278.0,1000.9228515625,0.8244933528940794,0.1717593457825232,-2.3768181931737407,-0.0231454770857481,0.518855071084819,-0.571934593955575,0.1201970601601191,-0.6224752305254626,-0.9274745739175644,-0.4408825936849929
20.0,278.0,1000.9228515625,0.8244933528940794,0.1717593457825232,-2.3768181931737407,-0.0231454770857481,0.518855071084819,-0.571934593955575,0.1201970601601191,-0.6224752305254626,-0.9274745739175644,-0.4408825936849929
20.0,278.0,1000.9228515625,0.8244933528940794,0.1717593457825232,-2.3768181931737407,-0.0231454770967385,0.5188550651022683,-0.571934593955575,0.1201970601601191,-0.6224745911503293,-0.9274745739175644,-0.4408825936849929
20.0,278.0,1000.9228515625,0.8244933528940794,0.1717593457825232,-2.376818191353992,-0.0231454774645114,0.518855179095853,-0.571934593955575,0.1201970601601191,-0.6224750096081734,-0.9274745739175644,-0.4408825977298948
20.0,278.0,1000.9228515625,0.8244933528940794,0.1717593457825232,-2.3768181931737407,-0.0231454770949002,0.518855071084819,-0.571934593955575,0.1201970601601191,-0.6224752305254626,-0.9274745739175644,-0.4408825936849929
20.0,278.0,1000.9228515625,0.8244933528940769,0.1717593457825232,-2.3768181931737407,-0.0231454770855083,0.5188548722225405,-0.571934593955575,0.1201970601601191,-0.6224752948063276,-0.9274745739175644,-0.4408825952815947
20.0,278.0,1000.9228515625,0.8244933528940794,0.1717593457825232,-2.3768181931737407,-0.02314547708576,0.5188549956056944,-0.571934593955575,0.1201970601601191,-0.6224752737358081,-0.9274745739175644,-0.4408825970749195
20.0,278.0,1000.9228515625,0.8244933528940794,0.1717593457825232,-2.3768181913912985,-0.0231454770857481,0.518855071084819,-0.571934593955575,0.1201970601601191,-0.6224752305254626,-0.9274745739175644,-0.4408825976836819
20.0,278.0,1000.9228515625,0.8244933528940739,0.1717593457825232,-2.3768181931737407,-0.0231454770857601,0.5188549390173107,-0.571934593955575,0.1201970601601191,-0.6224745491760093,-0.9274745739175644,-0.440882595271642
20.0,278.0,1000.9228515625,0.8244933528940794,0.1717593457825232,-2.3768181931737407,-0.0231454770857481,0.5188550631229458,-0.571934593955575,0.1201970601601191,-0.6224752305254626,-0.9274745739175644,-0.4408825936849929
20.0,278.0,1000.9228515625,0.8244933528940794,0.1717593457825232,-2.376818192963925,-0.0231454770811601,0.518855071084819,-0.571934593955575,0.1201970601601191,-0.6224752733749308,-0.9274745739175644,-0.4408825936849929
20.0,278.0,1000.9228515625,0.8244933528940794,0.1717593457825232,-2.3768181931737407,-0.0231454770857481,0.518855071084819,-0.571934593955575,0.1201970601601191,-0.6224753292271257,-0.9274745739175644,-0.4408825936849929
20.0,278.0,1000.9228515625,0.8244933528940794,0.1717593457825232,-2.3768181931737407,-0.023145477085272,0.5188550686486088,-0.571934593955575,0.1201970601601191,-0.6224752311841399,-0.9274745739175644,-0.4408825970749195
20.0,278.0,1000.9228515625,0.8244933528940794,0.1717593457825232,-2.3768181931737407,-0.023145477085622,0.5188550651022683,-0.571934593955575,0.1201970601601191,-0.6224745911503293,-0.9274745739175644,-0.4408825936849929
20.0,278.0,1000.9228515625,0.8244933528940769,0.1717593457825232,-2.3768181931737407,-0.0231454770857547,0.5188548722225405,-0.571934593955575,0.1201970601601191,-0.6224752898194671,-0.9274745739175644,-0.4408825952819633
20.0,278.0,1000.9228515625,0.8244933528941869,0.1717593457825232,-2.3768181931737407,-0.0231454770845309,0.5188549390173107,-0.571934593955575,0.1201970601601191,-0.6224745491760093,-0.9274745739175644,-0.440882595271642
20.0,278.0,1000.9228515625,0.8244933528940794,0.1717593457825232,-2.3768181931737407,-0.0231454770857391,0.518855071084819,-0.571934593955575,0.1201970601601191,-0.6224753292271257,-0.9274745739175644,-0.440882595319649
20.0,278.0,1000.9228515625,0.8244933528940794,0.1717593457825232,-2.3768181930330443,-0.0231454770857481,0.518855071084819,-0.571934593955575,0.1201970601601191,-0.6224752733749308,-0.9274745739175644,-0.4408825936849929
20.0,278.0,1000.9228515625,0.8244933528940794,0.1717593457825232,-2.376818193061033,-0.0231454770857481,0.518855071084819,-0.571934593955575,0.1201970601601191,-0.6224754177054583,-0.9274745739175644,-0.4408825976836819
20.0,278.0,1000.9228515625,0.8244933528940739,0.1717593457825232,-2.3768181931737407,-0.0231454770857601,0.5188549390173107,-0.571934593955575,0.1201970601601191,-0.6224755737725376,-0.9274745739175644,-0.440882595271642
20.0,278.0,1000.9228515625,0.8244933528940794,0.1717593457825232,-2.3768181913912985,-0.0231454770968646,0.518855071084819,-0.571934593955575,0.1201970601601191,-0.6224752305254626,-0.9274745739175644,-0.4408825976836819
20.0,278.0,1000.9228515625,0.8244933528940739,0.1717593457825232,-2.3768181931737407,-0.0231454770855136,0.5188549783730564,-0.571934593955575,0.1201970601601191,-0.6224752103099741,-0.9274745739175644,-0.4408825952712734
20.0,278.0,1000.9228515625,0.8244933528940794,0.1717593457825232,-2.3768181931737407,-0.0231454770857481,0.518855071084819,-0.571934593955575,0.1201970601601191,-0.6224752305254626,-0.9274745739175644,-0.4408825936849929
20.0,278.0,1000.9228515625,0.8244933528940739,0.1717593457825232,-2.3768181931737407,-0.023145477085748,0.5188549783730564,-0.571934593955575,0.1201970601601191,-0.6224752063261246,-0.9274745739175644,-0.4408822358767253
20.0,278.0,1000.9228515625,0.8244933528940794,0.1717593457825232,-2.3768181931737407,-0.0231454773767155,0.5188550651022683,-0.571934593955575,0.1201970601601191,-0.6224745267222752,-0.9274745739175644,-0.4408825936849929
20.0,278.0,1000.9228515625,0.8244933528940794,0.1717593457825232,-2.3768181931737407,-0.02314547708576,0.5188549956056944,-0.571934593955575,0.1201970601601191,-0.6224752737358081,-0.9274745739175644,-0.4408825970749195
20.0,278.0,1000.9228515625,0.8244933528940739,0.1717593457825232,-2.3768181931737407,-0.0231454770857475,0.5188549390173107,-0.571934593955575,0.1201970601601191,-0.6224755795723167,-0.9274745739175644,-0.440882595271642
20.0,278.0,1000.9228515625,0.8244933528940794,0.1717593457825232,-2.3768181931737407,-0.0231454770857481,0.518855071084819,-0.571934593955575,0.1201970601601191,-0.6224752305254626,-0.9274745739175644,-0.4408825936849929
20.0,278.0,1000.9228515625,0.8244933528940794,0.1717593457825232,-2.3768181931737407,-0.0231454770857481,0.518855071084819,-0.571934593955575,0.1201970601601191,-0.6224752270133052,-0.9274745739175644,-0.4408825936849929
20.0,278.0,1000.9228515625,0.8244933528940794,0.1717593457825232,-2.3768181931737407,-0.0231454770857481,0.518855071084819,-0.571934593955575,0.1201970601601191,-0.6224752200468672,-0.9274745739175644,-0.4408825936849929
20.0,278.0,1000.9228515625,0.8244933528940794,0.1717593457825232,-2.3768181931737407,-0.0231454770857481,0.518855071084819,-0.571934593955575,0.1201970601601191,-0.6224752305254626,-0.9274745739175644,-0.4408825936849929
20.0,278.0,1000.9228515625,0.8244933528940794,0.1717593457825232,-2.3768181930330443,-0.0231454770857481,0.518855071084819,-0.571934593955575,0.1201970601601191,-0.6224752733749308,-0.9274745739175644,-0.4408825936849929
20.0,278.0,1000.9228515625,0.8244933528940794,0.1717593457825232,-2.37681819136488,-0.0231454774645114,0.5188550719914452,-0.571934593955575,0.1201970601601191,-0.6224750096081734,-0.9274745739175644,-0.4408825970711926
20.0,278.0,1000.9228515625,0.8244933528940794,0.1717593457825232,-2.3768181931737407,-0.0231454770857481,0.518855071084819,-0.571934593955575,0.1201970601601191,-0.6224752305254626,-0.9274745739175644,-0.4408825936849929
20.0,278.0,1000.9228515625,0.8244933528940794,0.1717593457825232,-2.3768181914227986,-0.0231454770857484,0.518855071084819,-0.571934593955575,0.1201970601601191,-0.6224755558012645,-0.9274745739175644,-0.4408825976836819
20.0,278.0,1000.9228515625,0.8244933528940794,0.1717593457825232,-2.3768181931737407,-0.0231454770857481,0.518855071084819,-0.571934593955575,0.1201970601601191,-0.6224752305254626,-0.9274745739175644,-0.4408825936849929
20.0,278.0,1000.9228515625,0.8244933528940739,0.1717593457825232,-2.3768181931737407,-0.0231454770855136,0.5188549783730564,-0.571934593955575,0.1201970601601191,-0.6224752103099741,-0.9274745739175644,-0.4408825952712734
20.0,278.0,1000.9228515625,0.8244933528940794,0.1717593457825232,-2.3768181930330443,-0.0231454770857481,0.518855071084819,-0.571934593955575,0.1201970601601191,-0.6224752733749308,-0.9274745739175644,-0.4408825936849929
20.0,278.0,1000.9228515625,0.8244933528940794,0.1717593457825232,-2.3768181931737407,-0.023145477085622,0.5188550651022683,-0.571934593955575,0.1201970601601191,-0.6224746016289248,-0.9274745739175644,-0.4408825936849929
20.0,279.0,1000.912109375,0.8244933528940794,0.1717593457825232,-2.3768181931737407,-0.0231454773775206,0.518855071084819,-0.5720622527412523,0.1201970601601191,-0.6224753180917887,-0.9274745739175644,-0.440882595319649
20.0,279.0,1000.912109375,0.8244933528940794,0.1717593457825232,-2.3768181931737407,-0.0231454773775206,0.518855071084819,-0.5720622527412523,0.1201970601601191,-0.6224753180917887,-0.9274745739175644,-0.4408825953292395
20.0,279.0,1000.9122314453124,0.8244933528940794,0.1717593457825232,-2.376818193188309,-0.0231454774085871,0.518855071084819,-0.5720601214221889,0.1201970601601191,-0.6224753196213949,-0.9274745739175644,-0.4408825952795652
20.0,279.0,1000.9124145507812,0.8244933528940794,0.1717593457825232,-2.3768181931737407,-0.0231454773775206,0.518855071084819,-0.5720578247161442,0.1201970601601191,-0.6224753180917887,-0.9274745739175644,-0.440882595319649
20.0,279.0,1000.9124145507812,0.8244933528940794,0.1717593457825232,-2.3768181931737407,-0.0231454770751016,0.518855071084819,-0.5720578247161442,0.1201970601601191,-0.6224752320662268,-0.9274745739175644,-0.4408825937333712
20.0,279.0,1000.9124145507812,0.8244933528940794,0.1717593457825232,-2.3768181931737407,-0.0231454773775206,0.518855071084819,-0.5720578247161442,0.1201970601601191,-0.6224753180917887,-0.9274745739175644,-0.440882595319649
20.0,279.0,1000.9124145507812,0.8244933528940794,0.1717593457825232,-2.3768181931737407,-0.0231454774034883,0.5188550648285738,-0.5720578247161442,0.1201970601601191,-0.6224752731890257,-0.9274745739175644,-0.4408825952937419
20.0,279.0,1000.9226684570312,0.8244933528940794,0.1717593457825232,-2.3768181929493566,-0.0231454770500936,0.518855071084819,-0.5719367252746385,0.1201970601601191,-0.6224752718453245,-0.9274745739175644,-0.4408825937250766
20.0,279.0,1000.9227294921876,0.8244933528940794,0.1717593457825232,-2.3768181931737407,-0.0231454771029381,0.518855071084819,-0.5719355441841407,0.1201970601601191,-0.6224753180917887,-0.9274745739175644,-0.4408825937215864
20.0,279.0,1000.9228515625,0.8244933528940794,0.1717593457825232,-2.3768181931737407,-0.0231454770857481,0.518855071084819,-0.571934593955575,0.1201970601601191,-0.6224752305254626,-0.9274745739175644,-0.4408825936849929
20.0,279.0,1000.9228515625,0.8244933528940794,0.1717593457825232,-2.3768181941580337,-0.0231454774603887,0.518855071084819,-0.571934593955575,0.1201970601601191,-0.6224752305254626,-0.9274745739175644,-0.4408825936849929
20.0,279.0,1000.9228515625,0.8244933528940794,0.1717593457825232,-2.3768181930330443,-0.0231454770857481,0.518855071084819,-0.571934593955575,0.1201970601601191,-0.6224752733749308,-0.9274745739175644,-0.4408825936849929
20.0,279.0,1000.9228515625,0.8244933528940739,0.1717593457825232,-2.3768181931737407,-0.0231454770857601,0.5188549783730564,-0.571934593955575,0.1201970601601191,-0.6224752053231137,-0.9274745739175644,-0.440882595271642
20.0,279.0,1000.9228515625,0.8244933528940794,0.1717593457825232,-2.376818191353992,-0.0231454774599909,0.5188550210242336,-0.571934593955575,0.1201970601601191,-0.6224750096081734,-0.9274745739175644,-0.4408825939440672
20.0,279.0,1000.9228515625,0.8244933528940794,0.1717593457825232,-2.3768181931737407,-0.0231454770857481,0.518855071084819,-0.571934593955575,0.1201970601601191,-0.6224752305254626,-0.9274745739175644,-0.4408825936849929
20.0,279.0,1000.9228515625,0.8244933528940794,0.1717593457825232,-2.3768181931737407,-0.0231454770857481,0.518855071084819,-0.571934593955575,0.1201970601601191,-0.6224752305254626,-0.9274745739175644,-0.4408825936849929
20.0,279.0,1000.9228515625,0.8244933528940794,0.1717593457825232,-2.3768181931737407,-0.0231454770857481,0.518855071084819,-0.571934593955575,0.1201970601601191,-0.6224752305254626,-0.9274745739175644,-0.4408825936849929
20.0,279.0,1000.9228515625,0.8244933528940794,0.1717593457825232,-2.3768181931737407,-0.0231454770967385,0.5188550651022683,-0.571934593955575,0.1201970601601191,-0.6224745911503293,-0.9274745739175644,-0.4408825936849929
20.0,279.0,1000.9228515625,0.8244933528940794,0.1717593457825232,-2.376818191353992,-0.0231454774645114,0.518855179095853,-0.571934593955575,0.1201970601601191,-0.6224750096081734,-0.9274745739175644,-0.4408825977298948
20.0,279.0,1000.9228515625,0.8244933528940794,0.1717593457825232,-2.3768181931737407,-0.0231454770949002,0.518855071084819,-0.571934593955575,0.1201970601601191,-0.6224752305254626,-0.9274745739175644,-0.4408825936849929
20.0,279.0,1000.9228515625,0.8244933528940769,0.1717593457825232,-2.3768181931737407,-0.0231454770855083,0.5188548722225405,-0.571934593955575,0.1201970601601191,-0.6224752948063276,-0.9274745739175644,-0.4408825952815947
20.0,279.0,1000.9228515625,0.8244933528940794,0.1717593457825232,-2.3768181931737407,-0.02314547708576,0.5188549956056944,-0.571934593955575,0.1201970601601191,-0.6224752737358081,-0.9274745739175644,-0.4408825970749195
20.0,279.0,1000.9228515625,0.8244933528940794,0.1717593457825232,-2.3768181913912985,-0.0231454770857481,0.518855071084819,-0.571934593955575,0.1201970601601191,-0.6224752305254626,-0.9274745739175644,-0.4408825976836819
20.0,279.0,1000.9228515625,0.8244933528940739,0.1717593457825232,-2.3768181931737407,-0.0231454770857601,0.5188549390173107,-0.571934593955575,0.1201970601601191,-0.6224745491760093,-0.9274745739175644,-0.440882595271642
20.0,279.0,1000.9228515625,0.8244933528940794,0.1717593457825232,-2.3768181931737407,-0.0231454770857481,0.5188550631229458,-0.571934593955575,0.1201970601601191,-0.6224752305254626,-0.9274745739175644,-0.4408825936849929
20.0,279.0,1000.9228515625,0.8244933528940794,0.1717593457825232,-2.376818192963925,-0.0231454770811601,0.518855071084819,-0.571934593955575,0.1201970601601191,-0.6224752733749308,-0.9274745739175644,-0.4408825936849929
20.0,279.0,1000.9228515625,0.8244933528940794,0.1717593457825232,-2.3768181931737407,-0.0231454770857481,0.518855071084819,-0.571934593955575,0.1201970601601191,-0.6224753292271257,-0.9274745739175644,-0.4408825936849929
20.0,279.0,1000.9228515625,0.8244933528940794,0.1717593457825232,-2.3768181931737407,-0.023145477085272,0.5188550686486088,-0.571934593955575,0.1201970601601191,-0.6224752311841399,-0.9274745739175644,-0.4408825970749195
20.0,279.0,1000.9228515625,0.8244933528940794,0.1717593457825232,-2.3768181931737407,-0.023145477085622,0.5188550651022683,-0.571934593955575,0.1201970601601191,-0.6224745911503293,-0.9274745739175644,-0.4408825936849929
20.0,279.0,1000.9228515625,0.8244933528940769,0.1717593457825232,-2.3768181931737407,-0.0231454770857547,0.5188548722225405,-0.571934593955575,0.1201970601601191,-0.6224752898194671,-0.9274745739175644,-0.4408825952819633
20.0,279.0,1000.9228515625,0.8244933528941869,0.1717593457825232,-2.3768181931737407,-0.0231454770845309,0.5188549390173107,-0.571934593955575,0.1201970601601191,-0.6224745491760093,-0.9274745739175644,-0.440882595271642
20.0,279.0,1000.9228515625,0.8244933528940794,0.1717593457825232,-2.3768181931737407,-0.0231454770857391,0.518855071084819,-0.571934593955575,0.1201970601601191,-0.6224753292271257,-0.9274745739175644,-0.440882595319649
20.0,279.0,1000.9228515625,0.8244933528940794,0.1717593457825232,-2.3768181930330443,-0.0231454770857481,0.518855071084819,-0.571934593955575,0.1201970601601191,-0.6224752733749308,-0.9274745739175644,-0.4408825936849929
20.0,279.0,1000.9228515625,0.8244933528940794,0.1717593457825232,-2.376818193061033,-0.0231454770857481,0.518855071084819,-0.571934593955575,0.1201970601601191,-0.6224754177054583,-0.9274745739175644,-0.4408825976836819
20.0,279.0,1000.9228515625,0.8244933528940739,0.1717593457825232,-2.3768181931737407,-0.0231454770857601,0.5188549390173107,-0.571934593955575,0.1201970601601191,-0.6224755737725376,-0.9274745739175644,-0.440882595271642
20.0,279.0,1000.9228515625,0.8244933528940794,0.1717593457825232,-2.3768181913912985,-0.0231454770968646,0.518855071084819,-0.571934593955575,0.1201970601601191,-0.6224752305254626,-0.9274745739175644,-0.4408825976836819
20.0,279.0,1000.9228515625,0.8244933528940739,0.1717593457825232,-2.3768181931737407,-0.0231454770855136,0.5188549783730564,-0.571934593955575,0.1201970601601191,-0.6224752103099741,-0.9274745739175644,-0.4408825952712734
20.0,279.0,1000.9228515625,0.8244933528940794,0.1717593457825232,-2.3768181931737407,-0.0231454770857481,0.518855071084819,-0.571934593955575,0.1201970601601191,-0.6224752305254626,-0.9274745739175644,-0.4408825936849929
20.0,279.0,1000.9228515625,0.8244933528940739,0.1717593457825232,-2.3768181931737407,-0.023145477085748,0.5188549783730564,-0.571934593955575,0.1201970601601191,-0.6224752063261246,-0.9274745739175644,-0.4408822358767253
20.0,279.0,1000.9228515625,0.8244933528940794,0.1717593457825232,-2.3768181931737407,-0.0231454773767155,0.5188550651022683,-0.571934593955575,0.1201970601601191,-0.6224745267222752,-0.9274745739175644,-0.4408825936849929
20.0,279.0,1000.9228515625,0.8244933528940794,0.1717593457825232,-2.3768181931737407,-0.02314547708576,0.5188549956056944,-0.571934593955575,0.1201970601601191,-0.6224752737358081,-0.9274745739175644,-0.4408825970749195
20.0,279.0,1000.9228515625,0.8244933528940739,0.1717593457825232,-2.3768181931737407,-0.0231454770857475,0.5188549390173107,-0.571934593955575,0.1201970601601191,-0.6224755795723167,-0.9274745739175644,-0.440882595271642
20.0,279.0,1000.9228515625,0.8244933528940794,0.1717593457825232,-2.3768181931737407,-0.0231454770857481,0.518855071084819,-0.571934593955575,0.1201970601601191,-0.6224752305254626,-0.9274745739175644,-0.4408825936849929
20.0,279.0,1000.9228515625,0.8244933528940794,0.1717593457825232,-2.3768181931737407,-0.0231454770857481,0.518855071084819,-0.571934593955575,0.1201970601601191,-0.6224752270133052,-0.9274745739175644,-0.4408825936849929
20.0,279.0,1000.9228515625,0.8244933528940794,0.1717593457825232,-2.3768181931737407,-0.0231454770857481,0.518855071084819,-0.571934593955575,0.1201970601601191,-0.6224752200468672,-0.9274745739175644,-0.4408825936849929
20.0,279.0,1000.9228515625,0.8244933528940794,0.1717593457825232,-2.3768181931737407,-0.0231454770857481,0.518855071084819,-0.571934593955575,0.1201970601601191,-0.6224752305254626,-0.9274745739175644,-0.4408825936849929
20.0,279.0,1000.9228515625,0.8244933528940794,0.1717593457825232,-2.3768181930330443,-0.0231454770857481,0.518855071084819,-0.571934593955575,0.1201970601601191,-0.6224752733749308,-0.9274745739175644,-0.4408825936849929
20.0,279.0,1000.9228515625,0.8244933528940794,0.1717593457825232,-2.37681819136488,-0.0231454774645114,0.5188550719914452,-0.571934593955575,0.1201970601601191,-0.6224750096081734,-0.9274745739175644,-0.4408825970711926
20.0,279.0,1000.9228515625,0.8244933528940794,0.1717593457825232,-2.3768181931737407,-0.0231454770857481,0.518855071084819,-0.571934593955575,0.1201970601601191,-0.6224752305254626,-0.9274745739175644,-0.4408825936849929
20.0,279.0,1000.9228515625,0.8244933528940794,0.1717593457825232,-2.3768181914227986,-0.0231454770857484,0.518855071084819,-0.571934593955575,0.1201970601601191,-0.6224755558012645,-0.9274745739175644,-0.4408825976836819
20.0,280.0,1000.9117431640624,0.8244933528940794,0.1717593457825232,-2.3768181930330443,-0.0231454770857481,0.5188550651931219,-0.5720667732637419,0.1201970601601191,-0.6224752733765531,-0.9274745739175644,-0.4408825936849929
20.0,280.0,1000.912109375,0.8244933528940794,0.1717593457825232,-2.3768181931737407,-0.0231454773775206,0.518855071084819,-0.5720622527412523,0.1201970601601191,-0.6224753180917887,-0.9274745739175644,-0.440882595319649
20.0,280.0,1000.912109375,0.8244933528940794,0.1717593457825232,-2.3768181931737407,-0.0231454773775206,0.518855071084819,-0.5720622527412523,0.1201970601601191,-0.6224753180917887,-0.9274745739175644,-0.4408825953292395
20.0,280.0,1000.912109375,0.8244933528940794,0.1717593457825232,-2.3768181931737407,-0.0231454770857505,0.518855071084819,-0.5720622527412523,0.1201970601601191,-0.6224753180917887,-0.9274745739175644,-0.440882595319649
20.0,280.0,1000.9122314453124,0.8244933528940794,0.1717593457825232,-2.376818193188309,-0.0231454774085871,0.518855071084819,-0.5720601214221889,0.1201970601601191,-0.6224753196213949,-0.9274745739175644,-0.4408825952795652
20.0,280.0,1000.9122924804688,0.8244933528940794,0.1717593457825232,-2.376818193177248,-0.0231454773861035,0.518855071084819,-0.572059342705877,0.1201970601601191,-0.6224753175092096,-0.9274745739175644,-0.440882595324002
20.0,280.0,1000.9124145507812,0.8244933528940794,0.1717593457825232,-2.3768181931737407,-0.0231454773775206,0.518855071084819,-0.5720578247161442,0.1201970601601191,-0.6224753180917887,-0.9274745739175644,-0.440882595319649
20.0,280.0,1000.9124145507812,0.8244933528940794,0.1717593457825232,-2.3768181931737407,-0.0231454770751016,0.518855071084819,-0.5720578247161442,0.1201970601601191,-0.6224752320662268,-0.9274745739175644,-0.4408825937333712
20.0,280.0,1000.9124145507812,0.8244933528940794,0.1717593457825232,-2.3768181931737407,-0.0231454773775206,0.518855071084819,-0.5720578247161442,0.1201970601601191,-0.6224753180917887,-0.9274745739175644,-0.440882595319649
20.0,280.0,1000.9124145507812,0.8244933528940794,0.1717593457825232,-2.3768181931737407,-0.0231454774034883,0.5188550648285738,-0.5720578247161442,0.1201970601601191,-0.6224752731890257,-0.9274745739175644,-0.4408825952937419
20.0,280.0,1000.9124145507812,0.8244933528940794,0.1717593457825232,-2.3768181931891057,-0.0231454773775206,0.518855071084819,-0.5720578247161442,0.1201970601601191,-0.6224753179618393,-0.9274745739175644,-0.440882595319649
20.0,280.0,1000.9226684570312,0.8244933528940794,0.1717593457825232,-2.3768181929493566,-0.0231454770500936,0.518855071084819,-0.5719367252746385,0.1201970601601191,-0.6224752718453245,-0.9274745739175644,-0.4408825937250766
20.0,280.0,1000.9226684570312,0.8244933528940794,0.1717593457825232,-2.376818193032263,-0.0231454770857481,0.518855071084819,-0.571936881445889,0.1201970601601191,-0.6224752733265702,-0.9274745739175644,-0.4408825936849929
20.0,280.0,1000.9227294921876,0.8244933528940794,0.1717593457825232,-2.3768181931737407,-0.0231454771029381,0.518855071084819,-0.5719355441841407,0.1201970601601191,-0.6224753180917887,-0.9274745739175644,-0.4408825937215864
20.0,280.0,1000.9228515625,0.8244933528940794,0.1717593457825232,-2.3768181931737407,-0.0231454770857481,0.518855071084819,-0.571934593955575,0.1201970601601191,-0.6224752305254626,-0.9274745739175644,-0.4408825936849929
20.0,280.0,1000.9228515625,0.8244933528940794,0.1717593457825232,-2.3768181941580337,-0.0231454774603887,0.518855071084819,-0.571934593955575,0.1201970601601191,-0.6224752305254626,-0.9274745739175644,-0.4408825936849929
20.0,280.0,1000.9228515625,0.8244933528940794,0.1717593457825232,-2.3768181930330443,-0.0231454770857481,0.518855071084819,-0.571934593955575,0.1201970601601191,-0.6224752733749308,-0.9274745739175644,-0.4408825936849929
20.0,280.0,1000.9228515625,0.8244933528940739,0.1717593457825232,-2.3768181931737407,-0.0231454770857601,0.5188549783730564,-0.571934593955575,0.1201970601601191,-0.6224752053231137,-0.9274745739175644,-0.440882595271642
20.0,280.0,1000.9228515625,0.8244933528940794,0.1717593457825232,-2.376818191353992,-0.0231454774599909,0.5188550210242336,-0.571934593955575,0.1201970601601191,-0.6224750096081734,-0.9274745739175644,-0.4408825939440672
20.0,280.0,1000.9228515625,0.8244933528940794,0.1717593457825232,-2.3768181931737407,-0.0231454770857481,0.518855071084819,-0.571934593955575,0.1201970601601191,-0.6224752305254626,-0.9274745739175644,-0.4408825936849929
20.0,280.0,1000.9228515625,0.8244933528940794,0.1717593457825232,-2.3768181931737407,-0.0231454770857481,0.518855071084819,-0.571934593955575,0.1201970601601191,-0.6224752305254626,-0.9274745739175644,-0.4408825936849929
20.0,280.0,1000.9228515625,0.8244933528940794,0.1717593457825232,-2.3768181931737407,-0.0231454770857481,0.518855071084819,-0.571934593955575,0.1201970601601191,-0.6224752305254626,-0.9274745739175644,-0.4408825936849929
20.0,280.0,1000.9228515625,0.8244933528940794,0.1717593457825232,-2.3768181931737407,-0.0231454770967385,0.5188550651022683,-0.571934593955575,0.1201970601601191,-0.6224745911503293,-0.9274745739175644,-0.4408825936849929
20.0,280.0,1000.9228515625,0.8244933528940794,0.1717593457825232,-2.376818191353992,-0.0231454774645114,0.518855179095853,-0.571934593955575,0.1201970601601191,-0.6224750096081734,-0.9274745739175644,-0.4408825977298948
20.0,280.0,1000.9228515625,0.8244933528940794,0.1717593457825232,-2.3768181931737407,-0.0231454770949002,0.518855071084819,-0.571934593955575,0.1201970601601191,-0.6224752305254626,-0.9274745739175644,-0.4408825936849929
20.0,280.0,1000.9228515625,0.8244933528940769,0.1717593457825232,-2.3768181931737407,-0.0231454770855083,0.5188548722225405,-0.571934593955575,0.1201970601601191,-0.6224752948063276,-0.9274745739175644,-0.4408825952815947
20.0,280.0,1000.9228515625,0.8244933528940794,0.1717593457825232,-2.3768181931737407,-0.02314547708576,0.5188549956056944,-0.571934593955575,0.1201970601601191,-0.6224752737358081,-0.9274745739175644,-0.4408825970749195
20.0,280.0,1000.9228515625,0.8244933528940794,0.1717593457825232,-2.3768181913912985,-0.0231454770857481,0.518855071084819,-0.571934593955575,0.1201970601601191,-0.6224752305254626,-0.9274745739175644,-0.4408825976836819
20.0,280.0,1000.9228515625,0.8244933528940739,0.1717593457825232,-2.3768181931737407,-0.0231454770857601,0.5188549390173107,-0.571934593955575,0.1201970601601191,-0.6224745491760093,-0.9274745739175644,-0.440882595271642
20.0,280.0,1000.9228515625,0.8244933528940794,0.1717593457825232,-2.3768181931737407,-0.0231454770857481,0.5188550631229458,-0.571934593955575,0.1201970601601191,-0.6224752305254626,-0.9274745739175644,-0.4408825936849929
20.0,280.0,1000.9228515625,0.8244933528940794,0.1717593457825232,-2.376818192963925,-0.0231454770811601,0.518855071084819,-0.571934593955575,0.1201970601601191,-0.6224752733749308,-0.9274745739175644,-0.4408825936849929
20.0,280.0,1000.9228515625,0.8244933528940794,0.1717593457825232,-2.3768181931737407,-0.0231454770857481,0.518855071084819,-0.571934593955575,0.1201970601601191,-0.6224753292271257,-0.9274745739175644,-0.4408825936849929
20.0,280.0,1000.9228515625,0.8244933528940794,0.1717593457825232,-2.3768181931737407,-0.023145477085272,0.5188550686486088,-0.571934593955575,0.1201970601601191,-0.6224752311841399,-0.9274745739175644,-0.4408825970749195
20.0,280.0,1000.9228515625,0.8244933528940794,0.1717593457825232,-2.3768181931737407,-0.023145477085622,0.5188550651022683,-0.571934593955575,0.1201970601601191,-0.6224745911503293,-0.9274745739175644,-0.4408825936849929
20.0,280.0,1000.9228515625,0.8244933528940769,0.1717593457825232,-2.3768181931737407,-0.0231454770857547,0.5188548722225405,-0.571934593955575,0.1201970601601191,-0.6224752898194671,-0.9274745739175644,-0.4408825952819633
20.0,280.0,1000.9228515625,0.8244933528941869,0.1717593457825232,-2.3768181931737407,-0.0231454770845309,0.5188549390173107,-0.571934593955575,0.1201970601601191,-0.6224745491760093,-0.9274745739175644,-0.440882595271642
20.0,280.0,1000.9228515625,0.8244933528940794,0.1717593457825232,-2.3768181931737407,-0.0231454770857391,0.518855071084819,-0.571934593955575,0.1201970601601191,-0.6224753292271257,-0.9274745739175644,-0.440882595319649
20.0,280.0,1000.9228515625,0.8244933528940794,0.1717593457825232,-2.3768181930330443,-0.0231454770857481,0.518855071084819,-0.571934593955575,0.1201970601601191,-0.6224752733749308,-0.9274745739175644,-0.4408825936849929
20.0,280.0,1000.9228515625,0.8244933528940794,0.1717593457825232,-2.376818193061033,-0.0231454770857481,0.518855071084819,-0.571934593955575,0.1201970601601191,-0.6224754177054583,-0.9274745739175644,-0.4408825976836819
20.0,280.0,1000.9228515625,0.8244933528940739,0.1717593457825232,-2.3768181931737407,-0.0231454770857601,0.5188549390173107,-0.571934593955575,0.1201970601601191,-0.6224755737725376,-0.9274745739175644,-0.440882595271642
20.0,280.0,1000.9228515625,0.8244933528940794,0.1717593457825232,-2.3768181913912985,-0.0231454770968646,0.518855071084819,-0.571934593955575,0.1201970601601191,-0.6224752305254626,-0.9274745739175644,-0.4408825976836819
20.0,280.0,1000.9228515625,0.8244933528940739,0.1717593457825232,-2.3768181931737407,-0.0231454770855136,0.5188549783730564,-0.571934593955575,0.1201970601601191,-0.6224752103099741,-0.9274745739175644,-0.4408825952712734
20.0,280.0,1000.9228515625,0.8244933528940794,0.1717593457825232,-2.3768181931737407,-0.0231454770857481,0.518855071084819,-0.571934593955575,0.1201970601601191,-0.6224752305254626,-0.9274745739175644,-0.4408825936849929
20.0,280.0,1000.9228515625,0.8244933528940739,0.1717593457825232,-2.3768181931737407,-0.023145477085748,0.5188549783730564,-0.571934593955575,0.1201970601601191,-0.6224752063261246,-0.9274745739175644,-0.4408822358767253
20.0,280.0,1000.9228515625,0.8244933528940794,0.1717593457825232,-2.3768181931737407,-0.0231454773767155,0.5188550651022683,-0.571934593955575,0.1201970601601191,-0.6224745267222752,-0.9274745739175644,-0.4408825936849929
20.0,280.0,1000.9228515625,0.8244933528940794,0.1717593457825232,-2.3768181931737407,-0.02314547708576,0.5188549956056944,-0.571934593955575,0.1201970601601191,-0.6224752737358081,-0.9274745739175644,-0.4408825970749195
20.0,280.0,1000.9228515625,0.8244933528940739,0.1717593457825232,-2.3768181931737407,-0.0231454770857475,0.5188549390173107,-0.571934593955575,0.1201970601601191,-0.6224755795723167,-0.9274745739175644,-0.440882595271642
20.0,280.0,1000.9228515625,0.8244933528940794,0.1717593457825232,-2.3768181931737407,-0.0231454770857481,0.518855071084819,-0.571934593955575,0.1201970601601191,-0.6224752305254626,-0.9274745739175644,-0.4408825936849929
20.0,280.0,1000.9228515625,0.8244933528940794,0.1717593457825232,-2.3768181931737407,-0.0231454770857481,0.518855071084819,-0.571934593955575,0.1201970601601191,-0.6224752270133052,-0.9274745739175644,-0.4408825936849929
20.0,280.0,1000.9228515625,0.8244933528940794,0.1717593457825232,-2.3768181931737407,-0.0231454770857481,0.518855071084819,-0.571934593955575,0.1201970601601191,-0.6224752200468672,-0.9274745739175644,-0.4408825936849929
20.0,281.0,1000.9117431640624,0.8244933528940794,0.1717593457825232,-2.3768181930330443,-0.0231454770857481,0.5188550651931219,-0.5720667732637419,0.1201970601601191,-0.6224752733765531,-0.9274745739175644,-0.4408825936849929
20.0,281.0,1000.9117431640624,0.8244933528940794,0.1717593457825232,-2.3768181941150544,-0.0231454774644533,0.5188550651931219,-0.5720667732637419,0.1201970601601191,-0.6224752298904277,-0.9274745739175644,-0.4408825936849929
20.0,281.0,1000.9118041992188,0.8244933528940794,0.1717593457825232,-2.3768181930383427,-0.0231454774002257,0.5188550651002086,-0.5720663599528082,0.1201970601601191,-0.6224752725050027,-0.9274745739175644,-0.4408825937317545
20.0,281.0,1000.912109375,0.8244933528940794,0.1717593457825232,-2.3768181931737407,-0.0231454773775206,0.518855071084819,-0.5720622527412523,0.1201970601601191,-0.6224753180917887,-0.9274745739175644,-0.440882595319649
20.0,281.0,1000.912109375,0.8244933528940794,0.1717593457825232,-2.3768181931737407,-0.0231454773775206,0.518855071084819,-0.5720622527412523,0.1201970601601191,-0.6224753180917887,-0.9274745739175644,-0.4408825953292395
20.0,281.0,1000.912109375,0.8244933528940794,0.1717593457825232,-2.3768181931737407,-0.0231454770857505,0.518855071084819,-0.5720622527412523,0.1201970601601191,-0.6224753180917887,-0.9274745739175644,-0.440882595319649
20.0,281.0,1000.912109375,0.8244933528940794,0.1717593457825232,-2.3768181931892864,-0.0231454773775206,0.518855071084819,-0.572062344430851,0.1201970601601191,-0.6224753180921608,-0.9274745739175644,-0.440882595319649
20.0,281.0,1000.912109375,0.8244933528940794,0.1717593457825232,-2.3768181931737407,-0.0231454773775206,0.518855071084819,-0.5720622527412523,0.1201970601601191,-0.6224753180917887,-0.9274745739175644,-0.4408825953189923
20.0,281.0,1000.912109375,0.8244933528940794,0.1717593457825232,-2.3768181931737407,-0.023145477085739,0.518855071084819,-0.5720622527412523,0.1201970601601191,-0.6224753180917887,-0.9274745739175644,-0.440882595319649
20.0,281.0,1000.9122314453124,0.8244933528940794,0.1717593457825232,-2.376818193188309,-0.0231454774085871,0.518855071084819,-0.5720601214221889,0.1201970601601191,-0.6224753196213949,-0.9274745739175644,-0.4408825952795652
20.0,281.0,1000.9122924804688,0.8244933528940794,0.1717593457825232,-2.376818193177248,-0.0231454773861035,0.518855071084819,-0.572059342705877,0.1201970601601191,-0.6224753175092096,-0.9274745739175644,-0.440882595324002
20.0,281.0,1000.912353515625,0.8244933528940794,0.1717593457825232,-2.376818193032263,-0.0231454770857481,0.518855071084819,-0.5720588704936934,0.1201970601601191,-0.6224753183004651,-0.9274745739175644,-0.4408825936849929
20.0,281.0,1000.9124145507812,0.8244933528940794,0.1717593457825232,-2.3768181931737407,-0.0231454773775206,0.518855071084819,-0.5720578247161442,0.1201970601601191,-0.6224753180917887,-0.9274745739175644,-0.440882595319649
20.0,281.0,1000.9124145507812,0.8244933528940794,0.1717593457825232,-2.3768181931737407,-0.0231454770751016,0.518855071084819,-0.5720578247161442,0.1201970601601191,-0.6224752320662268,-0.9274745739175644,-0.4408825937333712
20.0,281.0,1000.9124145507812,0.8244933528940794,0.1717593457825232,-2.3768181931737407,-0.0231454773775206,0.518855071084819,-0.5720578247161442,0.1201970601601191,-0.6224753180917887,-0.9274745739175644,-0.440882595319649
20.0,281.0,1000.9124145507812,0.8244933528940794,0.1717593457825232,-2.3768181931737407,-0.0231454774034883,0.5188550648285738,-0.5720578247161442,0.1201970601601191,-0.6224752731890257,-0.9274745739175644,-0.4408825952937419
20.0,281.0,1000.9124145507812,0.8244933528940794,0.1717593457825232,-2.3768181931891057,-0.0231454773775206,0.518855071084819,-0.5720578247161442,0.1201970601601191,-0.6224753179618393,-0.9274745739175644,-0.440882595319649
20.0,281.0,1000.9124145507812,0.8244933528940794,0.1717593457825232,-2.3768181931891057,-0.0231454773804611,0.518855071084819,-0.5720578247161442,0.1201970601601191,-0.6224753179618393,-0.9274745739175644,-0.440882595320583
20.0,281.0,1000.9124145507812,0.8244933528940794,0.1717593457825232,-2.3768181931737407,-0.0231454771296312,0.5188550710600968,-0.5720578247161442,0.1201970601601191,-0.6224752731890257,-0.9274745739175644,-0.4408825953030667
20.0,281.0,1000.9124145507812,0.8244933528940794,0.1717593457825232,-2.3768181931737407,-0.0231454770654331,0.518855071084819,-0.5720578247161442,0.1201970601601191,-0.6224752320662268,-0.9274745739175644,-0.4408825953111794
20.0,281.0,1000.922607421875,0.8244933528940794,0.1717593457825232,-2.376818193032263,-0.0231454770857481,0.518855071084819,-0.5719370177392936,0.1201970601601191,-0.6224752733774745,-0.9274745739175644,-0.4408825936849929
20.0,281.0,1000.9226684570312,0.8244933528940794,0.1717593457825232,-2.3768181929493566,-0.0231454770500936,0.518855071084819,-0.5719367252746385,0.1201970601601191,-0.6224752718453245,-0.9274745739175644,-0.4408825937250766
20.0,281.0,1000.9226684570312,0.8244933528940794,0.1717593457825232,-2.376818193032263,-0.0231454770857481,0.518855071084819,-0.571936881445889,0.1201970601601191,-0.6224752733265702,-0.9274745739175644,-0.4408825936849929
20.0,281.0,1000.9226684570312,0.8244933528940794,0.1717593457825232,-2.3768181929484307,-0.0231454770500936,0.518855071084819,-0.5719367252746385,0.1201970601601191,-0.6224752723738032,-0.9274745739175644,-0.4408825937250766
20.0,281.0,1000.9227294921876,0.8244933528940794,0.1717593457825232,-2.3768181931737407,-0.0231454771029381,0.518855071084819,-0.5719355441841407,0.1201970601601191,-0.6224753180917887,-0.9274745739175644,-0.4408825937215864
20.0,281.0,1000.9228515625,0.8244933528940794,0.1717593457825232,-2.3768181931737407,-0.0231454770857481,0.518855071084819,-0.571934593955575,0.1201970601601191,-0.6224752305254626,-0.9274745739175644,-0.4408825936849929
20.0,281.0,1000.9228515625,0.8244933528940794,0.1717593457825232,-2.3768181941580337,-0.0231454774603887,0.518855071084819,-0.571934593955575,0.1201970601601191,-0.6224752305254626,-0.9274745739175644,-0.4408825936849929
20.0,281.0,1000.9228515625,0.8244933528940794,0.1717593457825232,-2.3768181930330443,-0.0231454770857481,0.518855071084819,-0.571934593955575,0.1201970601601191,-0.6224752733749308,-0.9274745739175644,-0.4408825936849929
20.0,281.0,1000.9228515625,0.8244933528940739,0.1717593457825232,-2.3768181931737407,-0.0231454770857601,0.5188549783730564,-0.571934593955575,0.1201970601601191,-0.6224752053231137,-0.9274745739175644,-0.440882595271642
20.0,281.0,1000.9228515625,0.8244933528940794,0.1717593457825232,-2.376818191353992,-0.0231454774599909,0.5188550210242336,-0.571934593955575,0.1201970601601191,-0.6224750096081734,-0.9274745739175644,-0.4408825939440672
20.0,281.0,1000.9228515625,0.8244933528940794,0.1717593457825232,-2.3768181931737407,-0.0231454770857481,0.518855071084819,-0.571934593955575,0.1201970601601191,-0.6224752305254626,-0.9274745739175644,-0.4408825936849929
20.0,281.0,1000.9228515625,0.8244933528940794,0.1717593457825232,-2.3768181931737407,-0.0231454770857481,0.518855071084819,-0.571934593955575,0.1201970601601191,-0.6224752305254626,-0.9274745739175644,-0.4408825936849929
20.0,281.0,1000.9228515625,0.8244933528940794,0.1717593457825232,-2.3768181931737407,-0.0231454770857481,0.518855071084819,-0.571934593955575,0.1201970601601191,-0.6224752305254626,-0.9274745739175644,-0.4408825936849929
20.0,281.0,1000.9228515625,0.8244933528940794,0.1717593457825232,-2.3768181931737407,-0.0231454770967385,0.5188550651022683,-0.571934593955575,0.1201970601601191,-0.6224745911503293,-0.9274745739175644,-0.4408825936849929
20.0,281.0,1000.9228515625,0.8244933528940794,0.1717593457825232,-2.376818191353992,-0.0231454774645114,0.518855179095853,-0.571934593955575,0.1201970601601191,-0.6224750096081734,-0.9274745739175644,-0.4408825977298948
20.0,281.0,1000.9228515625,0.8244933528940794,0.1717593457825232,-2.3768181931737407,-0.0231454770949002,0.518855071084819,-0.571934593955575,0.1201970601601191,-0.6224752305254626,-0.9274745739175644,-0.4408825936849929
20.0,281.0,1000.9228515625,0.8244933528940769,0.1717593457825232,-2.3768181931737407,-0.0231454770855083,0.5188548722225405,-0.571934593955575,0.1201970601601191,-0.6224752948063276,-0.9274745739175644,-0.4408825952815947
20.0,281.0,1000.9228515625,0.8244933528940794,0.1717593457825232,-2.3768181931737407,-0.02314547708576,0.5188549956056944,-0.571934593955575,0.1201970601601191,-0.6224752737358081,-0.9274745739175644,-0.4408825970749195
20.0,281.0,1000.9228515625,0.8244933528940794,0.1717593457825232,-2.3768181913912985,-0.0231454770857481,0.518855071084819,-0.571934593955575,0.1201970601601191,-0.6224752305254626,-0.9274745739175644,-0.4408825976836819
20.0,281.0,1000.9228515625,0.8244933528940739,0.1717593457825232,-2.3768181931737407,-0.0231454770857601,0.5188549390173107,-0.571934593955575,0.1201970601601191,-0.6224745491760093,-0.9274745739175644,-0.440882595271642
20.0,281.0,1000.9228515625,0.8244933528940794,0.1717593457825232,-2.3768181931737407,-0.0231454770857481,0.5188550631229458,-0.571934593955575,0.1201970601601191,-0.6224752305254626,-0.9274745739175644,-0.4408825936849929
20.0,281.0,1000.9228515625,0.8244933528940794,0.1717593457825232,-2.376818192963925,-0.0231454770811601,0.518855071084819,-0.571934593955575,0.1201970601601191,-0.6224752733749308,-0.9274745739175644,-0.4408825936849929
20.0,281.0,1000.9228515625,0.8244933528940794,0.1717593457825232,-2.3768181931737407,-0.0231454770857481,0.518855071084819,-0.571934593955575,0.1201970601601191,-0.6224753292271257,-0.9274745739175644,-0.4408825936849929
20.0,281.0,1000.9228515625,0.8244933528940794,0.1717593457825232,-2.3768181931737407,-0.023145477085272,0.5188550686486088,-0.571934593955575,0.1201970601601191,-0.6224752311841399,-0.9274745739175644,-0.4408825970749195
20.0,281.0,1000.9228515625,0.8244933528940794,0.1717593457825232,-2.3768181931737407,-0.023145477085622,0.5188550651022683,-0.571934593955575,0.1201970601601191,-0.6224745911503293,-0.9274745739175644,-0.4408825936849929
20.0,281.0,1000.9228515625,0.8244933528940769,0.1717593457825232,-2.3768181931737407,-0.0231454770857547,0.5188548722225405,-0.571934593955575,0.1201970601601191,-0.6224752898194671,-0.9274745739175644,-0.4408825952819633
20.0,281.0,1000.9228515625,0.8244933528941869,0.1717593457825232,-2.3768181931737407,-0.0231454770845309,0.5188549390173107,-0.571934593955575,0.1201970601601191,-0.6224745491760093,-0.9274745739175644,-0.440882595271642
20.0,281.0,1000.9228515625,0.8244933528940794,0.1717593457825232,-2.3768181931737407,-0.0231454770857391,0.518855071084819,-0.571934593955575,0.1201970601601191,-0.6224753292271257,-0.9274745739175644,-0.440882595319649
20.0,281.0,1000.9228515625,0.8244933528940794,0.1717593457825232,-2.3768181930330443,-0.0231454770857481,0.518855071084819,-0.571934593955575,0.1201970601601191,-0.6224752733749308,-0.9274745739175644,-0.4408825936849929
20.0,281.0,1000.9228515625,0.8244933528940794,0.1717593457825232,-2.376818193061033,-0.0231454770857481,0.518855071084819,-0.571934593955575,0.1201970601601191,-0.6224754177054583,-0.9274745739175644,-0.4408825976836819
20.0,282.0,1000.9117431640624,0.8244933528940794,0.1717593457825232,-2.3768181930330443,-0.0231454770857481,0.5188550651931219,-0.5720667732637419,0.1201970601601191,-0.6224752733765531,-0.9274745739175644,-0.4408825936849929
20.0,282.0,1000.9117431640624,0.8244933528940794,0.1717593457825232,-2.3768181941150544,-0.0231454774644533,0.5188550651931219,-0.5720667732637419,0.1201970601601191,-0.6224752298904277,-0.9274745739175644,-0.4408825936849929
20.0,282.0,1000.9117431640624,0.8244933528940794,0.1717593457825232,-2.3768181930330443,-0.0231454770965356,0.5188550651931219,-0.5720667732637419,0.1201970601601191,-0.6224752733765531,-0.9274745739175644,-0.4408825936849929
20.0,282.0,1000.9118041992188,0.8244933528940794,0.1717593457825232,-2.3768181930383427,-0.0231454774002257,0.5188550651002086,-0.5720663599528082,0.1201970601601191,-0.6224752725050027,-0.9274745739175644,-0.4408825937317545
20.0,282.0,1000.9120483398438,0.8244933528940794,0.1717593457825232,-2.376818193188309,-0.0231454774086184,0.518855071084819,-0.5720625796053647,0.1201970601601191,-0.6224753196213949,-0.9274745739175644,-0.4408825952795652
20.0,282.0,1000.912109375,0.8244933528940794,0.1717593457825232,-2.3768181931737407,-0.0231454773775206,0.518855071084819,-0.5720622527412523,0.1201970601601191,-0.6224753180917887,-0.9274745739175644,-0.440882595319649
20.0,282.0,1000.912109375,0.8244933528940794,0.1717593457825232,-2.3768181931737407,-0.0231454773775206,0.518855071084819,-0.5720622527412523,0.1201970601601191,-0.6224753180917887,-0.9274745739175644,-0.4408825953292395
20.0,282.0,1000.912109375,0.8244933528940794,0.1717593457825232,-2.3768181931737407,-0.0231454770857505,0.518855071084819,-0.5720622527412523,0.1201970601601191,-0.6224753180917887,-0.9274745739175644,-0.440882595319649
20.0,282.0,1000.912109375,0.8244933528940794,0.1717593457825232,-2.3768181931892864,-0.0231454773775206,0.518855071084819,-0.572062344430851,0.1201970601601191,-0.6224753180921608,-0.9274745739175644,-0.440882595319649
20.0,282.0,1000.912109375,0.8244933528940794,0.1717593457825232,-2.3768181931737407,-0.0231454773775206,0.518855071084819,-0.5720622527412523,0.1201970601601191,-0.6224753180917887,-0.9274745739175644,-0.4408825953189923
20.0,282.0,1000.912109375,0.8244933528940794,0.1717593457825232,-2.3768181931737407,-0.023145477085739,0.518855071084819,-0.5720622527412523,0.1201970601601191,-0.6224753180917887,-0.9274745739175644,-0.440882595319649
20.0,282.0,1000.912109375,0.8244933528940794,0.1717593457825232,-2.3768181931737407,-0.0231454773667331,0.518855071084819,-0.5720622527412523,0.1201970601601191,-0.6224753180917887,-0.9274745739175644,-0.440882595319649
20.0,282.0,1000.912109375,0.8244933528940794,0.1717593457825232,-2.3768181930383427,-0.0231454774002257,0.5188550648354596,-0.5720616899623318,0.1201970601601191,-0.6224752725050027,-0.9274745739175644,-0.4408825951409199
20.0,282.0,1000.912109375,0.8244933528940794,0.1717593457825232,-2.3768181931737407,-0.023145477375532,0.518855071084819,-0.5720622527412523,0.1201970601601191,-0.6224753180917887,-0.9274745739175644,-0.440882595319649
20.0,282.0,1000.912109375,0.8244933528940794,0.1717593457825232,-2.3768181931737407,-0.0231454773797634,0.518855071084819,-0.5720622527412523,0.1201970601601191,-0.6224753180917887,-0.9274745739175644,-0.4408825953189923
20.0,282.0,1000.912109375,0.8244933528940794,0.1717593457825232,-2.3768181931737407,-0.0231454773775206,0.518855071084819,-0.5720622527412523,0.1201970601601191,-0.6224753180917887,-0.9274745739175644,-0.4408825952943619
20.0,282.0,1000.9122314453124,0.8244933528940794,0.1717593457825232,-2.376818193188309,-0.0231454774085871,0.518855071084819,-0.5720601214221889,0.1201970601601191,-0.6224753196213949,-0.9274745739175644,-0.4408825952795652
20.0,282.0,1000.9122924804688,0.8244933528940794,0.1717593457825232,-2.376818193177248,-0.0231454773861035,0.518855071084819,-0.572059342705877,0.1201970601601191,-0.6224753175092096,-0.9274745739175644,-0.440882595324002
20.0,282.0,1000.9122924804688,0.8244933528940794,0.1717593457825232,-2.376818193177248,-0.0231454773861035,0.518855071084819,-0.572059342705877,0.1201970601601191,-0.6224753175092096,-0.9274745739175644,-0.440882595324002
20.0,282.0,1000.9122924804688,0.8244933528940794,0.1717593457825232,-2.3768181931756844,-0.0231454773861035,0.518855071084819,-0.572059342705877,0.1201970601601191,-0.6224752723878944,-0.9274745739175644,-0.440882595212178
20.0,282.0,1000.912353515625,0.8244933528940794,0.1717593457825232,-2.376818193032263,-0.0231454770857481,0.518855071084819,-0.5720588704936934,0.1201970601601191,-0.6224753183004651,-0.9274745739175644,-0.4408825936849929
20.0,282.0,1000.9124145507812,0.8244933528940794,0.1717593457825232,-2.3768181931737407,-0.0231454773775206,0.518855071084819,-0.5720578247161442,0.1201970601601191,-0.6224753180917887,-0.9274745739175644,-0.440882595319649
20.0,282.0,1000.9124145507812,0.8244933528940794,0.1717593457825232,-2.3768181931737407,-0.0231454770751016,0.518855071084819,-0.5720578247161442,0.1201970601601191,-0.6224752320662268,-0.9274745739175644,-0.4408825937333712
20.0,282.0,1000.9124145507812,0.8244933528940794,0.1717593457825232,-2.3768181931737407,-0.0231454773775206,0.518855071084819,-0.5720578247161442,0.1201970601601191,-0.6224753180917887,-0.9274745739175644,-0.440882595319649
20.0,282.0,1000.9124145507812,0.8244933528940794,0.1717593457825232,-2.3768181931737407,-0.0231454774034883,0.5188550648285738,-0.5720578247161442,0.1201970601601191,-0.6224752731890257,-0.9274745739175644,-0.4408825952937419
20.0,282.0,1000.9124145507812,0.8244933528940794,0.1717593457825232,-2.3768181931891057,-0.0231454773775206,0.518855071084819,-0.5720578247161442,0.1201970601601191,-0.6224753179618393,-0.9274745739175644,-0.440882595319649
20.0,282.0,1000.9124145507812,0.8244933528940794,0.1717593457825232,-2.3768181931891057,-0.0231454773804611,0.518855071084819,-0.5720578247161442,0.1201970601601191,-0.6224753179618393,-0.9274745739175644,-0.440882595320583
20.0,282.0,1000.9124145507812,0.8244933528940794,0.1717593457825232,-2.3768181931737407,-0.0231454771296312,0.5188550710600968,-0.5720578247161442,0.1201970601601191,-0.6224752731890257,-0.9274745739175644,-0.4408825953030667
20.0,282.0,1000.9124145507812,0.8244933528940794,0.1717593457825232,-2.3768181931737407,-0.0231454770654331,0.518855071084819,-0.5720578247161442,0.1201970601601191,-0.6224752320662268,-0.9274745739175644,-0.4408825953111794
20.0,282.0,1000.9124145507812,0.8244933528940794,0.1717593457825232,-2.3768181931737407,-0.0231454770631903,0.518855071084819,-0.5720578247161442,0.1201970601601191,-0.6224752320662268,-0.9274745739175644,-0.4408825953111794
20.0,282.0,1000.9124145507812,0.8244933528940794,0.1717593457825232,-2.3768181931737407,-0.0231454774034883,0.5188550648285738,-0.5720578247161442,0.1201970601601191,-0.6224752731890257,-0.9274745739175644,-0.4408825953286195
20.0,282.0,1000.9124755859376,0.8244933528940794,0.1717593457825232,-2.3768181929484307,-0.0231454770856863,0.518855071084819,-0.5720571656497735,0.1201970601601191,-0.6224753182610175,-0.9274745739175644,-0.4408825937289614
20.0,282.0,1000.912841796875,0.8244933528940794,0.1717593457825232,-2.3768181931737407,-0.0231454770654331,0.518855071084819,-0.5720517019165512,0.1201970601601191,-0.6224752305168336,-0.9274745739175644,-0.4408825952203579
20.0,282.0,1000.9224853515624,0.8244933528940794,0.1717593457825232,-2.376818193052804,-0.0231454773775206,0.518855071084819,-0.5719386240232839,0.1201970601601191,-0.6224752721913492,-0.9274745739175644,-0.440882595319649
20.0,282.0,1000.922607421875,0.8244933528940794,0.1717593457825232,-2.376818193032263,-0.0231454770857481,0.518855071084819,-0.5719370177392936,0.1201970601601191,-0.6224752733774745,-0.9274745739175644,-0.4408825936849929
20.0,282.0,1000.9226684570312,0.8244933528940794,0.1717593457825232,-2.3768181929493566,-0.0231454770500936,0.518855071084819,-0.5719367252746385,0.1201970601601191,-0.6224752718453245,-0.9274745739175644,-0.4408825937250766
20.0,282.0,1000.9226684570312,0.8244933528940794,0.1717593457825232,-2.376818193032263,-0.0231454770857481,0.518855071084819,-0.571936881445889,0.1201970601601191,-0.6224752733265702,-0.9274745739175644,-0.4408825936849929
20.0,282.0,1000.9226684570312,0.8244933528940794,0.1717593457825232,-2.3768181929484307,-0.0231454770500936,0.518855071084819,-0.5719367252746385,0.1201970601601191,-0.6224752723738032,-0.9274745739175644,-0.4408825937250766
20.0,282.0,1000.9226684570312,0.8244933528940794,0.1717593457825232,-2.3768181929484307,-0.0231454770500936,0.518855071084819,-0.5719367252746385,0.1201970601601191,-0.6224752723738032,-0.9274745739175644,-0.4408825937250766
20.0,282.0,1000.9227294921876,0.8244933528940794,0.1717593457825232,-2.3768181931737407,-0.0231454771029381,0.518855071084819,-0.5719355441841407,0.1201970601601191,-0.6224753180917887,-0.9274745739175644,-0.4408825937215864
20.0,282.0,1000.9227294921876,0.8244933528940794,0.1717593457825232,-2.3768181931890573,-0.0231454770802147,0.518855071084819,-0.5719359196619648,0.1201970601601191,-0.6224753179618393,-0.9274745739175644,-0.4408825954006924
20.0,282.0,1000.9228515625,0.8244933528940794,0.1717593457825232,-2.3768181931737407,-0.0231454770857481,0.518855071084819,-0.571934593955575,0.1201970601601191,-0.6224752305254626,-0.9274745739175644,-0.4408825936849929
20.0,282.0,1000.9228515625,0.8244933528940794,0.1717593457825232,-2.3768181941580337,-0.0231454774603887,0.518855071084819,-0.571934593955575,0.1201970601601191,-0.6224752305254626,-0.9274745739175644,-0.4408825936849929
20.0,282.0,1000.9228515625,0.8244933528940794,0.1717593457825232,-2.3768181930330443,-0.0231454770857481,0.518855071084819,-0.571934593955575,0.1201970601601191,-0.6224752733749308,-0.9274745739175644,-0.4408825936849929
20.0,282.0,1000.9228515625,0.8244933528940739,0.1717593457825232,-2.3768181931737407,-0.0231454770857601,0.5188549783730564,-0.571934593955575,0.1201970601601191,-0.6224752053231137,-0.9274745739175644,-0.440882595271642
20.0,282.0,1000.9228515625,0.8244933528940794,0.1717593457825232,-2.376818191353992,-0.0231454774599909,0.5188550210242336,-0.571934593955575,0.1201970601601191,-0.6224750096081734,-0.9274745739175644,-0.4408825939440672
20.0,282.0,1000.9228515625,0.8244933528940794,0.1717593457825232,-2.3768181931737407,-0.0231454770857481,0.518855071084819,-0.571934593955575,0.1201970601601191,-0.6224752305254626,-0.9274745739175644,-0.4408825936849929
20.0,282.0,1000.9228515625,0.8244933528940794,0.1717593457825232,-2.3768181931737407,-0.0231454770857481,0.518855071084819,-0.571934593955575,0.1201970601601191,-0.6224752305254626,-0.9274745739175644,-0.4408825936849929
20.0,282.0,1000.9228515625,0.8244933528940794,0.1717593457825232,-2.3768181931737407,-0.0231454770857481,0.518855071084819,-0.571934593955575,0.1201970601601191,-0.6224752305254626,-0.9274745739175644,-0.4408825936849929
20.0,282.0,1000.9228515625,0.8244933528940794,0.1717593457825232,-2.3768181931737407,-0.0231454770967385,0.5188550651022683,-0.571934593955575,0.1201970601601191,-0.6224745911503293,-0.9274745739175644,-0.4408825936849929
20.0,283.0,1000.9117431640624,0.8244933528940794,0.1717593457825232,-2.3768181930330443,-0.0231454770857481,0.5188550651931219,-0.5720667732637419,0.1201970601601191,-0.6224752733765531,-0.9274745739175644,-0.4408825936849929
20.0,283.0,1000.9117431640624,0.8244933528940794,0.1717593457825232,-2.3768181941150544,-0.0231454774644533,0.5188550651931219,-0.5720667732637419,0.1201970601601191,-0.6224752298904277,-0.9274745739175644,-0.4408825936849929
20.0,283.0,1000.9117431640624,0.8244933528940794,0.1717593457825232,-2.3768181930330443,-0.0231454770965356,0.5188550651931219,-0.5720667732637419,0.1201970601601191,-0.6224752733765531,-0.9274745739175644,-0.4408825936849929
20.0,283.0,1000.9117431640624,0.8244933528940794,0.1717593457825232,-2.3768181930384125,-0.0231454773982,0.518855064828617,-0.5720666753493054,0.1201970601601191,-0.6224752725050027,-0.9274745739175644,-0.4408825949657986
20.0,283.0,1000.9118041992188,0.8244933528940794,0.1717593457825232,-2.3768181930383427,-0.0231454774002257,0.5188550651002086,-0.5720663599528082,0.1201970601601191,-0.6224752725050027,-0.9274745739175644,-0.4408825937317545
20.0,283.0,1000.9118041992188,0.8244933528940794,0.1717593457825232,-2.3768181931737407,-0.0231454774034883,0.5188550648839966,-0.5720663613977388,0.1201970601601191,-0.6224752733867894,-0.9274745739175644,-0.4408825953286195
20.0,283.0,1000.9120483398438,0.8244933528940794,0.1717593457825232,-2.376818193188309,-0.0231454774086184,0.518855071084819,-0.5720625796053647,0.1201970601601191,-0.6224753196213949,-0.9274745739175644,-0.4408825952795652
20.0,283.0,1000.912109375,0.8244933528940794,0.1717593457825232,-2.3768181931737407,-0.0231454773775206,0.518855071084819,-0.5720622527412523,0.1201970601601191,-0.6224753180917887,-0.9274745739175644,-0.440882595319649
20.0,283.0,1000.912109375,0.8244933528940794,0.1717593457825232,-2.3768181931737407,-0.0231454773775206,0.518855071084819,-0.5720622527412523,0.1201970601601191,-0.6224753180917887,-0.9274745739175644,-0.4408825953292395
20.0,283.0,1000.912109375,0.8244933528940794,0.1717593457825232,-2.3768181931737407,-0.0231454770857505,0.518855071084819,-0.5720622527412523,0.1201970601601191,-0.6224753180917887,-0.9274745739175644,-0.440882595319649
20.0,283.0,1000.912109375,0.8244933528940794,0.1717593457825232,-2.3768181931892864,-0.0231454773775206,0.518855071084819,-0.572062344430851,0.1201970601601191,-0.6224753180921608,-0.9274745739175644,-0.440882595319649
20.0,283.0,1000.912109375,0.8244933528940794,0.1717593457825232,-2.3768181931737407,-0.0231454773775206,0.518855071084819,-0.5720622527412523,0.1201970601601191,-0.6224753180917887,-0.9274745739175644,-0.4408825953189923
20.0,283.0,1000.912109375,0.8244933528940794,0.1717593457825232,-2.3768181931737407,-0.023145477085739,0.518855071084819,-0.5720622527412523,0.1201970601601191,-0.6224753180917887,-0.9274745739175644,-0.440882595319649
20.0,283.0,1000.912109375,0.8244933528940794,0.1717593457825232,-2.3768181931737407,-0.0231454773667331,0.518855071084819,-0.5720622527412523,0.1201970601601191,-0.6224753180917887,-0.9274745739175644,-0.440882595319649
20.0,283.0,1000.912109375,0.8244933528940794,0.1717593457825232,-2.3768181930383427,-0.0231454774002257,0.5188550648354596,-0.5720616899623318,0.1201970601601191,-0.6224752725050027,-0.9274745739175644,-0.4408825951409199
20.0,283.0,1000.912109375,0.8244933528940794,0.1717593457825232,-2.3768181931737407,-0.023145477375532,0.518855071084819,-0.5720622527412523,0.1201970601601191,-0.6224753180917887,-0.9274745739175644,-0.440882595319649
20.0,283.0,1000.912109375,0.8244933528940794,0.1717593457825232,-2.3768181931737407,-0.0231454773797634,0.518855071084819,-0.5720622527412523,0.1201970601601191,-0.6224753180917887,-0.9274745739175644,-0.4408825953189923
20.0,283.0,1000.912109375,0.8244933528940794,0.1717593457825232,-2.3768181931737407,-0.0231454773775206,0.518855071084819,-0.5720622527412523,0.1201970601601191,-0.6224753180917887,-0.9274745739175644,-0.4408825952943619
20.0,283.0,1000.912109375,0.8244933528940794,0.1717593457825232,-2.3768181931737407,-0.0231454773711649,0.5188550656747707,-0.5720622521705234,0.1201970601601191,-0.6224753186454307,-0.9274745739175644,-0.4408825936776424
20.0,283.0,1000.912109375,0.8244933528940794,0.1717593457825232,-2.3768181931737407,-0.023145477085739,0.5188550649196398,-0.5720622527412523,0.1201970601601191,-0.6224753186900019,-0.9274745739175644,-0.440882595319543
20.0,283.0,1000.912109375,0.8244933528940794,0.1717593457825232,-2.3768181931745334,-0.0231454774085871,0.518855071084819,-0.572062222040501,0.1201970601601191,-0.6224753196213949,-0.9274745739175644,-0.4408825952795652
20.0,283.0,1000.912109375,0.8244933528940794,0.1717593457825232,-2.3768181931737407,-0.0231454770860074,0.518855071084819,-0.5720622527412523,0.1201970601601191,-0.6224753180917887,-0.9274745739175644,-0.4408825952943619
20.0,283.0,1000.912109375,0.8244933528940794,0.1717593457825232,-2.3768181931737407,-0.0231454773778449,0.518855071084819,-0.5720622527412523,0.1201970601601191,-0.6224753180917887,-0.9274745739175644,-0.4408825952943619
20.0,283.0,1000.912109375,0.8244933528940794,0.1717593457825232,-2.376818193032974,-0.0231454770877738,0.5188550651999644,-0.5720617878767683,0.1201970601601191,-0.6224752733765531,-0.9274745739175644,-0.4408825938601142
20.0,283.0,1000.912109375,0.8244933528940794,0.1717593457825232,-2.3768181931737407,-0.023145477375532,0.518855071084819,-0.5720620963834784,0.1201970601601191,-0.6224752733316726,-0.9274745739175644,-0.440882595319649
20.0,283.0,1000.912109375,0.8244933528940794,0.1717593457825232,-2.3768181931737407,-0.0231454773797268,0.518855071084819,-0.5720622527412523,0.1201970601601191,-0.6224753175079932,-0.9274745739175644,-0.4408825953239561
20.0,283.0,1000.912109375,0.8244933528940794,0.1717593457825232,-2.376818193030525,-0.0231454774086184,0.5188550710916405,-0.5720624602559325,0.1201970601601191,-0.6224752751157753,-0.9274745739175644,-0.4408825952795652
20.0,283.0,1000.9122314453124,0.8244933528940794,0.1717593457825232,-2.376818193188309,-0.0231454774085871,0.518855071084819,-0.5720601214221889,0.1201970601601191,-0.6224753196213949,-0.9274745739175644,-0.4408825952795652
20.0,283.0,1000.9122924804688,0.8244933528940794,0.1717593457825232,-2.376818193177248,-0.0231454773861035,0.518855071084819,-0.572059342705877,0.1201970601601191,-0.6224753175092096,-0.9274745739175644,-0.440882595324002
20.0,283.0,1000.9122924804688,0.8244933528940794,0.1717593457825232,-2.376818193177248,-0.0231454773861035,0.518855071084819,-0.572059342705877,0.1201970601601191,-0.6224753175092096,-0.9274745739175644,-0.440882595324002
20.0,283.0,1000.9122924804688,0.8244933528940794,0.1717593457825232,-2.3768181931756844,-0.0231454773861035,0.518855071084819,-0.572059342705877,0.1201970601601191,-0.6224752723878944,-0.9274745739175644,-0.440882595212178
20.0,283.0,1000.9122924804688,0.8244933528940794,0.1717593457825232,-2.376818193161889,-0.0231454773869126,0.518855071084819,-0.572059342705877,0.1201970601601191,-0.6224752330313776,-0.9274745739175644,-0.4408825951540284
20.0,283.0,1000.9122924804688,0.8244933528940794,0.1717593457825232,-2.3768181931756507,-0.0231454773861035,0.518855071084819,-0.572059342705877,0.1201970601601191,-0.6224752723878944,-0.9274745739175644,-0.4408825952217491
20.0,283.0,1000.912353515625,0.8244933528940794,0.1717593457825232,-2.376818193032263,-0.0231454770857481,0.518855071084819,-0.5720588704936934,0.1201970601601191,-0.6224753183004651,-0.9274745739175644,-0.4408825936849929
20.0,283.0,1000.912353515625,0.8244933528940794,0.1717593457825232,-2.3768181931726784,-0.0231454770634507,0.518855071084819,-0.5720588704936934,0.1201970601601191,-0.6224753180872622,-0.9274745739175644,-0.4408825936849929
20.0,283.0,1000.9124145507812,0.8244933528940794,0.1717593457825232,-2.3768181931737407,-0.0231454773775206,0.518855071084819,-0.5720578247161442,0.1201970601601191,-0.6224753180917887,-0.9274745739175644,-0.440882595319649
20.0,283.0,1000.9124145507812,0.8244933528940794,0.1717593457825232,-2.3768181931737407,-0.0231454770751016,0.518855071084819,-0.5720578247161442,0.1201970601601191,-0.6224752320662268,-0.9274745739175644,-0.4408825937333712
20.0,283.0,1000.9124145507812,0.8244933528940794,0.1717593457825232,-2.3768181931737407,-0.0231454773775206,0.518855071084819,-0.5720578247161442,0.1201970601601191,-0.6224753180917887,-0.9274745739175644,-0.440882595319649
20.0,283.0,1000.9124145507812,0.8244933528940794,0.1717593457825232,-2.3768181931737407,-0.0231454774034883,0.5188550648285738,-0.5720578247161442,0.1201970601601191,-0.6224752731890257,-0.9274745739175644,-0.4408825952937419
20.0,283.0,1000.9124145507812,0.8244933528940794,0.1717593457825232,-2.3768181931891057,-0.0231454773775206,0.518855071084819,-0.5720578247161442,0.1201970601601191,-0.6224753179618393,-0.9274745739175644,-0.440882595319649
20.0,283.0,1000.9124145507812,0.8244933528940794,0.1717593457825232,-2.3768181931891057,-0.0231454773804611,0.518855071084819,-0.5720578247161442,0.1201970601601191,-0.6224753179618393,-0.9274745739175644,-0.440882595320583
20.0,283.0,1000.9124145507812,0.8244933528940794,0.1717593457825232,-2.3768181931737407,-0.0231454771296312,0.5188550710600968,-0.5720578247161442,0.1201970601601191,-0.6224752731890257,-0.9274745739175644,-0.4408825953030667
20.0,283.0,1000.9124145507812,0.8244933528940794,0.1717593457825232,-2.3768181931737407,-0.0231454770654331,0.518855071084819,-0.5720578247161442,0.1201970601601191,-0.6224752320662268,-0.9274745739175644,-0.4408825953111794
20.0,283.0,1000.9124145507812,0.8244933528940794,0.1717593457825232,-2.3768181931737407,-0.0231454770631903,0.518855071084819,-0.5720578247161442,0.1201970601601191,-0.6224752320662268,-0.9274745739175644,-0.4408825953111794
20.0,283.0,1000.9124145507812,0.8244933528940794,0.1717593457825232,-2.3768181931737407,-0.0231454774034883,0.5188550648285738,-0.5720578247161442,0.1201970601601191,-0.6224752731890257,-0.9274745739175644,-0.4408825953286195
20.0,283.0,1000.9124145507812,0.8244933528940794,0.1717593457825232,-2.3768181931737407,-0.0231454770654331,0.518855071084819,-0.5720578247161442,0.1201970601601191,-0.6224752320662268,-0.9274745739175644,-0.4408825952934188
20.0,283.0,1000.9124145507812,0.8244933528940794,0.1717593457825232,-2.3768181931891057,-0.0231454773804611,0.518855071084819,-0.5720578247161442,0.1201970601601191,-0.6224752353806003,-0.9274745739175644,-0.440882595320583
20.0,283.0,1000.9124145507812,0.8244933528940794,0.1717593457825232,-2.3768181931737407,-0.0231454771296312,0.5188550710605354,-0.5720578247161442,0.1201970601601191,-0.6224752731890257,-0.9274745739175644,-0.4408825953030667
20.0,283.0,1000.9124145507812,0.8244933528940794,0.1717593457825232,-2.3768181931737407,-0.0231454774034883,0.5188550709937528,-0.5720578247161442,0.1201970601601191,-0.6224752725908124,-0.9274745739175644,-0.440882595293848
20.0,283.0,1000.9124145507812,0.8244933528940794,0.1717593457825232,-2.3768181931737407,-0.0231454773775206,0.518855071084819,-0.5720577044498238,0.1201970601601191,-0.6224753137865316,-0.9274745739175644,-0.4408825953105868
20.0,284.0,1000.9117431640624,0.8244933528940794,0.1717593457825232,-2.3768181930330443,-0.0231454770857481,0.5188550651931219,-0.5720667732637419,0.1201970601601191,-0.6224752733765531,-0.9274745739175644,-0.4408825936849929
20.0,284.0,1000.9117431640624,0.8244933528940794,0.1717593457825232,-2.3768181941150544,-0.0231454774644533,0.5188550651931219,-0.5720667732637419,0.1201970601601191,-0.6224752298904277,-0.9274745739175644,-0.4408825936849929
20.0,284.0,1000.9117431640624,0.8244933528940794,0.1717593457825232,-2.3768181930330443,-0.0231454770965356,0.5188550651931219,-0.5720667732637419,0.1201970601601191,-0.6224752733765531,-0.9274745739175644,-0.4408825936849929
20.0,284.0,1000.9117431640624,0.8244933528940794,0.1717593457825232,-2.3768181930384125,-0.0231454773982,0.518855064828617,-0.5720666753493054,0.1201970601601191,-0.6224752725050027,-0.9274745739175644,-0.4408825949657986
20.0,284.0,1000.9117431640624,0.8244933528940794,0.1717593457825232,-2.3768181930330443,-0.0231454770857481,0.5188550651931219,-0.5720672604750109,0.1201970601601191,-0.6224753178635348,-0.9274745739175644,-0.4408825936849929
20.0,284.0,1000.9117431640624,0.8244933528940794,0.1717593457825232,-2.3768181930330443,-0.0231454770965356,0.5188550651931219,-0.5720667732637419,0.1201970601601191,-0.6224752733765531,-0.9274745739175644,-0.4408825936849929
20.0,284.0,1000.9117431640624,0.8244933528940794,0.1717593457825232,-2.3768181931737407,-0.023145477382836,0.518855071084819,-0.5720668821568416,0.1201970601601191,-0.6224752316151887,-0.9274745739175644,-0.4408825953239561
20.0,284.0,1000.9118041992188,0.8244933528940794,0.1717593457825232,-2.3768181930383427,-0.0231454774002257,0.5188550651002086,-0.5720663599528082,0.1201970601601191,-0.6224752725050027,-0.9274745739175644,-0.4408825937317545
20.0,284.0,1000.9118041992188,0.8244933528940794,0.1717593457825232,-2.3768181931737407,-0.0231454774034883,0.5188550648839966,-0.5720663613977388,0.1201970601601191,-0.6224752733867894,-0.9274745739175644,-0.4408825953286195
20.0,284.0,1000.9118041992188,0.8244933528940794,0.1717593457825232,-2.376818193044592,-0.0231454774002257,0.5188550651002086,-0.572065919341109,0.1201970601601191,-0.6224752728844746,-0.9274745739175644,-0.4408825936828631
20.0,284.0,1000.9118041992188,0.8244933528940794,0.1717593457825232,-2.3768181931737407,-0.0231454774034883,0.5188550648839966,-0.5720663613977388,0.1201970601601191,-0.6224752733867894,-0.9274745739175644,-0.4408825953286195
20.0,284.0,1000.9118041992188,0.8244933528940794,0.1717593457825232,-2.3768181930333587,-0.0231454774037533,0.5188550651002086,-0.5720663613737115,0.1201970601601191,-0.6224752724839855,-0.9274745739175644,-0.4408825953165452
20.0,284.0,1000.9120483398438,0.8244933528940794,0.1717593457825232,-2.376818193188309,-0.0231454774086184,0.518855071084819,-0.5720625796053647,0.1201970601601191,-0.6224753196213949,-0.9274745739175644,-0.4408825952795652
20.0,284.0,1000.9120483398438,0.8244933528940794,0.1717593457825232,-2.376818193032955,-0.0231454773951212,0.5188550714759215,-0.5720624942065604,0.1201970601601191,-0.6224752750970876,-0.9274745739175644,-0.4408825937030353
20.0,284.0,1000.912109375,0.8244933528940794,0.1717593457825232,-2.3768181931737407,-0.0231454773775206,0.518855071084819,-0.5720622527412523,0.1201970601601191,-0.6224753180917887,-0.9274745739175644,-0.440882595319649
20.0,284.0,1000.912109375,0.8244933528940794,0.1717593457825232,-2.3768181931737407,-0.0231454773775206,0.518855071084819,-0.5720622527412523,0.1201970601601191,-0.6224753180917887,-0.9274745739175644,-0.4408825953292395
20.0,284.0,1000.912109375,0.8244933528940794,0.1717593457825232,-2.3768181931737407,-0.0231454770857505,0.518855071084819,-0.5720622527412523,0.1201970601601191,-0.6224753180917887,-0.9274745739175644,-0.440882595319649
20.0,284.0,1000.912109375,0.8244933528940794,0.1717593457825232,-2.3768181931892864,-0.0231454773775206,0.518855071084819,-0.572062344430851,0.1201970601601191,-0.6224753180921608,-0.9274745739175644,-0.440882595319649
20.0,284.0,1000.912109375,0.8244933528940794,0.1717593457825232,-2.3768181931737407,-0.0231454773775206,0.518855071084819,-0.5720622527412523,0.1201970601601191,-0.6224753180917887,-0.9274745739175644,-0.4408825953189923
20.0,284.0,1000.912109375,0.8244933528940794,0.1717593457825232,-2.3768181931737407,-0.023145477085739,0.518855071084819,-0.5720622527412523,0.1201970601601191,-0.6224753180917887,-0.9274745739175644,-0.440882595319649
20.0,284.0,1000.912109375,0.8244933528940794,0.1717593457825232,-2.3768181931737407,-0.0231454773667331,0.518855071084819,-0.5720622527412523,0.1201970601601191,-0.6224753180917887,-0.9274745739175644,-0.440882595319649
20.0,284.0,1000.912109375,0.8244933528940794,0.1717593457825232,-2.3768181930383427,-0.0231454774002257,0.5188550648354596,-0.5720616899623318,0.1201970601601191,-0.6224752725050027,-0.9274745739175644,-0.4408825951409199
20.0,284.0,1000.912109375,0.8244933528940794,0.1717593457825232,-2.3768181931737407,-0.023145477375532,0.518855071084819,-0.5720622527412523,0.1201970601601191,-0.6224753180917887,-0.9274745739175644,-0.440882595319649
20.0,284.0,1000.912109375,0.8244933528940794,0.1717593457825232,-2.3768181931737407,-0.0231454773797634,0.518855071084819,-0.5720622527412523,0.1201970601601191,-0.6224753180917887,-0.9274745739175644,-0.4408825953189923
20.0,284.0,1000.912109375,0.8244933528940794,0.1717593457825232,-2.3768181931737407,-0.0231454773775206,0.518855071084819,-0.5720622527412523,0.1201970601601191,-0.6224753180917887,-0.9274745739175644,-0.4408825952943619
20.0,284.0,1000.912109375,0.8244933528940794,0.1717593457825232,-2.3768181931737407,-0.0231454773711649,0.5188550656747707,-0.5720622521705234,0.1201970601601191,-0.6224753186454307,-0.9274745739175644,-0.4408825936776424
20.0,284.0,1000.912109375,0.8244933528940794,0.1717593457825232,-2.3768181931737407,-0.023145477085739,0.5188550649196398,-0.5720622527412523,0.1201970601601191,-0.6224753186900019,-0.9274745739175644,-0.440882595319543
20.0,284.0,1000.912109375,0.8244933528940794,0.1717593457825232,-2.3768181931745334,-0.0231454774085871,0.518855071084819,-0.572062222040501,0.1201970601601191,-0.6224753196213949,-0.9274745739175644,-0.4408825952795652
20.0,284.0,1000.912109375,0.8244933528940794,0.1717593457825232,-2.3768181931737407,-0.0231454770860074,0.518855071084819,-0.5720622527412523,0.1201970601601191,-0.6224753180917887,-0.9274745739175644,-0.4408825952943619
20.0,284.0,1000.912109375,0.8244933528940794,0.1717593457825232,-2.3768181931737407,-0.0231454773778449,0.518855071084819,-0.5720622527412523,0.1201970601601191,-0.6224753180917887,-0.9274745739175644,-0.4408825952943619
20.0,284.0,1000.912109375,0.8244933528940794,0.1717593457825232,-2.376818193032974,-0.0231454770877738,0.5188550651999644,-0.5720617878767683,0.1201970601601191,-0.6224752733765531,-0.9274745739175644,-0.4408825938601142
20.0,284.0,1000.912109375,0.8244933528940794,0.1717593457825232,-2.3768181931737407,-0.023145477375532,0.518855071084819,-0.5720620963834784,0.1201970601601191,-0.6224752733316726,-0.9274745739175644,-0.440882595319649
20.0,284.0,1000.912109375,0.8244933528940794,0.1717593457825232,-2.3768181931737407,-0.0231454773797268,0.518855071084819,-0.5720622527412523,0.1201970601601191,-0.6224753175079932,-0.9274745739175644,-0.4408825953239561
20.0,284.0,1000.912109375,0.8244933528940794,0.1717593457825232,-2.376818193030525,-0.0231454774086184,0.5188550710916405,-0.5720624602559325,0.1201970601601191,-0.6224752751157753,-0.9274745739175644,-0.4408825952795652
20.0,284.0,1000.912109375,0.8244933528940794,0.1717593457825232,-2.3768181931737407,-0.023145477375532,0.518855071084819,-0.5720622464315411,0.1201970601601191,-0.6224752733316726,-0.9274745739175644,-0.440882595319649
20.0,284.0,1000.912109375,0.8244933528940794,0.1717593457825232,-2.3768181931737407,-0.0231454773797634,0.518855071084819,-0.5720622527412523,0.1201970601601191,-0.6224753180917887,-0.9274745739175644,-0.4408825953189923
20.0,284.0,1000.912109375,0.8244933528940794,0.1717593457825232,-2.3768181931737407,-0.0231454773775206,0.518855071084819,-0.572062292913646,0.1201970601601191,-0.6224753180917887,-0.9274745739175644,-0.4408825953189923
20.0,284.0,1000.912109375,0.8244933528940794,0.1717593457825232,-2.3768181931735857,-0.0231454773797634,0.518855071084819,-0.5720622527412523,0.1201970601601191,-0.6224753215325243,-0.9274745739175644,-0.4408825953202013
20.0,284.0,1000.912109375,0.8244933528940794,0.1717593457825232,-2.376818193180389,-0.0231454773711649,0.5188550656747707,-0.5720622573855819,0.1201970601601191,-0.6224753191152754,-0.9274745739175644,-0.4408825950807815
20.0,284.0,1000.912109375,0.8244933528940794,0.1717593457825232,-2.3768181931737407,-0.023145477375532,0.518855071084819,-0.5720622527412523,0.1201970601601191,-0.6224753180917887,-0.9274745739175644,-0.440882595319649
20.0,284.0,1000.912109375,0.8244933528940794,0.1717593457825232,-2.3768181931620105,-0.0231454773667331,0.518855071084819,-0.5720622527412523,0.1201970601601191,-0.6224753180917887,-0.9274745739175644,-0.4408825953144081
20.0,284.0,1000.912109375,0.8244933528940794,0.1717593457825232,-2.3768181931737407,-0.0231454773775206,0.518855071084819,-0.5720621026931895,0.1201970601601191,-0.6224753180917887,-0.9274745739175644,-0.440882595319649
20.0,284.0,1000.912109375,0.8244933528940794,0.1717593457825232,-2.3768181931737407,-0.0231454773772514,0.518855071084819,-0.5720622527412523,0.1201970601601191,-0.6224753186941179,-0.9274745739175644,-0.4408825953236175
20.0,284.0,1000.912109375,0.8244933528940794,0.1717593457825232,-2.3768181930383427,-0.0231454774002257,0.5188550648354596,-0.5720616497899381,0.1201970601601191,-0.6224752725050027,-0.9274745739175644,-0.4408825951409199
20.0,284.0,1000.912109375,0.8244933528940794,0.1717593457825232,-2.3768181931737407,-0.023145477085739,0.518855071084819,-0.5720622527412523,0.1201970601601191,-0.6224753180917887,-0.9274745739175644,-0.440882595319649
20.0,284.0,1000.912109375,0.8244933528940794,0.1717593457825232,-2.3768181931772223,-0.0231454773775206,0.518855071084819,-0.5720622527412523,0.1201970601601191,-0.6224753180935257,-0.9274745739175644,-0.4408825953189923
20.0,284.0,1000.9122314453124,0.8244933528940794,0.1717593457825232,-2.376818193188309,-0.0231454774085871,0.518855071084819,-0.5720601214221889,0.1201970601601191,-0.6224753196213949,-0.9274745739175644,-0.4408825952795652
20.0,284.0,1000.9122924804688,0.8244933528940794,0.1717593457825232,-2.376818193177248,-0.0231454773861035,0.518855071084819,-0.572059342705877,0.1201970601601191,-0.6224753175092096,-0.9274745739175644,-0.440882595324002
20.0,284.0,1000.9122924804688,0.8244933528940794,0.1717593457825232,-2.376818193177248,-0.0231454773861035,0.518855071084819,-0.572059342705877,0.1201970601601191,-0.6224753175092096,-0.9274745739175644,-0.440882595324002
20.0,284.0,1000.9122924804688,0.8244933528940794,0.1717593457825232,-2.3768181931756844,-0.0231454773861035,0.518855071084819,-0.572059342705877,0.1201970601601191,-0.6224752723878944,-0.9274745739175644,-0.440882595212178
20.0,285.0,1000.9117431640624,0.8244933528940794,0.1717593457825232,-2.3768181930330443,-0.0231454770857481,0.5188550651931219,-0.5720667732637419,0.1201970601601191,-0.6224752733765531,-0.9274745739175644,-0.4408825936849929
20.0,285.0,1000.9117431640624,0.8244933528940794,0.1717593457825232,-2.3768181941150544,-0.0231454774644533,0.5188550651931219,-0.5720667732637419,0.1201970601601191,-0.6224752298904277,-0.9274745739175644,-0.4408825936849929
20.0,285.0,1000.9117431640624,0.8244933528940794,0.1717593457825232,-2.3768181930330443,-0.0231454770965356,0.5188550651931219,-0.5720667732637419,0.1201970601601191,-0.6224752733765531,-0.9274745739175644,-0.4408825936849929
20.0,285.0,1000.9117431640624,0.8244933528940794,0.1717593457825232,-2.3768181930384125,-0.0231454773982,0.518855064828617,-0.5720666753493054,0.1201970601601191,-0.6224752725050027,-0.9274745739175644,-0.4408825949657986
20.0,285.0,1000.9117431640624,0.8244933528940794,0.1717593457825232,-2.3768181930330443,-0.0231454770857481,0.5188550651931219,-0.5720672604750109,0.1201970601601191,-0.6224753178635348,-0.9274745739175644,-0.4408825936849929
20.0,285.0,1000.9117431640624,0.8244933528940794,0.1717593457825232,-2.3768181930330443,-0.0231454770965356,0.5188550651931219,-0.5720667732637419,0.1201970601601191,-0.6224752733765531,-0.9274745739175644,-0.4408825936849929
20.0,285.0,1000.9117431640624,0.8244933528940794,0.1717593457825232,-2.3768181931737407,-0.023145477382836,0.518855071084819,-0.5720668821568416,0.1201970601601191,-0.6224752316151887,-0.9274745739175644,-0.4408825953239561
20.0,285.0,1000.9117431640624,0.8244933528940794,0.1717593457825232,-2.376818193173143,-0.0231454774037533,0.5188550651002086,-0.5720668802080859,0.1201970601601191,-0.6224752716704617,-0.9274745739175644,-0.4408825953165452
20.0,285.0,1000.9117431640624,0.8244933528940794,0.1717593457825232,-2.3768181930384125,-0.0231454773982,0.518855064828617,-0.5720666753493054,0.1201970601601191,-0.6224752725040891,-0.9274745739175644,-0.4408825949657986
20.0,285.0,1000.9117431640624,0.8244933528940794,0.1717593457825232,-2.3768181930330443,-0.0231454773898519,0.518855065148392,-0.5720667732637419,0.1201970601601191,-0.6224752733765531,-0.9274745739175644,-0.4408825936849929
20.0,285.0,1000.9117431640624,0.8244933528940794,0.1717593457825232,-2.3768181930330443,-0.0231454770858672,0.5188550651931219,-0.5720667732637419,0.1201970601601191,-0.6224752733765531,-0.9274745739175644,-0.440882593690393
20.0,285.0,1000.9117431640624,0.8244933528940794,0.1717593457825232,-2.376818193180109,-0.0231454773736406,0.5188550651931219,-0.5720672604750109,0.1201970601601191,-0.6224753178635348,-0.9274745739175644,-0.440882595316317
20.0,285.0,1000.9117431640624,0.8244933528940794,0.1717593457825232,-2.3768181931737407,-0.023145477382836,0.518855071084819,-0.5720668821568416,0.1201970601601191,-0.6224752316151887,-0.9274745739175644,-0.4408825953239561
20.0,285.0,1000.9117431640624,0.8244933528940794,0.1717593457825232,-2.3768181930365144,-0.0231454770857481,0.5188550711906492,-0.5720672604750109,0.1201970601601191,-0.6224753178625174,-0.9274745739175644,-0.4408825936849929
20.0,285.0,1000.9117431640624,0.8244933528940794,0.1717593457825232,-2.3768181930330443,-0.0231454770857481,0.5188550651931706,-0.5720667732637419,0.1201970601601191,-0.622475272910274,-0.9274745739175644,-0.4408825936849929
20.0,285.0,1000.9117431640624,0.8244933528940794,0.1717593457825232,-2.3768181941150544,-0.0231454773992818,0.5188550651931219,-0.5720666777343916,0.1201970601601191,-0.6224752309708436,-0.9274745739175644,-0.4408825936926533
20.0,285.0,1000.9118041992188,0.8244933528940794,0.1717593457825232,-2.3768181930383427,-0.0231454774002257,0.5188550651002086,-0.5720663599528082,0.1201970601601191,-0.6224752725050027,-0.9274745739175644,-0.4408825937317545
20.0,285.0,1000.9118041992188,0.8244933528940794,0.1717593457825232,-2.3768181931737407,-0.0231454774034883,0.5188550648839966,-0.5720663613977388,0.1201970601601191,-0.6224752733867894,-0.9274745739175644,-0.4408825953286195
20.0,285.0,1000.9118041992188,0.8244933528940794,0.1717593457825232,-2.376818193044592,-0.0231454774002257,0.5188550651002086,-0.572065919341109,0.1201970601601191,-0.6224752728844746,-0.9274745739175644,-0.4408825936828631
20.0,285.0,1000.9118041992188,0.8244933528940794,0.1717593457825232,-2.3768181931737407,-0.0231454774034883,0.5188550648839966,-0.5720663613977388,0.1201970601601191,-0.6224752733867894,-0.9274745739175644,-0.4408825953286195
20.0,285.0,1000.9118041992188,0.8244933528940794,0.1717593457825232,-2.3768181930333587,-0.0231454774037533,0.5188550651002086,-0.5720663613737115,0.1201970601601191,-0.6224752724839855,-0.9274745739175644,-0.4408825953165452
20.0,285.0,1000.9118041992188,0.8244933528940794,0.1717593457825232,-2.3768181931737407,-0.0231454774026212,0.518855071084819,-0.572066340124595,0.1201970601601191,-0.6224753166818212,-0.9274745739175644,-0.4408825953307884
20.0,285.0,1000.9118041992188,0.8244933528940794,0.1717593457825232,-2.376818193044592,-0.0231454774002257,0.5188550651001599,-0.572065919341109,0.1201970601601191,-0.6224752733507537,-0.9274745739175644,-0.4408825936828631
20.0,285.0,1000.9118041992188,0.8244933528940794,0.1717593457825232,-2.3768181931737407,-0.0231454774034883,0.5188550648839966,-0.5720663613977388,0.1201970601601191,-0.6224752733867894,-0.9274745739175644,-0.4408825953286195
20.0,285.0,1000.9118041992188,0.8244933528940794,0.1717593457825232,-2.3768181930306738,-0.0231454774034883,0.5188550652043283,-0.5720663476659219,0.1201970601601191,-0.6224752733765813,-0.9274745739175644,-0.4408825953286195
20.0,285.0,1000.911865234375,0.8244933528940794,0.1717593457825232,-2.3768181931737407,-0.023145477375532,0.5188550653646804,-0.5720658509898155,0.1201970601601191,-0.6224752733316726,-0.9274745739175644,-0.440882595319649
20.0,285.0,1000.9120483398438,0.8244933528940794,0.1717593457825232,-2.376818193188309,-0.0231454774086184,0.518855071084819,-0.5720625796053647,0.1201970601601191,-0.6224753196213949,-0.9274745739175644,-0.4408825952795652
20.0,285.0,1000.9120483398438,0.8244933528940794,0.1717593457825232,-2.376818193032955,-0.0231454773951212,0.5188550714759215,-0.5720624942065604,0.1201970601601191,-0.6224752750970876,-0.9274745739175644,-0.4408825937030353
20.0,285.0,1000.912109375,0.8244933528940794,0.1717593457825232,-2.3768181931737407,-0.0231454773775206,0.518855071084819,-0.5720622527412523,0.1201970601601191,-0.6224753180917887,-0.9274745739175644,-0.440882595319649
20.0,285.0,1000.912109375,0.8244933528940794,0.1717593457825232,-2.3768181931737407,-0.0231454773775206,0.518855071084819,-0.5720622527412523,0.1201970601601191,-0.6224753180917887,-0.9274745739175644,-0.4408825953292395
20.0,285.0,1000.912109375,0.8244933528940794,0.1717593457825232,-2.3768181931737407,-0.0231454770857505,0.518855071084819,-0.5720622527412523,0.1201970601601191,-0.6224753180917887,-0.9274745739175644,-0.440882595319649
20.0,285.0,1000.912109375,0.8244933528940794,0.1717593457825232,-2.3768181931892864,-0.0231454773775206,0.518855071084819,-0.572062344430851,0.1201970601601191,-0.6224753180921608,-0.9274745739175644,-0.440882595319649
20.0,285.0,1000.912109375,0.8244933528940794,0.1717593457825232,-2.3768181931737407,-0.0231454773775206,0.518855071084819,-0.5720622527412523,0.1201970601601191,-0.6224753180917887,-0.9274745739175644,-0.4408825953189923
20.0,285.0,1000.912109375,0.8244933528940794,0.1717593457825232,-2.3768181931737407,-0.023145477085739,0.518855071084819,-0.5720622527412523,0.1201970601601191,-0.6224753180917887,-0.9274745739175644,-0.440882595319649
20.0,285.0,1000.912109375,0.8244933528940794,0.1717593457825232,-2.3768181931737407,-0.0231454773667331,0.518855071084819,-0.5720622527412523,0.1201970601601191,-0.6224753180917887,-0.9274745739175644,-0.440882595319649
20.0,285.0,1000.912109375,0.8244933528940794,0.1717593457825232,-2.3768181930383427,-0.0231454774002257,0.5188550648354596,-0.5720616899623318,0.1201970601601191,-0.6224752725050027,-0.9274745739175644,-0.4408825951409199
20.0,285.0,1000.912109375,0.8244933528940794,0.1717593457825232,-2.3768181931737407,-0.023145477375532,0.518855071084819,-0.5720622527412523,0.1201970601601191,-0.6224753180917887,-0.9274745739175644,-0.440882595319649
20.0,285.0,1000.912109375,0.8244933528940794,0.1717593457825232,-2.3768181931737407,-0.0231454773797634,0.518855071084819,-0.5720622527412523,0.1201970601601191,-0.6224753180917887,-0.9274745739175644,-0.4408825953189923
20.0,285.0,1000.912109375,0.8244933528940794,0.1717593457825232,-2.3768181931737407,-0.0231454773775206,0.518855071084819,-0.5720622527412523,0.1201970601601191,-0.6224753180917887,-0.9274745739175644,-0.4408825952943619
20.0,285.0,1000.912109375,0.8244933528940794,0.1717593457825232,-2.3768181931737407,-0.0231454773711649,0.5188550656747707,-0.5720622521705234,0.1201970601601191,-0.6224753186454307,-0.9274745739175644,-0.4408825936776424
20.0,285.0,1000.912109375,0.8244933528940794,0.1717593457825232,-2.3768181931737407,-0.023145477085739,0.5188550649196398,-0.5720622527412523,0.1201970601601191,-0.6224753186900019,-0.9274745739175644,-0.440882595319543
20.0,285.0,1000.912109375,0.8244933528940794,0.1717593457825232,-2.3768181931745334,-0.0231454774085871,0.518855071084819,-0.572062222040501,0.1201970601601191,-0.6224753196213949,-0.9274745739175644,-0.4408825952795652
20.0,285.0,1000.912109375,0.8244933528940794,0.1717593457825232,-2.3768181931737407,-0.0231454770860074,0.518855071084819,-0.5720622527412523,0.1201970601601191,-0.6224753180917887,-0.9274745739175644,-0.4408825952943619
20.0,285.0,1000.912109375,0.8244933528940794,0.1717593457825232,-2.3768181931737407,-0.0231454773778449,0.518855071084819,-0.5720622527412523,0.1201970601601191,-0.6224753180917887,-0.9274745739175644,-0.4408825952943619
20.0,285.0,1000.912109375,0.8244933528940794,0.1717593457825232,-2.376818193032974,-0.0231454770877738,0.5188550651999644,-0.5720617878767683,0.1201970601601191,-0.6224752733765531,-0.9274745739175644,-0.4408825938601142
20.0,285.0,1000.912109375,0.8244933528940794,0.1717593457825232,-2.3768181931737407,-0.023145477375532,0.518855071084819,-0.5720620963834784,0.1201970601601191,-0.6224752733316726,-0.9274745739175644,-0.440882595319649
20.0,285.0,1000.912109375,0.8244933528940794,0.1717593457825232,-2.3768181931737407,-0.0231454773797268,0.518855071084819,-0.5720622527412523,0.1201970601601191,-0.6224753175079932,-0.9274745739175644,-0.4408825953239561
20.0,285.0,1000.912109375,0.8244933528940794,0.1717593457825232,-2.376818193030525,-0.0231454774086184,0.5188550710916405,-0.5720624602559325,0.1201970601601191,-0.6224752751157753,-0.9274745739175644,-0.4408825952795652
20.0,285.0,1000.912109375,0.8244933528940794,0.1717593457825232,-2.3768181931737407,-0.023145477375532,0.518855071084819,-0.5720622464315411,0.1201970601601191,-0.6224752733316726,-0.9274745739175644,-0.440882595319649
20.0,285.0,1000.912109375,0.8244933528940794,0.1717593457825232,-2.3768181931737407,-0.0231454773797634,0.518855071084819,-0.5720622527412523,0.1201970601601191,-0.6224753180917887,-0.9274745739175644,-0.4408825953189923
20.0,286.0,1000.9117431640624,0.8244933528940794,0.1717593457825232,-2.3768181930330443,-0.0231454770857481,0.5188550651931219,-0.5720667732637419,0.1201970601601191,-0.6224752733765531,-0.9274745739175644,-0.4408825936849929
20.0,286.0,1000.9117431640624,0.8244933528940794,0.1717593457825232,-2.3768181941150544,-0.0231454774644533,0.5188550651931219,-0.5720667732637419,0.1201970601601191,-0.6224752298904277,-0.9274745739175644,-0.4408825936849929
20.0,286.0,1000.9117431640624,0.8244933528940794,0.1717593457825232,-2.3768181930330443,-0.0231454770965356,0.5188550651931219,-0.5720667732637419,0.1201970601601191,-0.6224752733765531,-0.9274745739175644,-0.4408825936849929
20.0,286.0,1000.9117431640624,0.8244933528940794,0.1717593457825232,-2.3768181930384125,-0.0231454773982,0.518855064828617,-0.5720666753493054,0.1201970601601191,-0.6224752725050027,-0.9274745739175644,-0.4408825949657986
20.0,286.0,1000.9117431640624,0.8244933528940794,0.1717593457825232,-2.3768181930330443,-0.0231454770857481,0.5188550651931219,-0.5720672604750109,0.1201970601601191,-0.6224753178635348,-0.9274745739175644,-0.4408825936849929
20.0,286.0,1000.9117431640624,0.8244933528940794,0.1717593457825232,-2.3768181930330443,-0.0231454770965356,0.5188550651931219,-0.5720667732637419,0.1201970601601191,-0.6224752733765531,-0.9274745739175644,-0.4408825936849929
20.0,286.0,1000.9117431640624,0.8244933528940794,0.1717593457825232,-2.3768181931737407,-0.023145477382836,0.518855071084819,-0.5720668821568416,0.1201970601601191,-0.6224752316151887,-0.9274745739175644,-0.4408825953239561
20.0,286.0,1000.9117431640624,0.8244933528940794,0.1717593457825232,-2.376818193173143,-0.0231454774037533,0.5188550651002086,-0.5720668802080859,0.1201970601601191,-0.6224752716704617,-0.9274745739175644,-0.4408825953165452
20.0,286.0,1000.9117431640624,0.8244933528940794,0.1717593457825232,-2.3768181930384125,-0.0231454773982,0.518855064828617,-0.5720666753493054,0.1201970601601191,-0.6224752725040891,-0.9274745739175644,-0.4408825949657986
20.0,286.0,1000.9117431640624,0.8244933528940794,0.1717593457825232,-2.3768181930330443,-0.0231454773898519,0.518855065148392,-0.5720667732637419,0.1201970601601191,-0.6224752733765531,-0.9274745739175644,-0.4408825936849929
20.0,286.0,1000.9117431640624,0.8244933528940794,0.1717593457825232,-2.3768181930330443,-0.0231454770858672,0.5188550651931219,-0.5720667732637419,0.1201970601601191,-0.6224752733765531,-0.9274745739175644,-0.440882593690393
20.0,286.0,1000.9117431640624,0.8244933528940794,0.1717593457825232,-2.376818193180109,-0.0231454773736406,0.5188550651931219,-0.5720672604750109,0.1201970601601191,-0.6224753178635348,-0.9274745739175644,-0.440882595316317
20.0,286.0,1000.9117431640624,0.8244933528940794,0.1717593457825232,-2.3768181931737407,-0.023145477382836,0.518855071084819,-0.5720668821568416,0.1201970601601191,-0.6224752316151887,-0.9274745739175644,-0.4408825953239561
20.0,286.0,1000.9117431640624,0.8244933528940794,0.1717593457825232,-2.3768181930365144,-0.0231454770857481,0.5188550711906492,-0.5720672604750109,0.1201970601601191,-0.6224753178625174,-0.9274745739175644,-0.4408825936849929
20.0,286.0,1000.9117431640624,0.8244933528940794,0.1717593457825232,-2.3768181930330443,-0.0231454770857481,0.5188550651931706,-0.5720667732637419,0.1201970601601191,-0.622475272910274,-0.9274745739175644,-0.4408825936849929
20.0,286.0,1000.9117431640624,0.8244933528940794,0.1717593457825232,-2.3768181941150544,-0.0231454773992818,0.5188550651931219,-0.5720666777343916,0.1201970601601191,-0.6224752309708436,-0.9274745739175644,-0.4408825936926533
20.0,286.0,1000.9117431640624,0.8244933528940794,0.1717593457825232,-2.3768181931663954,-0.023145477403551,0.5188550648319772,-0.5720668802080859,0.1201970601601191,-0.6224752725247844,-0.9274745739175644,-0.4408825953165452
20.0,286.0,1000.9117431640624,0.8244933528940794,0.1717593457825232,-2.3768181941150544,-0.0231454774648869,0.5188550651931219,-0.5720667732637419,0.1201970601601191,-0.62247527367142,-0.9274745739175644,-0.4408825936849929
20.0,286.0,1000.9117431640624,0.8244933528940794,0.1717593457825232,-2.3768181930365144,-0.0231454770857481,0.5188550710834117,-0.5720672604750109,0.1201970601601191,-0.6224753178625174,-0.9274745739175644,-0.4408825952650294
20.0,286.0,1000.9117431640624,0.8244933528940794,0.1717593457825232,-2.376818193174054,-0.0231454773997846,0.518855071084819,-0.5720667884226813,0.1201970601601191,-0.6224752733369904,-0.9274745739175644,-0.4408825953067559
20.0,286.0,1000.9117431640624,0.8244933528940794,0.1717593457825232,-2.3768181941663715,-0.0231454774455438,0.5188550651931219,-0.5720667732637419,0.1201970601601191,-0.6224752733765531,-0.9274745739175644,-0.4408825936849929
20.0,286.0,1000.9117431640624,0.8244933528940794,0.1717593457825232,-2.3768181941436484,-0.0231454774034308,0.5188550651931219,-0.5720666777343916,0.1201970601601191,-0.6224752774898771,-0.9274745739175644,-0.4408825952777507
20.0,286.0,1000.9117431640624,0.8244933528940794,0.1717593457825232,-2.376818193184309,-0.0231454773931309,0.5188550651931219,-0.5720667824701373,0.1201970601601191,-0.6224752733765531,-0.9274745739175644,-0.4408825953297738
20.0,286.0,1000.9117431640624,0.8244933528940794,0.1717593457825232,-2.376818193180109,-0.0231454773736406,0.5188550651931219,-0.5720672604750109,0.1201970601601191,-0.6224753141541323,-0.9274745739175644,-0.440882595316317
20.0,286.0,1000.9117431640624,0.8244933528940794,0.1717593457825232,-2.376818193173158,-0.0231454774044981,0.5188550651002086,-0.5720668802080859,0.1201970601601191,-0.6224752716704617,-0.9274745739175644,-0.4408825953165495
20.0,286.0,1000.9117431640624,0.8244933528940794,0.1717593457825232,-2.3768181931737407,-0.023145477382836,0.518855071084819,-0.5720668821568416,0.1201970601601191,-0.6224752316151887,-0.9274745739175644,-0.4408825953239561
20.0,286.0,1000.9117431640624,0.8244933528940794,0.1717593457825232,-2.3768181930330443,-0.0231454770857481,0.5188550651931706,-0.5720667773065742,0.1201970601601191,-0.622475272910274,-0.9274745739175644,-0.4408825936849929
20.0,286.0,1000.9117431640624,0.8244933528940794,0.1717593457825232,-2.376818192981727,-0.0231454771154451,0.5188550651931219,-0.5720667732637419,0.1201970601601191,-0.6224752298904277,-0.9274745739175644,-0.4408825936849929
20.0,286.0,1000.9117431640624,0.8244933528940794,0.1717593457825232,-2.3768181930330443,-0.0231454770732129,0.518855071281838,-0.5720667732637419,0.1201970601601191,-0.6224752733765531,-0.9274745739175644,-0.4408825936849929
20.0,286.0,1000.9117431640624,0.8244933528940794,0.1717593457825232,-2.3768181930330403,-0.0231454773896187,0.518855065148392,-0.5720667732637419,0.1201970601601191,-0.6224752733503144,-0.9274745739175644,-0.4408825936828173
20.0,286.0,1000.9117431640624,0.8244933528940794,0.1717593457825232,-2.3768181930330443,-0.0231454770965356,0.5188550652046314,-0.5720667732637419,0.1201970601601191,-0.6224752733765531,-0.9274745739175644,-0.4408825936849929
20.0,286.0,1000.9118041992188,0.8244933528940794,0.1717593457825232,-2.3768181930383427,-0.0231454774002257,0.5188550651002086,-0.5720663599528082,0.1201970601601191,-0.6224752725050027,-0.9274745739175644,-0.4408825937317545
20.0,286.0,1000.9118041992188,0.8244933528940794,0.1717593457825232,-2.3768181931737407,-0.0231454774034883,0.5188550648839966,-0.5720663613977388,0.1201970601601191,-0.6224752733867894,-0.9274745739175644,-0.4408825953286195
20.0,286.0,1000.9118041992188,0.8244933528940794,0.1717593457825232,-2.376818193044592,-0.0231454774002257,0.5188550651002086,-0.572065919341109,0.1201970601601191,-0.6224752728844746,-0.9274745739175644,-0.4408825936828631
20.0,286.0,1000.9118041992188,0.8244933528940794,0.1717593457825232,-2.3768181931737407,-0.0231454774034883,0.5188550648839966,-0.5720663613977388,0.1201970601601191,-0.6224752733867894,-0.9274745739175644,-0.4408825953286195
20.0,286.0,1000.9118041992188,0.8244933528940794,0.1717593457825232,-2.3768181930333587,-0.0231454774037533,0.5188550651002086,-0.5720663613737115,0.1201970601601191,-0.6224752724839855,-0.9274745739175644,-0.4408825953165452
20.0,286.0,1000.9118041992188,0.8244933528940794,0.1717593457825232,-2.3768181931737407,-0.0231454774026212,0.518855071084819,-0.572066340124595,0.1201970601601191,-0.6224753166818212,-0.9274745739175644,-0.4408825953307884
20.0,286.0,1000.9118041992188,0.8244933528940794,0.1717593457825232,-2.376818193044592,-0.0231454774002257,0.5188550651001599,-0.572065919341109,0.1201970601601191,-0.6224752733507537,-0.9274745739175644,-0.4408825936828631
20.0,286.0,1000.9118041992188,0.8244933528940794,0.1717593457825232,-2.3768181931737407,-0.0231454774034883,0.5188550648839966,-0.5720663613977388,0.1201970601601191,-0.6224752733867894,-0.9274745739175644,-0.4408825953286195
20.0,286.0,1000.9118041992188,0.8244933528940794,0.1717593457825232,-2.3768181930306738,-0.0231454774034883,0.5188550652043283,-0.5720663476659219,0.1201970601601191,-0.6224752733765813,-0.9274745739175644,-0.4408825953286195
20.0,286.0,1000.9118041992188,0.8244933528940794,0.1717593457825232,-2.376818193044592,-0.0231454774002257,0.5188550651002086,-0.5720663467169427,0.1201970601601191,-0.6224752728844746,-0.9274745739175644,-0.4408825937050025
20.0,286.0,1000.9118041992188,0.8244933528940794,0.1717593457825232,-2.3768181931737407,-0.0231454774037693,0.5188550648835752,-0.5720663613974591,0.1201970601601191,-0.6224752733867894,-0.9274745739175644,-0.4408825953286195
20.0,286.0,1000.9118041992188,0.8244933528940794,0.1717593457825232,-2.3768181930445955,-0.0231454774004589,0.5188550651001599,-0.572065919341109,0.1201970601601191,-0.6224752733769924,-0.9274745739175644,-0.4408825936850387
20.0,286.0,1000.9118041992188,0.8244933528940794,0.1717593457825232,-2.3768181931737407,-0.0231454774034883,0.5188550648839966,-0.572065934021905,0.1201970601601191,-0.6224752733867894,-0.9274745739175644,-0.4408825953064801
20.0,286.0,1000.9118041992188,0.8244933528940794,0.1717593457825232,-2.3768181930330488,-0.0231454770858672,0.5188550651931219,-0.5720663511450309,0.1201970601601191,-0.6224752724517847,-0.9274745739175644,-0.440882593690393
20.0,286.0,1000.9118041992188,0.8244933528940794,0.1717593457825232,-2.3768181930330443,-0.0231454770965356,0.5188550651931219,-0.5720662967586436,0.1201970601601191,-0.6224752733769033,-0.9274745739175644,-0.4408825937037645
20.0,286.0,1000.9118041992188,0.8244933528940794,0.1717593457825232,-2.376818193044592,-0.0231454774002257,0.5188550651002086,-0.572065919341109,0.1201970601601191,-0.6224752765938771,-0.9274745739175644,-0.4408825936828631
20.0,286.0,1000.911865234375,0.8244933528940794,0.1717593457825232,-2.3768181931737407,-0.023145477375532,0.5188550653646804,-0.5720658509898155,0.1201970601601191,-0.6224752733316726,-0.9274745739175644,-0.440882595319649
20.0,286.0,1000.9120483398438,0.8244933528940794,0.1717593457825232,-2.376818193188309,-0.0231454774086184,0.518855071084819,-0.5720625796053647,0.1201970601601191,-0.6224753196213949,-0.9274745739175644,-0.4408825952795652
20.0,286.0,1000.9120483398438,0.8244933528940794,0.1717593457825232,-2.376818193032955,-0.0231454773951212,0.5188550714759215,-0.5720624942065604,0.1201970601601191,-0.6224752750970876,-0.9274745739175644,-0.4408825937030353
20.0,287.0,1000.9117431640624,0.8244933528940794,0.1717593457825232,-2.3768181930330443,-0.0231454770857481,0.5188550651931219,-0.5720667732637419,0.1201970601601191,-0.6224752733765531,-0.9274745739175644,-0.4408825936849929
20.0,287.0,1000.9117431640624,0.8244933528940794,0.1717593457825232,-2.3768181941150544,-0.0231454774644533,0.5188550651931219,-0.5720667732637419,0.1201970601601191,-0.6224752298904277,-0.9274745739175644,-0.4408825936849929
20.0,287.0,1000.9117431640624,0.8244933528940794,0.1717593457825232,-2.3768181930330443,-0.0231454770965356,0.5188550651931219,-0.5720667732637419,0.1201970601601191,-0.6224752733765531,-0.9274745739175644,-0.4408825936849929
20.0,287.0,1000.9117431640624,0.8244933528940794,0.1717593457825232,-2.3768181930384125,-0.0231454773982,0.518855064828617,-0.5720666753493054,0.1201970601601191,-0.6224752725050027,-0.9274745739175644,-0.4408825949657986
20.0,287.0,1000.9117431640624,0.8244933528940794,0.1717593457825232,-2.3768181930330443,-0.0231454770857481,0.5188550651931219,-0.5720672604750109,0.1201970601601191,-0.6224753178635348,-0.9274745739175644,-0.4408825936849929
20.0,287.0,1000.9117431640624,0.8244933528940794,0.1717593457825232,-2.3768181930330443,-0.0231454770965356,0.5188550651931219,-0.5720667732637419,0.1201970601601191,-0.6224752733765531,-0.9274745739175644,-0.4408825936849929
20.0,287.0,1000.9117431640624,0.8244933528940794,0.1717593457825232,-2.3768181931737407,-0.023145477382836,0.518855071084819,-0.5720668821568416,0.1201970601601191,-0.6224752316151887,-0.9274745739175644,-0.4408825953239561
20.0,287.0,1000.9117431640624,0.8244933528940794,0.1717593457825232,-2.376818193173143,-0.0231454774037533,0.5188550651002086,-0.5720668802080859,0.1201970601601191,-0.6224752716704617,-0.9274745739175644,-0.4408825953165452
20.0,287.0,1000.9117431640624,0.8244933528940794,0.1717593457825232,-2.3768181930384125,-0.0231454773982,0.518855064828617,-0.5720666753493054,0.1201970601601191,-0.6224752725040891,-0.9274745739175644,-0.4408825949657986
20.0,287.0,1000.9117431640624,0.8244933528940794,0.1717593457825232,-2.3768181930330443,-0.0231454773898519,0.518855065148392,-0.5720667732637419,0.1201970601601191,-0.6224752733765531,-0.9274745739175644,-0.4408825936849929
20.0,287.0,1000.9117431640624,0.8244933528940794,0.1717593457825232,-2.3768181930330443,-0.0231454770858672,0.5188550651931219,-0.5720667732637419,0.1201970601601191,-0.6224752733765531,-0.9274745739175644,-0.440882593690393
20.0,287.0,1000.9117431640624,0.8244933528940794,0.1717593457825232,-2.376818193180109,-0.0231454773736406,0.5188550651931219,-0.5720672604750109,0.1201970601601191,-0.6224753178635348,-0.9274745739175644,-0.440882595316317
20.0,287.0,1000.9117431640624,0.8244933528940794,0.1717593457825232,-2.3768181931737407,-0.023145477382836,0.518855071084819,-0.5720668821568416,0.1201970601601191,-0.6224752316151887,-0.9274745739175644,-0.4408825953239561
20.0,287.0,1000.9117431640624,0.8244933528940794,0.1717593457825232,-2.3768181930365144,-0.0231454770857481,0.5188550711906492,-0.5720672604750109,0.1201970601601191,-0.6224753178625174,-0.9274745739175644,-0.4408825936849929
20.0,287.0,1000.9117431640624,0.8244933528940794,0.1717593457825232,-2.3768181930330443,-0.0231454770857481,0.5188550651931706,-0.5720667732637419,0.1201970601601191,-0.622475272910274,-0.9274745739175644,-0.4408825936849929
20.0,287.0,1000.9117431640624,0.8244933528940794,0.1717593457825232,-2.3768181941150544,-0.0231454773992818,0.5188550651931219,-0.5720666777343916,0.1201970601601191,-0.6224752309708436,-0.9274745739175644,-0.4408825936926533
20.0,287.0,1000.9117431640624,0.8244933528940794,0.1717593457825232,-2.3768181931663954,-0.023145477403551,0.5188550648319772,-0.5720668802080859,0.1201970601601191,-0.6224752725247844,-0.9274745739175644,-0.4408825953165452
20.0,287.0,1000.9117431640624,0.8244933528940794,0.1717593457825232,-2.3768181941150544,-0.0231454774648869,0.5188550651931219,-0.5720667732637419,0.1201970601601191,-0.62247527367142,-0.9274745739175644,-0.4408825936849929
20.0,287.0,1000.9117431640624,0.8244933528940794,0.1717593457825232,-2.3768181930365144,-0.0231454770857481,0.5188550710834117,-0.5720672604750109,0.1201970601601191,-0.6224753178625174,-0.9274745739175644,-0.4408825952650294
20.0,287.0,1000.9117431640624,0.8244933528940794,0.1717593457825232,-2.376818193174054,-0.0231454773997846,0.518855071084819,-0.5720667884226813,0.1201970601601191,-0.6224752733369904,-0.9274745739175644,-0.4408825953067559
20.0,287.0,1000.9117431640624,0.8244933528940794,0.1717593457825232,-2.3768181941663715,-0.0231454774455438,0.5188550651931219,-0.5720667732637419,0.1201970601601191,-0.6224752733765531,-0.9274745739175644,-0.4408825936849929
20.0,287.0,1000.9117431640624,0.8244933528940794,0.1717593457825232,-2.3768181941436484,-0.0231454774034308,0.5188550651931219,-0.5720666777343916,0.1201970601601191,-0.6224752774898771,-0.9274745739175644,-0.4408825952777507
20.0,287.0,1000.9117431640624,0.8244933528940794,0.1717593457825232,-2.376818193184309,-0.0231454773931309,0.5188550651931219,-0.5720667824701373,0.1201970601601191,-0.6224752733765531,-0.9274745739175644,-0.4408825953297738
20.0,287.0,1000.9117431640624,0.8244933528940794,0.1717593457825232,-2.376818193180109,-0.0231454773736406,0.5188550651931219,-0.5720672604750109,0.1201970601601191,-0.6224753141541323,-0.9274745739175644,-0.440882595316317
20.0,287.0,1000.9117431640624,0.8244933528940794,0.1717593457825232,-2.376818193173158,-0.0231454774044981,0.5188550651002086,-0.5720668802080859,0.1201970601601191,-0.6224752716704617,-0.9274745739175644,-0.4408825953165495
20.0,287.0,1000.9117431640624,0.8244933528940794,0.1717593457825232,-2.3768181931737407,-0.023145477382836,0.518855071084819,-0.5720668821568416,0.1201970601601191,-0.6224752316151887,-0.9274745739175644,-0.4408825953239561
20.0,287.0,1000.9117431640624,0.8244933528940794,0.1717593457825232,-2.3768181930330443,-0.0231454770857481,0.5188550651931706,-0.5720667773065742,0.1201970601601191,-0.622475272910274,-0.9274745739175644,-0.4408825936849929
20.0,287.0,1000.9117431640624,0.8244933528940794,0.1717593457825232,-2.376818192981727,-0.0231454771154451,0.5188550651931219,-0.5720667732637419,0.1201970601601191,-0.6224752298904277,-0.9274745739175644,-0.4408825936849929
20.0,287.0,1000.9117431640624,0.8244933528940794,0.1717593457825232,-2.3768181930330443,-0.0231454770732129,0.518855071281838,-0.5720667732637419,0.1201970601601191,-0.6224752733765531,-0.9274745739175644,-0.4408825936849929
20.0,287.0,1000.9117431640624,0.8244933528940794,0.1717593457825232,-2.3768181930330403,-0.0231454773896187,0.518855065148392,-0.5720667732637419,0.1201970601601191,-0.6224752733503144,-0.9274745739175644,-0.4408825936828173
20.0,287.0,1000.9117431640624,0.8244933528940794,0.1717593457825232,-2.3768181930330443,-0.0231454770965356,0.5188550652046314,-0.5720667732637419,0.1201970601601191,-0.6224752733765531,-0.9274745739175644,-0.4408825936849929
20.0,287.0,1000.9117431640624,0.8244933528940794,0.1717593457825232,-2.376818193180109,-0.0231454773736406,0.5188550651491666,-0.5720672704221966,0.1201970601601191,-0.622475315082915,-0.9274745739175644,-0.4408825953290695
20.0,287.0,1000.9117431640624,0.8244933528940794,0.1717593457825232,-2.376818193174054,-0.0231454773997846,0.518855071084819,-0.5720667884226813,0.1201970601601191,-0.6224752733369904,-0.9274745739175644,-0.4408825952690988
20.0,287.0,1000.9117431640624,0.8244933528940794,0.1717593457825232,-2.376818194135896,-0.0231454774461311,0.5188550651002086,-0.5720668802080859,0.1201970601601191,-0.6224752716704617,-0.9274745739175644,-0.4408825953165452
20.0,287.0,1000.9117431640624,0.8244933528940794,0.1717593457825232,-2.376818193030196,-0.0231454770943142,0.5188550650933247,-0.5720668819853819,0.1201970601601191,-0.622475272910274,-0.9274745739175644,-0.4408825937686482
20.0,287.0,1000.9117431640624,0.8244933528940794,0.1717593457825232,-2.3768181930330443,-0.0231454770964625,0.5188550652790843,-0.5720667732637419,0.1201970601601191,-0.6224752733765531,-0.9274745739175644,-0.4408825936849929
20.0,287.0,1000.9117431640624,0.8244933528940794,0.1717593457825232,-2.3768181931941936,-0.0231454773931309,0.5188550651931219,-0.5720672726702847,0.1201970601601191,-0.6224752733765531,-0.9274745739175644,-0.4408825952801909
20.0,287.0,1000.9117431640624,0.8244933528940794,0.1717593457825232,-2.376818194166213,-0.0231454774445569,0.5188550651030872,-0.5720667494303836,0.1201970601601191,-0.6224752733765531,-0.9274745739175644,-0.4408825936849929
20.0,287.0,1000.9117431640624,0.8244933528940794,0.1717593457825232,-2.3768181930330443,-0.0231454770851374,0.518855071281838,-0.5720667732637419,0.1201970601601191,-0.6224752728865274,-0.9274745739175644,-0.4408825936849929
20.0,287.0,1000.9117431640624,0.8244933528940794,0.1717593457825232,-2.3768181932036185,-0.023145477403166,0.5188550651931219,-0.5720667732637419,0.1201970601601191,-0.6224752733765531,-0.9274745739175644,-0.4408825936849929
20.0,287.0,1000.9117431640624,0.8244933528940794,0.1717593457825232,-2.3768181931737407,-0.023145477382836,0.5188550709705486,-0.5720668821568416,0.1201970601601191,-0.6224752316151887,-0.9274745739175644,-0.4408825953239561
20.0,287.0,1000.9117431640624,0.8244933528940794,0.1717593457825232,-2.3768181930330443,-0.023145477073286,0.5188550711958756,-0.5720667732637419,0.1201970601601191,-0.6224752733765531,-0.9274745739175644,-0.4408825936849929
20.0,287.0,1000.9117431640624,0.8244933528940794,0.1717593457825232,-2.3768181930330443,-0.0231454770857481,0.5188550651931706,-0.5720667773065742,0.1201970601601191,-0.622475272910274,-0.9274745739175644,-0.4408825936849929
20.0,287.0,1000.9117431640624,0.8244933528940794,0.1717593457825232,-2.376818193166649,-0.0231454773997846,0.518855071084819,-0.5720667884226813,0.1201970601601191,-0.6224752733329909,-0.9274745739175644,-0.4408825953067559
20.0,287.0,1000.9117431640624,0.8244933528940794,0.1717593457825232,-2.37681819302316,-0.0231454770857481,0.5188550651931219,-0.5720667702748634,0.1201970601601191,-0.6224753178635348,-0.9274745739175644,-0.4408825937345758
20.0,287.0,1000.9118041992188,0.8244933528940794,0.1717593457825232,-2.3768181930383427,-0.0231454774002257,0.5188550651002086,-0.5720663599528082,0.1201970601601191,-0.6224752725050027,-0.9274745739175644,-0.4408825937317545
20.0,287.0,1000.9118041992188,0.8244933528940794,0.1717593457825232,-2.3768181931737407,-0.0231454774034883,0.5188550648839966,-0.5720663613977388,0.1201970601601191,-0.6224752733867894,-0.9274745739175644,-0.4408825953286195
20.0,287.0,1000.9118041992188,0.8244933528940794,0.1717593457825232,-2.376818193044592,-0.0231454774002257,0.5188550651002086,-0.572065919341109,0.1201970601601191,-0.6224752728844746,-0.9274745739175644,-0.4408825936828631
20.0,287.0,1000.9118041992188,0.8244933528940794,0.1717593457825232,-2.3768181931737407,-0.0231454774034883,0.5188550648839966,-0.5720663613977388,0.1201970601601191,-0.6224752733867894,-0.9274745739175644,-0.4408825953286195
20.0,287.0,1000.9118041992188,0.8244933528940794,0.1717593457825232,-2.3768181930333587,-0.0231454774037533,0.5188550651002086,-0.5720663613737115,0.1201970601601191,-0.6224752724839855,-0.9274745739175644,-0.4408825953165452
20.0,288.0,1000.9117431640624,0.8244933528940794,0.1717593457825232,-2.3768181930330443,-0.0231454770857481,0.5188550651931219,-0.5720667732637419,0.1201970601601191,-0.6224752733765531,-0.9274745739175644,-0.4408825936849929
20.0,288.0,1000.9117431640624,0.8244933528940794,0.1717593457825232,-2.3768181941150544,-0.0231454774644533,0.5188550651931219,-0.5720667732637419,0.1201970601601191,-0.6224752298904277,-0.9274745739175644,-0.4408825936849929
20.0,288.0,1000.9117431640624,0.8244933528940794,0.1717593457825232,-2.3768181930330443,-0.0231454770965356,0.5188550651931219,-0.5720667732637419,0.1201970601601191,-0.6224752733765531,-0.9274745739175644,-0.4408825936849929
20.0,288.0,1000.9117431640624,0.8244933528940794,0.1717593457825232,-2.3768181930384125,-0.0231454773982,0.518855064828617,-0.5720666753493054,0.1201970601601191,-0.6224752725050027,-0.9274745739175644,-0.4408825949657986
20.0,288.0,1000.9117431640624,0.8244933528940794,0.1717593457825232,-2.3768181930330443,-0.0231454770857481,0.5188550651931219,-0.5720672604750109,0.1201970601601191,-0.6224753178635348,-0.9274745739175644,-0.4408825936849929
20.0,288.0,1000.9117431640624,0.8244933528940794,0.1717593457825232,-2.3768181930330443,-0.0231454770965356,0.5188550651931219,-0.5720667732637419,0.1201970601601191,-0.6224752733765531,-0.9274745739175644,-0.4408825936849929
20.0,288.0,1000.9117431640624,0.8244933528940794,0.1717593457825232,-2.3768181931737407,-0.023145477382836,0.518855071084819,-0.5720668821568416,0.1201970601601191,-0.6224752316151887,-0.9274745739175644,-0.4408825953239561
20.0,288.0,1000.9117431640624,0.8244933528940794,0.1717593457825232,-2.376818193173143,-0.0231454774037533,0.5188550651002086,-0.5720668802080859,0.1201970601601191,-0.6224752716704617,-0.9274745739175644,-0.4408825953165452
20.0,288.0,1000.9117431640624,0.8244933528940794,0.1717593457825232,-2.3768181930384125,-0.0231454773982,0.518855064828617,-0.5720666753493054,0.1201970601601191,-0.6224752725040891,-0.9274745739175644,-0.4408825949657986
20.0,288.0,1000.9117431640624,0.8244933528940794,0.1717593457825232,-2.3768181930330443,-0.0231454773898519,0.518855065148392,-0.5720667732637419,0.1201970601601191,-0.6224752733765531,-0.9274745739175644,-0.4408825936849929
20.0,288.0,1000.9117431640624,0.8244933528940794,0.1717593457825232,-2.3768181930330443,-0.0231454770858672,0.5188550651931219,-0.5720667732637419,0.1201970601601191,-0.6224752733765531,-0.9274745739175644,-0.440882593690393
20.0,288.0,1000.9117431640624,0.8244933528940794,0.1717593457825232,-2.376818193180109,-0.0231454773736406,0.5188550651931219,-0.5720672604750109,0.1201970601601191,-0.6224753178635348,-0.9274745739175644,-0.440882595316317
20.0,288.0,1000.9117431640624,0.8244933528940794,0.1717593457825232,-2.3768181931737407,-0.023145477382836,0.518855071084819,-0.5720668821568416,0.1201970601601191,-0.6224752316151887,-0.9274745739175644,-0.4408825953239561
20.0,288.0,1000.9117431640624,0.8244933528940794,0.1717593457825232,-2.3768181930365144,-0.0231454770857481,0.5188550711906492,-0.5720672604750109,0.1201970601601191,-0.6224753178625174,-0.9274745739175644,-0.4408825936849929
20.0,288.0,1000.9117431640624,0.8244933528940794,0.1717593457825232,-2.3768181930330443,-0.0231454770857481,0.5188550651931706,-0.5720667732637419,0.1201970601601191,-0.622475272910274,-0.9274745739175644,-0.4408825936849929
20.0,288.0,1000.9117431640624,0.8244933528940794,0.1717593457825232,-2.3768181941150544,-0.0231454773992818,0.5188550651931219,-0.5720666777343916,0.1201970601601191,-0.6224752309708436,-0.9274745739175644,-0.4408825936926533
20.0,288.0,1000.9117431640624,0.8244933528940794,0.1717593457825232,-2.3768181931663954,-0.023145477403551,0.5188550648319772,-0.5720668802080859,0.1201970601601191,-0.6224752725247844,-0.9274745739175644,-0.4408825953165452
20.0,288.0,1000.9117431640624,0.8244933528940794,0.1717593457825232,-2.3768181941150544,-0.0231454774648869,0.5188550651931219,-0.5720667732637419,0.1201970601601191,-0.62247527367142,-0.9274745739175644,-0.4408825936849929
20.0,288.0,1000.9117431640624,0.8244933528940794,0.1717593457825232,-2.3768181930365144,-0.0231454770857481,0.5188550710834117,-0.5720672604750109,0.1201970601601191,-0.6224753178625174,-0.9274745739175644,-0.4408825952650294
20.0,288.0,1000.9117431640624,0.8244933528940794,0.1717593457825232,-2.376818193174054,-0.0231454773997846,0.518855071084819,-0.5720667884226813,0.1201970601601191,-0.6224752733369904,-0.9274745739175644,-0.4408825953067559
20.0,288.0,1000.9117431640624,0.8244933528940794,0.1717593457825232,-2.3768181941663715,-0.0231454774455438,0.5188550651931219,-0.5720667732637419,0.1201970601601191,-0.6224752733765531,-0.9274745739175644,-0.4408825936849929
20.0,288.0,1000.9117431640624,0.8244933528940794,0.1717593457825232,-2.3768181941436484,-0.0231454774034308,0.5188550651931219,-0.5720666777343916,0.1201970601601191,-0.6224752774898771,-0.9274745739175644,-0.4408825952777507
20.0,288.0,1000.9117431640624,0.8244933528940794,0.1717593457825232,-2.376818193184309,-0.0231454773931309,0.5188550651931219,-0.5720667824701373,0.1201970601601191,-0.6224752733765531,-0.9274745739175644,-0.4408825953297738
20.0,288.0,1000.9117431640624,0.8244933528940794,0.1717593457825232,-2.376818193180109,-0.0231454773736406,0.5188550651931219,-0.5720672604750109,0.1201970601601191,-0.6224753141541323,-0.9274745739175644,-0.440882595316317
20.0,288.0,1000.9117431640624,0.8244933528940794,0.1717593457825232,-2.376818193173158,-0.0231454774044981,0.5188550651002086,-0.5720668802080859,0.1201970601601191,-0.6224752716704617,-0.9274745739175644,-0.4408825953165495
20.0,288.0,1000.9117431640624,0.8244933528940794,0.1717593457825232,-2.3768181931737407,-0.023145477382836,0.518855071084819,-0.5720668821568416,0.1201970601601191,-0.6224752316151887,-0.9274745739175644,-0.4408825953239561
20.0,288.0,1000.9117431640624,0.8244933528940794,0.1717593457825232,-2.3768181930330443,-0.0231454770857481,0.5188550651931706,-0.5720667773065742,0.1201970601601191,-0.622475272910274,-0.9274745739175644,-0.4408825936849929
20.0,288.0,1000.9117431640624,0.8244933528940794,0.1717593457825232,-2.376818192981727,-0.0231454771154451,0.5188550651931219,-0.5720667732637419,0.1201970601601191,-0.6224752298904277,-0.9274745739175644,-0.4408825936849929
20.0,288.0,1000.9117431640624,0.8244933528940794,0.1717593457825232,-2.3768181930330443,-0.0231454770732129,0.518855071281838,-0.5720667732637419,0.1201970601601191,-0.6224752733765531,-0.9274745739175644,-0.4408825936849929
20.0,288.0,1000.9117431640624,0.8244933528940794,0.1717593457825232,-2.3768181930330403,-0.0231454773896187,0.518855065148392,-0.5720667732637419,0.1201970601601191,-0.6224752733503144,-0.9274745739175644,-0.4408825936828173
20.0,288.0,1000.9117431640624,0.8244933528940794,0.1717593457825232,-2.3768181930330443,-0.0231454770965356,0.5188550652046314,-0.5720667732637419,0.1201970601601191,-0.6224752733765531,-0.9274745739175644,-0.4408825936849929
20.0,288.0,1000.9117431640624,0.8244933528940794,0.1717593457825232,-2.376818193180109,-0.0231454773736406,0.5188550651491666,-0.5720672704221966,0.1201970601601191,-0.622475315082915,-0.9274745739175644,-0.4408825953290695
20.0,288.0,1000.9117431640624,0.8244933528940794,0.1717593457825232,-2.376818193174054,-0.0231454773997846,0.518855071084819,-0.5720667884226813,0.1201970601601191,-0.6224752733369904,-0.9274745739175644,-0.4408825952690988
20.0,288.0,1000.9117431640624,0.8244933528940794,0.1717593457825232,-2.376818194135896,-0.0231454774461311,0.5188550651002086,-0.5720668802080859,0.1201970601601191,-0.6224752716704617,-0.9274745739175644,-0.4408825953165452
20.0,288.0,1000.9117431640624,0.8244933528940794,0.1717593457825232,-2.376818193030196,-0.0231454770943142,0.5188550650933247,-0.5720668819853819,0.1201970601601191,-0.622475272910274,-0.9274745739175644,-0.4408825937686482
20.0,288.0,1000.9117431640624,0.8244933528940794,0.1717593457825232,-2.3768181930330443,-0.0231454770964625,0.5188550652790843,-0.5720667732637419,0.1201970601601191,-0.6224752733765531,-0.9274745739175644,-0.4408825936849929
20.0,288.0,1000.9117431640624,0.8244933528940794,0.1717593457825232,-2.3768181931941936,-0.0231454773931309,0.5188550651931219,-0.5720672726702847,0.1201970601601191,-0.6224752733765531,-0.9274745739175644,-0.4408825952801909
20.0,288.0,1000.9117431640624,0.8244933528940794,0.1717593457825232,-2.376818194166213,-0.0231454774445569,0.5188550651030872,-0.5720667494303836,0.1201970601601191,-0.6224752733765531,-0.9274745739175644,-0.4408825936849929
20.0,288.0,1000.9117431640624,0.8244933528940794,0.1717593457825232,-2.3768181930330443,-0.0231454770851374,0.518855071281838,-0.5720667732637419,0.1201970601601191,-0.6224752728865274,-0.9274745739175644,-0.4408825936849929
20.0,288.0,1000.9117431640624,0.8244933528940794,0.1717593457825232,-2.3768181932036185,-0.023145477403166,0.5188550651931219,-0.5720667732637419,0.1201970601601191,-0.6224752733765531,-0.9274745739175644,-0.4408825936849929
20.0,288.0,1000.9117431640624,0.8244933528940794,0.1717593457825232,-2.3768181931737407,-0.023145477382836,0.5188550709705486,-0.5720668821568416,0.1201970601601191,-0.6224752316151887,-0.9274745739175644,-0.4408825953239561
20.0,288.0,1000.9117431640624,0.8244933528940794,0.1717593457825232,-2.3768181930330443,-0.023145477073286,0.5188550711958756,-0.5720667732637419,0.1201970601601191,-0.6224752733765531,-0.9274745739175644,-0.4408825936849929
20.0,288.0,1000.9117431640624,0.8244933528940794,0.1717593457825232,-2.3768181930330443,-0.0231454770857481,0.5188550651931706,-0.5720667773065742,0.1201970601601191,-0.622475272910274,-0.9274745739175644,-0.4408825936849929
20.0,288.0,1000.9117431640624,0.8244933528940794,0.1717593457825232,-2.376818193166649,-0.0231454773997846,0.518855071084819,-0.5720667884226813,0.1201970601601191,-0.6224752733329909,-0.9274745739175644,-0.4408825953067559
20.0,288.0,1000.9117431640624,0.8244933528940794,0.1717593457825232,-2.37681819302316,-0.0231454770857481,0.5188550651931219,-0.5720667702748634,0.1201970601601191,-0.6224753178635348,-0.9274745739175644,-0.4408825937345758
20.0,288.0,1000.9117431640624,0.8244933528940794,0.1717593457825232,-2.3768181931780608,-0.0231454773935071,0.5188550651931219,-0.5720672726702847,0.1201970601601191,-0.6224752733765531,-0.9274745739175644,-0.4408825953012098
20.0,288.0,1000.9117431640624,0.8244933528940794,0.1717593457825232,-2.3768181931737407,-0.023145477382836,0.518855071084819,-0.5720668821568416,0.1201970601601191,-0.6224752284979819,-0.9274745739175644,-0.4408825953240401
20.0,288.0,1000.9117431640624,0.8244933528940794,0.1717593457825232,-2.376818193173143,-0.0231454774037533,0.5188550650965886,-0.5720668802080859,0.1201970601601191,-0.6224752716704617,-0.9274745739175644,-0.4408825953892718
20.0,288.0,1000.9117431640624,0.8244933528940794,0.1717593457825232,-2.376818193177757,-0.0231454773782626,0.518855071084819,-0.5720668821568416,0.1201970601601191,-0.6224752316151887,-0.9274745739175644,-0.4408825953239561
20.0,288.0,1000.9117431640624,0.8244933528940794,0.1717593457825232,-2.376818194166213,-0.0231454774008272,0.5188550651030872,-0.5720667157890396,0.1201970601601191,-0.6224752733765531,-0.9274745739175644,-0.4408825936849929
20.0,289.0,1000.8731079101562,0.8244933528940794,0.1717593457825232,-2.3768181930330443,-0.0231454773729749,0.5188550651931219,-0.5720667732637419,0.1191645184615356,-0.6224753142774856,-0.9274745739175644,-0.4408825936849929
20.0,289.0,1000.9116821289062,0.8244933528940794,0.1717593457825232,-2.3768181932431807,-0.0231454774461964,0.5188550651017344,-0.5720672704221966,0.1201970601601191,-0.6224753150159666,-0.9274745739175644,-0.4408825953290695
20.0,289.0,1000.9117431640624,0.8244933528940794,0.1717593457825232,-2.3768181930330443,-0.0231454770857481,0.5188550651931219,-0.5720667732637419,0.1201970601601191,-0.6224752733765531,-0.9274745739175644,-0.4408825936849929
20.0,289.0,1000.9117431640624,0.8244933528940794,0.1717593457825232,-2.3768181941150544,-0.0231454774644533,0.5188550651931219,-0.5720667732637419,0.1201970601601191,-0.6224752298904277,-0.9274745739175644,-0.4408825936849929
20.0,289.0,1000.9117431640624,0.8244933528940794,0.1717593457825232,-2.3768181930330443,-0.0231454770965356,0.5188550651931219,-0.5720667732637419,0.1201970601601191,-0.6224752733765531,-0.9274745739175644,-0.4408825936849929
20.0,289.0,1000.9117431640624,0.8244933528940794,0.1717593457825232,-2.3768181930384125,-0.0231454773982,0.518855064828617,-0.5720666753493054,0.1201970601601191,-0.6224752725050027,-0.9274745739175644,-0.4408825949657986
20.0,289.0,1000.9117431640624,0.8244933528940794,0.1717593457825232,-2.3768181930330443,-0.0231454770857481,0.5188550651931219,-0.5720672604750109,0.1201970601601191,-0.6224753178635348,-0.9274745739175644,-0.4408825936849929
20.0,289.0,1000.9117431640624,0.8244933528940794,0.1717593457825232,-2.3768181930330443,-0.0231454770965356,0.5188550651931219,-0.5720667732637419,0.1201970601601191,-0.6224752733765531,-0.9274745739175644,-0.4408825936849929
20.0,289.0,1000.9117431640624,0.8244933528940794,0.1717593457825232,-2.3768181931737407,-0.023145477382836,0.518855071084819,-0.5720668821568416,0.1201970601601191,-0.6224752316151887,-0.9274745739175644,-0.4408825953239561
20.0,289.0,1000.9117431640624,0.8244933528940794,0.1717593457825232,-2.376818193173143,-0.0231454774037533,0.5188550651002086,-0.5720668802080859,0.1201970601601191,-0.6224752716704617,-0.9274745739175644,-0.4408825953165452
20.0,289.0,1000.9117431640624,0.8244933528940794,0.1717593457825232,-2.3768181930384125,-0.0231454773982,0.518855064828617,-0.5720666753493054,0.1201970601601191,-0.6224752725040891,-0.9274745739175644,-0.4408825949657986
20.0,289.0,1000.9117431640624,0.8244933528940794,0.1717593457825232,-2.3768181930330443,-0.0231454773898519,0.518855065148392,-0.5720667732637419,0.1201970601601191,-0.6224752733765531,-0.9274745739175644,-0.4408825936849929
20.0,289.0,1000.9117431640624,0.8244933528940794,0.1717593457825232,-2.3768181930330443,-0.0231454770858672,0.5188550651931219,-0.5720667732637419,0.1201970601601191,-0.6224752733765531,-0.9274745739175644,-0.440882593690393
20.0,289.0,1000.9117431640624,0.8244933528940794,0.1717593457825232,-2.376818193180109,-0.0231454773736406,0.5188550651931219,-0.5720672604750109,0.1201970601601191,-0.6224753178635348,-0.9274745739175644,-0.440882595316317
20.0,289.0,1000.9117431640624,0.8244933528940794,0.1717593457825232,-2.3768181931737407,-0.023145477382836,0.518855071084819,-0.5720668821568416,0.1201970601601191,-0.6224752316151887,-0.9274745739175644,-0.4408825953239561
20.0,289.0,1000.9117431640624,0.8244933528940794,0.1717593457825232,-2.3768181930365144,-0.0231454770857481,0.5188550711906492,-0.5720672604750109,0.1201970601601191,-0.6224753178625174,-0.9274745739175644,-0.4408825936849929
20.0,289.0,1000.9117431640624,0.8244933528940794,0.1717593457825232,-2.3768181930330443,-0.0231454770857481,0.5188550651931706,-0.5720667732637419,0.1201970601601191,-0.622475272910274,-0.9274745739175644,-0.4408825936849929
20.0,289.0,1000.9117431640624,0.8244933528940794,0.1717593457825232,-2.3768181941150544,-0.0231454773992818,0.5188550651931219,-0.5720666777343916,0.1201970601601191,-0.6224752309708436,-0.9274745739175644,-0.4408825936926533
20.0,289.0,1000.9117431640624,0.8244933528940794,0.1717593457825232,-2.3768181931663954,-0.023145477403551,0.5188550648319772,-0.5720668802080859,0.1201970601601191,-0.6224752725247844,-0.9274745739175644,-0.4408825953165452
20.0,289.0,1000.9117431640624,0.8244933528940794,0.1717593457825232,-2.3768181941150544,-0.0231454774648869,0.5188550651931219,-0.5720667732637419,0.1201970601601191,-0.62247527367142,-0.9274745739175644,-0.4408825936849929
20.0,289.0,1000.9117431640624,0.8244933528940794,0.1717593457825232,-2.3768181930365144,-0.0231454770857481,0.5188550710834117,-0.5720672604750109,0.1201970601601191,-0.6224753178625174,-0.9274745739175644,-0.4408825952650294
20.0,289.0,1000.9117431640624,0.8244933528940794,0.1717593457825232,-2.376818193174054,-0.0231454773997846,0.518855071084819,-0.5720667884226813,0.1201970601601191,-0.6224752733369904,-0.9274745739175644,-0.4408825953067559
20.0,289.0,1000.9117431640624,0.8244933528940794,0.1717593457825232,-2.3768181941663715,-0.0231454774455438,0.5188550651931219,-0.5720667732637419,0.1201970601601191,-0.6224752733765531,-0.9274745739175644,-0.4408825936849929
20.0,289.0,1000.9117431640624,0.8244933528940794,0.1717593457825232,-2.3768181941436484,-0.0231454774034308,0.5188550651931219,-0.5720666777343916,0.1201970601601191,-0.6224752774898771,-0.9274745739175644,-0.4408825952777507
20.0,289.0,1000.9117431640624,0.8244933528940794,0.1717593457825232,-2.376818193184309,-0.0231454773931309,0.5188550651931219,-0.5720667824701373,0.1201970601601191,-0.6224752733765531,-0.9274745739175644,-0.4408825953297738
20.0,289.0,1000.9117431640624,0.8244933528940794,0.1717593457825232,-2.376818193180109,-0.0231454773736406,0.5188550651931219,-0.5720672604750109,0.1201970601601191,-0.6224753141541323,-0.9274745739175644,-0.440882595316317
20.0,289.0,1000.9117431640624,0.8244933528940794,0.1717593457825232,-2.376818193173158,-0.0231454774044981,0.5188550651002086,-0.5720668802080859,0.1201970601601191,-0.6224752716704617,-0.9274745739175644,-0.4408825953165495
20.0,289.0,1000.9117431640624,0.8244933528940794,0.1717593457825232,-2.3768181931737407,-0.023145477382836,0.518855071084819,-0.5720668821568416,0.1201970601601191,-0.6224752316151887,-0.9274745739175644,-0.4408825953239561
20.0,289.0,1000.9117431640624,0.8244933528940794,0.1717593457825232,-2.3768181930330443,-0.0231454770857481,0.5188550651931706,-0.5720667773065742,0.1201970601601191,-0.622475272910274,-0.9274745739175644,-0.4408825936849929
20.0,289.0,1000.9117431640624,0.8244933528940794,0.1717593457825232,-2.376818192981727,-0.0231454771154451,0.5188550651931219,-0.5720667732637419,0.1201970601601191,-0.6224752298904277,-0.9274745739175644,-0.4408825936849929
20.0,289.0,1000.9117431640624,0.8244933528940794,0.1717593457825232,-2.3768181930330443,-0.0231454770732129,0.518855071281838,-0.5720667732637419,0.1201970601601191,-0.6224752733765531,-0.9274745739175644,-0.4408825936849929
20.0,289.0,1000.9117431640624,0.8244933528940794,0.1717593457825232,-2.3768181930330403,-0.0231454773896187,0.518855065148392,-0.5720667732637419,0.1201970601601191,-0.6224752733503144,-0.9274745739175644,-0.4408825936828173
20.0,289.0,1000.9117431640624,0.8244933528940794,0.1717593457825232,-2.3768181930330443,-0.0231454770965356,0.5188550652046314,-0.5720667732637419,0.1201970601601191,-0.6224752733765531,-0.9274745739175644,-0.4408825936849929
20.0,289.0,1000.9117431640624,0.8244933528940794,0.1717593457825232,-2.376818193180109,-0.0231454773736406,0.5188550651491666,-0.5720672704221966,0.1201970601601191,-0.622475315082915,-0.9274745739175644,-0.4408825953290695
20.0,289.0,1000.9117431640624,0.8244933528940794,0.1717593457825232,-2.376818193174054,-0.0231454773997846,0.518855071084819,-0.5720667884226813,0.1201970601601191,-0.6224752733369904,-0.9274745739175644,-0.4408825952690988
20.0,289.0,1000.9117431640624,0.8244933528940794,0.1717593457825232,-2.376818194135896,-0.0231454774461311,0.5188550651002086,-0.5720668802080859,0.1201970601601191,-0.6224752716704617,-0.9274745739175644,-0.4408825953165452
20.0,289.0,1000.9117431640624,0.8244933528940794,0.1717593457825232,-2.376818193030196,-0.0231454770943142,0.5188550650933247,-0.5720668819853819,0.1201970601601191,-0.622475272910274,-0.9274745739175644,-0.4408825937686482
20.0,289.0,1000.9117431640624,0.8244933528940794,0.1717593457825232,-2.3768181930330443,-0.0231454770964625,0.5188550652790843,-0.5720667732637419,0.1201970601601191,-0.6224752733765531,-0.9274745739175644,-0.4408825936849929
20.0,289.0,1000.9117431640624,0.8244933528940794,0.1717593457825232,-2.3768181931941936,-0.0231454773931309,0.5188550651931219,-0.5720672726702847,0.1201970601601191,-0.6224752733765531,-0.9274745739175644,-0.4408825952801909
20.0,289.0,1000.9117431640624,0.8244933528940794,0.1717593457825232,-2.376818194166213,-0.0231454774445569,0.5188550651030872,-0.5720667494303836,0.1201970601601191,-0.6224752733765531,-0.9274745739175644,-0.4408825936849929
20.0,289.0,1000.9117431640624,0.8244933528940794,0.1717593457825232,-2.3768181930330443,-0.0231454770851374,0.518855071281838,-0.5720667732637419,0.1201970601601191,-0.6224752728865274,-0.9274745739175644,-0.4408825936849929
20.0,289.0,1000.9117431640624,0.8244933528940794,0.1717593457825232,-2.3768181932036185,-0.023145477403166,0.5188550651931219,-0.5720667732637419,0.1201970601601191,-0.6224752733765531,-0.9274745739175644,-0.4408825936849929
20.0,289.0,1000.9117431640624,0.8244933528940794,0.1717593457825232,-2.3768181931737407,-0.023145477382836,0.5188550709705486,-0.5720668821568416,0.1201970601601191,-0.6224752316151887,-0.9274745739175644,-0.4408825953239561
20.0,289.0,1000.9117431640624,0.8244933528940794,0.1717593457825232,-2.3768181930330443,-0.023145477073286,0.5188550711958756,-0.5720667732637419,0.1201970601601191,-0.6224752733765531,-0.9274745739175644,-0.4408825936849929
20.0,289.0,1000.9117431640624,0.8244933528940794,0.1717593457825232,-2.3768181930330443,-0.0231454770857481,0.5188550651931706,-0.5720667773065742,0.1201970601601191,-0.622475272910274,-0.9274745739175644,-0.4408825936849929
20.0,289.0,1000.9117431640624,0.8244933528940794,0.1717593457825232,-2.376818193166649,-0.0231454773997846,0.518855071084819,-0.5720667884226813,0.1201970601601191,-0.6224752733329909,-0.9274745739175644,-0.4408825953067559
20.0,289.0,1000.9117431640624,0.8244933528940794,0.1717593457825232,-2.37681819302316,-0.0231454770857481,0.5188550651931219,-0.5720667702748634,0.1201970601601191,-0.6224753178635348,-0.9274745739175644,-0.4408825937345758
20.0,289.0,1000.9117431640624,0.8244933528940794,0.1717593457825232,-2.3768181931780608,-0.0231454773935071,0.5188550651931219,-0.5720672726702847,0.1201970601601191,-0.6224752733765531,-0.9274745739175644,-0.4408825953012098
20.0,289.0,1000.9117431640624,0.8244933528940794,0.1717593457825232,-2.3768181931737407,-0.023145477382836,0.518855071084819,-0.5720668821568416,0.1201970601601191,-0.6224752284979819,-0.9274745739175644,-0.4408825953240401
20.0,289.0,1000.9117431640624,0.8244933528940794,0.1717593457825232,-2.376818193173143,-0.0231454774037533,0.5188550650965886,-0.5720668802080859,0.1201970601601191,-0.6224752716704617,-0.9274745739175644,-0.4408825953892718
20.0,290.0,1000.8731079101562,0.8244933528940794,0.1717593457825232,-2.3768181930330443,-0.0231454773729749,0.5188550651931219,-0.5720667732637419,0.1191645184615356,-0.6224753142774856,-0.9274745739175644,-0.4408825936849929
20.0,290.0,1000.9114379882812,0.8244933528940794,0.1717593457825232,-2.3768181931941936,-0.0231454773931309,0.5188550651931219,-0.5720667698115178,0.1201932743977665,-0.622475275498621,-0.9274745739175644,-0.4408825937444647
20.0,290.0,1000.9116821289062,0.8244933528940794,0.1717593457825232,-2.3768181932431807,-0.0231454774461964,0.5188550651017344,-0.5720672704221966,0.1201970601601191,-0.6224753150159666,-0.9274745739175644,-0.4408825953290695
20.0,290.0,1000.9116821289062,0.8244933528940794,0.1717593457825232,-2.3768181932431807,-0.0231454774461964,0.5188550651017344,-0.5720672704221966,0.1201970601601191,-0.6224753150159666,-0.9274745739175644,-0.4408825953290695
20.0,290.0,1000.9117431640624,0.8244933528940794,0.1717593457825232,-2.3768181930330443,-0.0231454770857481,0.5188550651931219,-0.5720667732637419,0.1201970601601191,-0.6224752733765531,-0.9274745739175644,-0.4408825936849929
20.0,290.0,1000.9117431640624,0.8244933528940794,0.1717593457825232,-2.3768181941150544,-0.0231454774644533,0.5188550651931219,-0.5720667732637419,0.1201970601601191,-0.6224752298904277,-0.9274745739175644,-0.4408825936849929
20.0,290.0,1000.9117431640624,0.8244933528940794,0.1717593457825232,-2.3768181930330443,-0.0231454770965356,0.5188550651931219,-0.5720667732637419,0.1201970601601191,-0.6224752733765531,-0.9274745739175644,-0.4408825936849929
20.0,290.0,1000.9117431640624,0.8244933528940794,0.1717593457825232,-2.3768181930384125,-0.0231454773982,0.518855064828617,-0.5720666753493054,0.1201970601601191,-0.6224752725050027,-0.9274745739175644,-0.4408825949657986
20.0,290.0,1000.9117431640624,0.8244933528940794,0.1717593457825232,-2.3768181930330443,-0.0231454770857481,0.5188550651931219,-0.5720672604750109,0.1201970601601191,-0.6224753178635348,-0.9274745739175644,-0.4408825936849929
20.0,290.0,1000.9117431640624,0.8244933528940794,0.1717593457825232,-2.3768181930330443,-0.0231454770965356,0.5188550651931219,-0.5720667732637419,0.1201970601601191,-0.6224752733765531,-0.9274745739175644,-0.4408825936849929
20.0,290.0,1000.9117431640624,0.8244933528940794,0.1717593457825232,-2.3768181931737407,-0.023145477382836,0.518855071084819,-0.5720668821568416,0.1201970601601191,-0.6224752316151887,-0.9274745739175644,-0.4408825953239561
20.0,290.0,1000.9117431640624,0.8244933528940794,0.1717593457825232,-2.376818193173143,-0.0231454774037533,0.5188550651002086,-0.5720668802080859,0.1201970601601191,-0.6224752716704617,-0.9274745739175644,-0.4408825953165452
20.0,290.0,1000.9117431640624,0.8244933528940794,0.1717593457825232,-2.3768181930384125,-0.0231454773982,0.518855064828617,-0.5720666753493054,0.1201970601601191,-0.6224752725040891,-0.9274745739175644,-0.4408825949657986
20.0,290.0,1000.9117431640624,0.8244933528940794,0.1717593457825232,-2.3768181930330443,-0.0231454773898519,0.518855065148392,-0.5720667732637419,0.1201970601601191,-0.6224752733765531,-0.9274745739175644,-0.4408825936849929
20.0,290.0,1000.9117431640624,0.8244933528940794,0.1717593457825232,-2.3768181930330443,-0.0231454770858672,0.5188550651931219,-0.5720667732637419,0.1201970601601191,-0.6224752733765531,-0.9274745739175644,-0.440882593690393
20.0,290.0,1000.9117431640624,0.8244933528940794,0.1717593457825232,-2.376818193180109,-0.0231454773736406,0.5188550651931219,-0.5720672604750109,0.1201970601601191,-0.6224753178635348,-0.9274745739175644,-0.440882595316317
20.0,290.0,1000.9117431640624,0.8244933528940794,0.1717593457825232,-2.3768181931737407,-0.023145477382836,0.518855071084819,-0.5720668821568416,0.1201970601601191,-0.6224752316151887,-0.9274745739175644,-0.4408825953239561
20.0,290.0,1000.9117431640624,0.8244933528940794,0.1717593457825232,-2.3768181930365144,-0.0231454770857481,0.5188550711906492,-0.5720672604750109,0.1201970601601191,-0.6224753178625174,-0.9274745739175644,-0.4408825936849929
20.0,290.0,1000.9117431640624,0.8244933528940794,0.1717593457825232,-2.3768181930330443,-0.0231454770857481,0.5188550651931706,-0.5720667732637419,0.1201970601601191,-0.622475272910274,-0.9274745739175644,-0.4408825936849929
20.0,290.0,1000.9117431640624,0.8244933528940794,0.1717593457825232,-2.3768181941150544,-0.0231454773992818,0.5188550651931219,-0.5720666777343916,0.1201970601601191,-0.6224752309708436,-0.9274745739175644,-0.4408825936926533
20.0,290.0,1000.9117431640624,0.8244933528940794,0.1717593457825232,-2.3768181931663954,-0.023145477403551,0.5188550648319772,-0.5720668802080859,0.1201970601601191,-0.6224752725247844,-0.9274745739175644,-0.4408825953165452
20.0,290.0,1000.9117431640624,0.8244933528940794,0.1717593457825232,-2.3768181941150544,-0.0231454774648869,0.5188550651931219,-0.5720667732637419,0.1201970601601191,-0.62247527367142,-0.9274745739175644,-0.4408825936849929
20.0,290.0,1000.9117431640624,0.8244933528940794,0.1717593457825232,-2.3768181930365144,-0.0231454770857481,0.5188550710834117,-0.5720672604750109,0.1201970601601191,-0.6224753178625174,-0.9274745739175644,-0.4408825952650294
20.0,290.0,1000.9117431640624,0.8244933528940794,0.1717593457825232,-2.376818193174054,-0.0231454773997846,0.518855071084819,-0.5720667884226813,0.1201970601601191,-0.6224752733369904,-0.9274745739175644,-0.4408825953067559
20.0,290.0,1000.9117431640624,0.8244933528940794,0.1717593457825232,-2.3768181941663715,-0.0231454774455438,0.5188550651931219,-0.5720667732637419,0.1201970601601191,-0.6224752733765531,-0.9274745739175644,-0.4408825936849929
20.0,290.0,1000.9117431640624,0.8244933528940794,0.1717593457825232,-2.3768181941436484,-0.0231454774034308,0.5188550651931219,-0.5720666777343916,0.1201970601601191,-0.6224752774898771,-0.9274745739175644,-0.4408825952777507
20.0,290.0,1000.9117431640624,0.8244933528940794,0.1717593457825232,-2.376818193184309,-0.0231454773931309,0.5188550651931219,-0.5720667824701373,0.1201970601601191,-0.6224752733765531,-0.9274745739175644,-0.4408825953297738
20.0,290.0,1000.9117431640624,0.8244933528940794,0.1717593457825232,-2.376818193180109,-0.0231454773736406,0.5188550651931219,-0.5720672604750109,0.1201970601601191,-0.6224753141541323,-0.9274745739175644,-0.440882595316317
20.0,290.0,1000.9117431640624,0.8244933528940794,0.1717593457825232,-2.376818193173158,-0.0231454774044981,0.5188550651002086,-0.5720668802080859,0.1201970601601191,-0.6224752716704617,-0.9274745739175644,-0.4408825953165495
20.0,290.0,1000.9117431640624,0.8244933528940794,0.1717593457825232,-2.3768181931737407,-0.023145477382836,0.518855071084819,-0.5720668821568416,0.1201970601601191,-0.6224752316151887,-0.9274745739175644,-0.4408825953239561
20.0,290.0,1000.9117431640624,0.8244933528940794,0.1717593457825232,-2.3768181930330443,-0.0231454770857481,0.5188550651931706,-0.5720667773065742,0.1201970601601191,-0.622475272910274,-0.9274745739175644,-0.4408825936849929
20.0,290.0,1000.9117431640624,0.8244933528940794,0.1717593457825232,-2.376818192981727,-0.0231454771154451,0.5188550651931219,-0.5720667732637419,0.1201970601601191,-0.6224752298904277,-0.9274745739175644,-0.4408825936849929
20.0,290.0,1000.9117431640624,0.8244933528940794,0.1717593457825232,-2.3768181930330443,-0.0231454770732129,0.518855071281838,-0.5720667732637419,0.1201970601601191,-0.6224752733765531,-0.9274745739175644,-0.4408825936849929
20.0,290.0,1000.9117431640624,0.8244933528940794,0.1717593457825232,-2.3768181930330403,-0.0231454773896187,0.518855065148392,-0.5720667732637419,0.1201970601601191,-0.6224752733503144,-0.9274745739175644,-0.4408825936828173
20.0,290.0,1000.9117431640624,0.8244933528940794,0.1717593457825232,-2.3768181930330443,-0.0231454770965356,0.5188550652046314,-0.5720667732637419,0.1201970601601191,-0.6224752733765531,-0.9274745739175644,-0.4408825936849929
20.0,290.0,1000.9117431640624,0.8244933528940794,0.1717593457825232,-2.376818193180109,-0.0231454773736406,0.5188550651491666,-0.5720672704221966,0.1201970601601191,-0.622475315082915,-0.9274745739175644,-0.4408825953290695
20.0,290.0,1000.9117431640624,0.8244933528940794,0.1717593457825232,-2.376818193174054,-0.0231454773997846,0.518855071084819,-0.5720667884226813,0.1201970601601191,-0.6224752733369904,-0.9274745739175644,-0.4408825952690988
20.0,290.0,1000.9117431640624,0.8244933528940794,0.1717593457825232,-2.376818194135896,-0.0231454774461311,0.5188550651002086,-0.5720668802080859,0.1201970601601191,-0.6224752716704617,-0.9274745739175644,-0.4408825953165452
20.0,290.0,1000.9117431640624,0.8244933528940794,0.1717593457825232,-2.376818193030196,-0.0231454770943142,0.5188550650933247,-0.5720668819853819,0.1201970601601191,-0.622475272910274,-0.9274745739175644,-0.4408825937686482
20.0,290.0,1000.9117431640624,0.8244933528940794,0.1717593457825232,-2.3768181930330443,-0.0231454770964625,0.5188550652790843,-0.5720667732637419,0.1201970601601191,-0.6224752733765531,-0.9274745739175644,-0.4408825936849929
20.0,290.0,1000.9117431640624,0.8244933528940794,0.1717593457825232,-2.3768181931941936,-0.0231454773931309,0.5188550651931219,-0.5720672726702847,0.1201970601601191,-0.6224752733765531,-0.9274745739175644,-0.4408825952801909
20.0,290.0,1000.9117431640624,0.8244933528940794,0.1717593457825232,-2.376818194166213,-0.0231454774445569,0.5188550651030872,-0.5720667494303836,0.1201970601601191,-0.6224752733765531,-0.9274745739175644,-0.4408825936849929
20.0,290.0,1000.9117431640624,0.8244933528940794,0.1717593457825232,-2.3768181930330443,-0.0231454770851374,0.518855071281838,-0.5720667732637419,0.1201970601601191,-0.6224752728865274,-0.9274745739175644,-0.4408825936849929
20.0,290.0,1000.9117431640624,0.8244933528940794,0.1717593457825232,-2.3768181932036185,-0.023145477403166,0.5188550651931219,-0.5720667732637419,0.1201970601601191,-0.6224752733765531,-0.9274745739175644,-0.4408825936849929
20.0,290.0,1000.9117431640624,0.8244933528940794,0.1717593457825232,-2.3768181931737407,-0.023145477382836,0.5188550709705486,-0.5720668821568416,0.1201970601601191,-0.6224752316151887,-0.9274745739175644,-0.4408825953239561
20.0,290.0,1000.9117431640624,0.8244933528940794,0.1717593457825232,-2.3768181930330443,-0.023145477073286,0.5188550711958756,-0.5720667732637419,0.1201970601601191,-0.6224752733765531,-0.9274745739175644,-0.4408825936849929
20.0,290.0,1000.9117431640624,0.8244933528940794,0.1717593457825232,-2.3768181930330443,-0.0231454770857481,0.5188550651931706,-0.5720667773065742,0.1201970601601191,-0.622475272910274,-0.9274745739175644,-0.4408825936849929
20.0,290.0,1000.9117431640624,0.8244933528940794,0.1717593457825232,-2.376818193166649,-0.0231454773997846,0.518855071084819,-0.5720667884226813,0.1201970601601191,-0.6224752733329909,-0.9274745739175644,-0.4408825953067559
20.0,290.0,1000.9117431640624,0.8244933528940794,0.1717593457825232,-2.37681819302316,-0.0231454770857481,0.5188550651931219,-0.5720667702748634,0.1201970601601191,-0.6224753178635348,-0.9274745739175644,-0.4408825937345758
20.0,290.0,1000.9117431640624,0.8244933528940794,0.1717593457825232,-2.3768181931780608,-0.0231454773935071,0.5188550651931219,-0.5720672726702847,0.1201970601601191,-0.6224752733765531,-0.9274745739175644,-0.4408825953012098
20.0,291.0,1000.8731079101562,0.8244933528940794,0.1717593457825232,-2.3768181930330443,-0.0231454773729749,0.5188550651931219,-0.5720667732637419,0.1191645184615356,-0.6224753142774856,-0.9274745739175644,-0.4408825936849929
20.0,291.0,1000.8731079101562,0.8244933528940794,0.1717593457825232,-2.376818193034231,-0.0231454773729749,0.5188550651931219,-0.5720667732637419,0.1191645184615356,-0.6224752704848175,-0.9274745739175644,-0.4408825936849929
20.0,291.0,1000.9114379882812,0.8244933528940794,0.1717593457825232,-2.3768181931941936,-0.0231454773931309,0.5188550651931219,-0.5720667698115178,0.1201932743977665,-0.622475275498621,-0.9274745739175644,-0.4408825937444647
20.0,291.0,1000.9114379882812,0.8244933528940794,0.1717593457825232,-2.3768181931941936,-0.0231454770817865,0.518855065113579,-0.5720667698115178,0.1201932743977665,-0.622475275498621,-0.9274745739175644,-0.4408825936864016
20.0,291.0,1000.9114379882812,0.8244933528940794,0.1717593457825232,-2.3768181930441084,-0.0231454773931309,0.5188550651931219,-0.5720667698115178,0.1201932743977665,-0.622475275498621,-0.9274745739175644,-0.4408825936831739
20.0,291.0,1000.9116821289062,0.8244933528940794,0.1717593457825232,-2.3768181932431807,-0.0231454774461964,0.5188550651017344,-0.5720672704221966,0.1201970601601191,-0.6224753150159666,-0.9274745739175644,-0.4408825953290695
20.0,291.0,1000.9116821289062,0.8244933528940794,0.1717593457825232,-2.3768181932431807,-0.0231454774461964,0.5188550651017344,-0.5720672704221966,0.1201970601601191,-0.6224753150159666,-0.9274745739175644,-0.4408825953290695
20.0,291.0,1000.9116821289062,0.8244933528940794,0.1717593457825232,-2.3768181932431807,-0.0231454774461964,0.5188550651017344,-0.5720672704221966,0.1201970601601191,-0.6224753150159666,-0.9274745739175644,-0.4408825953290695
20.0,291.0,1000.9117431640624,0.8244933528940794,0.1717593457825232,-2.3768181930330443,-0.0231454770857481,0.5188550651931219,-0.5720667732637419,0.1201970601601191,-0.6224752733765531,-0.9274745739175644,-0.4408825936849929
20.0,291.0,1000.9117431640624,0.8244933528940794,0.1717593457825232,-2.3768181941150544,-0.0231454774644533,0.5188550651931219,-0.5720667732637419,0.1201970601601191,-0.6224752298904277,-0.9274745739175644,-0.4408825936849929
20.0,291.0,1000.9117431640624,0.8244933528940794,0.1717593457825232,-2.3768181930330443,-0.0231454770965356,0.5188550651931219,-0.5720667732637419,0.1201970601601191,-0.6224752733765531,-0.9274745739175644,-0.4408825936849929
20.0,291.0,1000.9117431640624,0.8244933528940794,0.1717593457825232,-2.3768181930384125,-0.0231454773982,0.518855064828617,-0.5720666753493054,0.1201970601601191,-0.6224752725050027,-0.9274745739175644,-0.4408825949657986
20.0,291.0,1000.9117431640624,0.8244933528940794,0.1717593457825232,-2.3768181930330443,-0.0231454770857481,0.5188550651931219,-0.5720672604750109,0.1201970601601191,-0.6224753178635348,-0.9274745739175644,-0.4408825936849929
20.0,291.0,1000.9117431640624,0.8244933528940794,0.1717593457825232,-2.3768181930330443,-0.0231454770965356,0.5188550651931219,-0.5720667732637419,0.1201970601601191,-0.6224752733765531,-0.9274745739175644,-0.4408825936849929
20.0,291.0,1000.9117431640624,0.8244933528940794,0.1717593457825232,-2.3768181931737407,-0.023145477382836,0.518855071084819,-0.5720668821568416,0.1201970601601191,-0.6224752316151887,-0.9274745739175644,-0.4408825953239561
20.0,291.0,1000.9117431640624,0.8244933528940794,0.1717593457825232,-2.376818193173143,-0.0231454774037533,0.5188550651002086,-0.5720668802080859,0.1201970601601191,-0.6224752716704617,-0.9274745739175644,-0.4408825953165452
20.0,291.0,1000.9117431640624,0.8244933528940794,0.1717593457825232,-2.3768181930384125,-0.0231454773982,0.518855064828617,-0.5720666753493054,0.1201970601601191,-0.6224752725040891,-0.9274745739175644,-0.4408825949657986
20.0,291.0,1000.9117431640624,0.8244933528940794,0.1717593457825232,-2.3768181930330443,-0.0231454773898519,0.518855065148392,-0.5720667732637419,0.1201970601601191,-0.6224752733765531,-0.9274745739175644,-0.4408825936849929
20.0,291.0,1000.9117431640624,0.8244933528940794,0.1717593457825232,-2.3768181930330443,-0.0231454770858672,0.5188550651931219,-0.5720667732637419,0.1201970601601191,-0.6224752733765531,-0.9274745739175644,-0.440882593690393
20.0,291.0,1000.9117431640624,0.8244933528940794,0.1717593457825232,-2.376818193180109,-0.0231454773736406,0.5188550651931219,-0.5720672604750109,0.1201970601601191,-0.6224753178635348,-0.9274745739175644,-0.440882595316317
20.0,291.0,1000.9117431640624,0.8244933528940794,0.1717593457825232,-2.3768181931737407,-0.023145477382836,0.518855071084819,-0.5720668821568416,0.1201970601601191,-0.6224752316151887,-0.9274745739175644,-0.4408825953239561
20.0,291.0,1000.9117431640624,0.8244933528940794,0.1717593457825232,-2.3768181930365144,-0.0231454770857481,0.5188550711906492,-0.5720672604750109,0.1201970601601191,-0.6224753178625174,-0.9274745739175644,-0.4408825936849929
20.0,291.0,1000.9117431640624,0.8244933528940794,0.1717593457825232,-2.3768181930330443,-0.0231454770857481,0.5188550651931706,-0.5720667732637419,0.1201970601601191,-0.622475272910274,-0.9274745739175644,-0.4408825936849929
20.0,291.0,1000.9117431640624,0.8244933528940794,0.1717593457825232,-2.3768181941150544,-0.0231454773992818,0.5188550651931219,-0.5720666777343916,0.1201970601601191,-0.6224752309708436,-0.9274745739175644,-0.4408825936926533
20.0,291.0,1000.9117431640624,0.8244933528940794,0.1717593457825232,-2.3768181931663954,-0.023145477403551,0.5188550648319772,-0.5720668802080859,0.1201970601601191,-0.6224752725247844,-0.9274745739175644,-0.4408825953165452
20.0,291.0,1000.9117431640624,0.8244933528940794,0.1717593457825232,-2.3768181941150544,-0.0231454774648869,0.5188550651931219,-0.5720667732637419,0.1201970601601191,-0.62247527367142,-0.9274745739175644,-0.4408825936849929
20.0,291.0,1000.9117431640624,0.8244933528940794,0.1717593457825232,-2.3768181930365144,-0.0231454770857481,0.5188550710834117,-0.5720672604750109,0.1201970601601191,-0.6224753178625174,-0.9274745739175644,-0.4408825952650294
20.0,291.0,1000.9117431640624,0.8244933528940794,0.1717593457825232,-2.376818193174054,-0.0231454773997846,0.518855071084819,-0.5720667884226813,0.1201970601601191,-0.6224752733369904,-0.9274745739175644,-0.4408825953067559
20.0,291.0,1000.9117431640624,0.8244933528940794,0.1717593457825232,-2.3768181941663715,-0.0231454774455438,0.5188550651931219,-0.5720667732637419,0.1201970601601191,-0.6224752733765531,-0.9274745739175644,-0.4408825936849929
20.0,291.0,1000.9117431640624,0.8244933528940794,0.1717593457825232,-2.3768181941436484,-0.0231454774034308,0.5188550651931219,-0.5720666777343916,0.1201970601601191,-0.6224752774898771,-0.9274745739175644,-0.4408825952777507
20.0,291.0,1000.9117431640624,0.8244933528940794,0.1717593457825232,-2.376818193184309,-0.0231454773931309,0.5188550651931219,-0.5720667824701373,0.1201970601601191,-0.6224752733765531,-0.9274745739175644,-0.4408825953297738
20.0,291.0,1000.9117431640624,0.8244933528940794,0.1717593457825232,-2.376818193180109,-0.0231454773736406,0.5188550651931219,-0.5720672604750109,0.1201970601601191,-0.6224753141541323,-0.9274745739175644,-0.440882595316317
20.0,291.0,1000.9117431640624,0.8244933528940794,0.1717593457825232,-2.376818193173158,-0.0231454774044981,0.5188550651002086,-0.5720668802080859,0.1201970601601191,-0.6224752716704617,-0.9274745739175644,-0.4408825953165495
20.0,291.0,1000.9117431640624,0.8244933528940794,0.1717593457825232,-2.3768181931737407,-0.023145477382836,0.518855071084819,-0.5720668821568416,0.1201970601601191,-0.6224752316151887,-0.9274745739175644,-0.4408825953239561
20.0,291.0,1000.9117431640624,0.8244933528940794,0.1717593457825232,-2.3768181930330443,-0.0231454770857481,0.5188550651931706,-0.5720667773065742,0.1201970601601191,-0.622475272910274,-0.9274745739175644,-0.4408825936849929
20.0,291.0,1000.9117431640624,0.8244933528940794,0.1717593457825232,-2.376818192981727,-0.0231454771154451,0.5188550651931219,-0.5720667732637419,0.1201970601601191,-0.6224752298904277,-0.9274745739175644,-0.4408825936849929
20.0,291.0,1000.9117431640624,0.8244933528940794,0.1717593457825232,-2.3768181930330443,-0.0231454770732129,0.518855071281838,-0.5720667732637419,0.1201970601601191,-0.6224752733765531,-0.9274745739175644,-0.4408825936849929
20.0,291.0,1000.9117431640624,0.8244933528940794,0.1717593457825232,-2.3768181930330403,-0.0231454773896187,0.518855065148392,-0.5720667732637419,0.1201970601601191,-0.6224752733503144,-0.9274745739175644,-0.4408825936828173
20.0,291.0,1000.9117431640624,0.8244933528940794,0.1717593457825232,-2.3768181930330443,-0.0231454770965356,0.5188550652046314,-0.5720667732637419,0.1201970601601191,-0.6224752733765531,-0.9274745739175644,-0.4408825936849929
20.0,291.0,1000.9117431640624,0.8244933528940794,0.1717593457825232,-2.376818193180109,-0.0231454773736406,0.5188550651491666,-0.5720672704221966,0.1201970601601191,-0.622475315082915,-0.9274745739175644,-0.4408825953290695
20.0,291.0,1000.9117431640624,0.8244933528940794,0.1717593457825232,-2.376818193174054,-0.0231454773997846,0.518855071084819,-0.5720667884226813,0.1201970601601191,-0.6224752733369904,-0.9274745739175644,-0.4408825952690988
20.0,291.0,1000.9117431640624,0.8244933528940794,0.1717593457825232,-2.376818194135896,-0.0231454774461311,0.5188550651002086,-0.5720668802080859,0.1201970601601191,-0.6224752716704617,-0.9274745739175644,-0.4408825953165452
20.0,291.0,1000.9117431640624,0.8244933528940794,0.1717593457825232,-2.376818193030196,-0.0231454770943142,0.5188550650933247,-0.5720668819853819,0.1201970601601191,-0.622475272910274,-0.9274745739175644,-0.4408825937686482
20.0,291.0,1000.9117431640624,0.8244933528940794,0.1717593457825232,-2.3768181930330443,-0.0231454770964625,0.5188550652790843,-0.5720667732637419,0.1201970601601191,-0.6224752733765531,-0.9274745739175644,-0.4408825936849929
20.0,291.0,1000.9117431640624,0.8244933528940794,0.1717593457825232,-2.3768181931941936,-0.0231454773931309,0.5188550651931219,-0.5720672726702847,0.1201970601601191,-0.6224752733765531,-0.9274745739175644,-0.4408825952801909
20.0,291.0,1000.9117431640624,0.8244933528940794,0.1717593457825232,-2.376818194166213,-0.0231454774445569,0.5188550651030872,-0.5720667494303836,0.1201970601601191,-0.6224752733765531,-0.9274745739175644,-0.4408825936849929
20.0,291.0,1000.9117431640624,0.8244933528940794,0.1717593457825232,-2.3768181930330443,-0.0231454770851374,0.518855071281838,-0.5720667732637419,0.1201970601601191,-0.6224752728865274,-0.9274745739175644,-0.4408825936849929
20.0,291.0,1000.9117431640624,0.8244933528940794,0.1717593457825232,-2.3768181932036185,-0.023145477403166,0.5188550651931219,-0.5720667732637419,0.1201970601601191,-0.6224752733765531,-0.9274745739175644,-0.4408825936849929
20.0,291.0,1000.9117431640624,0.8244933528940794,0.1717593457825232,-2.3768181931737407,-0.023145477382836,0.5188550709705486,-0.5720668821568416,0.1201970601601191,-0.6224752316151887,-0.9274745739175644,-0.4408825953239561
20.0,291.0,1000.9117431640624,0.8244933528940794,0.1717593457825232,-2.3768181930330443,-0.023145477073286,0.5188550711958756,-0.5720667732637419,0.1201970601601191,-0.6224752733765531,-0.9274745739175644,-0.4408825936849929
20.0,292.0,1000.8729248046876,0.8244933528940794,0.1717593457825232,-2.376818192948995,-0.0231454773726642,0.5188550651033925,-0.5720667732637419,0.1192047393411376,-0.6224752704848175,-0.9274745739175644,-0.4408825936849929
20.0,292.0,1000.8731079101562,0.8244933528940794,0.1717593457825232,-2.3768181930330443,-0.0231454773729749,0.5188550651931219,-0.5720667732637419,0.1191645184615356,-0.6224753142774856,-0.9274745739175644,-0.4408825936849929
20.0,292.0,1000.8731079101562,0.8244933528940794,0.1717593457825232,-2.376818193034231,-0.0231454773729749,0.5188550651931219,-0.5720667732637419,0.1191645184615356,-0.6224752704848175,-0.9274745739175644,-0.4408825936849929
20.0,292.0,1000.9114379882812,0.8244933528940794,0.1717593457825232,-2.3768181931941936,-0.0231454773931309,0.5188550651931219,-0.5720667698115178,0.1201932743977665,-0.622475275498621,-0.9274745739175644,-0.4408825937444647
20.0,292.0,1000.9114379882812,0.8244933528940794,0.1717593457825232,-2.3768181931941936,-0.0231454770817865,0.518855065113579,-0.5720667698115178,0.1201932743977665,-0.622475275498621,-0.9274745739175644,-0.4408825936864016
20.0,292.0,1000.9114379882812,0.8244933528940794,0.1717593457825232,-2.3768181930441084,-0.0231454773931309,0.5188550651931219,-0.5720667698115178,0.1201932743977665,-0.622475275498621,-0.9274745739175644,-0.4408825936831739
20.0,292.0,1000.9114379882812,0.8244933528940794,0.1717593457825232,-2.376818193040883,-0.0231454773931309,0.5188550656453654,-0.5720667698115178,0.1201932458971131,-0.622475275498621,-0.9274745739175644,-0.4408825937412786
20.0,292.0,1000.9114379882812,0.8244933528940794,0.1717593457825232,-2.3768181930441084,-0.0231454773935176,0.5188550651931221,-0.5720667698115178,0.1201933627123074,-0.622475275498621,-0.9274745739175644,-0.4408825936831739
20.0,292.0,1000.9116821289062,0.8244933528940794,0.1717593457825232,-2.3768181932431807,-0.0231454774461964,0.5188550651017344,-0.5720672704221966,0.1201970601601191,-0.6224753150159666,-0.9274745739175644,-0.4408825953290695
20.0,292.0,1000.9116821289062,0.8244933528940794,0.1717593457825232,-2.3768181932431807,-0.0231454774461964,0.5188550651017344,-0.5720672704221966,0.1201970601601191,-0.6224753150159666,-0.9274745739175644,-0.4408825953290695
20.0,292.0,1000.9116821289062,0.8244933528940794,0.1717593457825232,-2.3768181932431807,-0.0231454774461964,0.5188550651017344,-0.5720672704221966,0.1201970601601191,-0.6224753150159666,-0.9274745739175644,-0.4408825953290695
20.0,292.0,1000.9116821289062,0.8244933528940794,0.1717593457825232,-2.3768181932431807,-0.0231454774461964,0.5188550651017344,-0.5720672704221966,0.1201970601601191,-0.6224753150159666,-0.9274745739175644,-0.4408825953290695
20.0,292.0,1000.9116821289062,0.8244933528940794,0.1717593457825232,-2.3768181932431807,-0.0231454774461964,0.5188550651017344,-0.5720672704221966,0.1201970601601191,-0.6224753150159666,-0.9274745739175644,-0.4408825953290695
20.0,292.0,1000.9117431640624,0.8244933528940794,0.1717593457825232,-2.3768181930330443,-0.0231454770857481,0.5188550651931219,-0.5720667732637419,0.1201970601601191,-0.6224752733765531,-0.9274745739175644,-0.4408825936849929
20.0,292.0,1000.9117431640624,0.8244933528940794,0.1717593457825232,-2.3768181941150544,-0.0231454774644533,0.5188550651931219,-0.5720667732637419,0.1201970601601191,-0.6224752298904277,-0.9274745739175644,-0.4408825936849929
20.0,292.0,1000.9117431640624,0.8244933528940794,0.1717593457825232,-2.3768181930330443,-0.0231454770965356,0.5188550651931219,-0.5720667732637419,0.1201970601601191,-0.6224752733765531,-0.9274745739175644,-0.4408825936849929
20.0,292.0,1000.9117431640624,0.8244933528940794,0.1717593457825232,-2.3768181930384125,-0.0231454773982,0.518855064828617,-0.5720666753493054,0.1201970601601191,-0.6224752725050027,-0.9274745739175644,-0.4408825949657986
20.0,292.0,1000.9117431640624,0.8244933528940794,0.1717593457825232,-2.3768181930330443,-0.0231454770857481,0.5188550651931219,-0.5720672604750109,0.1201970601601191,-0.6224753178635348,-0.9274745739175644,-0.4408825936849929
20.0,292.0,1000.9117431640624,0.8244933528940794,0.1717593457825232,-2.3768181930330443,-0.0231454770965356,0.5188550651931219,-0.5720667732637419,0.1201970601601191,-0.6224752733765531,-0.9274745739175644,-0.4408825936849929
20.0,292.0,1000.9117431640624,0.8244933528940794,0.1717593457825232,-2.3768181931737407,-0.023145477382836,0.518855071084819,-0.5720668821568416,0.1201970601601191,-0.6224752316151887,-0.9274745739175644,-0.4408825953239561
20.0,292.0,1000.9117431640624,0.8244933528940794,0.1717593457825232,-2.376818193173143,-0.0231454774037533,0.5188550651002086,-0.5720668802080859,0.1201970601601191,-0.6224752716704617,-0.9274745739175644,-0.4408825953165452
20.0,292.0,1000.9117431640624,0.8244933528940794,0.1717593457825232,-2.3768181930384125,-0.0231454773982,0.518855064828617,-0.5720666753493054,0.1201970601601191,-0.6224752725040891,-0.9274745739175644,-0.4408825949657986
20.0,292.0,1000.9117431640624,0.8244933528940794,0.1717593457825232,-2.3768181930330443,-0.0231454773898519,0.518855065148392,-0.5720667732637419,0.1201970601601191,-0.6224752733765531,-0.9274745739175644,-0.4408825936849929
20.0,292.0,1000.9117431640624,0.8244933528940794,0.1717593457825232,-2.3768181930330443,-0.0231454770858672,0.5188550651931219,-0.5720667732637419,0.1201970601601191,-0.6224752733765531,-0.9274745739175644,-0.440882593690393
20.0,292.0,1000.9117431640624,0.8244933528940794,0.1717593457825232,-2.376818193180109,-0.0231454773736406,0.5188550651931219,-0.5720672604750109,0.1201970601601191,-0.6224753178635348,-0.9274745739175644,-0.440882595316317
20.0,292.0,1000.9117431640624,0.8244933528940794,0.1717593457825232,-2.3768181931737407,-0.023145477382836,0.518855071084819,-0.5720668821568416,0.1201970601601191,-0.6224752316151887,-0.9274745739175644,-0.4408825953239561
20.0,292.0,1000.9117431640624,0.8244933528940794,0.1717593457825232,-2.3768181930365144,-0.0231454770857481,0.5188550711906492,-0.5720672604750109,0.1201970601601191,-0.6224753178625174,-0.9274745739175644,-0.4408825936849929
20.0,292.0,1000.9117431640624,0.8244933528940794,0.1717593457825232,-2.3768181930330443,-0.0231454770857481,0.5188550651931706,-0.5720667732637419,0.1201970601601191,-0.622475272910274,-0.9274745739175644,-0.4408825936849929
20.0,292.0,1000.9117431640624,0.8244933528940794,0.1717593457825232,-2.3768181941150544,-0.0231454773992818,0.5188550651931219,-0.5720666777343916,0.1201970601601191,-0.6224752309708436,-0.9274745739175644,-0.4408825936926533
20.0,292.0,1000.9117431640624,0.8244933528940794,0.1717593457825232,-2.3768181931663954,-0.023145477403551,0.5188550648319772,-0.5720668802080859,0.1201970601601191,-0.6224752725247844,-0.9274745739175644,-0.4408825953165452
20.0,292.0,1000.9117431640624,0.8244933528940794,0.1717593457825232,-2.3768181941150544,-0.0231454774648869,0.5188550651931219,-0.5720667732637419,0.1201970601601191,-0.62247527367142,-0.9274745739175644,-0.4408825936849929
20.0,292.0,1000.9117431640624,0.8244933528940794,0.1717593457825232,-2.3768181930365144,-0.0231454770857481,0.5188550710834117,-0.5720672604750109,0.1201970601601191,-0.6224753178625174,-0.9274745739175644,-0.4408825952650294
20.0,292.0,1000.9117431640624,0.8244933528940794,0.1717593457825232,-2.376818193174054,-0.0231454773997846,0.518855071084819,-0.5720667884226813,0.1201970601601191,-0.6224752733369904,-0.9274745739175644,-0.4408825953067559
20.0,292.0,1000.9117431640624,0.8244933528940794,0.1717593457825232,-2.3768181941663715,-0.0231454774455438,0.5188550651931219,-0.5720667732637419,0.1201970601601191,-0.6224752733765531,-0.9274745739175644,-0.4408825936849929
20.0,292.0,1000.9117431640624,0.8244933528940794,0.1717593457825232,-2.3768181941436484,-0.0231454774034308,0.5188550651931219,-0.5720666777343916,0.1201970601601191,-0.6224752774898771,-0.9274745739175644,-0.4408825952777507
20.0,292.0,1000.9117431640624,0.8244933528940794,0.1717593457825232,-2.376818193184309,-0.0231454773931309,0.5188550651931219,-0.5720667824701373,0.1201970601601191,-0.6224752733765531,-0.9274745739175644,-0.4408825953297738
20.0,292.0,1000.9117431640624,0.8244933528940794,0.1717593457825232,-2.376818193180109,-0.0231454773736406,0.5188550651931219,-0.5720672604750109,0.1201970601601191,-0.6224753141541323,-0.9274745739175644,-0.440882595316317
20.0,292.0,1000.9117431640624,0.8244933528940794,0.1717593457825232,-2.376818193173158,-0.0231454774044981,0.5188550651002086,-0.5720668802080859,0.1201970601601191,-0.6224752716704617,-0.9274745739175644,-0.4408825953165495
20.0,292.0,1000.9117431640624,0.8244933528940794,0.1717593457825232,-2.3768181931737407,-0.023145477382836,0.518855071084819,-0.5720668821568416,0.1201970601601191,-0.6224752316151887,-0.9274745739175644,-0.4408825953239561
20.0,292.0,1000.9117431640624,0.8244933528940794,0.1717593457825232,-2.3768181930330443,-0.0231454770857481,0.5188550651931706,-0.5720667773065742,0.1201970601601191,-0.622475272910274,-0.9274745739175644,-0.4408825936849929
20.0,292.0,1000.9117431640624,0.8244933528940794,0.1717593457825232,-2.376818192981727,-0.0231454771154451,0.5188550651931219,-0.5720667732637419,0.1201970601601191,-0.6224752298904277,-0.9274745739175644,-0.4408825936849929
20.0,292.0,1000.9117431640624,0.8244933528940794,0.1717593457825232,-2.3768181930330443,-0.0231454770732129,0.518855071281838,-0.5720667732637419,0.1201970601601191,-0.6224752733765531,-0.9274745739175644,-0.4408825936849929
20.0,292.0,1000.9117431640624,0.8244933528940794,0.1717593457825232,-2.3768181930330403,-0.0231454773896187,0.518855065148392,-0.5720667732637419,0.1201970601601191,-0.6224752733503144,-0.9274745739175644,-0.4408825936828173
20.0,292.0,1000.9117431640624,0.8244933528940794,0.1717593457825232,-2.3768181930330443,-0.0231454770965356,0.5188550652046314,-0.5720667732637419,0.1201970601601191,-0.6224752733765531,-0.9274745739175644,-0.4408825936849929
20.0,292.0,1000.9117431640624,0.8244933528940794,0.1717593457825232,-2.376818193180109,-0.0231454773736406,0.5188550651491666,-0.5720672704221966,0.1201970601601191,-0.622475315082915,-0.9274745739175644,-0.4408825953290695
20.0,292.0,1000.9117431640624,0.8244933528940794,0.1717593457825232,-2.376818193174054,-0.0231454773997846,0.518855071084819,-0.5720667884226813,0.1201970601601191,-0.6224752733369904,-0.9274745739175644,-0.4408825952690988
20.0,292.0,1000.9117431640624,0.8244933528940794,0.1717593457825232,-2.376818194135896,-0.0231454774461311,0.5188550651002086,-0.5720668802080859,0.1201970601601191,-0.6224752716704617,-0.9274745739175644,-0.4408825953165452
20.0,292.0,1000.9117431640624,0.8244933528940794,0.1717593457825232,-2.376818193030196,-0.0231454770943142,0.5188550650933247,-0.5720668819853819,0.1201970601601191,-0.622475272910274,-0.9274745739175644,-0.4408825937686482
20.0,292.0,1000.9117431640624,0.8244933528940794,0.1717593457825232,-2.3768181930330443,-0.0231454770964625,0.5188550652790843,-0.5720667732637419,0.1201970601601191,-0.6224752733765531,-0.9274745739175644,-0.4408825936849929
20.0,292.0,1000.9117431640624,0.8244933528940794,0.1717593457825232,-2.3768181931941936,-0.0231454773931309,0.5188550651931219,-0.5720672726702847,0.1201970601601191,-0.6224752733765531,-0.9274745739175644,-0.4408825952801909
20.0,293.0,1000.8729248046876,0.8244933528940794,0.1717593457825232,-2.376818192948995,-0.0231454773726642,0.5188550651033925,-0.5720667732637419,0.1192047393411376,-0.6224752704848175,-0.9274745739175644,-0.4408825936849929
20.0,293.0,1000.8729248046876,0.8244933528940794,0.1717593457825232,-2.376818193043655,-0.0231454773726642,0.5188550651033925,-0.5720667732637419,0.1192047393411376,-0.6224752704848175,-0.9274745739175644,-0.4408825950034404
20.0,293.0,1000.8729248046876,0.8244933528940794,0.1717593457825232,-2.376818192948995,-0.0231454773726642,0.5188550651033925,-0.5720667732637419,0.1192047393411376,-0.6224752704848175,-0.9274745739175644,-0.4408825936849929
20.0,293.0,1000.8731079101562,0.8244933528940794,0.1717593457825232,-2.3768181930330443,-0.0231454773729749,0.5188550651931219,-0.5720667732637419,0.1191645184615356,-0.6224753142774856,-0.9274745739175644,-0.4408825936849929
20.0,293.0,1000.8731079101562,0.8244933528940794,0.1717593457825232,-2.376818193034231,-0.0231454773729749,0.5188550651931219,-0.5720667732637419,0.1191645184615356,-0.6224752704848175,-0.9274745739175644,-0.4408825936849929
20.0,293.0,1000.8731079101562,0.8244933528940794,0.1717593457825232,-2.376818193034231,-0.0231454773729749,0.5188550651931219,-0.5720667732637419,0.1191645184615356,-0.6224752704848175,-0.9274745739175644,-0.4408825936849929
20.0,293.0,1000.8731079101562,0.8244933528940794,0.1717593457825232,-2.376818193174853,-0.0231454773739217,0.5188550651931219,-0.5720667732637419,0.1191645184615356,-0.6224753141944057,-0.9274745739175644,-0.4408825952257834
20.0,293.0,1000.9114379882812,0.8244933528940794,0.1717593457825232,-2.3768181931941936,-0.0231454773931309,0.5188550651931219,-0.5720667698115178,0.1201932743977665,-0.622475275498621,-0.9274745739175644,-0.4408825937444647
20.0,293.0,1000.9114379882812,0.8244933528940794,0.1717593457825232,-2.3768181931941936,-0.0231454770817865,0.518855065113579,-0.5720667698115178,0.1201932743977665,-0.622475275498621,-0.9274745739175644,-0.4408825936864016
20.0,293.0,1000.9114379882812,0.8244933528940794,0.1717593457825232,-2.3768181930441084,-0.0231454773931309,0.5188550651931219,-0.5720667698115178,0.1201932743977665,-0.622475275498621,-0.9274745739175644,-0.4408825936831739
20.0,293.0,1000.9114379882812,0.8244933528940794,0.1717593457825232,-2.376818193040883,-0.0231454773931309,0.5188550656453654,-0.5720667698115178,0.1201932458971131,-0.622475275498621,-0.9274745739175644,-0.4408825937412786
20.0,293.0,1000.9114379882812,0.8244933528940794,0.1717593457825232,-2.3768181930441084,-0.0231454773935176,0.5188550651931221,-0.5720667698115178,0.1201933627123074,-0.622475275498621,-0.9274745739175644,-0.4408825936831739
20.0,293.0,1000.9114379882812,0.8244933528940794,0.1717593457825232,-2.3768181932453807,-0.0231454774510162,0.5188550651024609,-0.5720672704221966,0.12019333523321,-0.6224753150159666,-0.9274745739175644,-0.4408825953290695
20.0,293.0,1000.9114379882812,0.8244933528940794,0.1717593457825232,-2.376818193172524,-0.0231454770744384,0.518855065113579,-0.5720667698115178,0.1201932743977665,-0.622475275498621,-0.9274745739175644,-0.4408825936864016
20.0,293.0,1000.9116821289062,0.8244933528940794,0.1717593457825232,-2.3768181932431807,-0.0231454774461964,0.5188550651017344,-0.5720672704221966,0.1201970601601191,-0.6224753150159666,-0.9274745739175644,-0.4408825953290695
20.0,293.0,1000.9116821289062,0.8244933528940794,0.1717593457825232,-2.3768181932431807,-0.0231454774461964,0.5188550651017344,-0.5720672704221966,0.1201970601601191,-0.6224753150159666,-0.9274745739175644,-0.4408825953290695
20.0,293.0,1000.9116821289062,0.8244933528940794,0.1717593457825232,-2.3768181932431807,-0.0231454774461964,0.5188550651017344,-0.5720672704221966,0.1201970601601191,-0.6224753150159666,-0.9274745739175644,-0.4408825953290695
20.0,293.0,1000.9116821289062,0.8244933528940794,0.1717593457825232,-2.3768181932431807,-0.0231454774461964,0.5188550651017344,-0.5720672704221966,0.1201970601601191,-0.6224753150159666,-0.9274745739175644,-0.4408825953290695
20.0,293.0,1000.9116821289062,0.8244933528940794,0.1717593457825232,-2.3768181932431807,-0.0231454774461964,0.5188550651017344,-0.5720672704221966,0.1201970601601191,-0.6224753150159666,-0.9274745739175644,-0.4408825953290695
20.0,293.0,1000.9116821289062,0.8244933528940794,0.1717593457825232,-2.3768181932431807,-0.0231454774461964,0.5188550651017344,-0.5720672704221966,0.1201970601601191,-0.6224753150159666,-0.9274745739175644,-0.4408825953290695
20.0,293.0,1000.9116821289062,0.8244933528940794,0.1717593457825232,-2.3768181932431807,-0.0231454774461964,0.5188550651017344,-0.5720672704221966,0.1201970601601191,-0.6224753150159666,-0.9274745739175644,-0.4408825953290695
20.0,293.0,1000.9117431640624,0.8244933528940794,0.1717593457825232,-2.3768181930330443,-0.0231454770857481,0.5188550651931219,-0.5720667732637419,0.1201970601601191,-0.6224752733765531,-0.9274745739175644,-0.4408825936849929
20.0,293.0,1000.9117431640624,0.8244933528940794,0.1717593457825232,-2.3768181941150544,-0.0231454774644533,0.5188550651931219,-0.5720667732637419,0.1201970601601191,-0.6224752298904277,-0.9274745739175644,-0.4408825936849929
20.0,293.0,1000.9117431640624,0.8244933528940794,0.1717593457825232,-2.3768181930330443,-0.0231454770965356,0.5188550651931219,-0.5720667732637419,0.1201970601601191,-0.6224752733765531,-0.9274745739175644,-0.4408825936849929
20.0,293.0,1000.9117431640624,0.8244933528940794,0.1717593457825232,-2.3768181930384125,-0.0231454773982,0.518855064828617,-0.5720666753493054,0.1201970601601191,-0.6224752725050027,-0.9274745739175644,-0.4408825949657986
20.0,293.0,1000.9117431640624,0.8244933528940794,0.1717593457825232,-2.3768181930330443,-0.0231454770857481,0.5188550651931219,-0.5720672604750109,0.1201970601601191,-0.6224753178635348,-0.9274745739175644,-0.4408825936849929
20.0,293.0,1000.9117431640624,0.8244933528940794,0.1717593457825232,-2.3768181930330443,-0.0231454770965356,0.5188550651931219,-0.5720667732637419,0.1201970601601191,-0.6224752733765531,-0.9274745739175644,-0.4408825936849929
20.0,293.0,1000.9117431640624,0.8244933528940794,0.1717593457825232,-2.3768181931737407,-0.023145477382836,0.518855071084819,-0.5720668821568416,0.1201970601601191,-0.6224752316151887,-0.9274745739175644,-0.4408825953239561
20.0,293.0,1000.9117431640624,0.8244933528940794,0.1717593457825232,-2.376818193173143,-0.0231454774037533,0.5188550651002086,-0.5720668802080859,0.1201970601601191,-0.6224752716704617,-0.9274745739175644,-0.4408825953165452
20.0,293.0,1000.9117431640624,0.8244933528940794,0.1717593457825232,-2.3768181930384125,-0.0231454773982,0.518855064828617,-0.5720666753493054,0.1201970601601191,-0.6224752725040891,-0.9274745739175644,-0.4408825949657986
20.0,293.0,1000.9117431640624,0.8244933528940794,0.1717593457825232,-2.3768181930330443,-0.0231454773898519,0.518855065148392,-0.5720667732637419,0.1201970601601191,-0.6224752733765531,-0.9274745739175644,-0.4408825936849929
20.0,293.0,1000.9117431640624,0.8244933528940794,0.1717593457825232,-2.3768181930330443,-0.0231454770858672,0.5188550651931219,-0.5720667732637419,0.1201970601601191,-0.6224752733765531,-0.9274745739175644,-0.440882593690393
20.0,293.0,1000.9117431640624,0.8244933528940794,0.1717593457825232,-2.376818193180109,-0.0231454773736406,0.5188550651931219,-0.5720672604750109,0.1201970601601191,-0.6224753178635348,-0.9274745739175644,-0.440882595316317
20.0,293.0,1000.9117431640624,0.8244933528940794,0.1717593457825232,-2.3768181931737407,-0.023145477382836,0.518855071084819,-0.5720668821568416,0.1201970601601191,-0.6224752316151887,-0.9274745739175644,-0.4408825953239561
20.0,293.0,1000.9117431640624,0.8244933528940794,0.1717593457825232,-2.3768181930365144,-0.0231454770857481,0.5188550711906492,-0.5720672604750109,0.1201970601601191,-0.6224753178625174,-0.9274745739175644,-0.4408825936849929
20.0,293.0,1000.9117431640624,0.8244933528940794,0.1717593457825232,-2.3768181930330443,-0.0231454770857481,0.5188550651931706,-0.5720667732637419,0.1201970601601191,-0.622475272910274,-0.9274745739175644,-0.4408825936849929
20.0,293.0,1000.9117431640624,0.8244933528940794,0.1717593457825232,-2.3768181941150544,-0.0231454773992818,0.5188550651931219,-0.5720666777343916,0.1201970601601191,-0.6224752309708436,-0.9274745739175644,-0.4408825936926533
20.0,293.0,1000.9117431640624,0.8244933528940794,0.1717593457825232,-2.3768181931663954,-0.023145477403551,0.5188550648319772,-0.5720668802080859,0.1201970601601191,-0.6224752725247844,-0.9274745739175644,-0.4408825953165452
20.0,293.0,1000.9117431640624,0.8244933528940794,0.1717593457825232,-2.3768181941150544,-0.0231454774648869,0.5188550651931219,-0.5720667732637419,0.1201970601601191,-0.62247527367142,-0.9274745739175644,-0.4408825936849929
20.0,293.0,1000.9117431640624,0.8244933528940794,0.1717593457825232,-2.3768181930365144,-0.0231454770857481,0.5188550710834117,-0.5720672604750109,0.1201970601601191,-0.6224753178625174,-0.9274745739175644,-0.4408825952650294
20.0,293.0,1000.9117431640624,0.8244933528940794,0.1717593457825232,-2.376818193174054,-0.0231454773997846,0.518855071084819,-0.5720667884226813,0.1201970601601191,-0.6224752733369904,-0.9274745739175644,-0.4408825953067559
20.0,293.0,1000.9117431640624,0.8244933528940794,0.1717593457825232,-2.3768181941663715,-0.0231454774455438,0.5188550651931219,-0.5720667732637419,0.1201970601601191,-0.6224752733765531,-0.9274745739175644,-0.4408825936849929
20.0,293.0,1000.9117431640624,0.8244933528940794,0.1717593457825232,-2.3768181941436484,-0.0231454774034308,0.5188550651931219,-0.5720666777343916,0.1201970601601191,-0.6224752774898771,-0.9274745739175644,-0.4408825952777507
20.0,293.0,1000.9117431640624,0.8244933528940794,0.1717593457825232,-2.376818193184309,-0.0231454773931309,0.5188550651931219,-0.5720667824701373,0.1201970601601191,-0.6224752733765531,-0.9274745739175644,-0.4408825953297738
20.0,293.0,1000.9117431640624,0.8244933528940794,0.1717593457825232,-2.376818193180109,-0.0231454773736406,0.5188550651931219,-0.5720672604750109,0.1201970601601191,-0.6224753141541323,-0.9274745739175644,-0.440882595316317
20.0,293.0,1000.9117431640624,0.8244933528940794,0.1717593457825232,-2.376818193173158,-0.0231454774044981,0.5188550651002086,-0.5720668802080859,0.1201970601601191,-0.6224752716704617,-0.9274745739175644,-0.4408825953165495
20.0,293.0,1000.9117431640624,0.8244933528940794,0.1717593457825232,-2.3768181931737407,-0.023145477382836,0.518855071084819,-0.5720668821568416,0.1201970601601191,-0.6224752316151887,-0.9274745739175644,-0.4408825953239561
20.0,293.0,1000.9117431640624,0.8244933528940794,0.1717593457825232,-2.3768181930330443,-0.0231454770857481,0.5188550651931706,-0.5720667773065742,0.1201970601601191,-0.622475272910274,-0.9274745739175644,-0.4408825936849929
20.0,293.0,1000.9117431640624,0.8244933528940794,0.1717593457825232,-2.376818192981727,-0.0231454771154451,0.5188550651931219,-0.5720667732637419,0.1201970601601191,-0.6224752298904277,-0.9274745739175644,-0.4408825936849929
20.0,293.0,1000.9117431640624,0.8244933528940794,0.1717593457825232,-2.3768181930330443,-0.0231454770732129,0.518855071281838,-0.5720667732637419,0.1201970601601191,-0.6224752733765531,-0.9274745739175644,-0.4408825936849929
20.0,294.0,1000.8729248046876,0.8244933528940794,0.1717593457825232,-2.376818192948995,-0.0231454773726642,0.5188550651033925,-0.5720667732637419,0.1192047393411376,-0.6224752704848175,-0.9274745739175644,-0.4408825936849929
20.0,294.0,1000.8729248046876,0.8244933528940794,0.1717593457825232,-2.376818193043655,-0.0231454773726642,0.5188550651033925,-0.5720667732637419,0.1192047393411376,-0.6224752704848175,-0.9274745739175644,-0.4408825950034404
20.0,294.0,1000.8729248046876,0.8244933528940794,0.1717593457825232,-2.376818192948995,-0.0231454773726642,0.5188550651033925,-0.5720667732637419,0.1192047393411376,-0.6224752704848175,-0.9274745739175644,-0.4408825936849929
20.0,294.0,1000.8729248046876,0.8244933528940794,0.1717593457825232,-2.3768181930365144,-0.0231454770857481,0.5188550647774874,-0.5720672604750109,0.1192670842561435,-0.6224753168352001,-0.9274745739175644,-0.4408825953468033
20.0,294.0,1000.8729248046876,0.8244933528940794,0.1717593457825232,-2.376818192948995,-0.0231454773726642,0.5188550651917211,-0.5720667732637419,0.1192047393411376,-0.6224752704848175,-0.9274745739175644,-0.4408825936849929
20.0,294.0,1000.8729248046876,0.8244933528940794,0.1717593457825232,-2.376818193043655,-0.0231454773726771,0.5188550651929481,-0.5720667732637419,0.1192047393411376,-0.6224752704848175,-0.9274745739175644,-0.4408825950034404
20.0,294.0,1000.8729248046876,0.8244933528940794,0.1717593457825232,-2.376818192948995,-0.0231454773726642,0.5188550651033925,-0.5720667732637419,0.1192047393411376,-0.6224752704848175,-0.9274745739175644,-0.4408825936849929
20.0,294.0,1000.873046875,0.8244933528940794,0.1717593457825232,-2.3768181932429857,-0.0231454774450445,0.51885506510294,-0.5720667732637419,0.1191696568966987,-0.6224753141944057,-0.9274745739175644,-0.440882595332304
20.0,294.0,1000.8731079101562,0.8244933528940794,0.1717593457825232,-2.3768181930330443,-0.0231454773729749,0.5188550651931219,-0.5720667732637419,0.1191645184615356,-0.6224753142774856,-0.9274745739175644,-0.4408825936849929
20.0,294.0,1000.8731079101562,0.8244933528940794,0.1717593457825232,-2.376818193034231,-0.0231454773729749,0.5188550651931219,-0.5720667732637419,0.1191645184615356,-0.6224752704848175,-0.9274745739175644,-0.4408825936849929
20.0,294.0,1000.8731079101562,0.8244933528940794,0.1717593457825232,-2.376818193034231,-0.0231454773729749,0.5188550651931219,-0.5720667732637419,0.1191645184615356,-0.6224752704848175,-0.9274745739175644,-0.4408825936849929
20.0,294.0,1000.8731079101562,0.8244933528940794,0.1717593457825232,-2.376818193174853,-0.0231454773739217,0.5188550651931219,-0.5720667732637419,0.1191645184615356,-0.6224753141944057,-0.9274745739175644,-0.4408825952257834
20.0,294.0,1000.8731079101562,0.8244933528940794,0.1717593457825232,-2.376818193034231,-0.0231454773729619,0.5188550651035663,-0.5720667732637419,0.1191645184615356,-0.6224752704848175,-0.9274745739175644,-0.4408825936849929
20.0,294.0,1000.8734130859376,0.8244933528940794,0.1717593457825232,-2.3768181930330443,-0.0231454773896294,0.518855065148392,-0.5720667732637419,0.1191272031637059,-0.6224752733765531,-0.9274745739175644,-0.4408825936849929
20.0,294.0,1000.9114379882812,0.8244933528940794,0.1717593457825232,-2.3768181931941936,-0.0231454773931309,0.5188550651931219,-0.5720667698115178,0.1201932743977665,-0.622475275498621,-0.9274745739175644,-0.4408825937444647
20.0,294.0,1000.9114379882812,0.8244933528940794,0.1717593457825232,-2.3768181931941936,-0.0231454770817865,0.518855065113579,-0.5720667698115178,0.1201932743977665,-0.622475275498621,-0.9274745739175644,-0.4408825936864016
20.0,294.0,1000.9114379882812,0.8244933528940794,0.1717593457825232,-2.3768181930441084,-0.0231454773931309,0.5188550651931219,-0.5720667698115178,0.1201932743977665,-0.622475275498621,-0.9274745739175644,-0.4408825936831739
20.0,294.0,1000.9114379882812,0.8244933528940794,0.1717593457825232,-2.376818193040883,-0.0231454773931309,0.5188550656453654,-0.5720667698115178,0.1201932458971131,-0.622475275498621,-0.9274745739175644,-0.4408825937412786
20.0,294.0,1000.9114379882812,0.8244933528940794,0.1717593457825232,-2.3768181930441084,-0.0231454773935176,0.5188550651931221,-0.5720667698115178,0.1201933627123074,-0.622475275498621,-0.9274745739175644,-0.4408825936831739
20.0,294.0,1000.9114379882812,0.8244933528940794,0.1717593457825232,-2.3768181932453807,-0.0231454774510162,0.5188550651024609,-0.5720672704221966,0.12019333523321,-0.6224753150159666,-0.9274745739175644,-0.4408825953290695
20.0,294.0,1000.9114379882812,0.8244933528940794,0.1717593457825232,-2.376818193172524,-0.0231454770744384,0.518855065113579,-0.5720667698115178,0.1201932743977665,-0.622475275498621,-0.9274745739175644,-0.4408825936864016
20.0,294.0,1000.9114379882812,0.8244933528940794,0.1717593457825232,-2.376818193040883,-0.0231454773931309,0.5188550656453654,-0.5720667698115178,0.1201932458971131,-0.622475275498621,-0.9274745739175644,-0.4408825937412786
20.0,294.0,1000.9114379882812,0.8244933528940794,0.1717593457825232,-2.376818193175111,-0.0231454770744384,0.5188550651016699,-0.572066761519251,0.1201932743977665,-0.6224753126439194,-0.9274745739175644,-0.4408825936986986
20.0,294.0,1000.9114379882812,0.8244933528940794,0.1717593457825232,-2.376818193041121,-0.0231454773940016,0.5188550651002086,-0.5720668738079666,0.1201933334147451,-0.6224752716384496,-0.9274745739175644,-0.4408825953165495
20.0,294.0,1000.9114379882812,0.8244933528940794,0.1717593457825232,-2.3768181932453807,-0.0231454774510162,0.5188550651024609,-0.5720672704221966,0.1201932735850152,-0.6224753150159666,-0.9274745739175644,-0.4408825953290695
20.0,294.0,1000.9116821289062,0.8244933528940794,0.1717593457825232,-2.3768181932431807,-0.0231454774461964,0.5188550651017344,-0.5720672704221966,0.1201970601601191,-0.6224753150159666,-0.9274745739175644,-0.4408825953290695
20.0,294.0,1000.9116821289062,0.8244933528940794,0.1717593457825232,-2.3768181932431807,-0.0231454774461964,0.5188550651017344,-0.5720672704221966,0.1201970601601191,-0.6224753150159666,-0.9274745739175644,-0.4408825953290695
20.0,294.0,1000.9116821289062,0.8244933528940794,0.1717593457825232,-2.3768181932431807,-0.0231454774461964,0.5188550651017344,-0.5720672704221966,0.1201970601601191,-0.6224753150159666,-0.9274745739175644,-0.4408825953290695
20.0,294.0,1000.9116821289062,0.8244933528940794,0.1717593457825232,-2.3768181932431807,-0.0231454774461964,0.5188550651017344,-0.5720672704221966,0.1201970601601191,-0.6224753150159666,-0.9274745739175644,-0.4408825953290695
20.0,294.0,1000.9116821289062,0.8244933528940794,0.1717593457825232,-2.3768181932431807,-0.0231454774461964,0.5188550651017344,-0.5720672704221966,0.1201970601601191,-0.6224753150159666,-0.9274745739175644,-0.4408825953290695
20.0,294.0,1000.9116821289062,0.8244933528940794,0.1717593457825232,-2.3768181932431807,-0.0231454774461964,0.5188550651017344,-0.5720672704221966,0.1201970601601191,-0.6224753150159666,-0.9274745739175644,-0.4408825953290695
20.0,294.0,1000.9116821289062,0.8244933528940794,0.1717593457825232,-2.3768181932431807,-0.0231454774461964,0.5188550651017344,-0.5720672704221966,0.1201970601601191,-0.6224753150159666,-0.9274745739175644,-0.4408825953290695
20.0,294.0,1000.9116821289062,0.8244933528940794,0.1717593457825232,-2.3768181932431807,-0.0231454774461964,0.5188550651017344,-0.5720672704221966,0.1201970601601191,-0.6224753150159666,-0.9274745739175644,-0.4408825953290695
20.0,294.0,1000.9117431640624,0.8244933528940794,0.1717593457825232,-2.3768181930330443,-0.0231454770857481,0.5188550651931219,-0.5720667732637419,0.1201970601601191,-0.6224752733765531,-0.9274745739175644,-0.4408825936849929
20.0,294.0,1000.9117431640624,0.8244933528940794,0.1717593457825232,-2.3768181941150544,-0.0231454774644533,0.5188550651931219,-0.5720667732637419,0.1201970601601191,-0.6224752298904277,-0.9274745739175644,-0.4408825936849929
20.0,294.0,1000.9117431640624,0.8244933528940794,0.1717593457825232,-2.3768181930330443,-0.0231454770965356,0.5188550651931219,-0.5720667732637419,0.1201970601601191,-0.6224752733765531,-0.9274745739175644,-0.4408825936849929
20.0,294.0,1000.9117431640624,0.8244933528940794,0.1717593457825232,-2.3768181930384125,-0.0231454773982,0.518855064828617,-0.5720666753493054,0.1201970601601191,-0.6224752725050027,-0.9274745739175644,-0.4408825949657986
20.0,294.0,1000.9117431640624,0.8244933528940794,0.1717593457825232,-2.3768181930330443,-0.0231454770857481,0.5188550651931219,-0.5720672604750109,0.1201970601601191,-0.6224753178635348,-0.9274745739175644,-0.4408825936849929
20.0,294.0,1000.9117431640624,0.8244933528940794,0.1717593457825232,-2.3768181930330443,-0.0231454770965356,0.5188550651931219,-0.5720667732637419,0.1201970601601191,-0.6224752733765531,-0.9274745739175644,-0.4408825936849929
20.0,294.0,1000.9117431640624,0.8244933528940794,0.1717593457825232,-2.3768181931737407,-0.023145477382836,0.518855071084819,-0.5720668821568416,0.1201970601601191,-0.6224752316151887,-0.9274745739175644,-0.4408825953239561
20.0,294.0,1000.9117431640624,0.8244933528940794,0.1717593457825232,-2.376818193173143,-0.0231454774037533,0.5188550651002086,-0.5720668802080859,0.1201970601601191,-0.6224752716704617,-0.9274745739175644,-0.4408825953165452
20.0,294.0,1000.9117431640624,0.8244933528940794,0.1717593457825232,-2.3768181930384125,-0.0231454773982,0.518855064828617,-0.5720666753493054,0.1201970601601191,-0.6224752725040891,-0.9274745739175644,-0.4408825949657986
20.0,294.0,1000.9117431640624,0.8244933528940794,0.1717593457825232,-2.3768181930330443,-0.0231454773898519,0.518855065148392,-0.5720667732637419,0.1201970601601191,-0.6224752733765531,-0.9274745739175644,-0.4408825936849929
20.0,294.0,1000.9117431640624,0.8244933528940794,0.1717593457825232,-2.3768181930330443,-0.0231454770858672,0.5188550651931219,-0.5720667732637419,0.1201970601601191,-0.6224752733765531,-0.9274745739175644,-0.440882593690393
20.0,294.0,1000.9117431640624,0.8244933528940794,0.1717593457825232,-2.376818193180109,-0.0231454773736406,0.5188550651931219,-0.5720672604750109,0.1201970601601191,-0.6224753178635348,-0.9274745739175644,-0.440882595316317
20.0,294.0,1000.9117431640624,0.8244933528940794,0.1717593457825232,-2.3768181931737407,-0.023145477382836,0.518855071084819,-0.5720668821568416,0.1201970601601191,-0.6224752316151887,-0.9274745739175644,-0.4408825953239561
20.0,294.0,1000.9117431640624,0.8244933528940794,0.1717593457825232,-2.3768181930365144,-0.0231454770857481,0.5188550711906492,-0.5720672604750109,0.1201970601601191,-0.6224753178625174,-0.9274745739175644,-0.4408825936849929
20.0,294.0,1000.9117431640624,0.8244933528940794,0.1717593457825232,-2.3768181930330443,-0.0231454770857481,0.5188550651931706,-0.5720667732637419,0.1201970601601191,-0.622475272910274,-0.9274745739175644,-0.4408825936849929
20.0,294.0,1000.9117431640624,0.8244933528940794,0.1717593457825232,-2.3768181941150544,-0.0231454773992818,0.5188550651931219,-0.5720666777343916,0.1201970601601191,-0.6224752309708436,-0.9274745739175644,-0.4408825936926533
20.0,294.0,1000.9117431640624,0.8244933528940794,0.1717593457825232,-2.3768181931663954,-0.023145477403551,0.5188550648319772,-0.5720668802080859,0.1201970601601191,-0.6224752725247844,-0.9274745739175644,-0.4408825953165452
20.0,295.0,1000.8729248046876,0.8244933528940794,0.1717593457825232,-2.376818192948995,-0.0231454773726642,0.5188550651033925,-0.5720667732637419,0.1192047393411376,-0.6224752704848175,-0.9274745739175644,-0.4408825936849929
20.0,295.0,1000.8729248046876,0.8244933528940794,0.1717593457825232,-2.376818193043655,-0.0231454773726642,0.5188550651033925,-0.5720667732637419,0.1192047393411376,-0.6224752704848175,-0.9274745739175644,-0.4408825950034404
20.0,295.0,1000.8729248046876,0.8244933528940794,0.1717593457825232,-2.376818192948995,-0.0231454773726642,0.5188550651033925,-0.5720667732637419,0.1192047393411376,-0.6224752704848175,-0.9274745739175644,-0.4408825936849929
20.0,295.0,1000.8729248046876,0.8244933528940794,0.1717593457825232,-2.3768181930365144,-0.0231454770857481,0.5188550647774874,-0.5720672604750109,0.1192670842561435,-0.6224753168352001,-0.9274745739175644,-0.4408825953468033
20.0,295.0,1000.8729248046876,0.8244933528940794,0.1717593457825232,-2.376818192948995,-0.0231454773726642,0.5188550651917211,-0.5720667732637419,0.1192047393411376,-0.6224752704848175,-0.9274745739175644,-0.4408825936849929
20.0,295.0,1000.8729248046876,0.8244933528940794,0.1717593457825232,-2.376818193043655,-0.0231454773726771,0.5188550651929481,-0.5720667732637419,0.1192047393411376,-0.6224752704848175,-0.9274745739175644,-0.4408825950034404
20.0,295.0,1000.8729248046876,0.8244933528940794,0.1717593457825232,-2.376818192948995,-0.0231454773726642,0.5188550651033925,-0.5720667732637419,0.1192047393411376,-0.6224752704848175,-0.9274745739175644,-0.4408825936849929
20.0,295.0,1000.8729248046876,0.8244933528940794,0.1717593457825232,-2.3768181929524124,-0.0231454773726642,0.5188550651955725,-0.5720667732637419,0.1192047393411376,-0.6224752704848175,-0.9274745739175644,-0.4408825936849929
20.0,295.0,1000.8729248046876,0.8244933528940794,0.1717593457825232,-2.3768181930365144,-0.0231454770857481,0.5188550647919987,-0.5720672606704251,0.1192670842561435,-0.6224753168352001,-0.9274745739175644,-0.4408825953469732
20.0,295.0,1000.8729248046876,0.8244933528940794,0.1717593457825232,-2.3768181929592083,-0.0231454773726642,0.5188550651033925,-0.5720667732637419,0.1192047393411376,-0.6224753157348095,-0.9274745739175644,-0.4408825936849929
20.0,295.0,1000.8729248046876,0.8244933528940794,0.1717593457825232,-2.376818194126117,-0.0231454774640779,0.5188550651929481,-0.5720667732637419,0.1192047393411376,-0.6224752704848175,-0.9274745739175644,-0.4408825950502805
20.0,295.0,1000.8729248046876,0.8244933528940794,0.1717593457825232,-2.376818193043666,-0.0231454773726771,0.5188550651931173,-0.5720667732637419,0.1192047393411376,-0.6224752704848175,-0.9274745739175644,-0.4408825936850151
20.0,295.0,1000.8729248046876,0.8244933528940794,0.1717593457825232,-2.376818192948995,-0.0231454773729607,0.5188550651917211,-0.5720667732637419,0.1192047393411376,-0.6224752704848175,-0.9274745739175644,-0.4408825936849929
20.0,295.0,1000.873046875,0.8244933528940794,0.1717593457825232,-2.3768181932429857,-0.0231454774450445,0.51885506510294,-0.5720667732637419,0.1191696568966987,-0.6224753141944057,-0.9274745739175644,-0.440882595332304
20.0,295.0,1000.8731079101562,0.8244933528940794,0.1717593457825232,-2.3768181930330443,-0.0231454773729749,0.5188550651931219,-0.5720667732637419,0.1191645184615356,-0.6224753142774856,-0.9274745739175644,-0.4408825936849929
20.0,295.0,1000.8731079101562,0.8244933528940794,0.1717593457825232,-2.376818193034231,-0.0231454773729749,0.5188550651931219,-0.5720667732637419,0.1191645184615356,-0.6224752704848175,-0.9274745739175644,-0.4408825936849929
20.0,295.0,1000.8731079101562,0.8244933528940794,0.1717593457825232,-2.376818193034231,-0.0231454773729749,0.5188550651931219,-0.5720667732637419,0.1191645184615356,-0.6224752704848175,-0.9274745739175644,-0.4408825936849929
20.0,295.0,1000.8731079101562,0.8244933528940794,0.1717593457825232,-2.376818193174853,-0.0231454773739217,0.5188550651931219,-0.5720667732637419,0.1191645184615356,-0.6224753141944057,-0.9274745739175644,-0.4408825952257834
20.0,295.0,1000.8731079101562,0.8244933528940794,0.1717593457825232,-2.376818193034231,-0.0231454773729619,0.5188550651035663,-0.5720667732637419,0.1191645184615356,-0.6224752704848175,-0.9274745739175644,-0.4408825936849929
20.0,295.0,1000.8731689453124,0.8244933528940794,0.1717593457825232,-2.3768181930435883,-0.0231454773937092,0.5188550651002086,-0.5720668738079666,0.1191580145839365,-0.6224752716384496,-0.9274745739175644,-0.4408825953165495
20.0,295.0,1000.8734130859376,0.8244933528940794,0.1717593457825232,-2.3768181930330443,-0.0231454773896294,0.518855065148392,-0.5720667732637419,0.1191272031637059,-0.6224752733765531,-0.9274745739175644,-0.4408825936849929
20.0,295.0,1000.8734130859376,0.8244933528940794,0.1717593457825232,-2.3768181930330443,-0.0231454773896294,0.518855065148392,-0.5720667732637419,0.1191272031637059,-0.6224752733765531,-0.9274745739175644,-0.4408825936849929
20.0,295.0,1000.8734130859376,0.8244933528940794,0.1717593457825232,-2.3768181930330443,-0.0231454773896294,0.518855065148392,-0.5720667732637419,0.1191272031637059,-0.6224752733765531,-0.9274745739175644,-0.4408825936849929
20.0,295.0,1000.9114379882812,0.8244933528940794,0.1717593457825232,-2.3768181931941936,-0.0231454773931309,0.5188550651931219,-0.5720667698115178,0.1201932743977665,-0.622475275498621,-0.9274745739175644,-0.4408825937444647
20.0,295.0,1000.9114379882812,0.8244933528940794,0.1717593457825232,-2.3768181931941936,-0.0231454770817865,0.518855065113579,-0.5720667698115178,0.1201932743977665,-0.622475275498621,-0.9274745739175644,-0.4408825936864016
20.0,295.0,1000.9114379882812,0.8244933528940794,0.1717593457825232,-2.3768181930441084,-0.0231454773931309,0.5188550651931219,-0.5720667698115178,0.1201932743977665,-0.622475275498621,-0.9274745739175644,-0.4408825936831739
20.0,295.0,1000.9114379882812,0.8244933528940794,0.1717593457825232,-2.376818193040883,-0.0231454773931309,0.5188550656453654,-0.5720667698115178,0.1201932458971131,-0.622475275498621,-0.9274745739175644,-0.4408825937412786
20.0,295.0,1000.9114379882812,0.8244933528940794,0.1717593457825232,-2.3768181930441084,-0.0231454773935176,0.5188550651931221,-0.5720667698115178,0.1201933627123074,-0.622475275498621,-0.9274745739175644,-0.4408825936831739
20.0,295.0,1000.9114379882812,0.8244933528940794,0.1717593457825232,-2.3768181932453807,-0.0231454774510162,0.5188550651024609,-0.5720672704221966,0.12019333523321,-0.6224753150159666,-0.9274745739175644,-0.4408825953290695
20.0,295.0,1000.9114379882812,0.8244933528940794,0.1717593457825232,-2.376818193172524,-0.0231454770744384,0.518855065113579,-0.5720667698115178,0.1201932743977665,-0.622475275498621,-0.9274745739175644,-0.4408825936864016
20.0,295.0,1000.9114379882812,0.8244933528940794,0.1717593457825232,-2.376818193040883,-0.0231454773931309,0.5188550656453654,-0.5720667698115178,0.1201932458971131,-0.622475275498621,-0.9274745739175644,-0.4408825937412786
20.0,295.0,1000.9114379882812,0.8244933528940794,0.1717593457825232,-2.376818193175111,-0.0231454770744384,0.5188550651016699,-0.572066761519251,0.1201932743977665,-0.6224753126439194,-0.9274745739175644,-0.4408825936986986
20.0,295.0,1000.9114379882812,0.8244933528940794,0.1717593457825232,-2.376818193041121,-0.0231454773940016,0.5188550651002086,-0.5720668738079666,0.1201933334147451,-0.6224752716384496,-0.9274745739175644,-0.4408825953165495
20.0,295.0,1000.9114379882812,0.8244933528940794,0.1717593457825232,-2.3768181932453807,-0.0231454774510162,0.5188550651024609,-0.5720672704221966,0.1201932735850152,-0.6224753150159666,-0.9274745739175644,-0.4408825953290695
20.0,295.0,1000.9114379882812,0.8244933528940794,0.1717593457825232,-2.3768181931751,-0.0231454770744384,0.5188550651016699,-0.5720667687966093,0.1201932743977665,-0.6224753152267887,-0.9274745739175644,-0.4408825936986986
20.0,295.0,1000.9114379882812,0.8244933528940794,0.1717593457825232,-2.376818193040793,-0.0231454773931309,0.5188550656453654,-0.5720667698115178,0.1201932436920857,-0.622475275498621,-0.9274745739175644,-0.4408825937427248
20.0,295.0,1000.9114379882812,0.8244933528940794,0.1717593457825232,-2.376818193172524,-0.0231454770744384,0.518855065113579,-0.5720667698115178,0.1201932743977665,-0.622475275498621,-0.9274745739175644,-0.4408825936864016
20.0,295.0,1000.9114379882812,0.8244933528940794,0.1717593457825232,-2.3768181932453807,-0.0231454774510162,0.5188550651024609,-0.5720672704221966,0.12019333523321,-0.6224753150159666,-0.9274745739175644,-0.4408825953290695
20.0,295.0,1000.9116821289062,0.8244933528940794,0.1717593457825232,-2.3768181932431807,-0.0231454774461964,0.5188550651017344,-0.5720672704221966,0.1201970601601191,-0.6224753150159666,-0.9274745739175644,-0.4408825953290695
20.0,295.0,1000.9116821289062,0.8244933528940794,0.1717593457825232,-2.3768181932431807,-0.0231454774461964,0.5188550651017344,-0.5720672704221966,0.1201970601601191,-0.6224753150159666,-0.9274745739175644,-0.4408825953290695
20.0,295.0,1000.9116821289062,0.8244933528940794,0.1717593457825232,-2.3768181932431807,-0.0231454774461964,0.5188550651017344,-0.5720672704221966,0.1201970601601191,-0.6224753150159666,-0.9274745739175644,-0.4408825953290695
20.0,295.0,1000.9116821289062,0.8244933528940794,0.1717593457825232,-2.3768181932431807,-0.0231454774461964,0.5188550651017344,-0.5720672704221966,0.1201970601601191,-0.6224753150159666,-0.9274745739175644,-0.4408825953290695
20.0,295.0,1000.9116821289062,0.8244933528940794,0.1717593457825232,-2.3768181932431807,-0.0231454774461964,0.5188550651017344,-0.5720672704221966,0.1201970601601191,-0.6224753150159666,-0.9274745739175644,-0.4408825953290695
20.0,295.0,1000.9116821289062,0.8244933528940794,0.1717593457825232,-2.3768181932431807,-0.0231454774461964,0.5188550651017344,-0.5720672704221966,0.1201970601601191,-0.6224753150159666,-0.9274745739175644,-0.4408825953290695
20.0,295.0,1000.9116821289062,0.8244933528940794,0.1717593457825232,-2.3768181932431807,-0.0231454774461964,0.5188550651017344,-0.5720672704221966,0.1201970601601191,-0.6224753150159666,-0.9274745739175644,-0.4408825953290695
20.0,295.0,1000.9116821289062,0.8244933528940794,0.1717593457825232,-2.3768181932431807,-0.0231454774461964,0.5188550651017344,-0.5720672704221966,0.1201970601601191,-0.6224753150159666,-0.9274745739175644,-0.4408825953290695
20.0,295.0,1000.9116821289062,0.8244933528940794,0.1717593457825232,-2.3768181932431807,-0.0231454774461964,0.5188550651017344,-0.5720672704221966,0.1201970601601191,-0.6224753150159666,-0.9274745739175644,-0.4408825953290695
20.0,295.0,1000.9117431640624,0.8244933528940794,0.1717593457825232,-2.3768181930330443,-0.0231454770857481,0.5188550651931219,-0.5720667732637419,0.1201970601601191,-0.6224752733765531,-0.9274745739175644,-0.4408825936849929
20.0,295.0,1000.9117431640624,0.8244933528940794,0.1717593457825232,-2.3768181941150544,-0.0231454774644533,0.5188550651931219,-0.5720667732637419,0.1201970601601191,-0.6224752298904277,-0.9274745739175644,-0.4408825936849929
20.0,295.0,1000.9117431640624,0.8244933528940794,0.1717593457825232,-2.3768181930330443,-0.0231454770965356,0.5188550651931219,-0.5720667732637419,0.1201970601601191,-0.6224752733765531,-0.9274745739175644,-0.4408825936849929
20.0,296.0,1000.8729248046876,0.8244933528940794,0.1717593457825232,-2.376818192948995,-0.0231454773726642,0.5188550651033925,-0.5720667732637419,0.1192047393411376,-0.6224752704848175,-0.9274745739175644,-0.4408825936849929
20.0,296.0,1000.8729248046876,0.8244933528940794,0.1717593457825232,-2.376818193043655,-0.0231454773726642,0.5188550651033925,-0.5720667732637419,0.1192047393411376,-0.6224752704848175,-0.9274745739175644,-0.4408825950034404
20.0,296.0,1000.8729248046876,0.8244933528940794,0.1717593457825232,-2.376818192948995,-0.0231454773726642,0.5188550651033925,-0.5720667732637419,0.1192047393411376,-0.6224752704848175,-0.9274745739175644,-0.4408825936849929
20.0,296.0,1000.8729248046876,0.8244933528940794,0.1717593457825232,-2.3768181930365144,-0.0231454770857481,0.5188550647774874,-0.5720672604750109,0.1192670842561435,-0.6224753168352001,-0.9274745739175644,-0.4408825953468033
20.0,296.0,1000.8729248046876,0.8244933528940794,0.1717593457825232,-2.376818192948995,-0.0231454773726642,0.5188550651917211,-0.5720667732637419,0.1192047393411376,-0.6224752704848175,-0.9274745739175644,-0.4408825936849929
20.0,296.0,1000.8729248046876,0.8244933528940794,0.1717593457825232,-2.376818193043655,-0.0231454773726771,0.5188550651929481,-0.5720667732637419,0.1192047393411376,-0.6224752704848175,-0.9274745739175644,-0.4408825950034404
20.0,296.0,1000.8729248046876,0.8244933528940794,0.1717593457825232,-2.376818192948995,-0.0231454773726642,0.5188550651033925,-0.5720667732637419,0.1192047393411376,-0.6224752704848175,-0.9274745739175644,-0.4408825936849929
20.0,296.0,1000.8729248046876,0.8244933528940794,0.1717593457825232,-2.3768181929524124,-0.0231454773726642,0.5188550651955725,-0.5720667732637419,0.1192047393411376,-0.6224752704848175,-0.9274745739175644,-0.4408825936849929
20.0,296.0,1000.8729248046876,0.8244933528940794,0.1717593457825232,-2.3768181930365144,-0.0231454770857481,0.5188550647919987,-0.5720672606704251,0.1192670842561435,-0.6224753168352001,-0.9274745739175644,-0.4408825953469732
20.0,296.0,1000.8729248046876,0.8244933528940794,0.1717593457825232,-2.3768181929592083,-0.0231454773726642,0.5188550651033925,-0.5720667732637419,0.1192047393411376,-0.6224753157348095,-0.9274745739175644,-0.4408825936849929
20.0,296.0,1000.8729248046876,0.8244933528940794,0.1717593457825232,-2.376818194126117,-0.0231454774640779,0.5188550651929481,-0.5720667732637419,0.1192047393411376,-0.6224752704848175,-0.9274745739175644,-0.4408825950502805
20.0,296.0,1000.8729248046876,0.8244933528940794,0.1717593457825232,-2.376818193043666,-0.0231454773726771,0.5188550651931173,-0.5720667732637419,0.1192047393411376,-0.6224752704848175,-0.9274745739175644,-0.4408825936850151
20.0,296.0,1000.8729248046876,0.8244933528940794,0.1717593457825232,-2.376818192948995,-0.0231454773729607,0.5188550651917211,-0.5720667732637419,0.1192047393411376,-0.6224752704848175,-0.9274745739175644,-0.4408825936849929
20.0,296.0,1000.8729248046876,0.8244933528940794,0.1717593457825232,-2.376818193036045,-0.0231454773517517,0.518855065115391,-0.5720672506513904,0.1192030975376406,-0.6224753168352001,-0.9274745739175644,-0.440882595342785
20.0,296.0,1000.8729248046876,0.8244933528940794,0.1717593457825232,-2.376818192948995,-0.0231454773726642,0.5188550651033925,-0.5720667732637419,0.1192047393411376,-0.6224752704848175,-0.9274745739175644,-0.4408825950026056
20.0,296.0,1000.8729248046876,0.8244933528940794,0.1717593457825232,-2.376818193182688,-0.0231454770744384,0.5188550651030351,-0.5720667737574088,0.1192471994008033,-0.6224753152267887,-0.9274745739175644,-0.4408825936984442
20.0,296.0,1000.8729248046876,0.8244933528940794,0.1717593457825232,-2.376818193044124,-0.0231454771066605,0.5188550647654889,-0.5720667830873625,0.1192687260596405,-0.6224752704848175,-0.9274745739175644,-0.4408825950074587
20.0,296.0,1000.8729248046876,0.8244933528940794,0.1717593457825232,-2.376818193043655,-0.0231454773726642,0.5188550651033925,-0.5720667732637419,0.1192047393411376,-0.6224752704848175,-0.9274745739175644,-0.4408825936858277
20.0,296.0,1000.8729248046876,0.8244933528940794,0.1717593457825232,-2.376818192958937,-0.0231454773729619,0.5188550651033981,-0.5720667732637419,0.1192042646130565,-0.6224752704848175,-0.9274745739175644,-0.4408825936849929
20.0,296.0,1000.8729248046876,0.8244933528940794,0.1717593457825232,-2.3768181930349224,-0.0231454770622871,0.5188550647774874,-0.5720667705405578,0.1191996114557785,-0.6224752707695576,-0.9274745739175644,-0.4408825953261282
20.0,296.0,1000.8729858398438,0.8244933528940794,0.1717593457825232,-2.376818193034231,-0.0231454773729749,0.5188550651931219,-0.5720667732637419,0.1192056456805915,-0.6224752704848175,-0.9274745739175644,-0.4408825936849929
20.0,296.0,1000.873046875,0.8244933528940794,0.1717593457825232,-2.3768181932429857,-0.0231454774450445,0.51885506510294,-0.5720667732637419,0.1191696568966987,-0.6224753141944057,-0.9274745739175644,-0.440882595332304
20.0,296.0,1000.8731079101562,0.8244933528940794,0.1717593457825232,-2.3768181930330443,-0.0231454773729749,0.5188550651931219,-0.5720667732637419,0.1191645184615356,-0.6224753142774856,-0.9274745739175644,-0.4408825936849929
20.0,296.0,1000.8731079101562,0.8244933528940794,0.1717593457825232,-2.376818193034231,-0.0231454773729749,0.5188550651931219,-0.5720667732637419,0.1191645184615356,-0.6224752704848175,-0.9274745739175644,-0.4408825936849929
20.0,296.0,1000.8731079101562,0.8244933528940794,0.1717593457825232,-2.376818193034231,-0.0231454773729749,0.5188550651931219,-0.5720667732637419,0.1191645184615356,-0.6224752704848175,-0.9274745739175644,-0.4408825936849929
20.0,296.0,1000.8731079101562,0.8244933528940794,0.1717593457825232,-2.376818193174853,-0.0231454773739217,0.5188550651931219,-0.5720667732637419,0.1191645184615356,-0.6224753141944057,-0.9274745739175644,-0.4408825952257834
20.0,296.0,1000.8731079101562,0.8244933528940794,0.1717593457825232,-2.376818193034231,-0.0231454773729619,0.5188550651035663,-0.5720667732637419,0.1191645184615356,-0.6224752704848175,-0.9274745739175644,-0.4408825936849929
20.0,296.0,1000.8731079101562,0.8244933528940794,0.1717593457825232,-2.3768181932429857,-0.023145477447754,0.5188550651081714,-0.5720667732637419,0.1191696816109717,-0.6224753122003734,-0.9274745739175644,-0.4408825953240542
20.0,296.0,1000.8731079101562,0.8244933528940794,0.1717593457825232,-2.376818192948995,-0.0231454773726642,0.5188550651033925,-0.5720667732637419,0.1191712689005571,-0.6224752704848175,-0.9274745739175644,-0.4408825936849929
20.0,296.0,1000.8731079101562,0.8244933528940794,0.1717593457825232,-2.376818193174853,-0.0231454773739217,0.5188550651942113,-0.5720667732637419,0.1191642034300622,-0.6224753141944057,-0.9274745739175644,-0.4408825951633822
20.0,296.0,1000.8731079101562,0.8244933528940794,0.1717593457825232,-2.376818193024289,-0.0231454773726642,0.5188550651035606,-0.5720667732637419,0.1191649931896167,-0.6224752704848175,-0.9274745739175644,-0.4408825936849929
20.0,296.0,1000.8731079101562,0.8244933528940794,0.1717593457825232,-2.3768181930330443,-0.0231454773729519,0.5188550651931219,-0.5720667732637419,0.1191645184615356,-0.6224753142774856,-0.9274745739175644,-0.4408825936849929
20.0,296.0,1000.8731079101562,0.8244933528940794,0.1717593457825232,-2.376818193034231,-0.0231454773729619,0.5188550651035663,-0.5720667732637419,0.1191645184615356,-0.6224752704848175,-0.9274745739175644,-0.4408825936849929
20.0,296.0,1000.8731079101562,0.8244933528940794,0.1717593457825232,-2.3768181930365007,-0.0231454773729749,0.5188550647940074,-0.5720667732637419,0.1191645184615356,-0.6224752704848175,-0.9274745739175644,-0.4408825936849929
20.0,296.0,1000.8731689453124,0.8244933528940794,0.1717593457825232,-2.3768181930435883,-0.0231454773937092,0.5188550651002086,-0.5720668738079666,0.1191580145839365,-0.6224752716384496,-0.9274745739175644,-0.4408825953165495
20.0,296.0,1000.8734130859376,0.8244933528940794,0.1717593457825232,-2.3768181930330443,-0.0231454773896294,0.518855065148392,-0.5720667732637419,0.1191272031637059,-0.6224752733765531,-0.9274745739175644,-0.4408825936849929
20.0,296.0,1000.8734130859376,0.8244933528940794,0.1717593457825232,-2.3768181930330443,-0.0231454773896294,0.518855065148392,-0.5720667732637419,0.1191272031637059,-0.6224752733765531,-0.9274745739175644,-0.4408825936849929
20.0,296.0,1000.8734130859376,0.8244933528940794,0.1717593457825232,-2.3768181930330443,-0.0231454773896294,0.518855065148392,-0.5720667732637419,0.1191272031637059,-0.6224752733765531,-0.9274745739175644,-0.4408825936849929
20.0,296.0,1000.8734130859376,0.8244933528940794,0.1717593457825232,-2.3768181930330443,-0.0231454773896294,0.518855065148392,-0.5720667698083939,0.1191272031637059,-0.6224752733765531,-0.9274745739175644,-0.4408825936849929
20.0,296.0,1000.8734130859376,0.8244933528940794,0.1717593457825232,-2.3768181930330443,-0.0231454773896294,0.518855065148392,-0.5720667732637419,0.1191272031637059,-0.6224752733765531,-0.9274745739175644,-0.4408825936849929
20.0,296.0,1000.9080810546876,0.8244933528940794,0.1717593457825232,-2.3768181929414074,-0.0231454773726642,0.5188550651903557,-0.5720667683029426,0.1201508143381008,-0.6224752704848175,-0.9274745739175644,-0.4408825936852474
20.0,296.0,1000.9114379882812,0.8244933528940794,0.1717593457825232,-2.3768181931941936,-0.0231454773931309,0.5188550651931219,-0.5720667698115178,0.1201932743977665,-0.622475275498621,-0.9274745739175644,-0.4408825937444647
20.0,296.0,1000.9114379882812,0.8244933528940794,0.1717593457825232,-2.3768181931941936,-0.0231454770817865,0.518855065113579,-0.5720667698115178,0.1201932743977665,-0.622475275498621,-0.9274745739175644,-0.4408825936864016
20.0,296.0,1000.9114379882812,0.8244933528940794,0.1717593457825232,-2.3768181930441084,-0.0231454773931309,0.5188550651931219,-0.5720667698115178,0.1201932743977665,-0.622475275498621,-0.9274745739175644,-0.4408825936831739
20.0,296.0,1000.9114379882812,0.8244933528940794,0.1717593457825232,-2.376818193040883,-0.0231454773931309,0.5188550656453654,-0.5720667698115178,0.1201932458971131,-0.622475275498621,-0.9274745739175644,-0.4408825937412786
20.0,296.0,1000.9114379882812,0.8244933528940794,0.1717593457825232,-2.3768181930441084,-0.0231454773935176,0.5188550651931221,-0.5720667698115178,0.1201933627123074,-0.622475275498621,-0.9274745739175644,-0.4408825936831739
20.0,296.0,1000.9114379882812,0.8244933528940794,0.1717593457825232,-2.3768181932453807,-0.0231454774510162,0.5188550651024609,-0.5720672704221966,0.12019333523321,-0.6224753150159666,-0.9274745739175644,-0.4408825953290695
20.0,296.0,1000.9114379882812,0.8244933528940794,0.1717593457825232,-2.376818193172524,-0.0231454770744384,0.518855065113579,-0.5720667698115178,0.1201932743977665,-0.622475275498621,-0.9274745739175644,-0.4408825936864016
20.0,296.0,1000.9114379882812,0.8244933528940794,0.1717593457825232,-2.376818193040883,-0.0231454773931309,0.5188550656453654,-0.5720667698115178,0.1201932458971131,-0.622475275498621,-0.9274745739175644,-0.4408825937412786
20.0,296.0,1000.9114379882812,0.8244933528940794,0.1717593457825232,-2.376818193175111,-0.0231454770744384,0.5188550651016699,-0.572066761519251,0.1201932743977665,-0.6224753126439194,-0.9274745739175644,-0.4408825936986986
20.0,297.0,1000.8729248046876,0.8244933528940794,0.1717593457825232,-2.376818192948995,-0.0231454773726642,0.5188550651033925,-0.5720667732637419,0.1192047393411376,-0.6224752704848175,-0.9274745739175644,-0.4408825936849929
20.0,297.0,1000.8729248046876,0.8244933528940794,0.1717593457825232,-2.376818193043655,-0.0231454773726642,0.5188550651033925,-0.5720667732637419,0.1192047393411376,-0.6224752704848175,-0.9274745739175644,-0.4408825950034404
20.0,297.0,1000.8729248046876,0.8244933528940794,0.1717593457825232,-2.376818192948995,-0.0231454773726642,0.5188550651033925,-0.5720667732637419,0.1192047393411376,-0.6224752704848175,-0.9274745739175644,-0.4408825936849929
20.0,297.0,1000.8729248046876,0.8244933528940794,0.1717593457825232,-2.3768181930365144,-0.0231454770857481,0.5188550647774874,-0.5720672604750109,0.1192670842561435,-0.6224753168352001,-0.9274745739175644,-0.4408825953468033
20.0,297.0,1000.8729248046876,0.8244933528940794,0.1717593457825232,-2.376818192948995,-0.0231454773726642,0.5188550651917211,-0.5720667732637419,0.1192047393411376,-0.6224752704848175,-0.9274745739175644,-0.4408825936849929
20.0,297.0,1000.8729248046876,0.8244933528940794,0.1717593457825232,-2.376818193043655,-0.0231454773726771,0.5188550651929481,-0.5720667732637419,0.1192047393411376,-0.6224752704848175,-0.9274745739175644,-0.4408825950034404
20.0,297.0,1000.8729248046876,0.8244933528940794,0.1717593457825232,-2.376818192948995,-0.0231454773726642,0.5188550651033925,-0.5720667732637419,0.1192047393411376,-0.6224752704848175,-0.9274745739175644,-0.4408825936849929
20.0,297.0,1000.8729248046876,0.8244933528940794,0.1717593457825232,-2.3768181929524124,-0.0231454773726642,0.5188550651955725,-0.5720667732637419,0.1192047393411376,-0.6224752704848175,-0.9274745739175644,-0.4408825936849929
20.0,297.0,1000.8729248046876,0.8244933528940794,0.1717593457825232,-2.3768181930365144,-0.0231454770857481,0.5188550647919987,-0.5720672606704251,0.1192670842561435,-0.6224753168352001,-0.9274745739175644,-0.4408825953469732
20.0,297.0,1000.8729248046876,0.8244933528940794,0.1717593457825232,-2.3768181929592083,-0.0231454773726642,0.5188550651033925,-0.5720667732637419,0.1192047393411376,-0.6224753157348095,-0.9274745739175644,-0.4408825936849929
20.0,297.0,1000.8729248046876,0.8244933528940794,0.1717593457825232,-2.376818194126117,-0.0231454774640779,0.5188550651929481,-0.5720667732637419,0.1192047393411376,-0.6224752704848175,-0.9274745739175644,-0.4408825950502805
20.0,297.0,1000.8729248046876,0.8244933528940794,0.1717593457825232,-2.376818193043666,-0.0231454773726771,0.5188550651931173,-0.5720667732637419,0.1192047393411376,-0.6224752704848175,-0.9274745739175644,-0.4408825936850151
20.0,297.0,1000.8729248046876,0.8244933528940794,0.1717593457825232,-2.376818192948995,-0.0231454773729607,0.5188550651917211,-0.5720667732637419,0.1192047393411376,-0.6224752704848175,-0.9274745739175644,-0.4408825936849929
20.0,297.0,1000.8729248046876,0.8244933528940794,0.1717593457825232,-2.376818193036045,-0.0231454773517517,0.518855065115391,-0.5720672506513904,0.1192030975376406,-0.6224753168352001,-0.9274745739175644,-0.440882595342785
20.0,297.0,1000.8729248046876,0.8244933528940794,0.1717593457825232,-2.376818192948995,-0.0231454773726642,0.5188550651033925,-0.5720667732637419,0.1192047393411376,-0.6224752704848175,-0.9274745739175644,-0.4408825950026056
20.0,297.0,1000.8729248046876,0.8244933528940794,0.1717593457825232,-2.376818193182688,-0.0231454770744384,0.5188550651030351,-0.5720667737574088,0.1192471994008033,-0.6224753152267887,-0.9274745739175644,-0.4408825936984442
20.0,297.0,1000.8729248046876,0.8244933528940794,0.1717593457825232,-2.376818193044124,-0.0231454771066605,0.5188550647654889,-0.5720667830873625,0.1192687260596405,-0.6224752704848175,-0.9274745739175644,-0.4408825950074587
20.0,297.0,1000.8729248046876,0.8244933528940794,0.1717593457825232,-2.376818193043655,-0.0231454773726642,0.5188550651033925,-0.5720667732637419,0.1192047393411376,-0.6224752704848175,-0.9274745739175644,-0.4408825936858277
20.0,297.0,1000.8729248046876,0.8244933528940794,0.1717593457825232,-2.376818192958937,-0.0231454773729619,0.5188550651033981,-0.5720667732637419,0.1192042646130565,-0.6224752704848175,-0.9274745739175644,-0.4408825936849929
20.0,297.0,1000.8729248046876,0.8244933528940794,0.1717593457825232,-2.3768181930349224,-0.0231454770622871,0.5188550647774874,-0.5720667705405578,0.1191996114557785,-0.6224752707695576,-0.9274745739175644,-0.4408825953261282
20.0,297.0,1000.8729248046876,0.8244933528940794,0.1717593457825232,-2.376818193036045,-0.0231454773517517,0.518855065115391,-0.5720672506513904,0.1192030975376406,-0.6224753168352001,-0.9274745739175644,-0.440882595342785
20.0,297.0,1000.8729248046876,0.8244933528940794,0.1717593457825232,-2.376818192948995,-0.0231454773726642,0.5188550651033925,-0.5720667732637419,0.1192047393411376,-0.6224752704848175,-0.9274745739175644,-0.4408825936849929
20.0,297.0,1000.8729248046876,0.8244933528940794,0.1717593457825232,-2.3768181930389263,-0.0231454771066605,0.5188550647654889,-0.5720667843984066,0.1192687260596405,-0.6224752704848175,-0.9274745739175644,-0.4408825949575664
20.0,297.0,1000.8729248046876,0.8244933528940794,0.1717593457825232,-2.376818193034927,-0.0231454770622871,0.5188550647774874,-0.5720667706053525,0.1191996114557785,-0.6224752707695576,-0.9274745739175644,-0.4408825936460468
20.0,297.0,1000.8729248046876,0.8244933528940794,0.1717593457825232,-2.3768181929592083,-0.0231454773729436,0.5188550651033925,-0.5720667732637419,0.1192047393411376,-0.6224753168414587,-0.9274745739175644,-0.4408825936849929
20.0,297.0,1000.8729248046876,0.8244933528940794,0.1717593457825232,-2.376818193040883,-0.0231454773859133,0.5188550647686381,-0.5720667698115178,0.1192458783601564,-0.6224753151249487,-0.9274745739175644,-0.4408825954050414
20.0,297.0,1000.8729248046876,0.8244933528940794,0.1717593457825232,-2.3768181931804566,-0.023145477349094,0.5188550651022965,-0.5720667737574088,0.1192471994008033,-0.6224753152883018,-0.9274745739175644,-0.44088259379418
20.0,297.0,1000.8729248046876,0.8244933528940794,0.1717593457825232,-2.376818193043655,-0.0231454773726771,0.5188550651920848,-0.5720667732637419,0.1192047393411376,-0.6224752704848175,-0.9274745739175644,-0.4408825950034404
20.0,297.0,1000.8729248046876,0.8244933528940794,0.1717593457825232,-2.3768181929641345,-0.0231454773729619,0.5188550651033981,-0.5720667719526977,0.1192042646130565,-0.6224752704848175,-0.9274745739175644,-0.4408825937348851
20.0,297.0,1000.8729248046876,0.8244933528940794,0.1717593457825232,-2.3768181929456045,-0.0231454770771688,0.5188550650982926,-0.5720667558551968,0.1192647145254276,-0.6224752702079448,-0.9274745739175644,-0.4408825937154764
20.0,297.0,1000.8729248046876,0.8244933528940794,0.1717593457825232,-2.376818192948995,-0.0231454773729607,0.5188550651917211,-0.5720667732637419,0.1192047393411376,-0.6224752704848175,-0.9274745739175644,-0.4408825936690808
20.0,297.0,1000.8729248046876,0.8244933528940794,0.1717593457825232,-2.376818192948995,-0.0231454773726642,0.5188550651033925,-0.5720667732637419,0.1192047393411376,-0.6224752704848175,-0.9274745739175644,-0.4408825936849929
20.0,297.0,1000.8729858398438,0.8244933528940794,0.1717593457825232,-2.376818193034231,-0.0231454773729749,0.5188550651931219,-0.5720667732637419,0.1192056456805915,-0.6224752704848175,-0.9274745739175644,-0.4408825936849929
20.0,297.0,1000.873046875,0.8244933528940794,0.1717593457825232,-2.3768181932429857,-0.0231454774450445,0.51885506510294,-0.5720667732637419,0.1191696568966987,-0.6224753141944057,-0.9274745739175644,-0.440882595332304
20.0,297.0,1000.873046875,0.8244933528940794,0.1717593457825232,-2.376818193039905,-0.0231454773812435,0.5188550647970986,-0.5720672780789702,0.119173638631273,-0.6224753171120729,-0.9274745739175644,-0.4408825953164896
20.0,297.0,1000.873046875,0.8244933528940794,0.1717593457825232,-2.376818192948995,-0.0231454773726642,0.5188550651082066,-0.5720667732637419,0.1191705730614657,-0.6224753134482254,-0.9274745739175644,-0.4408825936044216
20.0,297.0,1000.8731079101562,0.8244933528940794,0.1717593457825232,-2.3768181930330443,-0.0231454773729749,0.5188550651931219,-0.5720667732637419,0.1191645184615356,-0.6224753142774856,-0.9274745739175644,-0.4408825936849929
20.0,297.0,1000.8731079101562,0.8244933528940794,0.1717593457825232,-2.376818193034231,-0.0231454773729749,0.5188550651931219,-0.5720667732637419,0.1191645184615356,-0.6224752704848175,-0.9274745739175644,-0.4408825936849929
20.0,297.0,1000.8731079101562,0.8244933528940794,0.1717593457825232,-2.376818193034231,-0.0231454773729749,0.5188550651931219,-0.5720667732637419,0.1191645184615356,-0.6224752704848175,-0.9274745739175644,-0.4408825936849929
20.0,297.0,1000.8731079101562,0.8244933528940794,0.1717593457825232,-2.376818193174853,-0.0231454773739217,0.5188550651931219,-0.5720667732637419,0.1191645184615356,-0.6224753141944057,-0.9274745739175644,-0.4408825952257834
20.0,297.0,1000.8731079101562,0.8244933528940794,0.1717593457825232,-2.376818193034231,-0.0231454773729619,0.5188550651035663,-0.5720667732637419,0.1191645184615356,-0.6224752704848175,-0.9274745739175644,-0.4408825936849929
20.0,297.0,1000.8731079101562,0.8244933528940794,0.1717593457825232,-2.3768181932429857,-0.023145477447754,0.5188550651081714,-0.5720667732637419,0.1191696816109717,-0.6224753122003734,-0.9274745739175644,-0.4408825953240542
20.0,297.0,1000.8731079101562,0.8244933528940794,0.1717593457825232,-2.376818192948995,-0.0231454773726642,0.5188550651033925,-0.5720667732637419,0.1191712689005571,-0.6224752704848175,-0.9274745739175644,-0.4408825936849929
20.0,297.0,1000.8731079101562,0.8244933528940794,0.1717593457825232,-2.376818193174853,-0.0231454773739217,0.5188550651942113,-0.5720667732637419,0.1191642034300622,-0.6224753141944057,-0.9274745739175644,-0.4408825951633822
20.0,297.0,1000.8731079101562,0.8244933528940794,0.1717593457825232,-2.376818193024289,-0.0231454773726642,0.5188550651035606,-0.5720667732637419,0.1191649931896167,-0.6224752704848175,-0.9274745739175644,-0.4408825936849929
20.0,297.0,1000.8731079101562,0.8244933528940794,0.1717593457825232,-2.3768181930330443,-0.0231454773729519,0.5188550651931219,-0.5720667732637419,0.1191645184615356,-0.6224753142774856,-0.9274745739175644,-0.4408825936849929
20.0,297.0,1000.8731079101562,0.8244933528940794,0.1717593457825232,-2.376818193034231,-0.0231454773729619,0.5188550651035663,-0.5720667732637419,0.1191645184615356,-0.6224752704848175,-0.9274745739175644,-0.4408825936849929
20.0,297.0,1000.8731079101562,0.8244933528940794,0.1717593457825232,-2.3768181930365007,-0.0231454773729749,0.5188550647940074,-0.5720667732637419,0.1191645184615356,-0.6224752704848175,-0.9274745739175644,-0.4408825936849929
20.0,297.0,1000.8731079101562,0.8244933528940794,0.1717593457825232,-2.3768181929511214,-0.0231454773726642,0.5188550651033925,-0.5720667732637419,0.1191711873025287,-0.6224752704848175,-0.9274745739175644,-0.4408825936849929
20.0,297.0,1000.8731079101562,0.8244933528940794,0.1717593457825232,-2.376818193024289,-0.0231454773726642,0.5188550651035606,-0.5720667732637419,0.1191649931896167,-0.6224752704848175,-0.9274745739175644,-0.4408825936849929
20.0,298.0,1000.8728637695312,0.8244933528940794,0.1717593457825232,-2.376818193040889,-0.0231454773859133,0.5188550647686381,-0.5720667732975533,0.1192423115324645,-0.6224752707782283,-0.9274745739175644,-0.4408825936925846
20.0,298.0,1000.8729248046876,0.8244933528940794,0.1717593457825232,-2.376818192948995,-0.0231454773726642,0.5188550651033925,-0.5720667732637419,0.1192047393411376,-0.6224752704848175,-0.9274745739175644,-0.4408825936849929
20.0,298.0,1000.8729248046876,0.8244933528940794,0.1717593457825232,-2.376818193043655,-0.0231454773726642,0.5188550651033925,-0.5720667732637419,0.1192047393411376,-0.6224752704848175,-0.9274745739175644,-0.4408825950034404
20.0,298.0,1000.8729248046876,0.8244933528940794,0.1717593457825232,-2.376818192948995,-0.0231454773726642,0.5188550651033925,-0.5720667732637419,0.1192047393411376,-0.6224752704848175,-0.9274745739175644,-0.4408825936849929
20.0,298.0,1000.8729248046876,0.8244933528940794,0.1717593457825232,-2.3768181930365144,-0.0231454770857481,0.5188550647774874,-0.5720672604750109,0.1192670842561435,-0.6224753168352001,-0.9274745739175644,-0.4408825953468033
20.0,298.0,1000.8729248046876,0.8244933528940794,0.1717593457825232,-2.376818192948995,-0.0231454773726642,0.5188550651917211,-0.5720667732637419,0.1192047393411376,-0.6224752704848175,-0.9274745739175644,-0.4408825936849929
20.0,298.0,1000.8729248046876,0.8244933528940794,0.1717593457825232,-2.376818193043655,-0.0231454773726771,0.5188550651929481,-0.5720667732637419,0.1192047393411376,-0.6224752704848175,-0.9274745739175644,-0.4408825950034404
20.0,298.0,1000.8729248046876,0.8244933528940794,0.1717593457825232,-2.376818192948995,-0.0231454773726642,0.5188550651033925,-0.5720667732637419,0.1192047393411376,-0.6224752704848175,-0.9274745739175644,-0.4408825936849929
20.0,298.0,1000.8729248046876,0.8244933528940794,0.1717593457825232,-2.3768181929524124,-0.0231454773726642,0.5188550651955725,-0.5720667732637419,0.1192047393411376,-0.6224752704848175,-0.9274745739175644,-0.4408825936849929
20.0,298.0,1000.8729248046876,0.8244933528940794,0.1717593457825232,-2.3768181930365144,-0.0231454770857481,0.5188550647919987,-0.5720672606704251,0.1192670842561435,-0.6224753168352001,-0.9274745739175644,-0.4408825953469732
20.0,298.0,1000.8729248046876,0.8244933528940794,0.1717593457825232,-2.3768181929592083,-0.0231454773726642,0.5188550651033925,-0.5720667732637419,0.1192047393411376,-0.6224753157348095,-0.9274745739175644,-0.4408825936849929
20.0,298.0,1000.8729248046876,0.8244933528940794,0.1717593457825232,-2.376818194126117,-0.0231454774640779,0.5188550651929481,-0.5720667732637419,0.1192047393411376,-0.6224752704848175,-0.9274745739175644,-0.4408825950502805
20.0,298.0,1000.8729248046876,0.8244933528940794,0.1717593457825232,-2.376818193043666,-0.0231454773726771,0.5188550651931173,-0.5720667732637419,0.1192047393411376,-0.6224752704848175,-0.9274745739175644,-0.4408825936850151
20.0,298.0,1000.8729248046876,0.8244933528940794,0.1717593457825232,-2.376818192948995,-0.0231454773729607,0.5188550651917211,-0.5720667732637419,0.1192047393411376,-0.6224752704848175,-0.9274745739175644,-0.4408825936849929
20.0,298.0,1000.8729248046876,0.8244933528940794,0.1717593457825232,-2.376818193036045,-0.0231454773517517,0.518855065115391,-0.5720672506513904,0.1192030975376406,-0.6224753168352001,-0.9274745739175644,-0.440882595342785
20.0,298.0,1000.8729248046876,0.8244933528940794,0.1717593457825232,-2.376818192948995,-0.0231454773726642,0.5188550651033925,-0.5720667732637419,0.1192047393411376,-0.6224752704848175,-0.9274745739175644,-0.4408825950026056
20.0,298.0,1000.8729248046876,0.8244933528940794,0.1717593457825232,-2.376818193182688,-0.0231454770744384,0.5188550651030351,-0.5720667737574088,0.1192471994008033,-0.6224753152267887,-0.9274745739175644,-0.4408825936984442
20.0,298.0,1000.8729248046876,0.8244933528940794,0.1717593457825232,-2.376818193044124,-0.0231454771066605,0.5188550647654889,-0.5720667830873625,0.1192687260596405,-0.6224752704848175,-0.9274745739175644,-0.4408825950074587
20.0,298.0,1000.8729248046876,0.8244933528940794,0.1717593457825232,-2.376818193043655,-0.0231454773726642,0.5188550651033925,-0.5720667732637419,0.1192047393411376,-0.6224752704848175,-0.9274745739175644,-0.4408825936858277
20.0,298.0,1000.8729248046876,0.8244933528940794,0.1717593457825232,-2.376818192958937,-0.0231454773729619,0.5188550651033981,-0.5720667732637419,0.1192042646130565,-0.6224752704848175,-0.9274745739175644,-0.4408825936849929
20.0,298.0,1000.8729248046876,0.8244933528940794,0.1717593457825232,-2.3768181930349224,-0.0231454770622871,0.5188550647774874,-0.5720667705405578,0.1191996114557785,-0.6224752707695576,-0.9274745739175644,-0.4408825953261282
20.0,298.0,1000.8729248046876,0.8244933528940794,0.1717593457825232,-2.376818193036045,-0.0231454773517517,0.518855065115391,-0.5720672506513904,0.1192030975376406,-0.6224753168352001,-0.9274745739175644,-0.440882595342785
20.0,298.0,1000.8729248046876,0.8244933528940794,0.1717593457825232,-2.376818192948995,-0.0231454773726642,0.5188550651033925,-0.5720667732637419,0.1192047393411376,-0.6224752704848175,-0.9274745739175644,-0.4408825936849929
20.0,298.0,1000.8729248046876,0.8244933528940794,0.1717593457825232,-2.3768181930389263,-0.0231454771066605,0.5188550647654889,-0.5720667843984066,0.1192687260596405,-0.6224752704848175,-0.9274745739175644,-0.4408825949575664
20.0,298.0,1000.8729248046876,0.8244933528940794,0.1717593457825232,-2.376818193034927,-0.0231454770622871,0.5188550647774874,-0.5720667706053525,0.1191996114557785,-0.6224752707695576,-0.9274745739175644,-0.4408825936460468
20.0,298.0,1000.8729248046876,0.8244933528940794,0.1717593457825232,-2.3768181929592083,-0.0231454773729436,0.5188550651033925,-0.5720667732637419,0.1192047393411376,-0.6224753168414587,-0.9274745739175644,-0.4408825936849929
20.0,298.0,1000.8729248046876,0.8244933528940794,0.1717593457825232,-2.376818193040883,-0.0231454773859133,0.5188550647686381,-0.5720667698115178,0.1192458783601564,-0.6224753151249487,-0.9274745739175644,-0.4408825954050414
20.0,298.0,1000.8729248046876,0.8244933528940794,0.1717593457825232,-2.3768181931804566,-0.023145477349094,0.5188550651022965,-0.5720667737574088,0.1192471994008033,-0.6224753152883018,-0.9274745739175644,-0.44088259379418
20.0,298.0,1000.8729248046876,0.8244933528940794,0.1717593457825232,-2.376818193043655,-0.0231454773726771,0.5188550651920848,-0.5720667732637419,0.1192047393411376,-0.6224752704848175,-0.9274745739175644,-0.4408825950034404
20.0,298.0,1000.8729248046876,0.8244933528940794,0.1717593457825232,-2.3768181929641345,-0.0231454773729619,0.5188550651033981,-0.5720667719526977,0.1192042646130565,-0.6224752704848175,-0.9274745739175644,-0.4408825937348851
20.0,298.0,1000.8729248046876,0.8244933528940794,0.1717593457825232,-2.3768181929456045,-0.0231454770771688,0.5188550650982926,-0.5720667558551968,0.1192647145254276,-0.6224752702079448,-0.9274745739175644,-0.4408825937154764
20.0,298.0,1000.8729248046876,0.8244933528940794,0.1717593457825232,-2.376818192948995,-0.0231454773729607,0.5188550651917211,-0.5720667732637419,0.1192047393411376,-0.6224752704848175,-0.9274745739175644,-0.4408825936690808
20.0,298.0,1000.8729248046876,0.8244933528940794,0.1717593457825232,-2.376818192948995,-0.0231454773726642,0.5188550651033925,-0.5720667732637419,0.1192047393411376,-0.6224752704848175,-0.9274745739175644,-0.4408825936849929
20.0,298.0,1000.8729248046876,0.8244933528940794,0.1717593457825232,-2.376818193043655,-0.0231454773726642,0.5188550651033925,-0.5720667732637419,0.1192047393411376,-0.6224752704848175,-0.9274745739175644,-0.4408825950034404
20.0,298.0,1000.8729248046876,0.8244933528940794,0.1717593457825232,-2.376818193044124,-0.0231454771066605,0.5188550647654889,-0.5720667830873625,0.1192687260596405,-0.6224752704848175,-0.9274745739175644,-0.4408825950074587
20.0,298.0,1000.8729248046876,0.8244933528940794,0.1717593457825232,-2.376818193036045,-0.0231454773517517,0.518855065115391,-0.5720672506513904,0.1192046415371201,-0.6224753168352001,-0.9274745739175644,-0.440882595342785
20.0,298.0,1000.8729248046876,0.8244933528940794,0.1717593457825232,-2.376818193019451,-0.0231454770744384,0.5188550651030351,-0.5720667737574088,0.1192471994008033,-0.6224753146980091,-0.9274745739175644,-0.4408825936840528
20.0,298.0,1000.8729248046876,0.8244933528940794,0.1717593457825232,-2.376818193032112,-0.0231454771046687,0.5188550651033981,-0.5720667719526977,0.1192042646130565,-0.6224752704848175,-0.9274745739175644,-0.4408825937348851
20.0,298.0,1000.8729248046876,0.8244933528940794,0.1717593457825232,-2.37681819303166,-0.023145477349094,0.518855065093634,-0.5720667705297441,0.1192456658521297,-0.6224753152883018,-0.9274745739175644,-0.44088259379418
20.0,298.0,1000.8729248046876,0.8244933528940794,0.1717593457825232,-2.3768181929594814,-0.0231454773729435,0.518855065188088,-0.5720667732637419,0.1192047393411376,-0.6224752704848175,-0.9274745739175644,-0.4408825936849929
20.0,298.0,1000.8729248046876,0.8244933528940794,0.1717593457825232,-2.3768181929512915,-0.0231454773514387,0.5188550651033925,-0.5720667732637419,0.1192047522515938,-0.6224752704848175,-0.9274745739175644,-0.4408825950074251
20.0,298.0,1000.8729248046876,0.8244933528940794,0.1717593457825232,-2.3768181929592083,-0.0231454773726642,0.5188550651033925,-0.5720667732637419,0.1192047393411376,-0.6224753157348095,-0.9274745739175644,-0.4408825936849929
20.0,298.0,1000.8729248046876,0.8244933528940794,0.1717593457825232,-2.3768181929524124,-0.0231454773726642,0.5188550651955725,-0.5720667732637419,0.1192047393411376,-0.6224752704848175,-0.9274745739175644,-0.4408825936849929
20.0,298.0,1000.8729248046876,0.8244933528940794,0.1717593457825232,-2.376818192942935,-0.0231454770771688,0.5188550650982926,-0.5720667842602841,0.1192647145254276,-0.6224752702079448,-0.9274745739175644,-0.4408825937524037
20.0,298.0,1000.8729248046876,0.8244933528940794,0.1717593457825232,-2.376818193034941,-0.0231454770622871,0.5188550647770527,-0.5720667705665347,0.1192668749837094,-0.6224752704808392,-0.9274745739175644,-0.4408825936851924
20.0,298.0,1000.8729248046876,0.8244933528940794,0.1717593457825232,-2.3768181929671,-0.0231454773729619,0.5188550651033981,-0.5720667719526977,0.1192042646130565,-0.6224752704848175,-0.9274745739175644,-0.4408825936956773
20.0,298.0,1000.8729248046876,0.8244933528940794,0.1717593457825232,-2.376818192943188,-0.023145477062269,0.5188550647774874,-0.5720667706053525,0.1192671207391297,-0.6224752702817097,-0.9274745739175644,-0.4408825936467331
20.0,298.0,1000.8729248046876,0.8244933528940794,0.1717593457825232,-2.376818193043655,-0.0231454773726641,0.5188550651026186,-0.5720667732637419,0.1192047393411376,-0.6224752704848175,-0.9274745739175644,-0.4408825950034404
20.0,298.0,1000.8729248046876,0.8244933528940794,0.1717593457825232,-2.3768181929592083,-0.0231454773726654,0.5188550651033925,-0.5720667732637419,0.1192047393411376,-0.6224752706149989,-0.9274745739175644,-0.4408825936849929
20.0,298.0,1000.8729248046876,0.8244933528940794,0.1717593457825232,-2.376818192948995,-0.0231454773726642,0.5188550651033925,-0.5720667732637419,0.1192047393411376,-0.6224752704848175,-0.9274745739175644,-0.4408825936849929
20.0,299.0,1000.8728637695312,0.8244933528940794,0.1717593457825232,-2.376818193040889,-0.0231454773859133,0.5188550647686381,-0.5720667732975533,0.1192423115324645,-0.6224752707782283,-0.9274745739175644,-0.4408825936925846
20.0,299.0,1000.8729248046876,0.8244933528940794,0.1717593457825232,-2.376818192948995,-0.0231454773726642,0.5188550651033925,-0.5720667732637419,0.1192047393411376,-0.6224752704848175,-0.9274745739175644,-0.4408825936849929
20.0,299.0,1000.8729248046876,0.8244933528940794,0.1717593457825232,-2.376818193043655,-0.0231454773726642,0.5188550651033925,-0.5720667732637419,0.1192047393411376,-0.6224752704848175,-0.9274745739175644,-0.4408825950034404
20.0,299.0,1000.8729248046876,0.8244933528940794,0.1717593457825232,-2.376818192948995,-0.0231454773726642,0.5188550651033925,-0.5720667732637419,0.1192047393411376,-0.6224752704848175,-0.9274745739175644,-0.4408825936849929
20.0,299.0,1000.8729248046876,0.8244933528940794,0.1717593457825232,-2.3768181930365144,-0.0231454770857481,0.5188550647774874,-0.5720672604750109,0.1192670842561435,-0.6224753168352001,-0.9274745739175644,-0.4408825953468033
20.0,299.0,1000.8729248046876,0.8244933528940794,0.1717593457825232,-2.376818192948995,-0.0231454773726642,0.5188550651917211,-0.5720667732637419,0.1192047393411376,-0.6224752704848175,-0.9274745739175644,-0.4408825936849929
20.0,299.0,1000.8729248046876,0.8244933528940794,0.1717593457825232,-2.376818193043655,-0.0231454773726771,0.5188550651929481,-0.5720667732637419,0.1192047393411376,-0.6224752704848175,-0.9274745739175644,-0.4408825950034404
20.0,299.0,1000.8729248046876,0.8244933528940794,0.1717593457825232,-2.376818192948995,-0.0231454773726642,0.5188550651033925,-0.5720667732637419,0.1192047393411376,-0.6224752704848175,-0.9274745739175644,-0.4408825936849929
20.0,299.0,1000.8729248046876,0.8244933528940794,0.1717593457825232,-2.3768181929524124,-0.0231454773726642,0.5188550651955725,-0.5720667732637419,0.1192047393411376,-0.6224752704848175,-0.9274745739175644,-0.4408825936849929
20.0,299.0,1000.8729248046876,0.8244933528940794,0.1717593457825232,-2.3768181930365144,-0.0231454770857481,0.5188550647919987,-0.5720672606704251,0.1192670842561435,-0.6224753168352001,-0.9274745739175644,-0.4408825953469732
20.0,299.0,1000.8729248046876,0.8244933528940794,0.1717593457825232,-2.3768181929592083,-0.0231454773726642,0.5188550651033925,-0.5720667732637419,0.1192047393411376,-0.6224753157348095,-0.9274745739175644,-0.4408825936849929
20.0,299.0,1000.8729248046876,0.8244933528940794,0.1717593457825232,-2.376818194126117,-0.0231454774640779,0.5188550651929481,-0.5720667732637419,0.1192047393411376,-0.6224752704848175,-0.9274745739175644,-0.4408825950502805
20.0,299.0,1000.8729248046876,0.8244933528940794,0.1717593457825232,-2.376818193043666,-0.0231454773726771,0.5188550651931173,-0.5720667732637419,0.1192047393411376,-0.6224752704848175,-0.9274745739175644,-0.4408825936850151
20.0,299.0,1000.8729248046876,0.8244933528940794,0.1717593457825232,-2.376818192948995,-0.0231454773729607,0.5188550651917211,-0.5720667732637419,0.1192047393411376,-0.6224752704848175,-0.9274745739175644,-0.4408825936849929
20.0,299.0,1000.8729248046876,0.8244933528940794,0.1717593457825232,-2.376818193036045,-0.0231454773517517,0.518855065115391,-0.5720672506513904,0.1192030975376406,-0.6224753168352001,-0.9274745739175644,-0.440882595342785
20.0,299.0,1000.8729248046876,0.8244933528940794,0.1717593457825232,-2.376818192948995,-0.0231454773726642,0.5188550651033925,-0.5720667732637419,0.1192047393411376,-0.6224752704848175,-0.9274745739175644,-0.4408825950026056
20.0,299.0,1000.8729248046876,0.8244933528940794,0.1717593457825232,-2.376818193182688,-0.0231454770744384,0.5188550651030351,-0.5720667737574088,0.1192471994008033,-0.6224753152267887,-0.9274745739175644,-0.4408825936984442
20.0,299.0,1000.8729248046876,0.8244933528940794,0.1717593457825232,-2.376818193044124,-0.0231454771066605,0.5188550647654889,-0.5720667830873625,0.1192687260596405,-0.6224752704848175,-0.9274745739175644,-0.4408825950074587
20.0,299.0,1000.8729248046876,0.8244933528940794,0.1717593457825232,-2.376818193043655,-0.0231454773726642,0.5188550651033925,-0.5720667732637419,0.1192047393411376,-0.6224752704848175,-0.9274745739175644,-0.4408825936858277
20.0,299.0,1000.8729248046876,0.8244933528940794,0.1717593457825232,-2.376818192958937,-0.0231454773729619,0.5188550651033981,-0.5720667732637419,0.1192042646130565,-0.6224752704848175,-0.9274745739175644,-0.4408825936849929
20.0,299.0,1000.8729248046876,0.8244933528940794,0.1717593457825232,-2.3768181930349224,-0.0231454770622871,0.5188550647774874,-0.5720667705405578,0.1191996114557785,-0.6224752707695576,-0.9274745739175644,-0.4408825953261282
20.0,299.0,1000.8729248046876,0.8244933528940794,0.1717593457825232,-2.376818193036045,-0.0231454773517517,0.518855065115391,-0.5720672506513904,0.1192030975376406,-0.6224753168352001,-0.9274745739175644,-0.440882595342785
20.0,299.0,1000.8729248046876,0.8244933528940794,0.1717593457825232,-2.376818192948995,-0.0231454773726642,0.5188550651033925,-0.5720667732637419,0.1192047393411376,-0.6224752704848175,-0.9274745739175644,-0.4408825936849929
20.0,299.0,1000.8729248046876,0.8244933528940794,0.1717593457825232,-2.3768181930389263,-0.0231454771066605,0.5188550647654889,-0.5720667843984066,0.1192687260596405,-0.6224752704848175,-0.9274745739175644,-0.4408825949575664
20.0,299.0,1000.8729248046876,0.8244933528940794,0.1717593457825232,-2.376818193034927,-0.0231454770622871,0.5188550647774874,-0.5720667706053525,0.1191996114557785,-0.6224752707695576,-0.9274745739175644,-0.4408825936460468
20.0,299.0,1000.8729248046876,0.8244933528940794,0.1717593457825232,-2.3768181929592083,-0.0231454773729436,0.5188550651033925,-0.5720667732637419,0.1192047393411376,-0.6224753168414587,-0.9274745739175644,-0.4408825936849929
20.0,299.0,1000.8729248046876,0.8244933528940794,0.1717593457825232,-2.376818193040883,-0.0231454773859133,0.5188550647686381,-0.5720667698115178,0.1192458783601564,-0.6224753151249487,-0.9274745739175644,-0.4408825954050414
20.0,299.0,1000.8729248046876,0.8244933528940794,0.1717593457825232,-2.3768181931804566,-0.023145477349094,0.5188550651022965,-0.5720667737574088,0.1192471994008033,-0.6224753152883018,-0.9274745739175644,-0.44088259379418
20.0,299.0,1000.8729248046876,0.8244933528940794,0.1717593457825232,-2.376818193043655,-0.0231454773726771,0.5188550651920848,-0.5720667732637419,0.1192047393411376,-0.6224752704848175,-0.9274745739175644,-0.4408825950034404
20.0,299.0,1000.8729248046876,0.8244933528940794,0.1717593457825232,-2.3768181929641345,-0.0231454773729619,0.5188550651033981,-0.5720667719526977,0.1192042646130565,-0.6224752704848175,-0.9274745739175644,-0.4408825937348851
20.0,299.0,1000.8729248046876,0.8244933528940794,0.1717593457825232,-2.3768181929456045,-0.0231454770771688,0.5188550650982926,-0.5720667558551968,0.1192647145254276,-0.6224752702079448,-0.9274745739175644,-0.4408825937154764
20.0,299.0,1000.8729248046876,0.8244933528940794,0.1717593457825232,-2.376818192948995,-0.0231454773729607,0.5188550651917211,-0.5720667732637419,0.1192047393411376,-0.6224752704848175,-0.9274745739175644,-0.4408825936690808
20.0,299.0,1000.8729248046876,0.8244933528940794,0.1717593457825232,-2.376818192948995,-0.0231454773726642,0.5188550651033925,-0.5720667732637419,0.1192047393411376,-0.6224752704848175,-0.9274745739175644,-0.4408825936849929
20.0,299.0,1000.8729248046876,0.8244933528940794,0.1717593457825232,-2.376818193043655,-0.0231454773726642,0.5188550651033925,-0.5720667732637419,0.1192047393411376,-0.6224752704848175,-0.9274745739175644,-0.4408825950034404
20.0,299.0,1000.8729248046876,0.8244933528940794,0.1717593457825232,-2.376818193044124,-0.0231454771066605,0.5188550647654889,-0.5720667830873625,0.1192687260596405,-0.6224752704848175,-0.9274745739175644,-0.4408825950074587
20.0,299.0,1000.8729248046876,0.8244933528940794,0.1717593457825232,-2.376818193036045,-0.0231454773517517,0.518855065115391,-0.5720672506513904,0.1192046415371201,-0.6224753168352001,-0.9274745739175644,-0.440882595342785
20.0,299.0,1000.8729248046876,0.8244933528940794,0.1717593457825232,-2.376818193019451,-0.0231454770744384,0.5188550651030351,-0.5720667737574088,0.1192471994008033,-0.6224753146980091,-0.9274745739175644,-0.4408825936840528
20.0,299.0,1000.8729248046876,0.8244933528940794,0.1717593457825232,-2.376818193032112,-0.0231454771046687,0.5188550651033981,-0.5720667719526977,0.1192042646130565,-0.6224752704848175,-0.9274745739175644,-0.4408825937348851
20.0,299.0,1000.8729248046876,0.8244933528940794,0.1717593457825232,-2.37681819303166,-0.023145477349094,0.518855065093634,-0.5720667705297441,0.1192456658521297,-0.6224753152883018,-0.9274745739175644,-0.44088259379418
20.0,299.0,1000.8729248046876,0.8244933528940794,0.1717593457825232,-2.3768181929594814,-0.0231454773729435,0.518855065188088,-0.5720667732637419,0.1192047393411376,-0.6224752704848175,-0.9274745739175644,-0.4408825936849929
20.0,299.0,1000.8729248046876,0.8244933528940794,0.1717593457825232,-2.3768181929512915,-0.0231454773514387,0.5188550651033925,-0.5720667732637419,0.1192047522515938,-0.6224752704848175,-0.9274745739175644,-0.4408825950074251
20.0,299.0,1000.8729248046876,0.8244933528940794,0.1717593457825232,-2.3768181929592083,-0.0231454773726642,0.5188550651033925,-0.5720667732637419,0.1192047393411376,-0.6224753157348095,-0.9274745739175644,-0.4408825936849929
20.0,299.0,1000.8729248046876,0.8244933528940794,0.1717593457825232,-2.3768181929524124,-0.0231454773726642,0.5188550651955725,-0.5720667732637419,0.1192047393411376,-0.6224752704848175,-0.9274745739175644,-0.4408825936849929
20.0,299.0,1000.8729248046876,0.8244933528940794,0.1717593457825232,-2.376818192942935,-0.0231454770771688,0.5188550650982926,-0.5720667842602841,0.1192647145254276,-0.6224752702079448,-0.9274745739175644,-0.4408825937524037
20.0,299.0,1000.8729248046876,0.8244933528940794,0.1717593457825232,-2.376818193034941,-0.0231454770622871,0.5188550647770527,-0.5720667705665347,0.1192668749837094,-0.6224752704808392,-0.9274745739175644,-0.4408825936851924
20.0,299.0,1000.8729248046876,0.8244933528940794,0.1717593457825232,-2.3768181929671,-0.0231454773729619,0.5188550651033981,-0.5720667719526977,0.1192042646130565,-0.6224752704848175,-0.9274745739175644,-0.4408825936956773
20.0,299.0,1000.8729248046876,0.8244933528940794,0.1717593457825232,-2.376818192943188,-0.023145477062269,0.5188550647774874,-0.5720667706053525,0.1192671207391297,-0.6224752702817097,-0.9274745739175644,-0.4408825936467331
20.0,299.0,1000.8729248046876,0.8244933528940794,0.1717593457825232,-2.376818193043655,-0.0231454773726641,0.5188550651026186,-0.5720667732637419,0.1192047393411376,-0.6224752704848175,-0.9274745739175644,-0.4408825950034404
20.0,299.0,1000.8729248046876,0.8244933528940794,0.1717593457825232,-2.3768181929592083,-0.0231454773726654,0.5188550651033925,-0.5720667732637419,0.1192047393411376,-0.6224752706149989,-0.9274745739175644,-0.4408825936849929
20.0,299.0,1000.8729248046876,0.8244933528940794,0.1717593457825232,-2.376818192948995,-0.0231454773726642,0.5188550651033925,-0.5720667732637419,0.1192047393411376,-0.6224752704848175,-0.9274745739175644,-0.4408825936849929
